y_true,y_prob
0,0.7401047
0,0.760418
0,0.925968
0,0.7746068
0,0.6653447
0,0.61017525
0,0.5052189
0,0.7446561
0,0.7664249
0,0.5606555
0,0.62069404
0,0.5910417
0,0.8385669
0,0.6527945
0,0.45799854
0,0.6630037
0,0.91453665
0,0.70862305
0,0.93419486
0,0.7778108
0,0.7334702
0,0.6237221
0,0.499395
0,0.7093546
0,0.567914
0,0.688372
0,0.68446356
0,0.88971734
0,0.7529105
0,0.67709434
0,0.84837836
0,0.8370544
0,0.8268091
0,0.78936684
0,0.73201716
0,0.65928894
0,0.5609372
0,0.44982308
0,0.72474384
0,0.76150566
0,0.7655537
0,0.7345873
0,0.74217117
0,0.58665454
0,0.52758515
0,0.7412994
0,0.46929672
0,0.63471925
0,0.6540859
0,0.4346381
0,0.3495479
0,0.36557
0,0.31159446
0,0.2623146
0,0.5035402
0,0.3445523
0,0.4886854
0,0.50811577
0,0.4792972
0,0.41559216
0,0.28420895
0,0.2371242
0,0.48671535
0,0.5895107
0,0.61630064
0,0.44322124
0,0.48330116
0,0.4174111
0,0.3321919
0,0.59789556
0,0.41616008
0,0.5881456
0,0.6127532
0,0.42246744
0,0.43965068
0,0.38067663
0,0.31209248
0,0.5763891
0,0.67857575
0,0.6888337
0,0.6646843
0,0.4647076
0,0.49070442
0,0.41066673
0,0.7014656
0,0.76727366
0,0.7820472
0,0.76653975
0,0.7328143
0,0.6776658
0,0.5966612
0,0.49628374
0,0.38323694
0,0.6276492
0,0.6957536
0,0.90673226
0,0.6671281
0,0.69057447
0,0.61749756
0,0.51285875
0,0.40088692
0,0.32099012
0,0.55652773
0,0.6034806
0,0.6091507
0,0.57849336
0,0.41224462
0,0.37585127
0,0.29372644
0,0.573403
0,0.6751611
0,0.46179208
0,0.5693799
0,0.53655195
0,0.46299735
0,0.373094
0,0.28698212
0,0.54828167
0,0.63303983
0,0.6640166
0,0.65593666
0,0.61534387
0,0.83236223
0,0.8739469
0,0.86708903
0,0.64681363
0,0.7649757
0,0.75036454
0,0.5253603
0,0.85697687
0,0.6014406
0,0.52547526
0,0.40554428
0,0.64796054
0,0.70357513
0,0.7052052
0,0.65740585
0,0.49915445
0,0.38617948
0,0.2930737
0,0.58815485
0,0.68341815
0,0.5254222
0,0.60722303
0,0.59241784
0,0.53077227
0,0.44895598
0,0.3473121
0,0.27565548
0,0.5337782
0,0.6537784
0,0.6477461
0,0.42746603
0,0.33458817
0,0.35691968
0,0.28856555
0,0.22750819
0,0.30779293
0,0.43569258
0,0.28960723
0,0.36247656
0,0.73179305
0,0.47101387
0,0.3773534
0,0.28227285
0,0.5411491
0,0.63374114
0,0.4338058
0,0.48123416
0,0.43312162
0,0.34571737
0,0.24915838
0,0.52004635
0,0.6235619
0,0.652213
0,0.65775764
0,0.4451399
0,0.45300213
0,0.36636564
0,0.27898812
0,0.5234766
0,0.6346078
0,0.6410748
0,0.41309327
0,0.46803963
0,0.40952137
0,0.9145943
0,0.71361595
0,0.6107675
0,0.7680018
0,0.75766474
0,0.7325725
0,0.53013706
0,0.40103558
0,0.37793934
0,0.28652558
0,0.5873549
0,0.66043764
0,0.47879833
0,0.5790509
0,0.55096155
0,0.47450382
0,0.37038934
0,0.28050166
0,0.5392128
0,0.65902925
0,0.6494232
0,0.6365973
0,0.5801605
0,0.49374136
0,0.39244938
0,0.65912294
0,0.73161966
0,0.727391
0,0.49239013
0,0.36798987
0,0.38809198
0,0.33087373
0,0.26337814
0,0.19900165
0,0.42440376
0,0.5344245
0,0.5400719
0,0.50215137
0,0.3358162
0,0.3189359
0,0.24388291
0,0.50739884
0,0.6023958
0,0.39418834
0,0.5070878
0,0.4918896
0,0.4317908
0,0.35330933
0,0.25920865
0,0.51018846
0,0.6072385
0,0.6301813
0,0.6114511
0,0.42649037
0,0.7786242
0,0.57133967
0,0.42898417
0,0.60448205
0,0.41266063
0,0.54684746
0,0.55497235
0,0.53600013
0,0.45741576
0,0.36550742
0,0.27657142
0,0.5306494
0,0.61505646
0,0.63630617
0,0.61913526
0,0.5418196
0,0.46898726
0,0.36105105
0,0.27606395
0,0.50991666
0,0.5850608
0,0.6018833
0,0.56885475
0,0.5309603
0,0.43807387
0,0.30673477
0,0.25081185
0,0.48940033
0,0.55989254
0,0.5651362
0,0.37263635
0,0.3981947
0,0.7085037
0,0.48745552
0,0.35805574
0,0.30440614
0,0.24863271
0,0.37671235
0,0.40506226
0,0.37809858
0,0.28566658
0,0.23416647
0,0.17891133
0,0.37535372
0,0.48317295
0,0.30186862
0,0.39918548
0,0.3774359
0,0.31590673
0,0.24155326
0,0.2145152
0,0.41206035
0,0.513397
0,0.5337963
0,0.36794207
0,0.3651762
0,0.31096372
0,0.23634365
0,0.48523772
0,0.59048486
0,0.606263
0,0.57764703
0,0.5239304
0,0.45428735
0,0.36099827
0,0.27883607
0,0.50623655
0,0.61244404
0,0.61537254
0,0.5840521
0,0.5234647
0,0.35978943
0,0.31488124
0,0.5916593
0,0.6888642
0,0.6976555
0,0.46228915
0,0.5417454
0,0.49579012
0,0.42012325
0,0.33622357
0,0.25634876
0,0.48271152
0,0.5715251
0,0.57298714
0,0.53389746
0,0.35297117
0,0.34676194
0,0.2740184
0,0.5318253
0,0.6300443
0,0.40745336
0,0.526343
0,0.516703
0,0.46067175
0,0.3111919
0,0.2383558
0,0.19044355
0,0.41793463
0,0.86204475
0,0.6376436
0,0.661639
0,0.6017078
0,0.49193034
0,0.37082282
0,0.4717944
0,0.615199
0,0.6557375
0,0.6472393
0,0.60347867
0,0.53169084
0,0.4349676
0,0.3345499
0,0.5883814
0,0.39610535
0,0.5735034
0,0.37682444
0,0.30277488
0,0.32104674
0,0.26798937
0,0.57261276
0,0.6859875
0,0.47360218
0,0.6461122
0,0.6539532
0,0.5999564
0,0.5160092
0,0.4890444
0,0.30900782
0,0.52980435
0,0.6024681
0,0.8881779
0,0.64121455
0,0.65131414
0,0.5624057
0,0.4529591
0,0.69461805
0,0.4962042
0,0.6485568
0,0.60772705
0,0.59489775
0,0.5339533
0,0.44269708
0,0.36168733
0,0.2852264
0,0.55395293
0,0.6116345
0,0.6038133
0,0.57256126
0,0.50127375
0,0.42255315
0,0.69061124
0,0.4303254
0,0.62841415
0,0.6693752
0,0.661451
0,0.6105683
0,0.5789554
0,0.40560013
0,0.35340998
0,0.24254407
0,0.45476663
0,0.52787215
0,0.32827458
0,0.4054159
0,0.3689794
0,0.30756572
0,0.24317606
0,0.18982941
0,0.38963205
0,0.48511636
0,0.3230581
0,0.38310063
0,0.28448647
0,0.26266947
0,0.20725608
0,0.45171002
0,0.5834316
0,0.391605
0,0.49346077
0,0.47050852
0,0.412538
0,0.33201003
0,0.2517349
0,0.4936404
0,0.59483874
0,0.6183741
0,0.8693573
0,0.60648626
0,0.57833457
0,0.4797987
0,0.34995458
0,0.6218387
0,0.6682204
0,0.67065936
0,0.6372745
0,0.57178223
0,0.48680744
0,0.3870469
0,0.28941908
0,0.56485355
0,0.63004816
0,0.8903493
0,0.6437198
0,0.5077443
0,0.49031532
0,0.38476807
0,0.38729706
0,0.8812121
0,0.664835
0,0.77161324
0,0.7626742
0,0.7093087
0,0.625502
0,0.51965785
0,0.43788582
0,0.33037335
0,0.5419908
0,0.57857317
0,0.65226746
0,0.5778724
0,0.4890713
0,0.381818
0,0.6458067
0,0.46321717
0,0.646086
0,0.68568814
0,0.6761695
0,0.53499746
0,0.5676093
0,0.4429226
0,0.28866583
0,0.5311266
0,0.5893142
0,0.580606
0,0.54468846
0,0.47562957
0,0.3815879
0,0.6395423
0,0.7216669
0,0.74792635
0,0.5975888
0,0.63581944
0,0.5854143
0,0.5042254
0,0.37231126
0,0.29823756
0,0.5392111
0,0.61936146
0,0.65554583
0,0.43116125
0,0.48643816
0,0.42267862
0,0.34295383
0,0.2686104
0,0.21298157
0,0.40446877
0,0.27681822
0,0.2738706
0,0.32240894
0,0.24604565
0,0.217717
0,0.17370984
0,0.40859604
0,0.5357692
0,0.36326718
0,0.46385166
0,0.44031027
0,0.36984378
0,0.2823586
0,0.21862489
0,0.4517592
0,0.562482
0,0.36528802
0,0.46372125
0,0.3898877
0,0.7231095
0,0.50694525
0,0.7267398
0,0.48038763
0,0.64267397
0,0.6474134
0,0.44140515
0,0.46270573
0,0.39286876
0,0.2786209
0,0.22995977
0,0.48159143
0,0.57739097
0,0.59790057
0,0.55854416
0,0.38334683
0,0.3569887
0,0.2413357
0,0.52770984
0,0.62577397
0,0.4017803
0,0.54832184
0,0.86571074
0,0.6215278
0,0.5663166
0,0.4411652
0,0.35368213
0,0.5803505
0,0.6377704
0,0.89339685
0,0.6639104
0,0.543
0,0.4909338
0,0.3835354
0,0.6500489
0,0.4650827
0,0.61354923
0,0.6275008
0,0.59089345
0,0.50731814
0,0.4122601
0,0.31157127
0,0.5703181
0,0.6623143
0,0.46276096
0,0.55269307
0,0.5284258
0,0.400515
0,0.3671181
0,0.6786302
0,0.49421406
0,0.33508876
0,0.52523816
0,0.52466106
0,0.50531113
0,0.7891043
0,0.54534304
0,0.42750072
0,0.63219404
0,0.68333644
0,0.6657312
0,0.45894265
0,0.48064235
0,0.40308562
0,0.32351208
0,0.58888876
0,0.3708791
0,0.33077407
0,0.46317214
0,0.32344595
0,0.73904395
0,0.4945322
0,0.40189952
0,0.31433257
0,0.55340385
0,0.6309123
0,0.45221236
0,0.33645627
0,0.36796737
0,0.34867832
0,0.26397908
0,0.20649217
0,0.45534724
0,0.5647479
0,0.39600283
0,0.4601748
0,0.40736356
0,0.34195367
0,0.2631852
0,0.52541447
0,0.64354277
0,0.6568076
0,0.63431996
0,0.6289396
0,0.5285043
0,0.4528283
0,0.3207647
0,0.57449794
0,0.6388731
0,0.42038897
0,0.8406161
0,0.6160565
0,0.46390894
0,0.43768054
0,0.7028846
0,0.7823568
0,0.78610533
0,0.9316231
0,0.73069036
0,0.73911357
0,0.64916337
0,0.5347298
0,0.38053933
0,0.65131146
0,0.70023596
0,0.7079829
0,0.50817955
0,0.40334642
0,0.32962444
0,0.28029397
0,0.22747733
0,0.2010613
0,0.180653
0,0.35272208
0,0.2698968
0,0.22690748
0,0.242379
0,0.21075194
0,0.15915121
0,0.3652018
0,0.5268814
0,0.56997335
0,0.54129124
0,0.5009285
0,0.44134423
0,0.3333465
0,0.5851323
0,0.6761098
0,0.68869245
0,0.6725483
0,0.61597097
0,0.4343574
0,0.39410618
0,0.30498356
0,0.24410556
0,0.47547236
0,0.5442897
0,0.543948
0,0.40943533
0,0.39833924
0,0.3365817
0,0.26134285
0,0.21862458
0,0.1980563
0,0.3588457
0,0.39726233
0,0.39660552
0,0.3585447
0,0.25042006
0,0.21057673
0,0.4516334
0,0.57100284
0,0.6138706
0,0.4005537
0,0.45616996
0,0.4033689
0,0.3251335
0,0.24713829
0,0.22105372
0,0.18017755
0,0.3414439
0,0.37968487
0,0.38956794
0,0.3538041
0,0.28186175
0,0.5580281
0,0.66764927
0,0.45678303
0,0.3350221
0,0.43936607
0,0.43358293
0,0.3796172
0,0.26515934
0,0.5735099
0,0.6729152
0,0.7023084
0,0.4675207
0,0.5599538
0,0.5116475
0,0.4321927
0,0.35466066
0,0.25899988
0,0.49152967
0,0.5661341
0,0.36495113
0,0.45241338
0,0.42364466
0,0.3611152
0,0.29161224
0,0.22142595
0,0.4469971
0,0.5449581
0,0.58352137
0,0.394639
0,0.32037854
0,0.29363602
0,0.24747857
0,0.20634185
0,0.17957494
0,0.1651124
0,0.2793593
0,0.3184455
0,0.29805505
0,0.26112902
0,0.19733287
0,0.17278954
0,0.34387246
0,0.45395073
0,0.29768094
0,0.22966509
0,0.3397188
0,0.27367783
0,0.20499557
0,0.46270892
0,0.76944274
0,0.7434963
0,0.70118713
0,0.63982147
0,0.5513908
0,0.44521442
0,0.3346761
1,0.25677976
1,0.48075506
1,0.545061
1,0.34725052
1,0.28665477
1,0.29831845
1,0.32555792
1,0.22777708
1,0.19691516
1,0.17298068
1,0.15749964
1,0.14155696
1,0.13659953
1,0.15545711
1,0.13769403
1,0.86746246
1,0.98799026
1,0.9961309
1,0.99748033
1,0.99789304
1,0.9980532
1,0.99813175
1,0.9981741
1,0.99820215
1,0.9982225
1,0.99823654
1,0.9982463
1,0.9982531
1,0.9982578
1,0.99826115
1,0.99826366
1,0.9982657
1,0.9982675
1,0.9982684
1,0.99826926
1,0.99827003
1,0.99827075
1,0.99827105
1,0.9982713
1,0.99827147
1,0.99827164
1,0.99827176
1,0.9982718
1,0.99827194
1,0.998272
1,0.998272
1,0.998272
1,0.998272
1,0.998272
1,0.998272
1,0.998272
1,0.998272
1,0.998272
1,0.998272
1,0.998272
1,0.998272
1,0.998272
1,0.998272
1,0.998272
1,0.998272
1,0.998272
1,0.998272
1,0.998272
1,0.998272
1,0.998272
1,0.998272
1,0.998272
1,0.998272
1,0.998272
1,0.998272
1,0.998272
1,0.998272
1,0.998272
1,0.998272
1,0.998272
1,0.998272
1,0.998272
1,0.998272
1,0.998272
1,0.998272
1,0.998272
1,0.998272
1,0.998272
1,0.998272
1,0.998272
1,0.998272
1,0.998272
1,0.998272
1,0.998272
1,0.998272
1,0.998272
1,0.998272
1,0.998272
1,0.998272
1,0.998272
1,0.998272
1,0.998272
1,0.998272
1,0.998272
1,0.998272
1,0.998272
1,0.998272
1,0.998272
1,0.998272
1,0.998272
1,0.998272
1,0.998272
1,0.998272
1,0.998272
1,0.998272
1,0.998272
1,0.998272
1,0.998272
1,0.998272
1,0.998272
1,0.998272
1,0.998272
1,0.998272
1,0.998272
1,0.998272
1,0.998272
1,0.998272
1,0.998272
1,0.998272
1,0.998272
1,0.998272
1,0.998272
1,0.998272
1,0.998272
1,0.998272
1,0.998272
1,0.998272
1,0.998272
1,0.998272
1,0.998272
1,0.998272
1,0.998272
1,0.998272
1,0.998272
1,0.998272
1,0.998272
1,0.998272
1,0.998272
1,0.998272
1,0.998272
1,0.998272
1,0.998272
1,0.998272
1,0.998272
1,0.998272
1,0.998272
1,0.998272
1,0.998272
1,0.998272
1,0.998272
1,0.998272
1,0.998272
1,0.998272
1,0.998272
1,0.998272
1,0.998272
1,0.998272
1,0.998272
1,0.998272
1,0.998272
1,0.998272
1,0.998272
1,0.998272
1,0.998272
1,0.998272
1,0.998272
1,0.998272
1,0.998272
1,0.998272
1,0.998272
1,0.998272
1,0.998272
1,0.998272
1,0.998272
1,0.998272
1,0.998272
1,0.998272
1,0.998272
1,0.998272
1,0.998272
1,0.998272
1,0.998272
1,0.998272
1,0.998272
1,0.998272
1,0.998272
1,0.998272
1,0.998272
1,0.998272
1,0.998272
1,0.998272
1,0.998272
1,0.998272
1,0.998272
1,0.998272
1,0.998272
1,0.998272
1,0.998272
1,0.998272
1,0.998272
1,0.998272
1,0.998272
1,0.998272
1,0.998272
1,0.998272
1,0.998272
1,0.998272
1,0.998272
1,0.998272
1,0.998272
1,0.998272
1,0.998272
1,0.998272
1,0.998272
1,0.998272
1,0.998272
1,0.998272
1,0.998272
1,0.998272
1,0.998272
1,0.998272
1,0.998272
1,0.998272
1,0.998272
1,0.998272
1,0.998272
1,0.998272
1,0.998272
1,0.998272
1,0.998272
1,0.998272
1,0.998272
1,0.998272
1,0.998272
1,0.998272
0,0.998272
0,0.996086
0,0.99311936
0,0.99029547
0,0.98680913
0,0.98784614
0,0.9854806
0,0.98057115
0,0.9736524
0,0.9676331
0,0.956567
0,0.92516583
0,0.90630287
0,0.93352103
0,0.9352851
0,0.93367374
0,0.9301772
0,0.92601216
0,0.90680027
0,0.9098388
0,0.85107243
0,0.8061132
0,0.8346321
0,0.8328413
0,0.72124636
0,0.60463154
0,0.481325
0,0.35325468
0,0.2774734
0,0.13984339
0,0.12962008
0,0.15896703
0,0.17541325
0,0.18610814
0,0.1757475
0,0.15355216
0,0.18221602
0,0.19860137
0,0.15914479
0,0.18534905
0,0.1498597
0,0.17245248
0,0.16443506
0,0.15106583
0,0.17618759
0,0.15939952
0,0.18378828
0,0.20277451
0,0.22370812
0,0.22006404
0,0.18592134
0,0.15727282
0,0.18020758
0,0.44484288
0,0.39680263
0,0.24178876
0,0.27150732
0,0.18467802
0,0.17410097
0,0.14865772
0,0.17077896
0,0.58157474
0,0.4299675
0,0.418435
0,0.26801798
0,0.26773927
0,0.22358793
0,0.17579365
0,0.20726192
0,0.17020375
0,0.19593892
0,0.15910992
0,0.14558978
0,0.15496854
0,0.1481742
0,0.16526267
0,0.14217009
0,0.16217203
0,0.17848565
0,0.1939446
0,0.2059372
0,0.15575293
0,0.14182922
0,0.16614798
0,0.1858282
0,0.19869629
0,0.40042034
0,0.36749744
0,0.34529117
0,0.22720724
0,0.18688923
0,0.18663925
0,0.1518531
0,0.14081435
0,0.2656155
0,0.2507917
0,0.24996182
0,0.21356466
0,0.1724866
0,0.19438931
0,0.21587451
0,0.22635809
0,0.2322514
0,0.24242572
0,0.23568866
0,0.16985346
0,0.15044911
0,0.17491642
0,0.18925045
0,0.2032757
0,0.22014032
0,0.22133118
0,0.15919773
0,0.15746942
0,0.14298302
0,0.16080955
0,0.17001098
0,0.15083316
0,0.16944216
0,0.1776735
0,0.17975889
0,0.15160345
0,0.13711382
0,0.13005634
0,0.1311659
0,0.1521247
0,0.23299277
0,0.16760868
0,0.15449424
0,0.13937266
0,0.13580397
0,0.16092137
0,0.14332518
0,0.13695516
0,0.1601637
0,0.22621137
0,0.28600484
0,0.22447117
0,0.25450048
0,0.26959822
0,0.19141422
0,0.31478813
0,0.31051347
0,0.3070229
0,0.2008497
0,0.18397422
0,0.15374732
0,0.14010172
0,0.16266564
0,0.14292353
0,0.133913
0,0.12846097
0,0.1286708
0,0.13018997
0,0.15176558
0,0.13808846
0,0.22214666
0,0.16846903
0,0.1480675
0,0.1745833
0,0.17141494
0,0.15394405
0,0.18266466
0,0.1565434
0,0.1471104
0,0.14563859
0,0.17064865
0,0.15107824
0,0.14480475
0,0.14837383
0,0.15215056
0,0.1901081
0,0.16752115
0,0.16327463
0,0.15602241
0,0.14842439
0,0.16002181
0,0.1520151
0,0.14412272
0,0.14976636
0,0.16065624
0,0.16658975
0,0.19020341
0,0.24796706
0,0.21784122
0,0.21453868
0,0.29629514
0,0.2998851
0,0.29985696
0,0.2682091
0,0.3135665
0,0.2554736
0,0.24673826
0,0.22078924
0,0.2490165
0,0.20635243
0,0.25625527
0,0.21212079
0,0.23713088
0,0.1905944
0,0.18871103
0,0.21243587
0,0.21629792
0,0.23524646
0,0.17124219
0,0.1970471
0,0.20983571
0,0.19685681
0,0.16021731
0,0.15232319
0,0.17260703
0,0.15426119
0,0.1865894
0,0.1978254
0,0.2813418
0,0.23858815
0,0.25749177
0,0.21269086
0,0.22964038
0,0.16658926
0,0.1488696
0,0.16845402
0,0.18254182
0,0.16843721
0,0.15252626
0,0.13715315
0,0.16176485
0,0.17293967
0,0.17962195
0,0.18899894
0,0.34613204
0,0.26580316
0,0.2652396
0,0.26854143
0,0.26075912
0,0.25187793
0,0.25729945
0,0.2583187
0,0.24889469
0,0.20662025
0,0.22681731
0,0.22714178
0,0.17678675
0,0.19744204
0,0.20845482
0,0.15571365
0,0.1715078
0,0.1445395
0,0.16800238
0,0.17961913
0,0.14898227
0,0.16878156
0,0.18684866
0,0.19703954
0,0.18942061
0,0.15115388
0,0.14076453
0,0.15978397
0,0.17178322
0,0.145288
0,0.13209316
0,0.15578549
0,0.16429386
0,0.15340142
0,0.13814816
0,0.139809
0,0.16016075
0,0.14314643
0,0.1668718
0,0.18449315
0,0.15596029
0,0.15245393
0,0.14377406
0,0.13743146
0,0.14143808
0,0.16340457
0,0.14304762
0,0.16897081
0,0.1701222
0,0.15949097
0,0.18407296
0,0.19881137
0,0.17268598
0,0.20129263
0,0.21891072
0,0.23372778
0,0.2119667
0,0.16522218
0,0.16387682
0,0.18702687
0,0.15761237
0,0.15506253
0,0.17525698
0,0.14870957
0,0.1360951
0,0.13855271
0,0.13504015
0,0.16051653
0,0.17540614
0,0.15134367
0,0.27574718
0,0.18793565
0,0.18670408
0,0.16616192
0,0.19327128
0,0.20550111
0,0.16380323
0,0.18923852
0,0.21371911
0,0.21542616
0,0.16894329
0,0.15462548
0,0.1821859
0,0.2056412
0,0.23887445
0,0.24441801
0,0.24867886
0,0.22786179
0,0.18949969
0,0.15588652
0,0.18250938
0,0.19772844
0,0.2177331
0,0.22384095
0,0.22750637
0,0.20842242
0,0.17607391
0,0.14694384
0,0.16890587
0,0.17999803
0,0.19493173
0,0.20034692
0,0.15454555
0,0.15996554
0,0.15030034
0,0.16726233
0,0.17552812
0,0.14828685
0,0.21377745
0,0.22247499
0,0.22674052
0,0.19908077
0,0.1603466
0,0.15686493
0,0.13705112
0,0.15861003
0,0.16991183
0,0.14454587
0,0.16488516
0,0.1606562
0,0.14865062
0,0.1651292
0,0.14613184
0,0.1647301
0,0.1740701
0,0.18411253
0,0.19411115
0,0.17720714
0,0.15724961
0,0.14063658
0,0.1630312
0,0.13968211
0,0.16011517
0,0.17218992
0,0.17951724
0,0.19670929
0,0.16240543
0,0.18042997
0,0.23135582
0,0.23101452
0,0.23162669
0,0.23100819
0,0.22666804
0,0.16341977
0,0.14849149
0,0.16605021
0,0.17761408
0,0.18527725
0,0.15138872
0,0.16909128
0,0.1712554
0,0.16007799
0,0.1426406
0,0.30408025
0,0.21101761
0,0.22197422
0,0.23281088
0,0.23132886
0,0.18028423
0,0.16601887
0,0.14521642
0,0.16673614
0,0.14378361
0,0.13313574
0,0.1271048
0,0.12739608
0,0.14481878
0,0.13023792
0,0.1286186
0,0.13199599
0,0.12834893
0,0.12847595
0,0.15535283
0,0.14474103
0,0.1440125
0,0.14458124
0,0.14319795
0,0.14548841
0,0.15107308
0,0.15708064
0,0.17292057
0,0.18065187
0,0.19800472
0,0.24241093
0,0.25213966
0,0.33194417
0,0.3704457
0,0.3942856
0,0.41045442
0,0.3420796
0,0.35454217
0,0.32906097
0,0.36019647
0,0.36785755
0,0.29476067
0,0.31839666
0,0.26961222
0,0.29436678
0,0.26740372
0,0.21564998
0,0.24247223
0,0.25685257
0,0.27767533
0,0.27015847
0,0.1776432
0,0.19457361
0,0.17547669
0,0.15325014
0,0.13670541
0,0.1325091
0,0.15398748
0,0.16861373
0,0.17854513
0,0.18722141
0,0.17311844
0,0.15631537
0,0.14794233
0,0.1400062
0,0.16383389
0,0.1435346
0,0.16764773
0,0.1828162
0,0.16840078
0,0.15159535
0,0.18059295
0,0.18946949
0,0.20033744
0,0.22443569
0,0.24011014
0,0.23514238
0,0.20262957
0,0.22119151
0,0.22376424
0,0.16872437
0,0.18587524
0,0.15325812
0,0.17122976
0,0.16801831
0,0.15406565
0,0.13903856
0,0.13021791
0,0.1521634
0,0.1691298
0,0.18054745
0,0.18775217
0,0.15756953
0,0.15098065
0,0.13740419
0,0.15661298
0,0.16632299
0,0.14456214
0,0.16175121
0,0.17420238
0,0.16893853
0,0.15554707
0,0.14432703
0,0.1658499
0,0.14846803
0,0.14006443
0,0.13455297
0,0.16124618
0,0.1592012
0,0.1503948
0,0.17163126
0,0.1832851
0,0.19650407
0,0.20743605
0,0.16468526
0,0.18207148
0,0.17738017
0,0.15783276
0,0.17877847
0,0.19262967
0,0.20258524
0,0.21424331
0,0.2247578
0,0.16985023
0,0.17058459
0,0.18738042
0,0.19732586
0,0.20335233
0,0.16475216
0,0.18220071
0,0.18893838
0,0.15001708
0,0.14986631
0,0.13247104
0,0.12494323
0,0.1498232
0,0.16443989
0,0.17566897
0,0.14835085
0,0.16334021
0,0.16385537
0,0.14595988
0,0.16708165
0,0.14313795
0,0.1356988
0,0.1603778
0,0.14031784
0,0.15675604
0,0.13936636
0,0.13604887
0,0.1647323
0,0.18241876
0,0.19767086
0,0.21106584
0,0.22535071
0,0.22512645
0,0.19581182
0,0.16721603
0,0.18408954
0,0.19598162
0,0.21547557
0,0.23662831
0,0.2595883
0,0.23962618
0,0.18279143
0,0.15536176
0,0.14531016
0,0.13363546
0,0.1580987
0,0.15448871
0,0.17099012
0,0.14155392
0,0.13464601
0,0.12631275
0,0.12550662
0,0.15165822
0,0.16827941
0,0.18240389
0,0.15648967
0,0.1462486
0,0.14137913
0,0.14645846
0,0.14258131
0,0.16991337
0,0.1498835
0,0.1758797
0,0.19544715
0,0.1894759
0,0.17333007
0,0.17714235
0,0.32828155
0,0.33098966
0,0.34454194
0,0.35342866
0,0.35886094
0,0.29196608
0,0.2146065
0,0.24814416
0,0.25108665
0,0.17822452
0,0.20369588
0,0.20142153
0,0.589586
0,0.33705822
0,0.2517372
0,0.31513625
0,0.3125618
1,0.3476071
1,0.31587037
1,0.30986398
1,0.237996
1,0.20784238
1,0.22663277
1,0.42609957
1,0.26492697
1,0.2077704
1,0.2332578
1,0.24053141
1,0.17240563
1,0.16368203
1,0.1401085
1,0.16303849
1,0.88894904
1,0.98804986
1,0.9960352
0,0.9974036
0,0.99656814
0,0.99500465
0,0.9929254
0,0.9899064
0,0.97794163
0,0.9735191
0,0.96133256
0,0.98400253
0,0.94078463
0,0.91203433
0,0.9197314
0,0.85897255
0,0.88879555
0,0.8231975
0,0.95441675
0,0.92007977
0,0.88981056
0,0.8998245
0,0.8883694
0,0.8815969
0,0.8820165
0,0.85274804
0,0.77806854
0,0.7511447
0,0.74191153
0,0.64718246
0,0.6109424
0,0.37474674
0,0.23275657
0,0.16613883
0,0.14555669
0,0.27368757
0,0.17899466
0,0.16219191
0,0.15744413
0,0.1512055
0,0.14613943
0,0.5038718
0,0.31526908
0,0.26208252
0,0.21684906
0,0.3518388
0,0.3730355
0,0.35264152
0,0.3453606
0,0.279452
0,0.2865043
0,0.6816499
0,0.5001477
0,0.47932836
0,0.3886926
0,0.39161104
0,0.37635326
0,0.35480064
0,0.34551996
0,0.31103924
0,0.26368773
0,0.20148624
0,0.22723386
0,0.23252498
0,0.23696531
0,0.2534224
0,0.45230085
0,0.3495617
0,0.2735929
0,0.2849635
0,0.22335446
0,0.24387863
0,0.24098381
0,0.24115738
0,0.59681034
0,0.36858743
0,0.53519607
0,0.46078798
0,0.5743022
0,0.4974052
0,0.32325557
0,0.6935377
0,0.5511312
0,0.6937784
0,0.48137587
0,0.78852445
0,0.63362
0,0.56583333
0,0.5278988
0,0.75525016
0,0.5181232
0,0.4568351
0,0.3642033
0,0.3770512
0,0.36195964
0,0.24434143
0,0.27618077
0,0.2940326
0,0.70167726
0,0.5342721
0,0.4848778
0,0.45694935
0,0.45624495
0,0.38610047
0,0.3627497
0,0.7057606
0,0.570362
0,0.47231087
0,0.46359682
0,0.5382769
0,0.78242177
0,0.6439797
0,0.8468696
0,0.7066102
0,0.6235026
0,0.83940595
0,0.6171354
0,0.5884266
0,0.5261053
0,0.49193844
0,0.79018646
0,0.54626536
0,0.5229125
0,0.6876975
0,0.5760929
0,0.5133416
0,0.40396187
0,0.3003661
0,0.3172087
0,0.308767
0,0.2951536
0,0.23430564
0,0.26254043
0,0.2589919
0,0.2510048
0,0.26196894
0,0.64633936
0,0.5242543
0,0.45356283
0,0.41639623
0,0.38582438
0,0.29550818
0,0.29691666
0,0.2850951
0,0.22923037
0,0.6154851
0,0.38507745
0,0.30631527
0,0.23332752
0,0.274013
0,0.6415361
0,0.5101744
0,0.44752228
0,0.80088514
0,0.63507956
0,0.5780388
0,0.5283054
0,0.46954778
0,0.4392932
0,0.41335988
0,0.7126518
0,0.47259393
0,0.44068763
0,0.47599837
0,0.4294427
0,0.40875295
0,0.367922
0,0.31486753
0,0.31954756
0,0.5880243
0,0.44353604
0,0.42033213
0,0.33975038
0,0.35312125
0,0.69333625
0,0.5727997
0,0.5010804
0,0.7985134
0,0.60655403
0,0.5598693
0,0.50607353
0,0.3537528
0,0.72640485
0,0.46731335
0,0.40561116
0,0.41208345
0,0.35437983
0,0.7365292
0,0.49121195
0,0.4721123
0,0.44049782
0,0.42643312
0,0.4039991
0,0.38309065
0,0.36958677
0,0.3621312
0,0.7660434
0,0.5177462
0,0.50709236
0,0.4959111
0,0.8865294
0,0.6865855
0,0.63207936
0,0.50424147
0,0.5275496
0,0.50288296
0,0.46616548
0,0.4622502
0,0.3884634
0,0.3763853
0,0.30778664
0,0.23571639
0,0.20023298
0,0.2500013
0,0.24960594
0,0.25039065
0,0.23808624
0,0.21628326
0,0.17148522
0,0.5507651
0,0.34041575
0,0.26365903
0,0.31830034
0,0.28005746
0,0.29780588
0,0.26397574
0,0.65601027
0,0.42790163
0,0.5103172
0,0.7931195
0,0.6628362
0,0.8678197
0,0.72858924
0,0.81464
0,0.6327948
0,0.47425508
0,0.5823478
0,0.8212891
0,0.6763902
0,0.6103617
0,0.8446908
0,0.6701242
0,0.61317855
0,0.5800913
0,0.8195662
0,0.68981063
0,0.61984825
0,0.54948664
0,0.5050162
0,0.43811306
0,0.409315
0,0.28327444
0,0.32278848
0,0.32306805
0,0.28438073
0,0.29496685
0,0.31329677
0,0.26773053
0,0.21606354
0,0.28417686
0,0.6329912
0,0.49724904
0,0.4515675
0,0.45382237
0,0.38313618
0,0.6687059
0,0.44033974
0,0.47781816
0,0.76655674
0,0.49190438
0,0.4912553
0,0.78990275
0,0.6450183
0,0.5118446
0,0.44655067
0,0.41335526
0,0.39446372
0,0.37565032
0,0.35674974
0,0.7491891
0,0.49009407
0,0.4221658
0,0.43202853
0,0.4191863
0,0.4183263
0,0.4186372
0,0.30449945
0,0.3356036
0,0.31456026
0,0.2556359
0,0.26453683
0,0.27204403
0,0.28467396
0,0.28346694
0,0.2840121
0,0.21585846
0,0.38255966
0,0.2722157
0,0.19550386
0,0.3130272
0,0.6633991
0,0.52340883
0,0.8036363
0,0.65564495
0,0.5512882
0,0.4163042
0,0.55261075
0,0.48083302
0,0.5806351
0,0.48304063
0,0.37754515
0,0.368138
0,0.31425714
0,0.46031883
0,0.3927127
0,0.31584367
0,0.31950352
0,0.30696347
0,0.23563075
0,0.25452384
0,0.22633275
0,0.24622579
0,0.2494903
0,0.26087075
0,0.26323065
0,0.2621571
0,0.292154
0,0.288743
0,0.24612647
0,0.1973327
0,0.20400539
0,0.20328444
0,0.20299399
0,0.20900239
0,0.20914108
0,0.44791526
0,0.2715657
0,0.19262989
0,0.15652935
0,0.1806677
0,0.18872333
0,0.17428006
0,0.18309341
0,0.19025889
0,0.57826126
0,0.35432264
0,0.2761851
0,0.2951172
0,0.30121574
0,0.29342034
0,0.28665707
0,0.20958932
0,0.18878141
0,0.16253857
0,0.18748298
0,0.19586003
0,0.15279023
0,0.18531588
0,0.20386267
0,0.19214016
0,0.1697659
0,0.55011594
0,0.46890697
0,0.423217
0,0.32729635
0,0.35579753
0,0.3447466
0,0.29774275
0,0.23518273
0,0.6257847
0,0.5059312
0,0.35056645
0,0.36472654
0,0.34757075
0,0.5971222
0,0.36496985
0,0.48342824
0,0.3477044
0,0.37107006
0,0.36658272
0,0.3470914
0,0.3349639
0,0.23809251
0,0.23231871
0,0.22902751
0,0.25233027
0,0.25204816
0,0.21660022
0,0.24477054
0,0.24415334
0,0.23756252
0,0.19923595
0,0.1586001
0,0.1860673
0,0.1997698
0,0.21452343
0,0.22248046
0,0.18686786
0,0.19826011
0,0.17568676
0,0.20145114
0,0.20999394
0,0.1756281
0,0.18848726
0,0.19442627
0,0.19865225
0,0.2019127
0,0.3825871
0,0.25965464
0,0.17883518
0,0.5720394
0,0.47652432
0,0.43223315
0,0.39896786
0,0.36145318
0,0.29468054
0,0.30158415
0,0.31326792
0,0.32112446
0,0.31574026
0,0.29760695
0,0.28957543
0,0.26871893
0,0.21944647
0,0.17866151
0,0.20235313
0,0.18153712
0,0.17073673
0,0.14371538
0,0.16675104
0,0.36104286
0,0.2232972
0,0.25084066
0,0.19552875
0,0.22975047
0,0.2520985
0,0.2537344
0,0.20309716
0,0.18020564
0,0.14621429
0,0.18990545
0,0.23840722
0,0.22892228
0,0.21494934
0,0.18295164
0,0.1476315
0,0.13459225
0,0.13763079
0,0.12828183
0,0.12499077
0,0.15216142
0,0.16448389
0,0.18226647
0,0.189944
0,0.18772316
0,0.16413073
0,0.14589651
0,0.14311583
0,0.16139264
0,0.17300291
0,0.1856732
0,0.19487344
0,0.178296
0,0.18909992
0,0.20033911
0,0.22172993
0,0.23643452
0,0.24957548
0,0.25325078
0,0.25672445
0,0.21777603
0,0.17683858
0,0.2029495
0,0.21440375
0,0.16871932
0,0.18906097
0,0.19667013
0,0.19848426
0,0.1735531
0,0.14540774
0,0.16425447
0,0.17246316
0,0.19346254
0,0.19728395
0,0.16172512
0,0.18275577
0,0.16290684
0,0.14683037
0,0.16811153
0,0.15085015
0,0.16961302
0,0.18082443
0,0.19116865
0,0.19355433
0,0.16974866
0,0.14962229
0,0.16738419
0,0.18373275
0,0.19281161
0,0.19805518
0,0.20293356
0,0.20040402
0,0.17191882
0,0.15255682
0,0.16682425
0,0.1771477
0,0.18176678
0,0.14789465
0,0.1640336
0,0.1675103
0,0.15359959
0,0.17285804
0,0.19357671
0,0.15050863
0,0.16965395
0,0.14967579
0,0.14221272
0,0.15098408
0,0.1442406
0,0.13248397
0,0.12765718
0,0.14922443
0,0.16193783
0,0.17066959
0,0.17882699
0,0.14909263
0,0.14903468
0,0.16443376
0,0.15632716
0,0.14171986
0,0.137512
0,0.18292165
0,0.19047046
0,0.18109469
0,0.16509332
0,0.1500934
0,0.1709885
0,0.18987565
0,0.20098577
0,0.21260016
0,0.23515685
0,0.21578905
0,0.17106394
0,0.15109831
0,0.16740601
0,0.1845171
0,0.19859208
0,0.21099149
0,0.22060502
0,0.1906347
0,0.16160023
0,0.18239845
0,0.19253787
0,0.2032687
0,0.2091377
0,0.2109392
0,0.16784738
0,0.16372141
0,0.14612703
0,0.16156745
0,0.16767941
0,0.14235033
0,0.1621968
0,0.18816468
0,0.18530238
0,0.3534853
0,0.21858124
0,0.24573378
0,0.18428865
0,0.20200804
0,0.20738429
0,0.16190837
0,0.14737238
0,0.13739982
0,0.1327983
0,0.15121749
0,0.13837901
0,0.15786277
0,0.17052431
0,0.18440844
0,0.17772248
0,0.15535586
0,0.18280478
0,0.149409
0,0.17120823
0,0.2629788
0,0.24529868
0,0.23929067
0,0.2171154
0,0.17832479
0,0.19533052
0,0.20216328
0,0.2072698
0,0.15973784
0,0.14474912
0,0.16914852
0,0.14293459
0,0.14051868
0,0.16516744
0,0.14058392
0,0.13641453
0,0.1564142
0,0.14351404
0,0.15944035
0,0.15732491
0,0.14686821
0,0.16327246
0,0.14969142
0,0.16687763
0,0.1435945
0,0.1691592
0,0.1814401
0,0.15016708
0,0.14564663
0,0.17087835
0,0.1927626
0,0.205004
0,0.17195411
0,0.19659388
0,0.21751162
0,0.19759344
0,0.16577555
0,0.16025463
0,0.17729206
0,0.18688908
0,0.20377745
0,0.21515743
0,0.21328601
0,0.19724447
0,0.15917216
0,0.18230642
0,0.19004491
0,0.21094255
0,0.22024584
0,0.22941871
0,0.23339315
0,0.19292702
0,0.15779029
0,0.18002084
0,0.18820716
0,0.14981218
0,0.14061429
0,0.1350098
0,0.12741922
0,0.13440832
0,0.12810336
0,0.15477556
0,0.16747122
0,0.14844519
0,0.1676292
0,0.18176845
0,0.18297665
0,0.1673668
0,0.17392384
0,0.18809074
0,0.20024472
0,0.22274582
0,0.22719836
0,0.16182564
0,0.17352645
0,0.16017725
0,0.14304775
0,0.16335686
0,0.14213449
0,0.16612068
0,0.14376916
0,0.1674508
0,0.16713528
0,0.15527146
0,0.14009468
0,0.16440494
0,0.1709548
0,0.18420018
0,0.15143801
0,0.14525476
0,0.15684463
0,0.14961736
0,0.1574768
0,0.1441271
0,0.16847894
0,0.14861451
0,0.1382834
0,0.16275935
0,0.16368058
0,0.15575588
0,0.14472318
0,0.17593722
0,0.16970399
0,0.14986476
0,0.14135486
0,0.16658846
0,0.16647057
0,0.1479305
0,0.14438395
0,0.14029859
0,0.14215188
0,0.17301448
0,0.2234258
0,0.1739057
0,0.16021018
0,0.16655327
0,0.19854736
0,0.21375836
0,0.24578568
0,0.19591326
0,0.22717735
0,0.23527649
0,0.18341064
0,0.17354779
0,0.17290272
0,0.20024677
0,0.2271598
0,0.24886769
0,0.18924198
0,0.16663288
0,0.1673845
0,0.17304884
0,0.18322478
0,0.1932544
0,0.2005085
0,0.20878097
0,0.2550976
0,0.2291034
0,0.18805538
0,0.15577325
0,0.17480366
0,0.14536308
0,0.16449752
0,0.20629378
0,0.16232999
0,0.14663956
0,0.15034543
0,0.1360233
0,0.15742943
0,0.16631304
0,0.14459798
0,0.16746914
0,0.14354806
0,0.13394183
0,0.21974878
0,0.16819459
0,0.18429048
0,0.19723365
0,0.2192448
0,0.21945632
0,0.16744556
0,0.17043246
0,0.15574504
0,0.14156803
0,0.160336
0,0.14578262
0,0.1633764
0,0.17115374
0,0.14826791
0,0.15325801
0,0.1470502
0,0.16280061
0,0.1770013
0,0.18188956
0,0.1868866
0,0.19586949
0,0.2036467
0,0.18167616
0,0.15590206
0,0.17447485
0,0.18428138
0,0.19259496
0,0.20069654
0,0.20597684
0,0.21318807
0,0.18310668
0,0.15787439
0,0.19852276
0,0.19973485
0,0.20363565
0,0.20171572
0,0.15272948
0,0.16991001
0,0.1570901
0,0.1419642
0,0.13388468
0,0.16131431
0,0.16664036
0,0.17371258
0,0.18041182
0,0.17841977
0,0.16190198
0,0.16943888
0,0.1759025
0,0.18083143
0,0.18513604
0,0.16063139
0,0.16460113
0,0.16463834
0,0.15635245
0,0.1396479
0,0.13725251
0,0.15283611
0,0.16461207
0,0.17041312
0,0.1776623
0,0.17164387
0,0.15922463
0,0.24799292
0,0.17207643
0,0.18840143
0,0.1920066
0,0.19653931
0,0.5000726
0,0.29569748
0,0.23852587
0,0.21911356
0,0.22674872
0,0.16901092
0,0.18940173
0,0.19658947
0,0.1642002
0,0.15532878
0,0.14989795
0,0.16268502
0,0.15294178
0,0.16505978
0,0.15835068
0,0.16741803
0,0.17883162
0,0.16758256
0,0.15539446
0,0.14441957
0,0.16166085
0,0.16922608
0,0.18340677
0,0.20997737
0,0.16098222
0,0.16090487
0,0.14628762
0,0.16230203
0,0.28432423
0,0.18538392
0,0.21618454
0,0.4538519
0,0.3833447
0,0.29533234
0,0.38622084
0,0.41856173
0,0.3514855
0,0.32561287
0,0.31033763
0,0.29620478
0,0.27345398
0,0.22588713
0,0.1755886
0,0.21349353
0,0.21619643
0,0.2190326
0,0.22646596
0,0.22752357
0,0.16955075
0,0.15633821
0,0.14550309
0,0.16115297
0,0.15378875
0,0.16846628
0,0.17489223
0,0.14935437
0,0.15715241
0,0.1484794
0,0.16251788
0,0.17035508
0,0.14907545
0,0.16502349
0,0.17386262
0,0.17752291
0,0.17430852
0,0.14613618
0,0.16563605
0,0.17485543
0,0.19075096
0,0.16118321
0,0.14126885
0,0.1575662
0,0.15678485
0,0.14878093
0,0.1379943
0,0.13427198
0,0.15742297
0,0.16728838
0,0.17715962
0,0.19006705
0,0.1770038
0,0.1581018
0,0.14512135
0,0.16272381
0,0.17366423
0,0.17933312
0,0.15541981
0,0.17344701
0,0.16633925
0,0.15158243
0,0.16558683
0,0.17398961
0,0.1871067
0,0.19480245
0,0.20193465
0,0.21547219
0,0.2016857
0,0.16202351
0,0.14634536
0,0.1696892
0,0.17775105
0,0.1520332
0,0.16665499
0,0.14904709
0,0.14793152
0,0.13977568
0,0.13956766
0,0.16444615
0,0.17367573
0,0.18179019
0,0.18925346
0,0.1590859
0,0.15512168
0,0.14602989
0,0.16558935
0,0.17327487
0,0.1488439
0,0.16470177
0,0.17413339
0,0.17056935
0,0.15067162
0,0.13949011
0,0.15918423
0,0.17059816
0,0.18138063
0,0.20289269
0,0.20713533
0,0.19377218
0,0.1600706
0,0.17455861
0,0.18132223
0,0.18705818
0,0.19156387
0,0.19894132
0,0.20092237
0,0.15561937
0,0.14847727
0,0.1369241
0,0.1522014
0,0.16035569
0,0.16550408
0,0.17345706
0,0.15344372
0,0.15424517
0,0.1442402
0,0.13819672
0,0.15325126
0,0.13556142
0,0.15075183
0,0.16178082
0,0.16880642
0,0.16944069
0,0.14616396
0,0.16532095
0,0.14857392
0,0.16841869
0,0.1773899
0,0.15983392
0,0.17440264
0,0.16595037
0,0.15236183
0,0.17224593
0,0.15779239
0,0.16866356
0,0.17319466
0,0.15055704
0,0.16437507
0,0.16162252
0,0.1479084
0,0.16749972
0,0.17776604
0,0.14939941
0,0.1651918
0,0.17344108
0,0.1796234
0,0.16482843
0,0.15081751
0,0.38918275
0,0.34469688
0,0.33101583
0,0.24039394
0,0.23783186
0,0.22910385
0,0.19122021
0,0.15445846
0,0.16464758
0,0.16982955
0,0.17062554
0,0.15263048
0,0.16386569
0,0.16423771
0,0.15069334
0,0.1356537
0,0.13012248
0,0.14569864
0,0.15655163
0,0.16131721
0,0.16560131
0,0.14347976
0,0.14112864
0,0.15335363
0,0.15717189
0,0.16024211
0,0.14277357
0,0.15726984
0,0.14109571
0,0.14900185
0,0.15711154
0,0.14553434
0,0.16395433
0,0.17863235
0,0.18584162
0,0.18774866
0,0.19724438
0,0.18374892
0,0.1703582
0,0.15238938
0,0.17116012
0,0.17681791
0,0.19174968
0,0.18747836
0,0.19093099
0,0.17301334
0,0.15751389
0,0.17651863
0,0.18339522
0,0.18074596
0,0.18769088
0,0.18436502
0,0.15039259
0,0.15337981
0,0.14174862
0,0.15187149
0,0.1579203
0,0.13952559
0,0.15178701
0,0.158123
0,0.16256402
0,0.15595157
0,0.14451283
0,0.15883763
0,0.164233
0,0.16654728
0,0.17017761
0,0.1473539
0,0.16394058
0,0.14615026
0,0.14150546
0,0.16364466
0,0.14914417
0,0.14144504
0,0.16151264
0,0.17337446
0,0.18113168
0,0.17043014
0,0.18475063
0,0.16322616
0,0.17885129
0,0.18326667
0,0.19001476
0,0.19345826
0,0.1925752
0,0.1733382
0,0.18742067
0,0.22633417
0,0.2204142
0,0.21644111
0,0.21232268
0,0.17187546
0,0.15324908
0,0.15275832
0,0.16085203
0,0.14420117
0,0.13791466
0,0.15409966
0,0.14005381
0,0.15361142
0,0.15523674
0,0.14407137
0,0.15993893
0,0.14579104
0,0.16369167
0,0.17352793
0,0.17894627
0,0.18811186
0,0.16030477
0,0.15539865
0,0.17137907
0,0.18775204
0,0.16341662
0,0.15229736
0,0.16755606
0,0.17513779
0,0.17565715
0,0.16541892
0,0.16737908
0,0.18435042
0,0.19247127
0,0.19406752
0,0.19437401
0,0.19975933
0,0.18081024
0,0.1602883
0,0.17260046
0,0.17592993
0,0.17737624
0,0.1771053
0,0.15397613
0,0.16391346
0,0.15695311
0,0.164791
0,0.17166857
0,0.17822923
0,0.18132502
0,0.18154597
0,0.18158121
0,0.15443143
0,0.15327552
0,0.19823703
0,0.18561172
0,0.18388776
0,0.15592918
0,0.1654439
0,0.16849427
0,0.14790364
0,0.13633859
0,0.13903794
0,0.14245597
0,0.1382921
0,0.13520098
0,0.13736446
0,0.14204375
0,0.13984539
0,0.14779769
0,0.16570877
0,0.1740756
0,0.16511829
0,0.182088
0,0.19102153
0,0.19691099
0,0.195465
0,0.17734078
0,0.19161499
0,0.19785567
0,0.19991899
0,0.20708628
0,0.21446964
0,0.21593595
0,0.21633641
0,0.19585313
0,0.21525608
0,0.21360022
0,0.22038563
0,0.21915245
0,0.21053292
0,0.20123674
0,0.17022417
0,0.17362075
0,0.14620662
0,0.15621233
0,0.1618918
0,0.16596055
0,0.14200793
0,0.15662788
0,0.1535784
0,0.14169767
0,0.15602346
0,0.14344977
0,0.15835954
0,0.16327548
0,0.16748683
0,0.17156354
0,0.1503398
0,0.16313659
0,0.1702909
0,0.1549987
0,0.17097716
0,0.15812355
0,0.17436466
0,0.17832635
0,0.16693415
0,0.18177903
0,0.16375759
0,0.17808309
0,0.18395996
0,0.18513884
0,0.18706624
0,0.32569835
0,0.24144742
0,0.17974563
0,0.20483005
0,0.2034602
0,0.16934371
0,0.17513952
0,0.18187839
0,0.17637104
0,0.16234359
0,0.16943517
0,0.17279275
0,0.17107236
0,0.1727817
0,0.17249228
0,0.16813737
0,0.1518314
0,0.14307253
0,0.15276398
0,0.15646586
0,0.1578421
0,0.14658497
0,0.13325325
0,0.12886183
0,0.13795337
0,0.13287693
0,0.12981325
0,0.14551298
0,0.15915667
0,0.16795926
0,0.17404725
0,0.15652284
0,0.16215064
0,0.15469669
0,0.14208348
0,0.1391955
0,0.14306618
0,0.14502662
0,0.14661978
0,0.15540178
0,0.16465439
0,0.17556898
0,0.20439804
0,0.2040912
0,0.23122934
0,0.243633
0,0.246356
0,0.24538691
0,0.2362027
0,0.21911836
0,0.23405811
0,0.23511551
0,0.23645131
0,0.22973481
0,0.23096092
0,0.19437692
0,0.19618346
0,0.21478516
0,0.22698548
0,0.23968112
0,0.23346213
0,0.22341551
0,0.18583865
0,0.18860754
0,0.16886562
0,0.169547
0,0.17228305
0,0.15044302
0,0.15950541
0,0.16576712
0,0.17020862
0,0.17472744
0,0.1538381
0,0.14948805
0,0.15875483
0,0.16514334
0,0.16724922
0,0.147834
0,0.17226537
0,0.17415416
0,0.16035622
0,0.15661995
0,0.14911985
0,0.1646709
0,0.16732135
0,0.15391023
0,0.16701943
0,0.1543284
0,0.15285374
0,0.16493523
0,0.15379502
0,0.17186934
0,0.18314777
0,0.18654652
0,0.19090931
0,0.17903292
0,0.15763833
0,0.16156575
0,0.15829833
0,0.15363327
0,0.17691706
0,0.19272959
0,0.19896215
0,0.17280294
0,0.16964345
0,0.16503483
0,0.18067001
0,0.16791768
0,0.1689356
0,0.1845009
0,0.19347918
0,0.18674175
0,0.173361
0,0.16874589
0,0.18693843
0,0.1931114
0,0.1990878
0,0.20091595
0,0.17755942
0,0.18521008
0,0.17373225
0,0.19371955
0,0.2049214
0,0.20215245
0,0.18226531
0,0.19184498
0,0.20208389
0,0.18717833
0,0.19362803
0,0.19542743
0,0.20417473
0,0.21111184
0,0.21159017
0,0.20928517
0,0.20621642
0,0.18344285
0,0.15927655
0,0.1754058
0,0.17978749
0,0.18373509
0,0.18136138
0,0.15768893
0,0.16411732
0,0.15633678
0,0.16435628
0,0.16810425
0,0.16775613
0,0.16609448
0,0.17380506
0,0.1512238
0,0.14542782
0,0.13749333
0,0.13291067
0,0.14881572
0,0.13971503
0,0.15270829
0,0.16144796
0,0.1669621
0,0.15226592
0,0.15229316
0,0.16808388
0,0.17900534
0,0.15642309
0,0.17511827
0,0.15780868
0,0.1765585
0,0.17773162
0,0.16782561
0,0.1883086
0,0.17076911
0,0.1911506
0,0.19842228
0,0.20478842
0,0.21101718
0,0.20052022
0,0.17370337
0,0.16693607
0,0.16319263
0,0.18080619
0,0.15966609
0,0.17314719
0,0.18238714
0,0.1776983
0,0.16966192
0,0.16563545
0,0.18207549
0,0.18907836
0,0.16369544
0,0.1583556
0,0.17804262
0,0.17688942
0,0.166616
0,0.16446142
0,0.1613927
0,0.18004166
0,0.16931196
0,0.1874801
0,0.17539637
0,0.18493764
0,0.18098648
0,0.18999216
0,0.2026624
0,0.235556
0,0.24840567
0,0.24928784
0,0.21973279
0,0.21494742
0,0.2026337
0,0.2306129
0,0.21363156
0,0.2197451
0,0.2506554
0,0.26508886
0,0.2631696
0,0.24000238
0,0.25805366
0,0.27059475
0,0.24798763
0,0.23305626
0,0.23530008
0,0.23024724
0,0.22209245
0,0.19581816
0,0.17661288
0,0.19477515
0,0.1792844
0,0.15893397
0,0.17714836
0,0.18686296
0,0.1833481
0,0.16639464
0,0.17705172
0,0.18323268
0,0.15775219
0,0.17229123
0,0.17417729
0,0.154779
0,0.14843298
0,0.1476321
0,0.16451986
0,0.1732089
0,0.15294833
0,0.17148128
0,0.15500066
0,0.17417769
0,0.17408204
0,0.16121231
0,0.16352071
0,0.18627952
0,0.17150821
0,0.18837953
0,0.30719012
0,0.26947394
0,0.25360385
0,0.209276
0,0.2230408
0,0.18451393
0,0.20047314
0,0.20920779
0,0.2076249
0,0.18085015
0,0.17909646
0,0.18917583
0,0.1909528
0,0.18666834
0,0.18375036
0,0.1541626
0,0.16440016
0,0.16413909
0,0.15293545
0,0.13998565
0,0.14979222
0,0.15334515
0,0.1354165
0,0.14516449
0,0.14994107
0,0.13534306
0,0.12888382
0,0.12648182
0,0.12858963
0,0.13501497
0,0.14316007
0,0.14780171
0,0.16935448
0,0.16866443
0,0.17704728
0,0.19844061
0,0.19470769
0,0.21362801
0,0.22180994
0,0.22759981
0,0.23093513
0,0.20481467
0,0.21206087
0,0.2065086
0,0.23485781
0,0.23980655
0,0.2256508
0,0.25175422
0,0.25290036
0,0.23770913
0,0.22357407
0,0.21779655
0,0.21244098
0,0.21230343
0,0.20510234
0,0.19693552
0,0.1970607
0,0.18270198
0,0.16197827
0,0.17321222
0,0.1578848
0,0.17231216
0,0.17737998
0,0.181857
0,0.18453985
0,0.17458597
0,0.15825611
0,0.1710799
0,0.17521462
0,0.17441888
0,0.17394319
0,0.17461851
0,0.15105785
0,0.15759446
0,0.1455695
0,0.15673077
0,0.16915394
0,0.14913225
0,0.14212182
0,0.13820335
0,0.15843906
0,0.15709582
0,0.14659955
0,0.16396455
0,0.17315103
0,0.17931771
0,0.1858919
0,0.16272248
0,0.17724872
0,0.16931805
0,0.15970711
0,0.18020971
0,0.16295864
0,0.18253855
0,0.1906161
0,0.20214587
0,0.17213969
0,0.17069326
0,0.15963803
0,0.18005322
0,0.18784398
0,0.19515201
0,0.19763605
0,0.2021997
0,0.19749816
0,0.1762412
0,0.18932985
0,0.19085462
0,0.19269975
0,0.19372837
0,0.18991858
0,0.1890122
0,0.18371737
0,0.15558758
0,0.16458935
0,0.16550025
0,0.16578649
0,0.16415636
0,0.14636199
0,0.15453044
0,0.15265954
0,0.14184864
0,0.15426707
0,0.14441608
0,0.15532587
0,0.1591793
0,0.16717076
0,0.167324
0,0.15091601
0,0.14826319
0,0.13983351
0,0.15424944
0,0.16155961
0,0.14961787
0,0.16083974
0,0.16654351
0,0.16192359
0,0.15063624
0,0.1527452
0,0.16501534
0,0.23801617
0,0.2177854
0,0.17938456
0,0.18797457
0,0.17594235
0,0.1568001
0,0.16754541
0,0.15598176
0,0.16456772
0,0.1740845
0,0.17466593
0,0.18046914
0,0.15417059
0,0.16626687
0,0.16891973
0,0.16924353
0,0.17295079
0,0.17377655
0,0.17286691
0,0.14837275
0,0.14696755
0,0.13659541
0,0.14844428
0,0.15608273
0,0.14197561
0,0.15390873
0,0.16196147
0,0.15062585
0,0.14422324
0,0.14757402
0,0.16371907
0,0.14787091
0,0.14398335
0,0.14287227
0,0.14641134
0,0.16088171
0,0.16040887
0,0.17613724
0,0.18599851
0,0.18129548
0,0.19595288
0,0.17246072
0,0.20191479
0,0.1796601
0,0.18032898
0,0.18170887
0,0.20156401
0,0.20897864
0,0.21172974
0,0.21132874
0,0.21026798
0,0.19980983
0,0.18860005
0,0.19838588
0,0.17497839
0,0.16900222
0,0.16479903
0,0.18236783
0,0.16983363
0,0.17597827
0,0.16485038
0,0.1794578
0,0.18786368
0,0.19262336
0,0.19727404
0,0.17561433
0,0.19522314
0,0.18773116
0,0.41464764
0,0.36716622
0,0.26306114
0,0.27622575
0,0.26291293
0,0.19981547
0,0.20854194
0,0.17584223
0,0.187305
0,0.19037776
0,0.19828875
0,0.1934678
0,0.15855125
0,0.17212129
0,0.16549589
0,0.15244655
0,0.154967
0,0.14816487
0,0.15548266
0,0.31778136
0,0.25007302
0,0.22052337
0,0.17762244
0,0.16131005
0,0.1665819
0,0.16745174
0,0.17103711
0,0.17158665
0,0.17102589
0,0.25644746
0,0.22927912
0,0.21702418
0,0.20064665
0,0.15096985
0,0.15710321
0,0.1570904
0,0.15783729
0,0.16260399
0,0.1600015
0,0.16729325
0,0.16690023
0,0.14931853
0,0.15940608
0,0.15187734
0,0.15662804
0,0.15871128
0,0.21302658
0,0.21003433
0,0.17726168
0,0.17970094
0,0.17551206
0,0.1690993
0,0.1665365
0,0.14282507
0,0.14589623
0,0.13611102
0,0.14957768
0,0.15463923
0,0.13483922
0,0.14950036
0,0.13582887
0,0.15214269
0,0.14807619
0,0.13873309
0,0.15200932
0,0.15890142
0,0.16317941
0,0.17288888
0,0.17254125
0,0.17316808
0,0.16196728
0,0.14774026
0,0.16045314
0,0.16377807
0,0.16606113
0,0.15279554
0,0.16743276
0,0.1753958
0,0.1648436
0,0.15155871
0,0.1679058
0,0.17190203
0,0.17855366
0,0.15450847
0,0.1501136
0,0.16269873
0,0.16039693
0,0.1851791
0,0.18210784
0,0.15695447
0,0.16957289
0,0.14842053
0,0.1518297
0,0.16325079
0,0.15934813
0,0.17154825
0,0.18339428
0,0.19384326
0,0.19419725
0,0.17519079
0,0.18443795
0,0.18477784
0,0.1695314
0,0.1771975
0,0.16845727
0,0.1727973
0,0.17500478
0,0.17759982
0,0.1720867
0,0.16811062
0,0.15915066
0,0.16982858
0,0.17471774
0,0.17564443
0,0.17933747
0,0.17833069
0,0.18021329
0,0.17026909
0,0.15314083
0,0.16203003
0,0.16294126
0,0.16530621
0,0.14836957
0,0.16168942
0,0.16728272
0,0.14612766
0,0.1448124
0,0.16297415
0,0.16790134
0,0.17591986
0,0.1555306
0,0.16793105
0,0.17480005
0,0.16662724
0,0.156338
0,0.15312885
0,0.16425464
0,0.17298293
0,0.17474315
0,0.2559033
0,0.18604952
0,0.1786962
0,0.16418853
0,0.15931909
0,0.17242192
0,0.16234948
0,0.15160532
0,0.1647895
0,0.17152539
0,0.16183794
0,0.14841613
0,0.14205852
0,0.15855356
0,0.16565032
0,0.17037602
0,0.17724948
0,0.18108137
0,0.16930942
0,0.17782655
0,0.18008754
0,0.16448256
0,0.17732158
0,0.17613594
0,0.17593415
0,0.18000415
0,0.16402444
0,0.18165465
0,0.19333743
0,0.1941052
0,0.20073323
0,0.19605121
0,0.1739526
0,0.16095893
0,0.15494737
0,0.16425046
0,0.16720767
0,0.15719652
0,0.16104715
0,0.1613103
0,0.16049223
0,0.16578987
0,0.16091679
0,0.16475183
0,0.1682351
0,0.17038101
0,0.17293115
0,0.14897126
0,0.16097623
0,0.16221465
0,0.15256463
0,0.16525204
0,0.1522589
0,0.16303764
0,0.16357483
0,0.1501333
0,0.16321146
0,0.16623989
0,0.15619032
0,0.1670229
0,0.16444674
0,0.24254204
0,0.21510854
0,0.1786695
0,0.18955727
0,0.17954642
0,0.1834669
0,0.18538976
0,0.18933088
0,0.18782048
0,0.18865213
0,0.18525106
0,0.18730673
0,0.17095497
0,0.15236567
0,0.1600823
0,0.16119528
0,0.16312195
0,0.14747879
0,0.21713212
0,0.20010237
0,0.17127095
0,0.19861746
0,0.61837935
0,0.4808611
0,0.4028961
0,0.33489513
0,0.2812143
0,0.21949443
0,0.18737285
0,0.1773454
0,0.17277572
0,0.16434176
0,0.15660961
0,0.15531991
0,0.15326713
0,0.1517746
0,0.14085855
0,0.14130156
0,0.14409375
0,0.14620177
0,0.14690824
0,0.14852299
0,0.14873986
0,0.15040337
0,0.14053877
0,0.14766873
0,0.15548654
0,0.15646185
0,0.15890048
0,0.1583166
0,0.15767018
0,0.15902078
0,0.16404949
0,0.180041
0,0.17679717
0,0.17423531
0,0.72095245
0,0.5453823
0,0.8635521
0,0.7508168
0,0.57525957
0,0.5167539
0,0.4554657
0,0.38430992
0,0.33757862
0,0.3001593
0,0.26357207
0,0.23567563
0,0.20199402
0,0.2038635
0,0.1962728
0,0.42239633
0,0.27115163
0,0.22698101
0,0.22135009
0,0.19588651
0,0.16379261
0,0.17197832
0,0.16440795
0,0.436916
0,0.34726557
0,0.31410858
0,0.22334976
0,0.21174587
0,0.17306808
0,0.15522572
0,0.14633621
0,0.13465802
0,0.1458517
0,0.14765394
0,0.15022764
0,0.1441742
0,0.14965713
0,0.14760044
0,0.14979352
0,0.15207307
0,0.15376969
0,0.15456668
0,0.15793163
0,0.15108295
0,0.14330256
0,0.14998913
0,0.15248765
0,0.15474121
0,0.13919766
0,0.1489015
0,0.15373799
0,0.1526184
0,0.1664987
0,0.17608084
0,0.18191296
0,0.17966327
0,0.1838645
0,0.18639551
0,0.17692752
0,0.18933944
0,0.18644437
0,0.18738733
0,0.18754128
0,0.17977728
0,0.35183337
0,0.2930273
0,0.26613596
0,0.2085798
0,0.17100297
0,0.16189465
0,0.16806728
0,0.1580177
0,0.152592
0,0.15512966
0,0.20285448
0,0.18161212
0,0.17644653
0,0.17013742
0,0.16730301
0,0.15591843
0,0.15558994
0,0.15543754
0,0.14957862
0,0.15231554
0,0.15272136
0,0.15242162
0,0.15181419
0,0.1514651
0,0.15106833
0,0.1446611
0,0.1452145
0,0.13649179
0,0.15081319
0,0.1589068
0,0.15328628
0,0.16110586
0,0.17226672
0,0.21848874
0,0.23012611
0,0.26036847
0,0.2457046
0,0.22323301
0,0.6272428
0,0.5342567
0,0.4055583
0,0.3639643
0,0.27826676
0,0.26434916
0,0.2344787
0,0.19399124
0,0.18873395
0,0.18028015
0,0.17228223
0,0.16586462
0,0.22940536
0,0.20013154
0,0.18546717
0,0.17923735
0,0.5746674
0,0.42141405
0,0.35934255
0,0.27631578
0,0.23060547
0,0.20617296
0,0.18174128
0,0.18181363
0,0.17804222
0,0.1841837
0,0.18216616
0,0.17632751
0,0.16700707
0,0.15016732
0,0.49292314
0,0.37173712
0,0.3204586
0,0.23287188
0,0.23554015
0,0.21441722
0,0.19193275
0,0.19124474
0,0.16499594
0,0.17358996
0,0.17036884
0,0.16811995
0,0.1706666
0,0.15181676
0,0.20267792
0,0.5780963
0,0.35127398
0,0.33138847
0,0.25897992
0,0.24804054
0,0.22799769
0,0.20736985
0,0.19223876
0,0.17379832
0,0.17417118
0,0.17095633
0,0.16650242
0,0.17052998
0,0.16597335
0,0.1615516
0,0.15847616
0,0.15398286
0,0.15480408
0,0.15167971
0,0.15371545
0,0.1523129
0,0.15044908
0,0.1440228
0,0.14714748
0,0.15544875
0,0.15577215
0,0.15489326
0,0.16086343
0,0.15871646
0,0.20209037
0,0.17952974
0,0.15432076
0,0.16325219
0,0.1637692
0,0.33009908
0,0.2683847
0,0.23734014
0,0.21469101
0,0.19658117
0,0.16405708
0,0.16504641
0,0.16079833
0,0.15783426
0,0.15706855
0,0.13954696
0,0.14729406
0,0.14022668
0,0.12859383
0,0.14029191
0,0.14481604
0,0.14820515
0,0.15489735
0,0.15425634
0,0.16052458
0,0.14777882
0,0.1371342
0,0.15479723
0,0.16078383
0,0.15972632
0,0.15945694
0,0.14487463
0,0.15431464
0,0.147347
0,0.15858209
0,0.17391261
0,0.17631145
0,0.18045202
0,0.18809092
0,0.18681364
0,0.18386628
0,0.16638665
0,0.15654267
0,0.16705279
0,0.16856928
0,0.17696676
0,0.15530732
0,0.17011721
0,0.1694457
0,0.1602156
0,0.17298926
0,0.15582372
0,0.16977465
0,0.17331196
0,0.18463531
0,0.18485194
0,0.16161679
0,0.15773638
0,0.17117108
0,0.17868496
0,0.18140739
0,0.16135563
0,0.1745837
0,0.18034972
0,0.17319326
0,0.17963593
0,0.19126177
0,0.19025134
0,0.1902998
0,0.19204667
0,0.18727061
0,0.18724485
0,0.17249456
0,0.1782059
0,0.18012767
0,0.17767291
0,0.17727049
0,0.17596377
0,0.17254457
0,0.16853496
0,0.15772568
0,0.1668597
0,0.15533313
0,0.15960842
0,0.16528769
0,0.16472541
0,0.16339935
0,0.16275817
0,0.1530811
0,0.14232476
0,0.15455323
0,0.16006413
0,0.15139496
0,0.15027162
0,0.15929876
0,0.1654433
0,0.15833965
0,0.15308006
0,0.16942003
0,0.17620708
0,0.1813849
0,0.18545614
0,0.17460273
0,0.18009059
0,0.16881706
0,0.17702547
0,0.18626694
0,0.16368549
0,0.15875414
0,0.17964312
0,0.18203951
0,0.17911763
0,0.1680996
0,0.17904486
0,0.18547955
0,0.18746163
0,0.18659985
0,0.16730063
0,0.16303165
0,0.1623309
0,0.15966563
0,0.17073369
0,0.17581071
0,0.17728907
0,0.18065089
0,0.18407005
0,0.18711595
0,0.18128577
0,0.17080922
0,0.18242495
0,0.16986813
0,0.18506907
0,0.18704802
0,0.17761742
0,0.1841976
0,0.18081808
0,0.16722088
0,0.17993055
0,0.16825543
0,0.18267176
0,0.18872954
0,0.19650649
0,0.19710489
0,0.17976962
0,0.1732707
0,0.18749714
0,0.19289273
0,0.19104497
0,0.17525598
0,0.1897531
0,0.17845024
0,0.18218528
0,0.19745001
0,0.18595567
0,0.20061572
0,0.20465358
0,0.20676951
0,0.20958805
0,0.20451899
0,0.19264694
0,0.19781542
0,0.20533222
0,0.20623703
0,0.20732065
0,0.20647918
0,0.20513639
0,0.19859025
0,0.17556989
0,0.18409796
0,0.18629675
0,0.18773611
0,0.19015148
0,0.18683515
0,0.18484183
0,0.16047102
0,0.1534773
0,0.15968402
0,0.1605492
0,0.16287762
0,0.15377757
0,0.15806949
0,0.16361712
0,0.16159882
0,0.15014818
0,0.14413388
0,0.15731962
0,0.17743266
0,0.1534998
0,0.16340174
0,0.15137419
0,0.14700043
0,0.15392219
0,0.16948746
0,0.17531154
0,0.16673568
0,0.17771806
0,0.18332797
0,0.18623875
0,0.18721886
0,0.17997572
0,0.19621843
0,0.20327534
0,0.20457684
0,0.20621487
0,0.20446903
0,0.18611059
0,0.19293967
0,0.189303
0,0.20565172
0,0.21033005
0,0.21407126
0,0.219519
0,0.2159197
0,0.21027155
0,0.2014232
0,0.20532048
0,0.21693343
0,0.20988552
0,0.20338185
0,0.19863184
0,0.18084913
0,0.18803237
0,0.18102136
0,0.18790409
0,0.18911903
0,0.17444418
0,0.1838508
0,0.18315732
0,0.18216592
0,0.18362206
0,0.16756222
0,0.17503907
0,0.17579907
0,0.17243786
0,0.1710313
0,0.15924105
0,0.16778961
0,0.1731921
0,0.16378374
0,0.17256297
0,0.16216435
0,0.17168157
0,0.18501781
0,0.1851323
0,0.18558845
0,0.18628173
0,0.17538099
0,0.18616608
0,0.18742256
0,0.18974237
0,0.1901282
0,0.19010016
0,0.189251
0,0.18647788
0,0.17134722
0,0.18139857
0,0.18341272
0,0.1832665
0,0.18447188
0,0.18485622
0,0.18549563
0,0.16218537
0,0.15810154
0,0.16417103
0,0.16590762
0,0.16845867
0,0.15559968
0,0.16376396
0,0.1701351
0,0.16613899
0,0.15937294
0,0.16149406
0,0.17296152
0,0.17933333
0,0.18041636
0,0.18265384
0,0.16843508
0,0.17468302
0,0.17036408
0,0.18500109
0,0.19221182
0,0.18503879
0,0.19787621
0,0.2057615
0,0.2104906
0,0.20323384
0,0.20924191
0,0.21416055
0,0.21650727
0,0.21636225
0,0.21774763
0,0.21048643
0,0.20557547
0,0.19433475
0,0.20001124
0,0.20296994
0,0.19736719
0,0.19502378
0,0.19947243
0,0.19277751
0,0.18763222
0,0.17570372
0,0.18150577
0,0.18188693
0,0.17826883
0,0.17464396
0,0.17484733
0,0.1579307
0,0.16626194
0,0.1548832
0,0.16214165
0,0.16758533
0,0.15904218
0,0.1676057
0,0.16930096
0,0.17296259
0,0.17439207
0,0.16470642
0,0.17848127
0,0.18210293
0,0.18399957
0,0.18461399
0,0.17214051
0,0.18149137
0,0.18460573
0,0.1740954
0,0.18635397
0,0.1799758
0,0.18088512
0,0.18230735
0,0.1997956
0,0.19539483
0,0.19871232
0,0.20317304
0,0.21200903
0,0.22023702
0,0.23050028
0,0.23635732
0,0.26266846
0,0.27277276
0,0.27370605
0,0.28834143
0,0.26287723
0,0.28958803
0,0.3004785
0,0.30650637
0,0.3136908
0,0.31294426
0,0.29667485
0,0.28831246
0,0.30868322
0,0.31280693
0,0.31412506
0,0.2968697
0,0.3161838
0,0.3152175
0,0.29818094
0,0.30864587
0,0.28400317
0,0.290578
0,0.284458
0,0.2698632
0,0.24759176
0,0.2148794
0,0.20382257
0,0.20879513
0,0.20987724
0,0.20673022
0,0.19410084
0,0.20484714
0,0.20877959
0,0.21019036
0,0.19717355
0,0.2051218
0,0.21555838
0,0.22327709
0,0.22276194
0,0.22028962
0,0.21845274
0,0.21215968
0,0.21068953
0,0.20022286
0,0.19336082
0,0.18456022
0,0.19718666
0,0.19156645
0,0.20057464
0,0.20816272
0,0.21135212
0,0.21598712
0,0.20305906
0,0.21619649
0,0.22014916
0,0.21660493
0,0.20095493
0,0.20920211
0,0.2122207
0,0.21125259
0,0.20902011
0,0.19589424
0,0.20417312
0,0.20649895
0,0.20594378
0,0.2026701
0,0.19508001
0,0.21465299
0,0.22302145
0,0.22844228
0,0.23252565
0,0.21926531
0,0.2230384
0,0.21602525
0,0.21490727
0,0.20945352
0,0.1912979
0,0.20336914
0,0.2063928
0,0.20928256
0,0.20985037
0,0.20347527
0,0.20471172
0,0.21099758
0,0.21663429
0,0.21369287
0,0.20829308
0,0.20829889
0,0.21186632
0,0.20024163
0,0.20282114
0,0.20046832
0,0.19920951
0,0.19888395
0,0.20278144
0,0.18384348
0,0.18259975
0,0.18003316
0,0.17821576
0,0.19096908
0,0.19223255
0,0.19279116
0,0.182962
0,0.19513871
0,0.19792247
0,0.18950245
0,0.19522388
0,0.19231825
0,0.20592871
0,0.20344652
0,0.21705884
0,0.21656786
0,0.2215622
0,0.2335729
0,0.23773733
0,0.26289746
0,0.2765386
0,0.26636675
0,0.28982884
0,0.29519245
0,0.3045369
0,0.30629212
0,0.30760774
0,0.32475886
0,0.3231795
0,0.31867173
0,0.31744966
0,0.31864706
0,0.3126664
0,0.2908763
0,0.290124
0,0.48033822
0,0.38371593
0,0.3517856
0,0.32400194
0,0.30230638
0,0.27599263
0,0.23429345
0,0.23262782
0,0.21672274
0,0.20718688
0,0.19701399
0,0.18784985
0,0.17295618
0,0.17003779
0,0.1728451
0,0.17255671
0,0.1646845
0,0.16480717
0,0.16666251
0,0.1688872
0,0.18114589
0,0.1829077
0,0.18436936
0,0.18948865
0,0.19499211
0,0.20877469
0,0.21338207
0,0.22942676
0,0.24227539
0,0.25311902
0,0.27140364
0,0.29838613
0,0.27451524
0,0.30374897
0,0.28226382
0,0.30612355
0,0.28751573
0,0.2853918
0,0.30666187
0,0.3135112
0,0.29263377
0,0.2897312
0,0.2737582
0,0.28993788
0,0.2755971
0,0.27936062
0,0.3063621
0,0.2819444
0,0.2859685
0,0.28330886
0,0.30731037
0,0.28447896
0,0.28932774
0,0.28529736
0,0.2859296
0,0.31226215
0,0.286834
0,0.28644654
0,0.27771145
0,0.30450708
0,0.28710252
0,0.2826646
0,0.27965873
0,0.2762425
0,0.26936978
0,0.27114084
0,0.30109644
0,0.2834053
0,0.28574795
0,0.2793233
0,0.28061602
0,0.30740035
0,0.29127046
0,0.28194168
0,0.28607365
0,0.27681124
0,0.27749145
0,0.27291724
0,0.2742063
0,0.30588928
0,0.2853344
0,0.27676213
0,0.2707321
0,0.30272445
0,0.2927432
0,0.28831783
0,0.28566065
0,0.27857515
0,0.27394146
0,0.27264613
0,0.30300263
0,0.28742763
0,0.28780773
0,0.28412673
0,0.27615988
0,0.30492434
0,0.2878827
0,0.2787872
0,0.31073228
0,0.29344314
0,0.28269795
0,0.28033617
0,0.2758284
0,0.27902067
0,0.2737199
0,0.40283644
0,0.32775265
0,0.30335468
0,0.29431397
0,0.29443905
0,0.28174794
0,0.31367242
0,0.31831422
0,0.28290316
0,0.27805743
0,0.2740335
0,0.2687395
0,0.266346
0,0.26921073
0,0.2780188
0,0.268863
0,0.26906705
0,0.3045698
0,0.28404552
0,0.29489556
0,0.29360113
0,0.27995643
0,0.27485707
0,0.27805287
0,0.27667195
0,0.30115426
0,0.28481477
0,0.28218198
0,0.2858775
0,0.27441594
0,0.27077225
0,0.26658526
0,0.26467624
0,0.26234847
0,0.2755579
0,0.3067603
0,0.3235193
0,0.2981353
0,0.29250374
0,0.28744686
0,0.27909157
0,0.2690097
0,0.28694415
0,0.27989018
0,0.27483097
0,0.2812485
0,0.28112462
0,0.27310732
0,0.27881154
0,0.27384722
0,0.27327988
0,0.27259594
0,0.28548828
0,0.27592164
0,0.27750582
0,0.27283394
0,0.27180195
0,0.27013355
0,0.27417722
0,0.2672027
0,0.27297583
0,0.263627
0,0.41927233
0,0.34641322
0,0.33161718
0,0.34957165
0,0.3446765
0,0.33167925
0,0.31990665
0,0.31087422
0,0.30120116
0,0.29712912
0,0.29377046
0,0.2980088
0,0.29179215
0,0.28247145
0,0.29043016
0,0.28588572
0,0.33867115
0,0.3032379
0,0.32273123
0,0.28485054
0,0.27158886
0,0.4744041
0,0.33022684
0,0.2700332
0,0.2182845
0,0.22650972
0,0.1953368
0,0.17522834
0,0.1721696
0,0.17412977
0,0.23471582
0,0.23453818
0,0.2093781
0,0.22399163
0,0.20033468
0,0.1919499
0,0.172807
0,0.16488783
0,0.1741421
0,0.16102035
0,0.17153771
0,0.1758126
0,0.18360561
0,0.16242792
0,0.17679279
0,0.1863982
0,0.19223581
0,0.19539112
0,0.17438012
0,0.19108039
0,0.17561413
0,0.23673622
0,0.23251855
0,0.22437364
0,0.21684258
0,0.19532797
0,0.20137556
0,0.20077094
0,0.1994038
0,0.18596171
0,0.17655565
0,0.1901429
0,0.19065426
0,0.19302754
0,0.1929062
0,0.16493595
0,0.17831634
0,0.16604172
0,0.15559636
0,0.17065497
0,0.1583385
0,0.17086032
0,0.17689691
0,0.18062195
0,0.18763207
0,0.16698718
0,0.18102449
0,0.1643018
0,0.17893574
0,0.18662485
0,0.17050181
0,0.18575059
0,0.18750659
0,0.1757218
0,0.1669114
0,0.17009111
0,0.19066389
0,0.19501711
0,0.19635497
0,0.20070581
0,0.19497557
0,0.1866672
0,0.1986003
0,0.20328361
0,0.17933354
0,0.19059753
0,0.19213991
0,0.19807713
0,0.18907318
0,0.17252372
0,0.18552747
0,0.16951016
0,0.18383682
0,0.17200428
0,0.18394321
0,0.19254214
0,0.18190056
0,0.18744801
0,0.18894255
0,0.19326214
0,0.19641322
0,0.1651322
0,0.1780538
0,0.18172045
0,0.171206
0,0.18050645
0,0.16455442
0,0.1620952
0,0.17387243
0,0.17911965
0,0.18052098
0,0.1633763
0,0.16711882
0,0.17921332
0,0.18376073
0,0.18707393
0,0.1775155
0,0.18588369
0,0.16692927
0,0.17791265
0,0.17016876
0,0.1763935
0,0.18480058
0,0.18910702
0,0.1932272
0,0.20141222
0,0.19905807
0,0.20078799
0,0.18354179
0,0.19410199
0,0.19962083
0,0.19260125
0,0.19326046
0,0.19786368
0,0.1960552
0,0.1675006
0,0.1608548
0,0.16949733
0,0.17437525
0,0.1806797
0,0.17962477
0,0.18044251
0,0.16188632
0,0.16838776
0,0.15493475
0,0.16227068
0,0.16482924
0,0.14924432
0,0.16151895
0,0.1658132
0,0.15239264
0,0.1599411
0,0.15544072
0,0.16976875
0,0.17982405
0,0.18634498
0,0.1876243
0,0.16724756
0,0.18180718
0,0.18035185
0,0.17007114
0,0.18467434
0,0.1776386
0,0.18664487
0,0.19138834
0,0.1948881
0,0.19372149
0,0.18868198
0,0.17841019
0,0.177096
0,0.20159695
0,0.20995475
0,0.21370862
0,0.21434659
0,0.21030456
0,0.19681
0,0.18338016
0,0.17360131
0,0.18425608
0,0.18500349
0,0.16549602
0,0.1766137
0,0.17881726
0,0.17072941
0,0.16227973
0,0.17372465
0,0.16179429
0,0.17315722
0,0.1612618
0,0.1977737
0,0.19096024
0,0.1754971
0,0.18606032
0,0.17103758
0,0.18336216
0,0.18409666
0,0.18645199
0,0.19069135
0,0.17122436
0,0.16737922
0,0.18121302
0,0.18882625
0,0.19313654
0,0.18240681
0,0.1917334
0,0.1934797
0,0.19131315
0,0.17730887
0,0.18096045
0,0.32781002
0,0.27435374
0,0.26218325
0,0.23887931
0,0.22324514
0,0.19994836
0,0.16855422
0,0.15906772
0,0.1498066
0,0.15672396
0,0.16016705
0,0.14266452
0,0.16113898
0,0.15433413
0,0.1430088
0,0.15738197
0,0.16475162
0,0.16750245
0,0.17098348
0,0.17343566
0,0.15210825
0,0.15178835
0,0.13952687
0,0.15230305
0,0.15968701
0,0.14254048
0,0.15554923
0,0.16226074
0,0.14689034
0,0.15474525
0,0.15745789
0,0.17840658
0,0.1859267
0,0.18910389
0,0.19024661
0,0.1697689
0,0.18038079
0,0.17136492
0,0.15944728
0,0.1823787
0,0.16156407
0,0.1760455
0,0.16161251
0,0.17545885
0,0.18254098
0,0.16918866
0,0.16758448
0,0.17033686
0,0.19296248
0,0.19942719
0,0.20311229
0,0.18041939
0,0.1950553
0,0.18650854
0,0.19801791
0,0.17848058
0,0.17654255
0,0.17700636
0,0.1963394
0,0.18298922
0,0.18315318
0,0.19347842
0,0.20704697
0,0.24285412
0,0.23736706
0,0.26483613
0,0.2519618
0,0.27989855
0,0.27580768
0,0.2696051
0,0.2818433
0,0.2550835
0,0.28175604
0,0.28652558
0,0.28775853
0,0.27245858
0,0.2246602
0,0.21522103
0,0.26128688
0,0.24791846
0,0.2808858
0,0.25334585
0,0.25391242
0,0.30159387
0,0.25681916
0,0.21434322
0,0.20032877
0,0.21712439
0,0.20655227
0,0.20157859
0,0.20524031
0,0.19721664
0,0.22381495
0,0.18275169
0,0.1985651
0,0.19815643
0,0.1702332
0,0.17631294
0,0.18440053
0,0.17907222
0,0.17257427
0,0.17847995
0,0.18061356
0,0.17850901
0,0.17477171
0,0.17054157
0,0.1652187
0,0.1506548
0,0.14612378
0,0.1388519
0,0.14488389
0,0.1515606
0,0.1400986
0,0.13455528
0,0.14829287
0,0.1560634
0,0.16251339
0,0.14797153
0,0.1610311
0,0.16708186
0,0.17457876
0,0.18058342
0,0.16175386
0,0.17267892
0,0.15436879
0,0.14872631
0,0.14779381
0,0.14818767
0,0.15295492
0,0.17259517
0,0.17472994
0,0.22649215
0,0.2054481
0,0.21448894
0,0.21541865
0,0.21262783
0,0.18847358
0,0.19691938
0,0.17266604
0,0.16811119
0,0.18582764
0,0.1726099
0,0.18795158
0,0.19706754
0,0.20547667
0,0.21362013
0,0.2149755
0,0.18955976
0,0.19048917
0,0.21658444
0,0.21529475
0,0.2191862
0,0.1790836
0,0.16139768
0,0.17364421
0,0.19511475
0,0.16904129
0,0.17812462
0,0.15998945
0,0.17661618
0,0.2013252
0,0.20455898
0,0.1961019
0,0.17678614
0,0.16238031
0,0.16002396
0,0.17127259
0,0.15595321
0,0.1513323
0,0.16936266
0,0.17774415
0,0.17678899
0,0.17125326
0,0.1741022
0,0.19665298
0,0.18807715
0,0.19801897
0,0.20329048
0,0.19395553
0,0.20799556
0,0.182381
0,0.17700626
0,0.18704131
0,0.19394137
0,0.24386452
0,0.22723982
0,0.22451155
0,0.20589022
0,0.19021161
0,0.2051115
0,0.20654608
0,0.17237125
0,0.18009125
0,0.17840229
0,0.15239638
0,0.15125348
0,0.140601
0,0.15529422
0,0.16202517
0,0.14642307
0,0.15679368
0,0.16084991
0,0.1809329
0,0.1714455
0,0.1612955
0,0.1709421
0,0.171925
0,0.17493697
0,0.20346919
0,0.16479875
0,0.17339656
0,0.1618821
0,0.17015347
0,0.18130326
0,0.16218998
0,0.15732673
0,0.17170157
0,0.18004188
0,0.18155997
0,0.17169861
0,0.17681918
0,0.17986093
0,0.16802354
0,0.17601877
0,0.17973891
0,0.18169202
0,0.15863091
0,0.16935241
0,0.17582405
0,0.18076557
0,0.1828845
0,0.19229712
0,0.16310595
0,0.17785722
0,0.17598009
0,0.16195634
0,0.18183672
0,0.2293004
0,0.20883508
0,0.17724258
0,0.16296037
0,0.17225699
0,0.15656033
0,0.1452732
0,0.16376439
0,0.15425682
0,0.18655592
0,0.19142973
0,0.1925521
0,0.1679012
0,0.15783963
0,0.15875414
0,0.17261302
0,0.18020621
0,0.18507433
0,0.16336413
0,0.18679765
0,0.19200186
0,0.16737919
0,0.15948743
0,0.16363911
0,0.16016197
0,0.15999292
0,0.17685436
0,0.16965091
0,0.18877335
0,0.18244344
0,0.19057247
0,0.18885751
0,0.20855883
0,0.22744934
0,0.22430024
0,0.22448872
0,0.2068853
0,0.20925711
0,0.20262803
0,0.240868
0,0.26134166
0,0.2634566
0,0.24785426
0,0.24476601
0,0.22139817
0,0.24500008
0,0.25547203
0,0.29900202
0,0.29959184
0,0.27854535
0,0.30241233
0,0.29768914
0,0.3220348
0,0.25808606
0,0.22125025
0,0.22332865
0,0.21948922
0,0.21848781
0,0.21125412
0,0.19093211
0,0.1973257
0,0.18407546
0,0.20033185
0,0.18842788
0,0.18900782
0,0.20763342
0,0.20603219
0,0.21240662
0,0.20877929
0,0.1998977
0,0.21448371
0,0.21745288
0,0.21329753
0,0.20724119
0,0.20438088
0,0.20104057
0,0.19436498
0,0.18188947
0,0.19988017
0,0.20460314
0,0.18912205
0,0.20733333
0,0.22343844
0,0.21831031
0,0.2023672
0,0.18950255
0,0.2041679
0,0.20763238
0,0.20536096
0,0.20088857
0,0.17515662
0,0.18524407
0,0.17368175
0,0.16135547
0,0.17591566
0,0.16312167
0,0.18374775
0,0.16940618
0,0.18332396
0,0.18872811
0,0.17723466
0,0.22223139
0,0.21032459
0,0.20643672
0,0.2040002
0,0.18897584
0,0.1939914
0,0.19510734
0,0.18114017
0,0.1695242
0,0.17847353
0,0.18939187
0,0.19442868
0,0.17737098
0,0.17208052
0,0.18721944
0,0.17981498
0,0.19608544
0,0.20064078
0,0.20355424
0,0.19867712
0,0.19332719
0,0.19131196
0,0.18861665
0,0.17197822
0,0.18427385
0,0.18841532
0,0.19103916
0,0.19366285
0,0.17662728
0,0.20370957
0,0.18898913
0,0.18214126
0,0.19533463
0,0.17805205
0,0.1939197
0,0.18023847
0,0.19088404
0,0.19245416
0,0.18548483
0,0.1719926
0,0.16703866
0,0.17562082
0,0.1833318
0,0.19026504
0,0.19682403
0,0.1774733
0,0.18326946
0,0.17640173
0,0.1955736
0,0.19990267
0,0.18837626
0,0.20353548
0,0.21364838
0,0.21169578
0,0.20523866
0,0.19461724
0,0.21340118
0,0.21968083
0,0.22018458
0,0.22270179
0,0.21415831
0,0.20764574
0,0.19720232
0,0.1814016
0,0.17771585
0,0.17599759
0,0.19339289
0,0.19958666
0,0.20326012
0,0.20155112
0,0.188736
0,0.181143
0,0.19572796
0,0.20065062
0,0.2003171
0,0.19923252
0,0.1830989
0,0.19269383
0,0.18522243
0,0.1970577
0,0.19992082
0,0.18657337
0,0.18428497
0,0.19976841
0,0.20453304
0,0.20365077
0,0.19147377
0,0.2067053
0,0.21251434
0,0.21199419
0,0.19505186
0,0.18482739
0,0.18201992
0,0.18184716
0,0.18733878
0,0.19224367
0,0.20374724
0,0.23365551
0,0.23352014
0,0.25385046
0,0.26259604
0,0.25683218
0,0.2477204
0,0.27293316
0,0.27759948
0,0.28062695
0,0.2523642
0,0.25185937
0,0.26498827
0,0.26811498
0,0.28847718
0,0.27621633
0,0.26343444
0,0.2751148
0,0.26075116
0,0.25754574
0,0.2677474
0,0.24826448
0,0.23682268
0,0.19919053
0,0.19943711
0,0.195868
0,0.1752716
0,0.18537131
0,0.18545663
0,0.17655419
0,0.18263143
0,0.17323783
0,0.1875244
0,0.19199869
0,0.1926629
0,0.19503689
0,0.17290244
0,0.17344591
0,0.1823804
0,0.18892728
0,0.1879408
0,0.16919151
0,0.18563414
0,0.1872347
0,0.18965836
0,0.1790195
0,0.18369673
0,0.18870607
0,0.1860745
0,0.18657409
0,0.18488188
0,0.18379596
0,0.18337241
0,0.1675129
0,0.17529432
0,0.17387171
0,0.17845185
0,0.17709146
0,0.17765635
0,0.17847767
0,0.17960185
0,0.16828446
0,0.16383362
0,0.1585897
0,0.17219597
0,0.16373919
0,0.1739316
0,0.17125802
0,0.17866167
0,0.17146748
0,0.17015871
0,0.186264
0,0.18001819
0,0.19537205
0,0.20258375
0,0.20813327
0,0.2061249
0,0.20010349
0,0.2103248
0,0.21629535
0,0.21601191
0,0.21525009
0,0.26768357
0,0.25019792
0,0.22179464
0,0.22315313
0,0.22113854
0,0.19062227
0,0.18036526
0,0.19006905
0,0.19044758
0,0.18638064
0,0.17558962
0,0.18089296
0,0.1793123
0,0.17712879
0,0.17543657
0,0.17261772
0,0.16859846
0,0.16849887
0,0.16196616
0,0.15296295
0,0.16483118
0,0.16765565
0,0.15100078
0,0.16461548
0,0.1672317
0,0.16965786
0,0.1614754
0,0.17548238
0,0.17470372
0,0.17855988
0,0.1884793
0,0.17380606
0,0.18091157
0,0.18281657
0,0.16926391
0,0.17851788
0,0.16452852
0,0.17730714
0,0.17922762
0,0.16768795
0,0.17973572
0,0.17114466
0,0.17220916
0,0.18612377
0,0.19436793
0,0.19667058
0,0.17964141
0,0.19359505
0,0.19395654
0,0.19333835
0,0.18003392
0,0.18456697
0,0.19605161
0,0.20041965
0,0.20305401
0,0.20371868
0,0.1828618
0,0.1987186
0,0.18491027
0,0.19738704
0,0.20450701
0,0.20241992
0,0.18197404
0,0.31561577
0,0.26318946
0,0.22700359
0,0.19243716
0,0.1972042
0,0.19341657
0,0.19064698
0,0.18402952
0,0.1809336
0,0.1798765
0,0.15666524
0,0.16524027
0,0.1667278
0,0.16754557
0,0.14996263
0,0.1571951
0,0.15939589
0,0.14435574
0,0.1497735
0,0.14325377
0,0.15737833
0,0.15647475
0,0.16054082
0,0.16273336
0,0.15454257
0,0.16653728
0,0.16011606
0,0.15247169
0,0.15573208
0,0.15264201
0,0.1703313
0,0.17052066
0,0.17581783
0,0.18503112
0,0.19436325
0,0.20375785
0,0.21524586
0,0.23758942
0,0.24365161
0,0.24702519
0,0.24958085
0,0.2850804
0,0.27820757
0,0.2715687
0,0.26588118
0,0.30727106
0,0.31976336
0,0.32796985
0,0.3420472
0,0.3375347
0,0.31178382
0,0.2970666
0,0.3230676
0,0.33161065
0,0.3375168
0,0.29634443
0,0.3277835
0,0.33037904
0,0.30052367
0,0.32594702
0,0.2936067
0,0.28093442
0,0.26432928
0,0.27959514
0,0.28013745
0,0.23607592
0,0.21215263
0,0.21745673
0,0.21479928
0,0.20924765
0,0.18978399
0,0.20037608
0,0.20222415
0,0.19777846
0,0.18437839
0,0.19243123
0,0.20934442
0,0.21783131
0,0.20293486
0,0.2198932
0,0.22046308
0,0.20567735
0,0.19265251
0,0.21133979
0,0.21546853
0,0.20983556
0,0.21270685
0,0.2126499
0,0.20431453
0,0.19226772
0,0.17887525
0,0.1839189
0,0.18768255
0,0.19028579
0,0.19103178
0,0.17209002
0,0.16479078
0,0.16911636
0,0.16635053
0,0.17565423
0,0.18370725
0,0.17087941
0,0.18166634
0,0.18537118
0,0.18885548
0,0.17671227
0,0.1738551
0,0.18540296
0,0.19354936
0,0.19759044
0,0.19710575
0,0.18368962
0,0.18318683
0,0.19389851
0,0.21256146
0,0.2253303
0,0.22260517
0,0.2482575
0,0.25642928
0,0.25755003
0,0.24914281
0,0.243044
0,0.26254243
0,0.26631638
0,0.2594796
0,0.22642094
0,0.22579485
0,0.23165551
1,0.2219736
1,0.20574358
1,0.22392832
1,0.22126989
1,0.2283469
1,0.22794983
1,0.22632684
1,0.22196035
1,0.20525905
1,0.18952262
1,0.19882393
1,0.19773
1,0.19692898
1,0.19274302
1,0.17587674
0,0.8985386
0,0.75575435
0,0.62593055
0,0.4834824
0,0.39417443
0,0.3597046
0,0.32271314
0,0.3034089
0,0.27061376
0,0.20978807
0,0.1692199
0,0.14824952
0,0.15325658
0,0.13694577
0,0.13021833
0,0.14407176
0,0.15066397
0,0.14562774
0,0.14968143
0,0.14010292
0,0.13381259
0,0.1460125
0,0.15124834
0,0.13577938
0,0.14799443
0,0.14171018
0,0.15182404
0,0.15359108
0,0.16079234
0,0.16011725
0,0.24982052
0,0.23771095
0,0.22315039
0,0.20024635
0,0.18804307
0,0.20109613
0,0.20843709
0,0.18766278
0,0.19889148
0,0.19551018
0,0.17825933
0,0.17205288
0,0.18002854
0,0.18144329
0,0.17308305
0,0.170457
0,0.1810312
0,0.18419266
0,0.18505163
0,0.17280893
0,0.17594083
0,0.18761703
0,0.19237913
0,0.19573396
0,0.18117923
0,0.17984903
0,0.1915692
0,0.18528081
0,0.20051056
0,0.21112218
0,0.19655927
0,0.211241
0,0.21286634
0,0.21126886
0,0.2025523
0,0.21150085
0,0.19742294
0,0.20669006
0,0.21628314
0,0.2127796
0,0.20977569
0,0.20893759
0,0.19486378
0,0.18839432
0,0.18796149
0,0.18840657
0,0.20577295
0,0.21355128
0,0.21424973
0,0.19623661
0,0.2002396
0,0.21153589
0,0.21643277
0,0.21388675
0,0.20852517
0,0.21279447
0,0.18948674
0,0.19733833
0,0.19154541
0,0.19814825
0,0.20200884
0,0.1922912
0,0.20200594
0,0.19198154
0,0.20413096
0,0.19040449
0,0.18670012
0,0.20193976
0,0.21063754
0,0.19820547
0,0.20775229
0,0.19488837
0,0.20337327
0,0.204383
0,0.20485498
0,0.21603672
0,0.19679078
0,0.20500419
0,0.20598866
0,0.20356062
0,0.20643842
0,0.20275961
0,0.19423933
0,0.21428835
0,0.21346386
0,0.1997762
0,0.20506059
0,0.20769015
0,0.20843904
0,0.20573634
0,0.19337524
0,0.19761612
0,0.18468542
0,0.19094771
0,0.19212669
0,0.17640223
0,0.17188889
0,0.18480752
0,0.18861483
0,0.19178256
0,0.19482246
0,0.19840614
0,0.18598421
0,0.19776435
0,0.202741
0,0.19849965
0,0.18613291
0,0.18400694
0,0.18520777
0,0.19085418
0,0.19998433
0,0.21095689
0,0.2940803
0,0.26176643
0,0.24176185
0,0.23944443
0,0.26287982
0,0.2504918
0,0.27333274
0,0.2578025
0,0.26360023
0,0.25002176
0,0.2486534
0,0.23114525
0,0.24716616
0,0.24002154
0,0.21834707
0,0.21858759
0,0.23547421
0,0.24963996
0,0.24395968
0,0.2775839
0,0.28293732
0,0.281833
0,0.25302997
0,0.23694874
0,0.24778621
0,0.23943749
0,0.24218835
0,0.24278916
0,0.22144443
0,0.23404814
0,0.2925028
0,0.2702875
0,0.28241336
0,0.25816053
0,0.29481336
0,0.30335206
0,0.28415242
0,0.30253905
0,0.2815576
0,0.27706
0,0.29795372
0,0.27970272
0,0.30063385
0,0.27824742
0,0.30889648
0,0.26978475
0,0.25725758
0,0.27981448
0,0.24758181
0,0.25229555
0,0.25447384
0,0.25439638
0,0.25280276
0,0.2809555
0,0.26671773
0,0.26022395
0,0.28544995
0,0.26659703
0,0.25913256
0,0.29512545
0,0.3061063
0,0.32207403
0,0.28327325
0,0.27357402
0,0.2909865
0,0.3129526
0,0.32037854
0,0.3265179
0,0.29984474
0,0.33505782
0,0.29708168
0,0.3182017
0,0.30539787
0,0.31985378
0,0.32121
0,0.3179279
0,0.32147062
0,0.29867393
0,0.28474447
0,0.27680305
0,0.27973938
0,0.29330048
0,0.2668686
0,0.28958148
0,0.29306886
0,0.29169056
0,0.2861481
0,0.24926227
0,0.24449557
0,0.26608753
0,0.24920173
0,0.26953784
0,0.31287023
0,0.25482705
0,0.23800233
0,0.2563695
0,0.25356
0,0.25612128
0,0.26657596
0,0.28988713
0,0.27752012
0,0.28511143
0,0.27899182
0,0.2798334
0,0.25748283
0,0.2545176
0,0.23873031
0,0.22999924
0,0.23799668
0,0.23598605
0,0.23298655
0,0.233849
0,0.21620587
0,0.23150493
0,0.24924693
0,0.2398232
0,0.23213856
0,0.22008042
0,0.1965802
0,0.21067604
0,0.19444421
0,0.21218188
0,0.24212103
0,0.21847437
0,0.20676446
0,0.23119171
0,0.2217673
0,0.21491523
0,0.20078668
0,0.21769103
0,0.22397752
0,0.21741626
0,0.20957075
0,0.1850389
0,0.19387048
0,0.2006261
0,0.18280222
0,0.19175586
0,0.17928821
0,0.20113681
0,0.20441484
0,0.21177422
0,0.207906
0,0.20311652
0,0.21840966
0,0.2138266
0,0.2090041
0,0.20538048
0,0.19942535
0,0.19683886
0,0.19327
0,0.18542166
0,0.18763728
0,0.19214427
0,0.19226918
0,0.19606274
0,0.19477719
0,0.19390872
0,0.19040473
0,0.17581461
0,0.18993038
0,0.183735
0,0.15996896
0,0.16997163
0,0.15351899
0,0.15433829
0,0.16312824
0,0.15061027
0,0.15457955
0,0.15388685
0,0.16861762
0,0.1750542
0,0.16786136
0,0.18096113
0,0.1721429
0,0.19804779
0,0.19805615
0,0.18640205
0,0.19583361
0,0.18630019
0,0.19665696
0,0.19983137
0,0.20222832
0,0.19559394
0,0.22911678
0,0.22148564
0,0.21933308
0,0.22102067
0,0.22728837
0,0.2181467
0,0.21419777
0,0.1954173
0,0.20130304
0,0.1946846
0,0.19120975
0,0.19175206
0,0.18756594
0,0.18269849
0,0.15846449
0,0.16122615
0,0.16653422
0,0.16752827
0,0.16912594
0,0.15314299
0,0.16582711
0,0.15226802
0,0.15654671
0,0.15111776
0,0.16138232
0,0.17229944
0,0.16729999
0,0.16560605
0,0.16544844
0,0.18345135
0,0.19220331
0,0.18691684
0,0.2042509
0,0.211868
0,0.21678369
0,0.22059163
0,0.3561248
0,0.28641436
0,0.24485952
0,0.23775591
0,0.23591222
0,0.20872368
0,0.22631188
0,0.21925095
0,0.18218859
0,0.1909237
0,0.16865093
0,0.1612752
0,0.17482044
0,0.17076436
0,0.16802958
0,0.16635562
0,0.16418175
0,0.16357249
0,0.1530741
0,0.15701824
0,0.15784606
0,0.16483015
0,0.1710824
0,0.16075338
0,0.16823772
0,0.17012654
0,0.1596786
0,0.16908714
0,0.17285858
0,0.1805822
0,0.20609693
0,0.18777072
0,0.19646116
0,0.1978883
0,0.20476194
0,0.19875194
0,0.18043502
0,0.1862299
0,0.18832265
0,0.18593824
0,0.2515311
0,0.19112737
0,0.17766562
0,0.18514906
0,0.18901674
0,0.18466051
0,0.16651644
0,0.17475495
0,0.17644656
0,0.19034863
0,0.17001337
0,0.17194262
0,0.1848458
0,0.17963797
0,0.18896116
0,0.16616513
0,0.18249017
0,0.17318843
0,0.17179897
0,0.18649855
0,0.17847428
0,0.17700802
0,0.15814897
0,0.16443816
0,0.17427008
0,0.16174985
0,0.16551222
0,0.16821067
0,0.16894811
0,0.17899582
0,0.17767002
0,0.17385742
0,0.17289542
0,0.16400188
0,0.16707797
0,0.17259403
0,0.17676541
0,0.16146426
0,0.17187472
0,0.17534153
0,0.17766452
0,0.16772772
0,0.15846255
0,0.17305519
0,0.17705937
0,0.17916581
0,0.18390948
0,0.17308988
0,0.18033639
0,0.18572477
0,0.18393305
0,0.18264449
0,0.17336583
0,0.17898853
0,0.19363052
0,0.18733084
0,0.18424669
0,0.17329536
0,0.17901579
0,0.18183477
0,0.1828896
0,0.18137476
0,0.18298994
0,0.18065326
0,0.18024041
0,0.18932831
0,0.18591212
0,0.18313815
0,0.16845086
0,0.17530303
0,0.20616622
0,0.1981507
0,0.1924433
0,0.18860105
0,0.18394151
0,0.18037762
0,0.16426462
0,0.16867906
0,0.16735122
0,0.1634148
0,0.15365842
0,0.16270563
0,0.16474512
0,0.16789569
0,0.1671538
0,0.15655462
0,0.16898707
0,0.1662871
0,0.16464524
0,0.16508786
0,0.16335276
0,0.16665797
0,0.1602638
0,0.16859518
0,0.17347148
0,0.16621494
0,0.17557071
0,0.1819419
0,0.18773828
0,0.18840556
0,0.22490278
0,0.20949557
0,0.20366679
0,0.19886124
0,0.19577482
0,0.20428658
0,0.1946618
0,0.18907075
0,0.17895342
0,0.1828556
0,0.18944727
0,0.1882883
0,0.1901934
0,0.19251275
0,0.19217992
0,0.19323905
0,0.19391924
0,0.1887679
0,0.1874671
0,0.18403447
0,0.17969243
0,0.16577753
0,0.17791161
0,0.17322221
0,0.17502148
0,0.17770408
0,0.16934097
0,0.17778328
0,0.18346283
0,0.18789792
0,0.20522153
0,0.19960883
0,0.20477314
0,0.21349958
0,0.21257111
0,0.21580164
0,0.20874873
0,0.2125526
0,0.21687011
0,0.20864274
0,0.21886796
0,0.2194189
0,0.23566897
0,0.2454003
0,0.2539639
0,0.26276845
0,0.26479578
0,0.25848773
0,0.27348384
0,0.27971175
0,0.2815846
0,0.26961237
0,0.27843818
0,0.26869175
0,0.26441976
0,0.25758547
0,0.24698128
0,0.23891278
0,0.23324944
0,0.23176509
0,0.23144375
0,0.22728862
0,0.22113577
0,0.21900576
0,0.21309237
0,0.20965119
0,0.20573756
0,0.19218089
0,0.20370096
0,0.1989192
0,0.19723238
0,0.19493434
0,0.18728186
0,0.20438881
0,0.20372252
0,0.20100117
0,0.1996939
0,0.1878268
0,0.19599804
0,0.20360576
0,0.20733413
0,0.21532373
0,0.2117868
0,0.22461073
0,0.23115097
0,0.24210379
0,0.24596205
0,0.2561556
0,0.26343015
0,0.27092135
0,0.27985048
0,0.28842545
0,0.28148377
0,0.28031105
0,0.2672518
0,0.27020267
0,0.2708321
0,0.2659628
0,0.2551243
0,0.27345538
0,0.26387578
0,0.29106772
0,0.24229732
0,0.24996577
0,0.24303244
0,0.25127319
0,0.23623554
0,0.21271737
0,0.20269924
0,0.20185378
0,0.18758604
0,0.19127302
0,0.19008006
0,0.1754926
0,0.18918909
0,0.18565647
0,0.18563734
0,0.18574265
0,0.18471752
0,0.18946448
0,0.19869025
0,0.1988028
0,0.19902013
0,0.18681982
0,0.18989106
0,0.19678074
0,0.20464803
0,0.21179664
0,0.2225604
0,0.24327463
0,0.2446003
0,0.26891145
0,0.30117556
0,0.2785752
0,0.28990674
0,0.30264783
0,0.30398285
0,0.31306514
0,0.29036218
0,0.30190274
0,0.30112746
0,0.30047178
0,0.30521688
0,0.30631423
0,0.31093225
0,0.31029257
0,0.28661698
0,0.31654564
0,0.30726692
0,0.29905587
0,0.30041826
0,0.29983783
0,0.31720817
0,0.3061453
0,0.27956173
0,0.2939399
0,0.28151184
0,0.26391542
0,0.25636727
0,0.24327165
0,0.24083972
0,0.2640912
0,0.28558248
0,0.27423927
0,0.26589817
0,0.27324995
0,0.27571207
0,0.28630427
0,0.27810806
0,0.25715747
0,0.27200162
0,0.26509643
0,0.27221653
0,0.25957674
0,0.27114353
0,0.26011544
0,0.25063023
0,0.27169877
0,0.28607213
0,0.28896356
0,0.2830022
0,0.2671827
0,0.28512457
0,0.27112764
0,0.2757343
0,0.28262156
0,0.2583351
0,0.2737706
0,0.26850423
0,0.2524773
0,0.26226753
0,0.27419174
0,0.29171214
0,0.2882754
0,0.2902067
0,0.2872539
0,0.29179943
0,0.3147661
0,0.2993911
0,0.30642426
0,0.27721092
0,0.28594
0,0.2884998
0,0.2766013
0,0.2635092
0,0.25462165
0,0.2607735
0,0.29022324
0,0.28715742
0,0.27313784
0,0.26260382
0,0.27387777
0,0.28349158
0,0.27761504
0,0.25877297
0,0.25090602
0,0.263916
0,0.27223688
0,0.27479357
0,0.27545655
0,0.27437264
0,0.26693255
0,0.2978391
0,0.28991595
0,0.28805837
0,0.28855538
0,0.29426944
0,0.29900783
0,0.29070586
0,0.30040172
0,0.31426778
0,0.3091334
0,0.3080649
0,0.28463718
0,0.27446514
0,0.28051
0,0.2815414
0,0.2870768
0,0.2946944
0,0.30579793
0,0.29705128
0,0.2851512
0,0.3014571
0,0.30807602
0,0.28842363
0,0.31029695
0,0.28787854
0,0.30464476
0,0.29902768
0,0.30676487
0,0.31695235
0,0.27992085
0,0.30170178
0,0.30316636
0,0.30359864
0,0.3037443
0,0.28951418
0,0.30181548
0,0.30331677
0,0.30177325
0,0.30659983
0,0.30391517
0,0.30765688
0,0.3021499
0,0.3015494
0,0.2781468
0,0.29091203
0,0.31499565
0,0.30282116
0,0.29849684
0,0.27720407
0,0.29119846
0,0.29527336
0,0.2969769
0,0.29581296
0,0.2932489
0,0.29584312
0,0.2949141
0,0.29354578
0,0.2914751
0,0.29533127
0,0.29189464
0,0.30672154
0,0.29009995
0,0.28644618
0,0.2922488
0,0.2946525
0,0.3101979
0,0.29692268
0,0.2926464
0,0.2926517
0,0.28920507
0,0.29730055
0,0.29325828
0,0.2917493
0,0.28799638
0,0.29160696
0,0.3115122
0,0.29991195
0,0.28651994
0,0.29882592
0,0.29152322
0,0.29500383
0,0.28721038
0,0.2900242
0,0.28521228
0,0.28024283
0,0.286239
0,0.28787288
0,0.28817767
0,0.28869164
0,0.2896471
0,0.29410672
0,0.29934797
0,0.29853597
0,0.28393012
0,0.2968543
0,0.32693154
0,0.3024829
0,0.303852
0,0.29509068
0,0.29084077
0,0.29696226
0,0.2865275
0,0.29379907
0,0.29727456
0,0.29992762
0,0.30224895
0,0.2808825
0,0.29300094
0,0.29611853
0,0.29619646
0,0.30985647
0,0.28215602
0,0.28910613
0,0.28908727
0,0.2867396
0,0.29873464
0,0.27590385
0,0.28225443
0,0.2739723
0,0.28056285
0,0.2822759
0,0.27129084
0,0.2844235
0,0.26837805
0,0.27706224
0,0.28662616
0,0.27448156
0,0.2855196
0,0.28798106
0,0.29529575
0,0.293694
0,0.29294002
0,0.29320782
0,0.2935958
0,0.29117382
0,0.31094447
0,0.29849803
0,0.29587564
0,0.3123174
0,0.30873618
0,0.29975635
0,0.30787957
0,0.30250204
0,0.31566396
0,0.30470628
0,0.30141503
0,0.31309754
0,0.30853426
0,0.29368004
0,0.2975987
0,0.28712082
0,0.29486403
0,0.27346492
0,0.28641543
0,0.30888286
0,0.29892057
0,0.3087784
0,0.27865785
0,0.29901585
0,0.29487085
0,0.3011907
0,0.35744226
0,0.3035742
0,0.30805072
0,0.28502265
0,0.29802823
0,0.29705662
0,0.27826214
0,0.28542203
0,0.2744406
0,0.27777922
0,0.29694986
0,0.29700994
0,0.3005844
0,0.3021401
0,0.3012319
0,0.3023138
0,0.2985596
0,0.29677883
0,0.29486182
0,0.29304472
0,0.2910488
0,0.28814745
0,0.28536728
0,0.28834152
0,0.2871812
0,0.26894298
0,0.27845004
0,0.29163638
0,0.2940423
0,0.29739574
0,0.30268115
0,0.34613755
0,0.2954204
0,0.30413795
0,0.2944145
0,0.29743293
0,0.3219377
0,0.30079278
0,0.29099613
0,0.29410672
0,0.29405397
0,0.31968415
0,0.2951063
0,0.29703274
0,0.29443976
0,0.29539612
0,0.3121501
0,0.28058413
0,0.2880381
0,0.28458667
0,0.27300167
0,0.29149297
0,0.26858065
0,0.2680563
0,0.26370928
0,0.25669533
0,0.26098937
0,0.26139572
0,0.25465435
0,0.25415957
0,0.2655595
0,0.2885211
0,0.28660887
0,0.2903658
0,0.29006025
0,0.2923415
0,0.31542453
0,0.30295265
0,0.28249985
0,0.30440527
0,0.29616863
0,0.29289937
0,0.29358435
0,0.27780664
0,0.29029998
0,0.29310876
0,0.27944353
0,0.28651768
0,0.26769647
0,0.279772
0,0.27973413
0,0.28467783
0,0.2834023
0,0.2675055
0,0.2792382
0,0.28562257
0,0.28616416
0,0.28556657
0,0.265697
0,0.27018735
0,0.28043208
0,0.29596803
0,0.2939198
0,0.27761167
0,0.30756515
0,0.2977183
0,0.29959127
0,0.29359993
0,0.2971301
0,0.3074239
0,0.33370823
0,0.31660086
0,0.32341266
0,0.31408182
0,0.31145194
0,0.31878152
0,0.30197197
0,0.27947298
0,0.29565066
0,0.301217
0,0.27232826
0,0.27189532
0,0.27588782
0,0.26546708
0,0.27096438
0,0.27327734
0,0.27399385
0,0.2813952
0,0.27795315
0,0.28105688
0,0.27672288
0,0.2612362
0,0.2685816
0,0.26444125
0,0.28610048
0,0.26989576
0,0.26364717
0,0.25382975
0,0.25995862
0,0.28521502
0,0.29088032
0,0.2890637
0,0.29913446
0,0.28861514
0,0.27523446
0,0.26452503
0,0.2713849
0,0.2622256
0,0.26232284
0,0.25992557
0,0.23955896
0,0.24055779
0,0.24178195
0,0.2424749
0,0.24382827
0,0.24727237
0,0.2526779
0,0.25502995
0,0.24855137
0,0.26008216
0,0.25275385
0,0.26339868
0,0.27209604
0,0.27614987
0,0.29170427
0,0.27387565
0,0.30516785
0,0.31574365
0,0.30048442
0,0.32760146
0,0.30606633
0,0.2881532
0,0.2951122
0,0.2950812
0,0.31563178
0,0.29441813
0,0.28794825
0,0.2973855
0,0.28959373
0,0.34071025
0,0.30358812
0,0.2984731
0,0.2797525
0,0.2829154
0,0.2935243
0,0.28598115
0,0.2823353
0,0.28966546
0,0.28425342
0,0.29358175
0,0.27787268
0,0.28035134
0,0.28434336
0,0.30518743
0,0.28942984
0,0.27145535
0,0.2869333
0,0.3004887
0,0.29971072
0,0.29659557
0,0.29490477
0,0.27215603
0,0.27493626
0,0.32026184
0,0.48698777
0,0.3680775
0,0.35189703
0,0.3143998
0,0.3150633
0,0.31286636
0,0.29011476
0,0.30075383
0,0.2962536
0,0.3011672
0,0.30041748
0,0.3054
0,0.278891
0,0.2737267
0,0.26844704
0,0.26621392
0,0.26425633
0,0.24410766
0,0.23875898
0,0.24742664
0,0.24526073
0,0.24368584
0,0.23613043
0,0.24432056
0,0.2533075
0,0.24211669
0,0.2594422
0,0.24815501
0,0.2614849
0,0.27427036
0,0.284345
0,0.30565333
0,0.29307806
0,0.2912043
0,0.28988552
0,0.28776938
0,0.28895319
0,0.2875554
0,0.3017175
0,0.31465924
0,0.3020943
0,0.29655793
0,0.29581562
0,0.32895136
0,0.3116494
0,0.30676964
0,0.28363276
0,0.28599
0,0.2873683
0,0.29526097
0,0.28728604
0,0.29187807
0,0.2807008
0,0.2786239
0,0.28540453
0,0.30528647
0,0.3060336
0,0.31031653
0,0.2892524
0,0.30262056
0,0.30920208
0,0.28675482
0,0.29374614
0,0.2837394
0,0.28061157
0,0.29504004
0,0.28703293
0,0.29479185
0,0.28374702
0,0.2807426
0,0.2785666
0,0.28352326
0,0.317216
0,0.28426337
0,0.28932428
0,0.29602057
0,0.2994211
0,0.29272065
0,0.28867885
0,0.29545438
0,0.28805515
0,0.28608182
0,0.2831691
0,0.28351638
0,0.29130307
0,0.28455415
0,0.27429006
0,0.27926546
0,0.2852028
0,0.2877863
0,0.28935912
0,0.28857538
0,0.29189116
0,0.2745036
0,0.29128945
0,0.28581506
0,0.28667825
0,0.28556234
0,0.2877125
0,0.28391844
0,0.28424418
0,0.28642166
0,0.33303192
0,0.28653485
0,0.2775964
0,0.2850229
0,0.28719005
0,0.28170517
0,0.2846433
0,0.28180566
0,0.28153124
0,0.27740622
0,0.32669544
0,0.41213626
0,0.34191695
0,0.32626382
0,0.3009587
0,0.29150242
0,0.28522542
0,0.27031714
0,0.27310395
0,0.27434427
0,0.30964285
0,0.2998028
0,0.28302664
0,0.2938027
0,0.3063216
0,0.32086265
0,0.30713928
0,0.32467175
0,0.30260706
0,0.31193042
0,0.32797003
0,0.32268327
0,0.31233123
0,0.31112623
0,0.28561655
0,0.2958663
0,0.2717774
0,0.2592609
0,0.2481687
0,0.2528779
0,0.29011613
0,0.29629037
0,0.29615682
0,0.27929482
0,0.31250557
0,0.28512883
0,0.26387236
0,0.22487156
0,0.21561512
0,0.5120792
0,0.3845442
0,0.3105356
0,0.39121664
0,0.34958938
0,0.2782217
0,0.23099792
0,0.18821703
0,0.17637122
0,0.16654868
0,0.17215478
0,0.15720461
0,0.14863244
0,0.14554471
0,0.14504834
0,0.13911399
0,0.13414012
0,0.13655463
0,0.1395169
0,0.14376876
0,0.1412229
0,0.14115994
0,0.1347773
0,0.13937397
0,0.14810646
0,0.14987035
0,0.1508152
0,0.15897405
0,0.16191037
0,0.16662745
0,0.21209748
0,0.21225503
0,0.54330087
0,0.46110168
0,0.52646875
0,0.49714094
0,0.42241168
0,0.8100953
0,0.6635072
0,0.5410445
0,0.4556902
0,0.34748465
0,0.2838162
0,0.2332709
0,0.18800858
0,0.1583465
0,0.14797504
0,0.14529997
0,0.14276429
0,0.14290147
0,0.14419
0,0.1470267
0,0.15133946
0,0.13567607
0,0.14110298
0,0.14073215
0,0.13633664
0,0.13477136
0,0.13989343
0,0.13586266
0,0.13165021
0,0.13976248
0,0.14636938
0,0.14637399
0,0.15943465
0,0.5197678
0,0.38684365
0,0.4074355
0,0.3570767
0,0.29724577
0,0.27762645
0,0.48062113
0,0.35233536
0,0.27093235
0,0.22559857
0,0.1812089
0,0.64050925
0,0.4635812
0,0.35437575
0,0.28972462
0,0.471619
0,0.32352546
0,0.2735091
0,0.23573802
0,0.19707923
0,0.17496666
0,0.16032018
0,0.15432215
0,0.1424746
0,0.14891447
0,0.14278524
0,0.13635096
0,0.13612667
0,0.13762583
0,0.14224012
0,0.15095921
0,0.1454765
0,0.14233115
0,0.14195126
0,0.14492458
0,0.14676122
0,0.15906888
0,0.15309928
0,0.23923571
0,0.18915118
0,0.25854334
0,0.30623978
0,0.22656873
0,0.19695398
0,0.18655288
0,0.1896507
0,0.197631
0,0.58225644
0,0.4253944
0,0.43485442
0,0.7984144
0,0.5520194
0,0.43912256
0,0.33230674
0,0.28065267
0,0.26027203
0,0.20622438
0,0.192281
0,0.15559934
0,0.15076345
0,0.15303276
0,0.14605032
0,0.14722559
0,0.140823
0,0.1436689
0,0.14503591
0,0.1407301
0,0.15088508
0,0.15287258
0,0.15446374
0,0.51245296
0,0.36496672
0,0.30158547
0,0.23612304
0,0.2248131
0,0.18678707
0,0.1663741
0,0.15561332
0,0.14816819
0,0.14427927
0,0.15222162
0,0.14365412
0,0.13284361
0,0.1354128
0,0.13809256
0,0.1407542
0,0.14456579
0,0.14840198
0,0.14583226
0,0.14747322
0,0.14585648
0,0.14801033
0,0.14856558
0,0.14612396
0,0.15082029
0,0.20211688
0,0.16961658
0,0.16228147
0,0.16947576
0,0.18170935
0,0.23028776
0,0.21815938
0,0.597263
0,0.42832738
0,0.36574495
0,0.32684973
0,0.3063891
0,0.2537619
0,0.18069458
0,0.16785556
0,0.15964332
0,0.18609387
0,0.16899833
0,0.17323901
0,0.16586863
0,0.15252164
0,0.5111882
0,0.34720716
0,0.27653536
0,0.22458187
0,0.19853865
0,0.65348226
0,0.45284
0,0.37419286
0,0.33744144
0,0.3014788
0,0.26089033
0,0.21954262
0,0.19295307
0,0.18221892
0,0.60434896
0,0.4163895
0,0.36102486
0,0.3098373
0,0.274474
0,0.23174259
0,0.21540923
0,0.65382576
0,0.4525762
0,0.35894725
0,0.31404975
0,0.29352254
0,0.25084335
0,0.21799977
0,0.17406155
0,0.1620635
0,0.15303057
0,0.1564617
0,0.14769784
0,0.21310383
0,0.17031385
0,0.21429963
0,0.17154439
0,0.17419507
0,0.17378241
0,0.1697941
0,0.16621858
0,0.15445384
0,0.53685594
0,0.32332173
0,0.3227913
0,0.26587796
0,0.23314296
0,0.20260507
0,0.20141478
0,0.61229247
0,0.41161153
0,0.49333933
0,0.36599857
0,0.27361155
0,0.23664543
0,0.19925539
0,0.3268109
0,0.23295587
0,0.18421276
0,0.625293
0,0.39196783
0,0.3004396
0,0.28526023
0,0.24884354
0,0.44036984
0,0.33440316
0,0.36928862
0,0.39267322
0,0.35153276
0,0.71848154
0,0.5147371
0,0.40177733
0,0.37961248
0,0.34473845
0,0.3356144
0,0.32837874
0,0.24788442
0,0.20160806
0,0.17088126
0,0.15690711
0,0.14927074
0,0.14829458
0,0.17594911
0,0.15896943
0,0.3648798
0,0.24758448
0,0.21004334
0,0.20020546
0,0.6049913
0,0.379174
0,0.43567887
0,0.34621203
0,0.26190358
0,0.27264547
0,0.2509103
0,0.64594984
0,0.42646423
0,0.5209477
0,0.79865146
0,0.5949147
0,0.46956572
0,0.4331307
0,0.77653617
0,0.54973954
0,0.45783055
0,0.43329838
0,0.33041984
0,0.28000733
0,0.27437466
0,0.68906796
0,0.48997098
0,0.40168574
0,0.38641432
0,0.32656914
0,0.29799545
0,0.24786453
0,0.23455162
0,0.19038828
0,0.17141274
0,0.15622106
0,0.1573998
0,0.14981382
0,0.14432594
0,0.14470597
0,0.4996971
0,0.31524488
0,0.2549242
0,0.22093214
0,0.20465164
0,0.16790771
0,0.5938201
0,0.39607745
0,0.84442246
0,0.638491
0,0.5412494
0,0.7189523
0,0.5468299
0,0.6015662
0,0.84828293
0,0.6568609
0,0.54159415
0,0.92049116
0,0.7518254
0,0.6689719
0,0.77096826
0,0.6625898
0,0.6643784
0,0.5562645
0,0.4700812
0,0.43531677
0,0.37162596
0,0.3245156
0,0.27433115
0,0.24914452
0,0.26197845
0,0.24291822
0,0.21342602
0,0.2093795
0,0.37969
0,0.26504022
0,0.20819236
0,0.16500317
0,0.16905673
0,0.5667897
0,0.3643101
0,0.79806423
0,0.5780431
0,0.4830604
0,0.3709699
0,0.31260383
0,0.29149204
0,0.23393798
0,0.2004318
0,0.17330042
0,0.42177266
0,0.29549786
0,0.243328
0,0.32233986
0,0.23846298
0,0.20765278
0,0.20227799
0,0.17115979
0,0.15953396
0,0.15411475
0,0.14867426
0,0.15103811
0,0.14293745
0,0.14358515
0,0.14458378
0,0.14928436
0,0.13452537
0,0.16453025
0,0.15544929
0,0.15316248
0,0.4932852
0,0.32611674
0,0.25085267
0,0.19654518
0,0.1811798
0,0.16877452
0,0.18025266
0,0.16503216
0,0.42292577
0,0.297269
0,0.45856568
0,0.33435753
0,0.35739958
0,0.30157852
0,0.71199024
0,0.5169947
0,0.41707265
0,0.34037662
0,0.24709536
0,0.21586175
0,0.19474837
0,0.17927803
0,0.16638571
0,0.15456784
0,0.15599011
0,0.3184323
0,0.22039297
0,0.1822136
0,0.15976855
0,0.16439576
0,0.16208762
0,0.5222613
0,0.31891525
0,0.25425345
0,0.2181785
0,0.18787615
0,0.16398446
0,0.15722814
0,0.14976688
0,0.14435697
0,0.14884496
0,0.1432515
0,0.14012493
0,0.19171886
0,0.16895173
0,0.18128517
0,0.1726037
0,0.15555458
0,0.35522217
0,0.24782425
0,0.20774475
0,0.17460231
0,0.1652826
0,0.14861065
0,0.14769152
0,0.14347643
0,0.14594746
0,0.14273153
0,0.13919446
0,0.14207926
0,0.13496485
0,0.14268275
0,0.13978153
0,0.13598678
0,0.13085204
0,0.13471326
0,0.14176682
0,0.14254494
0,0.14621674
0,0.16715017
0,0.1657381
0,0.34236163
0,0.24017149
0,0.20603672
0,0.19244348
0,0.26330432
0,0.29174358
0,0.26673147
0,0.27952752
0,0.5385241
0,0.37384656
0,0.5761031
0,0.4492224
0,0.34071255
0,0.32481986
0,0.24546996
0,0.24337782
0,0.19414793
0,0.17051892
0,0.16239586
0,0.15097634
0,0.15800539
0,0.1501673
0,0.14453492
0,0.1394695
0,0.13765658
0,0.13848978
0,0.13786103
0,0.13519573
0,0.13362606
0,0.13160458
0,0.13332994
0,0.13839462
0,0.1429156
0,0.14833139
0,0.14649937
0,0.14631452
0,0.19747785
0,0.17569895
0,0.18423457
0,0.1783204
0,0.19914916
0,0.1963178
0,0.18077774
0,0.25002694
0,0.19307064
0,0.1767384
0,0.17972603
0,0.18001316
0,0.16665095
0,0.16986369
0,0.17335394
0,0.17877764
0,0.17899714
0,0.17813316
0,0.17983459
0,0.1817505
0,0.17205119
0,0.17473087
0,0.18075332
0,0.18309544
0,0.18446134
0,0.18777815
0,0.19276987
0,0.1965915
0,0.20017023
0,0.20440012
0,0.2241935
0,0.22294958
0,0.22833826
0,0.23247167
0,0.25011387
0,0.2531033
0,0.24962135
0,0.2958588
0,0.28341684
0,0.24913216
0,0.2882635
0,0.24865992
0,0.22635278
0,0.45658615
0,0.30289602
0,0.27216184
0,0.2166895
0,0.2166946
0,0.20953847
0,0.20832573
0,0.20045666
0,0.19282606
0,0.17136216
0,0.16355664
0,0.16519894
0,0.15909374
0,0.1692
0,0.16013223
0,0.1565073
0,0.14401114
0,0.1496819
0,0.15310979
0,0.15213118
0,0.15069449
0,0.15137847
0,0.15058117
0,0.15096325
0,0.14331304
0,0.15472375
0,0.1433047
0,0.15438281
0,0.1724295
0,0.17214723
0,0.20329605
0,0.19672318
0,0.18615082
0,0.19454734
0,0.20323208
0,0.33623692
0,0.2710233
0,0.28767106
0,0.26986828
0,0.22973014
0,0.20827632
0,0.20090273
0,0.189302
0,0.18495964
0,0.17810349
0,0.1725466
0,0.1741022
0,0.15725182
0,0.15165348
0,0.15459776
0,0.15345727
0,0.15647419
0,0.15083486
0,0.1529367
0,0.15617323
0,0.37447146
0,0.23867133
0,0.20233884
0,0.18884784
0,0.18225151
0,0.16598171
0,0.43594632
0,0.3273609
0,0.23931754
0,0.19164237
0,0.3880216
0,0.30928034
0,0.26481423
0,0.23039582
0,0.22483265
0,0.19058631
0,0.16271916
0,0.15319452
0,0.14046201
0,0.14203858
0,0.14053704
0,0.14064679
0,0.14032622
0,0.14907661
0,0.13440159
0,0.13009961
0,0.13444845
0,0.13626732
0,0.15054628
0,0.1476424
0,0.1439032
0,0.1456226
0,0.14350602
0,0.15965904
0,0.15717982
0,0.1585048
0,0.16936612
0,0.17403094
0,0.16799742
0,0.17549059
0,0.19708264
0,0.20643036
0,0.21643983
0,0.2141272
0,0.2236533
0,0.22281486
0,0.21898575
0,0.22064953
0,0.21109201
0,0.21161677
0,0.22176635
0,0.22427604
0,0.22147578
0,0.23942202
0,0.23711278
0,0.23443034
0,0.2635416
0,0.24270238
0,0.2562654
0,0.25356913
0,0.2525554
0,0.25130072
0,0.2466474
0,0.2548105
0,0.25237423
0,0.25387388
0,0.24658582
0,0.2459059
0,0.22034489
0,0.21895513
0,0.22190155
0,0.2272596
0,0.23814213
0,0.23656996
0,0.24308112
0,0.26835588
0,0.2689226
0,0.27616507
0,0.2727272
0,0.26808402
0,0.26332596
0,0.2824572
0,0.28227016
0,0.29224014
0,0.2703881
0,0.30310372
0,0.30963835
0,0.28867805
0,0.30327538
0,0.29518148
0,0.33052215
0,0.39700395
0,0.34774593
0,0.32878476
0,0.3121118
0,0.29423308
0,0.28613943
0,0.25722605
0,0.23376523
0,0.212148
0,0.21323346
0,0.20052382
0,0.18956634
0,0.17103386
0,0.1775612
0,0.1683842
0,0.17036675
0,0.16971748
0,0.16766447
0,0.16696873
0,0.16556641
0,0.17023131
0,0.48839572
0,0.38409856
0,0.31791452
0,0.27425256
0,0.26120013
0,0.8291591
0,0.6256257
0,0.5400826
0,0.4382025
0,0.38661316
0,0.33885702
0,0.34776172
0,0.7552537
0,0.5305165
0,0.4325328
0,0.38837728
0,0.34445742
0,0.32023448
0,0.27241653
0,0.33557513
0,0.28267193
0,0.24974081
0,0.21334183
0,0.19827852
0,0.19956578
0,0.18728308
0,0.17434841
0,0.1627779
0,0.1533531
0,0.14855637
0,0.13687508
0,0.12826489
0,0.13298675
0,0.17474595
0,0.15514156
0,0.55187786
0,0.39670584
0,0.32425523
0,0.74743736
0,0.50980777
0,0.44347504
0,0.5710763
0,0.48159525
0,0.4317329
0,0.36240056
0,0.3393356
0,0.24663985
0,0.22293504
0,0.22788511
0,0.6458902
0,0.4593282
0,0.38185716
0,0.3149754
0,0.2913375
0,0.23078279
0,0.21978264
0,0.20649712
0,0.20836309
0,0.19242607
0,0.17152411
0,0.1688265
0,0.15233088
0,0.14791922
0,0.16805288
0,0.14795803
0,0.14509673
0,0.14188507
0,0.14773609
0,0.14388038
0,0.14185987
0,0.14498764
0,0.14631446
0,0.14909568
0,0.14433397
0,0.46757507
0,0.27244288
0,0.23547675
0,0.2054999
0,0.18311074
0,0.20487507
0,0.19457486
0,0.1796263
0,0.17110156
0,0.1616105
0,0.16090678
0,0.15999778
0,0.16079122
0,0.29457262
0,0.20660192
0,0.18192594
0,0.15957527
0,0.15695424
0,0.1553794
0,0.14508651
0,0.13546057
0,0.14649071
0,0.14241229
0,0.14149271
0,0.13986084
0,0.1383982
0,0.13581821
0,0.14441332
0,0.14100368
0,0.2501905
0,0.2120387
0,0.2565426
0,0.18565908
0,0.18482475
0,0.17661022
0,0.15793148
0,0.14829914
0,0.14982693
0,0.22199123
0,0.18433586
0,0.1820747
0,0.18318486
0,0.17260307
0,0.18063124
0,0.1698813
0,0.16265506
0,0.15849285
0,0.1579049
0,0.15156619
0,0.14908792
0,0.14612667
0,0.14702608
0,0.14500657
0,0.14299226
0,0.14527261
0,0.14502944
0,0.14615145
0,0.13865612
0,0.14376152
0,0.1548122
0,0.14383794
0,0.1525689
0,0.15160954
0,0.1552587
0,0.17781825
0,0.17324585
0,0.16925912
0,0.17072107
0,0.3057626
0,0.23158328
0,0.3195766
0,0.2698313
0,0.28159493
0,0.25298214
0,0.2091776
0,0.18094447
0,0.1853204
0,0.15798534
0,0.15728375
0,0.15970553
0,0.15763079
0,0.18107148
0,0.15588827
0,0.14249425
0,0.14577626
0,0.14563848
0,0.14457276
0,0.14539512
0,0.14578742
0,0.14540894
0,0.14716187
0,0.14248231
0,0.14664917
0,0.14333555
0,0.15070885
0,0.15334548
0,0.15723574
0,0.15971687
0,0.1702231
0,0.1714621
0,0.29084283
0,0.24280204
0,0.23272666
0,0.2025909
0,0.19820963
0,0.19228643
0,0.18357803
0,0.17140381
0,0.1767031
0,0.18431225
0,0.1879565
0,0.19501151
0,0.19223592
0,0.18904787
0,0.18120298
0,0.18124335
0,0.19205683
0,0.18538375
0,0.19050685
0,0.20199093
0,0.20676552
0,0.20892628
0,0.20757478
0,0.20993188
0,0.22253393
0,0.28422606
0,0.24856663
0,0.23613295
0,0.2273316
0,0.22064812
0,0.27888507
0,0.2732969
0,0.28887773
0,0.29327065
0,0.29587686
0,0.31623933
0,0.30151898
0,0.28010663
0,0.27122107
0,0.27844465
0,0.30587545
0,0.2617268
0,0.23346575
0,0.21479289
0,0.19809908
0,0.18753271
0,0.1770625
0,0.17883429
0,0.18177441
0,0.18190622
0,0.18722852
0,0.1927229
0,0.1967619
0,0.196528
0,0.22792618
0,0.3892034
0,0.2967016
0,0.25147915
0,0.22487383
0,0.20524743
0,0.19169012
0,0.54352
0,0.36926654
0,0.312729
0,0.42531142
0,0.36524764
0,0.2971064
0,0.24457467
0,0.20898522
0,0.18996608
0,0.1757113
0,0.16163346
0,0.15670669
0,0.15167613
0,0.14853802
0,0.14416258
0,0.13330808
0,0.1274277
0,0.12256096
0,0.13377687
0,0.1344352
0,0.13395189
0,0.13778716
0,0.14283104
0,0.14349326
0,0.14088169
0,0.13550396
0,0.14359829
0,0.15123989
0,0.15905827
0,0.15365861
0,0.21474254
0,0.21874557
0,0.22369212
0,0.2743264
0,0.2830989
0,0.3673023
0,0.3228103
0,0.33383113
0,0.30744123
0,0.2842105
0,0.27357337
0,0.4446699
0,0.32435754
0,0.3016551
0,0.26908797
0,0.23974632
0,0.19322385
0,0.17844778
0,0.16341741
0,0.16052155
0,0.14468946
0,0.1412407
0,0.14783226
0,0.14501478
0,0.15079561
0,0.15005946
0,0.14948203
0,0.16238031
0,0.16044678
0,0.16982293
0,0.17008333
0,0.17193814
0,0.16801661
0,0.1613818
0,0.16247009
0,0.17371768
0,0.17447485
0,0.17323303
0,0.18420471
0,0.19031316
0,0.19462244
0,0.26944304
0,0.252538
0,0.40002495
0,0.322889
0,0.25546762
0,0.23225147
0,0.21570104
0,0.20301911
0,0.1791792
0,0.16459729
0,0.17626143
0,0.17824027
0,0.17955263
0,0.18087141
0,0.17793895
0,0.17908981
0,0.1785238
0,0.17334986
0,0.18096071
0,0.18009904
0,0.17472237
0,0.17495652
0,0.17280106
0,0.16997859
0,0.16686852
0,0.15842946
0,0.16413042
0,0.1662024
0,0.16793132
0,0.17418909
0,0.17377463
0,0.17407838
0,0.19091228
0,0.18880433
0,0.1880393
0,0.18384676
0,0.18055557
0,0.17637734
0,0.17819987
0,0.17433259
0,0.17696753
0,0.17996326
0,0.18326807
0,0.18674761
0,0.18671983
0,0.17668408
0,0.18597837
0,0.17780621
0,0.1753172
0,0.30971342
0,0.22420585
0,0.21033686
0,0.2005602
0,0.19384657
0,0.19089653
0,0.45047918
0,0.3160345
0,0.28080192
0,0.25788814
0,0.24563593
0,0.18382642
0,0.17532402
0,0.1649357
0,0.15024965
0,0.1451823
0,0.14603165
0,0.14340954
0,0.14292817
0,0.1464612
0,0.14708294
0,0.14317854
0,0.13740079
0,0.13653682
0,0.13045414
0,0.13200553
0,0.13889934
0,0.13903902
0,0.13403603
0,0.14901718
0,0.14598647
0,0.15368861
0,0.16885835
0,0.17579237
0,0.1860963
0,0.19968845
0,0.2913615
0,0.28469735
0,0.2989622
0,0.29804033
0,0.31248143
0,0.29793954
0,0.27827373
0,0.28793925
0,0.2826673
0,0.27811193
0,0.2833228
0,0.28068563
0,0.3125804
0,0.29391176
0,0.2837244
0,0.25406688
0,0.22592138
0,0.2092347
0,0.2079565
0,0.196191
0,0.5039497
0,0.3447749
0,0.2903895
0,0.25560668
0,0.21586709
0,0.19157052
0,0.16402014
0,0.16466117
0,0.15992478
0,0.1419242
0,0.14850898
0,0.14910829
0,0.1486655
0,0.15623637
0,0.1409071
0,0.14999008
0,0.15468471
0,0.19702442
0,0.15739596
0,0.164984
0,0.16876976
0,0.15966594
0,0.1777771
0,0.16409624
0,0.16117981
0,0.15631823
0,0.1570644
0,0.143112
0,0.15361482
0,0.15291958
0,0.20635103
0,0.19997497
0,0.1854658
0,0.18971954
0,0.18666847
0,0.18355106
0,0.18124303
0,0.17312936
0,0.17253186
0,0.18019821
0,0.18202554
0,0.18379618
0,0.18182774
0,0.19157517
0,0.19354443
0,0.361102
0,0.24395278
0,0.23474897
0,0.22489817
0,0.21461087
0,0.21903749
0,0.20754315
0,0.21042527
0,0.20312525
0,0.19550557
0,0.19056371
0,0.18690024
0,0.18484436
0,0.17769328
0,0.17349322
0,0.16714278
0,0.16156703
0,0.14986773
0,0.15660371
0,0.15868875
0,0.15805471
0,0.15842178
0,0.16250636
0,0.15229222
0,0.15183225
0,0.15702404
0,0.16093154
0,0.1635444
0,0.1577063
0,0.15526171
0,0.18404378
0,0.18191987
0,0.18380213
0,0.18356475
0,0.19780655
0,0.23454414
0,0.21181658
0,0.20259482
0,0.19361977
0,0.1863051
0,0.18326853
0,0.19155124
0,0.19101365
0,0.18949838
0,0.1853167
0,0.18578902
0,0.18326044
0,0.1762827
0,0.17743564
0,0.18097313
0,0.17167485
0,0.18123294
0,0.18475537
0,0.1750152
0,0.18336146
0,0.18145108
0,0.18123996
0,0.18399651
0,0.18222667
0,0.18428935
0,0.18740419
0,0.18587326
0,0.18837406
0,0.18205997
0,0.18752293
0,0.20247124
0,0.20795037
0,0.2136369
0,0.23268077
0,0.20623913
0,0.22453268
0,0.22344728
0,0.23461825
0,0.23074576
0,0.23262233
0,0.2343795
0,0.24109915
0,0.23390695
0,0.23938243
0,0.3649279
0,0.26646698
0,0.2437915
0,0.2234693
0,0.21664895
0,0.22632581
0,0.23825487
0,0.24005324
0,0.24864998
0,0.25419393
0,0.2649569
0,0.27373126
0,0.27234522
0,0.27326077
0,0.26583683
0,0.25650784
0,0.24428894
0,0.24903388
0,0.2497067
0,0.2580092
0,0.25111684
0,0.23789565
0,0.22594257
0,0.21748784
0,0.21410158
0,0.20821163
0,0.1995097
0,0.18077712
0,0.19329906
0,0.1959817
0,0.2075578
0,0.19001731
0,0.18609542
0,0.19430219
0,0.18960075
0,0.19031599
0,0.17532457
0,0.18157661
0,0.17710657
0,0.17836826
0,0.17979649
0,0.18213859
0,0.1801381
0,0.19028866
0,0.18249865
0,0.18668795
0,0.19303341
0,0.18923137
0,0.19244774
0,0.20544592
0,0.20898339
0,0.26556993
0,0.2230393
0,0.21866815
0,0.23275621
0,0.23582765
0,0.23009445
0,0.21335314
0,0.2731372
0,0.24374203
0,0.21562497
0,0.5912917
0,0.48638716
0,0.39159405
0,0.36892232
0,0.58264375
0,0.45724875
0,0.36746347
0,0.33035925
0,0.26858777
0,0.25629994
0,0.20051089
0,0.177814
0,0.17003547
0,0.15849254
0,0.53226835
0,0.3748512
0,0.30194435
0,0.24802457
0,0.22466226
0,0.21108566
0,0.2092878
0,0.18203214
0,0.17294371
0,0.16287668
0,0.5554741
0,0.34736818
0,0.2893869
0,0.25346893
0,0.22145014
0,0.19730017
0,0.17414255
0,0.16049148
0,0.15299977
0,0.14517981
0,0.13500547
0,0.14060225
0,0.12835945
0,0.1356544
0,0.13742387
0,0.14268658
0,0.46471152
0,0.31215554
0,0.22975221
0,0.21258087
0,0.2072006
0,0.18206671
0,0.16962704
0,0.16407184
0,0.15859523
0,0.15921892
0,0.1513692
0,0.14975193
0,0.14836523
0,0.14941368
0,0.16081414
0,0.15612802
0,0.1552981
0,0.14075145
0,0.14491338
0,0.14727543
0,0.1424886
0,0.14519797
0,0.13987525
0,0.14408723
0,0.14363009
0,0.4580467
0,0.2761923
0,0.20639022
0,0.20028986
0,0.19702257
0,0.21406594
0,0.19799617
0,0.16745718
0,0.1589967
0,0.14740331
0,0.1589831
0,0.15551479
0,0.1486299
0,0.15309696
0,0.15446351
0,0.14961107
0,0.14921771
0,0.16516411
0,0.16003121
0,0.14246738
0,0.1482037
0,0.14733796
0,0.14921775
0,0.14997838
0,0.14795814
0,0.1491406
0,0.14980917
0,0.1521282
0,0.15319167
0,0.15853916
0,0.1847456
0,0.26566166
0,0.19731875
0,0.1940492
0,0.17521542
0,0.18005008
0,0.17786784
0,0.17693873
0,0.16294377
0,0.16191807
0,0.1605423
0,0.1649288
0,0.1659588
0,0.15501942
0,0.16356479
0,0.15244852
0,0.16273807
0,0.15908998
0,0.15757667
0,0.16622259
0,0.17701685
0,0.18484552
0,0.18567887
0,0.1832351
0,0.18530738
0,0.17464925
0,0.17183764
0,0.1831916
0,0.18534575
0,0.19257481
0,0.1981713
0,0.2397244
0,0.23360349
0,0.2258403
0,0.22249581
0,0.24096371
0,0.2532885
0,0.26171327
0,0.25891873
0,0.26375347
0,0.2543191
0,0.23768373
0,0.23143242
0,0.21725449
0,0.21767601
0,0.2076615
0,0.2066247
0,0.19541709
0,0.19789298
0,0.18567598
0,0.19611749
0,0.20048025
0,0.20048597
0,0.19945937
0,0.19758122
0,0.1972183
0,0.19241406
0,0.1782271
0,0.18760554
0,0.19118507
0,0.18950981
0,0.18523918
0,0.18881409
0,0.18950103
0,0.20356184
0,0.1766589
0,0.18366702
0,0.18806805
0,0.18717901
0,0.19606277
0,0.19269797
0,0.17547545
0,0.17681292
0,0.17600138
0,0.16892155
0,0.18249832
0,0.18420288
0,0.1882555
0,0.1860993
0,0.18503095
0,0.17820626
0,0.17847176
0,0.2695705
0,0.2240235
0,0.34215784
0,0.28768405
0,0.23026149
0,0.20984918
0,0.1779412
0,0.15526004
0,0.1596251
0,0.15707
0,0.16153818
0,0.16214246
0,0.16177604
0,0.1592582
0,0.50979614
0,0.3320557
0,0.27817035
0,0.2660286
0,0.18097438
0,0.18483639
0,0.17269115
0,0.16672345
0,0.53763926
0,0.321546
0,0.28175867
0,0.2583835
0,0.23280929
0,0.21258277
0,0.15979269
0,0.16032541
0,0.16839029
0,0.16285414
0,0.17253575
0,0.18297039
0,0.16767468
0,0.16035652
0,0.15377317
0,0.14734033
0,0.14543195
0,0.13444135
0,0.13868412
0,0.14159858
0,0.14226149
0,0.15315153
0,0.16161945
0,0.1515156
0,0.15642789
0,0.15299581
0,0.15300456
0,0.15139358
0,0.1405789
0,0.1497285
0,0.1673054
0,0.16205563
0,0.15154098
0,0.15398395
0,0.14844123
0,0.1579893
0,0.16353153
0,0.16790323
0,0.17676735
0,0.17626517
0,0.18397866
0,0.18918952
0,0.18583612
0,0.22886728
0,0.19020444
0,0.20022854
0,0.19277054
0,0.5650907
0,0.40709928
0,0.3586885
0,0.38489065
0,0.34449083
0,0.36768517
0,0.32758898
0,0.29081118
0,0.23744789
0,0.20125574
0,0.38929987
0,0.27765542
0,0.23126613
0,0.20161982
0,0.17977183
0,0.16086768
0,0.14641505
0,0.13276449
0,0.14069156
0,0.14286321
0,0.14497718
0,0.14469008
0,0.14636724
0,0.1455341
0,0.14043657
0,0.14676927
0,0.21350479
0,0.18642321
0,0.18207991
0,0.18535104
0,0.18645993
0,0.17212947
0,0.16028944
0,0.15558104
0,0.15361205
0,0.15152375
0,0.14482655
0,0.14722307
0,0.14637084
0,0.15070966
0,0.1632987
0,0.15066193
0,0.15345643
0,0.1542719
0,0.15341969
0,0.15334341
0,0.14326127
0,0.14367683
0,0.14559226
0,0.1461179
0,0.4419791
0,0.2812218
0,0.24778104
0,0.2262996
0,0.205906
0,0.19891137
0,0.19657418
0,0.3598884
0,0.2972421
0,0.72944987
0,0.57814604
0,0.46717674
0,0.38274547
0,0.31344527
0,0.28582504
0,0.49505752
0,0.31740013
0,0.3754143
0,0.30862606
0,0.2688568
0,0.24174024
0,0.1980903
0,0.1781036
0,0.18829885
0,0.1738126
0,0.16475265
0,0.15805379
0,0.14850481
0,0.14853726
0,0.45487767
0,0.2831678
0,0.25028715
0,0.22746599
0,0.18478861
0,0.1634489
0,0.16401543
0,0.16402149
0,0.144379
0,0.1355798
0,0.14106275
0,0.14264655
0,0.14446962
0,0.13665277
0,0.13838574
0,0.14383413
0,0.462288
0,0.28468144
0,0.23532078
0,0.21489985
0,0.19780527
0,0.31349382
0,0.24939755
0,0.17497158
0,0.16169426
0,0.15778445
0,0.15679128
0,0.15376516
0,0.14614305
0,0.15047038
0,0.16273156
0,0.15278448
0,0.13880393
0,0.14584681
0,0.14428754
0,0.14906989
0,0.14841318
0,0.15058555
0,0.13622029
0,0.12667409
0,0.12602329
0,0.13658032
0,0.14881273
0,0.14092752
0,0.14733718
0,0.15663338
0,0.17725551
0,0.17286234
0,0.17865829
0,0.17968589
0,0.1892092
0,0.20304422
0,0.20039244
0,0.19753064
0,0.19000134
0,0.19243808
0,0.17649925
0,0.18906733
0,0.18281361
0,0.25134352
0,0.22164091
0,0.21143118
0,0.20322561
0,0.19447124
0,0.19019152
0,0.59362894
0,0.45678478
0,0.3983236
0,0.3424135
0,0.30163667
0,0.2651398
0,0.25170937
0,0.18101262
0,0.1739044
0,0.17138042
0,0.15252438
0,0.16615205
0,0.1521535
0,0.15077436
0,0.4823373
0,0.2897089
0,0.24417068
0,0.6849941
0,0.5262078
0,0.4376037
0,0.31513134
0,0.29502866
0,0.2523228
0,0.19455433
0,0.18323818
0,0.1517625
0,0.1556724
0,0.1557628
0,0.136472
0,0.13970491
0,0.12886943
0,0.12736012
0,0.13445237
0,0.14794084
0,0.14740199
0,0.1439717
0,0.1455857
0,0.14390531
0,0.14398888
0,0.13908881
0,0.14130515
0,0.13712338
0,0.14177892
0,0.14426355
0,0.17218202
0,0.17419621
0,0.17769377
0,0.28455657
0,0.28349966
0,0.27045125
0,0.24410716
0,0.23363899
0,0.22424103
0,0.20431186
0,0.20115219
0,0.21055523
0,0.19940436
0,0.26330414
0,0.19987322
0,0.19502385
0,0.19187193
0,0.18244416
0,0.16482316
0,0.15520367
0,0.16930442
0,0.16987544
0,0.15298371
0,0.1652034
0,0.16920945
0,0.15974967
0,0.15529929
0,0.15971607
0,0.16824216
0,0.1721579
0,0.17131634
0,0.18229093
0,0.17384365
0,0.181948
0,0.16444556
0,0.1739317
0,0.1759514
0,0.18012471
0,0.60985875
0,0.43093556
0,0.38117355
0,0.30484474
0,0.2625089
0,0.29246393
0,0.25341704
0,0.23413001
0,0.19881926
0,0.17798229
0,0.15485168
0,0.14398792
0,0.13818984
0,0.14383785
0,0.14499
0,0.1452613
0,0.14898343
0,0.1477717
0,0.14582463
0,0.44565666
0,0.345014
0,0.29216012
0,0.24942324
0,0.2356256
0,0.2130764
0,0.16743572
0,0.15780947
0,0.1449632
0,0.14842047
0,0.14857535
0,0.14757366
0,0.14973868
0,0.1497004
0,0.14967631
0,0.14461257
0,0.13625075
0,0.13441113
0,0.14185134
0,0.14305869
0,0.14429885
0,0.13554807
0,0.14494923
0,0.14168832
0,0.13737592
0,0.13663973
0,0.14201817
0,0.15076123
0,0.15705523
0,0.17674218
0,0.21507587
0,0.20759347
0,0.20127071
0,0.20738558
0,0.20782775
0,0.21002363
0,0.20647387
0,0.19358273
0,0.19871041
0,0.19386177
0,0.19297801
0,0.18671127
0,0.179686
0,0.18967451
0,0.21239784
0,0.20247598
0,0.19571167
0,0.18650933
0,0.18422566
0,0.18278715
0,0.20935042
0,0.19260453
0,0.17823161
0,0.1887003
0,0.18282735
0,0.16807604
0,0.164076
0,0.16138767
0,0.17385657
0,0.1717325
0,0.18433702
0,0.18482196
0,0.17244856
0,0.16918832
0,0.17067955
0,0.18342493
0,0.18463069
0,0.17698847
0,0.18153273
0,0.19383341
0,0.18491004
0,0.40601486
0,0.27160048
0,0.26086527
0,0.25017336
0,0.23781657
0,0.20134462
0,0.18406545
0,0.17695281
0,0.16012022
0,0.15939073
0,0.16374321
0,0.16355254
0,0.16350836
0,0.16020916
0,0.15998702
0,0.15579194
0,0.14312133
0,0.15317714
0,0.15645172
0,0.14702082
0,0.15357609
0,0.15965754
0,0.15002258
0,0.14941749
0,0.13804775
0,0.14028598
0,0.15055068
0,0.14171052
0,0.15998127
0,0.16805495
0,0.20577073
0,0.1925335
0,0.19947577
0,0.19761886
0,0.20260315
0,0.26586926
0,0.23433751
0,0.20434834
0,0.20823158
0,0.18269229
0,0.18483026
0,0.17347682
0,0.1743644
0,0.18052085
0,0.18692535
0,0.19009012
0,0.1883203
0,0.17853624
0,0.17432086
0,0.18157071
0,0.18414268
0,0.18342902
0,0.17977792
0,0.17720546
0,0.17612466
0,0.16315928
0,0.1579664
0,0.26738352
0,0.22167689
0,0.20726869
0,0.19789177
0,0.1966425
0,0.17459504
0,0.16531768
0,0.17725459
0,0.18971863
0,0.18819632
0,0.1843818
0,0.1699852
1,0.18461615
1,0.1723308
1,0.16078341
1,0.16479518
1,0.15484408
1,0.15840015
1,0.15910444
1,0.15901071
1,0.16014536
1,0.1555072
1,0.14624244
1,0.15595196
1,0.15991625
1,0.16158783
1,0.15871921
0,0.78761446
0,0.614655
0,0.4948376
0,0.43648106
0,0.30421865
0,0.29785642
0,0.23634355
0,0.19285156
0,0.1537495
0,0.16084254
0,0.15775518
0,0.15277602
0,0.15483022
0,0.15402424
0,0.1435508
0,0.14863063
0,0.15308389
0,0.14140603
0,0.13827704
0,0.13641593
0,0.14378165
0,0.14752913
0,0.14966872
0,0.14123712
0,0.14512986
0,0.13467765
0,0.13362207
0,0.12807952
0,0.13895234
0,0.14655247
0,0.21231534
0,0.2166133
0,0.2130821
0,0.21280664
0,0.22367689
0,0.2174791
0,0.22568864
0,0.22038855
0,0.23982768
0,0.25249714
0,0.24652964
0,0.25988093
0,0.25469968
0,0.24952468
0,0.28002125
0,0.2747725
0,0.2943316
0,0.29769439
0,0.3027834
0,0.3006475
0,0.29825795
0,0.32180956
0,0.325025
0,0.32493103
0,0.32412583
0,0.3209583
0,0.29555097
0,0.24779336
0,0.22203974
0,0.21479167
0,0.21032485
0,0.20366763
0,0.19782804
0,0.19559701
0,0.19354005
0,0.18451512
0,0.17241351
0,0.17037976
0,0.17804444
0,0.1795908
0,0.18106471
0,0.17140074
0,0.1890732
0,0.17548855
0,0.17105438
0,0.17534353
0,0.15934327
0,0.16239226
0,0.17025456
0,0.17304206
0,0.17576529
0,0.17730497
0,0.1843192
0,0.1700138
0,0.18706596
0,0.18888761
0,0.1763476
0,0.19043598
0,0.18274628
0,0.18554671
0,0.19331858
0,0.19813128
0,0.20632362
0,0.21211322
0,0.2114151
0,0.21186185
0,0.19918552
0,0.19809921
0,0.19148368
0,0.1996209
0,0.20448257
0,0.21888483
0,0.23155947
0,0.22845463
0,0.22615598
0,0.21255589
0,0.22612
0,0.20919949
0,0.20447953
0,0.19298194
0,0.20901626
0,0.19359654
0,0.19757912
0,0.19051781
0,0.1940996
0,0.27183262
0,0.23332979
0,0.20575479
0,0.20647575
0,0.20401105
0,0.19491579
0,0.18670033
0,0.18180615
0,0.19321762
0,0.1955958
0,0.18087456
0,0.19404648
0,0.17985542
0,0.17646022
0,0.18061088
0,0.21379428
0,0.19454688
0,0.19029683
0,0.19929689
0,0.19779794
0,0.18496807
0,0.1835323
0,0.17395918
0,0.17956391
0,0.18068823
0,0.18261084
0,0.18447737
0,0.17714727
0,0.18588445
0,0.18562694
0,0.21183304
0,0.21937166
0,0.2191326
0,0.21996444
0,0.21751612
0,0.21260305
0,0.20657735
0,0.19503613
0,0.18598545
0,0.1936502
0,0.19351004
0,0.18267272
0,0.19018024
0,0.18081822
0,0.17910655
0,0.19263433
0,0.1948697
0,0.20588754
0,0.2057266
0,0.21690881
0,0.21884963
0,0.22876416
0,0.226846
0,0.20973171
0,0.20993195
0,0.22559851
0,0.22754206
0,0.23052709
0,0.22718714
0,0.23587461
0,0.2407821
0,0.23465635
0,0.25512865
0,0.25180274
0,0.27694216
0,0.28850737
0,0.29580915
0,0.29426822
0,0.2802892
0,0.26968792
0,0.2491838
0,0.24736789
0,0.2418215
0,0.23209964
0,0.2205986
0,0.21834667
0,0.21154523
0,0.20039856
0,0.19678958
0,0.20895453
0,0.21270926
0,0.21597882
0,0.21926491
0,0.21312602
0,0.20344244
0,0.20034026
0,0.19092083
0,0.20579764
0,0.20294298
0,0.20154352
0,0.20490696
0,0.20349398
0,0.20026273
0,0.18956028
0,0.19358732
0,0.20243222
0,0.20099321
0,0.20053208
0,0.19865142
0,0.19296932
0,0.18957247
0,0.18328418
0,0.19919302
0,0.19722188
0,0.1922704
0,0.19914924
0,0.19487388
0,0.19886814
0,0.19802415
0,0.18802944
0,0.1918319
0,0.19040367
0,0.18678991
0,0.18977432
0,0.193609
0,0.52550805
0,0.38921985
0,0.3126655
0,0.2863183
0,0.75838673
0,0.64603305
0,0.54308945
0,0.4207759
0,0.32884496
0,0.27728727
0,0.2522315
0,0.23597609
0,0.2122341
0,0.20045961
0,0.17700352
0,0.1797015
0,0.16124555
0,0.1566092
0,0.15618244
0,0.15741539
0,0.15382676
0,0.15265751
0,0.15309496
0,0.16224585
0,0.15782641
0,0.14681791
0,0.15092532
0,0.15194334
0,0.15063259
0,0.14773792
0,0.13772918
0,0.13774574
0,0.31782
0,0.20497377
0,0.27578554
0,0.23090494
0,0.18361491
0,0.22504342
0,0.22252148
0,0.1964848
0,0.17384867
0,0.15512642
0,0.15607847
0,0.1541873
0,0.17516005
0,0.16595744
0,0.16353674
0,0.1668954
0,0.15021163
0,0.14042349
0,0.14684862
0,0.1507508
0,0.18687966
0,0.180917
0,0.16728793
0,0.16250563
0,0.154945
0,0.15159965
0,0.15231635
0,0.1518497
0,0.151708
0,0.13918382
0,0.15241627
0,0.15314841
0,0.1470933
0,0.14490117
0,0.15464665
0,0.15759686
0,0.15785532
0,0.16133557
0,0.16186066
0,0.15367578
0,0.16040148
0,0.16340871
0,0.16570745
0,0.1650852
0,0.15733495
0,0.15961288
0,0.16128406
0,0.16274568
0,0.16002144
0,0.16291556
0,0.16131689
0,0.17068744
0,0.17823434
0,0.1912722
0,0.18495964
0,0.1815544
0,0.18547113
0,0.163191
0,0.17229372
0,0.15771748
0,0.17379938
0,0.15493752
0,0.14951621
0,0.15835781
0,0.15791485
0,0.23691897
0,0.21271633
0,0.18461381
0,0.17395185
0,0.17751983
0,0.16116476
0,0.16113193
0,0.14715917
0,0.1475056
0,0.14003548
0,0.14094888
0,0.15297706
0,0.1577718
0,0.1630821
0,0.16973133
0,0.15036133
0,0.16312055
0,0.16902223
0,0.17310376
0,0.16108365
0,0.15832566
0,0.16597804
0,0.16366594
0,0.15492609
0,0.16818541
0,0.15598956
0,0.17405842
0,0.17927833
0,0.19126622
0,0.19384292
0,0.2037134
0,0.1974648
0,0.20498411
0,0.20143871
0,0.19897787
0,0.18750045
0,0.18326329
0,0.18974732
0,0.17801821
0,0.17527673
0,0.18441238
0,0.18442845
0,0.18967494
0,0.19270688
0,0.19525692
0,0.1915165
0,0.17592974
0,0.18080615
0,0.18118328
0,0.18036911
0,0.18021363
0,0.1653064
0,0.16831732
0,0.15792613
0,0.15745296
0,0.16105308
0,0.15655819
0,0.16157421
0,0.16425884
0,0.16891229
0,0.18340573
0,0.16154432
0,0.15596242
0,0.1595472
0,0.16836683
0,0.17043662
0,0.15583245
0,0.16487673
0,0.17378323
0,0.16992521
0,0.1621896
0,0.16432934
0,0.16796513
0,0.17305234
0,0.17660904
0,0.18210655
0,0.20273784
0,0.18896213
0,0.17221017
0,0.17932737
0,0.25730792
0,0.22551091
0,0.18791895
0,0.19338752
0,0.190006
0,0.17956342
0,0.16131783
0,0.15627024
0,0.16214743
0,0.16627806
0,0.16830449
0,0.14941904
0,0.14355274
0,0.15097013
0,0.14347628
0,0.15511791
0,0.16072045
0,0.15234552
0,0.16391563
0,0.17441522
0,0.16361636
0,0.16415656
0,0.16275276
0,0.17242944
0,0.1675681
0,0.16686974
0,0.17646812
0,0.17498852
0,0.18455349
0,0.18398482
0,0.20753653
0,0.21971723
0,0.19996724
0,0.2165012
0,0.2218781
0,0.21992324
0,0.21377233
0,0.19811955
0,0.20395213
0,0.20386969
0,0.1912531
0,0.18080664
0,0.18765311
0,0.18914612
0,0.18956372
0,0.1823854
0,0.31971028
0,0.2616582
0,0.23843716
0,0.22600918
0,0.21464238
0,0.20149736
0,0.1915064
0,0.17028053
0,0.17703569
0,0.17241216
0,0.16855776
0,0.16513667
0,0.15493459
0,0.15689665
0,0.14228486
0,0.14201075
0,0.14779477
0,0.14215276
0,0.15011251
0,0.156041
0,0.15506436
0,0.15467061
0,0.14341496
0,0.13716733
0,0.14831245
0,0.15668781
0,0.14603674
0,0.14159572
0,0.15425909
0,0.1507815
0,0.17091978
0,0.16233882
0,0.16831306
0,0.18149403
0,0.18621989
0,0.1895625
0,0.19277321
0,0.19384687
0,0.19375731
0,0.18340729
0,0.1936299
0,0.1945279
0,0.19644226
0,0.2233662
0,0.21037279
0,0.20202291
0,0.18314056
0,0.30257216
0,0.26722997
0,0.25843608
0,0.20172656
0,0.21054956
0,0.18782298
0,0.17303248
0,0.16612159
0,0.15264964
0,0.1413197
0,0.15399556
0,0.14189781
0,0.1513604
0,0.15502015
0,0.15728772
0,0.17671452
0,0.15734766
0,0.22207727
0,0.19513804
0,0.18369903
0,0.22352067
0,0.1811861
0,0.17632505
0,0.15657906
0,0.14452106
0,0.1531455
0,0.13913313
0,0.14852715
0,0.15533458
0,0.16506575
0,0.16946343
0,0.1597014
0,0.15277497
0,0.15042406
0,0.1551639
0,0.1573913
0,0.15792868
0,0.15942322
0,0.1579921
0,0.14916813
0,0.14612563
0,0.15691103
0,0.16037174
0,0.16511734
0,0.17257237
0,0.18342136
0,0.17567833
0,0.1714491
0,0.19111602
0,0.1915178
0,0.16857238
0,0.17956862
0,0.16680205
0,0.17316718
0,0.1594625
0,0.15812401
0,0.16876575
0,0.16609636
0,0.22032113
0,0.19844079
0,0.20257391
0,0.18131287
0,0.18111962
0,0.16249625
0,0.16309524
0,0.16739523
0,0.16773164
0,0.16716835
0,0.17046504
0,0.16705185
0,0.16759637
0,0.17301893
0,0.17075726
0,0.17550686
0,0.17905946
0,0.18029763
0,0.18012773
0,0.18186016
0,0.31987622
0,0.25737897
0,0.24443315
0,0.22372165
0,0.20607914
0,0.19797792
0,0.19508173
0,0.18856038
0,0.17167296
0,0.15327136
0,0.16601051
0,0.1659469
0,0.16043462
0,0.1589683
0,0.15889156
0,0.15153491
0,0.15135714
0,0.15332127
0,0.15144758
0,0.15267594
0,0.14312695
0,0.14636521
0,0.15260983
0,0.14882621
0,0.14307676
0,0.14092532
0,0.1495016
0,0.15555787
0,0.16159925
0,0.17311458
0,0.17678939
0,0.18824199
0,0.17415245
0,0.1820195
0,0.21544118
0,0.17908868
0,0.1853464
0,0.1858299
0,0.18563391
0,0.1802425
0,0.16969873
0,0.1912211
0,0.190502
0,0.19749682
0,0.22625744
0,0.19732283
0,0.19552746
0,0.18654959
0,0.1665217
0,0.211595
0,0.19308393
0,0.18543218
0,0.18128067
0,0.17541754
0,0.17272745
0,0.16388628
0,0.15674467
0,0.1641275
0,0.1669016
0,0.20593081
0,0.18729769
0,0.16057637
0,0.16635105
0,0.15773049
0,0.15618552
0,0.15870124
0,0.1425965
0,0.15146253
0,0.155782
0,0.15694942
0,0.14991094
0,0.14356041
0,0.15408422
0,0.16418737
0,0.16666244
0,0.16928142
0,0.153387
0,0.16627899
0,0.1695595
0,0.17168067
0,0.16419825
0,0.16440591
0,0.17213093
0,0.17553237
0,0.17353535
0,0.17891154
0,0.18259092
0,0.17696199
0,0.19310473
0,0.20318785
0,0.20281751
0,0.19939971
0,0.1988316
0,0.20043218
0,0.19880943
0,0.18528427
0,0.17474428
0,0.1852416
0,0.1919526
0,0.19965667
0,0.19795196
0,0.19411331
0,0.1942683
0,0.18353583
0,0.17447549
0,0.18864779
0,0.19071928
0,0.1813294
0,0.18271536
0,0.21335651
0,0.19952977
0,0.1847044
0,0.18081188
0,0.19202162
0,0.19825599
0,0.2031588
0,0.20344497
0,0.18736646
0,0.21546623
0,0.21467215
0,0.21975672
0,0.20276694
0,0.18624699
0,0.19235483
0,0.19344732
0,0.18140371
0,0.1710364
0,0.17734942
0,0.20566055
0,0.18962936
0,0.20208043
0,0.202376
0,0.20621888
0,0.22105874
0,0.19953123
0,0.18450183
0,0.19055833
0,0.19559975
0,0.19117615
0,0.1779354
0,0.18244608
0,0.18354881
0,0.17598653
0,0.16810128
0,0.18127121
0,0.18799748
0,0.19198078
0,0.18709257
0,0.1741059
0,0.18362027
0,0.1764343
0,0.17713839
0,0.1812939
0,0.16318302
0,0.15754686
0,0.16841646
0,0.17882146
0,0.18818185
0,0.17970733
0,0.19052295
0,0.1963752
0,0.20078477
0,0.20266029
0,0.19911666
0,0.20674041
0,0.21117885
0,0.19502963
0,0.22840515
0,0.20076013
0,0.1863406
0,0.20348567
0,0.20950213
0,0.21325202
0,0.2071822
0,0.19785552
0,0.2092356
0,0.21463414
0,0.20847692
0,0.20584248
0,0.19882505
0,0.19291376
0,0.19167799
0,0.17693864
0,0.18437394
0,0.18524893
0,0.18482615
0,0.18814132
0,0.1880746
0,0.18663622
0,0.18458572
0,0.1723639
0,0.18804704
0,0.17083287
0,0.17893843
0,0.16285723
0,0.17242086
0,0.16024165
0,0.16694792
0,0.16235371
0,0.16478163
0,0.18216136
0,0.19430159
0,0.19668303
0,0.2032294
0,0.19323106
0,0.19194838
0,0.18220665
0,0.20177029
0,0.20847486
0,0.1907916
0,0.20935962
0,0.20635937
0,0.2113378
0,0.20378631
0,0.20988847
0,0.21243824
0,0.21876979
0,0.22231506
0,0.2243658
0,0.22257337
0,0.21137667
0,0.19652696
0,0.19244681
0,0.1945477
0,0.19463414
0,0.19096245
0,0.18611701
0,0.1632511
0,0.17195094
0,0.16148488
0,0.17105152
0,0.17456144
0,0.1537007
0,0.15390936
0,0.16506055
0,0.15531899
0,0.16327378
0,0.15791412
0,0.17359902
0,0.17454997
0,0.16245703
0,0.17529073
0,0.17633633
0,0.18207672
0,0.18151543
0,0.1673688
0,0.17798534
0,0.16937286
0,0.21644297
0,0.20532002
0,0.18432748
0,0.17287673
0,0.18594436
0,0.1815247
0,0.19782098
0,0.19139169
0,0.2023678
0,0.20402299
0,0.20622939
0,0.19380103
0,0.19439152
0,0.18086192
0,0.20026392
0,0.19907457
0,0.20399801
0,0.2037445
0,0.20880473
0,0.21088031
0,0.19556956
0,0.18110713
0,0.19255686
0,0.19333605
0,0.19772956
0,0.19719827
0,0.19595656
0,0.19410512
0,0.18510585
0,0.19719115
0,0.19607154
0,0.19132295
0,0.19272801
0,0.16738234
0,0.19460371
0,0.18993467
0,0.1710699
0,0.17736119
0,0.1576612
0,0.16899009
0,0.17183568
0,0.17308699
0,0.17395201
0,0.16323015
0,0.15938383
0,0.15485454
0,0.16743213
0,0.17433019
0,0.17841032
0,0.17717056
0,0.17907108
0,0.17961955
0,0.16990167
0,0.17663975
0,0.17847347
0,0.1803031
0,0.184003
0,0.18255907
0,0.21037476
0,0.19409472
0,0.17575617
0,0.18279278
0,0.18927366
0,0.18405877
0,0.1636335
0,0.17216639
0,0.17705297
0,0.17510751
0,0.16090533
0,0.17056206
0,0.17436132
0,0.1720914
0,0.15409125
0,0.14820844
0,0.14717259
0,0.16065672
0,0.16025203
0,0.17182332
0,0.1781238
0,0.16731864
0,0.17874803
0,0.19310689
0,0.19659558
0,0.19416793
0,0.18157323
0,0.19572721
0,0.19710168
0,0.2139763
0,0.22071259
0,0.20216833
0,0.2119971
0,0.21322258
0,0.2228532
0,0.2239863
0,0.20286107
0,0.21941103
0,0.24775515
0,0.2302488
0,0.22105724
0,0.20437601
0,0.18569368
0,0.19984692
0,0.19173141
0,0.19225839
0,0.19100086
0,0.19067582
0,0.19168568
0,0.17576225
0,0.18090332
0,0.1819293
0,0.18235397
0,0.18381928
0,0.18250918
0,0.17954794
0,0.17594597
0,0.17105848
0,0.17107826
0,0.1694582
0,0.16741909
0,0.16701835
0,0.17058758
0,0.17022032
0,0.1665361
0,0.15161397
0,0.15878013
0,0.17040557
0,0.16793804
0,0.16601396
0,0.16338208
0,0.16763702
0,0.16851224
0,0.15734978
0,0.16344413
0,0.16809306
0,0.16905786
0,0.15045938
0,0.16198182
0,0.16738923
0,0.16520031
0,0.15341099
0,0.17786245
0,0.15655725
0,0.16563521
0,0.16907066
0,0.17475161
0,0.20703197
0,0.18803652
0,0.17152442
0,0.16115442
0,0.17425837
0,0.20616074
0,0.19449675
0,0.19513266
0,0.193095
0,0.1828879
0,0.16774084
0,0.1852669
0,0.18283743
0,0.19443226
0,0.18775631
0,0.18220325
0,0.15853935
0,0.1621592
0,0.15419964
0,0.16091378
0,0.17665182
0,0.15702125
0,0.16198315
0,0.17082782
0,0.17735353
0,0.16608055
0,0.22432576
0,0.20149562
0,0.19371858
0,0.1945553
0,0.18780898
0,0.16178238
0,0.17358135
0,0.16367435
0,0.17030725
0,0.17350297
0,0.17724288
0,0.1784518
0,0.17896266
0,0.15519111
0,0.16710752
0,0.1594508
0,0.31974834
0,0.28574932
0,0.24821196
0,0.21967693
0,0.19937326
0,0.18521023
0,0.17701308
0,0.15388712
0,0.1578729
0,0.158832
0,0.15832883
0,0.16088428
0,0.15782784
0,0.15769212
0,0.15672812
0,0.1416552
0,0.14614609
0,0.14834619
0,0.14863871
0,0.15081589
0,0.13883667
0,0.1678143
0,0.154284
0,0.1396744
0,0.14695264
0,0.13891621
0,0.14752725
0,0.15407406
0,0.1599155
0,0.16419278
0,0.17032179
0,0.16108942
0,0.1711765
0,0.18309277
0,0.18249542
0,0.15931061
0,0.1703898
0,0.17551632
0,0.16727492
0,0.1602044
0,0.16080458
0,0.16975856
0,0.17545737
0,0.15875956
0,0.16869184
0,0.15885264
0,0.16479644
0,0.17549707
0,0.19059816
0,0.20075814
0,0.20103179
0,0.19896735
0,0.19671139
0,0.19433406
0,0.17836314
0,0.18374701
0,0.17018245
0,0.16460581
0,0.17744492
0,0.18659793
0,0.18701318
0,0.1713593
0,0.17304999
0,0.1906208
0,0.17369305
0,0.18360248
0,0.17400636
0,0.18719697
0,0.1976298
0,0.19102848
0,0.17756408
0,0.16789907
0,0.17923996
0,0.21003255
0,0.19988447
0,0.19861932
0,0.1778992
0,0.19089454
0,0.18175262
0,0.19494002
0,0.2019981
0,0.18571083
0,0.20177898
0,0.20439625
0,0.20041737
0,0.20194323
0,0.18323903
0,0.19387056
0,0.19864808
0,0.2914329
0,0.24440528
0,0.22518247
0,0.18745705
0,0.17895016
0,0.16173984
0,0.17143992
0,0.17213595
0,0.17266707
0,0.1522707
0,0.16105261
0,0.16248144
0,0.16037522
0,0.21164066
0,0.19256878
0,0.18840095
0,0.18694997
0,0.18190826
0,0.1584775
0,0.16610277
0,0.1600899
0,0.15953816
0,0.1595142
0,0.14659566
0,0.15212643
0,0.15413924
0,0.15544572
0,0.19864953
0,0.16637553
0,0.15687312
0,0.17262556
0,0.16926786
0,0.16711874
0,0.15547915
0,0.16043547
0,0.16235541
0,0.16143744
0,0.16219154
0,0.15282133
0,0.16360302
0,0.16930583
0,0.16394986
0,0.1719806
0,0.18549347
0,0.1828378
0,0.1946292
0,0.22544332
0,0.18825948
0,0.19131273
0,0.1907503
0,0.19017126
0,0.18744963
0,0.17603964
0,0.18283568
0,0.18644156
0,0.19353448
0,0.1926643
0,0.20128788
0,0.19531402
0,0.17547347
0,0.17310758
0,0.18489344
0,0.18754655
0,0.1900906
0,0.17231682
0,0.18155834
0,0.18334495
0,0.18303694
0,0.17190646
0,0.16340803
0,0.17671415
0,0.1807248
0,0.18318985
0,0.18559486
0,0.16947997
0,0.2129925
0,0.18832354
0,0.193965
0,0.19589484
0,0.18636015
0,0.18058534
0,0.19255559
0,0.19570631
0,0.17881447
0,0.1964756
0,0.19953455
0,0.20069236
0,0.19949304
0,0.17825563
0,0.1723552
0,0.19003154
0,0.18918376
0,0.18169324
0,0.19472021
0,0.19862129
0,0.20229925
0,0.20364724
0,0.20334585
0,0.19834888
0,0.18300529
0,0.18294127
0,0.20000115
0,0.20794411
0,0.21317571
0,0.21135679
0,0.21096705
0,0.21722442
0,0.21336156
0,0.22649594
0,0.22150654
0,0.20532162
0,0.21744913
0,0.22758599
0,0.25411987
0,0.23904052
0,0.21416225
0,0.21507587
0,0.21224147
0,0.20356472
0,0.20490937
0,0.18205068
0,0.19095474
0,0.18847935
0,0.1795395
0,0.18510512
0,0.1728044
0,0.18457294
0,0.18073785
0,0.17733599
0,0.17615888
0,0.16137496
0,0.16237718
0,0.17731813
0,0.1790387
0,0.17641144
0,0.18181646
0,0.18403354
0,0.1857477
0,0.18102251
0,0.17041795
0,0.18020056
0,0.18340725
0,0.19153307
0,0.19291678
0,0.19129962
0,0.18991666
0,0.17613919
0,0.16811095
0,0.1767513
0,0.1789508
0,0.18065336
0,0.17889233
0,0.1780889
0,0.17711197
0,0.17597017
0,0.16003682
0,0.1615852
0,0.1658909
0,0.16865407
0,0.16892809
0,0.17462851
0,0.18155904
0,0.17828391
0,0.16154262
0,0.17053753
0,0.16253524
0,0.15700863
0,0.17111166
0,0.17908612
0,0.18170434
0,0.1789984
0,0.18417704
0,0.18852836
0,0.18835992
0,0.18776178
0,0.1896296
0,0.1926241
0,0.19217989
0,0.18249486
0,0.17355573
0,0.19056886
0,0.19059335
0,0.19201748
0,0.19123422
0,0.18747827
0,0.2131061
0,0.19120103
0,0.18789598
0,0.1750801
0,0.18026027
0,0.18377423
0,0.17989248
0,0.16671073
0,0.16980654
0,0.17806566
0,0.18504918
0,0.1770477
0,0.16443345
0,0.15988445
0,0.17419842
0,0.17680854
0,0.18484731
0,0.169262
0,0.1841769
0,0.19922803
0,0.19195624
0,0.18973215
0,0.1731282
0,0.1786049
0,0.16808449
0,0.17124556
0,0.17106993
0,0.17710376
0,0.19405486
0,0.20526649
0,0.21731123
0,0.2187363
0,0.22074984
0,0.22100389
0,0.22493915
0,0.22664076
0,0.22468734
0,0.21918543
0,0.23110491
0,0.22145827
0,0.21634044
0,0.18922642
0,0.19651139
0,0.22370094
0,0.20937115
0,0.20370202
0,0.2026612
0,0.20461291
0,0.18964767
0,0.18421498
0,0.1875294
0,0.18274164
0,0.17856736
0,0.15883406
0,0.16487214
0,0.16449268
0,0.16501506
0,0.17517026
0,0.1615875
0,0.16978443
0,0.1711531
0,0.17296608
0,0.17369382
0,0.16623737
0,0.16924866
0,0.16470027
0,0.1791566
0,0.18418735
0,0.17968723
0,0.19185004
0,0.19731724
0,0.22218317
0,0.20492393
0,0.21966851
0,0.2027156
0,0.21572573
0,0.21533744
0,0.21529959
0,0.21215741
0,0.20569247
0,0.21529342
0,0.20602496
0,0.20515604
0,0.20090233
0,0.20094115
0,0.19786806
0,0.19614956
0,0.20209968
0,0.18519323
0,0.20167235
0,0.1939984
0,0.18880963
0,0.18372682
0,0.1785061
0,0.18098702
0,0.1773682
0,0.16829455
0,0.1719018
0,0.17367178
0,0.16165851
0,0.1615667
0,0.17792246
0,0.179967
0,0.18176298
0,0.17096989
0,0.18411636
0,0.18731533
0,0.18937853
0,0.1915306
0,0.17714864
0,0.19537374
0,0.1959181
0,0.18511294
0,0.20141076
0,0.1850567
0,0.19552776
0,0.20013781
0,0.20631479
0,0.21420835
0,0.2121665
0,0.2139159
0,0.21285541
0,0.21158619
0,0.23025954
0,0.21613283
0,0.20687132
0,0.19976093
0,0.19346333
0,0.19056296
0,0.18404381
0,0.18310137
0,0.18569203
0,0.18330173
0,0.18179384
0,0.18361562
0,0.17511868
0,0.16333106
0,0.17956896
0,0.17838307
0,0.18112679
0,0.1609667
0,0.1766177
0,0.19851398
0,0.17968933
0,0.1788284
0,0.16678418
0,0.17262946
0,0.1798742
0,0.18219812
0,0.18399666
0,0.17047799
0,0.191234
0,0.19262025
0,0.20122351
0,0.19798982
0,0.18138565
0,0.18954654
0,0.19165628
0,0.1931349
0,0.18632859
0,0.19062094
0,0.19726476
0,0.19456457
0,0.18532346
0,0.19223648
0,0.21211183
0,0.20229556
0,0.18434583
0,0.19234127
0,0.19335227
0,0.19780362
0,0.1960387
0,0.20170392
0,0.19332407
0,0.19034152
0,0.17596433
0,0.18177399
0,0.18264751
0,0.18183285
0,0.19549672
0,0.17366682
0,0.16386528
0,0.17206998
0,0.16018513
0,0.17537963
0,0.18166472
0,0.1601233
0,0.16862379
0,0.17204328
0,0.17420232
0,0.17658113
0,0.16582267
0,0.17377713
0,0.18087195
0,0.1854913
0,0.18498868
0,0.16588314
0,0.16668063
0,0.1909192
0,0.19136265
0,0.19494048
0,0.17918698
0,0.18631941
0,0.22324537
0,0.20977083
0,0.20558229
0,0.18829776
0,0.17301723
0,0.17935874
0,0.17914492
0,0.17705141
0,0.17591864
0,0.17735708
0,0.17720775
0,0.16495797
0,0.17241834
0,0.17526294
0,0.17659815
0,0.17933199
0,0.17841889
0,0.1844485
0,0.182962
0,0.17964941
0,0.17962348
0,0.17634684
0,0.1768254
0,0.1673624
0,0.16315873
0,0.17494372
0,0.18484843
0,0.17412616
0,0.17292975
0,0.17845158
0,0.20666817
0,0.21866053
0,0.2213054
0,0.22014646
0,0.20459655
0,0.20693555
0,0.22954051
0,0.30428115
0,0.26789692
0,0.23004831
0,0.2320919
0,0.22508575
0,0.21850789
0,0.22444129
0,0.2109392
0,0.19816151
0,0.21232682
0,0.2239263
0,0.2174677
0,0.22254498
0,0.22289647
0,0.20295477
0,0.20861763
0,0.20188965
0,0.19533134
0,0.19258763
0,0.18585452
0,0.19703412
0,0.18482314
0,0.18202978
0,0.18395668
0,0.17994103
0,0.16387011
0,0.17074336
0,0.1739209
0,0.16577463
0,0.18825549
0,0.20546822
0,0.20462905
0,0.18538024
0,0.18690422
0,0.20910232
0,0.2047271
0,0.20547098
0,0.19651139
0,0.18863541
0,0.2264543
0,0.21366046
0,0.19353952
0,0.19423737
0,0.18582493
0,0.19452475
0,0.18952176
0,0.20061809
0,0.20457472
0,0.20075698
0,0.20950378
0,0.22243938
0,0.2192708
0,0.21605143
0,0.20608547
0,0.19260691
0,0.2005448
0,0.18872571
0,0.19925094
0,0.2051507
0,0.19322951
0,0.20521049
0,0.19368228
0,0.20366059
0,0.20688652
0,0.21217622
0,0.21258469
0,0.21142769
0,0.2115978
0,0.21740326
0,0.20059545
0,0.20455346
0,0.20139156
0,0.19943085
0,0.22418383
0,0.18859015
0,0.19870524
0,0.18636128
0,0.1942871
0,0.19370823
0,0.17716648
0,0.18974257
0,0.18006867
0,0.18740287
0,0.18485011
0,0.1667428
0,0.16334343
0,0.17381263
0,0.18407655
0,0.1876255
0,0.17400081
0,0.1852657
0,0.1870962
0,0.18918048
0,0.17881124
0,0.18164508
0,0.19192207
0,0.19686462
0,0.22108977
0,0.21465002
0,0.20821668
0,0.20202217
0,0.20600583
0,0.20718311
0,0.21525452
0,0.20733875
0,0.19470434
0,0.19801828
0,0.20577757
0,0.19134335
0,0.19149518
0,0.17771739
0,0.18573652
0,0.18766262
0,0.18666883
0,0.18890077
0,0.17317705
0,0.18943863
0,0.17605846
0,0.18662822
0,0.19432685
0,0.1799378
0,0.19540957
0,0.19280036
0,0.20138158
0,0.187493
0,0.18305033
0,0.19101432
0,0.19957478
0,0.21923228
0,0.22507131
0,0.2200078
0,0.24576393
0,0.23393844
0,0.2501965
0,0.25657898
0,0.22961953
0,0.2813733
0,0.26710698
0,0.25188747
0,0.2442909
0,0.2200172
0,0.22347121
0,0.22195162
0,0.20282009
0,0.19577074
0,0.209923
0,0.21233049
0,0.19789277
0,0.19332676
0,0.2100981
0,0.22821854
0,0.2209507
0,0.21403643
0,0.21154761
0,0.20137724
0,0.21136792
0,0.17885515
0,0.18704307
0,0.18527569
0,0.18407618
0,0.1798735
0,0.16688491
0,0.17318878
0,0.17477553
0,0.17673174
0,0.17673138
0,0.17315346
0,0.18217453
0,0.18465564
0,0.18969363
0,0.18652235
0,0.17432913
0,0.16162756
0,0.17252794
0,0.19729157
0,0.18592143
0,0.17295073
0,0.17815357
0,0.17316616
0,0.17573929
0,0.18911521
0,0.18506807
0,0.18556434
0,0.2041328
0,0.21912834
0,0.22613567
0,0.22237664
0,0.21911483
0,0.23506483
0,0.23108797
0,0.22720985
0,0.2227694
0,0.26101908
0,0.23461157
0,0.21952362
0,0.19648236
0,0.19869122
0,0.20066917
0,0.20527042
0,0.2039588
0,0.18895447
0,0.20151335
0,0.19669071
0,0.2011779
0,0.20925786
0,0.20471363
0,0.20229504
0,0.18300505
0,0.18738486
0,0.19093782
0,0.19234549
0,0.18014683
0,0.1768204
0,0.20363861
0,0.19777933
0,0.19712646
0,0.19816211
0,0.18007335
0,0.22870883
0,0.19521916
0,0.19998851
0,0.20723525
0,0.20897667
0,0.21685496
0,0.21428673
0,0.2070548
0,0.20713311
0,0.20408723
0,0.20525536
0,0.18712005
0,0.19186604
0,0.19330831
0,0.19207579
0,0.19146375
0,0.18552633
0,0.18921585
0,0.18940239
0,0.18939514
0,0.1872386
0,0.17910355
0,0.18469766
0,0.18942553
0,0.19294593
0,0.19959371
0,0.19808865
0,0.19937323
0,0.18780506
0,0.1980217
0,0.20193139
0,0.20901853
0,0.21025974
0,0.22304493
0,0.23618129
0,0.22413355
0,0.23728627
0,0.24348861
0,0.24829908
0,0.28445902
0,0.25381976
0,0.23851179
0,0.23307131
0,0.23075029
0,0.22878247
0,0.20769806
0,0.21579434
0,0.21920085
0,0.22138117
0,0.22171159
0,0.20780224
0,0.2113649
0,0.23787923
0,0.22467822
0,0.21985403
0,0.21423335
0,0.1978477
0,0.20439471
0,0.19838332
0,0.20004374
0,0.28361118
0,0.22947006
0,0.1920754
0,0.19619569
0,0.18325572
0,0.188541
0,0.18963431
0,0.19006501
0,0.19091977
0,0.19687113
0,0.19874275
0,0.19042024
0,0.1792485
0,0.19246337
0,0.18363707
0,0.17878863
0,0.16616902
0,0.1696522
0,0.16928379
0,0.16312596
0,0.16967542
0,0.16372176
0,0.17244732
0,0.17150527
0,0.17224804
0,0.17380735
0,0.17051008
0,0.18992235
0,0.1917411
0,0.1988092
0,0.22974353
0,0.21687245
0,0.23842984
0,0.2285932
0,0.22291613
0,0.21815509
0,0.21370012
0,0.25458133
0,0.21927328
0,0.22733636
0,0.22966237
0,0.22765456
0,0.22118141
0,0.22797371
0,0.21977077
0,0.21989973
0,0.22823624
0,0.22455886
0,0.2360115
0,0.22586685
0,0.23349029
0,0.24973992
0,0.23731217
0,0.23752902
0,0.24798037
0,0.24208276
0,0.28272054
0,0.25975728
0,0.26981914
0,0.25602564
0,0.27660626
0,0.26580814
0,0.26399055
0,0.28626266
0,0.29289335
0,0.29347095
0,0.2935232
0,0.2925227
0,0.30017096
0,0.30446923
0,0.28660628
0,0.29729837
0,0.28730437
0,0.2968473
0,0.29960153
0,0.30923444
0,0.31391376
0,0.28301254
0,0.2927995
0,0.29289883
0,0.29614875
0,0.29776606
0,0.29451632
0,0.2942078
0,0.29548234
0,0.305212
0,0.2967839
0,0.2841698
0,0.30266076
0,0.30618697
0,0.34987518
0,0.3002375
0,0.28804064
0,0.30206773
0,0.31036404
0,0.30707517
0,0.30645174
0,0.3063357
0,0.3029722
0,0.3040231
0,0.3018068
0,0.30158597
0,0.29942095
0,0.28245777
0,0.28112105
0,0.29032895
0,0.29212797
0,0.29811975
0,0.27620712
0,0.30375248
0,0.2972659
0,0.29599723
0,0.28772908
0,0.271417
0,0.31757054
0,0.2928939
0,0.28431007
0,0.27994308
0,0.2682884
0,0.27499044
0,0.28194523
0,0.26421446
0,0.2716425
0,0.27553314
0,0.28027576
0,0.28192446
0,0.29640839
0,0.31000584
0,0.32014167
0,0.30540535
0,0.29355407
0,0.29837066
0,0.29636607
0,0.3335642
0,0.30189902
0,0.29576364
0,0.27378732
0,0.2707176
0,0.25935054
0,0.281194
0,0.28657764
0,0.28632647
0,0.28419733
0,0.33533937
0,0.2918787
0,0.297611
0,0.2761447
0,0.28932846
0,0.29066753
0,0.2887987
0,0.2969788
0,0.27707988
0,0.28632998
0,0.3258369
0,0.28792718
0,0.28282604
0,0.2880122
0,0.28793368
0,0.277544
0,0.28586006
0,0.2964289
0,0.29453528
0,0.3004623
0,0.35612616
0,0.3029169
0,0.31005433
0,0.2886655
0,0.2986687
0,0.2987512
0,0.30073953
0,0.31045106
0,0.3053176
0,0.28457347
0,0.2941177
0,0.29555187
0,0.3006327
0,0.29987827
0,0.3270004
0,0.31514382
0,0.30841616
0,0.2826929
0,0.29311806
0,0.29301286
0,0.29300627
0,0.29273716
0,0.28619868
0,0.28329995
0,0.28144172
0,0.27901188
0,0.2625993
0,0.2645463
0,0.29428697
0,0.28586814
0,0.28665563
0,0.29373732
0,0.27889472
0,0.31723252
0,0.30285084
0,0.27997485
0,0.27601692
0,0.27434596
0,0.27720377
0,0.28698632
0,0.28986406
0,0.2937998
0,0.29378662
0,0.2746443
0,0.2895695
0,0.29586837
0,0.2947188
0,0.30607733
0,0.29952818
0,0.2991605
0,0.30059966
0,0.30381057
0,0.33676204
0,0.30007023
0,0.29039073
0,0.297087
0,0.30007342
0,0.374916
0,0.3387484
0,0.3044645
0,0.28452155
0,0.30541465
0,0.305651
0,0.3000264
0,0.28537858
0,0.29701102
0,0.32703707
0,0.3170658
0,0.30656564
0,0.2917626
0,0.29339743
0,0.2865217
0,0.28202885
0,0.25655714
0,0.26051977
0,0.26004073
0,0.25821418
0,0.24968565
0,0.2416741
0,0.2547729
0,0.26002657
0,0.26533794
0,0.27494708
0,0.25882643
0,0.26998553
0,0.3047394
0,0.2900334
0,0.2976066
0,0.27731377
0,0.2865613
0,0.34070525
0,0.311906
0,0.30436328
0,0.2961503
0,0.2783622
0,0.29933044
0,0.29499972
0,0.29940456
0,0.29524535
0,0.31279355
0,0.31822717
0,0.29823604
0,0.29535562
0,0.2972588
0,0.32333076
0,0.3065037
0,0.30303752
0,0.296037
0,0.29012993
0,0.27952242
0,0.2803792
0,0.27219835
0,0.27536494
0,0.2763966
0,0.26997745
0,0.2804487
0,0.27652547
0,0.2814843
0,0.290076
0,0.27523974
0,0.28561124
0,0.28659692
0,0.2880558
0,0.32285675
0,0.2854365
0,0.27228943
0,0.29277712
0,0.29826644
0,0.31519285
0,0.28889355
0,0.29095203
0,0.29093674
0,0.2869701
0,0.34233156
0,0.29989508
0,0.30608904
0,0.28747833
0,0.28982183
0,0.287734
0,0.28492182
0,0.28325224
0,0.29170957
0,0.33015049
0,0.30805123
0,0.28696355
0,0.28487715
0,0.2918315
0,0.34034508
0,0.30898684
0,0.3020509
0,0.29798397
0,0.2878702
0,0.27487087
0,0.28669396
0,0.2856936
0,0.27036557
0,0.28655103
0,0.26912946
0,0.2950872
0,0.28959718
0,0.2717382
0,0.33168638
0,0.29110354
0,0.30924642
0,0.29679367
0,0.27994353
0,0.28975433
0,0.28721827
0,0.292134
0,0.28750518
0,0.30090523
0,0.30035233
0,0.28463858
0,0.29645866
0,0.29198915
0,0.32132834
0,0.30849633
0,0.3046777
0,0.3077192
0,0.28066674
0,0.297021
0,0.29560208
0,0.2958488
0,0.29188675
0,0.29311866
0,0.29182115
0,0.28993317
0,0.29520574
0,0.29882795
0,0.2963385
0,0.28628987
0,0.28264004
0,0.30022767
0,0.3047146
0,0.31906188
0,0.30703732
0,0.28708008
0,0.29348022
0,0.3015038
0,0.30754352
0,0.30126405
0,0.29110807
0,0.2861856
0,0.29810938
0,0.33297527
0,0.32100827
0,0.29126605
0,0.29198807
0,0.29963726
0,0.3311787
0,0.31374282
0,0.29192272
0,0.29807028
0,0.28098586
0,0.3488536
0,0.330254
0,0.29078615
0,0.2970563
0,0.28980353
0,0.28315404
0,0.27892986
0,0.26569846
0,0.27323604
0,0.26005122
0,0.2727113
0,0.27425003
0,0.26916444
0,0.27604875
0,0.29467183
0,0.28533685
0,0.2654398
0,0.2739576
0,0.27727973
0,0.34269956
0,0.315559
0,0.29794356
0,0.2955969
0,0.28719768
0,0.29256716
0,0.2795229
0,0.2818737
0,0.27968678
0,0.281209
0,0.26756707
0,0.2651228
0,0.2721983
0,0.27946636
0,0.29871124
0,0.29513347
0,0.2960742
0,0.29207897
0,0.28988218
0,0.30655977
0,0.2951752
0,0.28798467
0,0.28336135
0,0.28347445
0,0.28891742
0,0.2914523
0,0.30215687
0,0.29660916
0,0.3051262
0,0.29496258
0,0.30719936
0,0.29354015
0,0.30414933
0,0.29860702
0,0.298022
0,0.303042
0,0.2936683
0,0.30202505
0,0.2954552
0,0.3058624
0,0.29487443
0,0.28975105
0,0.2875633
0,0.2876922
0,0.2915145
0,0.29922974
0,0.29825842
0,0.27617308
0,0.27325505
0,0.28606346
0,0.2931601
0,0.30619884
0,0.302015
0,0.29788035
0,0.3252479
0,0.29257455
0,0.2964481
0,0.29559723
0,0.29849195
0,0.32374433
0,0.29066908
0,0.298674
0,0.29923373
0,0.29421377
0,0.33626154
0,0.28905174
0,0.29838333
0,0.2929761
0,0.29745367
0,0.33734757
0,0.29441965
0,0.29920405
0,0.2955737
0,0.28826943
0,0.30462617
0,0.28447196
0,0.28365993
0,0.28331587
0,0.28344446
0,0.30371717
0,0.294226
0,0.28696048
0,0.27021265
0,0.2859659
0,0.31062442
0,0.3048732
0,0.275597
0,0.2837056
0,0.28275645
0,0.3163687
0,0.3057259
0,0.29320046
0,0.29244643
0,0.28798267
0,0.33506367
0,0.3134946
0,0.30216005
0,0.28486198
0,0.29677
0,0.29058877
0,0.29640168
0,0.2793391
0,0.29182285
0,0.29416755
0,0.28798717
0,0.29241657
0,0.28722134
0,0.28682435
0,0.28562242
0,0.27767882
0,0.28738338
0,0.27575922
0,0.28573218
0,0.29215062
0,0.29229218
0,0.29154631
0,0.27872878
0,0.28570005
0,0.320402
0,0.30647483
0,0.3012079
0,0.27827096
0,0.28856573
0,0.30027065
0,0.3065021
0,0.30091256
0,0.2939907
0,0.2922625
0,0.3319839
0,0.30450398
0,0.31409883
0,0.30496204
0,0.3019167
0,0.28467628
0,0.29507694
0,0.29732284
0,0.29302183
0,0.29474482
0,0.29770163
0,0.29488176
0,0.29085922
0,0.29419014
0,0.27710003
0,0.28589305
0,0.27961624
0,0.27841756
0,0.28311643
0,0.2853622
0,0.28609324
0,0.28634363
0,0.27038607
0,0.27199534
0,0.31647518
0,0.29741082
0,0.29159224
0,0.2877817
0,0.28878587
0,0.30301663
0,0.29526046
0,0.29237413
0,0.27884564
0,0.28441042
0,0.3247589
0,0.29760054
0,0.30606896
0,0.29377654
0,0.29446056
0,0.32785624
0,0.300037
0,0.2938127
0,0.30134967
0,0.28793818
0,0.30234742
0,0.3010266
0,0.2937282
0,0.30150822
0,0.27963868
0,0.32033655
0,0.30444998
0,0.295242
0,0.29640317
0,0.29471952
0,0.3438187
0,0.3052561
0,0.28378978
0,0.29096958
0,0.2899314
0,0.28378692
0,0.27270326
0,0.27283812
0,0.27294552
0,0.2842058
0,0.28424653
0,0.27122116
0,0.28026825
0,0.28690544
0,0.28171358
0,0.28572986
0,0.27472052
0,0.28189194
0,0.28624156
0,0.28281218
0,0.2829853
0,0.27193913
0,0.2778558
0,0.28171542
0,0.28499073
0,0.28347173
0,0.28650063
0,0.28732362
0,0.28895533
0,0.28912225
0,0.2907343
0,0.29130334
0,0.29577717
0,0.2853845
0,0.29125696
0,0.28923786
0,0.27119318
0,0.28293324
0,0.28380305
0,0.28689685
0,0.2847784
0,0.27700442
0,0.26586893
0,0.27257884
0,0.27948844
0,0.28070572
0,0.2840918
0,0.28216487
0,0.28334326
0,0.28320208
0,0.29564843
0,0.2923923
0,0.28321496
0,0.2778701
0,0.3215434
0,0.29550412
0,0.29505342
0,0.30169412
0,0.30549157
0,0.35298863
0,0.31448174
0,0.31064352
0,0.28680915
0,0.2968439
0,0.29681692
0,0.27761436
0,0.282352
0,0.2742624
0,0.28386515
0,0.32895264
0,0.2843363
0,0.28464678
0,0.29192168
0,0.30014515
0,0.32907504
0,0.29717436
0,0.28800917
0,0.28210327
0,0.28417414
0,0.3326446
0,0.301536
0,0.30040634
0,0.2983607
0,0.29474726
0,0.33348706
0,0.30940774
0,0.3034113
0,0.29411286
0,0.29081738
0,0.28716904
0,0.2834602
0,0.28242669
0,0.28282845
0,0.28020296
0,0.27450424
0,0.28040186
0,0.28462476
0,0.28475678
0,0.27021936
0,0.28251982
0,0.28398612
0,0.27853948
0,0.28308448
0,0.2778037
0,0.2771375
0,0.28136617
0,0.28172576
0,0.29221725
0,0.284179
0,0.28288594
0,0.28079507
0,0.279816
0,0.28622892
0,0.2864154
0,0.2896709
0,0.2847565
0,0.2863424
0,0.29211554
0,0.2869418
0,0.28575918
0,0.27559397
0,0.27761987
0,0.27976194
0,0.29308486
0,0.28884378
0,0.29711717
0,0.29133597
0,0.29822254
0,0.30827105
0,0.30534554
0,0.2976571
0,0.29340017
0,0.29700607
0,0.32600495
0,0.29366824
0,0.3000293
0,0.29880008
0,0.29808065
0,0.3217958
0,0.2876781
0,0.2871769
0,0.2904201
0,0.29128754
0,0.29488534
0,0.27258685
0,0.28729904
0,0.28718567
0,0.2877247
0,0.2872951
0,0.27372205
0,0.28154844
0,0.26462126
0,0.51370406
0,0.3886578
0,0.33173943
0,0.32079118
0,0.31029034
0,0.30472285
0,0.3482146
0,0.30996758
0,0.2908473
0,0.2797571
0,0.26715583
0,0.30909672
0,0.30058494
0,0.2992423
0,0.2918234
0,0.2873217
0,0.31864807
0,0.2899578
0,0.27564347
0,0.26859954
0,0.2470282
0,0.2372556
0,0.23359953
0,0.22412556
0,0.22955868
0,0.23129684
0,0.23524418
0,0.23995587
0,0.24332711
0,0.25256413
0,0.28626987
0,0.28121126
0,0.2664874
0,0.27961248
0,0.28256732
0,0.29947177
0,0.28990608
0,0.28716967
0,0.27383962
0,0.28262997
0,0.32872295
0,0.30133113
0,0.2976815
0,0.45150986
0,0.35444722
0,0.37105927
0,0.3462254
0,0.33324227
0,0.3084353
0,0.3050377
0,0.29497597
0,0.29626897
0,0.28720373
0,0.2833842
0,0.27762404
0,0.26388562
0,0.27782828
0,0.26941234
0,0.269064
0,0.2633097
0,0.25749907
0,0.25273427
0,0.24925445
0,0.24425244
0,0.24586922
0,0.24353324
0,0.24754813
0,0.2509508
0,0.25570497
0,0.28427133
0,0.2819983
0,0.2843555
0,0.28251666
0,0.29204702
0,0.30708683
0,0.2955052
0,0.2936205
0,0.28881663
0,0.2924304
0,0.32567877
0,0.29735523
0,0.31627533
0,0.29700208
0,0.2908185
0,0.27538073
0,0.28016165
0,0.27743596
0,0.2842919
0,0.2899624
0,0.27281594
0,0.288956
0,0.29283655
0,0.2887983
0,0.28761727
0,0.29108244
0,0.29015175
0,0.2960584
0,0.28913093
0,0.29408103
0,0.29518017
0,0.29466864
0,0.30359218
0,0.28369087
0,0.32035768
0,0.30323437
0,0.30062926
0,0.30917624
0,0.30801305
0,0.36804542
0,0.31943095
0,0.32140258
0,0.30249912
0,0.29410744
0,0.3177668
0,0.3067016
0,0.3158321
0,0.29827407
0,0.29261032
0,0.32992578
0,0.2861082
0,0.27457595
0,0.2670133
0,0.2635867
0,0.26761305
0,0.27256075
0,0.26259133
0,0.2735869
0,0.274098
0,0.27492788
0,0.27608708
0,0.26002824
0,0.27176616
0,0.27640685
0,0.28106487
0,0.26474598
0,0.27087033
0,0.28080896
0,0.28752637
0,0.28870937
0,0.29349166
0,0.2945319
0,0.28955767
0,0.29638267
0,0.2927839
0,0.2898041
0,0.29432616
0,0.29711777
0,0.30130494
0,0.29401484
0,0.2933918
0,0.29164562
0,0.30131978
0,0.3288236
0,0.30853257
0,0.3002243
0,0.29576853
0,0.28004128
0,0.2965759
0,0.2993874
0,0.29388148
0,0.29173902
0,0.2907358
0,0.3072629
0,0.31424502
0,0.29928142
0,0.29921994
0,0.28989232
0,0.32846454
0,0.3079617
0,0.3032721
0,0.29932773
0,0.29055506
0,0.3394658
0,0.29517356
0,0.29656917
0,0.2937009
0,0.28354368
0,0.2875712
0,0.28650385
0,0.28710845
0,0.28515136
0,0.27257296
0,0.28346118
0,0.29056746
0,0.29288128
0,0.2954653
0,0.30893803
0,0.30155143
0,0.2983205
0,0.29708144
0,0.3033084
0,0.3061205
0,0.29977357
0,0.29952624
0,0.297898
0,0.29661456
0,0.3192792
0,0.28634992
0,0.29611555
0,0.2957264
0,0.29615706
0,0.2976255
0,0.27980965
0,0.28804415
0,0.29071605
0,0.27150217
0,0.29052377
0,0.2733263
0,0.28343832
0,0.28897306
0,0.28720295
0,0.2857528
0,0.26565614
0,0.2819082
0,0.27359465
0,0.30541453
0,0.29863465
0,0.2772204
0,0.29212856
0,0.29601303
0,0.3122346
0,0.302734
0,0.28267232
0,0.29336354
0,0.2930892
0,0.30180934
0,0.27996477
0,0.29079747
0,0.28240883
0,0.286856
0,0.3286322
0,0.30442005
0,0.30106643
0,0.30209512
0,0.30051327
0,0.29476747
0,0.28287038
0,0.28704602
0,0.27681294
0,0.2817849
0,0.2843313
0,0.28754374
0,0.28853416
0,0.290385
0,0.2904608
0,0.28268838
0,0.28816643
0,0.28819332
0,0.28569433
0,0.2868864
0,0.31091934
0,0.30516055
0,0.28342998
0,0.27605894
0,0.29946294
0,0.3046691
0,0.30253032
0,0.660621
0,0.47146443
0,0.4762448
0,0.41758117
0,0.38427112
0,0.3524876
0,0.30423713
0,0.32231456
0,0.28780577
0,0.2542222
0,0.2245857
0,0.19910498
0,0.18867888
0,0.16922526
0,0.15841916
0,0.15064582
0,0.14693676
0,0.1544207
0,0.14593275
0,0.14484344
0,0.14230406
0,0.14495964
0,0.16240242
0,0.151481
0,0.14884761
0,0.15239082
0,0.1521972
0,0.17274675
0,0.17150348
0,0.17593892
0,0.28582662
0,0.27677235
0,0.3295576
0,0.29515123
0,0.28121376
0,0.27898577
0,0.2684014
0,0.26235902
0,0.26713356
0,0.263339
0,0.26338667
0,0.25946778
0,0.25802335
0,0.25839472
0,0.2598933
0,0.2646616
0,0.27459016
0,0.25839576
0,0.25273386
0,0.27704665
0,0.26429054
0,0.27455753
0,0.27033198
0,0.2805744
0,0.28373682
0,0.28179058
0,0.28192115
0,0.28690746
0,0.28922227
0,0.29828712
0,0.2933745
0,0.30110908
0,0.2946705
0,0.29272547
0,0.30007142
0,0.30141112
0,0.31178558
0,0.30732566
0,0.28574005
0,0.2974808
0,0.2981087
0,0.3066956
0,0.302747
0,0.30008128
0,0.30259943
0,0.29988518
0,0.31019154
0,0.300871
0,0.27909473
0,0.2909319
0,0.29076087
0,0.31914106
0,0.30027467
0,0.27753752
0,0.28493825
0,0.27378967
0,0.3286366
0,0.30516765
0,0.2828432
0,0.28857338
0,0.2897266
0,0.32063597
0,0.29961234
0,0.28130725
0,0.29544458
0,0.28870624
0,0.33695152
0,0.3076094
0,0.29501823
0,0.29197317
0,0.28695214
0,0.33215442
0,0.2990894
0,0.29175255
0,0.29170313
0,0.28688404
0,0.27431247
0,0.27912888
0,0.2824027
0,0.2804216
0,0.2816246
0,0.2805063
0,0.28269738
0,0.2796315
0,0.2792843
0,0.27922782
0,0.28576624
0,0.28824857
0,0.2865907
0,0.28065336
0,0.28427455
0,0.2788015
0,0.2817686
0,0.28276995
0,0.2673457
0,0.28059384
0,0.27686015
0,0.27503684
0,0.27989364
0,0.2715749
0,0.30447027
0,0.28952393
0,0.2876156
0,0.2892849
0,0.2780993
0,0.28831246
0,0.28598514
0,0.28579116
0,0.35300413
0,0.30550557
0,0.30728766
0,0.29742306
0,0.29067528
0,0.30555332
0,0.28796062
0,0.2757071
0,0.27000564
0,0.2737207
0,0.277319
0,0.2876278
0,0.29054135
0,0.27247295
0,0.28657842
0,0.2689962
0,0.28173015
0,0.28590617
0,0.28479534
0,0.28596374
0,0.28741282
0,0.28062245
0,0.2662069
0,0.27711967
0,0.273806
0,0.278691
0,0.28040487
0,0.28230804
0,0.28704098
0,0.28819925
0,0.2927467
0,0.2872794
0,0.27548108
0,0.27766863
0,0.27917618
0,0.27804628
0,0.2832687
0,0.27120477
0,0.28116605
0,0.28084219
0,0.28139594
0,0.28473642
0,0.27091083
0,0.27845138
0,0.27883863
0,0.2794063
0,0.27431893
0,0.2804234
0,0.27702448
0,0.27613145
0,0.2748712
0,0.27786022
0,0.27554852
0,0.2676058
0,0.27511662
0,0.28105345
0,0.27877545
0,0.27874076
0,0.2837847
0,0.28574178
0,0.28611147
0,0.2865358
0,0.28378695
0,0.2840061
0,0.28530586
0,0.28360066
0,0.38037965
0,0.3207019
0,0.29817143
0,0.29216367
0,0.27566588
0,0.27635723
0,0.2796636
0,0.27140096
0,0.27535355
0,0.2657608
0,0.281271
0,0.2656181
0,0.27120417
0,0.28168532
0,0.27881056
0,0.28847638
0,0.2880274
0,0.27529076
0,0.28318042
0,0.2867467
0,0.3260501
0,0.3019331
0,0.28301963
0,0.30232126
0,0.307425
0,0.29665324
0,0.2954198
0,0.2914448
0,0.28777608
0,0.3175599
0,0.2917599
0,0.30021307
0,0.2878253
0,0.28645045
0,0.32456148
0,0.28685683
0,0.27538705
0,0.28927472
0,0.29259035
0,0.32095477
0,0.30394208
0,0.3002712
0,0.29746267
0,0.29426783
0,0.31968457
0,0.286463
0,0.3076019
0,0.28694072
0,0.28294644
0,0.28832006
0,0.2822771
0,0.27926788
0,0.28005308
0,0.27863973
0,0.2845096
0,0.2877412
0,0.28191665
0,0.28035805
0,0.2841714
0,0.29086274
0,0.2805597
0,0.28182548
0,0.2815032
0,0.2839713
0,0.31076577
0,0.2864134
0,0.29200795
0,0.28820845
0,0.2850261
0,0.2843229
0,0.27632797
0,0.26830736
0,0.28567183
0,0.2949485
0,0.29139194
0,0.29614478
0,0.2909673
0,0.2911678
0,0.2876002
0,0.2925863
0,0.28755468
0,0.28632766
0,0.2896995
0,0.28417534
0,0.2837467
0,0.2819102
0,0.27480254
0,0.28994054
0,0.28376588
0,0.28062648
0,0.28468242
0,0.2756794
0,0.28078324
0,0.28384656
0,0.2832988
0,0.2888923
0,0.29118392
0,0.2853394
0,0.28507107
0,0.31286797
0,0.29439297
0,0.28321823
0,0.2905481
0,0.28415924
0,0.28274938
0,0.28174883
0,0.27473828
0,0.27610573
0,0.28364617
0,0.28513968
0,0.29861817
0,0.2847066
0,0.2872582
0,0.29186505
0,0.28952742
0,0.28438655
0,0.28311402
0,0.28004488
0,0.28070575
0,0.27347338
0,0.2792786
0,0.28336087
0,0.2837963
0,0.27970907
0,0.27897775
0,0.28079218
0,0.28422144
0,0.28530768
0,0.29049963
0,0.2889333
0,0.29256478
0,0.28992727
0,0.2905797
0,0.28784072
0,0.2852571
0,0.31474936
0,0.2943847
0,0.28702772
0,0.28771338
0,0.2916394
0,0.29727232
0,0.28231946
0,0.27783293
0,0.27280238
0,0.27063268
0,0.26879436
0,0.27979544
0,0.28008398
0,0.2823154
0,0.27653855
0,0.28309
0,0.28656563
0,0.29321757
0,0.28390414
0,0.28309503
0,0.27988663
0,0.28149495
0,0.27805206
0,0.275934
0,0.276229
0,0.27293772
0,0.2733323
0,0.27181762
0,0.2744526
0,0.27269098
0,0.2858402
0,0.28221557
0,0.28172967
0,0.28357062
0,0.28067285
0,0.27812293
0,0.28696316
0,0.2825883
0,0.27919587
0,0.29101744
0,0.28291604
0,0.28412277
0,0.2787353
0,0.2752142
0,0.2761108
0,0.28018504
0,0.28832814
0,0.27766165
0,0.28803515
0,0.2952001
0,0.28013954
0,0.28293964
0,0.2804749
0,0.2750661
0,0.2764463
0,0.27898213
0,0.27922973
0,0.2850939
0,0.28690243
0,0.29541016
0,0.28444657
0,0.2869883
0,0.28803447
0,0.28381652
0,0.2839737
0,0.27771944
0,0.2823667
0,0.28953144
0,0.28180313
0,0.28624767
0,0.28706974
0,0.28056678
0,0.284503
0,0.28981715
0,0.287022
0,0.28928873
0,0.28591254
0,0.28298178
0,0.28228968
0,0.28766787
0,0.3020373
0,0.29144123
0,0.28684738
0,0.29003215
0,0.287355
0,0.27910423
0,0.28030142
0,0.2743364
0,0.27469555
0,0.28094256
0,0.27818376
0,0.2834791
0,0.28825447
0,0.30678263
0,0.30685377
0,0.28830218
0,0.28449395
0,0.27832338
0,0.28725275
0,0.2975665
0,0.3004774
0,0.2840665
0,0.27728727
0,0.2783195
0,0.28363958
0,0.28416464
0,0.28619298
0,0.28187603
0,0.285939
0,0.28171396
0,0.28019455
0,0.2927728
0,0.2880375
0,0.28173548
0,0.28013462
0,0.2841265
0,0.27984056
0,0.27847224
0,0.27577657
0,0.2826081
0,0.2931344
0,0.28735137
0,0.2925559
0,0.29081428
0,0.2983999
0,0.28446487
0,0.28186896
0,0.28076944
0,0.27943113
0,0.27981374
0,0.27581102
0,0.27689347
0,0.28010938
0,0.28051686
0,0.28807855
0,0.26861483
0,0.28066143
0,0.28541416
0,0.28854862
0,0.28928325
0,0.29078117
0,0.28692648
0,0.2871446
0,0.28435454
0,0.28232664
0,0.2837052
0,0.28340968
0,0.28457478
0,0.26568285
0,0.2739206
0,0.26386705
0,0.27667546
0,0.28087938
0,0.28232488
0,0.2881036
0,0.28638008
0,0.29186913
0,0.28666314
0,0.29550382
0,0.2884845
0,0.29091316
0,0.28718466
0,0.29048696
0,0.29490358
0,0.2856543
0,0.28334576
0,0.28090072
0,0.2811147
0,0.2796604
0,0.2770561
0,0.27787438
0,0.27361953
0,0.2765966
0,0.27327508
0,0.27184922
0,0.27703977
0,0.2749591
0,0.27927542
0,0.279687
0,0.2800138
0,0.26369336
0,0.26672584
0,0.27102268
0,0.27275783
0,0.2709258
0,0.28110313
0,0.27587876
0,0.27767274
0,0.27783185
0,0.28302523
0,0.2873205
0,0.2909356
0,0.3039576
0,0.28952134
0,0.28985983
0,0.2807577
0,0.2850035
0,0.28867358
0,0.28842577
0,0.29046515
0,0.2891063
0,0.280482
0,0.27744812
0,0.27388108
0,0.27230072
0,0.27922887
0,0.2816426
0,0.28251663
0,0.2844484
0,0.28651232
0,0.28595635
0,0.27262768
0,0.26490074
0,0.275324
0,0.27057913
0,0.27349785
0,0.28201076
0,0.27131394
0,0.27754974
0,0.2755045
0,0.27582666
0,0.28276873
0,0.26792395
0,0.2812739
0,0.28690633
0,0.29563347
0,0.28895456
0,0.2805723
0,0.28502512
0,0.2813835
0,0.28375074
0,0.28014153
0,0.27518073
0,0.27759624
0,0.27910778
0,0.2751831
0,0.27746323
0,0.27221677
0,0.27420247
0,0.27045214
0,0.27319515
0,0.27848947
0,0.26891294
0,0.2627065
0,0.27078187
0,0.27347794
0,0.26747888
0,0.27466616
0,0.28326637
0,0.28080717
0,0.28072336
0,0.27872264
0,0.27921572
0,0.2749663
0,0.2723823
0,0.2752297
0,0.28182137
0,0.28335428
0,0.28111693
0,0.26392192
0,0.27007073
0,0.27382988
0,0.2756289
0,0.27394786
0,0.27902865
0,0.27704337
0,0.27371383
0,0.2804354
0,0.27366063
0,0.27925926
0,0.2819846
0,0.28032768
0,0.28453785
0,0.2793748
0,0.28286758
0,0.28318882
0,0.28273943
0,0.27418283
0,0.2744856
0,0.28018942
0,0.27087644
0,0.2764995
0,0.28038397
0,0.27898806
0,0.2795119
0,0.27928182
0,0.27944723
0,0.2851107
0,0.27881503
0,0.27721074
0,0.27623072
0,0.27696574
0,0.27996978
0,0.2835601
0,0.28495845
0,0.28527308
0,0.28537324
0,0.26306906
0,0.27091303
0,0.27600735
0,0.28274998
0,0.278097
0,0.28370553
0,0.28082252
0,0.2789327
0,0.27262715
0,0.2740749
0,0.28253725
0,0.2801108
0,0.2822614
0,0.28370598
0,0.2838489
0,0.28320968
0,0.27377942
0,0.2729589
0,0.27706173
0,0.2770859
0,0.27836704
0,0.27978477
0,0.27611336
0,0.2824513
0,0.2844203
0,0.26600444
0,0.28035077
0,0.2749557
0,0.29204676
0,0.2861824
0,0.28646782
0,0.2874284
0,0.28655717
0,0.28834897
0,0.28786016
0,0.28649142
0,0.2858443
0,0.28444034
0,0.28412682
0,0.28340608
0,0.28159946
0,0.28210485
0,0.2984936
0,0.2943733
0,0.2894345
0,0.29884484
0,0.2924371
0,0.29273945
0,0.2848003
0,0.2879859
0,0.2970153
0,0.27980974
0,0.2895737
0,0.2792619
0,0.27294838
0,0.28662467
0,0.28271466
0,0.29051408
0,0.27456683
0,0.26436916
0,0.27689886
0,0.2847799
0,0.28568
0,0.27049312
0,0.2754369
0,0.2818141
0,0.28553593
0,0.28679645
0,0.28134814
0,0.2922539
0,0.2885238
0,0.29829496
0,0.29610762
0,0.30288285
0,0.3002367
0,0.29926085
0,0.29873642
0,0.29765132
0,0.30310845
0,0.29884836
0,0.30950233
0,0.29923525
0,0.2965267
0,0.30099568
0,0.2959444
0,0.28908825
0,0.29077205
0,0.28868923
0,0.30106172
0,0.29945356
0,0.29863593
0,0.29059285
0,0.29967397
0,0.2994625
0,0.28388593
0,0.28770763
0,0.28818217
0,0.28732723
0,0.29573286
0,0.2846187
0,0.2812299
0,0.28508586
0,0.2829291
0,0.2911094
0,0.28518948
0,0.27506346
0,0.2870101
0,0.29289594
0,0.3037018
0,0.29635465
0,0.2991925
0,0.2961415
0,0.28912607
0,0.28280666
0,0.29593742
0,0.28567573
0,0.28953388
0,0.2901974
0,0.29288414
0,0.2886288
0,0.2912424
0,0.29760158
0,0.3028695
0,0.30095285
0,0.29973432
0,0.2964144
0,0.29761857
0,0.29089257
0,0.3012528
0,0.30133712
0,0.29732108
0,0.29139116
0,0.29149312
0,0.29269698
0,0.2982816
0,0.28749213
0,0.2736614
0,0.28435218
0,0.29080784
0,0.2933886
0,0.29015034
0,0.29620096
0,0.29524195
0,0.30386764
0,0.28305227
0,0.28466338
0,0.29005054
0,0.29407552
0,0.29884344
0,0.29783097
0,0.28990674
0,0.29127124
0,0.28891584
0,0.28945297
0,0.2901529
0,0.2825482
0,0.28627145
0,0.2862196
0,0.29127052
0,0.2793501
0,0.2828537
0,0.2946963
0,0.30129543
0,0.29788154
0,0.29842377
0,0.2976621
0,0.30006942
0,0.3043935
0,0.30672917
0,0.30709434
0,0.29209447
0,0.29269102
0,0.2988995
0,0.2984647
0,0.29838952
0,0.27193666
0,0.2841347
0,0.2875282
0,0.29301956
0,0.2931009
0,0.29373717
0,0.28861326
0,0.29083538
0,0.29861316
0,0.2944893
0,0.29511145
0,0.29124907
0,0.29342178
0,0.29375353
0,0.29075485
0,0.28858992
0,0.2743707
0,0.2838759
0,0.2830237
0,0.28727525
0,0.29004598
0,0.27590564
0,0.28585994
0,0.28311867
0,0.29468015
0,0.29251665
0,0.2833905
0,0.28935274
0,0.29594746
0,0.27830672
0,0.2877568
0,0.27924806
0,0.28699502
0,0.33583406
0,0.30497092
0,0.28933257
0,0.27931795
0,0.27636287
0,0.26798898
0,0.26736736
0,0.28375104
0,0.28762427
0,0.2750107
0,0.30631924
0,0.3010935
0,0.2999721
0,0.28139412
0,0.2802056
0,0.29453358
0,0.3075744
0,0.30084664
0,0.29729488
0,0.2876628
0,0.29188442
0,0.2960147
0,0.30199823
0,0.31806386
0,0.28463602
0,0.29829258
0,0.3027687
0,0.31117225
0,0.30517706
0,0.28641328
0,0.27751672
0,0.2900456
0,0.29181284
0,0.2940934
0,0.2862452
0,0.2987921
0,0.3031796
0,0.29421216
0,0.294301
0,0.2862616
0,0.2972932
0,0.30058676
0,0.30402774
0,0.30128875
0,0.30598146
0,0.3054118
0,0.2759039
0,0.26522005
0,0.28445175
0,0.29037923
0,0.29583836
0,0.2965555
0,0.3006049
0,0.29730523
0,0.30297056
0,0.300252
0,0.3048536
0,0.30545142
0,0.30498356
0,0.31043667
0,0.28899875
0,0.29099798
0,0.29469308
0,0.29803056
0,0.2908685
0,0.2902557
0,0.3619115
0,0.2977791
0,0.30299565
0,0.29364556
0,0.28458658
0,0.29606318
0,0.2936301
0,0.29162204
0,0.28035012
0,0.28843245
0,0.29807296
0,0.27984118
0,0.2893673
0,0.29254213
0,0.2808725
0,0.27848914
0,0.28684527
0,0.291478
0,0.29924944
0,0.31146038
0,0.29905918
0,0.29573384
0,0.29592696
0,0.29775968
0,0.2956011
0,0.29683647
0,0.31797254
0,0.29461685
0,0.29905614
0,0.29757252
0,0.30953583
0,0.30109456
0,0.2861516
0,0.2952597
0,0.29457232
0,0.28199828
0,0.28841096
0,0.287858
0,0.2953841
0,0.29047358
0,0.27617005
0,0.28239915
0,0.28343534
0,0.27501786
0,0.27612013
0,0.27297023
0,0.26549146
0,0.28421637
0,0.28195
0,0.28467542
0,0.28844213
0,0.2895406
0,0.2879219
0,0.292756
0,0.27747318
0,0.27051094
0,0.28247747
0,0.28427494
0,0.29124773
0,0.28570396
0,0.28910315
0,0.2908415
0,0.29693055
0,0.29491952
0,0.30166832
0,0.29881555
0,0.2760535
0,0.28731456
0,0.29583955
0,0.2951909
0,0.29459095
0,0.29870573
0,0.2986439
0,0.30031845
0,0.28937414
0,0.29864314
0,0.29774147
0,0.2996753
0,0.29112253
0,0.29134429
0,0.29696724
0,0.2915813
0,0.30852318
0,0.29429045
0,0.2907523
0,0.29196215
0,0.28387836
0,0.29061684
0,0.30100286
0,0.2935323
0,0.29035196
0,0.2860017
0,0.2869899
0,0.28667495
0,0.28855166
0,0.28545946
0,0.28570572
0,0.2839325
0,0.2825139
0,0.28033623
0,0.27972564
0,0.27466807
0,0.27638686
0,0.27717835
0,0.28871903
0,0.28712088
0,0.293777
0,0.2917261
0,0.29447627
0,0.2907513
0,0.2845861
0,0.2831869
0,0.28280517
0,0.28327933
0,0.279069
0,0.27873692
0,0.27789003
0,0.28801024
0,0.29516977
0,0.30520684
0,0.2880162
0,0.2834978
0,0.28825533
0,0.2847498
0,0.3028159
0,0.2978122
0,0.29864207
0,0.2999925
0,0.29543477
0,0.3018461
0,0.45713848
0,0.35756388
0,0.33965424
0,0.32171202
0,0.31461212
0,0.30439878
0,0.2956558
0,0.29447857
0,0.296771
0,0.29339463
0,0.28380132
0,0.32683313
0,0.3028601
0,0.29131073
0,0.28723097
0,0.2726424
0,0.2715559
0,0.26664394
0,0.25627345
0,0.25194252
0,0.25145918
0,0.25206453
0,0.2438119
0,0.23983355
0,0.24137369
0,0.23861933
0,0.24272534
0,0.25105578
0,0.25693068
0,0.2700592
0,0.2912292
0,0.27738068
0,0.27747998
0,0.29887
0,0.29944095
0,0.2907082
0,0.29351473
0,0.28953323
0,0.27845845
0,0.27825925
0,0.28285983
0,0.2844108
0,0.28628272
0,0.2774533
0,0.28156087
0,0.28421894
0,0.2848625
0,0.29841167
0,0.28704488
0,0.2866338
0,0.35217386
0,0.30473194
0,0.30704197
0,0.3117561
0,0.5110936
0,0.38686287
0,0.35371694
0,0.32357278
0,0.30583245
0,0.30383566
0,0.34329766
0,0.3015273
0,0.30927482
0,0.29236618
0,0.28652072
0,0.2704969
0,0.26009494
0,0.25084877
0,0.23949258
0,0.22470555
0,0.2097266
0,0.20355807
0,0.20133205
0,0.20266153
0,0.20553423
0,0.21156947
0,0.2143692
0,0.22615312
0,0.31590888
0,0.26068893
0,0.26265335
0,0.2451741
0,0.24382165
0,0.25774288
0,0.305901
0,0.30355287
0,0.30420002
0,0.29009664
0,0.29015866
0,0.289802
0,0.30675817
0,0.30533928
0,0.2916742
0,0.28568166
0,0.27679268
0,0.27786848
0,0.27588728
0,0.26994407
0,0.26839614
0,0.26573917
0,0.2795882
0,0.27405298
0,0.27063477
0,0.2725221
0,0.2834155
0,0.28574878
0,0.28367034
0,0.296812
0,0.29866314
0,0.2920145
0,0.28668898
0,0.28705573
0,0.29425883
0,0.32334825
0,0.29510182
0,0.29273555
0,0.2860207
0,0.27816814
0,0.27863738
0,0.27361688
0,0.27638897
0,0.28657082
0,0.2821851
0,0.27883098
0,0.28077775
0,0.2834787
0,0.29162577
0,0.28855112
0,0.28755456
0,0.28706962
0,0.2913366
0,0.28762767
0,0.28746238
0,0.28785685
0,0.28447706
0,0.28990725
0,0.28988957
0,0.2824353
0,0.2827618
0,0.2881565
0,0.2792163
0,0.30222213
0,0.29548386
0,0.37079924
0,0.3208089
0,0.30450317
0,0.3046077
0,0.58226097
0,0.4327287
0,0.371826
0,0.34255466
0,0.43766564
0,0.35201123
0,0.31695652
0,0.28495494
0,0.27173233
0,0.25185898
0,0.22952905
0,0.21646358
0,0.19442278
0,0.17765142
0,0.16524532
0,0.16148053
0,0.15647896
0,0.15236738
0,0.15292409
0,0.15592037
0,0.15966687
0,0.16670875
0,0.17284031
0,0.18445915
0,0.19454266
0,0.19774303
0,0.20959714
0,0.28009522
0,0.23163848
0,0.21912226
0,0.30454764
0,0.2942149
0,0.30562162
0,0.29516542
0,0.2936668
0,0.3020495
0,0.29906738
0,0.31814742
0,0.30057502
0,0.27728727
0,0.2773989
0,0.27094245
0,0.26670927
0,0.2620153
0,0.24827732
0,0.24632812
0,0.24035814
0,0.2352589
0,0.23493297
0,0.23015061
0,0.23682636
0,0.23306563
0,0.2378649
0,0.25244212
0,0.25352827
0,0.26482913
0,0.27837154
0,0.28867367
0,0.28700098
0,0.2888171
0,0.28402868
0,0.3067825
0,0.2977253
0,0.2912385
0,0.28609064
0,0.43376398
0,0.34463018
0,0.31828016
0,0.30257282
0,0.29232934
0,0.28631663
0,0.28365758
0,0.28361893
0,0.28573352
0,0.28218845
0,0.30151004
0,0.28895268
0,0.28528666
0,0.30348366
0,0.28683922
0,0.27884537
0,0.28462225
0,0.28660747
0,0.28819987
0,0.28623536
0,0.28014293
0,0.29300612
0,0.28836736
0,0.28778353
0,0.29790118
0,0.2880119
0,0.29201508
0,0.2923996
0,0.29249215
0,0.2886709
0,0.29457104
0,0.4684193
0,0.35966346
0,0.3329572
0,0.31772313
0,0.34137318
0,0.32377544
0,0.30502945
0,0.30393058
0,0.29297572
0,0.288985
0,0.2650283
0,0.2749892
0,0.2683319
0,0.27457148
0,0.2769288
0,0.26651767
0,0.27800384
0,0.2787666
0,0.2712273
0,0.26752982
0,0.26062745
0,0.25956628
0,0.2600097
0,0.26013902
0,0.26333928
0,0.2629732
0,0.32733014
0,0.28107777
0,0.26857466
0,0.27569565
0,0.5993378
0,0.45401737
0,0.37768355
0,0.3345456
0,0.44302365
0,0.48959678
0,0.39321882
0,0.29903015
0,0.63926494
0,0.4686885
0,0.31689775
0,0.23114897
0,0.18760087
0,0.16202262
0,0.15575556
0,0.1537579
0,0.33456588
0,0.22914803
0,0.17822541
0,0.16214435
0,0.14695965
0,0.15144636
0,0.14325395
0,0.13614085
0,0.1272526
0,0.12647861
0,0.12960158
0,0.1305138
0,0.13494438
0,0.13653624
0,0.14890532
0,0.16543134
0,0.16329952
0,0.272748
0,0.20027319
0,0.18277974
0,0.21809986
0,0.23324238
0,0.24731353
0,0.25226924
0,0.22771837
0,0.20278762
0,0.16852757
0,0.21869837
0,0.17643201
0,0.1632011
0,0.2213346
0,0.18524177
0,0.16935033
0,0.1595825
0,0.15393357
0,0.14455144
0,0.14056969
0,0.13430877
0,0.13771793
0,0.1415789
0,0.13929991
0,0.14367719
0,0.14291023
0,0.1475526
0,0.14028011
0,0.14195184
0,0.14348243
0,0.15273423
0,0.15268026
0,0.16214325
0,0.16935934
0,0.1684763
0,0.21102895
0,0.19530037
0,0.1854084
0,0.17080042
0,0.17352633
0,0.18238522
0,0.25906193
0,0.21432424
0,0.25499576
0,0.2500895
0,0.22472355
0,0.234652
0,0.22288524
0,0.19106156
0,0.18375278
0,0.17190145
0,0.16645814
0,0.16311395
0,0.16451207
0,0.15624252
0,0.15460223
0,0.15397364
0,0.16122492
0,0.16855147
0,0.17151569
0,0.1772947
0,0.18671408
0,0.19607332
0,0.20852813
0,0.22019821
0,0.22346772
0,0.23045777
0,0.23777705
0,0.24595383
0,0.25660175
0,0.26212487
0,0.27954233
0,0.27781263
0,0.2751498
0,0.2854976
0,0.27771997
0,0.2835168
0,0.28381124
0,0.29139608
0,0.28150898
0,0.2883926
0,0.27942172
0,0.27974442
0,0.27829704
0,0.26789048
0,0.2731638
0,0.3004734
0,0.28392372
0,0.2796421
0,0.27096903
0,0.27165303
0,0.27301157
0,0.27165827
0,0.2760189
0,0.27496544
0,0.26724994
0,0.26572457
0,0.2737862
0,0.27593434
0,0.26855254
0,0.27285135
0,0.28464857
0,0.2780208
0,0.27346572
0,0.2742479
0,0.27287647
0,0.26743695
0,0.26582977
0,0.27013445
0,0.2777016
0,0.27817628
0,0.27675468
0,0.27657193
0,0.282559
0,0.27802646
0,0.27532986
0,0.27374324
0,0.27680564
0,0.27544957
0,0.27297378
0,0.28095114
0,0.27598777
0,0.28618926
0,0.28107435
0,0.28187543
0,0.283695
0,0.28651527
0,0.28723276
0,0.2847427
0,0.28941533
0,0.28199843
0,0.27911186
0,0.2977885
0,0.2879291
0,0.2909505
0,0.2880283
0,0.28377664
0,0.2875228
0,0.31361917
0,0.31034142
0,0.30181164
0,0.2931058
0,0.29368842
0,0.28821534
0,0.28347316
0,0.27560475
0,0.2728089
0,0.28263244
0,0.5436754
0,0.4027722
0,0.55744994
0,0.47386345
0,0.38947678
0,0.34393284
0,0.31029367
0,0.28490117
0,0.26752767
0,0.24990726
0,0.2385377
0,0.22429594
0,0.20727271
0,0.19789323
0,0.18941095
0,0.18109533
0,0.17456171
0,0.16873522
0,0.16994442
0,0.17090686
0,0.16977602
0,0.17592789
0,0.18369699
0,0.19351338
0,0.20066252
0,0.21313065
0,0.22089061
0,0.2308371
0,0.25682077
0,0.2498224
0,0.27331474
0,0.27498797
0,0.26984075
0,0.44806597
0,0.34398285
0,0.3379099
0,0.31749314
0,0.3087653
0,0.28997248
0,0.2980955
0,0.28539664
0,0.28738526
0,0.27522883
0,0.26695094
0,0.2761838
0,0.2724425
0,0.27455276
0,0.27528533
0,0.2761522
0,0.2720729
0,0.27401006
0,0.27288687
0,0.27307913
0,0.28242356
0,0.27523905
0,0.2731935
0,0.27181208
0,0.27674672
0,0.2843109
0,0.28162858
0,0.28774318
0,0.28222296
0,0.29184917
0,0.34351176
0,0.30515647
0,0.29624885
0,0.29067063
0,0.30448508
0,0.28865436
0,0.28519928
0,0.28044152
0,0.28224733
0,0.28332126
0,0.27845535
0,0.28308165
0,0.28793457
0,0.33505106
0,0.3030871
0,0.2953965
0,0.2976511
0,0.28255668
0,0.2817294
0,0.2825537
0,0.27945283
0,0.27501145
0,0.2982633
0,0.29604444
0,0.28621486
0,0.2896453
0,0.28095272
0,0.28212243
0,0.2762333
0,0.2885855
0,0.28611302
0,0.29034546
0,0.3029579
0,0.29649588
0,0.28637218
0,0.2883689
0,0.2905183
0,0.2949008
0,0.2927508
0,0.28553125
0,0.28554788
0,0.28251958
0,0.27731714
0,0.28133088
0,0.29703525
0,0.2877681
0,0.28254086
0,0.2842091
0,0.29320145
0,0.2870382
0,0.3175967
0,0.29537407
0,0.29117385
0,0.28623486
0,0.29237464
0,0.29569218
0,0.2826614
0,0.2791191
0,0.26929516
0,0.2728074
0,0.28172594
0,0.27731794
0,0.27769566
0,0.2836621
0,0.2870265
0,0.28661883
0,0.27618733
0,0.275665
0,0.27415192
0,0.28153166
0,0.2801712
0,0.2715475
0,0.2767002
0,0.27356228
0,0.27131158
0,0.27268586
0,0.27268985
0,0.27276483
0,0.2794918
0,0.2715466
0,0.27527487
0,0.2695931
0,0.2797264
0,0.2771181
0,0.28419307
0,0.28138342
0,0.28277367
0,0.28674272
0,0.2817528
0,0.27544832
0,0.27758235
0,0.27040145
0,0.2707095
0,0.27031985
0,0.27281818
0,0.26569733
0,0.2686772
0,0.2777992
0,0.28052813
0,0.27118
0,0.27909762
0,0.27215117
0,0.28404257
0,0.2722812
0,0.26935238
0,0.27098268
0,0.2732796
0,0.2732852
0,0.27496096
0,0.27830786
0,0.27621144
0,0.28353575
0,0.28028446
0,0.27630612
0,0.2771902
0,0.28019795
0,0.27963486
0,0.28058326
0,0.28589785
0,0.2746853
0,0.27105132
0,0.27682775
0,0.2814293
0,0.27854207
0,0.27390248
0,0.2760039
0,0.28558177
0,0.28906322
0,0.2900606
0,0.2835596
0,0.2870835
0,0.2754867
0,0.29406077
0,0.28249195
0,0.27536917
0,0.29043457
0,0.28166145
0,0.28050488
0,0.2725248
0,0.28270936
0,0.27224463
0,0.28157833
0,0.27636334
0,0.27804255
0,0.2864194
0,0.2780076
0,0.27520496
0,0.27345574
0,0.27561224
0,0.27535507
0,0.27918977
0,0.2761303
0,0.43275285
0,0.34491456
0,0.31657535
0,0.30441177
0,0.30337334
0,0.3001337
0,0.28520852
0,0.28413683
0,0.43387628
0,0.4895017
0,0.3887895
0,0.3409044
0,0.32203212
0,0.31647497
0,0.2938808
0,0.28189445
0,0.26045373
0,0.25648996
0,0.25189394
0,0.23413804
0,0.22289258
0,0.20824943
0,0.20479505
0,0.20103559
0,0.26021162
0,0.21498965
0,0.20122969
0,0.19860242
0,0.19957247
0,0.20715575
0,0.20590103
0,0.20895363
0,0.21680324
0,0.22261606
0,0.2368548
0,0.23574643
0,0.23965767
0,0.24567571
0,0.29592517
0,0.28000712
0,0.27468273
0,0.27879494
0,0.27547142
0,0.2819761
0,0.27662337
0,0.2787401
0,0.2761233
0,0.27985287
0,0.2939684
0,0.2809216
0,0.28837028
0,0.28041053
0,0.27678093
0,0.27962473
0,0.27386013
0,0.27075207
0,0.27554265
0,0.27231142
0,0.28880793
0,0.2798134
0,0.28195903
0,0.28288132
0,0.28424695
0,0.28326133
0,0.28331217
0,0.28823295
0,0.2802589
0,0.2844905
0,0.2816816
0,0.28475484
0,0.28114456
0,0.27925816
0,0.28283364
0,0.28139713
0,0.27462444
0,0.2733338
0,0.2789808
0,0.544631
0,0.3978538
0,0.35623318
0,0.33694392
0,0.32118014
0,0.305811
0,0.29772657
0,0.29400823
0,0.29726014
0,0.295869
0,0.28175828
0,0.29357827
0,0.283183
0,0.2850491
0,0.30607688
0,0.30252135
0,0.30896035
0,0.29981163
0,0.27766538
0,0.26583973
0,0.26426202
0,0.24815746
0,0.24351025
0,0.24079907
0,0.24062954
0,0.2471737
0,0.25113127
0,0.25781003
0,0.2702575
0,0.28146505
0,0.2901306
0,0.28473476
0,0.28262886
0,0.4549221
0,0.35232976
0,0.3243307
0,0.30721834
0,0.29386228
0,0.2930004
0,0.28548953
0,0.28893152
0,0.28027353
0,0.28273478
0,0.28207755
0,0.2830039
0,0.28046724
0,0.3001743
0,0.28774503
0,0.27937838
0,0.28346118
0,0.28355455
0,0.2750209
0,0.27424142
0,0.2781983
0,0.27753228
0,0.28124923
0,0.2745997
0,0.27762124
0,0.27222407
0,0.28793097
0,0.2783841
0,0.28372478
0,0.2805687
0,0.2803641
0,0.2750032
0,0.2850419
0,0.27623463
0,0.27764276
0,0.28947297
0,0.2867086
0,0.2840218
0,0.27992076
0,0.28976846
0,0.2874396
0,0.27978468
0,0.27805114
0,0.27321097
0,0.2773113
0,0.28554755
0,0.2792186
0,0.27253506
0,0.2784613
0,0.28770643
0,0.2777556
0,0.2918799
0,0.2723294
0,0.28418207
0,0.2888367
0,0.27818203
0,0.28421712
0,0.2873448
0,0.28749564
0,0.27874714
0,0.2901448
0,0.2850374
0,0.2776439
0,0.27644506
0,0.28225404
0,0.29517263
0,0.28715056
0,0.29020676
0,0.27958736
0,0.28383005
0,0.2806442
0,0.27991718
0,0.2769929
0,0.27854076
0,0.29444355
0,0.2855998
0,0.30514458
0,0.28536332
0,0.28269112
0,0.28770673
0,0.28625274
0,0.2875588
0,0.28098908
0,0.2757062
0,0.2795448
0,0.28545013
0,0.28107
0,0.27728653
0,0.2786771
0,0.27540195
0,0.28787023
0,0.2879327
0,0.2890288
0,0.26909906
0,0.28155085
0,0.4227592
0,0.34647995
0,0.3199189
0,0.29885083
0,0.30060172
0,0.29258254
0,0.29173025
0,0.28801358
0,0.2747674
0,0.28175828
0,0.27993187
0,0.28102142
0,0.3106479
0,0.30098537
0,0.2944575
0,0.29714003
0,0.29100132
0,0.28784317
0,0.2800378
0,0.28213257
0,0.2806387
0,0.2790907
0,0.27493876
0,0.27449027
0,0.28077012
0,0.277438
0,0.2792219
0,0.2833135
0,0.2803522
0,0.27618346
0,0.553087
0,0.6407608
0,0.4997375
0,0.4243816
0,0.37739003
0,0.34164003
0,0.3115908
0,0.28858516
0,0.27778378
0,0.26084244
0,0.24408981
0,0.21961567
0,0.2063557
0,0.18598248
0,0.16731225
0,0.15837626
0,0.14965488
0,0.14448586
0,0.14334662
0,0.14383595
0,0.14815946
0,0.15320843
0,0.1604318
0,0.17463228
0,0.17940219
0,0.1928641
0,0.20700207
0,0.22093675
0,0.23362038
0,0.23740713
0,0.27555346
0,0.27638304
0,0.27448452
0,0.27346346
0,0.27557507
0,0.27071375
0,0.2736383
0,0.27737865
0,0.2782632
0,0.2824161
0,0.29648405
0,0.30021578
0,0.2972403
0,0.29077342
0,0.29041967
0,0.29241222
0,0.28411624
0,0.2871571
0,0.30766252
0,0.30790055
0,0.30116323
0,0.3142218
0,0.30332375
0,0.29674768
0,0.30930826
0,0.28768963
0,0.28440744
0,0.28615326
0,0.2875795
0,0.28277972
0,0.2819795
0,0.2915098
0,0.2959913
0,0.29195082
0,0.29440174
0,0.28946787
0,0.29508463
0,0.2940127
0,0.29195017
0,0.28762802
0,0.2806048
0,0.28441462
0,0.28697035
0,0.27570888
0,0.2799108
0,0.3414143
0,0.30927962
0,0.29635158
0,0.29415852
0,0.29218143
0,0.28312746
0,0.28193432
0,0.2844642
0,0.2885164
0,0.2858699
0,0.2836654
0,0.29524562
0,0.28840533
0,0.28217685
0,0.27910903
0,0.28688142
0,0.28355864
0,0.28524876
0,0.28739005
0,0.28678697
0,0.29289895
0,0.284554
0,0.2822752
0,0.27836725
0,0.28914738
0,0.28478438
0,0.28417775
0,0.2851741
0,0.2882906
0,0.291002
0,0.29450223
0,0.2950523
0,0.2923481
0,0.2919393
0,0.2916364
0,0.2893091
0,0.29409507
0,0.29028916
0,0.29140544
0,0.28972942
0,0.28044274
0,0.2788234
0,0.27908754
0,0.27970397
0,0.2841726
0,0.28147995
0,0.28643766
0,0.28698328
0,0.28465605
0,0.2946847
0,0.30620298
0,0.28820455
0,0.29481393
0,0.28456792
0,0.28068674
0,0.28748095
0,0.28108162
0,0.28943917
0,0.29927498
0,0.29348007
0,0.29407465
0,0.28336158
0,0.28943023
0,0.46768513
0,0.3620167
0,0.33405328
0,0.3096225
0,0.2934616
0,0.28932825
0,0.28544024
0,0.27998862
0,0.28126308
0,0.27313018
0,0.8208958
0,0.6219287
0,0.5233234
0,0.4481221
0,0.3800419
0,0.3392176
0,0.28862405
0,0.24584447
0,0.19938037
0,0.17343764
0,0.3700418
0,0.25623813
0,0.20472685
0,0.1815068
0,0.16409941
0,0.15051386
0,0.14154617
0,0.13855058
0,0.13438241
0,0.13359563
0,0.13353635
0,0.13214915
0,0.13508426
0,0.13746063
0,0.14172064
0,0.1451458
0,0.14953448
0,0.15696882
0,0.16986762
0,0.18208185
0,0.27813885
0,0.27578607
0,0.27423644
0,0.27409077
0,0.27554464
0,0.2741897
0,0.27556938
0,0.27600816
0,0.31823432
0,0.30099615
0,0.29544166
0,0.30010366
0,0.29453674
0,0.28883278
0,0.28598556
0,0.28319317
0,0.28986123
0,0.30070692
0,0.29118156
0,0.28686732
0,0.47182816
0,0.36005372
0,0.32943517
0,0.31115416
0,0.3022374
0,0.29490507
0,0.2983676
0,0.286799
0,0.28123698
0,0.27597252
0,0.27778894
0,0.27653834
0,0.29587722
0,0.2912324
0,0.28832793
0,0.5272653
0,0.3939976
0,0.34362414
0,0.32221806
0,0.28738356
0,0.26774248
0,0.24764158
0,0.23410176
0,0.22386475
0,0.21915683
0,0.21501365
0,0.22258359
0,0.23007712
0,0.24091941
0,0.24037269
0,0.2773408
0,0.27362508
0,0.27328482
0,0.264337
0,0.25912187
0,0.25145176
0,0.24498679
0,0.25078592
0,0.26519004
0,0.26266178
0,0.2718235
0,0.2656312
0,0.27491373
0,0.27667722
0,0.26939076
0,0.27967754
0,0.2940081
0,0.29172495
0,0.29237443
0,0.29271454
0,0.2902588
0,0.28839275
0,0.30590928
0,0.30184174
0,0.29458144
0,0.29447275
0,0.2907322
0,0.41798472
0,0.34123236
0,0.3271163
0,0.31255624
0,0.29731143
0,0.29357305
0,0.2935773
0,0.28690326
0,0.277118
0,0.2742371
0,0.2776605
0,0.27769357
0,0.28286934
0,0.2859007
0,0.28569227
0,0.28813297
0,0.28518873
0,0.28323236
0,0.2789565
0,0.28110987
0,0.28333586
0,0.27580753
0,0.28124928
0,0.2926057
0,0.27375013
0,0.27009606
0,0.27840617
0,0.27618796
0,0.2811909
0,0.28440663
0,0.28670076
0,0.42911163
0,0.47006363
0,0.37654197
0,0.3440783
0,0.31334835
0,0.30545518
0,0.29583043
0,0.28644332
0,0.28663778
0,0.28327286
0,0.33489734
0,0.29737735
0,0.29161593
0,0.28324234
0,0.28172952
0,0.28076923
0,0.2745355
0,0.27183425
0,0.26014465
0,0.24822183
0,0.22840758
0,0.2176686
0,0.21260755
0,0.2135163
0,0.21774203
0,0.22371672
0,0.23308136
0,0.23953985
0,0.2531125
0,0.25998852
0,0.28563643
0,0.28406173
0,0.388954
0,0.33081332
0,0.31093302
0,0.29159418
0,0.29349384
0,0.28787154
0,0.2923522
0,0.2990188
0,0.29727122
0,0.29017872
0,0.28964192
0,0.2867267
0,0.2855225
0,0.28207606
0,0.28338954
0,0.2964281
0,0.29372406
0,0.3023871
0,0.2814405
0,0.28831303
0,0.2835956
0,0.28578016
0,0.2770834
0,0.28849557
0,0.28451306
0,0.28501937
0,0.28613085
0,0.2845956
0,0.28228167
0,0.28087887
0,0.28657383
0,0.27968898
0,0.27925652
0,0.27752873
0,0.2744349
0,0.3004857
0,0.29451886
0,0.32495603
0,0.30670065
0,0.29372633
0,0.2841483
0,0.2898625
0,0.29158702
0,0.29372692
0,0.29146627
0,0.29160497
0,0.30408856
0,0.28131694
0,0.28495866
0,0.28531992
0,0.2792272
0,0.28058222
0,0.28372997
0,0.279255
0,0.27407482
0,0.28585848
0,0.2788552
0,0.2817416
0,0.28126678
0,0.27621022
0,0.27974153
0,0.29797044
0,0.29437837
0,0.2894421
0,0.28930825
0,0.28527367
0,0.28565875
0,0.2897522
0,0.5416479
0,0.40244728
0,0.3519077
0,0.31560022
0,0.30247486
0,0.2910803
0,0.30102357
0,0.28935707
0,0.53415525
0,0.9059915
0,0.8157585
0,0.77049255
0,0.6885127
0,0.6181714
0,0.50645494
0,0.39448762
0,0.31810883
0,0.24908279
0,0.19852172
0,0.16329575
0,0.14553438
0,0.1347937
0,0.12980036
0,0.12521216
0,0.12509
0,0.1265334
0,0.1256916
0,0.12669168
0,0.1289143
0,0.1329519
0,0.12698597
0,0.13070785
0,0.14010952
0,0.14450955
0,0.15391316
0,0.16818665
0,0.18773325
0,0.20220685
0,0.2719009
0,0.26928988
0,0.2716779
0,0.262942
0,0.2645555
0,0.2654638
0,0.27925795
0,0.2728968
0,0.2798993
0,0.27185908
0,0.26474753
0,0.26869097
0,0.26329258
0,0.26410297
0,0.27279687
0,0.27083755
0,0.29319853
0,0.5750536
0,0.40472147
0,0.3588289
0,0.32944733
0,0.31567705
0,0.32680228
0,0.2949201
0,0.29122114
0,0.27895027
0,0.28073195
0,0.27889323
0,0.29095998
0,0.27611604
0,0.28843674
0,0.27708036
0,0.2818712
0,0.51630336
0,0.3739033
0,0.33938703
0,0.29498103
0,0.26423818
0,0.22840136
0,0.21376275
0,0.20325728
0,0.19624528
0,0.20124765
0,0.2082818
0,0.21368459
0,0.25839388
0,0.24547067
0,0.2800925
0,0.2791213
0,0.5233472
0,0.38637012
0,0.32255334
0,0.2938404
0,0.25872734
0,0.22640777
0,0.20419526
0,0.19605778
0,0.18992694
0,0.19957623
0,0.19941613
0,0.21160312
0,0.21433647
0,0.22532341
0,0.27783942
0,0.28682554
0,0.27119997
0,0.2629152
0,0.25660554
0,0.2515208
0,0.25812125
0,0.2532641
0,0.2521182
0,0.25432935
0,0.2578406
0,0.2647689
0,0.26995075
0,0.2660747
0,0.2815418
0,0.27670726
0,0.28208384
0,0.27394512
0,0.27116725
0,0.27122715
0,0.26429003
0,0.2626656
1,0.2696077
1,0.272764
1,0.26609805
1,0.26616204
1,0.2642218
1,0.26922256
1,0.26742718
1,0.2625892
1,0.26500604
1,0.28768745
1,0.2807499
1,0.39746648
1,0.3613825
1,0.3153519
1,0.29939625
0,0.9050905
0,0.6979803
0,0.5947063
0,0.51918375
0,0.47048774
0,0.4100971
0,0.64073145
0,0.59716403
0,0.48524833
0,0.36542794
0,0.33009353
0,0.29177535
0,0.22413051
0,0.18724652
0,0.15166341
0,0.14968853
0,0.1382037
0,0.1433126
0,0.1389237
0,0.13606511
0,0.13033544
0,0.1282805
0,0.12320022
0,0.12354601
0,0.15340424
0,0.14525327
0,0.14493126
0,0.14853936
0,0.15667537
0,0.16315779
0,0.26272717
0,0.37053663
0,0.30229682
0,0.2915013
0,0.28002244
0,0.27290353
0,0.28424445
0,0.27252004
0,0.26856446
0,0.26432535
0,0.2679582
0,0.27596572
0,0.27004585
0,0.29215884
0,0.27309442
0,0.27050328
0,0.2846288
0,0.28127474
0,0.28289458
0,0.27767932
0,0.32548946
0,0.295182
0,0.28458998
0,0.2818649
0,0.28889018
0,0.27827686
0,0.2759389
0,0.26785475
0,0.27038938
0,0.26995423
0,0.2686777
0,0.27008098
0,0.26345456
0,0.2641113
0,0.26315054
0,0.2705973
0,0.26256618
0,0.2674166
0,0.2799715
0,0.27482048
0,0.271589
0,0.2719904
0,0.28064585
0,0.29087377
0,0.2723035
0,0.27381897
0,0.26899356
0,0.44169828
0,0.35964835
0,0.31223065
0,0.3022781
0,0.29124403
0,0.27770206
0,0.27673647
0,0.28315818
0,0.29646912
0,0.40575433
0,0.3280468
0,0.3064272
0,0.2930494
0,0.28350314
0,0.2830692
0,0.2753095
0,0.27312595
0,0.27317092
0,0.2738789
0,0.4052521
0,0.31478637
0,0.29219562
0,0.28529122
0,0.28711712
0,0.27420938
0,0.2710587
0,0.27015135
0,0.27022952
0,0.27165684
0,0.26037127
0,0.26743647
0,0.26983452
0,0.2735007
0,0.26572964
0,0.26811776
0,0.2648415
0,0.2674963
0,0.26365393
0,0.26705626
0,0.2712295
0,0.27128825
0,0.27798295
0,0.28409323
0,0.27204382
0,0.26915082
0,0.28593913
0,0.2699653
0,0.287897
0,0.2767045
0,0.29107717
0,0.27296296
0,0.26792723
0,0.26413736
0,0.29165745
0,0.2964813
0,0.29001525
0,0.2801216
0,0.27072904
0,0.26795125
0,0.26204917
0,0.27241203
0,0.27355468
0,0.2807374
0,0.28533286
0,0.27179852
0,0.2672679
0,0.2699031
0,0.26793572
0,0.2658694
0,0.26807007
0,0.26709396
0,0.26421353
0,0.27272597
0,0.26711896
0,0.25942728
0,0.26361075
0,0.26095068
0,0.50268936
0,0.3884028
0,0.35462052
0,0.31546545
0,0.30392352
0,0.2911932
0,0.28396624
0,0.2841224
0,0.2810647
0,0.28428814
0,0.28204244
0,0.2768148
0,0.27939165
0,0.2680372
0,0.26968423
0,0.265092
0,0.2597033
0,0.28641352
0,0.27450454
0,0.28126296
0,0.2688073
0,0.27042973
0,0.28192744
0,0.27416632
0,0.28524175
0,0.27317858
0,0.27410096
0,0.2699049
0,0.33225337
0,0.29656503
0,0.28619212
0,0.27564716
0,0.28046888
0,0.29068944
0,0.2909368
0,0.27593318
0,0.28380695
0,0.2854238
0,0.27938205
0,0.30637723
0,0.28550157
0,0.27863604
0,0.2749659
0,0.2882084
0,0.28861687
0,0.27233335
0,0.27420595
0,0.29684082
0,0.28685507
0,0.28132835
0,0.28881875
0,0.27720046
0,0.28641924
0,0.29163632
0,0.28014043
0,0.27595282
0,0.28128552
0,0.2731063
0,0.30262098
0,0.27818307
0,0.27394423
0,0.27207854
0,0.26539102
0,0.26985162
0,0.26836777
0,0.28540817
0,0.28785866
0,0.29095352
0,0.28052688
0,0.2857324
0,0.28070658
0,0.27014145
0,0.26888192
0,0.27536622
0,0.27337736
0,0.28506097
0,0.2701378
0,0.28385893
0,0.28473648
0,0.27292064
0,0.26353088
0,0.3986001
0,0.34189916
0,0.31142387
0,0.29385972
0,0.28451988
0,0.27903843
0,0.28282183
0,0.28691965
0,0.27941865
0,0.27286476
0,0.26755497
0,0.27717337
0,0.2713194
0,0.269055
0,0.25879762
0,0.2612409
0,0.2711832
0,0.26870656
0,0.26360634
0,0.27826077
0,0.28502807
0,0.26386476
0,0.26972246
0,0.26363492
0,0.26343265
0,0.25968054
0,0.2601496
0,0.25715527
0,0.28116086
0,0.26776862
0,0.26198852
0,0.2650628
0,0.26308277
0,0.26095873
0,0.27900285
0,0.27882886
0,0.27189186
0,0.27534348
0,0.28104812
0,0.2845364
0,0.28015888
0,0.27709755
0,0.2894809
0,0.27810112
0,0.26849943
0,0.26985392
0,0.27721056
0,0.26435927
0,0.25893578
0,0.25586268
0,0.26024365
0,0.27093464
0,0.2775372
0,0.27000695
0,0.2802413
0,0.27000377
0,0.27400842
0,0.27385306
0,0.2740557
0,0.2796428
0,0.28148827
0,0.28334624
0,0.2823362
0,0.28796154
0,0.28969157
0,0.2850345
0,0.2814366
0,0.2754215
0,0.27752772
0,0.27085948
0,0.2800864
0,0.2630989
0,0.27575782
0,0.2774968
0,0.27250552
0,0.27322394
0,0.26651922
0,0.27959475
0,0.29014271
0,0.29696622
0,0.3063917
0,0.28173438
0,0.27384907
0,0.29539248
0,0.2792118
0,0.27172855
0,0.26727808
0,0.26604518
0,0.26177758
0,0.26799363
0,0.26347622
0,0.27685615
0,0.2659243
0,0.2573657
0,0.26356497
0,0.25540537
0,0.27215675
0,0.29098108
0,0.29403615
0,0.29078513
0,0.27602768
0,0.2818296
0,0.28000322
0,0.28411624
0,0.27285427
0,0.2764643
0,0.26788154
0,0.26587117
0,0.2560834
0,0.251897
0,0.25828657
0,0.25366825
0,0.2564429
0,0.3166035
0,0.29661104
0,0.29615662
0,0.30776197
0,0.29120353
0,0.29204246
0,0.29787177
0,0.28218248
0,0.27318153
0,0.27597594
0,0.28702417
0,0.52446425
0,0.4010618
0,0.53138715
0,0.5387871
0,0.4496174
0,0.37728685
0,0.32574427
0,0.29204452
0,0.25443286
0,0.2199294
0,0.20315714
0,0.18397157
0,0.17650838
0,0.16295983
0,0.15476884
0,0.15314671
0,0.15596795
0,0.1632932
0,0.17180026
0,0.17283204
0,0.17838275
0,0.19103289
0,0.18887648
0,0.19450748
0,0.20341694
0,0.2148458
0,0.22717176
0,0.23810211
0,0.2536158
0,0.25527638
0,0.29206482
0,0.2757797
0,0.28890666
0,0.2713762
0,0.27763057
0,0.27561182
0,0.28543672
0,0.27813298
0,0.2701284
0,0.29342592
0,0.2800286
0,0.29797727
0,0.2907631
0,0.28467405
0,0.29802588
0,0.28603294
0,0.2723467
0,0.29724714
0,0.27561653
0,0.27943572
0,0.28120065
0,0.27135813
0,0.27342477
0,0.28128818
0,0.2757643
0,0.28096634
0,0.2756145
0,0.28141853
0,0.2800062
0,0.2893411
0,0.2962059
0,0.28578043
0,0.27760193
0,0.2787209
0,0.27679247
0,0.27625015
0,0.27706283
0,0.27645424
0,0.31002623
0,0.2885353
0,0.28367287
0,0.28408578
0,0.27844098
0,0.27715868
0,0.27442497
0,0.26645637
0,0.2624573
0,0.28257418
0,0.28509837
0,0.2808225
0,0.28472665
0,0.28216258
0,0.2731638
0,0.27425238
0,0.27437606
0,0.28468004
0,0.28292942
0,0.27830163
0,0.27431428
0,0.27719423
0,0.27396083
0,0.27259472
0,0.28265125
0,0.27769268
0,0.27327344
0,0.27681342
0,0.28899187
0,0.2820158
0,0.2790602
0,0.28401792
0,0.29667664
0,0.29130048
0,0.29805657
0,0.2848185
0,0.29298607
0,0.29812443
0,0.2853133
0,0.28395912
0,0.27720553
0,0.28084862
0,0.2713496
0,0.27589774
0,0.279584
0,0.27843115
0,0.28400367
0,0.27835697
0,0.2722983
0,0.27752668
0,0.2797228
0,0.27128103
0,0.26749343
0,0.27926418
0,0.27214724
0,0.26032338
0,0.2789191
0,0.27739733
0,0.27539933
0,0.2840278
0,0.27366588
0,0.27741304
0,0.27718285
0,0.2712011
0,0.29356468
0,0.28744897
0,0.28066614
0,0.29659286
0,0.30346042
0,0.28725743
0,0.29304004
0,0.27681088
0,0.27026296
0,0.2773229
0,0.27228385
0,0.27242517
0,0.27221733
0,0.37727657
0,0.3938297
0,0.3307098
0,0.31665128
0,0.29554957
0,0.2938415
0,0.28812268
0,0.28880215
0,0.27975744
0,0.27243835
0,0.2783151
0,0.27406138
0,0.28294772
0,0.648672
0,0.4661608
0,0.4236739
0,0.3834976
0,0.3457142
0,0.32160866
0,0.30095816
0,0.2751287
0,0.25336766
0,0.22857974
0,0.21290682
0,0.1993322
0,0.19490267
0,0.18617266
0,0.2004068
0,0.19773251
0,0.20635441
0,0.23166193
0,0.22838312
0,0.22399996
0,0.22480981
0,0.2323642
0,0.22779487
0,0.23560499
0,0.23877843
0,0.24445215
0,0.2500777
0,0.25454924
0,0.26357675
0,0.27807882
0,0.2799767
0,0.26562378
0,0.26543117
0,0.26584902
0,0.27761185
0,0.2766215
0,0.3057078
0,0.29279873
0,0.28710058
0,0.51832104
0,0.38348058
0,0.34556863
0,0.45622462
0,0.3561447
0,0.3240715
0,0.3092335
0,0.30246148
0,0.29842135
0,0.28547394
0,0.27792567
0,0.27437142
0,0.2652147
0,0.26905206
0,0.27224028
0,0.26045558
0,0.25849476
0,0.24552253
0,0.23589401
0,0.23088942
0,0.2235883
0,0.22244212
0,0.22801647
0,0.23257309
0,0.2471752
0,0.24705702
0,0.25381377
0,0.25377208
0,0.26050225
0,0.2607013
0,0.27569842
0,0.265298
0,0.27249515
0,0.27899295
0,0.27236757
0,0.27722734
0,0.27774924
0,0.28838643
0,0.2875199
0,0.27973735
0,0.2806645
0,0.27293578
0,0.28634325
0,0.2912299
0,0.2790507
0,0.28672823
0,0.28390208
0,0.28475484
0,0.27857476
0,0.27833027
0,0.29813662
0,0.29965317
0,0.29093254
0,0.28593922
0,0.2833267
0,0.29624987
0,0.2999875
0,0.28984523
0,0.47445843
0,0.37449983
0,0.34439647
0,0.3369379
0,0.304102
0,0.28584927
0,0.28936368
0,0.28390783
0,0.27778906
0,0.2915128
0,0.27870193
0,0.27316096
0,0.27760416
0,0.28244781
0,0.27439782
0,0.27454823
0,0.27165487
0,0.27511156
0,0.27014723
0,0.26687336
0,0.27637646
0,0.2790343
0,0.280869
0,0.27359375
0,0.28144264
0,0.29319838
0,0.28908828
0,0.27998546
0,0.27633014
0,0.27997333
0,0.26840326
0,0.26921356
0,0.27359506
0,0.28611547
0,0.2761273
0,0.33360174
0,0.29776552
0,0.31578922
0,0.28811234
0,0.2854485
0,0.2803757
0,0.29957706
0,0.28771758
0,0.28080878
0,0.28105536
0,0.2859674
0,0.27717483
0,0.26606643
0,0.26953194
0,0.26815587
0,0.2677033
0,0.27395058
0,0.28332174
0,0.2890943
0,0.29002312
0,0.28996092
0,0.28607038
0,0.29488435
0,0.2928316
0,0.3231659
0,0.3218874
0,0.2944102
0,0.28416032
0,0.27342463
0,0.2852764
0,0.2843097
0,0.27703327
0,0.28613496
0,0.28392932
0,0.28491747
0,0.29788396
0,0.3063327
0,0.28527448
0,0.28069586
0,0.28683627
0,0.28247985
0,0.27550754
0,0.27069563
0,0.2775685
0,0.27659127
0,0.2776117
0,0.27232137
0,0.2862712
0,0.2792978
0,0.27581212
0,0.27188265
0,0.28970557
0,0.2784889
0,0.28291392
0,0.28062153
0,0.27522942
0,0.3011633
0,0.2856634
0,0.27920902
0,0.27573764
0,0.2785912
0,0.27611223
0,0.2788979
0,0.26378122
0,0.27138793
0,0.27202213
0,0.27181497
0,0.2821399
0,0.27545458
0,0.27790385
0,0.2867835
0,0.2934786
0,0.27993268
0,0.2875322
0,0.27587423
0,0.277152
0,0.27640307
0,0.28015026
0,0.27570042
0,0.27047879
0,0.30353457
0,0.29424
0,0.29501158
0,0.2896471
0,0.2812845
0,0.28821915
0,0.28765622
0,0.28830826
0,0.28412634
0,0.27653798
0,0.27299255
0,0.28049886
0,0.4133549
0,0.34594306
0,0.39707762
0,0.34550327
0,0.3207954
0,0.30144477
0,0.28940582
0,0.44298416
0,0.34546414
0,0.32926735
0,0.31404305
0,0.296644
0,0.30271083
0,0.2866536
0,0.27370104
0,0.25275987
0,0.24873348
0,0.2357072
0,0.23601322
0,0.22322537
0,0.21849345
0,0.20890434
0,0.21100119
0,0.21101277
0,0.22572723
0,0.27726156
0,0.24585357
0,0.24885012
0,0.2507715
0,0.25253972
0,0.2708601
0,0.26632673
0,0.26789963
0,0.26691917
0,0.26875007
0,0.27065086
0,0.26957613
0,0.27288505
0,0.27263013
0,0.2777545
0,0.28260165
0,0.2863809
0,0.28268498
0,0.28328687
0,0.29191363
0,0.26776966
0,0.27379787
0,0.27403688
0,0.3806654
0,0.3112253
0,0.4004031
0,0.33547157
0,0.31669906
0,0.29569772
0,0.29402623
0,0.28958958
0,0.28660485
0,0.27916402
0,0.29990965
0,0.29148203
0,0.28441954
0,0.2998898
0,0.28793582
0,0.28802896
0,0.2869819
0,0.27922276
0,0.2769035
0,0.26825133
0,0.2870594
0,0.27549475
0,0.42162022
0,0.34408918
0,0.40639526
0,0.34207416
0,0.3090838
0,0.28897622
0,0.26768267
0,0.26310107
0,0.27574018
0,0.2637664
0,0.27475125
0,0.32147935
0,0.28885865
0,0.32446295
0,0.28888822
0,0.28432706
0,0.26489776
0,0.2614429
0,0.31312534
0,0.2563469
0,0.23605923
0,0.21885388
0,0.20858108
0,0.19828333
0,0.28132537
0,0.22975673
0,0.20485906
0,0.19710867
0,0.19096372
0,0.19939335
0,0.26140258
0,0.25702208
0,0.2654272
0,0.26516443
0,0.2595336
0,0.26082817
0,0.26105145
0,0.27285925
0,0.25641292
0,0.26024026
0,0.26418748
0,0.25565138
0,0.26160872
0,0.26311412
0,0.2605069
0,0.27936623
0,0.26015782
0,0.2778921
0,0.28481737
0,0.27590168
0,0.2830863
0,0.28008595
0,0.28557265
0,0.28177506
0,0.29696792
0,0.2965126
0,0.28107402
0,0.28707772
0,0.27960226
0,0.27787906
0,0.2820748
0,0.29335108
0,0.2755915
0,0.297128
0,0.29717195
0,0.2890401
0,0.28614298
0,0.28288084
0,0.28935805
0,0.28512084
0,0.2771008
0,0.2762809
0,0.26622853
0,0.27398795
0,0.27788818
0,0.27563375
0,0.2728
0,0.27295992
0,0.28280056
0,0.2684281
0,0.28882837
0,0.2879772
0,0.29528415
0,0.2867002
0,0.29426515
0,0.27526137
0,0.27996358
0,0.26815775
0,0.27832758
0,0.27480587
0,0.2761843
0,0.27616522
0,0.28100118
0,0.26643053
0,0.27735925
0,0.2777962
0,0.28592417
0,0.2832695
0,0.27641335
0,0.27390528
0,0.29668984
0,0.28037953
0,0.28245202
0,0.2819499
0,0.29339236
0,0.3056803
0,0.28379488
0,0.26352006
0,0.29051653
0,0.2705095
0,0.2764859
0,0.27621868
0,0.280639
0,0.28327063
0,0.27357826
0,0.26806045
0,0.27786213
0,0.26356468
0,0.26975045
0,0.26300323
0,0.26570335
0,0.27457547
0,0.2719789
0,0.2768533
0,0.2669897
0,0.26387414
0,0.2833356
0,0.2885033
0,0.29095364
0,0.29018393
0,0.2780951
0,0.28399357
0,0.29606125
0,0.2717587
0,0.29172423
0,0.28595352
0,0.2742371
0,0.26946235
0,0.26622117
0,0.25808534
0,0.32589725
0,0.30032516
0,0.2882905
0,0.28084043
0,0.27497807
0,0.27808714
0,0.3143774
0,0.28680432
0,0.28680965
0,0.28207463
0,0.27653554
0,0.28041455
0,0.37166518
0,0.31416205
0,0.30371344
0,0.29391453
0,0.286888
0,0.2801386
0,0.27552703
0,0.2836933
0,0.2805239
0,0.2743213
0,0.26636332
0,0.26724914
0,0.26683626
0,0.27147526
0,0.29709765
0,0.28852013
0,0.28122053
0,0.27274683
0,0.27500784
0,0.28343606
0,0.27244514
0,0.29051203
0,0.2835261
0,0.2707109
0,0.2726099
0,0.27716634
0,0.27684546
0,0.26748675
0,0.27001512
0,0.27386987
0,0.27534747
0,0.2770288
0,0.2759912
0,0.3194308
0,0.28805503
0,0.29040912
0,0.27222103
0,0.28726563
0,0.27721968
0,0.2809663
0,0.2757534
0,0.36581606
0,0.3116402
0,0.30098027
0,0.3046692
0,0.31952694
0,0.30247584
0,0.28901255
0,0.2830483
0,0.28261092
0,0.28363866
0,0.2810718
0,0.28134286
0,0.28254163
0,0.28380087
0,0.27849966
0,0.26938522
0,0.26559615
0,0.26641506
0,0.26106396
0,0.26441327
0,0.254431
0,0.2556107
0,0.26005384
0,0.2547444
0,0.27383015
0,0.26016048
0,0.27846318
0,0.4795634
0,0.56282175
0,0.4518077
0,0.3915118
0,0.3576416
0,0.32099113
0,0.31290036
0,0.2963065
0,0.2895701
0,0.28135353
0,0.27273202
0,0.27733073
0,0.26540765
0,0.2549394
0,0.25206122
0,0.24557967
0,0.2212972
0,0.22229972
0,0.20657828
0,0.19417763
0,0.18744753
0,0.19233188
0,0.20724213
0,0.20858543
0,0.23089004
0,0.2352666
0,0.24400456
0,0.23874927
0,0.2511662
0,0.25868762
0,0.2941988
0,0.27740923
0,0.28304046
0,0.27855104
0,0.28201246
0,0.28217724
0,0.28326994
0,0.2819791
0,0.28549072
0,0.27806342
0,0.2872637
0,0.2821173
0,0.27554667
0,0.38889042
0,0.309323
0,0.3008276
0,0.29298687
0,0.2872547
0,0.27140123
0,0.28124094
0,0.29222718
0,0.28597254
0,0.28630066
0,0.279316
0,0.27652165
0,0.26794893
0,0.28724745
0,0.29247427
0,0.27951053
0,0.2766826
0,0.304777
0,0.28734443
0,0.2781684
0,0.27925506
0,0.28033364
0,0.29153085
0,0.2810535
0,0.28585607
0,0.29613146
0,0.28794983
0,0.28660962
0,0.27791247
0,0.29915503
0,0.29282206
0,0.3904427
0,0.32485875
0,0.3066946
0,0.29727063
0,0.3018048
0,0.503274
0,0.3691914
0,0.33472237
0,0.307277
0,0.29297918
0,0.28143704
0,0.29489872
0,0.2869006
0,0.2740704
0,0.26805064
0,0.27767694
0,0.27425686
0,0.27186143
0,0.2629299
0,0.26527557
0,0.26289913
0,0.2695322
0,0.25725853
0,0.26066932
0,0.25540146
0,0.26013204
0,0.2566582
0,0.26798558
0,0.25601634
0,0.26856098
0,0.4164054
0,0.3370407
0,0.30940402
0,0.2899152
0,0.27143407
0,0.2869855
0,0.2841581
0,0.28867874
0,0.26808044
0,0.27512088
0,0.28960785
0,0.2858528
0,0.28165063
0,0.28411132
0,0.26859754
0,0.2709981
0,0.4331087
0,0.3544505
0,0.31921163
0,0.3206601
0,0.30206645
0,0.28837696
0,0.2822753
0,0.27714682
0,0.2852531
0,0.27582633
0,0.27158958
0,0.26639527
0,0.2723876
0,0.2692583
0,0.5383092
0,0.39571798
0,0.3546705
0,0.31588086
0,0.29719862
0,0.28864074
0,0.2809146
0,0.2856135
0,0.27412826
0,0.26929823
0,0.2795483
0,0.27469718
0,0.26283565
0,0.26700997
0,0.2620811
0,0.246964
0,0.27716264
0,0.41986665
0,0.32566306
0,0.32905695
0,0.30122203
0,0.29137036
0,0.28300813
0,0.28351307
0,0.28298742
0,0.27014157
0,0.2625886
0,0.26410028
0,0.31214118
0,0.28117666
0,0.28328
0,0.27735466
0,0.28462052
0,0.2849873
0,0.2923693
0,0.28279194
0,0.2799281
0,0.27393985
0,0.26903483
0,0.26118514
0,0.26299217
0,0.2760987
0,0.3892485
0,0.317752
0,0.309852
0,0.29163715
0,0.27446684
0,0.27407104
0,0.2861189
0,0.29484192
0,0.28454664
0,0.27585515
0,0.2850048
0,0.2867795
0,0.28188542
0,0.29895526
0,0.28427505
0,0.27117774
0,0.2761746
0,0.27063316
0,0.279367
0,0.27072898
0,0.2730245
0,0.28953323
0,0.28988594
0,0.30420795
0,0.37763962
0,0.3411272
0,0.30652612
0,0.29667047
0,0.30681163
0,0.28960747
0,0.2808201
0,0.2793662
0,0.27781528
0,0.2753588
0,0.2847125
0,0.2761843
0,0.28141886
0,0.2844646
0,0.26630658
0,0.2704461
0,0.27897197
0,0.27844846
0,0.27262458
0,0.27021626
0,0.28686962
0,0.27715474
0,0.28260842
0,0.2759881
0,0.2708968
0,0.29103634
0,0.27470666
0,0.29000974
0,0.2744468
0,0.27664942
0,0.27914214
0,0.26851413
0,0.28234762
0,0.27960652
0,0.27680543
0,0.2839524
0,0.2710368
0,0.26926342
0,0.26379105
0,0.27640978
0,0.26852074
0,0.2667696
0,0.28814626
0,0.28806502
0,0.28668723
0,0.28000382
0,0.28752622
0,0.2944156
0,0.28218895
0,0.288039
0,0.29622215
0,0.283963
0,0.2729777
0,0.28334072
0,0.2737796
0,0.2693777
0,0.27211022
0,0.27760816
0,0.27981174
0,0.28060925
0,0.26562768
0,0.2791264
0,0.2702463
0,0.28002936
0,0.2707449
0,0.27443957
0,0.27038246
0,0.26897016
0,0.26344928
0,0.26526168
0,0.25455675
0,0.26186183
0,0.25946954
0,0.2662037
0,0.28630397
0,0.26932338
0,0.26549056
0,0.27494338
0,0.2889102
0,0.28853628
0,0.38443822
0,0.33608994
0,0.32228717
0,0.2936387
0,0.29068276
0,0.28068975
0,0.28761125
0,0.27989903
0,0.27958313
0,0.27259684
0,0.29825488
0,0.28374824
0,0.27463648
0,0.26894584
0,0.2764504
0,0.28186297
0,0.2939159
0,0.28916302
0,0.28913152
0,0.27170175
0,0.28291985
0,0.27463543
0,0.2627356
0,0.27007785
0,0.265747
0,0.27858394
0,0.28666022
0,0.27028203
0,0.2620792
0,0.25001648
0,0.36272258
0,0.316078
0,0.2897136
0,0.30255634
0,0.27871278
0,0.27509978
0,0.2783608
0,0.27236804
0,0.27123025
0,0.2791077
0,0.27009013
0,0.3088373
0,0.2873915
0,0.26667076
0,0.2739631
0,0.27391237
0,0.27810168
0,0.2852608
0,0.31241173
0,0.29037735
0,0.27703467
0,0.28564683
0,0.27565727
0,0.26700643
0,0.28678426
0,0.27255955
0,0.2704508
0,0.27315283
0,0.2782859
0,0.2746896
0,0.27649876
0,0.29064977
0,0.28382325
0,0.28613183
0,0.2896442
0,0.29015735
0,0.28585753
0,0.2844714
0,0.28745672
0,0.28959307
0,0.2640179
0,0.28100753
0,0.2705671
0,0.27397078
0,0.26997566
0,0.475756
0,0.36282614
0,0.34243798
0,0.32119125
0,0.30628943
0,0.29838005
0,0.297142
0,0.29532802
0,0.47473603
0,0.3731855
0,0.32588744
0,0.31234315
0,0.29032284
0,0.28435373
0,0.28316596
0,0.2704744
0,0.26375106
0,0.26305312
0,0.27240473
0,0.25385433
0,0.2527305
0,0.24309674
0,0.2407139
0,0.23911442
0,0.24932809
0,0.24627252
0,0.25676402
0,0.27693707
0,0.27397665
0,0.26334882
0,0.27460545
0,0.26351094
0,0.2758221
0,0.26765662
0,0.27709424
0,0.27503917
0,0.27489832
0,0.28275025
0,0.2899251
0,0.27354294
0,0.2619553
0,0.26810047
0,0.26862356
0,0.26790074
0,0.27844736
0,0.28865495
0,0.27668843
0,0.27610222
0,0.45401347
0,0.36789605
0,0.33123007
0,0.32444617
0,0.3004196
0,0.30716568
0,0.28888577
0,0.28093588
0,0.28422305
0,0.2920273
0,0.292052
0,0.28712264
0,0.2751722
0,0.27140173
0,0.26559362
0,0.26149914
0,0.27567917
0,0.26851654
0,0.27103394
0,0.2666419
0,0.32932863
0,0.28586784
0,0.27070102
0,0.2632012
0,0.28178036
0,0.274643
0,0.2637164
0,0.2675243
0,0.27333066
0,0.28129926
0,0.28674975
0,0.27638534
0,0.26233625
0,0.26689306
0,0.2655244
0,0.2816176
0,0.2822559
0,0.29765156
0,0.28437042
0,0.2864986
0,0.2699047
0,0.26899284
0,0.25741136
0,0.27762157
0,0.30291182
0,0.29530033
0,0.27757776
0,0.28261063
0,0.28047538
0,0.26476648
0,0.27342594
0,0.27848813
0,0.294722
0,0.28520402
0,0.2771822
0,0.27914616
0,0.41121283
0,0.33318383
0,0.3343658
0,0.32090992
0,0.2954239
0,0.29252383
0,0.2812993
0,0.46395448
0,0.38461795
0,0.34355095
0,0.31256944
0,0.30170015
0,0.2880854
0,0.27978382
0,0.27043587
0,0.2806014
0,0.27438575
0,0.26755786
0,0.27044654
0,0.25965053
0,0.27246925
0,0.2637329
0,0.4272727
0,0.3075901
0,0.26554155
0,0.24798338
0,0.24795401
0,0.23551835
0,0.23682566
0,0.24169977
0,0.2762026
0,0.29495668
0,0.30674022
0,0.33531418
0,0.31255123
0,0.29354554
0,0.2683697
0,0.29628864
0,0.28383943
0,0.27119172
0,0.26811835
0,0.26705477
0,0.2650518
0,0.24664533
0,0.2289462
0,0.22101514
0,0.23511721
0,0.23548377
0,0.23990057
0,0.23994687
0,0.25011852
0,0.25204635
0,0.27005517
0,0.2642297
0,0.2620557
0,0.2689898
0,0.26168656
0,0.2599898
0,0.2605558
0,0.29736513
0,0.28050172
0,0.27212194
0,0.28407592
0,0.41828808
0,0.33851355
0,0.32663053
0,0.32048765
0,0.3086324
0,0.29638112
0,0.284603
0,0.28404412
0,0.2890786
0,0.28642422
0,0.27557844
0,0.28068548
0,0.27668023
0,0.30087665
0,0.2879376
0,0.2757418
0,0.28394818
0,0.36788994
0,0.3222561
0,0.30676165
0,0.29321197
0,0.28133103
0,0.27359828
0,0.26899534
0,0.28506085
0,0.27786705
0,0.28207618
0,0.27782947
0,0.28541553
0,0.2715093
0,0.26293358
0,0.27874494
0,0.27715734
0,0.27384505
0,0.26989654
0,0.27974346
0,0.28107616
0,0.2728106
0,0.27643722
0,0.26888004
0,0.27200872
0,0.27301288
0,0.2796007
0,0.27974376
0,0.26948288
0,0.28314188
0,0.26971588
0,0.28331682
0,0.28501984
0,0.27006185
0,0.29313827
0,0.28167135
0,0.30181038
0,0.2754745
0,0.27313474
0,0.26789626
0,0.27806646
0,0.26405886
0,0.29152834
0,0.27547422
0,0.27405307
0,0.26176965
0,0.44397798
0,0.36469695
0,0.33408272
0,0.3281896
0,0.29475012
0,0.32974452
0,0.2964556
0,0.2862452
0,0.29069704
0,0.29304662
0,0.37790164
0,0.3344843
0,0.31431276
0,0.3093983
0,0.29206035
0,0.27785683
0,0.2761431
0,0.27611423
0,0.26939562
0,0.26482767
0,0.26004344
0,0.25138244
0,0.24597238
0,0.24360897
0,0.2618688
0,0.25787446
0,0.26637417
0,0.27555925
0,0.26990995
0,0.27734956
0,0.28005937
0,0.2754923
0,0.28970852
0,0.28528666
0,0.2767981
0,0.27983513
0,0.27107906
0,0.2648778
0,0.26673388
0,0.26376837
0,0.2534922
0,0.25949985
0,0.26982623
0,0.28080574
0,0.28112173
0,0.29985106
0,0.2835207
0,0.28478718
0,0.29493362
0,0.29961544
0,0.27818766
0,0.28015006
0,0.2741259
0,0.27471977
0,0.2696576
0,0.2581277
0,0.2793577
0,0.26420772
0,0.27590886
0,0.27790865
0,0.2742801
0,0.2892559
0,0.27422404
0,0.28281584
0,0.29860747
0,0.29833627
0,0.30570978
0,0.39058605
0,0.33028567
0,0.32177773
0,0.30088004
0,0.28572896
0,0.2741965
0,0.3732615
0,0.30851153
0,0.30209267
0,0.29022303
0,0.27948824
0,0.26827154
0,0.27549082
0,0.2814465
0,0.27835363
0,0.28317118
0,0.29182822
0,0.28258085
0,0.2697484
0,0.2633825
0,0.26642337
0,0.26940426
0,0.2661502
0,0.2698778
0,0.27638793
0,0.27325565
0,0.26885605
0,0.26003778
0,0.2794005
0,0.26246172
0,0.26308963
0,0.25630984
0,0.2585041
0,0.2689681
0,0.2671945
0,0.26077753
0,0.27216676
0,0.27809957
0,0.27628323
0,0.2654004
0,0.28417766
0,0.28249446
0,0.2826088
0,0.27315226
0,0.28020722
0,0.28678784
0,0.28892708
0,0.30334178
0,0.30600533
0,0.3091071
0,0.28303346
0,0.26909354
0,0.28816554
0,0.27796742
0,0.27931324
0,0.27163514
0,0.26499838
0,0.2876157
0,0.26623458
0,0.29666173
0,0.28748614
0,0.2915105
0,0.28182906
0,0.27138612
0,0.28413793
0,0.28220296
0,0.2686376
0,0.28882852
0,0.4207837
0,0.3571828
0,0.33007732
0,0.3133273
0,0.2999167
0,0.27954566
0,0.271785
0,0.27550125
0,0.27475592
0,0.27254832
0,0.28232795
0,0.2805743
0,0.27642113
0,0.28052002
0,0.26414633
0,0.27369314
0,0.2754371
0,0.2810692
0,0.27749962
0,0.2651703
0,0.27726415
0,0.2633686
0,0.25905406
0,0.2722519
0,0.25966945
0,0.26977167
0,0.26937562
0,0.27155414
0,0.3192707
0,0.28746068
0,0.27116218
0,0.30009666
0,0.28894803
0,0.2884784
0,0.2785758
0,0.29688054
0,0.28029513
0,0.26873958
0,0.27166113
0,0.2681474
0,0.27803808
0,0.35238406
0,0.30449378
0,0.33243436
0,0.3061602
0,0.28693783
0,0.2770732
0,0.281245
0,0.28441405
0,0.2892119
0,0.28444314
0,0.28717998
0,0.29507077
0,0.27813965
0,0.27218738
0,0.28654632
0,0.27814794
0,0.27033
0,0.26770654
0,0.27729496
0,0.29165405
0,0.27669415
0,0.2738457
0,0.27173638
0,0.2753897
0,0.28044486
0,0.272269
0,0.27869177
0,0.27999237
0,0.26563838
0,0.26584616
0,0.27621785
0,0.26823327
0,0.26588008
0,0.27429932
0,0.278352
0,0.28677478
0,0.26946357
0,0.2854933
0,0.28844956
0,0.28195295
0,0.28057095
0,0.27906257
0,0.2849384
0,0.28530905
0,0.26750326
0,0.27287686
0,0.2781394
0,0.26868403
0,0.27573168
0,0.2896929
0,0.28282705
0,0.27694768
0,0.27345714
0,0.28247657
0,0.28451338
0,0.28196666
0,0.2690792
0,0.26423144
0,0.2959216
0,0.28066817
0,0.268514
0,0.2784385
0,0.2770826
0,0.28789276
0,0.287493
0,0.28501692
0,0.27540618
0,0.27629632
0,0.26929426
0,0.28815237
0,0.28250286
0,0.27307832
0,0.28672877
0,0.31662622
0,0.30020273
0,0.287437
0,0.27473193
0,0.27347377
0,0.29846728
0,0.29196298
0,0.29299414
0,0.30123046
0,0.2955624
0,0.28201473
0,0.2711392
0,0.27703744
0,0.28885323
0,0.2843798
0,0.3252846
0,0.30488786
0,0.315278
0,0.2856624
0,0.2872951
0,0.27810737
0,0.2833926
0,0.2687656
0,0.28407994
0,0.2786999
0,0.28243628
0,0.26308137
0,0.26072735
0,0.27189928
0,0.27066743
0,0.26782548
0,0.27426246
0,0.2783414
0,0.27279642
0,0.2758995
0,0.26563075
0,0.27335703
0,0.26869485
0,0.27352846
0,0.26188368
0,0.2646697
0,0.26263374
0,0.25697634
0,0.2601466
0,0.24976781
0,0.24955475
0,0.26563781
0,0.27014983
0,0.2791572
0,0.2804932
0,0.2686746
0,0.28316382
0,0.28084582
0,0.28636283
0,0.29107717
0,0.33247143
0,0.29468343
0,0.2832911
0,0.290652
0,0.28428018
0,0.28115728
0,0.27296788
0,0.27969575
0,0.2965683
0,0.2883794
0,0.27010277
0,0.27884066
0,0.28049958
0,0.27677894
0,0.2737893
0,0.3718044
0,0.29787493
0,0.29930013
0,0.27978006
0,0.27797696
0,0.28756085
0,0.28814754
0,0.2825099
0,0.26788738
0,0.27337745
0,0.27806178
0,0.2697878
0,0.2920792
0,0.28552222
0,0.2837436
0,0.29280776
0,0.28719848
0,0.29309475
0,0.29536176
0,0.27366036
0,0.27871516
0,0.28560832
0,0.28381667
0,0.2837086
0,0.29356742
0,0.27905548
0,0.28095123
0,0.2791002
0,0.30159822
0,0.2992618
0,0.38880393
0,0.31219468
0,0.3003933
0,0.2921605
0,0.27455628
0,0.2847285
0,0.26854318
0,0.27746597
0,0.27896446
0,0.355782
0,0.32454896
0,0.30369633
0,0.27884427
0,0.28883496
0,0.27670103
0,0.27425686
0,0.2664545
0,0.26356348
0,0.2783862
0,0.28074443
0,0.2706937
0,0.26128468
0,0.2645359
0,0.2723431
0,0.2744638
0,0.28065565
0,0.2793587
0,0.28762054
0,0.27107814
0,0.2700122
0,0.26807716
0,0.28775257
0,0.2782767
0,0.2709438
0,0.2788449
0,0.2759551
0,0.2634601
0,0.25847092
0,0.28747615
0,0.2746985
0,0.27841273
0,0.2678422
0,0.27450353
0,0.2812531
0,0.27286425
0,0.26391238
0,0.2554543
0,0.2672278
0,0.2727656
0,0.27634817
0,0.291977
0,0.27440104
0,0.26957914
0,0.2809581
0,0.27912167
0,0.28813234
0,0.2779809
0,0.2792511
0,0.27137488
0,0.27264962
0,0.27115852
0,0.26270697
0,0.26938385
0,0.26087332
0,0.26185146
0,0.26091397
0,0.27734748
0,0.28918242
0,0.27207607
0,0.27832308
0,0.2895533
0,0.2731941
0,0.2779312
0,0.2772951
0,0.29275402
0,0.29766628
0,0.27591512
0,0.27911943
0,0.2780468
0,0.276999
0,0.27176845
0,0.27391455
0,0.2732509
0,0.2902247
0,0.27082202
0,0.27335575
0,0.2769563
0,0.28095713
0,0.2854903
0,0.30537385
0,0.2844273
0,0.27429557
0,0.26645976
0,0.27167815
0,0.38648313
0,0.37553307
0,0.32325426
0,0.2999052
0,0.28741443
0,0.28446454
0,0.2743055
0,0.2854837
0,0.29059562
0,0.2965986
0,0.29873782
0,0.31886324
0,0.30149335
0,0.28815904
0,0.27674866
0,0.27907622
0,0.27950916
0,0.2762554
0,0.2775465
0,0.27196977
0,0.26041928
0,0.26368466
0,0.25652257
0,0.26480228
0,0.26613033
0,0.26787233
0,0.269858
0,0.27076104
0,0.2703798
0,0.2705987
0,0.26324382
0,0.2666637
0,0.26702794
0,0.27418995
0,0.2745998
0,0.27662182
0,0.2800883
0,0.26114732
0,0.25533363
0,0.26035142
0,0.26120907
0,0.266376
0,0.26350775
0,0.28012836
0,0.2801938
0,0.26985848
0,0.27601296
0,0.27236924
0,0.26638666
0,0.26956582
0,0.26320124
0,0.27962124
0,0.2752183
0,0.27605852
0,0.26444015
0,0.2762848
0,0.27445716
0,0.26782435
0,0.2737542
0,0.2870584
0,0.27840775
0,0.28489682
0,0.28910735
0,0.28029624
0,0.3748463
0,0.32068354
0,0.30526385
0,0.29191622
0,0.29305926
0,0.27634847
0,0.2747364
0,0.2717738
0,0.2753236
0,0.28657255
0,0.28878567
0,0.2822777
0,0.2630995
0,0.29290932
0,0.27878025
0,0.28542817
0,0.287341
0,0.27903518
0,0.29973114
0,0.28211698
0,0.26694754
0,0.26626515
0,0.27819684
0,0.27687868
0,0.28295034
0,0.27424714
0,0.2754176
0,0.27436125
0,0.27557835
0,0.2685664
0,0.27280146
0,0.27314007
0,0.27643612
0,0.2733538
0,0.27145457
0,0.26072818
0,0.26123413
0,0.26497716
0,0.25765756
0,0.2614985
0,0.2649834
0,0.28823656
0,0.2733068
0,0.2818904
0,0.27225107
0,0.29194626
0,0.29115087
0,0.28700876
0,0.28720477
0,0.2852556
0,0.28399804
0,0.29445982
0,0.28156385
0,0.2716023
0,0.283031
0,0.2961345
0,0.29896694
0,0.28800926
0,0.28421077
0,0.2821338
0,0.27530426
0,0.27074632
0,0.273685
0,0.26725054
0,0.265408
0,0.27503476
0,0.27218008
0,0.27130932
0,0.26552212
0,0.26116735
0,0.28932837
0,0.2757392
0,0.27974376
0,0.3097066
0,0.2973929
0,0.27616856
0,0.26369908
0,0.2887322
0,0.28089157
0,0.26727203
0,0.26727566
0,0.28174272
0,0.27648607
0,0.27431816
0,0.26224136
0,0.2673216
0,0.26857015
0,0.28525743
0,0.28527355
0,0.31416267
0,0.29293564
0,0.27110258
0,0.2727623
0,0.26908705
0,0.27203387
0,0.27112117
0,0.27083275
0,0.27153686
0,0.2707224
0,0.2592729
0,0.26605067
0,0.28362468
0,0.29777834
0,0.28649342
0,0.2728413
0,0.27056423
0,0.28547737
0,0.26827002
0,0.27510944
0,0.28940004
0,0.29873246
0,0.29040194
0,0.2832564
0,0.28475666
0,0.29282066
0,0.2762291
0,0.26985368
0,0.27802768
0,0.27036923
0,0.28745097
0,0.29444823
0,0.30635875
0,0.29575473
0,0.276286
0,0.28551278
0,0.27075756
0,0.27572885
0,0.34277806
0,0.3019155
0,0.29074824
0,0.28396478
0,0.2687585
0,0.27826133
0,0.2924442
0,0.27266753
0,0.2735748
0,0.29562825
0,0.28419384
0,0.28534934
0,0.27112898
0,0.28446907
0,0.27071667
0,0.27471247
0,0.26393208
0,0.2716623
0,0.26642457
0,0.28069362
0,0.2660785
0,0.28681818
0,0.28131938
0,0.28460622
0,0.28708008
0,0.29082447
0,0.29488134
0,0.27993175
0,0.2804421
0,0.28483993
0,0.29201806
0,0.29245803
0,0.28973982
0,0.2933596
0,0.29301977
0,0.28861928
0,0.27830747
0,0.2826676
0,0.26441327
0,0.2680798
0,0.266651
0,0.276776
0,0.28938618
0,0.27914223
0,0.2676622
0,0.28063437
0,0.27579305
0,0.2875356
0,0.28487322
0,0.29640353
0,0.28396246
0,0.26917762
0,0.2719207
0,0.2810457
0,0.28588432
0,0.27743226
0,0.2832966
0,0.27893627
0,0.2848269
0,0.27531883
0,0.43940938
0,0.33878645
0,0.33816147
0,0.31077862
0,0.31015468
0,0.30124056
0,0.30067033
0,0.2865268
0,0.27602825
0,0.2703109
0,0.2892456
0,0.28329405
0,0.29869097
0,0.27970195
0,0.2947741
0,0.27272242
0,0.27377155
0,0.27384925
0,0.27688795
0,0.26835254
0,0.28054976
0,0.2801438
0,0.26411834
0,0.25892413
0,0.27489796
0,0.27597776
0,0.27803516
0,0.28031278
0,0.27450955
0,0.2781329
0,0.28418475
0,0.27071458
0,0.29477665
0,0.28259894
0,0.27570534
0,0.28274938
0,0.28322795
0,0.27985695
0,0.27021387
0,0.27842394
0,0.26781967
0,0.27909493
0,0.27334753
0,0.31473795
0,0.2979331
0,0.2917178
0,0.2963418
0,0.2768541
0,0.27677885
0,0.2796396
0,0.3426453
0,0.29783356
0,0.29219314
0,0.279859
0,0.28086662
0,0.27439559
0,0.40603808
0,0.3356502
0,0.30780962
0,0.3022763
0,0.30037734
0,0.30923522
0,0.28176895
0,0.27485844
0,0.29134223
0,0.27102202
0,0.2712152
0,0.27413023
0,0.31432748
0,0.2890737
0,0.26841927
0,0.2749761
0,0.27373526
0,0.28223956
0,0.2720972
0,0.2614607
0,0.26598418
0,0.26361412
0,0.26213473
0,0.2690706
0,0.263211
0,0.2615776
0,0.2695771
0,0.28435406
0,0.27881175
0,0.26730156
0,0.26294774
0,0.268134
0,0.26058033
0,0.2714515
0,0.2750576
0,0.27785546
0,0.27268147
0,0.2670808
0,0.27551186
0,0.2785322
0,0.2850321
0,0.28143078
0,0.2751145
0,0.27000862
0,0.27474177
0,0.29202968
0,0.27612966
0,0.27617565
0,0.2861402
0,0.27806386
0,0.29000816
0,0.268257
0,0.27292642
0,0.26545796
0,0.26914185
0,0.29599354
0,0.28951898
0,0.2953042
0,0.28244904
0,0.27046594
0,0.26366496
0,0.2830487
0,0.28684375
0,0.27903247
0,0.2846298
0,0.30303746
0,0.29033732
0,0.27694377
0,0.28064302
0,0.26999083
0,0.28090507
0,0.28587976
0,0.2811728
0,0.27922696
0,0.2775376
0,0.26022106
0,0.25872853
0,0.27716476
0,0.29506198
0,0.2845729
0,0.2837996
0,0.27949765
0,0.26983762
0,0.28073865
0,0.2823029
0,0.2855874
0,0.2799033
0,0.27745813
0,0.28062022
0,0.2769182
0,0.26926214
0,0.2816376
0,0.2828953
0,0.2699435
0,0.2776453
0,0.27676305
0,0.29807177
0,0.30457357
0,0.29550222
0,0.27738532
0,0.29587248
0,0.3013111
0,0.28860906
0,0.28080845
0,0.28792414
0,0.28886482
0,0.27489585
0,0.27471843
0,0.27382937
0,0.2764984
0,0.27846667
0,0.2769348
0,0.2779639
0,0.28411257
0,0.26737678
0,0.2641154
0,0.274409
0,0.27773586
0,0.27314195
0,0.27933562
0,0.27404124
0,0.28461337
0,0.2741528
0,0.27156252
0,0.2816511
0,0.2782081
0,0.28333646
0,0.27900735
0,0.2898664
0,0.28244904
0,0.27341506
0,0.26956013
0,0.28411287
0,0.2900459
0,0.2791642
0,0.2866173
0,0.27640107
0,0.27378696
0,0.2612985
0,0.26241022
0,0.28480476
0,0.27782857
0,0.2711751
0,0.2742191
0,0.271599
0,0.2677824
0,0.2825441
0,0.2832503
0,0.27760005
0,0.27039894
0,0.28122276
0,0.28641087
0,0.27135414
0,0.2675805
0,0.267815
0,0.2735744
0,0.27917615
0,0.27773604
0,0.3010824
0,0.28670052
0,0.29493293
0,0.27283144
0,0.2711355
0,0.2728232
0,0.27812067
0,0.27969667
0,0.2694618
0,0.27244294
0,0.27106345
0,0.25951192
0,0.28205678
0,0.2776899
0,0.2884663
0,0.29321682
0,0.2839476
0,0.28172952
0,0.28139114
0,0.2823327
0,0.27195093
0,0.27949333
0,0.28052104
0,0.27535716
0,0.2975666
0,0.28225443
0,0.29701653
0,0.27718714
0,0.34858826
0,0.31978133
0,0.30044502
0,0.28248382
0,0.27848017
0,0.27471417
0,0.27753857
0,0.26794854
0,0.25849107
0,0.2675604
0,0.2738859
0,0.2769057
0,0.2763045
0,0.26886114
0,0.28158423
0,0.26396665
0,0.25782955
0,0.27496526
0,0.27148634
0,0.27981955
0,0.2840104
0,0.27501962
0,0.28547713
0,0.27336723
0,0.2880331
0,0.27919716
0,0.2861967
0,0.27831176
0,0.27192533
0,0.27264965
0,0.26510265
0,0.26963425
0,0.27576953
0,0.27004218
0,0.27391312
0,0.26989296
0,0.26853237
0,0.27646667
0,0.2602783
0,0.26481235
0,0.29754424
0,0.27916867
0,0.28370422
0,0.27521685
0,0.27277213
0,0.27634913
0,0.27316305
0,0.27058992
0,0.26564592
0,0.2715389
0,0.28785256
0,0.27444988
0,0.2777323
0,0.2761983
0,0.2596473
0,0.26657456
0,0.27582002
0,0.28536075
0,0.28365627
0,0.28085786
0,0.26838744
0,0.27119496
0,0.27194518
0,0.26508927
0,0.26799232
0,0.2641509
0,0.26653844
0,0.27128404
0,0.26993477
0,0.27271035
0,0.27034298
0,0.26813096
0,0.30059826
0,0.2847891
0,0.2864264
0,0.30502784
0,0.3073235
0,0.29831618
0,0.29046974
0,0.27743763
0,0.29049668
0,0.289957
0,0.2857927
0,0.2851495
0,0.27764797
0,0.27014765
0,0.25887984
0,0.284985
0,0.2989945
0,0.29419687
0,0.29154447
0,0.2891521
0,0.28147966
0,0.27309486
0,0.2760649
0,0.27628285
0,0.29635218
0,0.2844068
0,0.28238958
0,0.3096191
0,0.309335
0,0.2841942
0,0.27128688
0,0.26585355
0,0.269387
0,0.27776408
0,0.29674348
0,0.27569315
0,0.30454877
0,0.2834093
0,0.27988458
0,0.28826296
0,0.2834948
0,0.28731543
0,0.2924892
0,0.28546447
0,0.28138226
0,0.2650171
0,0.27137363
0,0.28573158
0,0.2894361
0,0.29374275
0,0.28360397
0,0.2845448
0,0.30967975
0,0.28685826
0,0.28888628
0,0.28940913
0,0.27952504
0,0.2924369
0,0.28365007
0,0.28762382
0,0.29238352
0,0.27333015
0,0.28628495
0,0.27969402
0,0.2885495
0,0.28056717
0,0.2668978
0,0.2770882
0,0.2704446
0,0.26487446
0,0.27783588
0,0.27743962
0,0.27207482
0,0.27912366
0,0.28060222
0,0.296768
0,0.29150182
0,0.27702597
0,0.2720875
0,0.29083622
0,0.28292233
0,0.27947664
0,0.2756748
0,0.28023717
0,0.27282494
0,0.26380318
0,0.2688073
0,0.2782655
0,0.289901
0,0.28186694
0,0.29902372
0,0.29151636
0,0.27404863
0,0.27049425
0,0.2625653
0,0.27570373
0,0.2835901
0,0.27712476
0,0.28159955
0,0.28909793
0,0.27382323
0,0.2630189
0,0.25863028
0,0.26932558
0,0.27937776
0,0.2772735
0,0.27804124
0,0.27827364
0,0.27132487
0,0.28496224
0,0.2904382
0,0.2822801
0,0.27981144
0,0.2832323
0,0.27877986
0,0.28319192
0,0.27342805
0,0.26902685
0,0.31357738
0,0.2827138
0,0.27673632
0,0.29153177
0,0.2785719
0,0.28772187
0,0.2735111
0,0.26618809
0,0.2762086
0,0.2748928
0,0.281056
0,0.2702808
0,0.2896419
0,0.3040814
0,0.27644163
0,0.27980697
0,0.27949655
0,0.28921816
0,0.30454528
0,0.29200912
0,0.28359094
0,0.28053284
0,0.27056584
0,0.272326
0,0.28200364
0,0.28276026
0,0.329794
0,0.2986093
0,0.29716966
0,0.29514053
0,0.28151882
0,0.294178
0,0.28273138
0,0.26544085
0,0.27810514
0,0.27439186
0,0.29085484
0,0.27964863
0,0.28275883
0,0.27661282
0,0.28833312
0,0.2870016
0,0.28462797
0,0.28257248
0,0.29088357
0,0.30597228
0,0.27800798
0,0.28058296
0,0.27786678
0,0.27823636
0,0.26567483
0,0.28582326
0,0.2951485
0,0.2797655
0,0.2712578
0,0.27228385
0,0.27035588
0,0.2735861
0,0.28769344
0,0.2811382
0,0.27478126
0,0.2827978
0,0.26649573
0,0.26549086
0,0.27073088
0,0.26876235
0,0.27537134
0,0.2685489
0,0.27486488
0,0.26014072
0,0.27489433
0,0.2698285
0,0.27379584
0,0.2720042
0,0.28629684
0,0.29227287
0,0.2916671
0,0.27724022
0,0.2672314
0,0.26683062
0,0.2706585
0,0.2601637
0,0.26747096
0,0.2585579
0,0.2646862
0,0.2664172
0,0.27046943
0,0.27076364
0,0.27150685
0,0.26863778
0,0.26979807
0,0.25759506
0,0.2539053
0,0.26496723
0,0.26925072
0,0.275413
0,0.26882818
0,0.26561046
0,0.32428387
0,0.2857698
0,0.28313974
0,0.27500013
0,0.269714
0,0.27561834
0,0.2716245
0,0.26928565
0,0.26435223
0,0.26616704
0,0.27786395
0,0.27004993
0,0.2631925
0,0.2647827
0,0.25988153
0,0.3042229
0,0.27751508
0,0.26595923
0,0.26906478
0,0.26337516
0,0.30443227
0,0.27089265
0,0.2622916
0,0.26200968
0,0.25772527
0,0.28217083
0,0.2705235
0,0.26355946
0,0.26174814
0,0.27822012
0,0.28002343
0,0.2587577
0,0.26379633
0,0.26114604
0,0.25066847
0,0.29632473
0,0.26593867
0,0.2721054
0,0.2583378
0,0.27002773
0,0.2841947
0,0.26800853
0,0.27156496
0,0.27963677
0,0.2781934
0,0.3090741
0,0.28751874
0,0.29022363
0,0.27941567
0,0.2755945
0,0.30352908
0,0.27484596
0,0.27377078
0,0.26394403
0,0.27025357
0,0.31486323
0,0.27673563
0,0.27690703
0,0.2640079
0,0.27911904
0,0.26139584
0,0.26636815
0,0.26519826
0,0.27039957
0,0.2665134
0,0.28570327
0,0.27846155
0,0.2712997
0,0.25855792
0,0.25985676
0,0.26126125
0,0.2675189
0,0.2627723
0,0.26045385
0,0.264926
0,0.2607953
0,0.25771606
0,0.2626737
0,0.2590744
0,0.2756032
0,0.27300042
0,0.2678455
0,0.27187398
0,0.26273486
0,0.26843965
0,0.26495525
0,0.25687817
0,0.2595373
0,0.25335857
0,0.28103858
0,0.26560387
0,0.260953
0,0.25862795
0,0.26487195
0,0.29280472
0,0.2710153
0,0.2680244
0,0.25607008
0,0.2700271
0,0.28211072
0,0.2701872
0,0.25740024
0,0.2611904
0,0.26047418
0,0.29560915
0,0.26994875
0,0.26140752
0,0.26195621
0,0.25420955
0,0.28596997
0,0.26897913
0,0.27429226
0,0.27274227
0,0.27834663
0,0.29947016
0,0.28706133
0,0.27176833
0,0.26535425
0,0.34741408
0,0.36527303
0,0.31291947
0,0.30462617
0,0.29166082
0,0.28396213
0,0.29020458
0,0.28194657
0,0.2814893
0,0.27555665
0,0.27630794
0,0.3129894
0,0.281515
0,0.2768679
0,0.2829107
0,0.27454266
0,0.27191177
0,0.26743716
0,0.26543987
0,0.26847613
0,0.26277235
0,0.2660781
0,0.26590738
0,0.26607198
0,0.2658059
0,0.2655092
0,0.264233
0,0.26421157
0,0.25942343
0,0.26402938
0,0.29912245
0,0.27102837
0,0.27126482
0,0.2645343
0,0.2656515
0,0.30068532
0,0.28551275
0,0.26771197
0,0.28055814
0,0.27430743
0,0.30727166
0,0.28180063
0,0.27131185
0,0.27009508
0,0.26792395
0,0.28037897
0,0.27822706
0,0.28194445
0,0.2666074
0,0.26608643
0,0.28640804
0,0.26518005
0,0.2601031
0,0.2587601
0,0.25329956
0,0.29535395
0,0.2663523
0,0.2655325
0,0.26053962
0,0.26729873
0,0.2967113
0,0.28404585
0,0.27051836
0,0.27749306
0,0.26101488
0,0.26121733
0,0.25749686
0,0.2716521
0,0.26186112
0,0.2744549
0,0.26063856
0,0.26712123
0,0.26906106
0,0.25947666
0,0.28897497
0,0.27454942
0,0.27202788
0,0.27054882
0,0.27359393
0,0.2878982
0,0.27390346
0,0.27515918
0,0.27548933
0,0.2670961
0,0.2916472
0,0.27443588
0,0.27034184
0,0.26921946
0,0.26519036
0,0.28217664
0,0.2784636
0,0.26936743
0,0.26448023
0,0.25981498
0,0.2964387
0,0.28163615
0,0.26976636
0,0.26892596
0,0.2687087
0,0.27841866
0,0.27099583
0,0.2653583
0,0.25982693
0,0.26330063
0,0.30137825
0,0.2916456
0,0.2746253
0,0.26764226
0,0.27350998
0,0.30514947
0,0.27632788
0,0.26641372
0,0.28668484
0,0.27096406
0,0.27940446
0,0.26830935
0,0.26821184
0,0.26643443
0,0.26425314
0,0.2784611
0,0.26910213
0,0.26669535
0,0.26053154
0,0.25704
0,0.2577723
0,0.2535416
0,0.25013584
0,0.24868108
0,0.25862214
0,0.253236
0,0.25339743
0,0.2592671
0,0.26614177
0,0.27047798
0,0.27272353
0,0.27234536
0,0.2631465
0,0.2597321
0,0.26748872
0,0.27006915
0,0.25900105
0,0.25534803
0,0.2521359
0,0.2607165
0,0.2517993
0,0.2671331
0,0.26430327
0,0.26370794
0,0.27147508
0,0.26663902
0,0.26244926
0,0.26302916
0,0.2633663
0,0.26158425
0,0.26214463
0,0.30479124
0,0.2774056
0,0.27179852
0,0.27085355
0,0.2656198
0,0.2649313
0,0.26255974
0,0.26105788
0,0.2585442
0,0.25835776
0,0.25853628
0,0.25616363
0,0.26037642
0,0.26774058
0,0.2586484
0,0.2556253
0,0.25939995
0,0.25592858
0,0.25295755
0,0.25288776
0,0.29747695
0,0.27317676
0,0.26849157
0,0.26744255
0,0.26049736
0,0.29122704
0,0.2704997
0,0.2654271
0,0.2666942
0,0.25596303
0,0.29272994
0,0.27447513
0,0.2660155
0,0.2669156
0,0.26439393
0,0.3042369
0,0.27503106
0,0.27972597
0,0.27002484
0,0.26020253
0,0.30029732
0,0.26958233
0,0.26483616
0,0.27001202
0,0.27005136
0,0.31278092
0,0.2782114
0,0.27900562
0,0.2754369
0,0.26809883
0,0.2956884
0,0.27815387
0,0.27672967
0,0.2725611
0,0.26978004
0,0.28417358
0,0.29412857
0,0.30573827
0,0.30666226
0,0.30699733
0,0.37711188
0,0.3131225
0,0.3071277
0,0.29653585
0,0.29075307
0,0.3266134
0,0.30992612
0,0.28594485
0,0.27522293
0,0.27097788
0,0.31270906
0,0.29212382
0,0.27551705
0,0.27962235
0,0.2787729
0,0.32085043
0,0.30251873
0,0.30051067
0,0.27829817
0,0.2663434
0,0.28534248
0,0.27868012
0,0.2904441
0,0.27897272
0,0.2775492
0,0.2813824
0,0.27325508
0,0.26870805
0,0.26140505
0,0.2750847
0,0.30348212
0,0.27210262
0,0.2738227
0,0.2918286
0,0.28627035
0,0.29403275
0,0.274767
0,0.2738644
0,0.26616555
0,0.26224473
0,0.27988595
0,0.26392445
0,0.2602903
0,0.3062287
0,0.27794406
0,0.3044732
0,0.28017285
0,0.26804176
0,0.2674421
0,0.2586856
0,0.28227887
0,0.2686571
0,0.25919613
0,0.25895947
0,0.26762277
0,0.28030166
0,0.27862296
0,0.2737767
0,0.26589936
0,0.26818842
0,0.3054581
0,0.29121894
0,0.27358824
0,0.283261
0,0.27813625
0,0.31115332
0,0.2881368
0,0.2837277
0,0.2838886
0,0.26904026
0,0.29381067
0,0.2690516
0,0.26402926
0,0.2720833
0,0.27826107
0,0.28461492
0,0.2836035
0,0.2815258
0,0.38732582
0,0.32011124
0,0.3248238
0,0.2930011
0,0.29040083
0,0.27839738
0,0.2687697
0,0.27169797
0,0.27062887
0,0.27165422
0,0.26286244
0,0.26131737
0,0.26561365
0,0.25995788
0,0.26305878
0,0.25751674
0,0.2615409
0,0.25977442
0,0.256123
0,0.26416385
0,0.26106992
0,0.2650125
0,0.2739135
0,0.26603824
0,0.25727257
0,0.2577095
0,0.25739405
0,0.26911795
0,0.2785839
0,0.26959154
0,0.26721263
0,0.2662357
0,0.29731753
0,0.27628323
0,0.2671456
0,0.26104298
0,0.26110846
0,0.25478095
0,0.25688124
0,0.25771627
0,0.25156412
0,0.26248983
0,0.25910786
0,0.25269383
0,0.2645036
0,0.25721252
0,0.26638106
0,0.2670457
0,0.2601346
0,0.25335112
0,0.25559092
0,0.25442678
0,0.2632923
0,0.29831937
0,0.27729553
0,0.27396926
0,0.2747837
0,0.27186504
0,0.30452922
0,0.2852582
0,0.28046015
0,0.2739081
0,0.27104685
0,0.2864188
0,0.26033106
0,0.25726628
0,0.26331812
0,0.2640665
0,0.30059808
0,0.28051013
0,0.27331853
0,0.2708965
0,0.26859397
0,0.3039602
0,0.28139308
0,0.26359367
0,0.26436755
0,0.28421214
0,0.28475076
0,0.27170968
0,0.26692587
0,0.26827827
0,0.26503152
0,0.37113377
0,0.31026584
0,0.2929514
0,0.278322
0,0.2735464
0,0.3093299
0,0.28262195
0,0.27557987
0,0.27017042
0,0.2622012
0,0.2790836
0,0.26859355
0,0.25891954
0,0.26264247
0,0.44031027
0,0.371841
0,0.31858099
0,0.5191784
0,0.38677996
0,0.33083898
0,0.32688576
0,0.29702199
0,0.29071257
0,0.27409515
0,0.26364216
0,0.27789322
0,0.26525205
0,0.2570923
0,0.26607367
0,0.26463175
0,0.26808774
0,0.26338315
0,0.26078185
0,0.26042157
0,0.2552939
0,0.25189772
0,0.24971831
0,0.2530264
0,0.24642761
0,0.25369897
0,0.25621402
0,0.25649765
0,0.2554259
0,0.26310584
0,0.2607472
0,0.26383787
0,0.2642845
0,0.2674986
0,0.27492988
0,0.266789
0,0.28418696
0,0.27322164
0,0.26773497
0,0.26233742
0,0.25883326
0,0.25881505
0,0.26883683
0,0.26342255
0,0.26527584
0,0.2622624
0,0.25965685
0,0.26257122
0,0.2619283
0,0.2594141
0,0.25725782
0,0.25555044
0,0.25478283
0,0.2588178
0,0.25423396
0,0.2588115
0,0.26370272
0,0.26293567
0,0.2574306
0,0.2563939
0,0.26378086
0,0.25845528
0,0.29366177
0,0.27140817
0,0.2670372
0,0.26841
0,0.2670838
0,0.29409564
0,0.2778567
0,0.26931134
0,0.27759472
0,0.26998565
0,0.31301174
0,0.28311402
0,0.2902209
0,0.27736488
0,0.27048802
0,0.31860432
0,0.29083505
0,0.27777472
0,0.26555926
0,0.2701709
0,0.27572498
0,0.26670483
0,0.26380697
0,0.2734939
0,0.25986663
0,0.2737546
0,0.26936984
0,0.25637552
0,0.2562874
0,0.26493073
0,0.27227288
0,0.29207507
0,0.29305464
0,0.2864519
0,0.28706962
0,0.28030065
0,0.29894686
0,0.27375445
0,0.28436384
0,0.26529932
0,0.26624736
0,0.26664802
0,0.266485
0,0.2666925
0,0.26615906
0,0.2623556
0,0.26260954
0,0.26002955
0,0.2610482
0,0.2646347
0,0.25897205
0,0.2570082
0,0.26264408
0,0.26461193
0,0.2652965
0,0.29798108
0,0.27811995
0,0.27430943
0,0.27065265
0,0.2672158
0,0.3165144
0,0.27701378
0,0.2662176
0,0.26647037
0,0.26483375
0,0.29873803
0,0.27870354
0,0.27552152
0,0.26819885
0,0.26238838
0,0.3218582
0,0.28133252
0,0.27417752
0,0.2740523
0,0.2960911
0,0.27945283
0,0.2830135
0,0.2717059
0,0.2718113
0,0.26167485
0,0.26089787
0,0.27642912
0,0.2660824
0,0.2613578
0,0.2602843
0,0.26094368
0,0.2602463
0,0.27291587
0,0.2602701
0,0.26295975
0,0.26237288
0,0.3565592
0,0.31184193
0,0.29272026
0,0.29595757
0,0.28161073
0,0.27403998
0,0.28001836
0,0.28966025
0,0.29963675
0,0.27610692
0,0.26420325
0,0.2669714
0,0.26456705
0,0.29825097
0,0.26990902
0,0.2798697
0,0.26979002
0,0.26151893
0,0.29555896
0,0.2733372
0,0.26839978
0,0.26418498
0,0.2702842
0,0.27396822
0,0.2751519
0,0.2725671
0,0.2650904
0,0.27182463
0,0.26211163
0,0.265444
0,0.25861415
0,0.25404721
0,0.3072694
0,0.3077434
0,0.2982714
0,0.28221205
0,0.28415957
0,0.3174705
0,0.2858739
0,0.28098047
0,0.2737198
0,0.2778783
0,0.27776274
0,0.26845336
0,0.27195027
0,0.27131355
0,0.2721511
0,0.2664275
0,0.26535976
0,0.27037728
0,0.28206196
0,0.27655223
0,0.26747718
0,0.26382235
0,0.2719536
0,0.26261044
0,0.26191065
0,0.26278543
0,0.26148102
0,0.26889193
0,0.27095774
0,0.26170635
0,0.25741404
0,0.2541648
0,0.2552445
0,0.25606024
0,0.2567911
0,0.25740644
0,0.26010078
0,0.2599532
0,0.26217237
0,0.28352925
0,0.28078976
0,0.2734065
0,0.26499075
0,0.26616243
0,0.3074126
0,0.27916804
0,0.269317
0,0.26327002
0,0.25971064
0,0.29964316
0,0.287333
0,0.28248268
0,0.27036425
0,0.27565506
0,0.26721215
0,0.25821108
0,0.26061258
0,0.2548138
0,0.25125256
0,0.2550502
0,0.25352788
0,0.24955569
0,0.25309283
0,0.26926416
0,0.26924145
0,0.2618794
0,0.2572499
0,0.2761953
0,0.3028726
0,0.31581405
0,0.2806421
0,0.2700172
0,0.27590993
0,0.30228797
0,0.28159598
0,0.27772468
0,0.2764254
0,0.27385908
0,0.31651977
0,0.28427228
0,0.2787633
0,0.271963
0,0.2696307
0,0.291311
0,0.28052738
0,0.27073663
0,0.26685706
0,0.27379945
0,0.29119977
0,0.27374154
0,0.2679329
0,0.26260445
0,0.26263785
0,0.28356716
0,0.26899564
0,0.2649669
0,0.2616315
0,0.27223405
0,0.30984914
0,0.2765164
0,0.26876777
0,0.26874518
0,0.26138273
0,0.25473732
0,0.257908
0,0.25406167
0,0.25083476
0,0.24703161
0,0.25258008
0,0.26537028
0,0.2545544
0,0.2512733
0,0.24950065
0,0.25801688
0,0.2546373
0,0.25375867
0,0.2520763
0,0.26254353
0,0.25996238
0,0.270346
0,0.2575338
0,0.2552346
0,0.2940915
0,0.26949444
0,0.26506418
0,0.26257804
0,0.27073416
0,0.30864334
0,0.30822113
0,0.29646266
0,0.28858954
0,0.29162577
0,0.3030281
0,0.289963
0,0.2722986
0,0.2710312
0,0.27375793
0,0.3069282
0,0.2841782
0,0.27839017
0,0.27586135
0,0.2727534
0,0.267492
0,0.27004686
0,0.27285972
0,0.26900923
0,0.26833802
0,0.26535857
0,0.2695385
0,0.27033004
0,0.26604846
0,0.26873177
0,0.2658374
0,0.26863542
0,0.26431563
0,0.26338324
0,0.2689578
0,0.26654738
0,0.26279825
0,0.2658156
0,0.26546937
0,0.30347773
0,0.27935654
0,0.2873833
0,0.27312097
0,0.27619132
0,0.31049404
0,0.27727443
0,0.27319902
0,0.26575807
0,0.26435614
0,0.27781603
0,0.2622924
0,0.26451316
0,0.2598692
0,0.27273628
0,0.29429853
0,0.27717257
0,0.2737709
0,0.28457156
0,0.2730474
0,0.27073154
0,0.2674572
0,0.26536313
0,0.26500735
0,0.25808588
0,0.25889006
0,0.26120666
0,0.25946385
0,0.25405005
0,0.2669271
0,0.26834682
0,0.26107353
0,0.25619662
0,0.26353788
0,0.2668113
0,0.27555358
0,0.27271217
0,0.26852444
0,0.26874387
0,0.2950892
0,0.27009943
0,0.2790646
0,0.27476257
0,0.2710019
0,0.30748168
0,0.28563842
0,0.28018862
0,0.27638468
0,0.27427527
0,0.26852494
0,0.2674423
0,0.2697838
0,0.2674738
0,0.2504147
0,0.2562499
0,0.25955474
0,0.2562584
0,0.26457885
0,0.26127276
0,0.2656939
0,0.31390426
0,0.27911526
0,0.28226775
0,0.2938799
0,0.28187707
0,0.27113277
0,0.26628014
0,0.2683282
0,0.28988054
0,0.2728602
0,0.26553413
0,0.2688935
0,0.26622695
0,0.2937629
0,0.27392942
0,0.27139154
0,0.26778853
0,0.26616204
0,0.2787277
0,0.2624075
0,0.26503912
0,0.25692758
0,0.26120895
0,0.28829417
0,0.26951456
0,0.2639408
0,0.26122257
0,0.2588509
0,0.25841781
0,0.26212123
0,0.29177845
0,0.2688808
0,0.31116882
0,0.3014978
0,0.29310036
0,0.289335
0,0.27120742
0,0.28095764
0,0.290505
0,0.2727846
0,0.2630041
0,0.26316792
0,0.27870426
0,0.26472157
0,0.26336116
0,0.27222028
0,0.2747495
0,0.31077135
0,0.28528714
0,0.2857061
0,0.27797383
0,0.2744185
0,0.30126688
0,0.28346506
0,0.26982176
0,0.2642053
0,0.26885772
0,0.2699024
0,0.26958892
0,0.2659046
0,0.25871098
0,0.26690257
0,0.2567824
0,0.2554302
0,0.2613163
0,0.2643789
0,0.2833913
0,0.27776837
0,0.27844343
0,0.27080008
0,0.2701578
0,0.33150008
0,0.2939642
0,0.30472183
0,0.31006378
0,0.28478885
0,0.27909505
0,0.27185586
0,0.27401182
0,0.26567742
0,0.2749106
0,0.26553378
0,0.2618994
0,0.2665804
0,0.2613183
0,0.29235235
0,0.27022338
0,0.2646956
0,0.25916362
0,0.25550973
0,0.2600546
0,0.260588
0,0.2603387
0,0.25922596
0,0.25428647
0,0.25593472
0,0.2560002
0,0.25589713
0,0.25311115
0,0.28285703
0,0.26479143
0,0.30348364
0,0.2797356
0,0.27628022
0,0.3058492
0,0.28231606
0,0.27727744
0,0.26895928
0,0.2555439
0,0.26819488
0,0.26595458
0,0.25652477
0,0.25430158
0,0.29010645
0,0.2786842
0,0.2753407
0,0.26543787
0,0.26047882
0,0.2768477
0,0.27129707
0,0.26155207
0,0.25840694
0,0.26590404
0,0.26686049
0,0.26876163
0,0.26810908
0,0.26988515
0,0.26763305
0,0.2681719
0,0.27219254
0,0.26762572
0,0.26658294
0,0.26271966
0,0.26368624
0,0.2702198
0,0.2645073
0,0.26148492
0,0.28446165
0,0.28010395
0,0.2696829
0,0.27312565
0,0.27018577
0,0.26352286
0,0.2903738
0,0.27863342
0,0.27185556
0,0.2638364
0,0.26058024
0,0.30931124
0,0.28264415
0,0.27404222
0,0.26786608
0,0.26180577
0,0.29829094
0,0.26952884
0,0.26685026
0,0.26955128
0,0.25848815
0,0.32070997
0,0.28845772
0,0.27587268
0,0.2700454
0,0.26989836
0,0.26857185
0,0.26711154
0,0.26542032
0,0.25930867
0,0.25766402
0,0.26359683
0,0.25655603
0,0.26959792
0,0.26319206
0,0.26110327
0,0.2548331
0,0.2784291
0,0.26459652
0,0.26158547
0,0.27106687
0,0.32534322
0,0.2986903
0,0.28124884
0,0.28283677
0,0.2801064
0,0.2791996
0,0.26839268
0,0.27470797
0,0.27049893
0,0.27349263
0,0.32676092
0,0.31513777
0,0.3108911
0,0.29314563
0,0.27447975
0,0.30535078
0,0.28426552
0,0.27680078
0,0.27041775
0,0.26962075
0,0.30195203
0,0.27845764
0,0.27181187
0,0.26540264
0,0.2634593
0,0.26256523
0,0.26090497
0,0.25711524
0,0.2574334
0,0.27375716
0,0.28293577
0,0.274399
0,0.26979524
0,0.27224594
0,0.27139172
0,0.2641411
0,0.26368752
0,0.26261067
0,0.27498037
0,0.3082705
0,0.28324914
0,0.26414552
0,0.25936458
0,0.272941
0,0.30697888
0,0.2769737
0,0.2752257
0,0.26695874
0,0.2622755
0,0.29711896
0,0.2839514
0,0.26790947
0,0.28342333
0,0.26619643
0,0.3076626
0,0.27459088
0,0.2670738
0,0.26124725
0,0.2615823
0,0.28298187
0,0.2853075
0,0.27820346
0,0.27694282
0,0.27635196
0,0.2991531
0,0.27408442
0,0.27553868
0,0.26608232
0,0.27218086
0,0.30299696
0,0.29079142
0,0.28853962
0,0.2823069
0,0.27790022
0,0.3251238
0,0.2935791
0,0.2894019
0,0.27192873
0,0.27407828
0,0.32730046
0,0.29371354
0,0.285318
0,0.2795309
0,0.27608308
0,0.27978852
0,0.27156812
0,0.26911837
0,0.26874834
0,0.2663679
0,0.2857239
0,0.2740876
0,0.2679911
0,0.26394674
0,0.261631
0,0.29579854
0,0.27268246
0,0.26532114
0,0.26773813
0,0.27277553
0,0.30575287
0,0.281956
0,0.27004313
0,0.27038956
0,0.2676333
0,0.26655704
0,0.25866055
0,0.25725436
0,0.25477538
0,0.25614554
0,0.25765866
0,0.26265046
0,0.26368707
0,0.26064256
0,0.2981147
0,0.27260613
0,0.27005795
0,0.2641925
0,0.2664844
0,0.28296807
0,0.26812452
0,0.27678475
0,0.2647716
0,0.26100335
0,0.30613136
0,0.27929735
0,0.26849157
0,0.26737955
0,0.2726837
0,0.28486022
0,0.2650566
0,0.25948346
0,0.27083597
0,0.25951964
0,0.2888267
0,0.26437324
0,0.27068278
0,0.30518672
0,0.27491638
0,0.31031471
0,0.2793265
0,0.27067122
0,0.27215147
0,0.26633522
0,0.26048538
0,0.26487887
0,0.27236998
0,0.26796415
0,0.2582923
0,0.2632133
0,0.2661504
0,0.26109284
0,0.26540232
0,0.25694773
0,0.26206183
0,0.2636778
0,0.26462856
0,0.26475716
0,0.26499254
0,0.2700718
0,0.2665811
0,0.26424772
0,0.26107666
0,0.26760635
0,0.260264
0,0.26793468
0,0.26257196
0,0.26132903
0,0.2884935
0,0.26827815
0,0.28724965
0,0.28223675
0,0.27504158
0,0.29989547
0,0.28507742
0,0.27675548
0,0.27280882
0,0.2650381
0,0.30312124
0,0.27457812
0,0.27767932
0,0.2846088
0,0.2771414
0,0.32218215
0,0.2862046
0,0.2777302
0,0.2756007
0,0.26792163
0,0.30517423
0,0.28149307
0,0.28509882
0,0.29009762
0,0.27277648
0,0.30693892
0,0.29034564
0,0.27928418
0,0.2721671
0,0.26421025
0,0.31202462
0,0.2811204
0,0.26970086
0,0.26162896
0,0.2614806
0,0.25544
0,0.374698
0,0.3022357
0,0.2856409
0,0.28653234
0,0.27269092
0,0.26747763
0,0.27360046
0,0.2818753
0,0.26110196
0,0.26917017
0,0.26059383
0,0.26370564
0,0.25578585
0,0.26321766
0,0.26553077
0,0.2556201
0,0.26270217
0,0.26837996
0,0.25611982
0,0.25677258
0,0.26150233
0,0.26112622
0,0.26182473
0,0.26159286
0,0.26045355
0,0.26006293
0,0.25835198
0,0.25846013
0,0.2814821
0,0.2664612
0,0.26408544
0,0.26567954
0,0.2605151
0,0.30195552
0,0.27778062
0,0.27505514
0,0.27065828
0,0.26445124
0,0.29322705
0,0.27006754
0,0.2702851
0,0.26709545
0,0.26430133
0,0.30766732
0,0.27345282
0,0.26951587
0,0.2683263
0,0.27676517
0,0.30548167
0,0.27724797
0,0.27037525
0,0.2647794
0,0.26592395
0,0.27374113
0,0.26854572
0,0.2610534
0,0.2589339
0,0.25588652
0,0.24910603
0,0.25457212
0,0.25224406
0,0.25650093
0,0.26523906
0,0.26596522
0,0.26329267
0,0.2612026
0,0.26665404
0,0.24951458
0,0.26294369
0,0.25656605
0,0.2559422
0,0.2612491
0,0.26554313
0,0.26723877
0,0.26625824
0,0.25756362
0,0.25469336
0,0.261283
0,0.2641106
0,0.26962122
0,0.2672666
0,0.28001872
0,0.26990047
0,0.27421087
0,0.27594823
0,0.27775776
0,0.27035528
0,0.26693466
0,0.26666617
0,0.2645642
0,0.28544965
0,0.27317736
0,0.2670053
0,0.26993322
0,0.2698018
0,0.26394835
0,0.25931692
0,0.26991975
0,0.27220798
0,0.2687759
0,0.26741302
0,0.26896986
0,0.26739138
0,0.26729807
0,0.32151595
0,0.28420714
0,0.27849483
0,0.26714104
0,0.26636857
0,0.26052648
0,0.2609782
0,0.2582983
0,0.2621482
0,0.2642586
0,0.2629762
0,0.2635896
0,0.25807163
0,0.27472937
0,0.26180792
0,0.27656707
0,0.26670966
0,0.261635
0,0.27077052
0,0.2731608
0,0.26571393
0,0.26166987
0,0.26159683
0,0.26089945
0,0.2537018
0,0.25068685
0,0.24626756
0,0.24520087
0,0.263677
0,0.254686
0,0.2886389
0,0.27029568
0,0.2889794
0,0.286063
0,0.271415
0,0.30349556
0,0.2812735
0,0.26957738
0,0.26759237
0,0.26710725
0,0.2802972
0,0.28557232
0,0.29261038
0,0.2941036
0,0.27172658
0,0.28069377
0,0.27708352
0,0.2792099
0,0.27741632
0,0.27420595
0,0.27597785
0,0.2765994
0,0.28267667
0,0.29892987
0,0.32250303
0,0.32114336
0,0.32234523
0,0.3786839
0,0.34272802
0,0.29741964
0,0.31278023
0,0.28069532
0,0.28443554
0,0.28436053
0,0.27587834
0,0.2828096
0,0.29287225
0,0.2813035
0,0.27300933
0,0.26908922
0,0.2659695
0,0.26207063
0,0.26149836
0,0.25933897
0,0.26416084
0,0.2584085
0,0.26152822
0,0.26644775
0,0.2629967
0,0.26762477
0,0.26384374
0,0.25883427
0,0.2668884
0,0.2640127
0,0.25804368
0,0.2654033
0,0.2773107
0,0.27015904
0,0.26307964
0,0.2603504
0,0.25867778
0,0.28267986
0,0.26634955
0,0.2666672
0,0.2737058
0,0.2788472
0,0.292662
0,0.2762389
0,0.27784988
0,0.26454943
0,0.26271594
0,0.29707217
0,0.27397755
0,0.26727894
0,0.2743819
0,0.2597792
0,0.26043802
0,0.25795496
0,0.25658065
0,0.26449648
0,0.26710796
0,0.29050857
0,0.28005496
0,0.2761389
0,0.2645074
0,0.27980632
0,0.28516278
0,0.26652718
0,0.2594779
0,0.26427677
0,0.2638256
0,0.27526116
0,0.26990992
0,0.25846043
0,0.2635263
0,0.26364878
0,0.27657065
0,0.26784474
0,0.26619795
0,0.26894575
0,0.26533833
0,0.28058383
0,0.26856482
0,0.27043325
0,0.26509336
0,0.2657413
0,0.28684434
0,0.26748618
0,0.27334604
0,0.28410152
0,0.27305627
0,0.30050516
0,0.27284002
0,0.26833895
0,0.26041058
0,0.2619341
0,0.30188343
0,0.2752812
0,0.2628104
0,0.2631214
0,0.2557958
0,0.26272544
0,0.25409755
0,0.25587243
0,0.26112282
0,0.25968063
0,0.26190194
0,0.25704283
0,0.25979373
0,0.27074134
0,0.27592596
0,0.26287833
0,0.3055534
0,0.28094137
0,0.26715782
0,0.2667603
0,0.25978318
0,0.27130252
0,0.26304635
0,0.26102054
0,0.25882748
0,0.2582687
0,0.25265667
0,0.26508573
0,0.2693217
0,0.26396546
0,0.25619623
0,0.25679168
0,0.26550412
0,0.26824582
0,0.27158552
0,0.26203045
0,0.26816282
0,0.26273102
0,0.26893693
0,0.29273224
0,0.31469858
0,0.33205917
0,0.30373672
0,0.31591845
0,0.29333463
0,0.27601892
0,0.30205864
0,0.28514737
0,0.28017983
0,0.277932
0,0.27711976
0,0.31004587
0,0.27826354
0,0.27715927
0,0.2734354
0,0.27137554
0,0.29577142
0,0.29931214
0,0.2810201
0,0.27559045
0,0.27671143
0,0.31071684
0,0.2875543
0,0.28530806
0,0.27412817
0,0.26936808
0,0.26626772
0,0.2706694
0,0.27056453
0,0.26468322
0,0.26236632
0,0.25965557
0,0.25761873
0,0.25976425
0,0.25700644
0,0.25993183
0,0.25893244
0,0.26035434
0,0.26475108
0,0.26140818
0,0.26080647
0,0.2604178
0,0.26091617
0,0.2532726
0,0.26043978
0,0.25066945
0,0.257798
0,0.24997114
0,0.24784724
0,0.26225215
0,0.24985646
0,0.25199094
0,0.2560579
0,0.2554531
0,0.25544804
0,0.25623238
0,0.26599342
0,0.26150694
0,0.2599195
0,0.257948
0,0.25733474
0,0.29460806
0,0.29157484
0,0.282913
0,0.28277457
0,0.2696431
0,0.31999856
0,0.30358115
0,0.27983794
0,0.28141332
0,0.26850742
0,0.26153004
0,0.26668233
0,0.26945674
0,0.25848168
0,0.26348472
0,0.26087597
0,0.2636229
0,0.2728415
0,0.25785452
0,0.2531002
0,0.25906026
0,0.28092584
0,0.2693925
0,0.26684898
0,0.26468834
0,0.26195702
0,0.26732513
0,0.26284975
0,0.2760154
0,0.290275
0,0.3493867
0,0.3038222
0,0.28569627
0,0.28658056
0,0.28014806
0,0.2738338
0,0.28649265
0,0.27994946
0,0.3591304
0,0.29913464
0,0.28677958
0,0.27868995
0,0.26757643
0,0.26195517
0,0.2634516
0,0.29617542
0,0.27369782
0,0.2687239
0,0.26460338
0,0.2577932
0,0.26414174
0,0.26632133
0,0.26204583
0,0.26472962
0,0.2649166
0,0.25904548
0,0.26227328
0,0.2614545
0,0.2746301
0,0.2655446
0,0.25324184
0,0.25851664
0,0.25443304
0,0.24987456
0,0.2481659
0,0.25264886
0,0.31436577
0,0.27713767
0,0.26796013
0,0.27378094
0,0.27438596
0,0.3140961
0,0.2900226
0,0.28273487
0,0.27999327
0,0.27539855
0,0.27582735
0,0.26518187
0,0.269339
0,0.26765373
0,0.252864
0,0.3027121
0,0.27783918
0,0.2637884
0,0.2576722
0,0.2643453
0,0.31079426
0,0.29192173
0,0.27969694
0,0.27718276
0,0.29885468
0,0.2889134
0,0.28563157
0,0.2950016
0,0.27860686
0,0.277959
0,0.27280366
0,0.2572318
0,0.26109484
0,0.2626991
0,0.25999737
0,0.25862128
0,0.2575205
0,0.26106536
0,0.26258793
0,0.263713
0,0.30368137
0,0.28000015
0,0.27009138
0,0.270091
0,0.26274446
0,0.28729492
0,0.27266467
0,0.26805827
0,0.2610854
0,0.2564751
0,0.26219466
0,0.25834978
0,0.25764868
0,0.25809366
0,0.2569169
0,0.26108426
0,0.27162743
0,0.2759354
0,0.2696769
0,0.2786003
0,0.28375348
0,0.2692208
0,0.26996067
0,0.27579287
0,0.26918113
0,0.26042607
0,0.256892
0,0.25942993
0,0.276412
0,0.26600498
0,0.28016707
0,0.27628094
0,0.2811268
0,0.2813164
0,0.26803303
0,0.28279597
0,0.27837366
0,0.26593938
0,0.2719411
0,0.2724517
0,0.32207292
0,0.2808428
0,0.2775019
0,0.26678538
0,0.27041832
0,0.2884208
0,0.522598
0,0.38059637
0,0.33699277
0,0.32208595
0,0.34474337
0,0.33569804
0,0.3137709
0,0.28363428
0,0.28596658
0,0.3061895
0,0.28779808
0,0.27819672
0,0.27312925
0,0.26782656
0,0.28940502
0,0.30101722
0,0.27738455
0,0.27779546
0,0.2595957
0,0.28709817
0,0.25827584
0,0.2551058
0,0.24704039
0,0.24539584
0,0.29538348
0,0.26558462
0,0.26556802
0,0.26652434
0,0.26227367
0,0.2619048
0,0.26086167
0,0.26148415
0,0.2677321
0,0.2616056
0,0.25885734
0,0.25381327
0,0.2547045
0,0.2551627
0,0.26283982
0,0.25775674
0,0.25934154
0,0.25764287
0,0.2535636
0,0.2483345
0,0.25541925
0,0.2513363
0,0.26744005
0,0.25609812
0,0.2703489
0,0.2773074
0,0.26201966
0,0.2569009
0,0.25279006
0,0.2558318
0,0.24893714
0,0.25192198
0,0.25188324
0,0.26232126
0,0.25199747
0,0.26149434
0,0.2582289
0,0.25342348
0,0.26297855
0,0.26545018
0,0.3109515
0,0.27368087
0,0.275575
0,0.2739249
0,0.27270997
0,0.3002368
0,0.2828982
0,0.28079957
0,0.28175882
0,0.26436654
0,0.27966118
0,0.27646556
0,0.2714396
0,0.27372462
0,0.2697866
0,0.2909848
0,0.2733856
0,0.27512056
0,0.27689818
0,0.27277294
0,0.29504365
0,0.2726399
0,0.27342522
0,0.26892972
0,0.2648167
0,0.2655647
0,0.2809043
0,0.26530746
0,0.28381714
0,0.28939143
0,0.33670822
0,0.29319048
0,0.2871644
0,0.29323456
0,0.32876164
0,0.2897632
0,0.27913082
0,0.27192816
0,0.27182502
0,0.26964533
0,0.2668477
0,0.2622481
0,0.26270854
0,0.2573895
0,0.26057652
0,0.26072544
0,0.26026246
0,0.2594766
0,0.2586641
0,0.2572066
0,0.2556624
0,0.25613266
0,0.2549013
0,0.26971802
0,0.2551833
0,0.29714656
0,0.26223347
0,0.2716574
0,0.27383968
0,0.27224985
0,0.33242097
0,0.2868468
0,0.29837933
0,0.2897696
0,0.272536
0,0.26438734
0,0.27206972
0,0.26111346
0,0.26625073
0,0.25689566
0,0.2548752
0,0.26248273
0,0.25372556
0,0.25961405
0,0.263366
0,0.26240492
0,0.26315036
0,0.26251116
0,0.2891153
0,0.26232505
0,0.27028674
0,0.27193978
0,0.26576918
0,0.26420382
0,0.2644903
0,0.26102403
0,0.26545876
0,0.26415524
0,0.26885375
0,0.26629472
0,0.273369
0,0.27106842
0,0.2633096
0,0.26363078
0,0.25832644
0,0.25995573
0,0.25536996
0,0.26371133
0,0.2557028
0,0.2546038
0,0.25052646
0,0.25608265
0,0.25461575
0,0.2580203
0,0.25566113
0,0.26061928
0,0.26100612
0,0.2560997
0,0.2523085
0,0.24689625
0,0.2560891
0,0.25681144
0,0.2575321
0,0.25901937
0,0.27088332
0,0.27347407
0,0.26178885
0,0.26209286
0,0.25702745
0,0.27207553
0,0.27717856
0,0.2662263
0,0.26347482
0,0.2613085
0,0.25366798
0,0.25747824
0,0.25575262
0,0.25395426
0,0.24863042
0,0.258368
0,0.2642025
0,0.26668897
0,0.2581803
0,0.255291
0,0.2633715
0,0.6192244
0,0.42658696
0,0.35453212
0,0.33031327
0,0.3102842
0,0.28532848
0,0.29457414
0,0.2844006
0,0.27827322
0,0.26321545
0,0.25697055
0,0.2694846
0,0.26389292
0,0.26975814
0,0.27482048
0,0.28105688
0,0.26979253
0,0.27686855
0,0.2680598
0,0.25327098
0,0.2630213
0,0.26309168
0,0.2582096
0,0.25679278
0,0.25560337
0,0.2562446
0,0.26071143
0,0.25721163
0,0.26186007
0,0.25474003
0,0.30919763
0,0.28323644
0,0.27842134
0,0.27197886
0,0.26930332
0,0.30564967
0,0.2958632
0,0.27878538
0,0.272569
0,0.26708058
0,0.2770939
0,0.26365173
0,0.26266643
0,0.25654343
0,0.2524395
0,0.27665827
0,0.26677915
0,0.27599335
0,0.2645039
0,0.25970286
0,0.27994403
0,0.26464987
0,0.25829238
0,0.25661027
0,0.25818154
0,0.28188252
0,0.2632369
0,0.26294568
0,0.25498083
0,0.2547267
0,0.27885106
0,0.25931635
0,0.26099938
0,0.25940874
0,0.25975183
0,0.2936308
0,0.2660081
0,0.27429965
0,0.26306298
0,0.27894577
0,0.30868086
0,0.2785762
0,0.27138162
0,0.27431834
0,0.27239332
0,0.26431483
0,0.26659986
0,0.2571354
0,0.27559084
0,0.26871458
0,0.26604983
0,0.26485395
0,0.2648329
0,0.26468766
0,0.26408675
0,0.2636405
0,0.26751244
0,0.26388738
0,0.26908284
0,0.2687249
0,0.26336795
0,0.26857942
0,0.2628681
0,0.26914203
0,0.26207212
0,0.31569076
0,0.2824704
0,0.27674562
0,0.2685466
0,0.27452055
0,0.3071644
0,0.28291216
0,0.2794632
0,0.27114645
0,0.26891848
0,0.31683472
0,0.28997734
0,0.27326065
0,0.2696415
0,0.2649739
0,0.26091304
0,0.2592354
0,0.26329464
0,0.26162076
0,0.25762132
0,0.252086
0,0.2588229
0,0.25552922
0,0.25841105
0,0.25883162
0,0.30055848
0,0.27503288
0,0.33359438
0,0.29333916
0,0.29338607
0,0.31628728
0,0.28669733
0,0.27859536
0,0.2712076
0,0.2615595
0,0.31417024
0,0.29202843
0,0.2769985
0,0.26926866
0,0.28195682
0,0.27761793
0,0.26526543
0,0.27029315
0,0.26018417
0,0.26573402
0,0.27143046
0,0.2596092
0,0.25618765
0,0.27177837
0,0.26565188
0,0.27289906
0,0.2584133
0,0.27254972
0,0.27600148
0,0.26057613
0,0.27523607
0,0.26894584
0,0.2778144
0,0.2721872
0,0.26447123
0,0.29576775
0,0.29092303
0,0.29872066
0,0.2873125
0,0.2764767
0,0.27627456
0,0.2745429
0,0.26762936
0,0.27218112
0,0.2653303
0,0.27269083
0,0.26639563
0,0.26730618
0,0.27178964
0,0.27152488
0,0.34256715
0,0.3123224
0,0.28599072
0,0.28000647
0,0.2886281
0,0.34272975
0,0.3125484
0,0.29087278
0,0.29450873
0,0.27294436
0,0.28472567
0,0.27162352
0,0.27288923
0,0.26502863
0,0.27887827
0,0.3192597
0,0.28612903
0,0.27559423
0,0.27276352
0,0.2792518
0,0.28908688
0,0.2765465
0,0.26640156
0,0.26640883
0,0.2879853
0,0.30798486
0,0.27821252
0,0.27146187
0,0.26712388
0,0.26472855
0,0.30789188
0,0.28885385
0,0.2908752
0,0.28328848
0,0.27148837
0,0.29722473
0,0.2831706
0,0.27196622
0,0.27455205
0,0.28304783
0,0.29930368
0,0.28384864
0,0.26874992
0,0.2745911
0,0.2835288
0,0.30169812
0,0.28270775
0,0.28636983
0,0.28848734
0,0.30849022
0,0.34031153
0,0.30002594
0,0.28693986
0,0.28718778
0,0.27852243
0,0.31934172
0,0.29887915
0,0.28737545
0,0.27921626
0,0.27624187
0,0.2758541
0,0.27459988
0,0.26686263
0,0.26486862
0,0.26386207
0,0.27162713
0,0.2705932
0,0.26321548
0,0.26785555
0,0.26506203
0,0.25988445
0,0.25570324
0,0.25441253
0,0.25274196
0,0.25936216
0,0.31229907
0,0.282019
0,0.2733797
0,0.26871404
0,0.27201667
0,0.26398408
0,0.26172975
0,0.25410122
0,0.2512882
0,0.26106268
0,0.2699633
0,0.26744026
0,0.26034272
0,0.2612568
0,0.2949377
0,0.29280224
0,0.27684
0,0.27103913
0,0.2649564
0,0.29407987
0,0.2701582
0,0.26252884
0,0.27816114
0,0.26564312
0,0.28972077
0,0.26687703
0,0.2750784
0,0.26580444
0,0.2618011
0,0.2961705
0,0.28707567
0,0.28081262
0,0.2752505
0,0.27544147
0,0.28808135
0,0.26774845
0,0.26921162
0,0.27163032
0,0.26145446
0,0.27668655
0,0.26951352
0,0.2698254
0,0.26912916
0,0.26825172
0,0.26637742
0,0.2659282
0,0.2688432
0,0.2681637
0,0.26675326
0,0.2654403
0,0.2625859
0,0.26338214
0,0.26234987
0,0.26318085
0,0.27260524
0,0.29827127
0,0.2759869
0,0.27544153
0,0.2735918
0,0.2728199
0,0.30303442
0,0.28098968
0,0.27593255
0,0.28752577
0,0.27150914
0,0.27023223
0,0.26198748
0,0.25828853
0,0.25502297
0,0.27058166
0,0.2562039
0,0.26120815
0,0.25864688
0,0.25691554
0,0.2780054
0,0.26551324
0,0.26680714
0,0.26495585
0,0.27604133
0,0.27896038
0,0.26118258
0,0.27566946
0,0.2616966
0,0.27246687
0,0.27563626
0,0.26139113
0,0.2570515
0,0.25214228
0,0.26380464
0,0.27464738
0,0.27773184
0,0.28013557
0,0.26617002
0,0.27050066
0,0.27534193
0,0.2757306
0,0.26295444
0,0.2702246
0,0.26716956
0,0.26825225
0,0.26811275
0,0.27206045
0,0.26928115
0,0.3147302
0,0.28548107
0,0.29261988
0,0.2878983
0,0.287171
0,0.3283696
0,0.29445395
0,0.28219917
0,0.28909734
0,0.2802058
0,0.27243707
0,0.42234072
0,0.32778567
0,0.30232218
0,0.2862922
0,0.27607295
0,0.27677664
0,0.28658396
0,0.27249146
0,0.26590544
0,0.26175943
0,0.25904375
0,0.27643037
0,0.28154534
0,0.28637338
0,0.27905348
0,0.27718133
0,0.26928097
0,0.27462456
0,0.308322
0,0.27973175
0,0.27318934
0,0.2679991
0,0.25994602
0,0.29272312
0,0.26661184
0,0.26593113
0,0.26248205
0,0.26433
0,0.2943931
0,0.28902107
0,0.27560398
0,0.26766342
0,0.26088992
0,0.25759315
0,0.2602733
0,0.25770622
0,0.25378254
0,0.2651308
0,0.25950405
0,0.253403
0,0.25010285
0,0.2529356
0,0.25125667
0,0.24746266
0,0.2494769
0,0.26879323
0,0.26698756
0,0.2753741
0,0.27805316
0,0.27844706
0,0.28038263
0,0.28134805
0,0.27899882
0,0.26445147
0,0.26870525
0,0.26032785
0,0.26967153
0,0.2926006
0,0.28442508
0,0.27563956
0,0.27294308
0,0.2606229
0,0.29831395
0,0.2711029
0,0.26839885
0,0.26624662
0,0.26857138
0,0.2903952
0,0.27530786
0,0.27139926
0,0.26936793
0,0.27579936
0,0.29064772
0,0.28016633
0,0.2720801
0,0.2690611
0,0.2708706
0,0.2908987
0,0.33845496
0,0.29188162
0,0.29200688
0,0.27727956
0,0.30583796
0,0.28157046
0,0.27175385
0,0.27093568
0,0.26712355
0,0.31475478
0,0.2823109
0,0.28299934
0,0.27109462
0,0.2690784
0,0.27485734
0,0.26898324
0,0.27272928
0,0.25931728
0,0.2549047
0,0.27122542
0,0.26832312
0,0.26544034
0,0.25976694
0,0.25695997
0,0.2547765
0,0.25436795
0,0.25802115
0,0.27179754
0,0.2588673
0,0.28192863
0,0.26901373
0,0.27558044
0,0.2691245
0,0.27476782
0,0.2652614
0,0.29659942
0,0.28849483
0,0.28235975
0,0.26440945
0,0.27567717
0,0.31166622
0,0.29572535
0,0.28168547
0,0.28065425
0,0.28122935
0,0.27861932
0,0.28341588
0,0.27663478
0,0.26995218
0,0.26804218
0,0.26896852
0,0.2663956
0,0.25822148
0,0.26401177
0,0.2766291
0,0.26986325
0,0.265422
0,0.26041323
0,0.2621208
0,0.26204497
0,0.2627636
0,0.25656706
0,0.25252733
0,0.25974214
0,0.2715001
0,0.276327
0,0.28339097
0,0.27495083
0,0.27173546
0,0.26537374
0,0.25012422
0,0.26351726
0,0.27824718
0,0.2670605
0,0.265788
0,0.2797729
0,0.27399972
0,0.25863189
0,0.2603029
0,0.27896923
0,0.2673188
0,0.26771057
0,0.2641089
0,0.27755955
0,0.27464917
0,0.2604073
0,0.25891158
0,0.26066798
0,0.27378228
0,0.2607857
0,0.2641494
0,0.26318905
0,0.27144948
0,0.28080016
0,0.27528733
0,0.27248302
0,0.26055202
0,0.2702131
0,0.273123
0,0.2783388
0,0.29168007
0,0.28982198
0,0.2788247
0,0.2791324
0,0.27386695
0,0.27205858
0,0.27318484
0,0.27892676
0,0.2797932
0,0.28256637
0,0.27972195
0,0.2903704
0,0.27508017
0,0.27433953
0,0.267736
0,0.26801908
0,0.2688138
0,0.26740792
0,0.26748145
0,0.26697114
0,0.2710119
0,0.26120806
0,0.26670873
0,0.26198912
0,0.26502377
0,0.2766997
0,0.2657819
0,0.27610803
0,0.26533023
0,0.27484268
0,0.2830448
0,0.28190854
0,0.28461367
0,0.28969958
0,0.28656453
0,0.28690344
0,0.287312
0,0.32935148
0,0.29165387
0,0.29233804
0,0.29034564
0,0.28607184
0,0.3317582
0,0.30151355
0,0.299544
0,0.2801304
0,0.28493842
0,0.34096313
0,0.29382232
0,0.28124353
0,0.28312442
0,0.26530722
0,0.27188772
0,0.27419686
0,0.2742672
0,0.27550298
0,0.27315935
0,0.38249955
0,0.31895548
0,0.30103573
0,0.2964692
0,0.28817394
0,0.28399193
0,0.2773061
0,0.27736574
0,0.28235224
0,0.27844575
0,0.27699623
0,0.28491843
0,0.2773721
0,0.2813808
0,0.29600337
0,0.2821224
0,0.27840942
0,0.27365214
0,0.27506545
0,0.31706086
0,0.286974
0,0.27854916
0,0.27316704
0,0.27719203
0,0.31699145
0,0.2834114
0,0.27556604
0,0.26946983
0,0.27429292
0,0.29150134
0,0.27224532
0,0.26972723
0,0.26233774
0,0.2646008
0,0.26040372
0,0.2610665
0,0.2577555
0,0.25588468
0,0.25397784
0,0.2538258
0,0.2523881
0,0.254485
0,0.26995277
0,0.2774962
0,0.28730437
0,0.28654373
0,0.28706235
0,0.2882805
0,0.3031263
0,0.29442194
0,0.29256964
0,0.28526244
0,0.28115556
0,0.32419243
0,0.27757722
0,0.2832584
0,0.2810824
0,0.28043357
0,0.30432627
0,0.29545856
0,0.28921795
0,0.29752213
0,0.28299224
0,0.27199286
0,0.2738612
0,0.26667106
0,0.27743953
0,0.27520856
0,0.2676802
0,0.26854646
0,0.26214692
0,0.26019293
0,0.25801384
0,0.25556988
0,0.26829642
0,0.27371904
0,0.2771393
0,0.2788645
0,0.28411537
0,0.28026566
0,0.26595375
0,0.27730745
0,0.27559215
0,0.2868546
0,0.29849532
0,0.27941653
0,0.26582995
0,0.28076446
0,0.29217586
0,0.28636518
0,0.2886001
0,0.29243582
0,0.28347933
0,0.26989815
0,0.26125193
0,0.28052205
0,0.28664434
0,0.28978533
0,0.2755521
0,0.6542014
0,0.47027105
0,0.39282924
0,0.36527234
0,0.3228102
0,0.3079911
0,0.30887803
0,0.32236338
0,0.29490578
0,0.29938856
0,0.29290545
0,0.2792619
0,0.26794744
0,0.2638219
0,0.31987765
0,0.28660876
0,0.25960955
0,0.24376354
0,0.21608913
0,0.20073882
0,0.20155612
0,0.20687167
0,0.23289633
0,0.22950096
0,0.24167347
0,0.25189403
0,0.23788112
0,0.24931845
0,0.2620856
0,0.26301065
0,0.27228567
0,0.2846113
0,0.2894977
0,0.2858617
0,0.2658882
0,0.285782
0,0.27846307
0,0.31424233
0,0.28885353
0,0.2726571
0,0.29855207
0,0.29431033
0,0.27097398
0,0.264178
0,0.26823506
0,0.26931292
0,0.28761664
0,0.29744065
0,0.30893978
0,0.3205854
0,0.2817131
0,0.2721992
0,0.2718113
0,0.2700735
0,0.320555
0,0.2813088
0,0.27061245
0,0.27513605
0,0.26290375
0,0.26301518
0,0.25676093
0,0.25991356
0,0.27881247
0,0.28194812
0,0.30918178
0,0.2804814
0,0.26648685
0,0.26496375
0,0.27546293
0,0.29826006
0,0.3208421
0,0.69761527
0,0.5164734
0,0.43647343
0,0.38592166
0,0.34953368
0,0.31368235
0,0.29564577
0,0.2799034
0,0.27420536
0,0.27126417
0,0.26680338
0,0.26583657
0,0.2647459
0,0.2518657
0,0.24305849
0,0.23187086
0,0.22034416
0,0.2306371
0,0.21304455
0,0.21324101
0,0.2160003
0,0.21751308
0,0.25368357
0,0.23380645
0,0.23616482
0,0.23782147
0,0.24367012
0,0.26137158
0,0.26248434
0,0.27532712
0,0.2840506
0,0.29644027
0,0.2922415
0,0.28096852
0,0.27693468
0,0.2891617
0,0.27779213
0,0.27537802
0,0.27233204
0,0.2837874
0,0.28508303
0,0.2874811
0,0.26571006
0,0.277593
0,0.27944228
0,0.271449
0,0.2794219
0,0.27168292
0,0.26974064
0,0.2977206
0,0.27751
0,0.27241004
0,0.2790415
0,0.2690081
0,0.27543586
0,0.27627647
0,0.26729527
0,0.26360708
0,0.2601822
0,0.26724386
0,0.27121806
0,0.27060694
0,0.271723
0,0.2619009
0,0.2578626
0,0.2640151
0,0.2663298
0,0.27236137
0,0.30348387
0,0.28521872
0,0.28843147
0,0.28627717
0,0.27916932
0,0.3077091
0,0.29094854
0,0.28367576
0,0.28235278
0,0.28134435
0,0.32118246
0,0.29258808
0,0.28847873
0,0.27900782
0,0.2825046
0,0.32265133
0,0.28527975
0,0.28125522
0,0.27699512
0,0.27189055
0,0.3207304
0,0.33559433
0,0.30484167
0,0.28425023
0,0.27991998
0,0.2967037
0,0.27860677
0,0.28001064
0,0.26779163
0,0.2872626
0,0.3085595
0,0.28079447
0,0.26879168
0,0.28093126
0,0.2952194
0,0.31190148
0,0.3093434
0,0.311302
0,0.28929865
0,0.29283586
0,0.30791306
0,0.2947676
0,0.29143006
0,0.2895289
0,0.28939503
0,0.32573688
0,0.289793
0,0.292708
0,0.279833
0,0.28120077
0,0.28366676
0,0.30505735
0,0.28056315
0,0.2813139
0,0.28200904
0,0.2899853
0,0.28981656
0,0.27993104
0,0.27847382
0,0.2789661
0,0.2795955
0,0.2811563
0,0.27448204
0,0.28084645
0,0.27709314
0,0.28009656
0,0.28229934
0,0.27461553
0,0.2741526
0,0.2778352
0,0.29745108
0,0.28075057
0,0.28238076
0,0.27555847
0,0.2745396
0,0.29252294
0,0.2820602
0,0.295397
0,0.28546676
0,0.2964916
0,0.28076205
0,0.27490282
0,0.27142584
0,0.26772168
0,0.27262908
0,0.26509455
0,0.26328462
0,0.26426587
0,0.26509625
0,0.2646487
0,0.2719798
0,0.3189734
0,0.28921062
0,0.28197688
0,0.2848156
0,0.2731321
0,0.2955895
0,0.29405853
0,0.2923645
0,0.27993095
0,0.2901732
0,0.30381358
0,0.28651905
0,0.3022505
0,0.28968868
0,0.28173938
0,0.28766066
0,0.278039
0,0.26896194
0,0.263965
0,0.26092845
0,0.27346486
0,0.28199327
0,0.2758879
0,0.27548087
0,0.2743135
0,0.2583966
0,0.26787308
0,0.26383734
0,0.26676694
0,0.30014378
0,0.27825284
0,0.29070282
0,0.27323884
0,0.2667968
0,0.2746034
0,0.2582584
0,0.2628618
0,0.2672456
0,0.26813594
0,0.26887688
0,0.28656065
0,0.2696825
0,0.28095418
0,0.2681438
0,0.27899304
0,0.26623526
0,0.2862836
0,0.28794742
0,0.2784295
0,0.2797111
0,0.27111423
0,0.27328697
0,0.2737579
0,0.28702787
0,0.28971165
0,0.30526933
0,0.29688278
0,0.29722232
0,0.2746026
0,0.26753366
0,0.29572743
0,0.27795434
0,0.32277432
0,0.29084128
0,0.30484512
0,0.29115617
0,0.292105
0,0.28664574
0,0.27919307
0,0.273685
0,0.2715428
0,0.26799703
0,0.25749505
0,0.2817898
0,0.26940575
0,0.26798987
0,0.28440323
0,0.28978443
0,0.2753438
0,0.27283323
0,0.2857974
0,0.27370483
0,0.2786429
0,0.27298093
0,0.265665
0,0.26647636
0,0.26524442
0,0.31100276
0,0.2794957
0,0.27081707
0,0.26438934
0,0.25987893
0,0.31733912
0,0.28786823
0,0.2749962
0,0.28063506
0,0.26815417
0,0.27937284
0,0.26588568
0,0.276432
0,0.26936156
0,0.2867949
0,0.27372652
0,0.27803352
0,0.27015096
0,0.262246
0,0.32008186
0,0.27695435
0,0.28719017
0,0.30463624
0,0.27988067
0,0.3149249
0,0.2815222
0,0.28299925
0,0.2796354
0,0.26833606
0,0.31961924
0,0.28918678
0,0.27608877
0,0.26779845
0,0.27051693
0,0.2707563
0,0.27104473
0,0.270967
0,0.276232
0,0.27227303
0,0.27822334
0,0.27103686
0,0.25999716
0,0.26436192
0,0.26476407
0,0.27717337
0,0.27074376
0,0.26812914
0,0.27812755
0,0.27402163
0,0.27320158
0,0.26660088
0,0.26564026
0,0.26253057
0,0.26788402
0,0.26758552
0,0.2625738
0,0.27060238
0,0.2623912
0,0.28033346
0,0.27636105
0,0.26608884
0,0.26148018
0,0.25874138
0,0.30281612
0,0.28330058
0,0.27883857
0,0.2679723
0,0.2654987
0,0.28575963
0,0.2665877
0,0.25990716
0,0.2594536
0,0.25345677
0,0.3034355
0,0.26846665
0,0.2714454
0,0.2637011
0,0.26584336
0,0.26712444
0,0.26009855
0,0.25654134
0,0.25923452
0,0.2575916
0,0.2581124
0,0.25320613
0,0.26524833
0,0.2544811
0,0.26556885
0,0.25675994
0,0.27243543
0,0.27497333
0,0.2780546
0,0.25841758
0,0.2575757
0,0.27214438
0,0.26958483
0,0.25975868
0,0.25570372
0,0.281317
0,0.27222356
0,0.26936206
0,0.25974828
0,0.26570898
0,0.31491673
0,0.28845215
0,0.2826614
0,0.27939004
0,0.2772582
0,0.30967826
0,0.28351754
0,0.29809612
0,0.28245014
0,0.28385118
0,0.32866892
0,0.29888564
0,0.28609657
0,0.2816635
0,0.27505085
0,0.2990179
0,0.2822609
0,0.2761326
0,0.27730933
0,0.27822894
0,0.31446764
0,0.28682894
0,0.27867278
0,0.26759958
0,0.26753336
0,0.30568537
0,0.28257367
0,0.2736326
0,0.2654983
0,0.26593652
0,0.30676922
0,0.27401137
0,0.2648113
0,0.26025748
0,0.2660367
0,0.32177553
0,0.28679103
0,0.27659398
0,0.2698737
0,0.27018338
0,0.2633083
0,0.26012185
0,0.25809693
0,0.26151827
0,0.2524222
0,0.26707333
0,0.2705783
0,0.26303494
0,0.2606551
0,0.24820858
0,0.25439125
0,0.25394222
0,0.2618074
0,0.2571448
0,0.25114903
0,0.2619758
0,0.26622674
0,0.25859073
0,0.26563978
0,0.2743864
0,0.2708564
0,0.2624263
0,0.2774838
0,0.27271318
0,0.29372934
0,0.28669626
0,0.26729834
0,0.26898158
0,0.27234805
0,0.29974812
0,0.28326684
0,0.2813629
0,0.27592155
0,0.28089085
0,0.3038663
0,0.2808883
0,0.27942675
0,0.27130514
0,0.27070668
0,0.32308543
0,0.2849135
0,0.2837088
0,0.27753413
0,0.27663347
0,0.29632652
0,0.28256348
0,0.27289626
0,0.27627665
0,0.26684678
0,0.33117738
0,0.28801534
0,0.2743669
0,0.265195
0,0.26685265
0,0.268119
0,0.28299206
0,0.2638146
0,0.26299098
0,0.25403556
0,0.27453646
0,0.27537647
0,0.263942
0,0.27491775
0,0.2622154
0,0.27121463
0,0.27422258
0,0.27596772
0,0.2815636
0,0.27752453
0,0.2799973
0,0.26865667
0,0.27445224
0,0.26554653
0,0.2574265
0,0.2691034
0,0.25934604
0,0.26647845
0,0.27871895
0,0.27942163
0,0.27558118
0,0.2749646
0,0.26559243
0,0.2700557
0,0.26860884
0,0.26137233
0,0.26647508
0,0.26999313
0,0.259694
0,0.279176
0,0.27104053
0,0.26601017
0,0.26154536
0,0.26424766
0,0.2653282
0,0.26250142
0,0.2648528
0,0.2546271
0,0.2608095
0,0.25197706
0,0.26695237
0,0.26353502
0,0.26730245
0,0.27337137
0,0.26943064
0,0.2697793
0,0.29013327
0,0.27233705
0,0.27034044
0,0.26280552
0,0.26373076
0,0.26301306
0,0.26379466
0,0.26807413
0,0.2717641
0,0.27277753
0,0.27073652
0,0.2820997
0,0.27343005
0,0.26214132
0,0.26236632
0,0.26086277
0,0.2653762
0,0.2646562
0,0.26062018
0,0.25964555
0,0.25767857
0,0.26115873
0,0.26300198
0,0.25260735
0,0.2556557
0,0.25429082
0,0.25735858
0,0.25331393
0,0.24570382
0,0.2507338
0,0.26163635
0,0.25276682
0,0.26874685
0,0.2698685
0,0.27038622
0,0.27489886
0,0.27265263
0,0.2724841
0,0.34680855
0,0.36106429
0,0.31464264
0,0.30118224
0,0.28949484
0,0.28419355
0,0.27116132
0,0.26553342
0,0.2606282
0,0.27642876
0,0.260337
0,0.2564482
0,0.26472226
0,0.2622086
0,0.26888222
0,0.2687289
0,0.29517195
0,0.27443665
0,0.2706902
0,0.27790308
0,0.2698101
0,0.27065304
0,0.28507194
0,0.2707796
0,0.27098584
0,0.28761765
0,0.2817112
0,0.27204025
0,0.27453023
0,0.2691273
0,0.29129478
0,0.27377847
0,0.27622253
0,0.26806933
0,0.26953605
0,0.28189936
0,0.26827025
0,0.26029694
0,0.26002818
0,0.27229103
0,0.29246107
0,0.27616176
0,0.26286843
0,0.2778809
0,0.26927754
0,0.30136293
0,0.27725217
0,0.27084622
0,0.2780971
0,0.2682112
0,0.33307648
0,0.28507116
0,0.27978152
0,0.2731949
0,0.2769156
0,0.2780122
0,0.28057712
0,0.27090517
0,0.2802993
0,0.26922476
0,0.28975043
0,0.27837873
0,0.2761313
0,0.29398203
0,0.2798342
0,0.30186665
0,0.28457808
0,0.27839154
0,0.2751962
0,0.27226552
0,0.29479948
0,0.27670527
0,0.26468453
0,0.2668006
0,0.26497623
0,0.28961307
0,0.27402484
0,0.27204475
0,0.2646483
0,0.26468343
0,0.27252683
0,0.2685604
0,0.26603496
0,0.26225853
0,0.26290098
0,0.33340004
0,0.2862566
0,0.27808216
0,0.27578592
0,0.26885203
0,0.2818728
0,0.26998645
0,0.26223093
0,0.26364028
0,0.26250678
0,0.30295688
0,0.27852452
0,0.27127424
0,0.26900584
0,0.26330072
0,0.29207703
0,0.27148613
0,0.27119252
0,0.2634952
0,0.26770794
0,0.29937303
0,0.2929083
0,0.28892767
0,0.27701256
0,0.28960425
0,0.31619152
0,0.28695664
0,0.2783224
0,0.28299606
0,0.28140137
0,0.2807837
0,0.27866006
0,0.27851465
0,0.26391783
0,0.26292485
0,0.25699347
0,0.26273024
0,0.27020788
0,0.27294818
0,0.27162147
0,0.27635685
0,0.27231672
0,0.27088267
0,0.27064225
0,0.2692613
0,0.27609968
0,0.27051562
0,0.26844645
0,0.26933023
0,0.26705116
0,0.28936002
0,0.2737457
0,0.27192557
0,0.26715437
0,0.26733026
0,0.28068963
0,0.27592793
0,0.26841357
0,0.26593018
0,0.2666622
0,0.3028983
0,0.2756907
0,0.26917335
0,0.28488082
0,0.26955163
0,0.3022392
0,0.27871346
0,0.26914108
0,0.26331875
0,0.25803074
0,0.27501184
0,0.26383653
0,0.25777137
0,0.26012322
0,0.25809613
0,0.3026114
0,0.27166596
0,0.2664916
0,0.2620419
0,0.26483846
0,0.28689504
0,0.2687267
0,0.26416543
0,0.26370102
0,0.25884682
0,0.26449054
0,0.2599085
0,0.25843737
0,0.25916898
0,0.2749484
0,0.2630641
0,0.27052677
0,0.2612112
0,0.2597642
0,0.2547456
0,0.26612133
0,0.27734262
0,0.30521214
0,0.29573068
0,0.28414226
0,0.2898059
0,0.29286224
0,0.2927606
0,0.28234383
0,0.27950722
0,0.27564907
0,0.2802166
0,0.28724638
0,0.28097296
0,0.27487552
0,0.27373606
0,0.2821785
0,0.3004367
0,0.3292865
0,0.33589882
0,0.30753848
0,0.29109415
0,0.28940222
0,0.27883548
0,0.27579048
0,0.29078913
0,0.27532512
0,0.2941185
0,0.28203303
0,0.27916026
0,0.28959912
0,0.3032402
0,0.29968506
0,0.30423772
0,0.28325018
0,0.29370195
0,0.27883953
0,0.27141783
0,0.26947963
0,0.27362218
0,0.26518852
0,0.25794402
0,0.26196247
0,0.26425117
0,0.26119348
0,0.26011568
0,0.25920025
0,0.2620042
0,0.26372793
0,0.25880083
0,0.25450283
0,0.2546097
0,0.261881
0,0.2619884
0,0.25482935
0,0.25641248
0,0.25871474
0,0.25820187
0,0.27261096
0,0.27398813
0,0.26535952
0,0.27135134
0,0.2640026
0,0.2596441
0,0.2583937
0,0.25715423
0,0.2574589
0,0.26828593
0,0.25878516
0,0.26325879
0,0.26527938
0,0.2680432
0,0.32168427
0,0.34383845
0,0.30658227
0,0.2910079
0,0.29254583
0,0.2805384
0,0.27497557
0,0.29278442
0,0.27858135
0,0.27350438
0,0.2682286
0,0.26540944
0,0.2641557
0,0.2629897
0,0.2695646
0,0.2717041
0,0.25650474
0,0.26684996
0,0.28308174
0,0.27914345
0,0.2678094
0,0.26642376
0,0.2650551
0,0.2610958
0,0.2600297
0,0.2566639
0,0.257131
0,0.26509187
0,0.26032534
0,0.26465756
0,0.27979574
0,0.2676113
0,0.2815034
0,0.2731282
0,0.26612124
0,0.2874289
0,0.26684007
0,0.26087543
0,0.26952657
0,0.26620907
0,0.2681305
0,0.26230752
0,0.26239657
0,0.25846726
0,0.25704947
0,0.25238198
0,0.2519668
0,0.2507504
0,0.25088742
0,0.25093344
0,0.27545995
0,0.2554486
0,0.25155127
0,0.24988738
0,0.24693605
0,0.24427627
0,0.25769883
0,0.2483305
0,0.2588597
0,0.2529805
0,0.25977245
0,0.26161793
0,0.2539005
0,0.27337778
0,0.26720122
0,0.26525015
0,0.26532084
0,0.25486
0,0.26078728
0,0.26040304
0,0.26016155
0,0.26097476
0,0.26360366
0,0.26190513
0,0.2605118
0,0.2607119
0,0.2709124
0,0.27205876
0,0.27204195
0,0.29632023
0,0.27344772
0,0.268404
0,0.26608893
0,0.26436156
0,0.28221813
0,0.26664028
0,0.26193675
0,0.2609786
0,0.28786045
0,0.289166
0,0.2686051
0,0.26164868
0,0.25716203
0,0.25560924
0,0.2750502
0,0.26856935
0,0.2614934
0,0.26123634
0,0.25448555
0,0.28153124
0,0.26792818
0,0.26129696
0,0.25313485
0,0.25404787
0,0.29181057
0,0.2722926
0,0.27999228
0,0.280728
0,0.2690902
0,0.28016254
0,0.2656864
0,0.26605818
0,0.2625136
0,0.2529626
0,0.27059063
0,0.26476306
0,0.26309198
0,0.2589156
0,0.27010182
0,0.29373962
0,0.28144345
0,0.26386115
0,0.27027366
0,0.2582911
0,0.29845643
0,0.2802504
0,0.27742577
0,0.26156962
0,0.2797966
0,0.2863875
0,0.27739623
0,0.26065785
0,0.25638503
0,0.26180848
0,0.28675833
0,0.25921836
0,0.29085103
0,0.27846292
0,0.26640016
0,0.26873076
0,0.2669103
0,0.26698697
0,0.292488
0,0.27308598
0,0.2964788
0,0.2909182
0,0.27464986
0,0.27898884
0,0.26925844
0,0.2640883
0,0.264602
0,0.26895157
0,0.26076528
0,0.26496366
0,0.25680524
0,0.26000506
0,0.2758905
0,0.26883984
0,0.2589521
0,0.26283324
0,0.266237
0,0.2592165
0,0.25828642
0,0.25862125
0,0.25126174
0,0.25996253
0,0.2590493
0,0.26291654
0,0.26483002
0,0.25624204
0,0.2568928
0,0.25578177
0,0.25639623
0,0.25068837
0,0.25445825
0,0.25637937
0,0.25054455
0,0.24939236
0,0.24919179
0,0.25181636
0,0.25412726
0,0.2538687
0,0.24964373
0,0.2569535
0,0.25001386
0,0.24478756
0,0.24264689
0,0.2578306
0,0.26413077
0,0.28932238
0,0.2788702
0,0.27919307
0,0.2791517
0,0.27644193
0,0.28207245
0,0.2736016
0,0.27162382
0,0.25598496
0,0.26080465
0,0.32157
0,0.27429387
0,0.2683191
0,0.27542853
0,0.26925373
0,0.29224962
0,0.2740994
0,0.27233618
0,0.27311543
0,0.27434048
0,0.2731571
0,0.28061417
0,0.27752084
0,0.27190784
0,0.2679446
0,0.26457843
0,0.26430255
0,0.2732193
0,0.2647861
0,0.26161075
0,0.26447576
0,0.25919703
0,0.2785982
0,0.26463434
0,0.26685998
0,0.2641495
0,0.2831111
0,0.27241573
0,0.2684099
0,0.26737708
0,0.26588196
0,0.27094558
0,0.28131056
0,0.26673195
0,0.26213223
0,0.26690385
0,0.2647083
0,0.2628081
0,0.2668075
0,0.26232246
0,0.26713514
0,0.26246172
0,0.27499682
0,0.27043027
0,0.268879
0,0.26028293
0,0.2753886
0,0.30586147
0,0.28087336
0,0.2771255
0,0.28093097
0,0.2817743
0,0.31111217
0,0.28376564
0,0.27090335
0,0.26855654
0,0.26110178
0,0.29509193
0,0.28206512
0,0.26712865
0,0.27402356
0,0.26359072
0,0.30355522
0,0.27506155
0,0.28556484
0,0.27091035
0,0.27293447
0,0.31102693
0,0.3045383
0,0.32103464
0,0.2941643
0,0.28586024
0,0.28337055
0,0.27823785
0,0.27625096
0,0.28826272
0,0.28978163
0,0.26958445
0,0.26276714
0,0.26904157
0,0.27446267
0,0.2672404
0,0.26729485
0,0.27528045
0,0.27323157
0,0.27901348
0,0.27701107
0,0.2848849
0,0.28186858
0,0.2732095
0,0.2696546
0,0.27569553
0,0.27302578
0,0.26838586
0,0.2636868
0,0.26700026
0,0.28554392
0,0.27587414
0,0.27472627
0,0.27475408
0,0.2733431
0,0.27154875
0,0.26546174
0,0.26056635
0,0.2603143
0,0.26729694
0,0.26426896
0,0.26430413
0,0.26049286
0,0.2771631
0,0.26313773
0,0.28677392
0,0.27475607
0,0.26610932
0,0.26104864
0,0.2685753
0,0.26504463
0,0.2582474
0,0.25907603
0,0.26981074
0,0.26366374
0,0.27234945
0,0.27621654
0,0.2710381
0,0.26701486
0,0.25922278
0,0.25520715
0,0.26818708
0,0.2729041
0,0.27420864
0,0.25821355
0,0.27558014
0,0.26802474
0,0.26431015
0,0.26110417
0,0.26929727
0,0.2829918
0,0.26698288
0,0.26289043
0,0.26846755
0,0.25927752
0,0.32671076
0,0.2889906
0,0.28259015
0,0.2796589
0,0.265646
0,0.29626605
0,0.2819215
0,0.27687934
0,0.2743572
0,0.27166083
0,0.29993454
0,0.2776332
0,0.2863826
0,0.27987668
0,0.28489113
0,0.30042994
0,0.28035668
0,0.27932045
0,0.27149042
0,0.26749796
0,0.3039654
0,0.2830264
0,0.27400553
0,0.27316418
0,0.27592757
0,0.28310144
0,0.2805391
0,0.26887864
0,0.26437348
0,0.26550063
0,0.28192157
0,0.27183396
0,0.2712294
0,0.2686435
0,0.26891476
0,0.28193143
0,0.26628938
0,0.2629192
0,0.27708074
0,0.2725051
0,0.2681562
0,0.2635449
0,0.26381058
0,0.25999677
0,0.26256114
0,0.2596727
0,0.25964463
0,0.2622859
0,0.25683936
0,0.25426388
0,0.25500578
0,0.26498693
0,0.27676988
0,0.28008035
0,0.27015227
0,0.27913144
0,0.26404172
0,0.28219986
0,0.26726204
0,0.2707412
0,0.2650325
0,0.26863715
0,0.26009387
0,0.27951294
0,0.2740556
0,0.26238567
0,0.2722513
0,0.2747161
0,0.27036935
0,0.29030406
0,0.28169808
0,0.28292415
0,0.27417126
0,0.26326817
0,0.2661968
0,0.27599284
0,0.27219534
0,0.2733778
0,0.2692863
0,0.26671243
0,0.27421194
0,0.27547026
0,0.27487326
0,0.26896068
0,0.2710775
0,0.31894135
0,0.34100378
0,0.33787426
0,0.3194952
0,0.31832492
0,0.29535434
0,0.30351874
0,0.28202507
0,0.2801088
0,0.2741406
0,0.29038537
0,0.28080422
0,0.26851493
0,0.2810249
0,0.27003497
0,0.27054647
0,0.26656318
0,0.2669257
0,0.2715083
0,0.2655223
0,0.2625308
0,0.26211038
0,0.26060906
0,0.2650712
0,0.28012213
0,0.2821549
0,0.28141853
0,0.3043315
0,0.31385222
0,0.3052487
0,0.30946934
0,0.31333017
0,0.30477458
0,0.2846458
0,0.30084506
0,0.27924365
0,0.29227632
0,0.27121532
0,0.26795074
0,0.2724021
0,0.26412347
0,0.29106304
0,0.28338042
0,0.28709367
0,0.30171633
0,0.30680525
0,0.29610473
0,0.28770193
0,0.28338298
0,0.279333
0,0.26887095
0,0.27208322
0,0.32985345
0,0.29282987
0,0.29031786
0,0.28590605
0,0.3243449
0,0.32613593
0,0.29591405
0,0.29239428
0,0.30868444
0,0.31404123
0,0.3224215
0,0.3807146
0,0.3339488
0,0.3010468
0,0.27864474
0,0.3164869
0,0.2953991
0,0.27913466
0,0.276178
0,0.26846755
0,0.26407388
0,0.27208048
0,0.26812202
0,0.2607453
0,0.25721747
0,0.26540923
0,0.27072367
0,0.25908342
0,0.25633913
0,0.26338258
0,0.26038375
0,0.25922903
0,0.2643055
0,0.25978574
0,0.25499114
0,0.2553862
0,0.2834483
0,0.26573676
0,0.27052268
0,0.2779053
0,0.26613167
0,0.29674378
0,0.2733212
0,0.27054757
0,0.26342186
0,0.25929484
0,0.3076055
0,0.27863398
0,0.27325904
0,0.28384757
0,0.26551023
0,0.2670664
0,0.26239428
0,0.25892112
0,0.27708495
0,0.26404783
0,0.27701417
0,0.28103182
0,0.28048664
0,0.2863362
0,0.28323635
0,0.27811247
0,0.3756321
0,0.3155684
0,0.30252758
0,0.2902754
0,0.29215685
0,0.3033031
0,0.28783065
0,0.27985176
0,0.2750635
0,0.34610528
0,0.30898574
0,0.29159796
0,0.28968164
0,0.29154003
0,0.27973953
0,0.28721046
0,0.2794077
0,0.2795182
0,0.27747327
0,0.27009436
0,0.26700938
0,0.27256966
0,0.31048048
0,0.3000371
0,0.29944187
0,0.29745743
0,0.28900695
0,0.28253224
0,0.2839996
0,0.27213582
0,0.27304375
0,0.28335762
0,0.2793909
0,0.27399072
0,0.26385546
0,0.2713475
0,0.2655365
0,0.2619622
0,0.25669825
0,0.25705358
0,0.271095
0,0.26480278
0,0.2617514
0,0.26360524
0,0.26452553
0,0.26460886
0,0.27298453
0,0.29870337
0,0.2797576
0,0.29754674
0,0.2888452
0,0.2868925
0,0.2924937
0,0.2793359
0,0.307873
0,0.28184772
0,0.27388847
0,0.2686109
0,0.2738252
0,0.30946448
0,0.2934107
0,0.32603586
0,0.3020247
0,0.59419525
0,0.42469215
0,0.3814223
0,0.3267113
0,0.32530314
0,0.2921119
0,0.31009433
0,0.31032676
0,0.30033612
0,0.27736995
0,0.27927035
0,0.31212157
0,0.28682718
0,0.27273533
0,0.2616609
0,0.26185524
0,0.250504
0,0.22052209
0,0.20940584
0,0.19712342
0,0.19491325
0,0.19926517
0,0.19434048
0,0.19952108
0,0.20893396
0,0.22041625
0,0.24677889
0,0.24764612
0,0.25625372
0,0.2741413
0,0.28752324
0,0.32055807
0,0.29440716
0,0.28571793
0,0.2762062
0,0.2742292
0,0.27368852
0,0.26651758
0,0.27414212
0,0.30061704
0,0.35826215
0,0.37062165
0,0.3471787
0,0.32824117
0,0.3165399
0,0.29475558
0,0.32831606
0,0.3129253
0,0.2841111
0,0.27236587
0,0.2685131
0,0.27205607
0,0.25839496
0,0.27388865
0,0.26308486
0,0.26040334
0,0.26321504
0,0.28434134
0,0.26841435
0,0.2773991
0,0.26827702
0,0.26678678
0,0.29913867
0,0.2743268
0,0.26023167
0,0.2645954
0,0.2575134
0,0.2937174
0,0.2716602
0,0.26664597
0,0.2627694
0,0.27324396
0,0.29858705
0,0.27197218
0,0.27649516
0,0.27504748
0,0.27494723
0,0.28683633
0,0.2806288
0,0.28370178
0,0.29262704
0,0.27369428
0,0.32555875
0,0.29292256
0,0.30814245
0,0.30420125
0,0.30350915
0,0.33507743
0,0.30098826
0,0.2921242
0,0.27446783
0,0.2973526
0,0.34664574
0,0.33931857
0,0.30729815
0,0.29808483
0,0.28424406
0,0.30478844
0,0.31747347
0,0.31179622
0,0.29807314
0,0.28861862
0,0.28311935
0,0.27251053
0,0.2727881
0,0.2846087
0,0.28832352
0,0.2731764
0,0.27653182
0,0.2659862
0,0.2714052
0,0.27361867
0,0.27402174
0,0.26670665
0,0.26711807
0,0.26891583
0,0.27206197
0,0.2721318
0,0.27473783
0,0.26350597
0,0.26274586
0,0.25635684
0,0.27376327
0,0.2629458
0,0.27633512
0,0.27965865
0,0.26343524
0,0.26333493
0,0.2560767
0,0.26053828
0,0.25602552
0,0.25587305
0,0.26843685
0,0.25994906
0,0.2564132
0,0.26183057
0,0.2634738
0,0.26262602
0,0.25542784
0,0.25449187
0,0.26602384
0,0.31665894
0,0.2911846
0,0.29381186
0,0.29212302
0,0.27286616
0,0.29898137
0,0.2853317
0,0.27464622
0,0.2700236
0,0.2886386
0,0.30593342
0,0.278738
0,0.2707819
0,0.27305192
0,0.27377707
0,0.2973565
0,0.27986458
0,0.28184077
0,0.2759449
0,0.26631084
0,0.28902236
0,0.2863418
0,0.28025708
0,0.2766229
0,0.27408257
0,0.2842903
0,0.27549782
0,0.271766
0,0.4328411
0,0.35010135
0,0.37167567
0,0.3308448
0,0.3044352
0,0.30106783
0,0.29308605
0,0.30139074
0,0.28557804
0,0.27557883
0,0.2718467
0,0.29358003
0,0.30167866
0,0.28579697
0,0.27872723
0,0.28864488
0,0.27634084
0,0.33554268
0,0.2959163
0,0.29462227
0,0.29198244
0,0.27986953
0,0.3152289
0,0.2825247
0,0.2713589
0,0.26278228
0,0.259248
0,0.3187471
0,0.29354775
0,0.5019084
0,0.4491544
0,0.39637244
0,0.37725002
0,0.31505913
0,0.3110537
0,0.3086655
0,0.27105325
0,0.28718022
0,0.25108814
0,0.22468574
0,0.20642753
0,0.20081861
0,0.20055874
0,0.18562332
0,0.18172322
0,0.17795527
0,0.16153571
0,0.155708
0,0.14829578
0,0.1497404
0,0.1491363
0,0.158682
0,0.16074754
0,0.17318371
0,0.18563384
0,0.19484799
0,0.21032706
0,0.23337561
0,0.24236636
0,0.26865602
0,0.27289593
0,0.27423066
0,0.2706627
0,0.25670806
0,0.26394033
0,0.2920434
0,0.27155176
0,0.281286
0,0.27450132
0,0.272149
0,0.27555504
0,0.27446982
0,0.26726374
0,0.2700472
0,0.26446974
0,0.26905787
0,0.26367882
0,0.26578906
0,0.26064205
0,0.25996986
0,0.25979117
0,0.26165855
0,0.26351523
0,0.270176
0,0.262814
0,0.27894083
0,0.28490028
0,0.27883127
0,0.27715078
0,0.2653945
0,0.26884976
0,0.2789892
0,0.2692501
0,0.26726744
0,0.26241216
0,0.26270112
0,0.25713053
0,0.2937236
0,0.2848719
0,0.27013245
0,0.26476157
0,0.26505917
0,0.26465985
0,0.2543195
0,0.24992073
0,0.26391682
0,0.2728718
0,0.26098365
0,0.25661755
0,0.2767561
0,0.25972092
0,0.25072065
0,0.25058055
0,0.26446772
0,0.2682627
0,0.2699563
0,0.2706486
0,0.2565426
0,0.2762403
0,0.2790247
0,0.28300172
0,0.26153895
0,0.27559766
0,0.27901942
0,0.2691351
0,0.26089558
0,0.25832745
0,0.26231915
0,0.25399092
0,0.25131193
0,0.25884223
0,0.25958425
0,0.27285385
0,0.2879041
0,0.2751185
0,0.27331567
0,0.26787552
0,0.3050849
0,0.2895966
0,0.2814422
0,0.27310652
0,0.27063522
0,0.3245873
0,0.2970706
0,0.28598562
0,0.2804168
0,0.29342118
0,0.27956238
0,0.31691477
0,0.29122186
0,0.29892078
0,0.2867456
0,0.27746236
0,0.26550564
0,0.2715875
0,0.27221635
0,0.29962733
0,0.2815509
0,0.2782956
0,0.2748912
0,0.27407792
0,0.2936626
0,0.27822644
0,0.2767333
0,0.26796192
0,0.26138705
0,0.29644912
0,0.2738176
0,0.30826786
0,0.30331513
0,0.2973059
0,0.31791237
0,0.29274032
0,0.2858394
0,0.27057022
0,0.2646076
0,0.31332394
0,0.32106045
0,0.29134184
0,0.292271
0,0.29208705
0,0.32134876
0,0.29579625
0,0.2836312
0,0.3082246
0,0.27757552
0,0.3033984
0,0.2891541
0,0.29265866
0,0.28653193
0,0.27469733
0,0.285989
0,0.26507357
0,0.25931537
0,0.25503778
0,0.25120005
0,0.28829703
0,0.27526984
0,0.29799104
0,0.2920826
0,0.28219545
0,0.27840686
0,0.27400395
0,0.28641632
0,0.27414474
0,0.2718994
0,0.26912004
0,0.2716239
0,0.27105948
0,0.28197306
0,0.29232216
0,0.2777398
0,0.27049202
0,0.2721688
0,0.27072683
0,0.28749412
0,0.27079406
0,0.29767445
0,0.29105094
0,0.27361608
0,0.27951247
0,0.28251177
0,0.29753092
0,0.2953433
0,0.28225964
0,0.27445325
0,0.2771841
0,0.3018144
0,0.27800578
0,0.29352534
0,0.30478844
0,0.27501467
0,0.28615412
0,0.27740923
0,0.2680524
0,0.26655215
0,0.2774854
0,0.2803351
0,0.2666426
0,0.26177007
0,0.25763273
0,0.25810874
0,0.25253534
0,0.25915706
0,0.25237212
0,0.258645
0,0.2655012
0,0.26260695
0,0.26488635
0,0.27097353
0,0.26777208
0,0.26485655
0,0.2681506
0,0.26541397
0,0.26294035
0,0.27096206
0,0.26239794
0,0.2604712
0,0.2594212
0,0.2567364
0,0.2588861
0,0.26042736
0,0.26296547
0,0.26223764
0,0.2626519
0,0.26351416
0,0.26224443
0,0.26464
0,0.29006475
0,0.2753609
0,0.2897396
0,0.28954604
0,0.3013504
0,0.28630584
0,0.27610278
0,0.27367094
0,0.27400807
0,0.28919598
0,0.28997558
0,0.2980514
0,0.3136193
0,0.29394788
0,0.29559356
0,0.30868438
0,0.3226535
0,0.31797823
0,0.30400604
0,0.30221358
0,0.28011715
0,0.29521477
0,0.3207239
0,0.32238132
0,0.31749266
0,0.2940282
0,0.29984614
0,0.3455314
0,0.29438496
0,0.29625383
0,0.2882589
0,0.27196592
0,0.26871225
0,0.26557222
0,0.26140544
0,0.268761
0,0.26109618
0,0.26778632
0,0.25697318
0,0.26564717
0,0.27591062
0,0.27274168
0,0.2749508
0,0.2767232
0,0.27377337
0,0.27501696
0,0.27382445
0,0.31260294
0,0.28814912
0,0.2828823
0,0.27922705
0,0.28483003
0,0.2900024
0,0.2834091
0,0.28811112
0,0.28490284
0,0.28325534
0,0.30535483
0,0.28793427
0,0.27783966
0,0.28571716
0,0.27755645
0,0.2936603
0,0.2828679
0,0.27500123
0,0.27498874
0,0.2706991
0,0.2867863
0,0.27321902
0,0.2730061
0,0.269876
0,0.2679664
0,0.28446954
0,0.27704996
0,0.26440075
0,0.26283348
0,0.25931883
0,0.25632793
0,0.28418717
0,0.27488607
0,0.2700696
0,0.27963358
0,0.26754066
0,0.26871154
0,0.2591153
0,0.25555578
0,0.27105543
0,0.2662027
0,0.26605642
0,0.26672822
0,0.2667592
0,0.2816477
0,0.28038678
0,0.29553187
0,0.28875756
0,0.28795725
0,0.2725541
0,0.27102113
0,0.2683145
0,0.2754531
0,0.2838242
0,0.27036285
0,0.27772728
0,0.2693965
0,0.27699575
0,0.2662803
0,0.27524024
0,0.27470747
0,0.264158
0,0.27221516
0,0.2663016
0,0.27087295
0,0.2623928
0,0.26687643
0,0.2695206
0,0.25751904
0,0.2633577
0,0.2698072
0,0.2899536
0,0.27572763
0,0.2847383
0,0.27483797
0,0.27455035
0,0.32061023
0,0.308583
0,0.29069704
0,0.2839905
0,0.28085488
0,0.31483462
0,0.2825947
0,0.2776714
0,0.2792809
0,0.27181587
0,0.31728634
0,0.28442216
0,0.28191748
0,0.27117422
0,0.28214478
0,0.34230116
0,0.29534996
0,0.30195698
0,0.27918473
0,0.27991048
0,0.2671538
0,0.26583332
0,0.26004034
0,0.25664398
0,0.25355327
0,0.28552464
0,0.26254323
0,0.27973422
0,0.2736589
0,0.2607747
0,0.27927637
0,0.26105917
0,0.27810827
0,0.28039676
0,0.27357903
0,0.32159397
0,0.28724718
0,0.28252268
0,0.2861901
0,0.2932417
0,0.296759
0,0.27936998
0,0.286258
0,0.2909528
0,0.27252817
0,0.26909316
0,0.2639585
0,0.26353294
0,0.25910237
0,0.2554258
0,0.27431983
0,0.29872864
0,0.28254217
0,0.28315046
0,0.26736903
0,0.27458325
0,0.28107205
0,0.28479904
0,0.28046545
0,0.26822835
0,0.27364132
0,0.2811028
0,0.2874754
0,0.2797592
0,0.2779635
0,0.27739924
0,0.2806371
0,0.27376038
0,0.2736304
0,0.27166337
0,0.27535373
0,0.27055135
0,0.2951494
0,0.26725006
0,0.26798108
0,0.2741329
0,0.26952806
0,0.27281234
0,0.27560374
0,0.29161552
0,0.28748477
0,0.27391282
0,0.27917624
0,0.27973673
0,0.28236458
0,0.27666676
0,0.29141068
0,0.27312955
0,0.26722896
0,0.26347798
0,0.2606842
0,0.25921178
0,0.26109505
0,0.25555712
0,0.5309637
0,0.37059322
0,0.35880807
0,0.3166157
0,0.29264918
0,0.27775055
0,0.2776325
0,0.2909646
0,0.26978332
0,0.28636262
0,0.27441832
0,0.28441703
0,0.32351983
0,0.2790727
0,0.29439583
0,0.2898992
0,0.2742201
0,0.31611964
0,0.28593084
0,0.27523497
0,0.28073317
0,0.26817042
0,0.27666333
0,0.27600092
0,0.27599272
0,0.275484
0,0.27794975
0,0.27795696
0,0.27812275
0,0.277049
0,0.26722562
0,0.26372778
0,0.26193085
0,0.260617
0,0.253732
0,0.27086237
0,0.26024494
0,0.26747012
0,0.26871425
0,0.25781906
0,0.2545364
0,0.26304898
0,0.2703244
0,0.269685
0,0.27135992
0,0.27176508
0,0.2689866
0,0.2873122
0,0.32342088
0,0.28914782
0,0.29488197
0,0.28904372
0,0.2856407
0,0.28627655
0,0.2832463
0,0.28052032
0,0.2781172
0,0.27772638
0,0.29222924
0,0.281733
0,0.27266526
0,0.2706243
0,0.29237577
0,0.2761066
0,0.27011138
0,0.2635971
0,0.2630013
0,0.26415828
0,0.28042275
0,0.26469368
0,0.26590088
0,0.26990932
0,0.2622363
0,0.2571662
0,0.25344577
0,0.27201417
0,0.25698224
0,0.26383215
0,0.25334612
0,0.30569786
0,0.29047093
0,0.27586186
0,0.26909944
0,0.28450203
0,0.29100108
0,0.2885685
0,0.29403445
0,0.32124725
0,0.2985439
0,0.33255136
0,0.3061656
0,0.32139587
0,0.31097537
0,0.32360473
0,0.3240463
0,0.30079192
0,0.29084748
0,0.2874366
0,0.2681504
0,0.27607492
0,0.2803021
0,0.2766203
0,0.28024796
0,0.27404013
0,0.26277378
0,0.2698705
0,0.27538124
0,0.273019
0,0.25678203
0,0.26600316
0,0.27544028
0,0.27648905
0,0.2755852
0,0.28077146
0,0.2796295
0,0.29394072
0,0.30799994
0,0.43530378
0,0.37477615
0,0.3520206
0,0.31433627
0,0.30004752
0,0.29236314
0,0.29149956
0,0.3261161
0,0.29327893
0,0.31331554
0,0.31990424
0,0.2923796
0,0.30301932
0,0.28463724
0,0.27813533
0,0.27467114
0,0.2685786
0,0.28758985
0,0.27210042
0,0.2534858
0,0.24517772
0,0.23983707
0,0.2710998
0,0.24871075
0,0.24638928
0,0.25296077
0,0.25770223
0,0.300187
0,0.28603598
0,0.293564
0,0.29600695
0,0.29217222
0,0.34267318
0,0.31133807
0,0.31293544
0,0.30332607
0,0.30774754
0,0.29873934
0,0.29458869
0,0.27817944
0,0.28740495
0,0.28695565
0,0.27505577
0,0.2806066
0,0.28500658
0,0.29704282
0,0.31083557
0,0.3801729
0,0.32157344
0,0.30444655
0,0.2967742
0,0.29220286
0,0.3475277
0,0.32980368
0,0.3036351
0,0.29379642
0,0.28438184
0,0.3120579
0,0.2913619
0,0.28203008
0,0.28669748
0,0.26707828
0,0.29077134
0,0.28778628
0,0.28405407
0,0.3000489
0,0.26493657
0,0.2940754
0,0.2576428
0,0.26295882
0,0.2613983
0,0.2628626
0,0.26274538
0,0.2635671
0,0.26729414
0,0.26261443
0,0.27351236
0,0.266743
0,0.2746128
0,0.27846327
0,0.28980213
0,0.29465783
0,0.30810076
0,0.30546948
0,0.30761975
0,0.28451177
0,0.29987785
0,0.32688108
0,0.29951596
0,0.3268963
0,0.2917197
0,0.28323138
0,0.29826513
0,0.27360687
0,0.26815045
0,0.2636563
0,0.2584276
0,0.2800349
0,0.26328832
0,0.25902766
0,0.25562203
0,0.25157145
0,0.27439103
0,0.27889428
0,0.26479977
0,0.25973117
0,0.28517106
0,0.30950812
0,0.29436946
0,0.32134464
0,0.32597455
0,0.3634189
0,0.35905412
0,0.33211958
0,0.31655058
0,0.325072
0,0.30690056
0,0.3028094
0,0.28071436
0,0.28370947
0,0.28837034
0,0.28636208
0,0.2819889
0,0.28221774
0,0.28403947
0,0.27688208
0,0.30673477
0,0.28227627
0,0.27940387
0,0.25810662
0,0.25222602
0,0.2576986
0,0.26009154
0,0.26092803
0,0.2481163
0,0.25778687
0,0.28667468
0,0.27749768
0,0.27517796
0,0.2732299
0,0.28155923
0,0.30305985
0,0.291058
0,0.3397267
0,0.35296497
0,0.3659029
0,0.36611763
0,0.37066463
0,0.3810861
0,0.34339124
0,0.35374817
0,0.33859748
0,0.32645646
0,0.3097395
0,0.30437538
0,0.30035803
0,0.311923
0,0.28546676
0,0.2879843
0,0.23151945
0,0.18719114
0,0.16284898
0,0.15507148
0,0.15781683
0,0.14191093
0,0.13705082
0,0.1413629
0,0.16149166
0,0.16652058
0,0.15870579
0,0.16451368
0,0.16217923
0,0.16130707
0,0.16211806
0,0.15880518
0,0.16047928
0,0.17202695
0,0.18047386
0,0.18638684
0,0.17299724
0,0.1841391
0,0.17520761
0,0.17016587
0,0.1833596
0,0.17635691
0,0.18201375
0,0.20505227
0,0.19533546
0,0.20833091
0,0.1949277
0,0.19277272
0,0.19295974
0,0.19170244
0,0.2210395
0,0.21225625
0,0.21652634
0,0.23419005
0,0.23446038
0,0.24811678
0,0.24143301
0,0.25993577
0,0.25702927
0,0.24870221
0,0.32050282
0,0.28552032
0,0.2815447
0,0.28411528
0,0.2787998
0,0.27529794
0,0.27223468
0,0.27459133
0,0.26937518
0,0.267545
0,0.28457192
0,0.27650696
0,0.26961643
0,0.2717452
0,0.26532578
0,0.26111543
0,0.2714929
0,0.26914185
0,0.2686399
0,0.265697
0,0.26404038
0,0.30775705
0,0.32137012
0,0.30566603
0,0.28591892
0,0.2765194
0,0.27216387
0,0.28465843
0,0.27088195
0,0.26986167
0,0.3525085
0,0.31594634
0,0.2957623
0,0.28651962
0,0.28943166
0,0.2885315
0,0.28996843
0,0.29332742
0,0.28901038
0,0.29286546
0,0.28785667
0,0.2878378
0,0.28441215
0,0.2851958
0,0.2690683
0,0.27883115
0,0.27934748
0,0.28279525
0,0.30269217
0,0.31034952
0,0.29362378
0,0.2920615
0,0.28495398
0,0.30530488
0,0.2907246
0,0.3108718
0,0.29048172
0,0.2713178
0,0.28208607
0,0.26754084
0,0.26387894
0,0.28136963
0,0.29914853
0,0.28031474
0,0.26848707
0,0.3217875
0,0.2970926
0,0.29700357
0,0.305245
0,0.295475
0,0.32625875
0,0.30356896
0,0.2936647
0,0.30208898
0,0.3063623
0,0.28527647
0,0.27695104
0,0.27779254
0,0.2745062
0,0.27928072
0,0.27509406
0,0.26946625
0,0.26597625
0,0.26280275
0,0.27152675
0,0.26143062
0,0.25926915
0,0.26188505
0,0.25864047
0,0.27824396
0,0.2690549
0,0.26712337
0,0.26532522
0,0.26445755
0,0.30483386
0,0.2761668
0,0.26680434
0,0.27961698
0,0.27462363
0,0.28968868
0,0.2891317
0,0.2795113
0,0.28643557
0,0.30966905
0,0.28588006
0,0.3116313
0,0.29787916
0,0.27683777
0,0.27506888
0,0.26066393
0,0.2647377
0,0.2636542
0,0.27061585
0,0.2649194
0,0.2637575
0,0.26242083
0,0.26888222
0,0.2622316
0,0.27514544
0,0.27825126
0,0.26738384
0,0.26367733
0,0.27221477
0,0.27913558
0,0.27737817
0,0.3262967
0,0.29406002
0,0.2883564
0,0.28392893
0,0.2791909
0,0.26598895
0,0.27178696
0,0.27558687
0,0.27261996
0,0.27128762
0,0.30961424
0,0.30685285
0,0.2876658
0,0.3047862
0,0.29720053
0,0.32008946
0,0.30214146
0,0.30624852
0,0.297878
0,0.28384364
0,0.31787896
0,0.29919493
0,0.28840753
0,0.28298396
0,0.29697308
0,0.31168744
0,0.3077005
0,0.2818733
0,0.27838102
0,0.30271113
0,0.33153403
0,0.31315613
0,0.31175053
0,0.3045663
0,0.2784771
0,0.28476933
0,0.274657
0,0.26801467
0,0.26548168
0,0.2631757
0,0.30627757
0,0.29471433
0,0.28950417
0,0.2703484
0,0.28230265
0,0.29926753
0,0.294206
0,0.28050804
0,0.2773503
0,0.29319274
0,0.3140679
0,0.28693762
0,0.294183
0,0.29334584
0,0.27794683
0,0.3345056
0,0.3004848
0,0.30151856
0,0.29131702
0,0.27323243
0,0.31248295
0,0.28299016
0,0.28356484
0,0.2812153
0,0.28154525
0,0.31263486
0,0.29024053
0,0.28921384
0,0.28995064
0,0.26644838
0,0.28375268
0,0.27980986
0,0.2875529
0,0.2790514
0,0.28093135
0,0.29838124
0,0.28115603
0,0.2890589
0,0.28219792
0,0.28002083
0,0.27402052
0,0.27051145
0,0.2676242
0,0.27136275
0,0.27217945
0,0.28579506
0,0.27105373
0,0.27131543
0,0.2702337
0,0.26571319
0,0.2622054
0,0.267008
0,0.26748198
0,0.26013526
0,0.2703665
0,0.2717422
0,0.26804355
0,0.25945866
0,0.26357782
0,0.26269907
0,0.27667663
0,0.27164844
0,0.26020592
0,0.25760552
0,0.2549469
0,0.25721171
0,0.2774508
0,0.28494397
0,0.27563074
0,0.27199674
0,0.28503913
0,0.2866531
0,0.2869794
0,0.28539237
0,0.28644702
0,0.2865297
0,0.26497105
0,0.26761758
0,0.2774827
0,0.2802453
0,0.28393725
0,0.28034875
0,0.2792496
0,0.28146413
0,0.28531712
0,0.27111563
0,0.27566004
0,0.27610824
0,0.3116786
0,0.28514016
0,0.26891774
0,0.26142827
0,0.267051
0,0.28041783
0,0.2590786
0,0.27862045
0,0.27108017
0,0.2755133
0,0.29429656
0,0.2794588
0,0.2806883
0,0.27515608
0,0.27285063
0,0.29296914
0,0.2768591
0,0.27269438
0,0.27481773
0,0.28884774
0,0.2734863
0,0.2773635
0,0.2745658
0,0.29970196
0,0.28679
0,0.29506004
0,0.28084147
0,0.27177313
0,0.26747882
0,0.2813437
0,0.27105787
0,0.27385983
0,0.2854081
0,0.26949936
0,0.29308555
0,0.28240797
0,0.26986942
0,0.26828277
0,0.26538146
0,0.26440918
0,0.26774368
0,0.28096354
0,0.28454432
0,0.28829253
0,0.2857784
0,0.28852952
0,0.3130301
0,0.30372995
0,0.29537717
0,0.2829678
0,0.29204464
0,0.28656012
0,0.28868794
0,0.29090092
0,0.28858885
0,0.2840903
0,0.2737583
0,0.28453857
0,0.28006718
0,0.28707257
0,0.2870974
0,0.29286695
0,0.30689406
0,0.29095557
0,0.29809195
0,0.28974193
0,0.29490346
0,0.3704191
0,0.31891516
0,0.30220374
0,0.29288262
0,0.2878863
0,0.32671255
0,0.2978855
0,0.28631556
0,0.28209132
0,0.27737597
0,0.30314633
0,0.2882345
0,0.28963435
0,0.2897721
0,0.2828482
0,0.30744714
0,0.2844302
0,0.28331205
0,0.2808616
0,0.2725268
0,0.3524931
0,0.29908738
0,0.29101646
0,0.28255114
0,0.2737452
0,0.35703138
0,0.2979615
0,0.2851464
0,0.29886112
0,0.28912053
0,0.2814005
0,0.27694482
0,0.2726142
0,0.26474962
0,0.26185408
0,0.26670653
0,0.30298966
0,0.27473906
0,0.27196607
0,0.26411298
0,0.26345596
0,0.28128695
0,0.27169943
0,0.27730668
0,0.2589673
0,0.26495126
0,0.28822562
0,0.29072294
0,0.2853539
0,0.2940124
0,0.28801104
0,0.29798067
0,0.2809576
0,0.27522397
0,0.2917816
0,0.2874069
0,0.3080294
0,0.29409117
0,0.3241278
0,0.3614344
0,0.31730413
0,0.30695453
0,0.29510233
0,0.29029554
0,0.3194901
0,0.30107108
0,0.29708725
0,0.2915493
0,0.28330213
0,0.28041783
0,0.26861483
0,0.27673337
0,0.27741107
0,0.27211574
0,0.2836595
0,0.27447572
0,0.2767073
0,0.29301965
0,0.2777084
0,0.27181396
0,0.28993547
0,0.28626668
0,0.28456777
0,0.28104222
0,0.2724581
0,0.27205184
0,0.26920587
0,0.2880792
0,0.27826196
0,0.29244488
0,0.28765348
0,0.28099358
0,0.27082664
0,0.27669874
0,0.27349958
0,0.26504344
0,0.26916057
0,0.26298434
0,0.28277665
0,0.2687614
0,0.2644192
0,0.26155475
0,0.26497605
0,0.2644834
0,0.2819144
0,0.27442527
0,0.2762396
0,0.26952183
0,0.26873052
0,0.26228058
0,0.25759095
0,0.26515737
0,0.25416824
0,0.2731979
0,0.3121656
0,0.30156937
0,0.30141106
0,0.3012431
0,0.2973384
0,0.30598816
0,0.28688502
0,0.29211095
0,0.2893514
0,0.29866192
0,0.31051326
0,0.28472403
0,0.34323087
0,0.33912227
0,0.30743858
0,0.33275905
0,0.30307883
0,0.30226249
0,0.2910267
0,0.31037462
0,0.3463204
0,0.30559114
0,0.29836646
0,0.28551218
0,0.2839691
0,0.2826598
0,0.27375734
0,0.27657437
0,0.27513835
0,0.28917408
0,0.29576707
0,0.28626597
0,0.27658337
0,0.27148876
0,0.26748422
0,0.27064985
0,0.2651827
0,0.26446974
0,0.2687978
0,0.28710535
0,0.28484276
0,0.276405
0,0.29481784
0,0.28165594
0,0.30061597
0,0.28003955
0,0.2828714
0,0.3049661
0,0.2894939
0,0.32206303
0,0.29948217
0,0.29365155
0,0.2813657
0,0.2919953
0,0.30883688
0,0.2858479
0,0.27926886
0,0.27425277
0,0.26582986
0,0.28409222
0,0.2767841
0,0.26539296
0,0.28008083
0,0.26959437
0,0.2831445
0,0.26977983
0,0.28009135
0,0.26722524
0,0.31141162
0,0.29589826
0,0.29946738
0,0.319582
0,0.30698192
0,0.29774743
0,0.2962095
0,0.28281316
0,0.28726387
0,0.2867191
0,0.27629602
0,0.28072825
0,0.28331065
0,0.2809775
0,0.30408335
0,0.30240506
0,0.29084066
0,0.2859524
0,0.28249657
0,0.2945605
0,0.28843018
0,0.2818787
0,0.3469434
0,0.30221185
0,0.2942363
0,0.276909
0,0.28471732
0,0.27763343
0,0.28781894
0,0.27914655
0,0.27714962
0,0.26502624
0,0.30684063
0,0.2906112
0,0.28794837
0,0.30052355
0,0.2887328
0,0.29973167
0,0.30374593
0,0.2925242
0,0.29077283
0,0.29070523
0,0.33756116
0,0.30444673
0,0.2874284
0,0.28515902
0,0.27519566
0,0.2979473
0,0.2790582
0,0.290248
0,0.2747539
0,0.29626057
0,0.29865482
0,0.29029718
0,0.28625676
0,0.318064
0,0.28726074
0,0.28087935
0,0.29226646
0,0.30652848
0,0.29871765
0,0.3024559
0,0.31348744
0,0.326626
0,0.30961373
0,0.30249527
0,0.3075536
0,0.30249608
0,0.30548522
0,0.3097486
0,0.27994382
0,0.29426116
0,0.2967621
0,0.29421455
0,0.29605207
0,0.30351144
0,0.29323575
0,0.29094097
0,0.2884474
0,0.31347197
0,0.29271552
0,0.29093844
0,0.2776333
0,0.2822499
0,0.30052355
0,0.2888077
1,0.27582514
1,0.2792852
1,0.28094396
1,0.29278365
1,0.28544012
1,0.28307712
1,0.30526048
1,0.29213527
1,0.3247141
1,0.31122205
1,0.30891633
1,0.30723208
1,0.3418515
1,0.3870808
1,0.38740304
1,0.9723123
0,0.9960008
0,0.9976073
0,0.9905955
0,0.9858856
0,0.9763767
0,0.97157407
0,0.9558822
0,0.93722683
0,0.9267489
0,0.911739
0,0.90303457
0,0.9031211
0,0.9034479
0,0.8775486
0,0.85648876
0,0.8452625
0,0.82709205
0,0.8176179
0,0.8172182
0,0.749654
0,0.7150855
0,0.63930357
0,0.5862352
0,0.5398165
0,0.4884072
0,0.46140257
0,0.40931246
0,0.38017482
0,0.3024328
0,0.15836683
0,0.1285005
0,0.13856438
0,0.13634475
0,0.14057791
0,0.1444865
0,0.15141068
0,0.16215026
0,0.1767386
0,0.18369736
0,0.22127779
0,0.23193319
0,0.25037938
0,0.26469484
0,0.26171175
0,0.3096777
0,0.29945576
0,0.28752384
0,0.29388687
0,0.29454613
0,0.32646015
0,0.3068253
0,0.29592133
0,0.28281543
0,0.28957805
0,0.32456964
0,0.30049998
0,0.2964685
0,0.2907482
0,0.2926137
0,0.28793085
0,0.2851321
0,0.29155922
0,0.2734415
0,0.27960494
0,0.26873112
0,0.2760133
0,0.29966527
0,0.30557403
0,0.28494823
0,0.3619977
0,0.3387658
0,0.3480836
0,0.33655325
0,0.36438572
0,0.34410232
0,0.3277114
0,0.29481575
0,0.3352648
0,0.3298659
0,0.33074233
0,0.28192234
0,0.26877066
0,0.23326941
0,0.21694049
0,0.21292587
0,0.1949927
0,0.18427067
0,0.18069303
0,0.170799
0,0.16280183
0,0.17686248
0,0.17203043
0,0.1812812
0,0.17751276
0,0.17413229
0,0.18071212
0,0.1721982
0,0.17459986
0,0.17353937
0,0.2003906
0,0.19518133
0,0.20540462
0,0.20859349
0,0.23219943
0,0.24647509
0,0.2674289
0,0.26812148
0,0.24257332
0,0.2503637
0,0.26330033
0,0.27935815
0,0.25101495
0,0.20999469
0,0.18101916
0,0.16804267
0,0.15591583
0,0.16292569
0,0.1584995
0,0.15721177
0,0.1915026
0,0.17120317
0,0.16217549
0,0.15756185
0,0.15867603
0,0.14556843
0,0.15795264
0,0.1523961
0,0.1548692
0,0.1629582
0,0.16679585
0,0.16475937
0,0.17055342
0,0.17716704
0,0.16926304
0,0.15632413
0,0.15475723
0,0.15248168
0,0.16091251
0,0.16017866
0,0.15539877
0,0.15206179
0,0.14405808
0,0.13738073
0,0.13299659
0,0.13315998
0,0.14661556
0,0.14259467
0,0.1405891
0,0.14202993
0,0.151126
0,0.14961913
0,0.1490383
0,0.15123469
0,0.1546352
0,0.16810505
0,0.18386887
0,0.18213993
0,0.18003725
0,0.18494095
0,0.19698964
0,0.21632704
0,0.23496379
0,0.24432753
0,0.24817663
0,0.25716487
0,0.27363697
0,0.27133074
0,0.2752431
0,0.27853087
0,0.2806117
0,0.2802924
0,0.2752945
0,0.2803677
0,0.27642
0,0.2907523
0,0.2935117
0,0.28122133
0,0.29291123
0,0.2861488
0,0.2739209
0,0.2787303
0,0.27265182
0,0.27341172
0,0.28610066
0,0.30120724
0,0.3363369
0,0.4021531
0,0.37564838
0,0.3450835
0,0.33025256
0,0.29870597
0,0.32966477
0,0.3398036
0,0.33694655
0,0.34731892
0,0.35071132
0,0.3116437
0,0.30395514
0,0.29019997
0,0.26492888
0,0.2587301
0,0.2368623
0,0.22404973
0,0.20009632
0,0.18402098
0,0.17996897
0,0.16625899
0,0.15699787
0,0.15209514
0,0.1539563
0,0.15510449
0,0.15891285
0,0.16368191
0,0.17157431
0,0.18251109
0,0.19597857
0,0.2111379
0,0.2190834
0,0.24188568
0,0.23222943
0,0.23020679
0,0.24119544
0,0.25146368
0,0.28891185
0,0.27355716
0,0.27518195
0,0.28179803
0,0.29900667
0,0.34490317
0,0.33190247
0,0.3220186
0,0.30828378
0,0.31183913
0,0.29355898
0,0.28839427
0,0.298019
0,0.28987217
0,0.31951025
0,0.2887041
0,0.28926447
0,0.28327104
0,0.29010186
0,0.31279668
0,0.28711355
0,0.27061853
0,0.2650943
0,0.27005747
0,0.2858178
0,0.28620657
0,0.27208948
0,0.26185104
0,0.2580964
0,0.27647036
0,0.27173105
0,0.2617729
0,0.26315147
0,0.25889346
0,0.30200878
0,0.28257188
0,0.27056652
0,0.28384855
0,0.26983908
0,0.30143774
0,0.2932648
0,0.3011864
0,0.2832051
0,0.28882524
0,0.33040884
0,0.3207989
0,0.3313317
0,0.33345535
0,0.31534597
0,0.31543934
0,0.30235502
0,0.29617068
0,0.30533814
0,0.3073518
0,0.32228982
0,0.32519567
0,0.32737288
0,0.3226741
0,0.3130321
0,0.32059222
0,0.3130202
0,0.27989
0,0.2780074
0,0.30860493
0,0.26710758
0,0.23888746
0,0.2280836
0,0.2242275
0,0.22558148
0,0.22622006
0,0.22791827
0,0.23236772
0,0.248399
0,0.27245793
0,0.26292077
0,0.26800224
0,0.26904467
0,0.26907083
0,0.26380652
0,0.2689939
0,0.28168243
0,0.27293617
0,0.26712236
0,0.26489657
0,0.26981094
0,0.267992
0,0.26904786
0,0.29032806
0,0.278856
0,0.27206036
0,0.26936302
0,0.26580247
0,0.31899256
0,0.2877131
0,0.29450867
0,0.2804743
0,0.2764734
0,0.3241025
0,0.31667995
0,0.31216356
0,0.2922095
0,0.27422923
0,0.2801566
0,0.26983306
0,0.2687595
0,0.27084255
0,0.2829672
0,0.26283997
0,0.26100057
0,0.25894907
0,0.28331244
0,0.27807948
0,0.30489483
0,0.30961516
0,0.30406648
0,0.29105935
0,0.2838846
0,0.2860117
0,0.3088974
0,0.30776814
0,0.3180711
0,0.32941967
0,0.3453287
0,0.35356426
0,0.36618128
0,0.38837978
0,0.34400445
0,0.34357747
0,0.3202336
0,0.29880497
0,0.2834915
0,0.28090507
0,0.2604516
0,0.25606143
0,0.25658825
0,0.25583813
0,0.2365412
0,0.23658434
0,0.2195027
0,0.21665192
0,0.21131551
0,0.21085061
0,0.21295904
0,0.22435658
0,0.23226349
0,0.22691676
0,0.3826446
0,0.2865829
0,0.24274127
0,0.22941902
0,0.2266598
0,0.23606268
0,0.26158342
0,0.2849084
0,0.29466242
0,0.27429178
0,0.27251062
0,0.2757547
0,0.27052644
0,0.2815465
0,0.28731042
0,0.298062
0,0.28617284
0,0.27107364
0,0.27187654
0,0.2762687
0,0.67462903
0,0.50080454
0,0.46401203
0,0.3990573
0,0.3884623
0,0.30432376
0,0.22907095
0,0.19304922
0,0.19761172
0,0.17711382
0,0.22971083
0,0.22607102
0,0.23044652
0,0.18368734
0,0.15403408
0,0.13934998
0,0.15529357
0,0.14957733
0,0.15272316
0,0.14644763
0,0.15674277
0,0.15302278
0,0.14292477
0,0.13722102
0,0.13822666
0,0.21811558
0,0.1817998
0,0.16490194
0,0.15830635
0,0.17341515
0,0.23710047
0,0.23031533
0,0.2192246
0,0.19604707
0,0.2002618
0,0.18948387
0,0.19927557
0,0.18280788
0,0.18137291
0,0.18223159
0,0.1975102
0,0.24585947
0,0.21005839
0,0.20914614
0,0.21135792
0,0.20019786
0,0.19847268
0,0.18326393
0,0.1913805
0,0.5581409
0,0.45015317
0,0.41913033
0,0.3269355
0,0.24066253
0,0.20838891
0,0.20882817
0,0.23715955
0,0.19705191
0,0.18592824
0,0.18197867
0,0.16760303
0,0.16162091
0,0.16137883
0,0.15525408
0,0.14823475
0,0.14947674
0,0.1417784
0,0.1474052
0,0.14780399
0,0.14196347
0,0.13878216
0,0.13515584
0,0.15644307
0,0.15033995
0,0.15624799
0,0.16361333
0,0.15276374
0,0.14307058
0,0.14059144
0,0.19559681
0,0.19873227
0,0.19849883
0,0.21865039
0,0.2172624
0,0.2110832
0,0.20664103
0,0.22669852
0,0.23612258
0,0.27024215
0,0.30603433
0,0.3255642
0,0.3182142
0,0.29856342
0,0.30230778
0,0.30384552
0,0.31745344
0,0.33639362
0,0.42538646
0,0.3837565
0,0.44920656
0,0.45784193
0,0.42399073
0,0.4330036
0,0.42941466
0,0.40253064
0,0.43015918
0,0.503228
0,0.40574825
0,0.5752485
0,0.43063822
0,0.4803831
0,0.38226923
0,0.4311181
0,0.32537207
0,0.28042805
0,0.2180884
0,0.19280325
0,0.16758665
0,0.15072156
0,0.1470976
0,0.14561515
0,0.16608764
0,0.15669115
0,0.15235163
0,0.135335
0,0.13158363
0,0.12730172
0,0.13832295
0,0.13451895
0,0.1518944
0,0.15295236
0,0.15142533
0,0.14042613
0,0.13702856
0,0.13679038
0,0.14867233
0,0.15232623
0,0.15582602
0,0.1600154
0,0.16783646
0,0.15710607
0,0.1725309
0,0.1701821
0,0.17860672
0,0.17561454
0,0.17841808
0,0.1794707
0,0.16930984
0,0.16626716
0,0.16283907
0,0.16403624
0,0.16575716
0,0.18761419
0,0.22925214
0,0.20981522
0,0.19270213
0,0.17796506
0,0.21008292
0,0.21798767
0,0.20779034
0,0.18197307
0,0.1777896
0,0.16517286
0,0.18186177
0,0.16182008
0,0.16712445
0,0.1657986
0,0.16829428
0,0.175761
0,0.16474558
0,0.17380644
0,0.16384138
0,0.16123007
0,0.1632551
0,0.16457349
0,0.17716007
0,0.62418425
0,0.51038843
0,0.39759108
0,0.30861527
0,0.23779516
0,0.18438204
0,0.16349643
0,0.15528357
0,0.15287529
0,0.15196875
0,0.14343198
0,0.13750435
0,0.13304946
0,0.13576113
0,0.14482386
0,0.14815533
0,0.16175
0,0.17117213
0,0.16354838
0,0.1445941
0,0.14852446
0,0.14467438
0,0.14850222
0,0.15406515
0,0.13828118
0,0.13793316
0,0.14449918
0,0.13921152
0,0.14783339
0,0.2448271
0,0.36653817
0,0.31168842
0,0.27052408
0,0.24669957
0,0.22275954
0,0.20726964
0,0.20229387
0,0.20606828
0,0.19735947
0,0.19883682
0,0.19563176
0,0.19207023
0,0.19394346
0,0.2028532
0,0.21400629
0,0.22233006
0,0.24348655
0,0.25544423
0,0.24399649
0,0.2495177
0,0.25398758
0,0.23773347
0,0.24866778
0,0.26784652
0,0.28447732
0,0.29009253
0,0.2990744
0,0.29546818
0,0.2900774
0,0.28907618
0,0.28937256
0,0.68070805
0,0.50116813
0,0.44262037
0,0.38296396
0,0.37493202
0,0.33683637
0,0.31587964
0,0.28038743
0,0.28666812
0,0.29813442
0,0.26847568
0,0.24473119
0,0.22495528
0,0.20828678
0,0.21279994
0,0.20365247
0,0.19614272
0,0.19626677
0,0.19118401
0,0.19313215
0,0.20775022
0,0.21011144
0,0.22588092
0,0.23637375
0,0.23237878
0,0.23974578
0,0.24432613
0,0.24793284
0,0.26271087
0,0.26196226
0,0.27615196
0,0.28024527
0,0.27908885
0,0.27855158
0,0.28199098
0,0.2930194
0,0.3056122
0,0.29104638
0,0.29137087
0,0.30064473
0,0.32539743
0,0.31348875
0,0.30902064
0,0.30880708
0,0.32068944
0,0.33511895
0,0.3655646
0,0.34753957
0,0.327883
0,0.30750328
0,0.3108863
0,0.30146885
0,0.30219275
0,0.293009
0,0.27477926
0,0.25356928
0,0.24163513
0,0.22350587
0,0.21128823
0,0.21176864
0,0.20610264
0,0.19540782
0,0.19074269
0,0.19250807
0,0.19837876
0,0.19227055
0,0.18372788
0,0.18304572
0,0.17675568
0,0.18163757
0,0.1776991
0,0.1818906
0,0.17798932
0,0.18746836
0,0.19107114
0,0.20414749
0,0.2111887
0,0.21771546
0,0.22732134
0,0.23447348
0,0.24212547
0,0.23326004
0,0.23397571
0,0.24244587
0,0.24235086
0,0.25011986
0,0.2529299
0,0.26412708
0,0.27181038
0,0.2717803
0,0.27865338
0,0.28145722
0,0.2809643
0,0.2772106
0,0.29774728
0,0.2934184
0,0.28902832
0,0.27352268
0,0.28952762
0,0.32103986
0,0.41644934
0,0.43094304
0,0.4873957
0,0.49320775
0,0.5427598
0,0.54755306
0,0.6282372
0,0.5780922
1,0.56496745
1,0.5723107
1,0.61677253
1,0.64548326
1,0.6083883
1,0.6406452
1,0.58315295
1,0.7029294
1,0.75481236
1,0.75849485
1,0.77245414
1,0.7751097
1,0.75377965
1,0.6985353
1,0.55659103
0,0.9529507
0,0.7913743
0,0.7001995
0,0.6377376
0,0.5600152
0,0.48358092
0,0.4285928
0,0.3815675
0,0.37729084
0,0.32861206
0,0.2987525
0,0.25432533
0,0.2404832
0,0.20868385
0,0.17360613
0,0.17327972
0,0.1839922
0,0.18291888
0,0.18542895
0,0.17577946
0,0.1753059
0,0.17007491
0,0.16053094
0,0.15604348
0,0.16116714
0,0.15520498
0,0.14921802
0,0.1500847
0,0.14143416
0,0.12844889
0,0.15042903
0,0.14977428
0,0.15913975
0,0.16038108
0,0.1720938
0,0.17724007
0,0.1960882
0,0.20087186
0,0.20940691
0,0.2229276
0,0.2332666
0,0.23572326
0,0.25033
0,0.24904208
0,0.24329337
0,0.2545649
0,0.28871605
0,0.31677315
0,0.31789383
0,0.296676
0,0.30526423
0,0.2965463
0,0.30537173
0,0.2812261
0,0.30315152
0,0.3112023
0,0.308957
0,0.29332843
0,0.29716346
0,0.29161337
0,0.28522688
0,0.27704063
0,0.30360657
0,0.29225573
0,0.2746669
0,0.25277156
0,0.24931999
0,0.23145793
0,0.20790397
0,0.19861619
0,0.19708353
0,0.2036988
0,0.20955954
0,0.23219964
0,0.23741058
0,0.25929108
0,0.25966057
0,0.26291105
0,0.24791834
0,0.2260153
0,0.25274482
0,0.23777853
0,0.23674975
0,0.21279149
0,0.18581139
0,0.18160093
0,0.20403528
0,0.18638839
0,0.17858164
0,0.17879416
0,0.19894706
0,0.22312436
0,0.19454871
0,0.17790367
0,0.16978556
0,0.15793413
0,0.16716436
0,0.15421449
0,0.15584862
0,0.14302212
0,0.14125651
0,0.13576059
0,0.13727517
0,0.14191552
0,0.1381086
0,0.13872136
0,0.14521502
0,0.14581254
0,0.14796394
0,0.15634076
0,0.16636732
0,0.17731819
0,0.1813693
0,0.18895309
0,0.19884779
0,0.21687804
0,0.22680685
0,0.23154633
0,0.26746312
0,0.29782072
0,0.32807514
0,0.38530284
0,0.3696401
0,0.33650383
0,0.36659515
0,0.35205656
0,0.3252887
0,0.33175516
0,0.40977162
0,0.3348667
0,0.306646
0,0.3034424
0,0.2472293
0,0.20310454
0,0.17178954
0,0.16461007
0,0.1592872
0,0.16244134
0,0.16937058
0,0.15913388
0,0.16454846
0,0.17565805
0,0.17623886
0,0.1637218
0,0.14639921
0,0.14593504
0,0.14791352
0,0.1418532
0,0.1587504
0,0.15514538
0,0.143243
0,0.13728777
0,0.13989331
0,0.14072293
0,0.13905662
0,0.13324364
0,0.13707983
0,0.14924565
0,0.1486867
0,0.14999697
0,0.15354836
0,0.15484504
0,0.1649975
0,0.17307004
0,0.18483683
0,0.20778376
0,0.2183025
0,0.23949541
0,0.22707072
0,0.22336745
0,0.24134828
0,0.25083673
0,0.2820469
0,0.31505102
0,0.32900897
0,0.3466429
0,0.37910727
0,0.36986527
1,0.39956418
1,0.39049545
1,0.47560257
1,0.48775882
1,0.5703466
1,0.6031225
1,0.6093111
1,0.58554137
1,0.5288955
1,0.5870583
1,0.5706245
1,0.5490159
1,0.61346895
1,0.6045157
1,0.57413864
0,0.9528969
0,0.86597383
0,0.84324396
0,0.80320626
0,0.7632225
0,0.6858877
0,0.6790801
0,0.6521288
0,0.64936674
0,0.6357744
0,0.5746337
0,0.5615971
0,0.56072533
0,0.58459365
0,0.6087252
0,0.62115645
0,0.65559524
0,0.6213764
0,0.60983515
0,0.5628979
0,0.56260645
0,0.5099385
0,0.5721147
0,0.5497621
0,0.553386
0,0.63186055
0,0.63416135
1,0.6592658
1,0.62175816
1,0.5609951
1,0.5828372
1,0.57407165
1,0.56929135
1,0.5134243
1,0.50073314
1,0.4943925
1,0.4916977
1,0.44903195
1,0.4118386
1,0.48317745
1,0.54296994
1,0.64224076
1,0.94929606
1,0.8600493
1,0.83107543
1,0.8031689
1,0.73472047
1,0.72624046
0,0.9687469
0,0.8929189
0,0.8722445
0,0.84418815
0,0.8494839
0,0.8189866
0,0.7648104
0,0.7589146
0,0.6971215
0,0.69577086
0,0.6883849
0,0.64993775
0,0.61873245
0,0.5699611
0,0.5086062
0,0.4803707
0,0.46572074
0,0.47466123
0,0.5687399
0,0.60922235
0,0.6542076
0,0.6716587
0,0.6638942
0,0.522559
0,0.41218892
0,0.40185148
0,0.40391722
0,0.4384332
0,0.36622378
0,0.33276582
0,0.30123475
0,0.2708112
0,0.27136785
0,0.27319315
0,0.29924455
0,0.28087488
0,0.30166504
0,0.37163123
0,0.37212196
0,0.32202467
0,0.26369038
0,0.2784213
0,0.26131102
0,0.3345337
0,0.29830027
0,0.2679693
0,0.2163794
0,0.1889829
0,0.16249618
0,0.1428492
0,0.13444783
0,0.13250095
0,0.13174951
0,0.13188191
0,0.13364737
0,0.12592952
0,0.12005879
0,0.12473302
0,0.13204458
0,0.13209623
0,0.13230251
0,0.13026649
0,0.14977658
0,0.15373597
0,0.1680085
0,0.17237414
0,0.18454474
0,0.18619438
0,0.19128707
0,0.19172913
0,0.19997749
0,0.21658728
0,0.21774724
0,0.27133185
0,0.32620078
0,0.45782453
0,0.48602054
0,0.5331601
0,0.5064709
0,0.48680788
0,0.47661924
0,0.4630507
0,0.42109764
0,0.3586804
0,0.28130713
0,0.21835552
0,0.18843822
0,0.19504791
0,0.2047744
0,0.20617642
0,0.18500799
0,0.1863583
0,0.21295236
0,0.23085147
0,0.20831697
0,0.19810645
0,0.22606333
0,0.20939444
0,0.20362516
0,0.19424985
0,0.18415289
0,0.17334376
0,0.16373374
0,0.13897352
0,0.13123588
0,0.13132344
0,0.13632894
0,0.131647
0,0.12448672
0,0.1267781
0,0.12570906
0,0.13223834
0,0.12986763
0,0.13152719
0,0.13219471
0,0.13654867
0,0.13692157
0,0.14944024
0,0.15341757
0,0.15987217
0,0.16392691
0,0.1761187
0,0.20256694
0,0.21942176
0,0.234468
0,0.25307772
0,0.26371473
0,0.26181048
0,0.26254675
0,0.2767438
0,0.29591846
0,0.28745386
0,0.29403526
0,0.30316576
0,0.28575623
0,0.2704634
0,0.28320885
0,0.2717288
0,0.28586277
0,0.26449016
0,0.27037415
0,0.26176396
0,0.25933424
0,0.25369656
0,0.26291946
0,0.2575283
0,0.28984943
0,0.2763089
0,0.26715538
0,0.28353307
0,0.27367365
0,0.2706097
0,0.26664206
0,0.2647672
0,0.28348947
0,0.28802568
0,0.27189746
0,0.29404387
0,0.27613223
0,0.29563046
0,0.26914582
0,0.29042655
0,0.29715452
0,0.3013489
0,0.3070301
0,0.29648972
0,0.27662528
0,0.2659154
0,0.2887241
0,0.2961796
0,0.2919019
0,0.27832833
0,0.26820704
0,0.27531654
0,0.25821656
0,0.25866958
0,0.25716934
0,0.26882526
0,0.25853735
0,0.2561085
0,0.2743281
0,0.2647674
0,0.25893563
0,0.26572168
0,0.2723515
0,0.26368836
0,0.28303748
0,0.28715312
0,0.29062432
0,0.28580013
0,0.29485252
0,0.31436497
0,0.32818156
0,0.34303078
0,0.3382162
0,0.33357593
0,0.3331705
0,0.30190524
0,0.28748232
0,0.31136668
0,0.29437152
0,0.31508255
0,0.2969061
0,0.28868628
0,0.28638157
0,0.2794243
0,0.2739819
0,0.28064197
0,0.29280883
0,0.3066295
0,0.28722367
0,0.29227597
0,0.30365726
0,0.2838254
0,0.2858178
0,0.3090742
0,0.29652795
0,0.2789613
0,0.3071155
0,0.2906048
0,0.29659906
0,0.29614887
0,0.3014151
0,0.29248565
0,0.3067804
0,0.3121314
0,0.30645415
0,0.2835482
0,0.29485393
0,0.27587745
0,0.27684188
0,0.2744196
0,0.30402118
0,0.2867664
0,0.26993167
0,0.26674637
0,0.27710012
0,0.26127762
0,0.25592995
0,0.2584522
0,0.25774866
0,0.27445224
0,0.2636378
0,0.25993735
0,0.26677176
0,0.26687184
0,0.26278284
0,0.25777125
0,0.26479822
0,0.28280926
0,0.2777114
0,0.31059542
0,0.28993678
0,0.27481183
0,0.34563807
0,0.33884117
0,0.30430895
0,0.30584985
0,0.29334238
0,0.29081142
0,0.27447015
0,0.27450332
0,0.28970852
0,0.2796033
0,0.2764339
0,0.28301775
0,0.27791047
0,0.27588138
0,0.279119
0,0.27592522
0,0.28430453
0,0.27668655
0,0.2709281
0,0.27085328
0,0.274788
0,0.27083427
0,0.27806187
0,0.29035252
0,0.27340493
0,0.2927878
0,0.29037824
0,0.2830392
0,0.26817432
0,0.27340153
0,0.2660264
0,0.27865142
0,0.27770415
0,0.2931548
0,0.29286152
0,0.29764488
0,0.2986623
0,0.3161287
0,0.33487472
0,0.32787314
0,0.30945498
0,0.32472757
0,0.33318913
0,0.33895892
0,0.3051914
0,0.3037123
0,0.2913438
0,0.27468252
0,0.2682139
0,0.2680259
0,0.27281645
0,0.27033797
0,0.26362216
0,0.27033547
0,0.28756428
0,0.28593075
0,0.29318738
0,0.28708598
0,0.2731308
0,0.27619553
0,0.27574107
0,0.27684173
0,0.27233225
0,0.28955793
0,0.27819732
0,0.2843715
0,0.2649396
0,0.26596114
0,0.2695677
0,0.28256992
0,0.2952072
0,0.30783993
0,0.3064256
0,0.3286385
0,0.30989125
0,0.3063286
0,0.29298487
0,0.28402773
0,0.29198664
0,0.30474377
0,0.28087384
0,0.31273898
0,0.28258124
0,0.27369353
0,0.30636543
0,0.27450094
0,0.27476487
0,0.26972046
0,0.27100712
0,0.27213487
0,0.2686851
0,0.25825214
0,0.25708327
0,0.26784474
0,0.27084306
0,0.2722568
0,0.26469025
0,0.27640808
0,0.26636803
0,0.2597683
0,0.26083186
0,0.29869837
0,0.29966217
0,0.28143567
0,0.280422
0,0.28412867
0,0.28288507
0,0.27351373
0,0.29108495
0,0.27693433
0,0.2772932
0,0.28342643
0,0.2776338
0,0.2702179
0,0.26528528
0,0.27689227
0,0.26444706
0,0.27077442
0,0.2711702
0,0.26597738
0,0.2872093
0,0.2675228
0,0.25529978
0,0.26168224
0,0.27186152
0,0.26147977
0,0.26069507
0,0.25471795
0,0.27014202
0,0.26820678
0,0.26858273
0,0.2749452
0,0.2727529
0,0.27869752
0,0.2886738
0,0.30837366
0,0.28430444
0,0.26863885
0,0.28925815
0,0.26994509
0,0.29534033
0,0.28347695
0,0.28170088
0,0.27833602
0,0.27371317
0,0.27030385
0,0.26566666
0,0.27886203
0,0.26831433
0,0.267145
0,0.26021487
0,0.25603426
0,0.2520227
0,0.27096784
0,0.26905397
0,0.27426863
0,0.27908266
0,0.27429914
0,0.27255523
0,0.2720569
0,0.281051
0,0.2872508
0,0.28565577
0,0.29568875
0,0.29056177
0,0.33945608
0,0.3435931
0,0.3269357
0,0.3251648
0,0.3197672
0,0.3071823
0,0.33584896
0,0.3192507
0,0.3034665
0,0.29533708
0,0.2972428
0,0.31966504
0,0.29949963
0,0.29111093
0,0.28612414
0,0.3142873
0,0.3062047
0,0.30149618
0,0.28953448
0,0.29839274
0,0.27710462
0,0.28073546
0,0.27197608
0,0.25971752
0,0.24801022
0,0.24705416
0,0.24790479
0,0.24012484
0,0.25779104
0,0.27109414
0,0.30814192
0,0.34381643
0,0.37568644
0,0.37819415
0,0.414179
0,0.41601992
0,0.4419342
0,0.47322652
0,0.44752032
0,0.3595649
0,0.2570189
0,0.23249899
0,0.19303598
0,0.15788218
0,0.14320412
0,0.13546248
0,0.12988761
0,0.14038523
0,0.14916971
0,0.16004637
0,0.16907603
0,0.14499567
0,0.13682637
0,0.14114045
0,0.13725019
0,0.1368832
0,0.13583666
0,0.13816218
0,0.1410182
0,0.14494927
0,0.1508658
0,0.1558842
0,0.16119893
0,0.17944606
0,0.20001076
0,0.22458579
0,0.250668
0,0.27034026
0,0.2816748
0,0.29554373
0,0.28371665
0,0.26998854
0,0.26196596
0,0.25744453
0,0.25961486
0,0.24931051
0,0.25090918
0,0.26870802
0,0.2954333
0,0.33114678
0,0.33329868
0,0.34857056
0,0.32973066
0,0.31505206
0,0.2906926
0,0.31650248
0,0.2539352
0,0.24038368
0,0.21607475
0,0.19539782
0,0.20079891
0,0.17233402
0,0.16605143
0,0.16280055
0,0.1652148
0,0.16809611
0,0.17488183
0,0.1747552
0,0.16534454
0,0.16480626
0,0.16046622
0,0.15955776
0,0.1640663
0,0.15828799
0,0.15515403
0,0.17036122
0,0.17343655
0,0.17906667
0,0.18009193
0,0.20058106
0,0.19983129
0,0.22153947
0,0.22336745
0,0.24900036
0,0.27266994
0,0.25627202
0,0.242684
0,0.23834695
0,0.2128709
0,0.18938306
0,0.18418564
0,0.16714421
0,0.16336553
0,0.1576036
0,0.16404432
0,0.15905255
0,0.15712884
0,0.15658674
0,0.15396751
0,0.15850316
0,0.16449647
0,0.16377999
0,0.1716619
0,0.18203469
0,0.19271192
0,0.19532092
0,0.20823123
0,0.22153842
0,0.23162414
0,0.24361381
0,0.2521106
0,0.2655532
0,0.29266283
0,0.2847354
0,0.28918466
0,0.30134434
0,0.2921351
0,0.28477913
0,0.2791969
0,0.29255158
0,0.3159485
0,0.31533167
0,0.30144545
0,0.30016568
0,0.28071806
0,0.30021355
0,0.3071883
0,0.2774807
0,0.30552694
0,0.2919034
0,0.31798545
0,0.33850056
0,0.29577497
0,0.30729488
0,0.2971008
0,0.30566442
0,0.29651755
0,0.3011721
0,0.29551125
0,0.28145468
0,0.28783906
0,0.30293375
0,0.29152152
0,0.2933484
0,0.29672638
0,0.30696952
0,0.32942456
0,0.29605624
0,0.27480963
0,0.2961164
0,0.29272303
0,0.2729931
0,0.31306556
0,0.31484723
0,0.30056912
0,0.32784262
0,0.36389783
0,0.33459535
0,0.323074
0,0.33118248
0,0.31312647
0,0.34514275
0,0.2902333
0,0.31533566
0,0.25564995
0,0.23948608
0,0.22698954
0,0.213997
0,0.20323525
0,0.19284682
0,0.18365653
0,0.17290731
0,0.18464021
0,0.17499451
0,0.18011518
0,0.17027913
0,0.1676103
0,0.17477852
0,0.17175746
0,0.17217857
0,0.17070676
0,0.17564988
0,0.19088805
0,0.20381181
0,0.20592353
0,0.21809828
0,0.23415232
0,0.24073887
0,0.24074164
0,0.25491413
0,0.27073944
0,0.2827878
0,0.28271663
0,0.28470144
0,0.29541507
0,0.2977925
0,0.29157168
0,0.30999947
0,0.30645627
0,0.31794813
0,0.31198552
0,0.29839435
0,0.29186812
0,0.28158027
0,0.28250337
0,0.28843528
0,0.2952485
0,0.3340652
0,0.34731
0,0.33800322
0,0.34648266
0,0.34019014
0,0.34598488
0,0.34359127
0,0.3296431
0,0.3370175
0,0.3200605
0,0.29539192
0,0.2957692
0,0.27058318
0,0.22454558
0,0.23512904
0,0.21471667
0,0.19899659
0,0.20510054
0,0.20633475
0,0.19028245
0,0.17682587
0,0.15679197
0,0.15261637
0,0.14618422
0,0.1591411
0,0.16695422
0,0.16533567
0,0.16467746
0,0.15768525
0,0.15967543
0,0.16293731
0,0.15948237
0,0.16406918
0,0.14958316
0,0.14994977
0,0.15755782
0,0.14822099
0,0.14972827
0,0.15169361
0,0.15111287
0,0.16157904
0,0.178459
0,0.1817211
0,0.18705079
0,0.20219709
0,0.23299345
0,0.23445629
0,0.23776506
0,0.25024083
0,0.24551873
0,0.27826068
0,0.2647184
0,0.26519322
0,0.26512396
0,0.2719917
0,0.29066512
0,0.27642226
0,0.29258704
0,0.30753812
0,0.27323523
0,0.2799836
0,0.27438745
0,0.2717346
0,0.27125072
0,0.28251475
0,0.27824685
0,0.29071295
0,0.2957752
0,0.2744457
0,0.2884064
0,0.28812662
0,0.27541047
0,0.27910456
0,0.29491583
0,0.2886301
0,0.2791472
0,0.28547698
0,0.31783253
0,0.29291052
0,0.29967633
0,0.29722455
0,0.2778316
0,0.27645728
1,0.3054753
1,0.28322673
1,0.27612317
1,0.27987888
1,0.2849441
1,0.31639025
1,0.29312783
1,0.28508776
1,0.27371183
1,0.27609673
1,0.27489918
1,0.2885686
1,0.28708592
1,0.26947105
1,0.291278
0,0.927916
0,0.70943105
0,0.61400634
0,0.57896954
0,0.5027665
0,0.43659225
0,0.36608854
0,0.31930676
0,0.27829674
0,0.25338477
0,0.21296415
0,0.1855206
0,0.1759858
0,0.15382105
0,0.15700781
0,0.14493425
0,0.14740227
0,0.13288526
0,0.13045877
0,0.12906848
0,0.12607457
0,0.12480914
0,0.13006137
0,0.13691145
0,0.1534468
0,0.1683146
0,0.18509914
0,0.19612432
0,0.2037746
0,0.23147786
0,0.27117783
0,0.28220758
0,0.28333327
0,0.27534592
0,0.27451393
0,0.2705583
0,0.29518017
0,0.2759517
0,0.2829613
0,0.2800211
0,0.28785518
0,0.28474984
0,0.28660735
0,0.2865654
0,0.274386
0,0.27766386
0,0.29027146
0,0.29030216
0,0.2817939
0,0.2795918
0,0.27439457
0,0.26798323
0,0.27517438
0,0.28603452
0,0.28739616
0,0.28046197
0,0.2928756
0,0.2864823
0,0.2942903
0,0.29828742
0,0.2853974
0,0.29122904
0,0.28574005
0,0.29086906
0,0.3095896
0,0.30757773
0,0.30424532
0,0.2961112
0,0.31582037
0,0.2967388
0,0.29461578
0,0.29351252
0,0.29302716
0,0.2943587
0,0.30718789
0,0.30552474
0,0.30885175
0,0.29487374
0,0.31229964
0,0.31239262
0,0.30267742
0,0.30030903
0,0.3015501
0,0.28961945
0,0.29768103
0,0.29635957
0,0.5467535
0,0.41795725
0,0.35128567
0,0.33328125
0,0.3193739
0,0.31033176
0,0.27612957
0,0.2655607
0,0.26053128
0,0.24007611
0,0.22519554
0,0.20788921
0,0.19277395
0,0.2000212
0,0.187311
0,0.18965779
0,0.18105963
0,0.18634276
0,0.20246406
0,0.17659274
0,0.16245373
0,0.15604216
0,0.15725753
0,0.153756
0,0.15907225
0,0.15634407
0,0.15305014
0,0.16070096
0,0.16501348
0,0.17333305
0,0.22990415
0,0.22644508
0,0.2264941
0,0.23886946
0,0.2378813
0,0.24024713
0,0.24985762
0,0.24740052
0,0.25357816
0,0.2485752
0,0.24659355
0,0.24933077
0,0.25791344
0,0.25494167
0,0.26252082
0,0.28745395
0,0.3134472
0,0.31400505
0,0.30858085
0,0.2889886
0,0.30297005
0,0.32604316
0,0.3201615
0,0.3105209
0,0.2998112
0,0.29693758
0,0.28455794
0,0.2860365
0,0.30376506
0,0.302292
0,0.30449083
0,0.30021745
0,0.30502486
1,0.28993583
1,0.28027976
1,0.28847858
1,0.32993525
1,0.32519928
1,0.31755173
1,0.3052666
1,0.26522884
1,0.26124334
1,0.25880495
1,0.24467699
1,0.24019475
1,0.21400614
1,0.20459487
1,0.1899148
0,0.91431695
0,0.80398595
0,0.73551667
0,0.6450175
0,0.5408866
0,0.46152228
0,0.3493568
0,0.28617755
0,0.23732018
0,0.1955316
0,0.1888241
0,0.19956006
0,0.17646345
0,0.1664509
0,0.15225033
0,0.13938995
0,0.13504793
0,0.13010147
0,0.13661365
0,0.1346416
0,0.13255866
0,0.13305596
0,0.14074738
0,0.1488992
0,0.1438353
0,0.14201504
0,0.13859715
0,0.14395691
0,0.13914265
0,0.14333215
0,0.21529959
0,0.22230367
0,0.23224501
0,0.25565207
0,0.2541168
0,0.25376472
0,0.2596905
0,0.2751925
0,0.2654243
0,0.25479722
0,0.25791097
0,0.28045183
0,0.2788258
0,0.2773453
0,0.28064898
0,0.26620516
0,0.26254028
0,0.26884553
0,0.27228528
0,0.27170026
0,0.28150487
0,0.29119724
0,0.28950605
0,0.2926322
0,0.29986575
0,0.3220015
0,0.36373967
0,0.32583633
0,0.30501348
0,0.3006771
0,0.28914905
0,0.2989058
0,0.29495832
0,0.3082411
0,0.33766973
0,0.3174805
0,0.31021014
0,0.29908898
0,0.29309168
0,0.30060983
0,0.31492126
0,0.29862118
0,0.2783383
0,0.29144165
0,0.281286
0,0.27259123
0,0.2684421
0,0.25266263
0,0.2576076
0,0.25302494
0,0.22868417
0,0.23393494
0,0.24257214
0,0.23929168
0,0.26228002
0,0.27685586
0,0.2758047
0,0.23396358
0,0.20970684
0,0.21138932
0,0.203313
0,0.19373043
0,0.19187991
0,0.19595663
0,0.20570111
0,0.19642022
0,0.19367175
0,0.1941385
0,0.19489588
0,0.19248943
0,0.19320095
0,0.19743016
0,0.20066051
0,0.21046974
0,0.23668222
0,0.23721918
0,0.23520505
0,0.23351818
0,0.23927712
0,0.22924317
0,0.23391084
0,0.2356832
0,0.24904647
0,0.27078688
0,0.2954383
0,0.30223578
0,0.31075978
0,0.30340692
0,0.29484344
0,0.29493994
0,0.30217278
0,0.2985275
0,0.3031977
0,0.29222304
0,0.28635946
0,0.2825175
0,0.28754228
0,0.28030282
0,0.27234778
0,0.2707981
0,0.28586182
0,0.2846327
0,0.28955242
0,0.29452437
0,0.29372373
0,0.29437447
0,0.29705977
0,0.2953218
0,0.28797475
0,0.30454347
0,0.3114748
0,0.3017534
0,0.3134445
0,0.29079622
0,0.293277
0,0.3058323
0,0.29519776
0,0.33065274
0,0.30821612
0,0.5290157
0,0.4012964
0,0.3542367
0,0.3287996
0,0.29048064
0,0.27771303
0,0.24513409
0,0.22310881
0,0.20371431
0,0.19131923
0,0.19674174
0,0.19395904
0,0.1991535
0,0.1930097
0,0.1924335
0,0.17334953
0,0.17483121
0,0.16740769
0,0.18741128
0,0.1801119
0,0.18101357
0,0.15205967
0,0.14795908
0,0.14316867
0,0.14485198
0,0.1506496
0,0.15060489
0,0.15156181
0,0.16577826
0,0.16596286
0,0.19668657
0,0.19999611
0,0.2057841
0,0.19738266
0,0.19792596
0,0.20534621
0,0.20126384
0,0.19824086
0,0.20692316
0,0.21409658
0,0.2093875
0,0.22340393
0,0.22624263
0,0.23317383
0,0.244291
0,0.2468066
0,0.25658098
0,0.26250032
0,0.27727008
0,0.2809045
0,0.2730403
0,0.28389
0,0.32125816
0,0.33244812
0,0.30006534
0,0.29232758
0,0.3077569
0,0.29547602
0,0.30123886
0,0.34667647
0,0.30600592
0,0.30168092
0,0.29914275
0,0.30564505
0,0.30724493
0,0.29839998
0,0.30445346
0,0.30045062
0,0.2931451
0,0.27941817
0,0.28998128
0,0.27662346
0,0.27451754
0,0.25558314
0,0.23019513
0,0.22500816
0,0.22116654
0,0.21437459
0,0.21173891
0,0.21176499
0,0.21677004
0,0.22159241
0,0.23688081
0,0.2593322
0,0.261583
0,0.2516151
0,0.26203108
0,0.2781428
0,0.28991207
0,0.29413792
0,0.29892907
0,0.29909796
0,0.2773534
0,0.31320888
0,0.4507063
0,0.41900694
0,0.39543486
0,0.41058442
0,0.36414453
0,0.33119664
0,0.29076034
0,0.25841272
0,0.23140441
0,0.21325606
0,0.19540003
0,0.1903433
0,0.1930257
0,0.19625139
0,0.17947899
0,0.16803282
0,0.15583067
0,0.1489501
0,0.14911108
0,0.14709505
0,0.14863063
0,0.1413452
0,0.13780218
0,0.1353167
0,0.15412927
0,0.14792112
0,0.15291522
0,0.15390912
0,0.169955
0,0.17148419
0,0.1835666
0,0.19177967
0,0.20506206
0,0.21877651
0,0.23625857
0,0.2300443
0,0.23220862
0,0.22538847
0,0.22094794
0,0.21248278
0,0.20577702
0,0.21020347
0,0.22674868
0,0.26149136
0,0.2575982
0,0.2552804
0,0.24544647
0,0.24176489
0,0.23911174
0,0.23595485
0,0.23979439
0,0.23246919
0,0.22996809
0,0.23970903
0,0.24144188
0,0.24382298
0,0.25556242
0,0.24821365
0,0.25545436
0,0.2568685
0,0.2644279
0,0.2574043
0,0.28731406
0,0.27914897
0,0.657644
0,0.48453182
0,0.49360132
0,0.42033273
0,0.37012962
0,0.31703728
0,0.27598363
0,0.24730565
0,0.23988087
0,0.20526356
0,0.18294694
0,0.16875404
0,0.16330361
0,0.15240468
0,0.1448745
0,0.1454463
0,0.1399659
0,0.14421818
0,0.14133836
0,0.13727027
0,0.13857679
0,0.14132586
0,0.14501171
0,0.14965424
0,0.15210433
0,0.15229107
0,0.1630437
0,0.16682929
0,0.19392332
0,0.1964591
0,0.29463887
0,0.28903234
0,0.293273
0,0.29843372
0,0.29330873
0,0.2964987
0,0.28181365
0,0.2893617
0,0.29360408
0,0.3266333
0,0.30050805
0,0.28971344
0,0.58015203
0,0.43009734
0,0.4339946
0,0.36473742
0,0.3358452
0,0.30185026
0,0.26475024
0,0.24315852
0,0.22160979
0,0.2173964
0,0.20741136
0,0.20137742
0,0.2042562
0,0.19353212
0,0.18432146
0,0.18116723
0,0.1760195
0,0.17300862
0,0.18084414
0,0.17480284
0,0.16885936
0,0.16899298
0,0.16497418
0,0.17326066
0,0.17728014
0,0.18372452
0,0.19616632
0,0.20276906
0,0.2091977
0,0.21341819
0,0.29919994
0,0.30098483
0,0.3058047
0,0.28862968
0,0.28480858
0,0.29857945
0,0.28708956
0,0.2897022
0,0.29647508
0,0.2900603
0,0.2816145
0,0.2921673
0,0.29402813
0,0.2880256
0,0.2788184
0,0.28653708
0,0.2880946
0,0.27420285
0,0.28122956
0,0.28324863
0,0.2801307
0,0.28985262
0,0.293859
0,0.29320917
0,0.30103078
0,0.30897698
0,0.30416492
0,0.31470987
0,0.30872795
0,0.29446158
0,0.3109484
0,0.3239308
0,0.3307992
0,0.34369582
0,0.32374778
0,0.327952
0,0.2985233
0,0.2924831
0,0.29519585
0,0.30167463
0,0.30474427
0,0.3214166
0,0.30156887
0,0.2743984
0,0.28450453
0,0.2702151
0,0.25879264
0,0.24489434
0,0.25386986
0,0.24660918
0,0.24773926
0,0.2533147
0,0.24829757
0,0.24221908
0,0.25925812
0,0.26312307
0,0.27172992
0,0.27929166
0,0.29215193
0,0.28003758
0,0.28098068
0,0.29182166
0,0.2884106
0,0.30791503
0,0.29428253
0,0.29102758
0,0.3106777
0,0.29569188
0,0.2857642
0,0.32972103
0,0.31312534
0,0.29624987
0,0.31421193
0,0.3900653
0,0.35403493
0,0.32828176
0,0.29881427
0,0.28109926
0,0.2832467
0,0.27992722
0,0.27283233
0,0.27171016
0,0.27150595
0,0.26185307
0,0.26161906
0,0.25768334
0,0.26024264
0,0.25653386
0,0.26585707
0,0.2678973
0,0.85128534
0,0.67554045
0,0.58334917
0,0.5290143
0,0.43801856
0,0.38271946
0,0.33502463
0,0.26423022
0,0.20599763
0,0.21503818
0,0.1817028
0,0.15751603
0,0.15619212
0,0.15938914
0,0.15076156
0,0.14112635
0,0.13686793
0,0.13975532
0,0.16136225
0,0.1458202
0,0.150894
0,0.143333
0,0.1363663
0,0.13780807
1,0.13145393
1,0.13295649
1,0.14198904
1,0.14615393
1,0.15001896
1,0.15330596
1,0.2806652
1,0.28084418
1,0.28474152
1,0.2913079
1,0.299926
1,0.30935016
1,0.2940156
1,0.28501257
1,0.28122485
0,0.92563367
0,0.73595375
0,0.63520414
0,0.61506677
0,0.5497668
0,0.49018213
0,0.4199152
0,0.36168656
0,0.3365607
0,0.3016447
0,0.2506254
0,0.21376632
1,0.17151678
1,0.15412837
1,0.14065295
1,0.13945308
1,0.13464448
1,0.12935008
1,0.1335559
1,0.12769501
1,0.14369026
1,0.13962473
1,0.13907743
1,0.14050607
1,0.14355516
1,0.13986623
1,0.1497447
0,0.8907067
0,0.7213743
0,0.9484878
0,0.93955606
0,0.89904577
0,0.84577256
0,0.79407835
0,0.6979816
0,0.59997195
0,0.50151956
0,0.44980654
0,0.44507644
0,0.42411348
0,0.30618906
0,0.263496
0,0.23283347
0,0.19923511
0,0.1777841
0,0.15804648
0,0.1482918
0,0.14393568
0,0.13266353
0,0.13208178
0,0.13238627
0,0.14187926
0,0.13362515
0,0.1336689
0,0.14626186
0,0.13946299
0,0.13786778
0,0.16942945
0,0.18201743
0,0.31290817
0,0.3347316
0,0.31844303
0,0.29947272
0,0.29500145
0,0.28862762
0,0.27910295
0,0.278104
0,0.2782504
0,0.2914682
0,0.29359776
0,0.3010543
0,0.3107637
0,0.3033954
0,0.28170028
0,0.2691181
0,0.26705158
0,0.25839844
0,0.29488602
0,0.26698512
0,0.2681053
0,0.2767772
0,0.25628126
0,0.24969773
0,0.24054173
0,0.25011688
0,0.23955238
0,0.24979898
0,0.25917777
0,0.2646736
0,0.28362313
0,0.3201897
0,0.29918414
0,0.29340982
0,0.30488265
0,0.29120636
0,0.261276
0,0.25911763
0,0.26620787
0,0.25446096
0,0.24380329
0,0.24914439
0,0.2508034
0,0.2520142
0,0.25032738
0,0.25057802
0,0.25502875
0,0.2657654
0,0.27599353
0,0.28239822
0,0.2769221
0,0.29070735
0,0.29120442
0,0.30153623
0,0.27684814
0,0.28665164
0,0.27318585
0,0.2761493
0,0.28842238
0,0.31033114
0,0.31945446
0,0.33302152
0,0.30973586
0,0.29647908
0,0.30500886
0,0.30014646
0,0.31881934
0,0.31869563
0,0.32452643
0,0.3015078
0,0.28481326
0,0.27735797
0,0.27898988
0,0.25559357
0,0.25384834
0,0.23823124
0,0.2165961
0,0.2133683
0,0.21083555
0,0.21635558
0,0.2108053
0,0.22383812
0,0.21898131
0,0.21462171
0,0.21644038
0,0.2159118
0,0.22564806
0,0.23258151
0,0.23724315
0,0.25256523
0,0.25803384
0,0.26842853
0,0.27254817
0,0.28508982
0,0.27540597
0,0.29012465
0,0.28816047
0,0.3121788
0,0.29950076
0,0.33329168
0,0.31560886
0,0.32290494
0,0.3048821
0,0.2981905
0,0.30375892
0,0.29616895
0,0.29199415
0,0.2843909
0,0.28231096
0,0.27496162
0,0.28131136
0,0.29849455
0,0.29027522
0,0.2761508
0,0.27062955
0,0.2788677
0,0.28077325
0,0.28044027
0,0.27264234
0,0.2637986
0,0.26970282
0,0.26709926
0,0.2732673
0,0.26780576
0,0.2769098
0,0.2874967
0,0.2765812
0,0.28484395
0,0.28917924
0,0.2889415
0,0.29583216
0,0.28706434
0,0.29179356
0,0.2903699
0,0.28469145
0,0.298674
0,0.28518975
0,0.29927516
0,0.28965506
0,0.2825307
0,0.28623685
0,0.29370028
0,0.30234575
0,0.29313672
0,0.29680452
0,0.28238708
0,0.29651228
0,0.2858514
0,0.27757102
0,0.29474407
0,0.27787057
0,0.301751
0,0.28989953
0,0.27697262
0,0.2769845
0,0.2933351
0,0.29199684
0,0.2927211
0,0.28414506
0,0.28367937
0,0.29664722
0,0.29893255
0,0.2995664
0,0.28268832
0,0.28619882
0,0.27975678
0,0.28694466
0,0.292817
0,0.28440356
0,0.27873874
0,0.2711944
0,0.29405132
0,0.32523257
0,0.3014656
0,0.29400113
0,0.28818882
0,0.27902797
0,0.28213462
0,0.27995622
0,0.27975473
0,0.3092401
0,0.30212367
0,0.29451457
0,0.28295755
0,0.30526376
0,0.2985196
0,0.30121118
0,0.29211682
0,0.30620632
0,0.3059034
0,0.29875252
0,0.32708493
0,0.29922324
0,0.30393553
0,0.2962594
0,0.28699702
0,0.29184484
0,0.28150517
0,0.28963995
0,0.2790272
0,0.28297737
0,0.2921839
0,0.28461963
0,0.2822137
0,0.2835434
0,0.28187785
0,0.29795814
0,0.29722962
0,0.28603852
0,0.28133264
0,0.2806619
0,0.2813115
0,0.2780786
0,0.27548775
0,0.27600035
0,0.284309
0,0.29138407
0,0.2870404
0,0.30103785
0,0.28995943
0,0.29711986
0,0.31873673
0,0.33846217
0,0.3237947
0,0.30453637
0,0.29859748
0,0.30411816
0,0.2941288
0,0.30785453
0,0.29933074
0,0.29975605
0,0.29211852
0,0.29096162
0,0.28558818
0,0.27630994
0,0.28391388
0,0.2846461
0,0.2753724
0,0.27630493
0,0.29898873
0,0.29924104
0,0.27994984
0,0.27672157
0,0.27022922
0,0.28284764
0,0.2736034
0,0.2937511
0,0.2967786
0,0.2891517
0,0.29189524
0,0.2897084
0,0.2867943
0,0.29024917
0,0.30071247
0,0.29883152
0,0.29734817
0,0.29342195
0,0.30742225
0,0.30278745
0,0.2959682
0,0.28945348
0,0.29439655
0,0.2898936
0,0.28746092
0,0.30028278
0,0.28463686
0,0.29622927
0,0.28765455
0,0.2799731
0,0.28456497
0,0.280636
0,0.28631374
0,0.28491086
0,0.2762553
0,0.27396902
0,0.27925742
0,0.27453086
0,0.27097705
0,0.27695504
0,0.27439097
0,0.2713889
0,0.2775857
0,0.2723585
0,0.27582085
0,0.27777758
0,0.29421288
0,0.28743887
0,0.28682604
0,0.31825772
0,0.29929754
0,0.3190758
0,0.3016353
0,0.29555762
0,0.28562912
0,0.28458706
0,0.28470236
0,0.31132963
0,0.2980783
0,0.28743404
0,0.2898567
0,0.27920872
0,0.27983773
0,0.27589145
0,0.2755565
0,0.262788
0,0.27824003
0,0.2899941
0,0.27416697
0,0.29052126
0,0.28508964
0,0.28217947
0,0.29272404
0,0.31726772
0,0.29494286
0,0.30274555
0,0.28866914
0,0.27891886
0,0.28326112
0,0.29603335
0,0.28273886
0,0.2869626
0,0.2905007
0,0.28358218
0,0.2891353
0,0.28715014
0,0.2908515
0,0.29098925
0,0.2967218
0,0.30603126
0,0.30296373
0,0.29659954
0,0.3066445
0,0.28028163
0,0.28346753
0,0.2750993
0,0.28648713
0,0.27230248
0,0.2827227
0,0.27687198
0,0.27083755
0,0.26641923
0,0.2851053
0,0.2855508
0,0.28372887
0,0.2828519
0,0.28161886
0,0.3036628
0,0.30005544
0,0.2833564
0,0.33078212
0,0.31008723
0,0.28940478
0,0.29273167
0,0.29372182
0,0.28343484
0,0.28073144
0,0.27784884
0,0.2924411
0,0.29590094
0,0.28735918
0,0.31972095
0,0.29445958
0,0.2888665
0,0.28480226
0,0.2774942
0,0.28377488
0,0.28970936
0,0.28702065
0,0.31467825
0,0.2844507
0,0.28198904
0,0.27418995
0,0.27367866
0,0.30319366
0,0.2865946
0,0.315548
0,0.3190163
0,0.29291776
0,0.30282772
0,0.32595062
0,0.3459919
0,0.34803852
0,0.32570836
0,0.30754274
0,0.31705162
0,0.30544573
0,0.31107304
0,0.30587056
0,0.29675323
0,0.28986278
0,0.2823526
0,0.29707357
0,0.2827948
0,0.2845228
0,0.27468312
0,0.26554742
0,0.2839646
0,0.2677291
0,0.27938667
0,0.2687235
0,0.26096955
0,0.25768253
0,0.2716224
0,0.26415116
0,0.26292083
0,0.2608027
0,0.2689344
0,0.26842138
0,0.27837396
0,0.27782595
0,0.28490335
0,0.2859808
0,0.28719163
0,0.30922705
0,0.30106795
0,0.29424688
0,0.27936146
0,0.28516242
0,0.2774404
0,0.27225
0,0.28290433
0,0.2762776
0,0.28404438
0,0.30460352
0,0.29494375
0,0.28150252
0,0.29851767
0,0.29498142
0,0.28131616
0,0.29742438
0,0.27766958
0,0.2720464
0,0.28573743
0,0.29269078
0,0.27573383
0,0.27536964
0,0.28510383
0,0.2756706
0,0.271889
0,0.26493314
0,0.26648852
0,0.26547602
0,0.28165087
0,0.27686977
0,0.28722444
0,0.2966227
0,0.27298084
0,0.28053552
0,0.29016215
0,0.29028723
0,0.28596172
0,0.29339868
0,0.28116181
0,0.2830661
0,0.29491645
0,0.28152016
0,0.28914082
0,0.2828806
0,0.28258547
0,0.26847583
0,0.27751887
0,0.3331634
0,0.2955656
0,0.30046976
0,0.2962267
0,0.28600132
0,0.28798795
0,0.28032076
0,0.2852152
0,0.28166634
0,0.2925854
0,0.28509828
0,0.30954698
0,0.30337337
0,0.2859326
0,0.29522368
0,0.2969708
0,0.2924515
0,0.3232791
0,0.30108613
0,0.30120292
0,0.27964962
0,0.28968415
0,0.2896972
0,0.30653575
0,0.29516765
0,0.29371992
0,0.30459872
0,0.29598907
0,0.29324722
0,0.28681147
0,0.2865765
0,0.29175988
0,0.28410986
0,0.2807826
0,0.29687315
0,0.29148245
0,0.28375122
0,0.27762645
0,0.28023434
0,0.28326035
0,0.2881612
0,0.2718385
0,0.28229752
0,0.2786269
0,0.2695513
0,0.2846921
0,0.27958176
0,0.28011236
0,0.27311525
0,0.27914163
0,0.27626416
0,0.29314741
0,0.29134795
0,0.29918036
0,0.2811911
0,0.3089327
0,0.29549795
0,0.27948523
0,0.29420862
0,0.3039125
0,0.29928645
0,0.2736392
0,0.28540504
0,0.28524444
0,0.27949756
0,0.29639554
0,0.30877516
0,0.30443546
0,0.32316786
0,0.30254418
0,0.32830858
0,0.29264325
0,0.29421455
0,0.6965645
0,0.53677666
0,0.48396578
0,0.423662
0,0.36156037
0,0.33044103
0,0.29200798
0,0.26274666
0,0.2551506
0,0.21809916
0,0.19617859
0,0.18471056
0,0.15951309
0,0.15266857
0,0.14954135
0,0.1510167
0,0.14583275
0,0.15571158
0,0.14692643
0,0.14648202
0,0.15456872
0,0.16006503
0,0.1539355
0,0.16178559
0,0.1660965
0,0.17514533
0,0.19521376
0,0.20475887
0,0.22099891
0,0.23777688
0,0.29322818
0,0.28168127
0,0.29403874
0,0.2859103
0,0.28987378
0,0.28932795
0,0.29978147
0,0.29946738
0,0.29412913
0,0.28801244
0,0.27993414
0,0.28477204
0,0.27219447
0,0.27882096
0,0.28453523
0,0.28574735
0,0.26825032
0,0.27639166
0,0.27734348
0,0.2729246
0,0.29577258
0,0.29916003
0,0.2926021
0,0.29886222
0,0.28166342
0,0.2809734
0,0.27393565
0,0.27746734
0,0.27781355
0,0.27980503
0,0.28689685
0,0.2885259
0,0.27398786
0,0.28228632
0,0.2921421
0,0.2904161
0,0.2736897
0,0.27719545
0,0.26633134
0,0.27836776
0,0.28259382
0,0.27116987
0,0.2773905
0,0.27313012
0,0.28122947
0,0.28132287
0,0.27694476
0,0.28051016
0,0.2745469
0,0.2671957
0,0.27299306
0,0.26915076
0,0.28041628
0,0.29484877
0,0.28381562
0,0.31821266
0,0.2926795
0,0.28485402
0,0.31503454
0,0.2977538
0,0.28364804
0,0.2822505
0,0.29968607
0,0.29825416
0,0.28313392
0,0.28137293
0,0.29086488
0,0.30448225
0,0.29129645
0,0.34066054
0,0.3091025
0,0.29591748
0,0.29015568
0,0.28932187
0,0.28371897
0,0.2848929
0,0.28012717
0,0.28353742
0,0.29060724
0,0.2739637
0,0.26832715
0,0.2718349
0,0.28724074
0,0.27468872
0,0.27294546
0,0.27572268
0,0.28886124
0,0.287485
0,0.27645212
0,0.2780476
0,0.28470892
0,0.2792787
0,0.27847546
0,0.2707274
0,0.27883193
0,0.28154513
0,0.28678495
0,0.2952296
0,0.29721645
0,0.29482722
0,0.3193316
0,0.29297677
0,0.30105942
0,0.29768997
0,0.29575074
0,0.28395832
0,0.2810991
0,0.27928108
0,0.27750817
0,0.27989036
0,0.27550876
0,0.27637348
0,0.29764587
0,0.30257204
0,0.27453387
0,0.2670263
0,0.8793069
0,0.6808323
0,0.637071
0,0.52695674
0,0.441925
0,0.36533594
0,0.3020921
0,0.27675405
0,0.2353321
0,0.21480665
0,0.20836323
0,0.21319938
0,0.19403519
0,0.1809454
0,0.17976701
0,0.17183833
0,0.19952245
0,0.178689
0,0.16335881
0,0.15159236
0,0.14882334
0,0.16492039
0,0.15768676
0,0.16425335
0,0.17538378
0,0.19186704
0,0.21413946
0,0.22806968
0,0.22798641
0,0.22845203
0,0.2647801
0,0.25628892
0,0.2630544
0,0.25459018
0,0.26076478
0,0.3342097
0,0.28464925
0,0.26870996
0,0.26981312
0,0.25832224
0,0.29893225
0,0.2786771
0,0.2620419
0,0.26107574
0,0.2578047
0,0.25259975
0,0.25449887
0,0.24664524
0,0.2553707
0,0.27209842
0,0.25851578
0,0.26379466
0,0.27989623
0,0.25796676
0,0.3033698
0,0.26952836
0,0.2664339
0,0.2656943
0,0.255463
0,0.2654142
0,0.27181187
0,0.2611822
0,0.24901585
0,0.247883
0,0.25903723
0,0.24282375
0,0.24528536
0,0.24085546
0,0.24975002
0,0.24243225
0,0.2519547
0,0.24196884
0,0.24290682
0,0.2367434
0,0.24075983
0,0.27283832
0,0.25942582
0,0.25182554
0,0.24845514
0,0.24836302
0,0.2649471
0,0.25645828
0,0.26124844
0,0.26419955
0,0.26827767
0,0.25242016
0,0.25096273
0,0.24729411
0,0.24602745
0,0.25167125
0,0.24750489
0,0.23997584
0,0.25091863
0,0.24814443
0,0.24459483
0,0.27708972
0,0.26328197
0,0.25917342
0,0.2600169
0,0.2607668
0,0.260038
0,0.25777665
0,0.25386733
0,0.25285098
0,0.2515845
0,0.24981198
0,0.25713995
0,0.24449229
0,0.24685334
0,0.24727675
0,0.24763173
0,0.24615604
0,0.24401696
0,0.24404179
0,0.24172328
0,0.25681916
0,0.25746787
0,0.24807008
0,0.25525746
0,0.24618569
0,0.24247201
0,0.24413586
0,0.24432077
0,0.24566114
0,0.24652854
0,0.24408014
0,0.24282244
0,0.23998296
0,0.28045198
0,0.258621
0,0.28124008
0,0.28500235
0,0.2771952
0,0.29455835
0,0.26828045
0,0.25887454
0,0.25469708
0,0.24467516
0,0.26370737
0,0.25331956
0,0.28594115
0,0.2726862
0,0.27407667
0,0.31031993
0,0.28523526
0,0.28043765
0,0.26742464
0,0.27153185
0,0.32157785
0,0.29022422
0,0.27058628
0,0.263664
0,0.25539327
0,0.27084604
0,0.26876667
0,0.26666752
0,0.26351082
0,0.25510734
0,0.30504185
0,0.30050898
0,0.2979889
0,0.30507243
0,0.30462041
0,0.2869499
0,0.2826292
0,0.27979755
0,0.27037916
0,0.26654813
0,0.2715891
0,0.26418746
0,0.26010987
0,0.26114234
0,0.26811224
0,0.25861213
0,0.25583568
0,0.25310853
0,0.25971645
0,0.25117442
0,0.25157666
0,0.2567839
0,0.2506999
0,0.2506334
0,0.25077978
0,0.24919577
0,0.24589829
0,0.24385034
0,0.24200508
0,0.24664125
0,0.24138215
0,0.24285139
0,0.24614158
0,0.24004924
0,0.2446647
0,0.28374138
0,0.25899044
0,0.2542722
0,0.24939728
0,0.24889211
0,0.29630178
0,0.25881675
0,0.25785896
0,0.26966667
0,0.25780308
0,0.31384605
0,0.27353954
0,0.26140612
0,0.2666095
0,0.2787848
0,0.28553987
0,0.26111153
0,0.26957178
0,0.26776668
0,0.2699857
0,0.29755825
0,0.27926284
0,0.27931792
0,0.26610148
0,0.26984352
0,0.316425
0,0.28569898
0,0.2795044
0,0.29548848
0,0.2825389
0,0.2791009
0,0.27867317
0,0.27105603
0,0.27143195
0,0.2863186
0,0.27359828
0,0.26834953
0,0.26600495
0,0.26398224
0,0.26155442
0,0.2597728
0,0.26162362
0,0.26088467
0,0.26678678
0,0.27140856
0,0.26405004
0,0.26151678
0,0.26503244
0,0.27001774
0,0.27453205
0,0.27311897
0,0.26305163
0,0.26115766
0,0.26510423
0,0.30781895
0,0.27257922
0,0.2643517
0,0.2666082
0,0.26759326
0,0.30168903
0,0.27295992
0,0.26532215
0,0.2573042
0,0.27188182
0,0.30337802
0,0.27755776
0,0.2848012
0,0.26962382
0,0.2900501
0,0.28474227
0,0.2703886
0,0.2642177
0,0.25881407
0,0.25729927
0,0.31715044
0,0.27612504
0,0.26613995
0,0.2658951
0,0.25837496
0,0.3075378
0,0.26926595
0,0.26139683
0,0.25692728
0,0.2514917
0,0.2732122
0,0.25609395
0,0.26662853
0,0.25918102
0,0.26315954
0,0.32042447
0,0.28946307
0,0.2738154
0,0.27387443
0,0.2772757
0,0.30432087
0,0.28526303
0,0.26775518
0,0.2553446
0,0.26313925
0,0.30426216
0,0.27853096
0,0.2730434
0,0.2707686
0,0.27023986
0,0.3073709
0,0.29150897
0,0.29205635
0,0.2794895
0,0.27484497
0,0.31540033
0,0.28390643
0,0.27922243
0,0.28364784
0,0.2744582
0,0.30740428
0,0.2931732
0,0.29183865
0,0.28979224
0,0.29699948
0,0.32628477
0,0.2898347
0,0.27911055
0,0.27166
0,0.26787812
0,0.28993547
0,0.27566555
0,0.27421367
0,0.2972035
0,0.29201528
0,0.3250825
0,0.28370887
0,0.29282588
0,0.29925802
0,0.2828658
0,0.30534482
0,0.28471473
0,0.2690155
0,0.26239067
0,0.2575326
0,0.2733938
0,0.26887518
0,0.2646363
0,0.26028773
0,0.25341576
0,0.26875913
0,0.26288646
0,0.2575098
0,0.2583429
0,0.28270146
0,0.28429496
0,0.26582417
0,0.2626472
0,0.2708871
0,0.25324973
0,0.28926128
0,0.2628493
0,0.2714651
0,0.25687382
0,0.25979215
0,0.2501134
0,0.26441246
0,0.2521691
0,0.24873188
0,0.26011175
0,0.24837786
0,0.26123518
0,0.25179535
0,0.24577126
0,0.2597779
0,0.2459675
0,0.29173377
0,0.29794037
0,0.28483862
0,0.28147388
0,0.26231498
0,0.2706147
0,0.25903878
0,0.27039933
0,0.26983604
0,0.26965785
0,0.2798418
0,0.27263498
0,0.26667413
0,0.27732518
0,0.26846138
0,0.29761213
0,0.28263405
0,0.27877182
0,0.27516323
0,0.27167168
0,0.29991496
0,0.28695437
0,0.2745826
0,0.27021396
0,0.27152228
0,0.321798
0,0.28848144
0,0.27703688
0,0.2724481
0,0.26620263
0,0.29279605
0,0.2695937
0,0.26747036
0,0.26060945
0,0.27754974
0,0.33305338
0,0.2948511
0,0.2772593
0,0.26734507
0,0.2601224
0,0.26547736
0,0.26297614
0,0.26150122
0,0.2586993
0,0.26128563
0,0.25946605
0,0.2595705
0,0.27199772
0,0.2630764
0,0.27947098
0,0.2808074
0,0.2712293
0,0.27969393
0,0.26992387
0,0.30146617
0,0.31263396
0,0.28782988
0,0.29548064
0,0.29757243
0,0.2816486
0,0.26967248
0,0.27897754
0,0.28322464
0,0.30608588
0,0.2920217
0,0.27092883
0,0.26251295
0,0.2604564
0,0.3098888
0,0.28868923
0,0.29041997
0,0.29487553
0,0.269253
0,0.2764836
0,0.26724148
0,0.2721905
0,0.2732315
0,0.29742056
0,0.28194058
0,0.28102773
0,0.27734032
0,0.27534565
0,0.28778377
0,0.28372487
0,0.28099453
0,0.28140417
0,0.27388108
0,0.312881
0,0.28829694
0,0.27994382
0,0.27743962
0,0.27225032
0,0.27017948
0,0.26921886
0,0.26526898
0,0.2686969
0,0.2653868
0,0.27126744
0,0.27314648
0,0.26399538
0,0.25978857
0,0.26082644
0,0.28071004
0,0.2902414
0,0.27179563
0,0.2680959
0,0.26674193
0,0.27244398
0,0.26908603
0,0.26822108
0,0.26489714
0,0.26151478
0,0.25681067
0,0.25600308
0,0.27848592
0,0.26997706
0,0.26466587
0,0.2845121
0,0.26992068
0,0.26048642
0,0.27621862
0,0.2648807
0,0.28641525
0,0.27222696
0,0.25970405
0,0.26080126
0,0.25265378
0,0.2918861
0,0.2741452
0,0.27209094
0,0.27646625
0,0.2637353
0,0.3204343
0,0.3000887
0,0.27806655
0,0.2675857
0,0.2824066
0,0.26437688
0,0.29871976
0,0.48986086
0,0.40477017
0,0.33063075
0,0.38869187
0,0.3210892
0,0.3103436
0,0.2982823
0,0.29110602
0,0.3333763
0,0.29855266
0,0.28834847
0,0.28231385
0,0.27708504
0,0.30670685
0,0.28041038
0,0.26211867
0,0.26882783
0,0.25885388
0,0.2492132
0,0.24645941
0,0.2494903
0,0.23639406
0,0.24963696
0,0.24064691
0,0.2458902
0,0.24456267
0,0.24695018
0,0.2528005
0,0.2576694
0,0.26133046
0,0.27298906
0,0.26779553
0,0.31511065
0,0.2919137
0,0.2869433
0,0.28938892
0,0.28787932
0,0.33004147
0,0.32468116
0,0.28898418
0,0.30882406
0,0.3027419
0,0.31635183
0,0.2939161
0,0.2837649
0,0.27482098
0,0.26711464
0,0.26778606
0,0.27022472
0,0.26027542
0,0.26528507
0,0.31076464
0,0.2952142
0,0.28519395
0,0.26937655
0,0.27359304
0,0.32226983
0,0.2823291
0,0.27947617
0,0.2851776
0,0.2709489
0,0.26007918
0,0.2846687
0,0.28113028
0,0.26183555
0,0.29831693
0,0.28913552
0,0.28845152
0,0.27373526
0,0.2813059
0,0.29437044
0,0.28698826
0,0.29132345
0,0.2916883
0,0.26948923
0,0.33809772
0,0.30234855
0,0.29459217
0,0.29145807
0,0.2841523
0,0.28299007
0,0.2796281
0,0.28017318
0,0.2833544
0,0.2772312
0,0.27560464
0,0.27418104
0,0.2816973
0,0.2858562
0,0.28547615
0,0.2805537
0,0.28380144
0,0.27607676
0,0.2731671
0,0.29018748
0,0.2740496
0,0.27684078
0,0.2720067
0,0.271976
0,0.28789
0,0.27356306
0,0.26958215
0,0.26732966
0,0.26999235
0,0.28950387
0,0.27124777
0,0.27022657
0,0.2663243
0,0.262939
0,0.30557385
0,0.274558
0,0.27322313
0,0.2660261
0,0.28190857
0,0.29270515
0,0.27715316
0,0.26637137
0,0.2673296
0,0.26615188
0,0.31252888
0,0.28083956
0,0.269622
0,0.28409147
0,0.26622528
0,0.26375675
0,0.26086873
0,0.26050895
0,0.25793535
0,0.25394976
0,0.25435728
0,0.25463334
0,0.2469178
0,0.25098035
0,0.27002284
0,0.28353778
0,0.2830847
0,0.2844216
0,0.26926416
0,0.2863415
0,0.32287484
0,0.29076794
0,0.28208628
0,0.29248765
0,0.28611898
0,0.29835457
0,0.2902419
0,0.28774425
0,0.28945023
0,0.28911301
0,0.29447126
0,0.2910455
0,0.27681848
0,0.27052465
0,0.2810518
0,0.27957892
0,0.28920707
0,0.29252765
0,0.29103053
0,0.2739415
0,0.27755502
0,0.27911848
0,0.2669257
0,0.2739804
0,0.2772143
0,0.28229037
0,0.28368178
0,0.2839741
0,0.27940905
0,0.2822666
0,0.2805691
0,0.30107996
0,0.2894323
0,0.31762412
0,0.31398842
0,0.34346834
0,0.31463912
0,0.30652124
0,0.30175704
0,0.29798347
0,0.31889743
0,0.32071233
0,0.30147904
0,0.290388
0,0.28624535
0,0.32396924
0,0.28883582
0,0.28794855
0,0.27567855
0,0.2692027
0,0.27251682
0,0.26570907
0,0.26933372
0,0.27363786
0,0.26856446
0,0.26988018
0,0.26027563
0,0.26873395
0,0.26511338
0,0.2575139
0,0.26139295
0,0.2663568
0,0.26511276
0,0.26181325
0,0.26151896
0,0.26240695
0,0.25531256
0,0.25651368
0,0.27166596
0,0.2926896
0,0.26930183
0,0.2634417
0,0.2648636
0,0.27868223
0,0.35402507
0,0.30114493
0,0.2851256
0,0.29143277
0,0.279046
0,0.3125021
0,0.27990538
0,0.27597857
0,0.28100303
0,0.28525352
0,0.32447135
0,0.29756668
0,0.29339963
0,0.2919556
0,0.28791666
0,0.32874873
0,0.32386583
0,0.3248799
0,0.30300996
0,0.3049792
0,0.32693475
0,0.3037609
0,0.29078245
0,0.27014232
0,0.27608812
0,0.3337355
0,0.30097654
0,0.27888516
0,0.279574
0,0.27548316
0,0.27510425
0,0.27427322
0,0.27139434
0,0.27350974
0,0.33198494
0,0.29987842
0,0.2828992
0,0.27666715
0,0.30222654
0,0.28016254
0,0.2850288
0,0.28035903
0,0.2720682
0,0.28042582
0,0.27452514
0,0.27070537
0,0.2653489
0,0.26785475
0,0.2824936
0,0.26703265
0,0.274039
0,0.26835808
0,0.27277866
0,0.2830046
0,0.2676454
0,0.26183933
0,0.26598987
0,0.26279142
0,0.31669047
0,0.28837696
0,0.27824917
0,0.27550957
0,0.26287812
0,0.3040349
0,0.2721002
0,0.29067567
0,0.26755178
0,0.27967948
0,0.2696
0,0.26577887
0,0.28254405
0,0.28451514
0,0.26299274
0,0.33299574
0,0.2887792
0,0.29062495
0,0.29160663
0,0.28999993
0,0.27426425
0,0.2814917
0,0.28145945
0,0.2893416
0,0.28179908
0,0.28295282
0,0.27947608
0,0.28410524
0,0.28368485
0,0.2784976
0,0.26534203
0,0.272543
0,0.28183162
0,0.27875897
0,0.30739912
0,0.2911907
0,0.27237245
0,0.2771971
0,0.27266657
0,0.3116039
0,0.2933775
0,0.28334895
0,0.28736523
0,0.27792856
0,0.29507208
0,0.2884948
0,0.27709252
0,0.2787809
0,0.26161087
0,0.26336032
0,0.26228446
0,0.26770046
0,0.25261098
0,0.30116117
0,0.27671602
0,0.26949856
0,0.2651759
0,0.27505243
0,0.28299266
0,0.27861816
0,0.266416
0,0.2636794
0,0.2801169
0,0.28340572
0,0.28017062
0,0.2735963
0,0.27218768
0,0.28171563
0,0.28955895
0,0.2699993
0,0.28251204
0,0.26493156
0,0.25926247
0,0.29198295
0,0.27132004
0,0.26314554
0,0.2563093
0,0.27459824
0,0.2646699
0,0.2538067
0,0.28178376
0,0.26635265
0,0.26718765
0,0.26311567
0,0.2745842
0,0.30806482
0,0.2744505
0,0.29740047
0,0.288018
0,0.29105443
0,0.31910574
0,0.29889926
0,0.29250807
0,0.27331403
0,0.27762002
0,0.28270268
0,0.28366244
0,0.2857312
0,0.28553033
0,0.28204614
0,0.29216006
0,0.28411904
0,0.28657797
0,0.2818758
0,0.28783408
0,0.29547635
0,0.29249778
0,0.3825118
0,0.34474674
0,0.3334587
0,0.33003876
0,0.31132764
0,0.36680183
0,0.3154357
0,0.2963885
0,0.27741814
0,0.28379235
0,0.2752923
0,0.271051
0,0.27156997
0,0.2645141
0,0.29683873
0,0.2786361
0,0.27957365
0,0.28048682
0,0.26884946
0,0.2874808
0,0.2869526
0,0.27669024
0,0.26906785
0,0.26034468
0,0.30078787
0,0.27194023
0,0.2611982
0,0.2873407
0,0.3027974
0,0.35063174
0,0.33002326
0,0.34630087
0,0.3059763
0,0.3111806
0,0.28458485
0,0.29347575
0,0.2729797
0,0.26602688
0,0.31527498
0,0.28516525
0,0.28317517
0,0.2765634
0,0.28396443
0,0.32515895
0,0.31138033
0,0.2858313
0,0.27896154
0,0.28516963
0,0.28245685
0,0.2850834
0,0.28270552
0,0.28443068
0,0.3297316
0,0.29746503
0,0.2928245
0,0.26711515
0,0.26167798
0,0.27450967
0,0.28041428
0,0.28118885
0,0.27891028
0,0.2807406
0,0.29192784
0,0.2842393
0,0.28086567
0,0.28006053
0,0.3258701
0,0.29726845
0,0.27835402
0,0.28916132
0,0.28978732
0,0.32715997
0,0.29308012
0,0.30794904
0,0.28929985
0,0.2828839
0,0.2983153
0,0.28347218
0,0.28083238
0,0.3065857
0,0.28361627
0,0.28724033
0,0.28335622
0,0.28456488
0,0.27617046
0,0.31658897
0,0.30573165
0,0.28338662
0,0.27404922
0,0.27451432
0,0.30027768
0,0.2799098
0,0.2767134
0,0.26886165
0,0.29078215
0,0.30853432
0,0.3012744
0,0.28384382
0,0.2781015
0,0.27040958
0,0.28928804
0,0.27063146
0,0.2685117
0,0.26271656
0,0.257544
0,0.2957003
0,0.27747652
0,0.2656258
0,0.26507822
0,0.26295707
0,0.2685496
0,0.26024768
0,0.28105187
0,0.26601493
0,0.25791362
0,0.28265926
0,0.29125518
0,0.27143738
0,0.28418064
0,0.26853567
0,0.28341267
0,0.2860467
0,0.2662204
0,0.27600417
0,0.31628945
0,0.27653083
0,0.26690975
0,0.28347757
0,0.28339738
0,0.3304644
0,0.3004335
0,0.29210234
0,0.29232818
0,0.2845197
0,0.2919653
0,0.29171813
0,0.28392717
0,0.28221044
0,0.2993916
0,0.31626078
0,0.29088005
0,0.28577712
0,0.2896181
0,0.30252767
0,0.32983637
0,0.31820565
0,0.31402197
0,0.29096684
0,0.27019525
0,0.27414563
0,0.25876147
0,0.2634591
0,0.26227614
0,0.26617563
0,0.26193464
0,0.25967255
0,0.26531783
0,0.2810665
0,0.30295306
0,0.2815568
0,0.27795556
0,0.28986138
0,0.28971577
0,0.27366796
0,0.26720113
0,0.26388252
0,0.26057342
0,0.26556015
0,0.26395914
0,0.26420632
0,0.27161437
0,0.25899428
0,0.28008467
0,0.2682913
0,0.2664189
0,0.25735095
0,0.25387782
0,0.27161065
0,0.26271817
0,0.2990881
0,0.2743021
0,0.27091214
0,0.3042941
0,0.2810275
0,0.2762809
0,0.27341637
0,0.2792784
0,0.29477867
0,0.2746912
0,0.30467603
0,0.27398217
0,0.2950853
0,0.33170184
0,0.29114988
0,0.31339434
0,0.32600123
0,0.29964215
0,0.30517322
0,0.3021351
0,0.32433283
0,0.34765905
0,0.36456183
0,0.33047265
0,0.3274346
0,0.29896593
0,0.2952915
0,0.30978543
0,0.28811955
0,0.2814069
0,0.28351456
0,0.2845194
0,0.2759206
0,0.2725678
0,0.2549637
0,0.25656494
0,0.27240974
0,0.26005745
0,0.2580795
0,0.25479788
0,0.2595128
0,0.27961597
0,0.26614302
0,0.27615666
0,0.29671884
0,0.27599454
0,0.3280507
0,0.28722644
0,0.27706632
0,0.27626684
0,0.27035758
0,0.30952302
0,0.29224738
0,0.28006482
0,0.27857888
0,0.27415267
0,0.26632094
0,0.26805517
0,0.26490223
0,0.2805981
0,0.2659015
0,0.27044484
0,0.27324185
0,0.26174793
0,0.28040695
0,0.31599835
0,0.30626598
0,0.28936583
0,0.2713461
0,0.2644266
0,0.29351175
0,0.27272266
0,0.28881708
0,0.27347654
0,0.2842899
0,0.2741257
0,0.26731947
0,0.2673953
0,0.2562642
0,0.28503007
0,0.26318577
0,0.28626958
0,0.2708997
0,0.2569197
0,0.3189028
0,0.34711123
0,0.3419186
0,0.31656668
0,0.29051855
0,0.32200745
0,0.2983467
0,0.29242873
0,0.28773174
0,0.28379127
0,0.30376938
0,0.29465687
0,0.28507715
0,0.28534746
0,0.28492135
0,0.28029332
0,0.28944522
0,0.27570334
0,0.2807811
0,0.28010073
0,0.27526814
0,0.27280363
0,0.27491325
0,0.2923697
0,0.27873477
0,0.27580857
0,0.28005618
0,0.27251813
0,0.28145763
0,0.2927087
0,0.276177
0,0.270028
0,0.2653452
0,0.27055722
0,0.32310018
0,0.31131953
0,0.287768
0,0.28472504
0,0.2798815
0,0.29766947
0,0.27498254
0,0.2901479
0,0.27150252
0,0.28918207
0,0.31363466
0,0.28560355
0,0.2721286
0,0.35603645
0,0.29777664
0,0.35636607
0,0.30382347
0,0.29157338
0,0.27855778
0,0.287191
0,0.30542412
0,0.28272668
0,0.2889695
0,0.2917147
0,0.28691265
0,0.27105325
0,0.28945854
0,0.26455966
0,0.29799664
0,0.29094094
0,0.2873337
0,0.2938423
0,0.29288664
0,0.30083418
0,0.27893966
0,0.28303668
0,0.28781864
0,0.28397423
0,0.30205047
0,0.33536056
0,0.32532534
0,0.32355863
0,0.3515233
0,0.33551207
0,0.3623527
0,0.3287039
0,0.3246196
0,0.3425663
0,0.3116228
0,0.35738176
0,0.31144628
0,0.29277638
0,0.2924816
0,0.26762086
0,0.25110203
0,0.22446327
0,0.21196595
0,0.2040844
0,0.20223431
0,0.20656244
0,0.19897094
0,0.20579804
0,0.20958987
0,0.20718575
0,0.21472447
0,0.21320602
0,0.22380485
0,0.22668938
0,0.23888864
0,0.2720334
0,0.26068664
0,0.2631775
0,0.26416567
0,0.2596
0,0.25794166
0,0.26174322
0,0.26103425
0,0.2693155
0,0.26771912
0,0.32632217
0,0.2877378
0,0.2833902
0,0.2740735
0,0.2726882
0,0.26640174
0,0.2667037
0,0.26636308
0,0.27674866
0,0.30461285
0,0.2924969
0,0.30755815
0,0.32039088
0,0.30773404
0,0.33200833
0,0.30668402
0,0.3016938
0,0.31059787
0,0.29513535
0,0.31711507
0,0.2986381
0,0.29900494
0,0.29311827
0,0.30233693
0,0.3720851
0,0.34936306
0,0.31447974
0,0.3067676
0,0.29071248
0,0.31831956
0,0.30066934
0,0.28705382
0,0.28732538
0,0.30023548
0,0.28339878
0,0.25199935
0,0.25271147
0,0.24696931
0,0.2688101
0,0.25929812
0,0.25795653
0,0.2619079
0,0.26168606
0,0.31507805
0,0.2803681
0,0.28134987
0,0.26995036
0,0.26674
0,0.30743393
0,0.28167877
0,0.32161343
0,0.29546508
0,0.28836423
0,0.28120714
0,0.2852969
0,0.2800781
0,0.27468252
0,0.27274492
0,0.277599
0,0.28777805
0,0.29121688
0,0.27710986
0,0.28033417
0,0.27645108
0,0.26636577
0,0.26583228
0,0.26488602
0,0.30991846
0,0.2804647
0,0.26743752
0,0.26662016
0,0.25898835
0,0.29304835
0,0.26756254
0,0.26373336
0,0.2759608
0,0.2649172
0,0.32387227
0,0.2891082
0,0.29625884
0,0.30548552
0,0.29679912
0,0.29802376
0,0.3428702
0,0.32357877
0,0.3466497
0,0.36063623
0,0.3437769
0,0.34638622
0,0.3207619
0,0.28998283
0,0.31824702
0,0.30684984
0,0.3005509
0,0.3096236
0,0.31072766
0,0.2987584
0,0.28047445
0,0.26330984
0,0.26612067
0,0.24822621
0,0.25133988
0,0.2337646
0,0.2308085
0,0.22370513
0,0.22650984
0,0.26293617
0,0.23604387
0,0.23345776
0,0.23626249
0,0.23404281
0,0.25316763
0,0.25164106
0,0.26513705
0,0.2621017
0,0.26186222
0,0.27162233
0,0.30163357
0,0.2776974
0,0.2732916
0,0.322642
0,0.29724187
0,0.28982344
0,0.28837362
0,0.28706154
0,0.34555858
0,0.3479983
0,0.30985677
0,0.30034742
0,0.3405973
0,0.30433333
0,0.30396676
0,0.34283975
0,0.30341262
0,0.35564238
0,0.2968322
0,0.2805447
0,0.29453555
0,0.27112827
0,0.3082579
0,0.2928812
0,0.30010396
0,0.2956291
0,0.29932818
0,0.31325325
0,0.30428174
0,0.30546564
0,0.30056968
0,0.24300778
0,0.2626629
0,0.24099092
0,0.21650937
0,0.21691145
0,0.19942369
0,0.18192133
0,0.18432483
0,0.17897621
0,0.18137471
0,0.18037833
0,0.17277728
0,0.17436638
0,0.16627939
0,0.16108385
0,0.15692163
0,0.15111573
0,0.16971774
0,0.16672812
0,0.17249642
0,0.17959124
0,0.16718793
0,0.16439839
0,0.17196497
0,0.16839536
0,0.1899566
0,0.18137139
0,0.18429944
0,0.19507274
0,0.21476859
0,0.22746246
0,0.26241225
0,0.26241478
0,0.26677224
0,0.2805252
0,0.28466183
0,0.30498144
0,0.3107626
0,0.31645295
0,0.3234954
0,0.33329073
0,0.3198828
0,0.29594952
0,0.27107316
0,0.24167593
0,0.23218077
0,0.22387667
0,0.23408385
0,0.23163721
0,0.2276735
0,0.19937877
0,0.18065709
0,0.16256824
0,0.15734476
0,0.16072406
0,0.1514382
0,0.14302598
0,0.13993284
0,0.14309756
0,0.15232527
0,0.16757463
0,0.15359609
0,0.15140757
0,0.14955576
0,0.15391476
0,0.22100256
0,0.23695748
0,0.27319843
0,0.3290852
0,0.35714874
0,0.3503022
0,0.2871144
0,0.23850524
0,0.20182751
0,0.18899463
0,0.18883663
0,0.18979403
0,0.19238925
0,0.17687663
0,0.20606925
0,0.16272835
0,0.15034829
0,0.14543526
0,0.13562201
0,0.14722855
0,0.14171667
0,0.13433024
0,0.14186741
0,0.14082815
0,0.16080946
0,0.1546466
0,0.1467999
0,0.136442
0,0.13264978
0,0.128337
0,0.13391526
0,0.1360974
0,0.14903772
0,0.15359668
0,0.15919378
0,0.16907597
0,0.17688963
0,0.18183605
0,0.20607932
0,0.21628492
0,0.22555885
0,0.2147928
0,0.22072007
0,0.24201761
0,0.25284213
0,0.24678726
0,0.24266794
0,0.24435188
0,0.24555442
0,0.25631228
0,0.2584389
0,0.25908408
0,0.26624632
0,0.26490295
0,0.26880804
0,0.2604438
0,0.28722504
0,0.29518035
0,0.30820101
0,0.2988534
0,0.29849446
0,0.302463
0,0.29424495
0,0.36022842
0,0.3781298
0,0.38479993
0,0.38779092
0,0.3978765
0,0.4347424
0,0.39159957
0,0.37707725
0,0.33739507
0,0.3245281
0,0.32070664
0,0.3234477
0,0.35449877
0,0.3255842
0,0.31394273
0,0.28226605
0,0.24076056
0,0.24290673
0,0.26869187
0,0.27879503
0,0.24114205
0,0.22133192
0,0.21880521
0,0.19012521
0,0.19711776
0,0.169541
0,0.1547028
0,0.14759736
0,0.1329511
0,0.12875715
0,0.12659128
0,0.12223645
0,0.12296488
0,0.12583633
0,0.12544219
0,0.13129891
0,0.13047263
0,0.13641472
0,0.13660733
0,0.13975516
0,0.14289674
0,0.1504971
0,0.15724614
0,0.16336702
0,0.17648037
0,0.19681652
0,0.21662466
0,0.23719488
0,0.27907446
0,0.27029136
0,0.271443
0,0.2776751
0,0.3131836
0,0.3175915
0,0.29860568
0,0.30587244
0,0.28076896
0,0.289961
0,0.3038124
0,0.30758482
0,0.28666422
0,0.29216206
0,0.27773973
0,0.3229344
0,0.30136955
0,0.27838296
0,0.2883378
0,0.27756125
0,0.31383723
0,0.30409813
0,0.285117
0,0.28730223
0,0.2969852
0,0.2884212
0,0.29928228
0,0.3032005
0,0.29840523
0,0.28195113
0,0.28889704
0,0.28517735
0,0.28317586
0,0.30542117
0,0.34688064
0,0.34589833
0,0.31687194
0,0.3312939
0,0.32467592
0,0.3762672
0,0.3190231
0,0.30890968
0,0.3482085
0,0.32294565
0,0.33495855
0,0.3043513
0,0.29481426
0,0.24773179
0,0.24271613
0,0.2190445
0,0.21458715
0,0.20772234
0,0.20385608
0,0.20053975
0,0.20022371
0,0.19310899
0,0.19281113
0,0.19230808
0,0.2043558
0,0.20652491
0,0.20889795
0,0.21687597
0,0.22874679
0,0.2623992
0,0.2652005
0,0.2619752
0,0.26311278
0,0.2760457
0,0.28872544
0,0.31679523
0,0.30487594
0,0.3013501
0,0.28662404
0,0.32700863
0,0.29103664
0,0.28902185
0,0.29181656
0,0.2743883
0,0.28510228
0,0.28689867
0,0.29988614
0,0.292893
0,0.3046454
0,0.28052378
0,0.28734884
0,0.31050482
0,0.294959
0,0.29051232
0,0.2901758
0,0.29291093
0,0.2796038
0,0.28328037
0,0.30718476
0,0.33406934
0,0.31842262
0,0.29302886
0,0.30696192
0,0.37186986
0,0.3305238
0,0.3093167
0,0.29685518
0,0.2933608
0,0.33210498
0,0.31020436
0,0.30090442
0,0.29875287
0,0.2830042
0,0.28802574
0,0.26785278
0,0.28818175
0,0.27555227
0,0.28642285
0,0.26305258
0,0.2719324
0,0.2636249
0,0.26135987
0,0.29968128
0,0.27178177
0,0.25710404
0,0.26095104
0,0.26471958
0,0.2797039
0,0.27528483
0,0.26289147
0,0.29573014
0,0.28099743
0,0.29878956
0,0.28277108
0,0.27739164
0,0.29636568
0,0.2872015
0,0.28957596
0,0.2771411
0,0.2792163
0,0.27129903
0,0.26775658
0,0.32089663
0,0.29047063
0,0.28337854
0,0.2826392
0,0.290144
0,0.30797657
0,0.28115544
0,0.27739117
0,0.28059298
0,0.2708449
0,0.32703832
0,0.29067293
0,0.28096506
0,0.27655733
0,0.27273145
0,0.26894364
0,0.2613222
0,0.25656947
0,0.2558368
0,0.2634646
0,0.27327514
0,0.26479876
0,0.26276988
0,0.26001963
0,0.31361908
0,0.27755216
0,0.2772151
0,0.27273846
0,0.29472333
0,0.32554638
0,0.305746
0,0.29776818
0,0.2948553
0,0.31947023
0,0.352186
0,0.31831002
0,0.33199045
0,0.33151862
0,0.30959678
0,0.30601388
0,0.28569493
0,0.29055616
0,0.28785235
0,0.29084483
0,0.28486118
0,0.2853146
0,0.2945883
0,0.285268
0,0.2700777
0,0.2726752
0,0.27421093
0,0.2726959
0,0.28010404
0,0.28981873
0,0.26769766
0,0.27141348
0,0.27765417
0,0.27496943
0,0.2803347
0,0.2728266
0,0.2836121
0,0.27301085
0,0.26202923
0,0.2961136
0,0.28555626
0,0.28188518
0,0.27958497
0,0.2949991
0,0.33894914
0,0.29960603
0,0.2948318
0,0.29192436
0,0.28391933
0,0.3244445
0,0.29170716
0,0.28426424
0,0.27403837
0,0.28645417
0,0.3624629
0,0.30600637
0,0.29580268
0,0.29869238
0,0.28622288
0,0.32377043
0,0.2840504
0,0.29042122
0,0.2980361
0,0.2812826
0,0.34408763
0,0.2934091
0,0.2865752
0,0.27628416
0,0.28339437
0,0.2951791
0,0.30040404
0,0.29114726
0,0.2896204
0,0.3130375
0,0.33446062
0,0.29493293
0,0.28311524
0,0.28745136
0,0.2843444
0,0.27420995
0,0.27735156
0,0.27937853
0,0.28127632
0,0.32950553
0,0.29941434
0,0.28231308
0,0.2830059
0,0.27911854
0,0.27979055
0,0.2759904
0,0.27731603
0,0.27863446
0,0.30051142
0,0.2873165
0,0.2821561
0,0.26671842
0,0.27253458
0,0.29191118
0,0.27089328
0,0.27308366
0,0.2754419
0,0.27040422
0,0.26065332
0,0.26859537
0,0.26564118
0,0.27271685
0,0.26996082
0,0.26901186
0,0.2686436
0,0.3087001
0,0.3038526
0,0.32338202
0,0.30057064
0,0.29626647
0,0.32879543
0,0.3014098
0,0.3209602
0,0.31274113
0,0.29399738
0,0.30190518
0,0.28197533
0,0.32215947
0,0.30999625
0,0.29467675
0,0.32293662
0,0.29564676
0,0.32487398
0,0.30796835
0,0.329186
0,0.3163246
0,0.3043629
0,0.28190207
0,0.2863826
0,0.26881686
0,0.2839032
0,0.26094344
0,0.2600678
0,0.2602833
0,0.2581426
0,0.2634626
0,0.2731294
0,0.27997792
0,0.30767217
0,0.2756291
0,0.31974727
0,0.3325303
0,0.3130931
0,0.3005252
0,0.29198304
0,0.31418908
0,0.37255666
0,0.33085623
0,0.3225353
0,0.3078774
0,0.31970015
0,0.35195336
0,0.3127077
0,0.29899058
0,0.30870813
0,0.3079297
0,0.27476814
0,0.27613816
0,0.26360172
0,0.24798019
0,0.2600567
0,0.22943589
0,0.22301841
0,0.21646726
0,0.21751364
0,0.24295199
0,0.23699772
0,0.23897149
0,0.2536261
0,0.24317044
0,0.3099838
0,0.27096865
0,0.28780505
0,0.2850233
0,0.2800035
0,0.28682837
0,0.28842598
0,0.3124654
0,0.2955072
0,0.2923338
0,0.30127886
0,0.29519337
0,0.31025523
0,0.31206673
0,0.34134844
0,0.30476505
0,0.29014242
0,0.3085899
0,0.30277193
0,0.31563893
0,0.28532517
0,0.27829108
0,0.26914567
0,0.29338592
0,0.32447648
0,0.303795
0,0.29680628
0,0.30654314
0,0.29535744
0,0.33527544
0,0.29092056
0,0.2731955
0,0.287156
0,0.28281233
0,0.2809433
0,0.2675205
0,0.2580129
0,0.2635331
0,0.26576164
0,0.25778702
0,0.27551237
0,0.28235278
0,0.29436955
0,0.3017334
0,0.29381737
0,0.29265845
0,0.29342157
0,0.2960922
0,0.29135376
0,0.31058255
0,0.30041346
0,0.2968875
0,0.28771102
0,0.33956388
0,0.32769254
0,0.30351016
0,0.29585364
0,0.29081163
0,0.29610607
0,0.29944542
0,0.2765327
0,0.27844533
0,0.2606282
0,0.33144283
0,0.28257814
0,0.2899912
0,0.2817812
0,0.2768868
0,0.2766517
0,0.26322126
0,0.28115863
0,0.28324047
0,0.30202222
0,0.2719866
0,0.28074783
0,0.2869421
0,0.30524793
0,0.33851284
0,0.33280075
0,0.33272105
0,0.31040922
0,0.30025062
0,0.29169175
0,0.31844565
0,0.31899434
0,0.35468945
0,0.3519762
0,0.30932894
0,0.31127164
0,0.28528655
0,0.2789142
0,0.26698068
0,0.26912898
0,0.273024
0,0.27012828
0,0.29942986
0,0.28703454
0,0.26883936
0,0.26397112
0,0.26248804
0,0.25238106
0,0.27232838
0,0.2583999
0,0.2680984
0,0.2742523
0,0.278654
0,0.31915328
0,0.28792617
0,0.31789714
0,0.28943533
0,0.27709225
0,0.3124708
0,0.29893672
0,0.2952076
0,0.29403847
0,0.29565635
0,0.3053973
0,0.29822353
0,0.29385352
0,0.29456285
0,0.28497085
0,0.3232896
0,0.30552587
0,0.28364348
0,0.28673175
0,0.286455
0,0.3460279
0,0.3164711
1,0.30655268
1,0.29600868
1,0.29960254
1,0.30901244
1,0.3207169
1,0.31408107
1,0.29396668
1,0.3088941
1,0.3106434
1,0.29024705
1,0.28115737
1,0.26765656
1,0.3075315
1,0.2821103
1,0.27456543
0,0.92370427
0,0.7350598
0,0.68276703
0,0.6705254
0,0.58097935
0,0.4688051
0,0.4088522
0,0.33501628
0,0.29887444
0,0.2777618
0,0.26578742
0,0.2342314
0,0.22516078
0,0.20733477
0,0.2101972
0,0.17764862
0,0.16332898
0,0.1448519
0,0.14192577
0,0.14046833
0,0.15970424
0,0.14905035
0,0.14453933
0,0.14320716
0,0.16004437
0,0.17093438
0,0.1463436
0,0.13564494
0,0.1290448
0,0.12735885
0,0.18571956
0,0.17802106
0,0.18025443
0,0.1833596
0,0.18865828
0,0.20619564
0,0.19555995
0,0.19364057
0,0.19613005
0,0.20348647
0,0.21417738
0,0.21597381
0,0.22167778
0,0.24436425
0,0.24525623
0,0.24115056
0,0.2494611
0,0.2562333
0,0.25840813
0,0.2934963
0,0.28227207
0,0.29045507
0,0.2834706
0,0.2838906
0,0.30720556
0,0.29789862
0,0.28868404
0,0.30272868
0,0.27435893
0,0.32515225
0,0.28329697
0,0.28151572
0,0.28950962
0,0.2773955
0,0.34188342
0,0.3035481
0,0.30136955
0,0.29447544
0,0.29021835
0,0.3464115
0,0.30201763
0,0.28868794
0,0.29190466
0,0.30372754
0,0.29452714
0,0.30220872
0,0.30576098
0,0.29093567
0,0.28286526
0,0.29641333
0,0.28630465
0,0.27697465
0,0.28650624
0,0.28797078
0,0.27592507
0,0.27125752
0,0.28726795
0,0.27280185
0,0.29461148
0,0.27849513
0,0.2851961
0,0.27239317
0,0.273789
0,0.31358203
0,0.2770821
0,0.28742206
0,0.27401546
0,0.27365676
0,0.3004326
0,0.2826601
0,0.28432366
0,0.293203
0,0.28806454
0,0.33109832
0,0.30573598
0,0.31157884
0,0.3005067
0,0.2817576
0,0.28675383
0,0.29507217
0,0.28827804
0,0.28722277
0,0.30794653
0,0.30219212
0,0.27911583
0,0.29227802
0,0.28870302
0,0.31663656
0,0.30045214
0,0.29125726
0,0.28455076
0,0.27981552
0,0.35734037
0,0.3312599
0,0.31243414
0,0.29433754
0,0.28716776
0,0.2790488
0,0.26847917
0,0.27768418
0,0.27751747
0,0.2962607
0,0.28866738
0,0.2833105
0,0.28295666
0,0.28183895
0,0.29533195
0,0.28414467
0,0.28110236
0,0.2804854
0,0.28287995
0,0.29169717
0,0.28077042
0,0.2830486
0,0.27744097
0,0.2749237
0,0.2959165
0,0.27515626
0,0.27798218
0,0.28026006
0,0.27505136
0,0.2945557
0,0.27899662
0,0.28295133
0,0.2785064
0,0.28695226
0,0.27859125
0,0.2708449
0,0.26311845
0,0.26541883
0,0.26313075
0,0.26396778
0,0.26698235
0,0.25939834
0,0.28484014
0,0.2858807
0,0.29687297
0,0.29640946
0,0.2811147
0,0.28838933
0,0.2905116
0,0.2755937
0,0.27130297
0,0.28310493
0,0.28355068
0,0.27403647
0,0.2795782
0,0.2783128
0,0.278968
0,0.2798182
0,0.27897945
0,0.3017972
0,0.29294133
0,0.28718582
0,0.27459285
0,0.30663204
0,0.29221904
0,0.2819977
0,0.2795527
0,0.27954742
0,0.3260438
0,0.2851345
0,0.2872856
0,0.27936146
0,0.27643362
0,0.2756437
0,0.2763112
0,0.27786952
0,0.27836394
0,0.28258714
0,0.2854198
0,0.2965825
0,0.29207718
0,0.29045033
0,0.3000435
0,0.29364675
0,0.28103086
0,0.2790132
0,0.28294832
0,0.34841093
0,0.3205702
0,0.30181897
0,0.31236497
0,0.31875896
0,0.2974216
0,0.29246235
0,0.27700678
0,0.29062682
0,0.2841398
0,0.2730511
0,0.2700652
0,0.26442578
0,0.25846842
0,0.2585435
0,0.26318273
0,0.26146188
0,0.26056856
0,0.26354718
0,0.275784
0,0.2654549
0,0.25821704
0,0.25422403
0,0.27154022
0,0.33710128
0,0.30646753
0,0.29647478
0,0.3022019
0,0.28300253
0,0.30341068
0,0.2920079
0,0.28745854
0,0.28787914
0,0.29247832
0,0.33250996
0,0.2910877
0,0.2803838
0,0.28278363
0,0.30211487
0,0.28810406
0,0.2993
0,0.2871594
0,0.30561134
0,0.38455674
0,0.3389257
0,0.29899544
0,0.283531
0,0.28979406
0,0.28109875
0,0.26802048
0,0.25867912
0,0.26552323
0,0.25627822
0,0.2614258
0,0.25640592
0,0.27131957
0,0.2591376
0,0.31901908
0,0.3058052
0,0.29128286
0,0.28130612
0,0.30164784
0,0.31180745
0,0.287154
0,0.2898183
0,0.2822986
0,0.29383647
0,0.36069682
0,0.3620376
0,0.33175617
0,0.29872003
0,0.2855565
0,0.27356976
0,0.26636267
0,0.2871276
0,0.29618713
0,0.27972704
0,0.28063056
0,0.30947238
0,0.2829495
0,0.2713903
0,0.26733187
0,0.27824065
0,0.28862485
0,0.284466
0,0.26996523
0,0.3057791
0,0.2840271
0,0.29421726
0,0.3160347
0,0.32834736
0,0.37765718
0,0.32838666
0,0.31215274
0,0.3103797
0,0.3081927
0,0.33938435
0,0.30990604
0,0.28846776
0,0.27940184
0,0.27251944
0,0.26777834
0,0.26370642
0,0.26877198
0,0.28190672
0,0.30235738
0,0.29314038
0,0.2674647
0,0.27455387
0,0.2746179
0,0.31543738
0,0.2895726
0,0.2775708
0,0.27178493
0,0.26986143
0,0.29483497
0,0.28496075
0,0.27679724
0,0.27248654
0,0.2986612
0,0.32829207
0,0.3019164
0,0.31212255
0,0.3013774
0,0.29110667
0,0.2890035
0,0.2805086
0,0.27587673
0,0.27296796
0,0.27023783
0,0.2877651
0,0.27577412
0,0.27537373
0,0.27927893
0,0.3027106
0,0.30149865
0,0.28191712
0,0.2777903
0,0.2751923
0,0.28750888
0,0.276399
0,0.27177045
0,0.27050477
0,0.27550283
0,0.33218905
0,0.29079348
0,0.2763566
0,0.2682459
0,0.26276645
0,0.2583028
0,0.2632825
0,0.25777256
0,0.27909705
0,0.28099105
0,0.2856814
0,0.29250395
0,0.29093322
0,0.2936858
0,0.31413585
0,0.3105585
0,0.29738843
0,0.2950464
0,0.29457325
0,0.3147973
0,0.28677627
0,0.28594378
0,0.28630912
0,0.2841163
0,0.3188504
0,0.29758224
0,0.29114944
0,0.2892614
0,0.2769901
0,0.37787738
0,0.3311118
0,0.3223391
0,0.2932296
0,0.2764981
0,0.30811897
0,0.29240316
0,0.29386812
0,0.28215978
0,0.28231552
0,0.3170815
0,0.32129413
0,0.29558894
0,0.2753151
0,0.28188697
0,0.2835783
0,0.2760998
0,0.26485366
0,0.2702039
0,0.27941942
0,0.27724132
0,0.28015575
0,0.27822587
0,0.2797324
0,0.26999575
0,0.27761716
0,0.2736547
0,0.2724192
0,0.26724222
0,0.2635495
0,0.26316348
0,0.27214733
0,0.31767106
0,0.30319694
0,0.3064572
0,0.2948453
0,0.28434756
0,0.27279556
0,0.2754826
0,0.3111533
0,0.28693223
0,0.2826389
0,0.27833334
0,0.27019277
0,0.31122667
0,0.2788522
0,0.2685699
0,0.26706025
0,0.2861561
0,0.28800508
0,0.28962797
0,0.31806856
0,0.30726185
0,0.36812317
0,0.3359249
0,0.31383896
0,0.29630366
0,0.28434083
0,0.32455978
0,0.29804692
0,0.29298022
0,0.27789295
0,0.27299178
0,0.28014147
0,0.28639936
0,0.28017697
0,0.28871858
0,0.28232235
0,0.2700014
0,0.28006178
0,0.28733513
0,0.27781335
0,0.30015004
0,0.29027006
0,0.28366473
1,0.28037483
1,0.2959963
1,0.32912576
1,0.30212405
1,0.29327837
1,0.2852545
1,0.2881085
1,0.31356496
1,0.30794913
1,0.29975373
1,0.2880214
1,0.28379622
1,0.35310587
1,0.3266382
1,0.30160612
0,0.9349134
0,0.7550576
0,0.66593045
0,0.70870626
0,0.7154893
0,0.7108753
0,0.67856264
0,0.50951755
0,0.38163078
0,0.33771294
0,0.25820753
0,0.24533197
0,0.19467917
0,0.17519222
0,0.15429474
0,0.13756293
0,0.13222693
0,0.12830172
0,0.12181
0,0.12452065
0,0.12687354
0,0.123111255
0,0.122624025
0,0.122951455
0,0.12647083
0,0.13518943
0,0.1396643
0,0.15896742
0,0.18112831
0,0.19751745
0,0.3195784
0,0.29930565
0,0.30054453
0,0.29813144
0,0.2951314
0,0.34203255
0,0.30786678
0,0.29097712
0,0.2892057
0,0.29049954
0,0.30107185
0,0.2938092
0,0.29392105
0,0.3101244
0,0.30241832
0,0.32003704
0,0.30180484
0,0.29659984
0,0.29875872
0,0.29149765
0,0.2847762
0,0.28067052
0,0.2842545
0,0.27771732
0,0.27703762
0,0.27390137
0,0.26529244
0,0.26999456
0,0.27091515
0,0.28155172
0,0.26646316
0,0.28113213
0,0.2720189
0,0.29468665
0,0.32676542
0,0.3284412
0,0.30818453
0,0.31482062
0,0.31391844
0,0.34023458
0,0.2984943
0,0.29351577
0,0.3009126
0,0.28468955
0,0.30509412
0,0.3025127
0,0.28458655
0,0.27600694
0,0.28934506
0,0.32655305
0,0.29576802
0,0.28747165
0,0.29435945
0,0.30021858
0,0.36287013
0,0.30727103
0,0.28826323
0,0.2906154
0,0.27215892
0,0.26383385
0,0.26068792
0,0.26614112
0,0.2744166
0,0.3163279
0,0.28682667
0,0.27621213
0,0.2700294
0,0.27927884
0,0.30891532
0,0.28647548
0,0.2798428
0,0.284115
0,0.28894797
0,0.34541452
0,0.30847365
0,0.2917607
0,0.29184318
0,0.27951524
0,0.32675797
0,0.32423797
0,0.29242906
0,0.29172602
0,0.28893033
0,0.28602657
0,0.28892842
0,0.282943
0,0.28167516
0,0.29097676
0,0.2844373
0,0.2727538
0,0.2818437
0,0.27690306
0,0.33079442
0,0.30062553
0,0.29090157
0,0.2848378
0,0.28540248
0,0.30857462
0,0.2856896
0,0.2724624
0,0.27666965
0,0.27862746
0,0.35018632
0,0.33741435
0,0.3023865
0,0.28976136
0,0.30466253
0,0.29345804
0,0.2866026
0,0.28080425
0,0.28168672
0,0.2936692
0,0.29522783
0,0.2973895
0,0.27979583
0,0.27415305
0,0.33553612
0,0.31008288
0,0.2936928
0,0.28265887
0,0.2813924
0,0.27640843
0,0.2986713
0,0.27669957
0,0.27928233
0,0.33610225
0,0.29355526
0,0.28165835
0,0.27409104
0,0.27405852
0,0.29326388
0,0.2737416
0,0.2721843
0,0.27290773
0,0.26779452
0,0.26402202
0,0.26984286
0,0.25937912
0,0.25845158
0,0.27508613
0,0.2586829
0,0.2751686
0,0.29063332
0,0.29019338
0,0.31223533
0,0.3011718
0,0.29721987
0,0.29239732
0,0.27897
0,0.30109388
0,0.28268525
0,0.27744615
0,0.2828287
0,0.2822297
0,0.28337917
0,0.28105766
0,0.28342766
0,0.28065267
0,0.28069985
0,0.27992508
0,0.28120944
0,0.2819261
0,0.30213845
0,0.3399423
0,0.30819958
0,0.2966255
0,0.299907
0,0.2885409
0,0.31607684
0,0.28035933
0,0.28216952
0,0.27832356
0,0.2817907
0,0.2856919
0,0.28665864
0,0.2912765
0,0.2844699
0,0.28897336
0,0.28232345
0,0.29506493
0,0.28718647
0,0.27849397
0,0.34924582
0,0.30860296
0,0.3098213
0,0.29637146
0,0.28519028
0,0.31728488
0,0.29507884
0,0.30248573
0,0.28422272
0,0.28089142
0,0.33757183
0,0.30309573
0,0.28918266
0,0.2756746
0,0.2882547
0,0.27931717
0,0.27004567
0,0.28244525
0,0.28597334
0,0.28779078
0,0.30057883
0,0.2962103
0,0.28562695
0,0.27000284
0,0.28211796
0,0.26503438
0,0.26034674
0,0.26567122
0,0.26500335
0,0.306622
0,0.29366782
0,0.29064608
0,0.28896272
0,0.2990778
0,0.3269471
0,0.31177518
0,0.30399787
0,0.31883177
0,0.28751916
0,0.29142666
0,0.28849265
0,0.2890223
0,0.28382757
0,0.28464717
0,0.28442153
0,0.28374016
0,0.2735729
0,0.27874738
0,0.28523874
0,0.28005156
0,0.293656
0,0.28359285
0,0.26650396
0,0.31161535
0,0.28883082
0,0.2872404
0,0.28297496
0,0.26948598
0,0.32153654
0,0.2948768
0,0.28835005
0,0.29029283
0,0.292623
0,0.2811675
0,0.282145
0,0.27749783
0,0.27335593
0,0.29424435
0,0.2856267
0,0.28036243
0,0.29404896
0,0.28228325
0,0.30386123
0,0.30014095
0,0.28903648
0,0.28116432
0,0.28259274
0,0.33144042
0,0.2935051
0,0.28887856
0,0.2974708
0,0.2763917
0,0.27797619
0,0.27044025
0,0.26841217
0,0.26693293
0,0.27905622
0,0.26556644
0,0.26826647
0,0.3033539
0,0.27210134
0,0.29812625
0,0.28029084
0,0.29052317
0,0.2889332
0,0.27955008
0,0.321966
0,0.33018064
0,0.347089
0,0.33894596
0,0.32074383
0,0.36106724
0,0.3203234
0,0.3049022
0,0.30073154
0,0.3073128
0,0.3169192
0,0.29799008
0,0.28985542
0,0.2766916
0,0.2765719
0,0.27465463
0,0.27083093
0,0.2698643
0,0.28947175
0,0.27381736
0,0.26801267
0,0.2631446
0,0.26288664
0,0.25446108
0,0.26183188
0,0.27118823
0,0.27710292
0,0.26844636
0,0.26764962
0,0.3185665
0,0.2895636
0,0.28178316
0,0.2831651
0,0.30442116
0,0.3251148
0,0.30081213
0,0.29918545
0,0.28986004
0,0.28563312
0,0.2819964
0,0.27849996
0,0.27805674
0,0.28299016
0,0.27624512
0,0.2911059
0,0.28688166
0,0.28447175
0,0.29451853
0,0.32643422
0,0.29348606
0,0.28119907
0,0.27817598
0,0.27536136
0,0.3343347
0,0.28931442
0,0.29855186
0,0.28385893
0,0.28529727
0,0.29222658
0,0.27305362
0,0.279296
0,0.27783963
0,0.3106216
0,0.2999903
0,0.28446203
0,0.27137333
0,0.27319163
0,0.3326473
0,0.2837585
0,0.2916476
0,0.28959835
0,0.291459
0,0.32508597
0,0.3018541
0,0.29937354
0,0.2992737
0,0.31544167
0,0.30087414
0,0.31655335
0,0.3223541
0,0.30935165
0,0.39481926
0,0.35553434
0,0.40993515
0,0.44647408
0,0.37849048
0,0.33773553
0,0.30454397
0,0.26110253
0,0.24202023
0,0.20843202
0,0.21910726
0,0.1917934
0,0.17080651
0,0.1626208
0,0.15869984
0,0.14994577
0,0.14526628
0,0.14358486
0,0.14100151
0,0.14712538
0,0.16772138
0,0.15565635
0,0.15482317
0,0.16289182
0,0.17173411
0,0.20767687
0,0.20680857
0,0.20695797
0,0.20866707
0,0.20214523
0,0.22356741
0,0.22913496
0,0.25829634
0,0.27922064
0,0.28019243
0,0.34164572
0,0.31501013
0,0.29368967
0,0.28697577
0,0.2815539
0,0.28234726
0,0.29037982
0,0.2977873
0,0.3204165
0,0.32227263
0,0.37965897
0,0.34510344
0,0.29085606
0,0.2773763
0,0.2584223
0,0.3065871
0,0.26051348
0,0.22869864
0,0.21791011
0,0.20992422
0,0.2388088
0,0.24030542
0,0.24187157
0,0.23065394
0,0.21896924
0,0.21532585
0,0.20885196
0,0.2045085
0,0.20506181
0,0.20889275
0,0.20670146
0,0.20979826
0,0.19640991
0,0.19902278
0,0.21193537
0,0.2025399
0,0.19356036
0,0.1987306
0,0.21054597
0,0.23694625
0,0.23876542
0,0.24185275
0,0.20617509
0,0.19785859
0,0.20390387
0,0.21726817
0,0.22173886
0,0.21654679
0,0.23396987
0,0.26701826
0,0.2592246
0,0.25066128
0,0.21092418
0,0.20147555
0,0.17321002
0,0.17184444
0,0.17003803
0,0.1839597
0,0.1964074
0,0.17061903
0,0.17586613
0,0.22792095
0,0.22313356
0,0.3120448
0,0.26128986
0,0.2288033
0,0.1884127
0,0.20846565
0,0.22338226
0,0.20993833
0,0.21671563
0,0.21725476
0,0.21318418
0,0.19167851
0,0.15877119
0,0.14696093
0,0.13849252
0,0.16170505
0,0.16778009
0,0.1518251
0,0.15422435
0,0.14410375
0,0.1470725
0,0.14746985
0,0.15173349
0,0.14294803
0,0.14487508
0,0.13256268
0,0.13181074
0,0.13921177
0,0.13306275
0,0.14250766
0,0.13861072
0,0.1391153
0,0.15254158
0,0.15391307
0,0.15423651
0,0.1505233
0,0.14652978
0,0.15482843
0,0.16815262
0,0.19357541
0,0.17011477
0,0.1737541
0,0.16717806
0,0.17043112
0,0.16983087
0,0.18201439
0,0.18701562
0,0.19400743
0,0.21915817
0,0.21349092
0,0.20977482
0,0.21041182
0,0.21368128
0,0.21884963
0,0.22797096
0,0.2228305
0,0.23757264
0,0.24609818
0,0.26528952
0,0.25739485
0,0.2750418
0,0.26443645
0,0.28336173
0,0.29044792
0,0.37629
0,0.3605845
0,0.37288386
0,0.41355336
0,0.36196834
0,0.32997182
0,0.297856
0,0.2734969
0,0.26628527
0,0.30024356
0,0.25808546
0,0.3246892
0,0.38591462
0,0.3940753
0,0.35290915
0,0.26188946
0,0.20525685
0,0.1693017
0,0.15285452
0,0.15481287
0,0.14299488
0,0.14039506
0,0.13490935
0,0.13454765
0,0.12579732
0,0.12471793
0,0.123649776
0,0.13827278
0,0.13678376
0,0.14078009
0,0.146833
0,0.14964478
0,0.16328116
0,0.1566929
0,0.15848535
0,0.16242835
0,0.16540082
0,0.17688972
0,0.18239199
0,0.19163072
0,0.20285557
0,0.23250043
0,0.2827639
0,0.3056362
0,0.29368925
0,0.29777297
0,0.32491904
0,0.3018977
0,0.2906976
0,0.28711542
0,0.28688705
0,0.3308102
0,0.30895516
0,0.30168435
0,0.29165196
0,0.2820394
0,0.27860665
0,0.28010765
0,0.298486
0,0.32693562
0,0.3152738
0,0.31288868
0,0.3098615
0,0.30803886
0,0.28682387
0,0.30040988
0,0.27847293
0,0.2706244
0,0.26578936
0,0.2631513
0,0.2809765
0,0.28372285
0,0.2773651
0,0.3025753
0,0.30171755
0,0.28736913
0,0.28311294
0,0.28422505
0,0.2918474
0,0.34658808
0,0.33787557
0,0.3408286
0,0.32134527
0,0.32191366
0,0.3030604
0,0.25895494
0,0.24785413
0,0.2450529
0,0.25281182
0,0.29261196
0,0.27384052
0,0.26630744
0,0.2578939
0,0.3077537
0,0.26126438
0,0.25107533
0,0.24057008
0,0.23195732
0,0.23280153
0,0.23919514
0,0.2488395
0,0.24742813
0,0.27600694
0,0.2722488
0,0.29562643
0,0.28346556
0,0.27214715
0,0.30484423
0,0.2806956
0,0.29400504
0,0.2959811
0,0.297069
0,0.29192868
0,0.31207693
0,0.28662366
0,0.30280167
0,0.37695283
0,0.31340438
0,0.19755487
0,0.19910783
0,0.18451887
0,0.18238083
0,0.17828466
0,0.17137827
0,0.17362209
0,0.17619622
0,0.1809329
0,0.18218043
0,0.1947292
0,0.2071546
0,0.22857738
0,0.25430676
0,0.25692108
0,0.24911907
0,0.23531297
0,0.23757784
0,0.22427021
0,0.2110064
0,0.2200003
0,0.21342231
0,0.22171201
0,0.21431811
0,0.19314514
0,0.17862682
0,0.16971922
0,0.17311347
0,0.17549363
0,0.17370838
0,0.18440771
0,0.18898545
0,0.23706797
0,0.21161309
0,0.20835362
0,0.18877557
0,0.19662297
0,0.1965802
0,0.19803524
0,0.17793287
0,0.16603881
0,0.17746237
0,0.17114404
0,0.16654314
0,0.17659642
0,0.17814603
0,0.18594903
0,0.1829005
0,0.1826636
0,0.16434422
0,0.16544314
0,0.18416855
0,0.17508382
0,0.16172376
0,0.15345882
0,0.14526081
0,0.18308692
0,0.16452034
0,0.16797228
0,0.15609674
0,0.1627281
0,0.16978261
0,0.20920904
0,0.18890887
0,0.17538472
0,0.19542961
0,0.23943716
0,0.23372787
0,0.1971978
0,0.20383333
0,0.19490187
0,0.16597715
0,0.18282078
0,0.19563352
0,0.22288409
0,0.22434896
0,0.26474753
0,0.2785023
0,0.25331226
0,0.19301091
0,0.200572
0,0.19082023
0,0.19206756
0,0.18038647
0,0.17509751
0,0.18092942
0,0.21388647
0,0.2137111
0,0.245356
0,0.271056
0,0.28756428
0,0.42707327
0,0.55784565
0,0.55547965
0,0.4876423
0,0.44702363
0,0.4126226
0,0.47438896
0,0.41663542
0,0.38832635
0,0.32757616
0,0.29296082
0,0.27829492
0,0.23622714
0,0.22472869
0,0.24235685
0,0.2328102
0,0.24130961
0,0.25017324
0,0.23544697
0,0.2498228
0,0.26450574
0,0.2304248
0,0.2255061
0,0.23863223
0,0.25926316
0,0.3857229
0,0.3383672
0,0.36938304
0,0.3397402
0,0.34751797
0,0.36203375
0,0.38942012
0,0.3421277
0,0.30691516
0,0.29784864
0,0.30343255
0,0.26313132
0,0.23942861
0,0.21416521
0,0.24454854
0,0.31896538
0,0.29581192
0,0.29250845
0,0.27996925
0,0.34621528
0,0.28542468
0,0.22350323
0,0.2147879
0,0.19839224
0,0.19233127
0,0.20442626
0,0.19623391
0,0.19913289
0,0.17758201
0,0.19248632
0,0.15560704
0,0.1708327
0,0.1583543
0,0.1484707
0,0.14900632
0,0.14258406
0,0.14873382
0,0.1446938
0,0.1545476
0,0.14792778
0,0.15706785
0,0.15561889
0,0.14396957
0,0.16724342
0,0.15556154
0,0.15170862
0,0.14799064
0,0.13901715
0,0.13672853
0,0.13338925
0,0.13258955
0,0.131657
0,0.13417889
0,0.13665599
0,0.13749434
0,0.14222889
0,0.14730068
0,0.17221041
0,0.18911493
0,0.18248817
0,0.17646661
0,0.23643202
0,0.1982753
0,0.18197307
0,0.17767489
0,0.1753846
0,0.18673205
0,0.19237408
0,0.1962765
0,0.19219553
0,0.20967513
0,0.22558708
0,0.22528742
0,0.26217422
0,0.26473555
0,0.26802158
0,0.27763018
0,0.24388339
0,0.23339555
0,0.21870798
0,0.21830478
0,0.21214935
0,0.20921743
0,0.21358049
0,0.21966776
0,0.23151283
0,0.25160033
0,0.25768334
0,0.27492428
0,0.28894997
0,0.2973082
0,0.3368647
0,0.30907777
0,0.2867863
0,0.30732867
0,0.29675204
0,0.2845361
0,0.28792194
0,0.27743274
0,0.2838268
0,0.2907795
0,0.2938425
0,0.2984032
0,0.30147147
0,0.2928498
0,0.29596502
0,0.2902791
0,0.28735283
0,0.29854918
0,0.28871375
0,0.31451717
0,0.30082434
0,0.30224606
0,0.314941
0,0.3095471
0,0.33962056
0,0.32191354
0,0.30084267
0,0.29510173
0,0.2816581
0,0.37916496
0,0.3188121
0,0.31053886
0,0.30599573
0,0.33693507
0,0.3080597
0,0.2876991
0,0.27960244
0,0.263161
0,0.26398325
0,0.27120897
0,0.27807742
0,0.26263207
0,0.26140815
0,0.26974115
0,0.25920573
0,0.2852761
0,0.2862249
0,0.31484738
0,0.2712455
0,0.2699669
0,0.25550708
0,0.25022268
0,0.28268522
0,0.2583332
0,0.26524106
0,0.26242384
0,0.25926822
0,0.31225434
0,0.2792979
0,0.28922513
0,0.2717106
0,0.2642148
0,0.2725583
0,0.28702563
0,0.3075545
0,0.31734598
0,0.34744218
0,0.3070482
0,0.2837226
0,0.28595436
0,0.2679335
0,0.30374756
0,0.27108455
0,0.2781777
0,0.30017325
0,0.31609413
0,0.34976628
0,0.3188729
0,0.31084374
0,0.2970534
0,0.29305425
0,0.30802232
0,0.3002109
0,0.28634113
0,0.29769784
0,0.2907144
0,0.28756973
0,0.29145908
0,0.26663065
0,0.24870737
0,0.23074865
0,0.23328681
0,0.21944693
0,0.22363251
0,0.24454038
0,0.25212297
0,0.25021067
0,0.22410542
0,0.2050293
0,0.19982664
0,0.19405739
0,0.22302985
0,0.20058076
0,0.19731143
0,0.19168411
0,0.18357639
0,0.17972279
0,0.1788693
0,0.1795615
0,0.17692032
0,0.17907147
0,0.17596799
0,0.1765823
0,0.18264125
0,0.18037811
0,0.17763926
0,0.17014398
0,0.17871194
0,0.17391099
0,0.17156659
0,0.1752067
0,0.1865065
0,0.19614744
0,0.21505848
0,0.21072958
0,0.2162361
0,0.2305742
0,0.23775037
0,0.24492168
0,0.2712975
0,0.2715559
0,0.28264728
0,0.27575922
0,0.27436942
0,0.3335603
0,0.28014088
0,0.25082788
0,0.26266658
0,0.25192073
0,0.2680299
0,0.2811409
0,0.29279616
0,0.2631265
0,0.24974307
0,0.2569598
0,0.2120025
0,0.20533587
0,0.2173002
0,0.22885874
0,0.21174647
0,0.22603765
0,0.23966461
0,0.24624118
0,0.3032243
0,0.23933347
0,0.23408392
0,0.24149305
0,0.23504193
0,0.1918183
0,0.17357829
0,0.16576143
0,0.17668942
0,0.15332726
0,0.16308138
0,0.15184473
0,0.14393798
0,0.13586679
0,0.13628413
0,0.14972031
0,0.21340702
0,0.17292513
0,0.1621811
0,0.1546181
0,0.1751787
0,0.15757369
0,0.14463367
0,0.13801561
0,0.13609935
0,0.1304251
0,0.12877984
0,0.12929122
0,0.13250035
0,0.14784639
0,0.14408201
0,0.15436761
0,0.1543059
0,0.15062088
0,0.15961209
0,0.16705744
0,0.16797721
0,0.17228372
0,0.16290551
0,0.17913587
0,0.17011693
0,0.17403604
0,0.17742395
0,0.17707713
0,0.18236761
0,0.20301446
0,0.2505543
0,0.25582072
0,0.26732954
0,0.24699752
0,0.2777008
0,0.30035982
0,0.29414594
0,0.34161118
0,0.33092913
0,0.3203605
0,0.31505042
0,0.32658076
0,0.311962
0,0.27259123
0,0.19231261
0,0.17758274
0,0.16273294
0,0.16406542
0,0.16143925
0,0.15281287
0,0.1657552
0,0.15718612
0,0.16641673
0,0.14816187
0,0.13647188
0,0.13514945
0,0.12413127
0,0.124388665
0,0.12882532
0,0.12688185
0,0.12677725
0,0.12679967
0,0.13693808
0,0.14376374
0,0.14479479
0,0.16759837
0,0.16057727
0,0.15885545
0,0.16232087
0,0.16544242
0,0.17315911
0,0.1878718
0,0.20475796
0,0.20622218
0,0.22258963
0,0.22855307
0,0.24205409
0,0.260463
0,0.29396263
0,0.3038995
0,0.35499024
0,0.32849187
0,0.32501847
0,0.3024964
0,0.31079063
0,0.30518657
0,0.2915822
0,0.29669383
0,0.29440632
0,0.28571218
0,0.2932948
0,0.3060962
0,0.29958683
0,0.29313892
0,0.30627164
0,0.3069392
0,0.32611418
0,0.26525608
0,0.22521818
0,0.20780456
0,0.20272541
0,0.2078369
0,0.1915697
0,0.17502344
0,0.17559768
0,0.1771354
0,0.18052267
0,0.18943372
0,0.21308793
0,0.21792363
0,0.22283904
0,0.22956143
0,0.23371363
0,0.23561619
0,0.2429891
0,0.2430879
0,0.24735013
0,0.25738046
0,0.26595882
0,0.26406097
0,0.2960807
0,0.30896363
0,0.30402604
0,0.29599082
0,0.3020322
0,0.31507483
0,0.30732188
0,0.29279774
0,0.3086322
0,0.30533928
0,0.3150199
0,0.3060817
0,0.29850972
0,0.32069066
0,0.32728252
0,0.35146016
0,0.3276194
0,0.3222809
0,0.31616297
0,0.29700533
0,0.27452862
0,0.26776358
0,0.23171794
0,0.21586524
0,0.219374
0,0.20945452
0,0.1980003
0,0.19327293
0,0.18457864
0,0.23112297
0,0.19819985
0,0.18912195
0,0.17273952
0,0.17365904
0,0.17576797
0,0.16205427
0,0.16333428
0,0.16690686
0,0.16722338
0,0.19278063
0,0.19157621
0,0.167538
0,0.16355206
0,0.16516717
0,0.18549655
0,0.18024808
0,0.18263826
0,0.19051573
0,0.17540523
0,0.17322528
0,0.17793693
0,0.19620644
0,0.20245104
0,0.19565058
0,0.22976802
0,0.21779688
0,0.21270667
0,0.22719675
0,0.22220065
0,0.23338574
0,0.21846353
0,0.20957045
0,0.2088056
0,0.22041138
0,0.22437789
0,0.2143037
0,0.22290523
0,0.21489963
0,0.22150587
0,0.23401114
0,0.25102746
0,0.22829036
0,0.22106713
0,0.20267133
0,0.16221175
0,0.15757637
0,0.14161247
0,0.13290048
0,0.12884957
0,0.12609065
0,0.1285245
0,0.12696809
0,0.12844937
0,0.14104873
0,0.13560848
0,0.13756236
0,0.14041618
0,0.14535484
0,0.15462911
0,0.16003732
0,0.16752002
0,0.17902002
0,0.1937083
0,0.21208835
0,0.22430441
0,0.22751474
0,0.24210727
0,0.25526324
0,0.26294303
0,0.26604918
0,0.27037323
0,0.27058157
0,0.28919816
0,0.29542342
0,0.28258172
0,0.28749645
0,0.3048657
0,0.29137936
0,0.28101012
0,0.28601122
0,0.2711839
0,0.28707537
0,0.29063118
0,0.29471987
0,0.28282878
0,0.27459115
0,0.27819964
0,0.26864564
0,0.28590146
0,0.2771434
0,0.2772411
0,0.2840505
0,0.27600232
0,0.27760434
0,0.28349295
0,0.28908673
0,0.27683324
0,0.26890814
0,0.30610928
0,0.29931194
0,0.29269433
0,0.28052807
0,0.28417677
0,0.30882347
0,0.2945977
0,0.302006
0,0.292138
0,0.28730327
0,0.31551278
0,0.29515108
0,0.281724
0,0.28340048
0,0.28241956
0,0.33456603
0,0.309621
0,0.31125596
0,0.2944776
0,0.28646943
0,0.30885032
0,0.28848812
0,0.2834338
0,0.2797497
0,0.2833871
0,0.3122555
0,0.29011184
0,0.27285612
0,0.2742175
0,0.27153608
0,0.33421734
0,0.29064
0,0.30638656
0,0.28411987
0,0.28763932
0,0.28223547
0,0.28519985
0,0.27487656
0,0.27281824
0,0.2818016
0,0.28631172
0,0.29636028
0,0.28460404
0,0.2883383
0,0.3100909
0,0.28873533
0,0.28416112
0,0.28204224
0,0.28497887
0,0.34706998
0,0.317539
0,0.29367322
0,0.28446427
0,0.28309375
0,0.2719077
0,0.26933008
0,0.26790112
0,0.26871037
0,0.2655459
0,0.26867506
0,0.2790213
0,0.26988912
0,0.26874736
0,0.29530916
0,0.28038877
0,0.27235207
0,0.26570964
0,0.27446267
0,0.31841007
0,0.28253418
0,0.2823497
0,0.2699734
0,0.26374012
0,0.30336773
0,0.28992742
0,0.2870394
0,0.3165542
0,0.29838762
0,0.29355782
0,0.28936923
0,0.2869826
0,0.27406973
0,0.27979156
0,0.2844129
0,0.28167823
0,0.287156
0,0.28347924
0,0.28605494
0,0.28463578
0,0.28943688
0,0.28553632
0,0.2801031
0,0.28501675
0,0.2788645
0,0.2777046
0,0.27575392
0,0.27364954
0,0.32453805
0,0.29163003
0,0.29799995
0,0.28295046
0,0.27856028
0,0.30385694
0,0.2756214
0,0.27494267
0,0.2766271
0,0.27088585
0,0.3205536
0,0.28691518
0,0.2788603
0,0.28692752
0,0.2845994
0,0.27923146
0,0.2842858
0,0.2801061
0,0.27773422
0,0.28141388
0,0.271478
0,0.2774161
0,0.27186376
0,0.2771709
0,0.267663
0,0.28482234
0,0.27887106
0,0.27408412
0,0.27154335
0,0.29897264
0,0.27993134
0,0.27496663
0,0.26965278
0,0.26900753
0,0.28624594
0,0.2715907
0,0.2660507
0,0.26535907
0,0.26268798
0,0.26619956
0,0.26041204
0,0.2671678
0,0.25471854
0,0.2591915
0,0.2614534
0,0.25700352
0,0.25490528
0,0.25828204
0,0.27692598
0,0.2781367
0,0.27681184
0,0.28041726
0,0.27970743
0,0.297187
0,0.2875636
0,0.28464743
0,0.2957745
0,0.27999437
0,0.28653476
0,0.28273866
0,0.281449
0,0.26852524
0,0.27466962
0,0.27267775
0,0.27445042
0,0.27569842
0,0.2765868
0,0.29933938
0,0.2879466
0,0.2816826
0,0.27856258
0,0.27657345
0,0.3235545
0,0.29114437
0,0.28255588
0,0.27874225
0,0.27576575
0,0.3090795
0,0.2848552
0,0.27727625
0,0.27903727
0,0.27306592
0,0.27143738
0,0.27482393
0,0.27066562
0,0.26867312
0,0.2559459
0,0.2624401
0,0.28357074
0,0.29182482
0,0.28529397
0,0.31925195
0,0.2922615
0,0.2883393
0,0.29822263
0,0.28236264
0,0.27865985
0,0.27673286
0,0.27270904
0,0.27173495
0,0.29256716
0,0.2784793
0,0.27650136
0,0.27404907
0,0.27752692
0,0.4081034
0,0.32333148
0,0.3051829
0,0.28862837
0,0.29547963
0,0.2791623
0,0.28024143
0,0.27060178
0,0.27099144
0,0.2814246
0,0.26644135
0,0.2688425
0,0.26444644
0,0.26768824
0,0.30055818
0,0.27759752
0,0.2706389
0,0.27577677
0,0.27022317
0,0.3263219
0,0.30289346
0,0.2945865
0,0.3018512
0,0.29282165
0,0.3488809
0,0.2984702
0,0.29616368
0,0.29154414
0,0.27289522
0,0.2793427
0,0.28568032
0,0.28171012
0,0.285313
0,0.29657713
0,0.2943224
0,0.28740108
0,0.29332024
0,0.28466296
0,0.30499813
0,0.29975003
0,0.28672308
0,0.2727396
0,0.26420024
0,0.28195304
0,0.27980596
0,0.27606827
0,0.27748695
0,0.27780306
0,0.29823834
0,0.26972413
0,0.2712018
0,0.26946768
0,0.27625006
0,0.322131
0,0.29405048
0,0.30647343
0,0.2948771
0,0.2805849
0,0.2875783
0,0.28057614
0,0.28382596
0,0.28841126
0,0.32297578
0,0.2944518
0,0.30003688
0,0.29014722
0,0.30758655
0,0.3285243
0,0.3342775
0,0.30007565
0,0.29058456
0,0.2824702
0,0.28155264
0,0.26856023
0,0.26982608
0,0.26249048
0,0.2633949
0,0.2687777
0,0.26828834
0,0.26466024
0,0.2789543
0,0.29634482
0,0.2759487
0,0.26414466
0,0.26346216
0,0.269894
0,0.30270913
0,0.29934773
0,0.28035054
0,0.27081215
0,0.2797817
0,0.33302334
0,0.29184657
0,0.2930905
0,0.29078236
0,0.31340286
0,0.3526573
0,0.31233847
0,0.3018932
0,0.29127666
0,0.28983137
0,0.2865615
0,0.28506655
0,0.28241685
0,0.28908652
0,0.33558252
0,0.30001926
0,0.29072198
0,0.28553873
0,0.2934258
0,0.34762755
0,0.30266824
0,0.2914139
0,0.2868266
0,0.28021505
0,0.28053543
0,0.27526033
0,0.2775857
0,0.28043178
0,0.29563302
0,0.28991175
0,0.2803529
0,0.2744844
0,0.27173996
0,0.31598672
0,0.28691962
0,0.28141838
0,0.27498788
0,0.28468624
0,0.33154064
0,0.31427512
0,0.31169143
0,0.3134355
0,0.28159288
0,0.28626835
0,0.28913876
0,0.27494147
0,0.2772913
0,0.27339035
0,0.27650714
0,0.27179715
0,0.27542055
0,0.2882595
0,0.29203004
0,0.2951611
0,0.28261453
0,0.2755188
0,0.26658913
0,0.2674636
0,0.26611575
0,0.26409203
0,0.26705346
0,0.2632267
0,0.26192015
0,0.26220438
0,0.32610983
0,0.28420287
0,0.27551425
0,0.2632046
0,0.26357642
0,0.27687436
0,0.28062943
0,0.2693087
0,0.2701927
0,0.26719916
0,0.26544675
0,0.26448
0,0.27760026
0,0.31178403
0,0.29302353
0,0.28142083
0,0.28430742
0,0.28271398
0,0.30763042
0,0.29104587
0,0.29290378
0,0.31104514
0,0.30412075
0,0.29696032
0,0.29077584
0,0.28610563
0,0.28061673
0,0.26880917
0,0.27446502
0,0.274287
0,0.27434918
0,0.2797107
0,0.27568933
0,0.2748437
0,0.2742415
0,0.27315158
0,0.27670068
0,0.2995567
0,0.28304964
0,0.28017968
0,0.2780994
0,0.2735523
0,0.30158052
0,0.29439542
0,0.28182188
0,0.2761128
0,0.27284345
0,0.3099562
0,0.2995586
0,0.2893306
0,0.28245023
0,0.273911
0,0.29865134
0,0.28947186
0,0.2852478
0,0.28343308
0,0.3007198
0,0.33110818
0,0.29984275
0,0.28822502
0,0.27545333
0,0.28968123
0,0.30028656
0,0.28284496
0,0.27700356
0,0.27234462
0,0.26881313
0,0.3207388
0,0.28456047
0,0.295205
0,0.2790838
0,0.27425212
0,0.30405676
0,0.27918896
0,0.27173325
0,0.26675394
0,0.2623144
0,0.25990376
0,0.25818205
0,0.25914046
0,0.26020288
0,0.27254176
0,0.25551748
0,0.25696862
0,0.27079552
0,0.2751105
0,0.27837747
0,0.28095254
0,0.28258538
0,0.28443325
0,0.28434503
0,0.28754318
0,0.28425503
0,0.2837658
0,0.28192726
0,0.28237462
0,0.2911934
0,0.29085258
0,0.29243448
0,0.28549987
0,0.29503274
0,0.31043482
0,0.29246897
0,0.28734756
0,0.28369844
0,0.27979246
0,0.3105221
0,0.2878508
0,0.30641595
0,0.29516897
0,0.28522667
0,0.3268139
0,0.29348454
0,0.28524697
0,0.27971414
0,0.2758233
0,0.33147353
0,0.28135455
0,0.28366572
0,0.2814272
0,0.2790866
0,0.27710864
0,0.2925306
0,0.28561053
0,0.2961943
0,0.28234535
0,0.27916142
0,0.29228824
0,0.27941006
0,0.27464715
0,0.2671458
0,0.26984373
0,0.26852125
0,0.26820248
0,0.26723027
0,0.2683079
0,0.27214915
0,0.26659742
0,0.27307966
0,0.27207023
0,0.27292255
0,0.2736275
0,0.2619962
0,0.26221028
0,0.26824504
0,0.27654132
0,0.28171417
0,0.2853988
0,0.28682268
0,0.29591236
0,0.31616318
0,0.3109926
0,0.2889562
0,0.29078245
0,0.27706546
0,0.30641472
0,0.2906394
0,0.287985
0,0.29327577
0,0.2915187
0,0.30997008
0,0.2991946
0,0.29287842
0,0.28717536
0,0.28239048
0,0.33004916
0,0.30167496
0,0.30085057
0,0.2951915
0,0.2862312
0,0.3166112
0,0.28890508
0,0.2828938
0,0.2828347
0,0.29081795
0,0.27897474
0,0.28337306
0,0.28272152
0,0.28128654
0,0.2809646
0,0.2791624
0,0.27261108
0,0.2703275
0,0.2735978
0,0.29098463
0,0.27604985
0,0.27729148
0,0.27574477
0,0.28256348
0,0.2980145
0,0.29325593
0,0.28457436
0,0.28351688
0,0.2793402
0,0.2997154
0,0.28253978
0,0.2778139
0,0.28086922
0,0.27531826
0,0.29616022
0,0.29902622
0,0.3248606
0,0.29529765
0,0.30317414
0,0.30365753
0,0.28645942
0,0.28423402
0,0.27715743
0,0.273692
0,0.32290426
0,0.28714618
0,0.27964336
0,0.2721179
0,0.26977602
0,0.26729992
0,0.26482677
0,0.2623472
0,0.26166907
0,0.26111042
0,0.36127406
0,0.29891357
0,0.3097041
0,0.28366747
0,0.2920167
0,0.27492893
0,0.28222555
0,0.26785782
0,0.26357034
0,0.28867194
0,0.28749457
0,0.28536698
0,0.2860844
0,0.28283364
0,0.2908997
0,0.28598702
0,0.2844734
0,0.2879108
0,0.2872466
0,0.30303442
0,0.28913435
0,0.28352076
0,0.28183523
0,0.28019673
0,0.30099186
0,0.29050273
0,0.2834791
0,0.27882847
0,0.2780331
0,0.3127453
0,0.29043555
0,0.28365445
0,0.28908592
0,0.27966368
0,0.32013562
0,0.2765898
0,0.27755833
0,0.28029194
0,0.2737195
0,0.2782205
0,0.27658823
0,0.2769999
0,0.27547967
0,0.2583617
0,0.2848407
0,0.2769735
0,0.27665317
0,0.27470875
0,0.27132487
0,0.26481354
0,0.2707739
0,0.27646807
0,0.26490915
0,0.26763332
0,0.2698553
0,0.2677205
0,0.26579598
0,0.2703522
0,0.28884336
0,0.27221054
0,0.26885295
0,0.2742373
0,0.26561213
0,0.2870812
0,0.26945522
0,0.26752615
0,0.26549956
0,0.2683459
0,0.30215552
0,0.28098902
0,0.26812646
0,0.27833906
0,0.26394424
0,0.28420994
0,0.28201836
0,0.28602612
0,0.28414333
0,0.28649363
0,0.30806264
0,0.29157987
0,0.28725114
0,0.28473184
0,0.28177902
0,0.33581153
0,0.2995165
0,0.29184395
0,0.2852661
0,0.2820859
0,0.30810404
0,0.28751105
0,0.27161375
0,0.26501644
0,0.26779538
0,0.31379783
0,0.28602564
0,0.285258
0,0.2772318
0,0.2735109
0,0.27050403
0,0.2739461
0,0.28249955
0,0.27600044
0,0.27932292
0,0.28194717
0,0.28319365
0,0.27893704
0,0.2759521
0,0.28994215
0,0.27985436
0,0.27570257
0,0.2745901
0,0.27177027
0,0.3170875
0,0.28552976
0,0.27992287
0,0.27631566
0,0.27235085
0,0.270496
0,0.27180424
0,0.26839778
0,0.26624107
0,0.26617777
0,0.26418522
0,0.26173756
0,0.2552991
0,0.25176734
0,0.25548548
0,0.25633746
0,0.2563912
0,0.2722825
0,0.26200172
0,0.2820268
0,0.27019045
0,0.269017
0,0.2637424
0,0.260545
0,0.29798782
0,0.27451882
0,0.26036945
0,0.26451302
0,0.26797557
0,0.3125784
0,0.2931207
0,0.29343137
0,0.2896366
0,0.28834963
0,0.34008473
0,0.3064807
0,0.2979468
0,0.291511
0,0.2879113
0,0.29621214
0,0.28779936
0,0.29122016
0,0.27485564
0,0.27824545
0,0.3126889
0,0.29010352
0,0.28732616
0,0.28935158
0,0.28308856
0,0.32513613
0,0.29274806
0,0.29214853
0,0.28831318
0,0.28106314
0,0.2663584
0,0.2715192
0,0.26102027
0,0.26930445
0,0.26645964
0,0.26655722
0,0.26717257
0,0.26905414
0,0.26686856
0,0.25600612
0,0.2631513
0,0.27157268
0,0.26625568
0,0.26689023
0,0.26882252
0,0.26639697
0,0.269106
0,0.2716027
0,0.27340576
0,0.32272497
0,0.2930666
0,0.28675458
0,0.27654302
0,0.28081393
0,0.3186787
0,0.2907458
0,0.28757724
0,0.28069445
0,0.2761699
0,0.3757216
0,0.31155512
0,0.29464644
0,0.2885068
0,0.28946078
0,0.29635715
0,0.28621063
0,0.27477914
0,0.2712422
0,0.26854047
0,0.29947236
0,0.27688575
0,0.39562747
0,0.31664416
0,0.30392832
0,0.28569752
0,0.2716706
0,0.275937
0,0.27563003
0,0.26695994
0,0.28093082
0,0.28216794
0,0.26714265
0,0.2776486
0,0.26561466
0,0.27640918
0,0.27296576
0,0.27422485
0,0.28207886
0,0.33674416
0,0.3041243
0,0.2871359
0,0.2872406
0,0.2845096
0,0.33176327
0,0.300176
0,0.29156083
0,0.28740677
0,0.2727948
0,0.27699372
0,0.27622163
0,0.28673434
0,0.27953917
0,0.29225537
0,0.2798846
0,0.27015108
0,0.27260545
0,0.27200943
0,0.27743906
0,0.27327672
0,0.27041468
0,0.2697936
0,0.26899302
0,0.30433637
0,0.28073844
0,0.2662261
0,0.2690183
0,0.27291077
0,0.29616278
0,0.27647185
0,0.2731641
0,0.27542406
0,0.277773
0,0.3190518
0,0.28387704
0,0.27899075
0,0.28035912
0,0.27484044
0,0.30504018
0,0.28152615
0,0.28241155
0,0.26976812
0,0.27890557
0,0.31806332
0,0.2957827
0,0.28212193
0,0.27001125
0,0.2702274
0,0.27641138
0,0.26872718
0,0.26571262
0,0.25785714
0,0.28021094
0,0.267306
0,0.2799242
0,0.26701024
0,0.2610246
0,0.3267352
0,0.27691013
0,0.27644753
0,0.26888248
0,0.264371
0,0.3256507
0,0.29932973
0,0.2997093
0,0.3004376
0,0.29402342
0,0.2892863
0,0.28670508
0,0.28948122
0,0.28544185
0,0.28978494
0,0.2865812
0,0.2816334
0,0.28029028
0,0.27964517
0,0.30281773
0,0.28690913
0,0.28006437
0,0.2799319
0,0.2678803
0,0.27247608
0,0.27199864
0,0.27510822
0,0.28752542
0,0.26290512
0,0.27821034
0,0.27126086
0,0.2700579
0,0.26872832
0,0.27167448
0,0.27345577
0,0.27649486
0,0.27520686
0,0.27610326
0,0.30459395
0,0.29477194
0,0.285028
0,0.2820742
0,0.28002462
0,0.30714184
0,0.28916165
0,0.2893612
0,0.28782126
0,0.28060108
0,0.30105054
0,0.28270027
0,0.27315727
0,0.27442083
0,0.27194467
0,0.32277963
0,0.29340932
0,0.29025126
0,0.27921757
0,0.27345234
0,0.32034382
0,0.28523687
0,0.28170365
0,0.28902343
0,0.27461413
0,0.31156796
0,0.30134967
0,0.28119794
0,0.2733654
0,0.2641278
0,0.30947506
0,0.27704915
0,0.27247044
0,0.26455852
0,0.262925
0,0.26009
0,0.25685394
0,0.27058157
0,0.27432153
0,0.2555866
0,0.27854744
0,0.28432477
0,0.28232688
0,0.28541723
0,0.2685225
0,0.2779829
0,0.28713185
0,0.28414923
0,0.29226434
0,0.28984687
0,0.30987427
0,0.30361605
0,0.2908726
0,0.2938609
0,0.2936573
0,0.28491673
0,0.2925726
0,0.2891413
0,0.28151405
0,0.29245523
0,0.2812686
0,0.28311485
0,0.2796123
0,0.27600923
0,0.322677
0,0.290822
0,0.2852821
0,0.28125456
0,0.28841117
0,0.3350301
0,0.29602802
0,0.28519395
0,0.28481302
0,0.28516456
0,0.28204823
0,0.27867782
0,0.28419212
0,0.2736845
0,0.2701984
0,0.27587745
0,0.2763191
0,0.2735713
0,0.27179292
0,0.26591882
0,0.27095708
0,0.269067
0,0.26723203
0,0.2663598
0,0.26767027
0,0.26727322
0,0.26519778
0,0.2636516
0,0.261322
0,0.2640635
0,0.26382056
0,0.27749583
0,0.26735556
0,0.26361218
0,0.25560865
0,0.26130068
0,0.25243032
0,0.27011353
0,0.26894814
0,0.281688
0,0.26977026
0,0.27777526
0,0.26619416
0,0.26093078
0,0.2577288
0,0.27130917
0,0.2611535
0,0.27289152
0,0.27808297
0,0.28037897
0,0.28994575
0,0.2745205
0,0.28651997
0,0.28379738
0,0.28247735
0,0.28237855
0,0.2819589
0,0.28133503
0,0.2891177
0,0.2696565
0,0.27652815
0,0.27652982
0,0.27627856
0,0.27543816
0,0.25881186
0,0.27145532
0,0.2712128
0,0.2708549
0,0.27090904
0,0.26314905
0,0.26663616
0,0.2792863
0,0.270668
0,0.27126548
0,0.26817724
0,0.26878566
0,0.26650602
0,0.27168405
0,0.2682561
0,0.26619947
0,0.27097148
0,0.2762309
0,0.2737325
0,0.27322385
0,0.2892167
0,0.27691898
0,0.28426847
0,0.29722056
0,0.2810196
0,0.3246237
0,0.29151163
0,0.2827916
0,0.2859897
0,0.27619636
0,0.2941288
0,0.2751311
0,0.2697649
0,0.267597
0,0.2650107
0,0.30802608
0,0.27934372
0,0.27316704
0,0.26843092
0,0.28887764
0,0.2745395
0,0.26785296
0,0.26364264
0,0.26711372
0,0.26249942
0,0.2598791
0,0.25589657
0,0.2549924
0,0.24832825
0,0.26958916
0,0.32342178
0,0.29686263
0,0.29217294
0,0.28941587
0,0.2887983
0,0.33916095
0,0.29401973
0,0.29572743
0,0.27968535
0,0.36652827
0,0.30365455
0,0.2848748
0,0.29253834
0,0.28572196
0,0.26938647
0,0.27615654
0,0.27547422
0,0.27433535
0,0.27422088
0,0.27871987
0,0.2594965
0,0.26709732
0,0.26967084
0,0.26942968
0,0.2927226
0,0.26890093
0,0.27169326
0,0.27849445
0,0.261231
0,0.28107208
0,0.27099663
0,0.26972714
0,0.2696306
0,0.2706708
0,0.30692178
0,0.28488246
0,0.29617253
0,0.2843197
0,0.27380252
0,0.2740091
0,0.27664065
0,0.2732584
0,0.27127668
0,0.29308137
0,0.27707738
0,0.268716
0,0.27127895
0,0.27002636
0,0.3180518
0,0.2858445
0,0.27574047
0,0.28760067
0,0.26912946
0,0.2676714
0,0.26500088
0,0.2631424
0,0.26720822
0,0.26544264
0,0.26189065
0,0.25949717
0,0.25739768
0,0.27380395
0,0.277358
0,0.28009447
0,0.28131986
0,0.289961
0,0.28580478
0,0.30779845
0,0.29831007
0,0.29152218
0,0.2946397
0,0.28892598
0,0.3128898
0,0.2939734
0,0.2888819
0,0.2858089
0,0.28282
0,0.3425673
0,0.30964145
0,0.30013013
0,0.2948656
0,0.2857025
0,0.2817196
0,0.28520492
0,0.2843653
0,0.27881536
0,0.26136637
0,0.26731345
0,0.27363184
0,0.26980558
0,0.26756823
0,0.27460244
0,0.2743088
0,0.26959258
0,0.2682387
0,0.26609972
0,0.28745568
0,0.29169667
0,0.28306475
0,0.2791217
0,0.27583146
0,0.3160193
0,0.28934273
0,0.2816819
0,0.27724013
0,0.2741237
0,0.29224595
0,0.28300607
0,0.27974513
0,0.28272396
0,0.2742318
0,0.3060664
0,0.28813756
0,0.28297678
0,0.26909915
0,0.28395635
0,0.28218168
0,0.2775429
0,0.27041873
0,0.26936138
0,0.2651899
0,0.30324137
0,0.28196523
0,0.27281916
0,0.2826871
0,0.27314728
0,0.3057261
0,0.29593223
0,0.29019022
0,0.290367
0,0.29206944
0,0.29803094
0,0.29116386
0,0.28787562
0,0.2864128
0,0.28573686
0,0.29302534
0,0.29031077
0,0.29355147
0,0.29153582
0,0.2865764
0,0.30868176
0,0.2925191
0,0.2865541
0,0.28173894
0,0.2815269
0,0.31871226
0,0.29603815
0,0.2881197
0,0.28246257
0,0.27867612
0,0.29648972
0,0.2822748
0,0.29192355
0,0.2808544
0,0.27752423
0,0.29740196
0,0.28063896
0,0.28284684
0,0.27493435
0,0.27214515
0,0.30903888
0,0.28221962
0,0.28016153
0,0.27331302
0,0.27745727
0,0.32853112
0,0.29421642
0,0.2929695
0,0.2899307
0,0.27508968
0,0.27482423
0,0.2737692
0,0.2803874
0,0.27495664
0,0.2676173
0,0.28647605
0,0.27873847
0,0.2771934
0,0.27120572
0,0.32092234
0,0.28563485
0,0.27685395
0,0.27778015
0,0.26972958
0,0.30663106
0,0.27974522
0,0.27751037
0,0.27783084
0,0.26308295
0,0.26343057
0,0.26259965
0,0.25479722
0,0.25149748
0,0.24794388
0,0.24340826
0,0.24540256
0,0.24550292
0,0.26908562
0,0.27263966
0,0.27602273
0,0.27732882
0,0.27487782
0,0.26494223
0,0.30433464
0,0.28865346
0,0.29832205
0,0.2880522
0,0.28496426
0,0.30093563
0,0.28755137
0,0.28402403
0,0.29297602
0,0.28382415
0,0.32305545
0,0.3023394
0,0.29127744
0,0.28504282
0,0.29072797
0,0.28148267
0,0.27906767
0,0.27650774
0,0.2755178
0,0.25901455
0,0.25935218
0,0.26591808
0,0.2680738
0,0.26825434
0,0.2619324
0,0.26601192
0,0.26665893
0,0.26618284
0,0.25687894
0,0.27505338
0,0.26898545
0,0.26739702
0,0.2699688
0,0.26641482
0,0.28815424
0,0.28236237
0,0.28465787
0,0.28431776
0,0.2808444
0,0.2933307
0,0.2743602
0,0.27392897
0,0.2668655
0,0.26847783
0,0.30887794
0,0.2845493
0,0.27671298
0,0.272682
0,0.26864433
0,0.29467052
0,0.27651927
0,0.28889105
0,0.27247068
0,0.26898167
0,0.31358933
0,0.2765724
0,0.2730808
0,0.26826847
0,0.25972605
0,0.26046523
0,0.2636589
0,0.25960743
0,0.25643355
0,0.278111
0,0.26219082
0,0.27583992
0,0.27921605
0,0.26473826
0,0.25886986
0,0.26074082
0,0.2644994
0,0.31575158
0,0.2916611
0,0.29179963
0,0.2930453
0,0.2925516
0,0.2920199
0,0.28851163
0,0.3378844
0,0.2947183
0,0.3008569
0,0.29437143
0,0.2892503
0,0.31064832
0,0.29310393
0,0.2694832
0,0.28110853
0,0.2663158
0,0.2641226
0,0.27035767
0,0.2747793
0,0.27550298
0,0.27891573
0,0.27580732
0,0.28083447
0,0.26819697
0,0.27254885
0,0.28561687
0,0.27825645
0,0.26671684
0,0.27433878
0,0.26240888
0,0.29869518
0,0.2817682
0,0.27835497
0,0.26542714
0,0.27136692
0,0.30620348
0,0.29384804
0,0.27277175
0,0.28386545
0,0.27682024
0,0.29259133
0,0.29016814
0,0.28150436
0,0.28525838
0,0.28453907
0,0.32762134
0,0.3132638
0,0.29507947
0,0.28312504
0,0.28141925
0,0.2709835
0,0.2733749
0,0.27873495
0,0.27378786
0,0.29364416
0,0.27881008
0,0.27868557
0,0.27701446
0,0.26846984
0,0.3146949
0,0.28909203
0,0.27990562
0,0.2751031
0,0.27137294
0,0.29802907
0,0.27301386
0,0.2716901
0,0.26924017
0,0.26593363
0,0.25859377
0,0.25926685
0,0.25423422
0,0.2529658
0,0.2601982
0,0.29226664
0,0.277237
0,0.284089
0,0.27602845
0,0.27153316
0,0.3398089
0,0.30520812
0,0.32304344
0,0.30406335
0,0.30419448
0,0.29488337
0,0.29791066
0,0.28950894
0,0.28678435
0,0.30919275
0,0.28265095
0,0.28410655
0,0.2924428
0,0.28421712
0,0.30016467
0,0.28437468
0,0.27200463
0,0.2650691
0,0.27237827
0,0.32290524
0,0.3148551
1,0.3193283
1,0.29506686
1,0.27613014
1,0.2859085
1,0.2785259
1,0.2655842
1,0.2703582
1,0.2697178
1,0.3160217
1,0.2979393
1,0.2826916
1,0.2779584
1,0.29635087
1,0.3062408
1,0.28858757
0,0.81032616
0,0.5566313
0,0.46305972
0,0.438305
0,0.3712194
0,0.33045053
0,0.29927003
0,0.2814267
0,0.32277286
0,0.27969638
0,0.26157916
0,0.24991326
0,0.23931792
0,0.2779141
0,0.21774171
0,0.18827443
0,0.16188876
0,0.15154338
0,0.1561486
0,0.149288
0,0.15507896
0,0.16727614
0,0.17237194
0,0.20040512
0,0.20614445
0,0.22022516
0,0.22749178
0,0.24255697
0,0.25755894
0,0.2465521
0,0.261173
0,0.26505968
0,0.27494967
0,0.2624945
0,0.27255085
0,0.26465818
0,0.26903924
0,0.3180608
0,0.28256184
0,0.3052197
0,0.2862691
0,0.2749104
0,0.31770116
0,0.28825867
0,0.28614712
0,0.2728337
0,0.2565405
0,0.2738634
0,0.2685063
0,0.2678384
0,0.26036182
0,0.26870808
0,0.2747288
0,0.2622614
0,0.27066398
0,0.25854775
0,0.29007635
0,0.2975586
0,0.3060522
0,0.28750175
0,0.28122044
0,0.31427246
0,0.2934313
0,0.2830841
0,0.26803425
0,0.27595115
0,0.27118143
0,0.27260515
0,0.2685872
0,0.27103007
0,0.27022317
0,0.26707587
0,0.27411917
0,0.2728166
0,0.27356198
0,0.27175835
0,0.26913545
0,0.25385118
0,0.26418298
0,0.25862998
0,0.26463267
0,0.26246205
0,0.25807804
0,0.2563741
0,0.26278228
0,0.26046962
0,0.259533
0,0.25548497
0,0.26086688
0,0.25939247
0,0.2640341
0,0.26073536
0,0.25940657
0,0.2626182
0,0.27005452
0,0.25694224
0,0.2629926
0,0.2688947
0,0.270029
0,0.27655384
0,0.26939398
0,0.27186173
0,0.2778181
0,0.27232674
0,0.28892925
0,0.28384903
0,0.2871688
0,0.29074845
0,0.27771774
0,0.2751062
0,0.2714352
0,0.2595371
0,0.27129307
0,0.26260734
0,0.26426342
0,0.26615143
0,0.2595279
0,0.26124716
0,0.26177546
0,0.25706825
0,0.25824168
0,0.25449476
0,0.26905152
0,0.26778835
0,0.26903498
0,0.26260555
0,0.26214442
0,0.27472737
0,0.2699295
0,0.2697249
0,0.26957217
0,0.27578723
0,0.27055812
0,0.27004802
0,0.26169005
0,0.25203794
0,0.26653618
0,0.26437733
0,0.26622698
0,0.2612118
0,0.26911837
0,0.2591834
0,0.2543875
0,0.26040432
0,0.2674605
0,0.265396
0,0.26822835
0,0.26526433
0,0.26297793
0,0.28097874
0,0.28462523
0,0.28342012
0,0.2879503
0,0.26822045
0,0.26690423
0,0.25878084
0,0.26821876
0,0.26303723
0,0.2699205
0,0.26305282
0,0.2662405
0,0.27239403
0,0.2721532
0,0.27444664
0,0.27405065
0,0.27071533
0,0.2528653
0,0.26749918
0,0.26926416
0,0.27120018
0,0.27544048
0,0.2727483
0,0.26761627
0,0.2682934
0,0.27236548
0,0.28107893
0,0.28647345
0,0.27223986
0,0.2684951
0,0.27061293
0,0.26234
0,0.2695644
0,0.27715766
0,0.27104774
0,0.2678655
0,0.26699287
0,0.2661055
0,0.26418936
0,0.25885475
0,0.26165354
0,0.2566051
0,0.26134947
0,0.26588196
0,0.2780674
0,0.2665955
0,0.27254537
0,0.28234798
0,0.26858532
0,0.27440825
0,0.3312982
0,0.3054581
0,0.28872666
0,0.2929365
0,0.2826116
0,0.3298077
0,0.3020152
0,0.29871884
0,0.32487005
0,0.32377788
0,0.34102103
0,0.31860602
0,0.2976876
0,0.29828966
0,0.2812471
0,0.26925012
0,0.27206942
0,0.26423132
0,0.2667672
0,0.26985276
0,0.26856032
0,0.26746136
0,0.26131263
0,0.25919887
0,0.26243922
0,0.26179484
0,0.26228455
0,0.25217098
0,0.25345656
0,0.26327762
0,0.25653756
0,0.259183
0,0.2656673
0,0.26000082
0,0.27482706
0,0.26466978
0,0.28276235
0,0.27440673
0,0.26121882
0,0.26587
0,0.27353674
0,0.26131526
0,0.26911277
0,0.2658112
0,0.2677712
0,0.27050716
0,0.26027724
0,0.2679827
0,0.26500893
0,0.26361746
0,0.25126502
0,0.26082125
0,0.2632546
0,0.26061705
0,0.25959876
0,0.26030627
0,0.26340693
0,0.2768171
0,0.2804843
0,0.26743522
0,0.2687775
0,0.27562416
0,0.2699289
0,0.26218197
0,0.27602553
0,0.2734506
0,0.26926088
0,0.25990075
0,0.25650102
0,0.25661463
0,0.26269296
0,0.28479555
0,0.29400045
0,0.29972932
0,0.29846162
0,0.30537415
0,0.33344686
0,0.31409696
0,0.29675215
0,0.28567603
0,0.2826411
0,0.2983789
0,0.31044894
0,0.29454747
0,0.27585012
0,0.26874173
0,0.2728042
0,0.27149892
0,0.27715373
0,0.27313626
0,0.27232948
0,0.27103356
0,0.26430422
0,0.25940403
0,0.26385704
0,0.26798335
0,0.27047986
0,0.27075928
0,0.2646307
0,0.2648256
0,0.26729688
0,0.26425526
0,0.28111854
0,0.26673183
0,0.2652249
0,0.26138088
0,0.25805616
0,0.27267784
0,0.28470874
0,0.28799576
0,0.2895293
0,0.29330176
0,0.27387547
0,0.2935444
0,0.2675772
0,0.28808427
0,0.2739851
0,0.2759732
0,0.2817508
0,0.27186453
0,0.271675
0,0.27143928
0,0.2860251
0,0.27092004
0,0.27235427
0,0.28584662
0,0.26416665
0,0.2747169
0,0.2808199
0,0.2992202
0,0.27561748
0,0.2716446
0,0.2686898
0,0.27545786
0,0.2790115
0,0.26892972
0,0.2725359
0,0.26746142
0,0.26080117
0,0.2623662
0,0.27168325
0,0.26113805
0,0.26981583
0,0.26944032
0,0.28072557
0,0.26648068
0,0.2573209
0,0.26871455
0,0.27560243
0,0.27805004
0,0.27751362
0,0.28967464
0,0.279117
0,0.2901369
0,0.286464
0,0.2861525
0,0.26927784
0,0.2849836
0,0.2855727
0,0.30250946
0,0.3019662
0,0.28439578
0,0.27993047
0,0.2780692
0,0.26271695
0,0.26089418
0,0.25974402
0,0.2627248
0,0.26296702
0,0.2635804
0,0.26300138
0,0.26902178
0,0.26504353
0,0.26232135
0,0.2670063
0,0.26768833
0,0.2646904
0,0.27935508
0,0.26783907
0,0.2705686
0,0.27621403
0,0.278659
0,0.27951437
0,0.2791692
0,0.27708155
0,0.27167296
0,0.26468277
0,0.26684406
0,0.26292762
0,0.26825285
0,0.26857185
0,0.26955435
0,0.25744143
0,0.26445267
0,0.2667322
0,0.26617974
0,0.2629758
0,0.27157548
0,0.2627877
0,0.26012975
0,0.26208952
0,0.25919273
0,0.25158775
0,0.24721558
0,0.25457677
0,0.25109908
0,0.2542712
0,0.25029767
0,0.25322786
0,0.24942584
0,0.26681075
0,0.26833323
0,0.27100927
0,0.26802558
0,0.26590595
0,0.27155808
0,0.28019813
0,0.27112448
0,0.27961373
0,0.26458392
0,0.26500717
0,0.27143285
0,0.27038532
0,0.27048016
0,0.27782685
0,0.27356714
0,0.2802582
0,0.26833418
0,0.2654148
0,0.26179013
0,0.26181963
0,0.26278317
0,0.27341622
0,0.2613854
0,0.2628328
0,0.26402393
0,0.26845112
0,0.26210338
0,0.26133826
0,0.26778817
0,0.2672021
0,0.26548478
0,0.26549488
0,0.25689226
0,0.2659789
0,0.26989868
0,0.27746662
0,0.25919238
0,0.26280373
0,0.2641787
0,0.2606505
0,0.26624534
0,0.26794517
0,0.26581597
0,0.27722213
0,0.26470637
0,0.268897
0,0.26219174
0,0.2586386
0,0.262121
0,0.25196457
0,0.26716137
0,0.26281276
0,0.2629462
0,0.25692436
0,0.25834256
0,0.2547279
0,0.25237826
0,0.25446573
0,0.25499308
0,0.26025128
0,0.26838726
0,0.26944107
0,0.27747202
0,0.26584736
0,0.27817512
0,0.27602768
0,0.27497342
0,0.2764671
0,0.27365804
0,0.27296618
0,0.26877224
0,0.2656152
0,0.27133673
0,0.26632518
0,0.26997197
0,0.2650253
0,0.2683541
0,0.26384616
0,0.27105725
0,0.25590605
0,0.26257953
0,0.26397583
0,0.25810206
0,0.26084024
0,0.26708767
0,0.2623234
0,0.25768623
0,0.25320405
0,0.26098743
0,0.26405004
0,0.26006752
0,0.2685363
0,0.26231393
0,0.26895785
0,0.27254054
0,0.27390662
0,0.2802795
0,0.2693447
0,0.2761249
0,0.2844509
0,0.27125284
0,0.27461275
0,0.27560705
0,0.25805077
0,0.26659265
0,0.2628896
0,0.26120123
0,0.26031417
0,0.27380824
0,0.2805245
0,0.28515816
0,0.29550228
0,0.2767812
0,0.27486762
0,0.2721757
0,0.2739409
0,0.28568205
0,0.27712062
0,0.27774823
0,0.2694271
0,0.26384744
0,0.26333404
0,0.2626282
0,0.265273
0,0.26605234
0,0.26237917
0,0.26436105
0,0.26175013
0,0.26072642
0,0.26997253
0,0.2716669
0,0.28006816
0,0.28340784
0,0.2781463
0,0.2730925
0,0.27443695
0,0.26988968
0,0.26841787
0,0.27172354
0,0.2798561
0,0.27558264
0,0.2750934
0,0.26565132
0,0.26946518
0,0.27080083
0,0.26555756
0,0.27232343
0,0.27444714
0,0.2657831
0,0.2672998
0,0.25644267
0,0.26198182
0,0.26255667
0,0.26399028
0,0.26988328
0,0.263433
0,0.27426833
0,0.2815823
0,0.26917595
0,0.26792172
0,0.26971906
0,0.26996478
0,0.2701074
0,0.26524666
0,0.26362213
0,0.27122968
0,0.2648979
0,0.2730488
0,0.27913505
0,0.27652386
0,0.27608773
0,0.27266324
0,0.28104705
0,0.2760936
0,0.2704852
0,0.2785573
0,0.2726261
0,0.27442214
0,0.2808803
0,0.27725422
0,0.28005832
0,0.28167033
0,0.27792048
0,0.291164
0,0.30492252
0,0.2805412
0,0.29513535
0,0.29028037
0,0.28227958
0,0.28242296
0,0.26087284
0,0.2598437
0,0.26382378
0,0.2725738
0,0.26830262
0,0.26492703
0,0.27432615
0,0.26887769
0,0.25536638
0,0.25998038
0,0.25658807
0,0.25882435
0,0.25967067
0,0.2572881
0,0.2583741
0,0.26165333
0,0.26214463
0,0.2601732
0,0.2698241
0,0.2677449
0,0.27141976
0,0.27220657
0,0.29944766
0,0.2949366
0,0.28717554
0,0.28295705
0,0.28123266
0,0.27444652
0,0.2811704
0,0.27115512
0,0.26911333
0,0.27859873
0,0.26282424
0,0.27008918
0,0.26542023
0,0.26399
0,0.26252612
0,0.26121208
0,0.26530552
0,0.25406203
0,0.2658251
0,0.2626836
0,0.2484642
0,0.26212123
0,0.25731534
0,0.26087847
0,0.26199982
0,0.2574213
0,0.24993403
0,0.2596961
0,0.2577803
0,0.26374587
0,0.2538344
0,0.2674718
0,0.27367067
0,0.26058066
0,0.2845171
0,0.27119207
0,0.27426785
0,0.2725815
0,0.27675545
0,0.27202818
0,0.27125904
0,0.271618
0,0.2948215
0,0.28298306
0,0.27222168
0,0.27263278
0,0.26590097
0,0.2733338
0,0.2735082
0,0.2632454
0,0.26116073
0,0.2641631
0,0.26432747
0,0.26271346
0,0.2649489
0,0.2654637
0,0.27086562
0,0.26253897
0,0.26188046
0,0.27327463
0,0.26005614
0,0.27341634
0,0.26923105
0,0.27461362
0,0.27036104
0,0.27393818
0,0.27805063
0,0.27203628
0,0.26965392
0,0.2778512
0,0.276378
0,0.27805263
0,0.27148217
0,0.28624484
0,0.28172547
0,0.27598292
0,0.26916575
0,0.26899445
0,0.2647033
0,0.2622099
0,0.25411358
0,0.27604476
0,0.26700485
0,0.28512728
0,0.28964633
0,0.27600864
0,0.26692998
0,0.2888622
0,0.26416376
0,0.26955107
0,0.26449257
0,0.26377544
0,0.2610147
0,0.2547898
0,0.25742877
0,0.25735912
0,0.25196934
0,0.26608202
0,0.2646034
0,0.2635288
0,0.26434046
0,0.2641823
0,0.2711423
0,0.27619252
0,0.2581718
0,0.2725173
0,0.26976472
0,0.27008852
0,0.26517013
0,0.27073503
0,0.26935142
0,0.28031152
0,0.26845822
0,0.27264643
0,0.27034128
0,0.28814694
0,0.27211207
0,0.26977035
0,0.2665681
0,0.2659735
0,0.25942814
0,0.2657314
0,0.26190817
0,0.2614831
0,0.25599757
0,0.25864872
0,0.2574647
0,0.25864074
0,0.25255984
0,0.25023663
0,0.26448825
0,0.2646192
0,0.26616472
0,0.27225918
0,0.40363458
0,0.38072518
0,0.3132519
0,0.3032258
0,0.29204318
0,0.2874031
0,0.28237665
0,0.27643743
0,0.29193407
0,0.27547982
0,0.27782896
0,0.2742401
0,0.27129287
0,0.27007654
0,0.26990208
0,0.28101125
0,0.2772294
0,0.26685548
0,0.26409814
0,0.2657127
0,0.2792759
0,0.26403725
0,0.26504403
0,0.26012856
0,0.2728072
0,0.26985878
0,0.26113716
0,0.2657021
0,0.2635025
0,0.26213086
0,0.2746489
0,0.2697029
0,0.26927927
0,0.2723486
0,0.27482396
0,0.27711537
0,0.27142885
0,0.27490994
0,0.27866703
0,0.2796619
0,0.28030038
0,0.2611117
0,0.27296218
0,0.26591846
0,0.27017027
0,0.2912802
0,0.28508312
0,0.27327988
0,0.27540034
0,0.26213464
0,0.27271196
0,0.26611483
0,0.27338526
0,0.27488664
0,0.26518524
0,0.26634547
0,0.26455325
0,0.2587
0,0.2564832
0,0.26008606
0,0.2637857
0,0.2573699
0,0.2584197
0,0.2629275
0,0.26821828
0,0.2754985
0,0.2823382
0,0.28902686
0,0.27790338
0,0.27969217
0,0.2737871
0,0.2706097
0,0.2737111
0,0.2591641
0,0.2613886
0,0.26231545
0,0.26095182
0,0.2674239
0,0.26827726
0,0.27304065
0,0.2603321
0,0.2666495
0,0.27249268
0,0.27266225
0,0.27195752
0,0.26492125
0,0.26306602
0,0.26477253
0,0.26165873
0,0.26044828
0,0.26387486
0,0.26415023
0,0.2636766
0,0.26277518
0,0.2722956
0,0.27706194
0,0.25723484
0,0.2553365
0,0.27368537
0,0.26238218
0,0.26165217
0,0.27413708
0,0.27393
0,0.2837854
0,0.2563117
0,0.5921805
0,0.43273106
0,0.37588418
0,0.3543617
0,0.3315432
0,0.3125809
0,0.29239216
0,0.2718371
0,0.29898572
0,0.28382307
0,0.27253747
0,0.27585477
0,0.27657288
0,0.2700711
0,0.2686108
0,0.2661515
0,0.25994533
0,0.25553864
0,0.25698522
0,0.25235826
0,0.29531246
0,0.30015135
0,0.32862633
0,0.29329455
0,0.29653648
0,0.29017875
0,0.29807627
0,0.29633805
0,0.2906674
0,0.29886022
0,0.3164431
0,0.30846393
0,0.3229436
0,0.3106386
0,0.30777833
0,0.309223
0,0.29652998
0,0.3181559
0,0.2982267
0,0.27710754
0,0.28940108
0,0.27355263
0,0.27229396
0,0.2633425
0,0.26174185
0,0.25668985
0,0.25283885
0,0.26002336
0,0.25777876
0,0.25425664
0,0.26073718
0,0.26321885
0,0.26315972
0,0.26366225
0,0.2594143
0,0.27291763
0,0.2732996
0,0.27308562
0,0.2668551
0,0.32008862
0,0.2958939
0,0.28012294
0,0.2631166
0,0.27569193
0,0.27724332
0,0.27807882
0,0.2828908
0,0.28959045
0,0.31163213
0,0.35974243
0,0.3564147
0,0.3486788
0,0.33748332
0,0.3388046
0,0.3391535
0,0.33576027
0,0.323274
0,0.34605253
0,0.33698827
0,0.33173743
0,0.32793033
0,0.3218157
0,0.29983583
0,0.2764924
0,0.24113876
0,0.23024529
0,0.20733553
0,0.19072175
0,0.18112646
0,0.16713257
0,0.15795681
0,0.15970178
0,0.15587638
0,0.14886557
0,0.14675644
0,0.15416859
0,0.1589349
0,0.16798542
0,0.17734072
0,0.19230214
0,0.20299241
0,0.20924442
0,0.22386639
0,0.240109
0,0.2762716
0,0.26427537
0,0.26424366
0,0.26636893
0,0.26812145
0,0.2595692
0,0.25586164
0,0.26902464
0,0.2679683
0,0.26600412
0,0.30339095
0,0.30314794
0,0.34089005
0,0.34422338
0,0.32565063
0,0.31993908
0,0.3384857
0,0.3209983
0,0.3036737
0,0.29808065
0,0.3148908
0,0.2847782
0,0.2863594
0,0.27802378
0,0.2669739
0,0.2616774
0,0.27484092
0,0.27053237
0,0.28573903
0,0.2940404
0,0.27960557
0,0.28184628
0,0.27371392
0,0.27162644
0,0.27591062
0,0.2804545
0,0.28182125
0,0.25995156
0,0.26818976
0,0.25646597
0,0.26414266
0,0.27121472
0,0.26830313
0,0.27080408
0,0.26965472
0,0.25240403
0,0.26167098
0,0.256201
0,0.25541025
0,0.2558651
0,0.25323588
0,0.25384203
0,0.25103515
0,0.24954748
0,0.24896191
0,0.26063973
0,0.2635967
0,0.26368928
0,0.2607297
0,0.26479524
0,0.25927562
0,0.25211263
0,0.26119924
0,0.26893836
0,0.26392728
0,0.26378828
0,0.26846972
0,0.26599243
0,0.2587679
0,0.27071825
0,0.2645072
0,0.26886445
0,0.26127395
0,0.27249992
0,0.2684503
0,0.26866016
0,0.2626065
0,0.26158836
0,0.25882322
0,0.2735586
0,0.26687884
0,0.28173825
0,0.2658428
0,0.27102906
0,0.26822138
0,0.27116424
0,0.2715508
0,0.26662686
0,0.26444212
0,0.3062268
0,0.33458892
0,0.3279341
0,0.3041132
0,0.3143555
0,0.3026289
0,0.3013893
0,0.3338344
0,0.32884505
0,0.32243028
0,0.34497607
0,0.33142895
0,0.3258033
0,0.32507962
0,0.32153255
0,0.2971527
0,0.30539894
0,0.31819364
0,0.29872593
0,0.31649613
0,0.3207141
0,0.32614964
0,0.25530443
0,0.21551917
0,0.19922476
0,0.18198417
0,0.18340386
0,0.19543424
0,0.18692163
0,0.19246812
0,0.1894723
0,0.20262833
0,0.22148433
0,0.19890174
0,0.19699249
0,0.21136618
0,0.21523014
0,0.21171993
0,0.21287489
0,0.21680436
0,0.21768983
0,0.21865869
0,0.22785676
0,0.2190731
0,0.22852054
0,0.23014773
0,0.2378385
0,0.28017563
0,0.28401384
0,0.2814177
0,0.26922658
0,0.26940584
0,0.32565612
0,0.28802255
0,0.28498265
0,0.27574354
0,0.26760384
0,0.28716338
0,0.27063683
0,0.2663794
0,0.26613802
0,0.26294604
0,0.2697688
0,0.26681867
0,0.2665643
0,0.26100317
0,0.26707855
0,0.27765733
0,0.27552238
0,0.26840916
0,0.27006167
0,0.26018012
0,0.28719506
0,0.2970443
0,0.26606044
0,0.26472947
0,0.27847826
0,0.27216172
0,0.27920198
0,0.2769914
0,0.27599472
0,0.27481344
0,0.2863214
0,0.28407902
0,0.30748543
0,0.28123227
0,0.3046547
0,0.34064204
0,0.31366843
0,0.32508492
0,0.31515455
0,0.3383004
0,0.36432388
0,0.37294245
0,0.35024437
0,0.39219895
0,0.36077195
0,0.4016365
0,0.34509674
0,0.33530653
0,0.2827297
0,0.26682988
0,0.22911559
0,0.19898988
0,0.18381277
0,0.1789916
0,0.16353326
0,0.17035979
0,0.15219614
0,0.14588495
0,0.1434575
0,0.14409097
0,0.14221923
0,0.14591789
0,0.14613722
0,0.15735634
0,0.16491424
0,0.17095117
0,0.18416616
0,0.19505975
0,0.20393597
0,0.21687828
0,0.22528909
0,0.25263134
0,0.25461558
0,0.2650614
0,0.268366
0,0.27295557
0,0.2749574
0,0.2599612
0,0.2755213
0,0.27362424
0,0.26818776
0,0.28308353
0,0.26763928
0,0.2687281
0,0.27593815
0,0.26191223
0,0.25455147
0,0.27974617
0,0.26703954
0,0.28160462
0,0.2657523
0,0.27064964
0,0.28399998
0,0.26570693
0,0.27178866
0,0.27538332
0,0.27715114
0,0.2782824
0,0.273998
0,0.29084846
0,0.28379843
0,0.26601
0,0.25771198
0,0.27160928
0,0.27311638
0,0.2736159
0,0.2744166
0,0.27465925
0,0.27523464
0,0.26289672
0,0.26475602
0,0.2735634
0,0.27194035
0,0.27308553
0,0.27595133
0,0.2670737
0,0.27062905
0,0.25987992
0,0.26488423
0,0.26958108
0,0.27729094
0,0.2705557
0,0.26937854
0,0.26320517
0,0.27125853
0,0.2773883
0,0.2690545
0,0.26617926
0,0.26029268
0,0.2678163
0,0.29666588
0,0.28667858
0,0.28671652
0,0.2684704
0,0.2787789
0,0.29930475
0,0.27756515
0,0.28686747
0,0.28729975
0,0.3156103
0,0.36574343
0,0.32867017
0,0.31293613
0,0.3006131
0,0.29794508
0,0.29510146
0,0.285444
0,0.29825297
0,0.2805275
0,0.28673795
0,0.282986
0,0.276914
0,0.27357355
0,0.26813897
0,0.27029902
0,0.26460046
0,0.26265284
0,0.25799835
0,0.25854984
0,0.26319078
0,0.25879914
0,0.25776774
0,0.26482654
0,0.2687904
0,0.2612259
0,0.27264825
0,0.2670852
0,0.26059273
0,0.26513863
0,0.26653987
0,0.2667019
0,0.26935416
0,0.25930306
0,0.2885987
0,0.28454024
0,0.28840798
0,0.27809027
0,0.2840917
0,0.27544665
0,0.28696182
0,0.28686327
0,0.43722165
0,0.35095176
0,0.3401231
0,0.31168887
0,0.2981912
0,0.29665235
0,0.28960806
0,0.2734089
0,0.28223905
0,0.27501944
0,0.28949404
0,0.27787936
0,0.2791639
0,0.27242288
0,0.27020746
0,0.25642118
0,0.26128083
0,0.262886
0,0.26026368
0,0.2558424
0,0.26481608
0,0.2542385
0,0.2603821
0,0.25555846
0,0.2790364
0,0.26906547
0,0.27515912
0,0.27694103
0,0.273625
0,0.27285182
0,0.27221572
0,0.2659071
0,0.2688386
0,0.2735414
0,0.27504778
0,0.2751782
0,0.27416536
0,0.27008897
0,0.26467973
0,0.2602016
0,0.27313668
0,0.2759971
0,0.2742189
0,0.2754006
0,0.27182952
0,0.2747459
0,0.26179484
0,0.2668684
0,0.26305807
0,0.27058157
0,0.2686955
0,0.26256964
0,0.26498356
0,0.26436546
0,0.2604854
0,0.28573802
0,0.27307245
0,0.26389024
0,0.26872477
0,0.26071495
0,0.26171198
0,0.26843166
0,0.2659486
0,0.26946908
0,0.25876874
0,0.26318818
0,0.26931345
0,0.27273297
0,0.27312088
0,0.26229504
0,0.25388244
0,0.26550025
0,0.26664364
0,0.26455364
0,0.26557717
0,0.26892146
0,0.26486623
0,0.26787102
0,0.25317898
0,0.25768006
0,0.27518198
0,0.2804671
0,0.27718875
0,0.2950794
0,0.29627582
0,0.28480467
0,0.28068405
0,0.28452843
0,0.2719717
0,0.26921454
0,0.26848933
0,0.26038447
0,0.27690235
0,0.26885834
0,0.26006526
0,0.26417646
0,0.26085347
0,0.26108658
0,0.2599686
0,0.2701675
0,0.26565525
0,0.2583677
0,0.25352806
0,0.27567336
0,0.269079
0,0.27504957
0,0.2785469
0,0.2627451
0,0.2782456
0,0.26436004
0,0.26055092
0,0.26688033
0,0.27558175
0,0.2789731
0,0.27849668
0,0.28070766
0,0.2787269
0,0.26786128
0,0.26530215
0,0.26756564
0,0.28794587
0,0.28228033
0,0.27276835
0,0.2744914
0,0.27790818
0,0.2741943
0,0.27023146
0,0.2796959
0,0.2735349
0,0.26917672
0,0.28401428
0,0.26801702
0,0.27649906
0,0.256843
0,0.26242602
0,0.25583383
0,0.2715844
0,0.2674705
0,0.26740882
0,0.27027497
0,0.26731828
0,0.25639525
0,0.2689841
0,0.27626905
0,0.28613865
0,0.28312194
0,0.2731213
0,0.2873966
0,0.30017948
0,0.2915887
0,0.29744896
0,0.29303354
0,0.2914137
0,0.28683978
0,0.30300868
0,0.2829406
0,0.27696812
0,0.26368383
0,0.2634714
0,0.26490667
0,0.2601012
0,0.2572219
0,0.26081085
0,0.25624162
0,0.27018604
0,0.27022842
0,0.28142008
0,0.2709027
0,0.26306593
0,0.2694223
0,0.2680024
0,0.26911956
0,0.2592139
0,0.26109505
0,0.27334243
0,0.27008393
0,0.26033556
0,0.2534141
0,0.27080628
0,0.25530833
0,0.24941303
0,0.26910722
0,0.262992
0,0.26501417
0,0.262333
0,0.26949283
0,0.2705876
0,0.3275575
0,0.29498285
0,0.2788603
0,0.29961774
0,0.2769621
0,0.26333612
0,0.27086157
0,0.28383586
0,0.27315688
0,0.2652938
0,0.2712351
0,0.28087193
0,0.2653981
0,0.26560637
0,0.27201223
0,0.27537972
0,0.27444634
0,0.2703092
0,0.2701143
0,0.27892014
0,0.27494898
0,0.27268147
0,0.2723168
0,0.2594241
0,0.26522437
0,0.25460118
0,0.2617649
0,0.2907984
0,0.2718624
0,0.2680407
0,0.26413003
0,0.25803703
0,0.26238087
0,0.25966597
0,0.25937903
0,0.27758533
0,0.26524183
0,0.26693323
0,0.2675738
0,0.26674068
0,0.27381477
0,0.2737654
0,0.27425137
0,0.27502266
0,0.25878927
0,0.2628433
0,0.27856603
0,0.2768049
0,0.2862936
0,0.2716399
0,0.26289523
0,0.27109268
0,0.2624956
0,0.26920363
0,0.267923
0,0.2628848
0,0.26722282
0,0.27781832
0,0.26853147
0,0.26795033
0,0.26743397
0,0.25930968
0,0.26775587
0,0.26719248
0,0.26794583
0,0.26865003
0,0.2584791
0,0.2603325
0,0.25376272
0,0.279013
0,0.28752276
0,0.28208116
0,0.27561006
0,0.27505973
0,0.2905131
0,0.28207532
0,0.26302508
0,0.28473854
0,0.2798915
0,0.27165517
0,0.26862168
0,0.26434618
0,0.28754228
0,0.26843625
0,0.26407802
0,0.27128574
0,0.26486742
0,0.2838996
0,0.2684044
0,0.27412748
0,0.27876088
0,0.2927584
0,0.27292228
0,0.26182827
0,0.2788838
0,0.2766514
0,0.26933333
0,0.27114707
0,0.2762248
0,0.27831465
0,0.2632628
0,0.27294242
0,0.26647043
0,0.2713615
0,0.27395442
0,0.2760054
0,0.2747692
0,0.2592712
0,0.27013132
0,0.27295652
0,0.26760718
0,0.28292504
0,0.2720113
0,0.2730592
0,0.28045276
0,0.2637878
0,0.27248058
0,0.26676425
0,0.2686185
0,0.2791647
0,0.2668072
0,0.2894105
0,0.28782585
0,0.27602515
0,0.26671192
0,0.2618515
0,0.26155394
0,0.25742468
0,0.26152885
0,0.2665704
0,0.26550525
0,0.26175445
0,0.26126137
0,0.26391196
0,0.261497
0,0.25569257
0,0.27396187
0,0.26400298
0,0.26512778
0,0.27319628
0,0.26870528
0,0.2682674
0,0.2711464
0,0.27288073
0,0.278742
0,0.27205986
0,0.26295522
0,0.2580935
0,0.26606295
0,0.281604
0,0.27745673
0,0.26961052
0,0.2700798
0,0.27626196
0,0.26095954
0,0.26582018
0,0.27529478
0,0.2656198
0,0.26084286
0,0.25824246
0,0.26234618
0,0.27840835
0,0.2597468
0,0.25267726
0,0.25714475
0,0.25307164
0,0.25620607
0,0.2612008
0,0.26654294
0,0.28447026
0,0.26273355
0,0.261667
0,0.27102777
0,0.26601547
0,0.27829713
0,0.28411487
0,0.27465063
0,0.28319705
0,0.27113584
0,0.27834415
0,0.28972813
0,0.3050696
0,0.32475257
0,0.32327893
0,0.33367828
0,0.31220344
0,0.29463822
0,0.30190918
0,0.2998071
0,0.29420158
0,0.28330752
0,0.28630328
0,0.28501594
0,0.27746066
0,0.26296774
0,0.26085603
0,0.2586341
0,0.26047716
0,0.25573984
0,0.25869417
0,0.25831822
0,0.26330888
0,0.25476384
0,0.25907904
0,0.26288033
0,0.27255124
0,0.27946416
0,0.29404786
0,0.28378487
0,0.2706274
0,0.26048616
0,0.2716375
0,0.27351567
0,0.27262536
0,0.26871496
0,0.2708787
0,0.2659691
0,0.25791228
0,0.25058496
0,0.27075696
0,0.2669528
0,0.26661214
0,0.26655647
0,0.26512602
0,0.27727792
0,0.2592318
0,0.26935095
0,0.26569903
0,0.26432955
0,0.26131645
0,0.29677683
0,0.3035468
0,0.3258785
0,0.2895584
0,0.26997772
0,0.28760082
0,0.29733968
0,0.30331415
0,0.32552788
0,0.30347273
0,0.28610486
0,0.2688715
0,0.2809241
0,0.2868949
0,0.27744564
0,0.26596108
0,0.29973862
0,0.28583992
0,0.2865403
0,0.27935657
0,0.2764342
0,0.2740003
0,0.2731814
0,0.27093676
0,0.26909307
0,0.2698298
0,0.26986787
0,0.26486838
0,0.2732657
0,0.26607367
0,0.26140884
0,0.26246607
0,0.26866618
0,0.26843053
0,0.2685369
0,0.2542949
0,0.25468093
0,0.26325253
0,0.25726956
0,0.25699478
0,0.25697273
0,0.26137277
0,0.26327908
0,0.2515742
0,0.2599199
0,0.2682985
0,0.27076054
0,0.27449614
0,0.27265874
0,0.2729908
0,0.28055748
0,0.26579675
0,0.2985168
0,0.28286898
0,0.27438518
0,0.27356637
0,0.28228104
0,0.2762306
0,0.27197707
0,0.2844627
0,0.28022805
0,0.2782617
0,0.27381715
0,0.28646505
0,0.2792036
0,0.281427
0,0.27289122
0,0.2620994
0,0.26576212
0,0.26355898
0,0.26779395
0,0.26313287
0,0.27041343
0,0.28077552
0,0.28199777
0,0.2897426
0,0.2823784
0,0.2850431
0,0.28278005
0,0.28449076
0,0.28913388
0,0.29158884
0,0.27221724
0,0.2712504
0,0.26824027
0,0.27065754
0,0.27078256
0,0.27581495
0,0.30215883
0,0.2821488
0,0.26741183
0,0.27973866
0,0.26725942
0,0.27834105
0,0.28384137
0,0.2800188
0,0.26544857
0,0.27882197
0,0.27888542
0,0.3258414
0,0.2946838
0,0.28535405
0,0.29905078
0,0.2789908
0,0.30133405
0,0.30182123
0,0.29192916
0,0.27855405
0,0.3041504
0,0.30871996
0,0.3126291
0,0.30543327
0,0.30258283
0,0.28993022
0,0.27267364
0,0.28760073
0,0.27905992
0,0.28049722
0,0.27254018
0,0.283261
0,0.33408716
0,0.29073498
0,0.27643543
0,0.2768775
0,0.270945
0,0.29767644
0,0.28066218
0,0.28207922
0,0.28380254
0,0.26654637
0,0.2716473
0,0.28311935
0,0.26803064
0,0.27234378
0,0.27879062
0,0.27038577
0,0.2692421
0,0.27969936
0,0.2725629
0,0.27873233
0,0.27038646
0,0.2675074
0,0.2584699
0,0.2717029
0,0.27754182
0,0.26076937
0,0.26570022
0,0.2665365
0,0.2672949
0,0.27990058
0,0.27628577
0,0.28279084
0,0.2739459
0,0.26854396
0,0.2683002
0,0.28152326
0,0.27425376
0,0.272728
0,0.27193898
0,0.290224
0,0.27821618
0,0.30894193
0,0.29574555
0,0.2776733
0,0.2786637
0,0.2740984
0,0.32311034
0,0.29726428
0,0.28911406
0,0.27069783
0,0.27145424
0,0.28164282
0,0.275429
0,0.2787912
0,0.2708705
0,0.27423266
0,0.27555853
0,0.25743854
0,0.26151162
0,0.25549933
0,0.25279954
0,0.24999142
0,0.262084
0,0.27619314
0,0.275377
0,0.2871669
0,0.27393278
0,0.27797946
0,0.2719675
0,0.27319434
0,0.26799965
0,0.27194294
0,0.26620013
0,0.2604022
0,0.27299532
0,0.2695312
0,0.26890618
0,0.26282826
1,0.26599526
1,0.28274435
1,0.27615234
1,0.305007
1,0.29008123
1,0.27913427
1,0.27532715
1,0.27743208
1,0.28562495
1,0.28428543
1,0.2661424
1,0.28526816
1,0.27142143
1,0.26645312
1,0.25834098
0,0.7954537
0,0.57459795
0,0.4684174
0,0.40158963
0,0.3850531
0,0.3566543
0,0.3259771
0,0.3014106
0,0.29052925
0,0.28362915
0,0.2817026
0,0.26110297
0,0.26242554
0,0.2582845
0,0.25410956
0,0.24159777
0,0.23118107
0,0.22149041
0,0.20998362
0,0.20314145
0,0.20777653
0,0.21044517
0,0.21658283
0,0.22755557
0,0.24264868
0,0.24959987
0,0.26088187
0,0.25928542
0,0.25368384
0,0.26863262
0,0.26461786
0,0.2737897
0,0.27881047
0,0.28385162
0,0.27112797
0,0.2731804
0,0.26134756
0,0.2931454
0,0.26582456
0,0.27399507
0,0.28330866
0,0.27873948
0,0.27323553
0,0.256329
0,0.2528396
0,0.25822413
0,0.24946067
0,0.26271287
0,0.28919435
0,0.29261783
0,0.29156348
0,0.27178434
0,0.27588326
0,0.26358312
0,0.27351508
0,0.26676762
0,0.27435765
0,0.28317025
0,0.26884675
0,0.27540302
0,0.26576203
0,0.2609797
0,0.2690741
0,0.27172223
0,0.29373655
0,0.27548456
0,0.2666946
0,0.2574134
0,0.2552459
0,0.2526342
0,0.25577983
0,0.26545498
0,0.26920375
0,0.2692265
0,0.2574274
0,0.27287886
0,0.27506185
0,0.26365185
0,0.26585546
0,0.2665283
0,0.2672234
0,0.27231124
0,0.25144276
0,0.2753334
0,0.28994608
0,0.28255588
0,0.29324937
0,0.28605548
0,0.29094854
0,0.28085998
0,0.26942837
0,0.27081156
0,0.2642716
0,0.26543993
0,0.27000737
0,0.2799444
0,0.26609427
0,0.26764524
0,0.2653373
0,0.26614186
0,0.26037052
0,0.2581484
0,0.2604102
0,0.25635138
0,0.26046863
0,0.269482
0,0.25936747
0,0.2606289
0,0.2540062
0,0.25542587
0,0.26069224
0,0.25801393
0,0.2674122
0,0.25494826
0,0.24918184
0,0.2628837
0,0.27127227
0,0.2807119
0,0.27033857
0,0.27683103
0,0.28956392
0,0.28578168
0,0.27614418
0,0.27962068
0,0.2765809
0,0.26778445
0,0.28046972
0,0.27286503
0,0.27525765
0,0.26219663
0,0.27209416
0,0.27496934
0,0.2731392
0,0.2633131
0,0.2616916
0,0.2650288
0,0.27559432
0,0.2587487
0,0.2802696
0,0.26704675
0,0.26227638
0,0.25996056
0,0.25694257
0,0.2643848
0,0.28449807
0,0.2721809
0,0.26759514
0,0.27539137
0,0.2758011
0,0.27179098
0,0.28775445
0,0.2852897
0,0.2756425
0,0.2731446
0,0.25920108
0,0.2796372
0,0.26560888
0,0.29284763
0,0.28146502
0,0.27967995
0,0.27642283
0,0.35372746
0,0.30555645
0,0.28371182
0,0.2818147
0,0.27236727
0,0.27287808
0,0.28832734
0,0.28009948
0,0.2644825
0,0.26503447
0,0.26604778
0,0.27344346
0,0.26893273
0,0.27120924
0,0.2669954
0,0.2707871
0,0.2557645
0,0.25876787
0,0.26037273
0,0.26478887
0,0.26250547
0,0.255736
0,0.2693112
0,0.2777592
0,0.25957596
0,0.30118626
0,0.28582346
0,0.29199675
0,0.28467834
0,0.28393206
0,0.2813892
0,0.26918742
0,0.2779751
0,0.28515753
0,0.28297862
0,0.27859333
0,0.29034504
0,0.27430695
0,0.28217754
0,0.28069204
0,0.26582515
0,0.26589063
0,0.2641335
0,0.27717447
0,0.27858713
0,0.27819145
0,0.2754857
0,0.2640041
0,0.2806021
0,0.27628058
0,0.28531224
0,0.2686497
0,0.26863196
0,0.26685435
0,0.2722883
0,0.2614408
0,0.26248544
0,0.26227435
0,0.25500628
0,0.2552959
0,0.26165932
0,0.25772184
0,0.26586416
0,0.25343928
0,0.26652953
0,0.27003136
0,0.26937133
0,0.27200267
0,0.26687062
0,0.28468943
0,0.28230786
0,0.2653205
0,0.25945202
0,0.25169125
0,0.25101557
0,0.25445706
0,0.26455817
0,0.27346998
0,0.27865794
0,0.27859804
0,0.27590317
0,0.27374455
0,0.2696399
0,0.26647368
0,0.26015154
0,0.26675656
0,0.30265626
0,0.280269
0,0.26715073
0,0.26783314
0,0.2683149
0,0.25899145
0,0.2752712
0,0.28017494
0,0.26646483
0,0.25702024
0,0.3049965
0,0.28461805
0,0.28309128
0,0.27624413
0,0.26037145
0,0.30736685
0,0.2761074
0,0.27361637
0,0.2869047
0,0.28113398
0,0.31065163
0,0.29177135
0,0.28453174
0,0.27511847
0,0.26493976
0,0.30434072
0,0.28088105
0,0.27695838
0,0.28472397
0,0.2868364
0,0.2761544
0,0.2957793
0,0.268252
0,0.26924947
0,0.26981467
0,0.2776562
0,0.2724272
0,0.28204823
0,0.27736872
0,0.27865952
0,0.2685681
0,0.2669876
0,0.26336363
0,0.26530123
0,0.26547807
0,0.27020139
0,0.2746489
0,0.2759392
0,0.2595437
0,0.27736264
0,0.26348132
0,0.2581328
0,0.27205825
0,0.25867587
0,0.27099824
0,0.2744963
0,0.2708788
0,0.28176087
0,0.26868683
0,0.27041045
0,0.2716287
0,0.27883655
0,0.29495323
0,0.29470956
0,0.2794705
0,0.28752533
0,0.2785513
0,0.26531973
0,0.26826325
0,0.27116707
0,0.27888986
0,0.2941888
0,0.27740255
0,0.29515976
0,0.28645167
0,0.332929
0,0.30698207
0,0.30353746
0,0.28325838
0,0.27422228
0,0.30383494
0,0.3062032
0,0.31126717
0,0.2995962
0,0.29385167
0,0.32521123
0,0.30735964
0,0.28253204
0,0.2828255
0,0.29307312
0,0.2730023
0,0.2719767
0,0.2873654
0,0.29871836
0,0.29385743
0,0.27566403
0,0.28016794
0,0.28604016
0,0.28576732
0,0.27786142
0,0.28422558
0,0.27540466
0,0.2826544
0,0.2682009
0,0.26306415
0,0.26967108
0,0.25601822
0,0.2645342
0,0.2627005
0,0.27463144
0,0.2742734
0,0.27966198
0,0.27261156
0,0.30340517
0,0.30129367
0,0.29600254
0,0.28893453
0,0.29041275
0,0.28529474
0,0.27715114
0,0.27845365
0,0.30242366
0,0.29616687
0,0.29882744
0,0.32459098
0,0.32554913
0,0.30946252
0,0.31174827
0,0.31038412
0,0.28330445
0,0.27638423
0,0.2747495
0,0.28285992
0,0.29698402
0,0.2799836
0,0.2725827
0,0.28653437
0,0.28392267
0,0.27733326
0,0.27323973
0,0.2656982
0,0.28391844
0,0.27970546
0,0.27251932
0,0.28073865
0,0.2896304
0,0.2916029
0,0.26977846
0,0.2629976
0,0.25842056
0,0.25872806
0,0.31615588
0,0.2799719
0,0.28823203
0,0.2734284
0,0.2772308
0,0.31068242
0,0.29163963
0,0.28160283
0,0.28033838
0,0.28485426
0,0.3457337
0,0.29032823
0,0.2944562
0,0.2864595
0,0.28391483
0,0.28180864
0,0.29746833
0,0.26999378
0,0.28390265
0,0.28898737
0,0.2871761
0,0.28504243
0,0.2844925
0,0.27669922
0,0.31968892
0,0.28608966
0,0.28698084
0,0.27922684
0,0.27084163
0,0.29995877
0,0.27611497
0,0.28043944
0,0.29819906
0,0.2758433
0,0.30819386
0,0.2843721
0,0.28822774
0,0.2804947
0,0.5439629
0,0.39907855
0,0.3460379
0,0.34189227
0,0.3323083
0,0.31010544
0,0.34741437
0,0.3019575
0,0.28723148
0,0.27690676
0,0.2780041
0,0.3084655
0,0.31451124
0,0.29964045
0,0.30846626
0,0.30160692
0,0.30869028
0,0.25133348
0,0.21356955
0,0.19534692
0,0.20051561
0,0.1832453
0,0.21312764
0,0.19469616
0,0.19520816
0,0.17402698
0,0.1747613
0,0.18768528
0,0.21633893
0,0.20915933
0,0.20813003
0,0.19933228
0,0.17827396
0,0.16163416
0,0.1532869
0,0.14458787
0,0.14253987
0,0.13694389
0,0.14002939
0,0.14950053
0,0.15000887
0,0.15714994
0,0.16714706
0,0.17857131
0,0.18579848
0,0.19632022
0,0.2050043
0,0.21527772
0,0.23152116
0,0.24168816
0,0.2524673
0,0.25565913
0,0.27082503
0,0.26391187
0,0.2711784
0,0.26900238
0,0.27011442
0,0.270117
0,0.26984397
0,0.2736924
0,0.28332505
0,0.26408917
0,0.2622252
0,0.27013233
0,0.2659422
0,0.27370217
0,0.26900434
0,0.30060095
0,0.2939444
0,0.28789985
0,0.28980494
0,0.31179857
0,0.28829193
0,0.29523456
0,0.31810617
0,0.31471246
0,0.30851752
0,0.2997704
0,0.3020139
0,0.27888218
0,0.2723397
0,0.27548468
0,0.2829298
0,0.29015094
0,0.27818
0,0.27217332
0,0.2711371
0,0.26673374
0,0.27378133
0,0.271782
0,0.27314118
0,0.28767908
0,0.28387874
0,0.27252248
0,0.2774794
0,0.2950428
0,0.3044857
0,0.29925954
0,0.2885501
0,0.27962923
0,0.27593565
0,0.27390352
0,0.28293774
0,0.4385641
0,0.34185928
0,0.31975642
0,0.31004438
0,0.29530987
0,0.2924628
0,0.28235322
0,0.2754325
0,0.27843118
0,0.28928262
0,0.29039294
0,0.28720248
0,0.27957773
0,0.27755082
0,0.27030692
0,0.30035612
0,0.27504095
0,0.2694336
0,0.2751457
0,0.26898608
0,0.26605567
0,0.267391
0,0.2831898
0,0.28142384
0,0.30680838
0,0.28337112
0,0.2916898
0,0.27039388
0,0.29198378
0,0.28127158
0,0.28235742
0,0.29002103
0,0.29407316
0,0.29792252
0,0.28837362
0,0.27746874
0,0.29296395
0,0.28736258
0,0.28150555
0,0.33897883
0,0.3056054
0,0.29330155
0,0.28767768
0,0.27608716
0,0.27750847
0,0.29731813
0,0.3046878
0,0.2840774
0,0.30614766
0,0.3073761
0,0.28385565
0,0.29545537
0,0.30682853
0,0.28516263
0,0.28223443
0,0.26854187
0,0.29139313
0,0.28429666
0,0.29849
0,0.2847302
0,0.2955487
0,0.27609536
0,0.28076044
0,0.2845527
0,0.27434596
0,0.27765733
0,0.25632492
0,0.26109892
0,0.2669916
0,0.27430385
0,0.27443877
0,0.29552713
0,0.2966742
0,0.29573664
0,0.2882197
0,0.3152965
0,0.302167
0,0.29175422
0,0.28211826
0,0.30090594
0,0.2931994
0,0.30131158
0,0.28949463
0,0.2865008
0,0.29354808
0,0.28475887
0,0.2910811
0,0.2769941
0,0.28824207
0,0.2752368
0,0.2731858
0,0.29225615
0,0.30631116
0,0.3071374
0,0.2934421
0,0.30288267
0,0.30830646
0,0.3231362
0,0.31441566
0,0.34485555
0,0.32318857
0,0.2990572
0,0.29833195
0,0.31764057
0,0.29644486
0,0.2990349
0,0.29272065
0,0.29220945
0,0.2735249
0,0.26662898
0,0.26888445
0,0.26417106
0,0.29325473
0,0.2788057
0,0.28261113
0,0.2728477
0,0.27869427
0,0.27346572
0,0.26250646
0,0.2732287
0,0.27980605
0,0.28791857
0,0.3061546
0,0.28328428
0,0.27463412
0,0.27545896
0,0.28848666
0,0.31290397
0,0.29992032
0,0.30604607
0,0.30457458
0,0.29476956
0,0.3018377
0,0.30992702
0,0.34717205
0,0.33344567
0,0.31298774
0,0.32069647
0,0.31667086
0,0.2975525
0,0.29343036
0,0.28381425
0,0.31435174
0,0.32312736
0,0.33221233
0,0.31126648
0,0.29732636
0,0.2844258
0,0.2793526
0,0.28642505
0,0.27269626
0,0.28383517
0,0.2833636
0,0.2676469
0,0.2646156
0,0.25004563
0,0.2483855
0,0.25722027
0,0.25977528
0,0.25735477
0,0.28194222
0,0.27303046
0,0.27658948
0,0.2747378
0,0.27046442
0,0.2974432
0,0.28860605
0,0.2868096
0,0.27580428
0,0.28619552
0,0.26607117
0,0.27400398
0,0.27442127
0,0.29244617
0,0.28332
0,0.28741857
0,0.27761716
0,0.27065867
0,0.2637428
0,0.28130507
0,0.26611868
0,0.276019
0,0.2847159
0,0.2890722
0,0.30922
0,0.30144465
0,0.31529537
0,0.29798058
0,0.29308772
0,0.28843364
0,0.30322868
0,0.2840218
0,0.282128
0,0.27618256
0,0.2735779
0,0.30648547
0,0.31077078
0,0.30384353
0,0.29806703
0,0.30701315
0,0.3128849
0,0.309346
0,0.28550586
0,0.28349876
0,0.27394575
0,0.27566922
0,0.28662333
0,0.29544076
0,0.28712964
0,0.27353948
0,0.2790885
0,0.27645776
0,0.27165118
0,0.3219505
0,0.29540634
0,0.299027
0,0.271069
0,0.2811093
0,0.28241277
0,0.26517865
0,0.26409552
0,0.3013897
0,0.31114706
0,0.2799939
0,0.27313286
0,0.2734393
0,0.28492805
0,0.26749817
0,0.27244648
0,0.2896298
0,0.27321154
0,0.26999083
0,0.28710237
0,0.28592637
0,0.2839808
0,0.28934908
0,0.28067577
0,0.2759731
0,0.2924923
0,0.29238915
0,0.2884659
0,0.28220135
0,0.2874258
0,0.29187372
0,0.28378966
0,0.29686937
0,0.29561687
0,0.28322408
0,0.26870975
0,0.27992278
0,0.2776395
0,0.26764542
0,0.26655778
0,0.2777302
0,0.28304723
0,0.2770534
0,0.27327096
0,0.27020672
0,0.27139962
0,0.28687966
0,0.2851218
0,0.30847517
0,0.28956488
0,0.28275374
0,0.28805786
0,0.2855457
0,0.27866486
0,0.27146968
0,0.28445494
0,0.31213877
0,0.31227702
0,0.27891833
0,0.28949562
0,0.28483406
0,0.2722476
0,0.26757702
0,0.26269063
0,0.27926594
0,0.30678415
0,0.2959946
0,0.30418214
0,0.3052631
0,0.30271375
0,0.27932265
0,0.27584296
0,0.30637023
0,0.27334344
0,0.29524785
0,0.2918824
0,0.27514508
0,0.2888232
0,0.26711497
0,0.28777006
0,0.30238065
0,0.3059831
0,0.28666294
0,0.2829559
0,0.29903212
0,0.28592983
0,0.2771416
0,0.29021156
0,0.30825204
0,0.3091525
0,0.28414446
0,0.2935415
0,0.29526535
0,0.29659694
0,0.29673105
0,0.287179
0,0.28283462
0,0.29238272
0,0.28027564
0,0.28869468
0,0.28761503
0,0.2813896
0,0.29554388
0,0.32520834
0,0.30016035
0,0.30800483
0,0.2975037
0,0.3256718
0,0.31764868
0,0.30468452
0,0.29768282
0,0.29972583
0,0.28400174
0,0.2780297
0,0.2742499
0,0.27690148
0,0.29246727
0,0.2719327
0,0.26766184
0,0.2679387
0,0.32213813
0,0.29244775
0,0.27934548
0,0.26695913
0,0.27160347
0,0.27577373
0,0.28337047
0,0.2951688
0,0.28553408
0,0.28192902
0,0.27566186
0,0.28443384
0,0.2805737
0,0.29453352
0,0.2908938
0,0.2903133
0,0.3170863
0,0.30022994
0,0.30092496
0,0.34043667
0,0.32728767
0,0.3235988
0,0.32008883
0,0.30375826
0,0.3127837
0,0.31659627
0,0.30016208
0,0.28578502
0,0.27838933
0,0.2684677
0,0.27616027
0,0.28884748
0,0.2708943
0,0.29115984
0,0.29242623
0,0.2866932
0,0.2853308
0,0.29354513
0,0.31389418
0,0.34311435
0,0.30853388
0,0.3046202
0,0.27508017
0,0.29388362
0,0.27614942
0,0.27661163
0,0.38762423
0,0.33538258
0,0.31523433
0,0.3048418
0,0.28805766
0,0.2901369
0,0.28379336
0,0.28017217
0,0.28657663
0,0.29801884
0,0.30502743
0,0.27911755
0,0.27764985
0,0.28178772
0,0.27615193
0,0.2828871
0,0.27281335
0,0.2668259
0,0.26276368
0,0.2687343
0,0.26148048
0,0.27920383
0,0.2697382
0,0.32288375
0,0.29206848
0,0.3061022
0,0.28443748
0,0.30619144
0,0.2873297
0,0.3095472
0,0.29187372
0,0.29519364
0,0.27323774
0,0.2811568
0,0.2872334
0,0.27137268
0,0.27700156
0,0.2802499
0,0.2687832
0,0.27012917
0,0.27392232
0,0.28034145
0,0.29772663
0,0.30478406
0,0.29681006
0,0.2821758
0,0.27446917
0,0.28304932
0,0.28468513
0,0.28284964
0,0.27545244
0,0.29147968
0,0.2816556
0,0.33057767
0,0.2933598
0,0.29513803
0,0.28912657
0,0.29189187
0,0.30345103
0,0.2979257
0,0.2873459
0,0.28196782
0,0.28630725
0,0.29091626
0,0.28961957
0,0.28056586
0,0.2776563
0,0.26780576
0,0.2685703
0,0.26454386
0,0.26829785
0,0.2951914
0,0.28783134
0,0.2870387
0,0.28859484
0,0.2871574
0,0.3013417
0,0.32785967
0,0.34667903
0,0.33947453
0,0.32255298
0,0.31112257
0,0.30179265
0,0.28359705
0,0.31313685
0,0.36807078
0,0.36165357
0,0.36185127
0,0.36762062
0,0.373383
0,0.3273023
0,0.33552346
0,0.28099242
0,0.24851514
0,0.22548077
0,0.2083143
0,0.20351322
0,0.19096793
0,0.18049468
0,0.17065884
0,0.16790406
0,0.16288584
0,0.16724803
0,0.16608365
0,0.17517626
0,0.18188056
0,0.18878308
0,0.18915251
0,0.1935697
0,0.20347644
0,0.21115601
0,0.22762328
0,0.23261175
0,0.22879775
0,0.24379598
0,0.25826737
0,0.25994402
0,0.26717806
0,0.27533945
0,0.27587053
0,0.28001317
0,0.26524422
0,0.29273036
0,0.28347942
0,0.26610762
0,0.26851246
0,0.26865682
0,0.27986863
0,0.28212935
0,0.27511168
0,0.2607178
0,0.27072746
0,0.2658253
0,0.27061892
0,0.2845538
0,0.2823739
0,0.29628906
0,0.28103298
0,0.27603072
0,0.29594815
0,0.28028595
0,0.273111
0,0.2611121
0,0.2784042
0,0.27101535
0,0.26391867
0,0.2555169
0,0.25499782
0,0.26975128
0,0.32360592
0,0.3427008
0,0.35455805
0,0.32618204
0,0.29047528
0,0.2832743
0,0.27290702
0,0.2706021
0,0.27811038
0,0.26277745
0,0.26823646
0,0.3015995
0,0.2897392
0,0.28198084
0,0.28298888
0,0.27721298
0,0.2851065
0,0.28674966
0,0.29910362
0,0.2871983
0,0.27153215
0,0.27897248
0,0.30063787
0,0.30235103
0,0.30360222
0,0.30558568
0,0.3145762
0,0.28267974
0,0.27831504
0,0.28704974
0,0.31490865
0,0.2901936
0,0.28295183
0,0.31438607
0,0.28097117
0,0.2875341
0,0.3061394
0,0.29361498
0,0.288365
0,0.36344233
0,0.31496534
0,0.34280926
0,0.32437855
0,0.31778967
0,0.29482952
0,0.30682725
0,0.29173794
0,0.27524152
0,0.28230768
0,0.28213036
0,0.2735402
0,0.27236983
0,0.28499115
0,0.273084
0,0.26936784
0,0.2630739
0,0.2768298
0,0.26709053
0,0.30211198
0,0.29826593
0,0.27944314
0,0.27079824
0,0.26021
0,0.27527916
0,0.29295123
0,0.30057976
0,0.30162776
0,0.27981842
0,0.29844397
0,0.27678418
0,0.26318038
0,0.2804424
0,0.281999
0,0.27265447
0,0.29309058
0,0.27556455
0,0.27222282
0,0.27810523
0,0.26532108
0,0.27492076
0,0.283799
0,0.27439305
0,0.26618466
0,0.25816795
0,0.26888323
0,0.26569548
0,0.26031774
0,0.267018
0,0.3585468
0,0.3077648
0,0.28458387
0,0.29144606
0,0.28975302
0,0.3004472
0,0.29026106
0,0.29360437
0,0.303816
0,0.28595313
0,0.2863137
0,0.2866689
0,0.28345963
0,0.30522504
0,0.29001817
0,0.3015016
0,0.29955047
0,0.2988818
0,0.29451343
0,0.32406387
0,0.302266
0,0.29404372
0,0.29762968
0,0.3427466
0,0.36328685
0,0.32879844
0,0.29544196
0,0.2894262
0,0.2841641
0,0.283687
0,0.31176117
0,0.28671715
0,0.27857456
0,0.32061842
0,0.31139842
0,0.2839493
0,0.28986436
0,0.2779865
0,0.27594402
0,0.27821982
0,0.27526614
0,0.30818442
0,0.2709844
0,0.28455406
0,0.28106406
0,0.2660671
0,0.28174484
0,0.27175558
0,0.2804742
0,0.27781317
0,0.27234265
0,0.26494968
0,0.26756966
0,0.26598716
0,0.26626423
0,0.27525282
0,0.26764393
0,0.27016792
0,0.27703997
0,0.2787277
0,0.26836172
0,0.26609367
0,0.2690789
0,0.26622996
0,0.2794387
0,0.2953474
0,0.29068744
0,0.28695023
0,0.27314296
0,0.27586845
0,0.26900247
0,0.2785349
0,0.2703992
0,0.26890543
0,0.26351926
0,0.2733518
0,0.28158846
0,0.26380643
0,0.29987767
0,0.2878458
0,0.30319798
0,0.2768764
0,0.2763522
0,0.2729022
0,0.27308553
0,0.29159006
0,0.27788532
0,0.27297974
0,0.28708613
0,0.2711737
0,0.27475983
0,0.28117734
0,0.27078962
0,0.36610192
0,0.31604558
0,0.3023963
0,0.28436387
0,0.2863362
0,0.2772337
0,0.2781642
0,0.2814702
0,0.27167007
0,0.27320793
0,0.27990806
0,0.28048027
0,0.26925048
0,0.26537412
0,0.25847054
0,0.26040944
0,0.25768262
0,0.28541693
0,0.3111551
0,0.28772056
0,0.28249872
0,0.2820734
0,0.2762756
0,0.27958208
0,0.2944569
0,0.28997302
0,0.27869016
0,0.27322212
0,0.26695004
0,0.26457915
0,0.29063046
0,0.27700344
0,0.26882905
0,0.29389617
0,0.29522008
0,0.29732677
0,0.31445232
0,0.30902773
0,0.2860523
0,0.28636193
0,0.28092268
0,0.27749556
0,0.3001606
0,0.27153152
0,0.27151486
0,0.2760645
0,0.29549596
0,0.28121927
0,0.33266494
0,0.2961441
0,0.28608268
0,0.2697259
0,0.27177033
0,0.2754805
0,0.27277792
0,0.27410167
0,0.27726158
0,0.2701675
0,0.2849825
0,0.26654315
0,0.27269098
0,0.2685848
0,0.2639891
0,0.2664258
0,0.27908093
0,0.27809307
0,0.26580277
0,0.27727145
0,0.28134093
0,0.2729587
0,0.29364663
0,0.30915824
0,0.30418542
0,0.28954893
0,0.31181687
0,0.2794461
0,0.28783724
0,0.27480397
0,0.28606406
0,0.2969937
0,0.28161842
0,0.29078266
0,0.29122475
0,0.28134608
0,0.267087
0,0.26005796
0,0.27806044
0,0.2836212
0,0.3153462
0,0.295242
0,0.30229384
0,0.2918012
0,0.27582812
0,0.27326378
0,0.2868566
0,0.29153708
0,0.28562447
0,0.27746516
0,0.28174224
0,0.2886846
0,0.28810057
0,0.2799036
0,0.2736812
0,0.2818731
0,0.27134937
0,0.64525056
0,0.46640325
0,0.38154966
0,0.3403121
0,0.33590838
0,0.32197043
0,0.33139017
0,0.29506192
0,0.31163555
0,0.30057883
0,0.29532197
0,0.561659
0,0.43906328
0,0.4649012
0,0.3973211
0,0.42216927
0,0.30698445
0,0.22473274
0,0.1710803
0,0.15248853
0,0.1406316
0,0.13214882
0,0.46690956
0,0.29143247
0,0.2747576
0,0.20438278
0,0.19459946
0,0.1690211
0,0.1543191
0,0.14202459
0,0.14749248
0,0.14375335
0,0.1452155
0,0.15688169
0,0.14253306
0,0.13204445
0,0.12705328
0,0.13027245
0,0.12899463
0,0.13043787
0,0.13706532
0,0.1518645
0,0.16257958
0,0.16292946
0,0.17094032
0,0.18041915
0,0.1960057
0,0.20027578
0,0.21301123
0,0.21764186
0,0.23589167
0,0.23392656
0,0.27501827
0,0.26949993
0,0.29103202
0,0.27037084
0,0.29335648
0,0.29077616
0,0.2781485
0,0.2812755
0,0.28885168
0,0.29665324
0,0.31741914
0,0.32270625
0,0.29596233
0,0.2755972
0,0.28624412
0,0.28226587
0,0.29240432
0,0.28418905
0,0.2767238
0,0.29538265
0,0.2799346
0,0.26958856
0,0.28773144
0,0.27297714
0,0.27565804
0,0.27986708
0,0.2870735
0,0.28434122
0,0.2857971
0,0.28175953
0,0.28334275
0,0.27996892
0,0.2738418
0,0.2766268
0,0.27904245
0,0.29015186
0,0.28243145
0,0.28165135
0,0.27455762
0,0.27926782
0,0.3142538
0,0.2887973
0,0.29946917
0,0.28546223
0,0.27445677
0,0.2799105
0,0.27466428
0,0.2773606
0,0.27768698
0,0.26804033
0,0.2716192
0,0.2733749
0,0.28488114
0,0.28421918
0,0.27461395
0,0.27056056
0,0.26749155
0,0.27101463
0,0.28823322
0,0.30094275
0,0.27753314
0,0.2861451
0,0.2671549
0,0.2651478
0,0.67610437
0,0.47766206
0,0.41228068
0,0.36467656
0,0.324666
0,0.29792443
0,0.29995415
0,0.27259997
0,0.28109983
0,0.27170435
0,0.26833147
0,0.26544288
0,0.25789943
0,0.25893638
0,0.26286203
0,0.26257256
0,0.27256426
0,0.25901544
0,0.26231453
0,0.26712596
0,0.25737545
0,0.25988162
0,0.2523091
0,0.2710886
0,0.26774436
0,0.28687274
0,0.28933823
0,0.27888393
0,0.2767772
0,0.27409223
0,0.27485964
0,0.28692502
0,0.2952805
0,0.29344904
0,0.3141727
0,0.30712995
0,0.3012975
0,0.28787503
0,0.28100047
0,0.28671902
0,0.28844458
0,0.3182744
0,0.32029667
0,0.2936199
0,0.28267345
0,0.2806335
0,0.28451747
0,0.28039634
0,0.2878334
0,0.29038584
0,0.27814674
0,0.29199418
0,0.29075012
0,0.27641207
0,0.31956077
0,0.29309496
0,0.29040736
0,0.29261553
0,0.27772754
0,0.2658824
0,0.2854586
0,0.30043903
0,0.29234517
0,0.2861306
0,0.28849205
0,0.28934035
0,0.27705574
0,0.28376675
0,0.2724769
0,0.28112718
0,0.2708122
0,0.2656748
0,0.2594562
0,0.29725522
0,0.2929858
0,0.29063085
0,0.27946877
0,0.26500955
0,0.2682439
0,0.28748974
0,0.2916971
0,0.302082
0,0.30245495
0,0.28426242
0,0.2819005
0,0.29025254
0,0.29419532
0,0.33313382
0,0.32886365
0,0.34295237
0,0.31284764
0,0.34786618
0,0.31360018
0,0.28989604
0,0.30257484
0,0.3247575
0,0.2987166
0,0.29957864
0,0.3079217
0,0.27942947
0,0.280355
0,0.29617813
0,0.3063396
0,0.29148677
0,0.33941483
0,0.296847
0,0.28782186
0,0.27235386
0,0.27062398
0,0.2601314
0,0.2611838
0,0.2680246
0,0.26793194
0,0.2584628
0,0.25484285
0,0.25695813
0,0.25430477
0,0.2656246
0,0.28431213
0,0.2846992
0,0.27197114
0,0.29004073
0,0.3177323
0,0.29342058
0,0.29426515
0,0.28235492
0,0.29729107
0,0.28418145
0,0.2995103
0,0.29929224
0,0.28363875
0,0.28186324
0,0.2716277
0,0.32533076
0,0.28983834
0,0.29831055
0,0.3177233
0,0.29912293
0,0.28256845
0,0.28447527
0,0.29009718
0,0.2842569
0,0.28708446
0,0.27717766
0,0.27270383
0,0.27040404
0,0.2858917
0,0.28991237
0,0.27079168
0,0.27097875
0,0.28085816
0,0.26503873
0,0.276407
0,0.28109258
0,0.2816407
0,0.285812
0,0.27715454
0,0.28029794
0,0.300984
0,0.31820577
0,0.30712172
0,0.29777703
0,0.27842546
0,0.28627178
0,0.28130254
0,0.26979268
0,0.32764882
0,0.31296748
0,0.3000023
0,0.28263742
0,0.28575224
0,0.29257432
0,0.28221637
0,0.28337047
0,0.30984208
0,0.28915876
0,0.30235738
0,0.29345715
0,0.29694444
0,0.29155123
0,0.29032123
0,0.2829663
0,0.293213
0,0.29997635
0,0.30661872
0,0.29479647
0,0.28797248
0,0.27479
0,0.2751774
0,0.28798774
0,0.29105055
0,0.31483412
0,0.30300033
0,0.29129624
0,0.28573498
0,0.28037196
0,0.28031942
0,0.27090862
0,0.2850603
0,0.29292756
0,0.29183555
0,0.30063465
0,0.30642846
0,0.28465876
0,0.2857545
0,0.28493038
0,0.29478702
0,0.304756
0,0.33345637
0,0.30408445
0,0.2924152
0,0.28354135
0,0.27585346
0,0.27264455
0,0.29594263
0,0.27326855
0,0.29828602
0,0.27646548
0,0.2721396
0,0.28436437
0,0.28927943
0,0.28916147
0,0.2833529
0,0.28229442
0,0.29499036
0,0.27890077
0,0.29221347
0,0.2783686
0,0.28546152
0,0.30790934
0,0.2916084
0,0.2792228
0,0.2706391
0,0.2635401
0,0.27596495
0,0.27281708
0,0.27826294
0,0.27902386
0,0.29039782
0,0.29086074
0,0.29394245
0,0.29573298
0,0.29298198
0,0.28424546
0,0.25857493
0,0.2540072
0,0.25021246
0,0.2549221
0,0.28642523
0,0.28796712
0,0.28005177
0,0.27504656
0,0.27645576
0,0.282716
0,0.2923178
0,0.29732883
0,0.28544876
0,0.27883205
0,0.32539105
0,0.31009024
0,0.30949563
0,0.28542864
0,0.2915498
0,0.30392402
0,0.30882356
0,0.32599375
0,0.31601673
0,0.2883435
0,0.29579854
0,0.2765831
0,0.2820616
0,0.28960824
0,0.29478967
0,0.3170046
0,0.3234545
0,0.3350319
0,0.3046677
0,0.29112676
0,0.29034653
0,0.28183538
0,0.30258825
0,0.28950477
0,0.29892546
0,0.31133443
0,0.2955317
0,0.2919531
0,0.28848702
0,0.26954317
0,0.26962823
0,0.30375507
0,0.2988961
0,0.2775421
0,0.27726474
0,0.27670255
0,0.28371
0,0.3131531
0,0.2975286
0,0.28847456
0,0.28506207
0,0.27756575
0,0.2677803
0,0.2852835
0,0.30792344
0,0.33282048
0,0.3291259
0,0.29678547
0,0.2879584
0,0.29523733
0,0.27881455
0,0.267769
0,0.27306697
0,0.2704631
0,0.2758446
0,0.2793887
0,0.61785686
0,0.42064482
0,0.37406322
0,0.32546234
0,0.30755976
0,0.29223192
0,0.28322628
0,0.2895306
0,0.27670804
0,0.2923505
0,0.29993966
0,0.30691305
0,0.75229496
0,0.5864897
0,0.47698918
0,0.4074452
0,0.34281707
0,0.26936573
0,0.23690057
0,0.19679649
0,0.16466945
0,0.166194
0,0.1825012
0,0.16256328
0,0.15037678
0,0.14321736
0,0.13880464
0,0.1379128
0,0.14621514
0,0.14548051
0,0.135241
0,0.1471164
0,0.14932352
0,0.13897227
0,0.14020886
0,0.13985972
0,0.13941453
0,0.14118977
0,0.1553591
0,0.16616309
0,0.1893758
0,0.19928178
0,0.28504834
0,0.2829232
0,0.28327692
0,0.2904446
0,0.30074042
0,0.33261448
0,0.30159622
0,0.29587412
0,0.2865864
0,0.28660226
0,0.283912
0,0.27527156
0,0.2881723
0,0.28931755
0,0.2840569
0,0.28770193
0,0.27376902
0,0.2844336
0,0.33411005
0,0.31305718
0,0.29438266
0,0.2962383
0,0.28481576
0,0.2797153
0,0.26336163
0,0.28102547
0,0.2772339
0,0.28649375
0,0.33851168
0,0.33012587
0,0.3082798
0,0.29344285
0,0.29204732
0,0.29410574
0,0.2968666
0,0.29921773
0,0.3128146
0,0.2841439
0,0.6300502
0,0.48562267
0,0.38970554
0,0.35876983
0,0.33801213
0,0.32474133
0,0.30525905
0,0.32219595
0,0.28003404
0,0.24644625
0,0.22325625
0,0.19866373
0,0.17301144
0,0.17327671
0,0.1626607
0,0.15626737
0,0.15448442
0,0.15482941
0,0.15840997
0,0.16189177
0,0.14810741
0,0.15290795
0,0.14857519
0,0.14756924
0,0.15297684
0,0.17039071
0,0.17430024
0,0.19653623
0,0.21375619
0,0.22564149
0,0.30773008
0,0.28136772
0,0.27834395
0,0.28496236
0,0.27582592
0,0.28282714
0,0.2809229
0,0.2791899
0,0.28175807
0,0.28966138
0,0.29828018
0,0.28608227
0,0.27191034
0,0.3001635
0,0.29396164
0,0.3092231
0,0.31595203
0,0.3040677
0,0.30885604
0,0.29552445
0,0.29634032
0,0.31189272
0,0.28826025
0,0.30295762
0,0.29118276
0,0.27896544
0,0.28648114
0,0.2782845
0,0.27890173
0,0.2807111
0,0.2759209
0,0.29270634
0,0.29278973
0,0.27707252
0,0.63235235
0,0.4727958
0,0.3776604
0,0.35156688
0,0.3212357
0,0.32168257
0,0.2990964
0,0.2830726
0,0.2776332
0,0.2737215
0,0.27158508
0,0.28040928
0,0.2690034
0,0.25761846
0,0.24986169
0,0.27519223
0,0.25960028
0,0.24646534
0,0.23353158
0,0.23145328
0,0.2360011
0,0.23850298
0,0.23466294
0,0.24083187
0,0.2653053
0,0.2513996
0,0.29702792
0,0.28696024
0,0.27866575
0,0.27481943
0,0.27883112
0,0.26630613
0,0.26240966
0,0.2737885
0,0.33058083
0,0.3039543
0,0.3072442
0,0.2930373
0,0.2827581
0,0.31774804
0,0.31074196
0,0.30590826
0,0.29640806
0,0.31746578
0,0.29779953
0,0.29234043
0,0.27301794
0,0.27726275
0,0.29081482
0,0.28011775
0,0.28718793
0,0.28658488
0,0.29722518
0,0.2741365
0,0.27060172
0,0.27944368
0,0.27961424
0,0.2750428
0,0.30165192
0,0.2869702
0,0.30138302
0,0.27842802
0,0.28520617
0,0.2989523
0,0.31357506
0,0.2880077
0,0.28055575
0,0.2998766
0,0.29730195
0,0.27053088
0,0.27661115
0,0.2720768
0,0.27896714
0,0.28526947
0,0.32672304
0,0.31842655
0,0.31215012
0,0.28685176
0,0.28903502
0,0.30986306
0,0.3025292
0,0.28460425
0,0.27879694
0,0.27694312
0,0.2848703
0,0.27742386
0,0.2827927
0,0.27086976
0,0.26727396
0,0.2749855
0,0.28053725
0,0.28175706
0,0.31373462
0,0.2942388
0,0.28032824
0,0.2787443
0,0.27681124
0,0.29714632
0,0.29968688
0,0.27791208
0,0.28517783
0,0.2936757
0,0.2846558
0,0.2907937
0,0.2833199
0,0.29412556
0,0.31086853
0,0.30841368
0,0.29210922
0,0.30437544
0,0.28776848
0,0.30114442
0,0.28586128
0,0.2851016
0,0.30816764
0,0.31255212
0,0.3186064
0,0.28309864
0,0.30035225
0,0.28810254
0,0.28553137
0,0.29226512
0,0.29003966
0,0.2862688
0,0.2954648
0,0.2815765
0,0.2779734
0,0.28882855
0,0.2789151
0,0.38405025
0,0.31543458
0,0.31715724
0,0.3228475
0,0.29829538
0,0.2856497
0,0.27842632
0,0.286114
0,0.32098565
0,0.29324296
0,0.2882505
0,0.2666896
0,0.278677
0,0.2632175
0,0.29203433
0,0.28882602
0,0.29446563
0,0.293078
0,0.29682192
0,0.28357977
0,0.28471002
0,0.28866532
0,0.2752927
0,0.2777572
0,0.2808989
0,0.27495703
0,0.27600202
0,0.27615902
0,0.26703572
0,0.28390536
0,0.28883612
0,0.319228
0,0.3034131
0,0.29462573
0,0.2810668
0,0.27288234
0,0.29986754
0,0.293718
0,0.27600738
0,0.2973145
0,0.29837546
0,0.29288346
0,0.29242313
0,0.30313715
0,0.29464585
0,0.28055596
0,0.2700205
0,0.27878132
0,0.26667294
0,0.294364
0,0.28683367
0,0.29300496
0,0.28957456
0,0.28841314
0,0.28231207
0,0.28613597
0,0.28446737
0,0.3066639
0,0.32292876
0,0.2946398
0,0.29497626
0,0.32002482
0,0.30657628
0,0.31518063
0,0.31327292
0,0.2891009
0,0.2971107
0,0.30706146
0,0.28809926
0,0.29789266
0,0.28388596
0,0.28513065
0,0.2708559
0,0.29828975
0,0.2740574
0,0.26806647
0,0.27070573
0,0.27213088
0,0.2696015
0,0.2738478
0,0.27707502
0,0.28160423
0,0.2827196
0,0.27335832
0,0.289386
0,0.2927787
0,0.37450528
0,0.37083432
0,0.36352772
0,0.35262442
0,0.33425352
0,0.30190042
0,0.3139263
0,0.3191983
0,0.31149802
0,0.29677373
0,0.31018823
0,0.2851922
0,0.27042112
0,0.2673129
0,0.25921774
0,0.2681016
0,0.27232796
0,0.25988054
0,0.28193393
0,0.2876871
0,0.26369807
0,0.27357855
0,0.27025855
0,0.24602345
0,0.25313643
0,0.28565407
0,0.27821332
0,0.29897135
0,0.28528297
0,0.27938005
0,0.2909444
0,0.30289346
0,0.29924333
0,0.30441177
0,0.30435503
0,0.30980882
0,0.28238443
0,0.28443843
0,0.29209158
0,0.28841147
0,0.3098035
0,0.29472658
0,0.2808918
0,0.29310876
0,0.28769305
0,0.2761945
0,0.2730644
0,0.27555147
0,0.32264555
0,0.298814
0,0.28475758
0,0.2677405
0,0.29626364
0,0.2983388
0,0.2937217
0,0.31539938
0,0.29333055
0,0.28208098
0,0.27983662
0,0.27333036
0,0.30325547
0,0.29014334
0,0.2990655
0,0.28533247
0,0.2803095
0,0.2829526
0,0.28717843
0,0.3295147
0,0.31148964
0,0.3033424
0,0.30021685
0,0.29001024
0,0.28008208
0,0.28075787
0,0.28584918
0,0.2975895
0,0.28959244
0,0.283323
0,0.30979306
0,0.29687127
0,0.283253
0,0.27669054
0,0.27136937
0,0.27358285
0,0.27244148
0,0.29055968
0,0.285015
0,0.3459778
0,0.30573517
0,0.3002858
0,0.29262248
0,0.29402825
0,0.27577287
0,0.2847228
0,0.27521807
0,0.2821874
0,0.28943315
0,0.28879252
0,0.32325482
0,0.2906331
0,0.2811029
0,0.2810057
0,0.2958172
0,0.28918013
0,0.3070286
0,0.2833085
0,0.34697148
0,0.36084494
0,0.34312248
0,0.34611338
0,0.32180238
0,0.3049831
0,0.32336804
0,0.32939297
0,0.2943714
0,0.28105688
0,0.2881067
0,0.27652666
0,0.2867668
0,0.27478296
0,0.27869868
0,0.27438337
0,0.29141587
0,0.28033337
0,0.2669648
0,0.2648087
0,0.25720245
0,0.26880422
0,0.26570648
0,0.24930865
0,0.25486648
0,0.25304914
0,0.25526917
0,0.2998922
0,0.2825189
0,0.28093058
0,0.28843948
0,0.2886946
0,0.28479844
0,0.29048952
0,0.2794416
0,0.26795432
0,0.28812104
0,0.2996045
0,0.31426838
0,0.28831723
0,0.28801295
0,0.3412301
0,0.31478637
0,0.38657698
0,0.3357826
0,0.33343658
0,0.30432656
0,0.2997634
0,0.30471253
0,0.28665063
0,0.2812793
0,0.28163517
0,0.28655308
0,0.30200154
0,0.28187937
0,0.2966709
0,0.3028615
0,0.29529113
0,0.29015052
0,0.28649405
0,0.28042987
0,0.28174168
0,0.2912637
0,0.30195826
0,0.2758467
0,0.27799955
0,0.28822204
0,0.27144623
0,0.28045487
0,0.2639633
0,0.30218124
0,0.3192796
0,0.29243752
0,0.31331778
0,0.29917565
0,0.29635018
0,0.2951491
0,0.28845623
0,0.28124827
0,0.29178956
0,0.27595028
0,0.27861482
0,0.26893902
0,0.2692031
0,0.29055977
0,0.27200338
0,0.2839493
0,0.29155645
0,0.2828195
0,0.31127897
0,0.2901585
0,0.30048224
0,0.3289106
0,0.32330784
0,0.31095278
0,0.30780497
0,0.31100613
0,0.30019704
0,0.29461965
0,0.30273962
0,0.29041383
0,0.28408417
0,0.3093593
0,0.2926049
0,0.2893426
0,0.31920645
0,0.3011076
0,0.28076857
0,0.28737095
0,0.2726922
0,0.2819285
0,0.28836325
0,0.28170615
0,0.27662805
0,0.6768645
0,0.47991058
0,0.40862137
0,0.3558957
0,0.31941798
0,0.2954762
0,0.2936938
0,0.27531573
0,0.28055722
0,0.28361207
0,0.2561392
0,0.24446143
0,0.24015525
0,0.21481669
0,0.2010643
0,0.1881084
0,0.17721783
0,0.18683612
0,0.16903086
0,0.17193899
0,0.1724579
0,0.16407892
0,0.17252627
0,0.18049158
0,0.18673307
0,0.20447497
0,0.21592876
0,0.22965294
0,0.23045821
0,0.2517042
0,0.2847124
0,0.29375
0,0.30271155
0,0.30031237
0,0.29485205
0,0.2875673
0,0.27752057
0,0.28878626
0,0.28171167
0,0.28021872
0,0.28397775
0,0.31867778
0,0.31690958
0,0.29946715
0,0.2995518
0,0.29828057
0,0.2953769
0,0.29010442
0,0.3036483
0,0.30588266
0,0.3037711
0,0.30201802
0,0.3089132
0,0.29426888
0,0.28858247
0,0.29043722
0,0.2922548
0,0.31117684
0,0.28625408
0,0.2828819
0,0.2742605
0,0.27474257
0,0.2635424
0,0.2834117
0,0.27563158
0,0.27482608
0,0.2681438
0,0.264213
0,0.27570286
0,0.28002277
0,0.29948467
0,0.27992555
0,0.26447636
0,0.54895914
0,0.3859031
0,0.34699062
0,0.317041
0,0.32700422
0,0.30953002
0,0.31736717
0,0.33400556
0,0.3184985
0,0.35591376
0,0.3606339
0,0.3270299
0,0.29489908
0,0.3219447
0,0.29920906
0,0.28421238
0,0.25289968
0,0.21854994
0,0.19106
0,0.18525793
0,0.16961728
0,0.16920099
0,0.16834855
0,0.1982764
0,0.1733423
0,0.17196985
0,0.18145718
0,0.18443598
0,0.18939726
0,0.18268222
0,0.21068017
0,0.19630508
0,0.18613547
0,0.18739419
0,0.1859586
0,0.1839468
0,0.19388764
0,0.20030773
0,0.20872773
0,0.22082533
0,0.25099725
0,0.2505744
0,0.2420301
0,0.25126433
0,0.25239944
0,0.24276042
0,0.24025092
0,0.24338546
0,0.23927243
0,0.26640967
0,0.2610156
0,0.26166776
0,0.26278523
0,0.2960277
0,0.2936324
0,0.29586294
0,0.28121796
0,0.26260886
0,0.27282542
0,0.27419287
0,0.27903727
0,0.2715305
0,0.29732972
0,0.27744165
0,0.31533372
0,0.29335415
0,0.27427515
0,0.27956718
0,0.27679238
0,0.27367505
0,0.27806947
0,0.29839036
0,0.29478085
0,0.28837278
0,0.2748932
0,0.28583542
0,0.28698894
0,0.32476953
0,0.32300013
0,0.31863633
0,0.304474
0,0.28284407
0,0.28344995
0,0.2806429
0,0.26870468
0,0.2731872
0,0.29031596
0,0.2985688
0,0.27814287
0,0.27731586
0,0.26499
0,0.276117
0,0.28895384
0,0.28607738
0,0.28320977
0,0.27655134
0,0.26358348
0,0.25824943
0,0.27022222
0,0.26747414
0,0.2796685
0,0.2700977
0,0.2858186
0,0.3196369
0,0.29829627
0,0.28540578
0,0.2820129
0,0.27584675
0,0.2882696
0,0.29182708
0,0.28589085
0,0.3151651
0,0.28942442
0,0.27875838
0,0.29659742
0,0.30480185
0,0.29754373
0,0.29390904
0,0.2822189
0,0.27162486
0,0.29193258
0,0.27887633
0,0.26932076
0,0.27458954
0,0.28438997
0,0.29085085
0,0.28754532
0,0.29886323
0,0.28873715
0,0.2886472
0,0.35419762
0,0.3188188
0,0.31382337
0,0.31977633
0,0.306465
0,0.2990302
0,0.29139718
0,0.30335248
0,0.2979924
0,0.29347742
0,0.2924367
0,0.28669906
0,0.2794292
0,0.27357754
0,0.27542198
0,0.2751285
0,0.28280103
0,0.29415175
0,0.2855873
0,0.29471302
0,0.29073167
0,0.282094
0,0.31885895
0,0.28959394
0,0.3059825
0,0.2851946
0,0.29628664
0,0.29241332
0,0.28098726
0,0.27135456
0,0.27149397
0,0.29133347
0,0.2983028
0,0.27337384
0,0.27175695
0,0.27148053
0,0.26289523
0,0.26766992
0,0.26443246
0,0.26212218
0,0.26316914
0,0.2593496
0,0.25951937
0,0.2689313
0,0.26193306
0,0.26083574
0,0.27516937
0,0.26723146
0,0.2664368
0,0.27524644
0,0.2696716
0,0.3105846
0,0.2811718
0,0.2695654
0,0.27445117
0,0.26863188
0,0.3218192
0,0.29749343
0,0.28900123
0,0.28347403
0,0.26889148
0,0.2786875
0,0.26714566
0,0.2650487
0,0.26040447
0,0.25971496
0,0.2684117
0,0.27437133
0,0.26420224
0,0.26341254
0,0.26367897
0,0.25235167
0,0.24902478
0,0.25497413
0,0.25043756
0,0.24968739
0,0.2574955
0,0.25699386
0,0.2514438
0,0.24892777
0,0.2461021
0,0.24579269
0,0.24478947
0,0.26031482
0,0.24871638
0,0.2512359
0,0.2616414
0,0.24943784
0,0.24467872
0,0.2406566
0,0.24238242
0,0.25276345
0,0.256024
0,0.26899338
0,0.26337063
0,0.25375274
0,0.25002524
0,0.2562365
0,0.2509969
0,0.26283637
0,0.26884568
0,0.25919682
0,0.27982384
0,0.2570477
0,0.25344884
0,0.246248
0,0.24784812
0,0.24122807
0,0.24903092
0,0.2495352
0,0.2508857
0,0.24691762
0,0.2520127
0,0.24529982
0,0.24162629
0,0.25642285
0,0.24722202
0,0.26035967
0,0.25435928
0,0.25083223
0,0.25416923
0,0.2602501
0,0.26240477
0,0.26663747
0,0.26691952
0,0.26838788
0,0.26211488
0,0.25473914
0,0.26055455
0,0.25535712
0,0.27068692
0,0.26710695
0,0.26653233
0,0.26466185
0,0.26074132
0,0.25256437
0,0.25521776
0,0.24828084
0,0.25438514
0,0.25935015
0,0.2505062
0,0.2506337
0,0.24779329
0,0.2462087
0,0.24442549
0,0.24218604
0,0.2569244
0,0.26239318
0,0.25965685
0,0.48328856
0,0.3726741
0,0.3398742
0,0.31417835
0,0.29831433
0,0.29268917
0,0.28408933
0,0.27746454
0,0.2814058
0,0.26558352
0,0.26933232
0,0.2633487
0,0.25951964
0,0.25826424
0,0.2623113
0,0.2614167
0,0.2677838
0,0.2823272
0,0.2804642
0,0.27159315
0,0.2716234
0,0.27654064
0,0.2610981
0,0.26358718
0,0.260729
0,0.24963987
0,0.24981195
0,0.24836099
0,0.24596423
0,0.24918881
0,0.26146063
0,0.25497872
0,0.25234526
0,0.24790815
0,0.24342336
0,0.24737734
0,0.24627243
0,0.25296283
0,0.25502175
0,0.271382
0,0.25819016
0,0.24953619
0,0.26920262
0,0.255027
0,0.26255396
0,0.26531172
0,0.25950673
0,0.25822076
0,0.25419155
0,0.25000057
0,0.2617764
0,0.24927309
0,0.25082973
0,0.25454512
0,0.2555193
0,0.25415665
0,0.24627888
0,0.24675354
0,0.24462286
0,0.24521708
0,0.24416609
0,0.24980502
0,0.24722135
0,0.24633501
0,0.24396642
0,0.24401681
0,0.2556438
0,0.25465864
0,0.2550628
0,0.2563772
0,0.2541611
0,0.25854427
0,0.24713306
0,0.2604442
0,0.2520923
0,0.256826
0,0.25647822
0,0.2519803
0,0.25405174
0,0.25551137
0,0.24933572
0,0.25309533
0,0.25694942
0,0.24874356
0,0.2462769
0,0.25335887
0,0.25222072
0,0.25224212
0,0.24561912
0,0.24289824
0,0.24659105
0,0.2420196
0,0.25083494
0,0.2507745
0,0.24337375
0,0.24979775
0,0.24071464
0,0.24333452
0,0.24178527
0,0.24194439
0,0.24226385
0,0.24203472
0,0.24676682
0,0.24715771
0,0.24141875
0,0.24561024
0,0.24202855
0,0.24925525
0,0.252768
0,0.25001103
0,0.27139455
0,0.25871032
0,0.29108417
0,0.26800215
0,0.3870289
0,0.3156309
0,0.29715902
0,0.29352757
0,0.28057435
0,0.26733667
0,0.25683564
0,0.2552552
0,0.24800263
0,0.26563415
0,0.26603052
0,0.27174547
0,0.2656065
0,0.26592728
0,0.2576901
0,0.25262263
0,0.25423235
0,0.24273656
0,0.25563294
0,0.25656474
0,0.25885785
0,0.2490328
0,0.2576887
0,0.28316337
0,0.26017937
0,0.25292888
0,0.25926745
0,0.26195085
0,0.2687398
0,0.26301134
0,0.25935832
0,0.25876367
0,0.24934614
0,0.26406568
0,0.2738664
0,0.268681
0,0.26525706
0,0.2601336
0,0.27112764
0,0.25999358
0,0.25580686
0,0.26605225
0,0.28653598
0,0.28165007
0,0.28342322
0,0.26301187
0,0.26543057
0,0.29114377
0,0.27110752
0,0.27402335
0,0.27285296
0,0.271512
0,0.2713947
0,0.2681115
0,0.2573686
0,0.26060066
0,0.25924543
0,0.2567612
0,0.26498097
0,0.26339832
0,0.26369807
0,0.2609777
0,0.2541848
0,0.2641325
0,0.25537655
0,0.25949267
0,0.2642241
0,0.26109102
0,0.25953817
0,0.25319785
0,0.26641065
0,0.2601928
0,0.25423884
0,0.2554305
0,0.26079977
0,0.27867606
0,0.26328614
0,0.26026648
0,0.26432243
0,0.25385803
0,0.24550152
0,0.2498667
0,0.24867994
0,0.2641446
0,0.2537436
0,0.25031987
0,0.24429646
0,0.24082698
0,0.2589479
0,0.27853268
0,0.2682722
0,0.27004445
0,0.2749064
0,0.25899988
0,0.25885466
0,0.27071464
0,0.2597244
0,0.26159102
0,0.25957993
0,0.2585998
0,0.25731367
0,0.26590285
0,0.24953914
0,0.26101694
0,0.25635076
0,0.25049496
0,0.24809545
0,0.2518028
0,0.25592184
0,0.24403386
0,0.25055447
0,0.26015094
0,0.2883751
0,0.29356775
0,0.2780901
0,0.2810432
0,0.26488775
0,0.26125798
0,0.26065722
0,0.39674678
0,0.32557383
0,0.3151051
0,0.29917875
0,0.4279753
0,0.32750812
0,0.29895973
0,0.28605178
0,0.28014648
0,0.2700093
0,0.26894322
0,0.2674734
0,0.2657845
0,0.2618875
0,0.25481457
0,0.25749925
0,0.27435797
0,0.26491272
0,0.2628894
0,0.26163164
0,0.26116112
0,0.26284796
0,0.26063904
0,0.26042712
0,0.25858188
0,0.2516831
0,0.24942435
0,0.2673214
0,0.25829557
0,0.26917958
0,0.25520253
0,0.24973667
0,0.26241702
0,0.26111928
0,0.25636292
0,0.25880948
0,0.25368637
0,0.2506219
0,0.25092107
0,0.25043756
0,0.25599957
0,0.25316232
0,0.26027483
0,0.2755063
0,0.25532973
0,0.26130897
0,0.25124708
0,0.26140115
0,0.24398766
0,0.2532367
0,0.24932916
0,0.25274068
0,0.25581878
0,0.25067833
0,0.24970326
0,0.24203768
0,0.24499771
0,0.25051826
0,0.25227296
0,0.2524728
0,0.24866779
0,0.25425124
0,0.2541988
0,0.25257152
0,0.252041
0,0.25692257
0,0.25190508
0,0.25309724
0,0.246821
0,0.24597238
0,0.23670201
0,0.25245064
0,0.23911789
0,0.24786262
0,0.2505221
0,0.25683668
0,0.25011343
0,0.2564976
0,0.24964927
0,0.25846973
0,0.27055204
0,0.26665267
0,0.2667301
0,0.28715062
0,0.26833346
0,0.2723213
0,0.25880143
0,0.25683555
0,0.2543701
0,0.24847628
0,0.2557214
0,0.25682804
0,0.25251904
0,0.24505839
0,0.2421893
0,0.24883284
0,0.25154775
0,0.25094524
0,0.25207305
0,0.24961118
0,0.24404494
0,0.24889576
0,0.24274385
0,0.25179273
0,0.23927034
0,0.24833173
0,0.23988341
0,0.24366061
0,0.26679587
0,0.24725832
0,0.24909823
0,0.2567856
0,0.2556541
0,0.25982592
0,0.26352435
0,0.2535287
0,0.24959333
0,0.24191776
0,0.238378
0,0.24746746
0,0.24732171
0,0.25462937
0,0.26468584
0,0.2517622
0,0.27768192
0,0.25757062
0,0.26352748
0,0.26226532
0,0.26324278
0,0.2809823
0,0.27632955
0,0.2632484
0,0.26208252
0,0.25758925
0,0.260299
0,0.2510723
0,0.25798124
0,0.26272294
0,0.2560795
0,0.2511059
0,0.24803257
0,0.24452826
0,0.2469536
0,0.24392956
0,0.24710885
0,0.25126195
0,0.25868765
0,0.25381288
0,0.24844636
0,0.24728401
0,0.24727282
0,0.25878122
0,0.26188383
0,0.2878892
0,0.28821993
0,0.2685063
0,0.26065016
0,0.25263318
0,0.2527305
0,0.24476954
0,0.25358558
0,0.25763568
0,0.25438017
0,0.25315112
0,0.2525172
0,0.24731347
0,0.23800157
0,0.24025995
0,0.23867226
0,0.24648425
0,0.25227836
0,0.25311348
0,0.2576757
0,0.26005918
0,0.24494116
0,0.2518078
0,0.25237018
0,0.24455467
0,0.2627506
0,0.2457899
0,0.24491489
0,0.24862167
0,0.27264717
0,0.27509698
0,0.25698864
0,0.27627817
0,0.26138303
0,0.26363719
0,0.25484145
0,0.2640829
0,0.27485043
0,0.27327356
0,0.2727546
0,0.27369046
0,0.26134795
0,0.254501
0,0.2598317
0,0.26214874
0,0.25382924
0,0.2552492
0,0.26071522
0,0.2521935
0,0.27057236
0,0.263827
0,0.25230122
0,0.25351003
0,0.26265755
0,0.25430477
0,0.25123972
0,0.25933394
0,0.2527
0,0.2504243
0,0.250468
0,0.2539276
0,0.26084647
0,0.2743364
0,0.26667914
0,0.27130395
0,0.2595287
0,0.26391405
0,0.2546573
0,0.26493037
0,0.26130092
0,0.2683698
0,0.27320772
0,0.2772295
0,0.26533344
0,0.2837275
0,0.26356313
0,0.25897807
0,0.26174176
0,0.27522883
0,0.27239177
0,0.2676886
0,0.26293766
0,0.2596345
0,0.2616313
0,0.2649938
0,0.2618756
0,0.25952238
0,0.25401396
0,0.2532803
0,0.25009963
0,0.25167125
0,0.24218227
0,0.24848664
0,0.25186637
0,0.25179368
0,0.26021314
0,0.25279027
0,0.24606273
0,0.24218275
0,0.24079092
0,0.2548743
0,0.26054376
0,0.25731653
0,0.26450244
0,0.2602553
0,0.25251913
0,0.25050288
0,0.25363755
0,0.25764307
0,0.27523133
0,0.26368773
0,0.26565662
0,0.25534412
0,0.24580243
0,0.2464912
0,0.25453457
0,0.24435356
0,0.25348315
0,0.25640196
0,0.24686204
0,0.24876931
0,0.24904773
0,0.2524268
0,0.24541658
0,0.25975978
0,0.2630486
0,0.2585132
0,0.25408554
0,0.24270247
0,0.24662319
0,0.24468482
0,0.25226927
0,0.24653587
0,0.25006172
0,0.25096032
0,0.26835158
0,0.25241795
0,0.2542009
0,0.24372672
0,0.25078052
0,0.24855594
0,0.24551038
0,0.26416725
0,0.26722178
0,0.2519422
0,0.25479323
0,0.24570403
0,0.24253091
0,0.2537588
0,0.26851532
0,0.29953524
0,0.27027667
0,0.2597562
0,0.25416598
0,0.25180098
0,0.27866176
0,0.2631327
0,0.2599855
0,0.26339212
0,0.27034882
0,0.32723522
0,0.27781132
0,0.2766549
0,0.2755871
0,0.26439202
0,0.26330248
0,0.27093372
0,0.2546683
0,0.25380176
0,0.25448474
0,0.25097948
0,0.24498521
0,0.25166556
0,0.25938308
0,0.25688818
0,0.2565515
0,0.24921174
0,0.24711157
0,0.26119334
0,0.25282806
0,0.24799483
0,0.2699397
0,0.27004972
0,0.27487886
0,0.2631882
0,0.25390702
0,0.25117916
0,0.26654798
0,0.28925124
0,0.29034448
0,0.29876432
0,0.318763
0,0.28072715
0,0.26974905
0,0.26172987
0,0.25837085
0,0.2629018
0,0.2580742
0,0.25673336
0,0.24896155
0,0.24675974
0,0.2539846
0,0.26316133
0,0.27062115
0,0.27614808
0,0.26780882
0,0.27458754
0,0.26641908
0,0.2546618
0,0.2613337
0,0.26418957
0,0.25380665
0,0.2697538
0,0.26353738
0,0.2756883
0,0.25894678
0,0.25146422
0,0.24871784
0,0.26313397
0,0.26133174
0,0.2657797
0,0.26756716
0,0.264149
0,0.26061276
0,0.25566825
0,0.258136
0,0.25705612
0,0.26546603
0,0.2659467
0,0.2641808
0,0.26622835
0,0.2605129
0,0.26298887
0,0.26963022
0,0.27343938
0,0.26760963
0,0.26276287
0,0.25968036
0,0.25794998
0,0.25844705
0,0.24832873
0,0.24910283
0,0.24865286
0,0.25544566
0,0.25085393
0,0.2542484
0,0.2539769
0,0.24982347
0,0.25013062
0,0.2540906
0,0.2476694
0,0.24869996
0,0.2570152
0,0.27562976
0,0.27145255
0,0.26352426
0,0.2577004
0,0.2533098
0,0.26737332
0,0.26522928
0,0.2651911
0,0.2701189
0,0.26587778
0,0.25455427
0,0.2671619
0,0.26351094
0,0.26020762
0,0.26252446
0,0.25795272
0,0.2552118
0,0.25259623
0,0.25471976
0,0.25326917
0,0.25464833
0,0.27194393
0,0.2576257
0,0.25801322
0,0.25707176
0,0.24775657
0,0.25845727
0,0.26057377
0,0.25857237
0,0.2552436
0,0.26280522
0,0.27609697
0,0.28559235
0,0.26191768
0,0.27090913
0,0.26048395
0,0.26330888
0,0.261599
0,0.27045497
0,0.2699565
0,0.27052897
0,0.25971362
0,0.25545418
0,0.25166854
0,0.25380665
0,0.25370073
0,0.25110948
0,0.2525105
0,0.26238856
0,0.25340915
0,0.2539703
0,0.25206333
0,0.2513712
0,0.25660098
0,0.27434793
0,0.27187106
0,0.26889992
0,0.2548437
0,0.25078878
0,0.26783362
0,0.27237636
0,0.28424615
0,0.2801255
0,0.26504233
0,0.26415247
0,0.2563861
0,0.25712398
0,0.25458944
0,0.26888272
0,0.2635182
0,0.2592484
0,0.27375808
0,0.27270013
0,0.26210338
0,0.25618806
0,0.26474455
0,0.29100218
0,0.28571272
0,0.2828056
0,0.27856854
0,0.26977852
0,0.2617728
0,0.2572077
0,0.26923892
0,0.2511986
0,0.2506072
0,0.26458687
0,0.2631395
0,0.2531029
0,0.24925125
0,0.24414583
0,0.2554591
0,0.25075215
0,0.2552272
0,0.25470906
0,0.25105274
0,0.24715133
0,0.2479457
0,0.24669044
0,0.26263142
0,0.2643516
0,0.2550991
0,0.25487983
0,0.2566772
0,0.24738967
0,0.24928856
0,0.26347947
0,0.26491782
0,0.27688846
0,0.26847076
0,0.26696247
0,0.26904362
0,0.25947425
0,0.25190142
0,0.25724924
0,0.25216863
0,0.2497529
0,0.2566585
0,0.24810302
0,0.2561153
0,0.2461849
0,0.2444379
0,0.24179646
0,0.25533667
0,0.27679
0,0.27311894
0,0.2703878
0,0.27818277
0,0.26441473
0,0.2704056
0,0.26454082
0,0.26304913
0,0.26451808
0,0.26042703
0,0.2550135
0,0.2584717
0,0.2711922
0,0.26263812
0,0.26585424
0,0.2544179
0,0.2609723
0,0.2524232
0,0.26518422
0,0.25772732
0,0.2542195
0,0.25366643
0,0.26399976
0,0.2539379
0,0.2643474
0,0.26696512
0,0.2740772
0,0.2650368
0,0.25704986
0,0.2598038
0,0.26106006
0,0.2575089
0,0.26170182
0,0.25710192
0,0.2595129
0,0.25150883
0,0.2478501
0,0.2655436
0,0.25644702
0,0.26103982
0,0.26315942
0,0.2542944
0,0.2579557
0,0.24694772
0,0.26115
0,0.26067737
0,0.2743566
0,0.26430058
0,0.26513743
0,0.26986215
0,0.28928712
0,0.27582535
0,0.26266274
0,0.27044147
0,0.28106478
0,0.29193726
0,0.28409812
0,0.2858363
0,0.29056177
0,0.26602864
0,0.28374723
0,0.28857583
0,0.2779309
0,0.28193402
0,0.2817378
0,0.30667716
0,0.28617805
0,0.28508845
0,0.2759758
0,0.2712918
0,0.26348326
0,0.2657118
0,0.26690865
0,0.26020053
0,0.26743758
0,0.26156616
0,0.25765535
0,0.25818646
0,0.25835136
0,0.25369957
0,0.25700837
0,0.25764972
0,0.25539485
0,0.25777212
0,0.25453424
0,0.25452128
0,0.27703145
0,0.2566456
0,0.26667464
0,0.2672593
0,0.26412198
0,0.25771782
0,0.2652226
0,0.2754923
0,0.27208948
0,0.26815343
0,0.2679052
0,0.26862496
0,0.2612962
0,0.2584022
0,0.26395977
0,0.2621781
0,0.26257232
0,0.25956133
0,0.26124477
0,0.25669977
0,0.26091203
0,0.26266965
0,0.26760674
0,0.26721525
0,0.27256843
0,0.26072192
0,0.2818406
0,0.28122437
0,0.2759041
0,0.26270354
0,0.2668004
0,0.2653048
0,0.26121262
0,0.2692638
0,0.2749284
0,0.27634224
0,0.27430555
0,0.26307613
0,0.25775003
0,0.26191399
0,0.2607015
0,0.27425846
0,0.27019262
0,0.26912823
0,0.25974852
0,0.28297466
0,0.27393943
0,0.27235126
0,0.27113706
0,0.27966693
0,0.27165383
0,0.26428968
0,0.2641912
0,0.27406603
0,0.2630481
0,0.26482806
0,0.2569932
0,0.27016205
0,0.26404315
0,0.26199156
0,0.27336648
0,0.26398978
0,0.26252866
0,0.26485053
0,0.29460177
0,0.27854487
0,0.26867518
0,0.26476854
0,0.26507357
0,0.2589705
0,0.2734682
0,0.27142727
0,0.26718348
0,0.27816498
0,0.27222782
0,0.26151463
0,0.26942265
0,0.26476178
0,0.268246
0,0.26344633
0,0.2610495
0,0.25895518
0,0.25759766
0,0.25178036
0,0.25684392
0,0.2697542
0,0.2670169
0,0.27009314
0,0.26428285
0,0.27399334
0,0.26679155
0,0.25532478
0,0.26359293
0,0.26810196
0,0.263923
0,0.25632912
0,0.2542874
0,0.25680774
0,0.25869292
0,0.24600367
0,0.26111874
0,0.2567162
0,0.2570931
0,0.25635833
0,0.25510302
0,0.2628545
0,0.2518739
0,0.2518529
0,0.2527623
0,0.2514667
0,0.25681758
0,0.26127365
0,0.26133212
0,0.2673689
0,0.26810178
0,0.25090152
0,0.2775712
0,0.26595718
0,0.2623089
0,0.26672056
0,0.26510805
0,0.26205692
0,0.26378438
0,0.25444412
0,0.25455192
0,0.2681581
0,0.2623692
0,0.27509704
0,0.26762968
0,0.2589136
0,0.26214188
0,0.26134986
0,0.2555476
0,0.25636974
0,0.25992423
0,0.25843444
0,0.25697693
0,0.26383832
0,0.25830835
0,0.2516154
0,0.24757566
0,0.2499698
0,0.24364623
0,0.27487734
0,0.26921913
0,0.26937485
0,0.26039302
0,0.26845643
0,0.26212883
0,0.26165336
0,0.2608894
0,0.26530352
0,0.26046318
0,0.26860884
0,0.26663256
0,0.26741153
0,0.27270868
0,0.2721426
0,0.2621059
0,0.2656901
0,0.2733829
0,0.25744054
0,0.2566551
0,0.26467815
0,0.2752486
0,0.2665808
0,0.26298913
0,0.26705682
0,0.26225945
0,0.26004946
0,0.26339197
0,0.28513137
0,0.26788422
0,0.26219168
0,0.2605768
0,0.2716036
0,0.27436695
0,0.2676228
0,0.25165585
0,0.25508952
0,0.25273728
0,0.26161745
0,0.26520035
0,0.27027535
0,0.2718856
0,0.26446602
0,0.2579915
0,0.2639826
0,0.2587447
0,0.25734317
0,0.26191902
0,0.2565754
0,0.26724663
0,0.26950067
0,0.25486687
0,0.25642538
0,0.2588272
0,0.25442955
0,0.25290698
0,0.26216516
0,0.25836644
0,0.26130316
0,0.25933725
0,0.24844268
0,0.2654322
0,0.25849056
0,0.2568959
0,0.25035843
0,0.25402534
0,0.25510657
0,0.25934035
0,0.25494945
0,0.25441784
0,0.24915133
0,0.27150255
0,0.2534357
0,0.25625822
0,0.25237897
0,0.25346678
0,0.2519165
0,0.27606735
0,0.2598667
0,0.25575995
0,0.25589097
0,0.2619009
0,0.26115993
0,0.27350277
0,0.27517238
0,0.2707711
0,0.26960003
0,0.27015364
0,0.26193053
0,0.2632355
0,0.25892946
0,0.25659326
0,0.25875378
0,0.25986773
0,0.25859565
0,0.2650272
0,0.25524002
0,0.25784704
0,0.2473741
0,0.25328845
0,0.2546925
0,0.24887429
0,0.25076333
0,0.2566826
0,0.25216055
0,0.2530253
0,0.2469013
0,0.24968748
0,0.25998247
0,0.25374132
0,0.26216134
0,0.26112503
0,0.25965795
0,0.2568699
0,0.2467264
0,0.25490332
0,0.26002192
0,0.26063713
0,0.26263806
0,0.25760874
0,0.26205486
0,0.26930797
0,0.2570545
0,0.25575855
0,0.25280383
0,0.25780803
0,0.25815833
0,0.26437423
0,0.2602002
0,0.26100567
0,0.24719986
0,0.25698492
0,0.25051823
0,0.2482372
0,0.26216868
0,0.26872718
0,0.25675812
0,0.25605333
0,0.24995022
0,0.25323728
0,0.25239998
0,0.25125572
0,0.25580725
0,0.26216784
0,0.2673869
0,0.26498738
0,0.27348182
0,0.26113176
0,0.26235476
0,0.26114312
0,0.26579988
0,0.26266494
0,0.26652104
0,0.25619426
0,0.26155823
0,0.2571612
0,0.26235938
0,0.26694828
0,0.25910285
0,0.26284155
0,0.25839895
0,0.25381523
0,0.2465314
0,0.25518522
0,0.25856164
0,0.28480363
0,0.26246667
0,0.27470124
0,0.2722
0,0.25923046
0,0.2580847
0,0.2588812
0,0.25820035
0,0.2521067
0,0.24928384
0,0.2609261
0,0.26509783
0,0.25116518
0,0.25295195
0,0.26023167
0,0.2534625
0,0.26063964
0,0.26270553
0,0.26371095
0,0.26632318
0,0.25554818
0,0.25142607
0,0.25291532
0,0.25163046
0,0.25876448
0,0.25991067
0,0.26751015
0,0.26468232
0,0.26185215
0,0.25446355
0,0.2512637
0,0.24813874
0,0.25147945
0,0.24746297
0,0.24955834
0,0.25072876
0,0.2448547
0,0.24671508
0,0.2520158
0,0.26048827
0,0.2649651
0,0.26645318
0,0.2732771
0,0.26058692
0,0.25082767
0,0.24483413
0,0.24568076
0,0.25542066
0,0.25952175
0,0.26556268
0,0.25792706
0,0.25187597
0,0.25303558
0,0.24831769
0,0.2511584
0,0.25042608
0,0.254826
0,0.2539668
0,0.25079018
0,0.2463596
0,0.25400555
0,0.25492704
0,0.25789186
0,0.26118577
0,0.25467992
0,0.2551739
0,0.24901131
0,0.24863368
0,0.25251397
0,0.26095977
0,0.25600982
0,0.2661598
0,0.25185427
0,0.25753605
0,0.2581632
0,0.25015238
0,0.2631699
0,0.26598424
0,0.26839697
0,0.27266455
0,0.2708874
0,0.27590021
0,0.28303036
0,0.26568723
0,0.26508343
0,0.2565426
0,0.2605143
0,0.2577434
0,0.26228473
0,0.25867015
0,0.26115578
0,0.25508353
0,0.24973102
0,0.26281238
0,0.26404735
0,0.25622186
0,0.25605074
0,0.2517776
0,0.24926104
0,0.25400168
0,0.24704319
0,0.25114173
0,0.24749655
0,0.25584057
0,0.25167045
0,0.2520738
0,0.25222528
0,0.24875244
0,0.24467072
0,0.24324808
0,0.24002072
0,0.23840621
0,0.2549339
0,0.25545487
0,0.25066435
0,0.2437923
0,0.25267595
0,0.25284067
0,0.2587274
0,0.25722456
0,0.26125166
0,0.25745767
0,0.27435794
0,0.26684213
0,0.2553491
0,0.26181638
0,0.24727398
0,0.25697368
0,0.2582636
0,0.25525147
0,0.2640607
0,0.2562019
0,0.25402588
0,0.25848716
0,0.25759506
0,0.25763008
0,0.25678712
0,0.25333735
0,0.25603625
0,0.25722444
0,0.2566682
0,0.33591834
0,0.2870761
0,0.2706647
0,0.2654838
0,0.263876
0,0.28305632
0,0.2686114
0,0.26977834
0,0.26177776
0,0.26698047
0,0.2694284
0,0.2646475
0,0.27578583
0,0.26237467
0,0.25803703
0,0.26396555
0,0.27067497
0,0.27384087
0,0.2648807
0,0.2576207
0,0.26571608
0,0.2481193
0,0.25857198
0,0.25958937
0,0.2622673
0,0.2618007
0,0.25856405
0,0.26171705
0,0.2626146
0,0.24683659
0,0.26709116
0,0.26126423
0,0.26494235
0,0.25778776
0,0.25415465
0,0.26239365
0,0.24901891
0,0.2517354
0,0.25382957
0,0.2537355
0,0.25183594
0,0.2501378
0,0.2619959
0,0.25543046
0,0.25917387
0,0.2672603
0,0.2529444
0,0.26001367
0,0.26066545
0,0.2658567
0,0.26344097
0,0.2694031
0,0.26518226
0,0.26204357
0,0.26197216
0,0.26551765
0,0.2767527
0,0.27137673
0,0.27080873
0,0.27078208
0,0.26348665
0,0.2536051
0,0.27493104
0,0.26653278
0,0.2649669
0,0.26770505
0,0.26460734
0,0.26754782
0,0.25202033
0,0.2518785
0,0.24459973
0,0.2527225
0,0.25656325
0,0.25642973
0,0.25666612
0,0.26149058
0,0.24827392
0,0.25347823
0,0.25428993
0,0.24657525
0,0.25435874
0,0.24684687
0,0.24965765
0,0.24464346
0,0.23797101
0,0.23453444
0,0.23943321
0,0.25259358
0,0.25713903
0,0.26181337
0,0.2585059
0,0.25910446
0,0.25047976
0,0.24797224
0,0.2503063
0,0.25642756
0,0.25869128
0,0.26024163
0,0.25973907
0,0.2627815
0,0.2578853
0,0.2712456
0,0.26766074
0,0.25935057
0,0.25136605
0,0.25847572
0,0.26301894
0,0.26559734
0,0.25689963
0,0.25815162
0,0.25763878
0,0.25862727
0,0.25199303
0,0.25346193
0,0.24863662
0,0.25606883
0,0.24240822
0,0.23924969
0,0.24011359
0,0.23900642
0,0.24347399
0,0.239968
0,0.25320894
0,0.2519899
0,0.24018548
0,0.24489565
0,0.25588927
0,0.24806464
0,0.25729242
0,0.25994733
0,0.26267993
0,0.2524997
0,0.25366235
0,0.2657248
0,0.25268027
0,0.266644
0,0.25860825
0,0.2619311
0,0.2629988
0,0.26259255
0,0.26291698
0,0.2614086
0,0.259128
0,0.2604562
0,0.25643137
0,0.2577024
0,0.24675588
0,0.2520688
0,0.2533296
0,0.25243878
0,0.2551328
0,0.24890424
0,0.24595153
0,0.2556526
0,0.24196197
0,0.24709752
0,0.25742283
0,0.25875992
0,0.26329806
0,0.2658626
0,0.26831478
0,0.2675727
0,0.25905412
0,0.25274566
0,0.25628072
0,0.28355408
0,0.3168501
0,0.3011194
0,0.28645757
0,0.28794459
0,0.27152863
0,0.2714116
0,0.2702652
0,0.26967695
0,0.26658162
0,0.2589253
0,0.27161533
0,0.27099842
0,0.25859296
0,0.26108357
0,0.26318225
0,0.26058012
0,0.25405824
0,0.25624344
0,0.2562505
0,0.25901666
0,0.25084165
0,0.25302392
0,0.25397992
0,0.25233766
0,0.26484808
0,0.25733474
0,0.2545537
0,0.26437876
0,0.29414743
0,0.31405717
0,0.29412633
0,0.28111953
0,0.2920547
0,0.28279525
0,0.2856413
0,0.27096602
0,0.26190284
0,0.2681797
0,0.26737747
0,0.26642776
0,0.26782146
0,0.26860198
0,0.2657526
0,0.25311238
0,0.2604721
0,0.27750954
0,0.2857311
0,0.2745674
0,0.2745668
0,0.26784965
0,0.28384304
0,0.27742663
0,0.27505207
0,0.26027843
0,0.2655009
0,0.26172745
0,0.2603789
0,0.25986362
0,0.25864166
0,0.25693458
0,0.25605017
0,0.25142196
0,0.25577626
0,0.26393387
0,0.26993382
0,0.27488217
0,0.27481452
0,0.268504
0,0.2592406
0,0.2924539
0,0.26633036
0,0.26542988
0,0.26890957
0,0.2723755
0,0.25877476
0,0.26084447
0,0.26428255
0,0.2669
0,0.26434752
0,0.27613592
0,0.27144337
0,0.28238365
0,0.27183077
0,0.25664675
0,0.26346272
0,0.2611832
0,0.26061845
0,0.2635358
0,0.264684
0,0.2631843
0,0.26169744
0,0.26254565
0,0.2595124
0,0.2595448
0,0.24928829
0,0.25601634
0,0.26459873
0,0.25691703
0,0.25221458
0,0.2712114
0,0.25907528
0,0.25749782
0,0.25798938
0,0.26080593
0,0.26396054
0,0.2653668
0,0.25436914
0,0.27237397
0,0.2613702
0,0.25488552
0,0.26756412
0,0.27321532
0,0.26393384
0,0.2600886
0,0.26275268
0,0.26285198
0,0.2632815
0,0.263842
0,0.26247805
0,0.25610456
0,0.2578649
0,0.25754672
0,0.30666903
0,0.27131325
0,0.2704267
0,0.26130053
0,0.26183814
0,0.25926736
0,0.2594098
0,0.2558076
0,0.24433109
0,0.24479708
0,0.24832535
0,0.24464911
0,0.2566191
0,0.26133513
0,0.26040074
0,0.26790178
0,0.25661546
0,0.26253974
0,0.2650641
0,0.32248083
0,0.28886396
0,0.27527764
0,0.27331185
0,0.27009624
0,0.26826283
0,0.26795384
0,0.26062378
0,0.26012322
0,0.26427925
0,0.26981863
0,0.2797959
0,0.28944087
0,0.27694523
0,0.2726994
0,0.2857705
0,0.2702641
0,0.26496872
0,0.26294267
0,0.26866403
0,0.26316196
0,0.2762143
0,0.26090974
0,0.26972273
0,0.2596607
0,0.26219815
0,0.27782828
0,0.28942397
0,0.26761872
0,0.25799456
0,0.25020957
0,0.2620932
0,0.264706
0,0.27719846
0,0.27111703
0,0.27039444
0,0.25855243
0,0.26408017
0,0.2661883
0,0.27327213
0,0.2630118
0,0.25852638
0,0.26261687
0,0.26117834
0,0.25168094
0,0.25199628
0,0.25061724
0,0.2596475
0,0.26173338
0,0.27074152
0,0.26445824
0,0.25595343
0,0.26454127
0,0.26043987
0,0.25977364
0,0.27589193
0,0.2616745
0,0.25367987
0,0.26711398
0,0.268511
0,0.2534911
0,0.26479912
0,0.25825965
0,0.26788843
0,0.2702846
0,0.27998447
0,0.27681452
0,0.27622774
0,0.256345
0,0.26802334
0,0.26894978
0,0.28090242
0,0.29727027
0,0.28083625
0,0.27806264
0,0.27373934
0,0.2620968
0,0.3011975
0,0.33642924
0,0.35157746
0,0.32679495
0,0.30281895
0,0.3170596
0,0.30290058
0,0.2924086
0,0.29171804
0,0.28049067
0,0.28491202
0,0.2673695
0,0.27217406
0,0.26081705
0,0.26241603
0,0.26132154
0,0.25715533
0,0.2495057
0,0.25798446
0,0.2550343
0,0.2550147
0,0.24606614
0,0.27640975
0,0.27439725
0,0.27414525
0,0.27316704
0,0.27966893
0,0.27853662
0,0.2763478
0,0.27430582
0,0.2724148
0,0.2765699
0,0.2953071
0,0.28446406
0,0.2805597
0,0.26977184
0,0.27206495
0,0.27685222
0,0.25847915
0,0.26374874
0,0.26623383
0,0.27501613
0,0.26703474
0,0.26719788
0,0.26492634
0,0.26393405
0,0.26183704
0,0.33455428
0,0.29003027
0,0.27926016
0,0.2748928
0,0.26955456
0,0.27399385
0,0.2621231
0,0.24980766
0,0.25536707
0,0.2509146
0,0.24773827
0,0.25935337
0,0.26318687
0,0.2522636
0,0.26469338
0,0.26445267
0,0.27276853
0,0.2664462
0,0.29606667
0,0.28716445
0,0.27022985
0,0.26760456
0,0.26571408
0,0.2860958
0,0.27399126
0,0.26709852
0,0.27396235
0,0.27203345
0,0.2807255
0,0.27106613
0,0.27608877
0,0.25394115
0,0.2608904
0,0.26371473
0,0.26596695
0,0.25845304
0,0.25849414
0,0.25439042
0,0.26406795
0,0.25114474
0,0.25738174
0,0.25788936
0,0.2685281
0,0.2565547
0,0.2606882
0,0.25685155
0,0.26121238
0,0.25697988
0,0.25541753
0,0.25703418
0,0.25575843
0,0.2483273
0,0.2610822
0,0.25879878
0,0.2518075
0,0.2690652
0,0.26820973
0,0.26905683
0,0.2720921
0,0.2718558
0,0.27264613
0,0.27057856
0,0.2700481
0,0.25486526
0,0.26631156
0,0.26580453
0,0.26736584
0,0.26554102
0,0.26638374
0,0.2664962
0,0.2529235
0,0.25561652
0,0.25810605
0,0.2585294
0,0.2511012
0,0.2558096
0,0.25687277
0,0.25100702
0,0.25555018
0,0.24853785
0,0.25285807
0,0.24592721
0,0.2601715
0,0.25896844
0,0.25569358
0,0.24651326
0,0.24513409
0,0.26832446
0,0.28036016
0,0.2736199
0,0.2715209
0,0.27056316
0,0.26491272
0,0.26773563
0,0.26280028
0,0.26628187
0,0.26700953
0,0.28088358
0,0.2751064
0,0.28075597
0,0.27789974
0,0.27975652
0,0.26320133
0,0.2719495
0,0.26833633
0,0.2721738
0,0.26791617
0,0.2669535
0,0.27060613
0,0.27207097
0,0.25226444
0,0.25986457
0,0.2663673
0,0.26285636
0,0.2611944
0,0.26903173
0,0.25709948
0,0.2584435
0,0.27217707
0,0.26742926
0,0.25171426
0,0.31143698
0,0.27714667
0,0.2696479
0,0.26297793
0,0.26016158
0,0.24789995
0,0.25523528
0,0.26416025
0,0.26655924
0,0.26363504
0,0.2679686
0,0.2697125
0,0.25516385
0,0.26371548
0,0.2650164
0,0.26452932
0,0.2639285
0,0.26658526
0,0.26581147
0,0.2750102
0,0.25780624
0,0.2714627
0,0.26989824
0,0.27597243
0,0.2602976
0,0.25749728
0,0.2603632
0,0.26037726
0,0.26334113
0,0.25218448
0,0.24776284
0,0.2525367
0,0.25133964
0,0.260308
0,0.27696192
0,0.25556725
0,0.24644084
0,0.2525297
0,0.25206965
0,0.25161952
0,0.25618407
0,0.26951897
0,0.27465355
0,0.26293877
0,0.25284705
0,0.26740566
0,0.26948622
0,0.26881236
0,0.26736438
0,0.26840535
0,0.2624675
0,0.27219787
0,0.2585659
0,0.2637878
0,0.26493287
0,0.26884732
0,0.27187318
0,0.27386
0,0.26773894
0,0.26496398
0,0.25497293
0,0.2551624
0,0.2524482
0,0.26101714
0,0.25236732
0,0.26122656
0,0.25469223
0,0.26109672
0,0.25530028
0,0.2510452
0,0.2534171
0,0.24760161
0,0.24645498
0,0.2585596
0,0.2529599
0,0.2518427
0,0.26124942
0,0.25844333
0,0.2651591
0,0.2658662
0,0.26679996
0,0.26334226
0,0.2717238
0,0.2571945
0,0.26420408
0,0.2652531
0,0.26645488
0,0.2667423
0,0.2664748
0,0.26725894
0,0.25762883
0,0.25598842
0,0.258639
0,0.27370474
0,0.26526424
0,0.25887161
0,0.2593246
0,0.25704432
0,0.25885257
0,0.25813472
0,0.2518505
0,0.25918925
0,0.25821343
0,0.25765827
0,0.2598371
0,0.25273564
0,0.25727102
0,0.2441735
0,0.25449696
0,0.26310152
0,0.27589953
0,0.27803558
0,0.27005374
0,0.26240534
0,0.28068125
0,0.27706125
0,0.28015283
0,0.27718014
0,0.27457362
0,0.2611624
0,0.26659423
0,0.26542655
0,0.26490936
0,0.25544244
0,0.25955465
0,0.26160926
0,0.2713867
0,0.2662904
0,0.26352403
0,0.25383565
0,0.25867167
0,0.25374752
0,0.25476003
0,0.25545996
0,0.25527442
0,0.25463238
0,0.25748265
0,0.25640312
0,0.25126553
0,0.2580532
0,0.2655223
0,0.2531058
0,0.26481718
0,0.26209444
0,0.26630437
0,0.268331
0,0.26766458
0,0.2663723
0,0.26921064
0,0.27033347
0,0.27095377
0,0.26956317
0,0.2695261
0,0.2694926
0,0.25937644
0,0.24922267
0,0.25935757
0,0.2565914
0,0.25491068
0,0.25715476
0,0.25929528
0,0.26517132
0,0.24949995
0,0.26696256
0,0.2542825
0,0.25178263
0,0.25706053
0,0.2767419
0,0.26582408
0,0.2618859
0,0.24880102
0,0.25334966
0,0.25898483
0,0.24747792
0,0.25122666
0,0.24590024
0,0.24484557
0,0.24112499
0,0.2367357
0,0.23744147
0,0.24608402
0,0.27812102
0,0.26294646
0,0.2662715
0,0.2693823
0,0.26731116
0,0.26616836
0,0.26228783
0,0.26548743
0,0.26973903
0,0.26810554
0,0.27931836
0,0.30211943
0,0.28073898
0,0.26770478
0,0.26655692
0,0.26638
0,0.28017297
0,0.26852486
0,0.26093844
0,0.2558774
0,0.26344615
0,0.25985402
0,0.2579121
0,0.25958434
0,0.25811738
0,0.25661945
0,0.25810507
0,0.25640395
0,0.24587601
0,0.24087638
0,0.26100942
0,0.25314108
0,0.25644392
0,0.25801694
0,0.25180686
0,0.25587305
0,0.24780476
0,0.24357572
0,0.2550436
0,0.25855678
0,0.26115882
0,0.2584912
0,0.26348642
0,0.26266265
0,0.25853315
0,0.26371446
0,0.2643559
0,0.26751536
0,0.27042228
0,0.26113644
0,0.25786698
0,0.25956693
0,0.25932312
0,0.24714388
0,0.2472863
0,0.24740154
0,0.24550945
0,0.25039333
0,0.25158682
0,0.25654742
0,0.24260128
0,0.23900352
0,0.24986376
0,0.24814612
0,0.2505675
0,0.27269477
0,0.25991133
0,0.26602626
0,0.2565274
0,0.2532393
0,0.26121467
0,0.26587382
0,0.26133958
0,0.25258675
0,0.25533992
0,0.25934908
0,0.25015718
0,0.2444488
0,0.2541943
0,0.24940598
0,0.25970846
0,0.2588642
0,0.25961897
0,0.25527638
0,0.25972894
0,0.2577824
0,0.25803587
0,0.2602391
0,0.26261136
0,0.25781825
0,0.25842974
0,0.2558723
0,0.24435791
0,0.2503085
0,0.25406253
0,0.24885736
0,0.26068956
0,0.2645821
0,0.26590207
0,0.25981802
0,0.27518067
0,0.594973
0,0.43535942
0,0.3712882
0,0.34591937
0,0.32306346
0,0.3076585
0,0.29008892
0,0.27299654
0,0.27741414
0,0.27190664
0,0.269224
0,0.26372966
0,0.25875843
0,0.2547701
0,0.30264422
0,0.26701072
0,0.25953978
0,0.2524561
0,0.24688257
0,0.28910682
0,0.26303035
0,0.257742
0,0.24799082
0,0.2587169
0,0.29215312
0,0.27686167
0,0.27531683
0,0.27586746
0,0.27362797
0,0.29005286
0,0.26866788
0,0.2619526
0,0.26121706
0,0.26809287
0,0.27187303
0,0.26374808
0,0.25406185
0,0.26320177
0,0.2534271
0,0.29701594
0,0.26499376
0,0.2740671
0,0.25896767
0,0.25604162
0,0.27622336
0,0.27703354
0,0.25817797
0,0.26849785
0,0.2587555
0,0.25970516
0,0.250156
0,0.25867757
0,0.27713346
0,0.26344505
0,0.26196688
0,0.25303224
0,0.24878828
0,0.27406633
0,0.2560175
0,0.25510877
0,0.26981193
0,0.25940284
0,0.25595343
0,0.25415462
0,0.25541404
0,0.2675624
0,0.26880267
0,0.2686495
0,0.26952177
0,0.26178846
0,0.25490987
0,0.25517496
0,0.2508078
0,0.24986081
0,0.25436932
0,0.25880152
0,0.2612466
0,0.2503826
0,0.2447238
0,0.2418684
0,0.24434742
0,0.24472009
0,0.25542355
0,0.25338975
0,0.25431442
0,0.25089514
0,0.25394398
0,0.2538143
0,0.24751644
0,0.25136122
0,0.25006273
0,0.2503621
0,0.26068708
0,0.24867524
0,0.24979265
0,0.24154559
0,0.25561297
0,0.25441545
0,0.25451896
0,0.25465992
0,0.2653
0,0.24821518
0,0.24291956
0,0.24392535
0,0.2526935
0,0.25042474
0,0.2543935
0,0.25235987
0,0.25781184
0,0.24878544
0,0.24506985
0,0.2430141
0,0.24672396
0,0.31357014
0,0.27365282
0,0.27054498
0,0.27269164
0,0.26106828
0,0.25650364
0,0.25347817
0,0.26308388
0,0.27116486
0,0.26430637
0,0.2598511
0,0.2596555
0,0.2620327
0,0.2772737
0,0.2584209
0,0.26040235
0,0.26223868
0,0.25735882
0,0.26024035
0,0.25588825
0,0.2559489
0,0.26258895
0,0.26666796
0,0.2716757
0,0.26089433
0,0.26998878
0,0.2656845
0,0.27556604
0,0.26030976
0,0.25648
0,0.26137003
0,0.2652149
0,0.2596541
0,0.2690879
0,0.26781914
0,0.26218125
0,0.26377335
0,0.26232758
0,0.26458964
0,0.2588779
0,0.25544968
0,0.24736656
0,0.2541967
0,0.24514651
0,0.25348693
0,0.25385535
0,0.25046387
0,0.24767031
0,0.24599089
0,0.24468815
0,0.24395144
0,0.24881756
0,0.24735251
0,0.2496371
0,0.25064325
0,0.276879
0,0.27269506
0,0.277704
0,0.2654124
0,0.2548916
0,0.25383538
0,0.25190353
0,0.25632465
0,0.26088217
0,0.25881433
0,0.2640516
0,0.2640429
0,0.25473753
0,0.25932
0,0.2585262
0,0.26084262
0,0.25617397
0,0.26031545
0,0.2581586
0,0.26186162
0,0.26728803
0,0.2552401
0,0.2647508
0,0.2615914
0,0.25967416
0,0.26140106
0,0.25971693
0,0.25892946
0,0.27247342
0,0.2619166
0,0.25600737
0,0.25185087
0,0.24821497
0,0.2462641
0,0.24934569
0,0.24875459
0,0.24370486
0,0.24636622
0,0.25718027
0,0.26142502
0,0.26548642
0,0.27004507
0,0.27256578
0,0.25975394
0,0.2578672
0,0.25321388
0,0.25988448
0,0.25551498
0,0.25857967
0,0.26702553
0,0.2636654
0,0.25545543
0,0.24860431
0,0.2494369
0,0.25208125
0,0.25472814
0,0.25501424
0,0.25665858
0,0.25637788
0,0.26027185
0,0.25209334
0,0.2541204
0,0.25365758
0,0.24784279
0,0.26250845
0,0.25142375
0,0.25222543
0,0.26106912
0,0.2554127
0,0.25443915
0,0.25712335
0,0.26537135
0,0.25953674
0,0.27577776
0,0.2608671
0,0.25636092
0,0.25421456
0,0.2634182
0,0.27111292
0,0.27204618
0,0.26841086
0,0.2676018
0,0.267958
0,0.2571076
0,0.25103885
0,0.2483176
0,0.25707397
0,0.25610137
0,0.25398627
0,0.2654068
0,0.26765636
0,0.25648645
0,0.26856983
0,0.26248074
0,0.26016086
0,0.255208
0,0.25481215
0,0.25546008
0,0.25417554
0,0.25922844
0,0.2549712
0,0.2489308
0,0.2545506
0,0.24550764
0,0.2415054
0,0.24456759
0,0.24511738
0,0.2391914
0,0.25341314
0,0.24745873
0,0.25639033
0,0.26433975
0,0.26484343
0,0.26007357
0,0.25197145
0,0.24721752
0,0.24667104
0,0.26560888
0,0.26196182
0,0.25161967
0,0.2586835
0,0.26033968
0,0.2500801
0,0.254281
0,0.2585919
0,0.24983788
0,0.2522551
0,0.2541834
0,0.2585338
0,0.25180948
0,0.252123
0,0.24822721
0,0.274084
0,0.267836
0,0.2655597
0,0.25594774
0,0.25889912
0,0.2522408
0,0.24730486
0,0.24349503
0,0.24230327
0,0.243444
0,0.25715387
0,0.25524768
0,0.26318803
0,0.2748341
0,0.26236328
0,0.2562415
0,0.25297582
0,0.26613912
0,0.26998731
0,0.2807781
0,0.27321252
0,0.2688564
0,0.2640302
0,0.25774398
0,0.2571364
0,0.26128572
0,0.2598228
0,0.27953744
0,0.27951494
0,0.27034703
0,0.25740469
0,0.25720233
0,0.2610608
0,0.2609226
0,0.26081195
0,0.25889722
0,0.25377604
0,0.25799525
0,0.24771187
0,0.2529534
0,0.24953605
0,0.25916737
0,0.25704485
0,0.24934743
0,0.25455883
0,0.25633746
0,0.25851077
0,0.25299817
0,0.2654291
0,0.26822212
0,0.2638532
0,0.2687656
0,0.269651
0,0.25795704
0,0.25358766
0,0.25460446
0,0.25683564
0,0.26437226
0,0.25509158
0,0.26001063
0,0.26261848
0,0.2555033
0,0.26072472
0,0.2623987
0,0.25732896
0,0.2706628
0,0.26381198
0,0.2632925
0,0.25821722
0,0.25938633
0,0.2545715
0,0.24749956
0,0.25238362
0,0.2534279
0,0.2637705
0,0.24946544
0,0.24704772
0,0.25091353
0,0.25281492
0,0.2513952
0,0.26221633
0,0.27081758
0,0.27427003
0,0.27255595
0,0.27303213
0,0.26121095
0,0.25619134
0,0.2529671
0,0.25825217
0,0.26088738
0,0.2619826
0,0.25704017
0,0.26689035
0,0.26134372
0,0.2637865
0,0.2634101
0,0.26125094
0,0.26805353
0,0.25877267
0,0.2588571
0,0.25942412
0,0.24938147
0,0.25634947
0,0.25045824
0,0.25237498
0,0.24758944
0,0.2577217
0,0.25004357
0,0.25235263
0,0.24752426
0,0.25385535
0,0.2511832
0,0.26123032
0,0.26035962
0,0.2681535
0,0.26874113
0,0.257299
0,0.25697643
0,0.2542156
0,0.2644312
0,0.2655123
0,0.26767853
0,0.270843
0,0.2567262
0,0.2556213
0,0.24919742
0,0.2460038
0,0.2532627
0,0.25692898
0,0.25977024
0,0.26031828
0,0.2596667
0,0.25373706
0,0.25152928
0,0.26299515
0,0.2531351
0,0.25540146
0,0.25435132
0,0.2555813
0,0.29077116
0,0.25799322
0,0.25908655
0,0.25228736
0,0.25465196
0,0.27043885
0,0.27016658
0,0.26073885
0,0.2579304
0,0.24987094
0,0.29878798
0,0.2843653
0,0.27948838
0,0.2865534
0,0.2794752
0,0.29402387
0,0.27731833
0,0.2663737
0,0.25755283
0,0.25351354
0,0.29012474
0,0.26924145
0,0.2643796
0,0.26523992
0,0.26409537
0,0.27017653
0,0.25576612
0,0.26189685
0,0.25889397
0,0.26042986
0,0.2597354
0,0.25461367
0,0.2620911
0,0.25791356
0,0.25568256
0,0.25647822
0,0.2631933
0,0.25853974
0,0.25917774
0,0.2586117
0,0.25480738
0,0.25481254
0,0.2539677
0,0.2483491
0,0.2452241
0,0.2584735
0,0.26380196
0,0.25334167
0,0.2516884
0,0.24799593
0,0.24828479
0,0.24961308
0,0.24464741
0,0.24918264
0,0.24500185
0,0.2542926
0,0.25467032
0,0.24970259
0,0.2461548
0,0.25455472
0,0.25751266
0,0.25938487
0,0.2655264
0,0.2563674
0,0.24818331
0,0.24394722
0,0.23945406
0,0.24301949
0,0.25338107
0,0.25193015
0,0.25518304
0,0.25514674
0,0.25987887
0,0.2662242
0,0.270795
0,0.26401234
0,0.2628456
0,0.25610423
0,0.24990249
0,0.24704008
0,0.24807616
0,0.24974214
0,0.26536235
0,0.25601158
0,0.25505832
0,0.26314002
0,0.2671636
0,0.26307487
0,0.25225416
0,0.25249383
0,0.24950333
0,0.25859797
0,0.2620881
0,0.2644396
0,0.2713292
0,0.268764
0,0.25291562
0,0.25604188
0,0.24975859
0,0.25717214
0,0.24949841
0,0.51524746
0,0.35989952
0,0.32865563
0,0.29406703
0,0.2865912
0,0.27838323
0,0.2724893
0,0.26807436
0,0.2606133
0,0.25150734
0,0.2532228
0,0.24913965
0,0.25698483
0,0.25621974
0,0.29005492
0,0.26761934
0,0.26001552
0,0.26242554
0,0.2610282
0,0.25669503
0,0.2523739
0,0.25206575
0,0.26017526
0,0.25228056
0,0.25060007
0,0.25919867
0,0.2502158
0,0.24903004
0,0.26639605
0,0.25220335
0,0.249987
0,0.26111144
0,0.2824815
0,0.26480782
0,0.25449136
0,0.34074157
0,0.31155968
0,0.29349184
0,0.2823535
0,0.28070128
0,0.27240324
0,0.26778165
0,0.26893806
0,0.2582378
0,0.26019338
0,0.25938544
0,0.25873083
0,0.25866157
0,0.27202854
0,0.2560151
0,0.2573422
0,0.24947432
0,0.25299627
0,0.25106928
0,0.25985813
0,0.25382012
0,0.2736399
0,0.25900617
0,0.2643991
0,0.27520895
0,0.27030197
0,0.2633396
0,0.2657413
0,0.26496407
0,0.27370074
0,0.2567926
0,0.2573704
0,0.2557105
0,0.25763163
0,0.25896606
0,0.2643474
0,0.26505426
0,0.27167362
0,0.25457865
0,0.2525162
0,0.2577411
0,0.25633368
0,0.25985143
0,0.27324837
0,0.26805472
0,0.26671666
0,0.2545576
0,0.25981325
0,0.2718066
0,0.26012483
0,0.27334833
0,0.26084656
0,0.27234295
0,0.29207987
0,0.2835319
0,0.29144993
0,0.27275795
0,0.2725201
0,0.26446763
0,0.27393782
0,0.28596815
0,0.26610625
0,0.25649378
0,0.2600647
0,0.27866855
0,0.2854258
0,0.28494957
0,0.28837216
0,0.270336
0,0.26294467
0,0.2580405
0,0.24956287
0,0.25592503
0,0.25678495
0,0.26171613
0,0.26813337
0,0.2658171
0,0.25523606
0,0.26153624
0,0.27938688
0,0.29226288
0,0.27987146
0,0.2902689
0,0.27689672
0,0.28299814
0,0.2616459
0,0.25952962
0,0.2777419
0,0.27507502
0,0.26702723
0,0.26435485
0,0.26594839
0,0.28257975
0,0.26045182
0,0.2555041
0,0.276765
0,0.27512363
0,0.2802796
0,0.26199841
0,0.26576436
0,0.26219624
0,0.25826478
0,0.25487864
0,0.25317475
0,0.26170614
0,0.2522909
0,0.2578307
0,0.25816825
0,0.2621979
0,0.2558036
0,0.2627259
0,0.25224444
0,0.25766984
0,0.25572222
0,0.25585267
0,0.25814277
0,0.25457755
0,0.25417238
0,0.25157666
0,0.26735955
0,0.2646146
0,0.26000044
0,0.25817737
0,0.2528895
0,0.25173286
0,0.2576331
0,0.25167453
0,0.2693899
0,0.27521834
0,0.28686425
0,0.28850934
0,0.28717554
0,0.2652443
0,0.26592076
0,0.25963768
0,0.25489968
0,0.26833865
0,0.28771785
0,0.27793998
0,0.27286667
0,0.26149958
0,0.26359603
0,0.26211748
0,0.2680424
0,0.26683587
0,0.27144516
0,0.27824965
0,0.2852649
0,0.2600699
0,0.2768624
0,0.27952063
0,0.2744657
0,0.2871331
0,0.2731321
0,0.2703833
0,0.27325508
0,0.26575634
0,0.25375465
0,0.253935
0,0.26167282
0,0.25142533
0,0.2589124
0,0.27039337
0,0.27189854
0,0.25691655
0,0.25593755
0,0.25446355
0,0.2594097
0,0.26481876
0,0.26240656
0,0.25496256
0,0.26936606
0,0.25676093
0,0.2562742
0,0.2527404
0,0.2551237
0,0.266161
0,0.2744977
0,0.27496257
0,0.26432043
0,0.26437372
0,0.25888166
0,0.25716078
0,0.25824305
0,0.26060116
0,0.25623623
0,0.25867888
0,0.25930938
0,0.24964409
0,0.26742285
0,0.253665
0,0.25204527
0,0.250427
0,0.26670143
0,0.26465395
0,0.26307842
0,0.26643977
0,0.2615926
0,0.26891032
0,0.27686372
0,0.26372012
0,0.26956192
0,0.27054
0,0.26151246
0,0.25309682
0,0.2515601
0,0.26184815
0,0.25153658
0,0.24342336
0,0.2545621
0,0.24364714
0,0.2478448
0,0.24762294
0,0.24467507
0,0.24872123
0,0.2617634
0,0.25911066
0,0.25987735
0,0.27730724
0,0.25808197
0,0.2561717
0,0.25255495
0,0.25673088
0,0.2542409
0,0.2541999
0,0.2547868
0,0.2597963
0,0.25239852
0,0.25438714
0,0.24801327
0,0.25474736
0,0.27086362
0,0.29409495
0,0.27242965
0,0.2710622
0,0.26706317
0,0.2607958
0,0.25766256
0,0.25933027
0,0.24805805
0,0.25210965
0,0.25505581
0,0.25536317
0,0.24610074
0,0.24852812
0,0.24597545
0,0.25945908
0,0.25657097
0,0.25392708
0,0.25300142
0,0.25710785
0,0.2486813
0,0.2508592
0,0.25101328
0,0.31142205
0,0.27563137
0,0.26718506
0,0.2607476
0,0.2616652
0,0.25129747
0,0.2526489
0,0.24977693
0,0.25169712
0,0.25768507
0,0.24987316
0,0.24812095
0,0.252133
0,0.24693012
0,0.2455607
0,0.25263166
0,0.2582489
0,0.25822797
0,0.25570577
0,0.2652884
0,0.2567966
0,0.25074053
0,0.25058445
0,0.25701946
0,0.2732474
0,0.27755037
0,0.27489328
0,0.28216758
0,0.26406485
0,0.25370908
0,0.25179332
0,0.25857005
0,0.26280516
0,0.2677546
0,0.2665049
0,0.26184088
0,0.25457305
0,0.26650962
0,0.2528485
0,0.25490326
0,0.2544472
0,0.24144524
0,0.24685574
0,0.24240646
0,0.2452566
0,0.24618863
0,0.24942233
0,0.2577087
0,0.25098968
0,0.25356227
0,0.2510155
0,0.25805444
0,0.25641918
0,0.2538769
0,0.2536036
0,0.2571919
0,0.25718328
0,0.26257035
0,0.2590629
0,0.26006672
0,0.25441816
0,0.25111794
0,0.24900801
0,0.25187004
0,0.26474762
0,0.25760126
0,0.26137048
0,0.26139995
0,0.25270367
0,0.24872741
0,0.2593416
0,0.2597994
0,0.24644585
0,0.24956246
0,0.2487481
0,0.24796432
0,0.24624048
0,0.25138837
0,0.26544884
0,0.25910354
0,0.25399065
0,0.24960023
0,0.2535036
0,0.24796286
0,0.2507389
0,0.25061366
0,0.26119775
0,0.26636016
0,0.25476733
0,0.2810896
0,0.27455127
0,0.2624379
0,0.25274515
0,0.2485473
0,0.24853696
0,0.25656533
0,0.25997916
0,0.24701606
0,0.2585315
0,0.2508128
0,0.24242704
0,0.24406672
0,0.24372049
0,0.24726824
0,0.24783027
0,0.2590547
0,0.26761177
0,0.25852123
0,0.24736217
0,0.25436896
0,0.2531985
0,0.25044587
0,0.25734702
0,0.25155896
0,0.28334093
0,0.25524294
0,0.25255042
0,0.25017118
0,0.25100327
0,0.25644934
0,0.26468167
0,0.25561345
0,0.26705998
0,0.29924104
0,0.2724272
0,0.26615998
0,0.27660364
0,0.2689406
0,0.26119497
0,0.26263154
0,0.26266614
0,0.25682628
0,0.25330243
0,0.244681
0,0.25358817
0,0.25646752
0,0.2546037
0,0.26725227
0,0.25729203
0,0.25543422
0,0.25630757
0,0.2606192
0,0.26413116
0,0.2630775
0,0.25877023
0,0.2656622
0,0.26648897
0,0.25542122
0,0.25021085
0,0.25582552
0,0.25519493
0,0.25650668
0,0.26143217
0,0.27163047
0,0.2643747
0,0.25094098
0,0.25870395
0,0.25724012
0,0.2567391
0,0.2562327
0,0.28359175
0,0.27728367
0,0.27646294
0,0.27839527
0,0.2699805
0,0.26943955
0,0.28334364
0,0.26494515
0,0.25550437
0,0.25053057
0,0.24703589
0,0.24693114
0,0.25274763
0,0.2585606
0,0.26047343
0,0.26108348
0,0.25117415
0,0.25124234
0,0.2572735
0,0.26885715
0,0.275394
0,0.28299338
0,0.27200428
0,0.2747765
0,0.26823193
0,0.25656414
0,0.254952
0,0.26296958
0,0.25915635
0,0.2594701
0,0.2649427
0,0.27079812
0,0.25758514
0,0.25497395
0,0.25231218
0,0.26246223
0,0.2545602
0,0.25608104
0,0.26264843
0,0.25422242
0,0.24753202
0,0.2547068
0,0.25319296
0,0.25365975
0,0.24856474
0,0.2530334
0,0.24747537
0,0.2511259
0,0.24704778
0,0.25000164
0,0.2508689
0,0.24478139
0,0.24373028
0,0.25218195
0,0.2641904
0,0.24942629
0,0.24641532
0,0.24759486
0,0.25208372
0,0.26090285
0,0.25797477
0,0.26287517
0,0.2644398
0,0.26560313
0,0.2511877
0,0.2490964
0,0.2620653
0,0.26109093
0,0.2631002
0,0.2607086
0,0.25681242
0,0.2597482
0,0.24868938
0,0.2573711
0,0.25337157
0,0.25733408
0,0.26124716
0,0.2837961
0,0.26371005
0,0.25177535
0,0.25184587
0,0.25585917
0,0.25389847
0,0.26211166
0,0.2739622
0,0.2638755
0,0.26096055
0,0.24803689
0,0.24785927
0,0.25010383
0,0.2654729
0,0.26630938
0,0.26976746
0,0.26426306
0,0.26882046
0,0.2635041
0,0.25191262
0,0.25503054
0,0.25619954
0,0.25155902
0,0.26315355
0,0.26425534
0,0.2654271
0,0.25776184
0,0.25126725
0,0.24642673
0,0.2616264
0,0.26269865
0,0.26099446
0,0.25335672
0,0.25846574
0,0.2481619
0,0.25448376
0,0.24934725
0,0.25353768
0,0.25359043
0,0.24957351
0,0.2540484
0,0.24899724
0,0.24295384
0,0.24475937
0,0.24371022
0,0.24214412
0,0.24709238
0,0.24729936
0,0.24241075
0,0.24143788
0,0.2506015
0,0.24154878
0,0.25005502
0,0.25355586
0,0.2625908
0,0.2674762
0,0.25566295
0,0.25338063
0,0.25546557
0,0.26364183
0,0.257843
0,0.24975844
0,0.25793105
0,0.25504234
0,0.2597498
0,0.25015047
0,0.2623783
0,0.24996035
0,0.25662285
0,0.25700304
0,0.25839192
0,0.2471312
0,0.25584996
0,0.24796727
0,0.2545603
0,0.25480255
0,0.2568816
0,0.2597357
0,0.2514993
0,0.25685453
0,0.25432926
0,0.24570224
0,0.25116056
0,0.25149727
0,0.25471944
0,0.25567874
0,0.25601083
0,0.25626305
0,0.25578094
0,0.2622529
0,0.2514912
0,0.253149
0,0.2551048
0,0.25870624
0,0.2538433
0,0.26288646
0,0.26764262
0,0.25401556
0,0.25394922
0,0.24730459
0,0.25377905
0,0.25569734
0,0.25656924
0,0.25524995
0,0.2630017
0,0.2520809
0,0.24690486
0,0.24577856
0,0.2543317
0,0.25528643
0,0.25734395
0,0.25830552
0,0.2636854
0,0.25713938
0,0.25697917
0,0.2518913
0,0.2657343
0,0.25327116
0,0.24935934
0,0.24767892
0,0.25687423
0,0.24938522
0,0.25037938
0,0.25249302
0,0.2463266
0,0.24773417
0,0.25314635
0,0.26007822
0,0.2516709
0,0.24464083
0,0.24489196
0,0.2544693
0,0.25862864
0,0.25968912
0,0.2627768
0,0.25847858
0,0.25193384
0,0.2535075
0,0.24840973
0,0.25017735
0,0.2570921
0,0.24756414
0,0.2542342
0,0.25642753
0,0.24970438
0,0.2476186
0,0.25150985
0,0.2473571
0,0.2501259
0,0.24932341
0,0.25185007
0,0.2605733
0,0.24263307
0,0.2428702
0,0.24543801
0,0.25779328
0,0.54652226
0,0.38322556
0,0.3321866
0,0.30825663
0,0.27865204
0,0.27020904
0,0.2614214
0,0.25648558
0,0.2629408
0,0.26531953
0,0.25932625
0,0.2577974
0,0.2553447
0,0.25952393
0,0.25653386
0,0.25905594
0,0.25796476
0,0.25460517
0,0.2523256
0,0.257223
0,0.24696888
0,0.25387612
0,0.24847762
0,0.24749067
0,0.24598525
0,0.2551063
0,0.2547316
0,0.25462964
0,0.24957512
0,0.24768086
0,0.2457519
0,0.24863395
0,0.2524236
0,0.25005162
0,0.3238714
0,0.27739012
0,0.26444072
0,0.25887936
0,0.259939
0,0.25961834
0,0.25849885
0,0.26257953
0,0.26953572
0,0.2549553
0,0.25543907
0,0.2610075
0,0.26578543
0,0.265369
0,0.2579753
0,0.25593227
0,0.26539776
0,0.25135794
0,0.25184727
0,0.25080097
0,0.2507851
0,0.25665328
0,0.2496741
0,0.2484214
0,0.24559975
0,0.24850063
0,0.24970822
0,0.24989627
0,0.2603035
0,0.26334715
0,0.25971264
0,0.26116654
0,0.2637119
0,0.24933827
0,0.24985427
0,0.24846107
0,0.25107956
0,0.24996144
0,0.24242602
0,0.2518995
0,0.2550166
0,0.2626582
0,0.24983008
0,0.24526037
0,0.2527661
0,0.25168958
0,0.25372556
0,0.2534241
0,0.2598988
0,0.24805236
0,0.2462865
0,0.25019076
0,0.2594098
0,0.24881224
0,0.25175908
0,0.26156387
0,0.25517496
0,0.24853027
0,0.24121921
0,0.25126806
0,0.25014374
0,0.24356991
0,0.2615743
0,0.26312965
0,0.25390762
0,0.25689763
0,0.24670568
0,0.24689542
0,0.25196573
0,0.25858396
0,0.25047413
0,0.26491144
0,0.25454083
0,0.24941236
0,0.25038233
0,0.2475048
0,0.24979523
0,0.25168166
0,0.25758138
0,0.25392514
0,0.24724373
0,0.24915071
0,0.24337259
0,0.25053853
0,0.2532232
0,0.24880593
0,0.24771509
0,0.2509006
0,0.23937272
0,0.24640162
0,0.25539935
0,0.2474374
0,0.25851163
0,0.24929301
0,0.2552843
0,0.26125434
0,0.25103387
0,0.24754371
0,0.24943121
0,0.26243562
0,0.26521662
0,0.26241273
0,0.2671935
0,0.27628335
0,0.26231897
0,0.25231415
0,0.25705287
0,0.2579078
0,0.26171982
0,0.25891066
0,0.253602
0,0.26028267
0,0.25082326
0,0.24888009
0,0.2558593
0,0.25370255
0,0.26159322
0,0.25278914
0,0.25736943
0,0.2600513
0,0.24838908
0,0.25531724
0,0.25135016
0,0.2481167
0,0.2460735
0,0.24572836
0,0.25065923
0,0.2523766
0,0.24637736
0,0.24321899
0,0.24734002
0,0.24879292
0,0.2588748
0,0.25175393
0,0.26250198
0,0.25037295
0,0.2565235
0,0.24641035
0,0.24758546
0,0.254861
0,0.2558049
0,0.26670766
0,0.26906943
0,0.25182718
0,0.24556819
0,0.2606657
0,0.26282224
0,0.25889665
0,0.26362735
0,0.26162547
0,0.26967943
0,0.26307446
0,0.26566964
0,0.2592209
0,0.25950998
0,0.25611198
0,0.2535797
0,0.275806
0,0.2757231
0,0.25827548
0,0.2805413
0,0.26770464
0,0.26059982
0,0.2659102
0,0.2722535
0,0.27085742
0,0.27630344
0,0.27169278
0,0.26793313
0,0.27428636
0,0.27385965
0,0.27918896
0,0.27258572
0,0.27786434
0,0.27339146
0,0.25929585
0,0.27783403
0,0.26867315
0,0.28262806
0,0.28728965
0,0.28469068
0,0.27813023
0,0.28012228
0,0.26514336
0,0.27354017
0,0.282498
0,0.2828899
0,0.28468743
0,0.27616978
0,0.28704992
0,0.27690855
0,0.2654201
0,0.27266634
0,0.26318023
0,0.26075327
0,0.2675675
0,0.2654358
0,0.26377085
0,0.26298854
0,0.25233915
0,0.25604382
0,0.26973101
0,0.26378214
0,0.26356375
0,0.2619587
0,0.26925927
0,0.28286305
0,0.27100587
0,0.27694398
0,0.2828427
0,0.284348
0,0.2861661
0,0.2988538
0,0.28547353
0,0.27560014
0,0.26982674
0,0.28785685
0,0.27911535
0,0.26776966
0,0.2744826
0,0.29329237
0,0.28569558
0,0.26831794
0,0.27518877
0,0.2940358
0,0.2955624
0,0.292009
0,0.3021315
0,0.30080232
0,0.29481876
0,0.2760582
0,0.2766475
0,0.2857025
0,0.2774891
0,0.27203572
0,0.27010968
0,0.27390262
0,0.26292294
0,0.2511959
0,0.25314203
0,0.2650134
0,0.2593654
0,0.26376632
0,0.2585774
0,0.26662496
0,0.25413173
0,0.25382796
0,0.2543867
0,0.25317076
0,0.26376328
0,0.26960567
0,0.27437103
0,0.27462333
0,0.27272427
0,0.28616583
0,0.2897444
0,0.29295042
0,0.2934308
0,0.2968233
0,0.28967485
0,0.29234383
0,0.2754681
0,0.27308592
0,0.28725016
0,0.29629424
0,0.29732385
0,0.29364297
0,0.30262268
0,0.30090395
0,0.31524834
0,0.28463757
0,0.28885692
0,0.29092062
0,0.27580392
0,0.27899715
0,0.2659087
0,0.26558962
0,0.25933477
0,0.26592642
0,0.26037526
0,0.2618075
0,0.27130064
0,0.26300123
0,0.26522878
0,0.2714299
0,0.26760328
0,0.27840587
0,0.27311704
0,0.2694726
0,0.2735542
0,0.28319836
0,0.27088848
0,0.26827005
0,0.25939834
0,0.26702845
0,0.25355324
0,0.26342836
0,0.25917104
0,0.2656132
0,0.26454875
0,0.27544796
0,0.2569257
0,0.25318584
0,0.25323147
0,0.26013368
0,0.25947905
0,0.255425
0,0.25367472
0,0.2571167
0,0.24909317
0,0.24395576
0,0.25114354
0,0.24780315
0,0.2536057
0,0.2546123
0,0.25148997
0,0.27524084
0,0.25676483
0,0.25232923
0,0.24716881
0,0.25105774
0,0.24953806
0,0.24183126
0,0.24234064
0,0.23722742
0,0.24844614
0,0.26080945
0,0.2570717
0,0.26263806
0,0.26006743
0,0.25982866
0,0.25959194
0,0.2654323
0,0.24965988
0,0.26019996
0,0.26153973
0,0.26308993
0,0.2628959
0,0.26404804
0,0.2599042
0,0.26351288
0,0.25087085
0,0.252574
0,0.25707516
0,0.25609985
0,0.26522085
0,0.25516483
0,0.25342822
0,0.25585544
0,0.2512389
0,0.2580784
0,0.2510106
0,0.250913
0,0.24500106
0,0.2504269
0,0.24246462
0,0.24823701
0,0.2429135
0,0.23911737
0,0.25575596
0,0.26628703
0,0.26242536
0,0.2656208
0,0.2687669
0,0.25355276
0,0.25415218
0,0.2580634
0,0.2651279
0,0.26922712
0,0.25907984
0,0.25908473
0,0.26320994
0,0.2609687
0,0.24883613
0,0.25823364
0,0.2581397
0,0.2589128
0,0.26901126
0,0.26282418
0,0.26102725
0,0.2634243
0,0.25581792
0,0.2565606
0,0.25693852
0,0.24764709
0,0.2439701
0,0.2550232
0,0.2496413
0,0.24700134
0,0.24432692
0,0.25882852
0,0.26333773
0,0.26159704
0,0.25577313
0,0.25905642
0,0.264995
0,0.251259
0,0.25262952
0,0.26671678
0,0.26026273
0,0.25865784
0,0.25326478
0,0.26023787
0,0.2618927
0,0.25165018
0,0.2575439
0,0.26039863
0,0.2593086
0,0.26062945
0,0.25654924
0,0.25812468
0,0.25227296
0,0.24541552
0,0.24536136
0,0.24630322
0,0.24231917
0,0.23948033
0,0.24740581
0,0.24808346
0,0.24954093
0,0.25111714
0,0.2423597
0,0.2493754
0,0.2584912
0,0.2517319
0,0.23956077
0,0.2569975
0,0.24587274
0,0.24295771
0,0.25507033
0,0.26368618
0,0.2642878
0,0.26601365
0,0.2628119
0,0.26099205
0,0.24878739
0,0.2581898
0,0.25893024
0,0.25616062
0,0.26158604
0,0.2616326
0,0.26265174
0,0.25491324
0,0.24839965
0,0.2508086
0,0.2549013
0,0.25682572
0,0.25679997
0,0.2524684
0,0.26142406
0,0.25860614
0,0.24651857
0,0.2532926
0,0.25573727
0,0.25747645
0,0.24971464
0,0.25303295
0,0.25276053
0,0.2565076
0,0.24213319
0,0.25808597
0,0.24694599
0,0.2533759
0,0.26104224
0,0.26508957
0,0.26216337
0,0.2669506
0,0.25200698
0,0.25292248
0,0.24357314
0,0.25535136
0,0.25817865
0,0.26185527
0,0.2538765
0,0.25585365
0,0.2549242
0,0.44567585
0,0.35141894
0,0.31862426
0,0.29322982
0,0.27871382
0,0.2777571
0,0.27389774
0,0.25609532
0,0.25873172
0,0.2571881
0,0.25346562
0,0.24981278
0,0.24871005
0,0.25402138
0,0.2514697
0,0.25046352
0,0.25301972
0,0.2462596
0,0.24463426
0,0.24893342
0,0.25047344
0,0.2523174
0,0.2518997
0,0.25077146
0,0.25178918
0,0.25513655
0,0.27194822
0,0.26981562
0,0.2657838
0,0.2641367
0,0.25832984
0,0.2636261
0,0.26396
0,0.26590246
0,0.26600227
0,0.26925787
0,0.27964666
0,0.26609427
0,0.25650057
0,0.26843885
0,0.25953558
0,0.26237875
0,0.25749677
0,0.25965804
0,0.25426573
0,0.25283432
0,0.24421793
0,0.25160813
0,0.24741405
0,0.25218448
0,0.2517881
0,0.24710254
0,0.25101826
0,0.2431134
0,0.2398384
0,0.24352963
0,0.24422027
0,0.25035906
0,0.2532857
0,0.26041415
0,0.26420525
0,0.2648767
0,0.2508008
0,0.26872417
0,0.26774284
0,0.2643391
0,0.26661575
0,0.26191977
0,0.2628511
0,0.2642914
0,0.26084968
0,0.27064177
0,0.2684013
0,0.26774204
0,0.26469493
0,0.25973338
0,0.26273838
0,0.2633748
0,0.2518217
0,0.25910768
0,0.25814235
0,0.25353348
0,0.25831723
0,0.25674754
0,0.27041635
0,0.26322576
0,0.26110566
0,0.25424564
0,0.25716278
0,0.2566253
0,0.2503989
0,0.24831715
0,0.24650466
0,0.25020805
0,0.2623812
0,0.25019562
0,0.2566588
0,0.2515985
0,0.243113
0,0.25278926
0,0.25529844
0,0.2511695
0,0.2596353
0,0.26311234
0,0.25787047
0,0.2585763
0,0.25790676
0,0.25744638
0,0.26726076
0,0.26070088
0,0.26578137
0,0.2655704
0,0.25946763
0,0.26694226
0,0.2640307
0,0.26373032
0,0.27513778
0,0.25909597
0,0.26057667
0,0.25762165
0,0.25810525
0,0.2548939
0,0.2535055
0,0.25180203
0,0.25989175
0,0.24616437
0,0.24175172
0,0.24857955
0,0.24594188
0,0.2501429
0,0.26289135
0,0.2508129
0,0.2529952
0,0.24300796
0,0.24876449
0,0.25837553
0,0.25536016
0,0.25637138
0,0.27147272
0,0.26986054
0,0.26498303
0,0.25201818
0,0.26200998
0,0.26435626
0,0.25995567
0,0.26342347
0,0.2578483
0,0.2562884
0,0.26100472
0,0.24783523
0,0.25202867
0,0.2526406
0,0.2576095
0,0.25156656
0,0.25790188
0,0.25841755
0,0.25487748
0,0.25137842
0,0.251851
0,0.24932542
0,0.25290847
0,0.25318295
0,0.24598533
0,0.24573785
0,0.2507455
0,0.25141588
0,0.25270274
0,0.24720599
0,0.2530948
0,0.24577731
0,0.25325096
0,0.25589332
0,0.2464278
0,0.24303968
0,0.24421103
0,0.24931043
0,0.25229213
0,0.25987276
0,0.26244435
0,0.3461922
0,0.28606248
0,0.2765416
0,0.27460012
0,0.27312243
0,0.2735544
0,0.26634973
0,0.26059303
0,0.2583264
0,0.25106975
0,0.25725964
0,0.25315598
0,0.2514928
0,0.2500492
0,0.2490946
0,0.24438873
0,0.262026
0,0.25001755
0,0.2477286
0,0.25332683
0,0.2461372
0,0.2502001
0,0.25510043
0,0.24756321
0,0.25552315
0,0.25073192
0,0.25222182
0,0.25151655
0,0.2554887
0,0.26276124
0,0.26439556
0,0.26124477
0,0.2642037
0,0.2566382
0,0.25305593
0,0.25558764
0,0.26017204
0,0.2584896
0,0.26539448
0,0.25699112
0,0.26164252
0,0.26899028
0,0.31920847
0,0.29181117
0,0.27656573
0,0.26552305
0,0.2643276
0,0.3038386
0,0.28499722
0,0.27508056
0,0.2720186
0,0.35471547
0,0.33395144
0,0.29663903
0,0.29707906
0,0.27569765
0,0.2710857
0,0.27970868
0,0.2794412
0,0.26221156
0,0.26675087
0,0.26122513
0,0.29246995
0,0.27448237
0,0.26003963
0,0.2698773
0,0.27440232
0,0.29020134
0,0.27238733
0,0.26909852
0,0.2664204
0,0.26426223
0,0.2626807
0,0.27386662
0,0.26965433
0,0.26555178
0,0.267151
0,0.26239482
0,0.26775572
0,0.2674194
0,0.2555322
0,0.25606933
0,0.25852442
0,0.26073614
0,0.26034784
0,0.26025558
0,0.27586216
0,0.25841364
0,0.26013783
0,0.25411338
0,0.2512057
0,0.24598454
0,0.290705
0,0.26861712
0,0.26296917
0,0.25188452
0,0.25038823
0,0.24747798
0,0.24907276
0,0.2419157
0,0.24560401
0,0.25197494
0,0.25351363
0,0.2545912
0,0.24495804
0,0.24160261
0,0.24374449
0,0.25383344
0,0.2533699
0,0.25945398
0,0.25949508
0,0.26275814
0,0.25250137
0,0.26920363
0,0.26567873
0,0.26180238
0,0.26631296
0,0.2583958
0,0.2610326
0,0.26210162
0,0.25098938
0,0.25881708
0,0.2641393
0,0.25914
0,0.2520969
0,0.24859108
0,0.24803965
0,0.25002158
0,0.25258547
0,0.24655162
0,0.24042374
0,0.24580923
0,0.2510553
0,0.25521398
0,0.25840953
0,0.25308326
0,0.26312658
0,0.25583375
0,0.2671176
0,0.26432368
0,0.26298708
0,0.26737446
0,0.2626101
0,0.25423485
0,0.25427997
0,0.2543893
0,0.26103324
0,0.26242137
0,0.26338276
0,0.2580051
0,0.26144424
0,0.24766096
0,0.2557116
0,0.2547781
0,0.25907058
0,0.25800818
0,0.2578941
0,0.2512544
0,0.2487075
0,0.24257205
0,0.2500433
0,0.25285655
0,0.24651511
0,0.24559586
0,0.25098774
0,0.2543986
0,0.25987232
0,0.24642195
0,0.2530416
0,0.2632421
0,0.25133008
0,0.24514048
0,0.24906228
0,0.24977326
0,0.2419967
0,0.2568673
0,0.2614928
0,0.24648802
0,0.25967455
0,0.2636654
0,0.26486173
0,0.26776043
0,0.2582911
0,0.24882618
0,0.25903988
0,0.26169217
0,0.24717832
0,0.25269052
0,0.25851715
0,0.25990912
0,0.26020297
0,0.24657631
0,0.25598294
0,0.2571276
0,0.2578117
0,0.25368896
0,0.25667194
0,0.25354207
0,0.265801
0,0.25546154
0,0.25042182
0,0.25411102
0,0.25056297
0,0.2539631
0,0.25782338
0,0.26205415
0,0.25785396
0,0.25739604
0,0.25196484
0,0.24872705
0,0.24465404
0,0.25684196
0,0.24825422
0,0.24950181
0,0.24450956
0,0.23757523
0,0.2541823
0,0.25490555
0,0.25627318
0,0.25605434
0,0.25729945
0,0.26156443
0,0.26513934
0,0.25779957
0,0.26361504
0,0.2594532
0,0.26427445
0,0.2602809
0,0.26192242
0,0.2628799
0,0.25223902
0,0.26411757
0,0.25719744
0,0.2529027
0,0.25808716
0,0.25894132
0,0.2642787
0,0.2717946
0,0.2604541
0,0.26245674
0,0.25362962
0,0.25735238
0,0.25161353
0,0.25343755
0,0.24953583
0,0.24410373
0,0.24913515
0,0.24510385
0,0.24185441
0,0.2563204
0,0.2448014
0,0.26073378
0,0.26332343
0,0.26110938
0,0.2469193
0,0.25566843
0,0.26072088
0,0.25760803
0,0.2577091
0,0.25586343
0,0.25583985
0,0.26003185
0,0.26010385
0,0.26127687
0,0.2556967
0,0.25160104
0,0.25610176
0,0.2489653
0,0.24679679
0,0.25666678
0,0.25102827
0,0.24583897
0,0.24393442
0,0.2411783
0,0.2512523
0,0.24548307
0,0.2569518
0,0.25407434
0,0.2574536
0,0.25340626
0,0.24456131
0,0.25776657
0,0.25644374
0,0.26293007
0,0.26856232
0,0.25280142
0,0.24384874
0,0.2574818
0,0.25998238
0,0.25471818
0,0.26343086
0,0.2641291
0,0.27033582
0,0.25928122
0,0.26467472
0,0.2564059
0,0.26300898
0,0.25689417
0,0.2528029
0,0.2569395
0,0.26015547
0,0.2475573
0,0.25584912
0,0.25716853
0,0.24824621
0,0.24887931
0,0.24827278
0,0.24920343
0,0.2443337
0,0.24357598
0,0.23942298
0,0.2506039
0,0.24284546
0,0.2583746
0,0.25310805
0,0.24397895
0,0.24833673
0,0.2440761
0,0.24767902
0,0.26332217
0,0.26390198
0,0.2603832
0,0.2652743
0,0.26116928
0,0.26135224
0,0.24620445
0,0.24431442
0,0.25405934
0,0.24939445
0,0.25284418
0,0.25104636
0,0.25205022
0,0.25731385
0,0.25990888
0,0.2612814
0,0.25328463
0,0.25893766
0,0.2513037
0,0.25166818
0,0.26306346
0,0.26550204
0,0.25024453
0,0.2594876
0,0.25581542
0,0.25115716
0,0.26741332
0,0.25622833
0,0.25446886
0,0.25647628
0,0.24413794
0,0.24534343
0,0.24885608
0,0.2442827
0,0.23910332
0,0.2382333
0,0.2452285
0,0.24626604
0,0.24924913
0,0.25791034
0,0.26360267
0,0.26494184
0,0.2686966
0,0.26384217
0,0.2574831
0,0.2588272
0,0.25628912
0,0.2568271
0,0.26121914
0,0.26182294
0,0.2628192
0,0.26850092
0,0.27216187
0,0.26078066
0,0.26930967
0,0.25885254
0,0.25294796
0,0.25410524
0,0.25349346
0,0.25748515
0,0.25849068
0,0.2552899
0,0.25033605
0,0.24334882
0,0.24074039
0,0.24174033
0,0.24255255
0,0.2384403
0,0.23621333
0,0.24832195
0,0.23605278
0,0.25945964
0,0.25520018
0,0.2564222
0,0.2563142
0,0.25624895
0,0.2670461
0,0.26119435
0,0.25831664
0,0.25694224
0,0.25604808
0,0.2603467
0,0.26087454
0,0.26974705
0,0.26515803
0,0.25357932
0,0.26003093
0,0.26020262
0,0.2607236
0,0.2646632
0,0.25494963
0,0.2503003
0,0.24998347
0,0.240336
0,0.24619329
0,0.24749531
0,0.24577603
0,0.2457048
0,0.25088608
0,0.25267717
0,0.25391978
0,0.24172841
0,0.2592488
0,0.24612568
0,0.24679674
0,0.24160674
0,0.2419988
0,0.25178704
0,0.25366327
0,0.2510488
0,0.24969581
0,0.25932935
0,0.2583163
0,0.26542482
0,0.2669272
0,0.26392764
0,0.25642234
0,0.24372603
0,0.24861535
0,0.25231805
0,0.25867578
0,0.26101586
0,0.253863
0,0.26111448
0,0.2463706
0,0.24135478
0,0.24429962
0,0.24714136
0,0.24862397
0,0.24548136
0,0.24250665
0,0.25592464
0,0.25026238
0,0.24734503
0,0.25781107
0,0.25125548
0,0.24839973
0,0.243267
0,0.24408673
0,0.24041712
0,0.24507453
0,0.24728498
0,0.24294768
0,0.23791692
0,0.2389766
0,0.2523975
0,0.24168205
0,0.24457757
0,0.23526376
0,0.25155127
0,0.25586808
0,0.2554884
0,0.251119
0,0.25864998
0,0.26245585
0,0.25845408
0,0.24719171
0,0.2686466
0,0.27073133
0,0.26057932
0,0.26453906
0,0.26375493
0,0.26427755
0,0.2645921
0,0.2560785
0,0.25503117
0,0.26336196
0,0.2548892
0,0.25432774
0,0.24815919
0,0.25895816
0,0.252269
0,0.2609661
0,0.25221577
0,0.25116673
0,0.2538146
0,0.25053245
0,0.24977843
0,0.2473903
0,0.25069633
0,0.2522968
0,0.24675125
0,0.24445918
0,0.25382793
0,0.26109755
0,0.26610717
0,0.2589423
0,0.25596178
0,0.26441038
0,0.25723702
0,0.25452757
0,0.26676777
0,0.2654187
0,0.27065015
0,0.26256087
0,0.25424272
0,0.26212764
0,0.2541799
0,0.26272133
0,0.26146698
0,0.25786737
0,0.2618987
0,0.25961322
0,0.24566469
0,0.24323566
0,0.24653089
0,0.2516693
0,0.24761432
0,0.29386485
0,0.26413137
0,0.25945473
0,0.2467158
0,0.25450256
0,0.24650882
0,0.24737547
0,0.24519767
0,0.24389413
0,0.2571388
0,0.24475396
0,0.2389172
0,0.24274446
0,0.25112712
0,0.24375956
0,0.25110564
0,0.24151376
0,0.25624993
0,0.25297952
0,0.24002771
0,0.2580153
0,0.25129214
0,0.25518957
0,0.25405094
0,0.25303352
0,0.25510168
0,0.2550754
0,0.24728964
0,0.25149435
0,0.24952817
0,0.24953869
0,0.24821192
0,0.24603581
0,0.24390791
0,0.25190446
0,0.241181
0,0.24608077
0,0.24381585
0,0.24172372
0,0.2472185
0,0.24280539
0,0.24647546
0,0.2437488
0,0.24475046
0,0.24136317
0,0.23601004
0,0.23825072
0,0.23547696
0,0.2316541
0,0.25327525
0,0.24780022
0,0.25303212
0,0.26120594
0,0.24213491
0,0.25135186
0,0.2512904
0,0.253138
0,0.25868297
0,0.27398753
0,0.2676204
0,0.2585821
0,0.2680942
0,0.2595563
0,0.28764838
0,0.27253845
0,0.25935712
0,0.2576412
0,0.26014268
0,0.29523882
0,0.26882577
0,0.26868883
0,0.26126567
0,0.2554486
0,0.3028284
0,0.2731262
0,0.2691109
0,0.26241595
0,0.25983912
0,0.30112723
0,0.27024654
0,0.26327455
0,0.26529205
0,0.25174236
0,0.2504222
0,0.24694218
0,0.26306996
0,0.24982673
0,0.2495762
0,0.24568832
0,0.24840961
0,0.23966785
0,0.25780484
0,0.2456906
0,0.24394502
0,0.25799432
0,0.2565046
0,0.25683767
0,0.26480135
0,0.2658526
0,0.26542306
0,0.2674432
0,0.2636055
0,0.2618669
0,0.25632483
0,0.2552817
0,0.25606892
0,0.25542045
0,0.25257778
0,0.25038618
0,0.24666953
0,0.24860999
0,0.2538069
0,0.24959092
0,0.26018682
0,0.2510162
0,0.2478358
0,0.25328362
0,0.24710192
0,0.24698706
0,0.24533333
0,0.24410942
0,0.24347667
0,0.24130933
0,0.23978877
0,0.28047955
0,0.2552945
0,0.25041148
0,0.25370502
0,0.25550836
0,0.27775893
0,0.27664492
0,0.27396291
0,0.26655048
0,0.26066634
0,0.27151623
0,0.25941658
0,0.2551397
0,0.24847172
0,0.25738814
0,0.3057003
0,0.2787184
0,0.27277687
0,0.26041707
0,0.25788137
0,0.2835344
0,0.25534403
0,0.2602408
0,0.25448835
0,0.25764805
0,0.24769163
0,0.25630188
0,0.2587461
0,0.256792
0,0.25256863
0,0.251247
0,0.25365126
0,0.25961
0,0.25996584
0,0.2652446
0,0.2586718
0,0.2526343
0,0.2531058
0,0.26111904
0,0.25839353
0,0.25988722
0,0.25242007
0,0.25181672
0,0.24998513
0,0.24771231
0,0.25330874
0,0.2648609
0,0.25957498
0,0.2582527
0,0.24508123
0,0.25572222
0,0.24910453
0,0.24641795
0,0.24325952
0,0.24320151
0,0.24432814
0,0.24736269
0,0.2376739
0,0.23686472
0,0.24181198
0,0.25347275
0,0.25929403
0,0.26798233
0,0.27158335
0,0.27432182
0,0.31495655
0,0.276783
0,0.27642447
0,0.26532874
0,0.26141578
0,0.29271537
0,0.28214636
0,0.27482897
0,0.25706375
0,0.2584072
0,0.2721465
0,0.25831845
0,0.25410178
0,0.25739685
0,0.25831777
0,0.29407912
0,0.2595682
0,0.25602055
0,0.25200874
0,0.24857073
0,0.26933134
0,0.25338015
0,0.25580826
0,0.24758315
0,0.24197659
0,0.24270643
0,0.24056478
0,0.23915319
0,0.24223611
0,0.24176303
0,0.24735208
0,0.24076948
0,0.25676626
0,0.25485012
0,0.69295585
0,0.51008934
0,0.41714683
0,0.38370296
0,0.3416472
0,0.31712106
0,0.2976865
0,0.28761598
0,0.27337193
0,0.2652258
0,0.26748505
0,0.25974265
0,0.26169562
0,0.24744308
0,0.2475112
0,0.24677464
0,0.2431859
0,0.24132557
0,0.2361607
0,0.24140443
0,0.23729275
0,0.22994144
0,0.24762112
0,0.24520265
0,0.24014603
0,0.23906887
0,0.25309652
0,0.25383022
0,0.26117685
0,0.2659472
0,0.26869494
0,0.2697262
0,0.27378535
0,0.25479668
0,0.2761054
0,0.27038947
0,0.2815029
0,0.26333734
0,0.26836628
0,0.2589021
0,0.2710754
0,0.26636007
0,0.25349575
0,0.26026806
0,0.25988445
0,0.32348457
0,0.29131952
0,0.30179605
0,0.28846005
0,0.27100587
0,0.2761058
0,0.27470276
0,0.2729848
0,0.27229849
0,0.2852908
0,0.28731632
0,0.30876985
0,0.27978313
0,0.26058418
0,0.26707986
0,0.36100107
0,0.3021716
0,0.2893253
0,0.28616095
0,0.27698237
0,0.27739105
0,0.28714773
0,0.28347436
0,0.28038022
0,0.2880139
0,0.30353498
0,0.302147
0,0.29134843
0,0.2801833
0,0.2826348
0,0.27551255
0,0.2973864
0,0.28377873
0,0.28655228
0,0.27906835
0,0.2690575
0,0.27284932
0,0.28589678
0,0.2821787
0,0.29186386
0,0.28612977
0,0.27792844
0,0.28083596
0,0.27416936
0,0.27218926
0,0.26304546
0,0.2604915
0,0.25808606
0,0.27788824
0,0.26660922
0,0.2711878
0,0.27238277
0,0.27795786
0,0.26812482
0,0.2827813
0,0.28667346
0,0.2675218
0,0.27804875
0,0.28997794
0,0.2660385
0,0.2663748
0,0.2735512
0,0.27877283
0,0.2771072
0,0.26395518
0,0.2724302
0,0.26660642
0,0.25133446
0,0.2585859
0,0.2756082
0,0.27601996
0,0.27266148
0,0.2766122
0,0.28173923
0,0.27552432
0,0.2617669
0,0.2622639
0,0.27213913
0,0.27561834
0,0.27643573
0,0.27783915
0,0.28843606
0,0.27148828
0,0.2637689
0,0.2602031
0,0.26359662
0,0.2556565
0,0.28397506
0,0.28005522
0,0.28164357
0,0.27609882
0,0.2562638
0,0.26967207
0,0.27384126
0,0.27004942
0,0.26913977
0,0.2772654
0,0.27178687
0,0.2604607
0,0.25955656
0,0.2672157
0,0.2658244
0,0.27818906
0,0.274605
0,0.27399498
0,0.2912947
0,0.2663392
0,0.27244893
0,0.28883132
0,0.27725232
0,0.2764615
0,0.26592717
0,0.26992342
0,0.26436153
0,0.25730214
0,0.26440242
0,0.26966396
0,0.28468785
0,0.2697497
0,0.28131145
0,0.2848191
0,0.27524528
0,0.25702804
0,0.26014462
0,0.27872476
0,0.40082368
0,0.32131732
0,0.3110316
0,0.29698506
0,0.28431833
0,0.27424082
0,0.25959146
0,0.2752325
0,0.2775183
0,0.28030047
0,0.27088484
0,0.2816426
0,0.28033847
0,0.2656061
0,0.29143432
0,0.2970679
0,0.2805603
0,0.2804495
0,0.27538848
0,0.27799106
0,0.28236932
0,0.27152652
0,0.2910979
0,0.28587982
0,0.41401556
0,0.34876212
0,0.32122913
0,0.29672736
0,0.29501316
0,0.27635255
0,0.26715046
0,0.27545604
0,0.2668349
0,0.26322317
0,0.25705487
0,0.26213112
0,0.2675119
0,0.2549878
0,0.2665465
0,0.40880728
0,0.33019695
0,0.31518343
0,0.30377364
0,0.28431833
0,0.28690648
0,0.2705974
0,0.26483634
0,0.2744907
0,0.3645523
0,0.3190267
0,0.30681506
0,0.31520712
0,0.2792397
0,0.27971867
0,0.28046623
0,0.27182573
0,0.26847813
0,0.26691487
0,0.28044257
0,0.2796495
0,0.2644954
0,0.25952607
0,0.26385698
0,0.2707949
0,0.26360965
0,0.2628288
0,0.2628926
0,0.25564206
0,0.25656942
0,0.24953587
0,0.26866114
0,0.27011308
0,0.26202106
0,0.27455392
0,0.27182886
0,0.27916074
0,0.26457334
0,0.25849715
0,0.42203307
0,0.3335639
0,0.31544068
0,0.3047392
0,0.2854261
0,0.2864596
0,0.26681292
0,0.2652859
0,0.27723864
0,0.270289
0,0.28543186
0,0.28355387
0,0.29699838
0,0.28857124
0,0.26861146
0,0.2781436
0,0.27384126
0,0.27401367
0,0.28336638
0,0.28184772
0,0.28205654
0,0.26691365
0,0.25985396
0,0.2608651
0,0.26679066
0,0.26689857
0,0.26202878
0,0.2727322
0,0.27886885
0,0.3006089
0,0.27555194
0,0.26521903
0,0.27134806
0,0.3743668
0,0.3065153
0,0.3269229
0,0.32579455
0,0.30135098
0,0.29082352
0,0.27522826
0,0.28762984
0,0.26922363
0,0.2655894
0,0.27888158
0,0.26506242
0,0.2586685
0,0.25327578
0,0.26458883
0,0.26240182
0,0.27326956
0,0.2767704
0,0.27935705
0,0.2813122
0,0.28694484
0,0.27484217
0,0.2573653
0,0.3858992
0,0.30856368
0,0.28990299
0,0.30926308
0,0.29906908
0,0.28577733
0,0.27144027
0,0.27287337
0,0.27586448
0,0.26485857
0,0.27670467
0,0.2735205
0,0.27195132
0,0.26937217
0,0.27430207
0,0.27111053
0,0.2539487
0,0.26461035
0,0.26702031
0,0.27272636
0,0.26470208
0,0.25334066
0,0.26604512
0,0.2667546
0,0.26538423
0,0.26175916
0,0.27050936
0,0.2714383
0,0.28799674
0,0.2733601
0,0.2792374
0,0.2741566
0,0.26351786
0,0.2561471
0,0.2734681
0,0.25486043
0,0.2557236
0,0.25002185
0,0.24653824
0,0.24579869
0,0.24623285
0,0.24639495
0,0.24148017
0,0.2381533
0,0.23557213
0,0.23527889
0,0.25224558
0,0.27231333
0,0.24984127
0,0.25854942
0,0.2553414
0,0.26095897
0,0.2564259
0,0.260291
0,0.26712823
0,0.2641178
0,0.25166193
0,0.2584264
0,0.261081
0,0.25511554
0,0.25259313
0,0.24747717
0,0.2488109
0,0.24594048
0,0.2395131
0,0.23950207
0,0.23903994
0,0.24238466
0,0.23916149
0,0.24365452
0,0.24427913
0,0.24677293
0,0.24462664
0,0.2396092
0,0.25373247
0,0.25773484
0,0.2578351
0,0.26479447
0,0.26583982
0,0.26273763
0,0.26141873
0,0.25898632
0,0.26365605
0,0.25869295
0,0.26060724
0,0.2574532
0,0.25920695
0,0.25974298
0,0.24551074
0,0.2513018
0,0.25023344
0,0.2600413
0,0.25416785
0,0.24874444
0,0.25335276
0,0.25426227
0,0.24321187
0,0.25093308
0,0.25255305
0,0.24596445
0,0.2466156
0,0.24286006
0,0.24116047
0,0.24666084
0,0.2433528
0,0.24588081
0,0.29889566
0,0.27350557
0,0.25834864
0,0.26738554
0,0.25349382
0,0.2564643
0,0.26744798
0,0.25401917
0,0.25793663
0,0.2577794
0,0.26529917
0,0.26964846
0,0.26862466
0,0.253178
0,0.25666448
0,0.26432008
0,0.254664
0,0.253851
0,0.2557765
0,0.25734264
0,0.26305318
0,0.24753171
0,0.25145158
0,0.25888228
0,0.25330392
0,0.25431415
0,0.25117216
0,0.25924984
0,0.25561723
0,0.25098592
0,0.25276142
0,0.2531673
0,0.24893749
0,0.24628538
0,0.25315213
0,0.24997972
0,0.24893795
0,0.2431518
0,0.25668654
0,0.2597692
0,0.26204252
0,0.26489547
0,0.26369312
0,0.2662448
0,0.261547
0,0.24772274
0,0.25210506
0,0.25873065
0,0.26381665
0,0.26310208
0,0.25414297
0,0.254099
0,0.25304314
0,0.24172276
0,0.2526881
0,0.24783629
0,0.24568234
0,0.24800186
0,0.2509915
0,0.25316232
0,0.25352192
0,0.24522127
0,0.24903104
0,0.24669212
0,0.24266602
0,0.23956332
0,0.23714203
0,0.24242117
0,0.24400924
0,0.24271703
0,0.23644932
0,0.24038827
0,0.23633933
0,0.24919523
0,0.25617325
0,0.25972003
0,0.25036246
0,0.25847748
0,0.26044217
0,0.26299912
0,0.25822213
0,0.25277627
0,0.2583311
0,0.25998643
0,0.2539685
0,0.25767058
0,0.25343636
0,0.25627294
0,0.26211697
0,0.25558397
0,0.2573851
0,0.25719577
0,0.25208956
0,0.25368908
0,0.25592652
0,0.24380277
0,0.2456053
0,0.26007926
0,0.2554761
0,0.25243077
0,0.24310015
0,0.2418003
0,0.24006343
0,0.24079439
0,0.24479787
0,0.24419947
0,0.2469029
0,0.25703314
0,0.24100858
0,0.2550663
0,0.25939733
0,0.2639558
0,0.26995987
0,0.2683187
0,0.26770422
0,0.26753607
0,0.25004894
0,0.2587793
0,0.2600722
0,0.2617326
0,0.2677496
0,0.26512718
0,0.26907936
0,0.26443857
0,0.25394124
0,0.25841412
0,0.26345447
0,0.25904042
0,0.25465402
0,0.25625584
0,0.25513574
0,0.25148252
0,0.25073236
0,0.2603607
0,0.2576091
0,0.2652764
0,0.2591063
0,0.2534209
0,0.25402266
0,0.25437012
0,0.2513943
0,0.24514362
0,0.24439785
0,0.24246384
0,0.25592017
0,0.24583527
0,0.25100145
0,0.2510028
0,0.25943992
0,0.26611286
0,0.26208603
0,0.2659044
0,0.26605085
0,0.26163504
0,0.2651552
0,0.25514758
0,0.2610774
0,0.26159838
0,0.25772494
0,0.26086515
0,0.25508082
0,0.25462925
0,0.2574272
0,0.24575713
0,0.2544188
0,0.24987906
0,0.25248381
0,0.2496396
0,0.25206622
0,0.24876334
0,0.24727957
0,0.2441838
0,0.2601034
0,0.24987432
0,0.24897675
0,0.24703008
0,0.24264307
0,0.25866434
0,0.24579397
0,0.24843314
0,0.24167119
0,0.23719628
0,0.24928518
0,0.25549465
0,0.2603145
0,0.25188074
0,0.26137617
0,0.24421185
0,0.26033142
0,0.25906742
0,0.2615459
0,0.2585515
0,0.25876758
0,0.26317477
0,0.26313964
0,0.2457985
0,0.25891557
0,0.26073718
0,0.26163533
0,0.2577752
0,0.25658014
0,0.258458
0,0.2544876
0,0.24218567
0,0.25647786
0,0.256302
0,0.25243193
0,0.25528774
0,0.2567258
0,0.25599894
0,0.2570406
0,0.25231344
0,0.2561469
0,0.24835017
0,0.24501126
0,0.24361643
0,0.24147156
0,0.24215624
0,0.24175039
0,0.24182111
0,0.24111322
0,0.2409283
0,0.25379413
0,0.2429441
0,0.23952198
0,0.24320647
0,0.24297751
0,0.24251305
0,0.24221756
0,0.24974151
0,0.23654404
0,0.24697939
0,0.25423098
0,0.25752598
0,0.25366542
0,0.25763783
0,0.2599046
0,0.25500327
0,0.25944158
0,0.25530893
0,0.25330606
0,0.2653823
0,0.24814112
0,0.25431272
0,0.25717717
0,0.256635
0,0.25011852
0,0.2534881
0,0.25094247
0,0.24872598
0,0.25366095
0,0.247354
0,0.25242576
0,0.2639384
0,0.2577495
0,0.25711793
0,0.25493243
0,0.25032103
0,0.24588804
0,0.24251989
0,0.2450658
0,0.24323513
0,0.25426784
0,0.24479525
0,0.24743754
0,0.25662938
0,0.24167994
0,0.25125146
0,0.25763792
0,0.2630211
0,0.26382914
0,0.26344898
0,0.26037833
0,0.2646944
0,0.2651866
0,0.24795061
0,0.2526695
0,0.2628356
0,0.26627892
0,0.26290798
0,0.26264
0,0.26220596
0,0.24633951
0,0.25438696
0,0.25509223
0,0.25589976
0,0.25288942
0,0.24930775
0,0.25479707
0,0.25497854
0,0.25469658
0,0.24733646
0,0.24776044
0,0.25054732
0,0.24980186
0,0.24626073
0,0.24997239
0,0.25057176
0,0.24540657
0,0.24335715
0,0.24100514
0,0.24552757
0,0.25565842
0,0.24807256
0,0.24354729
0,0.24583486
0,0.2564084
0,0.2555147
0,0.26170835
0,0.258892
0,0.26231167
0,0.2583928
0,0.2562803
0,0.24515535
0,0.25553596
0,0.25763077
0,0.2618688
0,0.2561569
0,0.25762105
0,0.25377902
0,0.25449947
0,0.2472682
0,0.25870475
0,0.25254548
0,0.26812187
0,0.26265433
0,0.25339046
0,0.25446194
0,0.25407633
0,0.24517009
0,0.24692862
0,0.2438548
0,0.24449067
0,0.24657437
0,0.24790074
0,0.24488172
0,0.24690033
0,0.23761693
0,0.23974597
0,0.24497168
0,0.23824431
0,0.2375337
0,0.23530713
0,0.24070148
0,0.2397883
0,0.23230146
0,0.24384426
0,0.25029615
0,0.25521094
0,0.25729188
0,0.26161313
0,0.26318273
0,0.2662056
0,0.25433487
0,0.25960395
0,0.26011303
0,0.27260247
0,0.25914678
0,0.2550297
0,0.2588629
0,0.2565003
0,0.24405752
0,0.2483476
0,0.24605963
0,0.24463633
0,0.24628106
0,0.24803574
0,0.25004616
0,0.252324
0,0.24559002
0,0.24786025
0,0.24670604
0,0.24590904
0,0.2515574
0,0.24518019
0,0.25852284
0,0.25018921
0,0.25866836
0,0.26299793
0,0.2644488
0,0.2620664
0,0.26073223
0,0.2605525
0,0.26434362
0,0.2525005
0,0.25721565
0,0.25409156
0,0.25857192
0,0.25963742
0,0.25568417
0,0.25767368
0,0.2647327
0,0.25094777
0,0.2527914
0,0.25787055
0,0.25760013
0,0.254447
0,0.24936646
0,0.25659934
0,0.25554973
0,0.24461448
0,0.24542344
0,0.2492685
0,0.24455394
0,0.24584223
0,0.25452238
0,0.24666546
0,0.250541
0,0.23938954
0,0.23909993
0,0.23946343
0,0.2391933
0,0.23482911
0,0.23607892
0,0.24613614
0,0.24190295
0,0.2331877
0,0.25378156
0,0.25529253
0,0.26018274
0,0.26063427
0,0.2618314
0,0.2634406
0,0.26217264
0,0.24645099
0,0.25561938
0,0.2576526
0,0.2544159
0,0.25384066
0,0.25246033
0,0.25542784
0,0.25660437
0,0.24527016
0,0.25242618
0,0.2537148
0,0.24518415
0,0.24712355
0,0.25076142
0,0.25096956
0,0.25219062
0,0.24198604
0,0.2443477
0,0.25220317
0,0.2461718
0,0.24480653
0,0.24348272
0,0.2457039
0,0.24642606
0,0.24559692
0,0.2565866
0,0.24220005
0,0.25037348
0,0.2560593
0,0.2608427
0,0.26312724
0,0.26451865
0,0.26333067
0,0.26548496
0,0.26447392
0,0.26050666
0,0.2625717
0,0.26312765
0,0.25928202
0,0.25159657
0,0.25294238
0,0.25319007
0,0.2504297
0,0.25593135
0,0.25509673
0,0.25301692
0,0.25600415
0,0.25017288
0,0.24889888
0,0.2490041
0,0.24349037
0,0.24878043
0,0.26217392
0,0.2657262
0,0.25874507
0,0.2493447
0,0.24659856
0,0.24472022
0,0.24858746
0,0.24098079
0,0.24640703
0,0.25154164
0,0.24480926
0,0.2372206
0,0.25408038
0,0.24068962
0,0.25443265
0,0.24121636
0,0.25284597
0,0.25302556
0,0.26058584
0,0.24841799
0,0.25684485
0,0.25958884
0,0.27160844
0,0.2661639
0,0.26071814
0,0.25786093
0,0.25988913
0,0.24512254
0,0.25118527
0,0.25058243
0,0.25035378
0,0.24925151
0,0.25316888
0,0.24842863
0,0.25312647
0,0.23989421
0,0.24776776
0,0.24528559
0,0.24752054
0,0.25433567
0,0.24787186
0,0.25021964
0,0.249686
0,0.24538052
0,0.24256562
0,0.25145277
0,0.24762416
0,0.2537712
0,0.24551855
0,0.24240121
0,0.2436305
0,0.25477672
0,0.25920212
0,0.2623233
0,0.2643556
0,0.2648479
0,0.2659802
0,0.26166242
0,0.24915886
0,0.2593572
0,0.2581941
0,0.2575584
0,0.2607111
0,0.2563121
0,0.26112938
0,0.26810566
0,0.25040215
0,0.2534468
0,0.25776726
0,0.25358546
0,0.25143635
0,0.2594109
0,0.25237632
0,0.25028586
0,0.24034801
0,0.2474199
0,0.24264877
0,0.24697235
0,0.24299131
0,0.24667616
0,0.25591043
0,0.25098273
0,0.24214019
0,0.25526422
0,0.26520032
0,0.2652246
0,0.27271017
0,0.27413738
0,0.2651897
0,0.2676674
0,0.25677788
0,0.26239902
0,0.26353487
0,0.2637717
0,0.26458618
0,0.2634848
0,0.26222366
0,0.2525276
0,0.24246304
0,0.2525375
0,0.25519964
0,0.25111377
0,0.25473434
0,0.2498014
0,0.2530217
0,0.25463432
0,0.2510703
0,0.25436592
0,0.254102
0,0.24844229
0,0.24690486
0,0.25545666
0,0.25271565
0,0.25341293
0,0.25199857
0,0.24974367
0,0.24589707
0,0.25102574
0,0.24413596
0,0.2571463
0,0.2610999
0,0.2578893
0,0.26239768
0,0.26914147
0,0.26700586
0,0.2663073
0,0.26651555
0,0.26676384
0,0.26772124
0,0.25710586
0,0.26196507
0,0.25733796
0,0.30145195
0,0.27214915
0,0.2700469
0,0.26757792
0,0.26561365
0,0.2511387
0,0.25717327
0,0.25740325
0,0.25602445
0,0.25430575
0,0.2554914
0,0.25097707
0,0.25687215
0,0.2551567
0,0.2506057
0,0.24770413
0,0.25029454
0,0.25019306
0,0.2552453
0,0.25206217
0,0.25128078
0,0.24127765
0,0.25111213
0,0.25920025
0,0.2606586
0,0.2646528
0,0.26549575
0,0.26610383
0,0.26553023
0,0.2500586
0,0.26010144
0,0.26475665
0,0.26092893
0,0.24944364
0,0.2538297
0,0.26191652
0,0.25879446
0,0.2523199
0,0.25491315
0,0.2504381
0,0.2492243
0,0.25201178
0,0.25117567
0,0.2528173
0,0.25733292
0,0.25429118
0,0.24864067
0,0.25057596
0,0.25421026
0,0.250135
0,0.24940105
0,0.25946778
0,0.25283137
0,0.24663277
0,0.24601485
0,0.25636762
0,0.25556287
0,0.26527038
0,0.26480475
0,0.26426902
0,0.25415123
0,0.25966343
0,0.26228246
0,0.26378146
0,0.2635199
0,0.2570095
0,0.25905845
0,0.26334393
0,0.25500056
0,0.2563126
0,0.25821254
0,0.25728312
0,0.25674736
0,0.25601557
0,0.24902478
0,0.2522757
0,0.24658917
0,0.25041664
0,0.2503897
0,0.25355974
0,0.25555724
0,0.2571996
0,0.26151273
0,0.25453413
0,0.2538239
0,0.2525365
0,0.26404464
0,0.26361457
0,0.26640874
0,0.26891434
0,0.26741308
0,0.29229835
0,0.25827885
0,0.25479943
0,0.25466254
0,0.28954273
0,0.27299476
0,0.27058506
0,0.269089
0,0.2613044
0,0.24751467
0,0.25647786
0,0.25693777
0,0.25926635
0,0.25951833
0,0.2600617
0,0.25859138
0,0.2594044
0,0.24420573
0,0.2488848
0,0.2637536
0,0.2580918
0,0.25845754
0,0.25447252
0,0.24861306
0,0.2507292
0,0.24856603
0,0.24826556
0,0.24442112
0,0.2520122
0,0.25921372
0,0.26094875
0,0.2652457
0,0.25624093
0,0.25630352
0,0.25214788
0,0.25942743
0,0.2581353
0,0.26178008
0,0.26456937
0,0.26536772
0,0.2663242
0,0.26661715
0,0.26708326
0,0.26616594
0,0.2693543
0,0.2647653
0,0.26565447
0,0.26522696
0,0.2514447
0,0.25207207
0,0.25749066
0,0.25884497
0,0.25988966
0,0.25896788
0,0.25487962
0,0.2602185
0,0.25882733
0,0.2576134
0,0.26123565
0,0.2516373
0,0.25442857
0,0.25268033
0,0.25410774
0,0.25178635
0,0.2524582
0,0.2509768
0,0.24702463
0,0.24956834
0,0.24506737
0,0.26292157
0,0.25415757
0,0.24992321
0,0.24632531
0,0.24586998
0,0.25677657
0,0.26135162
0,0.26135418
0,0.2578846
0,0.26064986
0,0.26226106
0,0.2522289
0,0.258282
0,0.2586911
0,0.25652203
0,0.2533357
0,0.25126663
0,0.25449938
0,0.25059927
0,0.24316245
0,0.24935314
0,0.2512104
0,0.25204206
0,0.25161844
0,0.24786164
0,0.24959153
0,0.24567413
0,0.24501914
0,0.24662772
0,0.24266402
0,0.24508572
0,0.24484609
0,0.24596922
0,0.24734616
0,0.24596313
0,0.25621548
0,0.2477438
0,0.25745997
0,0.25557157
0,0.25528657
0,0.2614865
0,0.26997387
0,0.26771086
0,0.2592507
0,0.26418576
0,0.26535457
0,0.26205283
0,0.26500872
0,0.26423246
0,0.26521713
0,0.25361276
0,0.25415698
0,0.25831723
0,0.25931796
0,0.2608565
0,0.26081055
0,0.25954068
0,0.25860912
0,0.24847971
0,0.25464046
0,0.24969214
0,0.2537079
0,0.25413224
0,0.2534411
0,0.24923976
0,0.24920334
0,0.24374567
0,0.24314377
0,0.25047946
0,0.25360295
0,0.24597679
0,0.2621707
0,0.26376078
0,0.27306402
0,0.26035455
0,0.2548816
0,0.26168
0,0.26259014
0,0.25202805
0,0.25689334
0,0.2624334
0,0.26221895
0,0.2532468
0,0.26017895
0,0.25980908
0,0.2541942
0,0.25749177
0,0.25356904
0,0.25651067
0,0.261679
0,0.2599766
0,0.26109663
0,0.260672
0,0.25583503
0,0.2588208
0,0.26317245
0,0.26071826
0,0.2603788
0,0.24924381
0,0.24992947
0,0.25244847
0,0.2479347
0,0.25010777
0,0.24947909
0,0.26130036
0,0.25409344
0,0.24410434
0,0.25384927
0,0.24989815
0,0.24959476
0,0.24892643
0,0.25132942
0,0.2588642
0,0.25607678
0,0.2524846
0,0.2609705
0,0.25859088
0,0.26405632
0,0.26678905
0,0.2671412
0,0.26199943
0,0.2545526
0,0.25702095
0,0.26009285
0,0.26310486
0,0.2645485
0,0.25966674
0,0.26220372
0,0.26255015
0,0.25242072
0,0.2573716
0,0.25817665
0,0.2582928
0,0.25462744
0,0.25602645
0,0.25199342
0,0.25461486
0,0.2535276
0,0.2553157
0,0.24970625
0,0.24734187
0,0.25606495
0,0.25285977
0,0.2576133
0,0.2551295
0,0.24832107
0,0.24499929
0,0.2465715
0,0.2575168
0,0.24610566
0,0.25262037
0,0.25848994
0,0.26618403
0,0.2557661
0,0.26339555
0,0.26563588
0,0.26599392
0,0.26659176
0,0.26585498
0,0.25949198
0,0.2592278
0,0.24617055
0,0.2563371
0,0.25889468
0,0.26015824
0,0.26600727
0,0.2641391
0,0.2619767
0,0.2615742
0,0.24538565
0,0.25305972
0,0.25249082
0,0.25409663
0,0.25409892
0,0.25392896
0,0.24803893
0,0.2569622
0,0.25364944
0,0.25109702
0,0.24808523
0,0.24561925
0,0.25460505
0,0.245401
0,0.24851364
0,0.247474
0,0.24684888
0,0.25736496
0,0.26121587
0,0.26260576
0,0.265938
0,0.26569822
0,0.2644191
0,0.25298026
0,0.26044694
0,0.26176164
0,0.26140925
0,0.26290423
0,0.2586863
0,0.28321704
0,0.27000538
0,0.25770018
0,0.2623247
0,0.262626
0,0.2620296
0,0.26184952
0,0.2566027
0,0.25802508
0,0.25729838
0,0.24695951
0,0.25347292
0,0.2508292
0,0.2551248
0,0.24944101
0,0.2574114
0,0.2492526
0,0.2531868
0,0.24677508
0,0.24634181
0,0.24857832
0,0.2447718
0,0.24273536
0,0.25210345
0,0.25439185
0,0.2619259
0,0.2446521
0,0.257546
0,0.25741625
0,0.26252073
0,0.2637919
0,0.26354823
0,0.2646531
0,0.26524237
0,0.25524095
0,0.2601074
0,0.2615447
0,0.2637719
0,0.263354
0,0.26311114
0,0.25774264
0,0.26190975
0,0.2463143
0,0.25380936
0,0.25109002
0,0.2537117
0,0.24990231
0,0.25398317
0,0.25102118
0,0.25236616
0,0.24283291
0,0.24793088
0,0.24904217
0,0.2449334
0,0.25029966
0,0.24928522
0,0.24959408
0,0.26222828
0,0.24998567
0,0.26331624
0,0.2489748
0,0.25488725
0,0.26700372
0,0.26565534
0,0.26765272
0,0.25739396
0,0.26398844
0,0.2715876
0,0.26911137
0,0.26934096
0,0.27161807
0,0.26293802
0,0.2700187
0,0.25229883
0,0.25468007
0,0.2553119
0,0.25766164
0,0.25839826
0,0.2558492
0,0.25355464
0,0.25721747
0,0.24562337
0,0.2490008
0,0.25335944
0,0.2549185
0,0.25698093
0,0.2629165
0,0.25846565
0,0.25555485
0,0.24388123
0,0.24914037
0,0.2511764
0,0.24552481
0,0.247506
0,0.2524501
0,0.26015034
0,0.26867902
0,0.2575982
0,0.26348042
0,0.26650715
0,0.25580862
0,0.26442495
0,0.26983723
0,0.2672897
0,0.26722997
0,0.26201853
0,0.2615534
0,0.27368852
0,0.2677982
0,0.2674818
0,0.26508084
0,0.25865853
0,0.25996235
0,0.2604564
0,0.26001504
0,0.25514263
0,0.25238505
0,0.25544363
0,0.25366655
0,0.25634483
0,0.25920218
0,0.2479905
0,0.24893989
0,0.24709474
0,0.26324826
0,0.2561289
0,0.2546752
0,0.24894515
0,0.25083897
0,0.2511963
0,0.24900214
0,0.24975096
0,0.2585834
0,0.2564965
0,0.25138587
0,0.25771263
0,0.2506615
0,0.25864807
0,0.26179904
0,0.26187786
0,0.26377493
0,0.2638145
0,0.2634811
0,0.2686063
0,0.2544487
0,0.26016745
0,0.2542992
0,0.2617738
0,0.2566381
0,0.25813648
0,0.25376827
0,0.25643802
0,0.24304646
0,0.24734797
0,0.25023648
0,0.24730301
0,0.24399216
0,0.24389622
0,0.24323398
0,0.2406811
0,0.23536609
0,0.2402194
0,0.2379337
0,0.24260263
0,0.2478292
0,0.24569155
0,0.2515899
0,0.24668707
0,0.24504699
0,0.24373758
0,0.25382203
0,0.2578634
0,0.26039732
0,0.2614258
0,0.26165235
0,0.26232353
0,0.25640744
0,0.2655734
0,0.26301134
0,0.2621116
0,0.2633455
0,0.26239452
0,0.26245892
0,0.26160097
0,0.2618147
0,0.25932753
0,0.26048175
0,0.26387402
0,0.26057976
0,0.2596553
0,0.25802308
0,0.2642954
0,0.25095806
0,0.24990906
0,0.25922588
0,0.25623798
0,0.254732
0,0.25989872
0,0.26129842
0,0.25700587
0,0.25051612
0,0.2470788
0,0.24410173
0,0.24745987
0,0.24680305
0,0.25086844
0,0.25917006
0,0.25150335
0,0.26576075
0,0.2537715
0,0.25950086
0,0.26216367
0,0.26298738
0,0.26496074
0,0.26432174
0,0.25244677
0,0.25937927
0,0.26043555
0,0.26209354
0,0.2547738
0,0.2588619
0,0.25332463
0,0.26245883
0,0.25032076
0,0.2518465
0,0.25741836
0,0.25695872
0,0.25761464
0,0.25604457
0,0.2618741
0,0.25698385
0,0.25178102
0,0.25396097
0,0.25269532
0,0.25264263
0,0.25332013
0,0.24797705
0,0.2504405
0,0.24827504
0,0.23999272
0,0.25526798
0,0.2504181
0,0.2562184
0,0.24743259
0,0.24345358
0,0.24630491
0,0.25784373
0,0.24087931
0,0.2512793
0,0.25803143
0,0.25550476
0,0.26226816
0,0.262025
0,0.26249918
0,0.25321957
0,0.24274121
0,0.2537643
0,0.25762686
0,0.26318753
0,0.2561956
0,0.25912085
0,0.2537402
0,0.25591847
0,0.25614128
0,0.25559446
0,0.25500852
0,0.2481641
0,0.255467
0,0.25030926
0,0.26174462
0,0.25603127
0,0.2506314
0,0.25262076
0,0.24808377
0,0.24613181
0,0.24955986
0,0.24453494
0,0.24190637
0,0.24457228
0,0.2406661
0,0.2550136
0,0.25953954
0,0.26324254
0,0.26464054
0,0.268859
0,0.26936373
0,0.2533312
0,0.25093424
0,0.25964525
0,0.25671014
0,0.2611841
0,0.260108
0,0.2629089
0,0.25498173
0,0.25451675
0,0.25784644
0,0.25318414
0,0.25101498
0,0.24695532
0,0.24636118
0,0.25049624
0,0.25792915
0,0.24392484
0,0.2455829
0,0.2422878
0,0.25375798
0,0.24522658
0,0.24930654
0,0.25466347
0,0.2520698
0,0.24268337
0,0.2563778
0,0.24884772
0,0.2599896
0,0.26415884
0,0.26965183
0,0.26397598
0,0.26803994
0,0.25054
0,0.2607669
0,0.2627009
0,0.26471415
0,0.26487318
0,0.2649893
0,0.26539066
0,0.2636749
0,0.24874303
0,0.26144245
0,0.26072103
0,0.25921297
0,0.25463277
0,0.25759533
0,0.2528279
0,0.25429708
0,0.2417635
0,0.24647895
0,0.2497176
0,0.24734494
0,0.24671738
0,0.25013816
0,0.24275509
0,0.24746338
0,0.2600638
0,0.24833594
0,0.25052705
0,0.24451217
0,0.24451713
0,0.25638503
0,0.26104787
0,0.24697988
0,0.2585311
0,0.26115483
0,0.2641468
0,0.26384577
0,0.27230927
0,0.26810375
0,0.26724488
0,0.2543875
0,0.2615243
0,0.2621674
0,0.2581249
0,0.26064062
0,0.25581867
0,0.26074517
0,0.2547416
0,0.2526749
0,0.25091672
0,0.24582854
0,0.24768656
0,0.24452251
0,0.245676
0,0.24981774
0,0.2490246
0,0.23862818
0,0.24117234
0,0.24070701
0,0.23893525
0,0.24364087
0,0.24432041
0,0.24662189
0,0.2521601
0,0.24354954
0,0.25508645
0,0.2590112
0,0.25967073
0,0.2653079
0,0.26476336
0,0.26416507
0,0.2755419
0,0.2688537
0,0.26786268
0,0.2714478
0,0.26625174
0,0.26448902
0,0.26270828
0,0.25316545
0,0.25820366
0,0.2464462
0,0.25804418
0,0.25312218
0,0.25546557
0,0.25601682
0,0.25562447
0,0.2549384
0,0.26107916
0,0.25609416
0,0.2556191
0,0.26650518
0,0.25413823
0,0.2539408
0,0.2586657
0,0.2551957
0,0.25063753
0,0.24705464
0,0.24715401
0,0.24755712
0,0.2525636
0,0.25981966
0,0.26354238
0,0.26618513
0,0.26525897
0,0.2614808
0,0.26570868
0,0.28178537
0,0.27326816
0,0.27597782
0,0.27073058
0,0.26553413
0,0.25612187
0,0.2601722
0,0.26192817
0,0.2610097
0,0.27267322
0,0.26691082
0,0.26041764
0,0.25614363
0,0.2457246
0,0.2536705
0,0.24882366
0,0.25132295
0,0.25963193
0,0.2508222
0,0.25381756
0,0.25243357
0,0.24212442
0,0.24757434
0,0.24984848
0,0.26946628
0,0.27311775
0,0.26154172
0,0.2581594
0,0.26500624
0,0.25275445
0,0.2520335
0,0.26058528
0,0.26460096
0,0.26612198
0,0.2594909
0,0.26315293
0,0.2642507
0,0.25436878
0,0.25910223
0,0.25969282
0,0.25717315
0,0.26123443
0,0.26229304
0,0.26250395
0,0.261951
0,0.2490146
0,0.2573813
0,0.25579867
0,0.25330353
0,0.250987
0,0.24933442
0,0.24805419
0,0.2507587
0,0.24248642
0,0.2476814
0,0.24497141
0,0.24805908
0,0.251593
0,0.25456494
0,0.25214902
0,0.25003812
0,0.24830805
0,0.24866037
0,0.25359297
0,0.26116148
0,0.26272994
0,0.26152563
0,0.26696
0,0.2676543
0,0.26760954
0,0.26958045
0,0.26869977
0,0.26889068
0,0.26750332
0,0.26796272
0,0.26841497
0,0.25506344
0,0.26146397
0,0.26342788
0,0.26344153
0,0.26091516
0,0.26151007
0,0.26526403
0,0.26143673
0,0.24893562
0,0.25463504
0,0.2560108
0,0.2559772
0,0.25483462
0,0.25448185
0,0.25566313
0,0.2508628
0,0.24168588
0,0.24717279
0,0.24810146
0,0.24470225
0,0.23921186
0,0.23970109
0,0.25189573
0,0.2637803
0,0.24396604
0,0.25939798
0,0.262576
0,0.2707595
0,0.28034145
0,0.27462068
0,0.2713884
0,0.2704052
0,0.25088933
0,0.25940132
0,0.25764716
0,0.26285398
0,0.26088852
0,0.2523545
0,0.25825447
0,0.25864726
0,0.2448547
0,0.25278297
0,0.25451258
0,0.25455564
0,0.24750271
0,0.24980202
0,0.24972188
0,0.25383535
0,0.24297112
0,0.25077015
0,0.24561943
0,0.25050542
0,0.24403095
0,0.25275528
0,0.2506848
0,0.25125623
0,0.24393272
0,0.25920364
0,0.25142872
0,0.26245922
0,0.26459873
0,0.25048435
0,0.26113403
0,0.24829333
0,0.25827637
0,0.2622564
0,0.26179588
0,0.26462018
0,0.26344827
0,0.2658573
0,0.26582068
0,0.2540345
0,0.2565073
0,0.25808394
0,0.25557283
0,0.2531327
0,0.25322795
0,0.2628921
0,0.25919208
0,0.2474232
0,0.24867225
0,0.25705278
0,0.2550375
0,0.2557438
0,0.25617206
0,0.262185
0,0.25835344
0,0.24973823
0,0.26244438
0,0.25034106
0,0.24563672
0,0.24642062
0,0.24874105
0,0.2536352
0,0.25069892
0,0.24366012
0,0.24769509
0,0.24845111
0,0.24827363
0,0.24772981
0,0.24397202
0,0.23845974
0,0.24380514
0,0.2429356
0,0.23614644
0,0.23724101
0,0.255597
0,0.25805327
0,0.25912985
0,0.26175022
0,0.24551311
0,0.24845807
0,0.25971913
0,0.25849813
0,0.25921196
0,0.26039764
0,0.26698196
0,0.26405773
0,0.2524547
0,0.26220888
0,0.26040334
0,0.26492625
0,0.26193085
0,0.25991744
0,0.24964862
0,0.2552328
0,0.24222568
0,0.24956875
0,0.25267398
0,0.24520892
0,0.24741217
0,0.2479974
0,0.24415924
0,0.24772458
0,0.23773351
0,0.2407769
0,0.24241479
0,0.23716134
0,0.2559748
0,0.25887525
0,0.26215327
0,0.2511015
0,0.24318597
0,0.25864184
0,0.25916493
0,0.25969148
0,0.26017508
0,0.25988734
0,0.26264897
0,0.27686653
0,0.26575577
0,0.26144582
0,0.26461592
0,0.264676
0,0.26604962
0,0.25849348
0,0.25869042
0,0.25701
0,0.25512946
0,0.2605073
0,0.2661613
0,0.28057268
0,0.26979366
0,0.27289346
0,0.2628761
0,0.26456562
0,0.25855437
0,0.27865526
0,0.27286625
0,0.26770347
0,0.28913838
0,0.2840638
0,0.27202752
0,0.2729335
0,0.27188417
0,0.27132303
0,0.27021122
0,0.26737696
0,0.2631721
0,0.25906876
0,0.2629955
0,0.26662576
0,0.26539725
0,0.30482224
0,0.27712086
0,0.27744314
0,0.2697481
0,0.2713295
0,0.2748931
0,0.26571563
0,0.2851046
0,0.27282622
0,0.29411548
0,0.2775358
0,0.27911508
0,0.2670443
0,0.26172432
0,0.26862618
0,0.28184736
0,0.27502152
0,0.27358222
0,0.27139992
0,0.2754803
0,0.27112064
0,0.2734121
0,0.28096938
0,0.28320333
0,0.2743801
0,0.2695585
0,0.26719084
0,0.27064607
0,0.26460072
0,0.26950642
0,0.27407202
0,0.26955917
0,0.28068003
0,0.26764542
0,0.26863432
0,0.26724464
0,0.27286348
0,0.26332545
0,0.2667437
0,0.27047113
0,0.27211598
0,0.26683617
0,0.26518962
0,0.2696182
0,0.26550215
0,0.2687077
0,0.26415598
0,0.26842818
0,0.29228455
0,0.28280988
0,0.27716914
0,0.27345484
0,0.27318564
0,0.27048177
0,0.26059824
0,0.2702399
0,0.26512736
0,0.26563615
0,0.26490358
0,0.2746577
0,0.26606312
0,0.32771242
0,0.28839418
0,0.27929842
0,0.28042015
0,0.2721448
0,0.26670453
0,0.26373336
0,0.26131904
0,0.26454535
0,0.26044327
0,0.2602542
0,0.26304555
0,0.27402875
0,0.2688103
0,0.2663044
0,0.2817579
0,0.27637526
0,0.26542565
0,0.26481235
0,0.2637489
0,0.28002015
0,0.27426022
0,0.27314445
0,0.2764581
0,0.27895233
0,0.27839223
0,0.27979448
0,0.28616124
0,0.29384544
0,0.27370027
0,0.27358606
0,0.264874
0,0.26690114
0,0.26561326
0,0.26491866
0,0.28528708
0,0.2710294
0,0.2680231
0,0.28297317
0,0.2814851
0,0.26528758
0,0.26579493
0,0.29860017
0,0.28580406
0,0.28470805
0,0.282617
0,0.27137163
0,0.27082202
0,0.26500788
0,0.27205896
0,0.26802322
0,0.26206687
0,0.27008036
0,0.26589835
0,0.26848102
0,0.27081004
0,0.27450615
0,0.26598874
0,0.27517718
0,0.26583415
0,0.2788826
0,0.27779
0,0.28430444
0,0.3788753
0,0.33315533
0,0.3034485
0,0.32729658
0,0.31197214
0,0.28859937
0,0.27341366
0,0.27560434
0,0.26909757
0,0.2696091
0,0.2747823
0,0.2705862
0,0.26348555
0,0.27784193
0,0.26468268
0,0.26098844
0,0.2643561
0,0.25951278
0,0.25829005
0,0.26545593
0,0.2614231
0,0.27278295
0,0.27077866
0,0.27074763
0,0.26584008
0,0.26914737
0,0.2641056
0,0.27132583
0,0.26435986
0,0.27201414
0,0.2634713
0,0.26630464
0,0.26645523
0,0.32243347
0,0.28662273
0,0.2732246
0,0.27614796
0,0.282275
0,0.2895169
0,0.26957014
0,0.26737985
0,0.2703249
0,0.2713907
0,0.26601276
0,0.26879257
0,0.26370776
0,0.2781654
0,0.271605
0,0.34851354
0,0.29914755
0,0.3264021
0,0.2950397
0,0.2754334
0,0.28035462
0,0.2738035
0,0.26969352
0,0.26903445
0,0.26210967
0,0.26686367
0,0.26283738
0,0.26097614
0,0.25873742
0,0.26344243
0,0.35351327
0,0.2992166
0,0.28077638
0,0.29459825
0,0.27867237
0,0.29058206
0,0.27538538
0,0.2763823
0,0.2863845
0,0.28407112
0,0.27897596
0,0.2794089
0,0.28102186
0,0.28665218
0,0.28280985
0,0.26935712
0,0.26986703
0,0.2734228
0,0.27976882
0,0.27723277
0,0.27133122
0,0.27225697
0,0.26666787
0,0.2605828
0,0.26289874
0,0.2667728
0,0.27362147
0,0.2754104
0,0.2726527
0,0.27233502
0,0.26628703
0,0.39114028
0,0.34612793
0,0.3094555
0,0.29470128
0,0.28037494
0,0.28234833
0,0.26857054
0,0.26336867
0,0.25691354
0,0.26663682
0,0.26339456
0,0.2625172
0,0.27281362
0,0.2824039
0,0.2701864
0,0.26595262
0,0.27380976
0,0.26512644
0,0.26216745
0,0.2653175
0,0.26000732
0,0.25875542
0,0.261271
0,0.28195435
0,0.2691523
0,0.34500915
0,0.30799437
0,0.29488134
0,0.28774202
0,0.29140797
0,0.28742468
0,0.28616115
0,0.27994892
0,0.28283852
0,0.27548358
0,0.28055978
0,0.28027624
0,0.26958036
0,0.2656432
0,0.2626347
0,0.2642662
0,0.2705792
0,0.26165837
0,0.26455063
0,0.2599212
0,0.26126447
0,0.2728269
0,0.27147776
0,0.27375072
0,0.26668766
0,0.26545325
0,0.28110814
0,0.26842546
0,0.26556352
0,0.26321405
0,0.26320213
0,0.27892044
0,0.27141342
0,0.26788878
0,0.271744
0,0.26258785
0,0.27483892
0,0.2663351
0,0.25938845
0,0.2783811
0,0.27281916
0,0.26678053
0,0.2664063
0,0.26233658
0,0.26544446
0,0.2567913
0,0.2578007
0,0.26215687
0,0.26392376
0,0.26380572
0,0.2762405
0,0.26495913
0,0.27207595
0,0.27823374
0,0.270411
0,0.26887548
0,0.2615895
0,0.25900933
0,0.25610602
0,0.25908664
0,0.26155964
0,0.26050124
0,0.25954512
0,0.26507506
0,0.26028207
0,0.27010098
0,0.27838263
0,0.2704673
0,0.275129
0,0.2638247
0,0.26384577
0,0.25874767
0,0.25607276
0,0.28149423
0,0.27802947
0,0.2739761
0,0.2620866
0,0.26760718
0,0.26213485
0,0.25915802
0,0.28098586
0,0.27052888
0,0.29909506
0,0.28993028
0,0.27139783
0,0.27069026
0,0.2675342
0,0.26492646
0,0.255139
0,0.2640586
0,0.27096555
0,0.26237202
0,0.27037054
0,0.25669402
0,0.26725572
0,0.2697918
0,0.27082193
0,0.26517317
0,0.26498303
0,0.26335955
0,0.25787064
0,0.26515478
0,0.35475847
0,0.30325794
0,0.2921967
0,0.28983042
0,0.28056505
0,0.27806556
0,0.27397838
0,0.26627243
0,0.26782006
0,0.27126515
0,0.29527396
0,0.2699952
0,0.2818784
0,0.26688427
0,0.27472717
0,0.2794975
0,0.2734691
0,0.27369794
0,0.2720973
0,0.270682
0,0.26402438
0,0.26802954
0,0.2787572
0,0.27054587
0,0.2752278
0,0.27537945
0,0.27598548
0,0.27055147
0,0.26900238
0,0.5767546
0,0.4201964
0,0.36397472
0,0.3312534
0,0.31213197
0,0.29666358
0,0.27809644
0,0.28336495
0,0.2832803
0,0.27302626
0,0.2835339
0,0.28073248
0,0.27621165
0,0.27763122
0,0.277575
0,0.28850204
0,0.26835594
0,0.2922403
0,0.27404773
0,0.2728532
0,0.26699334
0,0.2618703
0,0.26457635
0,0.26519012
0,0.2573687
0,0.26863086
0,0.2615808
0,0.26499805
0,0.265808
0,0.26073983
0,0.2597981
0,0.2748241
0,0.27380776
0,0.2697644
0,0.26880544
0,0.2735423
0,0.29084945
0,0.26893643
0,0.2600402
0,0.2581622
0,0.25615755
0,0.26436624
0,0.26018664
0,0.25488195
0,0.27368093
0,0.2573678
0,0.26486886
0,0.29258892
0,0.2792245
0,0.27355462
0,0.27222922
0,0.28136715
0,0.26767197
0,0.27404034
0,0.27233267
0,0.2745092
0,0.29332379
0,0.28178558
0,0.28365746
0,0.27952778
0,0.2777901
0,0.26891106
0,0.2679085
0,0.27007866
0,0.25965756
0,0.26569253
0,0.27797353
0,0.27442187
0,0.2654098
0,0.26709184
0,0.26693815
0,0.25623733
0,0.2693073
0,0.26036063
0,0.26208794
0,0.26801318
0,0.2691498
0,0.25952432
0,0.2609431
0,0.26037374
0,0.26566002
0,0.26212433
0,0.26641768
0,0.2671392
0,0.26717582
0,0.26199982
0,0.27049407
0,0.26259822
0,0.26369464
0,0.26544276
0,0.27040234
0,0.26711738
0,0.27311945
0,0.29608077
0,0.27184883
0,0.2766756
0,0.27314466
0,0.29212084
0,0.2888513
0,0.2932386
0,0.2727188
0,0.2743964
0,0.27939388
0,0.27380162
0,0.26527125
0,0.37885532
0,0.31825718
0,0.30371556
0,0.30574438
0,0.29294455
0,0.2903213
0,0.27980158
0,0.28588957
0,0.28495544
0,0.27439713
0,0.2655996
0,0.28266528
0,0.27547204
0,0.2636721
0,0.26938963
0,0.26527596
0,0.27534404
0,0.27765343
0,0.28430778
0,0.27192155
0,0.2638212
0,0.26199254
0,0.2606078
0,0.2747843
0,0.26625428
0,0.26633438
0,0.2756394
0,0.27459842
0,0.30401847
0,0.28451344
0,0.28712526
0,0.2870189
0,0.2800738
0,0.27740884
0,0.29573923
0,0.28729606
0,0.28034675
0,0.27203038
0,0.2732347
0,0.28205472
0,0.26952302
0,0.2765971
0,0.27448326
0,0.27149713
0,0.27597758
0,0.26520813
0,0.28326946
0,0.27912572
0,0.27760866
0,0.2810534
0,0.30518797
0,0.2809585
0,0.27422458
0,0.27060258
0,0.26893306
0,0.31955847
0,0.29566926
0,0.28592476
0,0.2751948
0,0.28653973
0,0.27584326
0,0.26839736
0,0.2693966
0,0.2798138
0,0.2706473
0,0.26407537
0,0.26462978
0,0.27547732
0,0.26734632
0,0.26324633
0,0.39965242
0,0.32104412
0,0.29647756
0,0.28870678
0,0.27488407
0,0.27544513
0,0.2670163
0,0.26204988
0,0.2666364
0,0.26574016
0,0.26501143
0,0.26475465
0,0.2588382
0,0.2552278
0,0.25291413
0,0.25180644
0,0.26055345
0,0.26340306
0,0.26404253
0,0.25966737
0,0.27022937
0,0.28196797
0,0.26651317
0,0.2604202
0,0.26850677
0,0.27010995
0,0.27715707
0,0.26772207
0,0.27716172
0,0.2797148
0,0.26903567
0,0.2702022
0,0.26478785
0,0.27423653
0,0.2649025
0,0.27727762
0,0.27075034
0,0.27445316
0,0.26951456
0,0.26785642
0,0.27315912
0,0.27507105
0,0.28119805
0,0.26670715
0,0.267354
0,0.2717376
0,0.26174948
0,0.2583195
0,0.25975126
0,0.2709548
0,0.2645616
0,0.27327457
0,0.27506867
0,0.26570472
0,0.25672635
0,0.25723052
0,0.25552195
0,0.25447762
0,0.27104232
0,0.28280452
0,0.27735606
0,0.27654424
0,0.26547283
0,0.26587012
0,0.2601359
0,0.26654622
0,0.27134192
0,0.2649206
0,0.25648525
0,0.26404712
0,0.26754612
0,0.27063277
0,0.31823835
0,0.29400536
0,0.27858078
0,0.26951706
0,0.26582763
0,0.26174146
0,0.26519603
0,0.26033306
0,0.26321673
0,0.26406685
0,0.26287982
0,0.25792626
0,0.26165745
0,0.25644648
0,0.25489798
0,0.25909415
0,0.26273847
0,0.25500563
0,0.25275585
0,0.2557094
0,0.2511786
0,0.25492403
0,0.25451106
0,0.26057315
0,0.3418653
0,0.2961918
0,0.28058255
0,0.2957011
0,0.27440277
0,0.27242807
0,0.27589276
0,0.26359355
0,0.2682957
0,0.26899227
0,0.26450366
0,0.26807737
0,0.27233016
0,0.26379856
0,0.262185
0,0.25937334
0,0.26381105
0,0.25905213
0,0.25628972
0,0.26112056
0,0.26121035
0,0.27402645
0,0.25707197
0,0.26720977
0,0.26929945
0,0.26531386
0,0.263868
0,0.27875784
0,0.2716019
0,0.27825886
0,0.28519154
0,0.38473153
0,0.31669188
0,0.29233292
0,0.28579846
0,0.27877033
0,0.26866794
0,0.26921186
0,0.26767838
0,0.26459575
0,0.26400965
0,0.25697756
0,0.26884404
0,0.2683425
0,0.27387056
0,0.27016506
0,0.27424553
0,0.26412037
0,0.32991248
0,0.3022388
0,0.28615072
0,0.27399188
0,0.27802274
0,0.27678114
0,0.27041212
0,0.27370918
0,0.26780576
0,0.2750533
0,0.28328767
0,0.29871237
0,0.30107436
0,0.29727766
0,0.4191937
0,0.34891555
0,0.31492615
0,0.30412364
0,0.30590212
0,0.29928464
0,0.28521004
0,0.2792624
0,0.26967353
0,0.26897246
0,0.26159912
0,0.2639957
0,0.2586716
0,0.27188304
0,0.2703414
0,0.26685134
0,0.27895588
0,0.26168075
0,0.27328947
0,0.2591244
0,0.258865
0,0.2577292
0,0.25643802
0,0.2559325
0,0.27979353
0,0.2629723
0,0.26995865
0,0.26673388
0,0.27171847
0,0.26128617
0,0.2554095
0,0.26566303
0,0.26173875
0,0.2647044
0,0.26881617
0,0.26291788
0,0.26060703
0,0.2657272
0,0.26684225
0,0.2557174
0,0.26314673
0,0.26805118
0,0.26608786
0,0.25972146
0,0.26176444
0,0.26191548
0,0.26665726
0,0.26432586
0,0.26253042
0,0.26326966
0,0.26698926
0,0.2612272
0,0.27238128
0,0.26507646
0,0.2626555
0,0.26648402
0,0.26671204
0,0.26470098
0,0.2588287
0,0.25766784
0,0.25590238
0,0.2706043
0,0.25985405
0,0.25692013
0,0.26535133
0,0.25738147
0,0.25942206
0,0.26765627
0,0.26848248
0,0.26390734
0,0.25707954
0,0.26425654
0,0.26619163
0,0.26230812
0,0.2696184
0,0.2680407
0,0.2630373
0,0.2829555
0,0.26788113
0,0.26426423
0,0.351625
0,0.30669653
0,0.291943
0,0.34344584
0,0.30747426
0,0.2847165
0,0.28029287
0,0.28643814
0,0.27585527
0,0.27095425
0,0.2690798
0,0.27541155
0,0.2619186
0,0.26820508
0,0.2676431
0,0.2682739
0,0.26727587
0,0.26704916
0,0.26124147
0,0.26931718
0,0.27096465
0,0.26204
0,0.26447392
0,0.2694768
0,0.25978154
0,0.2583471
0,0.27261785
0,0.27605364
0,0.2781546
0,0.27088305
0,0.2726714
0,0.27244094
0,0.2656354
0,0.28161597
0,0.27340433
0,0.2724991
0,0.27052212
0,0.26392323
0,0.25799012
0,0.25741464
0,0.26068988
0,0.25590822
0,0.25907904
0,0.25994006
0,0.25995496
0,0.25821045
0,0.2702732
0,0.2670585
0,0.27887967
0,0.27124667
0,0.26441756
0,0.26112923
0,0.25892705
0,0.271951
0,0.27072498
0,0.26681137
0,0.265593
0,0.27596176
0,0.28897744
0,0.2789807
0,0.2706148
0,0.26196298
0,0.2688401
0,0.2741761
0,0.27197567
0,0.27011865
0,0.26886505
0,0.26347217
0,0.2608099
0,0.2529272
0,0.2644061
0,0.26285157
0,0.25641173
0,0.2646551
0,0.27876973
0,0.27209643
0,0.28379926
0,0.26699185
0,0.27655882
0,0.31617835
0,0.30045003
0,0.27947485
0,0.28211161
0,0.28303728
0,0.2804395
0,0.29121515
0,0.2763069
0,0.26543146
0,0.27192444
0,0.27136308
0,0.26804945
0,0.26517335
0,0.26901683
0,0.26770553
0,0.26274377
0,0.2604756
0,0.2568807
0,0.26757386
0,0.27087584
0,0.2782756
0,0.26543173
0,0.29633993
0,0.2826633
0,0.26740512
0,0.26879847
0,0.26729313
0,0.27076665
0,0.26029763
0,0.25659844
0,0.26395243
0,0.283057
0,0.27259716
0,0.27552646
0,0.26641834
0,0.26803818
0,0.26247817
0,0.25979784
0,0.25737935
0,0.2614549
0,0.26769456
0,0.25896254
0,0.25988084
0,0.2823636
0,0.2794365
0,0.2696799
0,0.27479377
0,0.28848308
0,0.27045
0,0.3008063
0,0.28134286
0,0.3009263
0,0.29203096
0,0.28032154
0,0.27620822
0,0.27802137
0,0.27198452
0,0.27774054
0,0.2823569
0,0.271154
0,0.26786658
0,0.27386492
0,0.27099314
0,0.26577392
0,0.27805498
0,0.2818776
0,0.280596
0,0.26382354
0,0.2629371
0,0.25997975
0,0.26746693
0,0.26503167
0,0.27615878
0,0.26807213
0,0.27212837
0,0.27066612
0,0.27208576
0,0.27709794
0,0.26917067
0,0.26355767
0,0.2686613
0,0.26300365
0,0.2798101
0,0.2726582
0,0.26506704
0,0.26746956
0,0.26649886
0,0.27233875
0,0.26632908
0,0.2654415
0,0.27669215
0,0.2733454
0,0.2571798
0,0.26675305
0,0.27534044
0,0.26117113
0,0.26623338
0,0.2797619
0,0.26237807
0,0.26246837
0,0.2663313
0,0.2660464
0,0.2608742
0,0.25854644
0,0.2609649
0,0.2615202
0,0.25444853
0,0.27716503
0,0.27292046
0,0.27515534
0,0.2689389
0,0.2693238
0,0.26933077
0,0.2818443
0,0.27599853
0,0.26987782
0,0.26677635
0,0.26971793
0,0.26406088
0,0.27919933
0,0.26652095
0,0.27396062
0,0.26544532
0,0.26790112
0,0.26643914
0,0.28327066
0,0.27321655
0,0.27088124
0,0.27459693
0,0.27016214
0,0.26032695
0,0.27434364
0,0.2606141
0,0.25695446
0,0.26391116
0,0.26685584
0,0.26254937
0,0.26415542
0,0.25603378
0,0.2624531
0,0.25187954
0,0.2556626
0,0.25492266
0,0.26000506
0,0.2614517
0,0.26255202
0,0.25783628
0,0.2619117
0,0.2603011
0,0.26669022
0,0.26857826
0,0.26439095
0,0.2560103
0,0.2706537
0,0.27298278
0,0.2646621
0,0.26931435
0,0.3734319
0,0.31878012
0,0.29947758
0,0.28873047
0,0.28736454
0,0.2933219
0,0.28001958
0,0.26988107
0,0.27045047
0,0.26328805
0,0.2653503
0,0.27324367
0,0.27021724
0,0.2726446
0,0.27140585
0,0.26084694
0,0.26841077
0,0.26946846
0,0.30606282
0,0.2960474
0,0.28992972
0,0.27035013
0,0.2795354
0,0.27320224
0,0.26722252
0,0.26926622
0,0.25832397
0,0.26333022
0,0.26901543
0,0.2726138
0,0.27446198
0,0.2640627
0,0.26589403
0,0.26407748
0,0.27444297
0,0.28547832
0,0.28554913
0,0.2802918
0,0.26745817
0,0.26684538
0,0.2648777
0,0.26663074
0,0.27397874
0,0.27143818
0,0.2823291
0,0.27523
0,0.27851087
0,0.2832467
0,0.26557222
0,0.26912138
0,0.27293617
0,0.28061283
0,0.27809617
0,0.27133325
0,0.27525592
0,0.26907188
0,0.2678438
0,0.26689613
0,0.27611947
0,0.26815364
0,0.26071295
0,0.25760347
0,0.26511854
0,0.26109305
0,0.276646
0,0.2663096
0,0.26805064
0,0.2687364
0,0.26910788
0,0.2581943
0,0.25963977
0,0.37459952
0,0.3039804
0,0.30420434
0,0.29402152
0,0.28962582
0,0.2731492
0,0.27669895
0,0.27093703
0,0.26920384
0,0.2667701
0,0.2712075
0,0.26113135
0,0.26236445
0,0.2625895
0,0.26671636
0,0.26852643
0,0.37171707
0,0.39187324
0,0.31844625
0,0.30816472
0,0.29811916
0,0.28413188
0,0.27328792
0,0.26839054
0,0.26794145
0,0.27083072
0,0.2605627
0,0.26138008
0,0.26501244
0,0.31587124
0,0.27432966
0,0.27105877
0,0.26652533
0,0.27257797
0,0.27469528
0,0.26874164
0,0.2795255
0,0.2667387
0,0.27120346
0,0.26835313
0,0.26774272
0,0.27295706
0,0.2623456
0,0.26922053
0,0.26537865
0,0.264372
0,0.26136065
0,0.27051884
0,0.27931997
0,0.27765426
0,0.27205178
0,0.26902094
0,0.2630446
0,0.25996295
0,0.27452743
0,0.2768294
0,0.26963425
0,0.26651096
0,0.2605297
0,0.26085705
0,0.27431884
0,0.2889436
0,0.27749565
0,0.27543825
0,0.26641753
0,0.26326784
0,0.26488644
0,0.27098843
0,0.26270175
0,0.27064258
0,0.2748589
0,0.27250132
0,0.26916933
0,0.32965794
0,0.2896733
0,0.28100744
0,0.27941433
0,0.2701125
0,0.2846129
0,0.27135494
0,0.27270627
0,0.3190202
0,0.2825809
0,0.2913566
0,0.2741031
0,0.26325756
0,0.27275047
0,0.26908794
0,0.26640314
0,0.26021904
0,0.26639947
0,0.26319048
0,0.2627101
0,0.27873194
0,0.2685782
0,0.276054
0,0.27082965
0,0.26532167
0,0.2798904
0,0.26834074
0,0.26236442
0,0.26158497
0,0.26946658
0,0.26706055
0,0.28340903
0,0.3161248
0,0.28729373
0,0.27922767
0,0.26945937
0,0.2649755
0,0.2797276
0,0.28206435
0,0.27328464
0,0.27977937
0,0.28131706
0,0.28811124
0,0.28810236
0,0.28077355
0,0.29190743
0,0.28155863
0,0.27715567
0,0.31662598
0,0.3002431
0,0.2802642
0,0.27809402
0,0.26773334
0,0.27460027
0,0.2700077
0,0.26820794
0,0.26282796
0,0.2695415
0,0.2758181
0,0.27907363
0,0.28088453
0,0.2832335
0,0.27552313
0,0.27267253
0,0.27112466
0,0.2702244
0,0.27408054
0,0.28175613
0,0.27801317
0,0.26753795
0,0.2729747
0,0.27403975
0,0.270272
0,0.26761684
0,0.26068756
0,0.2672274
0,0.2645779
0,0.28078246
0,0.2720821
0,0.26732644
0,0.27031583
0,0.26424673
0,0.26872697
0,0.26440126
0,0.26646358
0,0.2714947
0,0.26933247
0,0.26307115
0,0.26567253
0,0.27801785
0,0.2762897
0,0.2666619
0,0.26679567
0,0.27176577
0,0.27718303
0,0.26982617
0,0.2669003
0,0.2768665
0,0.2694496
0,0.26571402
0,0.26967335
0,0.26431793
0,0.27962235
0,0.26243573
0,0.28057268
0,0.2903717
0,0.27824146
0,0.27640098
0,0.26089907
0,0.260061
0,0.3251489
0,0.28826264
0,0.2807712
0,0.27526852
0,0.26721716
0,0.2676788
0,0.26503605
0,0.26331815
0,0.2732686
0,0.27097166
0,0.26079252
0,0.26646855
0,0.2625764
0,0.2646385
0,0.2652321
0,0.27759293
0,0.2762942
0,0.27042973
0,0.28053638
0,0.27737224
0,0.2713926
0,0.26406357
0,0.26483917
0,0.26291543
0,0.26805714
0,0.26303506
0,0.2675603
0,0.2628216
0,0.28354284
0,0.26784176
0,0.27501753
0,0.276704
0,0.27710566
0,0.29644066
0,0.2801712
0,0.26492366
0,0.26840815
0,0.2651035
0,0.37576842
0,0.31503558
0,0.29964936
0,0.29664734
0,0.28656253
0,0.27138436
0,0.28850058
0,0.28400612
0,0.28213647
0,0.27702296
0,0.27916482
0,0.28474736
0,0.28030717
0,0.26884753
1,0.27378172
1,0.26442707
1,0.2759451
1,0.27257386
1,0.26274216
1,0.2760805
1,0.2784783
1,0.27383095
1,0.27916425
1,0.27151796
1,0.27706158
1,0.2788553
1,0.27862537
1,0.28660768
1,0.2803117
0,0.81944
0,0.548191
0,0.4569199
0,0.372789
0,0.33186284
0,0.31673566
0,0.29767555
0,0.2785672
0,0.2627196
0,0.25811556
0,0.26304737
0,0.25336838
0,0.25833568
0,0.2643624
0,0.26607096
0,0.25468677
0,0.24018534
0,0.23476152
0,0.24488905
0,0.24904217
0,0.25057355
0,0.2436758
0,0.25141987
0,0.24642035
0,0.24556144
0,0.2457897
0,0.23943363
0,0.23832217
0,0.2519374
0,0.24640158
0,0.24988586
0,0.24169157
0,0.2418494
0,0.2389534
0,0.24389517
0,0.24589029
0,0.24680397
0,0.2482439
0,0.27063075
0,0.24648026
0,0.25459358
0,0.25685313
0,0.2518651
0,0.2513392
0,0.26522407
0,0.2578091
0,0.25819692
0,0.24619153
0,0.24117662
0,0.23747352
0,0.24910729
0,0.2447468
0,0.25908977
0,0.2634936
0,0.26284492
0,0.24669439
0,0.251896
0,0.261684
0,0.26559988
0,0.2688716
0,0.26547754
0,0.26319358
0,0.26085222
0,0.25572848
0,0.26350325
0,0.25090992
0,0.25751227
0,0.26311317
0,0.25980124
0,0.2588445
0,0.2591834
0,0.25190583
0,0.2544506
0,0.2534851
0,0.26003566
0,0.2542232
0,0.25461906
0,0.25353172
0,0.2537869
0,0.24808788
0,0.25617838
0,0.25265667
0,0.24818149
0,0.25578496
0,0.25627065
0,0.25732315
0,0.25287035
0,0.24972488
0,0.24859388
0,0.25463757
0,0.24949904
0,0.24696857
0,0.25802287
0,0.24925573
0,0.24730763
0,0.24567696
0,0.24842033
0,0.26200384
0,0.26741168
0,0.2594302
0,0.26838407
0,0.27146715
0,0.2610644
0,0.25183642
0,0.25648546
0,0.26333484
0,0.26092103
0,0.2602162
0,0.26419535
0,0.25507176
0,0.2516815
0,0.24728803
0,0.25304782
0,0.25882244
0,0.26073277
0,0.2680853
0,0.26009956
0,0.25790152
0,0.2514518
0,0.25856724
0,0.2594916
0,0.2607398
0,0.25522053
0,0.25321487
0,0.2511418
0,0.25569126
0,0.24620858
0,0.24684347
0,0.24121426
0,0.24821538
0,0.23935063
0,0.25042212
0,0.2501667
0,0.24936014
0,0.24597324
0,0.24668606
0,0.25948152
0,0.24750037
0,0.24850294
0,0.25851807
0,0.2521991
0,0.25672594
0,0.24647924
0,0.24579915
0,0.24479365
0,0.25462037
0,0.25274712
0,0.24705696
0,0.25578997
0,0.25718203
0,0.2467709
0,0.2391845
0,0.24559364
0,0.24603383
0,0.24643965
0,0.25216565
0,0.2555943
0,0.25055718
0,0.24393138
0,0.23969677
0,0.24763808
0,0.24436039
0,0.24301618
0,0.25405636
0,0.26253483
0,0.2627141
0,0.26264602
0,0.25190768
0,0.2634868
0,0.26599482
0,0.2684589
0,0.2648935
0,0.2685651
0,0.25850675
0,0.24984929
0,0.24912202
0,0.25824782
0,0.25890663
0,0.2511986
0,0.25845912
0,0.24961782
0,0.24686627
0,0.24449815
0,0.24130794
0,0.26524994
0,0.25898528
0,0.2590914
0,0.25893986
0,0.25872096
0,0.247652
0,0.24851328
0,0.25312507
0,0.25493905
0,0.25978494
0,0.24785374
0,0.24900098
0,0.26084992
0,0.24537842
0,0.2561489
0,0.24358487
0,0.25843033
0,0.24997663
0,0.26287454
0,0.26681438
0,0.26524574
0,0.25556585
0,0.25514516
0,0.26362157
0,0.26643723
0,0.25707462
0,0.26547182
0,0.25654176
0,0.26629663
0,0.25165668
0,0.25108188
0,0.24822913
0,0.25503743
0,0.26513824
0,0.25868782
0,0.25205463
0,0.25797772
0,0.24948852
0,0.24065268
0,0.24655719
0,0.2627878
0,0.2527869
0,0.25131652
0,0.24890888
0,0.24870041
0,0.24227285
0,0.23888505
0,0.2438271
0,0.25382432
0,0.24783187
0,0.25058913
0,0.26177204
0,0.25060686
0,0.24754028
0,0.24941824
0,0.26016498
0,0.2607508
0,0.26027462
0,0.26459628
0,0.26627624
0,0.25666952
0,0.2434809
0,0.24680522
0,0.2512217
0,0.25262067
0,0.24831738
0,0.25191396
0,0.25703487
0,0.24326156
0,0.25370997
0,0.2553398
0,0.2542735
0,0.25577188
0,0.25816312
0,0.25483093
0,0.25235188
0,0.24124439
0,0.2516162
0,0.24322215
0,0.24672917
0,0.23727971
0,0.24094775
0,0.24718496
0,0.2500711
0,0.24047035
0,0.23747852
0,0.2413159
0,0.2462216
0,0.24324778
0,0.24206047
0,0.24187951
0,0.256388
0,0.2466398
0,0.24841186
0,0.25847894
0,0.2584221
0,0.25941354
0,0.25928402
0,0.25323632
0,0.2577509
0,0.24763112
0,0.2484146
0,0.251959
0,0.25851652
0,0.25648627
0,0.26141047
0,0.25893766
0,0.2562116
0,0.24802059
0,0.24687515
0,0.25615937
0,0.25197986
0,0.25205338
0,0.25942343
0,0.25254947
0,0.2518823
0,0.2451211
0,0.24743341
0,0.2456968
0,0.24580206
0,0.25089014
0,0.24568738
0,0.2446684
0,0.24138224
0,0.24090303
0,0.23876561
0,0.2493357
0,0.2548599
0,0.26874375
0,0.26490906
0,0.26512426
0,0.25193277
0,0.2637966
0,0.2623469
0,0.26681823
0,0.25124672
0,0.2501227
0,0.25176385
0,0.24822922
0,0.24673624
0,0.24053554
0,0.24239999
0,0.24719942
0,0.2501979
0,0.24923636
0,0.25502682
0,0.2583016
0,0.24799399
0,0.25004858
0,0.24483685
0,0.2479106
0,0.24781172
0,0.24344233
0,0.25129193
0,0.24449693
0,0.24222896
0,0.23874167
0,0.24672152
0,0.24393588
0,0.2440847
0,0.24657747
0,0.25360852
0,0.25159726
0,0.2400212
0,0.2507251
0,0.24900223
0,0.24008927
0,0.24979801
0,0.2412123
0,0.2560774
0,0.25441948
0,0.24521007
0,0.24077775
0,0.2518121
0,0.25166333
0,0.24796793
0,0.53300893
0,0.36306044
0,0.3328969
0,0.29681212
0,0.2773039
0,0.2694539
0,0.26469594
0,0.26012486
0,0.2611292
0,0.26679304
0,0.25921333
0,0.25054783
0,0.2952942
0,0.26155537
0,0.26280886
0,0.2613093
0,0.25482693
0,0.26698717
0,0.2534679
0,0.2501854
0,0.24582554
0,0.25912672
0,0.26522192
0,0.26859498
0,0.26036733
0,0.25619116
0,0.25553098
0,0.25967458
0,0.2562292
0,0.25860173
0,0.2578448
0,0.25721854
0,0.26157537
0,0.26453292
0,0.25515813
0,0.25133884
0,0.24941209
0,0.24200152
0,0.25328645
0,0.24645628
0,0.25533667
0,0.24525402
0,0.23696746
0,0.23889363
0,0.2375789
0,0.24148503
0,0.25377396
0,0.24806306
0,0.2628869
0,0.2536514
0,0.24481209
0,0.24057491
0,0.24832731
0,0.26059556
0,0.25985906
0,0.251442
0,0.2629492
0,0.272102
0,0.25506523
0,0.24811943
0,0.25571522
0,0.24629523
0,0.25871757
0,0.2570372
0,0.25092795
0,0.24983151
0,0.2538154
0,0.25461718
0,0.25387278
0,0.25464353
0,0.65103394
0,0.45833698
0,0.3720335
0,0.31672278
0,0.2991737
0,0.2775629
0,0.27028316
0,0.27499294
0,0.26305285
0,0.25906393
0,0.2544241
0,0.25125012
0,0.26110092
0,0.2644462
0,0.2654465
0,0.25546145
0,0.2504938
0,0.24768558
0,0.24482045
0,0.24444358
0,0.25243616
0,0.26186365
0,0.25843328
0,0.2594522
0,0.2542193
0,0.24693474
0,0.24344848
0,0.24090132
0,0.25563747
0,0.24883176
0,0.25033444
0,0.25660485
0,0.259317
0,0.24643163
0,0.25194255
0,0.24658881
0,0.24641892
0,0.2492443
0,0.24966194
0,0.25011832
0,0.25844622
0,0.2526897
0,0.25073642
0,0.24240787
0,0.25508925
0,0.26006293
0,0.25184155
0,0.24899027
0,0.25631893
0,0.24936578
0,0.24655089
0,0.2559654
0,0.25875962
0,0.26016316
0,0.26077566
0,0.26204997
0,0.256654
0,0.24758771
0,0.24145009
0,0.2500586
0,0.2520615
0,0.24755765
0,0.2502754
0,0.2514469
0,0.25312975
0,0.24969567
0,0.25542817
0,0.2534349
0,0.24922718
0,0.24460231
0,0.24773827
0,0.24797696
0,0.2478311
0,0.24305177
0,0.24095622
0,0.25355515
0,0.24935193
0,0.24678756
0,0.26811382
0,0.25958654
0,0.25274718
0,0.24906328
0,0.24658337
0,0.2433258
0,0.25237587
0,0.2553123
0,0.2576569
0,0.25907537
0,0.2537519
0,0.24527095
0,0.24031143
0,0.24794637
0,0.2508595
0,0.2504727
0,0.25018808
0,0.26201937
0,0.24480204
0,0.24368683
0,0.23626132
0,0.237605
0,0.24669257
0,0.24236242
0,0.24490528
0,0.25531548
0,0.24935701
0,0.24561095
0,0.2449365
0,0.25365883
0,0.24040896
0,0.25345904
0,0.24655925
0,0.24463333
0,0.24188262
0,0.24111833
0,0.23955521
0,0.23894021
0,0.24320959
0,0.23818895
0,0.24227443
0,0.24819514
0,0.24030581
0,0.23679653
0,0.23758951
0,0.24279186
0,0.24549215
0,0.24758172
0,0.24864034
0,0.24810266
0,0.24380748
0,0.24083005
0,0.2387895
0,0.24235076
0,0.23905933
0,0.24248502
0,0.24339335
0,0.24308026
0,0.24156496
0,0.24384837
0,0.25247553
0,0.25651938
0,0.25917792
0,0.26170897
0,0.26374066
0,0.25187317
0,0.24815671
0,0.24658582
0,0.25600448
0,0.24723269
0,0.24430323
0,0.2531723
0,0.25463322
0,0.24499223
0,0.253791
0,0.24402454
0,0.25142527
0,0.2536163
0,0.25464028
0,0.25558734
0,0.25550917
0,0.25078475
0,0.24804819
0,0.2451834
0,0.2506296
0,0.25116003
0,0.24514502
0,0.24272852
0,0.25578156
0,0.24449137
0,0.2454319
0,0.24156722
0,0.26127154
0,0.26196948
0,0.26460972
0,0.26579723
0,0.25929242
0,0.25315365
0,0.24879397
0,0.24717937
0,0.25508985
0,0.24754776
0,0.24397783
0,0.24295849
0,0.25098628
0,0.24464108
0,0.2409529
0,0.23980285
0,0.24827176
0,0.2551603
0,0.25447524
0,0.25446647
0,0.2593512
0,0.2475194
0,0.24557622
0,0.24073182
0,0.24706982
0,0.24264412
0,0.24774058
0,0.24881084
0,0.2487014
0,0.24447098
0,0.241786
0,0.24012728
0,0.24373849
0,0.24409303
0,0.2393049
0,0.24300584
0,0.24237517
0,0.23650298
0,0.23465039
0,0.2329563
0,0.24867156
0,0.2541667
0,0.2585127
0,0.26022533
0,0.2565476
0,0.24962421
0,0.24672908
0,0.2536139
0,0.26750848
0,0.26302096
0,0.26759225
0,0.25344992
0,0.24819398
0,0.24314451
0,0.24062732
0,0.24924967
0,0.2403898
0,0.24812762
0,0.25151142
0,0.2540718
0,0.24343355
0,0.24295086
0,0.23701218
0,0.23420502
0,0.23683923
0,0.23183721
0,0.24160339
0,0.25432286
0,0.24007995
0,0.24560621
0,0.2411875
0,0.23837721
0,0.24231084
0,0.24332832
0,0.24417341
0,0.25806698
0,0.24526353
0,0.24621555
0,0.2463831
0,0.2441196
0,0.26591617
0,0.2534801
0,0.25048625
0,0.26027736
0,0.24580944
0,0.24874435
0,0.24541827
0,0.2500462
0,0.25638264
0,0.25924146
0,0.250456
0,0.25773242
0,0.24803333
0,0.24541213
0,0.24248002
0,0.25174472
0,0.63706374
0,0.42754784
0,0.3683766
0,0.33186328
0,0.2964541
0,0.2760714
0,0.26484835
0,0.2561536
0,0.260942
0,0.26439276
0,0.26134655
0,0.33988464
0,0.2899051
0,0.27770066
0,0.26928574
0,0.26485136
0,0.25523353
0,0.25655502
0,0.26028425
0,0.25454643
0,0.24733993
0,0.26309276
0,0.25420052
0,0.25991192
0,0.26336658
0,0.26611993
0,0.26528516
0,0.25553238
0,0.25281164
0,0.24942192
0,0.25321293
0,0.2580562
0,0.25951493
0,0.25487304
0,0.25846148
0,0.24793018
0,0.25516352
0,0.2457533
0,0.2529687
0,0.25270304
0,0.2537513
0,0.25477543
0,0.2438606
0,0.24319357
0,0.25207517
0,0.2452094
0,0.24706905
0,0.25294796
0,0.25115353
0,0.24888751
0,0.24818994
0,0.24227676
0,0.2410417
0,0.24390808
0,0.25318274
0,0.25743452
0,0.25938365
0,0.2610465
0,0.26076183
0,0.2507113
0,0.26432434
0,0.25598648
0,0.24929723
0,0.2573104
0,0.25829983
0,0.25946695
0,0.2547547
0,0.2503546
0,0.2443924
0,0.24084155
0,0.24401677
0,0.25314212
0,0.25152504
0,0.25752148
0,0.24360599
0,0.24457295
0,0.24364132
0,0.24752793
0,0.2492353
0,0.24363154
0,0.24799068
0,0.24832849
0,0.24970889
0,0.24413152
0,0.24607146
0,0.2516477
0,0.24637617
0,0.2506259
0,0.24204949
0,0.25372833
0,0.24966569
0,0.24461818
0,0.24469174
0,0.25334644
0,0.25020185
0,0.2440958
0,0.24571757
0,0.2520934
0,0.24327192
0,0.24033634
0,0.23829676
0,0.24770296
0,0.25102156
0,0.25137842
0,0.25446683
0,0.25413126
0,0.2528069
0,0.24429315
0,0.24324259
0,0.247742
0,0.25094354
0,0.25583404
0,0.25343102
0,0.2536583
0,0.2458425
0,0.24197334
0,0.24031256
0,0.2448944
0,0.23977491
0,0.24304822
0,0.24381042
0,0.25481805
0,0.23980281
0,0.24365571
0,0.24047418
0,0.24602123
0,0.2528438
0,0.25492927
0,0.25810468
0,0.2582646
0,0.2498809
0,0.24449407
0,0.24229206
0,0.25175586
0,0.24239984
0,0.24929902
0,0.2510652
0,0.2549685
0,0.24461655
0,0.24447942
0,0.24266331
0,0.24656835
0,0.24785635
0,0.23802803
0,0.24293666
0,0.24546583
0,0.2381224
0,0.23669639
0,0.24144113
0,0.24690442
0,0.25032574
0,0.26207396
0,0.2525059
0,0.24848011
0,0.24158855
0,0.24323091
0,0.2580679
0,0.26000285
0,0.25932497
0,0.2623364
0,0.26269886
0,0.25114784
0,0.24842486
0,0.24487168
0,0.2436275
0,0.24510832
0,0.25092065
0,0.25399587
0,0.25418615
0,0.24454696
0,0.2515358
0,0.24682896
0,0.25586656
0,0.2542911
0,0.25421387
0,0.25383833
0,0.25204933
0,0.24348386
0,0.24770166
0,0.2499036
0,0.24943602
0,0.2501322
0,0.24838845
0,0.24989565
0,0.26036525
0,0.25848037
0,0.25320143
0,0.25171345
0,0.24953552
0,0.25278652
0,0.2591661
0,0.26816317
0,0.26680574
0,0.25678486
0,0.25237498
0,0.25418156
0,0.2603518
0,0.25484768
0,0.24854898
0,0.2503852
0,0.25972596
0,0.24313885
0,0.24198475
0,0.25562048
0,0.25254348
0,0.26004705
0,0.2626119
0,0.30101645
0,0.28129652
0,0.259259
0,0.26561457
0,0.25386035
0,0.25028613
0,0.25784597
0,0.2538477
0,0.25727552
0,0.25364342
0,0.24663515
0,0.24866648
0,0.2481431
0,0.25362968
0,0.2589456
0,0.24675152
0,0.2575525
0,0.24988545
0,0.24317347
0,0.2440329
0,0.24642329
0,0.25552076
0,0.25803447
0,0.24882528
0,0.24613768
0,0.24262318
0,0.24178283
0,0.23922364
0,0.24810553
0,0.25082704
0,0.25115386
0,0.25675538
0,0.25495636
0,0.2434339
0,0.24357918
0,0.23749664
0,0.24432014
0,0.25055486
0,0.24881206
0,0.2510048
0,0.26173234
0,0.24750507
0,0.24304032
0,0.24530706
0,0.24350356
0,0.24606656
0,0.2482768
0,0.25595078
0,0.25703257
0,0.2449702
0,0.24596235
0,0.24469511
0,0.25379524
0,0.25992903
0,0.26079196
0,0.25864184
0,0.2502507
0,0.24784137
0,0.2481254
0,0.24722458
0,0.26557872
0,0.26002958
0,0.25908783
0,0.26452973
0,0.26158172
0,0.2507337
0,0.24480705
0,0.2465532
0,0.24093266
0,0.24879104
0,0.2514916
0,0.25252655
0,0.252856
0,0.24864167
0,0.2420333
0,0.24209525
0,0.24629182
0,0.24621667
0,0.2479412
0,0.24835338
0,0.24634802
0,0.24115606
0,0.2590979
0,0.25030088
0,0.2568461
0,0.261122
0,0.26202855
0,0.2650091
0,0.25391096
0,0.24583016
0,0.24672587
0,0.25305998
0,0.2634938
0,0.24971652
0,0.2588555
0,0.26145998
0,0.2519167
0,0.24666092
0,0.24783032
0,0.25250778
0,0.25590765
0,0.256111
0,0.26124844
0,0.25893477
0,0.2473883
0,0.24691151
0,0.23970017
0,0.24661797
0,0.25480992
0,0.2529019
0,0.24121016
0,0.24106713
0,0.23848905
0,0.24347886
0,0.24503744
0,0.24469586
0,0.25515664
0,0.25827292
0,0.24511422
0,0.25726736
0,0.25415236
0,0.24957637
0,0.24776858
0,0.25647885
0,0.25762603
0,0.26094356
0,0.27251068
0,0.25383356
0,0.24971786
0,0.24709624
0,0.24340458
0,0.2462965
0,0.2514794
0,0.25374493
0,0.24961522
0,0.25208744
0,0.24890798
0,0.24208012
0,0.24843848
0,0.2501269
0,0.25078118
0,0.25288698
0,0.25676066
0,0.25307894
0,0.25105333
0,0.25154912
0,0.25011653
0,0.2482253
0,0.2576395
0,0.26178265
0,0.25452772
0,0.2561557
0,0.24594076
0,0.2458762
0,0.24491432
0,0.25573707
0,0.2588372
0,0.26015902
0,0.25169334
0,0.24860533
0,0.25659627
0,0.2753991
0,0.2558664
0,0.26166508
0,0.25788653
0,0.261116
0,0.2610913
0,0.25089204
0,0.245964
0,0.24127294
0,0.25630182
0,0.2547826
0,0.25391027
0,0.2555559
0,0.25497898
0,0.25016907
0,0.25105703
0,0.25262067
0,0.24706785
0,0.25021353
0,0.24906288
0,0.26112294
0,0.26377353
0,0.2546215
0,0.25214747
0,0.25028998
0,0.24710405
0,0.24646656
0,0.24440247
0,0.25985086
0,0.25882244
0,0.25005215
0,0.25042158
0,0.24550158
0,0.25428975
0,0.24940482
0,0.24307147
0,0.25299108
0,0.24880129
0,0.24395294
0,0.23736791
0,0.24790315
0,0.24904807
0,0.25139916
0,0.25225323
0,0.25336576
0,0.253386
0,0.2455455
0,0.24997668
0,0.25601444
0,0.24785167
0,0.2498745
0,0.24464224
0,0.24945894
0,0.24788679
0,0.24283352
0,0.24548608
0,0.24580738
0,0.2466269
0,0.25729543
0,0.2616971
0,0.24969518
0,0.24942642
0,0.25386938
0,0.24796556
0,0.2579644
0,0.26169354
0,0.2632443
0,0.2590244
0,0.25625536
0,0.2619233
0,0.24511652
0,0.25066015
0,0.2557284
0,0.25932854
0,0.2602897
0,0.2650119
0,0.26237267
0,0.24997148
0,0.25526702
0,0.25781024
0,0.25310773
0,0.25502264
0,0.2540739
0,0.2563857
0,0.2655345
0,0.26924917
0,0.26141423
0,0.25889182
0,0.25161952
0,0.2575906
0,0.25306454
0,0.25555435
0,0.26918986
0,0.2563485
0,0.2533907
0,0.25154212
0,0.25895196
0,0.26260528
0,0.26743984
0,0.26652673
0,0.2665311
0,0.25603026
0,0.25097868
0,0.24894549
0,0.25832188
0,0.25930288
0,0.25935602
0,0.26573452
0,0.2585231
0,0.24987897
0,0.2507282
0,0.25063404
0,0.25903237
0,0.26121318
0,0.2700031
0,0.25758085
0,0.25874573
0,0.2514581
0,0.2538884
0,0.25108215
0,0.2562791
0,0.25645816
0,0.25941125
0,0.25389346
0,0.25087258
0,0.2439403
0,0.24504122
0,0.24309906
0,0.25387338
0,0.25833163
0,0.26106194
0,0.26346055
0,0.25420764
0,0.26025376
0,0.25082833
0,0.2630431
0,0.2503017
0,0.26728213
0,0.26355323
0,0.26816833
0,0.2544414
0,0.25941062
0,0.26322624
0,0.25629598
0,0.2635067
0,0.2640673
0,0.27032328
0,0.26317957
0,0.28196344
0,0.26722044
0,0.2691062
0,0.26393914
0,0.26558703
0,0.2603812
0,0.2687729
0,0.27024442
0,0.25652358
0,0.25175324
0,0.25322244
0,0.260891
0,0.25427052
0,0.2671508
0,0.2683893
0,0.32806098
0,0.2805096
0,0.26927072
0,0.26546615
0,0.27364784
0,0.2686833
0,0.26905096
0,0.2588578
0,0.26377872
0,0.2537849
0,0.25951046
0,0.2587634
0,0.25939503
0,0.2587167
0,0.2553503
0,0.25193027
0,0.2553062
0,0.2484942
0,0.25332835
0,0.2536682
0,0.25485772
0,0.25940365
0,0.2571346
0,0.260762
0,0.2556333
0,0.2585525
0,0.25450495
0,0.25833356
0,0.25756165
0,0.26335067
0,0.26451948
0,0.25922048
0,0.25373602
0,0.2613396
0,0.26820472
0,0.26540625
0,0.26441902
0,0.26556107
0,0.26568806
0,0.26396406
0,0.2642957
0,0.26369864
0,0.26828647
0,0.2742124
0,0.26608574
0,0.26981753
0,0.26514557
0,0.27274787
0,0.25903794
0,0.2589133
0,0.25832987
0,0.2576889
0,0.25682133
0,0.25710386
0,0.2667676
0,0.24868402
0,0.2463099
0,0.24953325
0,0.24918002
0,0.24946333
0,0.2521922
0,0.28394538
0,0.27316797
0,0.27083296
0,0.25285202
0,0.25210595
0,0.2487154
0,0.26315388
0,0.26841494
0,0.2543074
0,0.26036355
0,0.2616842
0,0.24710333
0,0.24992724
0,0.25460064
0,0.24879853
0,0.25475731
0,0.25608918
0,0.25698623
0,0.25569382
0,0.24623676
0,0.24296837
0,0.25644547
0,0.25492585
0,0.25525495
0,0.24889755
0,0.2470939
0,0.2494825
0,0.25894165
0,0.25236562
0,0.25153556
0,0.25054464
0,0.25180933
0,0.25972798
0,0.27516672
0,0.2599877
0,0.25341076
0,0.2510981
0,0.24921642
0,0.25946134
0,0.26083788
0,0.26406053
0,0.2647341
0,0.25565842
0,0.25780606
0,0.2550802
0,0.25067222
0,0.26055193
0,0.25964457
0,0.2504918
0,0.25823176
0,0.254398
0,0.24763477
0,0.2547682
0,0.24698538
0,0.25314626
0,0.25550202
0,0.28467873
0,0.2669867
0,0.24999076
0,0.25608006
0,0.2566695
0,0.24822228
0,0.2539527
0,0.25829726
0,0.25536796
0,0.25384432
0,0.24105509
0,0.2476424
0,0.2483161
0,0.25860593
0,0.2564624
0,0.2564078
0,0.2617084
0,0.26424178
0,0.24721016
0,0.2477286
0,0.24379598
0,0.24845843
0,0.2550245
0,0.2620497
0,0.26090035
0,0.2556214
0,0.24935818
0,0.246393
0,0.24634585
0,0.24737994
0,0.24927382
0,0.24957347
0,0.24542625
0,0.25633147
0,0.24733514
0,0.25216967
0,0.25076059
0,0.24946436
0,0.24553101
0,0.24947226
0,0.24728072
0,0.2770243
0,0.2672709
0,0.26598924
0,0.2578817
0,0.25431198
0,0.25163597
0,0.2606326
0,0.26251593
0,0.2536718
0,0.25070745
0,0.24656542
0,0.25536013
0,0.2564979
0,0.2601743
0,0.26182628
0,0.26893842
0,0.27516025
0,0.26797268
0,0.27115506
0,0.25428912
0,0.25914183
0,0.27662537
0,0.26506734
0,0.2529154
0,0.24658327
0,0.24345419
0,0.2384746
0,0.24566035
0,0.25383878
0,0.2520692
0,0.25708476
0,0.26493928
0,0.25244382
0,0.29422957
0,0.2700592
0,0.26319593
0,0.2602452
0,0.2553365
0,0.25456607
0,0.2623879
0,0.2542594
0,0.25178945
0,0.25152558
0,0.25929704
0,0.26275557
0,0.2634368
0,0.25956437
0,0.25773144
0,0.26016325
0,0.25013933
0,0.24767482
0,0.254894
0,0.25279692
0,0.24613176
0,0.25323778
0,0.2505175
0,0.24396534
0,0.25268915
0,0.24747373
0,0.24171951
0,0.2470629
0,0.24355161
0,0.24768594
0,0.24761842
0,0.24143997
0,0.2452136
0,0.24201432
0,0.25390664
0,0.26305094
0,0.2592811
0,0.25327647
0,0.25091624
0,0.24765734
0,0.24490714
0,0.24283129
0,0.25264272
0,0.25313312
0,0.256049
0,0.25528327
0,0.24576233
0,0.25343424
0,0.24339741
0,0.2492816
0,0.25178236
0,0.25368512
0,0.25679153
0,0.2564236
0,0.25618434
0,0.24657305
0,0.2398816
0,0.24212241
0,0.24956098
0,0.24238053
0,0.2504275
0,0.25873366
0,0.24165286
0,0.24634513
0,0.24547629
0,0.24428342
0,0.26066905
0,0.26176018
0,0.26374662
0,0.26202115
0,0.24782155
0,0.24746482
0,0.24631879
0,0.24386537
0,0.25150955
0,0.25624815
0,0.25762075
0,0.25711036
0,0.24879323
0,0.24575844
0,0.24227995
0,0.25087547
0,0.25874373
0,0.2624696
0,0.26431856
0,0.25090167
0,0.24624132
0,0.24328323
0,0.24408032
0,0.2559983
0,0.25535262
0,0.256977
0,0.25624052
0,0.25728014
0,0.24601725
0,0.25147966
0,0.2511937
0,0.251755
0,0.2501253
0,0.24972153
0,0.25082582
0,0.25090694
0,0.24500404
0,0.24701561
0,0.2473299
0,0.24652813
0,0.2504593
0,0.25335845
0,0.2594433
0,0.25129992
0,0.25416967
0,0.24990776
0,0.24621892
0,0.25512135
0,0.2594579
0,0.25534028
0,0.2597223
0,0.25486505
0,0.24685884
0,0.24890594
0,0.24116358
0,0.23924008
0,0.2368769
0,0.24008642
0,0.24869767
0,0.23920627
0,0.24749345
0,0.23934172
0,0.24954887
0,0.24885307
0,0.24975656
0,0.2510687
0,0.26063988
0,0.24913216
0,0.25210208
0,0.2520486
0,0.2518013
0,0.24968712
0,0.2422375
0,0.2523252
0,0.26365957
0,0.25958037
0,0.26340526
0,0.25499195
0,0.25171193
0,0.25860703
0,0.260969
0,0.2636209
0,0.26567048
0,0.25543028
0,0.25528184
0,0.25049806
0,0.26305336
0,0.26200518
0,0.26362062
0,0.27020848
0,0.25330073
0,0.24963844
0,0.24941307
0,0.24448375
0,0.24793088
0,0.25887716
0,0.2627854
0,0.26078203
0,0.25888577
0,0.25245312
0,0.25392082
0,0.26116535
0,0.25716487
0,0.2612234
0,0.25787026
0,0.26782623
0,0.26244214
0,0.26038182
0,0.25919613
0,0.2548339
0,0.25409493
0,0.26395914
0,0.2724998
0,0.27158004
0,0.26045915
0,0.25610766
0,0.25319892
0,0.2495077
0,0.26353845
0,0.25091934
0,0.24862526
0,0.24573423
0,0.24807017
0,0.24517977
0,0.24272983
0,0.24201761
0,0.25599343
0,0.2515805
0,0.25622612
0,0.2582858
0,0.25266138
0,0.24612345
0,0.25351885
0,0.25514454
0,0.2593585
0,0.24556378
0,0.25617987
0,0.26594093
0,0.24706759
0,0.25232622
0,0.2524325
0,0.24796335
0,0.25502068
0,0.2511931
0,0.2446051
0,0.26270714
0,0.24697182
0,0.24839574
0,0.24741112
0,0.24648407
0,0.24556087
0,0.25596732
0,0.24925363
0,0.24616787
0,0.2454766
0,0.25463223
0,0.24699092
0,0.25433612
0,0.256732
0,0.25344068
0,0.2571836
0,0.2597158
0,0.24375562
0,0.24341422
0,0.255664
0,0.2598402
0,0.26269215
0,0.2643633
0,0.26457277
0,0.25756997
0,0.25139073
0,0.2530872
0,0.2515842
0,0.24492608
0,0.24774341
0,0.25261095
0,0.2555686
0,0.25170216
0,0.2444044
0,0.24559404
0,0.24549744
0,0.25658718
0,0.26449767
0,0.25323272
0,0.25975046
0,0.25219318
0,0.26000836
0,0.2614386
0,0.26152915
0,0.2693574
0,0.2665349
0,0.2713404
0,0.27259925
0,0.25810906
0,0.25312024
0,0.2555804
0,0.2470189
0,0.25802216
0,0.25809118
0,0.26383674
0,0.2658201
0,0.26444736
0,0.26512578
0,0.2610857
0,0.25820622
0,0.25744462
0,0.250294
0,0.25341365
0,0.26330516
0,0.25693458
0,0.25473407
0,0.25963712
0,0.28452227
0,0.26541612
0,0.25982782
0,0.27285802
0,0.27710986
0,0.29737422
0,0.2718519
0,0.26473725
0,0.2642713
0,0.26705673
0,0.25691935
0,0.26360005
0,0.26430154
0,0.25368565
0,0.25430045
0,0.25840238
0,0.25965738
0,0.25983453
0,0.25801924
0,0.25881174
0,0.2642311
0,0.26657277
0,0.26213548
0,0.25924063
0,0.2584215
0,0.25574327
0,0.25596476
0,0.25601628
0,0.25425854
0,0.24773294
0,0.25041205
0,0.25118974
0,0.25075823
0,0.24487592
0,0.2369046
0,0.24119538
0,0.24100825
0,0.23676533
0,0.24025816
0,0.2451092
0,0.24181168
0,0.24109684
0,0.24021609
0,0.24386369
0,0.23977564
0,0.23855865
0,0.23696595
0,0.23648627
0,0.23513477
0,0.23856017
0,0.2564574
0,0.28765807
0,0.27884948
0,0.27414727
0,0.2825936
0,0.27987507
0,0.2729314
0,0.28798452
0,0.27538797
0,0.31581262
0,0.2922326
0,0.27580896
0,0.2727099
0,0.27521655
0,0.26777083
0,0.25966954
0,0.26206195
0,0.26646855
0,0.27285028
0,0.26721627
0,0.26439494
0,0.2686097
0,0.26320592
0,0.26240775
0,0.2652709
0,0.26739195
0,0.2621193
0,0.26690704
0,0.2726626
0,0.2637363
0,0.2729336
0,0.26825723
0,0.2659459
0,0.28098422
0,0.27588147
0,0.27452153
0,0.2922034
0,0.27456385
0,0.28162682
0,0.28106913
0,0.28685224
0,0.29013124
0,0.28581944
0,0.28249028
0,0.2871405
0,0.2743623
0,0.27263704
0,0.2821931
0,0.27734143
0,0.28336066
0,0.29261324
0,0.27301842
0,0.26722142
0,0.2685487
0,0.26192877
0,0.2802759
0,0.28632998
0,0.27379948
0,0.28140637
0,0.28187388
0,0.281966
0,0.28298515
0,0.27489096
0,0.26998374
0,0.26665705
0,0.27438188
0,0.2826144
0,0.28107423
0,0.28162077
0,0.28060433
0,0.28624463
0,0.28216654
0,0.272757
0,0.2650127
0,0.2667132
0,0.26016307
0,0.2568675
0,0.26456875
0,0.26739156
0,0.26814532
0,0.25829673
0,0.26465264
0,0.27294987
0,0.2854351
0,0.2724706
0,0.27215877
0,0.31801006
0,0.28672525
0,0.2912317
0,0.2797287
0,0.2741888
0,0.26881593
0,0.26287386
0,0.27959013
0,0.28058967
0,0.2763504
0,0.28620437
0,0.27173454
0,0.27847093
0,0.27417618
0,0.27167597
0,0.2703159
0,0.27530724
0,0.27578232
0,0.27136815
0,0.29960957
0,0.27930683
0,0.2803494
0,0.3189769
0,0.2886727
0,0.28686053
0,0.2728106
0,0.2670236
0,0.27350807
0,0.26147705
0,0.2635073
0,0.27797922
0,0.2672534
0,0.28454882
0,0.27583262
0,0.27307034
1,0.28924277
1,0.27099738
1,0.2659537
1,0.27782702
1,0.27633092
1,0.27918234
1,0.27064076
1,0.2688079
1,0.2827214
1,0.28790104
1,0.28155807
1,0.28355485
1,0.2824246
1,0.28340283
1,0.27758428
0,0.8186136
0,0.55934656
0,0.4810899
0,0.41641048
0,0.37976736
0,0.46029183
0,0.3665916
0,0.32149038
0,0.28911117
0,0.27143842
0,0.258406
0,0.24676274
0,0.23617275
0,0.23666738
0,0.22202517
0,0.19428684
0,0.1780145
0,0.1805304
0,0.17752738
0,0.18000789
0,0.18821627
0,0.19725181
0,0.20025834
0,0.2183645
0,0.23555699
0,0.24809599
0,0.25266317
0,0.26312447
0,0.26453495
0,0.27031186
0,0.27783012
0,0.3000616
0,0.29041663
0,0.28203973
0,0.28439546
0,0.27450863
0,0.28448287
0,0.303072
0,0.2833698
0,0.28373012
0,0.2815203
0,0.26959288
0,0.26707634
0,0.26142406
0,0.26940465
0,0.2819391
0,0.31208217
0,0.2895057
0,0.2715589
0,0.26836824
0,0.2767564
0,0.2678728
0,0.2703838
0,0.28095794
0,0.27858487
0,0.2892666
0,0.3016503
0,0.29315856
0,0.28090262
0,0.28762272
0,0.27021772
0,0.2819237
0,0.2818059
0,0.27085656
0,0.2801311
0,0.28114918
0,0.2832784
0,0.27206647
0,0.2725015
0,0.27068433
0,0.26551723
0,0.2737015
0,0.2811436
0,0.29688883
0,0.28075364
0,0.28800526
0,0.2762646
0,0.2780167
0,0.28288004
0,0.2766742
0,0.2662837
0,0.2606259
0,0.2736197
0,0.27078208
0,0.2717282
0,0.28319377
0,0.26433885
0,0.27979654
0,0.26731414
0,0.268543
0,0.27738693
0,0.28148353
0,0.27822912
0,0.2749548
0,0.2761715
0,0.27005675
0,0.26827842
0,0.2556097
0,0.26145008
0,0.26128587
0,0.27931997
0,0.27915898
0,0.27553314
0,0.2837316
0,0.2665316
0,0.26581153
0,0.268654
0,0.26224813
0,0.26184726
0,0.28229448
0,0.28586558
0,0.28195632
0,0.28055158
0,0.27890682
0,0.27964383
0,0.27816015
0,0.27039745
0,0.27400902
0,0.27932468
0,0.28638816
0,0.2728634
0,0.2738724
0,0.27308974
0,0.27742267
0,0.2735409
0,0.25987276
0,0.27659532
0,0.270446
0,0.2814088
0,0.28459018
0,0.26885435
0,0.27491668
0,0.28023988
0,0.27600175
0,0.27639106
0,0.26993233
0,0.28089827
0,0.28846803
0,0.28603402
0,0.28155205
0,0.27335605
0,0.30960575
0,0.28145272
0,0.2839631
0,0.2834084
0,0.27225882
0,0.28138232
0,0.37663957
0,0.31794095
0,0.29072887
0,0.28016263
0,0.27753493
0,0.30213594
0,0.28143397
0,0.2813661
0,0.27354565
0,0.28069732
0,0.27735355
0,0.27947712
0,0.26995865
0,0.26593298
0,0.26452056
0,0.26608118
0,0.2722202
0,0.2739354
0,0.26918292
0,0.27406147
0,0.28058615
0,0.27035192
0,0.27973875
0,0.270435
0,0.2738164
0,0.26702893
0,0.2824681
0,0.35686266
0,0.30066755
0,0.2975399
0,0.2819787
0,0.274445
0,0.2687545
0,0.27730563
0,0.27349842
0,0.28330487
0,0.2829056
0,0.2760096
0,0.27221555
0,0.27108133
0,0.2750823
0,0.28096104
0,0.27047265
0,0.3240756
0,0.28079927
0,0.28310007
0,0.27208763
0,0.27543616
0,0.28348872
0,0.28239763
0,0.39409554
0,0.32321393
0,0.31524923
0,0.29644167
0,0.29791266
0,0.28534016
0,0.2947745
0,0.29216543
0,0.28028777
0,0.28699088
0,0.27655926
0,0.26888964
0,0.2686441
0,0.27839643
0,0.27899754
0,0.27501687
0,0.27887067
0,0.2817491
0,0.29425323
0,0.28620693
0,0.28419954
0,0.36555573
0,0.3131199
0,0.29612613
0,0.2970193
0,0.2879763
0,0.29562014
0,0.27569953
0,0.278522
0,0.27771184
0,0.26675087
0,0.27757424
0,0.28580007
0,0.28296897
0,0.27535206
0,0.28443602
0,0.27493474
0,0.28802618
0,0.3336319
0,0.30177203
0,0.29418564
0,0.29091164
0,0.2857883
0,0.28864136
0,0.27698794
0,0.28354138
0,0.32552338
0,0.2946737
0,0.28118947
0,0.28975514
0,0.27991846
0,0.2832437
0,0.27738926
0,0.2925851
0,0.32130125
0,0.28611052
0,0.28021047
0,0.29284722
0,0.29036686
0,0.2956043
0,0.2923075
0,0.2946085
0,0.27490965
0,0.26629114
0,0.26875162
0,0.27769426
0,0.26980463
0,0.2830815
0,0.28215632
0,0.34321833
0,0.34165683
0,0.3181359
0,0.30275553
0,0.28450862
0,0.27494594
0,0.27522805
0,0.3679335
0,0.32435846
0,0.29808643
0,0.2983846
0,0.29522687
0,0.28230911
0,0.29288238
0,0.2876884
0,0.4535295
0,0.3446999
0,0.32478645
0,0.30881104
0,0.30815083
0,0.29428384
0,0.28718665
0,0.27173737
0,0.27756202
0,0.2708736
0,0.2575135
0,0.26186618
0,0.26080015
0,0.26748776
0,0.25575787
0,0.27574253
0,0.2760963
0,0.28028286
0,0.27600098
0,0.2753454
0,0.27219757
0,0.26815605
0,0.26482758
0,0.26633295
0,0.27369127
0,0.26903868
0,0.27347627
0,0.2734489
0,0.26272872
0,0.27629754
0,0.27921265
0,0.28846776
0,0.2856118
0,0.28090137
0,0.27875704
0,0.2826146
0,0.28269014
0,0.28212652
0,0.27761343
0,0.2757501
0,0.29032147
0,0.29579097
0,0.29741374
0,0.28768092
0,0.28048962
0,0.2763825
0,0.27426606
0,0.2709502
0,0.3373331
0,0.31545222
0,0.29710865
0,0.29575217
0,0.28627664
0,0.27557158
0,0.27170333
0,0.27194214
0,0.2824932
0,0.28089827
0,0.28490987
0,0.28653127
0,0.27798018
0,0.29644066
0,0.27508932
0,0.3671255
0,0.31878653
0,0.30157644
0,0.29741672
0,0.29349804
0,0.28536376
0,0.2873512
0,0.30425534
0,0.29206312
0,0.27842402
0,0.28320247
0,0.28020006
0,0.27612135
0,0.26957822
0,0.26952288
0,0.27471134
0,0.26152766
0,0.31078205
0,0.27157447
0,0.2863749
0,0.28776434
0,0.27829608
0,0.2737682
0,0.2876646
0,0.28476
0,0.2760675
0,0.28918156
0,0.37143677
0,0.3087636
0,0.2916571
0,0.31107372
0,0.29774737
0,0.30445498
0,0.30481893
0,0.30381328
0,0.2932163
0,0.29710224
0,0.2834666
0,0.28382343
0,0.28189307
0,0.2763802
0,0.2727203
0,0.27556103
0,0.26517966
0,0.26502892
0,0.25939018
0,0.26779667
0,0.2743936
0,0.2714034
0,0.2718335
0,0.2772299
0,0.2787807
0,0.30449635
0,0.30840594
0,0.2939529
0,0.27692974
0,0.28603327
0,0.2831871
0,0.29203382
0,0.3084356
0,0.35085
0,0.32572427
0,0.30220088
0,0.32346103
0,0.30268687
0,0.2905991
0,0.28351116
0,0.2780886
0,0.26963502
0,0.27631804
0,0.28730085
0,0.2922186
0,0.2816668
0,0.27349576
0,0.2745157
0,0.29094937
0,0.27435386
0,0.3057472
0,0.3015053
0,0.28052443
0,0.26767838
0,0.28158903
0,0.27926314
0,0.28083315
0,0.2802085
0,0.2686289
0,0.26980147
0,0.25870895
0,0.2596481
0,0.2796912
0,0.27072564
0,0.27914855
0,0.27133155
0,0.2850464
0,0.27304548
0,0.29321578
0,0.2857235
0,0.27371705
0,0.27493352
0,0.27860144
0,0.28475678
0,0.28268823
0,0.2941298
0,0.29030517
0,0.29156408
0,0.2965091
0,0.2851846
0,0.30009818
0,0.2851885
0,0.28008595
0,0.2753916
0,0.3127787
0,0.36468905
0,0.30963087
0,0.30194765
0,0.31253335
0,0.2977562
0,0.2908077
0,0.28523126
0,0.29995894
0,0.28025275
0,0.28481722
0,0.27306914
0,0.2696529
0,0.27216968
0,0.27609602
0,0.2671774
0,0.27456227
0,0.27654523
0,0.27637556
0,0.27098745
0,0.2813038
0,0.28487054
0,0.27495128
0,0.28071812
0,0.28453425
0,0.29024667
0,0.28651577
0,0.30868244
0,0.29873565
0,0.28109124
0,0.28502643
0,0.26761064
0,0.276086
0,0.26512036
0,0.26815462
0,0.26648378
0,0.28288692
0,0.27411053
0,0.28714353
0,0.29121268
0,0.2721836
0,0.27058446
0,0.28400677
0,0.2888653
0,0.2793685
0,0.29437897
0,0.29315326
0,0.29371998
0,0.28559867
0,0.283639
0,0.3592172
0,0.30446562
0,0.30143028
0,0.2909657
0,0.28992504
0,0.35637477
0,0.31629762
0,0.30138782
0,0.29055232
0,0.29425496
0,0.28900725
0,0.2908504
0,0.2809928
0,0.2871898
0,0.28693366
0,0.28825963
0,0.2880597
0,0.27802187
0,0.28399995
0,0.27889758
0,0.2772077
0,0.28214818
0,0.28186718
0,0.27749038
0,0.29056627
0,0.30223587
0,0.27950642
0,0.27733037
0,0.2748648
0,0.28106976
0,0.2696886
0,0.28115147
0,0.27320176
0,0.2708602
0,0.27519184
0,0.2817628
0,0.27141312
0,0.2736984
0,0.28482082
0,0.26821464
0,0.28353253
0,0.27772677
0,0.28595534
0,0.28842187
0,0.2749504
0,0.27576116
0,0.29084706
0,0.2858153
0,0.2879685
0,0.29429638
0,0.29058465
0,0.29398707
0,0.28078744
0,0.27063146
0,0.2733562
0,0.28057483
0,0.27120298
0,0.29875436
0,0.28862974
0,0.28540108
0,0.28454077
0,0.26870143
0,0.26704356
0,0.2756277
0,0.27040848
0,0.25784382
0,0.2601224
0,0.26990336
0,0.27181056
0,0.27398634
0,0.2860091
0,0.2748749
0,0.27059028
0,0.2737187
0,0.2742254
0,0.2802978
0,0.29464138
0,0.2827595
0,0.3036561
0,0.31534222
0,0.29235995
0,0.29162273
0,0.28794688
0,0.2752865
0,0.2805928
0,0.3520474
0,0.29543868
0,0.2966624
0,0.28138438
0,0.28763276
0,0.28582245
0,0.2797975
0,0.2728375
0,0.27344137
0,0.26766643
0,0.2694293
0,0.28017157
0,0.27450815
0,0.27204204
0,0.28047603
0,0.2740557
0,0.27078256
0,0.2646206
0,0.26703918
0,0.30757314
0,0.27570817
0,0.29062572
0,0.28195885
0,0.28367463
0,0.28788802
0,0.2860445
0,0.34483212
0,0.3144777
0,0.30707282
0,0.2912061
0,0.27848965
0,0.28296265
0,0.28577942
0,0.28910083
0,0.2889178
0,0.2955175
0,0.2807733
0,0.2814778
0,0.28072682
0,0.27836847
0,0.28283697
0,0.2727292
0,0.27952954
0,0.27018708
0,0.27702394
0,0.27449998
0,0.28355893
0,0.28085026
0,0.29922894
0,0.28901452
0,0.3047614
0,0.2971975
0,0.3496381
0,0.30729857
0,0.29909897
0,0.30117851
0,0.28951642
0,0.28463122
0,0.26979715
0,0.27461153
0,0.27889594
0,0.28166005
0,0.27677178
0,0.28020576
0,0.27700523
0,0.36168185
0,0.31461748
0,0.35747892
0,0.3147566
0,0.30279058
0,0.29484197
0,0.27229774
0,0.27239442
0,0.2742035
0,0.27259463
0,0.2791476
0,0.3018945
0,0.30172202
0,0.27069482
0,0.27682897
0,0.27824417
0,0.27427435
0,0.27831605
0,0.27406013
0,0.27817848
0,0.27900144
0,0.2949136
0,0.29653683
0,0.30510405
0,0.28442356
0,0.30991945
0,0.28568918
0,0.28380203
0,0.28490585
0,0.29757446
0,0.2796377
0,0.28543612
0,0.29040647
0,0.28156772
0,0.2872096
0,0.2902098
0,0.28496692
0,0.27298746
0,0.26773074
0,0.27962482
0,0.27041227
0,0.25872123
0,0.25826547
0,0.28383768
0,0.28112125
0,0.28210995
0,0.28043655
0,0.2885811
0,0.29580277
0,0.28834358
0,0.28516698
0,0.30109045
0,0.2831533
0,0.28078273
0,0.2811703
0,0.2734858
0,0.27337706
0,0.27521697
0,0.6812108
0,0.49728003
0,0.42767334
0,0.36597422
0,0.33144858
0,0.30458164
0,0.298155
0,0.30931762
0,0.29265827
0,0.28066853
0,0.2642026
0,0.26539335
0,0.26776308
0,0.26162258
0,0.2570535
0,0.26357067
0,0.25686556
0,0.24893433
0,0.24525394
0,0.23232698
0,0.23548359
0,0.25135258
0,0.29224414
0,0.28065163
0,0.26498544
0,0.28369436
0,0.2753823
0,0.26817983
0,0.2661858
0,0.27058902
0,0.2844898
0,0.28657404
0,0.2748871
0,0.276232
0,0.27460203
0,0.2741673
0,0.277832
0,0.28653124
0,0.29596663
0,0.27639845
0,0.28044844
0,0.28594768
0,0.28715956
0,0.27654508
0,0.2908503
0,0.28790757
0,0.27590126
0,0.29506266
0,0.30179805
0,0.30401725
0,0.30103403
0,0.29838154
0,0.2873244
0,0.29095432
0,0.29365453
0,0.27748403
0,0.26698375
0,0.28264865
0,0.3192975
0,0.3017825
0,0.2937012
0,0.2873754
0,0.27896312
0,0.26830378
0,0.2648189
0,0.27133617
0,0.26801786
0,0.26695678
0,0.35021117
0,0.29178783
0,0.28163207
0,0.29278806
0,0.27514344
0,0.28768045
0,0.28814575
0,0.27132544
0,0.27298063
0,0.2823143
0,0.2969953
0,0.31156188
0,0.31792113
0,0.29808283
0,0.28994653
0,0.28095117
0,0.28166786
0,0.29047653
0,0.27740258
0,0.27819067
0,0.29246676
0,0.2801074
0,0.26696366
0,0.28892377
0,0.35050213
0,0.2960956
0,0.29569897
0,0.28487694
0,0.2794124
0,0.2825443
0,0.28155434
0,0.29410368
0,0.2856845
0,0.28411525
0,0.292414
0,0.28485265
0,0.28977725
0,0.27777898
0,0.27384305
0,0.2705976
0,0.28395325
0,0.28365514
0,0.29627362
0,0.2861064
0,0.29126185
0,0.30211195
0,0.28044853
0,0.29562742
0,0.2910639
0,0.29195234
0,0.28991738
0,0.28849548
0,0.27773577
0,0.27967334
0,0.2901598
0,0.27591386
0,0.2817267
0,0.29607195
0,0.290002
0,0.2812564
0,0.28451934
0,0.27828524
0,0.28028595
0,0.2931539
0,0.28520977
0,0.28018603
0,0.2806216
0,0.27416724
0,0.27589712
0,0.27183554
0,0.2688598
0,0.2684631
0,0.2897664
0,0.27965868
0,0.27857912
0,0.27736297
0,0.28098673
0,0.2883763
0,0.27906024
0,0.2988784
0,0.29020214
0,0.29318193
0,0.29695836
0,0.29518494
0,0.28356132
0,0.27863154
0,0.28688568
0,0.28338343
0,0.2827839
0,0.27963242
0,0.27903923
0,0.26771092
0,0.29133493
0,0.2817847
0,0.28477865
0,0.35237822
0,0.3116366
0,0.29663548
0,0.28854883
0,0.28824106
0,0.28143567
0,0.27468404
0,0.27356255
0,0.2723842
0,0.2705783
0,0.2897828
0,0.27570277
0,0.26823053
0,0.28671288
0,0.27251709
0,0.28261802
0,0.34218818
0,0.32032102
0,0.28769314
0,0.28601864
0,0.32451722
0,0.29964036
0,0.2993948
0,0.2866533
0,0.3096961
0,0.2873673
0,0.2879866
0,0.29724875
0,0.2794251
0,0.29324505
0,0.29871428
0,0.30257645
0,0.2936486
0,0.28016958
0,0.29139754
0,0.2978955
0,0.29787797
0,0.29517552
0,0.2869127
0,0.28657207
0,0.2791431
0,0.28036752
0,0.27059507
0,0.27125257
0,0.27496135
0,0.27560997
0,0.2757763
0,0.2717462
0,0.29276496
0,0.27111286
0,0.27522132
0,0.28686395
0,0.2851869
0,0.27927926
0,0.30513155
0,0.29058948
0,0.2828133
0,0.28385174
0,0.2763711
0,0.2785976
0,0.27926534
0,0.273313
0,0.2813476
0,0.27757204
0,0.28208694
0,0.28483003
0,0.29084003
0,0.28173366
0,0.28436577
0,0.28441143
0,0.28475094
0,0.28188094
0,0.2777029
0,0.2905303
0,0.27855372
0,0.27066866
0,0.2772377
0,0.2734695
0,0.2710801
0,0.28442144
0,0.27332953
0,0.27116755
0,0.2799459
0,0.28745916
0,0.28015128
0,0.29004267
0,0.2785493
0,0.2895017
0,0.28075787
0,0.28514668
0,0.27248183
0,0.2686743
0,0.27087933
0,0.27868953
0,0.27851033
0,0.28369048
0,0.28628606
0,0.28710777
0,0.2823776
0,0.29304317
0,0.3010241
0,0.29275817
0,0.29709607
0,0.29079416
0,0.29567558
0,0.2914717
0,0.30206716
0,0.29168227
0,0.27822378
0,0.28185412
0,0.27213392
0,0.28356823
0,0.2807116
0,0.26992157
0,0.2715576
0,0.2827848
0,0.2688422
0,0.27474296
0,0.28769726
0,0.26944432
0,0.26948687
0,0.27849343
0,0.2870007
0,0.2737567
0,0.2756866
0,0.27399835
0,0.2720283
0,0.27649084
0,0.26833406
0,0.27569303
0,0.27080894
0,0.27549428
0,0.27620235
0,0.2753586
0,0.2753274
0,0.27057552
0,0.2727401
0,0.27324352
0,0.27954817
0,0.27585903
0,0.27394935
0,0.2732438
0,0.27260247
0,0.27683514
0,0.2866028
0,0.2889245
0,0.27933407
0,0.27051383
0,0.27697453
0,0.27266172
0,0.27060995
0,0.26861045
0,0.26288673
0,0.28676623
0,0.26939923
0,0.2731534
0,0.26816177
0,0.26602328
0,0.26931867
0,0.26499045
0,0.26366705
0,0.26295835
0,0.26681468
0,0.26227477
0,0.26616606
0,0.26673886
0,0.27753788
0,0.27672774
0,0.2805896
0,0.2837523
0,0.27897733
0,0.2899661
0,0.2757579
0,0.27738103
0,0.28278187
0,0.28885883
0,0.29303733
0,0.29462782
0,0.28849363
0,0.28177437
0,0.27060333
0,0.26745203
0,0.2749159
0,0.27120885
0,0.26892424
0,0.26919165
0,0.27378985
0,0.26447588
0,0.2839009
0,0.27089807
0,0.2723683
0,0.2782247
0,0.26365525
0,0.26521915
0,0.2581002
0,0.2611903
0,0.2776236
0,0.32383403
0,0.31778
0,0.3064095
0,0.29018632
0,0.2960858
0,0.28618297
0,0.29605064
0,0.29120165
0,0.2841889
0,0.28262892
0,0.295435
0,0.28343523
0,0.29619145
0,0.28780824
0,0.28143698
0,0.28538314
0,0.28401703
0,0.29677573
0,0.2828671
0,0.2967729
0,0.29821435
0,0.28506157
0,0.27986985
0,0.2790652
0,0.27544308
0,0.27756897
0,0.28165933
0,0.2730913
0,0.27017227
0,0.27633852
0,0.26837167
0,0.27257052
0,0.2764876
0,0.28008443
0,0.3434599
0,0.30148414
0,0.30128193
0,0.29906744
0,0.29670072
0,0.30472264
0,0.29689297
0,0.29502815
0,0.29419032
0,0.28693342
0,0.28845692
0,0.2885536
0,0.2868843
0,0.28115648
0,0.28357488
0,0.27833557
0,0.29236683
0,0.27882677
0,0.2929601
0,0.28549695
0,0.2881095
0,0.2779537
0,0.27788728
0,0.2768165
0,0.28180107
0,0.27612156
0,0.26564044
0,0.26681435
0,0.2753059
0,0.26185814
0,0.2747783
0,0.29520276
0,0.29243237
0,0.2777976
0,0.28375745
0,0.2892953
0,0.2802293
0,0.28833312
0,0.28391638
0,0.28341746
0,0.2830904
0,0.28264067
0,0.28734395
0,0.29393116
0,0.28636953
0,0.27885994
0,0.2735925
0,0.2744609
0,0.26999182
0,0.2685564
0,0.28320584
0,0.27620342
0,0.27575612
0,0.28048384
0,0.27993613
0,0.2768195
0,0.2729993
0,0.2741831
0,0.28389516
0,0.28011313
0,0.2696972
0,0.26898485
0,0.26328278
0,0.26569358
0,0.26612413
0,0.26589346
0,0.26503754
0,0.25878498
0,0.2613067
0,0.25645193
0,0.26119584
0,0.27948207
0,0.27334967
0,0.27980238
0,0.27543187
0,0.28470892
0,0.28283784
0,0.2874086
0,0.30191982
0,0.29443336
0,0.28882486
0,0.29788294
0,0.29207897
0,0.2910691
0,0.2848782
0,0.2827574
0,0.2805207
0,0.28070605
0,0.289069
0,0.27507496
0,0.27467948
0,0.2922028
0,0.29076108
0,0.28063968
0,0.27790967
0,0.2741926
0,0.2669976
0,0.27274477
0,0.26957023
0,0.27189633
0,0.26832423
0,0.27169582
0,0.2886799
0,0.27370104
0,0.28020504
0,0.27573752
0,0.28674525
0,0.28437042
0,0.27148506
0,0.27316839
0,0.29423946
0,0.28883386
0,0.29103383
0,0.27979526
0,0.29045945
0,0.30058393
0,0.30361524
0,0.29543296
0,0.2870993
0,0.27667958
0,0.27112412
0,0.2719934
0,0.28727072
0,0.27629802
0,0.27400637
0,0.27086636
0,0.28603575
0,0.26767913
0,0.27345863
0,0.26922035
0,0.26617154
0,0.2655744
0,0.27004337
0,0.27114922
0,0.28309086
0,0.28775012
0,0.28983983
0,0.2809943
0,0.2882471
0,0.28482392
0,0.27243978
0,0.2806864
0,0.28022563
0,0.280294
0,0.2861903
0,0.28754443
0,0.277669
0,0.27795535
0,0.28955078
0,0.28125012
0,0.27911106
0,0.28903696
0,0.28455085
0,0.27990663
0,0.2829532
0,0.28347638
0,0.28296828
0,0.27676594
0,0.2788722
0,0.28074065
0,0.27502105
0,0.27372035
0,0.2770912
0,0.28418705
0,0.27328822
0,0.27075
0,0.27366522
0,0.2737945
0,0.27449396
0,0.26398918
0,0.26579088
0,0.26348284
0,0.26752
0,0.26749563
0,0.27993187
0,0.27394664
0,0.27185968
0,0.2771868
0,0.2712477
0,0.27634808
0,0.27678758
0,0.27163082
0,0.27538288
0,0.27547336
0,0.27542213
0,0.26977432
0,0.27258873
0,0.26770934
0,0.28319988
0,0.27761728
0,0.28237388
0,0.26557764
0,0.27101734
0,0.29469296
0,0.28086054
0,0.28372693
0,0.27178526
0,0.27183613
0,0.28395975
0,0.2739797
0,0.27787593
0,0.27718017
0,0.2726715
0,0.27294874
0,0.27451515
0,0.279167
0,0.2661873
0,0.26742846
0,0.26600498
0,0.26457393
0,0.26445433
0,0.2678818
0,0.26963896
0,0.28167507
0,0.28000578
0,0.2747831
0,0.2832082
0,0.28161365
0,0.2732905
0,0.280972
0,0.2960591
0,0.27820635
0,0.29721463
0,0.2897096
0,0.3015445
0,0.2895293
0,0.28391
0,0.29761904
0,0.2955994
0,0.28835613
0,0.2866945
0,0.28789204
0,0.2814933
0,0.28728727
0,0.27242476
0,0.2705861
0,0.28100178
0,0.27177376
0,0.2705929
0,0.26837668
0,0.28519452
0,0.27754396
0,0.27144453
0,0.34709415
0,0.2949682
0,0.2953595
0,0.27550682
0,0.2833414
0,0.3083284
0,0.28580245
0,0.29335606
0,0.29140344
0,0.30358624
0,0.2967305
0,0.27936542
0,0.28303504
0,0.28772983
0,0.28658846
0,0.27676842
0,0.2840739
0,0.27868566
0,0.27581573
0,0.27693424
0,0.2699557
0,0.28783706
0,0.27322733
0,0.26949507
0,0.271231
0,0.27751622
0,0.27864683
0,0.2795019
0,0.2735049
0,0.2715368
0,0.26947016
0,0.26883805
0,0.26595244
0,0.26530552
0,0.27836657
0,0.26974532
0,0.26768842
0,0.2815327
0,0.26903343
0,0.2718888
0,0.27815253
0,0.27446645
0,0.29101056
0,0.302842
0,0.29415786
0,0.28768173
0,0.28041
0,0.28243548
0,0.28714126
0,0.28633213
0,0.2816921
0,0.28654927
0,0.28139794
0,0.26885998
0,0.27416715
0,0.27884206
0,0.27571166
0,0.2854736
0,0.27710655
0,0.26530123
0,0.28222874
0,0.28003582
0,0.28154707
0,0.2813275
0,0.28298908
0,0.27754122
0,0.27348354
0,0.28786334
0,0.28755146
0,0.28868765
0,0.2939844
0,0.28369367
0,0.2982885
0,0.28494895
0,0.28734335
0,0.28150707
0,0.29055172
0,0.28597233
0,0.2916022
0,0.28742635
0,0.28345072
0,0.28146622
0,0.2882784
0,0.28678215
0,0.28909618
0,0.27751505
0,0.27258444
0,0.31957293
0,0.29218778
0,0.28138608
0,0.27009925
0,0.27418283
0,0.29106998
0,0.27414164
0,0.2706572
0,0.27296305
0,0.27897626
0,0.26345763
0,0.26494247
0,0.26128295
0,0.26666299
0,0.27265117
0,0.27483553
0,0.27368757
0,0.2704239
0,0.2665312
0,0.27229947
0,0.28062215
0,0.27171722
0,0.27510893
0,0.28595597
0,0.27961197
0,0.27501184
0,0.2979929
0,0.2773311
0,0.2821906
0,0.286303
0,0.29489607
0,0.28670353
0,0.30136776
0,0.28833
0,0.27888075
0,0.26928172
0,0.2686569
0,0.27760285
0,0.27699918
0,0.26440352
0,0.2644702
0,0.26855123
0,0.26825723
0,0.2631041
0,0.26595962
0,0.27136597
0,0.26862654
0,0.27694842
0,0.2869011
0,0.28662312
0,0.2691152
0,0.28029037
0,0.42777264
0,0.34660247
0,0.3336126
0,0.3140829
0,0.3030584
0,0.2911353
0,0.27925968
0,0.3060638
0,0.2853974
0,0.3023612
0,0.289468
0,0.27841476
0,0.27390212
0,0.27117535
0,0.2675545
0,0.27166444
0,0.2701388
0,0.26792243
0,0.2634037
0,0.26470008
0,0.26134932
0,0.2581173
0,0.2525491
0,0.2618159
0,0.25660953
0,0.27588564
0,0.27374607
0,0.27335492
0,0.28559333
0,0.27409688
0,0.2771112
0,0.2693104
0,0.26695085
0,0.2749977
0,0.2669385
0,0.2761798
0,0.2678592
0,0.2643719
0,0.26237634
0,0.2763252
0,0.26537734
0,0.2674262
0,0.26674548
0,0.27346268
0,0.2810001
0,0.27594042
0,0.28096363
0,0.2722313
0,0.28063267
0,0.27825767
0,0.26641908
0,0.27188796
0,0.27395174
0,0.2997996
0,0.36806202
0,0.31322864
0,0.30177963
0,0.279686
0,0.27438822
0,0.27910525
0,0.27787948
0,0.28997734
0,0.2822043
0,0.27479118
0,0.3755625
0,0.3245254
0,0.3119574
0,0.30162132
0,0.29102314
0,0.3311601
0,0.2983406
0,0.28432274
0,0.28741503
0,0.29153454
0,0.2875739
0,0.28526357
0,0.30724362
0,0.31519702
0,0.3005482
0,0.28512824
0,0.28382066
0,0.3355575
0,0.30224562
0,0.2872833
0,0.28569168
0,0.29687774
0,0.28423148
0,0.27906987
0,0.28451425
0,0.26588243
0,0.29675812
0,0.27847198
0,0.27516025
0,0.461734
0,0.3568791
0,0.32025805
0,0.31195232
0,0.28106672
0,0.2841307
0,0.291609
0,0.293886
0,0.28830358
0,0.2864974
0,0.27804646
0,0.28753066
0,0.27815118
0,0.3165461
0,0.28416717
0,0.2916077
0,0.3084702
0,0.2900873
0,0.27586335
0,0.26492292
0,0.27138844
0,0.2706247
0,0.27545348
0,0.27262795
0,0.26588523
0,0.2698801
0,0.27405578
0,0.27890572
0,0.26832423
0,0.27588812
0,0.27904376
0,0.2808173
0,0.26545417
0,0.2808582
0,0.27311248
0,0.2722526
0,0.27522358
0,0.27138883
0,0.28048107
0,0.27135196
0,0.2811561
0,0.26740322
0,0.27954915
0,0.28248352
0,0.28478253
0,0.28447407
0,0.2790363
0,0.28375474
0,0.28205305
0,0.28357735
0,0.28907615
0,0.27422497
0,0.29117006
0,0.28469044
0,0.27644834
0,0.27381516
0,0.28235897
0,0.27375856
0,0.27069396
0,0.26342306
0,0.27050197
0,0.2648543
0,0.2649198
0,0.27031875
0,0.2755495
0,0.27776876
0,0.2742451
0,0.2668379
0,0.26373225
0,0.26819593
0,0.26808792
0,0.26899338
0,0.2693248
0,0.2905361
0,0.27597594
0,0.2791191
0,0.31527638
0,0.3117714
0,0.28966016
0,0.29633963
0,0.29316884
0,0.29481375
0,0.28979892
0,0.29317373
0,0.2897008
0,0.28037906
0,0.28416622
0,0.2722747
0,0.2785609
0,0.2831342
0,0.27306998
0,0.28247514
0,0.2779414
0,0.26658425
0,0.27272338
0,0.26817048
0,0.26040176
0,0.26882824
0,0.27031985
0,0.27492562
0,0.27246803
0,0.28888264
0,0.2830098
0,0.2865155
0,0.26589352
0,0.3314794
0,0.29304188
0,0.29622474
0,0.29401922
0,0.2998969
0,0.29498726
0,0.28646788
0,0.2896855
0,0.28456572
0,0.26964042
0,0.31102592
0,0.29452947
0,0.28472495
0,0.28697294
0,0.28636646
0,0.28606063
0,0.27928257
0,0.2969483
0,0.28744277
0,0.279545
0,0.2762623
0,0.27249736
0,0.27659848
0,0.27780426
0,0.2884989
0,0.2873828
0,0.28286237
0,0.2887646
0,0.2725896
0,0.27721375
0,0.2690918
0,0.27409554
0,0.2807498
0,0.27742365
0,0.27599922
0,0.2918629
0,0.28567705
0,0.2816934
0,0.2724357
0,0.2691652
0,0.28194734
0,0.27962646
0,0.27565548
0,0.28999642
0,0.27732727
0,0.27556255
0,0.27883136
0,0.2717948
0,0.27040067
0,0.26974517
0,0.2640093
0,0.2826525
0,0.27238843
0,0.28652266
0,0.2746701
0,0.288886
0,0.2987833
0,0.29082397
0,0.28984013
0,0.29501286
0,0.29518402
0,0.2849712
0,0.28083062
0,0.287769
0,0.28256232
0,0.28850886
0,0.28498954
0,0.2770557
0,0.27959737
0,0.27356052
0,0.27586845
0,0.2803907
0,0.27303225
0,0.28129506
0,0.27731252
0,0.27152243
0,0.26898772
0,0.27027273
0,0.27252373
0,0.27612028
0,0.27318856
0,0.2725935
0,0.26704982
0,0.2933584
0,0.2768725
0,0.2733215
0,0.26968178
0,0.28105438
0,0.30054268
0,0.29695395
0,0.2917753
0,0.30903745
0,0.30119723
0,0.2880029
0,0.2878118
0,0.2870465
0,0.28629577
0,0.28516138
0,0.27323785
0,0.27555445
0,0.2785921
0,0.2845889
0,0.28057215
0,0.28027803
0,0.2684262
0,0.2683825
0,0.28900775
0,0.27327365
0,0.2689494
0,0.27202004
0,0.27071726
0,0.26494616
0,0.28432056
0,0.27520618
0,0.27905205
0,0.26800883
0,0.25888714
0,0.2649893
0,0.28097412
0,0.28331098
0,0.2910455
0,0.28309992
0,0.29121858
0,0.27802506
0,0.29017034
0,0.27621126
0,0.27228934
0,0.27461508
0,0.28540215
0,0.27828476
0,0.28150555
0,0.27093765
0,0.2726228
0,0.27104297
0,0.2868116
0,0.281672
0,0.2864689
0,0.33359057
0,0.30729935
0,0.28409076
0,0.28101003
0,0.28202438
0,0.28520647
0,0.28074047
0,0.2847228
0,0.27477595
0,0.2703549
0,0.26835823
0,0.26411107
0,0.25907904
0,0.26040506
0,0.2635561
0,0.27546394
0,0.27101195
0,0.2814404
0,0.27389234
0,0.27069238
0,0.26441205
0,0.27513078
0,0.26940894
0,0.2720818
0,0.26742733
0,0.2773154
0,0.28533152
0,0.28394365
0,0.27925372
0,0.2761189
0,0.27912515
0,0.26915687
0,0.2769881
0,0.27885547
0,0.2666676
0,0.2740257
0,0.27594072
0,0.27680638
0,0.2708299
0,0.2747899
0,0.2695506
0,0.263208
0,0.27053776
0,0.26583838
0,0.2694495
0,0.27503663
0,0.26688102
0,0.26747364
0,0.27470583
0,0.27279302
0,0.29072198
0,0.2727275
0,0.2726398
0,0.27119374
0,0.26936385
0,0.26816767
0,0.27275094
0,0.27903038
0,0.28773072
0,0.28121912
0,0.29027614
0,0.2881172
0,0.29149607
0,0.2723214
0,0.27173704
0,0.27466932
0,0.28281713
0,0.2827006
0,0.27706793
0,0.28097644
0,0.27056184
0,0.27732188
0,0.27741414
0,0.28465745
0,0.28623322
0,0.28753307
0,0.28709823
0,0.29381683
0,0.27816546
0,0.27648932
0,0.28120402
0,0.2721239
0,0.2735417
0,0.26719618
0,0.2732878
0,0.26990724
0,0.26973203
0,0.27134964
0,0.280498
0,0.28390256
0,0.28631324
0,0.28786814
0,0.28264752
0,0.2806382
0,0.27802226
0,0.2729468
0,0.2855975
0,0.27472258
0,0.3050057
0,0.27315813
0,0.28789788
0,0.27338
0,0.2811592
0,0.26904684
0,0.27670354
0,0.27728918
0,0.265233
0,0.2629403
0,0.26839978
0,0.27774775
0,0.2862214
0,0.27898163
0,0.27141684
0,0.2736371
0,0.26815733
0,0.26227292
0,0.27604407
0,0.26667354
0,0.26818365
0,0.2692702
0,0.26953906
0,0.25845042
0,0.26394096
0,0.2594261
0,0.27491397
0,0.26684257
0,0.2666832
0,0.26941046
0,0.26571894
0,0.26322728
0,0.2625151
0,0.27692425
0,0.28162175
0,0.2804546
0,0.28107
0,0.30577353
0,0.28931344
0,0.2922667
0,0.28637978
0,0.2891611
0,0.28336567
0,0.2882517
0,0.28205258
0,0.28001526
0,0.27910307
0,0.27172408
0,0.27319232
0,0.28796276
0,0.2773508
0,0.2814652
0,0.28307328
0,0.27700552
0,0.28145134
0,0.26882997
0,0.272496
0,0.27553865
0,0.27107006
0,0.26479527
0,0.26104572
0,0.28203017
0,0.27459094
0,0.2706234
0,0.2693884
0,0.27217683
0,0.28048423
0,0.2824229
0,0.27297956
0,0.28000775
0,0.28206295
0,0.2829794
0,0.27691528
0,0.28687918
0,0.2799961
0,0.27437657
0,0.2783357
0,0.26662752
0,0.2739304
0,0.27528715
0,0.27566087
0,0.2762064
0,0.27541515
0,0.274918
0,0.26812837
0,0.27177262
0,0.26499075
0,0.2632037
0,0.27250832
0,0.2689523
0,0.27489236
0,0.2768191
0,0.2606706
0,0.26680714
0,0.26167107
0,0.2633161
0,0.26302567
0,0.2801837
0,0.28602764
0,0.28244507
0,0.2908223
0,0.28989676
0,0.2767163
0,0.27616075
0,0.27670887
0,0.27080977
0,0.3222803
0,0.28565967
0,0.280136
0,0.27761754
0,0.28393337
0,0.2702619
0,0.27208322
0,0.27581507
0,0.2654249
0,0.2607314
0,0.25921124
0,0.26687625
0,0.26394573
0,0.2676199
0,0.27103725
0,0.26521546
0,0.27401865
0,0.2716758
0,0.2658174
0,0.2816249
0,0.3004364
0,0.28270644
0,0.28917146
0,0.2780952
0,0.31777167
0,0.2838812
0,0.2912496
0,0.29024822
0,0.27325422
0,0.2724873
0,0.27283946
0,0.26757455
0,0.27632168
0,0.26221314
0,0.27856854
0,0.26813716
0,0.28183267
0,0.2790191
0,0.27944368
0,0.27951977
0,0.2733321
0,0.27070245
0,0.2736706
0,0.27963886
0,0.27693406
0,0.27675515
0,0.27565318
0,0.28398418
0,0.27680668
0,0.27941665
0,0.27563936
0,0.26950186
0,0.27120006
0,0.27051985
0,0.28193605
0,0.2728649
0,0.26214212
0,0.27263373
0,0.2697615
0,0.28480226
0,0.2744111
0,0.28779685
0,0.28717825
0,0.29283828
0,0.28985068
0,0.2940429
0,0.27807745
0,0.27373922
0,0.2749236
0,0.27445412
0,0.2737966
0,0.2836637
0,0.27075094
0,0.26693362
0,0.2743489
0,0.2810238
0,0.2791716
0,0.2966853
0,0.28268144
0,0.28878626
0,0.28327778
0,0.28034827
0,0.28221262
0,0.28377596
0,0.283211
0,0.28234217
0,0.27819943
0,0.2749685
0,0.2734793
0,0.27843025
0,0.27792022
0,0.27828735
0,0.27226943
0,0.28026804
0,0.2890147
0,0.2809772
0,0.30945086
0,0.2822808
0,0.27108607
0,0.28131506
0,0.2738973
0,0.29818562
0,0.29372874
0,0.28965014
0,0.29407924
0,0.2811895
0,0.28479496
0,0.2819824
0,0.28819433
0,0.27775222
0,0.2747957
0,0.27362332
0,0.2770302
0,0.27601987
0,0.28095502
0,0.29275185
0,0.2727476
0,0.27684468
0,0.27553067
0,0.26871744
0,0.2677282
0,0.28779444
0,0.27673888
0,0.2693899
0,0.27209145
0,0.27115142
0,0.2756174
0,0.2716426
0,0.25916094
0,0.25671947
0,0.25589842
0,0.26572454
0,0.27803394
0,0.2623703
0,0.26855797
0,0.25846896
0,0.27697587
0,0.27820456
0,0.2742331
0,0.26278812
0,0.2869424
0,0.28175133
0,0.2864211
0,0.2733367
0,0.282926
0,0.27497765
0,0.28150898
0,0.27887145
0,0.28276053
0,0.28009444
0,0.2835776
0,0.27948105
0,0.28304994
0,0.2900782
0,0.28734863
0,0.27571648
0,0.2688752
0,0.28840992
0,0.2757412
0,0.29180336
0,0.28376642
0,0.2948125
0,0.2880513
0,0.27529448
0,0.2735736
0,0.27709723
0,0.2676887
0,0.2697793
0,0.28048703
0,0.2722842
0,0.28098685
0,0.28906998
0,0.28038445
0,0.2833975
0,0.2907865
0,0.30452612
0,0.28562996
0,0.2875
0,0.2863564
0,0.28572422
0,0.2906518
0,0.28673142
0,0.2846724
0,0.27220222
0,0.28202525
0,0.2682636
0,0.27432272
0,0.28147888
0,0.27898455
0,0.28257072
0,0.267563
0,0.2674641
0,0.2761878
0,0.26842713
0,0.27184123
0,0.2706389
0,0.27086896
0,0.27106398
0,0.26451582
0,0.26742896
0,0.26677448
0,0.28231102
0,0.28427282
0,0.28990397
0,0.2771299
0,0.27125105
0,0.2703197
0,0.28393164
0,0.27275804
0,0.27960137
0,0.2876624
0,0.27388686
0,0.28654733
0,0.28951883
0,0.27478415
0,0.27565232
0,0.27280882
0,0.2720666
0,0.27076623
0,0.2808195
0,0.28416604
0,0.2848161
0,0.2765034
0,0.284279
0,0.29671064
0,0.28911036
0,0.2896779
0,0.29398885
0,0.2891339
0,0.27690497
0,0.27796003
0,0.28237912
0,0.27720645
0,0.27629972
0,0.27336732
0,0.27769506
0,0.30020434
0,0.29229534
0,0.29693627
0,0.28078544
0,0.27622145
0,0.28800884
0,0.27522254
0,0.28282252
0,0.28421676
0,0.28614533
0,0.28592172
0,0.27975845
0,0.28202546
0,0.27112287
0,0.28419754
0,0.2812245
0,0.28170323
0,0.28785008
0,0.28420487
0,0.28820917
0,0.27330422
0,0.27205488
0,0.27433878
0,0.26863846
0,0.267325
0,0.27738523
0,0.2743248
0,0.27410623
0,0.27406594
0,0.279838
0,0.27478343
0,0.2630227
0,0.26376104
0,0.26157445
0,0.26060465
0,0.2594809
0,0.25789922
0,0.26816362
0,0.2818819
0,0.28378353
0,0.29082355
0,0.2702811
0,0.28660733
0,0.28110972
0,0.28869757
0,0.2890482
0,0.29241472
0,0.29238024
0,0.27790546
0,0.28554976
0,0.2890906
0,0.28543502
0,0.27979636
0,0.27106857
0,0.26557344
0,0.27297458
0,0.2797055
0,0.27584925
0,0.28130823
0,0.3664408
0,0.29993734
0,0.32359508
0,0.29790375
0,0.2884454
0,0.27851203
0,0.28328457
0,0.6380106
0,0.46607977
0,0.41308436
0,0.35689205
0,0.3428535
0,0.3109248
0,0.28190482
0,0.28745586
0,0.28516534
0,0.27306932
0,0.26039258
0,0.25791097
0,0.25737527
0,0.2517704
0,0.23960267
0,0.23115692
0,0.22920842
0,0.2320315
0,0.23199205
0,0.23066072
0,0.24769989
0,0.24431
0,0.2594205
0,0.25164393
0,0.26049775
0,0.26505283
0,0.26706213
0,0.26743108
0,0.26353386
0,0.2734288
0,0.2682276
0,0.27067882
0,0.2795726
0,0.2743055
0,0.27162778
0,0.2645309
0,0.26714334
0,0.26742342
0,0.27353114
0,0.27474555
0,0.27066815
0,0.2665343
0,0.2633308
0,0.27962387
0,0.28146905
0,0.28820974
0,0.2879019
0,0.27487266
0,0.28056127
0,0.2855404
0,0.27245432
0,0.2844422
0,0.282691
0,0.2707255
0,0.27617556
0,0.27757838
0,0.27883193
0,0.2788253
0,0.2850499
0,0.27547106
0,0.2782458
0,0.2822047
0,0.26741323
0,0.26245472
0,0.27572772
0,0.27818927
0,0.27562818
0,0.28139782
0,0.282708
0,0.28105226
0,0.276752
0,0.26985255
0,0.2721532
0,0.2729848
0,0.25914347
0,0.26093483
0,0.2644293
0,0.2705124
0,0.26838985
0,0.26250964
0,0.27106157
0,0.26361126
0,0.2882921
0,0.28505358
0,0.28512588
0,0.2694206
0,0.27985233
0,0.2742083
0,0.27355582
0,0.27860945
0,0.28025255
0,0.2653128
0,0.2751583
0,0.28868225
0,0.28336444
0,0.2875288
0,0.2893952
0,0.2901609
0,0.28531283
0,0.288049
0,0.27336162
0,0.27878946
0,0.2846681
0,0.28127554
0,0.26974374
0,0.27562794
0,0.2702805
0,0.2786674
0,0.2761249
0,0.27555653
0,0.28102124
0,0.26995957
0,0.29037434
0,0.27902615
0,0.27478686
0,0.27419582
0,0.27359185
0,0.28681296
0,0.27746382
0,0.27869722
0,0.27407667
0,0.27387685
0,0.27196488
0,0.2697855
0,0.2845929
0,0.26788983
0,0.27404308
0,0.28120336
0,0.28268886
0,0.28399363
0,0.26730368
0,0.2826348
0,0.28621408
0,0.27215794
0,0.2901597
0,0.28868794
0,0.27923524
0,0.28137282
0,0.26944813
0,0.27660474
0,0.2828462
0,0.2842929
0,0.3062014
0,0.2951189
0,0.28680846
0,0.28268662
0,0.27774662
0,0.27644086
0,0.2695753
0,0.27027094
0,0.27618468
0,0.27730584
0,0.27171075
0,0.27862257
0,0.28480798
0,0.26837736
0,0.26979288
0,0.26807305
0,0.27998188
0,0.28363556
0,0.2808675
0,0.27195364
0,0.27401623
0,0.2632382
0,0.26803896
0,0.27535284
0,0.27150893
0,0.26691595
0,0.27490574
0,0.26107967
0,0.27196112
0,0.2638921
0,0.26104575
0,0.25961396
0,0.26839635
0,0.2708165
0,0.26588473
0,0.2643059
0,0.2631175
0,0.2688565
0,0.2629863
0,0.267593
0,0.26271933
0,0.2715844
0,0.25684956
0,0.26590034
0,0.27116606
0,0.26730576
0,0.27168852
0,0.26103374
0,0.25806955
0,0.27250215
0,0.2605302
0,0.26814818
0,0.27026314
0,0.27079698
0,0.28347346
0,0.28645545
0,0.27759805
0,0.27628174
0,0.2796012
0,0.26407015
0,0.26297343
0,0.26657903
0,0.25648594
0,0.261858
0,0.27546185
0,0.257546
0,0.26330242
0,0.26390424
0,0.274215
0,0.26548776
0,0.27101463
0,0.27559724
0,0.26305637
0,0.28001496
0,0.27904668
0,0.2787801
0,0.2631385
0,0.27937675
0,0.27785805
0,0.29168838
0,0.29505396
0,0.26884067
0,0.28399184
0,0.2780659
0,0.27128628
0,0.27293533
0,0.28595832
0,0.28546846
0,0.28678772
0,0.27396443
0,0.27970263
0,0.28388867
0,0.28346807
0,0.28266025
0,0.28741518
0,0.27627742
0,0.2846796
0,0.2813924
0,0.27456066
0,0.28248587
0,0.2797303
0,0.27855098
0,0.27672857
0,0.28173262
0,0.2771922
0,0.2754901
0,0.2809796
0,0.27963567
0,0.26504412
0,0.26995534
0,0.25790635
0,0.26540115
0,0.2598437
0,0.26964158
0,0.25727987
0,0.27380997
0,0.27399203
0,0.3244427
0,0.29384753
0,0.282128
0,0.29280832
0,0.28340578
0,0.2836024
0,0.2687107
0,0.28237212
0,0.28324565
0,0.27777472
0,0.2910389
0,0.29090494
0,0.2876774
0,0.2803922
0,0.288914
0,0.28971067
0,0.27929556
0,0.2847631
0,0.2710716
0,0.27795458
0,0.2664462
0,0.27634636
0,0.2810376
0,0.29393715
0,0.2832196
0,0.28490704
0,0.28042024
0,0.2728899
0,0.26292774
0,0.2650253
0,0.26929963
0,0.27352953
0,0.26502186
0,0.26060906
0,0.26503408
0,0.28366324
0,0.28421724
0,0.28113472
0,0.28631762
0,0.2910918
0,0.2791518
0,0.27858463
0,0.28498197
0,0.2869693
0,0.28765607
0,0.28534287
0,0.28316307
0,0.2903414
0,0.2868742
0,0.2849368
0,0.2908283
0,0.29279378
0,0.2816545
0,0.29944912
0,0.28758675
0,0.29089665
0,0.29002115
0,0.27300715
0,0.2673927
0,0.2738204
0,0.2762577
0,0.2761287
0,0.26998484
0,0.27186835
0,0.26768956
0,0.27143225
0,0.27232608
0,0.27200276
0,0.25943843
0,0.27266744
0,0.2699954
0,0.2698436
0,0.27585474
0,0.28416348
0,0.27440774
0,0.26983368
0,0.25996417
0,0.2710689
0,0.25978547
0,0.26419717
0,0.26253152
0,0.27549344
0,0.26778984
0,0.27632338
0,0.28379416
0,0.2762369
0,0.2858266
0,0.2842994
0,0.28846678
0,0.2733805
0,0.28241664
0,0.28556135
0,0.27048936
0,0.26504153
0,0.27397054
0,0.2807586
0,0.28214824
0,0.26597753
0,0.27801234
0,0.27608943
0,0.2834584
0,0.2715526
0,0.28668547
0,0.28346756
0,0.28041947
0,0.28249422
0,0.28126544
0,0.27495694
0,0.41273817
0,0.32779804
0,0.29848385
0,0.28420085
0,0.28337568
0,0.2939659
0,0.2835006
0,0.2760715
0,0.2832323
0,0.28025833
0,0.27125767
0,0.28000295
0,0.28019986
0,0.28686747
0,0.28411537
0,0.28546274
0,0.28889057
0,0.2731269
0,0.2780426
0,0.26878545
0,0.2774054
0,0.29396266
0,0.27138945
0,0.27754718
0,0.28302684
0,0.27363032
0,0.286794
0,0.284926
0,0.28012836
0,0.2725501
0,0.2750954
0,0.29043344
0,0.27358654
0,0.29083902
0,0.27478173
0,0.2699773
0,0.26760074
0,0.26966667
0,0.26429522
0,0.27080575
0,0.2686679
0,0.28226867
0,0.29031402
0,0.2771728
0,0.28574234
0,0.28809777
0,0.27588746
0,0.28819528
0,0.29890364
0,0.2785963
0,0.2847141
0,0.28944698
0,0.2922259
0,0.29089358
0,0.28937262
0,0.27355266
0,0.27899736
0,0.28421363
0,0.27412754
0,0.28145036
0,0.2796692
0,0.28648368
0,0.2822823
0,0.28410792
0,0.36729863
0,0.31248885
0,0.2924527
0,0.29263785
0,0.27896965
0,0.26747698
0,0.27613404
0,0.2765597
0,0.27837044
0,0.27650598
0,0.26759917
0,0.28502697
0,0.2865531
0,0.293667
0,0.29006213
0,0.30329815
0,0.28344366
0,0.2877724
0,0.30780545
0,0.29704508
0,0.29285195
0,0.29544953
0,0.27835006
0,0.2754093
0,0.26814443
0,0.27475703
0,0.27549803
0,0.27938735
0,0.26786748
0,0.2691342
0,0.27249876
0,0.27358502
0,0.27537325
0,0.26859918
0,0.270282
0,0.26628545
0,0.25860655
0,0.25929874
0,0.25941786
0,0.26495007
0,0.2675939
0,0.2777088
0,0.26469362
0,0.27805403
0,0.2695939
0,0.2885813
0,0.29091427
0,0.282793
0,0.2735827
0,0.31270003
0,0.30479518
0,0.2840082
0,0.29175016
0,0.28136498
0,0.27731708
0,0.2709918
0,0.28785667
0,0.28356868
0,0.27666152
0,0.27863953
0,0.28231287
0,0.2797498
0,0.2835382
0,0.2803578
0,0.2841311
0,0.28143346
0,0.27274874
0,0.27669853
0,0.264683
0,0.26917616
0,0.26612896
0,0.27444372
0,0.27668995
0,0.279493
0,0.26835552
0,0.2706946
0,0.2755134
0,0.2851043
0,0.2698436
0,0.2800586
0,0.27711064
0,0.26605642
0,0.26136774
0,0.26362726
0,0.2642098
0,0.26289985
0,0.26973775
0,0.26515263
0,0.26748002
0,0.2747422
0,0.27678448
0,0.27243367
0,0.27011183
0,0.26851818
0,0.29346448
0,0.28874415
0,0.2772057
0,0.29518083
0,0.27710462
0,0.2787436
0,0.2779898
0,0.27015373
0,0.27747107
0,0.2748175
0,0.26193675
0,0.26212054
0,0.26836917
0,0.25707927
0,0.26498702
0,0.26495498
0,0.26963463
0,0.2675919
0,0.26314175
0,0.2855618
0,0.2729772
0,0.27555993
0,0.27529648
0,0.2875292
0,0.27385443
0,0.27180395
0,0.28966272
0,0.29000288
0,0.27075845
0,0.2747742
0,0.274016
0,0.28998017
0,0.2899319
0,0.27886155
0,0.2748777
0,0.26656336
0,0.28588188
0,0.26760396
0,0.2581871
0,0.2732232
0,0.2725395
0,0.27741444
0,0.27624595
0,0.2689118
0,0.27128667
0,0.2728328
0,0.26674604
0,0.2588593
0,0.28676394
0,0.27965334
0,0.27369016
0,0.27771366
0,0.28492814
0,0.26956975
0,0.27550963
0,0.2741006
0,0.2648728
0,0.27116576
0,0.2611569
0,0.27976894
0,0.28668654
0,0.29000023
0,0.27038434
0,0.29054096
0,0.28605473
0,0.2973697
0,0.27665436
0,0.2751635
0,0.2683205
0,0.28042015
0,0.27852857
0,0.27345383
0,0.26558787
0,0.27295575
0,0.2733457
0,0.2688596
0,0.2777066
0,0.27619725
0,0.2753665
0,0.27297413
0,0.27788165
0,0.26864365
0,0.25950974
0,0.27156118
0,0.2681132
0,0.2699804
0,0.2670947
0,0.2678289
0,0.25687394
0,0.2561879
0,0.26108906
0,0.26714996
0,0.26327398
0,0.25634283
0,0.25838906
0,0.2705229
0,0.27344954
0,0.28908142
0,0.2723393
0,0.26149505
0,0.2616854
0,0.27083322
0,0.2785662
0,0.2778561
0,0.2609413
0,0.27672127
0,0.26472688
0,0.2725913
0,0.2621545
0,0.27077493
0,0.26463363
0,0.2754345
0,0.2771005
0,0.26302823
0,0.27381146
0,0.28261542
0,0.26293746
0,0.2687609
0,0.2626046
0,0.26629403
0,0.27090994
0,0.26791656
0,0.2734949
0,0.26365337
0,0.27036342
0,0.27232695
0,0.27322647
0,0.27934885
0,0.275093
0,0.26937
0,0.26149452
0,0.26267955
0,0.26736513
0,0.26701674
0,0.26763618
0,0.2621942
0,0.26019198
0,0.25314817
0,0.26125044
0,0.26376837
0,0.26951578
0,0.2662439
0,0.26264316
0,0.263428
0,0.26876593
0,0.2634409
0,0.28758577
0,0.27181858
0,0.2737657
0,0.27833503
0,0.26762578
0,0.25904262
0,0.26671815
0,0.2673797
0,0.2783676
0,0.27526224
0,0.27062008
0,0.27447283
0,0.28489405
0,0.28895336
0,0.27638423
0,0.2654039
0,0.2755797
0,0.26354682
0,0.27045766
0,0.25913304
0,0.2767766
0,0.28281343
0,0.26387125
0,0.2684927
0,0.27526066
0,0.26760912
0,0.43816954
0,0.34119397
0,0.31248286
0,0.29565448
0,0.28461626
0,0.2901764
0,0.284196
0,0.28612354
0,0.27615625
0,0.28143924
0,0.2879628
0,0.26974648
0,0.26862007
0,0.28221512
0,0.27416056
0,0.26733875
0,0.25923476
0,0.27000698
0,0.27240726
0,0.25939217
0,0.26044685
0,0.26777855
0,0.27226958
0,0.27294663
0,0.26926953
0,0.27186313
0,0.2683765
0,0.25676766
0,0.26017478
0,0.26115045
0,0.2728863
0,0.28296763
0,0.2743123
0,0.2628925
0,0.26877493
0,0.2679924
0,0.28083754
0,0.27972022
0,0.27988607
0,0.29043585
0,0.29414636
0,0.38351554
0,0.3297494
0,0.29045537
0,0.29171982
0,0.29269716
0,0.27448615
0,0.27281317
0,0.27998993
0,0.26904437
0,0.27236626
0,0.27829713
0,0.27389383
0,0.26802236
0,0.26995462
0,0.275581
0,0.27602652
0,0.26883516
0,0.28495106
0,0.28367963
0,0.27465078
0,0.27688286
0,0.28030258
0,0.28262225
0,0.2742782
0,0.26459756
0,0.28193283
0,0.2749931
0,0.2814368
0,0.27542236
0,0.27410892
0,0.27856794
0,0.2781888
0,0.28029352
0,0.2846925
0,0.29813385
0,0.29996315
0,0.29249483
0,0.28561404
0,0.28845426
0,0.2771808
0,0.28121716
0,0.29009303
0,0.28516254
0,0.28530282
0,0.27949134
0,0.28145894
0,0.2705714
0,0.27587616
0,0.2731176
0,0.27485082
0,0.2717195
0,0.27315
0,0.27145404
0,0.28041875
0,0.2728628
0,0.40921366
0,0.33333588
0,0.30556613
0,0.29101896
0,0.29624093
0,0.29882845
0,0.28061196
0,0.281098
0,0.2756493
0,0.28220305
0,0.2766871
0,0.29688203
0,0.28650033
0,0.27920216
0,0.28172284
0,0.279882
0,0.28128156
0,0.29624742
0,0.28628528
0,0.28376636
0,0.28052494
0,0.26778892
0,0.2742515
0,0.2751905
0,0.27413225
0,0.27509817
0,0.27347994
0,0.27911702
0,0.26884443
0,0.27567557
0,0.27262336
0,0.27293146
0,0.28331023
0,0.28080192
0,0.2990765
0,0.27607086
0,0.27522823
0,0.27654588
0,0.27704015
0,0.2839326
0,0.26698244
0,0.28285104
0,0.27158934
0,0.28606236
0,0.27736393
0,0.28612974
0,0.28979743
0,0.27495956
0,0.27860725
0,0.28415847
0,0.27752334
0,0.26382726
0,0.26874632
0,0.26799786
0,0.2654385
0,0.28041428
0,0.2768353
0,0.28055063
0,0.27782533
0,0.28037715
0,0.2789569
0,0.28189
0,0.27699432
0,0.2811304
0,0.27067995
0,0.2791188
0,0.29323032
0,0.27037227
0,0.2687775
0,0.27529952
0,0.31602904
0,0.29346952
0,0.2858917
0,0.29729328
0,0.28815958
0,0.28993317
0,0.28487068
0,0.29442665
0,0.28519621
0,0.3000608
0,0.2767627
0,0.28686708
0,0.2754079
0,0.2707555
0,0.26335043
0,0.2686753
0,0.26507524
0,0.2737453
0,0.27752247
0,0.2834679
0,0.26539874
0,0.27411497
0,0.26553464
0,0.26794416
0,0.26656064
0,0.2776475
0,0.275712
0,0.28196633
0,0.27739215
0,0.27172053
0,0.2734777
0,0.27407205
0,0.26249605
0,0.27487737
0,0.27037227
0,0.26314193
0,0.26792526
0,0.27729777
0,0.264768
0,0.2742242
0,0.26806593
0,0.2726317
0,0.26362708
1,0.28192273
1,0.2777198
1,0.27085873
1,0.2632419
1,0.26346248
1,0.25740418
1,0.27458343
1,0.28524697
1,0.2696701
1,0.28168908
1,0.29290348
1,0.29012227
1,0.29013947
1,0.2894212
1,0.29036146
0,0.81119543
0,0.56042486
0,0.45629722
0,0.3888052
0,0.34176376
0,0.30722857
0,0.28604433
0,0.27237633
0,0.26310128
0,0.25669828
0,0.2519898
0,0.25315684
0,0.24660687
0,0.2475509
0,0.23826304
0,0.24347489
0,0.23160103
0,0.23991132
0,0.23718217
0,0.2288936
0,0.23813616
0,0.24594818
0,0.250479
0,0.24900837
0,0.25564343
0,0.25246277
0,0.25347358
0,0.25300196
0,0.25401306
0,0.24192804
0,0.23900825
0,0.24307963
0,0.23798738
0,0.2398288
0,0.24616374
0,0.24719365
0,0.24399745
0,0.24306569
0,0.2436045
0,0.24550088
0,0.24447379
0,0.24293585
0,0.24255896
0,0.23853365
0,0.23886546
0,0.23811485
0,0.23662646
0,0.23606662
0,0.24037255
0,0.23630999
0,0.24454558
0,0.23671894
0,0.24631228
0,0.2379804
0,0.23482166
0,0.242796
0,0.2321894
0,0.24129009
0,0.2443287
0,0.23433182
0,0.24009292
0,0.24397482
0,0.2497125
0,0.2356195
0,0.2511563
0,0.24007802
0,0.24313386
0,0.24222559
0,0.24780022
0,0.25023624
0,0.24418204
0,0.24344239
0,0.2421771
0,0.24119326
0,0.24008559
0,0.23959956
0,0.2388178
0,0.23480329
0,0.23488438
0,0.23305242
0,0.23416027
0,0.2324493
0,0.23256396
0,0.23225342
0,0.233089
0,0.24675837
0,0.249712
0,0.23960695
0,0.2361071
0,0.23371199
0,0.24650514
0,0.24742693
0,0.2470415
0,0.24956161
0,0.23757099
0,0.25343695
0,0.24703845
0,0.24044596
0,0.2328116
0,0.22857279
0,0.24674182
0,0.24384628
0,0.24337253
0,0.24223998
0,0.24120852
0,0.2408759
0,0.24020834
0,0.24007899
0,0.23895605
0,0.24359153
0,0.23955159
0,0.23926221
0,0.2379069
0,0.24043936
0,0.23754215
0,0.23641238
0,0.23465809
0,0.24296859
0,0.23696566
0,0.2506236
0,0.24207735
0,0.23799899
0,0.23465991
0,0.23030323
0,0.23036364
0,0.22869594
0,0.22702846
0,0.2261894
0,0.23516224
0,0.22810048
0,0.22477919
0,0.23213848
0,0.23352169
0,0.23549159
0,0.24069285
0,0.23063593
0,0.23545279
0,0.23704568
0,0.2378676
0,0.23994353
0,0.23434983
0,0.23707369
0,0.23730505
0,0.23586023
0,0.23598383
0,0.23431705
0,0.2333321
0,0.23267482
0,0.23274072
0,0.23171125
0,0.22888495
0,0.24631588
0,0.23709442
0,0.2454758
0,0.23783895
0,0.2353659
0,0.24543695
0,0.24223831
0,0.23623149
0,0.24433933
0,0.23684591
0,0.23099521
0,0.24178743
0,0.23227721
0,0.24090968
0,0.23243314
0,0.24137673
0,0.24311218
0,0.24740237
0,0.23499689
0,0.24206996
0,0.24080978
0,0.24276415
0,0.24118155
0,0.24124998
0,0.24620546
0,0.24399902
0,0.24254467
0,0.24203554
0,0.23989551
0,0.24381834
0,0.24030417
0,0.24432176
0,0.24476905
0,0.24069434
0,0.2491391
0,0.24087565
0,0.23795432
0,0.24145573
0,0.23852837
0,0.2371689
0,0.2348717
0,0.23398176
0,0.23141655
0,0.23199691
0,0.22906557
0,0.23729111
0,0.2276434
0,0.23207007
0,0.23935108
0,0.23216909
0,0.2428963
0,0.24351189
0,0.24441475
0,0.24600008
0,0.2547148
0,0.24927911
0,0.24788715
0,0.2456841
0,0.23491053
0,0.23982263
0,0.24526964
0,0.2419157
0,0.24043743
0,0.24365169
0,0.23961687
0,0.23925169
0,0.23785743
0,0.23626085
0,0.23314431
0,0.23351988
0,0.23306207
0,0.23246512
0,0.23208544
0,0.22954819
0,0.22972415
0,0.24421892
0,0.23469324
0,0.24243423
0,0.2452361
0,0.2523961
0,0.25124744
0,0.23869248
0,0.23693036
0,0.24657981
0,0.25070983
0,0.24624613
0,0.24613641
0,0.25237778
0,0.24795143
0,0.24140777
0,0.24335799
0,0.23678118
0,0.24071376
0,0.23921125
0,0.2458761
0,0.24207789
0,0.2423223
0,0.2405868
0,0.2408916
0,0.23947152
0,0.24032298
0,0.23784292
0,0.24966578
0,0.24307297
0,0.23932755
0,0.24440032
0,0.24492827
0,0.24672125
0,0.25231856
0,0.25377235
0,0.25469762
0,0.2412505
0,0.24065703
0,0.23645173
0,0.24364308
0,0.24462481
0,0.23788379
0,0.24873258
0,0.24339719
0,0.24730591
0,0.24722011
0,0.23689929
0,0.24383897
0,0.23822416
0,0.24197352
0,0.24211584
0,0.24264166
0,0.24258488
0,0.2477644
0,0.2546649
0,0.24690051
0,0.24402665
0,0.24183561
0,0.23767465
0,0.23698683
0,0.23588197
0,0.23372568
0,0.23861866
0,0.23457146
0,0.23209581
0,0.23305821
0,0.23049766
0,0.22771591
0,0.23856404
0,0.23219444
0,0.24706987
0,0.24755491
0,0.2510018
0,0.2492876
0,0.23743486
0,0.23363395
0,0.2403584
0,0.2317036
0,0.24017234
0,0.24363224
0,0.23266181
0,0.23288354
0,0.244435
0,0.23526174
0,0.23358984
0,0.23710392
0,0.2391912
0,0.2376928
0,0.23985994
0,0.2503069
0,0.2542638
0,0.25657034
0,0.24831057
0,0.24499074
0,0.24210328
0,0.24015549
0,0.24271856
0,0.25027013
0,0.24209575
0,0.24945825
0,0.24182256
0,0.2383851
0,0.235905
0,0.2424154
0,0.24526854
0,0.24747229
0,0.23882166
0,0.24468383
0,0.24103254
0,0.23478521
0,0.23612115
0,0.24062032
0,0.2430587
0,0.24266356
0,0.23453444
0,0.2430841
0,0.24925394
0,0.2455056
0,0.28373647
0,0.2572119
0,0.25243226
0,0.24751599
0,0.24414475
0,0.2414791
0,0.24083485
0,0.24004363
0,0.2381532
0,0.23679172
0,0.24408172
0,0.23741256
0,0.23610032
0,0.2509014
0,0.2413591
0,0.23797321
0,0.2353442
0,0.23276022
0,0.23020464
0,0.2276251
0,0.22549549
0,0.2307037
0,0.23658085
0,0.22917566
0,0.22585109
0,0.23934025
0,0.22916226
0,0.24238186
0,0.23021485
0,0.23837441
0,0.23187596
0,0.23000515
0,0.23418568
0,0.23497468
0,0.23429857
0,0.23520355
0,0.23514415
0,0.23456028
0,0.23383822
0,0.23495218
0,0.23296474
0,0.23372898
0,0.24812183
0,0.23788506
0,0.23452377
0,0.23414211
0,0.23090342
0,0.23069166
0,0.22874431
0,0.22881582
0,0.22664958
0,0.2277151
0,0.23941082
0,0.24052757
0,0.23172358
0,0.23827364
0,0.23127538
0,0.23033765
0,0.24197528
0,0.24026348
0,0.23465712
0,0.23891537
0,0.2386684
0,0.23901112
0,0.2405514
0,0.2398915
0,0.24657159
0,0.24224432
0,0.24100672
0,0.24075472
0,0.2381197
0,0.24835213
0,0.24521297
0,0.24132802
0,0.25098547
0,0.24271066
0,0.23954652
0,0.23688775
0,0.23893073
0,0.23515701
0,0.23915553
0,0.23749761
0,0.23406157
0,0.232324
0,0.22933154
0,0.22667451
0,0.22579966
0,0.22519642
0,0.22377975
0,0.22257882
0,0.22247347
0,0.22042051
0,0.23034965
0,0.23322596
0,0.24093127
0,0.23933962
0,0.23272368
0,0.23537375
0,0.23630352
0,0.23636626
0,0.23506713
0,0.23500876
0,0.23420288
0,0.23378244
0,0.23380816
0,0.23186976
0,0.2323453
0,0.22962925
0,0.23104444
0,0.2295002
0,0.22789243
0,0.23223633
0,0.22916234
0,0.23857157
0,0.23224126
0,0.228093
0,0.23729606
0,0.22981833
0,0.22933929
0,0.23723415
0,0.23081844
0,0.22797197
0,0.23633735
0,0.24288104
0,0.24145997
0,0.24095988
0,0.2421708
0,0.23703566
0,0.23960936
0,0.23437965
0,0.23733045
0,0.23783627
0,0.2384673
0,0.23837584
0,0.2437194
0,0.24006893
0,0.23773065
0,0.23667935
0,0.23973632
0,0.2539782
0,0.2424224
0,0.23932166
0,0.23689365
0,0.23312882
0,0.23235814
0,0.24257305
0,0.23496658
0,0.24441735
0,0.23528537
0,0.24349469
0,0.24621287
0,0.23698524
0,0.23349988
0,0.24009761
0,0.24286623
0,0.24474883
0,0.24405192
0,0.24513286
0,0.25012013
0,0.24820262
0,0.25410044
0,0.24876083
0,0.24699362
0,0.2507369
0,0.24557664
0,0.24693723
0,0.24366607
0,0.24781236
0,0.24370392
0,0.24324197
0,0.24156345
0,0.24192594
0,0.23953734
0,0.23840418
0,0.23632328
0,0.24926268
0,0.24070174
0,0.23917906
0,0.23550858
0,0.24267536
0,0.24677943
0,0.23958366
0,0.23520619
0,0.23428352
0,0.23396198
0,0.2400844
0,0.24434386
0,0.23649643
0,0.23123264
0,0.23840469
0,0.23013176
0,0.23654754
0,0.23857114
0,0.23387711
0,0.23495388
0,0.23662345
0,0.23774469
0,0.23759623
0,0.2368382
0,0.2382499
0,0.23744078
0,0.23522827
0,0.24622594
0,0.24025156
0,0.2383029
0,0.25686586
0,0.24334447
0,0.2400122
0,0.2493371
0,0.24026373
0,0.23613913
0,0.23364264
0,0.24271071
0,0.23490985
0,0.24255465
0,0.25706723
0,0.24002013
0,0.23548864
0,0.2318007
0,0.22860192
0,0.22630884
0,0.23454724
0,0.22596347
0,0.23026174
0,0.23541655
0,0.23499268
0,0.23789002
0,0.23440266
0,0.23764674
0,0.23687531
0,0.23907782
0,0.23802236
0,0.23871298
0,0.23689058
0,0.2470258
0,0.23831458
0,0.23718834
0,0.23404178
0,0.23390897
0,0.23166819
0,0.23221847
0,0.22929184
0,0.22932115
0,0.22792733
0,0.22719687
0,0.2242816
0,0.224106
0,0.22270516
0,0.22460571
0,0.22205155
0,0.22202203
0,0.22926791
0,0.225743
0,0.22569911
0,0.23067258
0,0.22701183
0,0.23107526
0,0.23244044
0,0.23223811
0,0.23457034
0,0.23471497
0,0.23415604
0,0.23246086
0,0.23278491
0,0.23106751
0,0.23625311
0,0.23191716
0,0.23124227
0,0.23086886
0,0.2303539
0,0.2304308
0,0.22920333
0,0.22707833
0,0.23138244
0,0.2290926
0,0.22677258
0,0.22700594
0,0.22675587
0,0.22617736
0,0.22607382
0,0.22535408
0,0.22458507
0,0.2241342
0,0.22323547
0,0.22065085
0,0.21897013
0,0.22790517
0,0.23659752
0,0.22845146
0,0.22779846
0,0.23235199
0,0.22779034
0,0.22637112
0,0.22436604
0,0.22765066
0,0.22922455
0,0.22783704
0,0.22976975
0,0.23442863
0,0.23573437
0,0.2310973
0,0.23147325
0,0.22989666
0,0.23438556
0,0.23709182
0,0.23674165
0,0.2319754
0,0.23567007
0,0.23074204
0,0.22940536
0,0.2274394
0,0.22542793
0,0.22369239
0,0.22058418
0,0.23175664
0,0.22421382
0,0.22143672
0,0.23606688
0,0.25337306
0,0.25116956
0,0.24016745
0,0.24166712
0,0.24096449
0,0.24353765
0,0.24537018
0,0.24094056
0,0.2398661
0,0.24270591
0,0.23895699
0,0.24097043
0,0.23718786
0,0.25658426
0,0.24772356
0,0.25235286
0,0.27079636
0,0.2563213
0,0.24703056
0,0.24120896
0,0.24007899
0,0.25712472
0,0.2518642
0,0.2411032
0,0.24174865
0,0.2376218
0,0.23745374
0,0.23676164
0,0.23950244
0,0.23656102
0,0.23805964
0,0.23913264
0,0.23497075
0,0.23704912
0,0.23824699
0,0.23846143
0,0.23595718
0,0.23695712
0,0.2401353
0,0.23813678
0,0.23702101
0,0.24058348
0,0.23583126
0,0.2345133
0,0.23795466
0,0.23920825
0,0.23856325
0,0.23922288
0,0.23791578
0,0.23909229
0,0.23786332
0,0.237907
0,0.23631988
0,0.23699534
0,0.23562354
0,0.2363356
0,0.23385395
0,0.23390411
0,0.23381585
0,0.23269168
0,0.23219039
0,0.23062702
0,0.2304108
0,0.23365164
0,0.23523138
0,0.23224227
0,0.23517425
0,0.23444013
0,0.2361854
0,0.23357294
0,0.2323892
0,0.23036747
0,0.22971755
0,0.2277666
0,0.22655654
0,0.22981453
0,0.2313122
0,0.23196386
0,0.2324104
0,0.23780139
0,0.23984653
0,0.23582396
0,0.23836194
0,0.23453863
0,0.23811011
0,0.2397145
0,0.23857549
0,0.23908953
0,0.24822077
0,0.24209686
0,0.24105547
0,0.25029522
0,0.24320547
0,0.25218815
0,0.2439964
0,0.24210276
0,0.23897496
0,0.23920973
0,0.23590188
0,0.23574002
0,0.23417328
0,0.23473983
0,0.2336973
0,0.23382215
0,0.23233163
0,0.23470683
0,0.23162983
0,0.23105052
0,0.22858825
0,0.23249388
0,0.2344097
0,0.23780644
0,0.2403164
0,0.24237008
0,0.24311331
0,0.2616671
0,0.24831863
0,0.24829404
0,0.24112894
0,0.2371502
0,0.25087237
0,0.23916987
0,0.2451061
0,0.23753509
0,0.25126573
0,0.24811725
0,0.25548103
0,0.25750697
0,0.24696125
0,0.24439242
0,0.241096
0,0.24103394
0,0.237921
0,0.23764469
0,0.23611966
0,0.23426966
0,0.23465237
0,0.23280162
0,0.23169254
0,0.23031789
0,0.23450644
0,0.23035114
0,0.23349327
0,0.23376262
0,0.23423946
0,0.2339258
0,0.24007708
0,0.23992418
0,0.24321091
0,0.24270794
0,0.24248897
0,0.24200118
0,0.23630689
0,0.24098085
0,0.23437822
0,0.2363093
0,0.23623148
0,0.24034618
0,0.2405125
0,0.24561104
0,0.2516611
0,0.24494253
0,0.24194238
0,0.251056
0,0.2541548
0,0.24447274
0,0.24195558
0,0.24901383
0,0.24307173
0,0.23866715
0,0.23718321
0,0.23676917
0,0.23568489
0,0.2322304
0,0.23455967
0,0.23220715
0,0.23125617
0,0.23367035
0,0.23073518
0,0.23378411
0,0.23398554
0,0.23934822
0,0.24052517
0,0.24673918
0,0.23934223
0,0.2372403
0,0.24097908
0,0.23670486
0,0.23982178
0,0.23608619
0,0.232617
0,0.23149328
0,0.23495604
0,0.24589534
0,0.24326353
0,0.23944287
0,0.2375393
0,0.23538761
0,0.24529232
0,0.23766188
0,0.24648385
0,0.24910942
0,0.24095404
0,0.23709199
0,0.24478686
0,0.23668103
0,0.23303983
0,0.23687822
0,0.24205932
0,0.23820673
0,0.2408905
0,0.24374391
0,0.23751692
0,0.24089283
0,0.24217509
0,0.24175476
0,0.24081592
0,0.2540344
0,0.2566643
0,0.2657918
0,0.25329334
0,0.25879982
0,0.2606913
0,0.25007778
0,0.24481313
0,0.24334802
0,0.25179824
0,0.24400872
0,0.2410334
0,0.23977646
0,0.23664719
0,0.24549438
0,0.24712808
0,0.2435552
0,0.2380316
0,0.23999272
0,0.23549654
0,0.23802665
0,0.23815952
0,0.24290928
0,0.24335699
0,0.24532974
0,0.24576126
0,0.24622037
0,0.24667586
0,0.24077983
0,0.23731942
0,0.23498791
0,0.23838669
0,0.2324789
0,0.2365295
0,0.24594454
0,0.2403921
0,0.24973938
0,0.24241863
0,0.25030908
0,0.24114874
0,0.24097937
0,0.23785317
0,0.23633857
0,0.2460099
0,0.23601553
0,0.23525809
0,0.23313868
0,0.23208722
0,0.23004131
0,0.228506
0,0.22730936
0,0.23563315
0,0.23416066
0,0.23839694
0,0.23630396
0,0.23088242
0,0.23274796
0,0.23320639
0,0.23816921
0,0.24577324
0,0.23909329
0,0.2367911
0,0.23507991
0,0.23925616
0,0.23362821
0,0.23157944
0,0.23376477
0,0.2461446
0,0.23909959
0,0.23912333
0,0.25382435
0,0.25707507
0,0.2462656
0,0.24049151
0,0.23819196
0,0.23724659
0,0.23537715
0,0.23516533
0,0.23176701
0,0.25306886
0,0.23966393
0,0.23715892
0,0.23854777
0,0.23474863
0,0.23651506
0,0.23624717
0,0.23661372
0,0.23668745
0,0.24051876
0,0.23747134
0,0.24100389
0,0.24202225
0,0.24303909
0,0.24232784
0,0.24173403
0,0.24212083
0,0.24171822
0,0.23821144
0,0.23465316
0,0.2328118
0,0.24543819
0,0.23513979
0,0.24703787
0,0.24127892
0,0.2404228
0,0.2552387
0,0.24439569
0,0.25203848
0,0.24234657
0,0.24294117
0,0.2382718
0,0.23626232
0,0.23395075
0,0.23733948
0,0.23270912
0,0.24134831
0,0.2386489
0,0.23769541
0,0.23714314
0,0.24337883
0,0.24391389
0,0.24594401
0,0.24632575
0,0.24585992
0,0.24173467
0,0.23911233
0,0.23628072
0,0.23960423
0,0.24003625
0,0.235163
0,0.23316939
0,0.23655954
0,0.23753181
0,0.23721519
0,0.24712473
0,0.24088362
0,0.23908645
0,0.23730548
0,0.2367669
0,0.23891282
0,0.24511607
0,0.24832444
0,0.24000229
0,0.24686044
0,0.23845777
0,0.23940127
0,0.23958243
0,0.23844104
0,0.24189356
0,0.24225338
0,0.24402176
0,0.24396446
0,0.24358855
0,0.24310137
0,0.24331993
0,0.24322283
0,0.23730579
0,0.23969339
0,0.25056568
0,0.25645685
0,0.2566514
0,0.25981638
0,0.26201013
0,0.26317856
0,0.25108612
0,0.24519293
0,0.25200042
0,0.2523136
0,0.25396508
0,0.24352357
0,0.24365295
0,0.23762025
0,0.2385813
0,0.23453416
0,0.24268474
0,0.23993315
0,0.24388841
0,0.24052656
0,0.2506657
0,0.2483971
0,0.24830604
0,0.2488503
0,0.24984762
0,0.24838266
0,0.24718784
0,0.24813722
0,0.24752808
0,0.24771596
0,0.24599023
0,0.24518155
0,0.23864064
0,0.25054982
0,0.24242671
0,0.25159365
0,0.24457978
0,0.24346508
0,0.24988255
0,0.25399336
0,0.23947272
0,0.23998888
0,0.2375777
0,0.2471981
0,0.23990749
0,0.23861742
0,0.23599552
0,0.24476138
0,0.24799997
0,0.24977435
0,0.24981141
0,0.250944
0,0.25631267
0,0.24755369
0,0.24476175
0,0.24277629
0,0.24583358
0,0.24492176
0,0.24510248
0,0.24411847
0,0.24495059
0,0.2496379
0,0.246342
0,0.25014183
0,0.24632394
0,0.25476828
0,0.25992578
0,0.25008708
0,0.24639618
0,0.2549212
0,0.26361856
0,0.25152823
0,0.24668771
0,0.25304207
0,0.24525335
0,0.2532138
0,0.25460592
0,0.24713399
0,0.24172555
0,0.24993242
0,0.25271043
0,0.24306946
0,0.24311201
0,0.23801658
0,0.23583032
0,0.23410201
0,0.23741934
0,0.23669907
0,0.23724827
0,0.24099502
0,0.24418722
0,0.24370652
0,0.2457985
0,0.25564444
0,0.24855745
0,0.2555452
0,0.24763227
0,0.240704
0,0.25196517
0,0.24423678
0,0.2522955
0,0.24523234
0,0.253767
0,0.2522814
0,0.2452729
0,0.25233933
0,0.2541968
0,0.25675893
0,0.24616729
0,0.2526978
0,0.24256359
0,0.24057652
0,0.24713036
0,0.23947144
0,0.24098971
0,0.24655737
0,0.24891724
0,0.24855219
0,0.25021687
0,0.2517487
0,0.2516061
0,0.25065407
0,0.24986146
0,0.2479108
0,0.24796113
0,0.24020037
0,0.24304163
0,0.2438455
0,0.23773436
0,0.24127607
0,0.24078755
0,0.25221992
0,0.2561361
0,0.26009974
0,0.25557688
0,0.26122394
0,0.26172557
0,0.26362216
0,0.2621916
0,0.25142375
0,0.2574626
0,0.2598634
0,0.24925591
0,0.24635175
0,0.25036174
0,0.25476962
0,0.24365377
0,0.2452792
0,0.23889014
0,0.2403986
0,0.24315219
0,0.24583499
0,0.24548882
0,0.24722476
0,0.25390935
0,0.24392563
0,0.244854
0,0.24490179
0,0.24432588
0,0.24419717
0,0.25943625
0,0.26050258
0,0.26256254
0,0.26252422
0,0.2747611
0,0.2681635
0,0.2659603
0,0.27571985
0,0.26421735
0,0.26523933
0,0.26381034
0,0.26310834
0,0.26141137
0,0.26135778
0,0.25905648
0,0.2521529
0,0.25557545
0,0.2491777
0,0.2537452
0,0.25419405
0,0.25310948
0,0.25405157
0,0.24884316
0,0.24857277
0,0.25043398
0,0.2502454
0,0.2507509
0,0.24916105
0,0.2491663
0,0.24932101
0,0.25468794
0,0.25016415
0,0.24918605
0,0.24698529
0,0.24541362
0,0.2539312
0,0.25772896
0,0.25907555
0,0.26089272
0,0.2611867
0,0.26129657
0,0.2608299
0,0.26563272
0,0.27386066
0,0.26684892
0,0.26407376
0,0.26283205
0,0.2594501
0,0.26019692
0,0.24912007
0,0.25538647
0,0.24860206
0,0.25054014
0,0.24642387
0,0.24837649
0,0.24957205
0,0.25051516
0,0.24977629
0,0.25063956
0,0.250254
0,0.24989685
0,0.24933963
0,0.2479026
0,0.25675452
0,0.25088573
0,0.24868135
0,0.2484621
0,0.25684765
0,0.26188672
0,0.26292676
0,0.26348197
0,0.2628239
0,0.26238817
0,0.26273927
0,0.25895524
0,0.2608544
0,0.26517904
0,0.26203746
0,0.26066
0,0.25992757
0,0.25838897
0,0.24744172
0,0.24401896
0,0.24432462
0,0.25342825
0,0.25201896
0,0.2522379
0,0.2511347
0,0.25549766
0,0.25476035
0,0.25131327
0,0.25093862
0,0.25000238
0,0.26168114
0,0.25328878
0,0.25109902
0,0.25517747
0,0.26184195
0,0.26344892
0,0.26964104
0,0.27225938
0,0.2704605
0,0.2682476
0,0.26700333
0,0.2665726
0,0.26953465
0,0.2657408
0,0.2656657
0,0.26185915
0,0.26194018
0,0.25832197
0,0.2597357
0,0.2589817
0,0.25865045
0,0.25576594
0,0.24949197
0,0.25142118
0,0.2525305
0,0.25259325
0,0.25513852
0,0.2635963
0,0.26874208
0,0.25985888
0,0.25618562
0,0.2553989
0,0.2686821
0,0.26393855
0,0.25855884
0,0.2550686
0,0.2577025
0,0.25157815
0,0.26014426
0,0.26203328
0,0.26442018
0,0.26523322
0,0.26516575
0,0.2661694
0,0.2664272
0,0.2663737
0,0.26576203
0,0.2657124
0,0.2645744
0,0.26467195
0,0.2656475
0,0.2646632
0,0.26304305
0,0.2631153
0,0.26232183
0,0.25967517
0,0.2606058
0,0.2580964
0,0.25999853
0,0.25718376
0,0.25571394
0,0.2557683
0,0.25449377
0,0.25192666
0,0.25117314
0,0.2518085
0,0.25058538
0,0.2495395
0,0.24640308
0,0.24640685
0,0.24646097
0,0.257104
0,0.25934246
0,0.26352543
0,0.26498124
0,0.2646632
0,0.265434
0,0.2657301
0,0.26508194
0,0.26919124
0,0.2660405
0,0.2655944
0,0.26421538
0,0.25184578
0,0.25779948
0,0.26342198
0,0.2587643
0,0.2596515
0,0.25886533
0,0.26680046
0,0.260235
0,0.25925335
0,0.25808123
0,0.25613332
0,0.25464493
0,0.25474533
0,0.25269645
0,0.2522787
0,0.25142643
0,0.25255305
0,0.2506407
0,0.25117442
0,0.24933976
0,0.25273058
0,0.24682118
0,0.25705934
0,0.25990066
0,0.2627704
0,0.2639939
0,0.2698652
0,0.26652858
0,0.26004687
0,0.2638055
0,0.2651712
0,0.26420215
0,0.26734206
0,0.2644206
0,0.26265866
0,0.26272166
0,0.26165938
0,0.26120538
0,0.2594156
0,0.25901154
0,0.25788006
0,0.25814652
0,0.25749522
0,0.25443208
0,0.2533236
0,0.253509
0,0.25312173
0,0.25262767
0,0.25119743
0,0.24954627
0,0.24711595
0,0.25525337
0,0.2511033
0,0.25002992
0,0.2586097
0,0.25215343
0,0.24877653
0,0.26332644
0,0.26286438
0,0.2653991
0,0.2655181
0,0.2665067
0,0.26548326
0,0.2664159
0,0.2657123
0,0.2660352
0,0.26386756
0,0.26393262
0,0.26243892
0,0.2632023
0,0.2617792
0,0.26578313
0,0.25952157
0,0.26127484
0,0.26115265
0,0.26022667
0,0.24992543
0,0.25606826
0,0.2567426
0,0.25713292
0,0.25614148
0,0.25554323
0,0.25470272
0,0.25480565
0,0.25353494
0,0.25353798
0,0.24988367
0,0.25004813
0,0.25019956
0,0.24970175
0,0.24797001
0,0.24787779
0,0.25574762
0,0.26083168
0,0.26300895
0,0.26284048
0,0.27165014
0,0.26616642
0,0.26651996
0,0.2645235
0,0.2623417
0,0.2576927
0,0.25903052
0,0.2594388
0,0.25910604
0,0.2590441
0,0.2588521
0,0.25794074
0,0.25753462
0,0.26266587
0,0.25751173
0,0.2565954
0,0.25037524
0,0.2517011
0,0.2516232
0,0.24458575
0,0.24784704
0,0.24817938
0,0.24721783
0,0.24735656
0,0.24726957
0,0.25701714
0,0.24958272
0,0.25667828
0,0.26252714
0,0.25317702
0,0.2624486
0,0.26306123
0,0.26615527
0,0.26598725
0,0.2651911
0,0.2649904
0,0.26475248
0,0.2648329
0,0.2631369
0,0.26330456
0,0.26424405
0,0.26280913
0,0.26244596
0,0.26139143
0,0.2611298
0,0.26308176
0,0.26208696
0,0.26073015
0,0.25969946
0,0.25824487
0,0.25626463
0,0.25510007
0,0.25586608
0,0.25331724
0,0.25391018
0,0.2514573
0,0.25374445
0,0.2501369
0,0.25017726
0,0.2537749
0,0.25938407
0,0.26205352
0,0.26321778
0,0.26454237
0,0.26454574
0,0.26298526
0,0.26292756
0,0.2633899
0,0.26304296
0,0.26180017
0,0.26122075
0,0.2595724
0,0.24917962
0,0.25466287
0,0.25403154
0,0.25392714
0,0.25353673
0,0.24879232
0,0.25131965
0,0.2507062
0,0.2515056
0,0.2515828
0,0.25144267
0,0.25159281
0,0.25444221
0,0.2526472
0,0.25149846
0,0.25054222
0,0.24895808
0,0.26335725
0,0.25673398
0,0.25239733
0,0.26063728
0,0.2631805
0,0.2637725
0,0.26489276
0,0.26482525
0,0.26381123
0,0.26332763
0,0.26307297
0,0.26265246
0,0.26261938
0,0.26762182
0,0.2703732
0,0.2761878
0,0.26860327
0,0.25891936
0,0.25859994
0,0.25900364
0,0.25641784
0,0.25678796
0,0.25671884
0,0.25575218
0,0.25538474
0,0.2539512
0,0.25558263
0,0.25348592
0,0.2688863
0,0.25260445
0,0.25342366
0,0.2503762
0,0.2605899
0,0.25701982
0,0.26256618
0,0.25894436
0,0.25810936
0,0.25694004
0,0.26529276
0,0.2584721
0,0.26167485
0,0.26284724
0,0.26275563
0,0.2611668
0,0.2556189
0,0.25357214
0,0.2502009
0,0.24945857
0,0.25143108
0,0.25295383
0,0.2525626
0,0.24758838
0,0.24535976
0,0.24812068
0,0.24910809
0,0.25027916
0,0.2451037
0,0.24316858
0,0.24002184
0,0.24312077
0,0.23966776
0,0.24162115
0,0.23773421
0,0.24664225
0,0.24942556
0,0.25732696
0,0.25422907
0,0.26105762
0,0.25559047
0,0.26074445
0,0.25533235
0,0.2596256
0,0.2547814
0,0.25196066
0,0.25625658
0,0.25723794
0,0.2545288
0,0.25777805
0,0.25759968
0,0.25804517
0,0.2556692
0,0.26109418
0,0.2574953
0,0.25743598
0,0.24611636
0,0.25147727
0,0.24653144
0,0.25023505
0,0.244786
0,0.24221271
0,0.24457805
0,0.25600928
0,0.25952944
0,0.26366237
0,0.2645668
0,0.2668969
0,0.2582274
0,0.26384902
0,0.26027083
0,0.26391608
0,0.26529983
0,0.26598632
0,0.26500764
0,0.26638198
0,0.26769546
0,0.26256052
0,0.26356858
0,0.26117373
0,0.26014435
0,0.2544206
0,0.25506514
0,0.25056767
0,0.25270972
0,0.24823932
0,0.25047505
0,0.24661583
0,0.24913108
0,0.24577455
0,0.24832208
0,0.24992327
0,0.24548529
0,0.24906315
0,0.24404898
0,0.25813994
0,0.2516654
0,0.26068196
0,0.2634506
0,0.26564878
0,0.26791224
0,0.2691011
0,0.26394907
0,0.26709002
0,0.26786718
0,0.2623961
0,0.2588154
0,0.26340455
0,0.26474956
0,0.26461112
0,0.26441637
0,0.2593128
0,0.2564354
0,0.2594981
0,0.26561382
0,0.26238957
0,0.25582197
0,0.25844702
0,0.2535693
0,0.25109452
0,0.25592095
0,0.25696245
0,0.26162
0,0.2575813
0,0.25201553
0,0.25206926
0,0.25448
0,0.24740642
0,0.25043407
0,0.24476096
0,0.2416749
0,0.23993394
0,0.23855136
0,0.25210416
0,0.24196467
0,0.2535428
0,0.25909072
0,0.26189104
0,0.25847486
0,0.26249725
0,0.26337427
0,0.26405275
0,0.25931966
0,0.26251194
0,0.2572206
0,0.26020205
0,0.26000327
0,0.26093313
0,0.26032904
0,0.2594677
0,0.26007986
0,0.2539341
0,0.25150043
0,0.25522143
0,0.2502085
0,0.2537557
0,0.25346246
0,0.25304288
0,0.2484813
0,0.24534291
0,0.2443411
0,0.24290901
0,0.24652822
0,0.24180906
0,0.24349643
0,0.2457307
0,0.25511765
0,0.24979724
0,0.24913672
0,0.2577608
0,0.26073927
0,0.25934926
0,0.2575505
0,0.26421738
0,0.26395282
0,0.26608646
0,0.26581228
0,0.26548427
0,0.26505414
0,0.2648248
0,0.2637223
0,0.2655277
0,0.2635572
0,0.26407537
0,0.26334003
0,0.25720787
0,0.25927892
0,0.2599248
0,0.26400205
0,0.26168582
0,0.25505003
0,0.258017
0,0.25163615
0,0.254418
0,0.25381556
0,0.25412932
0,0.2532357
0,0.25254318
0,0.25116178
0,0.2448843
0,0.25074542
0,0.2546258
0,0.26051638
0,0.25854036
0,0.25808057
0,0.25802544
0,0.26108342
0,0.2610085
0,0.2692819
0,0.26194784
0,0.26535162
0,0.27156627
0,0.26792768
0,0.2653505
0,0.27186447
0,0.26105767
0,0.25722983
0,0.2650135
0,0.2608199
0,0.2605207
0,0.26393637
0,0.26536098
0,0.25953346
0,0.2608066
0,0.2580876
0,0.25612628
0,0.2547012
0,0.25330752
0,0.25197133
0,0.2544967
0,0.25179228
0,0.24940567
0,0.26521072
0,0.26572254
0,0.25030547
0,0.26086894
0,0.2572677
0,0.261604
0,0.26452103
0,0.26973444
0,0.26073182
0,0.2586291
0,0.25613964
0,0.25721008
0,0.2602746
0,0.25910714
0,0.2630421
0,0.26037902
0,0.26127037
0,0.26185647
0,0.25956425
0,0.26022518
0,0.25849292
0,0.25609294
0,0.25684357
0,0.25033125
0,0.2521261
0,0.25191808
0,0.2514312
0,0.25058806
0,0.25153008
0,0.25074577
0,0.25455377
0,0.24591377
0,0.24716543
0,0.25481525
0,0.25443512
0,0.26047587
0,0.26291445
0,0.26392266
0,0.25810048
0,0.2623426
0,0.26096684
0,0.2618018
0,0.26255783
0,0.25756234
0,0.2602151
0,0.253732
0,0.25798702
0,0.25330678
0,0.24971086
0,0.24835548
0,0.2519396
0,0.2519653
0,0.2533487
0,0.25373513
0,0.25246036
0,0.25303498
0,0.24732456
0,0.24995308
0,0.24800986
0,0.24885182
0,0.2587034
0,0.25220212
0,0.25930768
0,0.25796884
0,0.25619337
0,0.25231695
0,0.25986168
0,0.26068404
0,0.2618916
0,0.2605154
0,0.2607596
0,0.25549674
0,0.25299844
0,0.25684932
0,0.2629876
0,0.26780903
0,0.2619313
0,0.24950413
0,0.25499123
0,0.2562595
0,0.25477135
0,0.2536403
0,0.24896996
0,0.25087997
0,0.24948154
0,0.25026253
0,0.2504099
0,0.25052777
0,0.25447682
0,0.2549091
0,0.2557494
0,0.2663264
0,0.25610393
0,0.25784793
0,0.26305845
0,0.26315072
0,0.25967476
0,0.25758561
0,0.25821063
0,0.26022935
0,0.25937277
0,0.2615773
0,0.25637704
0,0.25975943
0,0.25947648
0,0.2599691
0,0.25997835
0,0.26006937
0,0.2574265
0,0.2531143
0,0.25623912
0,0.25581634
0,0.25554734
0,0.250491
0,0.2476695
0,0.24659203
0,0.24941476
0,0.2494613
0,0.24997215
0,0.2501703
0,0.26023942
0,0.24824995
0,0.24928491
0,0.24917836
0,0.24353285
0,0.24596895
0,0.25115407
0,0.25754797
0,0.25633585
0,0.27378216
0,0.26318327
0,0.2608529
0,0.2655296
0,0.275816
0,0.26418072
0,0.2652817
0,0.25900227
0,0.24505723
0,0.2608021
0,0.2597072
0,0.26476672
0,0.2614282
0,0.26066297
0,0.2552028
0,0.25836632
0,0.25655136
0,0.2609598
0,0.25791618
0,0.25668782
0,0.25744072
0,0.2561083
0,0.2518491
0,0.25472048
0,0.25298822
0,0.2525484
0,0.25253156
0,0.25510493
0,0.24678412
0,0.24382888
0,0.25636265
0,0.26131564
0,0.2585885
0,0.25850838
0,0.25862494
0,0.25660443
0,0.2611267
0,0.26395008
0,0.26555997
0,0.2656116
0,0.26587847
0,0.26606265
0,0.2646575
0,0.26564527
0,0.26313102
0,0.25763354
0,0.2602793
0,0.2614237
0,0.26006827
0,0.25903988
0,0.2580237
0,0.25250995
0,0.2553041
0,0.2500873
0,0.2525876
0,0.25575498
0,0.25482425
0,0.24857445
0,0.24591582
0,0.26508805
0,0.25527704
0,0.2537999
0,0.25470293
0,0.28722844
0,0.27032617
0,0.27105767
0,0.26525354
0,0.26845375
0,0.26326817
0,0.2660237
0,0.26990908
0,0.26737314
0,0.26204157
0,0.25977775
0,0.2575916
0,0.3030189
0,0.2737762
0,0.27142727
0,0.25344297
0,0.26139167
0,0.26094118
0,0.2611381
0,0.26019463
0,0.2608695
0,0.26076695
0,0.25416443
0,0.25722486
0,0.2558643
0,0.2559355
0,0.2509358
0,0.25401312
0,0.25321317
0,0.26137105
0,0.2502208
0,0.26158822
0,0.26558164
0,0.2678703
0,0.26769748
0,0.26423365
0,0.2619248
0,0.26536953
0,0.26565838
0,0.25055096
0,0.25504333
0,0.2595364
0,0.25533742
0,0.25391153
0,0.25358418
0,0.28695384
0,0.27060708
0,0.26360896
0,0.2592943
0,0.25598368
0,0.2776914
0,0.26620153
0,0.2585251
0,0.25485364
0,0.25683436
0,0.25599867
0,0.2510323
0,0.25261006
0,0.24775594
0,0.24907376
0,0.25075108
0,0.25510013
0,0.24693704
0,0.24811378
0,0.2588691
0,0.2633468
0,0.2662414
0,0.2681236
0,0.26900172
0,0.2643558
0,0.26735112
0,0.2666615
0,0.26025385
0,0.2592159
0,0.25627986
0,0.25895324
0,0.2609017
0,0.25612074
0,0.253967
0,0.25207224
0,0.2508766
0,0.2500593
0,0.25034845
0,0.24987255
0,0.24838819
0,0.2512494
0,0.24546467
0,0.24450931
0,0.2429819
0,0.26899746
0,0.25249073
0,0.25315788
0,0.25721952
0,0.25320092
0,0.24718444
0,0.25378525
0,0.2601215
0,0.2572736
0,0.26304728
0,0.25838688
0,0.26321498
0,0.2682299
0,0.2618071
0,0.30873683
0,0.28414947
0,0.27401188
0,0.27071542
0,0.26406437
0,0.2578677
0,0.2618268
0,0.26202998
0,0.26064134
0,0.25637248
0,0.25279188
0,0.26697683
0,0.25603694
0,0.25361082
0,0.25080016
0,0.2544583
0,0.24752373
0,0.24649176
0,0.24950114
0,0.24531095
0,0.24884595
0,0.24530502
0,0.24784403
0,0.24942629
0,0.24457766
0,0.2572384
0,0.24689831
0,0.25077975
0,0.2542036
0,0.26078185
0,0.25792238
0,0.25664628
0,0.2599699
0,0.26216868
0,0.26099765
0,0.25767657
0,0.26025173
0,0.2612925
0,0.25545067
0,0.2535786
0,0.2564137
0,0.25289428
0,0.25511736
0,0.2562791
0,0.25178394
0,0.24987075
0,0.2532569
0,0.24883445
0,0.25251842
0,0.25326875
0,0.2533159
0,0.2577785
0,0.25551715
0,0.25283512
0,0.257936
0,0.25652447
0,0.2580538
0,0.26393571
0,0.2615275
0,0.26044947
0,0.25966495
0,0.25889695
0,0.26480383
0,0.26194474
0,0.26449108
0,0.26387313
0,0.26003173
0,0.26281726
0,0.2587376
0,0.26223394
0,0.27461156
0,0.26136267
0,0.26181638
0,0.2560162
0,0.2573071
0,0.2573688
0,0.2557557
0,0.25714767
0,0.2556585
0,0.26051933
0,0.2597534
0,0.25527093
0,0.25928485
0,0.25038233
0,0.26002252
0,0.2605211
0,0.27670032
0,0.26674637
0,0.26482502
0,0.2629247
0,0.2628522
0,0.26614368
0,0.26417524
0,0.26707837
0,0.26648003
0,0.2683853
0,0.26762712
0,0.26799598
0,0.26691326
0,0.26668525
0,0.26560634
0,0.2664186
0,0.2632437
0,0.26356912
0,0.25765774
0,0.25492266
0,0.2578637
0,0.25815603
0,0.25787315
0,0.257827
0,0.2569976
0,0.25619596
0,0.25053608
0,0.2504883
0,0.24905582
0,0.250383
0,0.25511736
0,0.26247975
0,0.26053834
0,0.26564136
0,0.26785216
0,0.2698665
0,0.27020723
0,0.2694615
0,0.26791617
0,0.2689092
0,0.26856866
0,0.26759183
0,0.26553455
0,0.26586002
0,0.27094907
0,0.26132178
0,0.25791672
0,0.25521412
0,0.25859576
0,0.25768977
0,0.25756943
0,0.25796598
0,0.25376168
0,0.25473306
0,0.2506212
0,0.2475652
0,0.25157624
0,0.25927207
0,0.24997483
0,0.25817102
0,0.27000532
0,0.25396562
0,0.24996692
0,0.26169524
0,0.25583854
0,0.25787795
0,0.25956225
0,0.2594722
0,0.26385108
0,0.26077285
0,0.25820038
0,0.260214
0,0.26173022
0,0.25750762
0,0.26363882
0,0.25811002
0,0.2548585
0,0.25869963
0,0.26115257
0,0.25842738
0,0.2538977
0,0.2510396
0,0.25551575
0,0.25832272
0,0.2579251
0,0.2563911
0,0.25515047
0,0.25559336
0,0.2642672
0,0.25310355
0,0.25309828
0,0.26272464
0,0.2724515
0,0.2693706
0,0.26581767
0,0.26423848
0,0.2688702
0,0.26370513
0,0.26966968
0,0.2686599
0,0.2640206
0,0.26229283
0,0.26002955
0,0.2640759
0,0.26002896
0,0.25869805
0,0.25786248
0,0.2568301
0,0.25447738
0,0.25409457
0,0.2524997
0,0.2580607
0,0.25827876
0,0.25343737
0,0.2631768
0,0.25476873
0,0.25693613
0,0.25808626
0,0.2530919
0,0.2501067
0,0.2536656
0,0.2601491
0,0.25115478
0,0.24841604
0,0.25684538
0,0.2533442
0,0.2535675
0,0.2515269
0,0.24553551
0,0.25347307
0,0.25945795
0,0.26406437
0,0.26115134
0,0.26658487
0,0.2620936
0,0.2654626
0,0.26567042
0,0.26090068
0,0.26017952
0,0.2584837
0,0.2628836
0,0.2588457
0,0.26447883
0,0.26909578
0,0.26304477
0,0.2639137
0,0.2642826
0,0.26365826
0,0.26297322
0,0.264247
0,0.25753096
0,0.2546658
0,0.2532379
0,0.25683317
0,0.25263157
0,0.25631657
0,0.25722674
0,0.25675583
0,0.2513699
0,0.24839485
0,0.25179783
0,0.2523042
0,0.25153163
0,0.25242418
0,0.26181224
0,0.25754791
0,0.2593643
0,0.26607972
0,0.26194224
0,0.2667652
0,0.2621959
0,0.2609181
0,0.2596082
0,0.25802973
0,0.2678534
0,0.26543155
0,0.26075703
0,0.26376623
0,0.2584436
0,0.26129767
0,0.26106983
0,0.25657508
0,0.25770825
0,0.25934747
0,0.25525072
0,0.26455033
0,0.25530013
0,0.25260517
0,0.25152093
0,0.25471076
0,0.25387612
0,0.25351903
0,0.25236732
0,0.24738002
0,0.2508884
0,0.25667268
0,0.25294185
0,0.2528655
0,0.24646941
0,0.24367808
0,0.24176316
0,0.2570577
0,0.24947172
0,0.25942641
0,0.26345602
0,0.26485914
0,0.2674633
0,0.26704785
0,0.2687268
0,0.26646417
0,0.26647705
0,0.26237231
0,0.2603632
0,0.26520607
0,0.2661272
0,0.26382974
0,0.26162267
0,0.25809878
0,0.26262668
0,0.25679567
0,0.25501826
0,0.25688526
0,0.2526495
0,0.2517149
0,0.24970733
0,0.25232425
0,0.25352314
0,0.2532477
0,0.25622603
0,0.2549923
0,0.25549015
0,0.24905781
0,0.24690229
0,0.24963516
0,0.26107058
0,0.2655888
0,0.25751254
0,0.2655666
0,0.26158652
0,0.26701882
0,0.26277602
0,0.26154578
0,0.26502654
0,0.26080015
0,0.25973687
0,0.25685367
0,0.2585346
0,0.25750604
0,0.25554794
0,0.2602707
0,0.25951022
0,0.25645038
0,0.26331586
0,0.25665018
0,0.26007253
0,0.25462574
0,0.25880638
0,0.25804105
0,0.25300583
0,0.26015985
0,0.25683856
0,0.2567752
0,0.25514066
0,0.254454
0,0.24843992
0,0.25030953
0,0.24985601
0,0.25884447
0,0.2586424
0,0.26533097
0,0.2728233
0,0.27158692
0,0.2655741
0,0.2644681
0,0.26244992
0,0.2661861
0,0.26683903
0,0.26737726
0,0.26611555
0,0.26550817
0,0.25944406
0,0.25760967
0,0.26023942
0,0.2617443
0,0.25584173
0,0.25326133
0,0.25106314
0,0.2564434
0,0.2555202
0,0.255431
0,0.25523564
0,0.24908523
0,0.24725755
0,0.2502696
0,0.25035754
0,0.25168848
0,0.2545254
0,0.25644585
0,0.25206113
0,0.2569979
0,0.2617535
0,0.25827008
0,0.2584114
0,0.25639725
0,0.26279518
0,0.25953335
0,0.26267874
0,0.25815108
0,0.2617106
0,0.25701484
0,0.2655661
0,0.2635076
0,0.2619729
0,0.26219276
0,0.25612548
0,0.2545667
0,0.2530995
0,0.25509235
0,0.2568062
0,0.25659567
0,0.2570401
0,0.25697592
0,0.2510381
0,0.24757545
0,0.24661344
0,0.25656834
0,0.25308418
0,0.2531779
0,0.24695538
0,0.24802999
0,0.25381088
0,0.25606978
0,0.2613431
0,0.2638119
0,0.26711583
0,0.26795974
0,0.27572566
0,0.27034244
0,0.27033582
0,0.26873899
0,0.26293415
0,0.26031747
0,0.2588011
0,0.26555848
0,0.25958863
0,0.25730428
0,0.2550193
0,0.2586512
0,0.25867644
0,0.25981322
0,0.2536925
0,0.25050756
0,0.25680187
0,0.2552043
0,0.26377958
0,0.2578868
0,0.2659718
0,0.25894058
0,0.25584966
0,0.25503787
0,0.25301886
0,0.25791827
0,0.2647371
0,0.2669599
0,0.26366255
0,0.26716384
0,0.26258895
0,0.26189473
0,0.26099598
0,0.25960606
0,0.26423764
0,0.2650553
0,0.2654628
0,0.2663806
0,0.26596668
0,0.26529977
0,0.26504645
0,0.26360643
0,0.26251385
0,0.2636044
0,0.25756022
0,0.26491475
0,0.25808105
0,0.27152997
0,0.25818568
0,0.25868076
0,0.26023042
0,0.25310555
0,0.25103033
0,0.2488824
0,0.25907764
0,0.25558084
0,0.24999903
0,0.25240377
0,0.24637255
0,0.24954498
0,0.25289166
0,0.26156968
0,0.26342708
0,0.26169154
0,0.2617048
0,0.26122785
0,0.26083922
0,0.25991157
0,0.25945964
0,0.26355082
0,0.2655234
0,0.26713037
0,0.2661949
0,0.2611448
0,0.25822517
0,0.26070115
0,0.2551272
0,0.25527304
0,0.25772852
0,0.2591533
0,0.25364336
0,0.25131854
0,0.2496137
0,0.25912556
0,0.25013506
0,0.2571392
0,0.2536424
0,0.2536824
0,0.2528787
0,0.24694833
0,0.261351
0,0.259199
0,0.265038
0,0.26192036
0,0.26123396
0,0.2589398
0,0.25877985
0,0.2622128
0,0.26325008
0,0.25984627
0,0.26803255
0,0.2659807
0,0.25879708
0,0.2569854
0,0.25915128
0,0.25422668
0,0.25241056
0,0.2558804
0,0.2508551
0,0.25480703
0,0.25020313
0,0.2528155
0,0.2626991
0,0.25683326
0,0.25814083
0,0.25089735
0,0.25184864
0,0.24682674
0,0.25457984
0,0.2608695
0,0.26592934
0,0.2667128
0,0.26275104
0,0.26621038
0,0.26263663
0,0.2670382
0,0.2622768
0,0.26919034
0,0.26295835
0,0.2606315
0,0.26480854
0,0.25947115
0,0.26240182
0,0.25890774
0,0.26315984
0,0.25491723
0,0.254339
0,0.25306848
0,0.25215033
0,0.2516879
0,0.25713575
0,0.2562447
0,0.2525123
0,0.25086907
0,0.24901658
0,0.25355208
0,0.25537577
0,0.25054148
0,0.24781972
0,0.24630076
0,0.25011724
0,0.24958597
0,0.2515489
0,0.25083622
0,0.24684288
0,0.25798172
0,0.26121494
0,0.25909397
0,0.258551
0,0.261556
0,0.25801557
0,0.2631351
0,0.25879237
0,0.2616037
0,0.25574717
0,0.26059785
0,0.26041058
0,0.25831372
0,0.25894067
0,0.2532147
0,0.25560734
0,0.25059047
0,0.252729
0,0.25258762
0,0.2518683
0,0.25366017
0,0.25652963
0,0.25734046
0,0.2500586
0,0.26207453
0,0.27034628
0,0.2543571
0,0.26482165
0,0.2677381
0,0.2610256
0,0.2606338
0,0.26513273
0,0.26668024
0,0.26208788
0,0.26065162
0,0.26373234
0,0.25858814
0,0.2616591
0,0.26255867
0,0.26361912
0,0.2631489
0,0.258362
0,0.25567904
0,0.25546274
0,0.25870797
0,0.25996912
0,0.25841618
0,0.2540889
0,0.25915557
0,0.2541658
0,0.25242364
0,0.25061858
0,0.24873339
0,0.25249377
0,0.24843608
0,0.24967141
0,0.25131318
0,0.2509102
0,0.24796706
0,0.2442627
0,0.24329579
0,0.2553713
0,0.2551277
0,0.26153257
0,0.26260096
0,0.26387995
0,0.27130336
0,0.26695323
0,0.26657322
0,0.26570737
0,0.27040315
0,0.2617378
0,0.25833005
0,0.26001513
0,0.25556234
0,0.25836357
0,0.25365967
0,0.25627694
0,0.2566905
0,0.25661945
0,0.25422725
0,0.25543654
0,0.25130126
0,0.24787842
0,0.24664134
0,0.25042003
0,0.24504717
0,0.24822825
0,0.2479885
0,0.24890816
0,0.2608844
0,0.26508486
0,0.26130933
0,0.2710473
0,0.2637156
0,0.2555373
0,0.261076
0,0.26356125
0,0.26346317
0,0.26021373
0,0.27324563
0,0.26219192
0,0.25831136
0,0.26178735
0,0.2568037
0,0.2657835
0,0.26225683
0,0.2570513
0,0.25544548
0,0.2613216
0,0.25982884
0,0.26060435
0,0.24934362
0,0.25918183
0,0.2528682
0,0.24488464
0,0.24641417
0,0.2514256
0,0.25154102
0,0.2524954
0,0.2526429
0,0.25757745
0,0.24883012
0,0.26551124
0,0.26618415
0,0.26329297
0,0.26765198
0,0.2730186
0,0.27127206
0,0.2552855
0,0.2641715
0,0.260025
0,0.26809373
0,0.26310793
0,0.2608057
0,0.2646955
0,0.25883672
0,0.26673865
0,0.2543826
0,0.24916206
0,0.25247017
0,0.25079775
0,0.2616101
0,0.2501121
0,0.25172728
0,0.26521778
0,0.26583877
0,0.2628013
0,0.26598582
0,0.26392162
0,0.2617401
0,0.26564425
0,0.2643239
0,0.2656927
0,0.26559332
0,0.2604914
0,0.25972798
0,0.26233658
0,0.2587873
0,0.26028442
0,0.2617199
0,0.2609548
0,0.26133323
0,0.25666985
0,0.2584568
0,0.25361922
0,0.2552761
0,0.25675282
0,0.25552133
0,0.2508715
0,0.25280935
0,0.24815626
0,0.25125748
0,0.24629794
0,0.259389
0,0.2534088
0,0.26157004
0,0.2605749
0,0.2609976
0,0.27149892
0,0.270199
0,0.27176026
0,0.2745288
0,0.27338007
0,0.27165636
0,0.27099404
0,0.2653268
0,0.26781267
0,0.26333484
0,0.25998852
0,0.26195318
0,0.2577284
0,0.26080346
0,0.26237
0,0.26010585
0,0.25630623
0,0.25397375
0,0.25751162
0,0.26162022
0,0.25442693
0,0.25205886
0,0.2502071
0,0.25337398
0,0.24987249
0,0.2527027
0,0.25270692
0,0.251121
0,0.24702732
0,0.24955153
0,0.24452181
0,0.25271592
0,0.25404772
0,0.2639576
0,0.27786678
0,0.26762632
0,0.26793227
0,0.26812723
0,0.25938168
0,0.2631934
0,0.26230946
0,0.2620984
0,0.25748777
0,0.2548578
0,0.2581781
0,0.25455466
0,0.25612548
0,0.25670406
0,0.2517902
0,0.24985664
0,0.2488275
0,0.251741
0,0.24810448
0,0.25173151
0,0.2530053
0,0.25298908
0,0.25317448
0,0.24759054
0,0.24521951
0,0.2434347
0,0.2416936
0,0.24583985
0,0.251192
0,0.25425014
0,0.25313282
0,0.26143375
0,0.26304883
0,0.25929633
0,0.26439732
0,0.26645574
0,0.2608974
0,0.25863692
0,0.25608316
0,0.2640406
0,0.25634181
0,0.25997862
0,0.25920305
0,0.2603925
0,0.25568965
0,0.25759962
0,0.25329936
0,0.25078192
0,0.25390005
0,0.24944806
0,0.24631049
0,0.24642992
0,0.24402784
0,0.24764338
0,0.2489744
0,0.2586582
0,0.24902211
0,0.24556193
0,0.25326788
0,0.26071984
0,0.25848702
0,0.2643334
0,0.26190138
0,0.26576874
0,0.2659353
0,0.2660269
0,0.26747403
0,0.26662537
0,0.26700783
0,0.26191616
0,0.2597577
0,0.25744098
0,0.25618562
0,0.25497863
0,0.25942004
0,0.25537112
0,0.25650918
0,0.25808862
0,0.2527489
0,0.2515117
0,0.25004813
0,0.24832267
0,0.24713714
0,0.24590795
0,0.2537245
0,0.2582766
0,0.25439954
0,0.24927491
0,0.25052807
0,0.24548171
0,0.26059043
0,0.26310283
0,0.26719263
0,0.26736224
0,0.26798505
0,0.27281114
0,0.27095252
0,0.26926884
0,0.2629176
0,0.26094946
0,0.26503098
0,0.26274058
0,0.25982535
0,0.25752175
0,0.26151788
0,0.2600696
0,0.25604782
0,0.25737524
0,0.25948116
0,0.2593161
0,0.2598698
0,0.25771114
0,0.25288066
0,0.25081933
0,0.2544652
0,0.25284162
0,0.2535888
0,0.24556524
0,0.24419075
0,0.24291956
0,0.24985686
0,0.2583302
0,0.26218247
0,0.26394758
0,0.26678848
0,0.26118773
0,0.26447466
0,0.26436272
0,0.26925492
0,0.2661007
0,0.26396406
0,0.2627658
0,0.2624155
0,0.26150766
0,0.26092362
0,0.2593975
0,0.27028355
0,0.26085475
0,0.25445688
0,0.2565258
0,0.25048375
0,0.2523199
0,0.25162187
0,0.24631739
0,0.24417245
0,0.24713658
0,0.25405294
0,0.26190323
0,0.25418893
1,0.25812802
1,0.2592648
1,0.25989038
1,0.26003712
1,0.26519993
1,0.2617008
1,0.27015436
1,0.2640406
1,0.27293664
1,0.2706963
1,0.27068663
1,0.26455128
1,0.26186904
1,0.25924104
1,0.25707275
0,0.9348336
0,0.70129794
0,0.5862142
0,0.49896204
0,0.44012544
0,0.38952965
0,0.34962437
0,0.3046264
0,0.27342343
0,0.27435595
0,0.25996017
0,0.24952702
0,0.23273093
0,0.21544763
0,0.19493696
0,0.18151079
0,0.1690111
0,0.16960876
0,0.16822821
0,0.17876902
0,0.19265331
0,0.20382611
0,0.21830827
0,0.23948975
0,0.23955932
0,0.24564849
0,0.25328836
0,0.25688443
0,0.25941488
0,0.25526842
0,0.26068965
0,0.25884268
0,0.25724062
0,0.25727978
0,0.2596553
0,0.26087436
0,0.25633967
0,0.25444132
0,0.25814223
0,0.2590695
0,0.25319073
0,0.25170252
0,0.25031316
0,0.2523085
0,0.25434265
0,0.25469992
0,0.25423574
0,0.25341788
0,0.24915054
0,0.24742195
0,0.24839799
0,0.24987075
0,0.24535872
0,0.24746493
0,0.25969866
0,0.25213343
0,0.2629039
0,0.26545393
0,0.2622569
0,0.26653558
0,0.26136458
0,0.2605843
0,0.25937435
0,0.25813186
0,0.2622854
0,0.2577419
0,0.26562163
0,0.26470393
0,0.25934824
0,0.25603563
0,0.2656125
0,0.25741273
0,0.26042607
0,0.25509152
0,0.2586286
0,0.2532239
0,0.25728452
0,0.2518447
0,0.25602064
0,0.2501686
0,0.25965968
0,0.2561915
0,0.25113863
0,0.24821506
0,0.24580918
0,0.25355142
0,0.2555293
0,0.2522052
0,0.256831
0,0.2614307
0,0.26512504
0,0.26595846
0,0.26677537
0,0.26686123
0,0.2615299
0,0.2659906
0,0.26476052
0,0.2612994
0,0.25833228
0,0.26371112
0,0.2635171
0,0.25729844
0,0.2595134
0,0.25887588
0,0.25359702
0,0.24968524
0,0.2530163
0,0.24728817
0,0.246265
0,0.24931158
0,0.24476029
0,0.24703123
0,0.2531033
0,0.2543809
0,0.26181832
0,0.26307547
0,0.26603577
0,0.2681018
0,0.26216725
0,0.2661277
0,0.26624435
0,0.26596996
0,0.2600631
0,0.2653056
0,0.26388592
0,0.26330647
0,0.25706035
0,0.25948006
0,0.25894397
0,0.2583687
0,0.26014885
0,0.2521679
0,0.2499991
0,0.24784799
0,0.24953797
0,0.247555
0,0.24951546
0,0.25274345
0,0.24818464
0,0.24682458
0,0.24394856
0,0.24840046
0,0.25277826
0,0.2501074
0,0.24600594
0,0.25291923
0,0.25426236
0,0.26672837
0,0.26540458
0,0.26969606
0,0.26269415
0,0.26024163
0,0.25821573
0,0.2575435
0,0.35559642
0,0.29549578
0,0.28102556
0,0.27200037
0,0.2664906
0,0.27216458
0,0.2630805
0,0.25986916
0,0.25660354
0,0.25515676
0,0.25705442
0,0.25300807
0,0.25109488
0,0.2538625
0,0.24937032
0,0.24782856
0,0.25044253
0,0.24604934
0,0.24888954
0,0.25088915
0,0.24514298
0,0.25324345
0,0.26671213
0,0.26596725
0,0.26826397
0,0.26304895
0,0.26942453
0,0.2620392
0,0.26575863
0,0.2608013
0,0.26229355
0,0.25759777
0,0.25804722
0,0.25926033
0,0.25498897
0,0.2578777
0,0.25989112
0,0.25403073
0,0.25736725
0,0.25274944
0,0.25607443
0,0.2637765
0,0.25455692
0,0.25637102
0,0.25706434
0,0.26459575
0,0.25475985
0,0.25149786
0,0.24964757
0,0.24822494
0,0.24683358
0,0.24531686
0,0.2449129
0,0.25230637
0,0.24639636
0,0.25860253
0,0.24867333
0,0.25589833
0,0.25807908
0,0.2620626
0,0.27010602
0,0.2701156
0,0.2695231
0,0.2654071
0,0.26396146
0,0.2723318
0,0.26340193
0,0.26135835
0,0.26485655
0,0.26395544
0,0.2587741
0,0.25711188
0,0.25904304
0,0.26567894
0,0.25718382
0,0.2529874
0,0.25167054
0,0.25336087
0,0.2554939
0,0.25409737
0,0.24988165
0,0.24784915
0,0.25184253
0,0.24717589
0,0.24493018
0,0.2485009
0,0.24882723
0,0.24443908
0,0.25783816
0,0.2629434
0,0.27306062
0,0.26558796
0,0.2674247
0,0.27040488
0,0.2698893
0,0.27104297
0,0.26520622
0,0.26738396
0,0.2776242
0,0.26536545
0,0.2616439
0,0.26433733
0,0.25824678
0,0.2552598
0,0.25335672
0,0.25718877
0,0.25353253
0,0.25934502
0,0.25239125
0,0.2500424
0,0.24837233
0,0.25319982
0,0.2515846
0,0.25333527
0,0.26288033
0,0.2570735
0,0.25427073
0,0.24867146
0,0.2603955
0,0.2491427
0,0.25638413
0,0.25957528
0,0.25961235
0,0.2643652
0,0.26586467
0,0.26270112
0,0.26024672
0,0.2646297
0,0.26553383
0,0.24969263
0,0.2548228
0,0.2545998
0,0.25566405
0,0.2602599
0,0.2607178
0,0.2644422
0,0.25784346
0,0.2594242
0,0.25901598
0,0.2540788
0,0.2557391
0,0.2618803
0,0.2538859
0,0.24951734
0,0.24763305
0,0.24962215
0,0.24482018
0,0.24349767
0,0.24144542
0,0.24030556
0,0.24939987
0,0.25704455
0,0.26561755
0,0.26460987
0,0.26141965
0,0.2641809
0,0.26701996
0,0.25642228
0,0.26302254
0,0.26371077
0,0.26471007
0,0.25816295
0,0.25620496
0,0.2585177
0,0.2639655
0,0.25619388
0,0.25405744
0,0.2591312
0,0.25391477
0,0.2521769
0,0.2506787
0,0.2580249
0,0.2502069
0,0.25399742
0,0.25549185
0,0.25855902
0,0.25820425
0,0.25688288
0,0.25194797
0,0.24936727
0,0.25266996
0,0.24792421
0,0.2453864
0,0.24731532
0,0.2437633
0,0.24681675
0,0.2557068
0,0.25641692
0,0.26306087
0,0.27033293
0,0.2633527
0,0.2610857
0,0.25914147
0,0.26084253
0,0.25844678
0,0.26202747
0,0.26339024
0,0.2631035
0,0.26196784
0,0.26149932
0,0.2603225
0,0.2599233
0,0.26007774
0,0.25428522
0,0.25653264
0,0.25386158
0,0.24954495
0,0.24696483
0,0.25258386
0,0.2503303
0,0.25553724
0,0.26170492
0,0.2602967
0,0.26017928
0,0.2648523
0,0.26138136
0,0.25963905
0,0.25825152
0,0.25695047
0,0.24942315
0,0.25168517
0,0.25600228
0,0.25169575
0,0.25554192
0,0.25495648
0,0.25787959
0,0.25723478
0,0.25085083
0,0.25346035
0,0.24880418
0,0.2501906
0,0.25239497
0,0.25212312
0,0.25260445
0,0.25238487
0,0.24686415
0,0.2434001
0,0.25373638
0,0.25015184
0,0.26143733
0,0.2591478
0,0.26472232
0,0.2673432
0,0.26811016
0,0.26667106
0,0.26269126
0,0.2604919
0,0.2583598
0,0.26136154
0,0.25778484
0,0.2566071
0,0.25574178
0,0.2548903
0,0.25433174
0,0.2525202
0,0.25632155
0,0.2527747
0,0.25013974
0,0.24871598
0,0.24661331
0,0.2465114
0,0.24952878
0,0.24450788
0,0.24748652
0,0.24337612
0,0.24198255
0,0.24571504
0,0.25282124
0,0.24788505
0,0.2577866
0,0.26607165
0,0.25971743
0,0.26584327
0,0.27000508
0,0.2630405
0,0.26581326
0,0.26771796
0,0.2632198
0,0.26644427
0,0.2658772
0,0.26120728
0,0.26266956
0,0.25814074
0,0.25643784
0,0.26084813
0,0.25569162
0,0.25403666
0,0.25179976
0,0.25592914
0,0.26101983
0,0.2535776
0,0.2510781
0,0.24868527
0,0.2527864
0,0.2491456
0,0.24703188
0,0.24730024
0,0.24531111
0,0.24883927
0,0.24856164
0,0.24373798
0,0.25689018
0,0.2557118
0,0.25991842
0,0.25828457
0,0.26793572
0,0.26614386
0,0.26127514
0,0.26027936
0,0.24766302
0,0.2545832
0,0.25350267
0,0.2570464
0,0.25386074
0,0.25333628
0,0.25693035
0,0.26281363
0,0.25436804
0,0.25236005
0,0.25450185
0,0.25542507
0,0.2511196
0,0.249178
0,0.2476909
0,0.24995907
0,0.24588008
0,0.24436161
0,0.24270238
0,0.2558373
0,0.24701265
0,0.25428712
0,0.25990993
0,0.25870624
0,0.2686116
0,0.25955835
0,0.27248684
0,0.2642094
0,0.26165077
0,0.2601783
0,0.26026705
0,0.2640513
0,0.26733756
0,0.26673388
0,0.2674152
0,0.2682262
0,0.2701096
0,0.26373452
0,0.26293573
0,0.26367113
0,0.26247224
0,0.26252028
0,0.2589026
0,0.2546478
0,0.25709456
0,0.25702155
0,0.26254547
0,0.25758386
0,0.2519688
0,0.24865846
0,0.25188234
0,0.25209904
0,0.24671073
0,0.24866524
0,0.24405593
0,0.26249984
0,0.2650071
0,0.2615757
0,0.26779863
0,0.2673031
0,0.26549765
0,0.26830906
0,0.27232632
0,0.2699748
0,0.26813728
0,0.26372287
0,0.26453358
0,0.2649205
0,0.27748862
0,0.2700348
0,0.2701048
0,0.2629187
0,0.26399055
0,0.26404247
0,0.26201305
0,0.2562099
0,0.2534888
0,0.25095716
0,0.24886252
0,0.25127456
0,0.24715665
0,0.2505929
0,0.24548101
0,0.24453942
0,0.2578795
0,0.24708685
0,0.2585435
0,0.25805348
0,0.25776517
0,0.26445135
0,0.26077947
0,0.26611838
0,0.26461312
0,0.26110804
0,0.26529297
0,0.26754728
0,0.26167235
0,0.25912213
0,0.2572365
0,0.2655345
0,0.2633055
0,0.26464418
0,0.25834373
0,0.26341718
0,0.25305542
0,0.25939918
0,0.2625669
0,0.2553883
0,0.2574476
0,0.25238344
0,0.25631574
0,0.25118005
0,0.2568786
0,0.25650975
0,0.24922422
0,0.24686424
0,0.24946271
0,0.249522
0,0.24421254
0,0.25331336
0,0.25573295
0,0.2569102
0,0.26256338
0,0.2592931
0,0.25874987
0,0.25698552
0,0.2598405
0,0.2610929
0,0.26071393
0,0.2631301
0,0.26264843
0,0.26104793
0,0.2559369
0,0.25859284
0,0.26228425
0,0.25503457
0,0.2565857
0,0.25207153
0,0.25545585
0,0.25518668
0,0.24994771
0,0.25148144
0,0.24722254
0,0.24930151
0,0.2496388
0,0.25527322
0,0.25094187
0,0.2559705
0,0.26258424
0,0.26579195
0,0.26300853
0,0.26224765
0,0.2609113
0,0.2658037
0,0.26268226
0,0.26186746
0,0.2602031
0,0.25943986
0,0.2584735
0,0.25736678
0,0.26254535
0,0.25809884
0,0.25603673
0,0.25425887
0,0.25272632
0,0.25488377
0,0.2571413
0,0.2533323
0,0.25071764
0,0.25419268
0,0.25566605
0,0.24948083
0,0.25253382
0,0.25144976
0,0.2468549
0,0.24882281
0,0.24918829
0,0.26114658
0,0.26479143
0,0.26616988
0,0.26934984
0,0.2647056
0,0.26679975
0,0.2676769
0,0.26859125
0,0.264384
0,0.2656501
0,0.26614606
0,0.262237
0,0.26398343
0,0.26380652
0,0.25850928
0,0.26188532
0,0.26216084
0,0.2573759
0,0.25537542
0,0.2537208
0,0.2518847
0,0.2501126
0,0.2534362
0,0.25415072
0,0.2553474
0,0.24955152
0,0.24857706
0,0.24643067
0,0.24443157
0,0.26312923
0,0.2553531
0,0.2489817
0,0.25031808
0,0.24889523
0,0.24832992
0,0.25717902
0,0.25637338
0,0.25661805
0,0.26255396
0,0.25844112
0,0.2629455
0,0.2635511
0,0.25751624
0,0.25600636
0,0.25391138
0,0.25889343
0,0.25448176
0,0.2575565
0,0.25926408
0,0.25319612
0,0.2508354
0,0.25028756
0,0.24774218
0,0.25099868
0,0.24624394
0,0.24495836
0,0.249801
0,0.24544464
0,0.24947797
0,0.24946895
0,0.2447561
0,0.24425825
0,0.24632053
0,0.24261135
0,0.24621238
0,0.24194658
0,0.25473106
0,0.24966243
0,0.25325295
0,0.24470472
0,0.25321007
0,0.2534014
0,0.25449383
0,0.2592462
0,0.25827107
0,0.2729339
0,0.26188174
0,0.25950488
0,0.25652796
0,0.26028505
0,0.2590203
0,0.2603989
0,0.25561675
0,0.2541503
0,0.2575763
0,0.25388074
0,0.26112345
0,0.25645018
0,0.2575406
0,0.2577226
0,0.25169927
0,0.24959853
0,0.24705179
0,0.24588813
0,0.24850374
0,0.24456982
0,0.24780199
0,0.24357146
0,0.24228582
0,0.24102268
0,0.25303435
0,0.27111226
0,0.25816217
0,0.25988233
0,0.27579963
0,0.265356
0,0.26736185
0,0.2632449
0,0.26626414
0,0.2637714
0,0.26085564
0,0.26489183
0,0.26481122
0,0.2643669
0,0.2590066
0,0.2631988
0,0.26278427
0,0.25722125
0,0.25397548
0,0.2525554
0,0.25648966
0,0.25732616
0,0.25718394
0,0.25354624
0,0.2547469
0,0.2567537
0,0.25367364
0,0.25970855
0,0.25896242
0,0.25777593
0,0.25471509
0,0.24842824
0,0.2518683
0,0.24576838
0,0.24891329
0,0.25743583
0,0.25693414
0,0.25698653
0,0.25849193
0,0.26217818
0,0.25719184
0,0.26154387
0,0.26680654
0,0.2599167
0,0.26225546
0,0.25695994
0,0.2598043
0,0.25454083
0,0.2568728
0,0.2569944
0,0.2581161
0,0.25480133
0,0.2550734
0,0.25504488
0,0.2508228
0,0.25298503
0,0.2522143
0,0.25273868
0,0.2523812
0,0.25346383
0,0.25232574
0,0.26155806
0,0.2549799
0,0.24849787
0,0.2614701
0,0.2587968
0,0.26262018
0,0.26028752
0,0.26604182
0,0.26077792
0,0.26749212
0,0.268494
0,0.2685765
0,0.26700696
0,0.26150215
0,0.2591846
0,0.2567934
0,0.25426894
0,0.26103792
0,0.25578007
0,0.25340775
0,0.2571046
0,0.26786855
0,0.25572088
0,0.26197848
0,0.25959295
0,0.26224977
0,0.25927126
0,0.25857246
0,0.2602813
0,0.25864276
0,0.2517705
0,0.24771285
0,0.24568504
0,0.25085884
0,0.24915001
0,0.25602013
0,0.26020637
0,0.26387072
0,0.26593384
0,0.26614583
0,0.27137622
0,0.2633799
0,0.266574
0,0.26479158
0,0.26094136
0,0.26352793
0,0.26417607
0,0.26925778
0,0.26123095
0,0.25905478
0,0.25652185
0,0.25889996
0,0.25933954
0,0.25795862
0,0.2527581
0,0.25085348
0,0.24814443
0,0.24502197
0,0.24803956
0,0.24424559
0,0.24262056
0,0.2618215
0,0.26383835
0,0.25085106
0,0.26088035
0,0.2603452
0,0.2660596
0,0.26150933
0,0.2590125
0,0.26361775
0,0.26560244
0,0.2645562
0,0.2600592
0,0.25659817
0,0.2557127
0,0.26135236
0,0.25752148
0,0.2601891
0,0.25464
0,0.25304297
0,0.25266093
0,0.25624675
0,0.25845262
0,0.25361034
0,0.25730896
0,0.25861543
0,0.25603
0,0.2559616
0,0.25492966
0,0.25554615
0,0.25642595
0,0.251011
0,0.25482142
0,0.2525005
0,0.25439486
0,0.2535521
0,0.25392407
0,0.2469944
0,0.24618338
0,0.24790095
0,0.24352002
0,0.24142185
0,0.24619338
0,0.25591838
0,0.25532427
0,0.25750718
0,0.2583575
0,0.25755867
0,0.25678068
0,0.26171404
0,0.26256022
0,0.26347834
0,0.26382768
0,0.25924167
0,0.25620052
0,0.2609685
0,0.26198405
0,0.2591706
0,0.25570905
0,0.25696352
0,0.25205082
0,0.25086802
0,0.25271133
0,0.24813421
0,0.26708567
0,0.2522255
0,0.25499666
0,0.2528575
0,0.2479027
0,0.24815878
0,0.24382246
0,0.25195926
0,0.25359476
0,0.25534117
0,0.25524247
0,0.26581872
0,0.26525187
0,0.2668017
0,0.2630798
0,0.26487863
0,0.25983223
0,0.25816113
0,0.2569546
0,0.25440744
0,0.25652322
0,0.2537494
0,0.25213572
0,0.2657214
0,0.25563735
0,0.25207862
0,0.25553748
0,0.2568832
0,0.25136966
0,0.2542726
0,0.24926032
0,0.2519712
0,0.25278878
0,0.24636014
0,0.25029615
0,0.24562961
0,0.24411137
0,0.24323253
0,0.2457717
0,0.25729284
0,0.256684
0,0.26175755
0,0.2586363
0,0.2596414
0,0.25799578
0,0.2575367
0,0.26083693
0,0.26142362
0,0.26184583
0,0.25900546
0,0.26681477
0,0.2637032
0,0.25787824
0,0.25874653
0,0.25385192
0,0.25138146
0,0.24725586
0,0.24615349
0,0.24976176
0,0.24542499
0,0.24938883
0,0.25066653
0,0.24513957
0,0.24291603
0,0.25137168
0,0.25423062
0,0.26098874
0,0.2586504
0,0.25952303
0,0.263748
0,0.26065373
0,0.26425564
0,0.25995183
0,0.26357162
0,0.26360533
0,0.25978348
0,0.26465067
0,0.26488543
0,0.2623178
0,0.2633341
0,0.26501602
0,0.2602125
0,0.25763473
0,0.26049265
0,0.2624615
0,0.2587955
0,0.25471342
0,0.2574278
0,0.25840166
0,0.25553632
0,0.2557339
0,0.25161088
0,0.2543419
0,0.24895589
0,0.2495962
0,0.25012442
0,0.24433221
0,0.24551952
0,0.25581768
0,0.26104382
0,0.2584497
0,0.26013395
0,0.26510888
0,0.26130396
0,0.2600201
0,0.25906166
0,0.26211712
0,0.2601637
0,0.26173866
0,0.26336592
0,0.25809383
0,0.26152685
0,0.26203772
0,0.26015994
0,0.25231424
0,0.25721142
0,0.2532516
0,0.25544232
0,0.2551288
0,0.25039762
0,0.2490271
0,0.25311643
0,0.2536583
0,0.24846216
0,0.24587615
0,0.2612926
0,0.2503902
0,0.24625778
0,0.24842101
0,0.25547326
0,0.25631255
0,0.2627806
0,0.26022083
0,0.26592293
0,0.265992
0,0.26792955
0,0.261287
0,0.2605049
0,0.25791046
0,0.26297152
0,0.25850812
0,0.25757325
0,0.2549395
0,0.2561917
0,0.25798368
0,0.25945684
0,0.25882834
0,0.2533167
0,0.25129688
0,0.24959978
0,0.25422457
0,0.2505133
0,0.24922861
0,0.24736665
0,0.24707009
0,0.25008434
0,0.24948658
0,0.24601978
0,0.24649377
0,0.24290156
0,0.25568643
0,0.2557642
0,0.25611085
0,0.26135996
0,0.2623386
0,0.26194292
0,0.26500243
0,0.2603125
0,0.25912848
0,0.25526842
0,0.2549439
0,0.25860143
0,0.25644684
0,0.25442132
0,0.2530232
0,0.25771502
0,0.25274926
0,0.25632098
0,0.25661695
0,0.25775453
0,0.25168633
0,0.25025994
0,0.24727185
0,0.24496214
0,0.24395321
0,0.24649306
0,0.24261117
0,0.24524131
0,0.24166141
0,0.24031898
0,0.255518
0,0.2590512
0,0.2572907
0,0.26100147
0,0.26185867
0,0.2640094
0,0.26446623
0,0.26533154
0,0.2603928
0,0.25733098
0,0.2558018
0,0.25916064
0,0.25623536
0,0.2582823
0,0.25312993
0,0.25191686
0,0.25636512
0,0.25572342
0,0.26125056
0,0.2574958
0,0.251997
0,0.24895969
0,0.24709418
0,0.2490472
0,0.24531704
0,0.24384229
0,0.24697517
0,0.2434505
0,0.24808815
0,0.25473216
0,0.25188795
0,0.25063172
0,0.24869321
0,0.25744045
0,0.25700313
0,0.2561012
0,0.25702098
0,0.26207763
0,0.2595937
0,0.26225346
0,0.2602475
0,0.26315922
0,0.25903615
0,0.25616786
0,0.25560135
0,0.2545258
0,0.25371367
0,0.2542597
0,0.25746155
0,0.25707498
0,0.25853422
0,0.25355735
0,0.2559637
0,0.2505132
0,0.24914876
0,0.2514146
0,0.252889
0,0.24744397
0,0.25013036
0,0.25025442
0,0.24501523
0,0.24723846
0,0.24824744
0,0.24322373
0,0.24228944
0,0.25538647
0,0.25382668
0,0.25479227
0,0.26187187
0,0.25903448
0,0.25735468
0,0.26036385
0,0.25658375
0,0.26045087
0,0.2613308
0,0.26334462
0,0.2621245
0,0.26271275
0,0.2608094
0,0.25462008
0,0.25807384
0,0.2532604
0,0.25479832
0,0.25608316
0,0.25152922
0,0.24899018
0,0.24864163
0,0.24700223
0,0.25613347
0,0.25324917
0,0.24801111
0,0.24538441
0,0.24729164
0,0.24876958
0,0.24401161
0,0.24809523
0,0.24764311
0,0.25278285
0,0.24847151
0,0.24333915
0,0.2503487
0,0.25229868
0,0.25779575
0,0.26075512
0,0.2628502
0,0.25645936
0,0.25994998
0,0.25545993
0,0.25376377
0,0.25668642
0,0.2575059
0,0.253863
0,0.25216496
0,0.26148587
0,0.25429678
0,0.2566293
0,0.25239933
0,0.2505475
0,0.25310466
0,0.26613086
0,0.2534083
0,0.25669327
0,0.25458002
0,0.24997234
0,0.2527002
0,0.24712947
0,0.24986057
0,0.25738475
0,0.25218478
0,0.2462048
0,0.24855343
0,0.24750924
0,0.24384646
0,0.25684333
0,0.26193115
0,0.25915465
0,0.26930058
0,0.2683091
0,0.2739538
0,0.27160487
0,0.26589876
0,0.26933688
0,0.26366273
0,0.26052797
0,0.26954186
0,0.26471332
0,0.25944787
0,0.26302463
0,0.26277947
0,0.26313546
0,0.26260668
0,0.25615162
0,0.2530118
0,0.2520211
0,0.25012568
0,0.24900481
0,0.2518941
0,0.2519259
0,0.253199
0,0.24794677
0,0.24972305
0,0.24530491
0,0.2486778
0,0.2528758
0,0.2607256
0,0.2637529
0,0.26588765
0,0.2654296
0,0.26124054
0,0.26341254
0,0.2591572
0,0.27448094
0,0.26314548
0,0.2589209
0,0.2566873
0,0.25473568
0,0.25718838
0,0.25884584
0,0.25733545
0,0.2579635
0,0.25300214
0,0.25080413
0,0.24841115
0,0.24758956
0,0.24689136
0,0.24719295
0,0.25027126
0,0.2454545
0,0.24453819
0,0.24387074
0,0.24664924
0,0.24801089
0,0.25705877
0,0.24690236
0,0.2471626
0,0.2587126
0,0.2618774
0,0.25952125
0,0.2586018
0,0.26571885
0,0.25918937
0,0.2623703
0,0.27032945
0,0.26144695
0,0.2586082
0,0.2569559
0,0.2612016
0,0.2612468
0,0.25730002
0,0.2555341
0,0.25935605
0,0.26053342
0,0.26588336
0,0.26266956
0,0.2569212
0,0.25809008
0,0.25196588
0,0.2497775
0,0.24823624
0,0.25205904
0,0.24721022
0,0.25478584
0,0.24698387
0,0.25078136
0,0.24497882
0,0.25662786
0,0.2608839
0,0.2644894
0,0.26161388
0,0.2604618
0,0.25933114
0,0.26250207
0,0.2645845
0,0.26473492
0,0.2642874
0,0.26443914
0,0.26158533
0,0.26261026
0,0.26200646
0,0.26160747
0,0.25555444
0,0.24847597
0,0.2530912
0,0.2541906
0,0.2548601
0,0.25000727
0,0.24765053
0,0.2502635
0,0.25104544
0,0.24601033
0,0.24312833
0,0.24705438
0,0.24808487
0,0.25883368
0,0.25771526
0,0.26334852
0,0.26613662
0,0.26203093
0,0.24851821
0,0.2555972
0,0.25967252
0,0.25784892
0,0.25589874
0,0.26645616
0,0.26326528
0,0.26043698
0,0.25673994
0,0.25326476
0,0.2516797
0,0.25051054
0,0.25305215
0,0.25409773
0,0.2498487
0,0.24934837
0,0.2463508
0,0.24515447
0,0.24335767
0,0.24630961
0,0.24197161
0,0.24090716
0,0.23975065
0,0.23990461
0,0.24823464
0,0.25152335
0,0.2580899
0,0.25660896
0,0.26157463
0,0.26043767
0,0.2599749
0,0.26365697
0,0.26589715
0,0.26680127
0,0.2627029
0,0.2593322
0,0.26072145
0,0.26173988
0,0.25709423
0,0.2548858
0,0.25311083
0,0.2616795
0,0.25462675
0,0.2554533
0,0.25117013
0,0.25404164
0,0.2489358
0,0.24715237
0,0.24992037
0,0.25093043
0,0.24673925
0,0.24499223
0,0.25214884
0,0.25099418
0,0.24560583
0,0.24311136
0,0.24452937
0,0.2507871
0,0.25611928
0,0.25578603
0,0.26024342
0,0.26407525
0,0.26416266
0,0.2595387
0,0.26144865
0,0.25948358
0,0.25610188
0,0.26000482
0,0.25375554
0,0.25890633
0,0.25370705
0,0.25175935
0,0.25456816
0,0.2503629
0,0.2538452
0,0.25808296
0,0.2514355
0,0.25476
0,0.24901581
0,0.2577066
0,0.2490428
0,0.2469479
0,0.24886101
0,0.25072086
0,0.245303
0,0.25289607
0,0.24989896
0,0.2537985
0,0.25037348
0,0.2606485
0,0.25867873
0,0.25864768
0,0.26203832
0,0.26141787
0,0.2588778
0,0.25799656
0,0.26159698
0,0.26130202
0,0.26286215
0,0.25802657
0,0.25681773
0,0.25520518
0,0.25405335
0,0.2530875
0,0.25180575
0,0.2551071
0,0.25655705
0,0.25558698
0,0.25114518
0,0.25333247
0,0.25005323
0,0.24839574
0,0.24654026
0,0.24489187
0,0.24350178
0,0.24090968
0,0.24257249
0,0.24037832
0,0.25534254
0,0.24986075
0,0.24481156
0,0.25792366
0,0.2578227
0,0.2598548
0,0.2589131
0,0.2646314
0,0.2656034
0,0.26654252
0,0.2660461
0,0.25991595
0,0.26403332
0,0.2584519
0,0.2653797
0,0.26287782
0,0.26725167
0,0.26832208
0,0.26564577
0,0.2583285
0,0.2601235
0,0.2586847
0,0.25187624
0,0.24979971
0,0.25270665
0,0.24853799
0,0.25543088
0,0.25887772
0,0.2562781
0,0.24922068
0,0.24668442
0,0.24452947
0,0.2577783
0,0.24666962
0,0.2543244
0,0.25904295
0,0.25772864
0,0.25751182
0,0.2616816
0,0.26171663
0,0.25880638
0,0.25766572
0,0.26148447
0,0.25754875
0,0.26150766
0,0.26629493
0,0.26454678
0,0.26778567
0,0.2652866
0,0.26454976
0,0.25658917
0,0.25537932
0,0.2531036
0,0.25212422
0,0.25477713
0,0.25100583
0,0.24793606
0,0.26863068
0,0.25384206
0,0.25114274
0,0.2485559
0,0.24985771
0,0.2452262
0,0.24365246
0,0.2478372
0,0.25902236
0,0.26357415
0,0.2607206
0,0.26009572
0,0.25895604
0,0.26247087
0,0.25983232
0,0.26289764
0,0.27349207
0,0.26572663
0,0.2601404
0,0.26242822
0,0.2569598
0,0.255897
0,0.2584011
0,0.25361842
0,0.2519343
0,0.25048864
0,0.2538526
0,0.24806172
0,0.25198084
0,0.25360888
0,0.25419572
0,0.24895123
0,0.24765623
0,0.24969429
0,0.24898016
0,0.2447501
0,0.24843799
0,0.25285318
0,0.25534752
0,0.2565378
0,0.25827911
0,0.26452026
0,0.26317945
0,0.26571357
0,0.26184312
0,0.2639721
0,0.26120368
0,0.2684612
0,0.26615292
0,0.26472414
0,0.26499555
0,0.26397797
0,0.26395744
0,0.25867075
0,0.25556868
0,0.25435945
0,0.2531329
0,0.25088716
0,0.24974242
0,0.2526955
0,0.24712068
0,0.25157616
0,0.25119564
0,0.24689248
0,0.24724992
0,0.26061702
0,0.26483673
0,0.2523265
0,0.25806943
0,0.26495275
0,0.26498544
0,0.26120123
0,0.25165814
0,0.25600067
0,0.2560287
0,0.25581717
0,0.26035795
0,0.26182657
0,0.26273042
0,0.26343495
0,0.25827754
0,0.25583696
0,0.2577136
0,0.2595233
0,0.25965807
0,0.2559122
0,0.25290105
0,0.26210502
0,0.25854003
0,0.25935143
0,0.2578805
0,0.258136
0,0.25288793
0,0.25020137
0,0.2540879
0,0.2495538
0,0.2502206
0,0.24640247
0,0.24380368
0,0.24554487
0,0.24221867
0,0.25023735
0,0.2516659
0,0.2598249
0,0.25867996
0,0.25719723
0,0.26142785
0,0.2627558
0,0.26387188
0,0.2696887
0,0.259802
0,0.2569799
0,0.26049396
0,0.25949523
0,0.25949875
0,0.2512979
0,0.25679603
0,0.25654885
0,0.25510347
0,0.2500093
0,0.25267425
0,0.25458345
0,0.24969685
0,0.2590761
0,0.25578403
0,0.25978693
0,0.25116962
0,0.24839696
0,0.24909131
0,0.25042138
0,0.24530928
0,0.24784644
0,0.25772667
0,0.25669748
0,0.26316836
0,0.25878772
0,0.2690504
0,0.26885355
0,0.27035826
0,0.2691124
0,0.27434644
0,0.2651312
0,0.26320094
0,0.26524594
0,0.26258394
0,0.25836864
0,0.2619586
0,0.2570249
0,0.25509956
0,0.25653848
0,0.2584956
0,0.25395823
0,0.25727293
0,0.25745526
0,0.2571469
0,0.25034288
0,0.25511235
0,0.25294256
0,0.2533412
0,0.24676976
0,0.2450753
0,0.24307515
0,0.24635692
0,0.24215375
0,0.25514916
0,0.2590744
0,0.2598607
0,0.25891194
0,0.25759035
0,0.2575094
0,0.25654545
0,0.26030487
0,0.26214617
0,0.256635
0,0.2550235
0,0.25946963
0,0.25479499
0,0.25233802
0,0.25590757
0,0.25648975
0,0.25483817
0,0.2512846
0,0.25241718
0,0.25260654
0,0.2525882
0,0.25164053
0,0.25222698
0,0.24664809
0,0.2490989
0,0.24450171
0,0.2580497
0,0.26770058
0,0.26686972
0,0.269484
0,0.26377392
0,0.25891277
0,0.2588061
0,0.25799394
0,0.26153025
0,0.2583142
0,0.25670287
0,0.2547556
0,0.2527776
0,0.25857842
0,0.25412476
0,0.252374
0,0.25462723
0,0.25241545
0,0.24904485
0,0.2474361
0,0.24512145
0,0.24405982
0,0.24868003
0,0.24414301
0,0.24690387
0,0.24253124
0,0.24059063
0,0.25057346
0,0.25857082
0,0.24597383
0,0.25397065
0,0.25882047
0,0.2618479
0,0.26290938
0,0.25889337
0,0.26256162
0,0.26389888
0,0.2590165
0,0.2668365
0,0.25967902
0,0.26115835
0,0.2558127
0,0.25476962
0,0.26317015
0,0.25561526
0,0.25791794
0,0.25791976
0,0.25340194
0,0.25668395
0,0.26856425
0,0.26116624
0,0.26081008
0,0.2544631
0,0.25690848
0,0.2628021
0,0.262531
0,0.2590393
0,0.2523006
0,0.2537793
0,0.2516497
0,0.25152767
0,0.24588008
0,0.25367877
0,0.2545995
0,0.25618687
0,0.25726044
0,0.26358932
0,0.25964528
0,0.25880912
0,0.26352403
0,0.25642696
0,0.26192024
0,0.26458034
0,0.26292378
0,0.26453277
0,0.26309615
0,0.2578691
0,0.25762415
0,0.25605088
0,0.25316754
0,0.26097044
0,0.25327402
0,0.25620183
0,0.2509368
0,0.24916051
0,0.2632557
0,0.25266245
0,0.24971303
0,0.24703602
0,0.24523543
0,0.2483064
0,0.24940327
0,0.24500088
0,0.24737902
0,0.24937487
0,0.2547689
0,0.24588123
0,0.2579277
0,0.25645688
0,0.25462988
0,0.26104972
0,0.2719978
0,0.26853934
0,0.26736513
0,0.26196635
0,0.26354983
0,0.26242554
0,0.27554265
0,0.2685356
0,0.2717825
0,0.26184687
0,0.26257786
0,0.25670105
0,0.25654575
0,0.25774074
0,0.25497043
0,0.2504066
0,0.25296554
0,0.24757671
0,0.24671638
0,0.24708717
0,0.25043848
0,0.24589303
0,0.24412555
0,0.24802558
0,0.2464648
0,0.24289323
0,0.2578337
0,0.26047802
0,0.265667
0,0.26156893
0,0.26619127
0,0.2740094
0,0.27098522
0,0.26393062
0,0.27427787
0,0.26863667
0,0.26797
0,0.27106917
0,0.2623998
0,0.25923485
0,0.2609866
0,0.2592826
0,0.25511238
0,0.2531725
0,0.2580657
0,0.25296572
0,0.25694004
0,0.25192678
0,0.25103623
0,0.2530757
0,0.25540292
0,0.2663688
0,0.25787544
0,0.25640282
0,0.257384
0,0.25094602
0,0.2524094
0,0.251424
0,0.24592297
0,0.24356987
0,0.24132201
0,0.24949822
0,0.2567397
0,0.25995553
0,0.25765133
0,0.2624464
0,0.25814167
0,0.25600997
0,0.26042077
0,0.25649953
0,0.25574648
0,0.25454655
0,0.2535036
0,0.2560213
0,0.2530764
0,0.25687486
0,0.2515403
0,0.2560003
0,0.25606334
0,0.2511365
0,0.25233692
0,0.24767163
0,0.25488156
0,0.24751352
0,0.24988832
0,0.24525109
0,0.2433258
0,0.24085394
0,0.23971182
0,0.24381243
0,0.245054
0,0.2566728
0,0.24844441
0,0.25799093
0,0.26160538
0,0.25818112
0,0.25769034
0,0.26215494
0,0.2638229
0,0.25541514
0,0.26069692
0,0.26214865
0,0.26221415
0,0.25637645
0,0.2545934
0,0.26317325
0,0.255085
0,0.25756538
0,0.24737231
0,0.24834095
0,0.25063068
0,0.24738716
0,0.24993189
0,0.25089252
0,0.2456243
0,0.24416304
0,0.25191632
0,0.25549826
0,0.24678518
0,0.24542335
0,0.2578836
0,0.24687241
0,0.2536352
0,0.2597285
0,0.26342458
0,0.26340663
0,0.26616386
0,0.26069307
0,0.25928178
0,0.26364225
0,0.26431346
0,0.25967908
0,0.25685367
0,0.2610202
0,0.26120272
0,0.26496214
0,0.26364863
0,0.25770727
0,0.26002422
0,0.25926414
0,0.26013774
0,0.26041535
0,0.25938419
0,0.25388804
0,0.25557587
0,0.25552407
0,0.2545072
0,0.25431105
0,0.24937059
0,0.24775088
0,0.25010955
0,0.25082254
0,0.25116393
0,0.24585856
0,0.24907005
0,0.2483045
0,0.24314675
0,0.2411367
0,0.25560254
0,0.25949883
0,0.26343837
0,0.27111968
0,0.27084652
0,0.2696994
0,0.27093127
0,0.26505107
0,0.26276737
0,0.26630247
0,0.26982823
0,0.2670808
0,0.26849943
0,0.26126382
0,0.25783888
0,0.2532662
0,0.25923297
0,0.25577775
0,0.25804558
0,0.25334084
0,0.25087857
0,0.24867137
0,0.24711266
0,0.25269395
0,0.24718079
0,0.24593347
0,0.24511512
0,0.24358068
0,0.24802756
0,0.25320378
0,0.24533354
0,0.24295402
0,0.2507736
0,0.25265524
0,0.2656021
0,0.2600206
0,0.26386893
0,0.26327282
0,0.26537624
0,0.2599921
0,0.2537112
0,0.25524107
0,0.26059604
0,0.2566372
0,0.25855637
0,0.2601572
0,0.2546259
0,0.25745347
0,0.25864917
0,0.25496507
0,0.2526366
0,0.24701828
0,0.25166348
0,0.24872056
0,0.25400057
0,0.25672153
0,0.25094768
0,0.24634562
0,0.24526069
0,0.24391408
0,0.25035056
0,0.244567
0,0.24750622
0,0.2440154
0,0.24392502
0,0.24663962
0,0.24783756
0,0.24757488
0,0.24707603
0,0.25755942
0,0.25615376
0,0.25593823
0,0.25970247
0,0.25669652
0,0.26056728
0,0.26042527
0,0.25723347
0,0.25570878
0,0.2540891
0,0.26047626
0,0.25557065
0,0.25428405
0,0.2571368
0,0.2587459
0,0.25334644
0,0.25690344
0,0.25634292
0,0.26210558
0,0.25382584
0,0.25034332
0,0.2519664
0,0.24823357
0,0.25149214
0,0.2565751
0,0.24844138
0,0.251833
0,0.24537866
0,0.24876115
0,0.25363234
0,0.26095554
0,0.25272378
0,0.26698285
0,0.26112708
0,0.2603461
0,0.26430494
0,0.25840187
0,0.25719506
0,0.26075825
0,0.26242694
0,0.25821573
0,0.2570076
0,0.2591237
0,0.2558415
0,0.25394377
0,0.2577447
0,0.25779155
0,0.2539427
0,0.25647277
0,0.2538398
0,0.25665498
0,0.25342694
0,0.25603297
0,0.256211
0,0.2567436
0,0.25107878
0,0.2494852
0,0.25254473
0,0.24839139
0,0.25098926
0,0.25124508
0,0.24688491
0,0.24403456
0,0.24203339
0,0.24457352
0,0.24990347
0,0.25818253
0,0.2670609
0,0.2675716
0,0.2675168
0,0.26135913
0,0.26967457
0,0.26204544
0,0.26513934
0,0.26628858
0,0.26012397
0,0.25772634
0,0.25582248
0,0.25298825
0,0.25201213
0,0.25544623
0,0.2564764
0,0.25159156
0,0.25561428
0,0.25558826
0,0.24927062
0,0.2525168
0,0.24789
0,0.25657433
0,0.24859922
0,0.25013638
0,0.24533157
0,0.24780536
0,0.25432074
0,0.24616808
0,0.25835305
0,0.26191026
0,0.26014176
0,0.25867465
0,0.2632097
0,0.2634132
0,0.2642325
0,0.26426423
0,0.2646788
0,0.2603173
0,0.26308355
0,0.25901306
0,0.26192608
0,0.2572828
0,0.25570068
0,0.25489354
0,0.2576083
0,0.25372896
0,0.25225282
0,0.2507645
0,0.25406164
0,0.25558066
0,0.2548081
0,0.2555792
0,0.2591151
0,0.2524321
0,0.24856386
0,0.24738081
0,0.24932294
0,0.25057516
0,0.24632505
0,0.24959978
0,0.24532852
0,0.24538344
0,0.24281327
0,0.24094187
0,0.24363102
0,0.25563648
0,0.24915455
0,0.25261596
0,0.2550228
0,0.26205635
0,0.25874326
0,0.26475447
0,0.26577163
0,0.2674678
0,0.26186708
0,0.25750032
0,0.25731793
0,0.261267
0,0.2579056
0,0.26205802
0,0.26177824
0,0.26162934
0,0.25661227
0,0.26110774
0,0.26034036
0,0.25607195
0,0.25318268
0,0.2520919
0,0.2544547
0,0.25115415
0,0.24968038
0,0.24816453
0,0.25191545
0,0.25450176
0,0.24774094
0,0.24643373
0,0.24468511
0,0.24970518
0,0.2437459
0,0.2413516
0,0.24015898
0,0.24747877
0,0.25131652
0,0.25354928
0,0.2577535
0,0.26230317
0,0.25905102
0,0.2586777
0,0.26265174
0,0.25833073
0,0.25709695
0,0.25754654
0,0.2609831
0,0.26211613
0,0.25750744
0,0.2540354
0,0.25404102
0,0.251713
0,0.2508434
0,0.25574794
0,0.2557674
0,0.25147566
0,0.25423107
0,0.24967115
0,0.24765368
0,0.24994333
0,0.24751563
0,0.24644269
0,0.24369825
0,0.24683349
0,0.24758542
0,0.2441695
0,0.24222024
0,0.24451157
0,0.25413424
0,0.2600952
0,0.26978314
0,0.26751426
0,0.26358274
0,0.26926088
0,0.26015964
0,0.26550537
0,0.26083347
0,0.2596199
0,0.26102453
0,0.25757354
0,0.25634375
0,0.25241134
0,0.259317
0,0.2590678
0,0.26100683
0,0.25575897
0,0.25387117
0,0.25229505
0,0.24992327
0,0.25412712
0,0.24957037
0,0.248337
0,0.24698873
0,0.24535558
0,0.24901712
0,0.24938674
0,0.2553708
0,0.24675025
0,0.25848582
0,0.26279473
0,0.2595488
0,0.25876722
0,0.2643005
0,0.25996074
0,0.26354033
0,0.2634748
0,0.26504004
0,0.2643654
0,0.26520178
0,0.26401985
0,0.25779498
0,0.26029912
0,0.25481012
0,0.26454726
0,0.2603474
0,0.25781643
0,0.25898725
0,0.2530216
0,0.25548032
0,0.25467938
0,0.25478226
0,0.2550725
0,0.25346023
0,0.25344348
0,0.25088516
0,0.2514778
0,0.25085294
0,0.2505738
0,0.24861892
0,0.24753931
0,0.24682514
0,0.24561794
0,0.25526026
0,0.24788861
0,0.256595
0,0.2602312
0,0.2609973
0,0.2614677
0,0.26208693
0,0.2625571
0,0.26226553
0,0.2621351
0,0.26121542
0,0.2624549
0,0.2617752
0,0.26715663
0,0.26137057
0,0.26264787
0,0.25912443
0,0.25969213
0,0.25821474
0,0.25631344
0,0.25601882
0,0.25131014
0,0.2538373
0,0.2531916
0,0.25175145
0,0.25191328
0,0.25016156
0,0.24927804
0,0.24746111
0,0.24840733
0,0.24701172
0,0.24713057
0,0.25099504
0,0.2481398
0,0.25534984
0,0.2588803
0,0.2615927
0,0.26163745
0,0.2629831
0,0.26770028
0,0.2638571
0,0.26407433
0,0.27538967
0,0.26840177
0,0.26626042
0,0.26541466
0,0.26291385
0,0.26254043
0,0.2610267
0,0.26420718
0,0.26020607
0,0.25886893
0,0.25871578
0,0.25755697
0,0.2569396
0,0.25545084
0,0.25433248
0,0.25145563
0,0.25733143
0,0.25298202
0,0.25172982
0,0.2506953
0,0.24986468
0,0.24824792
0,0.24551696
0,0.2455482
0,0.24670595
0,0.24512367
0,0.2548133
0,0.2584307
0,0.26154986
0,0.2632544
0,0.2643416
0,0.26471236
0,0.26614788
0,0.26491675
0,0.26577985
0,0.26298591
0,0.26376152
0,0.25846463
0,0.26103666
0,0.26955435
0,0.26832837
0,0.26288643
0,0.2619944
0,0.259295
0,0.25832066
0,0.25651854
0,0.25602493
0,0.25299993
0,0.25340942
0,0.2517032
0,0.25007483
0,0.24994664
0,0.25403178
0,0.2502623
0,0.24965265
0,0.24813563
0,0.25706044
0,0.2593926
0,0.26701912
0,0.26316866
0,0.26383305
0,0.26281148
0,0.2622521
0,0.2608344
0,0.2671984
0,0.26517856
0,0.2637103
0,0.26193833
0,0.2605897
0,0.25987965
0,0.25922844
0,0.25844496
0,0.25765353
0,0.25623885
0,0.25738785
0,0.2556143
0,0.2554571
0,0.25570333
0,0.25463286
0,0.2579057
0,0.25272685
0,0.25324428
0,0.25120884
0,0.25142527
0,0.25164878
0,0.24918135
0,0.24832141
0,0.24625275
0,0.24709418
0,0.24576285
0,0.24549372
0,0.25202695
0,0.25761068
0,0.25933525
0,0.26132473
0,0.2613992
0,0.2673483
0,0.2647243
0,0.2627224
0,0.2634107
0,0.26030308
0,0.26171982
0,0.26342764
0,0.26152188
0,0.26038384
0,0.26051307
0,0.25824696
0,0.2584002
0,0.25464833
0,0.25586486
0,0.2538722
0,0.252635
0,0.2626296
0,0.25607234
0,0.25399107
0,0.253509
0,0.25529194
0,0.2529983
0,0.2500067
0,0.26420474
0,0.26406813
0,0.2559994
0,0.26157942
0,0.26235303
0,0.26427042
0,0.26511034
0,0.2662616
0,0.26474506
0,0.26563093
0,0.27022806
0,0.26673055
0,0.26621428
0,0.26442474
0,0.26307306
0,0.26293525
0,0.26685548
0,0.2681492
0,0.2614282
0,0.25980544
0,0.25874144
0,0.25714892
0,0.25657237
0,0.26043335
0,0.25548613
0,0.2657929
0,0.2566468
0,0.2549984
0,0.25651303
0,0.25212765
0,0.25068134
0,0.2493232
0,0.24856234
0,0.25499034
0,0.25944185
0,0.26313758
0,0.26416174
0,0.266353
0,0.26635048
0,0.26774848
0,0.26498672
0,0.26683167
0,0.26515776
0,0.26508313
0,0.2640418
0,0.26442024
0,0.26230246
0,0.26657847
0,0.26302683
0,0.2625875
0,0.2595212
0,0.26017857
0,0.2590559
0,0.25936258
0,0.256667
0,0.25589886
0,0.25567508
0,0.25645238
0,0.2595074
0,0.25625014
0,0.25467068
0,0.25407416
0,0.2518136
0,0.25566182
0,0.24996993
0,0.24906951
0,0.25732487
0,0.25118136
0,0.2535171
0,0.25956532
0,0.2621032
0,0.26908246
0,0.2655301
0,0.2647902
0,0.26507944
0,0.26291966
0,0.27496725
0,0.2669288
0,0.26405478
0,0.26233742
0,0.26194355
0,0.25968993
0,0.25970992
0,0.25933927
0,0.25887045
0,0.257606
0,0.26219246
0,0.25730118
0,0.25565296
0,0.2540079
0,0.25393394
0,0.24666111
0,0.2509542
0,0.24994405
0,0.2530852
0,0.26113468
0,0.25306237
0,0.2502622
0,0.260488
0,0.25243264
0,0.24977165
0,0.2574016
0,0.26127365
0,0.2618174
0,0.26209
0,0.26353702
0,0.26522595
0,0.26349205
0,0.26464012
0,0.26413336
0,0.2696308
0,0.2657733
0,0.26580492
0,0.26492223
0,0.2748642
0,0.26811084
0,0.2648862
0,0.26386088
0,0.26103
0,0.2609917
0,0.2641037
0,0.26202768
0,0.26174322
0,0.25825584
0,0.26349804
0,0.25962338
0,0.25892356
0,0.2524268
0,0.2544866
0,0.25803158
0,0.25545758
0,0.25358582
0,0.25326672
0,0.25066963
0,0.25393975
0,0.25607562
0,0.25219643
0,0.24863404
0,0.24903451
0,0.25912654
0,0.2611833
0,0.2631228
0,0.26250714
0,0.26284325
0,0.26250023
0,0.26278138
0,0.2623688
0,0.26225576
0,0.26169336
0,0.26124445
0,0.26527455
0,0.26197505
0,0.25929382
0,0.25906447
0,0.2588725
0,0.25756246
0,0.25720242
0,0.26075143
0,0.2570637
0,0.25654024
0,0.25406787
0,0.25337225
0,0.25113353
0,0.25122356
0,0.250479
0,0.24939449
0,0.24875621
0,0.24813303
0,0.24665943
0,0.24624394
0,0.24548665
0,0.2543572
0,0.26262647
0,0.26319307
0,0.25267684
0,0.2651429
0,0.26345864
0,0.2649609
0,0.27507663
0,0.26973495
0,0.26771244
0,0.27017635
0,0.2706598
0,0.2658589
0,0.2707932
0,0.263654
0,0.2668436
0,0.26319838
0,0.2609478
0,0.2590041
0,0.25790158
0,0.26178697
0,0.2552397
0,0.25337803
0,0.25393572
0,0.25444537
0,0.25308082
0,0.2579186
0,0.25829127
0,0.25543925
0,0.25874156
0,0.25481617
0,0.25230923
0,0.26049253
0,0.25291583
0,0.25555798
0,0.25065863
0,0.257892
0,0.2604048
0,0.26238135
0,0.26312333
0,0.26367798
0,0.263712
0,0.26350042
0,0.26107615
0,0.26196846
0,0.26110968
0,0.26018214
0,0.26086286
0,0.25928348
0,0.2617803
0,0.25782484
0,0.25711042
0,0.2563556
0,0.25529352
0,0.25446567
0,0.25325996
0,0.25926813
0,0.253029
0,0.26180953
0,0.2555726
0,0.25351846
0,0.2521054
0,0.25492167
0,0.2558647
0,0.25581577
0,0.2625414
0,0.26320824
0,0.2656196
0,0.26424628
0,0.2644283
0,0.26480696
0,0.26676607
0,0.2703065
0,0.2675331
0,0.26424867
0,0.26290828
0,0.26060116
0,0.26668447
0,0.2624529
0,0.2577753
0,0.25790122
0,0.2577043
0,0.25723627
0,0.26250914
0,0.25748187
0,0.2585059
0,0.25605422
0,0.25443083
0,0.25379482
0,0.25908276
0,0.25911897
0,0.25587082
0,0.25374913
0,0.25265455
0,0.2564771
0,0.25379246
0,0.25055817
0,0.25051975
0,0.24849854
0,0.24668859
0,0.26030132
0,0.25924385
0,0.26788074
0,0.26506948
0,0.2661456
0,0.2719185
0,0.26781094
0,0.26757213
0,0.26686254
0,0.2658805
0,0.26476815
0,0.26444015
0,0.26219457
0,0.26106977
0,0.2608004
0,0.26010245
0,0.25999466
0,0.25845167
0,0.25609368
0,0.26130924
0,0.25682384
0,0.2611028
0,0.25772467
0,0.2567856
0,0.25325024
0,0.25279132
0,0.2573459
0,0.25313228
0,0.25781053
0,0.2529754
0,0.25198755
0,0.2516745
0,0.24840261
0,0.25152624
0,0.24869321
0,0.25757548
0,0.266838
0,0.264483
0,0.26689753
0,0.26647162
0,0.26723793
0,0.26793075
0,0.2679726
0,0.2656296
0,0.26668036
0,0.26591042
0,0.2646306
0,0.26360348
0,0.26386923
0,0.26218656
0,0.2619457
0,0.2623242
0,0.26688063
0,0.26095915
0,0.26589426
0,0.26194933
0,0.25939843
0,0.25761148
0,0.25623003
0,0.25526842
0,0.25627008
0,0.25501707
0,0.25597024
0,0.25507212
0,0.25993392
0,0.2557061
0,0.25380486
0,0.25233075
0,0.25247154
0,0.25012818
0,0.25159204
0,0.24824835
0,0.24629544
0,0.25375292
0,0.25906673
0,0.26150787
0,0.26312307
0,0.2630801
0,0.2642179
0,0.26485875
0,0.26737347
0,0.26484245
0,0.2641889
0,0.26954713
0,0.26439086
0,0.2638218
0,0.26194367
0,0.26847377
0,0.26294994
0,0.26069275
0,0.2596675
0,0.26406786
0,0.2598547
0,0.25819468
0,0.25723627
0,0.25402498
0,0.25286496
0,0.25174364
0,0.25008628
0,0.262012
0,0.25439698
0,0.25248232
0,0.26043868
0,0.25394467
0,0.25181833
0,0.25015426
0,0.25856012
0,0.26205406
0,0.26398566
0,0.2633468
0,0.26579306
0,0.26681906
0,0.2664024
0,0.26734906
0,0.2665228
0,0.26578203
0,0.26541406
0,0.26379597
0,0.26371577
0,0.262236
0,0.26234
0,0.26257932
0,0.26064235
0,0.26083687
0,0.26332134
0,0.26122046
0,0.2587825
0,0.25768992
0,0.25588664
0,0.2559498
0,0.25259185
0,0.24971813
0,0.2506763
0,0.2508123
0,0.24983837
0,0.25412443
0,0.25559592
0,0.25150666
0,0.25676653
0,0.26768133
0,0.25570002
0,0.2572712
0,0.26173463
0,0.26417777
0,0.26370594
0,0.2652292
0,0.26610953
0,0.26557717
0,0.26610607
0,0.26624686
0,0.26585788
0,0.26540357
0,0.26509342
0,0.26903513
0,0.26508301
0,0.2688414
0,0.26497978
0,0.26910555
0,0.26515043
0,0.26312646
0,0.26008537
0,0.25872204
0,0.258006
0,0.25558946
0,0.2557017
0,0.25420466
0,0.25339246
0,0.2527052
0,0.2527205
0,0.25179937
0,0.2513556
0,0.24907516
0,0.2491477
0,0.24799491
0,0.24489212
0,0.24499357
0,0.24355617
0,0.25217396
0,0.2576091
0,0.2590142
0,0.26343882
0,0.26256818
0,0.27546766
0,0.27494246
0,0.27103734
0,0.26814047
0,0.267292
0,0.2706693
0,0.2711161
0,0.26322702
0,0.26524135
0,0.26268974
0,0.26242024
0,0.2599556
0,0.26378962
0,0.2640586
0,0.26140586
0,0.26016837
0,0.2587163
0,0.25670087
0,0.25543335
0,0.25519267
0,0.25390503
0,0.25182196
0,0.25167987
0,0.25007164
0,0.25050154
0,0.25365478
0,0.25091636
0,0.25498694
0,0.26060385
0,0.25211018
0,0.26004767
0,0.25669342
0,0.25543755
0,0.25956637
0,0.2603264
0,0.2620854
0,0.26226944
0,0.26217797
0,0.26034215
0,0.26148129
0,0.26134112
0,0.2594719
0,0.25994578
0,0.25849777
0,0.2569218
0,0.25622386
0,0.2553108
0,0.25342867
0,0.25386807
0,0.25208896
0,0.25087798
0,0.2509375
0,0.2496146
0,0.24887772
0,0.24908423
0,0.2520411
0,0.24906233
0,0.24755898
0,0.2564322
0,0.26111275
0,0.2616067
0,0.26956713
0,0.26645488
0,0.26701996
0,0.26532486
0,0.26543874
0,0.26280367
0,0.2627574
0,0.26185668
0,0.26145428
0,0.259782
0,0.25983647
0,0.26393127
0,0.2605421
0,0.25749934
0,0.26157483
0,0.25598767
0,0.25398442
0,0.25190985
0,0.2526633
0,0.25038603
0,0.26262903
0,0.25397143
0,0.25204808
0,0.25028783
0,0.24943896
0,0.25484735
0,0.25064448
0,0.2586583
0,0.25977117
0,0.2623684
0,0.26360226
0,0.26422623
0,0.2650421
0,0.26444513
0,0.26269934
0,0.26350093
0,0.26823902
0,0.26756093
0,0.26496527
0,0.26214904
0,0.26215926
0,0.26709554
0,0.26260954
0,0.26092136
0,0.26128128
0,0.2598611
0,0.25920057
0,0.25816187
0,0.25755987
0,0.2560155
0,0.25457594
0,0.25374728
0,0.2538575
0,0.25531802
0,0.25214902
0,0.25167555
0,0.25082326
0,0.24940076
0,0.243241
0,0.2444065
0,0.24479577
0,0.24452981
0,0.25701988
0,0.25893554
0,0.26127946
0,0.26328433
0,0.2531156
0,0.26327038
0,0.2621624
0,0.26341707
0,0.26092416
0,0.26263005
0,0.26187432
0,0.2612814
0,0.26657337
0,0.26244402
0,0.26102552
0,0.2606606
0,0.25964093
0,0.25878513
0,0.25639492
0,0.2569998
0,0.25476414
0,0.24547677
0,0.2505412
0,0.25124222
0,0.25052312
0,0.25635487
0,0.2528169
0,0.2509527
0,0.24744907
0,0.2489844
0,0.24711204
0,0.25479326
0,0.2587419
0,0.26080376
0,0.26157093
0,0.2626785
0,0.26323098
0,0.26290888
0,0.25178015
0,0.25797448
0,0.25869524
0,0.2590421
0,0.2588921
0,0.256523
0,0.25742885
0,0.25813198
0,0.25741583
0,0.25641242
0,0.25522336
0,0.25383052
0,0.2503037
0,0.25112712
0,0.25099543
0,0.25028947
0,0.24970742
0,0.2437047
0,0.2451513
0,0.24538776
0,0.24587028
0,0.2474549
0,0.24624367
0,0.2549038
0,0.26003954
0,0.26119566
0,0.2614622
0,0.26245767
0,0.2583725
0,0.2614445
0,0.26239076
0,0.26191238
0,0.26659024
0,0.26360357
0,0.26301518
0,0.26169083
0,0.2624263
0,0.2592769
0,0.26005596
0,0.25872293
0,0.25921646
0,0.25502855
0,0.25438887
0,0.2544614
0,0.25465783
0,0.2546821
0,0.25498626
0,0.2589521
0,0.2549215
0,0.25778615
0,0.25239202
0,0.2515942
0,0.24970756
0,0.24896355
0,0.24480909
0,0.2554378
0,0.2592848
0,0.2658347
0,0.2648683
0,0.26482376
0,0.2652495
0,0.265054
0,0.26437306
0,0.26158497
0,0.26222157
0,0.26199764
0,0.2608896
0,0.26028958
0,0.25906843
0,0.25783095
0,0.25609294
0,0.25587714
0,0.25553334
0,0.25440142
0,0.2542329
0,0.25318223
0,0.25196853
0,0.24946664
0,0.25391877
0,0.25108188
0,0.24976328
0,0.24847355
0,0.24804845
0,0.25234744
0,0.24820712
0,0.25747246
0,0.2605228
0,0.26250333
0,0.26191935
0,0.26369393
0,0.2631851
0,0.2680519
0,0.26437396
0,0.26505858
0,0.26418576
0,0.2670087
0,0.2635252
0,0.263508
0,0.26123843
0,0.2650984
0,0.2617104
0,0.26073253
0,0.25995022
0,0.2594089
0,0.25669986
0,0.25750718
0,0.25179133
0,0.2542391
0,0.2527744
0,0.25414944
0,0.25692984
0,0.25342077
0,0.25185087
0,0.24943985
0,0.24816489
0,0.24791381
0,0.24700223
0,0.24691185
0,0.24587347
0,0.25546083
0,0.2486126
0,0.25573412
0,0.25982141
0,0.26746038
0,0.27004477
0,0.2642106
0,0.26297313
0,0.2623378
0,0.261102
0,0.26131573
0,0.2598111
0,0.2596288
0,0.2716638
0,0.26390427
0,0.26001623
0,0.2599853
0,0.2611561
0,0.25828132
0,0.25764933
0,0.25559464
0,0.26014307
0,0.25622913
0,0.26047406
0,0.25697437
0,0.2553366
0,0.2533588
0,0.25275394
0,0.25216177
0,0.24984252
0,0.24946226
0,0.2480762
0,0.24684484
0,0.24596214
0,0.2551237
0,0.25970224
0,0.26183802
0,0.26408726
0,0.26308975
0,0.26292342
0,0.26336056
0,0.26127228
0,0.26144853
0,0.26159537
0,0.2605048
0,0.2593924
0,0.25870532
0,0.2635274
0,0.2586371
0,0.263873
0,0.25867906
0,0.2630007
0,0.25502
0,0.26005816
0,0.2552406
0,0.25540328
0,0.2529206
0,0.25119868
0,0.25065175
0,0.25246567
0,0.24933015
0,0.24959368
0,0.2483367
0,0.24768811
0,0.2557442
0,0.26439512
0,0.2639847
0,0.26569426
0,0.26486954
0,0.2702476
0,0.2677829
0,0.25662437
0,0.2621536
0,0.26124218
0,0.25918964
0,0.26546842
0,0.26270103
0,0.2621049
0,0.2659004
0,0.26210704
0,0.26035511
0,0.2593104
0,0.25955483
0,0.26310408
0,0.25967085
0,0.26355377
0,0.26440287
0,0.25885257
0,0.2602688
0,0.2578825
0,0.25387493
0,0.25208107
0,0.25672716
0,0.25244093
0,0.2510488
0,0.2582416
0,0.2527311
0,0.24938044
0,0.24654639
0,0.24667431
0,0.24349889
0,0.25487104
0,0.2686489
0,0.2692581
0,0.2673753
0,0.26637784
0,0.26683456
0,0.26394016
0,0.26912785
0,0.2641911
0,0.26243708
0,0.26188916
0,0.26224396
0,0.26097062
0,0.2608344
0,0.2581258
0,0.25046194
0,0.251535
0,0.25130755
0,0.251912
0,0.25237975
0,0.2518706
0,0.2500763
0,0.24988827
0,0.2485025
0,0.24813798
0,0.2489883
0,0.2453873
0,0.24746999
0,0.24506244
0,0.25465095
0,0.25742614
0,0.2596935
0,0.26367638
0,0.2642497
0,0.26959267
0,0.26743677
0,0.2668327
0,0.26493517
0,0.2642549
0,0.26338133
0,0.26680666
0,0.2685834
0,0.26632234
0,0.26446047
0,0.2627431
0,0.25787535
0,0.2625197
0,0.2588778
0,0.258085
0,0.25631994
0,0.2558284
0,0.25480127
0,0.25152293
0,0.24956362
0,0.25071445
0,0.25065804
0,0.2500578
0,0.24913734
0,0.25278294
0,0.24890976
0,0.2475723
0,0.25680342
0,0.24986951
0,0.24812825
0,0.26271918
0,0.26044318
0,0.26356608
0,0.26253438
0,0.26434815
0,0.26271045
0,0.26248416
0,0.26231292
0,0.26351532
0,0.2619314
0,0.26379806
0,0.26160243
0,0.2647846
0,0.26839036
0,0.26355612
0,0.26135346
0,0.26143447
0,0.25822437
0,0.2587427
0,0.25529617
0,0.2567329
0,0.2548354
0,0.2598381
0,0.25509068
0,0.25499
0,0.25327972
0,0.25783625
0,0.2543733
0,0.25236738
0,0.25117335
0,0.2509422
0,0.2635077
0,0.25425747
0,0.25128996
0,0.2609066
0,0.26189736
0,0.25457892
0,0.26125166
0,0.26096392
0,0.2633638
0,0.26331562
0,0.25185698
0,0.2575409
0,0.25865814
0,0.2556414
0,0.25777078
0,0.25774828
0,0.2566503
0,0.2569096
0,0.2551067
0,0.2552028
0,0.25497463
0,0.25453869
0,0.25093415
0,0.2516268
0,0.2508852
0,0.25033543
0,0.25528538
0,0.25223637
0,0.2514102
0,0.25885147
0,0.25205123
0,0.24969451
0,0.2584721
0,0.261561
0,0.26488292
0,0.26399338
0,0.26963627
0,0.27097145
0,0.26833305
0,0.26401466
0,0.2699425
0,0.26475573
0,0.26395357
0,0.26205468
0,0.26212734
0,0.258926
0,0.25850075
0,0.25768983
0,0.26337954
0,0.2597858
0,0.25937864
0,0.25777566
0,0.2581062
0,0.2573018
0,0.2621959
0,0.25184193
0,0.25498694
0,0.25276142
0,0.2498026
0,0.26163498
0,0.25368336
0,0.2523109
0,0.2508859
0,0.24899457
0,0.24845678
0,0.24461809
0,0.25532693
0,0.25825822
0,0.26075977
0,0.26305538
0,0.26270097
0,0.26798323
0,0.2654632
0,0.26539224
0,0.26334807
0,0.26421374
0,0.2633913
0,0.262412
0,0.2631644
0,0.26137158
0,0.26083857
0,0.26087847
0,0.2589377
0,0.25914523
0,0.26238766
0,0.26430625
0,0.2587424
0,0.2547732
0,0.25602028
0,0.25351822
0,0.2526057
0,0.24957316
0,0.24882688
0,0.24799886
0,0.2437146
0,0.24529594
0,0.25525722
0,0.25983942
0,0.26168963
0,0.26356405
0,0.2527836
0,0.26091784
0,0.2625886
0,0.2634629
0,0.26207477
0,0.2624034
0,0.26260722
0,0.2631004
0,0.26129758
0,0.26133046
0,0.25956425
0,0.26438004
0,0.26000467
0,0.25974092
0,0.25708747
0,0.25593174
0,0.26654723
0,0.2601905
0,0.2569903
0,0.2610129
0,0.25537714
0,0.25458354
0,0.25273928
0,0.24779142
0,0.2536715
0,0.25083035
0,0.24892195
0,0.24784617
0,0.25629267
0,0.26033765
0,0.26267356
0,0.2645742
0,0.26498425
0,0.26401123
0,0.26483473
0,0.26820344
0,0.26522002
0,0.26427615
0,0.26909944
0,0.26579612
0,0.26328656
0,0.26236087
0,0.2622028
0,0.26057026
0,0.26038873
0,0.25816458
0,0.257254
0,0.25738168
0,0.26847556
0,0.26045924
0,0.25789976
0,0.25672725
0,0.25409502
0,0.25323704
0,0.25721928
0,0.2516337
0,0.2517644
0,0.24983017
0,0.2494091
0,0.2580203
0,0.25003606
0,0.25322476
0,0.2596462
0,0.2516853
0,0.26095706
0,0.26056173
0,0.2637804
0,0.26455435
0,0.2628674
0,0.26948404
0,0.2705707
0,0.2671583
0,0.26706296
0,0.26347584
0,0.267533
0,0.26406756
0,0.26349708
0,0.2561648
0,0.25921914
0,0.2588069
0,0.25945494
0,0.25490165
0,0.257456
0,0.26221424
0,0.2588485
0,0.25736526
0,0.2653458
0,0.2563721
0,0.25535518
0,0.25292894
0,0.24624692
0,0.24843554
0,0.24795493
0,0.24671526
0,0.24778865
0,0.24533074
0,0.25544196
0,0.24725746
0,0.24744736
0,0.25559646
0,0.25965998
0,0.2611512
0,0.2622623
0,0.26368862
0,0.2616717
0,0.26225746
0,0.26105484
0,0.26077577
0,0.26209545
0,0.2632637
0,0.25895658
0,0.2606806
0,0.26045352
0,0.25974393
0,0.2578064
0,0.25760883
0,0.2578181
0,0.25256044
0,0.25495893
0,0.25984013
0,0.25644293
0,0.25641474
0,0.25495464
0,0.25471005
0,0.27006778
0,0.2594152
0,0.25662664
0,0.25426754
0,0.2528942
0,0.25096744
0,0.25029472
0,0.2490423
0,0.25800583
0,0.26654246
0,0.2552699
0,0.25141233
0,0.25829822
0,0.2625918
0,0.26302013
0,0.26104593
0,0.2626737
0,0.26303944
0,0.2619071
0,0.26299223
0,0.2603434
0,0.26120445
0,0.26013345
0,0.26073065
0,0.25909883
0,0.25981086
0,0.25755718
0,0.2581097
0,0.25606215
0,0.25565895
0,0.25430664
0,0.25435984
0,0.25087184
0,0.25378537
0,0.25060862
0,0.2509823
0,0.24963495
0,0.2580714
0,0.2511515
0,0.259044
0,0.26236722
0,0.2630301
0,0.26397806
0,0.26285473
0,0.26693407
0,0.26557857
0,0.26371253
0,0.26400918
0,0.2629098
0,0.2630613
0,0.26152822
0,0.25740963
0,0.2588363
0,0.25919485
0,0.25904128
0,0.25832328
0,0.25834775
0,0.25711086
0,0.25706998
0,0.2564545
0,0.25492737
0,0.25461432
0,0.25385904
0,0.25274143
0,0.25275278
0,0.25635645
0,0.25353637
0,0.25216457
0,0.25056255
0,0.25007182
0,0.26072183
0,0.2519511
0,0.26069987
0,0.2611028
0,0.26450056
0,0.25941244
0,0.26243344
0,0.26447183
0,0.26503614
0,0.26466897
0,0.26436755
0,0.26756382
0,0.2632175
0,0.2737491
0,0.27050358
0,0.26497084
0,0.2627196
0,0.2615329
0,0.25867248
0,0.25848582
0,0.25799897
0,0.25704774
0,0.2575071
0,0.2560051
0,0.2561588
0,0.25406486
0,0.2636321
0,0.255875
0,0.25527212
0,0.252772
0,0.25087598
0,0.25359982
0,0.27103356
0,0.25734985
0,0.25484776
0,0.26098183
0,0.25444818
0,0.25134578
0,0.26267722
0,0.26029643
0,0.2644739
0,0.26485887
0,0.26544288
0,0.26456705
0,0.26977476
0,0.2553012
0,0.25934285
0,0.26108178
0,0.26264358
0,0.26289654
0,0.26082703
0,0.2607482
0,0.26449564
0,0.26236242
0,0.2597155
0,0.25979143
0,0.2587587
0,0.25734317
0,0.2655623
0,0.26105362
0,0.25875697
0,0.25661638
0,0.25551656
0,0.25394404
0,0.25244263
0,0.2515169
0,0.25028196
0,0.24829966
0,0.24618472
0,0.2457299
0,0.2458349
0,0.2558099
0,0.25860253
0,0.26294369
0,0.26279727
0,0.26155588
0,0.26325446
0,0.26105145
0,0.26112598
0,0.26269716
0,0.2606287
0,0.26044452
0,0.25975338
0,0.265127
0,0.26065207
0,0.261341
0,0.2587567
0,0.25709224
0,0.25971165
0,0.25690305
0,0.2555393
0,0.25440618
0,0.2526314
0,0.25090474
0,0.24953985
0,0.25432712
0,0.24988863
0,0.25885612
0,0.25282258
0,0.25013795
0,0.25917396
0,0.2601559
0,0.26302767
0,0.263623
0,0.2610823
0,0.2575425
0,0.26523623
0,0.2572219
0,0.2600433
0,0.2599681
0,0.2589209
0,0.25869262
0,0.25862738
0,0.25803313
0,0.25598538
0,0.2612621
0,0.2577133
0,0.25718838
0,0.25582513
0,0.2528666
0,0.25340652
0,0.26307613
0,0.25556508
0,0.25469813
0,0.25273404
0,0.25193197
0,0.25123414
0,0.24951118
0,0.25501704
0,0.25007176
0,0.24904436
0,0.2589387
0,0.2500746
0,0.2590858
0,0.26244766
0,0.26240516
0,0.26182845
0,0.25812432
0,0.26203257
0,0.26220918
0,0.2607972
0,0.26043573
0,0.26180682
0,0.26038498
0,0.26080152
0,0.2590512
0,0.25901628
0,0.25844312
0,0.26338488
0,0.25958425
0,0.25726545
0,0.25649816
0,0.25467005
0,0.2536567
0,0.2584091
0,0.2535869
0,0.2523436
0,0.25093082
0,0.25519356
0,0.2521129
0,0.2522096
0,0.2506435
0,0.2583753
0,0.2518626
0,0.25453502
0,0.2495587
0,0.25270945
0,0.25984204
0,0.26208124
0,0.26297033
0,0.26397866
0,0.26364088
0,0.2652253
0,0.26303902
0,0.2691755
0,0.2660849
0,0.26486287
0,0.26338923
0,0.2634892
0,0.26857185
0,0.26220438
0,0.26065466
0,0.26031855
0,0.2601173
0,0.25798848
0,0.2582623
0,0.25659984
0,0.2613955
0,0.25788444
0,0.25550812
0,0.25430968
0,0.24975535
0,0.2512637
0,0.25606328
0,0.25763118
0,0.2538823
0,0.25233474
0,0.24953277
0,0.2570911
0,0.25000003
0,0.25863045
0,0.26278502
0,0.26350158
0,0.2661732
0,0.26468807
0,0.2636494
0,0.26331162
0,0.26463237
0,0.26365104
0,0.26244414
0,0.26190376
0,0.26687652
0,0.26331577
0,0.26277494
0,0.26134178
0,0.260336
0,0.25976706
0,0.2602316
0,0.26738456
0,0.26282737
0,0.25915134
0,0.2593698
0,0.2574521
0,0.258265
0,0.26217502
0,0.2586203
0,0.25491506
0,0.251594
0,0.25206676
0,0.25325656
0,0.25167286
0,0.2521529
0,0.24982385
0,0.2498324
0,0.2476731
0,0.24786595
0,0.25705212
0,0.2512755
0,0.2576453
0,0.25509247
0,0.25936133
0,0.2604309
0,0.26140314
0,0.26198813
0,0.26176977
0,0.2614494
0,0.261188
0,0.26060888
0,0.2585677
0,0.25768188
0,0.2573534
0,0.25703785
0,0.25593674
0,0.25945705
0,0.2547414
0,0.2543502
0,0.24509235
0,0.25373748
0,0.2499642
0,0.24924976
0,0.24745649
0,0.24752252
0,0.24580157
0,0.24575752
0,0.24536194
0,0.26028946
0,0.25167766
0,0.25792012
0,0.25952762
0,0.26196286
0,0.26298857
0,0.2612744
0,0.2633624
0,0.26256853
0,0.26327488
0,0.2612444
0,0.2610174
0,0.25992545
0,0.25913393
0,0.25860107
0,0.25900763
0,0.2580505
0,0.25688443
0,0.25676957
0,0.25676644
0,0.25541052
0,0.25515577
0,0.25300497
0,0.2533225
0,0.2513192
0,0.25144753
0,0.24991517
0,0.24802803
0,0.24855776
0,0.24814452
0,0.24844436
0,0.24653354
0,0.24587178
0,0.25974202
0,0.25982782
0,0.26763934
0,0.26500067
0,0.26450136
0,0.26313713
0,0.2625717
0,0.2614646
0,0.25926375
0,0.25946248
0,0.26407358
0,0.26036322
0,0.25845313
0,0.25720543
0,0.2545726
0,0.25416923
0,0.2518176
0,0.25194436
0,0.24967532
0,0.24902514
0,0.24888597
0,0.25440034
0,0.25000334
0,0.24907659
0,0.24626994
0,0.24604565
0,0.2552953
0,0.26489443
0,0.2631399
0,0.26426026
0,0.2628109
0,0.26758182
0,0.26319486
0,0.2642021
0,0.26200113
0,0.26264903
0,0.2608612
0,0.2610464
0,0.25616124
0,0.25705564
0,0.25427574
0,0.2595574
0,0.25533247
0,0.25553614
0,0.25487614
0,0.25474125
0,0.25300053
0,0.25334316
0,0.25095922
0,0.2509725
0,0.24934798
0,0.2580079
0,0.2512502
0,0.25888234
0,0.26148772
0,0.26352805
0,0.26472577
0,0.2640236
0,0.26446334
0,0.2621708
0,0.263406
0,0.26786718
0,0.2636167
0,0.2680207
0,0.26857334
0,0.26433694
0,0.26108906
0,0.25804055
0,0.25830635
0,0.2564536
0,0.25543833
0,0.25459
0,0.25417352
0,0.25149474
0,0.26531303
0,0.25640687
0,0.25454056
0,0.25242996
0,0.26131615
0,0.25335783
0,0.25036412
0,0.2593083
0,0.26118505
0,0.2637741
0,0.26561522
0,0.26578885
0,0.267099
0,0.26568183
0,0.26928186
0,0.26691493
0,0.27155492
0,0.26571846
0,0.26470774
0,0.26207203
0,0.26008567
0,0.2587399
0,0.25669032
0,0.26082212
0,0.26220945
0,0.2581131
0,0.25844935
0,0.25495055
0,0.2546077
0,0.25163165
0,0.2521295
0,0.25079668
0,0.25015715
0,0.24949679
0,0.24643782
0,0.2564003
0,0.260186
0,0.26253673
0,0.26460806
0,0.2680187
0,0.2657964
0,0.26625723
0,0.26623893
0,0.26597685
0,0.26451814
0,0.26469076
0,0.2643596
0,0.26336113
0,0.2622388
0,0.2613696
0,0.25968903
0,0.25391757
0,0.25904638
0,0.25138757
0,0.25591093
0,0.25004795
0,0.25251085
0,0.24777173
0,0.2445315
0,0.2606429
0,0.2493289
0,0.2466052
0,0.24880745
0,0.25054294
0,0.24454494
0,0.24545965
0,0.25629237
0,0.2599922
0,0.2627706
0,0.25951478
0,0.25865465
0,0.2574365
0,0.2565867
0,0.2614313
0,0.26809055
0,0.26616535
0,0.25980893
0,0.25685868
0,0.2545137
0,0.2531431
0,0.2532473
0,0.2537285
0,0.25020492
0,0.24949574
0,0.24795733
0,0.25330666
0,0.25379384
0,0.2488281
0,0.25124806
0,0.25090918
0,0.2558336
0,0.25863132
0,0.24975231
0,0.24708347
0,0.2480697
0,0.25839734
0,0.25042057
0,0.25990772
0,0.26172823
0,0.25770414
0,0.26216727
0,0.2625577
0,0.2641882
0,0.2703452
0,0.26035935
0,0.26833713
0,0.28260964
0,0.27537924
0,0.26940352
0,0.26104778
0,0.261025
0,0.25409105
0,0.26312447
0,0.25908545
0,0.25194946
0,0.25464
0,0.25182685
0,0.25202236
0,0.24725115
0,0.24392411
0,0.24334477
0,0.2413165
0,0.24032128
0,0.23900366
0,0.23814248
0,0.26072124
0,0.26265323
0,0.25761724
0,0.2578315
0,0.2565014
0,0.26191288
0,0.25706998
0,0.26205027
0,0.25936583
0,0.2630625
0,0.25721073
0,0.25536796
0,0.25352538
0,0.2523636
0,0.25111377
0,0.2525351
0,0.25575906
0,0.26397774
0,0.25978014
0,0.26011175
0,0.26014683
0,0.2549181
0,0.2566544
0,0.25791302
0,0.25646067
0,0.2513001
0,0.2490462
0,0.25283563
0,0.2522061
0,0.24734783
0,0.24453938
0,0.24718878
0,0.2417476
0,0.24026242
0,0.2525239
0,0.25259236
0,0.24870592
0,0.25185692
0,0.27151477
0,0.2611153
0,0.25934732
0,0.257666
0,0.2598649
0,0.26176128
0,0.25816745
0,0.26096782
0,0.2615884
0,0.25589278
0,0.25965473
0,0.26002702
0,0.2539717
0,0.25747955
0,0.25234377
0,0.25574505
0,0.25053424
0,0.2514599
0,0.24876347
0,0.25760794
0,0.2554065
0,0.25402573
0,0.25398874
0,0.24867325
0,0.2545199
0,0.24709673
0,0.25522205
0,0.25578249
0,0.2465834
0,0.24410671
0,0.2462386
0,0.2415992
0,0.24804132
0,0.25709987
0,0.25559795
0,0.26053312
0,0.2577753
0,0.26876763
0,0.26736185
0,0.26189786
0,0.26515934
0,0.26554856
0,0.26939338
0,0.26172847
0,0.25820696
0,0.26038605
0,0.25597748
0,0.258174
0,0.2534892
0,0.25652155
0,0.25293744
0,0.25050882
0,0.2538026
0,0.25502357
0,0.2510132
0,0.24908613
0,0.26226592
0,0.25226843
0,0.2558896
0,0.25001976
0,0.24783292
0,0.25018907
0,0.24628317
0,0.24913216
0,0.24649408
0,0.24803598
0,0.24212438
0,0.2548175
0,0.2583577
0,0.25713828
0,0.2567996
0,0.2621568
0,0.26317948
0,0.26440373
0,0.2601309
0,0.2581029
0,0.26264292
0,0.26287982
0,0.26453713
0,0.26259696
0,0.25852758
0,0.26075512
0,0.26326972
0,0.2569869
0,0.25668567
0,0.25457978
0,0.25239864
0,0.25588462
0,0.25158188
0,0.24922894
0,0.24796873
0,0.25108448
0,0.25234854
0,0.24637026
0,0.24561448
0,0.24348484
0,0.24737477
0,0.24271496
0,0.24090616
0,0.24310839
0,0.24877186
0,0.24657038
0,0.25170135
0,0.24777964
0,0.25740463
0,0.26012254
0,0.26163557
0,0.25821975
0,0.26159698
0,0.26309997
0,0.2632107
0,0.26454407
0,0.25967202
0,0.25747636
0,0.25983903
0,0.25637427
0,0.2584595
0,0.2547239
0,0.2533122
0,0.25711027
0,0.25208303
0,0.24945107
0,0.24840946
0,0.2464591
0,0.24980645
0,0.24648485
0,0.25019148
0,0.25201827
0,0.24728736
0,0.25436857
0,0.24657433
0,0.24821463
0,0.24847439
0,0.24950427
0,0.25345045
0,0.254129
0,0.25526252
0,0.2621399
0,0.25793186
0,0.26367182
0,0.2588737
0,0.2628298
0,0.26322785
0,0.2612211
0,0.26053998
0,0.25596714
0,0.25392717
0,0.2561598
0,0.25222072
0,0.25553557
0,0.25521803
0,0.25030506
0,0.25825137
0,0.25074753
0,0.25367412
0,0.25431004
0,0.2490841
0,0.25019956
0,0.24904154
0,0.25089765
0,0.24561991
0,0.24727477
0,0.24793841
0,0.24692419
0,0.24820302
0,0.25053984
0,0.2592024
0,0.25727248
0,0.25669652
0,0.25676697
0,0.2554889
0,0.2548894
0,0.26051372
0,0.2609068
0,0.26283368
0,0.26215097
0,0.26310116
0,0.2624931
0,0.25743634
0,0.26038212
0,0.2567497
0,0.2600643
0,0.2545829
0,0.2519928
0,0.2557413
0,0.25609484
0,0.2555279
0,0.2518754
0,0.24943851
0,0.25122818
0,0.257564
0,0.24929795
0,0.24628186
0,0.24464233
0,0.24838488
0,0.2431435
0,0.24102348
0,0.24720849
0,0.24710369
0,0.2517776
0,0.25874195
0,0.25797278
0,0.26192814
0,0.258254
0,0.25671953
0,0.2561153
0,0.25554976
0,0.25441545
0,0.25437772
0,0.26030007
0,0.2668529
0,0.26300704
0,0.26271647
0,0.2622384
0,0.25690326
0,0.2600256
0,0.25321442
0,0.26886111
0,0.63425994
0,0.45046818
0,0.37848753
0,0.3273713
0,0.3050344
0,0.28423673
0,0.27614668
0,0.26422697
0,0.2624649
0,0.2543262
0,0.26338828
0,0.2571289
0,0.2648349
0,0.25203001
0,0.2524853
0,0.25075713
0,0.25062007
0,0.258158
0,0.25596437
0,0.26101393
0,0.2607015
0,0.2571288
0,0.25540492
0,0.2547402
0,0.2538701
0,0.25978655
0,0.25977734
0,0.26367947
0,0.26173273
0,0.2632787
0,0.26671863
0,0.25712073
0,0.25859487
0,0.25433514
0,0.25514555
0,0.25634584
0,0.2509577
0,0.2546107
0,0.24861678
0,0.246949
0,0.2492187
0,0.24488348
0,0.24722053
0,0.24615428
0,0.25868663
0,0.24663045
0,0.2486281
0,0.25751525
0,0.2461996
0,0.25316727
0,0.25444257
0,0.25878456
0,0.25778398
0,0.2565144
0,0.25539827
0,0.2546251
0,0.25848266
0,0.25946265
0,0.2606359
0,0.25923744
0,0.2601749
0,0.2596675
0,0.25953567
0,0.25737497
0,0.25825337
0,0.25298196
0,0.25633547
0,0.25574073
0,0.25175685
0,0.2539997
0,0.25168356
0,0.24924476
0,0.24614255
0,0.24526794
0,0.24862789
0,0.24399039
0,0.257955
0,0.24704081
0,0.24344435
0,0.24111335
0,0.25524148
0,0.25988138
0,0.25638506
0,0.26164934
0,0.26439083
0,0.25798792
0,0.2621626
0,0.26256827
0,0.26342782
0,0.2578804
0,0.25965664
0,0.2540455
0,0.25451612
0,0.2562842
0,0.2611486
0,0.2578351
0,0.25536308
0,0.25521523
0,0.25281447
0,0.2484407
0,0.24677622
0,0.2449104
0,0.24850366
0,0.24882618
0,0.24877349
0,0.24407706
0,0.25757173
0,0.25102687
0,0.25327176
0,0.2502188
0,0.2592453
0,0.24714726
0,0.2522752
0,0.25368047
0,0.25795758
0,0.2646146
0,0.26342997
0,0.26275915
0,0.26286414
0,0.26197004
0,0.257982
0,0.25586048
0,0.26018322
0,0.26021326
0,0.25968334
0,0.25921425
0,0.25965106
0,0.2590123
0,0.25192168
0,0.25095797
0,0.2543215
0,0.25483164
0,0.2507547
0,0.25277457
0,0.25411952
0,0.2548671
0,0.2500223
0,0.25188074
0,0.25171083
0,0.24662867
0,0.24965735
0,0.2511983
0,0.2477875
0,0.24331467
0,0.25595254
0,0.24988729
0,0.25298312
0,0.25940722
0,0.25577042
0,0.2560665
0,0.24445222
0,0.25588718
0,0.2572691
0,0.2540856
0,0.2529311
0,0.257981
0,0.25315952
0,0.26217392
0,0.25896838
0,0.25969794
0,0.25442812
0,0.25762656
0,0.25108966
0,0.25837368
0,0.25273657
0,0.25524884
0,0.24838722
0,0.245614
0,0.25780302
0,0.25300226
0,0.25085703
0,0.2445587
0,0.2514748
0,0.2614342
0,0.2613068
0,0.26377335
0,0.2582503
0,0.26777294
0,0.26223832
0,0.25899604
0,0.2608969
0,0.25680837
0,0.25953293
0,0.2595989
0,0.26013175
0,0.25445604
0,0.257178
0,0.25681826
0,0.2520791
0,0.25354016
0,0.2535031
0,0.25426945
0,0.25257376
0,0.24823207
0,0.25140467
0,0.24651733
0,0.24810183
0,0.24410856
0,0.24652152
0,0.25124547
0,0.25376654
0,0.26003852
0,0.26413772
0,0.26473066
0,0.2663932
0,0.26552683
0,0.2669789
0,0.26023716
0,0.2633625
0,0.25803438
0,0.2658414
0,0.26261804
0,0.26370466
0,0.2624586
0,0.26243618
0,0.25487998
0,0.25288084
0,0.25627995
0,0.2669663
0,0.2560648
0,0.25214258
0,0.2496282
0,0.24763328
0,0.25110322
0,0.2522011
0,0.25151643
0,0.25242895
0,0.25424224
0,0.2476345
0,0.24429224
0,0.2418852
0,0.255325
0,0.25878343
0,0.2583067
0,0.26195994
0,0.26431668
0,0.26232687
0,0.25990793
0,0.26203525
0,0.26729983
0,0.26321536
0,0.26994503
0,0.2666224
0,0.26464427
0,0.2591391
0,0.2562147
0,0.25325364
0,0.25654885
0,0.2568624
0,0.25682914
0,0.2568886
0,0.25623152
0,0.25600883
0,0.25575343
0,0.25554758
0,0.2537436
0,0.24831982
0,0.24681222
0,0.24570224
0,0.24371184
0,0.24792226
0,0.244016
0,0.24596453
0,0.24178588
0,0.23926798
0,0.25619543
0,0.25822452
0,0.26234594
0,0.26279998
0,0.2586889
0,0.26168463
0,0.2578709
0,0.25894907
0,0.26178697
0,0.2661528
0,0.25607988
0,0.255469
0,0.26024714
0,0.25387526
0,0.2586622
0,0.25137502
0,0.25021425
0,0.2540585
0,0.25992778
0,0.2520236
0,0.25490662
0,0.2534115
0,0.24927233
0,0.25608522
0,0.2492345
0,0.24519563
0,0.24987102
0,0.2535444
0,0.25201958
0,0.2552859
0,0.24602136
0,0.24280109
0,0.2505789
0,0.25688425
0,0.25552025
0,0.25587776
0,0.2583807
0,0.25665274
0,0.25603682
0,0.2556865
0,0.25640225
0,0.25879565
0,0.25572634
0,0.25416222
0,0.25260878
0,0.25184426
0,0.25030693
0,0.24993707
0,0.25364405
0,0.24995136
0,0.254201
0,0.24955915
0,0.24901234
0,0.25150746
0,0.24795645
0,0.25183317
0,0.25337908
0,0.24949245
0,0.25063032
0,0.24647059
0,0.24960952
0,0.24979346
0,0.24999876
0,0.2490704
0,0.25354877
0,0.24502294
0,0.24762267
0,0.25718752
0,0.2556379
0,0.2630723
0,0.26384008
0,0.2662935
0,0.24999358
0,0.26711932
0,0.26112762
0,0.25977266
0,0.26822978
0,0.2605433
0,0.26321453
0,0.25837153
0,0.2645961
0,0.2580342
0,0.25468653
0,0.25314
0,0.25230274
0,0.25657403
0,0.25701734
0,0.25221545
0,0.25594363
0,0.24577232
0,0.25164717
0,0.25307617
0,0.25238055
0,0.25324088
0,0.25295374
0,0.25262257
0,0.24770258
0,0.24472526
0,0.24274261
0,0.24062656
0,0.23896429
0,0.24249417
0,0.24914818
0,0.25215515
0,0.25256243
0,0.25962603
0,0.25016716
0,0.25915313
0,0.25523153
0,0.25984105
0,0.261656
0,0.2571144
0,0.26290014
0,0.25714156
0,0.26407582
0,0.26204246
0,0.2556233
0,0.25878358
0,0.25721568
0,0.25682855
0,0.25683406
0,0.25153127
0,0.2491145
0,0.24286929
0,0.24313203
0,0.24801907
0,0.24686283
0,0.24482751
0,0.24716163
0,0.24769668
0,0.24680343
0,0.257013
0,0.262543
0,0.26493418
0,0.26736438
0,0.26165202
0,0.26004624
0,0.2473069
0,0.25914615
0,0.25564653
0,0.25992522
0,0.25990468
0,0.2676754
0,0.25931114
0,0.2640529
0,0.26198128
0,0.26546603
0,0.25794467
0,0.2614167
0,0.26050386
0,0.26087332
0,0.2548019
0,0.25214624
0,0.24997497
0,0.24916607
0,0.25298208
0,0.25390562
0,0.24923092
0,0.24721727
0,0.2458608
0,0.24430457
0,0.24709368
0,0.25243828
0,0.2500676
0,0.25033596
0,0.25871262
0,0.2559656
0,0.26157916
0,0.26319453
0,0.26531637
0,0.26553774
0,0.2600085
0,0.2584857
0,0.26163846
0,0.2620652
0,0.26326427
0,0.2628182
0,0.26288176
0,0.26209497
0,0.25698024
0,0.25650135
0,0.25313997
0,0.25368607
0,0.2508759
0,0.25572002
0,0.25103864
0,0.25453869
0,0.2495885
0,0.25139222
0,0.24762872
0,0.24944912
0,0.24371965
0,0.24792068
0,0.24840535
0,0.24317026
0,0.25013024
0,0.25692576
0,0.25639626
0,0.25655425
0,0.2613392
0,0.2578054
0,0.26357016
0,0.2562225
0,0.26244327
0,0.25736856
0,0.2609543
0,0.26166657
0,0.2620531
0,0.2555703
0,0.2587835
0,0.25440907
0,0.2578453
0,0.26418516
0,0.26206622
0,0.25551525
0,0.25300503
0,0.25027272
0,0.25447097
0,0.24862567
0,0.252542
0,0.25245452
0,0.24743617
0,0.25149348
0,0.25091246
0,0.24596244
0,0.2437108
0,0.24640216
0,0.25254565
0,0.24403931
0,0.24131557
0,0.25446352
0,0.25320297
0,0.2547464
0,0.2601491
0,0.26763955
0,0.27090412
0,0.2691746
0,0.26942816
0,0.26287362
0,0.2656661
0,0.26629183
0,0.26125938
0,0.25852165
0,0.2610355
0,0.25644526
0,0.25861222
0,0.25502884
0,0.25691137
0,0.2566585
0,0.25743118
0,0.2563543
0,0.255593
0,0.25398043
0,0.24983358
0,0.24788138
0,0.25018013
0,0.24541079
0,0.24404517
0,0.2420155
0,0.24571963
0,0.24183483
0,0.23967184
0,0.24839273
0,0.26083553
0,0.26287964
0,0.26412633
0,0.2632492
0,0.26854327
0,0.26775095
0,0.2666975
0,0.26481783
0,0.2591136
0,0.25290078
0,0.26772854
0,0.26036143
0,0.25648358
0,0.25422224
0,0.25188923
0,0.25704074
0,0.2569773
0,0.25164077
0,0.25462675
0,0.25098452
0,0.2537008
0,0.25440696
0,0.2591041
0,0.25131163
0,0.24870804
0,0.247898
0,0.2498081
0,0.25131652
0,0.25129297
0,0.24708325
0,0.24751005
0,0.24835297
0,0.2533475
0,0.26244423
0,0.25840548
0,0.25858623
0,0.25761345
0,0.26631647
0,0.26042324
0,0.26472676
0,0.25650194
0,0.2657764
0,0.2671301
0,0.26390857
0,0.2589263
0,0.2606032
0,0.26100132
0,0.2554898
0,0.2577826
0,0.25342628
0,0.25526726
0,0.2562768
0,0.2511207
0,0.25512585
0,0.2533083
0,0.24928834
0,0.24632084
0,0.24448155
0,0.2467445
0,0.24262124
0,0.2513619
0,0.2571759
0,0.2669639
0,0.26492074
0,0.26498768
0,0.26487938
0,0.26396582
0,0.26657295
0,0.2614769
0,0.26700026
0,0.27001277
0,0.26221582
0,0.2587655
0,0.25658777
0,0.25376052
0,0.26241824
0,0.25321802
0,0.25393525
0,0.25743815
0,0.2523755
0,0.2505602
0,0.24990986
0,0.25467467
0,0.25479266
0,0.25109568
0,0.25186762
0,0.24811873
0,0.24672651
0,0.2492494
0,0.25069267
0,0.24616279
0,0.24819577
0,0.24343786
0,0.24520344
0,0.25033936
0,0.2426116
0,0.2539042
0,0.25733367
0,0.2600387
0,0.24626026
0,0.2556156
0,0.26316133
0,0.26074523
0,0.2654551
0,0.2684336
0,0.2603027
0,0.25757474
0,0.26458353
0,0.25714266
0,0.2630201
0,0.26460093
0,0.2552691
0,0.25340292
0,0.2599421
0,0.26225755
0,0.26787323
0,0.26139137
0,0.25459775
0,0.25686288
0,0.2558884
0,0.25057176
0,0.25100893
0,0.25527114
0,0.25342548
0,0.2520418
0,0.25153556
0,0.24558534
0,0.24529359
0,0.2554295
0,0.24532373
0,0.25580028
0,0.2597715
0,0.26668513
0,0.27004445
0,0.2712601
0,0.2655306
0,0.2694411
0,0.27107236
0,0.27310354
0,0.27403772
0,0.27328777
0,0.2693415
0,0.26162404
0,0.2589781
0,0.2566441
0,0.25587714
0,0.25212395
0,0.24974805
0,0.25750497
0,0.25065964
0,0.2482085
0,0.2517692
0,0.24686114
0,0.24422534
0,0.24760903
0,0.2437648
0,0.24140836
0,0.25434762
0,0.2588234
0,0.2615152
0,0.26338378
0,0.26504603
0,0.264578
0,0.2645977
0,0.26461828
0,0.2649442
0,0.2665067
0,0.2647369
0,0.26399964
0,0.26290956
0,0.26523778
0,0.25740334
0,0.26387832
0,0.26546758
0,0.25684884
0,0.25357273
0,0.2590706
0,0.25312155
0,0.25957248
0,0.26015377
0,0.2613294
0,0.25253338
0,0.2581795
0,0.25925612
0,0.25098765
0,0.25559407
0,0.25912187
0,0.25730482
0,0.25709265
0,0.2583835
0,0.2523764
0,0.25954515
0,0.25834537
0,0.26035795
0,0.26367345
0,0.2639195
0,0.2666306
0,0.26494727
0,0.2643102
0,0.26480094
0,0.2636952
0,0.26306713
0,0.26291808
0,0.2623413
0,0.2635383
0,0.26099786
0,0.26027596
0,0.26050788
0,0.26467952
0,0.26558256
0,0.2671415
0,0.25851008
0,0.2642507
0,0.25446853
0,0.26073784
0,0.2572623
0,0.25199154
0,0.24949245
0,0.2551925
0,0.24800621
0,0.25274366
0,0.24691436
0,0.25161952
0,0.2550685
0,0.2658304
0,0.25937378
0,0.26041788
0,0.26196018
0,0.2694054
0,0.2714846
0,0.27251965
0,0.26824763
0,0.26629445
0,0.26531005
0,0.26430175
0,0.2605683
0,0.26186192
0,0.26044783
0,0.26453468
0,0.2623064
0,0.26000723
0,0.25791618
0,0.25660235
0,0.2558076
0,0.2612426
0,0.26233244
0,0.25388137
0,0.26093635
0,0.2526992
0,0.25730792
0,0.25923967
0,0.25014183
0,0.2563173
0,0.2560952
0,0.25221238
0,0.25126496
0,0.2543484
0,0.25702804
0,0.2548517
0,0.26070198
0,0.2613064
0,0.26326007
0,0.26303825
0,0.26447985
0,0.26427564
0,0.26522875
0,0.26552057
0,0.26414564
0,0.2638316
0,0.26310948
0,0.26191682
0,0.26347175
0,0.26182818
0,0.2608759
0,0.26110992
0,0.260204
0,0.25799197
0,0.25826597
0,0.25384572
0,0.26013073
0,0.25362554
0,0.2593649
0,0.25248533
0,0.25828445
0,0.2520011
0,0.25544295
0,0.25885996
0,0.251295
0,0.24806063
0,0.25648198
0,0.24829507
0,0.24959186
0,0.2561041
0,0.24750392
0,0.24830936
0,0.24990132
0,0.26134023
0,0.24767193
0,0.25806415
0,0.26089558
0,0.26235124
0,0.26440102
0,0.2635859
0,0.26546112
0,0.26451543
0,0.26539892
0,0.26451308
0,0.25810954
0,0.26598465
0,0.26321936
0,0.261081
0,0.26655105
0,0.26598465
0,0.2669379
0,0.26809242
0,0.2679421
0,0.26372775
0,0.3453862
0,0.28789732
0,0.28332
0,0.27608278
0,0.2698471
0,0.260058
0,0.25822762
0,0.25687703
0,0.25085893
0,0.24764727
0,0.24951975
0,0.2571909
0,0.25257954
0,0.2613186
0,0.26363054
0,0.26406178
0,0.2653003
0,0.2645867
0,0.26721105
0,0.26652446
0,0.2661503
0,0.2648365
0,0.26677546
0,0.26469
0,0.26411048
0,0.26852775
0,0.26100612
0,0.26632616
0,0.26329917
0,0.26720542
0,0.26627097
0,0.26675707
0,0.2656967
0,0.2660119
0,0.26477355
0,0.90264523
0,0.70192474
0,0.5811864
0,0.49511606
0,0.41884258
0,0.36959445
0,0.32348153
0,0.28846052
0,0.27490893
0,0.26634845
0,0.25658333
0,0.24831802
0,0.2401084
0,0.22471471
0,0.20699406
0,0.18911558
0,0.17571804
0,0.16927421
0,0.16927257
0,0.17424521
0,0.18072952
0,0.19277468
0,0.2043147
0,0.21593313
0,0.2304003
0,0.23935273
0,0.2456766
0,0.24781194
0,0.2530434
0,0.25642917
0,0.2606997
0,0.26182818
0,0.26214927
0,0.25326806
0,0.25023684
0,0.2571863
0,0.25804895
0,0.2549998
0,0.24873877
0,0.24568354
0,0.24328507
0,0.24986617
0,0.25671738
0,0.26017874
0,0.26725635
0,0.26761684
0,0.265333
0,0.26569977
0,0.27196786
0,0.26375744
0,0.26606202
0,0.26372778
0,0.2630226
0,0.26145172
0,0.26299912
0,0.25861242
0,0.25790042
0,0.25751722
0,0.25587064
0,0.25469208
0,0.2635582
0,0.25693268
0,0.25525466
0,0.25335503
0,0.24901229
0,0.2553513
0,0.2483037
0,0.2452744
0,0.24347435
0,0.25251833
0,0.25439075
0,0.2550497
0,0.24687953
0,0.25291744
0,0.253688
0,0.25406852
0,0.2568425
0,0.2602107
0,0.25639585
0,0.25531265
0,0.26058456
0,0.2605706
0,0.26015654
0,0.2566957
0,0.25678346
0,0.25536925
0,0.25545648
0,0.25603366
0,0.25526264
0,0.25556713
0,0.25576082
0,0.25555164
0,0.25460073
0,0.25385824
0,0.25305945
0,0.25268123
0,0.2521842
0,0.25287354
0,0.2563852
0,0.2521843
0,0.24649526
0,0.24813607
0,0.24382965
0,0.241973
0,0.24787173
0,0.24747302
0,0.25194472
0,0.25527042
0,0.25623432
0,0.25606453
0,0.25526282
0,0.25673708
0,0.25355846
0,0.27550852
0,0.26051196
0,0.25555116
0,0.25634688
0,0.25605553
0,0.25484046
0,0.25494963
0,0.25332347
0,0.25201368
0,0.25149697
0,0.25152948
0,0.25046396
0,0.24909998
0,0.24871735
0,0.24999501
0,0.246768
0,0.24663673
0,0.24642089
0,0.24603909
0,0.2518632
0,0.25295523
0,0.2592994
0,0.667732
0,0.46648693
0,0.803027
0,0.63145185
0,0.5211631
0,0.772913
0,0.6637678
0,0.5134311
0,0.61384064
0,0.5916848
0,0.43304268
0,0.3125622
0,0.62644196
0,0.71619356
0,0.47358328
0,0.58898526
0,0.7471818
0,0.63477165
0,0.8353138
0,0.65655196
0,0.48999038
0,0.6761073
0,0.7160603
0,0.69080734
0,0.65305996
0,0.6051651
0,0.5036337
0,0.60744274
0,0.7332164
0,0.75745964
0,0.74182683
0,0.57135683
0,0.58619976
0,0.51490974
0,0.42432222
0,0.33779964
0,0.5865505
0,0.37715504
0,0.30435503
0,0.42483827
0,0.4327678
0,0.39065555
0,0.3871355
0,0.30561018
0,0.5493187
0,0.6358879
0,0.45273012
0,0.328987
0,0.28435877
0,0.30937326
0,0.27148756
0,0.56397897
0,0.36365685
0,0.5561925
0,0.61285186
0,0.43380463
0,0.47627836
0,0.32924786
0,0.29271054
0,0.22636537
0,0.20860606
0,0.3799845
0,0.43115225
0,0.4587442
0,0.42844266
0,0.29804903
0,0.26993862
0,0.21064645
0,0.44287753
0,0.55892557
0,0.58856887
0,0.5705658
0,0.5163796
0,0.43848062
0,0.34143862
0,0.62365526
0,0.7018615
0,0.70610344
0,0.4801467
0,0.53602135
0,0.4885213
0,0.40866768
0,0.29183212
0,0.25010508
0,0.48238134
0,0.55399275
0,0.5765927
0,0.5385252
0,0.4952983
0,0.3883259
0,0.31140548
0,0.5650338
0,0.6558014
0,0.5421128
0,0.5983243
0,0.84985423
0,0.5874545
0,0.5253744
0,0.3910147
0,0.30963585
0,0.5413058
0,0.6100565
0,0.618256
0,0.54772186
0,0.489919
0,0.39621603
0,0.30346814
0,0.5685587
0,0.6148432
0,0.645607
0,0.6322171
0,0.5811795
0,0.5030632
0,0.41671237
0,0.31877244
0,0.5733564
0,0.38091585
0,0.5442225
0,0.5563011
0,0.51795197
0,0.37533587
0,0.33467492
0,0.44195935
0,0.44738021
0,0.33038944
0,0.4538557
0,0.46306136
0,0.44378695
0,0.379389
0,0.49887276
0,0.6676924
0,0.7199838
0,0.7262447
0,0.50223553
0,0.4139725
0,0.4548804
0,0.3919155
0,0.31854403
0,0.57840717
0,0.48777193
0,0.61499697
0,0.61927605
0,0.5779958
0,0.5194028
0,0.40823197
0,0.33575067
0,0.5922015
0,0.6702398
0,0.69532937
0,0.6382755
0,0.44669482
0,0.45529214
0,0.3887622
0,0.3107812
0,0.5364112
0,0.63113606
0,0.65793616
0,0.6368097
0,0.5924076
0,0.41704643
0,0.38225457
0,0.6509445
0,0.7455232
0,0.5176194
0,0.6406496
0,0.43687317
0,0.4838093
0,0.33444571
0,0.32080504
0,0.2565316
0,0.2140205
0,0.4069538
0,0.5221908
0,0.5329542
0,0.49844778
0,0.3397056
0,0.31190652
0,0.24613015
0,0.4795777
0,0.59369457
0,0.39590976
0,0.51003635
0,0.481868
0,0.32489774
0,0.25009257
0,0.20004816
0,0.81075644
0,0.5746641
0,0.71979547
0,0.54255885
0,0.56331134
0,0.4737736
0,0.38187566
0,0.2995402
0,0.59127057
0,0.64593947
0,0.68653154
0,0.6533042
0,0.60326153
0,0.52236056
0,0.42350778
0,0.32420546
0,0.5726675
0,0.6542547
0,0.699919
0,0.64813054
0,0.44673097
0,0.43421212
0,0.3478689
0,0.6242138
0,0.69706035
0,0.5445529
0,0.60608745
0,0.5646816
0,0.50690234
0,0.4181961
0,0.29092744
0,0.48433852
0,0.3079982
0,0.23495488
0,0.35550967
0,0.24109475
0,0.2793958
0,0.24758811
0,0.19690385
0,0.43076202
0,0.2587483
0,0.44034386
0,0.49405256
0,0.4798439
0,0.4368956
0,0.348411
0,0.26993525
0,0.51363134
0,0.6167964
0,0.6476952
0,0.58563507
0,0.5481752
0,0.472347
0,0.373808
0,0.6366049
0,0.6869412
0,0.7117884
0,0.69571984
0,0.6499798
0,0.58159757
0,0.49107945
0,0.405125
0,0.300434
0,0.23103142
0,0.1969875
0,0.27118456
0,0.20583373
0,0.25570592
0,0.24805596
0,0.20654851
0,0.49693042
0,0.30584094
0,0.49061182
0,0.5493041
0,0.5415473
0,0.49159
0,0.34776008
0,0.29202333
0,0.5565527
0,0.6605761
0,0.6875491
0,0.4696256
0,0.5313997
0,0.4915497
0,0.41639566
0,0.32459292
0,0.3756075
0,0.54539096
0,0.59547806
0,0.59292114
0,0.5530404
0,0.47685432
0,0.3948878
0,0.30669576
0,0.549253
0,0.3976621
0,0.49452767
0,0.5239324
0,0.49374712
0,0.43050447
0,0.35592973
0,0.27679992
0,0.52483076
0,0.61388445
0,0.63074315
0,0.616485
0,0.55828595
0,0.4826003
0,0.38436556
0,0.29211175
0,0.53111327
0,0.6057078
0,0.40429476
0,0.32356897
0,0.38346633
0,0.34986737
0,0.292279
0,0.22334917
0,0.43655658
0,0.54293704
0,0.5753485
0,0.5519623
0,0.35933185
0,0.3536552
0,0.2972516
0,0.23942843
0,0.46869764
0,0.3258823
0,0.26482692
0,0.22054382
0,0.27169666
0,0.25277758
0,0.19599064
0,0.45769385
0,0.601135
0,0.65442634
0,0.4566988
0,0.36327055
0,0.38888928
0,0.32735527
0,0.2552806
0,0.529129
0,0.6069205
0,0.6413455
0,0.6375316
0,0.44882777
0,0.45453185
0,0.39828396
0,0.30675533
0,0.565851
0,0.65187156
0,0.67263997
0,0.6467898
0,0.86291444
0,0.6104055
0,0.5445852
0,0.4520366
0,0.68646663
0,0.47871995
0,0.60126376
0,0.6107565
0,0.581939
0,0.50067174
0,0.36869043
0,0.2956564
0,0.55558115
0,0.5356119
0,0.58609277
0,0.39120904
0,0.43718526
0,0.38929784
0,0.31541255
0,0.58265173
0,0.36475027
0,0.5740429
0,0.6016707
0,0.5857285
0,0.54109925
0,0.44888663
0,0.37198928
0,0.3009919
0,0.5438062
0,0.60691386
0,0.5806638
0,0.554562
0,0.8236039
0,0.64101464
0,0.5119667
0,0.38641387
0,0.6040063
0,0.65731657
0,0.6547909
0,0.6163914
0,0.42285338
0,0.31036603
0,0.27879778
0,0.21357611
0,0.19039084
0,0.36166418
0,0.26090696
0,0.3360184
0,0.33656102
0,0.2923047
0,0.2296827
0,0.18569934
0,0.39324918
0,0.2533118
0,0.39745882
0,0.42218682
0,0.29595822
0,0.28156915
0,0.23333329
0,0.51491797
0,0.6324391
0,0.40883225
0,0.5062946
0,0.49855435
0,0.4376315
0,0.3654863
0,0.2610537
0,0.5201051
0,0.62872076
0,0.42367145
0,0.43122008
1,0.40234247
1,0.37476593
1,0.33149272
1,0.26746622
1,0.5096258
1,0.60065424
1,0.62206495
1,0.60543644
1,0.5607874
1,0.47917998
1,0.38532284
1,0.29694375
1,0.5286789
1,0.61817396
1,0.63422334
1,0.96552885
1,0.9917923
1,0.9963043
1,0.99740607
1,0.99791074
1,0.9981161
1,0.9982264
1,0.9982829
1,0.99831116
1,0.9983268
1,0.99833614
1,0.9983416
1,0.99834657
1,0.99834955
1,0.9983519
1,0.99835354
1,0.9983546
1,0.9983554
1,0.99835587
1,0.9983562
1,0.99835646
1,0.9983567
1,0.9983569
1,0.998357
1,0.9983571
1,0.99835724
1,0.99835724
0,0.9983573
0,0.9919162
0,0.9927402
0,0.9921476
0,0.9911623
0,0.98972374
0,0.98197484
0,0.9883595
0,0.98520255
0,0.9772099
0,0.97010714
0,0.96609217
0,0.97142017
0,0.9681243
0,0.9865574
0,0.9669675
0,0.95017576
0,0.97736096
0,0.9781257
0,0.9759213
0,0.9715732
0,0.94472915
0,0.98167574
0,0.9560353
0,0.9299639
0,0.9668352
0,0.96394837
0,0.9456321
0,0.868377
0,0.6609353
0,0.5432622
0,0.4391908
0,0.34176096
0,0.5838733
0,0.6538181
0,0.4260153
0,0.5097545
0,0.484354
0,0.42927212
0,0.36435324
0,0.29361716
0,0.54415345
0,0.6439724
0,0.63362074
0,0.6036918
0,0.54829514
0,0.46907642
0,0.3781119
0,0.6413877
0,0.7249639
0,0.7277649
0,0.49915433
0,0.5695292
0,0.41507745
0,0.31763846
0,0.28056294
0,0.21872689
0,0.44220278
0,0.5416616
0,0.56897044
0,0.547261
0,0.4892286
0,0.40979582
0,0.31828466
0,0.57162464
0,0.65845346
0,0.6782336
0,0.662251
0,0.618687
0,0.5489659
0,0.45465976
0,0.35240394
0,0.5966373
0,0.6730262
0,0.6823453
0,0.6647372
0,0.61418015
0,0.54100597
0,0.45427778
0,0.34588516
0,0.3087795
0,0.49605486
0,0.56545
0,0.5592902
0,0.3806142
0,0.37800083
0,0.6897261
0,0.45614296
0,0.6160327
0,0.6854695
0,0.68952346
0,0.66026795
0,0.59959996
0,0.82805943
0,0.5635661
0,0.4481307
0,0.6584814
0,0.7075065
0,0.4805157
0,0.57030594
0,0.5362692
0,0.46425724
0,0.36953205
0,0.27875724
0,0.51334584
0,0.5794283
0,0.5969528
0,0.41009504
0,0.449983
0,0.3929753
0,0.32987007
0,0.58894646
0,0.38734335
0,0.5796856
0,0.3930117
0,0.45973206
0,0.43382347
0,0.318782
0,0.27789497
0,0.40851858
0,0.58445275
0,0.6322741
0,0.42776847
0,0.48300004
0,0.44152674
0,0.3136366
0,0.23485374
0,0.1915638
0,0.39735115
0,0.5069865
0,0.5207509
0,0.51004696
0,0.45145482
0,0.37992448
0,0.65030396
0,0.4038087
0,0.62964404
0,0.64267486
0,0.6351247
0,0.58628714
0,0.5110347
0,0.41504076
0,0.3234279
0,0.5783104
0,0.3722104
0,0.5267663
0,0.5518968
0,0.5174955
0,0.45103258
0,0.31731892
0,0.2627289
0,0.25489834
0,0.21231255
0,0.19351496
0,0.31528285
0,0.32576582
0,0.29904842
0,0.25295058
0,0.18689515
0,0.4180128
0,0.55018246
0,0.5947288
0,0.57708454
0,0.40443817
0,0.7613621
0,0.55796057
0,0.418667
0,0.64819443
0,0.5719486
0,0.6357503
0,0.42906842
0,0.815069
0,0.5548044
0,0.4737351
0,0.36712435
0,0.60709286
0,0.67534584
0,0.6829454
0,0.6392211
0,0.57531905
0,0.49536395
0,0.34683147
0,0.647086
0,0.7081752
0,0.7302172
0,0.7207086
0,0.67659473
0,0.60859656
0,0.5139762
0,0.42002368
0,0.52721536
0,0.6556338
0,0.6724808
0,0.46284977
0,0.4018634
0,0.40971857
0,0.35107204
0,0.29271758
0,0.5564608
0,0.40098932
0,0.53765935
0,0.55430496
0,0.38961673
0,0.39368182
0,0.26927313
0,0.23193924
0,0.18051256
0,0.29491955
0,0.42309403
0,0.3060219
0,0.36409467
0,0.336078
0,0.64868146
0,0.42681032
0,0.32992607
0,0.24091847
0,0.44235614
0,0.49326617
0,0.48451608
0,0.41076195
0,0.34171605
0,0.25757474
0,0.51976234
0,0.33279294
0,0.42547682
0,0.5062411
0,0.35131127
0,0.3555073
0,0.2960765
0,0.23056664
0,0.47111323
0,0.5883378
0,0.6119517
0,0.598721
0,0.5380635
0,0.45975527
0,0.37624216
0,0.28920436
0,0.5386137
0,0.61282575
0,0.40495354
0,0.46066976
0,0.442846
0,0.38095468
0,0.30940652
0,0.24819665
0,0.4648478
0,0.5558126
0,0.57729405
0,0.5481138
0,0.41524255
0,0.3848891
0,0.3127971
0,0.5801805
0,0.67192364
0,0.44980198
0,0.55291355
0,0.54378915
0,0.49190402
0,0.4122235
0,0.29295933
0,0.23226175
0,0.468686
0,0.33043125
0,0.45376173
0,0.4470827
0,0.4112696
0,0.35452768
1,0.27824032
1,0.53083795
1,0.6113237
1,0.64194834
1,0.6439257
1,0.5934025
1,0.52142715
1,0.3718424
1,0.65397966
1,0.73517746
1,0.75264186
1,0.55018896
1,0.46701208
1,0.385175
1,0.38544038
1,0.94353306
1,0.9897697
1,0.9960738
1,0.99749964
1,0.9979774
1,0.9981654
1,0.9982484
1,0.99828917
1,0.9983129
1,0.99832773
1,0.9983371
1,0.9983435
1,0.99834794
1,0.9983508
1,0.99835265
1,0.9983539
1,0.99835473
1,0.9983554
1,0.99835587
1,0.9983563
1,0.9983566
1,0.9983568
1,0.99835694
1,0.99835706
1,0.9983571
1,0.9983572
0,0.99835724
0,0.9932489
0,0.9943453
0,0.98961246
0,0.9864005
1,0.98677355
1,0.98091924
1,0.9844596
1,0.9836683
1,0.98010194
1,0.97755665
1,0.97422874
1,0.9525402
1,0.9504998
1,0.9352944
1,0.90722126
1,0.8823329
1,0.90821546
1,0.93353224
1,0.89590514
1,0.9909898
1,0.9957945
1,0.9764718
1,0.979299
1,0.97572327
1,0.97434163
1,0.99509305
1,0.9972578
1,0.99796945
1,0.9981545
1,0.9982305
1,0.9982804
1,0.9983105
1,0.99832577
1,0.9983355
1,0.9983422
1,0.99834657
1,0.99834955
1,0.99835163
1,0.9950862
1,0.99447876
1,0.98936504
1,0.9922754
1,0.9909503
1,0.98751736
0,0.9975953
0,0.9927782
0,0.99085647
0,0.9878576
0,0.9847154
0,0.9826186
0,0.97279376
0,0.9670585
0,0.956628
0,0.93942446
0,0.9591599
0,0.96161854
0,0.96468914
0,0.9646401
0,0.9577054
0,0.9304701
0,0.915451
0,0.94123316
0,0.94565177
0,0.9434811
0,0.9353001
0,0.81541395
0,0.4289114
0,0.34445262
0,0.3072617
0,0.265028
0,0.37917188
0,0.4375544
0,0.46211684
0,0.30240458
0,0.19648406
0,0.21434592
0,0.18815564
0,0.26249173
0,0.32824
0,0.37410116
0,0.4166025
0,0.43296003
0,0.3988635
1,0.33789292
1,0.27096912
1,0.21545751
1,0.2949484
1,0.34314838
1,0.38706377
1,0.39521605
1,0.2739606
1,0.26230687
1,0.21277115
1,0.1687889
1,0.24923049
1,0.2992043
1,0.19342135
1,0.26412603
1,0.9272951
0,0.9892862
0,0.9360075
0,0.910036
0,0.9241811
0,0.91424733
0,0.8242019
0,0.8471088
0,0.8109584
0,0.85920835
0,0.73906827
0,0.6595707
0,0.7324744
0,0.7594881
0,0.7781602
0,0.76706135
0,0.62372065
0,0.58200145
0,0.5019976
0,0.6052556
0,0.5528463
0,0.51780176
0,0.6162771
0,0.65245336
0,0.62109613
0,0.52890754
0,0.47605783
0,0.61514485
0,0.60686314
0,0.58113825
0,0.40445822
0,0.34259656
0,0.234528
0,0.17781727
0,0.15811823
0,0.23935698
0,0.277844
0,0.22818303
0,0.29763955
0,0.29942542
0,0.26512346
0,0.21428938
0,0.29054967
0,0.37800777
0,0.41130877
0,0.4406057
0,0.44092163
0,0.3992507
0,0.512002
0,0.35803986
0,0.26119414
0,0.3439389
0,0.22994858
0,0.3158737
0,0.25022188
0,0.26876393
0,0.2380513
0,0.26933345
0,0.3194946
0,0.20949838
0,0.29387534
0,0.34632093
0,0.23927565
0,0.18015425
0,0.18541744
0,0.16222392
0,0.21926035
0,0.16605937
0,0.22565985
0,0.29429162
0,0.5253494
0,0.36519372
0,0.30283907
0,0.24175921
0,0.34152907
0,0.39644644
0,0.281516
0,0.22405586
0,0.2867629
0,0.27382436
0,0.23182857
0,0.1889502
0,0.26320517
0,0.33220148
0,0.37117863
0,0.3985988
0,0.39119816
0,0.34222665
0,0.26517847
0,0.20841695
0,0.288643
0,0.35278705
0,0.40792927
0,0.2605125
0,0.3089031
0,0.29686356
0,0.25510675
0,0.19858585
0,0.1627229
0,0.23854552
0,0.31041768
0,0.21077661
0,0.2536268
0,0.18334728
0,0.17343955
0,0.15143882
0,0.22630872
0,0.16656347
0,0.15072607
0,0.21822464
0,0.23801436
0,0.21600243
0,0.1839107
0,0.16741544
0,0.23687251
0,0.30750093
0,0.36532018
0,0.3938526
0,0.35037088
0,0.30297756
0,0.24075699
0,0.18421474
0,0.1591452
0,0.22859219
0,0.28876373
0,0.316733
0,0.21529709
0,0.21459278
0,0.3095527
0,0.3478168
0,0.41270038
0,0.44984445
0,0.470735
0,0.45349497
0,0.290547
0,0.2759155
0,0.22506857
0,0.31518894
0,0.38387933
0,0.25763923
0,0.36752954
0,0.3874008
0,0.34341162
0,0.24862611
0,0.1949839
0,0.28217494
0,0.33690736
0,0.38625547
0,0.41693112
0,0.27718484
0,0.29358107
0,0.24938048
0,0.19782655
0,0.276964
0,0.1824637
0,0.2744321
0,0.178669
0,0.23147066
0,0.22560565
0,0.16259606
0,0.14436337
0,0.19825247
0,0.25661477
0,0.32106286
0,0.35187408
0,0.35061872
0,0.3053953
0,0.20911047
0,0.1742765
0,0.26988366
0,0.3380927
0,0.3920513
0,0.42794144
0,0.26601407
0,0.2689905
0,0.22396393
0,0.17516263
0,0.2582862
0,0.33533746
0,0.3735985
0,0.60329187
0,0.50536406
0,0.41380963
0,0.3294189
0,0.4027833
0,0.27380198
0,0.3598251
0,0.41597474
0,0.7461268
0,0.59384596
0,0.4244961
0,0.35232574
0,0.26562688
0,0.35478902
0,0.39810786
0,0.26957783
0,0.34841266
0,0.33210295
0,0.2396807
0,0.20762548
0,0.16266993
0,0.23925816
0,0.31625155
0,0.364344
0,0.3801487
0,0.34130442
0,0.29824358
0,0.2143949
0,0.3146859
0,0.37728515
0,0.38864604
0,0.42487824
0,0.2885281
0,0.47447705
0,0.37764186
0,0.2868821
0,0.37551257
0,0.40192428
0,0.42138293
0,0.44048488
0,0.2858439
0,0.46226427
0,0.3398627
0,0.27135202
0,0.20816793
0,0.17145348
0,0.15368292
0,0.23831537
0,0.25642127
0,0.23905821
0,0.20135857
0,0.16625918
0,0.22880068
0,0.2800224
0,0.3319173
0,0.40096915
0,0.26712364
0,0.26414347
0,0.22379181
0,0.17742164
0,0.26494104
0,0.17789942
0,0.2649758
0,0.3696247
0,0.2424689
0,0.24405855
0,0.20136765
0,0.27717033
0,0.19185308
0,0.29514286
0,0.35514176
0,0.3818509
0,0.36081308
0,0.47490194
0,0.32521555
0,0.26095733
0,0.3383585
0,0.2341731
0,0.22066168
0,0.28308368
0,0.28127903
0,0.24584207
0,0.31368974
0,0.3502991
0,0.3798594
0,0.41127986
0,0.42632407
0,0.29210722
0,0.32905012
0,0.23239298
0,0.20260562
0,0.27145067
0,0.1844899
0,0.26238438
0,0.18877046
0,0.1704076
0,0.19184767
0,0.16140638
0,0.14933203
0,0.2149566
0,0.27794415
0,0.3375792
0,0.21994822
0,0.2801987
0,0.26676562
0,0.2261178
0,0.18439029
0,0.15460385
0,0.22187892
0,0.29377082
0,0.33560678
0,0.3416345
0,0.22657104
0,0.21239915
0,0.17597862
0,0.25557867
0,0.32489794
0,0.33645633
0,0.37550157
0,0.25453675
0,0.25827557
0,0.22599141
0,0.17751561
0,0.2633083
0,0.31915227
0,0.3524436
0,0.4018319
0,0.3762063
0,0.32569635
0,0.26169577
0,0.34628883
0,0.40071058
0,0.43169194
0,0.29591712
0,0.39018956
0,0.37123466
0,0.32576883
0,0.23486547
0,0.19829997
0,0.2515459
0,0.3133856
0,0.24393034
0,0.17542832
0,0.15588571
0,0.16715844
0,0.15352312
0,0.13778006
0,0.18686604
0,0.16241546
0,0.2352022
0,0.30443075
0,0.3008984
0,0.26056984
0,0.19278967
0,0.15816821
0,0.22452134
0,0.28289127
0,0.33998883
0,0.35045198
0,0.32459667
0,0.27508253
0,0.65100795
0,0.5877972
0,0.5281017
0,0.55560184
0,0.5514512
0,0.5224405
0,0.35276064
0,0.31834415
0,0.27206635
0,0.3716269
0,0.25627893
0,0.3429521
0,0.37823763
0,0.2553133
0,0.26805964
0,0.23800366
0,0.314038
0,0.3556868
0,0.23135515
0,0.19661815
0,0.2797153
0,0.30454487
0,0.27616805
0,0.19198444
0,0.16909763
0,0.24401505
0,0.30466345
0,0.35567293
0,0.273462
0,0.29657742
0,0.2566208
0,0.21450235
0,0.172348
0,0.14978205
0,0.21030195
0,0.2630629
0,0.19032624
0,0.23024336
0,0.20531254
0,0.18034865
0,0.16410668
0,0.21426919
0,0.2639251
0,0.30045572
0,0.22667694
0,0.17244461
0,0.18214838
0,0.165733
0,0.14347185
0,0.1967056
0,0.2560874
0,0.18742995
0,0.26316023
0,0.18741079
0,0.18778358
0,0.16337432
0,0.22502628
0,0.2861435
0,0.33516854
0,0.21454601
0,0.2859304
0,0.2659935
0,0.23207058
0,0.18505774
0,0.15061362
0,0.2108342
0,0.25894752
0,0.30569243
0,0.3267285
0,0.219513
0,0.17630726
0,0.16078319
0,0.2125052
0,0.26748347
0,0.20925964
0,0.26516443
0,0.2923746
0,0.2791758
0,0.20493765
0,0.16703418
0,0.2545012
0,0.308954
0,0.21019189
0,0.28411955
0,0.2983504
0,0.27096772
0,0.41842848
0,0.25871488
0,0.3477283
0,0.37821236
0,0.42419592
0,0.43180472
0,0.40856513
0,0.35170585
0,0.28181887
0,0.20426904
0,0.18610907
0,0.2531562
0,0.30595177
0,0.33053735
0,0.23537947
0,0.23405282
0,0.19948497
0,0.16459146
0,0.15372856
0,0.13959518
0,0.18648763
0,0.24131607
0,0.2432073
0,0.21931039
0,0.16816047
0,0.15097092
0,0.13946319
0,0.17783195
0,0.2196803
0,0.16789916
0,0.15468976
0,0.16157863
0,0.15175979
0,0.14160697
0,0.13252896
0,0.13168837
0,0.17445798
0,0.2090589
0,0.21860592
0,0.19095287
0,0.16816594
0,0.23882511
0,0.3100843
0,0.37629104
0,0.3853362
0,0.39649758
0,0.35493225
0,0.29171288
0,0.22438198
0,0.28759098
0,0.34609506
0,0.38457838
0,0.25288898
0,0.31067333
0,0.29062572
0,0.2037872
0,0.1756106
0,0.23569512
0,0.28753996
0,0.31502846
0,0.22386491
0,0.17670524
0,0.1988171
0,0.17997779
0,0.15272987
0,0.1934057
0,0.24628712
0,0.30215913
0,0.342128
0,0.21902494
0,0.17296973
0,0.1703474
0,0.1537983
0,0.21073803
0,0.26154268
0,0.17650977
0,0.24745187
0,0.26838294
0,0.24574544
0,0.20624311
0,0.15848216
0,0.22789536
0,0.28277132
0,0.48894086
0,0.4661109
0,0.4109254
0,0.264367
0,0.23786664
0,0.30358568
0,0.34786254
0,0.3722091
0,0.2761604
0,0.32948613
0,0.32341412
0,0.2790715
0,0.22598256
0,0.1771095
0,0.24296078
0,0.29025817
0,0.30226555
0,0.20140079
0,0.1645516
0,0.17327002
0,0.14965212
0,0.19416542
0,0.2263039
0,0.17299478
0,0.2296363
0,0.28792486
0,0.27919278
0,0.23835276
0,0.18525746
0,0.2587265
0,0.30830297
0,0.34476474
0,0.3838041
0,0.25179914
0,0.27015576
0,0.19503585
0,0.17073326
0,0.14954138
0,0.13873671
0,0.13245057
0,0.17274606
0,0.14799395
0,0.16354455
0,0.15438947
0,0.14386338
0,0.1843824
0,0.22842412
0,0.29358745
0,0.3314723
0,0.34599262
0,0.31276438
0,0.25767368
0,0.20312448
0,0.2689852
0,0.18274203
0,0.2549143
0,0.29279202
0,0.30705994
0,0.4174244
0,0.26048917
0,0.34206954
0,0.3909476
0,0.27330253
0,0.34837976
0,0.24632859
0,0.1852844
0,0.21407713
0,0.18609859
0,0.15535872
0,0.14502494
0,0.19641653
0,0.15136954
0,0.14166419
0,0.16873318
0,0.1460571
0,0.13512091
0,0.17548485
0,0.20887768
0,0.26219591
0,0.17913143
0,0.15728262
0,0.19304559
0,0.18969752
0,0.16729435
0,0.14598706
0,0.1920588
0,0.15443374
0,0.20027614
0,0.15796359
0,0.1768384
0,0.17491762
0,0.15523042
0,0.19693589
0,0.26543152
0,0.30028298
0,0.35442436
0,0.38401523
0,0.35220608
0,0.2872384
0,0.221716
0,0.29508188
0,0.33046088
0,0.35731894
0,0.38259593
0,0.38529572
0,0.2688657
0,0.24598876
0,0.21032085
0,0.27292347
0,0.30409887
0,0.21565108
0,0.28035954
0,0.30689165
0,0.28937262
0,0.23763806
0,0.17981349
0,0.15371992
0,0.2067966
0,0.23876315
0,0.27511847
0,0.19636634
0,0.207495
0,0.16688353
0,0.14919521
0,0.19198906
0,0.15511803
0,0.1985184
0,0.24674322
0,0.27173674
0,0.24734187
0,0.19822167
0,0.16316909
0,0.22189853
0,0.28166172
0,0.3273398
0,0.21125941
0,0.28476444
0,0.31389913
0,0.37539288
0,0.23525348
0,0.18472484
0,0.15976807
0,0.22681837
0,0.2699577
0,0.3396644
0,0.34886196
0,0.2256139
0,0.17626897
0,0.14753594
0,0.15800366
0,0.13608095
0,0.13158788
0,0.1282906
0,0.12587903
0,0.15252574
0,0.13630071
0,0.13150191
0,0.12959683
0,0.16645782
0,0.19693655
0,0.22532353
0,0.17702611
0,0.16160573
0,0.1734793
0,0.15706545
0,0.3553827
0,0.24249448
0,0.34665674
0,0.39944568
0,0.43533763
0,0.2846344
0,0.20670226
0,0.18570645
0,0.16318862
0,0.15161282
0,0.22788459
0,0.16438581
0,0.21967284
0,0.23356155
0,0.20400076
0,0.15959196
0,0.14945695
0,0.19199787
0,0.23415501
0,0.2829939
0,0.2163334
0,0.18002264
0,0.16964924
0,0.14587805
0,0.14036188
0,0.13616423
0,0.13805968
0,0.14649628
0,0.14465617
0,0.15547964
0,0.14598103
0,0.13807331
0,0.13657013
0,0.1726643
0,0.19726388
0,0.15526673
0,0.1496449
0,0.5062454
0,0.3096196
0,0.25697228
0,0.42484224
0,0.30651963
1,0.2613954
1,0.25479695
1,0.28731078
1,0.22682652
1,0.18972816
1,0.18849367
1,0.2602294
1,0.20275797
1,0.17243138
1,0.17072266
1,0.1571395
1,0.16268827
1,0.15229803
1,0.1369695
1,0.1739738
1,0.92072797
1,0.9918231
0,0.99690616
0,0.9972784
0,0.99668777
0,0.9951824
0,0.99373597
0,0.991646
0,0.98781854
0,0.9834341
0,0.95978075
0,0.9865363
0,0.9472023
0,0.9196487
0,0.885409
0,0.83608556
0,0.88324744
0,0.82129574
0,0.95444447
0,0.88519406
0,0.8610473
0,0.8500116
0,0.8093617
0,0.7414661
0,0.8347753
0,0.7996292
0,0.7329275
0,0.7728565
0,0.7321242
0,0.6589148
0,0.64465594
0,0.40042892
0,0.38670462
0,0.3541292
0,0.33499086
0,0.55819225
0,0.35345468
0,0.26803994
0,0.3617455
0,0.26565504
0,0.3274134
0,0.703071
0,0.5925465
0,0.50047123
0,0.37747264
0,0.5344787
0,0.5216323
0,0.48953983
0,0.39672658
0,0.4124919
0,0.41010585
0,0.7146585
0,0.495996
0,0.37625077
0,0.3268331
0,0.36726782
0,0.3707298
0,0.28912288
0,0.3164876
0,0.2813078
0,0.24417447
0,0.18839115
0,0.1944262
0,0.25662005
0,0.18015406
0,0.16548982
0,0.4604579
0,0.28087813
0,0.2561755
0,0.33594692
0,0.28051782
0,0.3992691
0,0.2901961
0,0.22374265
0,0.6332631
0,0.41688254
0,0.55064124
0,0.42263463
0,0.45419773
0,0.45877406
0,0.4395039
0,0.7530134
0,0.48156953
0,0.63495445
0,0.4503473
0,0.8058766
0,0.7049569
0,0.55780005
0,0.587169
0,0.75623703
0,0.63252044
0,0.51830965
0,0.40649438
0,0.4587643
0,0.5873219
0,0.36411762
0,0.45843238
0,0.36788213
0,0.7518447
0,0.51622856
0,0.56761116
0,0.5647272
0,0.54453367
0,0.58914876
0,0.45956838
0,0.7677182
0,0.62921524
0,0.66066206
0,0.56009066
0,0.56692195
0,0.81440556
0,0.71452874
0,0.8647537
0,0.6347412
0,0.50396574
0,0.81270427
0,0.58998823
0,0.50969183
0,0.42431942
0,0.46969968
0,0.7954393
0,0.59662986
0,0.54195523
0,0.716728
0,0.64757156
0,0.62761104
0,0.5817987
0,0.5503976
0,0.44467154
0,0.44200993
0,0.38467276
0,0.3236199
0,0.3784575
0,0.38044903
0,0.37232286
0,0.3950942
0,0.7335236
0,0.6117304
0,0.47742355
0,0.5147668
0,0.43384632
0,0.45333448
0,0.4372662
0,0.44027653
0,0.43411535
0,0.74012554
0,0.5456909
0,0.42296976
0,0.3093373
0,0.37375146
0,0.7004182
0,0.4308938
0,0.4686936
0,0.79495424
0,0.5555333
0,0.4835035
0,0.41457763
0,0.4470742
0,0.44313708
0,0.40925226
0,0.6377755
0,0.52182233
0,0.5185749
0,0.5122507
0,0.36594206
0,0.3954155
0,0.37765917
0,0.38158667
0,0.3911469
0,0.65374684
0,0.4326689
0,0.45248902
0,0.36401996
0,0.32519317
0,0.68787277
0,0.6292465
0,0.5999303
0,0.82863104
0,0.6337269
0,0.6345173
0,0.59922737
0,0.56705165
0,0.79194254
0,0.6766373
0,0.6096668
0,0.525084
0,0.43022978
0,0.7839881
0,0.6724462
0,0.52311677
0,0.52646005
0,0.51037747
0,0.4837644
0,0.4300451
0,0.4450929
0,0.37403584
0,0.7761234
0,0.5486722
0,0.555618
0,0.54972243
0,0.8671855
0,0.6295719
0,0.65545285
0,0.48063993
0,0.55877054
0,0.46613365
0,0.3329928
0,0.417177
0,0.4257231
0,0.39169204
0,0.30784085
0,0.23618455
0,0.30606002
0,0.3822056
0,0.41024935
0,0.3397832
0,0.33797714
0,0.2729888
0,0.22800104
0,0.61248994
0,0.5230231
0,0.5228096
0,0.5444275
0,0.4095342
0,0.41240314
0,0.35111853
0,0.7171573
0,0.61814463
0,0.57909185
0,0.8024404
0,0.68390346
0,0.8547751
0,0.7140992
0,0.7566935
0,0.54249525
0,0.58310366
0,0.52212334
0,0.7910851
0,0.52945244
0,0.58428127
0,0.8289529
0,0.5788568
0,0.6195884
0,0.48672548
0,0.826195
0,0.7344327
0,0.6262708
0,0.62174225
0,0.53910613
0,0.37230524
0,0.34941787
0,0.27287185
0,0.3723403
0,0.40969864
0,0.44320017
0,0.43719357
0,0.3066704
0,0.29071957
0,0.351789
0,0.39401844
0,0.70735765
0,0.57675046
0,0.553831
0,0.54861766
0,0.46895683
0,0.7391889
0,0.50538677
0,0.5748576
0,0.8063257
0,0.6878392
0,0.6408334
0,0.83462244
0,0.6702254
0,0.5438303
0,0.433758
1,0.4621946
1,0.46726966
1,0.4579937
1,0.4520144
1,0.7862918
1,0.59918684
1,0.46820974
1,0.40786752
1,0.4322018
1,0.4584345
1,0.4912338
1,0.32972944
1,0.312398
1,0.30280697
1,0.3361825
0,0.9378954
0,0.7710843
0,0.7874506
0,0.79100156
0,0.7754489
0,0.73864895
0,0.8309408
0,0.63809973
0,0.67680776
0,0.6647156
0,0.8467448
0,0.7395759
0,0.88915557
0,0.78283304
0,0.69632745
0,0.6167877
0,0.7076005
0,0.66345125
0,0.5028206
0,0.3521353
0,0.44974342
0,0.4204354
0,0.35701934
0,0.48280358
0,0.48832235
0,0.4183867
0,0.31048366
0,0.257424
0,0.32803714
0,0.27769083
0,0.20586798
0,0.27562416
0,0.3074115
0,0.2505205
0,0.30616054
0,0.26423338
0,0.32604843
0,0.29965436
0,0.21828744
0,0.18433866
0,0.23941974
0,0.26873535
0,0.2980436
0,0.24714446
0,0.29663852
0,0.45531756
0,0.3219228
0,0.23770085
0,0.17859557
0,0.23808382
0,0.3016293
0,0.31928074
0,0.24395409
0,0.2379263
0,0.63555354
0,0.39034477
0,0.423515
0,0.4180287
0,0.41240153
0,0.4085292
0,0.38607398
0,0.33460897
0,0.26829085
0,0.21076807
0,0.25784764
0,0.28041172
0,0.30062652
0,0.3167402
0,0.32713124
0,0.2323201
0,0.28753242
0,0.64342546
0,0.5768228
0,0.53865325
0,0.51467633
0,0.5055553
0,0.4559748
0,0.37759843
0,0.3986553
0,0.7216915
0,0.62350965
0,0.628569
0,0.57329714
0,0.5265873
0,0.6486906
0,0.4807966
0,0.58155656
0,0.5189609
0,0.5367222
0,0.3614487
0,0.40613967
0,0.28585342
0,0.2312019
0,0.22575639
0,0.19293876
0,0.24250771
0,0.27613255
0,0.3091505
0,0.32887003
0,0.27778503
0,0.26685864
0,0.21448101
0,0.16660097
0,0.15414475
0,0.19965526
0,0.24801953
0,0.29109386
0,0.31335738
0,0.2941403
0,0.22658478
0,0.2757657
0,0.3072129
0,0.32936403
0,0.3463062
0,0.3553937
0,0.34735727
0,0.2825507
0,0.4667626
0,0.30952352
0,0.34675273
0,0.68840367
0,0.57414013
0,0.52818114
0,0.48304722
0,0.4099402
0,0.32491162
0,0.35701993
0,0.36369976
0,0.3692827
0,0.38037378
0,0.27796113
0,0.25762618
0,0.24708962
0,0.20626998
0,0.16808449
0,0.16146952
0,0.20144866
0,0.1706494
0,0.2067671
0,0.2211509
0,0.37924978
0,0.26604506
0,0.22048473
0,0.28251994
0,0.32879162
0,0.3433974
0,0.35867766
0,0.34140936
0,0.28927284
0,0.2230539
0,0.32555842
0,0.36109397
0,0.36657888
0,0.38086474
0,0.38433233
0,0.3443374
0,0.22800735
0,0.17803673
0,0.24062462
0,0.1781756
0,0.22367302
0,0.25459722
0,0.18384857
0,0.18894152
0,0.18956
0,0.2189124
0,0.1636322
0,0.20994082
0,0.23488346
0,0.25742626
0,0.29478183
0,0.20862326
0,0.2022408
0,0.2553348
0,0.29099542
0,0.32031438
0,0.3111518
0,0.3452092
0,0.36019838
0,0.32089776
0,0.2594685
0,0.20268594
0,0.25890863
0,0.2942607
0,0.32664847
0,0.34448937
0,0.2762077
0,0.19161908
0,0.1874087
0,0.16078769
0,0.14400353
0,0.17723055
0,0.21172956
0,0.24055213
0,0.25402743
0,0.19470897
0,0.1766546
0,0.15137929
0,0.19112015
0,0.22002108
0,0.25309795
0,0.27376774
0,0.28114167
0,0.25353673
0,0.21352993
0,0.27993828
0,0.29517978
0,0.20150279
0,0.25063634
0,0.2755154
0,0.27683938
0,0.24344681
0,0.198614
0,0.1602871
0,0.14314565
0,0.19932938
0,0.23892102
0,0.17436633
0,0.20234348
0,0.1900479
0,0.16337967
0,0.2075145
0,0.16132425
0,0.20690696
0,0.16592966
0,0.22390305
0,0.24289759
0,0.17410213
0,0.15888236
0,0.21275291
0,0.26480585
0,0.2917814
0,0.29440895
0,0.33504364
0,0.31214437
0,0.2617364
0,0.20750344
0,0.2520763
0,0.27927437
0,0.3066144
0,0.32052767
0,0.34640437
0,0.31010246
0,0.25630522
0,0.20088854
0,0.16524696
0,0.229107
0,0.2657229
0,0.29621446
0,0.31913137
0,0.28495884
0,0.23936011
0,0.19498856
0,0.16086993
0,0.20991045
0,0.24936001
0,0.2901014
0,0.29659677
0,0.22056787
0,0.1966825
0,0.16385199
0,0.14697188
0,0.18632714
0,0.15802331
0,0.19775641
0,0.21890636
0,0.20500833
0,0.17819063
0,0.14975461
0,0.15983175
0,0.14292705
0,0.17454478
0,0.20616727
0,0.17807177
0,0.1802274
0,0.28541556
0,0.18876213
0,0.23646726
0,0.26559842
0,0.32374984
0,0.35957757
0,0.34105664
0,0.2920909
0,0.21775885
0,0.27953395
0,0.31928885
0,0.35243502
0,0.37606186
0,0.37934992
0,0.34886277
0,0.2954796
0,0.23427847
0,0.28769323
0,0.19442502
0,0.18138099
0,0.2395426
0,0.26906297
0,0.26342118
0,0.23584777
0,0.18987285
0,0.23851322
0,0.26794648
0,0.30664217
0,0.31905037
0,0.21807472
0,0.2437516
0,0.21420638
0,0.1770669
0,0.2174287
0,0.16348432
0,0.20438768
0,0.25494403
0,0.30231532
0,0.21252978
0,0.17812121
0,0.15903261
0,0.15181758
0,0.15238568
0,0.21063021
0,0.16006711
0,0.20790412
0,0.20916747
0,0.19535214
0,0.15907343
0,0.19386333
0,0.2381311
0,0.27684546
0,0.31113786
0,0.33052683
0,0.29530063
0,0.24159934
0,0.18599102
0,0.24723008
0,0.28757247
0,0.30757996
0,0.33862433
0,0.3714916
0,0.31545538
0,0.2608844
0,0.19656394
0,0.16133212
0,0.21086724
0,0.25105625
0,0.2743152
0,0.27951977
0,0.20688924
0,0.18549837
0,0.16502668
0,0.20440213
0,0.15146999
0,0.14077134
0,0.14040487
0,0.13763514
0,0.15037489
0,0.13862595
0,0.13077106
0,0.17727329
0,0.15287568
0,0.19257775
0,0.16105777
0,0.15950474
0,0.16683011
0,0.15825209
0,0.20239495
0,0.2846897
0,0.30813634
0,0.35744613
0,0.371738
0,0.2494464
0,0.23980281
0,0.1937305
0,0.24992073
0,0.28725582
0,0.400804
0,0.42207447
0,0.42755172
0,0.38222194
0,0.31616804
0,0.25402054
0,0.18706067
0,0.24473062
0,0.1777329
0,0.18796758
0,0.32641235
0,0.2924259
0,0.24460585
0,0.18324195
0,0.24796432
0,0.30199462
0,0.20047596
0,0.27375805
0,0.18977337
0,0.21549168
0,0.19332431
0,0.16413915
0,0.14981715
0,0.13688274
0,0.18473029
0,0.21541496
0,0.26059952
0,0.24980631
0,0.17384174
0,0.15688564
0,0.20218512
0,0.16104677
0,0.23368713
0,0.23640972
0,0.29326728
0,0.26653963
0,0.21788177
0,0.17588845
0,0.2288645
0,0.16200313
0,0.20732926
0,0.15426506
0,0.13829352
0,0.15393695
0,0.14921466
0,0.13755412
0,0.16689807
0,0.20365202
0,0.2615171
0,0.3086739
0,0.33774045
0,0.29096118
0,0.22596216
0,0.21266373
0,0.17115633
0,0.2272456
0,0.26960602
0,0.31951532
0,0.33506182
0,0.22103024
0,0.19652301
0,0.1592848
0,0.20970732
0,0.24752219
0,0.18170534
0,0.23268461
0,0.24485677
0,0.22002746
0,0.1986379
0,0.16095932
0,0.21384576
0,0.2406972
0,0.17438151
0,0.23601788
0,0.23206651
0,0.19989234
0,0.28727153
0,0.3009529
0,0.31651586
0,0.3312837
0,0.34186342
0,0.36562166
0,0.331121
0,0.27292898
0,0.2170378
0,0.27705672
0,0.31080896
0,0.3404455
0,0.3627174
0,0.34853393
0,0.3156177
0,0.25937992
0,0.31038412
0,0.33674252
0,0.3641026
0,0.26614282
0,0.32420385
0,0.32741594
0,0.2973923
0,0.24486427
0,0.19068319
0,0.2496439
0,0.18548532
0,0.24115948
0,0.28013763
0,0.18437701
0,0.16535671
0,0.14666581
0,0.14021333
0,0.20257565
0,0.1519583
0,0.18740791
0,0.22172014
0,0.24399891
0,0.22123128
0,0.18501212
0,0.1548575
0,0.19795656
0,0.25937188
0,0.30600873
0,0.27485672
0,0.20239346
0,0.20301452
0,0.25605178
0,0.30360022
0,0.30628484
0,0.33486766
0,0.35257015
0,0.37764925
0,0.34910038
0,0.29133976
0,0.24104963
0,0.2937767
0,0.31943083
0,0.42791715
0,0.40209234
0,0.4074216
0,0.2894809
0,0.25862145
0,0.20029648
0,0.26092923
0,0.18646549
0,0.23499279
0,0.2637413
0,0.30355322
0,0.47017136
0,0.28513435
0,0.23686863
0,0.19500206
0,0.2631058
0,0.30364415
0,0.23797262
0,0.28573096
0,0.26644117
0,0.21546163
0,0.2843448
0,0.2155553
0,0.2717699
0,0.31238562
0,0.33929548
0,0.3485218
0,0.29550177
0,0.2564103
0,0.20316406
0,0.26138228
0,0.2970977
0,0.22090112
0,0.2840088
0,0.3430628
0,0.29669377
0,0.20980951
0,0.28096157
0,0.31231308
0,0.43624383
0,0.4095646
0,0.40926355
0,0.624635
0,0.47238907
0,0.36539158
0,0.5015973
0,0.4638864
0,0.43858346
0,0.30372772
0,0.36917335
0,0.26817572
0,0.26549795
0,0.22336127
0,0.17770414
0,0.23897763
0,0.2604003
0,0.31812721
0,0.33670297
0,0.25143752
0,0.23812135
0,0.19905023
0,0.2592428
0,0.29127395
0,0.19598451
0,0.26476592
0,0.30050436
0,0.21168467
0,0.21627894
0,0.17468065
0,0.2336318
0,0.26751396
0,0.19831581
0,0.2514862
0,0.23550476
0,0.24050377
0,0.21297896
0,0.17813477
0,0.1544397
0,0.19516897
0,0.23464613
0,0.2675148
0,0.30793202
0,0.2850703
0,0.2336295
0,0.18753426
0,0.22891344
0,0.25670087
0,0.27963096
0,0.3015503
0,0.3283077
0,0.29018253
0,0.24178536
0,0.19078603
0,0.24774733
0,0.18015876
0,0.23703031
0,0.2792388
0,0.30269462
0,0.2747424
0,0.20304778
0,0.17138727
0,0.22454177
0,0.26000038
0,0.2949175
0,0.21258181
0,0.2544285
0,0.23920144
0,0.19957897
0,0.16878234
0,0.1472017
0,0.20187396
0,0.22853434
0,0.27555627
0,0.28283453
0,0.20392318
0,0.20044307
0,0.23988806
0,0.27056795
0,0.31279603
0,0.32245585
0,0.33241183
0,0.3225061
0,0.2182414
0,0.19532624
0,0.23253566
0,0.25275737
0,0.28379238
0,0.2928406
0,0.32085246
0,0.29929453
0,0.20140497
0,0.18048325
0,0.2310708
0,0.26524982
0,0.18728839
0,0.1550659
0,0.20654029
0,0.21154675
0,0.19182298
0,0.1624657
0,0.15440306
0,0.18874885
0,0.22192718
0,0.25245628
0,0.27191997
0,0.18830217
0,0.18394293
0,0.16091135
0,0.21114063
0,0.2398156
0,0.19223015
0,0.2367438
0,0.27076668
0,0.25354293
0,0.21245079
0,0.1662388
0,0.2055806
0,0.22973509
0,0.16765422
0,0.20851986
0,0.19669914
0,0.20382382
0,0.17204665
0,0.15118328
0,0.19293724
0,0.15457025
0,0.20026998
0,0.1658495
0,0.21356852
0,0.20571104
0,0.16073655
0,0.14707698
0,0.18700154
0,0.21921101
0,0.2540507
0,0.27862266
0,0.28976482
0,0.25780144
0,0.21519847
0,0.25507033
0,0.27588868
0,0.20149916
0,0.24279566
0,0.26803267
0,0.2731387
0,0.24170528
0,0.17626274
0,0.22589311
0,0.2436609
0,0.26074553
0,0.2712804
0,0.21116295
0,0.2306774
0,0.21161458
0,0.17757107
0,0.14513098
0,0.13552806
0,0.12766229
0,0.12646142
0,0.12765978
0,0.14806175
0,0.13170916
0,0.12608534
0,0.12424656
0,0.1269381
0,0.16414437
0,0.18615581
0,0.21737522
0,0.22284864
0,0.20514593
0,0.17905855
0,0.22434483
0,0.17158508
0,0.16874982
0,0.15532087
0,0.14891571
0,0.1407655
0,0.13853525
0,0.14686331
0,0.14332987
0,0.14400013
0,0.18170257
0,0.20915094
0,0.24907246
0,0.25098452
0,0.17799413
0,0.16992112
0,0.15205514
0,0.14213653
0,0.17499296
0,0.19295974
0,0.23378374
0,0.1880669
0,0.18827945
0,0.16276339
0,0.2142624
0,0.27196664
0,0.19936672
0,0.26870626
0,0.29980737
0,0.26827857
0,0.21468237
0,0.16568498
0,0.21246397
0,0.2642343
0,0.2817652
0,0.29489198
0,0.23416403
0,0.22033419
0,0.18352473
0,0.15339412
0,0.18912943
0,0.20202206
0,0.22973613
0,0.25595355
0,0.25516543
0,0.2253067
0,0.169582
0,0.20456713
0,0.2460697
0,0.2676259
0,0.18112601
0,0.22750813
0,0.23225002
0,0.20362501
0,0.17197305
0,0.2030296
0,0.2315952
0,0.17095958
0,0.21393065
0,0.24188992
0,0.17376621
0,0.17199317
0,0.14719574
0,0.13684562
0,0.1581803
0,0.18065576
0,0.1542068
0,0.13976897
0,0.15755476
0,0.1524706
0,0.1442359
0,0.13736781
0,0.1301922
0,0.12691623
0,0.15727298
0,0.1421629
0,0.16256827
0,0.14232321
0,0.13858451
0,0.17032045
0,0.14896438
0,0.17763832
0,0.19558613
0,0.22656053
0,0.22726364
0,0.20259991
0,0.1741818
0,0.20958802
0,0.26747313
0,0.32052982
0,0.36013448
0,0.24058263
0,0.26797307
0,0.21596667
0,0.16956952
0,0.23317902
0,0.26272127
0,0.28792664
0,0.27503887
0,0.28992382
0,0.2594168
0,0.2040782
0,0.26110366
0,0.18603945
0,0.22958727
0,0.2508797
0,0.2704506
0,0.2670876
0,0.18130895
0,0.16702737
0,0.19724664
0,0.21515428
0,0.23204839
0,0.17462154
0,0.15266985
0,0.14334781
0,0.14902586
0,0.1420468
0,0.20540425
0,0.22894375
0,0.2621267
0,0.18041937
0,0.22850558
0,0.18442506
0,0.5657722
0,0.32904223
0,0.41001382
0,0.42883024
0,0.40012673
0,0.4115728
0,0.4030584
0,0.36260113
0,0.30122903
0,0.23552325
0,0.2774124
0,0.30370426
0,0.22687168
0,0.27174452
0,0.28227195
0,0.26264727
0,0.22766623
0,0.26628405
0,0.32873574
0,0.3213878
0,0.24021561
0,0.18138707
0,0.16308619
0,0.15453795
0,0.15398309
0,0.1459504
0,0.17789906
0,0.21713185
0,0.2457092
0,0.26946068
0,0.18383203
0,0.19307211
0,0.16847444
0,0.2107498
0,0.25306264
0,0.16971792
0,0.21675375
0,0.2520088
0,0.28242797
0,0.24922039
0,0.20106466
0,0.16285938
0,0.15944047
0,0.19455384
0,0.15764232
0,0.16880414
0,0.14965717
0,0.15620744
0,0.13917461
0,0.17088418
0,0.19391446
0,0.21329322
0,0.23593026
0,0.17477575
0,0.20033813
0,0.15479954
0,0.15076834
0,0.14136924
0,0.17688712
0,0.15547934
0,0.17788848
0,0.14727867
0,0.1391865
0,0.2920548
0,0.20352064
0,0.16280366
0,0.14676532
0,0.18594344
0,0.22397096
0,0.25755075
0,0.25454518
0,0.1894141
0,0.17214282
0,0.22349635
0,0.27721247
0,0.2978261
0,0.20144248
0,0.24828699
0,0.23786177
0,0.20812589
0,0.1693838
0,0.1521179
0,0.1488353
0,0.14460796
0,0.1719559
0,0.1424897
0,0.1364697
0,0.14314501
0,0.17762285
0,0.19551444
0,0.21500517
0,0.16623445
0,0.1967255
0,0.16087733
0,0.17152925
0,0.16325204
0,0.14598213
0,0.17159383
0,0.18744317
0,0.23093812
0,0.2640927
0,0.2893096
0,0.19649844
0,0.17877
0,0.22021893
0,0.2569073
0,0.28102982
0,0.19355352
0,0.24943218
0,0.26797578
0,0.188413
0,0.17159303
0,0.15024562
0,0.18588686
0,0.15429443
0,0.1873137
0,0.15531443
0,0.14794883
0,0.1536927
0,0.14516586
0,0.16921054
0,0.18994613
0,0.1576152
0,0.20034315
0,0.22307427
0,0.22692157
0,0.200828
0,0.1585016
0,0.20185602
0,0.24939136
0,0.2845196
0,0.29259014
0,0.25520897
0,0.18815368
0,0.18928626
0,0.1607405
0,0.20634569
0,0.21472079
0,0.2528471
0,0.27531284
0,0.2783174
0,0.2666567
0,0.22383697
0,0.1788265
0,0.15842815
0,0.20362617
0,0.1601716
0,0.1398791
0,0.16543607
0,0.16769466
0,0.148505
0,0.13922979
0,0.12978902
0,0.12853311
0,0.15528892
0,0.17214791
0,0.19502707
0,0.18795362
0,0.16235769
0,0.14442816
0,0.18156333
0,0.15142949
0,0.17557387
0,0.15166713
0,0.19110286
0,0.185726
0,0.16855489
0,0.22766557
0,0.17662987
0,0.22636858
0,0.2656891
0,0.31078136
0,0.3140599
0,0.21533546
0,0.18673855
0,0.1548269
0,0.19267261
0,0.21716858
0,0.16216482
0,0.20352331
0,0.21670988
0,0.1971993
0,0.15334716
0,0.188844
0,0.15105326
0,0.18492252
0,0.21661897
0,0.2396399
0,0.25239846
0,0.22636479
0,0.1873525
0,0.21597622
0,0.16001035
0,0.14221454
0,0.13419203
0,0.13299206
0,0.15299381
0,0.15240262
0,0.14344853
0,0.13095382
0,0.16640694
0,0.14258735
0,0.1756752
0,0.20398921
0,0.16538127
0,0.1672362
0,0.15461688
0,0.1890685
0,0.22689894
0,0.16856275
0,0.21681657
0,0.2461973
0,0.17225945
0,0.1526765
0,0.1432071
0,0.17645253
0,0.20624186
0,0.24313025
0,0.27110988
0,0.1850244
0,0.20412844
0,0.18433651
0,0.21864912
0,0.2503685
0,0.2626585
0,0.17326504
0,0.21717887
0,0.25479552
0,0.23205121
0,0.16580357
0,0.15458049
0,0.19497432
0,0.22317833
0,0.25902614
0,0.28368786
0,0.30751815
0,0.2722094
0,0.18393514
0,0.15999958
0,0.20205943
0,0.15909043
0,0.21500897
0,0.24019533
0,0.25033405
0,0.17939833
0,0.15936442
0,0.14274451
0,0.17542799
0,0.20258273
0,0.2217766
0,0.16164877
0,0.18744397
0,0.17966618
0,0.16062686
0,0.19236557
0,0.15221596
0,0.19078298
0,0.21955508
0,0.24156147
0,0.24503818
0,0.1743223
0,0.16068785
0,0.20978332
0,0.16217129
0,0.14705567
0,0.13910484
0,0.13688979
0,0.1269895
0,0.1262177
0,0.12858337
0,0.12833107
0,0.16241196
0,0.1431991
0,0.17962201
0,0.15462554
0,0.1752796
0,0.17561005
0,0.16230077
0,0.15103059
0,0.18786056
0,0.16478513
0,0.20432074
0,0.1684761
0,0.18856154
0,0.17861044
0,0.16053733
0,0.1545947
0,0.20545736
0,0.2581
0,0.29979634
0,0.34030768
0,0.22398563
0,0.20484704
0,0.16304229
0,0.20238292
0,0.22790396
0,0.17166801
0,0.1588994
0,0.19651894
0,0.19685154
0,0.18187255
0,0.1576913
0,0.20172276
0,0.24861185
0,0.17396155
0,0.22400248
0,0.19233842
0,0.19277517
0,0.16039321
0,0.15044384
0,0.18200476
0,0.20626514
0,0.2390637
0,0.2653899
0,0.37430298
0,0.3034006
0,0.23697582
0,0.31977293
0,0.33002263
0,0.33704016
0,0.34081832
0,0.33992192
0,0.32711804
0,0.27894557
0,0.22395703
0,0.2639137
0,0.27555332
0,0.19836064
0,0.1692732
0,0.1514879
0,0.17801064
0,0.14383669
0,0.13387738
0,0.13669775
0,0.13287263
0,0.12556028
0,0.15874775
0,0.13639839
0,0.1404407
0,0.13886341
0,0.1363816
0,0.17068556
0,0.14548022
0,0.14647485
0,0.18336958
0,0.19747841
0,0.18818913
0,0.16280393
0,0.15458772
0,0.20350687
0,0.24101299
0,0.28969783
0,0.31229702
0,0.33495364
0,0.23561886
0,0.21381712
0,0.17268021
0,0.21840422
0,0.24963139
0,0.28885052
0,0.32282314
0,0.2902412
0,0.23659196
0,0.18340272
0,0.22661962
0,0.17840771
0,0.2217051
0,0.24513857
0,0.27069753
0,0.2718214
0,0.20858744
0,0.1720942
0,0.14985614
0,0.14050996
0,0.15948737
0,0.19290316
0,0.15574221
0,0.16473812
0,0.14560112
0,0.17727202
0,0.20570005
0,0.25102538
0,0.18739416
0,0.16504055
0,0.20120825
0,0.1923804
0,0.16712458
0,0.14858484
0,0.13770409
0,0.16835476
0,0.19677825
0,0.22482464
0,0.2402707
0,0.19825613
0,0.17299786
0,0.14783557
0,0.17962703
0,0.20859991
0,0.23635776
0,0.17714909
0,0.20585577
0,0.19020179
0,0.16403008
0,0.14822395
0,0.18883559
0,0.2125494
0,0.23568264
0,0.25242695
0,0.25182843
0,0.2428601
0,0.18868251
0,0.24337862
0,0.27900237
0,0.30044445
0,0.19489804
0,0.25020143
0,0.18113868
0,0.1555606
0,0.14945276
0,0.13836023
0,0.16871923
0,0.25914377
0,0.27874488
0,0.29369295
0,0.21216072
0,0.1996988
0,0.16856289
0,0.21229763
0,0.24409914
0,0.18278347
0,0.22420943
0,0.241415
0,0.23260267
0,0.17681965
0,0.15070465
0,0.18994516
0,0.15514542
0,0.1856043
0,0.16029844
0,0.15154408
0,0.16277765
0,0.15311956
0,0.14093733
0,0.16717266
0,0.14667393
0,0.1731866
0,0.21401373
0,0.2420407
0,0.22728741
0,0.1880882
0,0.15644725
0,0.19800518
0,0.23526767
0,0.28947395
0,0.30872795
0,0.31838125
0,0.27434933
0,0.21816415
0,0.17849988
0,0.22043714
0,0.17148307
0,0.21352535
0,0.16114433
0,0.19180532
0,0.17921883
0,0.14402017
0,0.17374581
0,0.15143207
0,0.1416465
0,0.17203718
0,0.15414716
0,0.17118168
0,0.1665375
0,0.1530766
0,0.17542477
0,0.15027238
0,0.19614151
0,0.23743811
0,0.2742092
0,0.26619643
0,0.20726462
0,0.24908224
0,0.27813995
0,0.31180307
0,0.25320473
0,0.28170964
0,0.29679644
0,0.27564764
0,0.22658268
0,0.18408184
0,0.16056596
0,0.21062595
0,0.23157343
0,0.26455927
0,0.21645436
0,0.22314423
0,0.19542679
0,0.15731792
0,0.19503587
0,0.15839773
0,0.18869825
0,0.15523806
0,0.19218336
0,0.16063344
0,0.15111406
0,0.17538935
0,0.1497017
0,0.1396681
0,0.16609062
0,0.3043854
0,0.3217868
0,0.24172242
0,0.20517455
0,0.16540839
0,0.21788153
0,0.25278625
0,0.17806286
0,0.22744358
0,0.1709168
0,0.17873913
0,0.1603087
0,0.14784946
0,0.1408496
0,0.16980368
0,0.1931971
0,0.22020894
0,0.21225993
0,0.20223126
0,0.17293616
0,0.20931622
0,0.16529194
0,0.18827912
0,0.2207295
0,0.24729262
0,0.1812361
0,0.18147396
0,0.15985237
0,0.1908946
0,0.20554921
0,0.23086353
0,0.24961428
0,0.5400363
0,0.4551159
0,0.35805684
0,0.27196842
0,0.30080852
0,0.3303771
0,0.24234816
0,0.1783839
0,0.23052453
0,0.2311019
0,0.3499921
0,0.23597093
0,0.2809995
0,0.31339073
0,0.33134022
0,0.3535898
0,0.2694904
0,0.270737
0,0.23220825
0,0.2660724
0,0.2826865
0,0.2098887
0,0.25983885
0,0.21596265
0,0.197728
0,0.18303016
0,0.17225721
0,0.21676257
0,0.24202186
0,0.25410622
0,0.27176777
0,0.27147654
0,0.2936597
0,0.29953247
0,0.24570498
0,0.19153649
0,0.22904891
0,0.23980854
0,0.25169784
0,0.26095977
0,0.29026994
0,0.26210657
0,0.21319948
0,0.25534937
0,0.18104547
0,0.1661995
0,0.20796902
0,0.16574731
0,0.20208427
0,0.18204743
0,0.16295913
0,0.14321879
0,0.1344296
0,0.16335738
0,0.18193495
0,0.15551935
0,0.1462337
0,0.1448102
0,0.1409008
0,0.13063973
0,0.15906417
0,0.18063366
0,0.15427504
0,0.18256474
0,0.19342948
0,0.18354967
0,0.16299777
0,0.15318692
0,0.18325622
0,0.20751622
0,0.23053762
0,0.25130504
0,0.22776785
0,0.22455843
0,0.17737527
0,0.2226845
0,0.26296473
0,0.26996642
0,0.30158958
0,0.20233999
0,0.2221826
0,0.19303426
0,0.21813786
0,0.2520809
0,0.27406436
0,0.2843974
0,0.21608639
0,0.24569008
0,0.239072
0,0.20509541
0,0.23661104
0,0.25300846
0,0.25978056
0,0.18999778
0,0.22781655
0,0.24222209
0,0.17740612
0,0.17135388
0,0.14337003
0,0.1719014
0,0.19291882
0,0.20948993
0,0.22591998
0,0.16816884
0,0.17763884
0,0.16150865
0,0.14723478
0,0.16898507
0,0.15130283
0,0.16996862
0,0.18691887
0,0.21002065
0,0.1949871
0,0.15835337
0,0.14821553
0,0.17669316
0,0.20290792
0,0.22871251
0,0.23412047
0,0.1762313
0,0.38904876
0,0.276688
0,0.32868844
0,0.2952919
0,0.31506893
0,0.2268583
0,0.2636351
0,0.27379915
0,0.23452964
0,0.19078188
0,0.16180143
0,0.20504825
0,0.2285822
0,0.23996028
0,0.2673299
0,0.2587108
0,0.2276985
0,0.1843918
0,0.21429132
0,0.17770074
0,0.20385267
0,0.2258789
0,0.23960878
0,0.23321159
0,0.17294581
0,0.2022432
0,0.21490864
0,0.17184947
0,0.1986984
0,0.15406603
0,0.1796047
0,0.18229698
0,0.16683404
0,0.18086979
0,0.15977396
0,0.14585917
0,0.20416334
0,0.2307188
0,0.19350687
0,0.17661792
0,0.16369133
0,0.14809467
0,0.17746462
0,0.20103902
0,0.16823173
0,0.19729225
0,0.22788134
0,0.21418005
0,0.18287133
0,0.15447325
0,0.1811228
0,0.20444864
0,0.24506707
0,0.252834
0,0.25333753
0,0.230143
0,0.1935019
0,0.2158587
0,0.16481486
0,0.19197181
0,0.17381214
0,0.16114162
0,0.19266489
0,0.1825753
0,0.15951177
0,0.1465996
0,0.16489899
0,0.1780833
0,0.26961228
0,0.20064619
0,0.18148813
0,0.15086344
0,0.14780024
0,0.17316452
0,0.20071462
0,0.1596858
0,0.1904158
0,0.21642455
0,0.16475628
0,0.3179116
0,0.20864794
0,0.24141654
0,0.26029754
0,0.6648934
0,0.5614432
0,0.47793105
0,0.43907538
0,0.35779098
0,0.35834625
0,0.35271654
0,0.2612777
0,0.28931797
0,0.29418984
0,0.3007556
0,0.2876233
0,0.23059201
0,0.18878697
0,0.2176034
0,0.241234
0,0.2661328
0,0.26943138
0,0.27904224
0,0.216371
0,0.20106187
0,0.17283964
0,0.21464653
0,0.17442581
0,0.21534243
0,0.24515226
0,0.2685543
0,0.2564091
0,0.17941242
0,0.14779249
0,0.17010485
0,0.19076143
0,0.22039479
0,0.15808448
0,0.73517764
0,0.4610004
0,0.8339317
0,0.63480854
0,0.5004159
0,0.5205811
0,0.51285756
0,0.4959858
0,0.4698597
0,0.38338944
0,0.3239542
0,0.34871504
0,0.26892707
0,0.30476215
0,0.32507303
0,0.60463727
0,0.52427804
0,0.4369979
0,0.35870516
0,0.30068073
0,0.23566462
0,0.28702128
0,0.3154448
0,0.5605974
0,0.48472238
0,0.4006873
0,0.33186597
0,0.3771049
0,0.3768925
0,0.2736831
0,0.17602275
0,0.21728618
0,0.22557078
0,0.19953068
0,0.17024751
0,0.14877309
0,0.18897998
0,0.2059895
0,0.22775897
0,0.24435408
0,0.1784317
0,0.18505636
0,0.20696884
0,0.22233914
0,0.22859187
0,0.16659065
0,0.14854991
0,0.13990633
0,0.15961368
0,0.15579374
0,0.13744356
0,0.16004509
0,0.1709568
0,0.18440603
0,0.19742739
0,0.21036485
0,0.2121198
0,0.1872987
0,0.15830946
0,0.18208756
0,0.20536107
0,0.21871915
0,0.22289552
0,0.17764159
0,0.31391692
0,0.23339565
0,0.17777266
0,0.21698892
0,0.24346341
0,0.25578472
0,0.26533514
0,0.27479863
0,0.25081357
0,0.20753442
0,0.25076637
0,0.25257355
0,0.20350246
0,0.22156987
0,0.23463762
0,0.24241102
0,0.17834109
0,0.16439061
0,0.18569614
0,0.15941271
0,0.17923865
0,0.19587138
0,0.15795681
0,0.17681539
0,0.16896696
0,0.15483983
0,0.19084729
0,0.1520443
0,0.17498991
0,0.18388271
0,0.19148704
0,0.2255249
0,0.19254598
0,0.3372842
0,0.38120285
0,0.33915514
0,0.32927534
0,0.30512723
0,0.6739695
0,0.5458473
0,0.43089285
0,0.4308717
0,0.40634716
0,0.3955089
0,0.3845989
0,0.36890844
0,0.35305104
0,0.33738756
0,0.282379
0,0.21109958
0,0.24159454
0,0.27783954
0,0.27283436
0,0.22290955
0,0.6020498
0,0.46669412
0,0.3393106
0,0.26770142
0,0.23570204
0,0.2690657
0,0.2863923
0,0.3087029
0,0.2999461
0,0.21812174
0,0.21849027
0,0.24958214
0,0.25708973
0,0.19782098
0,0.55633193
0,0.52123666
0,0.47114423
0,0.41257972
0,0.3551715
0,0.24470837
0,0.22581331
0,0.28413722
0,0.30363286
0,0.33434752
0,0.3222252
0,0.22346888
0,0.21326813
0,0.25202128
0,0.3002771
0,0.649946
0,0.3869964
0,0.42270744
0,0.4078353
0,0.34927645
0,0.35197213
0,0.3504178
0,0.3438464
0,0.36610577
0,0.36334303
0,0.25689217
0,0.30037877
0,0.27473584
0,0.2305772
0,0.26929992
0,0.26686832
0,0.21297623
0,0.25571445
0,0.18175364
0,0.22301188
0,0.20009755
0,0.1721153
0,0.20605016
0,0.23388442
0,0.265047
0,0.29369134
0,0.19684407
0,0.2476206
0,0.22502923
0,0.32253286
0,0.19546267
0,0.15693255
0,0.19140893
0,0.21047962
0,0.4709496
0,0.2862557
0,0.24709427
0,0.29151085
0,0.3404546
0,0.33223763
0,0.32332096
0,0.300765
0,0.3048032
0,0.28844732
0,0.24645767
0,0.19658378
0,0.2325891
0,0.1671611
0,0.20039396
0,0.21604852
0,0.22463104
0,0.21965036
0,0.18268222
0,0.16181445
0,0.18610895
0,0.15035382
0,0.18203007
0,0.1537962
0,0.18227404
0,0.1936603
0,0.17214823
0,0.15394293
0,0.14772657
0,0.17116262
0,0.18940158
0,0.16003965
0,0.15103464
0,0.14097911
0,0.14286125
0,0.13537195
0,0.1611226
0,0.1800045
0,0.1484921
0,0.1750153
0,0.19320475
0,0.18582667
0,0.16960472
0,0.1558714
0,0.18306433
0,0.2033654
0,0.22224848
0,0.23974323
0,0.23554015
0,0.22903493
0,0.19185086
0,0.1563663
0,0.14976478
0,0.1690988
0,0.19678938
0,0.23248689
0,0.24682382
0,0.21999456
0,0.18046075
0,0.15122503
0,0.18987012
0,0.21111278
0,0.16298644
0,0.19986796
0,0.15304798
0,0.15846334
0,0.14842476
0,0.1725352
0,0.18890513
0,0.15577215
0,0.18750775
0,0.21176763
0,0.21595058
0,0.19590864
0,0.17589965
0,0.20647575
0,0.2244933
0,0.23505045
0,0.24599077
0,0.17660058
0,0.19681579
0,0.17853883
0,0.15498759
0,0.17805794
0,0.15768938
0,0.20088561
0,0.15484877
0,0.16682331
0,0.17689632
0,0.15364793
0,0.13983098
0,0.16675204
0,0.14644073
0,0.15269855
0,0.14437231
0,0.1668101
0,0.16962022
0,0.15950839
0,0.14524575
0,0.17707647
0,0.1987676
0,0.21978018
0,0.24426995
0,0.1760725
0,0.1944841
0,0.17143285
0,0.19768447
0,0.21760967
0,0.2483036
0,0.25489482
0,0.19049296
0,0.23472932
0,0.2145408
0,0.18269588
0,0.21103594
0,0.16458365
0,0.3041241
0,0.28724656
0,0.28533906
0,0.28886476
0,0.20583968
0,0.18213883
0,0.15083113
0,0.19169612
0,0.15517342
0,0.1398957
0,0.16763522
0,0.19303082
0,0.18144992
0,0.1606786
0,0.14962202
0,0.13607031
0,0.14255945
0,0.16663451
0,0.18254504
0,0.14781569
0,0.15641798
0,0.138834
0,0.13102053
0,0.16073208
0,0.16957118
0,0.18883815
0,0.20948292
0,0.21910505
0,0.19698954
0,0.16704491
0,0.21289709
0,0.23726231
0,0.253671
0,0.28490663
0,0.280258
0,0.2683943
0,0.2275973
0,0.18034919
0,0.14981763
0,0.17581281
0,0.14676291
0,0.13680576
0,0.15844694
0,0.16807348
0,0.159269
0,0.14370696
0,0.1703543
0,0.18991898
0,0.21441217
0,0.23442811
0,0.16471627
0,0.17932284
0,0.16593058
0,0.1480956
0,0.1734397
0,0.14906305
0,0.1733617
0,0.19334386
0,0.20552175
0,0.19669719
0,0.15772048
0,0.14623912
0,0.17231494
0,0.1917814
0,0.20835522
0,0.15936154
0,0.19503927
0,0.18489389
0,0.165523
0,0.14607483
0,0.1709058
0,0.15487416
0,0.14099617
0,0.16925664
0,0.18920708
0,0.17670317
0,0.14986885
0,0.13851231
0,0.1607946
0,0.13974416
0,0.16705213
0,0.18559168
0,0.20234267
0,0.18917882
0,0.16409478
0,0.14500551
0,0.13541012
0,0.1303201
0,0.15708578
0,0.17455016
0,0.19237372
0,0.16079718
0,0.15472022
0,0.17996229
0,0.19694002
0,0.21724747
0,0.16574118
0,0.19384083
0,0.20167698
0,0.18194476
0,0.1583809
0,0.14361465
0,0.13584447
0,0.16916823
0,0.17911398
0,0.18915546
0,0.15322675
0,0.14016348
0,0.13763279
0,0.16956253
0,0.1857076
0,0.1578486
0,0.17576042
0,0.18775994
0,0.18869235
0,0.16899896
0,0.15074512
0,0.16953965
0,0.18120815
0,0.20357838
0,0.23933017
0,0.26976764
0,0.25267434
0,0.17160279
0,0.15319066
0,0.20933722
0,0.22418106
0,0.2396488
0,0.2555906
0,0.25647193
0,0.24198025
0,0.19393384
0,0.15712412
0,0.1936105
0,0.21145411
0,0.22560582
0,0.23150367
0,0.16862753
0,0.14640264
0,0.13626301
0,0.13099399
0,0.15329133
0,0.13372351
0,0.15603736
0,0.16730833
0,0.1796963
0,0.17216922
0,0.15260714
0,0.17153704
0,0.18195185
0,0.19310236
0,0.16950956
0,0.16011696
0,0.1830971
0,0.17085043
0,0.15578902
0,0.17012103
0,0.17992091
0,0.20318028
0,0.20439182
0,0.20808451
0,0.2257223
0,0.19564618
0,0.15709734
0,0.18621154
0,0.20440158
0,0.22548853
0,0.23399562
0,0.23920761
0,0.1703278
0,0.16587938
0,0.14828044
0,0.16602822
0,0.14217028
0,0.16253738
0,0.17280488
0,0.1815988
0,0.18288532
0,0.16013384
0,0.14833437
0,0.16591184
0,0.17409623
0,0.18141335
0,0.14812787
0,0.16598979
0,0.17337626
0,0.15934923
0,0.17043576
0,0.14774974
0,0.16892527
0,0.173543
0,0.17952324
0,0.18940313
0,0.15365593
0,0.15130019
0,0.13795786
0,0.13170676
0,0.15537913
0,0.15496743
0,0.13838764
0,0.15781912
0,0.14033057
0,0.13329162
0,0.15891764
0,0.17345555
0,0.1889435
0,0.20422441
0,0.21807002
0,0.22749262
0,0.21226104
0,0.17765561
0,0.19790964
0,0.21226646
0,0.21912664
0,0.22355992
0,0.22114271
0,0.21605659
0,0.19360262
0,0.16128547
0,0.14558157
0,0.28008014
0,0.2565015
0,0.24233913
0,0.2580089
0,0.17884094
0,0.178078
0,0.15375713
0,0.16663353
0,0.18816222
0,0.15022318
0,0.13855028
0,0.1538032
0,0.14072023
0,0.14451934
0,0.13222134
0,0.14863913
0,0.15900654
0,0.16390724
0,0.16871805
0,0.14759704
0,0.1673737
0,0.14885958
0,0.1463276
0,0.16487631
0,0.17527646
0,0.1848359
0,0.19118418
0,0.20177275
0,0.20479746
0,0.17916882
0,0.16026156
0,0.18060768
0,0.19100007
0,0.1987817
0,0.20162742
0,0.20582259
0,0.2066169
0,0.18273881
0,0.15109758
0,0.1656171
0,0.17147295
0,0.17638843
0,0.14714074
1,0.15993474
1,0.16076621
1,0.14301032
1,0.13519026
1,0.13261324
1,0.14729184
1,0.15559587
1,0.14148206
1,0.16346586
1,0.16272789
1,0.15311322
1,0.14103268
1,0.13891566
1,0.16439196
1,0.2836948
1,0.95768785
0,0.99430865
0,0.986007
0,0.982392
0,0.97040904
0,0.94935375
0,0.92501307
0,0.8830676
0,0.8092622
0,0.810271
0,0.75889945
0,0.6845809
0,0.70342803
0,0.8231211
0,0.69178
0,0.6944844
0,0.6882024
0,0.6411385
0,0.5625639
0,0.44489267
0,0.49822703
1,0.5353326
1,0.5153333
1,0.58534646
1,0.61968887
1,0.62746984
1,0.5485898
1,0.464629
1,0.40440282
1,0.3528374
1,0.23748712
1,0.39102668
1,0.4078298
1,0.726216
1,0.96651334
1,0.98542607
0,0.9948382
0,0.9834575
0,0.9685885
0,0.9532059
0,0.92764604
0,0.892192
0,0.820039
0,0.7271836
0,0.7298094
0,0.7011554
0,0.6730751
0,0.6518836
0,0.51521397
0,0.42304564
0,0.36875525
0,0.33108085
0,0.36495933
0,0.30463728
0,0.3539518
0,0.39962047
0,0.42577955
0,0.4015612
0,0.34288186
0,0.30587995
0,0.47445697
0,0.57992357
0,0.57265717
0,0.51201993
0,0.35950598
0,0.20081668
0,0.23770775
0,0.6026289
0,0.9352493
0,0.8810659
0,0.92587036
0,0.83730406
0,0.729219
0,0.6182873
0,0.45644063
0,0.4673867
0,0.40511602
0,0.38735908
0,0.359031
0,0.27420512
0,0.30929622
0,0.21923944
0,0.1948859
0,0.21239683
0,0.17342281
0,0.1915979
0,0.19989581
0,0.20185962
0,0.19718276
0,0.15323089
0,0.21318202
0,0.5008842
0,0.81134486
0,0.960086
0,0.9631938
0,0.95741504
0,0.95361155
1,0.9545681
1,0.9077138
1,0.8142245
1,0.74999785
1,0.7568481
1,0.6380116
1,0.5478325
1,0.47156495
1,0.49942434
1,0.6144943
1,0.49764064
1,0.4877585
1,0.6484121
1,0.75936055
1,0.90146244
1,0.9827505
1,0.98670584
1,0.9859471
1,0.98438126
1,0.98639727
1,0.99577427
1,0.9941284
1,0.99270254
1,0.9974277
1,0.99567974
1,0.99181336
1,0.99140894
1,0.9940444
1,0.99721867
1,0.9941831
1,0.99047804
1,0.9902072
1,0.99035364
1,0.98627084
1,0.988547
1,0.98652756
1,0.9963844
1,0.99306256
1,0.99186605
1,0.99155045
0,0.99771136
0,0.9959057
0,0.99555457
0,0.9957465
0,0.9914848
0,0.9899273
0,0.9929049
1,0.99175775
1,0.9895646
1,0.9888435
1,0.98737943
1,0.9828279
1,0.9673251
1,0.9713874
1,0.9842557
1,0.9843637
1,0.98439217
1,0.9685777
1,0.955284
1,0.9602043
1,0.95852506
1,0.9600626
1,0.99358994
1,0.9900099
1,0.9857049
1,0.9770143
1,0.97029954
1,0.9748731
1,0.99123836
1,0.9785949
1,0.97639716
1,0.96884805
1,0.9630939
1,0.95963985
1,0.9596687
1,0.9527487
1,0.9478448
1,0.93859786
1,0.94196653
1,0.95531577
1,0.98846245
1,0.9752554
1,0.97498477
1,0.9948635
1,0.99091816
1,0.9900473
1,0.99425554
1,0.99067456
1,0.9923002
1,0.99754775
1,0.9979735
1,0.9962818
1,0.998007
1,0.99821264
1,0.99680567
1,0.99645483
1,0.99636286
1,0.99549526
1,0.9980387
1,0.9958568
1,0.995554
1,0.998081
1,0.9982373
1,0.9982902
1,0.9983161
1,0.99653876
1,0.9966982
1,0.99640346
1,0.9962315
1,0.99816537
1,0.9961871
1,0.9963917
0,0.99816847
0,0.9965
0,0.9960193
0,0.99638957
0,0.995814
0,0.9970177
1,0.99516976
1,0.9934545
1,0.9925884
1,0.99390525
1,0.99307096
1,0.9924902
1,0.98958623
1,0.9871145
1,0.9846185
1,0.98448706
1,0.98865753
1,0.9907141
1,0.99008244
1,0.9894104
1,0.9871446
1,0.99289745
1,0.9878521
1,0.98724747
1,0.9887066
1,0.9961414
1,0.996605
1,0.99776053
1,0.9969763
1,0.9937118
1,0.99745
1,0.99578214
1,0.9958562
1,0.99799293
1,0.99631196
1,0.99507815
1,0.99426275
1,0.99452645
1,0.9978599
1,0.99646777
1,0.9957919
1,0.9952779
1,0.99576753
1,0.9955337
1,0.99540246
1,0.99497306
1,0.99494433
1,0.9948093
1,0.9952576
1,0.99736154
1,0.9980527
1,0.9982084
1,0.9964132
1,0.9961105
1,0.9964356
0,0.99811286
0,0.99466205
0,0.99316907
0,0.9915592
0,0.9877632
0,0.9837436
0,0.9777709
0,0.9649981
0,0.9560239
0,0.9562152
0,0.9546502
0,0.9518243
0,0.92638206
0,0.90499854
0,0.87371373
0,0.8947071
0,0.8888378
0,0.8846743
0,0.88205934
0,0.8906001
0,0.89674985
0,0.91021454
0,0.8975515
0,0.8842592
0,0.7269551
0,0.39681414
0,0.46003836
0,0.5076525
0,0.40680778
0,0.26765808
0,0.17527664
0,0.15776792
0,0.17065866
0,0.17605221
0,0.18003075
0,0.1498907
0,0.16435798
0,0.16715287
0,0.15968318
0,0.14513853
0,0.13521133
0,0.15935682
0,0.16327192
0,0.16763462
0,0.17327553
0,0.14606947
0,0.13594256
0,0.13406183
0,0.12906288
0,0.1480872
0,0.15633084
0,0.17024864
0,0.18376607
0,0.18880376
0,0.16056088
0,0.15345426
0,0.17531066
0,0.18803616
0,0.19677304
0,0.16288818
0,0.18286783
0,0.18436247
0,0.17257829
0,0.15235384
0,0.1694744
0,0.17828345
0,0.1909926
0,0.1559118
0,0.17033555
0,0.17063679
0,0.15861927
0,0.1433167
0,0.15943176
0,0.16497102
0,0.16869424
0,0.17102067
0,0.14607798
0,0.15576646
0,0.14832076
0,0.15958768
0,0.1676517
0,0.14433533
0,0.13510665
0,0.15119386
0,0.15903565
0,0.1406922
0,0.13559233
0,0.15250774
0,0.16071059
0,0.17554858
0,0.18753347
0,0.17229323
0,0.19107412
0,0.18301255
0,0.1652665
0,0.18590784
0,0.19117191
0,0.19515826
0,0.21733682
0,0.22323194
0,0.220159
0,0.1908008
0,0.16276032
0,0.17623556
0,0.1543513
0,0.16858658
0,0.18483552
0,0.15008226
0,0.14189924
0,0.13623653
0,0.13278183
0,0.14726244
0,0.13289937
0,0.13159046
0,0.126818
0,0.14859083
0,0.16533059
0,0.14975287
0,0.145689
0,0.16248246
0,0.16949204
0,0.19029596
0,0.16307959
0,0.17893216
0,0.19057812
0,0.18022442
0,0.162522
0,0.15937144
0,0.18160078
0,0.19240715
0,0.1956301
0,0.19877747
0,0.1781416
0,0.17879014
0,0.1613585
0,0.18588293
0,0.19604982
0,0.19195364
0,0.19621821
0,0.1610977
0,0.17531906
0,0.14987926
0,0.14199984
0,0.14146373
0,0.16004136
0,0.1703367
0,0.17790891
0,0.18362784
0,0.18970045
0,0.1651129
0,0.17954487
0,0.18456773
0,0.1903828
0,0.19605161
0,0.19205478
0,0.19116256
0,0.18197314
0,0.1634592
0,0.15028806
0,0.1613738
0,0.16465871
0,0.16518049
0,0.1697236
0,0.14842011
0,0.15434116
0,0.14599708
0,0.15418424
0,0.15735835
0,0.1437324
0,0.15293781
0,0.15599626
0,0.16373062
0,0.19219106
0,0.15690547
0,0.17156263
0,0.15473606
0,0.16869324
0,0.17612131
0,0.15812439
0,0.14508474
0,0.15301561
0,0.14630426
0,0.16198558
0,0.1701834
0,0.17716236
0,0.18029298
0,0.18399222
0,0.18202855
0,0.17249271
0,0.15565608
0,0.17139076
0,0.18019187
0,0.33578703
0,0.2865939
0,0.18656743
0,0.19633992
0,0.16021991
0,0.14660701
0,0.15860406
0,0.14621145
0,0.15490511
0,0.14003323
0,0.15087432
0,0.16076945
0,0.14667247
0,0.1414055
0,0.15716527
0,0.16050516
0,0.1637288
0,0.1458968
0,0.15919444
0,0.16543666
0,0.1716173
0,0.17257747
0,0.14949527
0,0.16432351
0,0.16968657
0,0.22961634
0,0.2169837
0,0.1641702
0,0.1598788
0,0.17423737
0,0.19151293
0,0.18900058
0,0.17969841
0,0.18002139
0,0.1796388
0,0.17287824
0,0.1556964
0,0.16271023
0,0.16533901
0,0.16773131
0,0.16836841
0,0.1787817
0,0.15076882
0,0.15525499
0,0.16797772
0,0.1661673
0,0.16641906
0,0.14635992
0,0.13857982
0,0.1372818
0,0.14636853
0,0.14771236
0,0.14053796
0,0.13369611
0,0.1517117
0,0.1576237
0,0.1632876
0,0.16723858
0,0.15337053
0,0.18722692
0,0.16171378
0,0.14904763
0,0.17309298
0,0.16222303
0,0.22703435
0,0.2251582
0,0.22933064
0,0.20554316
0,0.1722481
0,0.1891863
0,0.19672291
0,0.20031759
0,0.27701038
0,0.2464939
0,0.23050193
0,0.19442295
0,0.157113
0,0.17238559
0,0.17418179
0,0.143656
0,0.15738186
0,0.16267863
0,0.16384266
0,0.15374313
0,0.13972512
0,0.14559565
0,0.15404336
0,0.16074336
0,0.1629642
0,0.16445218
0,0.16860142
0,0.15671647
0,0.14339305
0,0.15539005
0,0.14116375
0,0.1523228
0,0.15626667
0,0.1608444
0,0.16651833
0,0.14525278
0,0.13778703
0,0.15357533
0,0.15656537
0,0.16149753
0,0.14345936
0,0.14241432
0,0.13921234
0,0.14581326
0,0.13875894
0,0.13758135
0,0.15993029
0,0.157776
0,0.15110466
0,0.14722477
0,0.15708447
0,0.16289559
0,0.18788554
0,0.4010752
0,0.35874608
0,0.3020121
0,0.31350583
0,0.33542255
0,0.25219014
0,0.21562876
0,0.22168471
0,0.2321375
0,0.29071978
0,0.21274108
0,0.17247169
0,0.17917033
0,0.17398874
0,0.15697275
0,0.16432346
0,0.16402338
0,0.16362703
0,0.16252871
0,0.1519411
0,0.13827232
0,0.13039318
0,0.13067412
0,0.13363115
0,0.14201686
0,0.13111727
0,0.14294797
0,0.15706003
0,0.15787415
0,0.16144639
0,0.16465977
0,0.18327948
0,0.20276894
0,0.19042325
0,0.19805095
0,0.20261826
0,0.18063922
0,0.17807195
0,0.1562031
0,0.17579989
0,0.183937
0,0.18768972
0,0.19211659
0,0.16889985
0,0.18523806
0,0.17477058
0,0.15594229
0,0.16765581
0,0.2069298
0,0.19272475
0,0.18897606
0,0.18569715
0,0.18620984
0,0.15886882
0,0.1652507
0,0.14684676
0,0.1564523
0,0.16517015
0,0.16649534
0,0.15405299
0,0.14931011
0,0.1588541
0,0.16328926
0,0.16340369
0,0.14852776
0,0.13623992
0,0.14990892
0,0.14376561
0,0.13813207
0,0.13588548
0,0.13360813
0,0.15897885
0,0.16385722
0,0.16890098
0,0.15055244
0,0.15104274
0,0.16557123
0,0.15436575
0,0.17694233
0,0.1555548
0,0.17435232
0,0.18156883
0,0.18128312
0,0.16888699
0,0.15852104
0,0.17591202
0,0.1866676
0,0.16751964
0,0.18476535
0,0.18962087
0,0.17146829
0,0.17097364
0,0.16575395
0,0.1788506
0,0.18358873
0,0.18708357
0,0.19007918
0,0.16514705
0,0.1776877
0,0.16761972
0,0.18116882
0,0.18839265
0,0.20259905
0,0.1995932
0,0.177513
0,0.1856331
0,0.18283449
0,0.19451652
0,0.2024318
0,0.2062884
0,0.19588813
0,0.20356897
0,0.20444041
0,0.20441738
0,0.18718524
0,0.16107047
0,0.14723106
0,0.16403928
0,0.16920596
0,0.1714717
0,0.15104362
0,0.14421497
0,0.14931272
0,0.14156741
0,0.15755256
0,0.14467518
0,0.15965186
0,0.16919449
0,0.17558299
0,0.20376357
0,0.17576991
0,0.18845554
0,0.18931028
0,0.18929297
0,0.18933608
0,0.18881626
0,0.18833666
0,0.18410449
0,0.15925637
0,0.18100871
0,0.18521069
0,0.18937992
0,0.19078626
0,0.18989028
0,0.25970715
0,0.22917612
0,0.18681425
0,0.18731397
0,0.18445335
0,0.18096519
0,0.17549844
0,0.14890471
0,0.13752165
0,0.15341957
0,0.1408593
0,0.12930958
0,0.12937737
0,0.14226961
0,0.14907303
0,0.15894763
0,0.16688995
0,0.14777455
0,0.1672696
0,0.16904354
0,0.17361443
0,0.15610655
0,0.14754307
0,0.16449797
0,0.16737483
0,0.16363478
0,0.15110105
0,0.14249593
0,0.14304474
0,0.15594116
0,0.15120599
0,0.16534217
0,0.17115223
0,0.17529997
0,0.18956847
0,0.18472442
0,0.1935538
0,0.19709858
0,0.17590722
0,0.18669645
0,0.1863298
0,0.17860961
0,0.16293181
0,0.2311611
0,0.21607152
0,0.18183015
0,0.1966768
0,0.19944295
0,0.19661702
0,0.18861979
0,0.19463171
0,0.19368678
0,0.19206911
0,0.16575645
0,0.17134999
0,0.17159857
0,0.15104878
0,0.15933599
0,0.14573184
0,0.154075
0,0.15968779
0,0.15963674
0,0.16241354
0,0.14824767
0,0.15385407
0,0.14975865
0,0.160777
0,0.16438255
0,0.14908452
0,0.16231124
0,0.16453455
0,0.16946651
0,0.17990711
0,0.15893994
0,0.17139156
0,0.17805602
0,0.18138972
0,0.21753986
0,0.20278817
0,0.17875041
0,0.18244903
0,0.16960524
0,0.17738095
0,0.17967248
0,0.18170115
0,0.17812784
0,0.18037046
0,0.17694221
0,0.1713943
0,0.15577371
0,0.16002592
0,0.16197982
0,0.16212147
0,0.16294728
0,0.14437038
0,0.15765645
0,0.14916766
0,0.14219329
0,0.15311468
0,0.14437756
0,0.15353133
0,0.15344757
0,0.14964107
0,0.14748634
0,0.14985017
0,0.15630898
0,0.1858041
0,0.17160662
0,0.16928788
0,0.17459917
0,0.19416189
0,0.20119622
0,0.19820699
0,0.18952642
0,0.19363163
0,0.21866935
0,0.2295675
0,0.23408838
0,0.2361683
0,0.22227107
0,0.220392
0,0.2359876
0,0.24173108
0,0.24307679
0,0.22564396
0,0.22359958
0,0.2161658
0,0.2083466
0,0.19326752
0,0.20390584
0,0.18516906
0,0.18663856
0,0.18541999
0,0.18938728
0,0.19775239
0,0.2032192
0,0.1755696
0,0.18193063
0,0.15792875
0,0.14897643
0,0.14200313
0,0.14106894
0,0.15370692
0,0.14264615
0,0.14049119
0,0.1442252
0,0.14219329
0,0.1468685
0,0.1597491
0,0.17411378
0,0.16649851
0,0.17584309
0,0.17130738
0,0.18881509
0,0.19260511
0,0.17331505
0,0.17426592
0,0.18980147
0,0.19579263
0,0.1959184
0,0.18028028
0,0.1988004
0,0.20782465
0,0.22040294
0,0.22517756
0,0.25024712
0,0.23774052
0,0.22829637
0,0.20132998
0,0.21266136
0,0.21113478
0,0.2084413
0,0.20898187
0,0.20925242
0,0.1815971
0,0.17930818
0,0.18854967
0,0.18938047
0,0.17295818
0,0.18339801
0,0.18587409
0,0.16152725
0,0.17356879
0,0.16856937
0,0.17259313
0,0.17846178
0,0.15640818
0,0.16791351
0,0.17000131
0,0.17162915
0,0.17170966
0,0.1576018
0,0.16607068
0,0.16788569
0,0.17005314
0,0.1756357
0,0.15777609
0,0.16659944
0,0.15463328
0,0.1555687
0,0.16580613
0,0.15607683
0,0.1739597
0,0.18127814
0,0.16413955
0,0.18302716
0,0.17126596
0,0.16953346
0,0.1695545
0,0.15915623
0,0.18025693
0,0.18585901
0,0.19259289
0,0.19367397
0,0.19124514
0,0.16848792
0,0.18259
0,0.18765375
0,0.1927971
0,0.19131453
0,0.19195646
0,0.18993439
0,0.18529658
0,0.16811803
0,0.17642197
0,0.17759064
0,0.18007204
0,0.16035283
0,0.17210592
0,0.17359553
0,0.16327713
0,0.1527466
0,0.14323379
0,0.15949109
0,0.16228706
0,0.16825648
0,0.17489378
0,0.17018539
0,0.16507886
0,0.15404098
0,0.17335576
0,0.18078503
0,0.1587041
0,0.17084275
0,0.17695448
0,0.17730331
0,0.16995138
0,0.15183254
0,0.17554113
0,0.16715649
0,0.17429896
0,0.17818126
0,0.17897956
0,0.17906344
0,0.16973664
0,0.2217961
0,0.20366175
0,0.19673598
0,0.19359927
0,0.18609124
0,0.18027997
0,0.17413773
0,0.16146769
0,0.16490312
0,0.16297844
0,0.16260377
0,0.1475479
0,0.15274867
0,0.16089137
0,0.14532804
0,0.14161381
0,0.14928365
0,0.14296927
0,0.14324278
0,0.15174225
0,0.14183626
0,0.15692632
0,0.16530195
0,0.15333767
0,0.1707636
0,0.17805128
0,0.18201503
0,0.1864395
0,0.16441897
0,0.18226463
0,0.18935204
0,0.17558527
0,0.18806456
0,0.1776446
0,0.19011255
0,0.19471511
0,0.19661918
0,0.1957489
0,0.18529722
0,0.17727642
0,0.18360233
0,0.18389764
0,0.18610889
0,0.16894436
0,0.1779046
0,0.16066071
0,0.16437279
0,0.15575421
0,0.16675803
0,0.26215833
0,0.21986221
0,0.21161598
0,0.20082963
0,0.19510785
0,0.18445814
0,0.16440804
0,0.17225234
0,0.17764062
0,0.17133918
0,0.15282476
0,0.16863112
0,0.16836214
0,0.15259978
0,0.26698187
0,0.19719613
0,0.19753297
0,0.19241703
0,0.18255043
0,0.17838447
0,0.15686844
0,0.15075244
0,0.15331915
0,0.1532829
0,0.15755099
0,0.14208052
0,0.15153271
0,0.1533483
0,0.1395449
0,0.1429991
0,0.14208989
0,0.15211532
0,0.1472416
0,0.14172311
0,0.13847357
0,0.15311724
0,0.16031976
0,0.15303135
0,0.16104367
0,0.164054
0,0.25296712
0,0.22686861
0,0.21954831
0,0.21671392
0,0.2222702
0,0.19308531
0,0.17248245
0,0.16501597
0,0.17787787
0,0.18111746
0,0.18266317
0,0.18200058
0,0.18036734
0,0.16280049
0,0.17138246
0,0.17119795
0,0.1488062
0,0.1427127
0,0.15282145
0,0.15831952
0,0.15595779
0,0.14436845
0,0.14167921
0,0.15152152
0,0.14018504
0,0.15188949
0,0.14454235
0,0.15697275
0,0.15978904
0,0.15619896
0,0.31254357
0,0.23036622
0,0.22638598
0,0.21872936
0,0.21709825
0,0.21357341
0,0.1846399
0,0.16658899
0,0.17599943
0,0.1766324
0,0.185446
0,0.16182461
0,0.167094
0,0.16373108
0,0.1599987
0,0.14698552
0,0.15955772
0,0.16521667
0,0.16674078
0,0.15154417
0,0.15779561
0,0.16243592
0,0.14978762
0,0.16188464
0,0.16752766
0,0.16750568
0,0.15419714
0,0.1451278
0,0.14884654
0,0.16030751
0,0.17286238
0,0.18369927
0,0.17525285
0,0.18747629
0,0.19057551
0,0.18978256
0,0.18879776
0,0.17253771
0,0.16669777
0,0.17680824
0,0.18276875
0,0.18212622
0,0.16984558
0,0.17796312
0,0.18622029
0,0.17496233
0,0.17343138
0,0.17373349
0,0.1834189
0,0.19231628
0,0.19395187
0,0.19539542
0,0.19377467
0,0.1986273
0,0.18624006
0,0.18994932
0,0.18885386
0,0.17934045
0,0.19127287
0,0.18243521
0,0.19746341
0,0.20212296
0,0.1928213
0,0.20243363
0,0.20526455
0,0.20591584
0,0.20462634
0,0.20043121
0,0.202376
0,0.19781262
0,0.18180078
0,0.18716575
1,0.18848817
1,0.1737974
1,0.18818837
1,0.172385
1,0.18162197
1,0.17928337
1,0.17081256
1,0.17251486
1,0.18107086
1,0.18242271
1,0.1845369
1,0.16914487
1,0.17739388
1,0.17570263
1,0.17910369
0,0.9152545
0,0.76434803
0,0.6598489
0,0.5952127
0,0.52294564
0,0.45240584
0,0.35292354
0,0.32369196
0,0.29178542
0,0.23888476
0,0.24213336
0,0.2419279
0,0.23750508
0,0.21278024
0,0.18527865
0,0.18867657
0,0.18837325
0,0.18819186
0,0.17658064
0,0.1764083
0,0.17209738
0,0.16526152
0,0.15270635
0,0.15335098
0,0.1540311
0,0.15399303
0,0.1375943
0,0.13067433
0,0.13705748
0,0.13756123
0,0.16394104
0,0.16806318
0,0.16502093
0,0.17000143
0,0.1697273
0,0.17131333
0,0.16366528
0,0.1618832
0,0.1617494
0,0.17013493
0,0.17534848
0,0.18191275
0,0.17059979
0,0.1765115
0,0.18177597
0,0.20157306
0,0.21192716
0,0.20170894
0,0.22136499
0,0.22689016
0,0.23226812
0,0.23317203
0,0.22708678
0,0.22402883
0,0.21123832
0,0.22327085
0,0.21758455
0,0.21732542
0,0.21450612
0,0.21152471
0,0.19270207
0,0.20174117
0,0.20309825
0,0.20618942
0,0.20280504
0,0.1995723
0,0.18091056
0,0.18942845
0,0.18946496
0,0.18380721
0,0.17520773
0,0.18087354
0,0.18011308
0,0.17226258
0,0.18271504
0,0.18551745
0,0.19121629
0,0.18168747
0,0.1848552
0,0.19616175
0,0.2019333
0,0.20572604
0,0.20490906
0,0.18720855
0,0.44742808
0,0.3339815
0,0.30845806
0,0.2874167
0,0.22306995
0,0.2148598
0,0.2012778
0,0.19308849
0,0.18550146
0,0.15945368
0,0.15309286
0,0.15448162
0,0.15603206
0,0.15403979
0,0.15231664
0,0.21430264
0,0.17639138
0,0.15584879
0,0.14646496
0,0.1485118
0,0.14709444
0,0.13835762
0,0.14285818
0,0.1459958
0,0.14466207
0,0.13708603
0,0.14408799
0,0.14370246
0,0.1557867
0,0.16753311
0,0.19205973
0,0.19089313
0,0.18864974
0,0.18660165
0,0.18502471
0,0.16786063
0,0.17521884
0,0.17497817
0,0.17259167
0,0.17448965
0,0.17071918
0,0.16274148
0,0.17448361
0,0.18264444
0,0.17470646
0,0.1874815
0,0.18931134
0,0.18662164
0,0.1808493
0,0.18773793
0,0.17406546
0,0.16945536
0,0.17552565
0,0.17899968
0,0.16607581
0,0.1751184
0,0.17665675
0,0.18342382
0,0.26557758
0,0.2234972
0,0.22364004
0,0.20301174
0,0.19991983
0,0.20132805
0,0.18679544
0,0.19284318
0,0.1948783
0,0.19292915
0,0.19107988
0,0.19275297
0,0.19149645
0,0.18334766
0,0.19646719
0,0.18493758
0,0.17877448
0,0.17381604
0,0.15599833
0,0.14720161
0,0.14022945
0,0.13997653
0,0.13542813
0,0.13468628
0,0.14495079
0,0.1389141
0,0.14414324
0,0.1611286
0,0.16400446
0,0.17042202
0,0.19043697
0,0.1995897
0,0.20817806
0,0.2174637
0,0.24475472
0,0.23974432
0,0.26466677
0,0.27281716
0,0.2796333
0,0.2949731
0,0.30103916
0,0.3124268
0,0.3339597
0,0.32520682
0,0.34019572
0,0.33612618
0,0.3048001
0,0.32234013
0,0.32688093
0,0.32822713
0,0.32830948
0,0.3272538
0,0.3239233
0,0.32066187
0,0.2884943
0,0.29850873
0,0.27006277
0,0.27887097
0,0.2619367
0,0.24141864
0,0.220893
0,0.20555204
0,0.2020021
0,0.1958972
0,0.18103749
0,0.21255288
0,0.20128083
0,0.19288853
0,0.19130127
0,0.18519302
0,0.18814379
0,0.1823716
0,0.19084464
0,0.19759086
0,0.19581866
0,0.20124036
0,0.19274552
0,0.20324916
0,0.21641292
0,0.21076028
0,0.22575898
0,0.23140782
0,0.22558956
0,0.23226158
0,0.21345113
0,0.21224509
0,0.21342136
0,0.22670536
0,0.22894117
0,0.3075522
0,0.26077187
0,0.25497517
0,0.35471225
0,0.30287784
0,0.26750797
0,0.2901651
0,0.30393934
0,0.27537876
0,0.26578408
0,0.27172288
0,0.26710144
0,0.2489893
0,0.24627481
0,0.24781737
0,0.24594137
0,0.24563631
0,0.25655654
0,0.24853338
0,0.26103377
0,0.25823548
0,0.25063744
0,0.2467405
0,0.25820622
0,0.26660803
0,0.26353377
0,0.2525978
0,0.2605455
0,0.25581565
0,0.25378975
0,0.29581353
0,0.27524635
0,0.29913607
0,0.28845456
0,0.29186088
0,0.3047817
0,0.33967432
0,0.3331186
0,0.31427047
0,0.32310843
0,0.32732022
0,0.34057644
0,0.3353957
0,0.3089025
0,0.31890902
0,0.31365436
0,0.32819778
0,0.3013831
0,0.28681782
0,0.29507962
0,0.27832136
0,0.2817616
0,0.2748071
0,0.2650967
0,0.25417623
0,0.23711467
0,0.22164023
0,0.20221712
0,0.20290059
0,0.19986507
0,0.1996739
0,0.20417356
0,0.19322579
0,0.20584743
0,0.21248713
0,0.21642469
0,0.22479519
0,0.21221118
0,0.22360979
0,0.23003413
0,0.24161962
0,0.2529585
0,0.23205465
0,0.22433385
0,0.23441707
0,0.23824683
0,0.2560547
0,0.23759311
0,0.24511819
0,0.24058619
0,0.25078002
0,0.25647476
0,0.26198214
0,0.26235902
0,0.24963103
0,0.26402944
0,0.28679332
0,0.2628511
0,0.25645787
0,0.24159555
0,0.24044107
0,0.2528384
0,0.24596691
0,0.25388142
0,0.26225096
0,0.28540358
0,0.27307814
0,0.24755259
0,0.24462244
0,0.22415766
0,0.23100775
0,0.21121584
0,0.20562291
0,0.1875041
0,0.19113246
0,0.19187452
0,0.18516964
0,0.17166121
0,0.165747
0,0.1759496
0,0.18028516
0,0.18129326
0,0.18106195
0,0.17325683
0,0.17674865
0,0.18428798
0,0.18722075
0,0.18496819
0,0.17220901
0,0.18199834
0,0.19374834
0,0.19998321
0,0.19400072
0,0.18361154
0,0.2042173
0,0.22013657
0,0.22546698
0,0.22895695
0,0.21322413
0,0.21602024
0,0.22487542
0,0.26849344
0,0.22387886
0,0.21443477
0,0.20813388
0,0.19368082
0,0.17849474
0,0.1854084
0,0.1780493
0,0.17054532
0,0.18186076
0,0.17070463
0,0.17987448
0,0.18452652
0,0.17410956
0,0.17208342
0,0.17311905
0,0.17622653
0,0.18377572
0,0.19731657
0,0.2162447
0,0.22462595
0,0.2188864
0,0.24027164
0,0.2465028
0,0.25819728
0,0.2716521
0,0.27566254
0,0.27255973
0,0.27442914
0,0.30294862
0,0.32294738
0,0.31391582
0,0.32213575
0,0.3072944
0,0.34337774
0,0.3125671
0,0.32929325
0,0.3265574
0,0.30300552
0,0.30080914
0,0.30678728
0,0.30583012
0,0.2762946
0,0.2592571
0,0.25442988
0,0.23839405
0,0.2240693
0,0.21605812
0,0.21167083
0,0.21406992
0,0.20764165
0,0.20457804
0,0.20154068
0,0.1978459
0,0.20105056
0,0.1845519
0,0.1913383
0,0.19119138
0,0.18195327
0,0.19400398
0,0.19926675
0,0.19828247
0,0.19521226
0,0.19566956
0,0.21451543
0,0.19366738
0,0.19726786
0,0.18760723
0,0.19128297
0,0.20832294
0,0.19618587
0,0.19742459
0,0.18354982
0,0.19434398
0,0.1977794
0,0.20207474
0,0.21850337
0,0.25394762
0,0.2170819
0,0.21094641
0,0.20626365
0,0.20169693
0,0.19818644
0,0.19422957
0,0.19635482
0,0.18740751
0,0.17284596
0,0.16852467
0,0.17663713
0,0.18419194
0,0.18305081
0,0.18233891
0,0.18801826
0,0.17939565
0,0.17695782
0,0.17394409
0,0.17563334
0,0.17205735
0,0.17714484
0,0.1793878
0,0.17886686
0,0.18010058
0,0.27736345
0,0.29879186
0,0.30178082
0,0.32923168
0,0.31491825
0,0.30073583
0,0.3108764
0,0.31065944
0,0.36500496
0,0.3317575
0,0.3181404
0,0.29878008
0,0.5033528
0,0.41211027
0,0.35997328
0,0.31194898
0,0.28553516
0,0.24739213
0,0.22179125
0,0.20449917
0,0.18285212
0,0.17763741
0,0.16917741
0,0.16349748
0,0.1633075
0,0.15872729
0,0.15566187
0,0.1699544
0,0.15537937
0,0.15905777
0,0.16251707
0,0.1574305
0,0.15985282
0,0.1633546
0,0.16129206
0,0.16094136
0,0.17254888
0,0.17804438
0,0.21386455
0,0.20308596
0,0.20230404
0,0.20110205
0,0.28468007
0,0.30482924
0,0.28925654
0,0.27144554
0,0.25505906
0,0.25066474
0,0.24928963
0,0.23443833
0,0.21740103
0,0.21911803
0,0.22653566
0,0.23369995
0,0.23288508
0,0.23129478
0,0.21989533
0,0.2309178
0,0.22661589
0,0.22842224
0,0.22819518
0,0.22540428
0,0.22792986
0,0.2413701
0,0.23712987
0,0.23646086
0,0.2330948
0,0.25049987
0,0.28062412
0,0.27954006
0,0.27957854
0,0.2832415
0,0.28439313
0,0.293528
0,0.28742787
0,0.29881215
0,0.2956495
0,0.30121145
0,0.31294194
0,0.3074381
0,0.2977204
0,0.29933882
0,0.30236644
0,0.31075877
0,0.3120593
0,0.30614612
0,0.30495656
0,0.30333936
0,0.30148202
0,0.29182464
0,0.3040134
0,0.29936424
0,0.29090858
0,0.29566178
0,0.29376647
0,0.30094156
0,0.30080405
0,0.2806905
0,0.29344633
0,0.2946745
0,0.29435024
0,0.2869299
0,0.28353894
0,0.2899007
0,0.2922421
0,0.28543404
0,0.28247407
0,0.27643904
0,0.29119658
0,0.2959646
0,0.27980593
0,0.30433515
0,0.2906494
0,0.29578933
0,0.28071013
0,0.2941148
0,0.29613972
0,0.29893905
0,0.29960424
0,0.30001083
0,0.30002365
0,0.29840448
0,0.30095783
0,0.29808474
0,0.30454823
0,0.30137312
0,0.29982913
0,0.29835427
0,0.299393
0,0.29436103
0,0.29336572
0,0.29331028
0,0.2930373
0,0.27454472
0,0.2933221
0,0.28912544
0,0.2908758
0,0.2849649
0,0.28550306
0,0.34580404
0,0.3092725
0,0.31234807
0,0.30001432
0,0.33957103
0,0.33382326
0,0.31637514
0,0.3111889
0,0.30792952
0,0.30503228
0,0.30188775
0,0.29777652
0,0.29585475
0,0.29575354
0,0.27165827
0,0.28473747
0,0.28559956
0,0.2856436
0,0.2817973
0,0.27817547
0,0.27091625
0,0.2624944
0,0.25713924
0,0.2584668
0,0.254267
0,0.24990132
0,0.24870934
0,0.249442
0,0.2530008
0,0.2552015
0,0.27830362
0,0.3109409
0,0.29785392
0,0.2863555
0,0.2905349
0,0.2836772
0,0.3046853
0,0.2886989
0,0.28752002
0,0.27891487
0,0.2752787
0,0.29029858
0,0.29828018
0,0.29746225
0,0.2981831
0,0.28057018
0,0.30178422
0,0.29931882
0,0.29942915
0,0.5001422
0,0.36385566
0,0.36818013
0,0.3340225
0,0.3028902
0,0.29725963
0,0.2743755
0,0.27913603
0,0.28699195
0,0.2805915
0,0.27686036
0,0.26933387
0,0.27935356
0,0.27826485
0,0.27107918
0,0.2671935
0,0.25847805
0,0.26793906
0,0.24096738
0,0.2283531
0,0.22179656
0,0.21890295
0,0.2288245
0,0.22208719
0,0.22578096
0,0.23377591
0,0.24221271
0,0.26364976
0,0.26909062
0,0.28328964
0,0.31248185
0,0.3147093
0,0.30620623
0,0.3034188
0,0.3087464
0,0.29915646
0,0.2927808
0,0.2914805
0,0.3013951
0,0.29293892
0,0.2940765
0,0.29987338
0,0.33631873
0,0.3056402
0,0.30779064
0,0.2976736
0,0.2935261
0,0.32115963
0,0.29768258
0,0.28928736
0,0.28540847
0,0.2736255
0,0.30410653
0,0.28202355
0,0.27004224
0,0.27660438
0,0.2708902
0,0.3021831
0,0.29017988
0,0.2748458
0,0.27513313
0,0.2860891
0,0.29802987
0,0.2884922
0,0.27919164
0,0.27406004
0,0.27162722
0,0.2812102
0,0.26723728
0,0.2773319
0,0.2876071
0,0.28652188
0,0.29851535
0,0.2935416
0,0.29241678
0,0.28913432
0,0.2900402
0,0.28988773
0,0.28570879
0,0.29311845
0,0.2915415
0,0.2891396
0,0.30859712
0,0.29409158
0,0.28810844
0,0.28797743
0,0.2863217
0,0.28293064
0,0.2847898
0,0.28175336
0,0.28170976
0,0.2804895
0,0.31296343
0,0.28900468
0,0.28523076
0,0.28182754
0,0.28240207
0,0.3024749
0,0.28882116
0,0.28575957
0,0.27982283
0,0.2762105
0,0.30084443
0,0.2844062
0,0.2872536
0,0.2775292
0,0.28200337
0,0.29539645
0,0.29071698
0,0.28664652
0,0.28951705
0,0.28974822
0,0.30535027
0,0.29132718
0,0.28935042
0,0.27282977
0,0.277438
0,0.2929689
0,0.29487246
0,0.2839196
0,0.28586873
0,0.2810093
0,0.29729134
0,0.29954615
0,0.2841653
0,0.28262982
0,0.28075182
0,0.29015395
0,0.28126043
0,0.2754625
0,0.2662247
0,0.26406813
0,0.3016082
0,0.2819776
0,0.27527452
0,0.2822264
0,0.28631788
0,0.3126377
0,0.28506583
0,0.27537024
0,0.2733941
0,0.2785713
0,0.29551265
0,0.28507975
0,0.2831588
0,0.28071755
0,0.28031975
0,0.31150964
0,0.30392635
0,0.29020193
0,0.28597778
0,0.28459892
0,0.29963046
0,0.28917786
0,0.3065946
0,0.2902056
0,0.28486577
0,0.2945305
0,0.28436407
0,0.28107822
0,0.27985168
0,0.27860102
0,0.29338664
0,0.28130817
0,0.27833292
0,0.27925634
0,0.27665514
0,0.30691883
0,0.2868818
0,0.28362933
0,0.27680096
0,0.27327046
0,0.29882482
0,0.27779418
0,0.26969934
0,0.27884227
0,0.27486402
0,0.29251218
0,0.27627155
0,0.27189404
0,0.2696091
0,0.2673066
0,0.30909595
0,0.2771586
0,0.27083296
0,0.26719972
0,0.28328246
0,0.30492514
0,0.28844175
0,0.29445776
0,0.29567188
0,0.28629816
0,0.28368807
0,0.27705902
0,0.2773427
0,0.28589937
0,0.27651966
0,0.285111
0,0.27802312
0,0.27646127
0,0.27415028
0,0.27140373
0,0.27735436
0,0.27079687
0,0.2833503
0,0.28135625
0,0.27211732
0,0.27950516
0,0.27210206
0,0.2789751
0,0.28409812
0,0.27180797
0,0.26825577
0,0.29026783
0,0.28129262
0,0.28173164
0,0.28076404
0,0.27937007
0,0.2935149
0,0.27585065
0,0.2774572
0,0.26686478
0,0.27705225
0,0.2875543
0,0.28655267
0,0.28243634
0,0.3297815
0,0.29869506
0,0.3153709
0,0.29670602
0,0.29066545
0,0.285977
0,0.28163788
0,0.3127662
0,0.28762063
0,0.2829447
0,0.28125677
0,0.28206006
0,0.30182466
0,0.28781188
0,0.28300157
0,0.28054667
0,0.2845029
0,0.30217627
0,0.27998275
0,0.278524
0,0.27408224
0,0.27742425
0,0.2700724
0,0.27719995
0,0.26878974
0,0.26519427
0,0.2637403
0,0.2704046
0,0.27165812
0,0.275264
0,0.2759698
0,0.26609713
0,0.2816564
0,0.27142188
0,0.2648895
0,0.27178207
0,0.2626782
0,0.267736
0,0.26763898
0,0.27025452
0,0.27932817
0,0.27182472
0,0.28051898
0,0.3220396
0,0.28796726
0,0.29184616
0,0.27823535
0,0.2756076
0,0.31950206
0,0.28627816
0,0.27982175
0,0.28290844
0,0.2814786
0,0.3150546
0,0.2946429
0,0.28967762
0,0.2865075
0,0.2743771
0,0.31015348
0,0.28246725
0,0.28327838
0,0.27297622
0,0.26837397
0,0.2919313
0,0.28061673
0,0.27833894
0,0.2773176
0,0.2654997
0,0.29540157
0,0.27761307
0,0.26914412
0,0.27230427
0,0.27400306
0,0.2623743
0,0.25605294
0,0.2545824
0,0.26624638
0,0.2621088
0,0.3393412
0,0.29192352
0,0.30320433
0,0.2857274
0,0.27623436
0,0.2713851
0,0.26714036
0,0.264293
0,0.2636685
0,0.25985914
0,0.2575802
0,0.2561807
0,0.26444122
0,0.25858334
0,0.26011544
0,0.2534831
0,0.25452083
0,0.2536853
0,0.25305223
0,0.25177503
0,0.25143865
0,0.24912882
0,0.25476208
0,0.25402346
0,0.25570837
0,0.25141072
0,0.24968469
0,0.26719576
0,0.2739502
0,0.33977586
0,0.32044005
0,0.291313
0,0.29880506
0,0.2991667
0,0.3194395
0,0.30672857
0,0.3005649
0,0.28332642
0,0.2769296
0,0.27895552
0,0.26880485
0,0.26678857
0,0.2953433
0,0.27364445
0,0.2727314
0,0.2757951
0,0.27274868
0,0.27141306
0,0.29590043
0,0.27932033
0,0.27443466
0,0.27238315
0,0.26355943
0,0.30001134
0,0.27018932
0,0.27341032
0,0.27106494
0,0.26061735
0,0.3119401
0,0.28252152
0,0.29845017
0,0.28199628
0,0.27676255
0,0.32034647
0,0.28501666
0,0.2783094
0,0.27473754
0,0.26945212
0,0.2947754
0,0.27305323
0,0.2674962
0,0.2646588
0,0.2688121
0,0.29066405
0,0.26828817
0,0.267155
0,0.259717
0,0.25952202
0,0.28439653
0,0.269756
0,0.28510478
0,0.2844093
0,0.2877146
0,0.31156886
0,0.2807282
0,0.26920244
0,0.26697344
0,0.27827796
0,0.30715063
0,0.29377058
0,0.29043025
0,0.2781188
0,0.28642547
0,0.313991
0,0.2962356
0,0.27883872
0,0.27429643
0,0.27829108
0,0.2698901
0,0.2770196
0,0.27988672
0,0.28676933
0,0.28569388
0,0.27380407
0,0.2643707
0,0.2722221
0,0.28141385
0,0.27694747
0,0.27610165
0,0.27293172
0,0.27394015
0,0.26043883
0,0.30452564
0,0.28267655
0,0.27713338
0,0.2752205
0,0.27383572
0,0.33241862
0,0.29662365
0,0.27886152
0,0.27583
0,0.27669483
0,0.3217363
0,0.28133935
0,0.26892248
0,0.26967782
0,0.26793528
0,0.26528177
0,0.2652212
0,0.28509843
0,0.26855555
0,0.26922196
0,0.26522893
0,0.2611521
0,0.26453257
0,0.25889802
0,0.25643972
0,0.25602546
0,0.25439605
0,0.25384486
0,0.2535028
0,0.25768352
0,0.252592
0,0.24896298
0,0.25124973
0,0.24700218
0,0.2476161
0,0.24725391
0,0.24605064
0,0.24829961
0,0.247382
0,0.26245326
0,0.35678235
0,0.28917423
0,0.2718918
0,0.30577263
0,0.29179958
0,0.2745897
0,0.28065988
0,0.2807105
0,0.28583264
0,0.31034324
0,0.28156224
0,0.2923557
0,0.2917847
0,0.28523737
0,0.32595026
0,0.28286278
0,0.27466923
0,0.2804016
0,0.2667076
0,0.26291457
0,0.2696272
0,0.26997527
0,0.26955605
0,0.2606077
0,0.26562628
0,0.25271058
0,0.29009283
0,0.27209634
0,0.26060486
0,0.25292158
0,0.2600722
0,0.2732508
0,0.26547152
0,0.29311717
0,0.2763184
0,0.2819541
0,0.2726832
0,0.2698519
0,0.28705484
0,0.27379385
0,0.2706453
0,0.26827544
0,0.26777098
0,0.30925456
0,0.2810207
0,0.27420694
0,0.2724941
0,0.27230582
0,0.2646532
0,0.26263735
0,0.26039204
0,0.25693312
0,0.25706014
0,0.25500056
0,0.25302836
0,0.2537329
0,0.25297654
0,0.25003693
0,0.25211737
0,0.25123212
0,0.25358245
0,0.25079703
0,0.25172514
1,0.25205597
1,0.25021276
1,0.26601934
1,0.2723584
1,0.28428215
1,0.28126216
1,0.29019102
1,0.29052553
1,0.29739124
1,0.29285794
1,0.34123123
1,0.31360945
1,0.29847258
1,0.2816372
1,0.83032435
1,0.9831708
1,0.98826164
1,0.99136794
1,0.9854013
1,0.99695224
0,0.9976911
0,0.9974765
0,0.99022835
0,0.9842745
0,0.9725616
0,0.9478189
0,0.9131158
0,0.88537425
0,0.8364787
0,0.80225205
0,0.8112311
0,0.7487055
0,0.7197182
0,0.6770533
0,0.6555487
0,0.6445738
0,0.58514595
0,0.51307297
0,0.5035873
0,0.47057703
0,0.4893816
0,0.43583703
0,0.41461095
0,0.37197208
0,0.24800907
0,0.24333173
0,0.20638981
0,0.16543761
0,0.14284447
0,0.13229787
0,0.16167997
0,0.3104039
0,0.30610013
0,0.30619392
0,0.37418684
0,0.36222902
0,0.29235828
0,0.25362995
0,0.22144939
0,0.524281
0,0.390472
0,0.31871703
0,0.34991184
0,0.3646564
0,0.25003356
0,0.2002363
0,0.16075662
0,0.15858744
0,0.15758666
0,0.15619592
0,0.15043536
0,0.14521244
0,0.14004657
0,0.14302109
0,0.14250888
0,0.13814327
0,0.14336027
0,0.1421564
0,0.15230982
0,0.15015084
0,0.14810282
0,0.14582098
0,0.14763647
0,0.15445858
0,0.1559775
0,0.1501181
0,0.16101499
0,0.1649647
0,0.17099932
0,0.23764655
0,0.23248434
0,0.57296616
0,0.4032858
0,0.5534396
0,0.563763
0,0.5209896
0,0.8430557
0,0.6771064
0,0.5376899
0,0.46610695
0,0.3619828
0,0.28685263
0,0.23557127
0,0.18995088
0,0.16473004
0,0.15034722
0,0.15234756
0,0.14466348
0,0.1409102
0,0.14194226
0,0.14332952
0,0.13978505
0,0.12978202
0,0.13651168
0,0.13823646
0,0.13326962
0,0.13527156
0,0.13962857
0,0.12787452
0,0.12529472
0,0.13617486
0,0.14454053
0,0.14960504
0,0.16413127
0,0.5570071
0,0.3863946
0,0.43703964
0,0.411571
0,0.31539804
0,0.3084659
0,0.5949079
0,0.46071452
0,0.32928935
0,0.30727875
0,0.30251294
0,0.81881946
0,0.598271
0,0.4473609
0,0.37716082
0,0.5110955
0,0.38015723
0,0.2741517
0,0.27899238
0,0.21898085
0,0.20392051
0,0.17776604
0,0.16999523
0,0.14914927
0,0.1378702
0,0.12772729
0,0.12966898
0,0.1357395
0,0.1398411
0,0.14855455
0,0.14811021
0,0.14610593
0,0.14547917
0,0.14596114
0,0.1460715
0,0.15033731
0,0.15498473
0,0.15382151
0,0.2822964
0,0.19030611
0,0.24663045
0,0.30405796
0,0.24575543
0,0.19685015
0,0.19185834
0,0.21173331
0,0.20094764
0,0.60074645
0,0.4101859
0,0.3941364
0,0.7970418
0,0.54955876
0,0.4627811
0,0.33187127
0,0.27877244
0,0.2606223
0,0.19157502
0,0.1843877
0,0.1608071
0,0.14594781
0,0.14911744
0,0.14247271
0,0.14367582
0,0.13371198
0,0.13959827
0,0.14448039
0,0.14195777
0,0.14787541
0,0.14862652
0,0.15265405
0,0.5197747
0,0.31626165
0,0.2734318
0,0.18868087
0,0.17341037
0,0.1502495
0,0.13534231
0,0.28035963
0,0.18612568
0,0.15929192
0,0.19624595
0,0.16831355
0,0.14851114
0,0.14813885
0,0.16110753
0,0.15789181
0,0.15720245
0,0.15519188
0,0.14191724
0,0.14577621
0,0.14771505
0,0.14892417
0,0.15028922
0,0.14480475
0,0.15095817
0,0.18273474
0,0.15151468
0,0.14962727
0,0.1585121
0,0.17273162
0,0.21068096
0,0.20373616
0,0.57399035
0,0.3860026
0,0.3343775
0,0.29023445
0,0.23698437
0,0.20126136
0,0.17671494
0,0.16068129
0,0.15435286
0,0.20920108
0,0.1682006
0,0.16690515
0,0.1630841
0,0.1475078
0,0.5163134
0,0.34326234
0,0.24827343
0,0.23679394
0,0.21049787
0,0.7126209
0,0.49605247
0,0.46796852
0,0.4129928
0,0.3608841
0,0.3001158
0,0.241817
0,0.2051716
0,0.19333874
0,0.6681849
0,0.43925446
0,0.43829045
1,0.3722925
1,0.33513752
1,0.25623
1,0.25158575
1,0.72155106
1,0.49311122
1,0.4011515
1,0.37878323
1,0.35137853
1,0.2981296
1,0.2296445
1,0.19873592
1,0.19463162
1,0.19093011
1,0.17854561
0,0.9147938
0,0.8921051
0,0.7733021
0,0.75545573
0,0.6608622
0,0.5970154
0,0.58695865
0,0.53282505
0,0.46724474
0,0.40547863
0,0.7989728
0,0.59022933
0,0.55693376
0,0.4727858
0,0.4271322
0,0.37785658
0,0.3626641
0,0.768582
0,0.53538847
0,0.5965762
0,0.4349941
0,0.36415428
0,0.33826068
0,0.27251595
0,0.51020145
0,0.39258993
0,0.30246004
0,0.738528
0,0.50056756
0,0.39585775
0,0.29099685
0,0.22057761
0,0.44007856
0,0.31408525
0,0.42427132
0,0.37635604
0,0.31435895
0,0.71612626
0,0.4684789
0,0.3953315
0,0.37712947
0,0.38191128
0,0.34409994
0,0.32813266
0,0.2733986
0,0.21483092
0,0.1707994
0,0.39888874
0,0.26945227
0,0.25609684
0,0.34995356
0,0.27047017
0,0.5424908
0,0.33835423
0,0.2938364
0,0.26725253
0,0.66714185
1,0.43863854
1,0.44313616
1,0.34594092
1,0.26329392
1,0.2926547
1,0.26504266
1,0.66179943
1,0.42182696
1,0.47640964
1,0.78886694
1,0.54315567
1,0.4030146
1,0.37340188
1,0.7598139
1,0.75978756
0,0.98014235
0,0.97942924
0,0.91031504
0,0.86146647
0,0.80266553
0,0.94661593
0,0.8303196
0,0.776117
0,0.7682531
0,0.69922745
0,0.64912343
0,0.5416495
0,0.49798596
0,0.39011765
0,0.37697488
0,0.29436904
0,0.29494715
0,0.24674489
0,0.20636006
0,0.21398272
0,0.66234565
0,0.48078278
0,0.3961315
0,0.36672857
0,0.38247377
0,0.31838533
0,0.7601509
0,0.55778694
0,0.8929681
0,0.7026354
0,0.565668
0,0.74230456
0,0.5715717
0,0.5970329
0,0.8679636
0,0.7169758
0,0.5663761
0,0.9334893
0,0.7988237
0,0.7178071
0,0.7885052
0,0.68880796
0,0.65725183
0,0.5630894
0,0.4354511
0,0.4196942
0,0.36661065
0,0.31691438
0,0.2540991
0,0.23347934
0,0.25610656
0,0.23122324
0,0.18527627
0,0.19367681
0,0.41306427
0,0.2740311
0,0.2108705
0,0.16460398
0,0.17041571
0,0.5797434
0,0.3782095
0,0.81937146
0,0.6173022
0,0.48176846
0,0.39032567
0,0.28897503
0,0.36707702
0,0.31711748
0,0.2532201
0,0.22159934
0,0.5043423
0,0.33709773
0,0.27650782
0,0.30928075
0,0.22527318
0,0.2102679
0,0.17045397
0,0.15952028
0,0.14317901
0,0.1346757
0,0.13012065
0,0.13648243
0,0.13197763
0,0.136555
0,0.13731761
0,0.14028245
0,0.12852047
0,0.14913735
0,0.1616889
0,0.16525337
0,0.5421872
0,0.37596402
0,0.29998592
0,0.24325542
0,0.18685669
0,0.17807387
0,0.17687154
0,0.16601712
0,0.38003987
0,0.24567789
0,0.44248334
0,0.3375836
0,0.409195
0,0.32046792
0,0.74425966
0,0.48751792
0,0.41966876
0,0.34094062
0,0.2649989
0,0.23757464
0,0.18622603
0,0.17187476
0,0.15637615
0,0.16050957
0,0.16118191
0,0.35052806
0,0.22114845
0,0.1737006
0,0.16252083
0,0.15207747
0,0.15519942
0,0.5177313
0,0.318985
0,0.24207069
0,0.20078668
0,0.18162489
0,0.16059597
0,0.1485616
0,0.14799494
0,0.14459336
0,0.14995217
0,0.13447227
0,0.13272557
0,0.19157624
0,0.16778232
0,0.16739064
0,0.16022639
0,0.15320109
0,0.30369848
0,0.21545559
0,0.1793131
0,0.15672225
0,0.14932619
0,0.14115785
0,0.14115842
0,0.13796553
0,0.14507279
0,0.13716523
0,0.13703565
0,0.14391518
0,0.14250752
0,0.15703967
0,0.15699501
0,0.14674136
0,0.15954538
0,0.16150433
0,0.15746169
0,0.16135803
0,0.16359197
0,0.16711569
0,0.18555665
0,0.43880245
0,0.3094696
0,0.25615904
0,0.23158577
0,0.28934932
0,0.290481
0,0.27878976
0,0.32344
0,0.64180464
0,0.43231955
0,0.55637944
0,0.3911185
0,0.28631735
0,0.32819638
0,0.3169559
0,0.29008192
0,0.26750386
0,0.21452746
0,0.20014209
0,0.17695878
0,0.17311892
0,0.15413341
0,0.14538758
0,0.14906551
0,0.14412354
0,0.14640887
0,0.14218189
0,0.13301449
0,0.13050936
0,0.1306296
0,0.13645907
0,0.13649175
0,0.13921422
0,0.13717398
0,0.13862957
0,0.13734627
0,0.16214937
0,0.1451591
0,0.15623643
0,0.15977432
0,0.16630457
0,0.17060426
0,0.16849908
0,0.22065955
0,0.18982714
0,0.18296032
0,0.18756303
0,0.19574581
0,0.19664574
0,0.20346303
0,0.21228696
0,0.22312787
0,0.24120337
0,0.24967155
0,0.23929796
0,0.25791773
0,0.24315399
0,0.23931915
0,0.25210732
0,0.26048452
0,0.24992482
0,0.25764388
0,0.2629082
0,0.27399874
0,0.28262234
0,0.2910268
0,0.30186594
0,0.3050407
0,0.3027717
0,0.31178632
0,0.3133844
0,0.31076646
0,0.3049746
0,0.3232997
0,0.31528917
0,0.27680105
0,0.30648974
0,0.28106827
0,0.2604297
0,0.4278985
0,0.2860246
0,0.2512343
0,0.21442467
0,0.20716473
0,0.1990832
0,0.19356732
0,0.19650796
0,0.18513884
0,0.16387463
0,0.16186866
0,0.15841585
0,0.15872872
0,0.18256748
0,0.1683808
0,0.15463263
0,0.14889504
0,0.14679414
0,0.15268044
0,0.15001215
0,0.14874266
0,0.15430444
0,0.15612118
0,0.16180159
0,0.16167112
0,0.17010164
0,0.16662756
0,0.1780988
0,0.2032453
0,0.21505184
0,0.26751852
0,0.26101926
0,0.24743775
0,0.24140425
0,0.25981992
0,0.32851377
0,0.29727402
0,0.31602475
0,0.30308527
0,0.27731824
0,0.28593248
0,0.3035868
0,0.3022551
0,0.3084034
0,0.28139806
0,0.2829149
0,0.2793827
0,0.243317
0,0.23142512
0,0.22149144
0,0.21573395
0,0.21496022
0,0.226054
0,0.22402805
0,0.22935426
0,0.4039821
0,0.29394186
0,0.2605547
0,0.23586522
0,0.21696705
0,0.19208083
0,0.49077794
0,0.33995697
0,0.27298966
0,0.23017609
0,0.47416818
0,0.34441727
0,0.26706716
0,0.21709055
0,0.18094602
0,0.1577478
0,0.1496152
0,0.15819119
0,0.15661444
0,0.14273049
0,0.13276482
0,0.12987636
0,0.13054049
0,0.14476176
0,0.13373645
0,0.13159016
0,0.1331438
0,0.13444409
0,0.15535735
0,0.1544498
0,0.15411605
0,0.15652592
0,0.15895353
0,0.17905195
0,0.17068017
0,0.17599142
0,0.24559966
0,0.2369041
0,0.24132182
0,0.24450092
0,0.28896424
0,0.28564683
0,0.3065999
0,0.2958613
0,0.2923324
0,0.29103535
0,0.28753334
0,0.3030603
0,0.3084887
0,0.29670015
0,0.29974863
0,0.28716314
0,0.2853546
0,0.28538188
0,0.27919808
0,0.28733057
0,0.33926395
0,0.3207201
0,0.29651266
0,0.29369292
0,0.30240333
0,0.29844376
0,0.3103241
0,0.30491686
0,0.29225925
0,0.29527345
0,0.29755095
0,0.31268114
0,0.28737333
0,0.27918723
0,0.27793065
0,0.2728106
0,0.27132472
0,0.27202106
0,0.2760922
0,0.27700967
0,0.28557587
0,0.2845605
0,0.2714731
0,0.27705732
0,0.2940459
0,0.30700248
0,0.30559763
0,0.2802013
0,0.27438214
0,0.31384122
0,0.3198529
0,0.31319463
0,0.311081
0,0.30946985
0,0.3128116
0,0.38114288
0,0.35714707
0,0.32191494
0,0.31929022
0,0.32297054
0,0.31034613
0,0.31866413
0,0.3103093
0,0.30812106
0,0.3039783
0,0.29946086
0,0.28674164
0,0.25258133
0,0.23279394
0,0.2220964
0,0.22109188
0,0.21447462
0,0.21132594
0,0.21474443
0,0.21283567
0,0.21321861
0,0.5485818
0,0.37306443
0,0.3082125
0,0.27039972
0,0.3245002
0,0.8716511
0,0.7672432
0,0.64526045
0,0.54374814
0,0.48887947
0,0.4330518
0,0.49702206
0,0.8599582
0,0.69118774
0,0.5892157
0,0.55828
0,0.46317863
0,0.39446062
0,0.3296508
0,0.35587826
0,0.30394882
0,0.24732897
0,0.20733447
0,0.1913932
0,0.18751349
0,0.15946703
0,0.15424807
0,0.14525208
0,0.13549517
0,0.1292394
0,0.124556646
0,0.12255202
0,0.12393074
0,0.19199897
0,0.15590632
0,0.5928769
0,0.38043234
0,0.32295173
0,0.78014433
0,0.5718868
0,0.52643037
0,0.42382583
0,0.47216958
0,0.5687834
0,0.5014814
0,0.5723263
0,0.45032912
0,0.38054737
0,0.40400285
0,0.80109656
0,0.6170847
0,0.58149374
0,0.49355578
0,0.43405938
0,0.34366667
0,0.30469474
0,0.27778247
0,0.23342304
0,0.2061245
0,0.17649741
0,0.15660678
0,0.13747616
0,0.13501665
0,0.13063297
0,0.13113151
0,0.1320344
0,0.13413808
0,0.15946046
0,0.14923316
0,0.14673884
0,0.15073279
0,0.15843926
0,0.16106407
0,0.15170948
0,0.51845074
0,0.32158425
0,0.2511425
0,0.22396217
0,0.22320089
0,0.28845897
0,0.26779538
0,0.25849858
0,0.23671743
0,0.19799072
0,0.17937565
0,0.17238617
0,0.15664767
0,0.32061234
0,0.22172105
0,0.1871638
0,0.15702607
0,0.14905775
0,0.14214338
0,0.13656437
0,0.13347903
0,0.14304507
0,0.14355244
0,0.13521987
0,0.13010263
0,0.12679799
0,0.14026
0,0.14972486
0,0.14603224
0,0.252496
0,0.21261111
0,0.2866004
0,0.21197703
0,0.1914639
0,0.1664958
0,0.15568689
0,0.15239276
0,0.1476851
0,0.20287329
0,0.17708275
0,0.18432957
0,0.1924733
0,0.18709245
0,0.20761387
0,0.17782404
0,0.17746347
0,0.1585662
0,0.15372615
0,0.14555858
0,0.14359511
0,0.14403771
0,0.15004995
0,0.149954
0,0.15232606
0,0.14698663
0,0.16097455
0,0.15861908
0,0.16387574
0,0.17684165
0,0.21937811
0,0.21118091
0,0.22174269
0,0.22705264
0,0.22487432
0,0.24512115
0,0.2540958
0,0.2447602
0,0.24473992
0,0.44592687
0,0.34900537
0,0.41700608
0,0.323168
0,0.3296295
0,0.27150553
0,0.25528803
0,0.24102972
0,0.24267957
0,0.207868
0,0.19698548
0,0.18972954
0,0.19735758
0,0.19537802
0,0.19854033
0,0.19291058
0,0.20100951
0,0.19314633
0,0.19808155
0,0.19750513
0,0.19610152
0,0.20208658
0,0.22190832
0,0.22123535
0,0.22460094
0,0.23246077
0,0.23242514
0,0.2615828
0,0.26973534
0,0.27031988
0,0.28634313
0,0.2768602
0,0.42299256
0,0.33868477
0,0.31947067
0,0.3031013
0,0.30257195
0,0.27520964
0,0.2831338
0,0.27563956
0,0.29083446
0,0.28038332
0,0.2919032
0,0.2958629
0,0.2845451
0,0.29575175
0,0.2903882
0,0.2743552
0,0.277936
0,0.26595187
0,0.28084785
0,0.296385
0,0.3007735
0,0.31759134
0,0.30162668
0,0.29448166
0,0.2954524
0,0.38138136
0,0.3237412
0,0.30532908
0,0.295516
0,0.31733856
0,0.28848743
0,0.2844356
0,0.2822282
0,0.28862464
0,0.27085987
0,0.3163834
0,0.292483
0,0.28460425
0,0.27900466
0,0.26955307
0,0.34223527
0,0.30608705
0,0.30201542
0,0.3005013
0,0.30182344
0,0.2735186
0,0.27878475
0,0.2815384
0,0.28790864
0,0.2885522
0,0.29532605
0,0.29193828
0,0.2983877
0,0.2888006
0,0.33712807
0,0.51682544
0,0.37436295
0,0.323591
0,0.31627533
0,0.30655268
0,0.30766213
0,0.6527823
0,0.46759275
0,0.39869827
0,0.5812088
0,0.44334173
0,0.3465168
0,0.25558656
0,0.2151447
0,0.18885401
0,0.18801615
0,0.16921896
0,0.15729342
0,0.14568953
0,0.14084497
0,0.13267349
0,0.12952359
0,0.12394429
0,0.120849475
0,0.1271465
0,0.1345039
0,0.14015332
0,0.13231389
0,0.13841078
0,0.146199
0,0.14696687
0,0.1522768
0,0.17055918
0,0.18499486
0,0.19378647
0,0.22200523
0,0.2780557
0,0.28984138
0,0.2947022
0,0.30096
0,0.31240287
0,0.39402238
0,0.32981962
0,0.34716314
0,0.31969193
0,0.31993163
0,0.32732248
0,0.47780147
0,0.38291395
0,0.33118856
0,0.31755224
0,0.29298666
0,0.27633926
0,0.27602902
0,0.2597864
0,0.25121015
0,0.22376455
0,0.2164066
0,0.21021001
0,0.20231399
0,0.20422854
0,0.19761562
0,0.19367911
0,0.20395501
0,0.19509967
0,0.19254136
0,0.19153464
0,0.19161667
0,0.19804312
0,0.18976958
0,0.19985391
0,0.22246076
0,0.22492312
0,0.23553756
0,0.23542649
0,0.24299261
0,0.27124622
0,0.2812791
0,0.2780862
0,0.4260659
0,0.33023006
0,0.31043687
0,0.27841362
0,0.28116357
0,0.25450316
0,0.24849634
0,0.24101666
0,0.24753277
0,0.26335666
0,0.27212307
0,0.28332222
0,0.29333872
0,0.30469698
0,0.303643
0,0.30143917
0,0.3144641
0,0.31565654
0,0.29379258
0,0.29108554
0,0.2906542
0,0.29330286
0,0.3035811
0,0.27542496
0,0.27168125
0,0.28237322
0,0.28478914
0,0.29404667
0,0.2988841
0,0.29647994
0,0.32825816
0,0.31965956
0,0.30971038
0,0.31133178
0,0.29975906
0,0.26731488
0,0.2639831
0,0.24244025
0,0.24930775
0,0.25097656
0,0.26322526
0,0.25255576
0,0.25255245
0,0.27294603
0,0.2836179
0,0.26596826
0,0.2818374
0,0.47866473
0,0.35431415
0,0.32622218
0,0.31095657
0,0.3105391
0,0.30460986
0,0.5241903
0,0.3849796
0,0.33101803
0,0.29603136
0,0.27856666
0,0.22933666
0,0.20811531
0,0.18861148
0,0.17536704
0,0.17207773
0,0.16845486
0,0.15658726
0,0.1480896
0,0.15766416
0,0.14439699
0,0.13508125
0,0.13668327
0,0.13697416
0,0.13823667
0,0.14024258
0,0.15322916
0,0.14975433
0,0.15210144
0,0.16198209
0,0.1654864
0,0.17818321
0,0.192023
0,0.2096537
0,0.21700354
0,0.25057292
0,0.3082785
0,0.30455172
0,0.3242425
0,0.32632816
0,0.33565688
0,0.3303806
0,0.30879813
0,0.3059605
0,0.3088399
0,0.28898892
0,0.3052432
0,0.2987958
0,0.34343824
0,0.3144379
0,0.31416804
0,0.3034865
0,0.30145884
0,0.3089393
0,0.31859404
0,0.30367714
0,0.63220155
0,0.44441113
0,0.38127816
0,0.31866288
0,0.29174876
0,0.20927471
0,0.17698129
0,0.16521473
0,0.16154379
0,0.14597961
0,0.14263155
0,0.14027503
0,0.14353415
0,0.15260859
0,0.13689762
0,0.14166343
0,0.14606906
0,0.2757308
0,0.18883845
0,0.17174505
0,0.17360282
0,0.16991992
0,0.18593998
0,0.15857981
0,0.14780356
0,0.15183082
0,0.14835106
0,0.14292404
0,0.15044366
0,0.15993859
0,0.26691985
0,0.2491674
0,0.2438531
0,0.23179464
0,0.22929883
0,0.22264566
0,0.2170371
0,0.20694341
0,0.20404172
0,0.20129089
0,0.2041893
0,0.22265242
0,0.22771174
0,0.2601325
0,0.25508818
0,0.49964538
0,0.35401276
0,0.3791399
0,0.3249558
0,0.3063815
0,0.30454573
0,0.28988135
0,0.32282233
0,0.31184644
0,0.3099973
0,0.28575903
0,0.26707605
0,0.24461685
0,0.24410777
0,0.2371352
0,0.2192854
0,0.20388956
0,0.18316239
0,0.1768064
0,0.17906766
0,0.16418764
0,0.16352461
0,0.16672526
0,0.16800322
0,0.1750411
0,0.17549825
0,0.18264559
0,0.19622166
0,0.22268273
0,0.22965784
0,0.2737909
0,0.27825114
0,0.29643458
0,0.29353032
0,0.32260522
0,0.41800666
0,0.35477552
0,0.32734427
0,0.35762054
0,0.33627772
0,0.3265279
0,0.29880136
0,0.28372216
0,0.30593175
0,0.2923095
0,0.2976913
0,0.2772518
0,0.26536852
0,0.26473084
0,0.25133768
0,0.23479508
0,0.22683541
0,0.20908666
0,0.1921395
0,0.184727
0,0.17851806
0,0.18253574
0,0.18725885
0,0.1783688
0,0.18169555
0,0.18817182
0,0.19166411
0,0.19769263
0,0.1933807
0,0.20777747
0,0.25458407
0,0.25443593
0,0.24751098
0,0.32940903
0,0.27455667
0,0.30572993
0,0.2767446
0,0.26955014
0,0.29602852
0,0.2731832
0,0.27144033
0,0.28448194
0,0.26954654
0,0.28359514
0,0.39418468
0,0.29298007
0,0.27348575
0,0.23694885
0,0.22139527
0,0.2751326
0,0.27110374
0,0.23624623
0,0.21169762
0,0.20844705
0,0.20548585
0,0.19927695
0,0.1870669
0,0.2266426
0,0.19424087
0,0.16749275
0,0.1666885
0,0.16426225
0,0.15250604
0,0.16383028
0,0.23115055
0,0.26217204
0,0.26885986
0,0.25631243
0,0.23944052
0,0.20431548
0,0.18072106
0,0.15276688
0,0.14821863
0,0.1447133
0,0.13416548
0,0.14354524
0,0.14191759
0,0.13579525
0,0.1430477
0,0.13683745
0,0.13980453
0,0.1487543
0,0.16587186
0,0.1647274
0,0.1629034
0,0.16249785
0,0.28048
0,0.19690737
0,0.18284902
0,0.18455642
0,0.19411638
0,0.192008
0,0.17720355
0,0.17063661
0,0.18126315
0,0.23214962
0,0.20366392
0,0.2034705
0,0.20567735
0,0.2001334
0,0.18620536
0,0.1825942
0,0.26332802
0,0.19355243
0,0.17824061
0,0.60028255
0,0.38954893
0,0.27547887
0,0.21955436
0,0.46376258
0,0.27325773
0,0.21844326
0,0.25811264
0,0.1734961
0,0.16625428
0,0.14988883
0,0.15632157
0,0.19894037
0,0.17615493
0,0.6185914
0,0.38765654
0,0.39002308
0,0.31813273
0,0.28647646
0,0.24498738
0,0.24526705
0,0.22556184
0,0.2034864
0,0.17506953
0,0.6055497
0,0.38367552
0,0.3211019
0,0.28189847
0,0.20044088
0,0.35920468
0,0.41989177
0,0.29108915
0,0.28637978
0,0.21975732
0,0.18762146
0,0.1499911
0,0.1354023
0,0.13897048
0,0.18919787
0,0.16153458
0,0.57714224
0,0.3507714
0,0.2742299
0,0.22198139
0,0.1992077
0,0.32851693
0,0.23451984
0,0.20966116
0,0.21879019
0,0.20420812
0,0.16316235
0,0.15390417
0,0.2889733
0,0.19707137
0,0.18114668
0,0.20846654
0,0.16989447
0,0.15963118
0,0.1529952
0,0.14331685
0,0.28579846
0,0.19686495
0,0.17451857
0,0.15707663
0,0.15202388
0,0.528828
0,0.32465377
0,0.23470695
0,0.1933652
0,0.3091958
0,0.3698198
0,0.25118563
0,0.1971858
0,0.17390746
0,0.15392926
0,0.16638549
0,0.14300428
0,0.2164179
0,0.1726657
0,0.16103522
0,0.15159377
0,0.15808886
0,0.17224327
0,0.32920083
0,0.21415052
0,0.19627741
0,0.24108087
0,0.189028
0,0.17535533
0,0.15332864
0,0.1441451
0,0.13918921
0,0.13717653
0,0.18496706
0,0.19519785
0,0.1644871
0,0.32120505
0,0.20338929
0,0.16719174
0,0.35906518
0,0.23357995
0,0.18731713
0,0.16803394
0,0.1600051
0,0.15685174
0,0.14361161
0,0.1384578
0,0.24550687
0,0.34708756
0,0.22778882
0,0.17201869
0,0.1636024
0,0.15551677
0,0.14614686
0,0.14818501
0,0.1479149
0,0.14471255
0,0.18038814
0,0.16156697
0,0.14592916
0,0.1340475
0,0.12806581
0,0.13209818
0,0.13847187
0,0.19317962
0,0.15820685
0,0.18522544
0,0.18390028
0,0.16002247
0,0.14616862
0,0.1477595
0,0.14380729
0,0.20473738
0,0.16818799
0,0.1650645
0,0.16758388
0,0.16479178
0,0.16131541
0,0.16783115
0,0.15014906
0,0.15241174
0,0.1601267
0,0.15448228
0,0.15920934
0,0.1496402
0,0.15025344
0,0.15503031
0,0.15012783
0,0.14658237
0,0.15780137
0,0.17793092
0,0.17624082
0,0.16382836
0,0.17041123
0,0.30995664
0,0.22422178
0,0.3181168
0,0.28752157
0,0.24641417
0,0.27467972
0,0.20577335
0,0.17737511
0,0.18102206
0,0.16978097
0,0.18170911
0,0.15776938
0,0.14888541
0,0.1456359
0,0.14192523
0,0.14012708
0,0.13188289
0,0.13999711
0,0.14385134
0,0.16030757
0,0.1428408
0,0.14503084
0,0.15340957
0,0.29751638
0,0.23496093
0,0.37805185
0,0.27347985
0,0.22985588
0,0.21262957
0,0.19777296
0,0.1763005
0,0.18591775
0,0.40149668
0,0.32270554
0,0.42401192
0,0.4236575
0,0.39554808
0,0.8043765
0,0.54916525
0,0.4573394
0,0.6151146
0,0.63481236
0,0.59546995
0,0.4228585
0,0.38140494
0,0.75174963
0,0.4706449
0,0.44318548
0,0.58153975
0,0.597978
0,0.41361856
0,0.31900263
0,0.26448995
0,0.25592986
0,0.23603201
0,0.19447932
0,0.20606674
0,0.19510101
0,0.1582082
0,0.16561465
0,0.14426604
0,0.15062581
0,0.14164326
0,0.14354378
0,0.14035264
0,0.14147104
0,0.1505185
0,0.15146981
0,0.1470936
0,0.15151595
0,0.15219043
0,0.15535878
0,0.1413547
0,0.13455765
0,0.13172704
0,0.13070348
0,0.14649603
0,0.14355026
0,0.17267404
0,0.18486656
0,0.19529828
0,0.20162825
0,0.2068473
0,0.22196542
0,0.22454639
0,0.2289755
0,0.2072473
0,0.21600361
0,0.28896955
0,0.22957988
0,0.23499058
0,0.20241937
0,0.6478387
0,0.48497748
0,0.41086605
0,0.45109826
0,0.4128594
0,0.4378122
0,0.34838045
0,0.30756044
0,0.25609264
0,0.21206681
0,0.34747526
0,0.22889383
0,0.17567761
0,0.15095967
0,0.14576495
0,0.1449935
0,0.13462885
0,0.1298916
0,0.13827161
0,0.14212002
0,0.137974
0,0.13176851
0,0.13223727
0,0.14118168
0,0.1362286
0,0.13545217
0,0.22901784
0,0.17152117
0,0.15223984
0,0.18843761
0,0.21837194
0,0.19009927
0,0.19263741
0,0.18588625
0,0.1669159
0,0.17041683
0,0.1698516
0,0.17954235
0,0.17584547
0,0.18699479
0,0.20563532
0,0.18601823
0,0.17045756
0,0.17064224
0,0.15736568
0,0.15717867
0,0.15406267
0,0.16221122
0,0.17697865
0,0.1691293
0,0.5234393
0,0.366246
0,0.29664296
0,0.26729402
0,0.23896168
0,0.22058374
0,0.24520953
0,0.53233504
0,0.38732868
0,0.83603394
0,0.6704489
0,0.5511669
0,0.3912412
0,0.3438135
0,0.31494233
0,0.48058105
0,0.3328977
0,0.44370574
0,0.2829728
0,0.26499283
0,0.25133178
0,0.21612734
0,0.18897237
0,0.16663784
0,0.16532835
0,0.14373703
0,0.13645549
0,0.13580157
0,0.13830172
0,0.47760043
0,0.32122278
0,0.24277559
0,0.22120893
0,0.18946418
0,0.17738762
0,0.17130215
0,0.15286918
0,0.1463459
0,0.13880053
0,0.13495983
0,0.14018707
0,0.13701133
0,0.13671775
0,0.1465627
0,0.15525998
0,0.55432415
0,0.3678403
0,0.28937608
0,0.24652915
0,0.2286101
0,0.23429394
0,0.16542813
0,0.14465933
0,0.1418867
0,0.14945504
0,0.13999318
0,0.13131915
0,0.13586846
0,0.13880368
0,0.16194828
0,0.1475841
0,0.13711476
0,0.13670324
0,0.139886
0,0.15587552
0,0.15853725
0,0.14558539
0,0.14105952
0,0.13298315
0,0.13811211
0,0.14433663
0,0.14679073
0,0.15423363
0,0.1754357
0,0.19412051
0,0.303146
0,0.28815374
0,0.2964148
0,0.29382893
0,0.3047644
0,0.31661454
0,0.29070047
0,0.30214167
0,0.30079722
0,0.32252797
0,0.29059094
0,0.27994576
0,0.28730837
0,0.37098026
0,0.32119846
0,0.33174032
0,0.29396254
0,0.3024542
0,0.31373915
0,0.7317576
0,0.5645703
0,0.4927926
0,0.44841293
0,0.47232634
0,0.4147054
0,0.4396529
0,0.30212
0,0.2385306
0,0.18723322
0,0.16488905
0,0.20514373
0,0.16689458
0,0.16577326
0,0.5676868
0,0.36911783
0,0.31299165
0,0.7611747
0,0.5403731
0,0.39616978
0,0.317106
0,0.28296992
0,0.24546114
0,0.18989654
0,0.18090385
0,0.14845492
0,0.13726069
0,0.12819748
0,0.12186918
0,0.11932783
0,0.12067213
0,0.12372253
0,0.12567411
0,0.14545727
0,0.14423598
0,0.14528345
0,0.14882958
0,0.15396926
0,0.15194532
0,0.15321457
0,0.15867603
0,0.15507506
0,0.1557151
0,0.15671118
0,0.23910609
0,0.26173723
0,0.32060298
0,0.36265728
0,0.36426523
0,0.32746792
0,0.32023874
0,0.31782535
0,0.2933484
0,0.2757153
0,0.24044143
0,0.23639983
0,0.2167476
0,0.25056306
0,0.20908594
0,0.1779262
0,0.16395427
0,0.15898483
0,0.15310366
0,0.15011919
0,0.14740612
0,0.14930427
0,0.15195037
0,0.17661999
0,0.17207392
0,0.1658137
0,0.17027119
0,0.18084502
0,0.18842818
0,0.19388327
0,0.20496212
0,0.22584432
0,0.24556921
0,0.2582719
0,0.24333937
0,0.25066015
0,0.25509024
0,0.2637417
0,0.6947652
0,0.5393802
0,0.5001391
0,0.4344654
0,0.40628275
0,0.46008298
0,0.38139322
0,0.28416437
0,0.22297117
0,0.18231407
0,0.16144072
0,0.1518814
0,0.14321966
0,0.13837345
0,0.1362819
0,0.13032266
0,0.13193251
0,0.1353961
0,0.14527608
0,0.4483425
0,0.2753763
0,0.24611261
0,0.20101786
0,0.19247532
0,0.17419663
0,0.15761985
0,0.15285869
0,0.13943912
0,0.14243884
0,0.14068945
0,0.19201602
0,0.26087067
0,0.2054516
0,0.18630612
0,0.18715763
0,0.16284423
0,0.15142986
0,0.14712991
0,0.14020348
0,0.13769488
0,0.13647611
0,0.14064361
0,0.14495182
0,0.1528005
0,0.15293626
0,0.16817865
0,0.15938188
0,0.16542014
0,0.19078748
0,0.29331264
0,0.30502075
0,0.29304063
0,0.29038307
0,0.29147848
0,0.28806576
0,0.27269065
0,0.26134077
0,0.24805619
0,0.24938959
0,0.24169043
0,0.23777801
0,0.29959244
0,0.28623998
0,0.24605113
0,0.22836876
0,0.22544283
0,0.21316588
0,0.20312521
0,0.19548734
0,0.21905234
0,0.19304037
0,0.18633789
0,0.17665036
0,0.17293224
0,0.17526598
0,0.17046699
0,0.16632925
0,0.16616493
0,0.16830124
0,0.176218
0,0.17910558
0,0.18803333
0,0.19814539
0,0.20574795
0,0.21477945
0,0.22743674
0,0.24420191
0,0.24949922
0,0.2568881
0,0.2606531
0,0.45102233
0,0.32234973
0,0.28408435
0,0.25451016
0,0.24267006
0,0.24555786
0,0.25363177
0,0.23931983
0,0.24521385
0,0.26670718
0,0.26722607
0,0.27328083
0,0.249723
0,0.24414198
0,0.2170682
0,0.19600043
0,0.17990793
0,0.17022344
0,0.1705859
0,0.16987558
0,0.17407994
0,0.1761662
0,0.17211503
0,0.17620735
0,0.1698541
0,0.17722668
0,0.17719975
0,0.18704678
0,0.20845582
0,0.22977167
0,0.26359448
0,0.26189518
0,0.30830064
0,0.30018532
0,0.3051913
0,0.38052607
0,0.33239642
0,0.31056935
0,0.3206263
0,0.29610264
0,0.29752603
0,0.29140627
0,0.28555548
0,0.29884264
0,0.3123572
0,0.31355265
0,0.31053928
0,0.2908294
0,0.28548536
0,0.2818294
0,0.301022
0,0.3025989
0,0.28119805
0,0.26050153
0,0.2386127
0,0.21892793
0,0.19721949
0,0.30716714
0,0.22484255
0,0.20494129
0,0.19544363
0,0.18286541
0,0.18316378
0,0.18554357
0,0.18022293
0,0.20674136
0,0.20836732
0,0.21277472
0,0.21684362
1,0.21500008
1,0.22253992
1,0.20872508
1,0.20722282
1,0.21052262
1,0.20406078
1,0.20133741
1,0.21145573
1,0.21648112
1,0.2223644
1,0.22051245
1,0.23317724
1,0.24284756
1,0.25080702
1,0.26845983
0,0.9176337
0,0.7844509
0,0.7425209
0,0.6975304
0,0.6245812
0,0.57248855
0,0.4935596
0,0.4080791
0,0.30104858
0,0.26428512
0,0.2435771
0,0.20585509
0,0.1788296
0,0.1720776
0,0.1535842
0,0.15150867
0,0.17925797
0,0.15414347
0,0.14553949
0,0.14575702
0,0.14354299
0,0.14113331
0,0.13915011
0,0.13322894
0,0.13761903
0,0.13520208
0,0.136824
0,0.13406603
0,0.13159983
0,0.13822709
0,0.26352894
0,0.2803377
0,0.27334696
0,0.26995337
0,0.29324108
0,0.28617185
0,0.28753254
0,0.2727953
0,0.26814407
0,0.27837977
0,0.28224796
0,0.2941616
0,0.2712654
0,0.2687343
0,0.28274098
0,0.2789238
0,0.2832333
0,0.28397885
0,0.29002914
0,0.3065319
0,0.31057486
0,0.30529043
0,0.28815755
0,0.28763804
0,0.3008457
0,0.35738423
0,0.3180864
0,0.31932428
0,0.2911863
0,0.2753434
0,0.29911128
0,0.30063477
0,0.30266505
0,0.2859504
0,0.27860984
0,0.28240573
0,0.29132771
0,0.2872628
0,0.29386786
0,0.30193996
0,0.310472
0,0.3037816
0,0.3022545
0,0.28797877
0,0.2934379
0,0.29431033
0,0.27294365
0,0.28539014
0,0.267391
0,0.28471226
0,0.29035658
0,0.31310466
0,0.29792303
0,0.27310425
0,0.28543693
0,0.27156693
0,0.28221056
0,0.2955556
0,0.2985898
0,0.30247617
0,0.30562094
0,0.3203694
0,0.30040628
0,0.30143452
0,0.29428765
0,0.28846842
0,0.31065005
0,0.30634645
0,0.29275075
0,0.29962865
0,0.31271413
0,0.29858312
0,0.30669117
0,0.30339596
0,0.29262164
0,0.2865126
0,0.33737195
0,0.31392905
0,0.30897906
0,0.29076564
0,0.28016755
0,0.28620732
0,0.29354838
0,0.27805397
0,0.28414375
0,0.469802
0,0.3488669
0,0.31672403
0,0.30531007
0,0.28603473
0,0.2864974
0,0.29377925
0,0.28214028
0,0.26370892
0,0.27015275
0,0.25438485
0,0.2656302
0,0.26282576
0,0.26041564
0,0.2750114
0,0.33723447
0,0.30384594
0,0.30285105
0,0.29015607
0,0.28906602
0,0.28345057
0,0.28697792
0,0.28391036
0,0.2812006
0,0.27930197
0,0.27721325
0,0.2807876
0,0.282765
0,0.28339776
0,0.26947775
0,0.2929204
0,0.31579068
0,0.31707525
0,0.29292879
0,0.2771012
0,0.27472794
0,0.26086983
0,0.28672925
0,0.27970505
0,0.28106087
0,0.27934325
0,0.2810661
0,0.27884537
0,0.27926835
0,0.28413653
0,0.28202158
0,0.28491524
0,0.29468632
0,0.28738496
0,0.29773575
0,0.28945553
0,0.28639472
0,0.27374
0,0.28246284
0,0.2791147
0,0.29035693
0,0.30714497
0,0.3014527
0,0.28871372
0,0.30025607
0,0.27987307
0,0.2865742
0,0.2843449
0,0.27841243
0,0.28796995
0,0.3038143
0,0.29714128
0,0.303587
0,0.29909357
0,0.29754236
0,0.27322057
0,0.28544834
0,0.298462
0,0.29380712
0,0.29423934
0,0.29457507
0,0.29218462
0,0.28104705
0,0.29882854
0,0.29197222
0,0.27454904
0,0.2756054
0,0.28402936
0,0.28558496
0,0.29694733
0,0.30140385
0,0.2865871
0,0.29671454
0,0.3027003
0,0.31527743
0,0.3355621
0,0.3040785
0,0.3057291
0,0.28945756
0,0.30885196
0,0.31394297
0,0.29851392
0,0.30001017
0,0.28529572
0,0.30357778
0,0.30901372
0,0.29847807
0,0.30847144
0,0.28418326
0,0.312946
0,0.35010666
0,0.33779305
0,0.3441562
0,0.32122374
0,0.3194531
0,0.31057847
0,0.26523003
0,0.26706928
0,0.25866324
0,0.25643212
0,0.6064718
0,0.4030894
0,0.32974803
0,0.27724624
0,0.7827077
0,0.65648335
0,0.53878194
0,0.44004634
0,0.35614958
0,0.29456183
0,0.26811725
0,0.2511913
0,0.21708275
0,0.17913797
0,0.15992208
0,0.16415574
0,0.15084808
0,0.14386071
0,0.14902206
0,0.1454585
0,0.15064444
0,0.14642401
0,0.14263268
0,0.14169766
0,0.1423452
0,0.14313747
0,0.13189852
0,0.12709002
0,0.12458489
0,0.12444133
0,0.13667974
0,0.14294925
0,0.29494482
0,0.20956464
0,0.29972184
0,0.2404093
0,0.22388421
0,0.23712693
0,0.21950994
0,0.20806272
0,0.19629414
0,0.1893125
0,0.16873875
0,0.16296078
0,0.230244
0,0.20406345
0,0.18442056
0,0.17469187
0,0.16778365
0,0.1548864
0,0.15293452
0,0.1461874
0,0.17330171
0,0.19914448
0,0.17548142
0,0.1658666
0,0.17172873
0,0.15802851
0,0.15221098
0,0.14543298
0,0.14682174
0,0.15023896
0,0.16234133
0,0.16719559
0,0.1627474
0,0.16557296
0,0.17063934
0,0.17736083
0,0.17452294
0,0.17094438
0,0.17109072
0,0.17891392
0,0.1871284
0,0.17944887
0,0.18652238
0,0.19047892
0,0.19082075
0,0.1918113
0,0.19052017
0,0.19852029
0,0.20985612
0,0.20999661
0,0.23763812
0,0.27987126
0,0.28556716
0,0.30686274
0,0.29945663
0,0.28248024
0,0.29738733
0,0.2658894
0,0.26985848
0,0.25822496
0,0.25779974
0,0.25614843
0,0.25806507
0,0.2610485
0,0.27504474
0,0.4398781
0,0.32657233
0,0.28989953
0,0.26888567
0,0.24663205
0,0.2414618
0,0.21633597
0,0.20720768
0,0.20995529
0,0.20769197
0,0.21158502
0,0.21818092
0,0.21313308
0,0.23291132
0,0.24616738
0,0.22417359
0,0.21559964
0,0.21435933
0,0.20149143
0,0.19728024
0,0.19165073
0,0.17589271
0,0.17624791
0,0.18179575
0,0.18477203
0,0.18917388
0,0.1931976
0,0.21620744
0,0.22987555
0,0.25172365
0,0.3137305
0,0.31711122
0,0.3069506
0,0.30189618
0,0.29287902
0,0.29693517
0,0.29246318
0,0.28674242
0,0.2807797
0,0.28548512
0,0.27416632
0,0.27877805
0,0.28840324
0,0.27549797
0,0.3080191
0,0.2895929
0,0.27548897
0,0.24749823
0,0.23241392
0,0.21562351
0,0.20506287
0,0.2045727
0,0.19741912
0,0.20350155
0,0.21249454
0,0.20896864
0,0.22242084
0,0.22466293
0,0.23132327
0,0.24987067
0,0.24780636
0,0.25618425
0,0.26163125
0,0.27187228
0,0.27376312
0,0.29541466
0,0.291169
0,0.29360938
0,0.29474953
0,0.2970665
0,0.2863713
0,0.30573252
0,0.28370592
0,0.304795
0,0.31023747
0,0.33112565
0,0.3102689
0,0.29270712
0,0.2903089
0,0.29108685
0,0.39730924
0,0.34150738
0,0.3163043
0,0.3072756
0,0.29876202
0,0.2843643
0,0.28972745
0,0.28448716
0,0.28724855
0,0.28403768
0,0.27177092
0,0.2659593
0,0.27497515
0,0.2758784
0,0.2743419
0,0.27655882
0,0.27478263
0,0.2949372
0,0.28196615
0,0.29581964
0,0.3132417
0,0.31440237
0,0.30268225
0,0.30163902
0,0.30005953
0,0.3141035
0,0.30925608
0,0.3196522
0,0.29321942
0,0.2973613
0,0.3058721
0,0.28331226
0,0.2854193
0,0.30107138
0,0.31849214
0,0.30120572
0,0.34630707
0,0.3271468
0,0.2975365
0,0.30100155
0,0.2911377
0,0.27782738
0,0.25910896
0,0.24468839
0,0.24453107
0,0.25540188
0,0.4115652
0,0.30559632
0,0.26962504
0,0.2620542
0,0.26685208
0,0.28019843
0,0.25610194
0,0.22402121
0,0.21822931
0,0.20982794
0,0.21255594
0,0.20956524
0,0.21697302
0,0.21551785
0,0.21482898
0,0.22751687
0,0.23171827
0,0.23986515
0,0.24814609
0,0.2603539
0,0.28200525
0,0.24294405
0,0.23950174
0,0.23888853
0,0.24084952
0,0.24520732
0,0.24779284
0,0.24538405
0,0.25384524
0,0.27519527
0,0.27754372
0,0.27098274
0,0.2924004
0,0.28730184
0,0.2983553
0,0.29192775
0,0.29034114
0,0.31013983
0,0.30055317
0,0.27469784
0,0.2650258
0,0.26322442
0,0.28291297
0,0.32274044
0,0.30255654
0,0.31590214
0,0.29722908
0,0.5385947
0,0.39984518
0,0.3649945
0,0.3310995
0,0.30897972
0,0.3217438
0,0.31676292
0,0.31224552
0,0.30758727
0,0.285363
0,0.26659638
0,0.26750872
0,0.25406525
0,0.24520867
0,0.2365084
0,0.23791689
0,0.24461043
0,0.34624198
0,0.24950588
0,0.21556045
0,0.1961089
0,0.18741536
0,0.18237077
0,0.19458497
0,0.19774523
0,0.21280332
0,0.22024874
0,0.22587685
0,0.22970955
0,0.2470558
0,0.28677022
0,0.28112134
0,0.28928638
0,0.2936849
0,0.2872582
0,0.3054913
0,0.3027509
0,0.3144936
0,0.30191708
0,0.2890382
0,0.2866763
0,0.29826954
0,0.28921157
0,0.30954275
0,0.29098576
0,0.29777613
0,0.29175028
0,0.29990786
0,0.27900398
0,0.28779498
0,0.27401865
0,0.285198
0,0.28636086
0,0.29671353
0,0.28734538
0,0.28500956
0,0.29377317
0,0.30729917
0,0.36359286
0,0.33569264
0,0.325758
0,0.30940497
0,0.33016536
0,0.29273
0,0.3030078
0,0.30491132
0,0.30312824
0,0.30642346
0,0.28498438
0,0.28720233
0,0.2963644
0,0.30154517
0,0.29569155
0,0.28028738
0,0.2651414
0,0.26076245
0,0.25633666
0,0.2519046
0,0.446465
0,0.2906981
0,0.23094931
0,0.20385545
0,0.19965793
0,0.18890254
0,0.17697933
0,0.17751262
0,0.18527405
0,0.18114646
0,0.20148605
0,0.20557003
0,0.21110392
0,0.219834
0,0.23504502
0,0.2370239
0,0.24099927
0,0.23976986
0,0.24148406
0,0.24184708
0,0.24008226
0,0.23997226
0,0.24155475
0,0.23467818
0,0.23490265
0,0.23864211
0,0.23619556
0,0.24800488
0,0.26163632
0,0.28120065
0,0.3231721
0,0.34132186
0,0.33014286
0,0.31129637
0,0.2944916
0,0.28342298
0,0.27021742
0,0.2673895
0,0.26315913
0,0.2671176
0,0.25839028
0,0.27168363
0,0.27324954
0,0.26751298
0,0.2753321
0,0.28653637
0,0.2821803
0,0.29144523
0,0.28334004
0,0.28026852
0,0.27703667
0,0.2763022
0,0.29333112
0,0.29855695
0,0.31253225
0,0.31694087
0,0.30330974
0,0.32027012
0,0.3098412
0,0.32139027
0,0.2911148
0,0.28636765
0,0.29297265
0,0.29471
0,0.392865
0,0.34036142
0,0.30494586
0,0.3038994
0,0.308196
0,0.33208162
0,0.31650838
0,0.29208145
0,0.29058048
0,0.29681593
0,0.285921
0,0.28077427
0,0.26335892
0,0.27748868
0,0.2669635
0,0.28266618
0,0.26663202
0,0.2742238
0,0.26479727
0,0.2667464
0,0.28658155
0,0.27447805
0,0.27086192
0,0.27933368
0,0.30155113
0,0.28273258
0,0.29833302
0,0.28695023
0,0.28791305
0,0.2809008
0,0.27587038
0,0.28703803
0,0.27558148
0,0.28045276
0,0.27382937
0,0.29475176
0,0.28529155
0,0.26995292
0,0.26754537
0,0.25843772
0,0.25585866
0,0.271892
0,0.262335
0,0.27489477
0,0.27279413
0,0.2786741
0,0.2763237
0,0.26344323
0,0.26283732
0,0.279582
0,0.27958924
0,0.2793166
0,0.2661176
0,0.26944453
0,0.31211329
0,0.3032663
0,0.27428323
0,0.26851892
0,0.2754091
0,0.29990098
0,0.28075188
0,0.28031853
0,0.2739722
0,0.27680165
0,0.33471256
0,0.30155098
0,0.3091612
0,0.29148567
0,0.29717943
0,0.27619657
0,0.27810353
0,0.27442566
0,0.27194804
0,0.2709584
0,0.27943718
0,0.2736976
0,0.2886386
0,0.27533388
0,0.2677051
0,0.26472074
0,0.26042002
0,0.27321702
0,0.26820508
0,0.27540064
0,0.26387677
0,0.26423514
0,0.26148605
0,0.27021462
0,0.30465618
0,0.2731242
0,0.26352885
0,0.25724104
0,0.26127964
0,0.3088259
0,0.28691489
0,0.2824258
0,0.26481226
0,0.2616916
0,0.28709626
0,0.30093282
0,0.2904276
0,0.3143002
0,0.302204
0,0.28788057
0,0.2816915
0,0.28401768
0,0.2766873
0,0.28581434
0,0.2840578
0,0.2832377
0,0.27526224
0,0.27137002
0,0.30562633
0,0.27123135
0,0.2723357
0,0.29204288
0,0.28751972
0,0.31224477
0,0.29681724
0,0.2900942
0,0.28909495
0,0.26825187
0,0.32938963
0,0.28199208
0,0.28695282
0,0.2855475
0,0.28452736
0,0.32510307
0,0.2979944
0,0.27566087
0,0.26222873
0,0.25618947
0,0.26291144
0,0.2633049
0,0.2680505
0,0.27250066
0,0.31514648
0,0.2836399
0,0.29954815
0,0.28182977
0,0.27957267
0,0.288012
0,0.27754316
0,0.27521265
0,0.2677086
0,0.26451576
0,0.31443468
0,0.27985582
0,0.28823814
0,0.27401716
0,0.27190974
0,0.26509744
0,0.27662998
0,0.26785675
0,0.26455647
0,0.30612043
0,0.27970392
0,0.28968683
0,0.28546503
0,0.26789507
0,0.30068448
0,0.27805427
0,0.26631856
0,0.26690274
0,0.2600001
0,0.25860497
0,0.25238225
0,0.25609922
0,0.25264698
0,0.2687107
0,0.27516103
0,0.28506982
0,0.2770643
0,0.28238168
0,0.33658695
0,0.3059941
0,0.28610048
0,0.276082
0,0.27444226
0,0.31227505
0,0.27789798
0,0.27381384
0,0.2638041
0,0.26417118
0,0.26218122
0,0.25833717
0,0.26994926
0,0.2583105
0,0.27283606
0,0.25528973
0,0.27071658
0,0.27463508
0,0.2718125
0,0.29989728
0,0.2867518
0,0.2739282
0,0.28942865
0,0.2826384
0,0.3261573
0,0.29149544
0,0.2881228
0,0.27958623
0,0.26526386
0,0.30425012
0,0.27976772
0,0.28893983
0,0.28614047
0,0.27962303
0,0.31636152
0,0.28840485
0,0.29204142
0,0.27770737
0,0.27180976
0,0.27227554
0,0.26555544
0,0.26329207
0,0.2613276
0,0.2601883
0,0.25832182
0,0.2598469
0,0.30942857
0,0.28190997
0,0.27368087
0,0.26799738
0,0.27359077
0,0.2639296
0,0.2826192
0,0.27337852
0,0.2624597
0,0.26625547
0,0.25750038
0,0.25303918
0,0.3012057
0,0.26708686
0,0.26434582
0,0.25814173
0,0.26542673
0,0.29935855
0,0.2746331
0,0.26832092
0,0.2779293
0,0.27993912
0,0.27446178
0,0.26825404
0,0.26203454
0,0.26219836
0,0.33764398
0,0.29216573
0,0.28443977
0,0.27252215
0,0.2659073
0,0.3010577
0,0.27599284
0,0.26377866
0,0.26089913
0,0.26952076
0,0.2620362
0,0.2538445
0,0.26282814
0,0.27122748
0,0.27378953
0,0.27223653
0,0.28126273
0,0.27952448
0,0.28030124
0,0.2800713
0,0.26755258
0,0.2672545
0,0.26730564
0,0.26642466
0,0.29564348
0,0.28001544
0,0.27580887
0,0.2747899
0,0.27983263
0,0.29877067
0,0.28238645
0,0.2821063
0,0.27620298
0,0.27115014
0,0.26845118
0,0.26754385
0,0.26245403
0,0.26378745
0,0.27532864
0,0.28626242
0,0.26980126
0,0.27135107
0,0.26465544
0,0.2859974
0,0.26849025
0,0.2667523
0,0.25965846
0,0.26508355
0,0.28493765
0,0.29475942
0,0.27620086
0,0.26722196
0,0.26335973
0,0.28202012
0,0.2705031
0,0.2612478
0,0.2594466
0,0.2586886
0,0.30171555
0,0.26885775
0,0.27345863
0,0.26266015
0,0.265705
0,0.31747824
0,0.28148663
0,0.27829587
0,0.2673299
0,0.25869972
0,0.3012644
0,0.2836275
0,0.27147374
0,0.26129156
0,0.2590629
0,0.25675565
0,0.25814626
0,0.25359643
0,0.25029007
0,0.27378386
0,0.27055094
0,0.27142856
0,0.2724374
0,0.27671027
0,0.2736905
0,0.26537275
0,0.26773798
0,0.25910255
0,0.2729113
0,0.26967388
0,0.27558118
0,0.2712485
0,0.27082196
0,0.2682341
0,0.2623997
0,0.2580332
0,0.26326483
0,0.265533
0,0.26606587
0,0.26747313
0,0.25312418
0,0.26370066
0,0.26638553
0,0.2636644
0,0.26819444
0,0.2640684
0,0.26643696
0,0.27000326
0,0.26484972
0,0.2721191
0,0.2689916
0,0.38909867
0,0.31646696
0,0.29939935
0,0.32763004
0,0.29509187
0,0.2861593
0,0.28100222
0,0.27788728
0,0.29774138
0,0.27986395
0,0.27773726
0,0.27242246
0,0.2727747
0,0.26773825
0,0.27594233
0,0.26851878
0,0.26944965
0,0.26653612
0,0.25957587
0,0.25955558
0,0.25649723
0,0.25662363
0,0.26326153
0,0.26837125
0,0.27817127
0,0.27541047
0,0.28585735
0,0.317513
0,0.2881326
0,0.29165372
0,0.28443447
0,0.29993406
0,0.3176621
0,0.29177743
0,0.28527805
0,0.2792473
0,0.28135827
0,0.28272784
0,0.2754645
0,0.27905798
0,0.28027335
0,0.28159916
0,0.28241885
0,0.2735169
0,0.27070168
0,0.26491958
0,0.29065895
0,0.27341408
0,0.27757433
0,0.26728284
0,0.27418283
0,0.26431993
0,0.27628183
0,0.27905276
0,0.277691
0,0.27950802
0,0.2807465
0,0.28219426
0,0.27837068
0,0.2822142
0,0.30595818
0,0.28667006
0,0.28643256
0,0.2826699
0,0.27884334
0,0.31704402
0,0.28672692
0,0.2800513
0,0.27551067
0,0.27127424
0,0.27480415
0,0.27747577
0,0.27659485
0,0.27375478
0,0.2702165
0,0.26587284
0,0.2646221
0,0.26706913
0,0.27064344
0,0.3152977
0,0.28163192
0,0.30766943
0,0.2850223
0,0.27964905
0,0.33057177
0,0.2936087
0,0.29139727
0,0.2894513
0,0.29839474
0,0.28986517
0,0.28271168
0,0.27659103
0,0.2806263
0,0.27451706
0,0.27491838
0,0.26754674
0,0.27223817
0,0.2804541
0,0.288544
0,0.27455175
0,0.27705285
0,0.2831632
0,0.2759549
0,0.31473333
0,0.2966853
0,0.2806137
0,0.27667907
0,0.28093
0,0.2733951
0,0.26776272
0,0.26651546
0,0.27393016
0,0.2632342
0,0.28611878
0,0.26911473
0,0.26496723
0,0.27129197
0,0.27617094
0,0.2985288
0,0.29411146
0,0.2859835
0,0.28755668
0,0.28363967
0,0.2804671
0,0.2847704
0,0.28810745
0,0.28860697
0,0.30792382
0,0.28681186
0,0.28589508
0,0.27791068
0,0.27530688
0,0.27552813
0,0.27253318
0,0.27724808
0,0.2734547
0,0.2803171
0,0.2724254
0,0.271603
0,0.27011693
0,0.2676845
0,0.29344672
0,0.27848417
0,0.28061318
0,0.27293992
0,0.27118865
0,0.272798
0,0.26814932
0,0.2705953
0,0.27817833
0,0.40212652
0,0.33497453
0,0.31895673
0,0.3087859
0,0.29926944
0,0.29554003
0,0.28731468
0,0.28746864
0,0.2841118
0,0.2855828
0,0.29293877
0,0.2838714
0,0.28005302
0,0.28229097
0,0.2805592
0,0.29353547
0,0.27917907
0,0.28050867
0,0.28078803
0,0.28055102
0,0.29760218
0,0.27294618
0,0.29130894
0,0.2891147
0,0.2795282
0,0.29446864
0,0.28178936
0,0.27618468
0,0.2841726
0,0.2780725
0,0.2834542
0,0.27645218
0,0.28701177
0,0.27771738
0,0.28207612
0,0.27520126
0,0.28409085
0,0.2827809
0,0.28577563
0,0.34258533
0,0.3101038
0,0.30035347
0,0.2935415
0,0.2902966
0,0.34803203
0,0.31249592
0,0.30622283
0,0.28743535
0,0.3809501
0,0.32611313
0,0.30882743
0,0.29806048
0,0.28875434
0,0.3117915
0,0.29128936
0,0.2835036
0,0.285395
0,0.27766967
0,0.29107478
0,0.27844596
0,0.27377018
0,0.27131864
0,0.27020028
0,0.30502522
0,0.28008217
0,0.2738842
0,0.2699218
0,0.26846886
0,0.26649278
0,0.27846476
0,0.2847972
0,0.2864719
0,0.2877483
0,0.28668344
0,0.28760034
0,0.28530693
0,0.28627476
0,0.2855416
0,0.28069627
0,0.28190187
0,0.28462297
0,0.28306878
0,0.28527364
0,0.28225163
0,0.28242254
0,0.2814407
0,0.28236574
0,0.3165169
0,0.2908459
0,0.28822434
0,0.2859694
0,0.29335237
0,0.32631606
0,0.29037905
0,0.30284733
0,0.2933065
0,0.28612345
0,0.32536218
0,0.29098332
0,0.29610327
0,0.28438917
0,0.27891392
0,0.3482179
0,0.30221206
0,0.30123836
0,0.27953234
0,0.28720105
0,0.2892349
0,0.26975653
0,0.2656904
0,0.28036708
0,0.30267298
0,0.295308
0,0.29094332
0,0.28807887
0,0.29121628
0,0.32520026
0,0.30198094
0,0.2952423
0,0.29016766
0,0.2958175
0,0.2975814
0,0.2911
0,0.28486237
0,0.28843892
0,0.2849116
0,0.28410104
0,0.30239177
0,0.28738093
0,0.28469893
0,0.2923926
0,0.28445438
0,0.28417805
0,0.28214937
0,0.27815413
0,0.31927028
0,0.30410066
0,0.30096433
0,0.3071491
0,0.29742807
0,0.3611002
0,0.3187515
0,0.30301937
0,0.30040893
0,0.29492986
0,0.28902176
0,0.2890191
0,0.29816115
0,0.30169997
0,0.3338795
0,0.3152504
0,0.30990237
0,0.29785702
0,0.3015074
0,0.31951386
0,0.29674134
0,0.2887989
0,0.28525215
0,0.2801815
0,0.32010472
0,0.28692898
0,0.28411365
0,0.27963358
0,0.27379894
0,0.26193476
0,0.27697587
0,0.27083576
0,0.27438983
0,0.2725402
0,0.26256853
0,0.28221413
0,0.26628402
0,0.2880514
0,0.29949528
0,0.29770845
0,0.27398986
0,0.28401425
0,0.28706986
0,0.3304367
0,0.31085786
0,0.29974154
0,0.30049354
0,0.29992932
0,0.3630671
0,0.31969494
0,0.30314168
0,0.28829408
0,0.2906014
0,0.29015204
0,0.28909665
0,0.28392273
0,0.29463398
0,0.32314253
0,0.30567414
0,0.29341993
0,0.28407785
0,0.28348655
0,0.31162342
0,0.28743535
0,0.289328
0,0.28036925
0,0.28741443
0,0.28167963
0,0.28055382
0,0.269962
0,0.27681115
0,0.30632707
0,0.29687366
0,0.35728845
0,0.32332394
0,0.31201628
0,0.3516391
0,0.31039128
0,0.30493304
0,0.29127413
0,0.29248437
0,0.2779624
0,0.2606314
0,0.24681187
0,0.6138027
0,0.532091
0,0.43308166
0,0.37893084
0,0.32567972
0,0.25832817
0,0.206421
0,0.17770843
0,0.16309622
0,0.14870048
0,0.16641515
0,0.1502675
0,0.13588287
0,0.13081305
0,0.13384505
0,0.14437297
0,0.13505168
0,0.13661334
0,0.13816346
0,0.13751867
0,0.16005914
0,0.14759178
0,0.13823238
0,0.14137968
0,0.14466052
0,0.14729789
0,0.15072389
0,0.1607364
0,0.16655666
0,0.17863004
0,0.2824215
0,0.2922162
0,0.3065061
0,0.29938635
0,0.32241452
0,0.30220672
0,0.29516858
0,0.29258922
0,0.2838306
0,0.31858447
0,0.3017232
0,0.29629532
0,0.292806
0,0.30141544
0,0.28877762
0,0.2910639
0,0.27374423
0,0.28245774
0,0.27661437
0,0.2772527
0,0.30133548
0,0.28049865
0,0.27477992
0,0.28020495
0,0.28681743
0,0.28883758
0,0.29110602
0,0.28695187
0,0.32911384
0,0.300891
0,0.31196988
0,0.308817
0,0.30916968
0,0.360039
0,0.3294869
0,0.3223819
0,0.31434044
0,0.31492832
0,0.30780908
0,0.30361784
0,0.3097862
0,0.30674732
0,0.3326148
0,0.3068977
0,0.29723492
0,0.2895908
0,0.2734986
0,0.25783294
0,0.2529613
0,0.23681183
0,0.23531075
0,0.2372129
0,0.21887806
0,0.21903156
0,0.2230393
0,0.23140404
0,0.26136154
0,0.25096974
0,0.24754734
0,0.23210199
0,0.24091032
0,0.24769473
0,0.2510801
0,0.26787418
0,0.26772916
0,0.27928886
0,0.28854746
0,0.28102174
0,0.29247832
0,0.27890745
0,0.31632748
0,0.2981874
0,0.2903005
0,0.27578488
0,0.2665681
0,0.28494087
0,0.25748557
0,0.23847553
0,0.24116191
0,0.22186746
0,0.21995738
0,0.23158246
0,0.21746479
0,0.22541785
0,0.23354405
0,0.23185667
0,0.25323126
0,0.25486216
0,0.2599533
0,0.29163724
0,0.2752534
0,0.2782604
0,0.27671173
0,0.2722383
0,0.3164071
0,0.26974165
0,0.27500346
0,0.2683298
0,0.2719867
0,0.2639717
0,0.27482986
0,0.27710223
0,0.2703129
0,0.26455984
0,0.25282118
0,0.26077688
0,0.25948995
0,0.25134552
0,0.25774768
0,0.23666781
0,0.2215862
0,0.22967464
0,0.21471135
0,0.21625848
0,0.20342204
0,0.19221301
0,0.19993237
0,0.19678836
0,0.1990908
0,0.21515588
0,0.21818265
0,0.23273186
0,0.24008656
0,0.2608823
0,0.28551444
0,0.27797094
0,0.28049213
0,0.28473252
0,0.28642905
0,0.28772146
0,0.2870605
0,0.2954627
0,0.31766015
0,0.30121997
0,0.29787895
0,0.29722065
0,0.29275966
0,0.31797698
0,0.30160335
0,0.29928693
0,0.30551252
0,0.3020725
0,0.29120338
0,0.29247883
0,0.3045269
0,0.28704193
0,0.2980498
0,0.2836153
0,0.27871096
0,0.28009865
0,0.2777726
0,0.31962347
0,0.2950327
0,0.29103863
0,0.2828033
0,0.2776496
0,0.26410213
0,0.27143687
0,0.28796735
0,0.29214236
0,0.32245988
0,0.2894649
0,0.30714
0,0.31131366
0,0.30954394
0,0.33492714
0,0.29841247
0,0.3082579
0,0.30894348
0,0.30776227
0,0.30625343
0,0.3047808
0,0.3020448
0,0.30287492
0,0.30128455
0,0.2902871
0,0.2929176
0,0.2825801
0,0.27634376
0,0.28308943
0,0.28503814
0,0.28533077
0,0.28186968
0,0.2740701
0,0.26414022
0,0.25757983
0,0.25055426
0,0.25073987
0,0.25870863
0,0.2717576
0,0.29139996
0,0.27767938
0,0.27899122
0,0.28022218
0,0.29624113
0,0.29516008
0,0.29224622
0,0.27099535
0,0.30157748
0,0.32013088
0,0.30482823
0,0.32925254
0,0.2926482
0,0.2941639
0,0.27295026
0,0.25782865
0,0.26386875
0,0.2347826
0,0.22481363
0,0.22252497
0,0.2213077
0,0.21835224
0,0.21835497
0,0.22807394
0,0.22041379
0,0.2173731
0,0.21794628
0,0.22813919
0,0.23795436
0,0.22928779
0,0.23038413
0,0.23697984
0,0.23888984
0,0.2419657
0,0.24246535
0,0.24414253
0,0.24626818
0,0.24219722
0,0.28380376
0,0.28066286
0,0.2821029
0,0.2959064
0,0.2848562
0,0.28154218
0,0.28272927
0,0.27399033
0,0.27858898
0,0.27119017
0,0.25877023
0,0.2510672
0,0.24482258
0,0.24027283
0,0.24277839
0,0.24193653
0,0.24724959
0,0.24939592
0,0.2516181
0,0.263495
0,0.263962
0,0.2621975
0,0.26662442
0,0.29032502
0,0.31418657
0,0.2867955
0,0.28563318
0,0.27366227
0,0.27242976
0,0.28423652
0,0.2894867
0,0.28760216
0,0.2860593
0,0.307148
0,0.32486755
0,0.30078796
0,0.30886862
0,0.30517656
0,0.28087685
0,0.26523042
0,0.24423607
0,0.23381692
0,0.2269238
0,0.21929424
0,0.21580914
0,0.21075638
0,0.21290426
0,0.2172007
0,0.23288985
0,0.22942582
0,0.23113768
0,0.22994806
0,0.24288855
0,0.2924613
0,0.28719708
0,0.2756305
0,0.26465896
0,0.2614389
0,0.2875249
0,0.26646176
0,0.26201907
0,0.25808698
0,0.26479703
0,0.27254206
0,0.27536666
0,0.27800712
0,0.27560374
0,0.2773581
0,0.2779828
0,0.287804
0,0.2962623
0,0.30089408
0,0.33974415
0,0.31718367
0,0.29770175
0,0.29207423
0,0.28360763
0,0.33699656
0,0.29960805
0,0.29671872
0,0.29856303
0,0.298465
0,0.2864097
0,0.2863566
0,0.2853801
0,0.29353842
0,0.29427388
0,0.28623742
0,0.2860529
0,0.2904947
0,0.29640716
0,0.3171416
0,0.2862724
0,0.28966975
0,0.28856277
0,0.28754738
0,0.28971195
0,0.27792475
0,0.27892667
0,0.2801898
0,0.28500092
0,0.4077904
0,0.33342132
0,0.32157478
0,0.3113926
0,0.29904792
0,0.30599827
0,0.296358
0,0.2919648
0,0.29407313
0,0.28611585
0,0.29494506
0,0.27491137
0,0.27483037
0,0.26840356
0,0.26923406
0,0.3124577
0,0.27907556
0,0.27035996
0,0.26954052
0,0.26161557
0,0.26158407
0,0.251425
0,0.25627157
0,0.25947687
0,0.2623224
0,0.26448646
0,0.26281872
0,0.27754384
0,0.27760234
0,0.27274364
0,0.28690472
0,0.2928155
0,0.30074993
0,0.29384398
0,0.29611406
0,0.2929302
0,0.2896307
0,0.2866644
0,0.2892509
0,0.30009577
0,0.30344662
0,0.29344627
0,0.28685164
0,0.2904276
0,0.3226211
0,0.29866785
0,0.30360082
0,0.2880075
0,0.28737244
0,0.306829
0,0.29021662
0,0.28996283
0,0.28119215
0,0.29004267
0,0.32616183
0,0.2995133
0,0.28837246
0,0.28620124
0,0.28295204
0,0.28216025
0,0.29037154
0,0.29262224
0,0.29260495
0,0.29335254
0,0.29132345
0,0.2931994
0,0.29290083
0,0.27343875
0,0.28431338
0,0.28775674
0,0.29389483
0,0.289869
0,0.2872005
0,0.28545666
0,0.28611723
0,0.2899368
0,0.28840336
0,0.28623638
0,0.2768453
0,0.28232178
0,0.28103134
0,0.28201494
0,0.2854867
0,0.28710037
0,0.2829378
0,0.2859826
0,0.28984737
0,0.28530547
0,0.30861548
0,0.3014129
0,0.29112786
0,0.28574416
0,0.28264633
0,0.31258738
0,0.30399847
0,0.30030146
0,0.30084243
0,0.29545
0,0.2739522
0,0.28452396
0,0.29086605
0,0.29356682
0,0.32861885
0,0.3063287
0,0.30035153
0,0.29665422
0,0.29315522
0,0.32347724
0,0.3023629
0,0.3075418
0,0.29783034
0,0.30354744
0,0.34478205
0,0.30818647
0,0.2994062
0,0.2896831
0,0.28905904
0,0.2870033
0,0.2832514
0,0.28467384
0,0.2804659
0,0.2795098
0,0.27916327
0,0.28842264
0,0.28177273
0,0.2896152
0,0.2925099
0,0.29442182
0,0.2955706
0,0.28023207
0,0.28874052
0,0.3188768
0,0.30456758
0,0.3055932
0,0.29796177
0,0.29772756
0,0.35176346
0,0.30933326
0,0.2860789
0,0.27657738
0,0.2852729
0,0.26872098
0,0.28494942
0,0.2863062
0,0.29382393
0,0.2899186
0,0.28931972
0,0.2879653
0,0.2866917
0,0.30408183
0,0.2930552
0,0.28936285
0,0.28886697
0,0.28835678
0,0.28259125
0,0.28050292
0,0.28384584
0,0.29199862
0,0.28021833
0,0.29263332
0,0.30451483
0,0.30025008
0,0.29599434
0,0.29722664
0,0.30805477
0,0.31185666
0,0.3139395
0,0.3063441
0,0.3033552
0,0.30239412
0,0.3494127
0,0.31102678
0,0.3151219
0,0.3061458
0,0.30985057
0,0.2758867
0,0.28864738
0,0.28908557
0,0.29508626
0,0.2915966
0,0.28640288
0,0.28368846
0,0.28185245
0,0.27991313
0,0.28820956
0,0.26948136
0,0.28635642
0,0.29546434
0,0.28803763
0,0.31098372
0,0.290816
0,0.2995493
0,0.2977284
0,0.30075845
0,0.2909408
0,0.29885772
0,0.29748014
0,0.30166188
0,0.295823
0,0.29503477
0,0.2933065
0,0.2749236
0,0.28567314
0,0.28831542
0,0.295645
0,0.29142344
0,0.29092577
0,0.31289738
0,0.30893534
0,0.28018218
0,0.28489915
0,0.2780468
0,0.27999815
0,0.33294234
0,0.30213955
0,0.2946721
0,0.28874817
0,0.28664353
0,0.3313489
0,0.29957733
0,0.29029414
0,0.2929293
0,0.29321745
0,0.34450945
0,0.31545693
0,0.3092837
0,0.28997007
0,0.29674208
0,0.29473612
0,0.27478933
0,0.28870967
0,0.27697882
0,0.28478187
0,0.28453672
0,0.27495077
0,0.28487372
0,0.29931518
0,0.2926091
0,0.3350749
0,0.30891532
0,0.30935067
0,0.29370755
0,0.29129565
0,0.28584528
0,0.28436255
0,0.28675115
0,0.29362476
0,0.28779486
0,0.28460026
0,0.29571977
0,0.28751904
0,0.2815054
0,0.2780952
0,0.27931684
0,0.2787016
0,0.28147808
0,0.28040504
0,0.32076776
0,0.30861297
0,0.3043571
0,0.3042628
0,0.29883945
0,0.29703492
0,0.29497883
0,0.2870864
0,0.29040834
0,0.2943898
0,0.29221398
0,0.29684222
0,0.29571465
0,0.29472455
0,0.31630188
0,0.28569326
0,0.2870944
0,0.2891171
0,0.28882995
0,0.3247139
0,0.29940405
0,0.2930092
0,0.2903832
0,0.28713775
0,0.27711666
0,0.28154796
0,0.2922695
0,0.2964923
0,0.38138938
0,0.34673163
0,0.3311116
0,0.31810543
0,0.29324168
0,0.3003951
0,0.29939675
0,0.2983452
0,0.29968238
0,0.29207
0,0.3293655
0,0.30147657
0,0.2990115
0,0.29288048
0,0.2988897
0,0.29032087
0,0.28617966
0,0.28280908
0,0.27222005
0,0.28782576
0,0.27571306
0,0.2668687
0,0.25477794
0,0.243531
0,0.2654812
0,0.24817587
0,0.24083914
0,0.24078855
0,0.24451067
0,0.2538611
0,0.28586337
0,0.28190458
0,0.28186563
0,0.27827233
0,0.27655602
0,0.2850608
0,0.27926362
0,0.28856254
0,0.28204158
0,0.27112448
0,0.2914149
0,0.2925139
0,0.29746944
0,0.32050002
0,0.30583233
0,0.2838921
0,0.28721282
0,0.29155585
0,0.3520134
0,0.3187048
0,0.3097775
0,0.30055887
0,0.29877427
0,0.29714966
0,0.2850923
0,0.29381797
0,0.2883986
0,0.3085095
0,0.29430446
0,0.28349105
0,0.2776982
0,0.28068557
0,0.31770945
0,0.29352745
0,0.2797588
0,0.2805173
0,0.2810693
0,0.27696127
0,0.27586374
0,0.2781938
0,0.28102383
0,0.27808052
0,0.28364447
0,0.27819335
0,0.27676493
0,0.2843527
0,0.300986
0,0.29210868
0,0.29378328
0,0.285545
0,0.29282698
0,0.33011138
0,0.3055347
0,0.30154738
0,0.30996734
0,0.31099442
0,0.3282762
0,0.30867386
0,0.28075433
0,0.29185587
0,0.2883287
0,0.34353346
0,0.31040147
0,0.29986146
0,0.2867073
0,0.28940484
0,0.28626144
0,0.28207245
0,0.2913833
0,0.29398426
0,0.32749164
0,0.2972618
0,0.28998953
0,0.2820492
0,0.27923396
0,0.2732655
0,0.2676456
0,0.26877618
0,0.28179127
0,0.28836885
0,0.2808904
0,0.28842285
0,0.2901606
0,0.29222643
0,0.29323027
0,0.2754193
0,0.28722402
0,0.28989008
0,0.29017237
0,0.3455051
0,0.30069217
0,0.30221134
0,0.29979068
0,0.29504788
0,0.49173942
0,0.39950094
0,0.48217872
0,0.4768631
0,0.4059998
0,0.35634777
0,0.30585957
0,0.26815227
0,0.2357682
0,0.23979804
0,0.20752688
0,0.18330505
0,0.16969366
0,0.15320213
0,0.14587836
0,0.1450648
0,0.14432847
0,0.14119288
0,0.14284138
0,0.14626318
0,0.15141785
0,0.1587499
0,0.16709757
0,0.18123376
0,0.1837728
0,0.18647836
0,0.2005527
0,0.2093567
0,0.23739366
0,0.23898111
0,0.2665263
0,0.27624843
0,0.2752822
0,0.29025778
0,0.29068258
0,0.28866768
0,0.29205966
0,0.2858713
0,0.33208022
0,0.30870438
0,0.3016034
0,0.2960908
0,0.28231153
0,0.27975982
0,0.2849636
0,0.2952007
0,0.2853766
0,0.27963266
0,0.28590736
0,0.29354638
0,0.28876594
0,0.29970792
0,0.2893369
0,0.2940452
0,0.27968436
0,0.27886695
0,0.28031394
0,0.27772194
0,0.2940673
0,0.29515916
0,0.29887488
0,0.29989395
0,0.32101324
0,0.30364043
0,0.30221495
0,0.2976007
0,0.29816753
0,0.3748832
0,0.3237131
0,0.3100793
0,0.31078792
0,0.3040364
0,0.2965407
0,0.2928334
0,0.28718606
0,0.28613573
0,0.29589847
0,0.28495666
0,0.28701878
0,0.2756387
0,0.28225625
0,0.28984836
0,0.2780165
0,0.2662352
0,0.27637607
0,0.27167863
0,0.29478145
0,0.281302
0,0.27728853
0,0.26781556
0,0.27236062
0,0.2913825
0,0.29121867
0,0.2931392
0,0.2936024
0,0.29621187
0,0.3051082
0,0.30003393
0,0.29811397
0,0.27485615
0,0.28367743
0,0.2959127
0,0.2944244
0,0.2920606
0,0.2876051
0,0.291636
0,0.30824533
0,0.29199648
0,0.28654483
0,0.27950367
0,0.281473
0,0.2894268
0,0.27842146
0,0.2814493
0,0.27533767
0,0.27719632
0,0.29024214
0,0.28224325
0,0.28202328
0,0.28094947
0,0.27696347
0,0.3165875
0,0.29064414
0,0.2774924
0,0.2762573
0,0.2752574
0,0.30930406
0,0.28792626
0,0.27375865
0,0.27488422
0,0.2737978
0,0.30103165
0,0.29191124
0,0.29664627
0,0.29680887
0,0.29936677
0,0.32658717
0,0.30951762
0,0.3184843
0,0.30315107
0,0.29791325
0,0.314933
0,0.28063235
0,0.29075542
0,0.28205425
0,0.28472587
0,0.30925903
0,0.2899469
0,0.28793603
0,0.2856769
0,0.27959505
0,0.31249774
0,0.29422203
0,0.28799433
0,0.28556463
0,0.27646467
0,0.31457302
0,0.29281455
0,0.28367397
0,0.28461474
0,0.27592003
0,0.33027065
0,0.29318345
0,0.29126376
0,0.29940683
0,0.28802365
0,0.29886237
0,0.30053473
0,0.3087349
0,0.30343822
0,0.28106305
0,0.2867007
0,0.2941008
0,0.2966203
0,0.28787175
0,0.29547086
0,0.29250625
0,0.2957447
0,0.2961693
0,0.2867845
0,0.29233414
0,0.29205093
0,0.29301026
0,0.2928884
0,0.2917673
0,0.319421
0,0.30125773
0,0.2889617
0,0.2912426
0,0.27732256
0,0.29664412
0,0.2803527
0,0.28443417
0,0.2792382
0,0.28334838
0,0.325588
0,0.28649428
0,0.3061342
0,0.29064143
0,0.28944898
0,0.28841025
0,0.27467027
0,0.2874703
0,0.29009745
0,0.29089567
0,0.2953002
0,0.28637636
0,0.27220854
0,0.26499355
0,0.28146636
0,0.2836712
0,0.27924025
0,0.27817923
0,0.28130645
0,0.2807619
0,0.28416446
0,0.2782382
0,0.28060022
0,0.285469
0,0.31244814
0,0.29538533
0,0.29107273
0,0.2863776
0,0.29424447
0,0.30672494
0,0.29107377
0,0.28478035
0,0.28153124
0,0.28108248
0,0.33072275
0,0.29399985
0,0.28868997
0,0.28195718
0,0.2792166
0,0.32594502
0,0.29455146
0,0.30829415
0,0.28909868
0,0.28785518
0,0.30180922
0,0.2990427
0,0.29964337
0,0.30477017
0,0.29464966
0,0.32712638
0,0.30902308
0,0.30494303
0,0.29315373
0,0.2963967
0,0.34269407
0,0.31250578
0,0.30857316
0,0.32494923
0,0.30571267
0,0.29780933
0,0.29348633
0,0.28793308
0,0.26980567
0,0.2715485
0,0.26684713
0,0.26950642
0,0.27491692
0,0.27687553
0,0.2707321
0,0.2781582
0,0.27160805
0,0.2682986
0,0.27298653
0,0.2680584
0,0.26718152
0,0.2729306
0,0.2901785
0,0.2714417
0,0.27597138
0,0.27895337
0,0.2718808
0,0.26243564
0,0.2775753
0,0.2812018
0,0.27875447
0,0.28259286
0,0.2824163
0,0.28882417
0,0.28176212
0,0.28226337
0,0.28244215
0,0.28650853
0,0.28586495
0,0.28508815
0,0.28104064
0,0.27578068
0,0.27924874
0,0.27397516
0,0.27853277
0,0.27820653
0,0.27588677
0,0.2779365
0,0.27857983
0,0.27415785
0,0.27601334
0,0.27379394
0,0.28336093
0,0.27796286
0,0.31801072
0,0.28608912
0,0.28098962
0,0.30148834
0,0.28134042
0,0.34263602
0,0.29791948
0,0.28337672
0,0.2946701
0,0.28401083
0,0.29299447
0,0.2817796
0,0.28972882
0,0.28218845
0,0.2898504
0,0.33390948
0,0.3076042
0,0.30588824
0,0.28646243
0,0.28140762
0,0.32338023
0,0.28990644
0,0.28425387
0,0.28807238
0,0.28738314
0,0.33735254
0,0.30551958
0,0.30300805
0,0.30007678
0,0.30189398
0,0.3392863
0,0.30952638
0,0.30848172
0,0.2983389
0,0.2977588
0,0.34542596
0,0.29707584
0,0.29249385
0,0.28757492
0,0.28252265
0,0.34221783
0,0.3017101
0,0.28987238
0,0.28303063
0,0.27900013
0,0.28182563
0,0.27607307
0,0.27744517
0,0.27583823
0,0.2659994
0,0.26863116
0,0.26891136
0,0.2621066
0,0.26571995
0,0.26520672
0,0.27382803
0,0.26967034
0,0.2707646
0,0.27215534
0,0.27806157
0,0.29457942
0,0.2888937
0,0.2918962
0,0.2889897
0,0.29993504
0,0.2961425
0,0.2862074
0,0.28238612
0,0.28507408
0,0.29650486
0,0.3018668
0,0.3039791
0,0.28865376
0,0.28389233
0,0.32405007
0,0.3028533
0,0.2957873
0,0.2875889
0,0.2955051
0,0.32885587
0,0.30080783
0,0.29261965
0,0.2872751
0,0.30095908
0,0.32227248
0,0.2966902
0,0.28780887
0,0.28045642
0,0.28701624
0,0.29362744
0,0.30027416
0,0.2984805
0,0.29606354
0,0.29956752
0,0.29321122
0,0.29858315
0,0.293758
0,0.29201508
0,0.29201835
0,0.29189748
0,0.29041156
0,0.31044367
0,0.29428318
0,0.28952733
0,0.2868266
0,0.28385913
0,0.2812397
0,0.28380302
0,0.2807063
0,0.3183149
0,0.2939926
0,0.28604847
0,0.28560907
0,0.28246942
0,0.32629156
0,0.2982448
0,0.2907247
0,0.29991862
0,0.28607693
0,0.29648998
0,0.28420895
0,0.29237336
0,0.28221223
0,0.27725777
0,0.27646425
0,0.28535074
0,0.2806692
0,0.28880027
0,0.27883366
0,0.2953388
0,0.29055643
0,0.29887593
0,0.29338896
0,0.31800994
0,0.30203798
0,0.28885147
0,0.28991795
0,0.29083252
0,0.3525005
0,0.31494582
0,0.30013955
0,0.4398209
0,0.3397666
0,0.36154115
0,0.3242583
0,0.3030331
0,0.2959263
0,0.30418232
0,0.28835425
0,0.2812046
0,0.27513123
0,0.27072147
0,0.26393694
0,0.2626205
0,0.25746432
0,0.25580835
0,0.2545945
0,0.2634513
0,0.25756815
0,0.2641978
0,0.24989337
0,0.26601538
0,0.26868713
0,0.27658033
0,0.27579838
0,0.2772549
0,0.281605
0,0.30287936
0,0.30183375
0,0.29262143
0,0.30170438
0,0.2916993
0,0.30815953
0,0.29364336
0,0.28880826
0,0.2914375
0,0.28670624
0,0.32469162
0,0.29937157
0,0.29356313
0,0.28813708
0,0.28374937
0,0.33946258
0,0.30192745
0,0.2921881
0,0.2981489
0,0.28700727
0,0.28183517
0,0.29393482
0,0.29099333
0,0.28227657
0,0.27971292
0,0.2895227
0,0.28065708
0,0.28119788
0,0.2804646
0,0.3052849
0,0.2888203
0,0.2921046
0,0.29301947
0,0.2872224
0,0.32085103
0,0.29144436
0,0.30502644
0,0.29915854
0,0.28703713
0,0.37215656
0,0.318549
0,0.306788
0,0.31442323
0,0.32727006
0,0.3329938
0,0.32601818
0,0.30518612
0,0.29553527
0,0.28737435
0,0.32842883
0,0.31232426
0,0.30255377
0,0.29625294
0,0.28976402
0,0.26739103
0,0.26625907
0,0.2572903
0,0.25464705
0,0.25750777
0,0.26153997
0,0.26027963
0,0.25883296
0,0.26043183
0,0.26180452
0,0.26848575
0,0.27386662
0,0.2730627
0,0.27401367
0,0.2790671
0,0.28362972
0,0.28732568
0,0.28858876
0,0.2880436
0,0.2929695
0,0.28789368
0,0.28601837
0,0.2917417
0,0.29660618
0,0.294993
0,0.28786653
0,0.29001307
0,0.2899753
0,0.2836269
0,0.310246
0,0.28961742
0,0.29663593
0,0.2948783
0,0.29283184
0,0.29984382
0,0.2875162
0,0.29338023
0,0.29204267
0,0.29145417
0,0.32230788
0,0.32200292
0,0.30134532
0,0.30010328
0,0.27745664
0,0.32254142
0,0.30692542
0,0.29996714
0,0.29506743
0,0.30517948
0,0.34893766
0,0.31588212
0,0.31233785
0,0.3039573
0,0.3069311
0,0.29948464
0,0.2884487
0,0.28788587
0,0.28627202
0,0.28287706
0,0.29155362
0,0.29240593
0,0.2797222
0,0.27850148
0,0.29146293
0,0.27692014
0,0.2836869
0,0.27133742
0,0.2814986
0,0.2912392
0,0.29311293
0,0.29657316
0,0.29177183
0,0.29149005
0,0.31033224
0,0.3002215
0,0.27876693
0,0.27243268
0,0.2651139
0,0.28465018
0,0.28940532
0,0.28593922
0,0.27864277
0,0.2850938
0,0.26784474
0,0.28424245
0,0.28724152
0,0.28691065
0,0.28776932
0,0.28960675
0,0.2879299
0,0.2912435
0,0.2993163
0,0.30509648
0,0.29234406
0,0.29426813
0,0.2984563
0,0.30047017
0,0.31457418
0,0.30731046
0,0.3024286
0,0.3015747
0,0.30114642
0,0.30646563
0,0.3060392
0,0.30009094
0,0.29630783
0,0.30788475
0,0.33968282
0,0.39306977
0,0.32989773
0,0.3100323
0,0.30263937
0,0.29554382
0,0.29942125
0,0.2990694
0,0.26904917
0,0.27638268
0,0.27000195
0,0.26318166
0,0.26518512
0,0.26818594
0,0.26822397
0,0.2618762
0,0.27682215
0,0.27179223
0,0.27305415
0,0.27006778
0,0.26599115
0,0.26915675
0,0.272128
0,0.2903979
0,0.2980978
0,0.30142573
0,0.30049387
0,0.657454
0,0.5145674
0,0.4641077
0,0.39254797
0,0.37715924
0,0.35146427
0,0.32427552
0,0.35684302
0,0.30529872
0,0.24453898
0,0.2190432
0,0.19385234
0,0.18104
0,0.16210194
0,0.14756976
0,0.143322
0,0.14115019
0,0.14907877
0,0.14202799
0,0.140673
0,0.14050667
0,0.14112687
0,0.15922552
0,0.15065607
0,0.1445913
0,0.15165928
0,0.14757295
0,0.17005453
0,0.17370439
0,0.17316069
0,0.2860427
0,0.28287786
0,0.32873526
0,0.30682635
0,0.27886385
0,0.2866812
0,0.2838029
0,0.2920764
0,0.2977899
0,0.27462107
0,0.2769857
0,0.27334315
0,0.27004418
0,0.26001123
0,0.25696453
0,0.25608054
0,0.2589685
0,0.26434872
0,0.266115
0,0.26458916
0,0.26506558
0,0.26768225
0,0.2753433
0,0.2789263
0,0.2754979
0,0.26840973
0,0.27242142
0,0.28096676
0,0.2763968
0,0.2892987
0,0.27968004
0,0.30655622
0,0.30184013
0,0.30293885
0,0.30381313
0,0.28259197
0,0.3093566
0,0.31068242
0,0.31467557
0,0.3099572
0,0.29010883
0,0.30446184
0,0.30552232
0,0.30233353
0,0.30712265
0,0.30327553
0,0.31033105
0,0.30355096
0,0.2987029
0,0.29833895
0,0.28823742
0,0.31781223
0,0.30604416
0,0.29691404
0,0.2907944
0,0.28743574
0,0.32831162
0,0.29919815
0,0.29568878
0,0.28778276
0,0.28102767
0,0.30671108
0,0.30741146
0,0.29534623
0,0.28244933
0,0.27571166
0,0.31683034
0,0.300793
0,0.28300366
0,0.27573594
0,0.26809487
0,0.29838932
0,0.27913678
0,0.27186483
0,0.2738036
0,0.26880062
0,0.2551994
0,0.250299
0,0.24289027
0,0.24248573
0,0.22992364
0,0.23280807
0,0.23788433
0,0.23698369
0,0.23792106
0,0.2390492
0,0.2492751
0,0.24941164
0,0.2501489
0,0.25418177
0,0.25910157
0,0.25999624
0,0.28025615
0,0.27899468
0,0.2732995
0,0.28027433
0,0.27826858
0,0.29140413
0,0.28316113
0,0.28020707
0,0.29983276
0,0.2863624
0,0.29748836
0,0.3018198
0,0.30854878
0,0.29992107
0,0.30161178
0,0.30015355
0,0.30206123
0,0.302745
0,0.3090361
0,0.30420822
0,0.30554968
0,0.30378866
0,0.28080645
0,0.2829825
0,0.29190567
0,0.28313646
0,0.2954354
0,0.30110297
0,0.29615778
0,0.2953311
0,0.2939097
0,0.2916918
0,0.2901936
0,0.29031137
0,0.2861168
0,0.2784546
0,0.29535925
0,0.30372554
0,0.305388
0,0.2838978
0,0.27953312
0,0.29146856
0,0.30099538
0,0.28113717
0,0.29555643
0,0.27671286
0,0.29157314
0,0.29346135
0,0.2948077
0,0.29235718
0,0.28631565
0,0.28515106
0,0.2909574
0,0.29365242
0,0.29736546
0,0.29911637
0,0.29966238
0,0.2965447
0,0.2964618
0,0.2992449
0,0.3076273
0,0.30085918
0,0.29548255
0,0.30872154
0,0.3003839
0,0.30777183
0,0.3009971
0,0.28568146
0,0.30047834
0,0.2788558
0,0.28763413
0,0.28557754
0,0.29975796
0,0.2895009
0,0.3021104
0,0.30198422
0,0.28230572
0,0.29722065
0,0.3000654
0,0.3046142
0,0.30360755
0,0.2927518
0,0.30355453
0,0.2995519
0,0.27900088
0,0.29515392
0,0.27394992
0,0.29065275
0,0.2943069
0,0.29564467
0,0.29653585
0,0.29571736
0,0.29844287
0,0.2992882
0,0.29788494
0,0.29614478
0,0.30350766
0,0.30811226
0,0.30976176
0,0.30662045
0,0.2997878
0,0.29761785
0,0.32662514
0,0.3028555
0,0.29973787
0,0.32351655
0,0.32599765
0,0.31700358
0,0.3168808
0,0.30596548
0,0.2978636
0,0.30888763
0,0.29445934
0,0.2839329
0,0.25723356
0,0.25778264
0,0.272405
0,0.24525185
0,0.22173735
0,0.20580378
0,0.21054825
0,0.22150062
0,0.20131503
0,0.2059355
0,0.19615474
0,0.20140237
0,0.2137025
0,0.20051414
0,0.200868
0,0.20587584
0,0.21345825
0,0.23893498
0,0.24478959
0,0.2546943
0,0.26270592
0,0.26989567
0,0.27299196
0,0.28049567
0,0.2839135
0,0.28513965
0,0.28929493
0,0.29260388
0,0.29315683
0,0.3239312
0,0.29706076
0,0.30065536
0,0.29864612
0,0.29769897
0,0.29296434
0,0.29092953
0,0.29107195
0,0.2923647
0,0.28086334
0,0.3025025
0,0.29150257
0,0.3019425
0,0.30677077
0,0.3055616
0,0.30508304
0,0.28954285
0,0.28499925
0,0.29513815
0,0.29676986
0,0.29802188
0,0.27958697
0,0.27328256
0,0.2873497
0,0.28899553
0,0.2921837
0,0.29557768
0,0.29349136
0,0.29492036
0,0.29576296
0,0.29685086
0,0.2957613
0,0.29014358
0,0.2926986
0,0.29275334
0,0.2870834
0,0.28927618
0,0.29008582
0,0.29091427
0,0.2902596
0,0.2973823
0,0.29434538
0,0.2936785
0,0.29923663
0,0.29362246
0,0.29674408
0,0.2849425
0,0.30497104
0,0.28720772
0,0.3012259
0,0.30280218
0,0.30488637
0,0.3072368
0,0.3069845
0,0.30537474
0,0.30657214
0,0.3013709
0,0.301213
0,0.29400322
0,0.30149427
0,0.29860765
0,0.30245224
0,0.30149233
0,0.28327623
0,0.28445894
0,0.28862193
0,0.2916807
0,0.2938437
0,0.2901094
0,0.3039089
0,0.2982892
0,0.29676846
0,0.29323813
0,0.2871555
0,0.29225847
0,0.2990551
0,0.31006035
0,0.2958452
0,0.29362017
0,0.29686505
0,0.28685766
0,0.28884903
0,0.29194668
0,0.28982687
0,0.29300597
0,0.30118677
0,0.30545124
0,0.30184966
0,0.3091549
0,0.3074716
0,0.3036631
0,0.30376294
0,0.30683583
0,0.30372652
0,0.30349532
0,0.2984555
0,0.29878393
0,0.2997081
0,0.29871276
0,0.2924519
0,0.29454857
0,0.30492952
0,0.29347622
0,0.29097298
0,0.29072672
0,0.28970805
0,0.28974846
0,0.29017726
0,0.28846022
0,0.28344554
0,0.28496137
0,0.29092163
0,0.2933502
0,0.28283006
0,0.2842127
0,0.28436556
0,0.2842025
0,0.2849257
0,0.30418125
0,0.29196697
0,0.3145035
0,0.3070249
0,0.3160027
0,0.31296137
0,0.30615708
0,0.30806673
0,0.31192935
0,0.30094203
0,0.3032708
0,0.3068551
0,0.30672586
0,0.30095148
0,0.3023238
0,0.29975814
0,0.30379537
0,0.29872862
0,0.30128878
0,0.29718566
0,0.29264078
0,0.29027817
0,0.29317614
0,0.2917823
0,0.28641555
0,0.28060025
0,0.2727338
0,0.2716647
0,0.26929823
0,0.27681127
0,0.29284585
0,0.27873093
0,0.27428186
0,0.2725586
0,0.28233114
0,0.28794098
0,0.2955198
0,0.2861214
0,0.29458788
0,0.29536414
0,0.29346883
0,0.2927003
0,0.29076436
0,0.29509187
0,0.29512802
0,0.2946862
0,0.29805645
0,0.29333565
0,0.29229325
0,0.30010608
0,0.30390733
0,0.2978246
0,0.30251193
0,0.30202806
0,0.29798806
0,0.30097273
0,0.30173168
0,0.29255852
0,0.28902078
0,0.28703338
0,0.28911847
0,0.29929754
0,0.29766867
0,0.2915409
0,0.2938804
0,0.30621198
0,0.3047099
0,0.29182723
0,0.28963298
0,0.2922259
0,0.2830145
0,0.2853444
0,0.29125133
0,0.28018448
0,0.28025988
0,0.28299412
0,0.28712368
0,0.29402745
0,0.29408467
0,0.3009912
0,0.3055013
0,0.30865183
0,0.30640644
0,0.30017176
0,0.30385038
0,0.30269957
0,0.30260757
0,0.29840344
0,0.29596835
0,0.2911857
0,0.29424828
0,0.2919932
0,0.29443204
0,0.2845692
0,0.2898464
0,0.29009187
0,0.29772198
0,0.29396802
0,0.29168504
0,0.287575
0,0.2890037
0,0.28889635
0,0.28972957
0,0.28650486
0,0.2773552
0,0.2804416
0,0.2813069
0,0.2895995
0,0.287392
0,0.29535502
0,0.28399014
0,0.2845975
0,0.29106662
0,0.27670553
0,0.29629478
0,0.29348612
0,0.29591292
0,0.30708173
0,0.30275443
0,0.29787257
0,0.31514478
0,0.30125892
0,0.30769625
0,0.3060404
0,0.29700428
0,0.2996904
0,0.29706058
0,0.29258895
0,0.30052948
0,0.2935817
0,0.29400668
0,0.29487365
0,0.29278263
0,0.29832622
0,0.29574728
0,0.28956127
0,0.28900775
0,0.2910779
0,0.2901537
0,0.28981468
0,0.28771326
0,0.28960606
0,0.29133907
0,0.2978817
0,0.29081443
0,0.28973368
0,0.30664313
0,0.30192307
0,0.31581122
0,0.30203408
0,0.30410534
0,0.29535598
0,0.30171603
0,0.3040217
0,0.31487167
0,0.3102629
0,0.30509374
0,0.30337965
0,0.30486938
0,0.2968027
0,0.29347822
0,0.30239308
0,0.301373
0,0.2969501
0,0.30072752
0,0.2865115
0,0.28679442
0,0.28192407
0,0.28611946
0,0.2859655
0,0.269218
0,0.2784704
0,0.27997792
0,0.2729374
0,0.28107396
0,0.27433324
0,0.2831042
0,0.28164095
0,0.28416088
0,0.28749514
0,0.2872771
0,0.28407794
0,0.28392738
0,0.2829609
0,0.2850481
0,0.29714537
0,0.2932124
0,0.28189814
0,0.27925903
0,0.2814148
0,0.28583202
0,0.27892634
0,0.29212692
0,0.28949955
0,0.30114436
0,0.29809904
0,0.29867595
0,0.2970259
0,0.2938958
0,0.29877537
0,0.29802284
0,0.2879937
0,0.2907558
0,0.29262587
0,0.2953624
0,0.29208755
0,0.28631634
0,0.29526365
0,0.29300094
0,0.29613623
0,0.29180592
0,0.2863709
0,0.2889901
0,0.28914583
0,0.2854495
0,0.27960032
0,0.2787673
0,0.2799669
0,0.28294963
0,0.28188083
0,0.28083277
0,0.27420655
0,0.28727928
0,0.28215253
0,0.28015438
0,0.28146917
0,0.27903044
0,0.28586668
0,0.28088725
0,0.28044447
0,0.28565255
0,0.2823804
0,0.2779989
0,0.28937045
0,0.2906895
0,0.29514655
0,0.29304358
0,0.29039836
0,0.287538
0,0.29608524
0,0.29236302
0,0.29371822
0,0.27405295
0,0.2849981
0,0.2853926
0,0.28495148
0,0.28021583
0,0.28080827
0,0.28075987
0,0.2816369
0,0.27855387
0,0.28204507
0,0.27765962
0,0.28161106
0,0.27757776
0,0.30579868
0,0.28978378
0,0.2833688
0,0.28824008
0,0.28271684
0,0.2814652
0,0.2790378
0,0.27405596
0,0.2781518
0,0.27663848
0,0.2741577
0,0.2749394
0,0.2759661
0,0.27656147
0,0.27167
0,0.27116886
0,0.2875845
0,0.28182313
0,0.2856197
0,0.28698942
0,0.28793535
0,0.28822163
0,0.28354147
0,0.28742155
0,0.28586337
0,0.28228533
0,0.287332
0,0.28883225
0,0.28694233
0,0.28021282
0,0.28542963
0,0.28379044
0,0.2841903
0,0.2804058
0,0.2880741
0,0.28673884
0,0.2834034
0,0.2807626
0,0.28689477
0,0.28219044
0,0.2809793
0,0.2796885
0,0.28024554
0,0.27802464
0,0.2776475
0,0.2875078
0,0.28107956
0,0.28374466
0,0.27354702
0,0.27411205
0,0.27482477
0,0.2737271
0,0.27340588
0,0.26608223
0,0.26687625
0,0.2683365
0,0.26888022
0,0.27339402
0,0.26897126
0,0.27987385
0,0.2822562
0,0.2842603
0,0.2816146
0,0.2840501
0,0.28508246
0,0.28826484
0,0.28933617
0,0.29634264
0,0.28466916
0,0.28764772
0,0.28511888
0,0.28188246
0,0.28558177
0,0.28326735
0,0.28457898
0,0.28235057
0,0.28039533
0,0.27865478
0,0.27872542
0,0.2752565
0,0.2753094
0,0.28154203
0,0.2800969
0,0.27918348
0,0.2759039
0,0.2778916
0,0.27727026
0,0.28047922
0,0.28161776
0,0.27394697
0,0.27508757
0,0.27218896
0,0.28186202
0,0.28254935
0,0.28321877
0,0.28787234
0,0.28851628
0,0.29175845
0,0.29209164
0,0.2812739
0,0.28558692
0,0.28327778
0,0.2895085
0,0.27559158
0,0.28215438
0,0.29249898
0,0.28711215
0,0.2865306
0,0.2853797
0,0.28180864
0,0.2793881
0,0.27690843
0,0.2803022
0,0.28016207
0,0.27780446
0,0.2791903
0,0.28463578
0,0.27962884
0,0.2774876
0,0.27696788
0,0.27305788
0,0.2726155
0,0.2745261
0,0.27013063
0,0.2675351
0,0.2671226
0,0.2704317
0,0.26954472
0,0.268872
0,0.28183827
0,0.28161722
0,0.28555986
0,0.28588858
0,0.2684074
0,0.27928668
0,0.26621932
0,0.2796695
0,0.28748828
0,0.28448611
0,0.28925705
0,0.2800803
0,0.288306
0,0.2913713
0,0.28688657
0,0.28619903
0,0.27480727
0,0.28040227
0,0.30267048
0,0.29084402
0,0.28967986
0,0.2867752
0,0.28680894
0,0.28863782
0,0.28220317
0,0.2803121
0,0.28422314
0,0.28234878
0,0.2799667
0,0.2777462
0,0.27701187
0,0.27620238
0,0.2751652
0,0.278935
0,0.27376372
0,0.27329466
0,0.29717037
0,0.28135514
0,0.29630324
0,0.29458976
0,0.30511177
0,0.3038665
0,0.29058364
0,0.29098776
0,0.29056665
0,0.2905247
0,0.28911445
0,0.28875905
0,0.28734538
0,0.28504038
0,0.2871075
0,0.2775835
0,0.2769593
0,0.27981234
0,0.28757295
0,0.2838757
0,0.2786884
0,0.27918312
0,0.27927068
0,0.2742525
0,0.27705544
0,0.27733025
0,0.28375745
0,0.28038523
0,0.28347158
0,0.28241926
0,0.2893131
0,0.2763158
0,0.27529782
0,0.26988962
0,0.2730379
0,0.26945662
0,0.2762034
0,0.27166212
0,0.2726073
0,0.27692732
0,0.27103037
0,0.27052253
0,0.27536342
0,0.27901807
0,0.281825
0,0.28489333
0,0.28389683
0,0.284647
0,0.2908114
0,0.287352
0,0.2859156
0,0.28364417
0,0.28455552
0,0.28236583
0,0.28124112
0,0.28311047
0,0.28716734
0,0.2790792
0,0.27754775
0,0.27811137
0,0.27763397
0,0.283071
0,0.2729798
0,0.28151983
0,0.2835348
0,0.28250876
0,0.27814287
0,0.27321815
0,0.2962927
0,0.2844565
0,0.28547278
0,0.28219354
0,0.2777849
0,0.35631678
0,0.31133997
0,0.29695052
0,0.292796
0,0.2858524
0,0.28452224
0,0.2761488
0,0.27362436
0,0.26684934
0,0.26785043
0,0.26378965
0,0.26186034
0,0.26784408
0,0.2701019
0,0.26459318
0,0.277853
0,0.28031263
0,0.28400505
0,0.284111
0,0.2888911
0,0.28023833
0,0.2876296
0,0.28917027
0,0.29161814
0,0.28752092
0,0.28282312
0,0.28507817
0,0.2888458
0,0.2821669
0,0.27807045
0,0.2768298
0,0.28721496
0,0.28469932
0,0.2858595
0,0.29112586
0,0.28414342
0,0.280802
0,0.28407833
0,0.27847165
0,0.28625184
0,0.27937582
0,0.2718349
0,0.27255815
0,0.2813227
0,0.27279037
0,0.28650004
0,0.28464007
0,0.27398017
0,0.26984674
0,0.2690834
0,0.27881604
0,0.28433734
0,0.28887883
0,0.28650677
0,0.28711876
0,0.28568602
0,0.28414136
0,0.27775517
0,0.28244653
0,0.28680474
0,0.2847539
0,0.28669518
0,0.281214
0,0.28239578
0,0.27836215
0,0.27658463
0,0.27199134
0,0.27131903
0,0.27633214
0,0.28543952
0,0.28174174
0,0.27658576
0,0.2753549
0,0.27466998
0,0.26969475
0,0.30971384
0,0.27703866
0,0.27610064
0,0.27894256
0,0.27154076
0,0.26985765
0,0.27198952
0,0.2723458
0,0.2735384
0,0.2745865
0,0.27282047
0,0.27440146
0,0.2771941
0,0.27374443
0,0.26976547
0,0.28168368
0,0.275851
0,0.2773111
0,0.27928165
0,0.28842846
0,0.28666812
0,0.2926351
0,0.28923455
0,0.28388214
0,0.28066528
0,0.2737335
0,0.2761027
0,0.26981544
0,0.27065328
0,0.27899316
0,0.27122304
0,0.28458905
0,0.27365738
0,0.29679126
0,0.27738956
0,0.27402514
0,0.27548888
0,0.26842374
0,0.26918283
0,0.28953668
0,0.28044248
0,0.28938094
0,0.28135026
0,0.27690178
0,0.2712779
0,0.27332917
0,0.28429505
0,0.27750644
0,0.27472946
0,0.27484918
0,0.28903678
0,0.28463736
0,0.27608344
0,0.28607452
0,0.34998637
0,0.3129141
0,0.30738845
0,0.3015524
0,0.29224744
0,0.2933054
0,0.28297952
0,0.27930623
0,0.276233
0,0.2898016
0,0.2810571
0,0.27923444
0,0.27858347
0,0.28185627
0,0.27371782
0,0.27476496
0,0.2787494
0,0.27882743
0,0.27976903
0,0.27009144
0,0.28122252
0,0.2757328
0,0.28603992
0,0.2876233
0,0.28533614
0,0.27365944
0,0.2742008
0,0.2819658
0,0.27861157
0,0.28481245
0,0.27439573
0,0.30759028
0,0.29532397
0,0.29230046
0,0.2865051
0,0.40963045
0,0.3405805
0,0.3205385
0,0.3119171
0,0.2947674
0,0.297077
0,0.2856157
0,0.29345295
0,0.29862878
0,0.28819484
0,0.27832988
0,0.30245402
0,0.28777972
0,0.2832884
0,0.28865778
0,0.2856772
0,0.28983316
0,0.28616092
0,0.27833983
0,0.28341857
0,0.2925297
0,0.29939297
0,0.29885563
0,0.2913238
0,0.28561094
0,0.2765327
0,0.27172855
0,0.26941282
0,0.27033037
0,0.2705097
0,0.27051422
0,0.27525878
0,0.28463274
0,0.28376088
0,0.28081656
0,0.27563146
0,0.28288683
0,0.27472138
0,0.2651648
0,0.2704487
0,0.2646961
0,0.26869354
0,0.2726541
0,0.2697993
0,0.29379618
0,0.28355378
0,0.2791191
0,0.28534797
0,0.27642202
0,0.28020158
0,0.3159545
0,0.30015096
0,0.30049738
0,0.30117673
0,0.46787626
0,0.35283312
0,0.33754337
0,0.31586826
0,0.32212475
0,0.30862808
0,0.31632018
0,0.30376437
0,0.31086197
0,0.30655283
0,0.31905028
0,0.29064634
0,0.29721987
0,0.2999845
0,0.29659605
0,0.2785482
0,0.26053995
0,0.2589169
0,0.25120062
0,0.23772064
0,0.22564779
0,0.22656462
0,0.21927682
0,0.23347807
0,0.34697646
0,0.27061877
0,0.2541486
0,0.23506153
0,0.21820551
0,0.2281209
0,0.29783443
0,0.27256623
0,0.256671
0,0.22870441
0,0.21897724
0,0.20832494
0,0.20762953
0,0.20543957
0,0.20482485
0,0.19657229
0,0.18855828
0,0.18367651
0,0.184766
0,0.17916094
0,0.17435151
0,0.1715938
0,0.1790144
0,0.17743157
0,0.17712045
0,0.18007365
0,0.18318465
0,0.18945114
0,0.19071761
0,0.19883578
0,0.25481078
0,0.24779533
0,0.25616816
0,0.25963742
0,0.25115693
0,0.29743025
0,0.28138217
0,0.26377
0,0.27360958
0,0.24380998
0,0.23491791
0,0.23620734
0,0.23383194
0,0.23878066
0,0.23559447
0,0.23124628
0,0.2280497
0,0.22866566
0,0.24242778
0,0.2602993
0,0.25644124
0,0.26514354
0,0.26635626
0,0.28325576
0,0.2890693
0,0.29935285
0,0.30909884
0,0.30095625
0,0.30413097
0,0.27976835
0,0.29020163
0,0.29981145
0,0.28952426
0,0.3084887
0,0.3023276
0,0.4298567
0,0.3455386
0,0.3271647
0,0.3183502
0,0.540987
0,0.39807233
0,0.3406993
0,0.29492667
0,0.35046792
0,0.28228748
0,0.21874021
0,0.19348052
0,0.17648225
0,0.162209
0,0.15390918
0,0.15291582
0,0.14573036
0,0.14460494
0,0.1488484
0,0.15199265
0,0.1574938
0,0.14911804
0,0.15331733
0,0.15550289
0,0.16373326
0,0.17096275
0,0.1791084
0,0.19033271
0,0.20147063
0,0.21564947
0,0.24360229
0,0.31732377
0,0.28021356
0,0.31685013
0,0.32673442
0,0.3190991
0,0.3376964
0,0.3114578
0,0.31123576
0,0.32079825
0,0.31164968
0,0.35111773
0,0.31289795
0,0.28723675
0,0.2794485
0,0.27726603
0,0.26427028
0,0.25720403
0,0.25426045
0,0.25947687
0,0.25437725
0,0.24521464
0,0.2327069
0,0.22339061
0,0.22040153
0,0.20685142
0,0.20897546
0,0.21500407
0,0.21346453
0,0.21775787
0,0.22566152
0,0.27548036
0,0.2684794
0,0.28795138
0,0.29141757
0,0.3240715
0,0.3019558
0,0.29822084
0,0.2796559
0,0.4394639
0,0.32788494
0,0.29369837
0,0.25713587
0,0.21437562
0,0.19797823
0,0.1825434
0,0.17419176
0,0.1887229
0,0.18541989
0,0.19603598
0,0.18010017
0,0.18033879
0,0.1890918
0,0.16718175
0,0.16436653
0,0.16402157
0,0.16378306
0,0.16009167
0,0.15742408
0,0.15958135
0,0.16856438
0,0.16095701
0,0.16024467
0,0.17419697
0,0.17128298
0,0.1812782
0,0.1854996
0,0.1952204
0,0.20667505
0,0.26599145
0,0.4141664
0,0.2959834
0,0.25931576
0,0.24235113
0,0.2788468
0,0.26045868
0,0.21081688
0,0.21879601
0,0.19847724
0,0.18422492
0,0.17927554
0,0.17627087
0,0.1710704
0,0.16917379
0,0.17107625
0,0.17501648
0,0.17401513
0,0.16762798
0,0.16303842
0,0.16597807
0,0.15842469
0,0.16305496
0,0.16518186
0,0.16111848
0,0.17112826
0,0.17718773
0,0.20927416
0,0.1810789
0,0.260987
0,0.20742418
0,0.4573136
0,0.41349667
0,0.35641277
0,0.31062624
0,0.37241402
0,0.34865892
0,0.24116418
0,0.19359356
0,0.4170285
0,0.27485418
0,0.20855583
0,0.17110068
0,0.16436341
0,0.15122838
0,0.15590394
0,0.15336834
0,0.54045403
0,0.31926468
0,0.23993714
0,0.2179785
0,0.16588129
0,0.1680448
0,0.14639488
0,0.13451992
0,0.12848742
0,0.124516614
0,0.12999973
0,0.13106929
0,0.13430908
0,0.13702714
0,0.14157455
0,0.16470973
0,0.15813811
0,0.3292852
0,0.21239223
0,0.18376756
0,0.21272752
0,0.20267726
0,0.1767118
0,0.15516679
0,0.1641828
0,0.15842177
0,0.14343213
0,0.19868517
0,0.16894047
0,0.14847226
0,0.2125085
0,0.18487972
0,0.17308564
0,0.16269998
0,0.15501027
0,0.14819576
0,0.1411772
0,0.1356011
0,0.1364067
0,0.14595737
0,0.14586231
0,0.14276393
0,0.1454037
0,0.15162948
0,0.14362398
0,0.1556791
0,0.15666996
0,0.17343782
0,0.17494074
0,0.18196788
0,0.18624341
0,0.17932996
0,0.19888419
0,0.22796667
0,0.204799
0,0.18301454
0,0.1863243
0,0.19517115
0,0.25205457
0,0.20124035
0,0.22492188
0,0.21537523
0,0.20000356
0,0.20552494
0,0.20319542
0,0.18010256
0,0.17443354
0,0.17125958
0,0.17500684
0,0.17296357
0,0.17254929
0,0.1694868
0,0.17340183
0,0.18038706
0,0.19838361
0,0.20197625
0,0.20616792
0,0.2112575
0,0.22001433
0,0.22700478
0,0.23597926
0,0.24792607
0,0.25238842
0,0.2513212
0,0.26283953
0,0.26322865
0,0.27770737
0,0.26535386
0,0.26956272
0,0.2777643
0,0.27758655
0,0.28556776
0,0.2781181
0,0.2908823
0,0.28548747
0,0.28499115
0,0.28773004
0,0.29138437
0,0.29145372
0,0.28554517
0,0.30230224
0,0.28223193
0,0.28803602
0,0.2868416
0,0.28527167
0,0.2785574
0,0.27571344
0,0.26969972
0,0.27855474
0,0.2776546
0,0.27020437
0,0.2738564
0,0.26715332
0,0.2747081
0,0.27574632
0,0.27592584
0,0.2669095
0,0.27258593
0,0.2774968
0,0.2840528
0,0.27973136
0,0.28241897
0,0.2842932
0,0.27561727
0,0.26703888
0,0.27130666
0,0.27119723
0,0.2725601
0,0.27978748
0,0.2705665
0,0.29089624
0,0.27996755
0,0.27731645
0,0.27760187
0,0.2663927
0,0.2677834
0,0.2797586
0,0.27022195
0,0.28205797
0,0.27683562
0,0.28047603
0,0.27843663
0,0.2857751
0,0.29724774
0,0.29043803
0,0.27341408
0,0.2806054
0,0.27331677
0,0.27485353
0,0.29441294
0,0.28729573
0,0.27231953
0,0.2713013
0,0.27727234
0,0.2945522
0,0.32192478
0,0.2977552
0,0.2998371
0,0.2917829
0,0.29764023
0,0.28366068
0,0.29057077
0,0.28882974
0,0.28405258
0,0.2895677
0,0.5557674
0,0.41849184
0,0.59304744
0,0.5106684
0,0.4256793
0,0.37229925
0,0.32858488
0,0.29188815
0,0.26299578
0,0.22780058
0,0.20781523
0,0.19370027
0,0.16984056
0,0.15824817
0,0.15713017
0,0.15256105
0,0.14379108
0,0.13798349
0,0.13993311
0,0.13938741
0,0.14022242
0,0.14378437
0,0.14582103
0,0.1523025
0,0.15539476
0,0.1599171
0,0.16481306
0,0.17241247
0,0.19004269
0,0.19944935
0,0.26300022
0,0.2715829
0,0.2818969
0,0.46615323
0,0.36825755
0,0.350021
0,0.32169038
0,0.33058557
0,0.31332806
0,0.30169585
0,0.29250756
0,0.29039606
0,0.27939215
0,0.27678645
0,0.28785518
0,0.26818562
0,0.2776365
0,0.27365202
0,0.28069732
0,0.2650869
0,0.27614915
0,0.27044958
0,0.26686394
0,0.28437868
0,0.27354446
0,0.27448136
0,0.26187223
0,0.26634842
0,0.2631913
0,0.2686661
0,0.26972735
0,0.26632673
0,0.266538
0,0.28327414
0,0.29137298
0,0.28935173
0,0.29003188
0,0.303399
0,0.29918855
0,0.29015312
0,0.2884593
0,0.2753315
0,0.28562975
0,0.2878893
0,0.28705275
0,0.2954958
0,0.33545616
0,0.3048623
0,0.29570594
0,0.3089812
0,0.29147956
0,0.28595158
0,0.29288673
0,0.29795006
0,0.2913116
0,0.29933915
0,0.30082268
0,0.28892773
0,0.30845487
0,0.3011997
0,0.2893002
0,0.28099087
0,0.2958303
0,0.29049364
0,0.29637733
0,0.3050958
0,0.29506314
0,0.29945117
0,0.2936536
0,0.29297382
0,0.2784535
0,0.28361377
0,0.28255168
0,0.30417174
0,0.29106233
0,0.2994211
0,0.31457466
0,0.31352875
0,0.2979065
0,0.29093352
0,0.27888897
0,0.28801796
0,0.2827291
0,0.29509902
0,0.29777315
0,0.29134634
0,0.2832013
0,0.29688182
0,0.31156096
0,0.29636306
0,0.2897348
0,0.28710702
0,0.28848588
0,0.29517317
0,0.2814817
0,0.2766996
0,0.275513
0,0.28294808
0,0.2930623
0,0.28374964
0,0.28510228
0,0.2741186
0,0.28588772
0,0.28804758
0,0.27507877
0,0.27490932
0,0.28214547
0,0.28777346
0,0.28250363
0,0.28860235
0,0.30575496
0,0.30365327
0,0.29199407
0,0.28735018
0,0.28641543
0,0.28788108
0,0.27208218
0,0.2812711
0,0.27861014
0,0.27650172
0,0.27652356
0,0.2913671
0,0.285808
0,0.30598745
0,0.29898494
0,0.30322677
0,0.2966022
0,0.3024902
0,0.29172292
0,0.29746795
0,0.2952844
0,0.2931369
0,0.29791307
0,0.28739044
0,0.2911772
0,0.3127951
0,0.29927328
0,0.29661733
0,0.2822501
0,0.29481733
0,0.291356
0,0.29000494
0,0.291359
0,0.2881986
0,0.291293
0,0.29501256
0,0.28787512
0,0.29936975
0,0.29826188
0,0.2884792
0,0.27157015
0,0.280958
0,0.2939947
0,0.28544414
0,0.28174108
0,0.27901253
0,0.2881623
0,0.28552952
0,0.28598776
0,0.29094514
0,0.28273925
0,0.29345033
0,0.29796317
0,0.29851586
0,0.2894828
0,0.29743883
0,0.32233092
0,0.29239753
0,0.322784
0,0.30136505
0,0.28720403
0,0.28902143
0,0.29077017
0,0.27679878
0,0.28896177
0,0.2887239
0,0.28671288
0,0.2924822
0,0.28559765
0,0.28728828
0,0.2938054
0,0.29853308
0,0.28799725
0,0.28916925
0,0.28299809
0,0.45813748
0,0.35273457
0,0.31877026
0,0.32030368
0,0.29830655
0,0.30459264
0,0.28339076
0,0.28533462
0,0.42159358
0,0.48713338
0,0.3882072
0,0.33522865
0,0.31183916
0,0.31298518
0,0.27115315
0,0.24116974
0,0.21027029
0,0.19931288
0,0.18679564
0,0.17100643
0,0.16632229
0,0.15863314
0,0.15828861
0,0.15567183
0,0.22169316
0,0.18184508
0,0.1698695
0,0.16510549
0,0.16413446
0,0.1692343
0,0.15971953
0,0.16622902
0,0.17436697
0,0.17255549
0,0.18430662
0,0.18572173
0,0.19472186
0,0.2043133
0,0.26070347
0,0.2873334
0,0.2769608
0,0.27400792
0,0.27986267
0,0.288662
0,0.27985
0,0.30321282
0,0.28996995
0,0.2900355
0,0.30479136
0,0.3052225
0,0.28503832
0,0.299532
0,0.29272223
0,0.2896156
0,0.28929442
0,0.2892397
0,0.29163298
0,0.28762004
0,0.29700515
0,0.3012431
0,0.28041375
0,0.2984613
0,0.29822388
0,0.2875912
0,0.28513125
0,0.2839863
0,0.28217116
0,0.28507632
0,0.27994457
0,0.2843481
0,0.28118524
0,0.27948087
0,0.27626914
0,0.29479343
0,0.27996036
0,0.27701145
0,0.28627646
0,0.5395897
0,0.39201668
0,0.36478058
0,0.3404156
0,0.35182425
0,0.32798597
0,0.3014054
0,0.30016747
0,0.30604693
0,0.309192
0,0.2880685
0,0.2895542
0,0.28885305
0,0.2871282
0,0.31004086
0,0.29583466
0,0.28284663
0,0.25594404
0,0.21461065
0,0.19027618
0,0.17979345
0,0.20617436
0,0.1780464
0,0.16952795
0,0.1687444
0,0.16995521
0,0.17601909
0,0.18144478
0,0.19254448
0,0.20307648
0,0.30016577
0,0.27640244
0,0.2983052
0,0.45823726
0,0.35095838
0,0.29452893
0,0.25832644
0,0.23085938
0,0.2176087
0,0.19474703
0,0.19119222
0,0.18247417
0,0.17694971
0,0.16982909
0,0.18011673
0,0.17722778
0,0.18119054
0,0.18072593
0,0.1763144
0,0.17349939
0,0.17265926
0,0.16301201
0,0.1652218
0,0.17264244
0,0.17329298
0,0.18284239
0,0.18610655
0,0.1959673
0,0.20188205
0,0.21535219
0,0.22439611
0,0.2337733
0,0.25146315
0,0.28110763
0,0.28346103
0,0.29240838
0,0.2822587
0,0.29284188
0,0.29147288
0,0.28805122
0,0.27956238
0,0.2757704
0,0.29352042
0,0.29293334
0,0.29269153
0,0.29678985
0,0.30208626
0,0.30645922
0,0.3039337
0,0.29796255
0,0.2934871
0,0.28631324
0,0.2951036
0,0.29491708
0,0.29672846
0,0.27982983
0,0.2886956
0,0.2926543
0,0.28724986
0,0.29038692
0,0.28678396
0,0.29044577
0,0.29904944
0,0.28892192
0,0.30555645
0,0.2912132
0,0.28492832
0,0.28266817
0,0.29914856
0,0.28475502
0,0.28890038
0,0.28203115
0,0.29046646
0,0.28168595
0,0.27839386
0,0.289258
0,0.2847741
0,0.29625842
0,0.29439917
0,0.28612193
0,0.2864886
0,0.3054502
0,0.28517127
0,0.29080653
0,0.2903312
0,0.28534865
0,0.28766555
0,0.29087058
0,0.28859466
0,0.28918982
0,0.29826325
0,0.2792337
0,0.27427772
0,0.29365978
0,0.2914907
0,0.3054242
0,0.28594953
0,0.2930639
0,0.44331527
0,0.36156332
0,0.3358982
0,0.31200826
0,0.31602892
0,0.2984327
0,0.29246703
0,0.2863556
0,0.27676338
0,0.28606334
0,0.27953997
0,0.28816545
0,0.3118366
0,0.30099493
0,0.29880223
0,0.29364583
0,0.29002458
0,0.2930566
0,0.29168633
0,0.28065768
0,0.2764711
0,0.26846105
0,0.27359793
0,0.26857534
0,0.2738786
0,0.2765487
0,0.26732013
0,0.27567297
0,0.27694914
0,0.27020967
0,0.5471254
0,0.66033244
0,0.49659866
0,0.4201078
0,0.36300585
0,0.32980883
0,0.2867325
0,0.24662204
0,0.22692984
0,0.20970479
0,0.19595587
0,0.18699934
0,0.1911089
0,0.18399025
0,0.177069
0,0.18038763
0,0.17472361
0,0.17588863
0,0.17757766
1,0.17974125
1,0.18410118
1,0.19029346
1,0.19612843
1,0.20886303
1,0.21410379
1,0.22538404
1,0.23525023
1,0.24384087
1,0.25303188
1,0.25058094
1,0.2750433
1,0.27549782
1,0.2696182
1,0.2852747
0,0.89510024
0,0.6696768
0,0.5791578
0,0.5220826
0,0.4823804
0,0.41737548
0,0.40768194
0,0.39730924
0,0.34762892
0,0.28571495
0,0.23867035
0,0.20208235
0,0.16834874
0,0.1526871
0,0.8042987
0,0.6012747
0,0.48536706
0,0.40865907
0,0.32276002
0,0.2683192
0,0.25115666
0,0.2082965
0,0.17818291
0,0.16732998
0,0.14696972
0,0.14327876
0,0.13669829
0,0.1283676
0,0.13134378
0,0.12857802
0,0.14422376
0,0.14626196
0,0.14097969
0,0.13861449
0,0.13957655
0,0.14581855
0,0.15242502
0,0.16474219
0,0.18792632
0,0.20537919
0,0.21744475
0,0.27273116
0,0.26165918
0,0.26151678
0,0.2995668
0,0.296132
0,0.28311208
0,0.2897124
0,0.2908643
0,0.27906528
0,0.28520218
0,0.27339005
0,0.26767293
0,0.2836835
0,0.27620238
0,0.2810762
0,0.28862262
0,0.28854716
0,0.286202
0,0.2840349
0,0.2710754
0,0.29099068
0,0.2940347
0,0.28546807
0,0.27295676
0,0.29516116
0,0.27909565
0,0.28563154
0,0.29144448
0,0.27824405
0,0.28079385
0,0.27855366
0,0.283793
0,0.27127612
0,0.27211154
0,0.27911004
0,0.27157316
0,0.27877134
0,0.28006706
0,0.2819765
0,0.27395988
0,0.27450234
0,0.27888325
0,0.2848349
0,0.27123982
0,0.27076024
0,0.2687548
0,0.26879033
0,0.27372453
0,0.2753959
0,0.29010272
0,0.30384552
0,0.29206774
0,0.29006955
0,0.28256258
0,0.2837268
0,0.28349924
0,0.28251484
0,0.27351138
0,0.28576842
0,0.27270648
0,0.29172608
0,0.2744716
0,0.27276763
0,0.26645306
0,0.26806018
0,0.263354
0,0.26496312
0,0.26139608
0,0.27320257
0,0.27728295
0,0.27571917
0,0.3022188
0,0.28886607
0,0.82258224
0,0.62169915
0,0.5210216
0,0.4440545
0,0.39451224
0,0.37797993
0,0.3468974
0,0.30147198
0,0.2812176
0,0.26627615
0,0.4770739
0,0.3727968
0,0.31244856
0,0.2619683
0,0.20893349
0,0.1662201
0,0.15372038
0,0.14433716
0,0.13761744
0,0.13351387
0,0.12967274
0,0.12414464
0,0.1261644
0,0.12633586
0,0.13108471
0,0.14219177
0,0.15057288
0,0.16608764
0,0.19383398
0,0.20788918
0,0.27190918
0,0.27192864
0,0.28201848
0,0.28652188
0,0.29370177
0,0.2902128
0,0.28959405
0,0.28641573
0,0.32575428
0,0.29419178
0,0.29189226
0,0.2798576
0,0.28787473
0,0.2769486
0,0.27699307
0,0.28457853
0,0.27781042
0,0.29456222
0,0.2918694
0,0.27565747
0,0.47736856
0,0.3906174
0,0.34725258
0,0.32723325
0,0.3066443
0,0.29146802
0,0.30402732
0,0.28766805
0,0.2901212
0,0.276364
0,0.26704982
0,0.27257532
0,0.2634132
0,0.27621984
0,0.26936156
0,0.52304435
0,0.39128077
0,0.35179737
0,0.32394016
0,0.28948158
0,0.2697356
0,0.24802026
0,0.23534815
0,0.22554109
0,0.23103707
0,0.22945958
0,0.23312649
0,0.23813932
0,0.25612897
0,0.24377216
0,0.27622297
0,0.28598025
0,0.29604185
0,0.30096802
0,0.29209828
0,0.28431103
0,0.28291297
0,0.27974993
0,0.28236207
0,0.27742592
0,0.27306828
0,0.2642272
0,0.2597325
0,0.25765297
0,0.25718483
0,0.26896897
0,0.28263634
0,0.2706169
0,0.28899044
0,0.28303644
0,0.2756889
0,0.28351226
0,0.27438965
0,0.29823986
0,0.2789427
0,0.2798975
0,0.28643098
0,0.40660298
0,0.3311301
0,0.30060002
0,0.29427794
0,0.2861393
0,0.28280947
0,0.28034893
0,0.28874737
0,0.27312243
0,0.27063772
0,0.2657348
0,0.27651423
0,0.26902768
0,0.28047743
0,0.27069032
0,0.29064286
0,0.29346064
0,0.28632003
0,0.28482634
0,0.29246032
0,0.2897545
0,0.2742653
0,0.2887465
0,0.27471912
0,0.26753244
0,0.26555368
0,0.28345558
0,0.27780613
0,0.28759474
0,0.2725923
0,0.2823069
0,0.41686156
0,0.45250955
0,0.36585572
0,0.3411415
0,0.31386483
0,0.3075418
0,0.2942318
0,0.28078717
0,0.27806884
0,0.27197552
0,0.33431813
0,0.28983873
0,0.27744755
0,0.28303272
0,0.27028358
0,0.28832138
0,0.2724668
0,0.2654269
0,0.28252384
0,0.27675503
0,0.26975167
0,0.26645684
0,0.2651191
0,0.2688877
0,0.2589093
0,0.26395825
0,0.2735688
0,0.27109617
0,0.26856744
0,0.2747633
0,0.28442332
0,0.27240348
0,0.3965591
0,0.32551998
0,0.32007834
0,0.30647987
0,0.29908198
0,0.28980654
0,0.2957421
0,0.30549398
0,0.29373842
0,0.28839868
0,0.2869749
0,0.2779345
0,0.28452715
0,0.27585584
0,0.2772182
0,0.27243182
0,0.27265567
0,0.28134313
0,0.2735105
0,0.2817629
0,0.26977596
0,0.26889527
0,0.2774633
0,0.28348505
0,0.29302138
0,0.27132806
0,0.27990124
0,0.29455233
0,0.28643948
0,0.2860768
0,0.2960427
0,0.2888133
0,0.2930245
0,0.2872845
0,0.27700186
0,0.30389646
0,0.30392897
0,0.3042391
0,0.29883108
0,0.2852091
0,0.27603814
0,0.27009583
0,0.2866071
0,0.29027227
0,0.27826735
0,0.2718935
0,0.2936387
0,0.27538204
0,0.26969948
0,0.2879766
0,0.2846992
0,0.28019962
0,0.29245326
0,0.27687985
0,0.2760073
0,0.2882409
0,0.27841204
0,0.27466908
0,0.26990226
0,0.27459908
0,0.28123686
0,0.27329955
0,0.26723373
0,0.2827136
0,0.2879407
0,0.36521676
0,0.30304167
0,0.30030957
0,0.5667177
0,0.43788862
0,0.374885
0,0.3628301
0,0.3266082
0,0.2931649
0,0.3036432
0,0.29720283
0,0.5289404
0,0.5228642
0,0.39817756
0,0.33695275
0,0.26833677
0,0.23911603
0,0.19269004
0,0.1654495
0,0.15342942
0,0.14422677
0,0.13415259
0,0.1309981
0,0.12958603
0,0.13174549
0,0.13625577
0,0.13789481
0,0.1530091
0,0.1673969
0,0.17627472
0,0.19836973
0,0.21013173
0,0.22228014
0,0.24368137
0,0.24461149
0,0.257935
0,0.25478387
0,0.2485643
0,0.24745455
0,0.27043903
0,0.26178178
0,0.2810718
0,0.2696611
0,0.26901484
0,0.2635619
0,0.27432635
0,0.28138217
0,0.2914795
0,0.29060838
0,0.29057854
0,0.2740586
0,0.2841841
0,0.2773152
0,0.28262734
0,0.2797249
0,0.28790486
0,0.2733092
0,0.27637848
0,0.5544903
0,0.39560315
0,0.35521653
0,0.3221405
0,0.31242368
0,0.3130263
0,0.29830402
0,0.29651666
0,0.29729724
0,0.27856043
0,0.2846558
0,0.28595218
0,0.28816098
0,0.28417978
0,0.28757226
0,0.28400272
0,0.5219644
0,0.40326816
0,0.34513974
0,0.29749742
0,0.261553
0,0.2307831
0,0.20762964
0,0.19628064
0,0.18748793
0,0.18585275
0,0.1862853
0,0.1895653
0,0.23763756
0,0.20186023
0,0.2878594
0,0.2729405
0,0.53203493
0,0.3745497
0,0.29381377
0,0.24650422
0,0.21285278
0,0.18229897
0,0.16096747
0,0.15699501
0,0.15076894
0,0.15000522
0,0.14814086
0,0.14964086
0,0.15142047
0,0.16050413
0,0.20801315
0,0.19370943
0,0.18041241
0,0.17215975
0,0.16943681
0,0.1720882
0,0.17494115
0,0.18131104
0,0.18592219
0,0.19822524
0,0.2144001
0,0.22003123
0,0.23849174
0,0.24514468
0,0.26129833
0,0.2670335
0,0.28119597
0,0.27772748
0,0.27732724
0,0.28094965
0,0.27455482
0,0.26808006
0,0.27829596
0,0.27730694
0,0.27533987
0,0.27290305
0,0.2701177
0,0.27842173
0,0.2688134
0,0.2681089
0,0.26854143
0,0.28075385
0,0.28026152
0,0.4126998
0,0.37216502
0,0.32979733
0,0.31250563
0,0.29547244
0,0.28467038
0,0.27615646
0,0.27046943
0,0.27291423
0,0.2746873
0,0.42855838
0,0.3640479
0,0.33687952
0,0.3202059
0,0.32212126
0,0.30948848
0,0.2998033
0,0.28359187
0,0.28258356
0,0.29179612
0,0.28168726
0,0.29204732
0,0.27620542
0,0.26796052
0,0.2698801
0,0.26292935
0,0.26279786
0,0.2614145
0,0.30524105
0,0.26888993
0,0.28328386
0,0.2731938
0,0.2636067
0,0.26396927
0,0.26276663
0,0.3311577
0,0.2680884
0,0.25394204
0,0.24676347
0,0.24286927
0,0.2971015
0,0.28683358
0,0.28527772
0,0.28585473
0,0.28078207
0,0.28201878
0,0.28047076
0,0.2743888
0,0.268437
0,0.30924693
0,0.2802321
0,0.2759531
0,0.28082347
0,0.26426062
0,0.31043708
0,0.27281252
0,0.26542193
0,0.26461104
0,0.2777021
0,0.27253738
0,0.26773357
0,0.26155347
0,0.26522037
0,0.2655676
0,0.25952828
0,0.269526
0,0.26364586
0,0.26706037
0,0.26103163
0,0.27904263
0,0.28152943
0,0.27740422
0,0.30687997
0,0.28793612
0,0.28249028
0,0.27970898
0,0.2855408
0,0.29236794
0,0.28214112
0,0.2788184
0,0.27673605
0,0.4415647
0,0.35775843
0,0.31905743
0,0.30806956
0,0.30221617
0,0.29988277
0,0.29583398
0,0.29265973
0,0.29898623
0,0.4093293
0,0.3386681
0,0.31632048
0,0.29875192
0,0.29277912
0,0.28384042
0,0.2787262
0,0.26744795
0,0.27440894
0,0.2780742
0,0.26783463
0,0.26236787
0,0.2633866
0,0.26111883
0,0.26487613
0,0.26152495
0,0.26366845
0,0.27150545
0,0.26711646
0,0.27271774
0,0.26533845
0,0.28222728
0,0.28391513
0,0.28079167
0,0.28808314
0,0.28552642
0,0.27389207
0,0.28436038
0,0.28649172
0,0.29029042
0,0.28486252
0,0.28343692
0,0.28089464
0,0.28994986
0,0.28772715
0,0.2858333
0,0.29615045
0,0.28671277
0,0.28982207
0,0.2999127
0,0.30066073
0,0.2895181
0,0.2777428
0,0.27005562
0,0.29272404
0,0.2936375
0,0.28427377
0,0.28018638
0,0.2732484
0,0.26850337
0,0.2641873
0,0.26510915
0,0.28158572
0,0.28475273
0,0.28743836
0,0.28018284
0,0.28026325
0,0.28288427
0,0.2832283
0,0.27492562
0,0.27453712
0,0.2809119
0,0.28462064
0,0.27578044
0,0.27143428
0,0.2764406
0,0.27376232
0,0.2800628
0,0.51699424
0,0.3906259
0,0.3595518
0,0.33701435
0,0.34385204
0,0.31977218
0,0.32179442
0,0.31270173
0,0.30268466
0,0.29883748
0,0.29966617
0,0.2977618
0,0.2959632
0,0.29378176
0,0.28792146
0,0.29248342
0,0.2789162
0,0.2961132
0,0.25562948
0,0.23304962
0,0.20877361
0,0.19771983
0,0.19699696
0,0.19776258
0,0.20246345
0,0.20553672
0,0.21024716
0,0.2127625
0,0.2450238
0,0.23925929
0,0.3037515
0,0.28368303
0,0.27844912
0,0.27996534
0,0.2852296
0,0.28915563
0,0.2861108
0,0.28740513
0,0.27878127
0,0.29450536
0,0.2815954
0,0.2780516
0,0.27516708
0,0.27490517
0,0.28903845
0,0.27915767
0,0.27584934
0,0.2940114
0,0.28698167
0,0.29116964
0,0.29059806
0,0.27891317
0,0.27662542
0,0.275045
0,0.28273547
0,0.28089383
0,0.2861484
0,0.2872761
0,0.311159
0,0.2958667
0,0.28747788
0,0.28910986
0,0.2880724
0,0.2876146
0,0.28870547
0,0.29679564
0,0.29817662
0,0.3025319
0,0.29247972
0,0.28706944
0,0.2853175
0,0.28546852
0,0.2823032
0,0.2842426
0,0.27658966
0,0.2976506
0,0.2833141
0,0.28966454
0,0.28616148
0,0.28056538
0,0.2747381
0,0.4180266
0,0.38601136
0,0.3320597
0,0.32175893
0,0.29105636
0,0.2924015
0,0.2835497
0,0.2883335
0,0.28588414
0,0.28490552
0,0.2794243
0,0.30404893
0,0.2881167
0,0.28594923
0,0.28558874
0,0.27829343
0,0.29013377
0,0.27955097
0,0.27970108
0,0.2847197
0,0.28219151
0,0.27673906
0,0.27648428
0,0.27133143
0,0.27178946
0,0.26884124
0,0.27053073
0,0.2640406
0,0.27792808
0,0.26590803
0,0.27072486
0,0.27222642
0,0.2658457
0,0.26816005
0,0.2691817
0,0.28386173
0,0.2716557
0,0.28238276
0,0.27729952
0,0.27678016
0,0.27233958
0,0.26991946
0,0.2756125
0,0.2701755
0,0.26801234
0,0.27179432
0,0.2831107
0,0.28458405
0,0.27062592
0,0.26514223
0,0.26870677
0,0.2760758
0,0.2774009
0,0.2723834
0,0.27517596
0,0.27191967
0,0.2729411
0,0.27473867
0,0.26875883
0,0.27702886
0,0.2796765
0,0.2741876
0,0.27412912
0,0.28042
0,0.2825128
0,0.2761096
0,0.27881074
0,0.27493444
0,0.27728003
0,0.27089947
0,0.26592892
0,0.26075944
0,0.2635024
0,0.27075616
0,0.26369965
0,0.27748397
0,0.26458278
0,0.2724824
0,0.28683165
0,0.29787335
0,0.3060774
0,0.2814492
0,0.2794086
0,0.32471257
0,0.28872764
0,0.2924882
0,0.2890207
0,0.2775991
0,0.2823917
0,0.2776181
0,0.27494708
0,0.26815274
0,0.27075252
0,0.26922452
0,0.26923266
0,0.2675371
0,0.28712803
0,0.2920647
0,0.28484192
0,0.2788223
0,0.27248675
0,0.27582097
0,0.27074602
0,0.27019647
0,0.2767575
0,0.2788861
0,0.26941857
0,0.2745464
0,0.2652922
0,0.25952584
0,0.26562268
0,0.27015576
0,0.26748982
0,0.33046442
0,0.29931036
0,0.29922277
0,0.29943496
0,0.2833013
0,0.288818
0,0.29106268
0,0.2803374
0,0.27203768
0,0.27221876
0,0.2784542
0,0.53255314
0,0.38914487
0,0.5215967
0,0.56088364
0,0.4571219
0,0.38670078
0,0.33884025
0,0.34591597
0,0.31443393
0,0.26128432
0,0.22161138
0,0.1954933
0,0.16954347
0,0.1533711
0,0.14109008
0,0.1384407
0,0.14024074
0,0.13648486
0,0.14363688
0,0.13989393
0,0.14478639
0,0.15941967
0,0.15959737
0,0.17032531
0,0.1839826
0,0.19253023
0,0.20095327
0,0.21704915
0,0.24132186
0,0.24118395
0,0.2876958
0,0.26864192
0,0.2882975
0,0.2687301
0,0.27532938
0,0.2721224
0,0.27791038
0,0.27348974
0,0.27320102
0,0.2744052
0,0.27650675
0,0.28929165
0,0.28160787
0,0.27866656
0,0.29053542
0,0.27167788
0,0.26951578
0,0.29565573
0,0.28102016
0,0.27210635
0,0.2759268
0,0.27071786
0,0.26772133
0,0.28176463
0,0.26977757
0,0.2740456
0,0.2711719
0,0.27410445
0,0.28264612
0,0.28416765
0,0.28265986
0,0.27504948
0,0.2676232
0,0.26935634
0,0.26770696
0,0.26974106
0,0.26538882
0,0.2689226
0,0.3138545
0,0.28643024
0,0.2905889
0,0.28178558
0,0.27896792
0,0.2779312
0,0.273022
0,0.27001616
0,0.25843534
0,0.27212787
0,0.29694593
0,0.2790643
0,0.2871943
0,0.2747704
0,0.27564567
0,0.27040488
0,0.27246118
0,0.27579492
0,0.27170637
0,0.26753673
0,0.28234255
0,0.28520754
0,0.27475247
0,0.27638632
0,0.28143415
0,0.2776468
0,0.26963294
0,0.28859535
0,0.29192537
0,0.2777042
0,0.2766387
0,0.2815217
0,0.29038712
0,0.2821052
0,0.2856319
0,0.2802519
0,0.28789458
0,0.28721234
0,0.28149125
0,0.27891085
0,0.27475226
0,0.27801594
0,0.27134788
0,0.28206918
0,0.27223387
0,0.27175266
0,0.28193653
0,0.27087107
0,0.28344744
0,0.28355494
0,0.2704568
0,0.29171097
0,0.2811301
0,0.29671732
0,0.28238487
0,0.2719514
0,0.2837549
0,0.28489822
0,0.29314968
0,0.29508597
0,0.28183404
0,0.28610027
0,0.28263277
0,0.27734935
0,0.29798833
0,0.2890875
0,0.28412688
0,0.29773957
0,0.30449417
0,0.28812182
0,0.3020223
0,0.283176
0,0.2887466
0,0.2789857
0,0.27494076
0,0.27434132
0,0.27792394
0,0.3736823
0,0.3902978
0,0.32221237
0,0.3110667
0,0.28789076
0,0.28006428
0,0.27673045
0,0.28263324
0,0.2758127
0,0.2644394
0,0.27304086
0,0.26708573
0,0.27840698
0,0.6748693
0,0.4778204
0,0.43644482
0,0.39083442
0,0.34809703
0,0.31553397
0,0.30286676
0,0.2821194
0,0.27147686
0,0.25840393
0,0.24820617
0,0.23765782
0,0.23220216
0,0.21574926
0,0.22208606
0,0.21298662
0,0.21944006
0,0.24494724
0,0.23487207
0,0.22786447
0,0.22480172
0,0.23479734
0,0.23855427
0,0.24156268
0,0.24669443
0,0.24831575
0,0.2550977
0,0.26143882
0,0.26372924
0,0.28548104
0,0.28637534
0,0.28621614
0,0.28296807
0,0.28080624
0,0.2873768
0,0.27611107
0,0.29780656
0,0.27557394
0,0.27517605
0,0.5113412
0,0.37826172
0,0.34175947
0,0.4654462
0,0.3583049
0,0.32459673
0,0.31572217
0,0.30067196
0,0.29529685
0,0.28330714
0,0.26962504
0,0.26349288
0,0.2637946
0,0.260066
0,0.26476023
0,0.27379537
0,0.2643618
0,0.2555039
0,0.25356054
0,0.24747454
0,0.24358687
0,0.23986635
0,0.24389635
0,0.24385965
0,0.25848898
0,0.25133193
0,0.26206577
0,0.26963568
0,0.26611763
0,0.270866
0,0.28423584
0,0.2750365
0,0.2760783
0,0.2767255
0,0.27127424
0,0.2760626
0,0.27636507
0,0.28473306
0,0.2814088
0,0.27893466
0,0.2800761
0,0.280564
0,0.2916941
0,0.2819413
0,0.27762902
0,0.29112476
0,0.28117618
0,0.27867728
0,0.27732375
0,0.2755457
0,0.296401
0,0.2912784
0,0.28685528
0,0.28099632
0,0.27489787
0,0.28532887
0,0.28369504
0,0.27618477
0,0.45810375
0,0.3582866
0,0.31227803
0,0.32720378
0,0.3012227
0,0.28864548
0,0.2866488
0,0.29307568
0,0.28008625
0,0.2760418
0,0.2725225
0,0.26524472
0,0.27380717
0,0.275883
0,0.26130277
0,0.27450842
0,0.26939532
0,0.26893225
0,0.2710318
0,0.27422228
0,0.28209132
0,0.28274813
0,0.2765023
0,0.27448803
0,0.28371385
0,0.29531404
0,0.29169875
0,0.27932808
0,0.27556705
0,0.27556464
0,0.26376426
0,0.2682913
0,0.26952538
0,0.2798822
0,0.2689541
0,0.32553646
0,0.31593436
0,0.3233894
0,0.29175183
0,0.28550577
0,0.280893
0,0.28419578
0,0.2813655
0,0.27645233
0,0.27137747
0,0.28131443
0,0.27626804
0,0.2746176
0,0.272576
0,0.27395722
0,0.27480754
0,0.27361745
0,0.27958003
0,0.29253417
0,0.28199646
0,0.29783118
0,0.28945336
0,0.29738823
0,0.29144758
0,0.32058382
0,0.31075016
0,0.29058975
0,0.2815193
0,0.27021265
0,0.28214288
0,0.27308977
0,0.27037328
0,0.2715339
0,0.27497748
0,0.27566156
0,0.29252595
0,0.29881996
0,0.2784214
0,0.26795825
0,0.2696706
0,0.26607573
0,0.274853
0,0.26693073
0,0.2741532
0,0.26714846
0,0.2727098
0,0.27104044
0,0.2849571
0,0.2777149
0,0.26876193
0,0.26223284
0,0.2887794
0,0.27096677
0,0.27292633
0,0.27470598
0,0.26600766
0,0.29751337
0,0.27776703
0,0.27099475
0,0.2717766
0,0.2753776
0,0.27211383
0,0.27516207
0,0.2747341
0,0.27300286
0,0.2708419
0,0.26613745
0,0.27954942
0,0.27730775
0,0.27887312
0,0.27873686
0,0.28545928
0,0.27551484
0,0.2868491
0,0.27953476
0,0.27427155
0,0.28052503
0,0.28388545
0,0.27204573
0,0.27114028
0,0.29918426
0,0.28238335
0,0.2887659
0,0.28802595
0,0.28731105
0,0.28606746
0,0.28161874
0,0.28642628
0,0.2840095
0,0.27423406
0,0.2735806
0,0.27399972
0,0.40141004
0,0.33340782
0,0.3847334
0,0.3368539
0,0.31887957
0,0.30404294
0,0.2895698
0,0.4492443
0,0.35918006
0,0.34099928
0,0.31688514
0,0.29790333
0,0.30716515
0,0.29154685
0,0.2744001
0,0.2686053
0,0.26234546
0,0.25554946
0,0.25738904
0,0.23541954
0,0.22951952
0,0.21078771
0,0.21387605
0,0.207039
0,0.21593602
0,0.26640156
0,0.24117374
0,0.23915493
0,0.24155352
0,0.24294385
0,0.26680574
0,0.2607255
0,0.26580268
0,0.2737274
0,0.26581302
0,0.264431
0,0.26804143
0,0.26404357
0,0.2745036
0,0.27551562
0,0.2790959
0,0.27067924
0,0.2728459
0,0.27301306
0,0.27779192
0,0.26378706
0,0.28202903
0,0.27261466
0,0.38198978
0,0.31239283
0,0.30449826
0,0.29209977
0,0.28555283
0,0.28112885
0,0.28007874
0,0.27498016
0,0.31179503
0,0.28640383
0,0.28384
0,0.27335867
0,0.27716002
0,0.29081756
0,0.3007261
0,0.2894664
0,0.28257716
0,0.27990103
0,0.27670255
0,0.27597386
0,0.29919904
0,0.27968475
0,0.4464424
0,0.36202216
0,0.43937755
0,0.36665842
0,0.32592857
0,0.3147191
0,0.31893885
0,0.30100098
0,0.28557026
0,0.272474
0,0.27790606
0,0.32267472
0,0.28513345
0,0.2838471
0,0.26948047
0,0.26690507
0,0.2482933
0,0.2453897
0,0.28335756
0,0.24592961
0,0.21863295
0,0.20576018
0,0.20072149
0,0.19874094
0,0.27571872
0,0.23321863
0,0.21047655
0,0.20296398
0,0.20859824
0,0.21225226
0,0.2646337
0,0.27301902
0,0.27800024
0,0.27516118
0,0.269664
0,0.27454624
0,0.2828674
0,0.29784673
0,0.26968798
0,0.3039754
0,0.2925647
0,0.2679595
0,0.2656434
0,0.26451477
0,0.26665205
0,0.28864387
0,0.2606844
0,0.26787072
0,0.2871247
0,0.27981812
0,0.30450547
0,0.28778127
0,0.28541666
0,0.27788588
0,0.30382425
0,0.2997295
0,0.28529862
0,0.27585965
0,0.28800675
0,0.27508995
0,0.28627923
0,0.30260435
0,0.27749813
0,0.300574
0,0.31931242
0,0.30469364
0,0.30009797
0,0.3238087
0,0.30703992
0,0.3009399
0,0.28478104
0,0.29091376
0,0.27358484
0,0.2834476
0,0.28390273
0,0.2834738
0,0.27216744
0,0.27963677
0,0.2813354
0,0.26826853
0,0.29247168
0,0.28613245
0,0.29343906
0,0.28572574
0,0.30541745
0,0.27632138
0,0.29507393
0,0.2701957
0,0.27668807
0,0.27596128
0,0.27932236
0,0.2876669
0,0.27511513
0,0.26364443
0,0.27161336
0,0.27170998
0,0.28463763
0,0.2811033
0,0.27203223
0,0.27209777
0,0.29332975
0,0.28862405
0,0.2859135
0,0.28133976
0,0.29948276
0,0.30683687
0,0.2862911
0,0.2664393
0,0.29338208
0,0.273965
0,0.2837868
0,0.27810585
0,0.27087668
0,0.27559257
0,0.27191287
0,0.26835167
0,0.27359176
0,0.26412186
0,0.26880056
0,0.26570964
0,0.2679276
0,0.2689975
0,0.2732605
0,0.28766075
0,0.26713887
0,0.26581198
0,0.28724387
0,0.29118285
0,0.30149478
0,0.29939166
0,0.28378874
0,0.2965459
0,0.3079921
0,0.27480558
0,0.27163464
0,0.2854339
0,0.27028495
0,0.26542366
0,0.25953233
0,0.25823724
0,0.35071805
0,0.31326288
0,0.29766977
0,0.2978617
0,0.29516244
0,0.27804244
0,0.33395627
0,0.2901111
0,0.27652127
0,0.27171138
0,0.28145972
0,0.27425793
0,0.3831221
0,0.3249564
0,0.31175417
0,0.29107115
0,0.29269153
0,0.28921518
0,0.28704172
0,0.29499075
0,0.28641617
0,0.28373098
0,0.26918688
0,0.27527845
0,0.27034214
0,0.2748623
0,0.2979706
0,0.29641652
0,0.281755
0,0.26461613
0,0.26821125
0,0.2818475
0,0.26906198
0,0.29439506
0,0.2725504
0,0.27369094
0,0.26883927
0,0.27242845
0,0.27640918
0,0.26210484
0,0.26718113
0,0.27921468
0,0.28064167
0,0.27799764
0,0.30787608
0,0.35575563
0,0.30380794
0,0.29896548
0,0.27870816
0,0.2978337
0,0.28928947
0,0.28497073
0,0.28281313
0,0.28277522
0,0.3024873
0,0.2884381
0,0.27839687
0,0.29236084
0,0.27595896
0,0.29018033
0,0.2904219
0,0.2789131
0,0.29285425
0,0.27936652
0,0.28810334
0,0.29041985
0,0.2940621
0,0.2932754
0,0.2760471
0,0.27209955
0,0.26812106
0,0.26918143
0,0.2678184
0,0.25704807
0,0.26477632
0,0.2792407
0,0.26877454
0,0.28018293
0,0.28153047
0,0.28393427
0,0.4896602
0,0.57193935
0,0.45856687
0,0.3947977
0,0.35840723
0,0.32477662
0,0.32245994
0,0.29311544
0,0.28517047
0,0.2708623
0,0.26105052
0,0.26448366
0,0.2590837
0,0.2516483
0,0.24274895
0,0.21723022
0,0.20311375
0,0.20197186
0,0.19430052
0,0.18940268
0,0.18792684
0,0.19407266
0,0.20827776
0,0.2136515
0,0.24013607
0,0.23830177
0,0.2594079
0,0.24962041
0,0.25667402
0,0.26320532
0,0.29572156
0,0.2740222
0,0.27836305
0,0.27412826
0,0.28211516
0,0.2858373
0,0.29707378
0,0.27628335
0,0.29449922
0,0.28048712
0,0.29237336
0,0.28041592
0,0.2770052
0,0.27009803
0,0.2617769
0,0.26617023
0,0.26637155
0,0.26703218
0,0.26284903
0,0.26181677
0,0.28860727
0,0.3119752
0,0.30129185
0,0.298903
0,0.28535604
0,0.2738641
0,0.28697294
0,0.290967
0,0.28367952
0,0.27518377
0,0.32510796
0,0.28781626
0,0.2908213
0,0.2824023
0,0.28385
0,0.29480007
0,0.28802857
0,0.28639585
0,0.29621905
0,0.288588
0,0.28771117
0,0.285954
0,0.27211413
0,0.29465073
0,0.383789
0,0.33357307
0,0.30960628
0,0.2982499
0,0.27763006
0,0.50448346
0,0.36554638
0,0.33376527
0,0.30843672
0,0.29325157
0,0.2939124
0,0.2804496
0,0.27809185
0,0.269715
0,0.27120352
0,0.27883413
0,0.27265286
0,0.2688057
0,0.26546457
0,0.2671284
0,0.26494902
0,0.2564642
0,0.25893104
0,0.25901243
0,0.2694554
0,0.26617786
0,0.26174694
0,0.29261655
0,0.26463655
0,0.2666069
0,0.40176854
0,0.33537486
0,0.3300781
0,0.3043494
0,0.27796885
0,0.2967801
0,0.28638268
0,0.2959377
0,0.27924174
0,0.27391648
0,0.3000119
0,0.28308803
0,0.28111535
0,0.2732049
0,0.26835558
0,0.27077344
0,0.45037743
0,0.36223966
0,0.3184178
0,0.32466865
0,0.30216557
0,0.2823043
0,0.27760297
0,0.28501242
0,0.27168897
0,0.26500532
0,0.2819873
0,0.2699494
0,0.28024977
0,0.2724935
0,0.5546581
0,0.39026704
0,0.34290594
0,0.32558718
0,0.30717033
0,0.31088895
0,0.2942012
0,0.2805305
0,0.2685534
0,0.2673925
0,0.2730221
0,0.26273182
0,0.2608258
0,0.25846186
0,0.2611804
0,0.24624242
0,0.27174205
0,0.4094854
0,0.32729593
0,0.32737955
0,0.29468906
0,0.2738129
0,0.26508918
0,0.25565678
0,0.2574747
0,0.25285012
0,0.25997972
0,0.2568947
0,0.30941385
0,0.27520135
0,0.28992534
0,0.27661136
0,0.2938621
0,0.28136107
0,0.29884067
0,0.28035805
0,0.27993315
0,0.282814
0,0.26446325
0,0.2672249
0,0.2627514
0,0.26515448
0,0.3760123
0,0.31984317
0,0.3207948
0,0.29298875
0,0.2745337
0,0.27351955
0,0.29507738
0,0.31931868
0,0.2938042
0,0.302247
0,0.2905658
0,0.29733762
0,0.29823652
0,0.3102184
0,0.2898833
0,0.27167723
0,0.28924248
0,0.27103055
0,0.26985848
0,0.27276343
0,0.28340057
0,0.2723343
0,0.28330395
0,0.3005612
0,0.377488
0,0.3358587
0,0.30263412
0,0.30010638
0,0.30597124
0,0.29164016
0,0.28314534
0,0.28764674
0,0.2807939
0,0.27176055
0,0.2848344
0,0.28122252
0,0.28273314
0,0.28978053
0,0.26441002
0,0.2699563
0,0.27393386
0,0.28102016
0,0.2775077
0,0.27701873
0,0.29236552
0,0.2806555
0,0.2879672
0,0.2802626
0,0.27858698
0,0.28907937
0,0.28688544
0,0.28485757
0,0.27036172
0,0.27359104
0,0.27529493
0,0.26335055
0,0.28141144
0,0.27138546
0,0.27967754
0,0.28359017
0,0.27370885
0,0.27942422
0,0.26929694
0,0.26707754
0,0.26301196
0,0.27342424
0,0.2812742
0,0.29038987
0,0.28615347
0,0.2702357
0,0.28126216
0,0.28060773
0,0.28147146
0,0.28308198
0,0.2936221
0,0.27738342
0,0.2712882
0,0.2866218
0,0.27731746
0,0.26901367
0,0.27096742
0,0.27533382
0,0.28558517
0,0.2780636
0,0.28266835
0,0.2887977
0,0.2775491
0,0.2800419
0,0.2659957
0,0.28103444
0,0.28347832
0,0.26762626
0,0.26565856
0,0.28806433
0,0.27809674
0,0.2788349
0,0.2714681
0,0.26554704
0,0.2901706
0,0.27150044
0,0.27992922
0,0.2821815
0,0.29381448
0,0.2884596
0,0.29748237
0,0.28851825
0,0.2714722
0,0.27917552
0,0.27783012
0,0.2879449
0,0.2824857
0,0.28010347
0,0.28806627
0,0.27935046
0,0.29014742
0,0.28166962
0,0.28000426
0,0.2694101
0,0.2732266
0,0.27793583
0,0.28210375
0,0.2751597
0,0.27870482
0,0.26634023
0,0.27995545
0,0.26501372
0,0.25809592
0,0.26106003
0,0.2611211
0,0.27479714
0,0.29170665
0,0.2692851
0,0.2619381
0,0.25975612
0,0.36924312
0,0.33015034
0,0.29846513
0,0.28494722
0,0.27193913
0,0.27025825
0,0.25939193
0,0.26922235
0,0.26564723
0,0.2806397
0,0.26771376
0,0.30810043
0,0.29802647
0,0.273855
0,0.2783851
0,0.27555194
0,0.27366722
0,0.28366268
0,0.34588873
0,0.3027826
0,0.30536005
0,0.29771653
0,0.28419465
0,0.27657223
0,0.29762763
0,0.28013748
0,0.27105924
0,0.27016845
0,0.27899855
0,0.259883
0,0.27584717
0,0.27827156
0,0.27934548
0,0.28403953
0,0.28506875
0,0.28574878
0,0.279197
0,0.2760282
0,0.2787432
0,0.28024563
0,0.26423204
0,0.26538652
0,0.26118734
0,0.26871714
0,0.26759654
0,0.49141288
0,0.3697591
0,0.33645698
0,0.31338683
0,0.29675722
0,0.29575333
0,0.2923854
0,0.30551228
0,0.48707783
0,0.34991255
0,0.30897248
0,0.29696283
0,0.28444254
0,0.28703666
0,0.28553408
0,0.2837968
0,0.2796985
0,0.27230096
0,0.28291544
0,0.28659296
0,0.2693152
0,0.27245823
0,0.2639069
0,0.24850504
0,0.2557588
0,0.24783762
0,0.25732076
0,0.26941234
0,0.26755425
0,0.2564764
0,0.27487576
0,0.26168713
0,0.2667203
0,0.28012374
0,0.28064775
0,0.292662
0,0.29742897
0,0.29328135
0,0.29663733
0,0.28771818
0,0.26873738
0,0.27248225
0,0.2757306
0,0.28290012
0,0.28671998
0,0.31182712
0,0.2785452
0,0.27503303
0,0.4734758
0,0.3570368
0,0.32288447
0,0.33793083
0,0.3014772
0,0.28926387
0,0.28936112
0,0.28204367
0,0.2852476
0,0.2917506
0,0.29950696
0,0.29250726
0,0.27733523
0,0.27817917
0,0.26688007
0,0.26743928
0,0.28482774
0,0.27018714
0,0.27195185
0,0.26680163
0,0.2803375
0,0.33705932
0,0.28186405
0,0.27043733
0,0.28547406
0,0.27315232
0,0.26542628
0,0.26460046
0,0.28855997
0,0.2854604
0,0.29048273
0,0.2892461
0,0.2659605
0,0.27950996
0,0.2764794
0,0.2938315
0,0.28242806
0,0.2997855
0,0.28208223
0,0.29833132
0,0.28818285
0,0.2774728
0,0.26536262
0,0.5237936
0,0.43336898
0,0.38461843
0,0.32693496
0,0.3284007
0,0.30809936
0,0.27785832
0,0.28329003
0,0.27835745
0,0.26973745
0,0.29114565
0,0.27266383
0,0.28919864
0,0.40289435
0,0.3207424
0,0.33806944
0,0.33013916
0,0.27934656
0,0.25043076
0,0.22501683
0,0.35150883
0,0.2723314
0,0.21826684
0,0.19376588
0,0.19127923
0,0.17854168
0,0.16956343
0,0.16015851
0,0.16833301
0,0.16479434
0,0.23280662
0,0.22160754
0,0.2044765
0,0.19999115
0,0.19075869
0,0.33361918
0,0.26131862
0,0.21811728
0,0.19140309
0,0.19259873
0,0.18032445
0,0.18036965
0,0.18773961
0,0.2187651
0,0.22711708
0,0.2381988
0,0.25619444
0,0.23785263
0,0.2385779
0,0.21654212
0,0.28450832
0,0.2548448
0,0.22790512
0,0.21007045
0,0.1956063
0,0.18300466
0,0.17012545
0,0.16709472
0,0.15802191
0,0.16772066
0,0.16674978
0,0.17452578
0,0.18555497
0,0.1916081
0,0.19793235
0,0.2382547
0,0.22487098
0,0.2271725
0,0.236699
0,0.24339728
0,0.24018769
0,0.25476655
0,0.28094453
0,0.2781039
0,0.28002715
0,0.27271065
0,0.4049053
0,0.34084478
0,0.3245304
0,0.3112379
0,0.29949167
0,0.29158652
0,0.28015727
0,0.28601798
0,0.28332195
0,0.28405026
0,0.2777483
0,0.28119212
0,0.27580038
0,0.27820444
0,0.28049627
0,0.26532072
0,0.30250677
0,0.3911964
0,0.33899716
0,0.30431867
0,0.29827327
0,0.2794439
0,0.27153558
0,0.2700157
0,0.2990132
0,0.28748477
0,0.2842673
0,0.27958956
0,0.2757747
0,0.2713966
0,0.26135615
0,0.29037994
0,0.2744431
0,0.27565366
0,0.2716474
0,0.27739185
0,0.27058366
0,0.29123086
0,0.2957331
0,0.27110836
0,0.28912646
0,0.30874357
0,0.304474
0,0.2862915
0,0.2740537
0,0.30658108
0,0.29719007
0,0.29763266
0,0.2953436
0,0.28988233
0,0.32739073
0,0.30831763
0,0.316885
0,0.2887223
0,0.29257
0,0.29056302
0,0.29001883
0,0.27331275
0,0.29628527
0,0.29032966
0,0.2737142
0,0.28195703
0,0.5034904
0,0.4008271
0,0.35066807
0,0.33893237
0,0.31060106
0,0.32741076
0,0.30818808
0,0.28829595
0,0.2807537
0,0.28779978
0,0.35585466
0,0.3142261
0,0.27580458
0,0.2695076
0,0.24679112
0,0.2376796
0,0.22509477
0,0.2133121
0,0.20389551
0,0.18975449
0,0.18073477
0,0.17819211
0,0.18689989
0,0.18763243
0,0.2017524
0,0.21941337
0,0.23025937
0,0.23941855
0,0.23701635
0,0.2432073
0,0.27082476
0,0.2591106
0,0.26549655
0,0.2990406
0,0.2824268
0,0.2730913
0,0.26729992
0,0.25811076
0,0.2688027
0,0.25606278
0,0.25407907
0,0.25844085
0,0.27478725
0,0.2829283
0,0.2867384
0,0.31552106
0,0.28331476
0,0.2971474
0,0.2948804
0,0.3069462
0,0.27651852
0,0.2876821
0,0.30115855
0,0.29519996
0,0.28162682
0,0.29501137
0,0.30619842
0,0.29464674
0,0.30800125
0,0.3125336
0,0.2981865
0,0.29513547
0,0.29527315
0,0.30163115
0,0.29135093
0,0.2878986
0,0.30098307
0,0.28989458
0,0.28656644
0,0.29979193
0,0.28714097
0,0.27710336
0,0.26411742
0,0.37527406
0,0.31349006
0,0.29924324
0,0.28992414
0,0.28769246
0,0.26791054
0,0.27374393
0,0.28519967
0,0.28360215
0,0.28800467
0,0.30041587
0,0.2840477
0,0.26813078
0,0.2689451
0,0.27574962
0,0.28154612
0,0.27393857
0,0.2691377
0,0.2895556
0,0.28415164
0,0.27484578
0,0.2621448
0,0.28820798
0,0.26725072
0,0.25678322
0,0.26021937
0,0.26434436
0,0.28392717
0,0.27929792
0,0.27085733
0,0.2899532
0,0.28392053
0,0.27889523
0,0.2831926
0,0.27774122
0,0.28993317
0,0.28285217
0,0.2920333
0,0.29250565
0,0.29521453
0,0.30410922
0,0.31065091
0,0.28880203
0,0.30942836
0,0.28910103
0,0.27085894
0,0.30243087
0,0.28263858
0,0.280411
0,0.27349958
0,0.26281777
0,0.28848827
0,0.27455583
0,0.2970137
0,0.30050376
0,0.30270112
0,0.28000924
0,0.2746411
0,0.29740918
0,0.30307955
0,0.27611542
0,0.3015437
0,0.42131618
0,0.3589054
0,0.32201964
0,0.3013295
0,0.29374984
0,0.27901894
0,0.26739305
0,0.28417465
0,0.2771498
0,0.2703911
0,0.28265184
0,0.27089283
0,0.28163582
0,0.28528228
0,0.26545438
0,0.2802616
0,0.28307307
0,0.2845326
0,0.28567854
0,0.26823393
0,0.27919796
0,0.26865113
0,0.25855327
0,0.27296647
0,0.2619588
0,0.28172776
0,0.2800467
0,0.28165883
0,0.27068174
0,0.27993134
0,0.2798455
0,0.29368642
0,0.28164625
0,0.29342017
0,0.28556687
0,0.30043915
0,0.28750485
0,0.26625144
0,0.2619135
0,0.25466245
0,0.2708342
0,0.34952947
0,0.30242586
0,0.33151963
0,0.30432802
0,0.2952571
0,0.28587234
0,0.2804867
0,0.28611255
0,0.2815174
0,0.28611323
0,0.27785343
0,0.28594673
0,0.27168542
0,0.26720622
0,0.2951239
0,0.2760563
0,0.27131578
0,0.2631867
0,0.28656456
0,0.2950069
0,0.2740549
0,0.269506
0,0.2673329
0,0.2732283
0,0.28853104
0,0.26903915
0,0.30118972
0,0.29973504
0,0.2682971
0,0.27077746
0,0.2847141
0,0.2771081
0,0.26605058
0,0.28287676
0,0.29172745
0,0.2744959
0,0.2858518
0,0.2926301
0,0.29342267
0,0.2919433
0,0.2848453
0,0.27555883
0,0.28426942
0,0.28455216
0,0.27139643
0,0.2840892
0,0.2820182
0,0.26824266
0,0.28812692
0,0.30177796
0,0.289838
0,0.27278093
0,0.28340057
0,0.2827869
0,0.29298097
0,0.28476825
0,0.2662522
0,0.2750977
0,0.29323712
0,0.28710213
0,0.28236017
0,0.28463733
0,0.28123748
0,0.29145062
0,0.30085072
0,0.29095095
0,0.2849308
0,0.2810304
0,0.27240008
0,0.2969136
0,0.2924298
0,0.279738
0,0.28311774
0,0.29386997
0,0.28618687
0,0.2796011
0,0.2739033
0,0.27028036
0,0.29665443
0,0.27921745
0,0.30855495
0,0.30676973
0,0.2819485
0,0.27661157
0,0.2730998
0,0.2682638
0,0.27141637
0,0.2766465
0,0.3275263
0,0.28656155
0,0.2830065
0,0.27184018
0,0.27260038
0,0.2689522
0,0.2872829
0,0.26858702
0,0.28841493
0,0.2753687
0,0.2748791
0,0.26327705
0,0.25965804
0,0.26965714
0,0.26223361
0,0.2671707
0,0.28034866
0,0.2883761
0,0.27069992
0,0.27103907
0,0.26422328
0,0.27753648
0,0.26741305
0,0.28312406
0,0.25917563
0,0.27688536
0,0.28012764
0,0.2609071
0,0.2764609
0,0.26095194
0,0.25782958
0,0.2762779
0,0.2778255
0,0.29193908
0,0.28959236
0,0.26649058
0,0.28518036
0,0.29529166
0,0.29834384
0,0.28945965
0,0.34050015
0,0.30456716
0,0.28887513
0,0.29932278
0,0.2888503
0,0.30096072
0,0.28821513
0,0.2919907
0,0.30754894
0,0.30973294
0,0.29177055
0,0.2944033
0,0.29539013
0,0.29446608
0,0.28308198
0,0.27719805
0,0.26441538
0,0.28031382
0,0.26919457
0,0.26950285
0,0.26839414
0,0.2784673
0,0.2809042
0,0.26977354
0,0.26934335
0,0.26898018
0,0.26519194
0,0.28805697
0,0.2833256
0,0.2995266
0,0.29037678
0,0.28645098
0,0.29880664
0,0.29064047
0,0.27633095
0,0.2799772
0,0.28385767
0,0.27527848
0,0.280991
0,0.30113667
0,0.27400038
0,0.27597684
0,0.26713812
0,0.27184013
0,0.31282145
0,0.39920413
0,0.3092959
0,0.2992206
0,0.3037591
0,0.2831487
0,0.30398726
0,0.29092842
0,0.29169717
0,0.28300107
0,0.35566682
0,0.33398554
0,0.300531
0,0.28171346
0,0.29256204
0,0.29410505
0,0.28144225
0,0.27359915
0,0.27590513
0,0.2840596
0,0.28449845
0,0.26788694
0,0.26488012
0,0.260617
0,0.26574823
0,0.26933187
0,0.28422874
0,0.2887088
0,0.28108552
0,0.27756125
0,0.27588746
0,0.273859
0,0.2847593
0,0.26737478
0,0.2728055
0,0.28312036
0,0.26628485
0,0.27013868
0,0.25997093
0,0.2644789
0,0.2628472
0,0.2679464
0,0.27664503
0,0.29131526
0,0.29151645
0,0.27649164
0,0.2622959
0,0.26778144
0,0.2661791
0,0.2689612
0,0.27145895
0,0.2873358
0,0.27068672
0,0.26671106
0,0.27064362
0,0.2754879
0,0.27788717
0,0.2731667
0,0.2727466
0,0.2711227
0,0.2720582
0,0.26666796
0,0.26125985
0,0.27615774
0,0.2627839
0,0.27256486
0,0.25922707
0,0.27136642
0,0.29197925
0,0.26674742
0,0.29645997
0,0.27666783
0,0.26770058
0,0.2698192
0,0.27282983
0,0.28036386
0,0.29391512
0,0.28149784
0,0.27408585
0,0.28275636
0,0.275248
0,0.27128235
0,0.2784392
0,0.2912869
0,0.29570174
0,0.26967973
0,0.28014293
0,0.27918753
0,0.29584602
0,0.2963296
0,0.32962865
0,0.29955256
0,0.28414246
0,0.27102038
0,0.27700377
0,0.3883275
0,0.3955061
0,0.32484597
0,0.29761708
0,0.2868438
0,0.29659712
0,0.2710966
0,0.28802043
0,0.29049075
0,0.29466236
0,0.3024873
0,0.3071823
0,0.29676607
0,0.28142866
0,0.2757915
0,0.2747648
0,0.2871566
0,0.2741073
0,0.2788836
0,0.27088705
0,0.26003617
0,0.2618773
0,0.27299654
0,0.27831855
0,0.2786425
0,0.26863694
0,0.27677253
0,0.2779954
0,0.27856326
0,0.26727733
0,0.2551342
0,0.2696379
0,0.27493352
0,0.27613008
0,0.27727345
0,0.28786418
0,0.28134543
0,0.263253
0,0.277201
0,0.26951718
0,0.27314448
0,0.2736453
0,0.26883584
0,0.28304303
0,0.28030825
0,0.26748428
0,0.26708707
0,0.28104463
0,0.2757782
0,0.28556928
0,0.27673337
0,0.27040413
0,0.35446697
0,0.30695462
0,0.28603232
0,0.28103924
0,0.27824166
0,0.26648885
0,0.26643354
0,0.28610533
0,0.27792314
0,0.26633537
0,0.26994744
0,0.26961863
0,0.3788602
0,0.30921128
0,0.2990107
0,0.2880977
0,0.28551763
0,0.27212894
0,0.2729151
0,0.27414668
0,0.27188224
0,0.28533956
0,0.28927693
0,0.27501982
0,0.2633381
0,0.2752063
0,0.26641384
0,0.2736576
0,0.28148112
0,0.2900322
0,0.30719984
0,0.3091623
0,0.27936113
0,0.27344805
0,0.2828604
0,0.28682014
0,0.2993481
0,0.29176992
0,0.29043627
0,0.289456
0,0.2836117
0,0.274924
0,0.2824052
0,0.27163061
0,0.27588472
0,0.2738734
0,0.27382421
0,0.2644122
0,0.26365504
0,0.2661147
0,0.25403982
0,0.2612406
0,0.26108238
0,0.2902042
0,0.28928897
0,0.3050522
0,0.27709287
0,0.3039083
0,0.29016903
0,0.28574562
0,0.30398062
0,0.29751897
0,0.2966041
0,0.3064045
0,0.2882839
0,0.318121
0,0.29899654
0,0.30972323
0,0.29920775
0,0.30557942
0,0.29613355
0,0.29290056
0,0.27928644
0,0.27349746
0,0.26979113
0,0.26578593
0,0.26408008
0,0.2825949
0,0.2750442
0,0.2750011
0,0.26248398
0,0.26509675
0,0.27133957
0,0.2766996
0,0.27233705
0,0.31161216
0,0.30325338
0,0.2771604
0,0.26532993
0,0.28212935
0,0.29581895
0,0.2724619
0,0.27503827
0,0.3096538
0,0.28313118
0,0.27957314
0,0.27361003
0,0.28602105
0,0.30574173
0,0.3025813
0,0.29624474
0,0.31854436
0,0.3012171
0,0.27842876
0,0.27093717
0,0.2707079
0,0.27745366
0,0.27256224
0,0.2831961
0,0.27299392
0,0.27518994
0,0.2617547
0,0.27176726
0,0.29557344
0,0.31535453
0,0.30560938
0,0.29112372
0,0.28785032
0,0.29542053
0,0.27054057
0,0.27803698
0,0.28850746
0,0.30231917
0,0.28118706
0,0.2799475
0,0.41760904
0,0.35049072
0,0.2962407
0,0.28736746
0,0.28709725
0,0.27814376
0,0.29077247
0,0.2964092
0,0.29111093
0,0.28631264
0,0.2746154
0,0.2828408
0,0.27186897
0,0.2813582
0,0.3297315
0,0.2990503
0,0.29371482
0,0.28740203
0,0.2642857
0,0.26924607
0,0.29701322
0,0.27192435
0,0.27391884
0,0.2978983
0,0.28381148
0,0.28002542
0,0.2769053
0,0.2846218
0,0.28857833
0,0.2912693
0,0.27000657
0,0.2639703
0,0.28038573
0,0.28582534
0,0.27324504
0,0.29612154
0,0.2914239
0,0.288986
0,0.3008678
0,0.29854965
0,0.31285283
0,0.28656667
0,0.29214025
0,0.30118486
0,0.30347693
0,0.30977917
0,0.3194848
0,0.31469578
0,0.3126311
0,0.3084859
0,0.29631934
0,0.2897944
0,0.27002773
0,0.2687089
0,0.2726409
0,0.2869381
0,0.28751153
0,0.27973548
0,0.27852452
0,0.29440907
0,0.2812708
0,0.28337103
0,0.29005796
0,0.29153
0,0.2828572
0,0.2774337
0,0.2749874
0,0.28343302
0,0.28564587
0,0.2764243
0,0.28601652
0,0.2851809
0,0.28666952
0,0.27462122
0,0.42880398
0,0.3334491
0,0.3352248
0,0.31665644
0,0.3156822
0,0.3031264
0,0.29583904
0,0.2826528
0,0.27611306
0,0.2743417
0,0.29663506
0,0.28885922
0,0.29549876
0,0.27727017
0,0.34203368
0,0.28430074
0,0.2846391
0,0.29031402
0,0.2918721
0,0.2731843
0,0.28373495
0,0.28657803
0,0.27409658
0,0.26681784
0,0.2788465
0,0.2808612
0,0.27462924
0,0.2831173
0,0.27073804
0,0.28060195
0,0.28444514
0,0.27103382
0,0.29240838
0,0.28827852
0,0.28790334
0,0.28748378
0,0.2859504
0,0.2875169
0,0.28577363
0,0.2884006
0,0.27351925
0,0.28012767
0,0.2698629
0,0.31444335
0,0.29496056
0,0.2910374
0,0.28933454
0,0.26535115
0,0.2753372
0,0.28770927
0,0.3618149
0,0.31247357
0,0.3054737
0,0.2920831
0,0.2883471
0,0.28347445
0,0.40184814
0,0.33926237
0,0.3031965
0,0.31656808
0,0.30648133
0,0.30123675
0,0.28484792
0,0.28217572
0,0.29898816
0,0.2694972
0,0.27161834
0,0.27523008
0,0.27925372
0,0.2731006
0,0.25797844
0,0.2612258
0,0.2609982
0,0.2830778
0,0.26344022
0,0.26085627
0,0.26363245
0,0.2601573
0,0.2797419
0,0.27753454
0,0.26266322
0,0.26244882
0,0.28132308
0,0.286479
0,0.27566954
0,0.27285713
0,0.2669684
0,0.2839427
0,0.27661237
0,0.27994046
0,0.28793925
0,0.29064876
0,0.29132164
0,0.29248998
0,0.29226846
0,0.2930824
0,0.28294554
0,0.28309903
0,0.28393483
0,0.2753323
0,0.27193817
0,0.30503383
0,0.2915603
0,0.2834854
0,0.29103416
0,0.27996525
0,0.29751506
0,0.2784934
0,0.27832374
0,0.27211574
0,0.27051178
0,0.26982608
0,0.2736998
0,0.27235284
0,0.27464813
0,0.2631119
0,0.2592873
0,0.27872074
0,0.27834126
0,0.27441987
0,0.28241453
0,0.3007228
0,0.29466638
0,0.2850509
0,0.3008911
0,0.2819262
0,0.28917083
0,0.2976918
0,0.29203972
0,0.30447918
0,0.28478128
0,0.27579457
0,0.27047125
0,0.27820462
0,0.296527
0,0.29072258
0,0.28566718
0,0.28717715
0,0.26930454
0,0.28139293
0,0.26302782
0,0.2827963
0,0.29132017
0,0.29156172
0,0.29333112
0,0.29329735
0,0.27081454
0,0.28626436
0,0.28238764
0,0.27194062
0,0.2957121
0,0.29036668
0,0.3124755
0,0.3127869
0,0.30491415
0,0.2837034
0,0.29402494
0,0.29564846
0,0.28079554
0,0.2770768
0,0.28093675
0,0.2785722
0,0.26524565
0,0.27268213
0,0.27554095
0,0.27640548
0,0.28649873
0,0.30123013
0,0.28564963
0,0.30080405
0,0.2756259
0,0.26593924
0,0.27025223
0,0.28194165
0,0.27453494
0,0.2872908
0,0.27707854
0,0.28644976
0,0.27628016
0,0.29117277
0,0.2883786
0,0.28785175
0,0.29440033
0,0.28953242
0,0.3073376
0,0.29416743
0,0.27993393
0,0.27401045
0,0.29150814
0,0.29824218
0,0.2887175
0,0.29161835
0,0.28553933
0,0.28642976
0,0.2632153
0,0.26621652
0,0.28886932
0,0.2802999
0,0.2697649
0,0.28458405
0,0.27638423
0,0.27673125
0,0.2648975
0,0.2698705
0,0.2699527
0,0.2647685
0,0.27773646
0,0.28448576
0,0.27554208
0,0.27174544
0,0.268642
0,0.29275107
0,0.29531384
0,0.30295154
0,0.30759522
0,0.2982995
0,0.29527405
0,0.3057847
0,0.28080353
0,0.28626612
0,0.29732984
0,0.28733954
0,0.28167924
0,0.28361133
0,0.28240496
0,0.28803697
0,0.30598876
0,0.29011402
0,0.2977679
0,0.32191563
0,0.30870467
0,0.29311746
0,0.28766647
0,0.28593573
0,0.28136063
0,0.27877882
0,0.2877241
0,0.27897412
0,0.30037606
0,0.29238367
0,0.30452263
0,0.2856326
0,0.27927956
0,0.29790345
0,0.30986926
0,0.2863389
0,0.2890667
0,0.27432504
0,0.27624837
0,0.27166834
0,0.26989624
0,0.27340832
0,0.28023967
0,0.2838123
0,0.28579876
0,0.28365272
0,0.28824914
0,0.27307245
0,0.26749787
0,0.28642264
0,0.28480512
0,0.29277477
0,0.29780993
0,0.29027647
0,0.28707567
0,0.28396022
0,0.2870641
0,0.2826322
0,0.29128718
0,0.30504864
0,0.2853577
0,0.29120559
0,0.28102985
0,0.28824496
0,0.28529552
0,0.28994682
0,0.28848058
0,0.2781844
0,0.28480875
0,0.28445515
0,0.28953004
0,0.27149191
0,0.32039577
0,0.29720452
0,0.29192486
0,0.28769454
0,0.2915789
0,0.2852825
0,0.28470066
0,0.28546584
0,0.28288412
0,0.28079027
0,0.29528993
0,0.28529853
0,0.29884163
0,0.2991473
0,0.27763757
0,0.2831835
0,0.291569
0,0.29169795
0,0.2965455
0,0.29118776
0,0.28239048
0,0.29431072
0,0.28684357
0,0.29960534
0,0.28406036
0,0.28686497
0,0.3025592
0,0.28107125
0,0.2935686
0,0.29973394
0,0.29561013
0,0.2822674
0,0.31645167
0,0.31237555
0,0.3130318
0,0.31784657
0,0.31268835
0,0.29485685
0,0.29936665
0,0.28041247
0,0.2897569
0,0.28594428
0,0.29518095
0,0.28589022
0,0.28245115
0,0.27022138
0,0.27354974
0,0.27375317
0,0.29483858
0,0.2961009
0,0.2962998
0,0.29609907
0,0.28303993
0,0.27847233
0,0.2762103
0,0.27518013
0,0.2730566
0,0.28028622
0,0.28206447
0,0.3024485
0,0.3157012
0,0.30553886
0,0.28822818
0,0.2788075
0,0.27165052
0,0.2907084
0,0.29564434
0,0.2881899
0,0.30908367
0,0.28230298
0,0.285819
0,0.29124647
0,0.28570563
0,0.29761532
0,0.28745946
0,0.29540765
0,0.2862724
0,0.27090085
0,0.27678126
0,0.30024272
0,0.29673794
0,0.2968139
0,0.28467712
0,0.29104015
0,0.30657715
0,0.2961287
0,0.2977544
0,0.29812413
0,0.28319794
0,0.30129197
0,0.32325038
0,0.30285922
0,0.2972886
0,0.28176743
0,0.28996906
0,0.2878909
0,0.29743916
0,0.29126996
0,0.27698708
0,0.28568956
0,0.2700639
0,0.26673645
0,0.282841
0,0.27892238
0,0.28967583
0,0.2950225
0,0.27051488
0,0.29243326
0,0.28572866
0,0.27030528
0,0.27802062
0,0.27577192
0,0.29593435
0,0.280972
0,0.27810964
0,0.28728136
0,0.28943503
0,0.2704294
0,0.27295184
0,0.28391334
0,0.29188448
0,0.2910872
0,0.31403735
0,0.29772884
0,0.28156415
0,0.2754293
0,0.26772207
0,0.28854266
0,0.29527256
0,0.2863426
0,0.29899758
0,0.28980616
0,0.27635399
0,0.27257353
0,0.2869754
0,0.2872839
0,0.29798597
0,0.29917017
0,0.30047116
0,0.29918686
0,0.27808666
0,0.29221627
0,0.2944933
0,0.28323403
0,0.28121665
0,0.2913944
0,0.28168014
0,0.2921048
0,0.270118
0,0.27410564
0,0.3135484
0,0.2887798
0,0.28857985
0,0.29074973
0,0.27909505
0,0.29816535
0,0.28056073
0,0.2747889
0,0.27934483
0,0.2832894
0,0.28314477
0,0.27182555
0,0.29708502
0,0.30960742
0,0.28270343
0,0.28284323
0,0.28519765
0,0.30122134
0,0.28939986
0,0.28678066
0,0.2850078
0,0.28503153
0,0.27084565
0,0.2766889
0,0.28717345
0,0.2918961
0,0.35543728
0,0.31519207
0,0.3108448
0,0.2980998
0,0.2885533
0,0.2973426
0,0.28508794
0,0.280577
0,0.2894098
0,0.2802165
0,0.29943717
0,0.29294705
0,0.29362798
0,0.2822849
0,0.3022071
0,0.29367292
0,0.29304484
0,0.2936956
0,0.29669377
0,0.2977094
0,0.2824586
0,0.28655326
0,0.28591642
0,0.2852558
0,0.27420062
0,0.29585275
0,0.3015022
0,0.28364387
0,0.2839757
0,0.28246912
0,0.28211445
0,0.29142502
0,0.29374644
0,0.28338385
0,0.28249875
0,0.28511307
0,0.2774959
0,0.2770431
0,0.28446332
0,0.27883428
0,0.28369698
0,0.2773965
0,0.2842426
0,0.26428482
0,0.27238145
0,0.26924586
0,0.28288412
0,0.27323794
0,0.28164586
0,0.2942027
0,0.2912019
0,0.27737296
0,0.27197924
0,0.2793116
0,0.2803715
0,0.2746318
0,0.27902728
0,0.27197254
0,0.27775547
0,0.27126652
0,0.27721122
0,0.27996728
0,0.28005108
0,0.27740458
0,0.27787095
0,0.26996484
0,0.26701534
0,0.27200872
0,0.27314734
0,0.28668794
0,0.28020677
0,0.27794385
0,0.3269382
0,0.31064484
0,0.29297733
0,0.28640676
0,0.27877295
0,0.2812262
0,0.27600205
0,0.2734524
0,0.27179846
0,0.28373012
0,0.28588635
0,0.27560613
0,0.2860992
0,0.28883278
0,0.27791917
0,0.31991616
0,0.30576783
0,0.2849882
0,0.27642217
0,0.27119026
0,0.31394982
0,0.27426425
0,0.27056107
0,0.26723763
0,0.2626057
0,0.28552055
0,0.2783066
0,0.2669161
0,0.27544937
0,0.27778146
0,0.28068215
0,0.26487717
0,0.25953862
0,0.2552084
0,0.25692162
0,0.2710087
0,0.26905608
0,0.2730874
0,0.27497438
0,0.27340445
0,0.28777033
0,0.28792262
0,0.29073808
0,0.28137562
0,0.27876002
0,0.31156978
0,0.30304086
0,0.28766042
0,0.2864717
0,0.26651856
0,0.29949236
0,0.28836426
0,0.28589112
0,0.2849192
0,0.27677786
0,0.32073298
0,0.29580167
0,0.2896575
0,0.2857944
0,0.28394908
0,0.27433032
0,0.2790332
0,0.276668
0,0.27586067
0,0.27407646
0,0.293231
0,0.2823325
0,0.27162108
0,0.25588462
0,0.25951645
0,0.26391858
0,0.26827988
0,0.2673566
0,0.26644322
0,0.26534212
0,0.26642194
0,0.26407042
0,0.26593056
0,0.25793034
0,0.28349528
0,0.27003947
0,0.2682096
0,0.26709437
0,0.26481634
0,0.27751073
0,0.2691343
0,0.26243302
0,0.261534
0,0.2595081
0,0.2858167
0,0.28191355
0,0.26906353
0,0.27713954
0,0.28835303
0,0.31030047
0,0.29346675
0,0.2909617
0,0.2647315
0,0.27682006
0,0.30101854
0,0.27257168
0,0.263553
0,0.27343875
0,0.27456018
0,0.30636773
0,0.28725275
0,0.28119555
0,0.27952483
0,0.2673275
0,0.29591456
0,0.2898725
0,0.28207102
0,0.26951578
0,0.28506613
0,0.30939922
0,0.30074295
0,0.30959678
0,0.29519507
0,0.37362018
0,0.407299
0,0.34129933
0,0.32391968
0,0.31162342
0,0.31703866
0,0.31126964
0,0.28976554
0,0.28949666
0,0.28589025
0,0.27798837
0,0.31190446
0,0.2775644
0,0.2805285
0,0.28798774
0,0.2689298
0,0.27155524
0,0.2675637
0,0.262556
0,0.2605482
0,0.24809968
0,0.25434685
0,0.25566894
0,0.24771938
0,0.2560866
0,0.28009564
0,0.27001774
0,0.26961058
0,0.26988417
0,0.2705175
0,0.2954255
0,0.28017148
0,0.27892697
0,0.27415776
0,0.29013523
0,0.30997995
0,0.29021588
0,0.29065678
0,0.2781075
0,0.30088225
0,0.30860543
0,0.28337267
0,0.27537817
0,0.27027488
0,0.26701412
0,0.29075655
0,0.29362723
0,0.27529782
0,0.2808531
0,0.26914522
0,0.29033032
0,0.27033997
0,0.26622957
0,0.26331383
0,0.2592566
0,0.30329543
0,0.2729339
0,0.27629706
0,0.26630223
0,0.27234685
0,0.30098736
0,0.2841789
0,0.27942368
0,0.28999963
0,0.27902183
0,0.27703202
0,0.27477098
0,0.27449572
0,0.27294013
0,0.2813632
0,0.26277065
0,0.26777753
0,0.26997724
0,0.26804832
0,0.30054766
0,0.2910879
0,0.27787152
0,0.28306302
0,0.28472856
0,0.29442045
0,0.28735256
0,0.284067
0,0.2735
0,0.27083653
0,0.29351923
0,0.27994478
0,0.2927711
0,0.28632325
0,0.28320614
0,0.2913868
0,0.28779468
0,0.27236086
0,0.2724026
0,0.2748361
0,0.30363792
0,0.28762075
0,0.28147694
0,0.2786396
0,0.278859
0,0.2865905
0,0.27242395
0,0.29316553
0,0.27894133
0,0.27750468
0,0.32403833
0,0.29302362
0,0.2875888
0,0.26925844
0,0.27150092
0,0.30647695
0,0.28087035
0,0.27687615
0,0.27470192
0,0.28022072
0,0.2801689
0,0.26961094
0,0.26674855
0,0.27548876
0,0.26561922
0,0.27944493
0,0.26620573
0,0.2643027
0,0.2609827
0,0.26949173
0,0.27227184
0,0.2725361
0,0.26440576
0,0.2593485
0,0.2734968
0,0.25987056
0,0.26677462
0,0.26899838
0,0.27011934
0,0.2742338
0,0.2602214
0,0.26547313
0,0.27637
0,0.26938587
0,0.2804141
0,0.2732582
0,0.26977336
0,0.28373894
0,0.27323598
0,0.2670169
0,0.2664849
0,0.27522978
0,0.26814568
0,0.26569793
0,0.27466932
0,0.26665416
0,0.32022417
0,0.29966614
0,0.29178354
0,0.286949
0,0.28407174
0,0.3181414
0,0.2861682
0,0.2762369
0,0.2857934
0,0.28066337
0,0.27218664
0,0.2752364
0,0.27654007
0,0.27804032
0,0.27687636
0,0.27382433
0,0.2735475
0,0.27609783
0,0.27560738
0,0.2715534
0,0.2752629
0,0.27129716
0,0.27067497
0,0.2695381
0,0.27045015
0,0.3091786
0,0.28243327
0,0.27733526
0,0.27815497
0,0.27220201
0,0.29650158
0,0.2812196
0,0.28675228
0,0.27479807
0,0.27002034
0,0.30013904
0,0.27851492
0,0.26986527
0,0.27016845
0,0.26445585
0,0.30520198
0,0.28664353
0,0.2730772
0,0.26816356
0,0.2727911
0,0.30578476
0,0.27533424
0,0.2681397
0,0.27230376
0,0.27328566
0,0.3142118
0,0.29019877
0,0.2995782
0,0.29542407
0,0.2938045
0,0.30863085
0,0.28804746
0,0.28433287
0,0.30483845
0,0.28426045
0,0.29443523
0,0.2818109
0,0.2778678
0,0.28182054
0,0.26023433
0,0.311321
0,0.28955722
0,0.28991237
0,0.28552854
0,0.2737837
0,0.3156931
0,0.28190377
0,0.26424322
0,0.26403022
0,0.26141837
0,0.30548766
0,0.26844943
0,0.27536735
0,0.2755098
0,0.27437747
0,0.28946018
0,0.26965615
0,0.2754529
0,0.2734665
0,0.2704968
0,0.28765485
0,0.2817791
0,0.2763497
0,0.2868815
0,0.2763294
0,0.28126132
0,0.27262893
0,0.27073342
0,0.27195033
0,0.26879737
0,0.31488228
0,0.2858152
0,0.27760172
0,0.2996904
0,0.2910514
0,0.2976267
0,0.29135168
0,0.27759346
0,0.28420454
0,0.28469718
0,0.29841107
0,0.2763473
0,0.26932487
0,0.33260927
0,0.288492
0,0.31311232
0,0.29453334
0,0.27562338
0,0.2686022
0,0.26186228
0,0.2842273
0,0.26571408
0,0.2750111
0,0.2948301
0,0.2811674
0,0.2907119
0,0.2806307
0,0.27833158
0,0.27595356
0,0.28347757
0,0.31276187
0,0.29255468
0,0.28318885
0,0.28841674
0,0.2791722
0,0.31229264
0,0.28629872
0,0.28134215
0,0.28026506
0,0.27398938
0,0.2956268
0,0.28783065
0,0.2768608
0,0.28278363
0,0.28603572
0,0.2901199
0,0.28964427
0,0.2868416
0,0.2873908
0,0.2890289
0,0.29696319
0,0.2959347
0,0.28150907
0,0.28063577
0,0.2783272
0,0.28252137
0,0.2825604
0,0.28017256
0,0.26822764
0,0.2716999
0,0.27295
0,0.27093464
0,0.27113724
0,0.26918167
0,0.2706246
0,0.26903978
0,0.27003503
0,0.2721175
0,0.2720469
0,0.26867607
0,0.26760373
0,0.26796848
0,0.26449782
0,0.26339012
0,0.26344135
0,0.27395713
0,0.27785227
0,0.27855527
0,0.27096224
0,0.27093455
0,0.2999092
0,0.27730533
0,0.28169602
0,0.2809113
0,0.26760337
0,0.2647095
0,0.27149963
0,0.2635772
0,0.27008164
0,0.27145207
0,0.27481773
0,0.26156506
0,0.27029598
0,0.25942722
0,0.2759629
0,0.27213198
0,0.27202085
0,0.2599313
0,0.26549533
0,0.2667246
0,0.2674917
0,0.30280414
0,0.28196403
0,0.2782347
0,0.27495062
0,0.3039047
0,0.3184898
0,0.30219576
0,0.29025885
0,0.28242767
0,0.27738783
0,0.28927982
0,0.27620667
0,0.27144715
0,0.27881432
0,0.27079895
0,0.31555164
0,0.29467162
0,0.29054445
0,0.28696123
0,0.28433388
0,0.3217174
0,0.28514242
0,0.27565262
0,0.27876088
0,0.27753648
0,0.28485772
0,0.26928115
0,0.26410353
0,0.2602571
0,0.27868852
0,0.37715796
0,0.33337715
0,0.31825626
0,0.3007655
0,0.2916277
0,0.31981122
0,0.2917616
0,0.28317395
0,0.27754447
0,0.27362075
0,0.29226464
0,0.2764628
0,0.29133484
0,0.2750725
0,0.454137
0,0.37218848
0,0.3233031
0,0.5306419
0,0.39113268
0,0.33317557
0,0.3265696
0,0.28808415
0,0.27619076
0,0.25808042
0,0.25351787
0,0.25706077
0,0.24201061
0,0.22696936
0,0.22679749
0,0.23238055
0,0.25191206
0,0.24594818
0,0.24276207
0,0.23826839
0,0.23265693
0,0.23516075
0,0.23255217
0,0.24186255
0,0.24090399
0,0.2466821
0,0.24833514
0,0.26070437
0,0.25736678
0,0.26763996
0,0.27611175
0,0.2688649
0,0.27502498
0,0.27952254
0,0.28431317
0,0.27136117
0,0.2799913
0,0.27594155
0,0.26665732
0,0.2731337
0,0.2733284
0,0.26379985
0,0.28141448
0,0.26778007
0,0.27150938
0,0.2718065
0,0.27130213
0,0.27008107
0,0.2708194
0,0.27251095
0,0.26979664
0,0.27062148
0,0.2671939
0,0.26869863
0,0.26853073
0,0.26693466
0,0.26675004
0,0.26878518
0,0.26582897
0,0.2651748
0,0.2700938
0,0.27048132
0,0.30046746
0,0.27946237
0,0.2731174
0,0.26988608
0,0.265286
0,0.2940673
0,0.27403364
0,0.266875
0,0.2879016
0,0.27078077
0,0.3150833
0,0.29660788
0,0.27977487
0,0.27180225
0,0.2649755
0,0.26096776
0,0.26177722
0,0.26831752
0,0.26101503
0,0.26447454
0,0.26846957
0,0.26784956
0,0.28095168
0,0.28056088
0,0.26327643
0,0.27684814
0,0.26289192
0,0.2683852
0,0.28219542
0,0.2729099
0,0.27714822
0,0.2738674
0,0.27172652
0,0.27254382
0,0.26733524
0,0.266625
0,0.27078122
0,0.27076715
0,0.27870712
0,0.2684478
0,0.2786492
0,0.27144054
0,0.2776187
0,0.27878618
0,0.27882907
0,0.27975336
0,0.2689463
0,0.2751132
0,0.27640605
0,0.28877762
0,0.28051147
0,0.27913398
0,0.2668979
0,0.273343
0,0.28412354
0,0.3065263
0,0.28580907
0,0.2804414
0,0.27712056
0,0.26418146
0,0.30293092
0,0.28557923
0,0.2790222
0,0.27418408
0,0.27437973
0,0.3039134
0,0.28027564
0,0.28666478
0,0.2757658
0,0.33916765
0,0.3646617
0,0.37595984
0,0.37683392
0,0.35614288
0,0.3340851
0,0.30379698
0,0.28900495
0,0.29233485
0,0.27835712
0,0.27198026
0,0.2677348
0,0.2716531
0,0.257266
0,0.2529998
0,0.24870746
0,0.25531924
0,0.24351725
0,0.2387873
0,0.23865567
0,0.24686238
0,0.24148738
0,0.2415876
0,0.24323162
0,0.24511723
0,0.25876668
0,0.26463234
0,0.26901913
0,0.28542116
0,0.27210128
0,0.30435818
0,0.2771434
0,0.2820082
0,0.27124625
0,0.26486987
0,0.3088022
0,0.2754721
0,0.2800404
0,0.26754338
0,0.26261404
0,0.29615372
0,0.28023058
0,0.2878541
0,0.27989024
0,0.27683532
0,0.3622856
0,0.32296827
0,0.30081108
0,0.31319526
0,0.30241308
0,0.28688258
0,0.2795768
0,0.27620775
0,0.272059
0,0.30464163
0,0.29248455
0,0.2854606
0,0.28563607
0,0.28509012
0,0.315837
0,0.2946518
0,0.29250923
0,0.33521405
0,0.30285007
0,0.2956143
0,0.28892583
0,0.28706387
0,0.2830135
0,0.28237066
0,0.3274804
0,0.28628975
0,0.28815004
0,0.2938978
0,0.28379786
0,0.2813263
0,0.27914596
0,0.28157333
0,0.2765377
0,0.27919406
0,0.27358258
0,0.28319764
0,0.27955884
0,0.30086145
0,0.28196502
0,0.2706743
0,0.26970506
0,0.26897237
0,0.26669708
0,0.26680228
0,0.26585683
0,0.2775562
0,0.2701913
0,0.26677296
0,0.28781036
0,0.27227235
0,0.2678482
0,0.27548793
0,0.2692712
0,0.32749322
0,0.29077548
0,0.27759433
0,0.26985157
0,0.2751405
0,0.30701905
0,0.2783997
0,0.27060023
0,0.26784477
0,0.2750896
0,0.26017177
0,0.27022877
0,0.27156228
0,0.26257828
0,0.2585275
0,0.2580388
0,0.25648487
0,0.2649378
0,0.27685013
0,0.28353772
0,0.28649852
0,0.29077008
0,0.279271
0,0.30489928
0,0.32550025
0,0.29525733
0,0.28535533
0,0.2784617
0,0.27825963
0,0.30783522
0,0.28240284
0,0.27750817
0,0.28278264
0,0.28203925
0,0.32870337
0,0.3005756
0,0.29322082
0,0.29076132
0,0.2764253
0,0.30485198
0,0.28999266
0,0.28528854
0,0.27181005
0,0.26715153
0,0.29576713
0,0.28280142
0,0.27923456
0,0.2804238
0,0.2802144
0,0.2930696
0,0.28218856
0,0.27928445
0,0.29404455
0,0.29308638
0,0.32040137
0,0.28785968
0,0.28236014
0,0.27931175
0,0.2741622
0,0.27238154
0,0.27008507
0,0.26792124
0,0.26403087
0,0.26492566
0,0.2662495
0,0.26293212
0,0.26202428
0,0.2666359
0,0.26201218
0,0.2734392
0,0.27649856
0,0.26493156
0,0.27322212
0,0.29768717
0,0.2752269
0,0.27986002
0,0.26700228
0,0.27600196
0,0.2999198
0,0.27326235
0,0.28690374
0,0.2966167
0,0.28453577
0,0.33050707
0,0.29527184
0,0.29132637
0,0.28345147
0,0.2813088
0,0.29849613
0,0.28682736
0,0.27843168
0,0.28317437
0,0.27577382
0,0.30930102
0,0.28375784
0,0.27662048
0,0.275755
0,0.27640653
0,0.32832173
0,0.29444095
0,0.2852161
0,0.2761324
0,0.282957
0,0.2720042
0,0.27773926
0,0.27998114
0,0.2776665
0,0.27934274
0,0.27009323
0,0.26525384
0,0.26177758
0,0.2681354
0,0.2723666
0,0.27103022
0,0.28424862
0,0.288015
0,0.27976757
0,0.30393204
0,0.28388458
0,0.29259467
0,0.2887391
0,0.2818835
0,0.3142372
0,0.2867174
0,0.27978104
0,0.2784566
0,0.27153817
0,0.28136587
0,0.26919898
0,0.27228677
0,0.26751876
0,0.27898663
0,0.29620233
0,0.277156
0,0.27076334
0,0.2832517
0,0.271171
0,0.26681828
0,0.26365644
0,0.27263027
0,0.26386338
0,0.25967503
0,0.2571588
0,0.2589957
0,0.25521338
0,0.25353467
0,0.26338828
0,0.26674268
0,0.26662657
0,0.26480567
0,0.2809354
0,0.28422362
0,0.28702217
0,0.2783735
0,0.27469125
0,0.27284688
0,0.30596825
0,0.2816255
0,0.2770785
0,0.27303204
0,0.27042323
0,0.30918676
0,0.29327413
0,0.2910752
0,0.2867234
0,0.29042375
0,0.34493208
0,0.29638395
0,0.30657235
0,0.28415668
0,0.27604958
0,0.28421846
0,0.2810244
0,0.2777553
0,0.2729653
0,0.26508436
0,0.26305577
0,0.31410578
0,0.3009056
0,0.32728407
0,0.32061204
0,0.29832733
0,0.28818285
0,0.28083214
0,0.28141728
0,0.3107503
0,0.287418
0,0.28174254
0,0.27991354
0,0.2904738
0,0.3409945
0,0.31076652
0,0.29246315
0,0.28304297
0,0.27926466
0,0.28594768
0,0.27621144
0,0.272138
0,0.26818767
0,0.27768832
0,0.2984039
0,0.27561644
0,0.26932657
0,0.26605326
0,0.27520767
0,0.26521128
0,0.27402118
0,0.3003892
0,0.27772373
0,0.27230453
0,0.2659609
0,0.26466772
0,0.26042873
0,0.2692461
0,0.28018486
0,0.2682167
0,0.2608222
0,0.25752476
0,0.2788509
0,0.28499198
0,0.26865396
0,0.27099842
0,0.27252653
0,0.27385825
0,0.31085545
0,0.28745762
0,0.28546482
0,0.28008497
0,0.27756587
0,0.29859862
0,0.28149095
0,0.28760326
0,0.28043064
0,0.27525625
0,0.2756743
0,0.27085036
0,0.26959547
0,0.2676695
0,0.27646968
0,0.2688724
0,0.27636364
0,0.2710087
0,0.27814776
0,0.29203695
0,0.27622896
0,0.27603155
0,0.2801119
0,0.27194497
0,0.3318983
0,0.30054364
0,0.2937134
0,0.28938305
0,0.2769473
0,0.28007138
0,0.2695474
0,0.27494007
0,0.26442024
0,0.282401
0,0.27425104
0,0.2643066
0,0.27002087
0,0.27230945
0,0.2965843
0,0.2797842
0,0.27556306
0,0.2690023
0,0.27002406
0,0.2689353
0,0.26875222
0,0.2678611
0,0.2656644
0,0.25518343
0,0.26048633
0,0.2606067
0,0.26083896
0,0.2577057
0,0.29879028
0,0.28546697
0,0.28575736
0,0.27069473
0,0.26290837
0,0.29700804
0,0.2763604
0,0.2789469
0,0.26338878
0,0.27293292
0,0.2752441
0,0.27343398
0,0.274644
0,0.27459404
0,0.29876214
0,0.28339532
0,0.28003505
0,0.27664375
0,0.2783611
0,0.2987371
0,0.28188273
0,0.30085132
0,0.28915426
0,0.28001508
0,0.28261778
0,0.27498302
0,0.2938328
0,0.28192937
0,0.28092417
0,0.27925512
0,0.27846706
0,0.2830153
0,0.27921656
0,0.27579263
0,0.28364053
0,0.27685198
0,0.2771163
0,0.27251774
0,0.27177233
0,0.2704823
0,0.25929072
0,0.2798284
0,0.27066267
0,0.2726984
0,0.29285857
0,0.27719232
0,0.2734362
0,0.26701295
0,0.265402
0,0.31340292
0,0.28125975
0,0.28804994
0,0.27406853
0,0.28386825
0,0.30774823
0,0.29571718
0,0.27918002
0,0.2956638
0,0.29073143
0,0.33940208
0,0.29254663
0,0.2783975
0,0.27101415
0,0.2645552
0,0.27556872
0,0.2762906
0,0.277399
0,0.27720612
0,0.28514466
0,0.28388497
0,0.28817537
0,0.2998152
0,0.3121398
0,0.29247868
0,0.2770009
0,0.27862424
0,0.26289672
0,0.30798694
0,0.29080686
0,0.3402189
0,0.31104088
0,0.30314752
0,0.2968133
0,0.28598416
0,0.28097585
0,0.28811488
0,0.30287272
0,0.28460804
0,0.2790578
0,0.33215648
0,0.33605474
0,0.31262967
0,0.29153624
0,0.29341742
0,0.31201428
0,0.2920434
0,0.28697196
0,0.27493358
0,0.273808
0,0.303798
0,0.28304985
0,0.2773235
0,0.27257812
0,0.28572288
0,0.2689863
0,0.2822603
0,0.27258188
0,0.29521492
0,0.31949145
0,0.3789059
0,0.33110878
0,0.3062754
0,0.28910583
0,0.29655197
0,0.2794034
0,0.27580315
0,0.2689374
0,0.2652993
0,0.31431025
0,0.29981655
0,0.28037873
0,0.270811
0,0.26537344
0,0.3122392
0,0.29251045
0,0.27591527
0,0.2811211
0,0.2811969
0,0.3136751
0,0.29415393
0,0.2872009
0,0.2693983
0,0.27671447
0,0.30832517
0,0.28711265
0,0.28379458
0,0.28151116
0,0.26584914
0,0.30413127
0,0.294747
0,0.27511463
0,0.27837226
0,0.27675
0,0.29920164
0,0.29035386
0,0.28178936
0,0.28456604
0,0.27816567
0,0.30902165
0,0.28614557
0,0.2793647
0,0.2762124
0,0.27975392
0,0.32213145
0,0.29648572
0,0.29133207
0,0.28584436
0,0.27746788
0,0.32291672
0,0.2968653
0,0.3057008
0,0.29160854
0,0.28627908
0,0.28711718
0,0.28072152
0,0.27904743
0,0.2797218
0,0.2743224
0,0.29062694
0,0.2935496
0,0.27977496
0,0.27641842
0,0.2734135
0,0.30352116
0,0.28174457
0,0.27696642
0,0.27345765
0,0.27116075
0,0.31016308
0,0.28275916
0,0.29001945
0,0.2778597
0,0.27313238
0,0.2711943
0,0.26699752
0,0.2641343
0,0.2621312
0,0.26121023
0,0.26187593
0,0.25979647
0,0.2668883
0,0.26513776
0,0.2646371
0,0.27419412
0,0.27754098
0,0.27916092
0,0.281103
0,0.29141483
0,0.2859881
0,0.28580084
0,0.28419366
0,0.28381577
0,0.31598693
0,0.28058243
0,0.29717207
0,0.27774963
0,0.27296284
0,0.28603035
0,0.28002328
0,0.27862906
0,0.2663818
0,0.2722123
0,0.29483092
0,0.28068897
0,0.28488427
0,0.3030882
0,0.30877784
0,0.32424238
0,0.30345187
0,0.29742938
0,0.28587264
0,0.28020924
0,0.33686376
0,0.3078115
0,0.29895365
0,0.29637295
0,0.2831023
0,0.27752587
0,0.27370188
0,0.26902997
0,0.27709392
0,0.27106932
0,0.37360325
0,0.34363857
0,0.3195163
0,0.30225116
0,0.29203588
0,0.28721687
0,0.28205353
0,0.27682823
0,0.2751207
0,0.27356625
0,0.27144942
0,0.27402467
0,0.27060163
0,0.26996857
0,0.30827418
0,0.28351456
0,0.27964905
0,0.28975213
0,0.27624425
0,0.29560855
0,0.2766078
0,0.27326143
0,0.26889187
0,0.2660977
0,0.29479063
0,0.27466282
0,0.27038753
0,0.27280003
0,0.27998602
0,0.32277924
0,0.2860547
0,0.27692172
0,0.26891786
0,0.26527414
0,0.30913734
0,0.27734682
0,0.28419182
0,0.29006523
0,0.28588793
0,0.3117773
0,0.31683487
0,0.2834097
0,0.2871558
0,0.28672904
0,0.3234678
0,0.29946205
0,0.27758723
0,0.27819648
0,0.27778137
0,0.3234142
0,0.41295052
0,0.3450516
0,0.3223519
0,0.30196512
0,0.2990461
0,0.31495777
0,0.3027215
0,0.3150944
0,0.2751577
0,0.27624068
0,0.27919456
0,0.2775058
0,0.27489933
0,0.2770731
0,0.28314865
0,0.278571
0,0.27655274
0,0.2796915
0,0.26740035
0,0.2703172
0,0.26871687
0,0.28136963
0,0.27424082
0,0.27765408
0,0.27425438
0,0.2724706
0,0.27222112
0,0.27869457
0,0.29678282
0,0.28320554
0,0.29219297
0,0.28070137
0,0.27906913
0,0.32178652
0,0.29049706
0,0.2851807
0,0.27864558
0,0.27701548
0,0.29849085
0,0.28195933
0,0.27769855
0,0.2724792
0,0.2692132
0,0.31005204
0,0.3093143
0,0.28509772
0,0.28964898
0,0.2756231
0,0.3254453
0,0.30001816
0,0.29513234
0,0.29023665
0,0.27488685
0,0.2888503
0,0.27149364
0,0.279011
0,0.28014782
0,0.28033504
0,0.26691532
0,0.2638757
0,0.27267408
0,0.27375764
0,0.2626663
0,0.2686844
0,0.27380002
0,0.26143193
0,0.27073237
0,0.25689152
0,0.26568207
0,0.27477303
0,0.2791244
0,0.29597226
0,0.28882083
0,0.279637
0,0.28547376
0,0.2831155
0,0.28459245
0,0.27475074
0,0.32126018
0,0.29688063
0,0.2913665
0,0.30336767
0,0.29066142
0,0.28766575
0,0.28402162
0,0.28470805
0,0.2825677
0,0.2801286
0,0.27931133
0,0.27613366
0,0.29073972
0,0.28526616
0,0.29371876
0,0.28191307
0,0.2784653
0,0.26792908
0,0.27230588
0,0.28433582
0,0.27578175
0,0.27332675
0,0.27157995
0,0.2831237
0,0.27467522
0,0.27060628
0,0.2698334
0,0.26733145
0,0.2667132
0,0.26480317
0,0.26337036
0,0.2622369
0,0.27382076
0,0.26446217
0,0.26672179
0,0.27563176
0,0.26570046
0,0.2637592
0,0.27273116
0,0.27615282
0,0.277983
0,0.3522744
0,0.32513717
0,0.29543552
0,0.2943808
0,0.30320492
0,0.34267604
0,0.31306985
0,0.31199872
0,0.2932006
0,0.28450513
0,0.32430133
0,0.28030625
0,0.27976725
0,0.2765388
0,0.27502096
0,0.3014324
0,0.28063005
0,0.29632503
0,0.2997342
0,0.2982829
0,0.32474613
0,0.30244288
0,0.28382966
0,0.2922448
0,0.28623208
0,0.2840456
0,0.27355802
0,0.2832478
0,0.29085445
0,0.27973193
0,0.30299506
0,0.28673184
0,0.27298132
0,0.2891348
0,0.28103665
0,0.28974718
0,0.27170184
0,0.2776734
0,0.30948386
0,0.32200825
0,0.3461903
0,0.33542058
0,0.30534917
0,0.3144148
0,0.29361585
0,0.32998154
0,0.29591236
0,0.29908103
0,0.3090803
0,0.28770745
0,0.32859358
0,0.33061668
0,0.330322
0,0.31400207
0,0.3102896
0,0.28669152
0,0.2744005
0,0.28339344
0,0.28285423
0,0.271515
0,0.2635717
0,0.25082192
0,0.25871572
0,0.24603422
0,0.25151107
0,0.25453708
0,0.25527722
0,0.25648367
0,0.2569668
0,0.26290095
0,0.26703215
0,0.27739424
0,0.27013376
0,0.26929447
0,0.2688359
0,0.26701123
0,0.28894934
0,0.27508464
0,0.27097645
0,0.26125985
0,0.2765396
0,0.29241702
0,0.2733245
0,0.26957983
0,0.27782252
0,0.27880386
0,0.30608872
0,0.27894616
0,0.2719836
0,0.27468222
0,0.26488513
0,0.26338747
0,0.2601046
0,0.26806062
0,0.2709586
0,0.2758
0,0.2974169
0,0.2821981
0,0.28154552
0,0.27867106
0,0.28648427
0,0.2885365
0,0.28026342
0,0.28809664
0,0.27602008
0,0.27422458
0,0.28229597
0,0.26527613
0,0.26808766
0,0.27879894
0,0.28318748
0,0.28772658
0,0.28672904
0,0.27638057
0,0.28292468
0,0.27279237
0,0.2860103
0,0.2719591
0,0.26894346
0,0.26544842
0,0.27626464
0,0.29041132
0,0.28167453
0,0.28099808
0,0.27967727
0,0.27814743
0,0.30237067
0,0.29604152
0,0.29399282
0,0.28328794
0,0.27010283
0,0.30957225
0,0.29593897
0,0.2826119
0,0.27873933
0,0.2750415
0,0.27367067
0,0.2725668
0,0.27176496
0,0.28093395
0,0.27288306
0,0.27104953
0,0.26909634
0,0.2669827
0,0.2755921
0,0.2805229
0,0.2707114
0,0.31316078
0,0.28612202
0,0.2777547
0,0.27257738
0,0.27095157
0,0.2680277
0,0.266534
0,0.2635133
0,0.26138467
0,0.26090074
0,0.26180363
0,0.2708584
0,0.26520965
0,0.2651627
0,0.2616862
0,0.28061873
0,0.2665393
0,0.27117008
0,0.2751634
0,0.27571118
0,0.27683812
0,0.27653292
0,0.26620278
0,0.29679862
0,0.3145846
0,0.32875347
0,0.30251637
0,0.30523834
0,0.29213515
0,0.28168166
0,0.30828226
0,0.27969682
0,0.26981
0,0.26341397
0,0.27198416
0,0.27864337
0,0.27387565
0,0.27034506
0,0.26117796
0,0.25527838
0,0.28651053
0,0.28633094
0,0.27544707
0,0.28240177
0,0.27330068
0,0.31051993
0,0.292576
0,0.29821166
0,0.28014562
0,0.2728513
0,0.31922925
0,0.2943747
0,0.27929547
0,0.28338405
0,0.28168938
0,0.26843417
0,0.27462733
0,0.28991738
0,0.28083724
0,0.28042525
0,0.27902207
0,0.26736417
0,0.2726471
0,0.26135734
0,0.26835495
0,0.26883748
0,0.26771116
0,0.26752463
0,0.26838174
0,0.25916737
0,0.2640694
0,0.27424666
0,0.26841056
0,0.26649857
0,0.25668013
0,0.261901
0,0.26309222
0,0.2622721
0,0.27176782
0,0.27678072
0,0.26944453
0,0.2667051
0,0.26380217
0,0.26275846
0,0.284292
0,0.30566946
0,0.3175597
0,0.2842926
0,0.29433206
0,0.2861774
0,0.32842156
0,0.28665018
0,0.2863635
0,0.28239965
0,0.28076148
0,0.342774
0,0.2891841
0,0.2892505
0,0.29544282
0,0.2827835
0,0.34021252
0,0.28709945
0,0.30492324
0,0.28611022
0,0.28006244
0,0.27588135
0,0.27205074
0,0.27101246
0,0.26733643
0,0.28525177
0,0.34090585
0,0.3046922
0,0.30627126
0,0.2980959
0,0.3014605
0,0.35629207
0,0.31200784
0,0.30126756
0,0.29515225
0,0.2787488
0,0.27071223
0,0.2855534
0,0.27815235
0,0.286906
0,0.27519783
0,0.26697293
0,0.26202625
0,0.26862496
0,0.26941314
0,0.2712851
0,0.300985
0,0.27199048
0,0.29068434
0,0.26752132
0,0.273641
0,0.271382
0,0.26670164
0,0.26876813
0,0.29956892
0,0.27970234
0,0.2741445
0,0.28643453
0,0.27604046
0,0.28559035
0,0.31141612
0,0.291985
0,0.29554284
0,0.29177272
0,0.2776737
0,0.2861409
0,0.2732087
0,0.27728844
0,0.27686903
0,0.27878538
0,0.27916434
0,0.2695552
0,0.3142054
0,0.27902615
0,0.283182
0,0.26851007
0,0.27417248
0,0.2637821
0,0.26888874
0,0.259203
0,0.26701826
0,0.25592273
0,0.3022549
0,0.29047683
0,0.2778901
0,0.27523437
0,0.27346393
0,0.31855956
0,0.31432754
0,0.29029176
0,0.293515
0,0.32439014
0,0.38522333
0,0.34868258
0,0.33191895
0,0.30148712
0,0.286766
0,0.35696825
0,0.29748037
0,0.28581938
0,0.29505444
0,0.27673507
0,0.27010462
0,0.26600587
0,0.27252135
0,0.26461726
0,0.27032617
0,0.3027229
0,0.272889
0,0.27456957
0,0.28100204
0,0.2737166
0,0.29028615
0,0.2677904
0,0.2784222
0,0.27280048
0,0.2708585
0,0.2760926
0,0.26222256
0,0.26825985
0,0.2683999
0,0.27053612
0,0.27974722
0,0.28404337
0,0.28418377
0,0.27589467
0,0.28434145
0,0.28680795
0,0.2785817
0,0.2757009
0,0.28764066
0,0.27506363
0,0.2717593
0,0.26681304
0,0.26404533
0,0.29597262
0,0.30718443
0,0.2930051
0,0.27854928
0,0.2853327
0,0.28549266
0,0.2815171
0,0.30444944
0,0.30353308
0,0.28989354
0,0.2954634
0,0.30000618
0,0.33784354
0,0.30146062
0,0.2913581
0,0.2869439
0,0.2710581
0,0.29182377
0,0.5249963
0,0.36766976
0,0.3204891
0,0.31767097
0,0.33790332
0,0.31325996
0,0.28301245
0,0.27986652
0,0.2755022
0,0.2987828
0,0.2880191
0,0.277831
0,0.2710769
0,0.2793953
0,0.2912706
0,0.28124604
0,0.2842005
0,0.28700066
0,0.2820437
0,0.29739678
0,0.272072
0,0.27647185
0,0.25869763
0,0.25307882
0,0.30114663
0,0.2685564
0,0.27290925
0,0.27112913
0,0.26853862
0,0.27822587
0,0.27911663
0,0.2682607
0,0.2732083
0,0.27300242
0,0.2707273
0,0.27069095
0,0.26019335
0,0.25651518
0,0.26400828
0,0.2657997
0,0.2647884
0,0.2652096
0,0.26623577
0,0.25487202
0,0.27046287
0,0.26562098
0,0.26621112
0,0.2618386
0,0.2642484
0,0.27272528
0,0.267073
0,0.2640369
0,0.26101384
0,0.26115653
0,0.25812104
0,0.25750935
0,0.2575196
0,0.25581852
0,0.24435593
0,0.26046774
0,0.26529297
0,0.26481017
0,0.2582339
0,0.2557767
0,0.25288266
0,0.26023716
0,0.25458083
0,0.26200223
0,0.26748645
0,0.29573557
0,0.27044222
0,0.275416
0,0.27490574
0,0.27163532
0,0.28882995
0,0.28580546
0,0.2878968
0,0.27624685
0,0.285059
0,0.29936716
0,0.29239732
0,0.29147044
0,0.29026917
0,0.28718895
0,0.30279964
0,0.27937534
0,0.27250963
0,0.26933435
0,0.26568407
0,0.261729
0,0.28214708
0,0.27820057
0,0.3109195
0,0.31532198
0,0.353039
0,0.31161398
0,0.30594864
0,0.29415834
0,0.34162983
0,0.35816178
0,0.32038233
0,0.28990883
0,0.29623917
0,0.28242525
0,0.3279788
0,0.3102765
0,0.2969979
0,0.29020056
0,0.28754678
0,0.33553553
0,0.300724
0,0.30087778
0,0.2966893
0,0.282606
0,0.2755359
0,0.26130384
0,0.25239348
0,0.24737637
0,0.24412194
0,0.27495602
0,0.26430127
0,0.26703486
0,0.2706745
0,0.2625072
0,0.3247416
0,0.29093254
0,0.2746792
0,0.28865173
0,0.28101322
0,0.2783884
0,0.28067788
0,0.2791572
0,0.2843252
0,0.29774132
0,0.29551274
0,0.27335733
0,0.27544233
0,0.2730664
0,0.26994273
0,0.28782833
0,0.28538498
0,0.2766232
0,0.3027237
0,0.27014494
0,0.2744658
0,0.28067765
0,0.2715515
0,0.26846468
0,0.28555885
0,0.2705441
0,0.2713373
0,0.2787726
0,0.2894488
0,0.27566174
0,0.28844756
0,0.27227065
0,0.27886063
0,0.28801525
0,0.27161628
0,0.27907148
0,0.27708447
0,0.2762823
0,0.2754854
0,0.2698406
0,0.27134937
0,0.2644888
0,0.261982
0,0.26691675
0,0.25742686
0,0.26432714
0,0.26480836
0,0.26280677
0,0.26458466
0,0.25286603
0,0.2605493
0,0.2617188
0,0.26414022
0,0.2628881
0,0.27123654
0,0.27530566
0,0.26847205
0,0.27353987
0,0.2673442
0,0.28306022
0,0.35928988
0,0.30097955
0,0.28684953
0,0.27756065
0,0.2726006
0,0.26849326
0,0.26474163
0,0.28295842
0,0.26768515
0,0.2713954
0,0.27238202
0,0.2727901
0,0.28858027
0,0.30139416
0,0.2751445
0,0.6460332
0,0.4639235
0,0.39726356
0,0.33667013
0,0.32277545
0,0.30282608
0,0.2920152
0,0.3022794
0,0.296002
0,0.2797838
0,0.28677198
0,0.28502965
0,0.27300325
0,0.26917186
0,0.2843444
0,0.2808883
0,0.27481043
0,0.26219532
0,0.25832745
0,0.24577293
0,0.23621267
0,0.24656685
0,0.2384719
0,0.24499205
0,0.24227995
0,0.24525948
0,0.24896114
0,0.26041815
0,0.2763856
0,0.28229567
0,0.3293554
0,0.37738502
0,0.44430962
0,0.4893928
0,0.50678414
0,0.50719917
0,0.5209914
0,0.5398096
0,0.54652935
0,0.49163646
0,0.44041532
0,0.36324662
0,0.3576533
0,0.34713584
0,0.3184939
0,0.3405467
0,0.264715
0,0.25579557
0,0.24820885
0,0.23748346
0,0.23342732
0,0.18679924
0,0.15649252
0,0.1477409
0,0.14964184
0,0.15864612
0,0.15323287
0,0.14207734
0,0.1440723
0,0.14484456
0,0.13831885
0,0.13077289
0,0.12635209
0,0.12440038
0,0.12470571
0,0.13728118
0,0.13529505
0,0.1325992
0,0.13575359
0,0.14299132
0,0.15712218
0,0.15613386
0,0.1655912
0,0.17129004
0,0.17915794
0,0.22022831
0,0.21474785
0,0.22752647
0,0.24981105
0,0.2554829
0,0.27084163
0,0.26718602
0,0.26493528
0,0.2771188
0,0.27126172
0,0.27119917
0,0.28071332
0,0.28318453
0,0.28999037
0,0.27905396
0,0.27307293
0,0.28263804
0,0.27640864
0,0.29466504
0,0.2819183
0,0.32671025
0,0.31363672
0,0.29704753
0,0.2917835
0,0.28470212
0,0.31524014
0,0.28301173
0,0.28548682
0,0.28041822
0,0.2692643
0,0.31526166
0,0.27930835
0,0.2802315
0,0.28803068
0,0.26863262
0,0.2672002
0,0.25951993
0,0.26563624
0,0.2698159
0,0.2706902
0,0.30998728
0,0.28319386
0,0.2775129
0,0.27318698
0,0.2698521
0,0.30663714
0,0.2912934
0,0.27626026
0,0.28143936
0,0.2952667
0,0.31545067
0,0.2958654
0,0.29332915
0,0.27732995
0,0.27058467
0,0.26748797
0,0.26496452
0,0.27309167
0,0.27440578
0,0.2774602
0,0.27671847
0,0.28691167
0,0.27966112
0,0.279069
0,0.2762048
0,0.26401892
0,0.27244648
0,0.2724507
0,0.27405617
0,0.27974883
0,0.2630708
0,0.271369
0,0.28978664
0,0.29079303
0,0.27545217
0,0.2863247
0,0.27522987
0,0.27444404
0,0.2736377
0,0.27036157
0,0.29109916
0,0.28665096
0,0.30049452
0,0.31245732
0,0.29646862
0,0.28610697
0,0.2774768
0,0.27048042
0,0.27854872
0,0.26860198
0,0.270892
0,0.27546075
0,0.27830654
0,0.278575
0,0.28789625
0,0.32691026
0,0.33438316
0,0.30430022
0,0.28538284
0,0.29408258
0,0.33193383
0,0.30852327
0,0.3021347
0,0.29839274
0,0.28642568
0,0.3009838
0,0.2837966
0,0.2788908
0,0.27269408
0,0.2736943
0,0.31291637
0,0.28608105
0,0.28706798
0,0.30308428
0,0.30501103
0,0.32530364
0,0.2918023
0,0.28408667
0,0.27692842
0,0.27894214
0,0.31210682
0,0.28830284
0,0.30968708
0,0.28217167
0,0.27513242
0,0.3249385
0,0.2974259
0,0.27963504
0,0.2712357
0,0.29691508
0,0.30936447
0,0.29168475
0,0.28555325
0,0.28005275
0,0.2872425
0,0.3151925
0,0.302536
0,0.2917482
0,0.28671882
0,0.2795168
0,0.31118038
0,0.27627915
0,0.27551228
0,0.2739687
0,0.27371857
0,0.32238784
0,0.30801538
0,0.28710094
0,0.28885397
0,0.2880554
0,0.3249579
0,0.30006075
0,0.2834315
0,0.2876231
0,0.27359685
0,0.26980606
0,0.28640404
0,0.27037027
0,0.26701882
0,0.27137434
0,0.26443636
0,0.26594174
0,0.2613103
0,0.2694396
0,0.2607954
0,0.26852575
0,0.26951015
0,0.2709649
0,0.2648134
0,0.27891782
0,0.26357874
0,0.26946545
0,0.26914436
0,0.2595722
0,0.27627674
0,0.26091343
0,0.26585105
0,0.26584724
0,0.2678077
0,0.2788259
0,0.27940693
0,0.27032405
0,0.2688986
0,0.26769412
0,0.2893858
0,0.2745858
0,0.27049342
0,0.2674493
0,0.26114878
0,0.2917399
0,0.27297306
0,0.27000073
0,0.28639215
0,0.2710006
0,0.29446223
0,0.28453737
0,0.28319877
0,0.28056487
0,0.2798953
0,0.30511573
0,0.28778726
0,0.27286604
0,0.2751169
0,0.27535927
0,0.2879764
0,0.28290975
0,0.2881914
0,0.26927122
0,0.27223113
0,0.282725
0,0.271933
0,0.282548
0,0.27474752
0,0.27211758
0,0.2806481
0,0.28418782
0,0.2860614
0,0.27606905
0,0.28284228
0,0.2865021
0,0.28484675
0,0.27549726
0,0.27064812
0,0.2799861
0,0.27109554
0,0.30216706
0,0.27896494
0,0.27288505
0,0.2684881
0,0.27036613
0,0.3008328
0,0.28871253
0,0.28354087
0,0.2738327
0,0.27760598
0,0.266655
0,0.27122617
0,0.27446544
0,0.27332732
0,0.28269213
0,0.278173
0,0.2737706
0,0.26391286
0,0.26805702
0,0.2914207
0,0.2759484
0,0.3087481
0,0.3016653
0,0.300885
0,0.31747365
0,0.2879641
0,0.31328925
0,0.2870428
0,0.2882574
0,0.28616413
0,0.28887275
0,0.27555633
0,0.2696893
0,0.27771193
0,0.27861205
0,0.29202434
0,0.28424302
0,0.28129002
0,0.2694788
0,0.27388564
0,0.2851802
0,0.27744725
0,0.29637963
0,0.2841476
0,0.2675916
0,0.26143885
0,0.29512912
0,0.26747698
0,0.2711641
0,0.26897883
0,0.2674378
0,0.27750355
0,0.27995583
0,0.3230579
0,0.28947884
0,0.28001502
0,0.29497686
0,0.2778135
0,0.2716775
0,0.43184134
0,0.33682573
0,0.30708733
0,0.3015032
0,0.28353906
0,0.2852304
0,0.2790514
0,0.2889433
0,0.2710339
0,0.27614844
0,0.2674661
0,0.28194755
0,0.27738774
0,0.28489676
0,0.26842755
0,0.2860511
0,0.27136013
0,0.276175
0,0.31091082
0,0.2761783
0,0.2664158
0,0.2612764
0,0.26767474
0,0.294448
0,0.2801941
0,0.2650072
0,0.26928988
0,0.27013704
0,0.29892176
0,0.2788117
0,0.2736853
0,0.28112268
0,0.2715985
0,0.26969352
0,0.27584422
0,0.26723132
0,0.26769608
0,0.2792682
0,0.26795322
0,0.26309395
0,0.26205912
0,0.2701916
0,0.2834665
0,0.26675525
0,0.27257702
0,0.27521285
0,0.26432636
0,0.28509808
0,0.2977604
0,0.30515492
0,0.29162696
0,0.27676278
0,0.2770599
0,0.27685368
0,0.26414892
0,0.27094787
0,0.26030198
0,0.29545757
0,0.26771766
0,0.27197906
0,0.27025053
0,0.26929805
0,0.31870654
0,0.28818187
0,0.2777988
0,0.2763213
0,0.28455216
0,0.30213186
0,0.29271284
0,0.29415825
0,0.2923912
0,0.27946314
0,0.29806736
0,0.29238066
0,0.27869582
0,0.28580266
0,0.28441426
0,0.299566
0,0.2755261
0,0.28189656
0,0.26975363
0,0.2659772
0,0.29910558
0,0.2740032
0,0.27897856
0,0.28103885
0,0.27131626
0,0.32234946
0,0.28149354
0,0.27623457
0,0.2777889
0,0.27571768
0,0.2790745
0,0.26480392
0,0.2796571
0,0.27252513
0,0.27350911
0,0.28575012
0,0.28487545
0,0.2848481
0,0.27111328
0,0.2689657
0,0.2770952
0,0.2697041
0,0.268347
0,0.27620506
0,0.266732
0,0.28571126
0,0.27219665
0,0.27892658
0,0.2800436
0,0.2811951
0,0.27037802
0,0.29869896
0,0.28684014
0,0.27582163
0,0.26892668
0,0.2745771
0,0.27423808
0,0.2814912
0,0.27744567
0,0.27741992
0,0.2740052
0,0.26804528
0,0.27835512
0,0.27839184
0,0.27461392
0,0.27734703
0,0.28365523
0,0.3044463
0,0.3597325
0,0.3111648
0,0.32386085
0,0.30032647
0,0.31446978
0,0.32631662
0,0.2947219
0,0.3148135
0,0.28926393
0,0.33556727
0,0.31873548
0,0.31428418
0,0.32499573
0,0.32511958
0,0.33935043
0,0.39929354
0,0.40475112
0,0.40339598
0,0.32382983
0,0.28218764
0,0.31852293
0,0.2342235
0,0.22264268
0,0.2463173
0,0.24471027
0,0.22828256
0,0.22390032
0,0.26948556
0,0.2373037
0,0.23860931
0,0.25112742
0,0.26302868
0,0.30354688
0,0.3251263
0,0.29101035
0,0.30041555
0,0.2482935
0,0.22024284
0,0.19736612
0,0.19332363
0,0.17658289
0,0.17571776
0,0.15538225
0,0.14707156
0,0.14158067
0,0.15340714
0,0.14467835
0,0.1454303
0,0.1356821
0,0.13733448
0,0.15055697
0,0.14332332
0,0.14358494
0,0.14274223
0,0.13963817
0,0.13810737
0,0.14697358
0,0.14355654
0,0.14213398
0,0.15016593
0,0.14842904
0,0.14178208
0,0.14034435
0,0.14834207
0,0.14928529
0,0.15140511
0,0.1569514
0,0.16260281
0,0.17112751
0,0.1793275
0,0.19149521
0,0.21310769
0,0.22225541
0,0.23382887
0,0.23373072
0,0.24864163
0,0.24648863
0,0.26689422
0,0.27083388
0,0.27826455
0,0.33242938
0,0.30683565
0,0.29811496
0,0.293937
0,0.2904838
0,0.33038476
0,0.31408095
0,0.300691
0,0.2959283
0,0.30300725
0,0.33748582
0,0.31793526
0,0.31121767
0,0.29500723
0,0.29005167
0,0.34025705
0,0.30161363
0,0.28970847
0,0.28322634
0,0.2853701
0,0.27316654
0,0.27054334
0,0.26775956
0,0.2679723
0,0.26311448
0,0.35290805
0,0.29122528
0,0.27885178
0,0.29397333
0,0.2990544
0,0.29525727
0,0.28849113
0,0.28173617
0,0.27662656
0,0.2807597
0,0.29370597
0,0.28647786
0,0.28079334
0,0.27926227
0,0.30626884
0,0.29495838
0,0.28681928
0,0.28368002
0,0.28368467
0,0.3181863
0,0.2961531
0,0.28652984
0,0.28075203
0,0.2817399
0,0.31857085
0,0.30571553
0,0.28532934
0,0.29276657
0,0.2936583
0,0.29945257
0,0.2843832
0,0.27802315
0,0.27103126
0,0.27106503
0,0.32812512
0,0.29264635
0,0.2987593
0,0.28073522
0,0.27622512
0,0.27117878
0,0.27362123
0,0.26913837
0,0.28712374
0,0.29472682
0,0.30088976
0,0.30529583
0,0.295639
0,0.3165634
0,0.3309717
0,0.3087749
0,0.31103146
0,0.3043186
0,0.30506858
0,0.32713616
0,0.32590437
0,0.30762893
0,0.29758355
0,0.28774345
0,0.30855623
0,0.2887179
0,0.30121496
0,0.28921288
0,0.2798799
0,0.3298276
0,0.29659772
0,0.28686053
0,0.2915623
0,0.2756947
0,0.26834175
0,0.2617777
0,0.25844353
0,0.25748095
0,0.26739198
0,0.26287666
0,0.2729459
0,0.27849808
0,0.28421772
0,0.28381202
0,0.28391603
0,0.28546998
0,0.2710591
0,0.27760804
0,0.2792478
0,0.3158406
0,0.32725397
0,0.29623306
0,0.28943798
0,0.28745693
0,0.2895759
0,0.28390476
0,0.30065814
0,0.3000228
0,0.28920653
0,0.29224366
0,0.30195355
0,0.30792513
0,0.3104804
0,0.3193363
0,0.31679195
0,0.692978
0,0.51063436
0,0.41621915
0,0.38279688
0,0.33704868
0,0.30810952
0,0.29313916
0,0.2900635
0,0.26583263
0,0.2356958
0,0.2179566
0,0.19283345
0,0.17996375
0,0.1728532
0,0.18215819
0,0.16631567
0,0.15689369
0,0.15516499
0,0.15401804
0,0.1579979
0,0.17467892
0,0.17801137
0,0.19353186
0,0.20454952
0,0.22386187
0,0.23769583
0,0.22819121
0,0.2461611
0,0.2573576
0,0.2662233
0,0.27728173
0,0.28318897
0,0.28021407
0,0.29028267
0,0.27192032
0,0.2965838
0,0.28438178
0,0.3209969
0,0.2928173
0,0.2790255
0,0.2909311
0,0.29117694
0,0.27050653
0,0.26300704
0,0.26513183
0,0.26720235
0,0.29567906
0,0.31230956
0,0.31726366
0,0.33157855
0,0.28642744
0,0.28615996
0,0.29026794
0,0.2791176
0,0.31044847
0,0.2996461
0,0.29260367
0,0.2890925
0,0.27659723
0,0.2732174
0,0.28086066
0,0.27406844
0,0.2892955
0,0.3142374
0,0.32458565
0,0.288908
0,0.27828294
0,0.2865173
0,0.28699586
0,0.31011724
0,0.32039127
0,0.70858485
0,0.5340485
0,0.44936016
0,0.3966216
0,0.3554048
0,0.32007265
0,0.2953714
0,0.27308998
0,0.267452
0,0.25516197
0,0.23908624
0,0.22485444
0,0.20673996
0,0.19018553
0,0.17663896
0,0.16927554
0,0.1675477
0,0.18387567
0,0.17805253
0,0.17835595
0,0.18535197
0,0.18949623
0,0.20908485
0,0.19941273
0,0.20962735
0,0.21926704
0,0.22753812
0,0.25157142
0,0.269774
0,0.2837668
0,0.28123003
0,0.2918988
0,0.29027438
0,0.29643887
0,0.29136732
0,0.29718557
0,0.29762164
0,0.30097273
0,0.30633733
0,0.3058528
0,0.32029155
0,0.30650342
0,0.2822327
0,0.2907452
0,0.28503278
0,0.28426847
0,0.2953854
0,0.287816
0,0.34271002
0,0.30593207
0,0.29720533
0,0.30169484
0,0.29850322
0,0.29390395
0,0.28832707
0,0.2840185
0,0.28191617
0,0.28726232
0,0.3225938
0,0.29399788
0,0.30693153
0,0.29496577
0,0.28585538
0,0.3231842
0,0.29049936
0,0.28333163
0,0.27841985
0,0.28133214
0,0.3088317
0,0.29460493
0,0.2895541
0,0.2902252
0,0.28413972
0,0.30882284
0,0.29014978
0,0.30028868
0,0.28904307
0,0.28525928
0,0.3219051
0,0.2948672
0,0.2861647
0,0.2853116
0,0.2838171
0,0.32191467
0,0.2926855
0,0.28491503
0,0.27921295
0,0.27593637
0,0.32086965
0,0.2942205
0,0.2852892
0,0.28248557
0,0.27613318
0,0.29474115
0,0.2745465
0,0.29164106
0,0.27666935
0,0.27783665
0,0.30508733
0,0.28310183
0,0.28915563
0,0.29231134
0,0.3144483
0,0.32263872
0,0.30803156
0,0.3007938
0,0.31021613
0,0.29786423
0,0.31224024
0,0.29750302
0,0.292017
0,0.2894148
0,0.2873374
0,0.31557378
0,0.29580075
0,0.2934527
0,0.28782025
0,0.2846298
0,0.2960453
0,0.29781234
0,0.28529572
0,0.28209138
0,0.27971947
0,0.29796562
0,0.2920806
0,0.28297535
0,0.27891585
0,0.2778588
0,0.28289658
0,0.27772993
0,0.28478092
0,0.27914146
0,0.28261113
0,0.2865812
0,0.28977063
0,0.27944332
0,0.27586102
0,0.27977452
0,0.30614847
0,0.30916983
0,0.2950192
0,0.28935158
0,0.30604285
0,0.30779204
0,0.29387042
0,0.29030368
0,0.28864664
0,0.2876387
0,0.28278935
0,0.2825468
0,0.28047222
0,0.2794958
0,0.27961966
0,0.27467212
0,0.27288848
0,0.27215102
0,0.27090412
0,0.26887697
0,0.26780808
0,0.27058345
0,0.27072975
0,0.26717475
0,0.27948913
0,0.2692469
0,0.29195756
0,0.29544097
0,0.30032167
0,0.29719338
0,0.29780227
0,0.34391657
0,0.30863306
0,0.30573678
0,0.2960394
0,0.29405472
0,0.28817308
0,0.28425032
0,0.2723943
0,0.26740432
0,0.2783082
0,0.2755199
0,0.28621
0,0.2969078
0,0.29485035
0,0.28473637
0,0.26948902
0,0.27752417
0,0.29676822
0,0.29678005
0,0.3214689
0,0.29141673
0,0.3052184
0,0.28472185
0,0.27912343
0,0.28566173
0,0.26415864
0,0.28021055
0,0.28436634
0,0.27391002
0,0.2934591
0,0.2986812
0,0.2886233
0,0.29094142
0,0.27518675
0,0.29067543
0,0.2829083
0,0.2956339
0,0.28703892
0,0.2985953
0,0.28771392
0,0.28296682
0,0.27118543
0,0.27691704
0,0.28511664
0,0.29008308
0,0.29432628
0,0.28384903
0,0.29244313
0,0.28275084
0,0.26701155
0,0.29657072
0,0.28113493
0,0.308707
0,0.2859731
0,0.29234934
0,0.28606498
0,0.28327557
0,0.27660334
0,0.27403206
0,0.2704396
0,0.28094134
0,0.27054614
0,0.26803166
0,0.27712047
0,0.2698098
0,0.28656995
0,0.29179224
0,0.28753048
0,0.2740889
0,0.2792574
0,0.2866853
0,0.27059183
0,0.27822438
0,0.29517546
0,0.2829425
0,0.26959333
0,0.2736759
0,0.3075683
0,0.28759554
0,0.28380242
0,0.27751714
0,0.2752697
0,0.32642725
0,0.3030472
0,0.28782582
0,0.29050997
0,0.28114724
0,0.276643
0,0.27514485
0,0.2803431
0,0.273225
0,0.29299662
0,0.27702162
0,0.27297875
0,0.26929894
0,0.26609516
0,0.30643013
0,0.27688727
0,0.2712668
0,0.2774946
0,0.2781776
0,0.30890557
0,0.28919467
0,0.28556255
0,0.2712393
0,0.27590868
0,0.32163498
0,0.30517867
0,0.29069692
0,0.28627264
0,0.2818728
0,0.27686137
0,0.27586573
0,0.26340413
0,0.26772577
0,0.2589696
0,0.26343068
0,0.26384255
0,0.25510582
0,0.27275673
0,0.26689646
0,0.27351844
0,0.28229338
0,0.28327662
0,0.28368866
0,0.27322483
0,0.27018285
0,0.2670501
0,0.26586533
0,0.26295584
0,0.27281988
0,0.26493672
0,0.26335588
0,0.2689278
0,0.26101336
0,0.29195708
0,0.28091657
0,0.2795523
0,0.27821016
0,0.27774417
0,0.32183668
0,0.28645024
0,0.28592902
0,0.27401412
0,0.26715484
0,0.28637892
0,0.27335688
0,0.2694302
0,0.26261765
0,0.26397362
0,0.30896974
0,0.29259893
0,0.27828157
0,0.28697556
0,0.27759147
0,0.27280664
0,0.2708189
0,0.26945415
0,0.26393142
0,0.25981504
0,0.26254177
0,0.27918455
0,0.28691235
0,0.27179387
0,0.27490452
0,0.28099853
0,0.2997035
0,0.2894619
0,0.2822303
0,0.26804924
0,0.26050848
0,0.27535713
0,0.2645321
0,0.30108905
0,0.30879974
0,0.30833393
0,0.2883704
0,0.28166765
0,0.27665138
0,0.27063704
0,0.30109364
0,0.27897337
0,0.28421217
0,0.27377266
0,0.27951866
0,0.33613873
0,0.30462244
0,0.29183155
0,0.29977772
0,0.28427398
0,0.34009382
0,0.29622012
0,0.28837195
0,0.30337694
0,0.2889583
0,0.3065987
0,0.28208458
0,0.29286283
0,0.29443136
0,0.282027
0,0.3176349
0,0.2891464
0,0.27738592
0,0.27490488
0,0.270289
0,0.30735093
0,0.2850017
0,0.27499518
0,0.27338645
0,0.26653853
0,0.30797312
0,0.2818594
0,0.2856168
0,0.27797213
0,0.27396575
0,0.32899427
0,0.3181342
0,0.30483136
0,0.32100475
0,0.5957161
0,0.4544979
0,0.38041484
0,0.34480253
0,0.32141054
0,0.2880655
0,0.28257573
0,0.28255013
0,0.2671735
0,0.25931987
0,0.24917248
0,0.24908301
0,0.24543217
0,0.254945
0,0.24196093
0,0.23469867
0,0.24021953
0,0.23615745
0,0.23837397
0,0.24424769
0,0.2544087
0,0.24766612
0,0.2599057
0,0.26753983
0,0.2664483
0,0.2955027
0,0.27783367
0,0.28819734
0,0.28608495
0,0.28268522
0,0.3103186
0,0.33467957
0,0.378581
0,0.33199382
0,0.32928434
0,0.3485496
0,0.31268746
0,0.29716772
0,0.28555104
0,0.37531474
0,0.36475962
0,0.33051312
0,0.29652014
0,0.2816796
0,0.28601184
0,0.29248282
0,0.28958076
0,0.2669188
0,0.2646644
0,0.2441339
0,0.26922107
0,0.24180338
0,0.22509676
0,0.21344781
0,0.21671636
0,0.22414523
0,0.22446212
0,0.22373061
0,0.22759588
0,0.23104613
0,0.24611817
0,0.26018482
0,0.26521498
0,0.27815962
0,0.27623767
0,0.28299037
0,0.27110335
0,0.27733
0,0.28415403
0,0.28350022
0,0.2750437
0,0.2809951
0,0.2784136
0,0.27183244
0,0.27442712
0,0.28229877
0,0.27889377
0,0.28956243
0,0.2899812
0,0.2828006
0,0.27924976
0,0.27758935
0,0.27903926
0,0.2755823
0,0.28918403
0,0.30129817
0,0.2847471
0,0.29320806
0,0.28830895
0,0.30275849
0,0.28375924
0,0.27834904
0,0.30113655
0,0.28145227
0,0.2986639
0,0.2945631
0,0.2741092
0,0.2768188
0,0.27423468
0,0.26163754
0,0.26983395
0,0.2688207
0,0.2790629
0,0.2793991
0,0.26881528
0,0.27029493
0,0.3024794
0,0.27943894
0,0.28464192
0,0.27459386
0,0.26984492
0,0.28578055
0,0.29021618
0,0.2970446
0,0.28145227
0,0.35963994
0,0.3013709
0,0.29107875
0,0.27772778
0,0.2715561
0,0.2651309
0,0.2631981
0,0.26396027
0,0.25919074
0,0.26660156
0,0.25938007
0,0.26584437
0,0.27456668
0,0.28268364
0,0.2815727
0,0.28278875
0,0.27511925
0,0.27916238
0,0.27960652
0,0.2658683
0,0.27473858
0,0.277591
0,0.27736378
0,0.27170166
0,0.2754149
0,0.27568382
0,0.3000617
0,0.29317093
0,0.2952169
0,0.3108874
0,0.3448987
0,0.34194097
0,0.3442834
0,0.33761463
0,0.3302245
0,0.35120335
0,0.3106791
0,0.31747487
0,0.29551524
0,0.30582
0,0.3193684
0,0.2962188
0,0.28153715
0,0.277601
0,0.2736576
0,0.2941401
0,0.27361915
0,0.28017464
0,0.27241588
0,0.26033828
0,0.25179
0,0.258279
0,0.24648276
0,0.24455954
0,0.261842
0,0.25322244
0,0.27158153
0,0.26936486
0,0.2716159
0,0.2895899
0,0.27385175
0,0.28628418
0,0.28834623
0,0.27182636
0,0.29557112
0,0.27466944
0,0.28449407
0,0.28671837
0,0.29893157
0,0.33173576
0,0.29849914
0,0.27913418
0,0.28666797
0,0.28530204
0,0.32755804
0,0.29886416
0,0.29415387
0,0.28938746
0,0.2806372
0,0.36119893
0,0.31655535
0,0.3051951
0,0.2943588
0,0.29963413
0,0.30104673
0,0.2788491
0,0.2883827
0,0.28466818
0,0.2884626
0,0.29593515
0,0.27641442
0,0.28617576
0,0.28100398
0,0.28383672
0,0.3065362
0,0.29091936
0,0.28456923
0,0.28534162
0,0.28317222
0,0.2979305
0,0.30160353
0,0.28563896
0,0.27719286
0,0.27823937
0,0.30126807
0,0.2885598
0,0.28286237
0,0.27498198
0,0.27426815
0,0.29224306
0,0.29583043
0,0.28236884
0,0.29398727
0,0.2793982
0,0.32263926
0,0.30841196
0,0.28698462
0,0.2794918
0,0.2740106
0,0.28480467
0,0.2731445
0,0.27104053
0,0.27689213
0,0.2682527
0,0.30505893
0,0.27710012
0,0.270441
0,0.26722625
0,0.26246828
0,0.30592754
0,0.27384883
0,0.2737353
0,0.26549077
0,0.27158618
0,0.30277392
0,0.30369273
0,0.28681004
0,0.2808232
0,0.2901701
0,0.29404953
0,0.28848776
0,0.27935976
0,0.28250498
0,0.2858884
0,0.29122958
0,0.2839652
0,0.28249213
0,0.285406
0,0.27521983
0,0.28176117
0,0.27873847
0,0.2773966
0,0.28095466
0,0.27011234
0,0.2768079
0,0.30256078
0,0.29215232
0,0.28733173
0,0.28373837
0,0.2960704
0,0.2916077
0,0.2798315
0,0.28638807
0,0.27591407
0,0.29574835
0,0.28077206
0,0.28614157
0,0.2782141
0,0.2768009
0,0.28682497
0,0.27540967
0,0.27649772
0,0.2698392
0,0.26953682
0,0.30412
0,0.2803703
0,0.2749884
0,0.28830734
0,0.28204554
0,0.306545
0,0.2817988
0,0.28560734
0,0.29118034
0,0.29707655
0,0.2945332
0,0.27951697
0,0.27105147
0,0.26704323
0,0.280831
0,0.311274
0,0.27919722
0,0.27113795
0,0.28043935
0,0.26894462
0,0.29060125
0,0.27168298
0,0.27408937
0,0.2730894
0,0.27199787
0,0.27780274
0,0.2783131
0,0.2719396
0,0.2698687
0,0.26897454
0,0.2669586
0,0.27240565
0,0.26807618
0,0.26601142
0,0.26510423
0,0.26407784
0,0.27368757
0,0.29560447
0,0.2921568
0,0.28308022
0,0.28658396
0,0.28462124
0,0.28420213
0,0.28547835
0,0.28325564
0,0.28495976
0,0.28293085
0,0.28050983
0,0.26711598
0,0.27352124
0,0.26266995
0,0.28793427
0,0.27339032
0,0.27008992
0,0.28355
0,0.27919832
0,0.28955683
0,0.28341067
0,0.27793425
0,0.2745071
0,0.29063547
0,0.2877551
0,0.2845542
0,0.27294263
0,0.27504697
0,0.2810515
0,0.2720658
0,0.27011907
0,0.2727173
0,0.28888205
0,0.2841413
0,0.28972927
0,0.27301055
0,0.2678928
0,0.2816777
0,0.28545713
0,0.2869668
0,0.28808776
0,0.29009604
0,0.28870118
0,0.2735952
0,0.26853213
0,0.26395944
0,0.2762259
0,0.26911804
0,0.2696785
0,0.2816311
0,0.28151715
0,0.27373984
0,0.26340672
0,0.27523333
0,0.27815586
0,0.27278292
0,0.2713032
0,0.27053213
0,0.27534392
0,0.26998392
0,0.28256485
0,0.2728669
0,0.28540337
0,0.27251634
0,0.274882
0,0.27913308
0,0.2846791
0,0.27638194
0,0.28241482
0,0.27583933
0,0.27394396
0,0.28148237
0,0.29634848
0,0.2841706
0,0.2898786
0,0.2826731
0,0.27477768
0,0.27597585
0,0.27816743
0,0.27594376
0,0.27506736
0,0.27343306
0,0.27131563
0,0.25977257
0,0.2858973
0,0.2737862
0,0.2701106
0,0.26920193
0,0.28609288
0,0.27432233
0,0.27503285
0,0.26680788
0,0.2665897
0,0.26424128
0,0.28002226
0,0.26596436
0,0.27423593
0,0.2900315
0,0.2892208
0,0.29161063
0,0.29640466
0,0.28554094
0,0.29502872
0,0.2797059
0,0.33657056
0,0.32114083
0,0.30721712
0,0.2865867
0,0.2924293
0,0.28172874
0,0.2722728
0,0.26803377
0,0.27035436
0,0.26591048
0,0.26688665
0,0.26676565
0,0.26531884
0,0.2588137
0,0.27399603
0,0.2600701
0,0.27316326
0,0.2587844
0,0.2592527
0,0.26724035
0,0.26080197
0,0.26186383
0,0.2679276
0,0.27746698
0,0.26485163
0,0.291741
0,0.26964638
0,0.26435646
0,0.269532
0,0.29750556
0,0.26882634
0,0.27172208
0,0.26014745
0,0.26529732
0,0.26596183
0,0.2570552
0,0.26953766
0,0.2559512
0,0.26340246
0,0.26299262
0,0.3086414
0,0.28086782
0,0.27637982
0,0.27714717
0,0.280481
0,0.30006477
0,0.30930793
0,0.28388977
0,0.2811595
0,0.27811173
0,0.2913566
0,0.27851123
0,0.2699849
0,0.26973543
0,0.26805502
0,0.28255716
0,0.2852576
0,0.273029
0,0.26398373
0,0.2640578
0,0.28123057
0,0.27789
0,0.2724038
0,0.26705915
0,0.26319826
0,0.28797454
0,0.2838885
0,0.27223793
0,0.26133275
0,0.26072496
0,0.29535934
0,0.2757904
0,0.27044344
0,0.26940763
0,0.26228824
0,0.27581295
0,0.27569565
0,0.26537475
0,0.27432176
0,0.27605852
0,0.2818183
0,0.2638128
0,0.27268264
0,0.2596474
0,0.2697551
0,0.28315565
0,0.2797885
0,0.26606593
0,0.26229283
0,0.26762804
0,0.3060475
0,0.29041275
0,0.29144526
0,0.29048508
0,0.29518813
0,0.2969501
0,0.27678913
0,0.27524292
0,0.27315596
0,0.26199734
0,0.29198304
0,0.2980185
0,0.28626844
0,0.28283304
0,0.28583393
0,0.290501
0,0.31999698
0,0.32322827
0,0.32442918
0,0.34307402
0,0.33250856
0,0.32361072
0,0.30177927
0,0.30660477
0,0.28528404
0,0.2859193
0,0.27999717
0,0.2815878
0,0.27695552
0,0.26803443
0,0.2713632
0,0.31849808
0,0.30692706
0,0.27929115
0,0.27628705
0,0.2739578
0,0.2624668
0,0.2689635
0,0.26245415
0,0.2623754
0,0.26635087
0,0.31950647
0,0.2836582
0,0.28087923
0,0.2676579
0,0.28668267
0,0.2673007
0,0.27052796
0,0.2704777
0,0.2756699
0,0.2659029
0,0.2778587
0,0.27420202
0,0.26860338
0,0.26097062
0,0.27766097
0,0.27640787
0,0.28967074
0,0.27120087
0,0.26119033
0,0.25590244
0,0.2656778
0,0.2685379
0,0.28695014
0,0.27946666
0,0.29956445
0,0.28792152
0,0.27379155
0,0.28013235
0,0.2668974
0,0.28237298
0,0.264874
0,0.25914678
0,0.26460335
0,0.26747626
0,0.33094484
0,0.29543447
0,0.28439304
0,0.26832563
0,0.26196802
0,0.31184202
0,0.29260954
0,0.2847376
0,0.28748512
0,0.281064
0,0.27417362
0,0.26918095
0,0.25751066
0,0.26715007
0,0.26342434
0,0.27181596
0,0.27599272
0,0.28953803
0,0.2777899
0,0.2749483
0,0.27203372
0,0.27000386
0,0.27637514
0,0.2723148
0,0.26512706
0,0.26770085
0,0.28481197
0,0.27314922
0,0.2686822
0,0.26275018
0,0.258574
0,0.2680584
0,0.27298623
0,0.27171105
0,0.27207726
0,0.27162066
0,0.27339253
0,0.27014714
0,0.26992598
0,0.2647086
0,0.26192433
0,0.26367763
0,0.26330128
0,0.26692954
0,0.26649338
0,0.2767201
0,0.26547438
0,0.30359042
0,0.27418056
0,0.2725832
0,0.27771556
0,0.27952647
0,0.30768752
0,0.27609566
0,0.2714909
0,0.2620935
0,0.26324245
0,0.29430673
0,0.2715678
0,0.26579842
0,0.2611924
0,0.2599884
0,0.29793593
0,0.2857221
0,0.2805002
0,0.2772185
0,0.26600254
0,0.30969337
0,0.30333722
0,0.2972332
0,0.28593406
0,0.2908635
0,0.28544736
0,0.27921927
0,0.27502653
0,0.28219092
0,0.2643961
0,0.26795885
0,0.27134457
0,0.26752257
0,0.41321754
0,0.31541818
0,0.3028963
0,0.3002443
0,0.28876504
0,0.27910337
0,0.2712199
0,0.28330272
0,0.27291006
0,0.2723862
0,0.27245942
0,0.26620692
0,0.27767074
0,0.27083105
0,0.27452132
0,0.26624835
0,0.2771285
0,0.26630402
0,0.2819822
0,0.26678935
0,0.26927412
0,0.26841465
0,0.27103192
0,0.2630738
0,0.2681279
0,0.26019326
0,0.2572273
0,0.25493973
0,0.2598297
0,0.26550344
0,0.2616662
0,0.2600264
0,0.2609446
0,0.2597311
0,0.2574944
0,0.27320984
0,0.26813057
0,0.26064706
0,0.27310184
0,0.2770681
0,0.27101398
0,0.2628023
0,0.2724134
0,0.26077038
0,0.27648288
0,0.27718815
0,0.26720563
0,0.2802087
0,0.27853978
0,0.26327989
0,0.2853063
0,0.28072602
0,0.26936144
0,0.2598445
0,0.25436524
0,0.25770214
0,0.2708013
0,0.2706859
0,0.27110988
0,0.27713767
0,0.27393878
0,0.31254527
0,0.27708638
0,0.27763367
0,0.279925
0,0.27971035
0,0.30164486
0,0.28992698
0,0.27011964
0,0.26159394
0,0.27417865
0,0.29861307
0,0.28258434
0,0.28335148
0,0.28175527
0,0.27381173
0,0.2956411
0,0.2797363
0,0.27253723
0,0.27058122
0,0.2690801
0,0.3058442
0,0.28628066
0,0.28180796
0,0.2800847
0,0.2899435
0,0.28936458
0,0.2780251
0,0.28293684
0,0.27759838
0,0.27541587
0,0.28728467
0,0.27252588
0,0.27772903
0,0.27258903
0,0.26734346
0,0.27313983
0,0.26687935
0,0.26863715
0,0.27929106
0,0.28291076
0,0.28107172
0,0.2711943
0,0.2688986
0,0.26478526
0,0.26395473
0,0.26715973
0,0.2635858
0,0.2576443
0,0.26082405
0,0.26937747
0,0.2585132
0,0.26074347
0,0.25351065
0,0.25601855
0,0.25632188
0,0.2878376
0,0.26714677
0,0.2749875
0,0.29008645
0,0.28083465
0,0.279942
0,0.2838131
0,0.28330278
0,0.30051008
0,0.2847418
0,0.2800069
0,0.26697806
0,0.27580348
0,0.27834788
0,0.29170737
0,0.29137146
0,0.2870101
0,0.28333482
0,0.29872286
0,0.28504494
0,0.2901682
0,0.27537876
0,0.27721715
0,0.27164862
0,0.2752023
0,0.27711916
0,0.27982628
0,0.2844781
0,0.27520803
0,0.27214402
0,0.29523575
0,0.3500538
0,0.34037977
0,0.3055023
0,0.31435746
0,0.29158297
0,0.30033353
0,0.2774269
0,0.27268586
0,0.27663293
0,0.29034504
0,0.290136
0,0.27835843
0,0.27034768
0,0.2667855
0,0.26352075
0,0.26041874
0,0.2594851
0,0.27473724
0,0.2665507
0,0.2586444
0,0.25902733
0,0.27086192
0,0.28452066
0,0.29064667
0,0.29064018
0,0.28650457
0,0.28540054
0,0.28885263
0,0.2848079
0,0.2990693
0,0.28887737
0,0.30817652
0,0.28083232
0,0.2840406
0,0.28370628
0,0.29395476
0,0.28411463
0,0.28160056
0,0.2852229
0,0.2793306
0,0.27803656
0,0.29655898
0,0.29510838
0,0.28334048
0,0.2871846
0,0.28375933
0,0.27072865
0,0.28129077
0,0.2790813
0,0.2841313
0,0.27538282
0,0.27177224
0,0.26368484
0,0.27025673
0,0.27279928
0,0.26819977
0,0.30063877
0,0.28605524
0,0.28638035
0,0.28039876
0,0.2774401
0,0.28822917
0,0.36413783
0,0.3122418
0,0.2942914
0,0.28625813
0,0.29654625
0,0.28109542
0,0.27667245
0,0.28957585
0,0.27960888
0,0.27263775
0,0.29109487
0,0.28071678
0,0.27342367
0,0.2728971
0,0.28398836
0,0.28512463
0,0.28810686
0,0.27280712
0,0.26801607
0,0.2653182
0,0.26457995
0,0.26791364
0,0.26060978
0,0.25957024
0,0.25649884
0,0.28498983
0,0.28045616
0,0.2686453
0,0.278931
0,0.28134936
0,0.30182743
0,0.28932557
0,0.28082344
0,0.27642694
0,0.28439516
0,0.32077724
0,0.29702318
0,0.28986102
0,0.28674096
0,0.28327903
0,0.28152364
0,0.2804515
0,0.27936095
0,0.2781373
0,0.26113415
0,0.2785782
0,0.2751555
0,0.27349335
0,0.27780563
0,0.28253496
0,0.28488004
0,0.27783555
0,0.28388822
0,0.27704835
0,0.2833349
0,0.28507113
0,0.2762308
0,0.27271917
0,0.2711098
0,0.26799145
0,0.2613077
0,0.28561473
0,0.2776142
0,0.27927706
0,0.29383597
0,0.29825807
0,0.29408285
0,0.28667453
0,0.2845633
0,0.28371572
0,0.28220445
0,0.29375973
0,0.28469592
0,0.30743566
0,0.30256203
0,0.30352077
0,0.29302114
0,0.30066064
0,0.28432733
0,0.29711568
0,0.27693138
0,0.26973072
0,0.2776903
0,0.27740723
0,0.27321237
0,0.2650937
0,0.26268822
0,0.27471673
0,0.26451966
0,0.27780426
0,0.28156462
0,0.26727197
0,0.26468322
0,0.26503596
0,0.2749584
0,0.31690025
0,0.29644755
0,0.2931436
0,0.29005817
0,0.28151658
0,0.29794565
0,0.29873422
0,0.29072168
0,0.2876836
0,0.29069078
0,0.310971
0,0.294449
0,0.28830573
0,0.28488204
0,0.28251913
0,0.31600222
0,0.2970378
0,0.28876412
0,0.27825758
0,0.5577297
0,0.47501057
0,0.39376506
0,0.34694004
0,0.31950027
0,0.2983475
0,0.30800748
0,0.28475863
0,0.29512742
0,0.28154486
0,0.2698462
0,0.30455092
0,0.2709953
0,0.25570756
0,0.24293652
0,0.24103506
0,0.2356488
0,0.21716674
0,0.20294636
0,0.19895735
0,0.19546193
0,0.19965933
0,0.19782707
0,0.2019695
0,0.21112698
0,0.2178855
0,0.24230394
0,0.24194261
0,0.2461679
0,0.25167143
0,0.26799503
0,0.3229163
0,0.29452857
0,0.2870844
0,0.28239048
0,0.27795947
0,0.27553242
0,0.27211776
0,0.26818767
0,0.26616782
0,0.26398388
0,0.29023838
0,0.27243316
0,0.2686641
0,0.2687775
0,0.28027737
0,0.2876647
0,0.273737
0,0.28478098
0,0.2871062
0,0.29259026
0,0.27581564
0,0.26624048
0,0.26174152
0,0.26496625
0,0.25924593
0,0.27249873
0,0.28855497
0,0.28301144
0,0.2842935
0,0.28509128
0,0.27791822
0,0.33080885
0,0.29990622
0,0.28656837
0,0.2867474
0,0.28489947
0,0.31331554
0,0.29200038
0,0.2883834
0,0.2844373
0,0.2954337
0,0.32684594
0,0.29803768
0,0.2917472
0,0.2854418
0,0.2807462
0,0.29115576
0,0.28109744
0,0.28270957
0,0.28624728
0,0.2877943
0,0.33024853
0,0.30143753
0,0.29681516
0,0.3001192
0,0.2850251
0,0.3259045
0,0.30482227
0,0.29830456
0,0.28301933
0,0.28928107
0,0.34296483
0,0.30353555
0,0.2883756
0,0.29048273
0,0.29172805
0,0.2918291
0,0.3045592
0,0.3117542
0,0.29753456
0,0.30654326
0,0.2885547
0,0.28773126
0,0.28238708
0,0.28646865
0,0.29326558
0,0.28290868
0,0.2754527
0,0.27208644
0,0.27677947
0,0.28662682
0,0.28683165
0,0.284108
0,0.29086256
0,0.27745736
0,0.27314317
0,0.28377664
0,0.27212176
0,0.2659556
0,0.28092322
0,0.29015607
0,0.2728438
0,0.26582295
0,0.26423356
0,0.2631311
0,0.25865754
0,0.25723776
0,0.2739523
0,0.2610064
0,0.2723304
0,0.28183153
0,0.27309516
0,0.27978992
0,0.28478405
0,0.2844859
0,0.3358514
0,0.3039828
0,0.29576296
0,0.29035658
0,0.28818923
0,0.31927386
0,0.29646316
0,0.29076347
0,0.2969614
0,0.2875173
0,0.30364224
0,0.2873379
0,0.28038597
0,0.2792345
0,0.2770569
0,0.30044362
0,0.2831339
0,0.28029546
0,0.28129083
0,0.2767024
0,0.29877728
0,0.2811957
0,0.28521872
0,0.2890293
0,0.28725654
0,0.2983635
0,0.2898094
0,0.2899042
0,0.27816975
0,0.2734867
0,0.28518435
0,0.2824887
0,0.27480292
0,0.27540398
0,0.28732976
0,0.32062787
0,0.30128363
0,0.28805327
0,0.28469664
0,0.28658417
0,0.28513455
0,0.2820133
0,0.27481943
0,0.2724855
0,0.29432714
0,0.3238411
0,0.29063222
0,0.28466213
0,0.29194376
0,0.28038955
0,0.31501052
0,0.30265275
0,0.3003268
0,0.28930157
0,0.27635017
0,0.32363307
0,0.28327888
0,0.29134083
0,0.27466163
0,0.26753822
0,0.3296794
0,0.30628783
0,0.55865777
0,0.41605905
0,0.34462357
0,0.35052148
0,0.3036243
0,0.30325657
0,0.293679
0,0.27720407
0,0.27983698
0,0.2767188
0,0.26859918
0,0.26458314
0,0.2717697
0,0.2704964
0,0.26101586
0,0.26307574
0,0.26058725
0,0.25791782
0,0.25945503
0,0.25309464
0,0.25002378
0,0.25001734
0,0.25240448
0,0.25441337
0,0.26540074
0,0.26364946
0,0.2679845
0,0.27628136
0,0.28248176
0,0.29016796
0,0.2956533
0,0.2927942
0,0.28552386
0,0.2889635
0,0.31647363
0,0.289077
0,0.30684915
0,0.29197603
0,0.29329485
0,0.34393272
0,0.30035877
0,0.2887275
0,0.2883136
0,0.2749068
0,0.27711397
0,0.2618279
0,0.27255416
0,0.27343372
0,0.27363807
0,0.28711286
0,0.27900332
0,0.27213553
0,0.27129573
0,0.2710479
0,0.27163887
0,0.26992998
0,0.28179243
0,0.28668925
0,0.28911203
0,0.2746738
0,0.27340713
0,0.28215748
0,0.26773414
0,0.28054467
0,0.28183568
0,0.2848441
0,0.2711962
0,0.26917493
0,0.27728465
0,0.2801546
0,0.28118244
0,0.2822524
0,0.2834246
0,0.28334585
0,0.28154892
0,0.2809336
0,0.2785605
0,0.2790379
0,0.2837214
0,0.2850525
0,0.29149637
0,0.28843898
0,0.2817239
0,0.27932093
0,0.27825695
0,0.27620336
0,0.27506107
0,0.2742281
0,0.27278033
0,0.27245772
0,0.28532013
0,0.2803448
0,0.28440383
0,0.27659628
0,0.27713767
0,0.27289528
0,0.28242984
0,0.27873135
0,0.28111455
0,0.2847455
0,0.2842567
0,0.28881848
0,0.27675566
0,0.29471958
0,0.28799143
0,0.28547066
0,0.2986889
0,0.33259144
0,0.37628603
0,0.32604823
0,0.30878976
0,0.3022052
0,0.29385662
0,0.3375025
0,0.29782388
0,0.2962565
0,0.28864926
0,0.28214258
0,0.28104687
0,0.29240748
0,0.2781898
0,0.27689207
0,0.27610585
0,0.27525532
0,0.26935637
0,0.27720472
0,0.27328995
0,0.30578694
0,0.2782186
0,0.29808363
0,0.2918045
0,0.27611783
0,0.29535964
0,0.2912545
0,0.2914592
0,0.27434507
0,0.28448895
0,0.30707678
0,0.2851856
0,0.2817261
0,0.2875628
0,0.29068935
0,0.31222695
0,0.299167
0,0.28990313
0,0.291381
0,0.2775232
0,0.32030284
0,0.33392927
0,0.30770174
0,0.30225533
0,0.30122852
0,0.32667485
0,0.30136868
0,0.29729208
0,0.29679176
0,0.28952485
0,0.30760536
0,0.3016988
0,0.29104942
0,0.2859204
0,0.2768256
0,0.28804862
0,0.28062034
0,0.2781535
0,0.27620012
0,0.27542615
0,0.28503132
0,0.27733696
0,0.28924927
0,0.2783751
0,0.274995
0,0.27662635
0,0.28108552
0,0.28051323
0,0.27303013
0,0.28008437
0,0.27253205
0,0.27002016
0,0.26786432
0,0.27853724
0,0.28425026
0,0.2794828
0,0.27905107
0,0.27583796
0,0.2821055
0,0.2826153
0,0.276333
0,0.30004808
0,0.28925705
0,0.2809614
0,0.29234496
0,0.29560125
0,0.32197025
0,0.31217787
0,0.3061785
0,0.2917817
0,0.28361294
0,0.2916955
0,0.2846616
0,0.30437222
0,0.30299866
0,0.29590306
0,0.2985698
0,0.2936759
0,0.28291246
0,0.277188
0,0.29097545
0,0.28736308
0,0.2869551
0,0.27697054
0,0.2820886
0,0.31706706
0,0.29550377
0,0.28987667
0,0.2869651
0,0.28370565
0,0.26602185
0,0.27602088
0,0.32721987
0,0.29581302
0,0.29099852
0,0.28448397
0,0.2806003
0,0.33400255
0,0.29385662
0,0.28857574
0,0.28413564
0,0.28497052
0,0.28122002
0,0.29167587
0,0.27746686
0,0.27958244
0,0.27251872
0,0.27171147
0,0.6412442
0,0.49291515
0,0.43535382
0,0.40434378
0,0.41222104
0,0.38287857
0,0.34642583
0,0.30664325
0,0.28139964
0,0.25834343
0,0.23888071
0,0.21408987
0,0.19547524
0,0.18892217
0,0.1835323
0,0.17086735
0,0.16577885
0,0.15847582
0,0.15482548
0,0.15363914
0,0.16124235
0,0.16400908
0,0.15291476
0,0.15788066
0,0.16007835
0,0.16595666
0,0.18301426
0,0.19854456
0,0.19356327
0,0.18777676
0,0.30471253
0,0.3450449
0,0.32100418
0,0.2943125
0,0.2805237
0,0.28132582
0,0.27913052
0,0.29784274
0,0.27354926
0,0.27597025
0,0.2752003
0,0.2698655
0,0.26484358
0,0.26443478
0,0.26956385
0,0.2560409
0,0.26243535
0,0.26655003
0,0.26800692
0,0.26754662
0,0.2694542
0,0.30721024
0,0.28568172
0,0.2818534
0,0.28843495
0,0.28398818
0,0.29077414
0,0.28120285
0,0.2963152
0,0.29132918
0,0.2832059
0,0.3402541
0,0.29836008
0,0.2898144
0,0.309155
0,0.30836365
0,0.31247723
0,0.2894703
0,0.325071
0,0.34513438
0,0.34777746
0,0.33124205
0,0.31715524
0,0.3098325
0,0.30761427
0,0.30086842
0,0.2874465
0,0.28369358
0,0.28061807
0,0.2694485
0,0.2785544
0,0.2738355
0,0.26814482
0,0.2679191
0,0.2652717
0,0.27218753
0,0.27376133
0,0.26561326
0,0.26438794
0,0.27107504
0,0.26690984
0,0.27490357
0,0.31215802
0,0.290964
0,0.65198493
0,0.4961253
0,0.43133005
0,0.39560735
0,0.40725675
0,0.35782483
0,0.32582045
0,0.29964936
0,0.28516635
0,0.27357128
0,0.25764
0,0.23049287
0,0.20468551
0,0.18040088
0,0.16475326
0,0.15476197
0,0.14681457
0,0.14291053
0,0.14139163
0,0.1416027
0,0.14624383
0,0.15148251
0,0.1593573
0,0.1727204
0,0.18423365
0,0.19546688
0,0.20976688
0,0.23147357
0,0.2593072
0,0.2567127
0,0.29085454
0,0.27966282
0,0.29536137
0,0.35570282
0,0.30871087
0,0.2952509
0,0.28631908
0,0.28386366
0,0.31580204
0,0.3079811
0,0.28948444
0,0.29936886
0,0.28223756
0,0.32211924
0,0.29072198
0,0.28530458
0,0.28520873
0,0.2853651
0,0.2815985
0,0.2702912
0,0.28589952
0,0.28841797
0,0.29214436
0,0.29380924
0,0.28422266
0,0.2911372
0,0.2828788
0,0.2709235
0,0.2971121
0,0.28380668
0,0.2873492
0,0.28105485
0,0.27593175
0,0.28396904
0,0.26885915
0,0.27050814
0,0.26978102
0,0.27895218
0,0.30662373
0,0.29300588
0,0.29083937
0,0.28958958
0,0.29489788
0,0.2910642
0,0.28878063
0,0.6813663
0,0.49165994
0,0.42520908
0,0.37873682
0,0.34343418
0,0.318911
0,0.30785185
0,0.30690837
0,0.28073806
0,0.31143564
0,0.2799437
0,0.26899198
0,0.2676221
0,0.26070583
0,0.24673891
0,0.223761
0,0.2032102
0,0.18966267
0,0.18428221
0,0.18733816
0,0.1893955
0,0.19653255
0,0.20112224
0,0.2070833
0,0.22015433
0,0.22669049
0,0.23597017
0,0.24679683
0,0.25882795
0,0.2622581
0,0.2747801
0,0.27342865
0,0.27161336
0,0.27547023
0,0.2735803
0,0.2705839
0,0.2707191
0,0.26749834
0,0.2798335
0,0.27251408
0,0.27441946
0,0.28947794
0,0.29368445
0,0.2981398
0,0.28661817
0,0.2770591
0,0.28191158
0,0.28149065
0,0.27141368
0,0.26731128
0,0.2829341
0,0.26796716
0,0.5136969
0,0.37085062
0,0.35663474
0,0.3359988
0,0.326362
0,0.2936363
0,0.2867352
0,0.2831827
0,0.28938365
0,0.297193
0,0.2802789
0,0.27746594
0,0.29478738
0,0.2767687
0,0.28955212
0,0.28574455
0,0.28019696
0,0.3053599
0,0.29016265
0,0.29369253
0,0.28473222
0,0.27832863
0,0.27407074
0,0.27129206
0,0.27032334
0,0.27032417
0,0.27062836
0,0.27276117
0,0.26622215
0,0.27206555
0,0.2840568
0,0.27913877
0,0.28388596
0,0.30046096
0,0.2913476
0,0.29510888
0,0.28700757
0,0.27335277
0,0.2743761
0,0.27262536
0,0.2745559
0,0.27149278
0,0.2629969
0,0.2668881
0,0.27313584
0,0.2682021
0,0.27569416
0,0.27279252
0,0.31648698
0,0.2872097
0,0.28739586
0,0.28525895
0,0.27860898
0,0.28297552
0,0.2835039
0,0.2857126
0,0.27776304
0,0.28251132
0,0.28304607
0,0.27861744
0,0.27303466
0,0.27902225
0,0.29059705
0,0.27702123
0,0.2793309
0,0.2757217
0,0.27708036
0,0.28640345
0,0.28037068
0,0.2816011
0,0.27963907
0,0.2792787
0,0.27235344
0,0.27617955
0,0.27264035
0,0.26383764
0,0.26471737
0,0.26947194
0,0.27784193
0,0.31806564
0,0.2895144
0,0.2915352
0,0.29043132
0,0.29567435
0,0.29780984
0,0.28255716
0,0.27716026
0,0.29400608
0,0.2785692
0,0.3197792
0,0.284132
0,0.28657627
0,0.30701113
0,0.30237457
0,0.30563504
0,0.29137668
0,0.28645974
0,0.28298965
0,0.28389728
0,0.27941903
0,0.30113178
0,0.28352106
0,0.26972574
0,0.27669227
0,0.27677506
0,0.27327105
0,0.27210194
0,0.27329704
0,0.27379185
0,0.2756629
0,0.27542016
0,0.27526712
0,0.2762489
0,0.27536392
0,0.2784684
0,0.27490535
0,0.275149
0,0.38046208
0,0.33774483
0,0.32930946
0,0.30360022
0,0.29506633
0,0.28400737
0,0.2768108
0,0.32338062
0,0.2909113
0,0.29009578
0,0.28812867
0,0.27611393
0,0.29459038
0,0.278128
0,0.27573267
0,0.27171096
0,0.26867172
0,0.29324505
0,0.2838866
0,0.28945455
0,0.27208465
0,0.28373703
0,0.30748606
0,0.27886385
0,0.27029717
0,0.2811946
0,0.28347483
0,0.3196965
0,0.29169154
0,0.28262168
0,0.29182875
0,0.28120422
0,0.27498442
0,0.27320528
0,0.2802438
0,0.27489102
0,0.28088105
0,0.28357935
0,0.28721383
0,0.28701776
0,0.29423252
0,0.28877208
0,0.34825674
0,0.31737563
0,0.29140228
0,0.29193532
0,0.27745727
0,0.2820281
0,0.27291206
0,0.27697968
0,0.27801138
0,0.2832327
0,0.34340376
0,0.33630466
0,0.3193107
0,0.31235734
0,0.3198054
0,0.3334212
0,0.30957273
0,0.309251
0,0.29419997
0,0.28903043
0,0.30131632
0,0.30864933
0,0.2949691
0,0.31228963
0,0.31846443
0,0.3361255
0,0.32284364
0,0.29707545
0,0.28658715
0,0.2906802
0,0.28314796
0,0.28152502
0,0.26132026
0,0.24696156
0,0.23822407
0,0.23434538
0,0.24480212
0,0.24413188
0,0.24264367
0,0.24643391
0,0.26350555
0,0.26226944
0,0.25944847
0,0.2610775
0,0.264293
0,0.3004172
0,0.27667904
0,0.2770413
0,0.26495367
0,0.2727769
0,0.28875595
0,0.280152
0,0.27163565
0,0.28410763
0,0.28689224
0,0.2946255
0,0.2844176
0,0.28903806
0,0.29333338
0,0.28321233
0,0.29317656
0,0.29996085
0,0.28241983
0,0.2663832
0,0.28284794
0,0.30876365
0,0.294203
0,0.30618134
0,0.29493532
0,0.31834078
0,0.35260984
0,0.32035682
0,0.31148717
0,0.29894274
0,0.2934258
0,0.29102266
0,0.29629558
0,0.29190174
0,0.3110211
0,0.30236784
0,0.29751754
0,0.2978868
0,0.31050906
0,0.31765467
0,0.30388165
0,0.2924724
0,0.2841698
0,0.29858053
0,0.3269002
0,0.32056147
0,0.29455203
0,0.29082602
0,0.27868965
0,0.27030262
0,0.27347237
0,0.28586698
0,0.3160994
0,0.28488228
0,0.27949604
0,0.28453645
0,0.3013597
0,0.32284433
0,0.3383671
0,0.3141832
0,0.30820027
0,0.31471
0,0.3040078
0,0.26182258
0,0.2614227
0,0.23265898
0,0.20969729
0,0.20508301
0,0.20105784
0,0.21031588
0,0.22324993
0,0.23895973
0,0.23822856
0,0.20313606
0,0.17708494
0,0.164885
0,0.16008104
0,0.16611776
0,0.1487372
0,0.14908643
0,0.15364213
0,0.17421788
0,0.1904673
0,0.18609874
0,0.18038608
0,0.17341763
0,0.1640296
0,0.17265348
0,0.16717733
0,0.16143022
0,0.17364961
0,0.18097518
0,0.18080467
0,0.1702654
0,0.16990998
0,0.17399362
0,0.15633686
0,0.1708173
0,0.29260397
0,0.21813935
0,0.20100455
0,0.18114074
0,0.17899203
0,0.15767145
0,0.14610426
0,0.1448269
0,0.14178951
0,0.16002612
0,0.14964844
0,0.14923795
0,0.15560585
0,0.16228491
0,0.16916943
0,0.17487462
0,0.18317431
0,0.191338
0,0.20012304
0,0.24391846
0,0.22906198
0,0.22839092
0,0.237086
0,0.24252467
0,0.24578713
0,0.25374427
0,0.25619924
0,0.25719985
0,0.2624889
0,0.26130316
0,0.2669152
0,0.2666778
0,0.2671861
0,0.26195014
0,0.26333213
0,0.26976913
0,0.29091406
0,0.29560935
0,0.28384313
0,0.2724911
0,0.26818916
0,0.2685118
0,0.28172007
0,0.2739908
0,0.26750815
0,0.2614574
0,0.26520362
0,0.26085463
0,0.27140042
0,0.27790022
0,0.2834082
0,0.29613593
0,0.28829083
0,0.27809632
0,0.27204725
0,0.29508942
0,0.30100992
0,0.28972757
0,0.28859478
0,0.35205758
0,0.32346743
0,0.30611873
0,0.2978837
0,0.27549666
0,0.28227916
0,0.27366757
0,0.27039462
0,0.27743474
0,0.2688405
0,0.27808696
0,0.2815569
0,0.26977974
0,0.27478662
0,0.27385578
0,0.28170452
0,0.27898815
0,0.27671602
0,0.2775578
0,0.27726933
0,0.27315643
0,0.27956104
0,0.30019528
0,0.28669104
0,0.28110802
0,0.28064227
0,0.27704215
0,0.27652326
0,0.27588972
0,0.28083313
0,0.31765312
0,0.3133566
0,0.29933682
0,0.2892217
0,0.3031028
0,0.28641778
0,0.28515276
0,0.27607173
0,0.30611998
0,0.2900227
0,0.27561614
0,0.2791121
0,0.2717301
0,0.26573694
0,0.2940194
0,0.2744662
0,0.26546332
0,0.26308405
0,0.2663483
0,0.26962504
0,0.26493618
0,0.271852
0,0.26142204
0,0.277684
0,0.33537444
0,0.31327522
0,0.3108065
0,0.3283295
0,0.29087275
0,0.30933943
0,0.2876949
0,0.3033518
0,0.2798433
0,0.27531698
0,0.28445
0,0.2705526
0,0.268623
0,0.26181445
0,0.2840088
0,0.27553943
0,0.28726652
0,0.2897259
0,0.286922
0,0.28540605
0,0.28869313
0,0.28261977
0,0.27012914
0,0.2825628
0,0.2786199
0,0.26884404
0,0.2757372
0,0.30681792
0,0.31151837
0,0.28349033
0,0.28379554
0,0.26661086
0,0.286791
0,0.2695085
0,0.2725907
0,0.27306503
0,0.31076857
0,0.28543264
0,0.2800995
0,0.26768655
0,0.2742562
0,0.31012177
0,0.289257
0,0.28275084
0,0.30653304
0,0.29716828
0,0.32098493
0,0.2941004
0,0.30596182
0,0.29011402
0,0.28275302
0,0.31368023
0,0.289241
0,0.28247938
0,0.27781987
0,0.27719697
0,0.3078855
0,0.28327155
0,0.27678
0,0.29232267
0,0.29520836
0,0.27666083
0,0.2910439
0,0.3005584
0,0.28542426
0,0.27750692
0,0.2845395
0,0.27196836
0,0.26733628
0,0.26454592
0,0.2619313
0,0.30381963
0,0.2815273
0,0.28558278
0,0.27403235
0,0.28352046
0,0.28743887
0,0.28771338
0,0.2932231
0,0.31300387
0,0.3125424
0,0.32364184
0,0.31543657
0,0.30048501
0,0.28292188
0,0.29894146
0,0.35473403
0,0.32593784
0,0.31370342
0,0.32220513
0,0.29899788
0,0.32552898
0,0.32797623
0,0.36134863
0,0.37467107
0,0.3510367
0,0.33604327
0,0.30198905
0,0.26799718
0,0.246045
0,0.22196941
0,0.22228192
0,0.21427481
0,0.21817447
0,0.20661455
0,0.19247279
0,0.19574215
0,0.18274891
0,0.17706048
0,0.17757905
0,0.17873801
0,0.18230438
0,0.17902595
0,0.18412216
0,0.18837245
0,0.19935732
0,0.2058895
0,0.21105759
0,0.23044436
0,0.24307357
0,0.25472638
0,0.25050706
0,0.26044023
0,0.28411037
0,0.31031615
0,0.2995358
0,0.28950328
0,0.27994752
0,0.28875986
0,0.2901048
0,0.29399985
0,0.3133492
0,0.30964738
0,0.28597257
0,0.29545584
0,0.27964634
0,0.27398425
0,0.28309253
0,0.2928974
0,0.2881442
0,0.38517705
0,0.37431636
0,0.427058
0,0.38041344
0,0.35829416
0,0.3092783
0,0.29761973
0,0.2882389
0,0.2792682
0,0.27198303
0,0.27102962
0,0.25364023
0,0.24583681
0,0.26725903
0,0.25997838
0,0.2569786
0,0.2474168
0,0.23542699
0,0.24443899
0,0.2642484
0,0.24291535
0,0.23584104
0,0.23289642
0,0.23588888
0,0.2474249
0,0.25062746
0,0.2693289
0,0.26771316
0,0.2833149
0,0.32474744
0,0.30000156
0,0.28743806
0,0.293954
0,0.29158688
0,0.30062735
0,0.2829199
0,0.27587277
0,0.26930395
0,0.2746376
0,0.26585454
0,0.2707927
0,0.27220407
0,0.2914263
0,0.35336423
0,0.365291
0,0.4562053
0,0.40620694
0,0.3980793
0,0.37597322
0,0.34822062
0,0.37267506
0,0.29178447
0,0.25115344
0,0.24485369
0,0.22835407
0,0.20588706
0,0.1983692
0,0.197708
0,0.20897606
0,0.19079897
0,0.17817612
0,0.16541602
0,0.16637519
0,0.17060141
0,0.16699652
0,0.18129528
0,0.17371048
0,0.16566503
0,0.16029274
0,0.16692826
0,0.16406558
0,0.16289403
0,0.16259135
0,0.17865781
0,0.18592417
0,0.21508025
0,0.20085564
0,0.20383453
0,0.2171738
0,0.20709819
0,0.20246899
0,0.20505498
0,0.1996365
0,0.19577402
0,0.18535799
0,0.18362048
0,0.20196998
0,0.19133262
0,0.19573301
0,0.19731653
0,0.19036092
0,0.20923108
0,0.19949694
0,0.22465213
0,0.21906202
0,0.23065665
0,0.25264147
0,0.23229249
0,0.22811157
0,0.25087982
0,0.24212779
0,0.2307677
0,0.2231538
0,0.22839731
0,0.21250828
0,0.19802925
0,0.23100844
0,0.19172071
0,0.18414988
0,0.16681795
0,0.1623375
0,0.19753064
0,0.16919808
0,0.14866382
0,0.15055995
0,0.16909276
0,0.14790598
0,0.15515497
0,0.16755109
0,0.16352987
0,0.17080767
0,0.19071026
0,0.19634348
0,0.1726425
0,0.16368154
0,0.16625507
0,0.1923832
0,0.19668671
0,0.20799693
0,0.2489692
0,0.2203971
0,0.30166787
0,0.31841075
0,0.29776314
0,0.26607776
0,0.24859077
0,0.3184956
0,0.2215362
0,0.191801
0,0.17214099
0,0.15385316
0,0.15453865
0,0.15493377
0,0.149867
0,0.15131636
0,0.17037065
0,0.14551459
0,0.14043333
0,0.13464102
0,0.14132357
0,0.15327409
0,0.1483147
0,0.1441188
0,0.13782974
0,0.15051673
0,0.1608384
0,0.1651393
0,0.154256
0,0.16032824
0,0.16350341
0,0.18086506
0,0.1883075
0,0.18743649
0,0.18253258
0,0.18833736
0,0.23822165
0,0.21625869
0,0.1769924
0,0.1532152
0,0.14222713
0,0.14012234
0,0.13212782
0,0.12875968
0,0.12810038
0,0.1266184
0,0.12795193
0,0.13903488
0,0.13545223
0,0.13800175
0,0.14215124
0,0.14343266
0,0.15027146
0,0.16996776
0,0.17774819
0,0.18331198
0,0.18684888
0,0.20069824
0,0.2134509
0,0.22449616
0,0.24131596
0,0.23193817
0,0.32714096
0,0.3811618
0,0.36416802
0,0.3382033
0,0.2917409
0,0.27215385
0,0.24197467
0,0.21449755
0,0.20755829
0,0.22484472
0,0.19355074
0,0.17711559
0,0.17808366
0,0.16876704
0,0.16350976
0,0.1891852
0,0.17774057
0,0.17374282
0,0.16854379
0,0.160149
0,0.14648965
0,0.13574038
0,0.14751814
0,0.1398122
0,0.14788467
0,0.13885151
0,0.13845815
0,0.13225748
0,0.1443106
0,0.16449827
0,0.1668146
0,0.17490979
0,0.16698478
0,0.16669329
0,0.21506105
0,0.19884779
0,0.18475069
0,0.18249956
0,0.19582668
0,0.20793466
0,0.1947551
0,0.18061388
0,0.17738442
0,0.16046418
0,0.15699698
0,0.15880647
0,0.1677437
0,0.16041318
0,0.1572538
0,0.15836474
0,0.15293878
0,0.15844949
0,0.1517896
0,0.16184585
0,0.15552287
0,0.16225299
0,0.16859324
0,0.18041058
0,0.20001286
0,0.19954255
0,0.21032406
0,0.2175091
0,0.23940986
0,0.27324283
0,0.26625407
0,0.2619839
0,0.26007542
0,0.25701472
0,0.27730152
0,0.28467214
0,0.27272037
0,0.30917716
0,0.28182307
0,0.29006764
0,0.31811082
0,0.3027582
0,0.28643143
0,0.323677
0,0.30336356
0,0.28934276
0,0.29173696
0,0.29167527
0,0.29148412
0,0.29147962
0,0.2888143
0,0.2870376
0,0.31250593
0,0.31744817
0,0.3240281
0,0.3021394
0,0.30595586
0,0.3203025
0,0.30041164
0,0.28311086
0,0.29375792
0,0.27531293
0,0.35636556
0,0.3133317
0,0.32053137
0,0.29528987
0,0.29454085
0,0.28298336
0,0.27876282
0,0.2874112
0,0.27993676
0,0.2961146
0,0.31110132
0,0.2881046
0,0.27928886
0,0.30866084
0,0.28786588
0,0.2804309
0,0.2828329
0,0.27215132
0,0.28767115
0,0.2828799
0,0.283295
0,0.29742032
0,0.30705923
0,0.30147427
0,0.2806648
0,0.28444788
0,0.27903315
0,0.30249542
0,0.31315812
0,0.28736928
0,0.28191128
0,0.30072722
0,0.30190432
0,0.28215638
0,0.28367364
0,0.27987432
0,0.28967258
0,0.2826213
0,0.27805507
0,0.28800797
0,0.29139844
0,0.28475758
0,0.29879346
0,0.29439512
0,0.31998143
0,0.28641146
0,0.28188002
0,0.33846554
0,0.3463172
0,0.35828227
0,0.35030666
0,0.336264
0,0.33950812
0,0.32538906
0,0.35565987
0,0.33850735
0,0.33388805
0,0.3319081
0,0.32135147
0,0.27776134
0,0.26026696
0,0.22494422
0,0.20157957
0,0.18743919
0,0.18800464
0,0.18296015
0,0.16886736
0,0.16276923
1,0.15401155
1,0.15727669
1,0.15852574
1,0.15375035
1,0.15691607
1,0.16431996
1,0.16425475
1,0.1862642
1,0.18810402
1,0.19757827
1,0.20098707
1,0.21706182
1,0.2612311
1,0.25344604
1,0.2546115
0,0.94524914
0,0.992574
0,0.97662807
0,0.9654753
0,0.9442351
0,0.9091796
0,0.84874004
0,0.78921825
0,0.7294022
0,0.69518256
0,0.6084067
0,0.55942345
0,0.5766701
0,0.5602663
0,0.5450518
0,0.4907043
0,0.45089826
0,0.40907302
0,0.41185045
0,0.38861826
0,0.35144317
0,0.3040367
0,0.36717835
0,0.38889065
0,0.39055702
0,0.3126009
0,0.30207756
0,0.28845206
0,0.2509483
0,0.2516382
0,0.16505755
0,0.18763249
0,0.1838341
0,0.15874735
0,0.16198668
0,0.14866243
0,0.1504371
0,0.14397001
0,0.14403652
0,0.15445444
0,0.15466942
0,0.14742838
0,0.14683625
0,0.13703312
0,0.15635636
0,0.14733754
0,0.14449619
0,0.14087898
0,0.13936275
0,0.15695083
0,0.15066071
0,0.15312661
0,0.17209879
0,0.18474329
0,0.20835823
0,0.19059034
0,0.18887869
0,0.20206882
0,0.19676389
0,0.2327723
0,0.21905637
0,0.2165884
0,0.22312343
0,0.22582766
0,0.26710123
0,0.26480368
0,0.26523793
0,0.27620548
0,0.2763027
0,0.27940205
0,0.2759258
0,0.27307084
0,0.27541625
0,0.305463
0,0.2814158
0,0.2756567
0,0.27110964
0,0.27543673
0,0.26534462
0,0.27993003
0,0.264458
0,0.25930566
0,0.26817608
0,0.26760435
0,0.27368325
0,0.269911
0,0.27301696
0,0.28081578
0,0.28061825
0,0.2804958
0,0.28018522
0,0.29142496
0,0.32290286
0,0.31627834
0,0.31370097
0,0.29562715
0,0.29218605
0,0.28729054
0,0.2806013
0,0.32977808
0,0.31025317
0,0.30911168
0,0.2933396
0,0.30780768
0,0.3232348
0,0.2948117
0,0.28803924
0,0.2831865
0,0.27938455
0,0.34443548
0,0.3817126
0,0.39782247
0,0.44447562
0,0.45194823
0,0.42102343
0,0.36468336
0,0.38408452
0,0.40596026
0,0.5011586
0,0.5718814
0,0.5036239
0,0.46128678
0,0.39756802
0,0.40079862
0,0.27495393
0,0.2324076
0,0.18772255
0,0.15652114
0,0.14260556
0,0.13574883
0,0.13389242
0,0.13101088
0,0.13439758
0,0.12808752
0,0.13698229
0,0.12957902
0,0.13538963
0,0.1311414
0,0.13211267
0,0.1324399
0,0.16228761
0,0.15827006
0,0.15120098
0,0.14888339
0,0.14796266
0,0.16369602
0,0.16605951
0,0.16374537
0,0.18440413
0,0.20146036
0,0.21250759
0,0.21552514
0,0.23416518
0,0.28229848
0,0.28735018
0,0.31006995
0,0.2934414
0,0.26486054
0,0.24798188
0,0.22449878
0,0.2190889
0,0.21842325
0,0.21271545
0,0.20886375
0,0.21800075
0,0.22912975
0,0.25797772
0,0.2371007
0,0.22067848
0,0.21517375
0,0.24541955
0,0.26530644
0,0.25179636
0,0.22430551
0,0.213668
0,0.2033269
0,0.20644811
0,0.21495771
0,0.20989567
0,0.20388447
0,0.2038373
0,0.19162399
0,0.19480221
0,0.2048425
0,0.22406322
0,0.24828538
0,0.2740415
0,0.2471981
0,0.21342519
0,0.19359688
0,0.17827186
0,0.18359672
0,0.18121307
0,0.16753122
0,0.18681367
0,0.19300203
0,0.18275242
0,0.1889058
0,0.17522986
0,0.17888361
0,0.18707356
0,0.20649177
0,0.19259459
0,0.19087175
0,0.18526533
0,0.1818052
0,0.17852715
0,0.17665237
0,0.17083526
0,0.17259239
0,0.18737884
0,0.18411823
0,0.18612167
0,0.193408
0,0.20570603
0,0.22172394
0,0.25036567
0,0.2722061
0,0.29593867
0,0.27865067
0,0.2631263
0,0.25683308
0,0.26446563
0,0.29371992
0,0.2807498
0,0.2785941
0,0.2770306
0,0.28491494
0,0.3347336
0,0.30567217
0,0.29753962
0,0.28784892
0,0.32408133
0,0.45008305
0,0.37567055
0,0.34428596
0,0.32857886
0,0.37605157
0,0.3384255
0,0.29120776
0,0.25201127
0,0.22886027
0,0.2374306
0,0.20460822
0,0.19092573
0,0.17741893
0,0.17326
0,0.17086333
0,0.16503239
0,0.15906785
0,0.1523222
0,0.15010466
0,0.15617874
0,0.14713652
0,0.151819
0,0.16176492
0,0.17001095
0,0.19151743
0,0.17823733
0,0.1867209
0,0.20346755
0,0.20120586
0,0.22520062
0,0.26273218
0,0.25600964
0,0.25952926
0,0.26320702
0,0.32042515
0,0.2985165
0,0.29810888
0,0.29238492
0,0.295383
0,0.36753735
0,0.31772673
0,0.3067518
0,0.30964613
0,0.29863384
0,0.3130301
0,0.30537394
0,0.29355633
0,0.28812516
0,0.30244064
0,0.30999833
0,0.31130907
0,0.29441652
0,0.28778315
0,0.3156059
0,0.29651347
0,0.27593774
0,0.26091883
0,0.26168323
0,0.26583818
0,0.26004046
0,0.264895
0,0.25624052
0,0.25041986
0,0.281776
0,0.26764926
0,0.26412994
0,0.32073358
0,0.30028403
0,0.28724357
0,0.28766754
0,0.2760254
0,0.2728371
0,0.26613605
0,0.26523897
0,0.27444786
0,0.26877075
0,0.27438948
0,0.27409413
0,0.27264926
0,0.26936486
0,0.2680124
0,0.2743248
0,0.32554963
0,0.28547126
0,0.285392
0,0.27654037
0,0.269561
0,0.32006007
0,0.2862089
0,0.2953667
0,0.28493336
0,0.31566384
0,0.29338282
0,0.30310616
0,0.2975549
0,0.27813575
0,0.28689447
0,0.27772754
0,0.27254805
0,0.2729818
0,0.2859954
0,0.2813713
0,0.2959837
0,0.3009244
0,0.3159671
0,0.2964658
0,0.307158
0,0.29854798
0,0.28886217
0,0.30715063
0,0.29766628
0,0.29611328
0,0.30551
0,0.29912797
0,0.291801
0,0.28767616
0,0.29741162
0,0.2833629
0,0.28840542
0,0.28327557
0,0.27525672
0,0.2891426
0,0.26780027
0,0.28013787
0,0.29660887
0,0.27693635
0,0.27901316
0,0.31872097
0,0.30241868
0,0.29955935
0,0.283673
0,0.27862185
0,0.2914565
0,0.3411797
0,0.33218735
0,0.30991092
0,0.6691636
0,0.52758884
0,0.47105974
0,0.42352045
0,0.38739288
0,0.3518469
0,0.31702852
0,0.29480207
0,0.264268
0,0.25524142
0,0.20029566
0,0.17188494
0,0.16003183
0,0.15364751
0,0.15139145
0,0.16499166
0,0.14627324
0,0.13929039
0,0.1339681
0,0.14033702
0,0.5426241
0,0.44812116
0,0.43438366
0,0.3466912
0,0.34403348
0,0.35858333
0,0.29787406
0,0.23160385
0,0.20549184
0,0.21063077
0,0.32142016
0,0.27184442
0,0.2789675
0,0.20941332
0,0.16882823
0,0.14688882
0,0.15301573
0,0.1601623
0,0.15786901
0,0.15654196
0,0.15811297
0,0.16622034
0,0.15494373
0,0.14888586
0,0.1455028
0,0.29298943
0,0.20286673
0,0.17189533
0,0.1653049
0,0.15377158
0,0.14487837
0,0.15487063
0,0.14087108
0,0.1365934
0,0.15209557
0,0.141122
0,0.14991376
0,0.14371039
0,0.14787588
0,0.14319229
0,0.15862581
0,0.22054623
0,0.17597193
0,0.17746298
0,0.18824929
0,0.19719638
0,0.18434998
0,0.17512847
0,0.1866182
0,0.68041253
0,0.5504904
0,0.44867218
0,0.32073578
0,0.23811924
0,0.20369832
0,0.21071899
0,0.22219092
0,0.18325688
0,0.15908705
0,0.15399963
0,0.1533336
0,0.16125195
0,0.16073982
0,0.15643278
0,0.16281947
0,0.18128178
0,0.25234827
0,0.24554376
0,0.22581507
0,0.19990084
0,0.1706442
0,0.19914149
0,0.28092894
0,0.2904734
0,0.29507375
0,0.2664598
0,0.21574919
0,0.20840241
0,0.19479108
0,0.18127933
0,0.18200004
0,0.17489563
0,0.18277493
0,0.18312828
0,0.16051383
0,0.16938798
0,0.1887271
0,0.17899293
0,0.23835512
0,0.36523774
0,0.40716422
0,0.5117917
0,0.4557013
0,0.45434153
0,0.45120734
0,0.43890718
0,0.4062128
0,0.35795102
0,0.2854595
0,0.2856551
0,0.25403836
0,0.20648399
0,0.19593577
0,0.20631123
0,0.20024453
0,0.24134763
0,0.2224045
0,0.2210447
0,0.3965965
0,0.26131347
0,0.2847853
0,0.25737733
0,0.22172433
0,0.17221819
0,0.1661016
0,0.1481845
0,0.14747213
0,0.13767947
0,0.12951621
0,0.12886712
0,0.124260575
0,0.13577877
0,0.13768692
0,0.14195873
0,0.13131046
0,0.13331579
0,0.13094649
0,0.14951955
0,0.14267881
0,0.15329118
0,0.15735939
0,0.1492268
0,0.14816338
0,0.1489507
0,0.1577409
0,0.19517033
0,0.20781949
0,0.20906931
0,0.22667612
0,0.21756151
0,0.23308687
0,0.25554112
0,0.24380821
0,0.2815939
0,0.26060513
0,0.2370592
0,0.21480635
0,0.1970065
0,0.18372467
0,0.18109113
0,0.18858995
0,0.17981301
0,0.18196696
0,0.19140035
0,0.17743035
0,0.16670936
0,0.15923919
0,0.16687456
0,0.19772305
0,0.1915741
0,0.18417102
0,0.1782974
0,0.16806781
0,0.18022354
0,0.15940288
0,0.16374819
0,0.16285515
0,0.20444158
0,0.20077424
0,0.18487728
0,0.18401445
0,0.18258858
0,0.17359595
0,0.1955008
0,0.2082948
0,0.20770107
0,0.68394005
0,0.62129986
0,0.61703146
0,0.48674476
0,0.39273444
0,0.31379545
0,0.24823242
0,0.23150069
0,0.23317032
0,0.2369297
0,0.21265122
0,0.2057125
0,0.18875352
0,0.17877309
0,0.20898074
0,0.20943138
0,0.27547044
0,0.2887302
0,0.25593412
0,0.23039317
0,0.25661528
0,0.29308537
0,0.29619437
0,0.3009366
0,0.3482488
0,0.32689247
0,0.33541805
0,0.30635574
0,0.26876006
0,0.35312733
0,0.428672
0,0.44030815
0,0.46604478
0,0.4716901
0,0.47452402
0,0.5036003
0,0.5227784
0,0.552763
0,0.49184433
0,0.4700698
0,0.4425272
0,0.41804332
0,0.3079123
0,0.27975723
0,0.2233553
0,0.19051331
0,0.20654733
0,0.2218669
0,0.18434487
0,0.16561589
0,0.14706446
0,0.13138373
0,0.13014416
0,0.13190846
0,0.1395285
0,0.13956374
0,0.1421258
0,0.1454799
0,0.13497216
0,0.1261193
0,0.12748793
0,0.4102865
0,0.26202586
0,0.2277801
0,0.20296037
0,0.20142223
0,0.22599319
0,0.22119679
0,0.36532626
0,0.3958128
0,0.4834143
0,0.47555763
0,0.49906957
0,0.47255296
0,0.44096464
0,0.4787072
0,0.44226205
0,0.41038758
0,0.33720577
0,0.23013557
0,0.20014445
0,0.16419615
0,0.14419216
0,0.14919928
0,0.14184427
0,0.13676895
0,0.13298035
0,0.13025594
0,0.12909336
0,0.13075832
0,0.13577472
0,0.14102812
0,0.1334064
0,0.1353313
0,0.13655527
0,0.13222332
0,0.13513009
0,0.16860616
0,0.16481036
0,0.16539535
0,0.17523338
0,0.18294558
0,0.2083471
0,0.22023211
0,0.22514397
0,0.22771165
0,0.2565819
0,0.2726187
0,0.27527544
0,0.2657835
0,0.26014075
0,0.22631839
0,0.21554884
0,0.19136354
0,0.2054867
0,0.18693064
0,0.1769056
0,0.17042722
0,0.16206758
0,0.15357605
0,0.1522284
0,0.14122592
0,0.13700497
0,0.13033102
0,0.13180713
0,0.13396198
0,0.14361325
0,0.1369368
0,0.13600168
0,0.13786782
0,0.1375827
0,0.13960606
0,0.1432282
0,0.1464877
0,0.15225478
0,0.16328175
0,0.17152226
0,0.17719114
0,0.19267876
0,0.20565821
0,0.22443013
0,0.24454373
0,0.25885308
0,0.25673386
0,0.27554694
0,0.28525785
0,0.2880522
0,0.2921457
0,0.29628855
0,0.29945278
0,0.2979847
0,0.32678315
0,0.31509504
0,0.34875828
0,0.34182975
0,0.3464333
0,0.34068674
0,0.31570724
0,0.30933136
0,0.30447116
0,0.30854914
0,0.37639385
0,0.34814858
0,0.3606322
0,0.41812545
0,0.43616512
0,0.39987049
0,0.41132373
0,0.38126263
1,0.35467094
1,0.35313043
1,0.45844278
1,0.50671166
1,0.57339394
1,0.59038806
1,0.4706205
1,0.5445809
1,0.6251981
1,0.62831134
1,0.65832794
1,0.6190156
1,0.5702529
1,0.57173496
1,0.56406623
0,0.96296585
0,0.8887572
0,0.86348104
0,0.79344624
0,0.7883831
0,0.71955967
0,0.68195033
0,0.5506799
0,0.5150573
0,0.46735454
0,0.4250769
0,0.36270943
0,0.28943977
0,0.2466308
0,0.21812749
0,0.24253197
0,0.22352757
0,0.20488477
0,0.204776
0,0.17947654
0,0.17538853
0,0.15564226
0,0.152174
0,0.14236149
0,0.14328623
0,0.14015234
0,0.14160796
0,0.13950959
0,0.13753428
0,0.12771158
0,0.14083773
0,0.14197055
0,0.15593506
0,0.16727093
0,0.20290506
0,0.2295949
0,0.26132908
0,0.2576922
0,0.28146395
0,0.30634955
0,0.29881018
0,0.3174179
0,0.29173943
0,0.26958686
0,0.2700466
0,0.28548193
0,0.30924234
0,0.30536723
0,0.26329964
0,0.22129904
0,0.2068781
0,0.18618213
0,0.18184356
0,0.16174805
0,0.15657312
0,0.15162274
0,0.1593901
0,0.16245303
0,0.15471299
0,0.15779099
0,0.14731017
0,0.14575982
0,0.16308303
0,0.17225093
0,0.17263448
0,0.17023751
0,0.17029707
0,0.17667562
0,0.18819095
0,0.18139939
0,0.16524287
0,0.15531681
0,0.16289131
0,0.1733516
0,0.19969505
0,0.22224396
0,0.2291295
0,0.26392394
0,0.28329736
0,0.24036044
0,0.2771692
0,0.23644237
0,0.22717974
0,0.18882392
0,0.16136809
0,0.1510865
0,0.16309778
0,0.1504181
0,0.15431033
0,0.15608738
0,0.16567437
0,0.18299922
0,0.16066994
0,0.1519304
0,0.15940537
0,0.14705849
0,0.14589612
0,0.13975728
0,0.13529544
0,0.13768993
0,0.13592039
0,0.13678326
0,0.13954835
0,0.14097568
0,0.14214937
0,0.17478165
0,0.18976626
0,0.1883821
0,0.184816
0,0.18800485
0,0.19012006
0,0.22010522
0,0.21003397
0,0.2515795
0,0.24259974
0,0.30654588
0,0.31143156
0,0.3772226
0,0.3847803
0,0.34410518
1,0.4071358
1,0.5066669
1,0.6188134
1,0.6872746
1,0.7376882
1,0.7257778
1,0.66965926
1,0.7373326
1,0.8552415
1,0.82920516
1,0.821604
1,0.79892033
1,0.7784136
1,0.75636846
1,0.7450645
1,0.97588897
1,0.934404
1,0.9202383
1,0.9095127
1,0.8918988
1,0.98629534
1,0.99385965
1,0.9801869
1,0.9756391
1,0.96927494
1,0.96833146
1,0.96500844
1,0.96170413
1,0.9739363
1,0.996401
1,0.99149734
1,0.98920816
1,0.98722905
1,0.98656297
1,0.98352075
1,0.98058313
1,0.9805771
1,0.9965115
1,0.98972535
1,0.9977024
1,0.9939168
1,0.99253094
0,0.99797237
0,0.993738
0,0.9932531
0,0.9902403
0,0.98868555
0,0.98646927
0,0.98350465
0,0.98233455
0,0.97951025
0,0.97149676
0,0.97266895
0,0.9745594
0,0.9760482
0,0.97474015
0,0.97376114
0,0.97556823
0,0.96682966
0,0.9360435
1,0.9483505
1,0.9480075
1,0.9434729
1,0.9523551
1,0.9633331
1,0.9570206
1,0.91810435
1,0.87521154
1,0.83640254
1,0.7931247
1,0.7896944
1,0.7082807
1,0.6706985
1,0.6882138
1,0.6928649
1,0.9709905
1,0.9168458
1,0.91832656
1,0.9880445
1,0.9626193
1,0.95011103
1,0.95216787
1,0.9391454
1,0.9187721
1,0.90636396
1,0.90484387
1,0.88731265
1,0.8730242
1,0.8716581
1,0.8701921
1,0.8412796
1,0.9905442
1,0.97712874
1,0.96930814
1,0.96433836
1,0.9711365
1,0.9709303
1,0.9695585
1,0.9657426
1,0.9621161
1,0.9676859
0,0.9952134
0,0.9886238
0,0.9871075
0,0.98392195
0,0.9795007
0,0.97672576
0,0.949533
0,0.93981683
0,0.9373088
0,0.92450213
0,0.917197
0,0.91240984
0,0.90589106
0,0.92764914
0,0.91977626
0,0.92084277
0,0.9192148
0,0.8910875
0,0.86693907
0,0.8424932
0,0.8085712
0,0.7846489
0,0.7989197
0,0.80427873
0,0.8060861
0,0.81206363
0,0.8049638
0,0.7909532
0,0.7800424
0,0.72146165
0,0.76438963
0,0.7732697
0,0.7739865
0,0.7633829
0,0.76521504
0,0.75844896
0,0.72499263
0,0.6461825
0,0.6752049
0,0.67296094
0,0.63012767
0,0.60719836
0,0.6141616
0,0.65182364
0,0.6033516
0,0.58690965
0,0.5725798
0,0.60572743
0,0.5619185
0,0.5500144
0,0.53097475
0,0.5983982
0,0.53022546
0,0.49479195
0,0.49374148
0,0.5044583
0,0.51638174
0,0.46075636
0,0.43189073
0,0.5130559
0,0.43585768
0,0.43431872
0,0.41765925
0,0.4063597
1,0.38689142
1,0.39334294
1,0.42056718
1,0.52571756
1,0.53881156
1,0.5202848
1,0.4846859
1,0.4845555
1,0.47775298
1,0.4897062
1,0.5265514
1,0.5527466
1,0.53283405
1,0.51366717
1,0.5113953
1,0.955698
1,0.87212086
1,0.856453
1,0.81282806
1,0.7644515
1,0.7663049
1,0.78175795
1,0.98113394
1,0.95796555
1,0.9941817
1,0.9830112
1,0.9781492
1,0.96980274
1,0.95758384
1,0.9589571
1,0.9483251
1,0.9490051
1,0.93615437
1,0.99397254
1,0.99737763
1,0.99665004
1,0.99537486
1,0.99815434
1,0.9962145
1,0.99548364
1,0.99528396
1,0.99475974
1,0.9941361
1,0.99447244
1,0.9980288
1,0.9982814
1,0.9958544
1,0.9947695
1,0.99819696
1,0.9961829
1,0.99471945
1,0.99479675
1,0.99509263
0,0.9981184
0,0.9960831
0,0.9949281
0,0.9930409
0,0.99232775
0,0.99267024
0,0.989364
0,0.98710966
0,0.9865919
0,0.98522544
1,0.98306984
1,0.97958165
1,0.9788412
1,0.97119164
1,0.9621132
1,0.9682338
1,0.9614099
1,0.9709982
1,0.96805346
1,0.9598542
1,0.95041066
1,0.8825624
1,0.8019804
1,0.9001133
1,0.8994303
1,0.9871039
1,0.99646574
1,0.9906023
1,0.9875497
1,0.97171885
1,0.9540921
1,0.9254177
1,0.9185768
1,0.9116806
1,0.9076701
1,0.9929261
1,0.9780648
1,0.96994966
1,0.9621018
1,0.9463485
1,0.9951783
1,0.99136645
1,0.9878365
1,0.9888656
1,0.98817647
1,0.98424435
1,0.9816224
1,0.98232144
1,0.97689337
1,0.9775568
1,0.9792229
1,0.9790087
1,0.9754747
1,0.97815514
1,0.97227603
1,0.99346
1,0.9779855
1,0.9742169
1,0.976083
1,0.97074264
1,0.99614066
1,0.98983675
1,0.9885688
1,0.98499525
1,0.9811576
1,0.9704492
1,0.9669057
1,0.9757077
1,0.96506304
1,0.959428
1,0.93813574
1,0.95199513
1,0.99431646
1,0.9865916
1,0.98378253
1,0.97852564
1,0.982126
1,0.9801126
1,0.99692017
1,0.99801767
1,0.99524677
1,0.99486184
0,0.9981402
0,0.99613655
0,0.9954919
0,0.99520445
0,0.9948162
0,0.99411553
0,0.9913273
1,0.988372
1,0.98722494
1,0.98359233
1,0.9825552
1,0.97501105
1,0.9782356
1,0.9811128
1,0.97616464
1,0.9715061
1,0.97059786
1,0.971096
1,0.9691948
1,0.9561354
1,0.96097094
1,0.96366906
0,0.99508935
0,0.98988235
0,0.9837861
0,0.9793393
0,0.95983374
0,0.9633765
0,0.93769526
0,0.8883566
0,0.92890006
0,0.9388074
0,0.9352347
0,0.9337892
0,0.91854495
0,0.8941585
0,0.9006112
0,0.8636523
0,0.8393333
0,0.844066
0,0.8470013
0,0.7790091
0,0.6964339
1,0.6447294
1,0.6402598
1,0.6186252
1,0.5864031
1,0.5651863
1,0.58965415
1,0.607273
1,0.584913
1,0.512793
1,0.4738422
1,0.4239882
1,0.43631315
1,0.4313457
1,0.47083494
1,0.6393976
0,0.96727824
0,0.93296313
0,0.94124365
0,0.88384926
0,0.8662702
0,0.80844843
0,0.8350712
0,0.7426623
0,0.6936097
0,0.59504104
0,0.6258833
0,0.55192196
0,0.50640726
0,0.43341643
0,0.3944851
0,0.32756573
0,0.26026616
0,0.2767257
0,0.25915638
0,0.26201978
0,0.2530737
0,0.39647216
0,0.6168396
0,0.59005606
0,0.583704
0,0.6411911
0,0.55183077
0,0.47824645
1,0.36106965
1,0.2502565
1,0.22107075
1,0.2069583
1,0.19621272
1,0.17854078
1,0.16844825
1,0.18631259
1,0.16438949
1,0.42382583
1,0.43558297
1,0.4930321
1,0.53043365
1,0.48429185
1,0.77312344
1,0.9819057
1,0.97319216
1,0.9638163
1,0.95676804
1,0.9944674
1,0.9889256
1,0.9866589
1,0.9868029
1,0.97989506
1,0.96846133
1,0.99582064
1,0.9911428
0,0.9976229
0,0.9931997
0,0.99222046
0,0.9911346
0,0.98555815
0,0.98162717
0,0.9718991
0,0.958983
0,0.9485939
0,0.9273933
0,0.9049069
0,0.881763
0,0.8663935
0,0.8558043
0,0.8291527
0,0.83281815
0,0.8176154
0,0.73363984
0,0.7269162
0,0.7718162
0,0.83156526
0,0.7359638
0,0.5994046
0,0.5606855
0,0.4832021
0,0.42943347
0,0.35624728
0,0.26200175
0,0.27351663
0,0.30498448
0,0.6286821
0,0.7754884
0,0.79488105
0,0.7725864
0,0.7925137
0,0.71481764
0,0.6196542
0,0.5499933
0,0.5215744
0,0.49175218
0,0.41925305
0,0.37930867
0,0.34219682
0,0.34923214
0,0.3888342
0,0.3457041
1,0.3444116
1,0.25411108
1,0.19075127
1,0.1869954
1,0.20072822
1,0.22792505
1,0.40216258
1,0.6980996
1,0.8136021
1,0.6889472
1,0.5397928
1,0.7670822
1,0.8971891
1,0.846689
1,0.88316554
1,0.9868158
1,0.9598738
1,0.9767137
1,0.9786448
1,0.9942525
1,0.9865044
1,0.98713493
1,0.9853005
1,0.9761393
1,0.9713903
1,0.9955811
1,0.98662925
1,0.98288804
1,0.9792517
1,0.9791432
1,0.9878154
1,0.99732864
1,0.9913145
1,0.9896831
1,0.98917437
1,0.9879123
1,0.98835355
1,0.98746276
1,0.98777735
1,0.9871677
1,0.988045
0,0.99727124
0,0.9946695
0,0.9935708
0,0.99054044
0,0.9861425
0,0.98495233
0,0.98218435
0,0.9665361
0,0.97312903
0,0.9600034
0,0.95164347
0,0.94348836
0,0.9251101
0,0.8802342
0,0.7658694
0,0.774027
0,0.8574528
0,0.89560926
0,0.9228342
0,0.8568528
0,0.8486319
0,0.8555693
0,0.86365795
0,0.85905695
0,0.85412204
0,0.8704333
0,0.89645195
0,0.89653635
0,0.8365524
0,0.7963873
0,0.7604755
0,0.72165823
0,0.6749193
0,0.57267225
0,0.4914191
0,0.48941785
0,0.4312381
0,0.40262252
0,0.3521303
0,0.35819024
0,0.35138714
0,0.35757506
0,0.26999974
0,0.25383148
0,0.24728666
0,0.23374371
0,0.2663383
0,0.2345616
0,0.19526786
0,0.16543227
0,0.1544892
0,0.1516585
0,0.14966449
0,0.14155063
0,0.1384285
0,0.13515325
0,0.13275631
0,0.13381746
0,0.13592073
0,0.13986003
0,0.13639262
0,0.13438183
0,0.14004396
0,0.13926618
0,0.14052245
0,0.14801547
0,0.14864692
0,0.15869163
0,0.19284059
0,0.23761454
0,0.23712838
0,0.22083959
0,0.21640413
0,0.22750016
0,0.23107061
0,0.22824124
0,0.24024947
0,0.2594833
0,0.25608903
0,0.24002747
0,0.21926422
0,0.21294051
0,0.1868766
0,0.16275129
0,0.14577906
0,0.14750817
0,0.1393553
0,0.1435226
0,0.14042982
0,0.14143601
0,0.14308716
0,0.14747436
0,0.14594027
0,0.1433085
0,0.14060575
0,0.14193617
0,0.15433821
0,0.14898893
0,0.15418445
0,0.15751632
0,0.15872544
0,0.16789106
0,0.16714182
0,0.17657581
0,0.18152565
0,0.2030524
0,0.22546662
0,0.22902726
0,0.24157423
0,0.25637874
0,0.2604044
0,0.2643518
0,0.2664393
0,0.25545815
0,0.25363842
0,0.25471035
0,0.25320575
0,0.26325688
0,0.2786047
0,0.2737837
0,0.27449277
0,0.27484053
0,0.27393597
0,0.29547176
0,0.30757198
0,0.2858257
0,0.2792952
0,0.2886191
0,0.29356948
0,0.32369056
0,0.32693863
0,0.29871374
0,0.27414954
0,0.27977055
0,0.27931976
0,0.29027382
0,0.28862992
0,0.2957613
0,0.29464933
0,0.3069769
0,0.3188048
0,0.3207705
0,0.3218636
0,0.31120598
0,0.30398446
0,0.30803946
0,0.29930273
0,0.29416385
0,0.2815877
0,0.28004187
0,0.29509583
0,0.3361427
0,0.3426353
0,0.33011574
0,0.32283482
0,0.29078895
0,0.28271005
0,0.29238248
0,0.26223546
0,0.26766706
0,0.25164852
0,0.23430604
0,0.22458321
0,0.22005643
0,0.2142856
0,0.20804404
0,0.20870955
0,0.21310373
0,0.21944414
0,0.23222128
0,0.2447515
0,0.23498191
0,0.23519716
0,0.24059595
0,0.24406008
0,0.24154009
0,0.24194576
0,0.24350882
0,0.24793534
0,0.26492944
0,0.26565716
0,0.27144447
0,0.2821682
0,0.2786981
0,0.28915635
0,0.29937166
0,0.28875756
0,0.28462803
0,0.28015476
0,0.2878546
0,0.32082435
0,0.34116265
0,0.3102629
0,0.30303112
0,0.2880549
0,0.30224654
0,0.3256214
0,0.304661
0,0.3229168
0,0.2920443
0,0.3164011
0,0.31656426
0,0.29304278
0,0.2983398
0,0.29001302
0,0.30258986
0,0.30753183
0,0.2906516
0,0.29966128
0,0.28215453
0,0.27152595
0,0.2826384
0,0.27934474
0,0.28313577
0,0.2942204
0,0.30213782
0,0.3101068
0,0.29167834
0,0.28223404
0,0.28370687
0,0.28959677
0,0.29254583
0,0.3094619
0,0.32244977
0,0.3005192
0,0.31334162
0,0.3160449
0,0.30409443
0,0.30040395
0,0.34147537
0,0.3697312
0,0.3738076
0,0.31894943
0,0.35263392
0,0.28913346
0,0.27599853
0,0.25914577
0,0.25135732
0,0.24428162
0,0.22085664
0,0.21522821
0,0.21434884
0,0.22283138
0,0.195224
0,0.19396223
0,0.2105684
0,0.19640765
0,0.20132293
0,0.1879783
0,0.18118452
0,0.15972279
0,0.16230544
0,0.15287794
0,0.14212862
0,0.14079456
0,0.13821663
0,0.13850285
0,0.14093854
0,0.14137922
0,0.15190947
0,0.16002303
0,0.17472872
0,0.18315122
0,0.18283601
0,0.19564788
0,0.20402159
0,0.204699
0,0.22220296
0,0.23994079
0,0.24444173
0,0.2618684
0,0.26290748
0,0.2659069
0,0.2595828
0,0.26729226
0,0.26734677
0,0.2711064
0,0.30956104
0,0.328563
0,0.32724026
0,0.3413853
0,0.33884627
0,0.33308947
0,0.36503118
0,0.3480347
0,0.37844136
0,0.35054147
0,0.33647156
0,0.36784917
0,0.33726725
0,0.28139162
0,0.28690892
0,0.25658274
0,0.22834884
0,0.22941405
0,0.22844683
0,0.20897093
0,0.18868706
0,0.16462493
0,0.15147361
0,0.14470503
0,0.14481376
0,0.15557899
0,0.15026641
0,0.14428554
0,0.14203654
0,0.15326728
0,0.15846322
0,0.15766515
0,0.16167991
0,0.15206788
0,0.15490294
0,0.16574767
0,0.16121453
0,0.17061388
0,0.17731054
0,0.19459184
0,0.20378996
0,0.22451852
0,0.23457718
0,0.23390418
0,0.2474619
0,0.28911856
0,0.2949688
0,0.2875887
0,0.28212935
0,0.27962616
0,0.31549603
0,0.2861332
0,0.2894187
0,0.2776271
0,0.27970916
0,0.28793865
0,0.27837873
0,0.31025726
0,0.29432198
0,0.2724842
0,0.27169102
0,0.27754354
0,0.2718048
0,0.28852552
0,0.27568403
0,0.30696952
0,0.30349708
0,0.29096264
0,0.2728079
0,0.27106825
0,0.26529285
0,0.2674678
0,0.27351514
0,0.2890153
0,0.285532
0,0.2774591
0,0.28178778
0,0.29945466
0,0.28954202
0,0.29594913
0,0.29169846
0,0.2944061
0,0.29992643
0,0.33214718
0,0.28935903
0,0.29744545
0,0.27983588
0,0.2865334
0,0.32557645
0,0.29915327
0,0.29874605
0,0.28817278
0,0.2910915
0,0.27837327
0,0.27026042
0,0.27613378
0,0.28236714
0,0.28783506
0,0.2684471
0,0.27770913
0,0.28849685
0,0.3020432
0,0.2832293
0,0.2748912
0,0.2645139
0,0.26607227
0,0.27955827
0,0.29569682
0,0.28571
0,0.28809547
0,0.30105722
0,0.2918585
0,0.31242457
0,0.28956348
0,0.31627244
0,0.3034933
0,0.3047154
0,0.2924845
0,0.2881583
0,0.28380796
0,0.2695708
0,0.27463323
0,0.274438
0,0.2652747
0,0.26341578
0,0.26148853
0,0.258092
0,0.27177545
0,0.26747596
0,0.30368036
0,0.29028314
0,0.2916422
0,0.28356564
0,0.28572598
0,0.28527024
0,0.26748356
0,0.27272907
0,0.2714518
0,0.2733921
0,0.27564538
0,0.3083339
0,0.29016137
0,0.289273
0,0.27869618
0,0.28772834
0,0.28620163
0,0.27740923
0,0.29543173
0,0.28966942
0,0.27561575
0,0.2778163
0,0.28714556
0,0.27998227
0,0.2814223
0,0.28436044
0,0.28435916
0,0.3032359
0,0.2936482
0,0.28834602
0,0.29486284
0,0.28657842
0,0.2914664
0,0.30041173
0,0.31333712
0,0.3117765
0,0.30734766
0,0.30692938
0,0.2942608
0,0.28658372
0,0.29032984
0,0.28754532
0,0.31116223
0,0.31324896
0,0.2995586
0,0.34132257
0,0.3530007
0,0.3773317
0,0.35974833
0,0.33570254
0,0.30211845
0,0.30195668
0,0.28916278
0,0.28830224
0,0.2936391
0,0.4974816
0,0.37017247
0,0.2883168
0,0.2790058
0,0.22055161
0,0.21604834
0,0.19364768
0,0.18567793
0,0.18056701
0,0.16860707
0,0.16201091
0,0.15531805
0,0.1458545
0,0.14625049
0,0.14876397
0,0.1465773
0,0.15306231
0,0.15282696
0,0.15672176
0,0.16004339
0,0.16376078
0,0.16942908
0,0.17022495
0,0.16931404
1,0.17835023
1,0.18893296
1,0.19619933
1,0.21213844
1,0.22455855
1,0.24792553
1,0.2877244
1,0.28506052
1,0.29438227
1,0.31757918
1,0.3494564
1,0.32062763
1,0.32508537
1,0.29952627
1,0.32013777
1,0.958249
0,0.99340427
0,0.9743014
0,0.960802
0,0.9412993
0,0.91277695
0,0.872602
0,0.840871
0,0.8061147
0,0.75584096
0,0.69226635
0,0.67521906
0,0.6712624
0,0.61345494
0,0.5682435
0,0.522673
0,0.5002562
0,0.42794716
0,0.39466825
0,0.40431198
0,0.3343906
0,0.3139205
0,0.3097889
0,0.30659065
0,0.3077351
0,0.2859952
0,0.25255093
0,0.23537877
0,0.20846573
0,0.19839361
0,0.1443913
0,0.17876679
0,0.1861158
0,0.17253648
0,0.17103042
0,0.1810848
0,0.16581196
0,0.16715755
0,0.17050941
0,0.18015584
0,0.19090334
0,0.18820615
0,0.18165678
0,0.1754956
0,0.17437617
0,0.16809042
0,0.18299618
0,0.18241712
0,0.18681975
0,0.20382808
0,0.21927382
0,0.23125218
0,0.25235844
0,0.24603021
0,0.24950324
0,0.26579723
0,0.2906043
0,0.3648406
0,0.44385853
0,0.44708166
0,0.46224993
0,0.42399308
0,0.35144773
0,0.3578027
0,0.3925638
0,0.2957911
0,0.27297118
0,0.24556692
0,0.23185654
0,0.24455158
0,0.25427738
0,0.23974988
0,0.28948495
0,0.2914096
0,0.29913414
0,0.2824499
0,0.28217706
0,0.32555863
0,0.36097085
0,0.35419846
0,0.42989257
0,0.40636554
1,0.35763687
1,0.39108926
1,0.39471874
1,0.37517032
1,0.40001595
1,0.37792966
1,0.35832134
1,0.31122494
1,0.28193587
1,0.23831563
1,0.2406381
1,0.24099329
1,0.22237425
1,0.28740725
1,0.25343755
0,0.9293836
0,0.7310854
0,0.6868497
0,0.62771535
0,0.5988872
0,0.579328
0,0.59212005
0,0.5759967
0,0.51810676
0,0.5403158
0,0.5549918
0,0.55964404
0,0.5840447
0,0.49646956
0,0.4391954
0,0.45066237
0,0.4854737
0,0.4965436
0,0.50477934
0,0.48975515
0,0.43749866
0,0.447795
0,0.43902954
0,0.3894742
0,0.39399704
0,0.3758447
0,0.35151148
0,0.32195333
0,0.25936636
0,0.19353472
0,0.14983611
0,0.14147367
0,0.13423948
0,0.12993418
0,0.13947684
0,0.13340804
0,0.13629423
0,0.13439964
0,0.13055721
0,0.13301493
0,0.1393628
0,0.13557214
0,0.13428093
0,0.14805672
0,0.14150742
0,0.14013463
0,0.16233867
0,0.15768373
0,0.1630342
0,0.16517895
0,0.17421982
0,0.16936985
0,0.17009686
0,0.17337525
0,0.18892169
0,0.2117084
0,0.24718483
0,0.25363168
0,0.24101762
0,0.22348998
0,0.20623164
0,0.21021299
0,0.2045965
0,0.20872234
0,0.20839123
0,0.20635475
0,0.19757499
0,0.2015538
0,0.19991015
0,0.2070851
0,0.21148412
0,0.22307254
0,0.21858309
0,0.2229168
0,0.21796888
0,0.22480498
0,0.22892635
0,0.22821079
0,0.23083541
0,0.24492133
0,0.24410047
0,0.24024127
0,0.22438203
0,0.21250495
0,0.20794764
0,0.20264554
0,0.22069943
0,0.24049836
0,0.2362014
0,0.24500228
0,0.22540812
0,0.40573353
0,0.29101497
0,0.25948328
0,0.24595824
0,0.20722505
0,0.21808682
0,0.19013226
0,0.19627447
0,0.23141526
0,0.27360898
0,0.36047167
0,0.4238537
0,0.49774936
0,0.6044957
0,0.6277405
0,0.5655533
0,0.5017915
0,0.49938464
0,0.516575
0,0.41333282
0,0.4141983
0,0.35845393
0,0.31337425
0,0.30482903
0,0.25144526
0,0.27726144
0,0.2756305
0,0.29370588
0,0.3171435
0,0.22296478
0,0.18039899
0,0.16010767
0,0.15057294
0,0.13993345
0,0.13021033
0,0.14531313
0,0.14591315
0,0.13723512
0,0.14374389
0,0.13631895
0,0.13124317
0,0.13304248
0,0.13062742
0,0.12964077
0,0.12853429
1,0.12753054
1,0.13024808
1,0.13731542
1,0.15055443
1,0.1555205
1,0.1603879
1,0.17266078
1,0.21529113
1,0.2342715
1,0.20405403
1,0.21762252
1,0.22787496
1,0.2526535
1,0.2859282
1,0.34148255
0,0.9612424
0,0.91906446
0,0.8764527
0,0.8547089
0,0.79736006
0,0.7928269
0,0.74249053
0,0.7056891
0,0.6130116
0,0.5010674
0,0.46234065
0,0.3703202
0,0.32803375
0,0.32078245
0,0.25396946
0,0.32838356
0,0.24203387
0,0.21685593
0,0.20034274
0,0.18017483
0,0.15703692
0,0.15610255
0,0.15908162
0,0.1691571
0,0.16556965
0,0.15557127
0,0.13840662
0,0.13979994
0,0.13640088
0,0.13626209
0,0.16841578
0,0.16171616
0,0.15698601
0,0.1733697
0,0.26022878
0,0.26728547
0,0.261874
0,0.3091934
0,0.40376326
0,0.34391963
0,0.32813078
0,0.25947085
0,0.20584093
0,0.18482986
0,0.16343379
0,0.15943542
0,0.16785444
0,0.1737276
0,0.16071042
0,0.15385947
0,0.15615322
0,0.14979634
0,0.14467856
0,0.14502789
0,0.15319957
0,0.16216132
0,0.18124013
0,0.18328927
0,0.1840491
0,0.18006764
0,0.1849411
0,0.16541998
0,0.16300347
0,0.16149354
0,0.15775917
0,0.15386404
0,0.157404
0,0.15778303
0,0.16023761
0,0.15988836
0,0.18283641
0,0.17892666
0,0.1982336
0,0.16793157
0,0.15081638
0,0.1383367
0,0.14245072
0,0.15417294
0,0.147651
0,0.15048659
0,0.14563733
0,0.14031379
0,0.14261948
0,0.14768708
0,0.13771728
0,0.14011754
0,0.15900615
0,0.15241559
0,0.15061595
0,0.15040341
0,0.14601155
0,0.15629798
0,0.1503964
0,0.150814
0,0.20662923
0,0.18253142
0,0.17679855
0,0.17477618
0,0.5876777
0,0.4597432
0,0.46789822
0,0.36890775
0,0.30245647
0,0.22939897
0,0.19899893
0,0.18090254
0,0.18743686
0,0.16062586
0,0.15480739
0,0.16655791
0,0.21994957
0,0.20480753
0,0.19481267
0,0.15942007
0,0.14981891
0,0.14136453
0,0.13629629
0,0.13333057
0,0.13617872
0,0.1389116
0,0.13416456
0,0.13107198
0,0.13454074
0,0.13389105
0,0.13117649
0,0.12922706
0,0.15802217
0,0.16465907
0,0.17782508
0,0.17789084
0,0.17022641
0,0.17943525
0,0.2072095
0,0.22778288
0,0.20422614
0,0.19390869
0,0.18003966
0,0.17908153
0,0.1695026
0,0.17360272
0,0.19844782
0,0.1909176
0,0.21129172
0,0.19075972
0,0.18701433
0,0.17875937
0,0.16984001
0,0.16903843
0,0.16735178
0,0.1779338
0,0.16802084
0,0.16610944
0,0.18328764
0,0.17611873
0,0.18152797
0,0.1851907
0,0.19215421
0,0.20544958
0,0.21324553
0,0.20677117
0,0.19196244
0,0.19700201
0,0.21700303
0,0.24148738
0,0.24892741
0,0.27780294
0,0.2764151
0,0.24290738
0,0.22775151
0,0.223392
0,0.23248401
0,0.23819248
0,0.25601992
0,0.24812597
0,0.25154006
0,0.25305706
0,0.31863004
0,0.34729746
0,0.38145113
0,0.30633357
0,0.24222004
0,0.22424755
0,0.21163067
0,0.16476738
0,0.14925495
0,0.1460899
0,0.13608155
0,0.14059976
0,0.13647784
0,0.13993378
0,0.13615061
0,0.13924475
0,0.14233732
0,0.14152782
0,0.13897316
0,0.13957092
0,0.13611881
0,0.13883713
0,0.14585543
0,0.14677729
0,0.1564183
0,0.1647933
0,0.16674183
0,0.178127
0,0.19296968
0,0.18470423
0,0.1972238
0,0.20824504
0,0.24191986
0,0.26546893
0,0.25058734
0,0.28666803
0,0.2714034
0,0.23367141
0,0.24072817
0,0.22713114
0,0.2077948
0,0.20384535
0,0.1923891
0,0.19088659
0,0.19069003
0,0.18957056
0,0.16967261
0,0.16207227
0,0.16673529
0,0.17505679
0,0.18798728
0,0.20341952
0,0.2147612
0,0.2320919
0,0.21885218
0,0.21502188
0,0.2379666
0,0.23539387
0,0.2239073
0,0.20561178
0,0.21546109
0,0.22283825
0,0.20132303
0,0.2563311
0,0.24889335
0,0.22785878
0,0.19271511
0,0.35616732
0,0.34258303
0,0.3268338
0,0.33162612
0,0.31576446
0,0.37037408
0,0.41766438
0,0.38240162
0,0.35538805
0,0.33302802
0,0.30279166
0,0.3301358
0,0.43700856
0,0.50645673
0,0.49875167
0,0.4467674
0,0.4238569
0,0.93345976
0,0.842413
0,0.80631703
0,0.78270316
0,0.77294934
0,0.72947073
0,0.724489
0,0.7131983
0,0.7356204
0,0.70714164
0,0.756953
0,0.6978673
0,0.6957645
0,0.719563
0,0.6425891
0,0.62361205
0,0.54949594
0,0.51103306
0,0.5617231
0,0.5717938
0,0.543573
0,0.54081035
0,0.53391004
0,0.5515363
1,0.526788
1,0.49524432
1,0.59175515
1,0.6614781
1,0.65098095
1,0.6128206
1,0.58859205
1,0.61822546
1,0.6117455
1,0.61907655
1,0.5830821
1,0.61880064
1,0.586535
1,0.6528574
1,0.6844619
0,0.96884686
0,0.8973447
0,0.8711536
0,0.8690252
0,0.8388698
0,0.79253685
0,0.77229345
0,0.74831486
0,0.75777733
0,0.67710364
0,0.65642685
0,0.61816216
0,0.51926696
0,0.46103904
0,0.44171476
0,0.4159751
0,0.40134168
0,0.3995635
0,0.47751227
0,0.45216888
0,0.48898014
0,0.48024264
0,0.465208
0,0.4396503
0,0.47195473
0,0.54805267
0,0.6169923
0,0.56799465
0,0.45591113
0,0.80657935
0,0.59855914
0,0.58122426
0,0.4705029
0,0.40426046
0,0.33494142
0,0.30066732
0,0.27723014
0,0.2813972
0,0.26585385
0,0.2333282
0,0.19163053
0,0.1675779
0,0.17263082
0,0.15950993
0,0.1487391
0,0.14311284
0,0.13838741
0,0.14426997
0,0.16880561
0,0.16340733
0,0.17546731
0,0.19262737
0,0.1867088
0,0.18063462
0,0.21214794
0,0.2052556
0,0.21223195
0,0.20254914
0,0.19016889
0,0.20299044
0,0.22189027
0,0.24440056
0,0.3110544
0,0.4147713
0,0.4512775
0,0.44530255
0,0.43335038
0,0.38866282
0,0.36099893
0,0.28812465
0,0.26883656
0,0.30611274
0,0.30384374
0,0.3027539
0,0.3019776
0,0.31397998
0,0.3639429
0,0.3514414
0,0.310772
0,0.2668339
0,0.2851208
0,0.22302471
0,0.20475465
0,0.16724987
0,0.1594052
0,0.14906445
0,0.14507255
0,0.14547576
0,0.13964157
0,0.14045481
0,0.1475886
0,0.13570838
0,0.13803902
0,0.1624296
0,0.15644398
0,0.15596482
0,0.15618926
0,0.1786893
0,0.16292703
0,0.14796554
0,0.1431285
0,0.13570751
0,0.13337538
0,0.1317829
0,0.14667259
0,0.14405245
0,0.15103972
0,0.15386425
0,0.15288635
0,0.15616019
0,0.1638021
0,0.1742317
0,0.16324317
0,0.16190103
0,0.16665566
0,0.17247747
0,0.16821918
0,0.16664289
0,0.16670024
0,0.17036842
0,0.17226934
0,0.17311311
0,0.173278
0,0.18432859
0,0.2089007
0,0.22431578
0,0.2600523
0,0.2686372
0,0.22390261
0,0.20336069
0,0.21594879
0,0.20512837
0,0.19747064
0,0.19038951
0,0.19099082
0,0.1752011
0,0.17374533
0,0.1793864
0,0.19085042
0,0.1753205
0,0.18285069
0,0.17211011
0,0.16953269
0,0.16848518
0,0.1627695
0,0.16168188
0,0.17747839
0,0.17128368
0,0.17026713
0,0.1672443
0,0.16375968
0,0.18906623
0,0.18371415
0,0.18163987
0,0.19941318
0,0.20947355
0,0.24073525
0,0.2492751
0,0.28085852
0,0.3214938
0,0.40914738
0,0.45194
0,0.4853649
0,0.4780825
0,0.46319252
0,0.44095904
0,0.37931606
0,0.39128327
0,0.32667685
0,0.2968296
0,0.26900518
0,0.3618074
0,0.34357816
0,0.28993994
0,0.30711985
0,0.2898163
0,0.34220156
0,0.40268055
0,0.37436
0,0.3752408
0,0.38712484
0,0.35824844
0,0.34417883
0,0.35403535
0,0.29843885
0,0.21915539
0,0.18912578
0,0.17374359
0,0.1628877
0,0.15434334
0,0.14577657
0,0.14303
0,0.14773732
0,0.14407125
0,0.15252604
0,0.13685873
0,0.13768084
0,0.13921112
0,0.13267656
0,0.13632749
0,0.13961901
0,0.13342236
0,0.13180521
0,0.13404909
0,0.13553776
0,0.14129537
0,0.13774544
0,0.15278941
0,0.1705884
0,0.18449272
0,0.23608129
0,0.21069562
0,0.20487884
0,0.19910231
0,0.22585067
0,0.23796228
0,0.28180853
0,0.2715099
0,0.35019478
0,0.37128028
0,0.42668492
0,0.5720452
0,0.55965376
0,0.56958085
0,0.5587598
0,0.51090324
0,0.48787737
0,0.4523535
0,0.43354088
0,0.40613896
0,0.42496178
0,0.42067364
0,0.42321628
0,0.46451476
0,0.4726061
0,0.512793
0,0.46195292
0,0.4264934
0,0.41068128
0,0.5325073
0,0.5198678
0,0.5037537
0,0.45914134
0,0.48281047
0,0.52347565
0,0.47570202
0,0.44705898
0,0.43195772
0,0.44957328
0,0.40878502
0,0.56603724
0,0.49510005
0,0.38770452
0,0.3531312
0,0.3272417
0,0.28897655
0,0.28081784
0,0.2396994
0,0.18711302
0,0.17371494
0,0.15842694
0,0.1506974
0,0.13567623
0,0.13890918
0,0.12911808
0,0.12815474
0,0.12548418
0,0.1453946
0,0.14182958
0,0.15996027
0,0.17200679
0,0.17565465
0,0.17086856
0,0.17077437
0,0.1709889
0,0.1641442
0,0.15162313
0,0.1432824
0,0.13990703
0,0.14603645
0,0.16040863
0,0.16535066
0,0.15903673
0,0.16669044
0,0.15809146
0,0.15236878
0,0.15261684
0,0.15784076
0,0.15025638
0,0.14847942
0,0.14703469
0,0.146055
0,0.14323224
0,0.14677891
0,0.150891
0,0.15936594
0,0.16111133
0,0.17701851
0,0.19459184
0,0.20781316
0,0.21753247
0,0.25844526
0,0.28061348
0,0.29556516
0,0.29663703
0,0.38152876
0,0.4902641
0,0.6090817
0,0.71342576
0,0.7696506
0,0.79913455
0,0.77666855
0,0.7811425
0,0.76209265
0,0.70102334
0,0.66422325
0,0.6195829
0,0.66367733
0,0.6947372
0,0.5882542
0,0.5689088
0,0.55421335
0,0.47557595
0,0.43781564
0,0.37320518
0,0.2826462
0,0.24132177
0,0.20069033
0,0.182752
0,0.18332745
0,0.17209129
0,0.15104602
0,0.13517393
0,0.12824513
0,0.14082158
0,0.13693932
0,0.13206469
0,0.1411699
0,0.14730856
0,0.14976905
0,0.14755127
0,0.15210652
0,0.15406422
0,0.17170997
0,0.15829688
0,0.14521703
0,0.13731469
0,0.15093361
0,0.15209104
0,0.15631554
0,0.15228775
0,0.16071382
0,0.16026902
0,0.1663374
0,0.16942765
0,0.17234637
0,0.17349187
0,0.18712905
0,0.18252769
0,0.17789666
0,0.17832084
0,0.1849516
0,0.20287128
0,0.20402732
0,0.21224698
0,0.23448119
0,0.23198833
0,0.26277018
0,0.27708465
0,0.29542628
0,0.33313975
0,0.3684944
0,0.3395771
0,0.3417805
0,0.31941995
0,0.30985728
0,0.30813903
0,0.31014976
0,0.29787058
0,0.30425826
0,0.30575472
0,0.28960797
0,0.29059368
0,0.27603522
0,0.28381744
0,0.29079387
0,0.27083802
0,0.25740412
0,0.2513681
0,0.245967
0,0.25428957
0,0.23630404
0,0.23358053
0,0.23296535
0,0.24671113
0,0.24161914
0,0.2579591
0,0.25632125
0,0.25532144
0,0.26470527
0,0.29952228
0,0.29193148
0,0.2878709
0,0.2901479
0,0.27883205
0,0.30502117
0,0.2995643
0,0.2858286
0,0.29485363
0,0.28913063
0,0.27957365
0,0.27939802
0,0.2842767
0,0.28110275
0,0.27918807
0,0.2786888
0,0.28318316
0,0.31612924
0,0.2901679
0,0.31861243
0,0.3045122
0,0.2833174
0,0.2798725
0,0.28144053
0,0.27822012
0,0.28529862
0,0.28322232
0,0.27831367
0,0.2695207
0,0.27143726
0,0.27024293
0,0.26393092
0,0.26322764
0,0.27056134
0,0.29920465
0,0.3173087
0,0.29187876
0,0.2864555
0,0.31231156
0,0.30754197
0,0.3381911
0,0.30643177
0,0.29344875
0,0.29688516
0,0.30724695
0,0.31105947
0,0.31861344
0,0.29196206
0,0.29077414
0,0.2875314
0,0.29246157
0,0.29782206
0,0.29379925
0,0.29042137
0,0.27952096
0,0.34093753
0,0.32478875
0,0.31186426
0,0.30020937
0,0.28570932
0,0.287326
0,0.28430274
0,0.28837225
0,0.28151506
0,0.271537
0,0.27763218
0,0.2868566
0,0.2824556
0,0.2905643
0,0.2827316
0,0.31420702
0,0.29722226
0,0.295385
0,0.3402868
0,0.30207747
0,0.28491795
0,0.2967608
0,0.3247139
0,0.30625612
0,0.31079242
0,0.30153483
0,0.29145762
0,0.30780953
0,0.301125
0,0.29679382
0,0.32671967
0,0.4074413
0,0.3313001
0,0.33203745
0,0.2921758
0,0.27961713
0,0.288732
0,0.28945738
0,0.26309708
0,0.24705605
0,0.24180204
0,0.24154311
0,0.23578593
0,0.23545606
0,0.23952232
0,0.24347131
0,0.27223983
0,0.27409375
0,0.2751459
0,0.2840797
0,0.26039267
0,0.26510262
0,0.28717548
0,0.28067467
0,0.27844384
0,0.27863216
0,0.27840036
0,0.27808505
0,0.2827416
0,0.2883197
0,0.30602416
0,0.2850873
0,0.2805047
0,0.28080884
0,0.28067464
0,0.34278995
0,0.29960704
0,0.28466892
0,0.28456074
0,0.30103084
0,0.29359025
0,0.28064248
0,0.28534004
0,0.2812238
0,0.3055254
0,0.29623824
0,0.28900972
0,0.31027058
0,0.2875471
0,0.29584515
0,0.31474382
0,0.308338
0,0.33241707
0,0.32832196
0,0.314739
0,0.28427064
0,0.3014499
0,0.306229
0,0.3219114
0,0.30363357
0,0.31009412
0,0.29708746
0,0.29556352
0,0.28432444
0,0.2766873
0,0.27622947
0,0.2789416
0,0.27459162
0,0.273305
0,0.30134174
0,0.28872553
0,0.27560747
0,0.28649518
0,0.30976808
0,0.30065992
0,0.2986424
0,0.28909615
0,0.2950329
0,0.29024446
0,0.27944255
0,0.28346613
0,0.29008812
0,0.29050022
0,0.28918436
0,0.27567375
0,0.28942543
0,0.30368578
0,0.3238428
0,0.3185301
0,0.2915173
0,0.29704788
0,0.30318198
0,0.28525066
0,0.30387774
0,0.3225104
0,0.31461525
0,0.3094373
0,0.30160585
0,0.29536375
0,0.30862674
0,0.32306027
0,0.34004885
0,0.3124747
0,0.33660877
0,0.30997118
0,0.34283644
0,0.3025954
0,0.29176977
0,0.65677243
0,0.5062678
0,0.42634133
0,0.3522739
0,0.27497354
0,0.23777145
0,0.19953224
0,0.1772053
0,0.17584316
0,0.15795808
0,0.14620292
0,0.14932412
0,0.14078009
0,0.13592368
0,0.14052182
0,0.15175538
0,0.14464824
0,0.14873976
0,0.14852013
0,0.14412883
0,0.14209501
0,0.15756667
0,0.15012455
0,0.15544465
0,0.15421815
0,0.15812904
0,0.17290151
0,0.19381937
0,0.2068521
0,0.21069644
0,0.3100865
0,0.30744308
0,0.30533242
0,0.28584728
0,0.27628985
0,0.28789663
0,0.29077244
0,0.30353388
0,0.29991663
0,0.2857314
0,0.27002385
0,0.2728945
0,0.2615947
0,0.27720127
0,0.2927796
0,0.28948906
0,0.27794385
0,0.28539783
0,0.28824288
0,0.28105003
0,0.28892237
0,0.2747265
0,0.28320092
0,0.30096212
0,0.2794235
0,0.2837711
0,0.27759948
0,0.27914253
0,0.2826588
0,0.2744394
0,0.27780518
0,0.30350927
0,0.28048146
0,0.2818871
0,0.3075519
0,0.29514712
0,0.27815914
0,0.2800759
0,0.27451223
0,0.27654687
0,0.28434256
0,0.2801191
0,0.27637187
0,0.27077335
0,0.2708387
0,0.27972183
0,0.2705782
0,0.28104556
0,0.28234074
0,0.26927516
0,0.26950356
0,0.27028853
0,0.28436074
0,0.31368425
0,0.29791614
0,0.35729963
0,0.30979916
0,0.33254087
0,0.35685623
0,0.34210646
0,0.32011414
0,0.320768
0,0.35012132
0,0.355174
0,0.37944898
0,0.39227852
0,0.38774097
0,0.35696483
0,0.35492983
0,0.3459103
0,0.32920322
0,0.3239971
0,0.34730455
0,0.30842105
0,0.24243939
0,0.20858814
0,0.20448823
0,0.30239308
0,0.31618872
0,0.24147551
0,0.21444261
0,0.18265487
0,0.18715459
0,0.16392405
0,0.14986928
0,0.1417136
0,0.13250504
0,0.12980737
0,0.13882893
0,0.13842487
0,0.14490633
0,0.14284278
0,0.15309569
0,0.14642718
0,0.18466294
0,0.19967078
0,0.21423252
0,0.21061139
0,0.1831422
0,0.1765822
0,0.20516594
0,0.15785494
0,0.1541814
0,0.15191782
0,0.14400856
0,0.1316385
0,0.13004813
0,0.12868565
0,0.13445662
0,0.14016463
0,0.13346846
0,0.14011735
0,0.15504956
0,0.15254065
0,0.13870241
0,0.13576366
0,0.14616962
0,0.1509949
0,0.16560814
0,0.16021279
0,0.16586263
0,0.17461099
0,0.19725205
0,0.2080506
0,0.22245951
0,0.23222405
0,0.24744123
0,0.29029006
0,0.26192552
0,0.25694165
0,0.25965163
0,0.2652724
0,0.31352907
0,0.28980905
0,0.27666205
0,0.26069453
0,0.27067414
0,0.3053262
0,0.28663832
0,0.28295347
0,0.28017583
0,0.28019843
0,0.34627646
0,0.29024407
0,0.27708238
0,0.2775896
0,0.2885797
0,0.27150297
0,0.27329996
0,0.27257553
0,0.27251822
0,0.33793
0,0.29465207
0,0.2732268
0,0.27548292
0,0.274672
0,0.30925682
0,0.28363448
0,0.27781412
0,0.2881211
0,0.2683145
0,0.26835448
0,0.2624594
0,0.25536108
0,0.2507028
0,0.26771665
0,0.26170295
0,0.2760963
0,0.3065299
0,0.2899969
0,0.32088274
0,0.28627878
0,0.27673846
0,0.28299016
0,0.26087904
0,0.26570556
0,0.27340376
0,0.2625412
0,0.25333455
0,0.24810502
0,0.24310866
0,0.24653043
0,0.24824925
0,0.24074231
0,0.2565929
0,0.2443057
0,0.27021575
0,0.25447404
0,0.25077552
0,0.24789445
0,0.24266584
0,0.26460466
0,0.25199693
0,0.2454449
0,0.24052452
0,0.24091856
0,0.27539596
0,0.25594953
0,0.26155928
0,0.25637865
0,0.27039883
0,0.2504494
0,0.25051668
0,0.24221727
0,0.2427215
0,0.24078107
0,0.23868264
0,0.23334605
0,0.23350763
0,0.23262475
0,0.23017211
0,0.2763868
0,0.27006212
0,0.25259382
0,0.26152885
0,0.2645193
0,0.24865465
0,0.25168854
0,0.24266532
0,0.24147177
0,0.23957151
0,0.23919547
0,0.23473908
0,0.23202346
0,0.23303486
0,0.24959691
0,0.24056685
0,0.25101238
0,0.2380354
0,0.25856665
0,0.24430613
0,0.27125
0,0.25288525
0,0.24717243
0,0.25481826
0,0.2459827
0,0.24031039
0,0.23707896
0,0.24639003
0,0.26473978
0,0.25739852
0,0.25732654
0,0.2577795
0,0.27698848
0,0.29803672
0,0.27125636
0,0.3041728
0,0.3111346
0,0.29108405
0,0.30643612
0,0.28837314
0,0.2652616
0,0.25578943
0,0.2492386
0,0.26803124
0,0.266175
0,0.29147378
0,0.27653077
0,0.29798022
0,0.33339626
0,0.29594544
0,0.30344597
0,0.27759662
0,0.28308353
0,0.3435791
0,0.29962113
0,0.28069568
0,0.2699875
0,0.2605224
0,0.27746192
0,0.28059992
0,0.26964337
0,0.26784167
0,0.2645264
0,0.30929643
0,0.3027891
0,0.30470413
0,0.34605446
0,0.320398
0,0.3049823
0,0.28529924
0,0.28719223
0,0.27149776
0,0.26719534
0,0.26271775
0,0.27047017
0,0.26252082
0,0.26289293
0,0.26694903
0,0.2712653
0,0.25819337
0,0.26707008
0,0.26984924
0,0.27135754
0,0.26079437
0,0.27442163
0,0.25752488
0,0.2737111
0,0.27718276
0,0.26308647
0,0.25833756
0,0.2522213
0,0.24839263
0,0.25264043
0,0.2988867
0,0.27055058
0,0.26103058
0,0.28315762
0,0.2686692
0,0.29068777
0,0.27281734
0,0.25818667
0,0.25359026
0,0.25306123
0,0.30065763
0,0.28448159
0,0.2608715
0,0.2604134
0,0.25729254
0,0.30172098
0,0.26749173
0,0.26110825
0,0.25989488
0,0.2795339
0,0.28517187
0,0.2594838
0,0.27047503
0,0.2537416
0,0.26452968
0,0.2935574
0,0.29237244
0,0.28261578
0,0.2615615
0,0.2727108
0,0.31762448
0,0.27730647
0,0.29708403
0,0.293859
0,0.30191097
0,0.34681097
0,0.3040948
0,0.28342623
0,0.28864363
0,0.28762493
0,0.29554987
0,0.29731062
0,0.278445
0,0.28244364
0,0.28405458
0,0.2832471
0,0.28203878
0,0.28088477
0,0.2837186
0,0.28393382
0,0.30398253
0,0.2990554
0,0.28755286
0,0.28536788
0,0.29234678
0,0.28342748
0,0.26905066
0,0.26359376
0,0.2703551
0,0.34140164
0,0.30758038
0,0.29126436
0,0.2922612
0,0.31701812
0,0.35386172
0,0.3093984
0,0.28944793
0,0.2743413
0,0.27369738
0,0.32029974
0,0.28069195
0,0.27944744
0,0.26873735
0,0.30126205
0,0.28858787
0,0.2855872
0,0.2773161
0,0.26681355
0,0.26280484
0,0.33686316
0,0.28700066
0,0.27899006
0,0.2819479
0,0.2653408
0,0.32453555
0,0.29318443
0,0.3191941
0,0.33026993
0,0.3499994
0,0.3233727
0,0.2942418
0,0.3166449
0,0.28370327
0,0.28213865
0,0.33988547
0,0.30198026
0,0.27866885
0,0.2799738
0,0.27398756
0,0.30022758
0,0.28391397
0,0.2664449
0,0.265639
0,0.28595528
0,0.31175765
0,0.30373523
0,0.30264702
0,0.30053732
0,0.2917115
0,0.3167554
0,0.29850912
0,0.2848741
0,0.2830439
0,0.26946434
0,0.3122036
0,0.28732392
0,0.27495298
0,0.27333564
0,0.27016374
0,0.3035751
0,0.28055477
0,0.28060463
0,0.29200077
0,0.30261484
0,0.3109828
0,0.28623125
0,0.28114396
0,0.26881608
0,0.26520652
0,0.2835787
0,0.2653162
0,0.25994724
0,0.25686926
0,0.27510256
0,0.30834204
0,0.27342895
0,0.27459162
0,0.29695538
0,0.2845807
0,0.31128424
0,0.28858906
0,0.27692258
0,0.27130568
0,0.28014484
0,0.28502443
0,0.27612758
0,0.2604427
0,0.2559395
0,0.24842624
0,0.289285
0,0.26944864
0,0.2760716
0,0.26190552
0,0.28327885
0,0.27311325
0,0.26292032
0,0.26013607
0,0.26832163
0,0.25693017
0,0.2729395
0,0.2709138
0,0.2658549
0,0.25379893
0,0.25380024
0,0.24622321
0,0.28284803
0,0.25704616
0,0.25552532
0,0.28699967
0,0.2663731
0,0.3367287
0,0.28828034
0,0.26954994
0,0.2769053
0,0.26524845
0,0.3024613
0,0.32073385
0,0.30840504
0,0.30369073
0,0.3001263
0,0.29649606
0,0.28433636
0,0.28379878
0,0.28700092
0,0.3231165
0,0.35044828
0,0.31898656
0,0.31790927
0,0.29464427
0,0.28403676
0,0.30805567
0,0.30598664
0,0.29650995
0,0.2818437
0,0.2765751
0,0.29466054
0,0.28132144
0,0.2724965
0,0.27200845
0,0.2671668
0,0.32270676
0,0.28646582
0,0.273674
0,0.26908284
0,0.2717011
0,0.29435608
0,0.2794955
0,0.2771138
0,0.26750034
0,0.27149516
0,0.32975468
0,0.27843267
0,0.27081513
0,0.2693543
0,0.25981918
0,0.25929755
0,0.25322416
0,0.27673224
0,0.2623286
0,0.26190957
0,0.25908628
0,0.2563681
0,0.27228194
0,0.2630435
0,0.28941423
0,0.26928657
0,0.26660824
0,0.2794835
0,0.2697166
0,0.3012548
0,0.3156967
0,0.28575635
0,0.30535552
0,0.29377067
0,0.2793673
0,0.26948938
0,0.28185508
0,0.2889914
0,0.32052946
0,0.30058512
0,0.29044515
0,0.27866852
0,0.26654443
0,0.31538454
0,0.29712597
0,0.30087462
0,0.31102914
0,0.27801323
0,0.30366543
0,0.27822128
0,0.29068205
0,0.29381642
0,0.31533644
0,0.29471236
0,0.28778306
0,0.29341108
0,0.28431192
0,0.2923999
0,0.2857791
0,0.27811867
0,0.2736176
0,0.27592653
0,0.31165954
0,0.28365445
0,0.2880122
0,0.27595222
0,0.27866498
0,0.27017954
0,0.2695956
0,0.27104244
0,0.26798964
0,0.27221602
0,0.27262834
0,0.27643973
0,0.25819302
0,0.25470382
0,0.25925764
0,0.26419175
0,0.26422113
0,0.2581907
0,0.2597505
0,0.26682523
0,0.2689961
0,0.26519865
0,0.25862104
0,0.26932377
0,0.270945
0,0.30918473
0,0.27459875
0,0.291251
0,0.28134775
0,0.27087316
0,0.2885653
0,0.27125275
0,0.26552016
0,0.28581434
0,0.27204296
0,0.29079157
0,0.27057981
0,0.30569622
0,0.2733175
0,0.2618505
0,0.29811668
0,0.2864535
0,0.28793195
0,0.2895031
0,0.28633562
0,0.33137017
0,0.31528974
0,0.28524506
0,0.2704884
0,0.27850077
0,0.26809937
0,0.2755853
0,0.47306225
0,0.37687558
0,0.31579903
0,0.31495655
0,0.28399053
0,0.2847736
0,0.287152
0,0.2818005
0,0.32887003
0,0.29496
0,0.29652333
0,0.2853598
0,0.27937728
0,0.31350565
0,0.29510996
0,0.28616494
0,0.29993603
0,0.28751755
0,0.33077553
0,0.29771093
0,0.28106672
0,0.27738976
0,0.27937198
0,0.26908275
0,0.27714187
0,0.2654969
0,0.27142057
0,0.26486462
0,0.2605915
0,0.259431
0,0.26153725
0,0.26471516
0,0.3126555
0,0.28495204
0,0.27620697
0,0.27378693
0,0.28853688
0,0.313646
0,0.2951158
0,0.2779887
0,0.29070145
0,0.2763001
0,0.27373573
0,0.26744115
0,0.2639297
0,0.26074737
0,0.2578242
0,0.26408738
0,0.2600132
0,0.2508074
0,0.25811768
0,0.3224665
0,0.30465567
0,0.2783066
0,0.27101848
0,0.26061505
0,0.31957838
0,0.28108886
0,0.27391484
0,0.2735205
0,0.28064248
0,0.26332885
0,0.27652547
0,0.28921854
0,0.2722233
0,0.2924587
0,0.29640478
0,0.29956672
0,0.27881074
0,0.28309456
0,0.29535428
0,0.29248545
0,0.28557464
0,0.30670294
0,0.27277237
0,0.34121767
0,0.31312042
0,0.31236538
0,0.30027127
0,0.27706507
0,0.29026157
0,0.2847466
0,0.28746688
0,0.30164552
0,0.292527
0,0.3017482
0,0.2896583
0,0.2843311
0,0.26659438
0,0.27995026
0,0.27620134
0,0.2752597
0,0.26820695
0,0.42617992
0,0.34857583
0,0.31090277
0,0.29771993
0,0.2872037
0,0.28147224
0,0.29174334
0,0.28111526
0,0.27654457
0,0.27303666
0,0.27023518
0,0.31113747
0,0.27965066
0,0.2847629
0,0.27169746
0,0.2647495
0,0.32257605
0,0.28388083
0,0.27422148
0,0.26692587
0,0.26497838
0,0.28252774
0,0.2857347
0,0.269618
0,0.26734048
0,0.26356024
0,0.25656086
0,0.25604355
0,0.25430492
0,0.28302664
0,0.262756
0,0.2578867
0,0.2732106
0,0.27826503
0,0.26856574
0,0.2707885
0,0.26184708
0,0.26230282
0,0.26192164
0,0.5077052
0,0.36924
0,0.3678182
0,0.3485361
0,0.33533436
0,0.29284877
0,0.2894217
0,0.31471264
0,0.302564
0,0.28109726
0,0.27447996
0,0.27846545
0,0.29389837
0,0.2862231
0,0.28164423
0,0.27213746
0,0.28538868
0,0.2677936
0,0.28315774
0,0.27433318
0,0.27124786
0,0.2712805
0,0.28793213
0,0.27568603
0,0.2804173
0,0.28066257
0,0.2807339
0,0.26316383
0,0.27437276
0,0.27378702
0,0.2808315
0,0.2760893
0,0.28073564
0,0.28306693
0,0.3000448
0,0.2838675
0,0.27756965
0,0.26795006
0,0.29434532
0,0.26848066
0,0.27360457
0,0.29284367
0,0.32508722
0,0.2964432
0,0.28417766
0,0.2812215
0,0.29709616
0,0.31582224
0,0.293198
0,0.28306976
0,0.28234544
0,0.28181797
0,0.32387578
0,0.28609747
0,0.29927865
0,0.27858645
0,0.27308598
0,0.27276462
0,0.27305877
0,0.27158722
0,0.26590103
0,0.26423672
0,0.2735882
0,0.2609038
0,0.26919353
0,0.2700389
0,0.25971112
0,0.2600158
0,0.27666774
0,0.26685265
0,0.2789907
0,0.26345646
0,0.25655064
0,0.25386474
0,0.2567931
0,0.2701157
0,0.31166902
0,0.27987155
0,0.28730217
0,0.3240996
0,0.29371932
0,0.34884787
0,0.32147294
0,0.29347306
0,0.2815914
0,0.26891792
0,0.3081633
0,0.2833757
0,0.29679555
0,0.3071397
0,0.3065848
0,0.33747566
0,0.30460167
0,0.2961761
0,0.3008629
0,0.31326672
0,0.3393233
0,0.3362598
0,0.31122115
0,0.29495743
0,0.30803835
0,0.3202646
0,0.29259548
0,0.2896086
0,0.26516443
0,0.26468027
0,0.32027477
0,0.29281414
0,0.29787377
0,0.32371998
0,0.33415094
0,0.3193692
0,0.28749004
0,0.25666335
0,0.2287863
0,0.23591523
0,0.20678292
0,0.1996733
0,0.18680221
0,0.19725253
0,0.21948107
0,0.2166516
0,0.19704716
0,0.18252368
0,0.17891476
0,0.1763012
0,0.17210178
0,0.1700914
0,0.17144693
0,0.17588103
0,0.16941983
0,0.171998
0,0.18144354
0,0.18838535
0,0.20575295
0,0.20940493
0,0.2203186
0,0.22883525
0,0.30008808
0,0.3126959
0,0.25962603
0,0.23769796
0,0.22904344
0,0.23149323
0,0.25748888
0,0.2672248
0,0.24844606
0,0.2484458
0,0.2625562
0,0.25611484
0,0.26052055
0,0.28163913
0,0.29167214
0,0.2650365
0,0.32553035
0,0.28894204
0,0.28004888
0,0.27816403
0,0.28316364
0,0.26100445
0,0.26736596
0,0.2583633
0,0.26533997
0,0.27690434
0,0.27921152
0,0.27444297
0,0.28941023
0,0.28266564
0,0.27110147
0,0.27737606
0,0.28133214
0,0.2787433
0,0.28811762
0,0.3144211
0,0.30253938
0,0.28652978
0,0.2733467
0,0.2807857
0,0.3148756
0,0.29648384
0,0.30713943
0,0.28872085
0,0.27996257
0,0.28954443
0,0.2987479
0,0.2776601
0,0.28092745
0,0.2780782
0,0.2691332
0,0.26632896
0,0.27010694
0,0.26211333
0,0.3067437
0,0.27853346
0,0.27409723
0,0.26501924
0,0.26764062
0,0.27925417
0,0.27951854
0,0.27090165
0,0.2652767
0,0.27523586
0,0.28150338
0,0.26982617
0,0.28475267
0,0.2720801
0,0.28425536
0,0.29198822
0,0.27072102
0,0.27180952
0,0.26358515
0,0.26209065
0,0.29298243
0,0.26767963
0,0.25780654
0,0.25173008
0,0.255338
0,0.3279279
0,0.28026864
0,0.2906574
0,0.30004063
0,0.30429238
0,0.28410307
0,0.29862326
0,0.32333222
0,0.29151362
0,0.29714397
0,0.30308628
0,0.30730152
0,0.3459005
0,0.3248474
0,0.31423238
0,0.2872508
0,0.28615803
0,0.29343334
0,0.30916443
0,0.29180557
0,0.28551745
0,0.28133374
0,0.29143012
0,0.2899167
0,0.3126015
0,0.28830156
0,0.29960442
0,0.29859608
0,0.28827438
0,0.3307869
0,0.30983344
0,0.28767815
0,0.27856037
0,0.27154392
0,0.33706257
0,0.29022038
0,0.29113778
0,0.26889136
0,0.29688466
0,0.28194273
0,0.27852347
0,0.27557084
0,0.29091355
0,0.3081094
0,0.29490173
0,0.28198615
0,0.27231196
0,0.26705316
0,0.2888739
0,0.272889
0,0.28748006
0,0.2850839
0,0.27556017
0,0.31428173
0,0.2937658
0,0.30085778
0,0.29913992
0,0.29255283
0,0.2855051
0,0.27364728
0,0.26761898
0,0.26696378
0,0.27256313
0,0.2647843
0,0.2783464
0,0.26568994
0,0.28176203
0,0.34289306
0,0.31115288
0,0.29719546
0,0.29944357
0,0.28353462
0,0.33089653
0,0.28552604
0,0.29161647
0,0.28881103
0,0.30025575
0,0.29196513
0,0.2890975
0,0.28971758
0,0.28656
0,0.33943927
0,0.3346797
0,0.32499042
0,0.28387323
0,0.2909351
0,0.2860404
0,0.28324357
0,0.27976036
0,0.29988018
0,0.34009445
0,0.32449967
0,0.32773596
0,0.29666537
0,0.2950694
0,0.33678228
0,0.3081521
0,0.29224494
0,0.28764224
0,0.2827608
0,0.31741422
0,0.2746074
0,0.28333768
0,0.27749318
0,0.27363697
0,0.3410662
0,0.28619117
0,0.2753644
0,0.2644462
0,0.26288113
0,0.26466802
0,0.27245015
0,0.28304502
0,0.27361572
0,0.31818292
0,0.28014353
0,0.27175903
0,0.26588318
0,0.3041933
0,0.31883937
0,0.35268536
0,0.35279012
0,0.33970395
0,0.3266211
0,0.33697903
0,0.3170405
0,0.32884258
0,0.30433404
0,0.29572472
0,0.2982362
0,0.30983016
0,0.30808046
0,0.29307765
0,0.26207033
0,0.24602783
0,0.22996823
0,0.20616557
0,0.19030082
0,0.1747428
0,0.16937648
0,0.172856
0,0.17298052
0,0.16392319
0,0.16861229
0,0.17812303
0,0.18349497
0,0.1764765
0,0.1828306
0,0.18727554
0,0.19987026
0,0.22782575
0,0.2305935
0,0.23913412
0,0.26450866
0,0.24953659
0,0.2401985
0,0.2608144
0,0.26973534
0,0.31526494
0,0.2869745
0,0.29693797
0,0.2933022
0,0.29606706
0,0.3219377
0,0.31507793
0,0.30521062
0,0.32177258
0,0.34434772
0,0.33575696
0,0.3221505
0,0.3076606
0,0.31284985
0,0.29029533
0,0.3176092
0,0.4020313
0,0.34843096
0,0.31205276
0,0.25273004
0,0.23092721
0,0.20132737
0,0.21869999
0,0.20582019
0,0.19750516
0,0.18759316
0,0.18080732
0,0.18740864
0,0.20106597
0,0.19854501
0,0.19470145
0,0.1893338
0,0.19754632
0,0.21736695
0,0.23479193
0,0.20078947
0,0.18823144
0,0.173234
0,0.17752235
0,0.24869223
0,0.22417995
0,0.19149263
0,0.17128944
0,0.2011449
0,0.18065307
0,0.21158776
0,0.20091565
0,0.17739353
0,0.17456357
0,0.16237445
0,0.18544592
0,0.17707236
0,0.15415615
0,0.17420551
0,0.15717392
0,0.15827227
0,0.17737499
0,0.16490418
0,0.16193527
0,0.14912635
0,0.15431663
0,0.1462087
0,0.16212745
0,0.17580567
0,0.16346617
0,0.16323194
0,0.16766164
0,0.1788901
0,0.236691
0,0.21604984
0,0.2130681
0,0.20155226
0,0.20593108
0,0.18966956
0,0.18846717
0,0.1907503
0,0.19966038
0,0.20533982
0,0.20144613
0,0.20290102
0,0.23635991
0,0.23543817
0,0.21823883
0,0.2336177
0,0.23063949
0,0.23476753
0,0.2717076
0,0.24516428
0,0.24575634
0,0.2438603
0,0.24019751
0,0.25335082
0,0.25365922
0,0.25001758
0,0.2755523
0,0.2618151
0,0.32510743
0,0.29605934
0,0.29733154
0,0.30374292
0,0.28644964
0,0.31727248
0,0.31995174
0,0.30829486
0,0.2858403
0,0.2845814
0,0.2806292
0,0.30071348
0,0.30387834
0,0.33545616
0,0.33612642
0,0.32522607
0,0.2926184
0,0.2947992
0,0.29077962
0,0.3355998
0,0.31384152
0,0.285434
0,0.2780638
0,0.25928122
0,0.28123805
0,0.2874078
0,0.2802484
0,0.2634057
0,0.2643771
0,0.2609661
0,0.27476025
0,0.31107488
0,0.27727905
0,0.3023484
0,0.2834025
0,0.33481666
0,0.49416962
0,0.4427731
0,0.47067636
0,0.4270169
0,0.37726107
0,0.32113433
0,0.25328454
0,0.27017173
0,0.23699358
0,0.21535842
0,0.18414928
0,0.17159468
0,0.1670642
0,0.15328638
0,0.14640945
0,0.14586473
0,0.13735841
0,0.13531238
0,0.14447238
0,0.14440154
0,0.15801938
0,0.15259373
0,0.15778294
0,0.17157352
0,0.18391387
0,0.16982643
0,0.1654438
0,0.17385657
0,0.1751178
0,0.20109288
0,0.23168379
0,0.2237182
0,0.21685237
0,0.20221843
0,0.21468386
0,0.21684656
0,0.25882757
0,0.29377502
0,0.2615109
0,0.23497644
0,0.22905952
0,0.24832346
0,0.21612193
0,0.18691249
0,0.15665238
0,0.14506279
0,0.15938415
0,0.15548998
0,0.15416816
0,0.32953265
0,0.32975826
0,0.41776124
0,0.36404157
0,0.33776626
0,0.27201417
0,0.21917602
0,0.19122696
0,0.19607401
0,0.17438528
0,0.16941445
0,0.16464497
0,0.17093514
0,0.15138781
0,0.14945184
0,0.1602964
0,0.15899292
0,0.14181176
0,0.1430292
0,0.13866878
0,0.14845604
0,0.15386058
0,0.20458277
0,0.18984243
0,0.15749845
0,0.17161356
0,0.17073478
0,0.17943075
0,0.15751833
0,0.1790463
0,0.18586586
0,0.22135961
0,0.18570699
0,0.18605107
0,0.19243225
0,0.1701328
0,0.1973452
0,0.16574568
0,0.16589876
0,0.19193523
0,0.21832454
0,0.20017219
0,0.16660915
0,0.15663733
0,0.15764897
0,0.18639125
0,0.24706191
0,0.2364768
0,0.27336875
0,0.27776057
0,0.40092048
0,0.46595484
0,0.45335484
0,0.34606785
0,0.2570687
0,0.21064503
0,0.20223187
0,0.22054647
0,0.18070224
0,0.15962137
0,0.14191532
0,0.14926603
0,0.1411651
0,0.1353403
0,0.12842532
0,0.12843715
0,0.14363156
0,0.13418101
0,0.13408293
0,0.13167424
0,0.12491206
0,0.15334623
0,0.1429905
0,0.14902695
0,0.15519717
0,0.17401442
0,0.15461098
0,0.17061193
0,0.18316674
0,0.17446667
0,0.22143559
0,0.20701967
0,0.18991464
0,0.19686402
0,0.20482847
0,0.21413565
0,0.2082664
0,0.19401611
0,0.18763964
0,0.21420935
0,0.28762835
0,0.30159047
0,0.25097066
0,0.23271705
0,0.19134898
0,0.28604168
0,0.3054465
0,0.28200296
0,0.30582777
0,0.29491067
0,0.24111205
0,0.17761035
0,0.21555544
0,0.24131213
0,0.3428086
0,0.48617798
0,0.41352165
0,0.3762544
0,0.31417033
0,0.3536772
0,0.29123887
0,0.32970095
0,0.31064528
0,0.31821004
0,0.27194574
0,0.30084187
0,0.26262486
0,0.23116918
0,0.27290824
0,0.30183962
0,0.29046276
0,0.27913284
0,0.24019802
0,0.2548934
0,0.3148463
0,0.3166404
0,0.31560928
0,0.3562162
1,0.3595518
1,0.32186493
1,0.3042005
1,0.3191208
1,0.38268745
1,0.46580866
1,0.56047845
1,0.5221585
1,0.48848283
1,0.49991933
1,0.54386705
1,0.672758
1,0.60054356
1,0.62852836
1,0.6297961
0,0.9669558
0,0.9005236
0,0.8537206
0,0.83651626
0,0.7833059
0,0.72773206
0,0.71356225
0,0.6459211
0,0.5781194
0,0.5061734
0,0.5598809
0,0.46035674
0,0.41405094
0,0.36997947
0,0.39757806
0,0.5393746
0,0.46161455
0,0.42096418
0,0.3691929
0,0.38191414
0,0.33864996
0,0.34515893
0,0.41772944
0,0.44733825
0,0.5581855
0,0.53784096
0,0.59281707
0,0.6171261
0,0.528039
0,0.423804
0,0.3888105
0,0.36610892
0,0.34147134
0,0.33156514
0,0.37248617
0,0.41456816
0,0.42500702
0,0.37790334
0,0.3288339
0,0.4190139
0,0.49575052
0,0.45185626
0,0.39447102
0,0.3813049
0,0.2896388
0,0.2569294
0,0.23391046
0,0.2152105
0,0.23322181
0,0.22348492
0,0.18393292
0,0.16725764
0,0.2093134
0,0.24257323
0,0.19400951
0,0.19090249
0,0.15905802
0,0.19556642
0,0.15369202
0,0.14621903
0,0.14308578
0,0.13246281
0,0.140207
0,0.13810396
0,0.1636628
0,0.15452875
0,0.14437419
0,0.15337056
0,0.16198632
0,0.21795678
0,0.25151762
0,0.20897287
0,0.24112475
0,0.23874505
0,0.19730283
0,0.23055664
0,0.20409788
0,0.16275181
0,0.15106228
0,0.14308666
0,0.15790343
0,0.16588885
0,0.19359888
0,0.42212623
0,0.279945
0,0.22841966
0,0.172316
0,0.15341292
0,0.16825327
0,0.1579821
0,0.16522737
0,0.16556044
0,0.15309457
0,0.16163236
0,0.15397076
0,0.1466455
0,0.16572176
0,0.16622235
0,0.16441041
0,0.1531137
0,0.14663726
0,0.14808796
0,0.1588656
0,0.17179723
0,0.21096443
0,0.19082019
0,0.19184487
0,0.21322298
0,0.21947816
0,0.24215806
0,0.27647108
0,0.33002657
0,0.45534295
0,0.3782656
0,0.26586634
0,0.2679581
0,0.24111253
0,0.21461973
0,0.19376692
0,0.17827456
0,0.1727697
0,0.14904894
0,0.1433908
0,0.13921249
0,0.14072071
0,0.13766907
0,0.13155994
0,0.12632449
0,0.12727073
0,0.13870531
0,0.14422528
0,0.15756777
0,0.1435671
0,0.14926122
0,0.14300214
0,0.1508886
0,0.27963465
0,0.35420775
0,0.4272561
0,0.52000046
0,0.5515175
0,0.487999
0,0.4026106
0,0.36293313
0,0.284557
0,0.25916052
0,0.24990906
0,0.23967566
0,0.27026612
0,0.21491227
0,0.2602625
0,0.45710674
0,0.32103765
0,0.3395534
0,0.29173756
0,0.26662686
0,0.2179749
0,0.1857944
0,0.21185598
0,0.1989154
0,0.21844207
0,0.17136689
0,0.16466394
0,0.14635167
0,0.13491477
0,0.13195452
0,0.14481716
0,0.14710271
0,0.16681972
0,0.1943623
0,0.16613805
0,0.16665289
0,0.15299322
0,0.14634483
0,0.1536089
0,0.16194695
0,0.17042778
0,0.1438934
0,0.13349636
0,0.14192367
0,0.13838919
0,0.13830538
0,0.13631263
0,0.13475302
0,0.16342972
0,0.17602926
0,0.1806388
0,0.16783485
0,0.15949388
0,0.1489394
0,0.13842596
0,0.14240809
0,0.14758821
0,0.15804018
0,0.19109501
0,0.16901076
0,0.16268548
0,0.17307879
0,0.18295895
0,0.20927121
0,0.21480033
0,0.21005784
0,0.23950937
0,0.2679821
0,0.32539895
0,0.3203751
0,0.3152401
0,0.26107886
0,0.2646195
0,0.3316801
0,0.33001015
0,0.38568315
0,0.32885623
0,0.32782158
0,0.46300152
0,0.43627292
0,0.39380375
0,0.36821562
0,0.44796053
0,0.36884898
0,0.28441525
0,0.3114342
0,0.28756353
0,0.28663546
0,0.26700023
0,0.24837902
0,0.26306674
0,0.20072332
0,0.17671828
0,0.16091242
0,0.14897037
0,0.14685956
0,0.15679409
0,0.17290777
0,0.18909554
0,0.1608797
0,0.16082971
0,0.1589205
0,0.14311607
0,0.13441394
0,0.12971984
0,0.12522475
0,0.13094875
0,0.12979193
0,0.14553499
0,0.14772476
0,0.13698058
0,0.14371315
0,0.14308508
0,0.13671467
0,0.13748468
0,0.147945
0,0.16738267
0,0.16336037
0,0.16614312
0,0.16535567
0,0.1680623
0,0.17587353
0,0.18596557
0,0.18484782
0,0.18140648
0,0.19115634
0,0.22295123
0,0.24092002
0,0.25806943
0,0.25745964
0,0.2631281
0,0.29706386
0,0.2869159
0,0.2793842
0,0.29812482
0,0.28345367
0,0.32841206
0,0.30292746
0,0.31657535
0,0.35097876
0,0.3544636
0,0.4137467
0,0.41352257
0,0.35352865
0,0.36259946
0,0.4516577
0,0.49967277
0,0.38793787
0,0.3710696
0,0.31351858
0,0.38735706
0,0.31282303
0,0.24187213
0,0.2497948
0,0.22764702
0,0.212205
0,0.18040161
0,0.16770883
0,0.14259677
0,0.14957495
0,0.17286289
0,0.18220197
0,0.15207218
0,0.14550495
0,0.14050047
0,0.1372355
0,0.13175574
0,0.12743038
0,0.12963277
0,0.13975291
0,0.13185254
0,0.1297691
0,0.13443318
0,0.13190863
0,0.17691983
0,0.15350072
0,0.15782343
0,0.15826416
0,0.1751259
0,0.17859463
0,0.17550252
0,0.1675995
0,0.1703215
0,0.17302233
0,0.1903843
0,0.18175882
0,0.17624384
0,0.18339673
0,0.18173641
0,0.22649913
0,0.25381705
0,0.27809948
0,0.26372188
0,0.23849155
0,0.21130775
0,0.21561982
0,0.22060451
0,0.20844488
0,0.20315975
0,0.19078821
0,0.19464232
0,0.21226203
0,0.20964858
0,0.21829896
0,0.28682736
0,0.24697696
0,0.27055907
0,0.27486488
0,0.3428225
0,0.28904256
0,0.21556778
0,0.17399333
0,0.16418038
0,0.17019187
0,0.14839263
0,0.14054008
0,0.13325459
0,0.12632458
0,0.13127987
0,0.1668183
0,0.14953643
0,0.1492298
0,0.14170079
0,0.20686956
0,0.17708722
0,0.15659541
0,0.1483162
0,0.15751629
0,0.1448609
0,0.14014305
0,0.14287123
0,0.141268
0,0.14888336
0,0.15197809
0,0.1616354
0,0.17672546
0,0.1951817
0,0.21493061
0,0.22738503
0,0.22948217
0,0.23292226
0,0.23512132
0,0.23897788
0,0.23700665
0,0.25270617
0,0.24034362
0,0.24702013
0,0.28655118
0,0.2793942
0,0.31654057
0,0.30464265
0,0.30464438
0,0.30868018
0,0.31774348
0,0.28947917
0,0.33385387
0,0.31411216
0,0.3492786
0,0.30904323
0,0.30333915
0,0.30258372
0,0.34345314
0,0.3772532
0,0.3511137
0,0.29954448
0,0.27876043
0,0.25183994
0,0.24206448
0,0.21513847
0,0.23032126
0,0.21078622
0,0.25670692
0,0.21591409
0,0.22366932
0,0.18941455
0,0.2131205
0,0.20465793
0,0.22837943
0,0.24099864
0,0.280467
0,0.2957376
0,0.30843225
0,0.3639261
0,0.4649871
0,0.5527139
0,0.57672346
0,0.49672714
0,0.41317663
0,0.3570112
0,0.35257405
0,0.34312588
0,0.36525846
0,0.36716357
0,0.3553989
0,0.30121234
0,0.25941983
0,0.31436422
1,0.33946818
1,0.38373905
1,0.40444145
1,0.40238994
1,0.34381315
1,0.35354963
1,0.30010366
1,0.25515154
1,0.20991653
1,0.18363246
1,0.15883707
1,0.1453945
1,0.13792378
1,0.16205218
1,0.15499604
0,0.90993214
0,0.72186816
0,0.7075684
0,0.73173916
0,0.64851147
0,0.59687054
0,0.5477281
0,0.51641804
0,0.52238977
0,0.47160336
0,0.43289447
0,0.42793956
0,0.4362605
0,0.6535182
0,0.59329057
0,0.516387
0,0.5322681
0,0.50791377
0,0.5108927
0,0.56041014
0,0.55444986
0,0.584735
0,0.5777886
0,0.548743
0,0.5244065
0,0.49290597
0,0.45461532
0,0.4663641
0,0.44958153
0,0.46966004
0,0.40838012
0,0.42773858
0,0.5317645
0,0.5295168
0,0.531495
0,0.5223711
0,0.5962995
0,0.6499456
0,0.6668699
0,0.62746173
0,0.5553365
0,0.5026062
0,0.56077456
0,0.4205537
0,0.3892665
0,0.34861887
0,0.29326585
0,0.32602066
0,0.26706988
0,0.2269174
0,0.2506042
0,0.30121654
0,0.26222265
0,0.2170621
0,0.19324198
0,0.17325616
0,0.18578102
0,0.18482503
0,0.16108274
0,0.14138976
0,0.12918341
0,0.12666313
0,0.122718245
0,0.1252339
0,0.12851574
0,0.1264118
0,0.12747829
0,0.12845379
0,0.14012527
0,0.14265646
0,0.14946146
0,0.14648959
0,0.15761389
0,0.16670594
0,0.16962492
0,0.17587923
0,0.17971964
0,0.18073404
0,0.1918886
0,0.2066817
0,0.24461277
0,0.27350438
0,0.29496753
0,0.29265222
0,0.27956134
0,0.31252176
0,0.30971333
0,0.28956094
0,0.2821539
0,0.2869622
0,0.32364067
0,0.2807143
0,0.27126426
0,0.27453378
0,0.27371365
0,0.25931418
0,0.27179044
0,0.29115874
0,0.26768604
0,0.2772381
0,0.28180194
0,0.28339338
0,0.27951774
0,0.30184513
0,0.30015284
0,0.290875
0,0.2908752
0,0.27372795
0,0.28786594
0,0.359876
0,0.32492587
0,0.31597883
0,0.30726966
0,0.32014078
0,0.35264066
0,0.31039494
0,0.28997225
0,0.29576042
0,0.2872661
0,0.2928497
0,0.3070535
0,0.30260557
0,0.2803279
0,0.29728758
0,0.27220488
0,0.2637307
0,0.25232574
0,0.25608233
0,0.25562316
0,0.24682808
0,0.22723997
0,0.2419081
0,0.23749837
0,0.22700402
0,0.2342199
0,0.22640724
0,0.22769074
0,0.23600368
0,0.23791394
0,0.26815352
0,0.27967083
0,0.27465737
0,0.28487945
0,0.28502628
0,0.28425246
0,0.3059196
0,0.30019778
0,0.32669923
0,0.29918367
0,0.30157837
0,0.30720302
0,0.2895492
0,0.30970058
0,0.29039305
0,0.2835784
0,0.27968466
0,0.2986603
0,0.33316657
0,0.30122566
0,0.28472796
0,0.278405
0,0.27326742
0,0.33550006
0,0.29645938
0,0.28862214
0,0.28972673
0,0.28989795
0,0.27601007
0,0.2730685
0,0.2632877
0,0.265178
0,0.2733431
0,0.2618844
0,0.27373356
0,0.27638394
0,0.29051173
0,0.28732082
0,0.29548883
0,0.31552738
0,0.30404547
0,0.30615717
0,0.29985854
0,0.29272404
0,0.28845814
0,0.29882523
0,0.3147975
0,0.38076416
0,0.33584675
0,0.31848732
0,0.3131324
0,0.31076884
0,0.30503684
0,0.29364035
0,0.28716293
0,0.28487155
0,0.28288776
0,0.33817825
0,0.2954597
0,0.28704327
0,0.2779734
0,0.2810959
0,0.29299778
0,0.2900402
0,0.28150663
0,0.2714187
0,0.28770673
0,0.28494188
0,0.2861121
0,0.27392754
0,0.28263643
0,0.29051524
0,0.2786796
0,0.28815892
0,0.26976562
0,0.28485447
0,0.27870107
0,0.30840093
0,0.29073405
0,0.35394874
0,0.32131347
0,0.30110142
0,0.29163972
0,0.28806296
0,0.28144372
0,0.27760386
0,0.27389103
0,0.31486115
0,0.30702555
0,0.3003835
0,0.29881865
0,0.30804834
0,0.29712942
0,0.2906262
0,0.28402287
0,0.29934993
0,0.29360253
0,0.28485802
0,0.2734608
0,0.2813949
0,0.29085988
0,0.26594537
0,0.28583834
0,0.26549545
0,0.26787457
0,0.29889128
0,0.27691773
0,0.27440178
0,0.2923568
0,0.2887738
0,0.28639078
0,0.26286188
0,0.22927871
0,0.21424966
0,0.20605552
0,0.23264588
0,0.22596106
0,0.21584773
0,0.21176738
0,0.20207094
0,0.22879529
0,0.20978628
0,0.21384844
0,0.2043001
0,0.20647533
0,0.24803403
0,0.2258816
0,0.20831248
0,0.18693432
0,0.18771425
0,0.17903337
0,0.16232188
0,0.16401738
0,0.15493008
0,0.1692545
0,0.15807873
0,0.1619639
0,0.15939264
0,0.16488048
0,0.16179976
0,0.17179334
0,0.16823708
0,0.16501309
0,0.17230982
0,0.1775275
0,0.19575304
0,0.21738002
0,0.20857336
0,0.1957304
0,0.19907577
0,0.18655874
0,0.18384354
0,0.17698751
0,0.1707773
0,0.17307957
0,0.1765885
0,0.18037792
0,0.19481568
0,0.18611708
0,0.17926885
0,0.17875817
0,0.18386993
0,0.19834165
0,0.17832424
0,0.16745633
0,0.15668534
0,0.154793
0,0.165586
0,0.1587909
0,0.1646126
0,0.17072861
0,0.17546755
0,0.19762106
0,0.19038518
0,0.19364166
0,0.20920703
0,0.22995678
0,0.23999661
0,0.24434195
0,0.2503785
0,0.26052597
0,0.25794625
0,0.2555801
0,0.25495803
0,0.2627167
0,0.25919175
0,0.32708764
0,0.62639195
0,0.70239294
0,0.8350328
0,0.91949135
0,0.9759083
0,0.9256568
0,0.8749679
0,0.87658596
0,0.8261235
0,0.72892386
0,0.6675805
0,0.52308595
0,0.532691
0,0.5029751
0,0.45210037
0,0.42331216
0,0.46832338
0,0.398434
0,0.38765937
0,0.36546206
0,0.2647009
0,0.24634627
0,0.30098104
0,0.26731786
0,0.30871853
0,0.32742122
0,0.28779796
0,0.34273276
0,0.3208932
0,0.3438125
0,0.3760108
0,0.4093534
0,0.29610565
0,0.26835102
0,0.21911138
0,0.20481133
0,0.17057915
0,0.24372935
0,0.22940677
0,0.18411598
0,0.1492055
0,0.16544479
0,0.2217119
0,0.32303622
0,0.24232216
0,0.24432331
0,0.17425941
0,0.17247325
0,0.16115165
0,0.16282766
0,0.17783375
0,0.15497279
0,0.18914567
0,0.3791329
0,0.30960953
0,0.2491068
0,0.32066673
0,0.21949728
0,0.29396182
0,0.21870512
0,0.41095248
0,0.38864553
0,0.5750284
0,0.44133145
0,0.32781786
0,0.4064852
0,0.3417677
0,0.30316153
0,0.29189697
0,0.82796603
0,0.6786693
0,0.6599166
0,0.5877745
0,0.85312337
0,0.7004543
0,0.6517885
0,0.7372048
0,0.558721
0,0.43483964
0,0.39880985
0,0.42792723
0,0.5533258
0,0.52350307
0,0.4472626
0,0.39247668
0,0.43474755
0,0.37910032
0,0.59150743
0,0.45056817
0,0.46322712
0,0.38360235
0,0.37066454
0,0.5543542
0,0.42372862
0,0.40248227
0,0.2995442
0,0.33881912
0,0.32498458
0,0.28784162
0,0.24928504
0,0.34427792
0,0.2702528
0,0.28014544
0,0.21616556
0,0.19774589
0,0.1985429
0,0.2984917
0,0.24215418
0,0.2924835
0,0.2444988
0,0.33167443
0,0.29878154
0,0.25240594
0,0.23531133
0,0.2688016
0,0.24771425
0,0.1758292
0,0.19928835
0,0.18748769
0,0.19105275
0,0.22031374
0,0.23464641
0,0.21503086
0,0.21338147
0,0.2058293
0,0.53185225
0,0.6735165
0,0.66832715
0,0.7806753
0,0.6462345
0,0.95068675
0,0.83500004
0,0.77007717
0,0.64377177
0,0.58158517
0,0.57937264
0,0.5470182
0,0.4260379
0,0.37223652
0,0.42678338
0,0.58943343
0,0.54170024
0,0.4582889
0,0.41027588
0,0.29429486
0,0.24333254
0,0.2675829
0,0.28755048
0,0.26931497
0,0.22555201
0,0.33057603
0,0.3483931
0,0.37420383
0,0.3825516
0,0.32912117
0,0.30014902
0,0.3063703
0,0.27911362
0,0.25849405
0,0.24061513
0,0.2198295
0,0.20721257
0,0.18972145
0,0.18026422
0,0.18722126
0,0.1520115
0,0.14930072
0,0.15415908
0,0.17570554
0,0.2523031
0,0.33906877
0,0.2468459
0,0.45549977
0,0.33442107
0,0.26021603
0,0.23105215
0,0.21396154
0,0.20179817
0,0.27435452
0,0.19018185
0,0.18312477
0,0.21638782
0,0.17157675
0,0.20952794
0,0.3708728
0,0.30472144
0,0.27871814
0,0.2957764
0,0.30345163
0,0.308683
0,0.24954146
0,0.22439867
0,0.24211292
0,0.24732892
0,0.20661516
0,0.20055996
0,0.2583324
0,0.23443949
0,0.3202621
0,0.3083648
0,0.21643811
0,0.19282807
0,0.22059755
0,0.20528227
0,0.16526806
0,0.15932633
0,0.14971058
0,0.17173673
0,0.1580512
0,0.14389539
0,0.15286425
0,0.15137139
0,0.15046166
0,0.17553648
0,0.1760603
0,0.22749572
0,0.286858
0,0.2529441
0,0.311824
0,0.25686154
0,0.26182082
0,0.20863828
0,0.20981348
0,0.31917563
0,0.22255759
0,0.18529737
0,0.15502061
0,0.14579083
0,0.13491988
0,0.13801602
0,0.12839152
0,0.123043165
0,0.12015253
0,0.122181475
0,0.121645495
0,0.12681414
0,0.12569387
0,0.12621433
0,0.13289383
0,0.1421688
0,0.14205645
0,0.14968714
0,0.15375906
0,0.16517602
0,0.1722771
0,0.20106405
0,0.22415733
0,0.2467281
0,0.2605399
0,0.2671104
0,0.32857955
0,0.2991765
0,0.29722354
0,0.29933915
0,0.30458674
0,0.33804318
0,0.31052256
0,0.30281237
0,0.36058652
0,0.3131311
0,0.39732945
0,0.37161297
0,0.34695235
0,0.3851575
0,0.37688726
0,0.35157353
0,0.27351424
0,0.24450032
0,0.22494346
0,0.26233575
0,0.23048836
0,0.2120607
0,0.18471985
0,0.17360416
0,0.1697002
0,0.15981553
0,0.1470072
0,0.139784
0,0.14520821
0,0.15427656
0,0.14208972
0,0.1439653
0,0.14121167
0,0.13892746
0,0.13843751
0,0.13682586
0,0.14163737
0,0.15215796
0,0.15512498
0,0.16145305
0,0.17306356
0,0.19807145
0,0.20560242
0,0.22384064
0,0.24127294
0,0.24232136
0,0.22139211
0,0.2705574
0,0.24238041
0,0.24194334
0,0.23181647
0,0.23208268
0,0.22429876
0,0.25456634
0,0.23324251
0,0.23319125
0,0.21939357
0,0.21857893
0,0.21678047
0,0.21951781
0,0.22115299
0,0.22672366
0,0.21779378
0,0.21351358
0,0.22143525
0,0.21831833
0,0.21875861
0,0.23621438
0,0.23497224
0,0.2334085
0,0.19877936
0,0.20254172
0,0.20134884
0,0.18117037
0,0.17362152
0,0.16944325
0,0.16550921
0,0.187776
0,0.17337707
0,0.16213103
0,0.15720451
0,0.15524247
0,0.19840346
0,0.16515662
0,0.16429286
0,0.16304325
0,0.1531275
0,0.16292824
0,0.17067689
0,0.18475673
0,0.17071746
0,0.16480066
0,0.17950264
0,0.18186477
0,0.1721556
0,0.17589605
0,0.18789563
0,0.19587636
0,0.20868689
0,0.22760984
0,0.22468996
0,0.22452267
0,0.21726939
0,0.21215872
0,0.20506291
0,0.20101528
0,0.20538911
0,0.21651003
0,0.21533252
0,0.22380045
0,0.23534557
0,0.23835692
0,0.25687966
0,0.27156162
0,0.28221536
0,0.28264004
0,0.28825858
0,0.27975038
0,0.279526
0,0.29177725
0,0.27346206
0,0.33544555
0,0.30014563
0,0.30156556
0,0.28276938
0,0.27491036
0,0.31318626
0,0.29754952
0,0.2789847
0,0.27313203
0,0.3321925
0,0.3746814
0,0.40517518
0,0.4591513
0,0.43045902
0,0.70698225
0,0.88594276
0,0.88842624
0,0.8393017
0,0.786271
0,0.82832366
0,0.68551445
0,0.6455817
0,0.66563135
0,0.654459
0,0.64669263
0,0.6471107
0,0.623109
0,0.4309821
0,0.36284834
0,0.45416868
0,0.41669336
0,0.415689
0,0.346551
0,0.27532962
0,0.26420686
0,0.23405059
0,0.22085436
0,0.2344908
0,0.2501405
0,0.23838362
0,0.21134354
0,0.25337964
0,0.2530243
0,0.26810285
0,0.29999697
0,0.20843555
0,0.17028983
0,0.15231031
0,0.17920452
0,0.15692188
0,0.15759034
0,0.14113027
0,0.16000426
0,0.21596856
0,0.30604988
0,0.2507861
0,0.3922423
0,0.44184983
0,0.31896132
0,0.3774817
0,0.4602942
0,0.5347128
0,0.37522027
0,0.3256833
0,0.35836592
0,0.5504355
0,0.5737159
0,0.49284947
0,0.427916
0,0.51570094
0,0.6887818
0,0.6396712
0,0.6305219
0,0.56068736
0,0.5210662
0,0.38923877
0,0.476924
0,0.5173383
0,0.5694366
0,0.47238955
0,0.5534308
0,0.5963483
0,0.4895607
0,0.5348653
0,0.41698408
0,0.6186323
0,0.6672357
0,0.69095874
0,0.70315695
0,0.60034907
0,0.76982385
0,0.59707993
0,0.739215
0,0.7391606
0,0.63674664
0,0.5260564
0,0.61646706
0,0.58893096
0,0.70152175
0,0.8026757
0,0.7549778
0,0.7209761
0,0.6756319
0,0.6469656
0,0.55188686
0,0.5029198
0,0.4772207
0,0.7248524
0,0.74937
0,0.7379886
0,0.6568433
0,0.70107263
0,0.6849252
0,0.59293604
0,0.485745
0,0.477678
0,0.5672879
0,0.67080176
0,0.6002722
0,0.5142003
0,0.7254607
0,0.5850119
0,0.809996
0,0.8853664
0,0.77257276
0,0.7800932
0,0.74129426
0,0.65183055
0,0.56209654
0,0.5601179
0,0.65740347
0,0.76817906
0,0.82556933
0,0.6483915
0,0.6473142
0,0.64265394
0,0.72613597
0,0.7195512
0,0.5823102
0,0.6043247
0,0.757337
0,0.7522013
0,0.6734048
0,0.65146184
0,0.79664826
0,0.7449887
0,0.61633086
0,0.55140966
0,0.59328794
0,0.62606907
0,0.54033613
0,0.73307455
0,0.5575664
0,0.7753848
0,0.7282518
0,0.58911514
0,0.5199734
0,0.477658
0,0.5655713
0,0.6393722
0,0.44872737
0,0.6003285
0,0.5180583
0,0.69963354
0,0.77511203
0,0.6690021
0,0.6337377
0,0.5533619
0,0.7140875
0,0.81016827
0,0.78173614
0,0.721455
0,0.678753
0,0.7581188
0,0.84669405
0,0.8907597
0,0.8324986
0,0.8714297
0,0.79050916
0,0.69105995
0,0.595399
0,0.59153223
0,0.61287904
0,0.67475975
0,0.66374546
0,0.5161792
0,0.53834504
0,0.51274717
0,0.57386285
0,0.65905714
0,0.7409501
0,0.78831667
0,0.7839856
0,0.72424364
0,0.73709285
0,0.7632044
0,0.70375687
0,0.6353966
0,0.7096456
0,0.77827823
0,0.7773806
0,0.68122363
0,0.7307086
0,0.7398493
0,0.6390084
0,0.5868176
0,0.8018138
0,0.65050405
0,0.5265547
0,0.56902206
0,0.576851
0,0.6189261
0,0.5506917
0,0.759938
0,0.7351854
0,0.7688481
0,0.8570603
0,0.895118
0,0.8849174
0,0.7665664
0,0.9301156
0,0.8580891
0,0.7833454
0,0.8454261
0,0.897428
0,0.8454333
0,0.73052424
0,0.8503747
0,0.94145423
0,0.9169599
0,0.93989307
0,0.8849526
0,0.9287478
0,0.9387517
0,0.8848668
0,0.9014189
0,0.92377084
0,0.8970929
0,0.8845403
0,0.8989574
0,0.9371687
0,0.8902712
0,0.87294
0,0.76582354
0,0.7504804
0,0.9067461
0,0.7727385
0,0.74879086
0,0.7451477
0,0.73012424
0,0.826388
0,0.7746123
0,0.55559325
0,0.63104016
0,0.47519195
0,0.6784334
0,0.69890606
0,0.6651684
0,0.6248433
0,0.49616048
0,0.4733642
0,0.3983693
0,0.52222896
0,0.7436546
0,0.7809298
0,0.57751256
0,0.50737923
0,0.49176827
0,0.838117
1,0.66714966
1,0.5268286
1,0.50425076
1,0.6221667
1,0.6337446
1,0.6066557
1,0.67663383
1,0.71224225
1,0.5654521
1,0.6081804
1,0.5096303
1,0.5423783
1,0.7738777
1,0.5677806
1,0.7637702
0,0.9785794
0,0.91079855
0,0.86572915
0,0.82246256
0,0.7602171
0,0.8500166
0,0.7101668
0,0.8717347
0,0.8915306
0,0.73141307
0,0.7560334
0,0.7533978
0,0.6239922
0,0.9071958
0,0.90214247
0,0.7717376
0,0.7563183
0,0.642488
0,0.5532464
0,0.4953046
0,0.49305493
0,0.4085154
0,0.37382117
0,0.34337226
0,0.37696302
0,0.3619289
0,0.3494587
0,0.3341815
0,0.33002937
0,0.2088056
0,0.15639125
0,0.15262099
0,0.21455035
0,0.17650706
0,0.17328525
0,0.15579905
0,0.15017408
0,0.15454388
0,0.14888689
0,0.1447834
0,0.14631432
0,0.16788778
0,0.2095823
0,0.20552883
0,0.26424444
0,0.24863496
0,0.24536374
0,0.23404141
0,0.19721018
0,0.18618236
0,0.19829936
0,0.16560145
0,0.15426639
0,0.14978436
0,0.14328544
0,0.15225053
0,0.15825368
0,0.20924987
0,0.16201358
0,0.61688745
0,0.737362
0,0.6775341
0,0.4528732
0,0.3942612
0,0.6866148
0,0.8471489
0,0.77661204
0,0.68947124
0,0.67113876
0,0.51429486
0,0.6068454
0,0.8620725
0,0.70853174
0,0.6416701
0,0.7270102
0,0.7832589
0,0.6404818
0,0.62734306
0,0.52905464
0,0.4707302
0,0.44163972
0,0.33068666
0,0.30019397
0,0.27401963
0,0.2382829
0,0.25447226
0,0.22669552
0,0.19039665
0,0.1771315
0,0.15950045
0,0.19257034
0,0.19219169
0,0.16573563
0,0.14705208
0,0.1325077
0,0.12788032
0,0.13059434
0,0.12972276
0,0.12813853
0,0.12685518
0,0.12944135
0,0.12851092
0,0.13087977
0,0.12839082
0,0.15473747
0,0.17469154
0,0.18986142
0,0.29067612
0,0.28353068
0,0.39333338
0,0.8754154
0,0.9062489
0,0.9160537
0,0.92579037
0,0.888651
0,0.82999676
0,0.7182462
0,0.6219845
0,0.4737322
0,0.41261557
0,0.35189992
0,0.2860588
0,0.23271525
0,0.23719741
0,0.19683781
0,0.16055593
0,0.15310082
0,0.14110151
0,0.15953477
0,0.14887659
0,0.1495167
0,0.14237565
0,0.13471971
0,0.13706368
0,0.13538118
0,0.12945673
0,0.13094395
0,0.13546997
0,0.1332769
0,0.13068062
0,0.15583245
0,0.17086816
0,0.23127331
0,0.27281168
0,0.2922545
0,0.29602376
0,0.2897459
0,0.3194267
0,0.3004303
0,0.2901371
0,0.2845361
0,0.28864887
0,0.27537915
0,0.26337633
0,0.28123498
0,0.29347426
0,0.33808726
0,0.32016924
0,0.3809958
0,0.4090577
0,0.3523839
0,0.3397323
0,0.29261383
0,0.24733047
0,0.23298894
0,0.21689323
0,0.22473004
0,0.19928631
0,0.17825061
0,0.16716135
0,0.16682924
0,0.16162899
0,0.15909809
0,0.15711306
0,0.15865216
0,0.15904132
0,0.17760712
0,0.16429816
0,0.16098331
0,0.16247635
0,0.1678657
0,0.201723
0,0.20121905
0,0.20516491
0,0.20069456
0,0.19253542
0,0.20658147
0,0.21101324
0,0.24202225
0,0.27052203
0,0.26659086
0,0.33564067
0,0.3101823
0,0.29752687
0,0.287206
0,0.28690737
0,0.29092267
0,0.29344848
0,0.29536742
0,0.2822499
0,0.29559666
0,0.29023308
0,0.27485517
0,0.287586
0,0.28963548
0,0.28908807
0,0.3382659
0,0.29375258
0,0.28152922
0,0.2698998
0,0.26744893
0,0.34591043
0,0.33644623
0,0.32534516
0,0.33167982
0,0.31218097
0,0.30811733
0,0.31730923
0,0.32705113
0,0.36483687
0,0.32044592
0,0.29630345
0,0.27306402
0,0.26032844
0,0.23778246
0,0.24601203
0,0.21979547
0,0.19335303
0,0.17638144
0,0.18733934
0,0.21286961
0,0.20853029
0,0.19056487
0,0.22531413
0,0.26756272
0,0.3374651
0,0.3083114
0,0.2563852
0,0.22571322
0,0.25656137
0,0.25554454
0,0.2323261
0,0.18814297
0,0.18918304
0,0.18265742
0,0.15111868
0,0.15814726
0,0.14084384
0,0.13402663
0,0.12927389
0,0.13231242
0,0.13156532
0,0.16910149
0,0.17578387
0,0.16837291
0,0.16643271
0,0.15266222
0,0.14170721
0,0.16568998
0,0.15204309
0,0.14723384
0,0.1449364
0,0.1458524
0,0.1525491
0,0.15070327
0,0.14753199
0,0.15838261
0,0.14658423
0,0.16514936
0,0.15805624
0,0.15605171
0,0.14879583
0,0.15599813
0,0.17093374
0,0.16893817
0,0.17060752
0,0.15922023
0,0.15609339
0,0.20182973
0,0.17808053
0,0.18191692
0,0.16507739
0,0.18527277
0,0.17881118
0,0.17669022
0,0.19376151
0,0.19188938
0,0.18730693
0,0.18513377
0,0.18417095
0,0.19078025
0,0.1857575
0,0.20665659
0,0.18394752
0,0.18530586
0,0.17714567
0,0.173892
0,0.171125
0,0.17144963
0,0.16320662
0,0.15837346
0,0.17564201
0,0.16999465
0,0.17348604
0,0.17384355
0,0.19075081
0,0.21381018
0,0.20886649
0,0.22256792
0,0.22249079
0,0.21093594
0,0.20535502
0,0.2087459
0,0.21393186
0,0.21655361
0,0.22946243
0,0.2484497
0,0.26987857
0,0.2673868
0,0.276986
0,0.32162967
0,0.28962955
0,0.28998366
0,0.28026593
0,0.27963597
0,0.30226263
0,0.27465904
0,0.26860717
0,0.31586027
0,0.34059986
0,0.39140266
0,0.34982517
0,0.28560737
0,0.22858918
0,0.22394247
0,0.28792024
0,0.3103076
0,0.25038546
0,0.21632929
0,0.1924849
0,0.18236642
0,0.15401886
0,0.1460241
0,0.13578357
0,0.14662606
0,0.14981382
0,0.14314695
0,0.14366375
0,0.14968486
0,0.15312803
0,0.14069957
0,0.1421957
0,0.15977947
0,0.16375734
0,0.15127543
0,0.14939535
0,0.15672636
0,0.16086435
0,0.15034342
0,0.16647746
0,0.17239112
0,0.1734695
0,0.17554241
0,0.2026144
0,0.19091642
0,0.21360977
0,0.20499785
0,0.20628582
0,0.21755475
0,0.21219634
0,0.21871312
0,0.19479403
0,0.19763274
0,0.1898556
0,0.18015714
0,0.17702988
0,0.18961886
0,0.18491574
0,0.18192318
0,0.17666985
0,0.17848781
0,0.17831159
0,0.18487687
0,0.17581686
0,0.16724741
0,0.17005014
0,0.17320535
0,0.17038748
0,0.16648924
0,0.17089123
0,0.17702644
0,0.18775152
0,0.2172307
0,0.1811807
0,0.18255833
0,0.17625284
0,0.21449134
0,0.22629605
0,0.27994952
0,0.29192093
0,0.29252648
0,0.25926965
0,0.20502523
0,0.18149316
0,0.18006757
0,0.16762319
0,0.1641297
0,0.14970507
0,0.15120293
0,0.16056184
0,0.19985768
0,0.16040869
0,0.14568332
0,0.14423141
0,0.1429682
0,0.14143439
0,0.14218049
0,0.13988087
0,0.14564177
0,0.15012002
0,0.15575233
0,0.15476023
0,0.15405627
0,0.16258664
0,0.17759876
0,0.18332896
0,0.18649602
0,0.19859415
0,0.2360327
0,0.2603642
0,0.28564262
0,0.29293698
0,0.29516163
0,0.3270634
0,0.29529917
0,0.3306686
0,0.30151647
0,0.2347694
0,0.21340178
0,0.1875387
0,0.28062293
0,0.23852499
0,0.22984095
0,0.19028924
0,0.20757626
0,0.20876394
0,0.23557246
0,0.31098488
0,0.3792912
0,0.41686237
0,0.5007585
0,0.44044775
0,0.5079373
0,0.4637562
0,0.45118955
0,0.43344674
0,0.40787238
0,0.36626047
0,0.3231287
0,0.26323065
0,0.24415383
0,0.25382346
0,0.19907798
0,0.18884099
0,0.19570139
0,0.18374561
0,0.170746
0,0.16562724
0,0.1542375
0,0.14714044
0,0.17652248
0,0.16971308
0,0.17306493
0,0.16868429
0,0.14534321
0,0.15153529
0,0.1722785
0,0.17317721
0,0.16889843
0,0.15093063
0,0.13751587
0,0.14102603
0,0.1442947
0,0.13556236
0,0.1382035
0,0.1307048
0,0.13208747
0,0.13671993
0,0.13832104
0,0.13716608
0,0.13383217
0,0.14301486
0,0.15090147
0,0.15735936
0,0.16169775
0,0.17682381
0,0.18269157
0,0.1946443
0,0.23663482
0,0.23723826
0,0.25652114
0,0.19812265
0,0.19272298
0,0.17235866
0,0.2044838
0,0.18764007
0,0.18302742
0,0.18250076
0,0.18832633
0,0.20931794
0,0.1778093
0,0.16972381
0,0.17385119
0,0.17181626
0,0.17925917
0,0.17336567
0,0.16647403
0,0.16601019
0,0.16304506
0,0.15514252
0,0.15685405
0,0.14659025
0,0.15533671
0,0.18949954
0,0.17168257
0,0.18352294
0,0.17798004
0,0.22139317
0,0.19512236
0,0.1604298
0,0.15418848
0,0.14563751
0,0.15162009
0,0.13949619
0,0.14158942
0,0.13732989
0,0.136913
0,0.14242385
0,0.14566012
0,0.14598233
0,0.15236111
0,0.15329881
0,0.16571814
0,0.17322731
0,0.19271927
0,0.19981034
0,0.22782841
0,0.23464565
0,0.23626374
0,0.2304008
0,0.24922448
0,0.31632614
0,0.28693348
0,0.2872648
0,0.27761862
0,0.2837382
0,0.3262762
0,0.30204776
0,0.3347814
0,0.32776293
0,0.3028272
0,0.2871976
0,0.28391019
0,0.29581174
0,0.32254866
0,0.33617172
0,0.30938902
0,0.31473187
0,0.29133716
0,0.28675404
0,0.3596547
0,0.31898215
0,0.3109949
0,0.28861293
0,0.27844277
0,0.3030464
0,0.29541448
0,0.28737783
0,0.26982164
0,0.26750067
0,0.25567356
0,0.26375705
0,0.28269792
0,0.25626376
0,0.25412646
0,0.27470163
0,0.28650618
0,0.28135806
0,0.28346497
0,0.3056164
0,0.2882513
0,0.285977
0,0.287513
0,0.29568473
0,0.342258
0,0.30583376
0,0.31995818
0,0.3016889
0,0.29962134
0,0.28969646
0,0.30031633
0,0.28730968
0,0.29419926
0,0.32277924
0,0.32221183
0,0.29677305
0,0.29583365
0,0.29115713
0,0.31051937
0,0.29223615
0,0.3136321
0,0.29831344
0,0.3982932
0,0.30747858
0,0.28516918
0,0.2767583
0,0.26842162
0,0.26269808
0,0.27938327
0,0.27231267
0,0.26552224
0,0.27420238
0,0.29009458
0,0.27842402
0,0.32614598
0,0.29727852
0,0.30097896
0,0.29730564
0,0.28553027
0,0.2879426
0,0.28200722
0,0.27184293
0,0.28417882
0,0.28283972
0,0.29895243
0,0.28897306
0,0.29385757
0,0.29507884
0,0.29280347
0,0.30453226
0,0.31973082
0,0.33174664
0,0.3642704
0,0.3691396
0,0.36333665
0,0.31880742
0,0.28089958
0,0.28068352
0,0.25076705
0,0.22264601
0,0.21786033
0,0.24796742
0,0.26966193
0,0.24526611
0,0.30051044
0,0.25461495
0,0.30700326
0,0.24701539
0,0.19559634
0,0.16513857
0,0.15021844
0,0.15090314
0,0.14760724
0,0.13733806
0,0.13264638
0,0.13848367
0,0.1481002
0,0.14506543
0,0.1378113
0,0.1355417
0,0.1357577
0,0.13954021
0,0.14463836
0,0.14448076
0,0.1484602
0,0.16328043
0,0.15304849
0,0.15608111
0,0.14873755
0,0.1491639
0,0.18317068
0,0.17948048
0,0.19376285
0,0.22765431
0,0.22476357
0,0.21357822
0,0.20895477
0,0.215898
0,0.20545557
0,0.21936618
0,0.19710289
0,0.18683076
0,0.17182499
0,0.16169174
0,0.17840934
0,0.16559106
0,0.15988956
0,0.1593078
0,0.15953077
0,0.18074875
0,0.17928965
0,0.2017411
0,0.20971034
0,0.19718866
0,0.18031567
0,0.16129547
0,0.15017827
0,0.14532955
0,0.15311143
0,0.15588273
0,0.24474747
0,0.19487882
0,0.17118102
0,0.1856133
0,0.1733978
0,0.1818179
0,0.18774934
0,0.17514147
0,0.19004665
0,0.17504433
0,0.16362368
0,0.16071591
0,0.15356109
0,0.16154498
0,0.1584884
0,0.16197129
0,0.15809661
0,0.1656768
0,0.17341487
0,0.1683286
0,0.1699016
0,0.18384454
0,0.17581351
0,0.1842259
0,0.17433743
0,0.17749956
0,0.17802331
0,0.18295744
0,0.20388457
0,0.20749316
0,0.23849352
0,0.23639609
0,0.24195996
0,0.25270036
0,0.26754597
0,0.28113213
0,0.29844224
0,0.292664
0,0.3095663
0,0.29346922
0,0.28679216
0,0.280139
0,0.2998645
0,0.28066608
0,0.28551546
0,0.28398362
0,0.2983134
0,0.29872695
0,0.27635685
0,0.2911681
0,0.2806862
0,0.27951467
0,0.3271673
0,0.2944328
0,0.31302044
0,0.31731528
0,0.29274037
0,0.29335302
0,0.29294634
0,0.2804835
0,0.27448
0,0.29319227
0,0.28202507
0,0.27511
0,0.27336305
0,0.2833364
0,0.33644682
0,0.297092
0,0.3040719
0,0.2903436
0,0.27896994
0,0.31860432
0,0.29790798
0,0.2939073
0,0.28295135
0,0.30668193
0,0.2784896
0,0.2748955
0,0.28155228
0,0.29678905
0,0.3098109
0,0.30645365
0,0.30894685
0,0.29519814
0,0.30623296
0,0.31579173
0,0.29608268
0,0.29737332
0,0.27673253
0,0.2930677
0,0.29709858
0,0.29650444
0,0.28553027
0,0.28175613
0,0.27842557
0,0.3100936
0,0.287341
0,0.2722279
0,0.27432063
0,0.27335393
0,0.27229482
0,0.41530925
0,0.3297971
0,0.29320195
0,0.2956304
0,0.28897336
0,0.29429874
0,0.27983993
0,0.27561247
0,0.2945582
0,0.28566444
0,0.27625176
0,0.27539566
0,0.28070003
0,0.3077058
0,0.2976938
0,0.30414674
0,0.29734606
0,0.2943277
0,0.2980917
0,0.28634953
0,0.29657772
0,0.2903439
0,0.28057316
0,0.32171366
0,0.2964611
0,0.28908858
0,0.27781412
0,0.2781852
0,0.2981501
0,0.29635367
0,0.329698
0,0.31370068
0,0.31020874
0,0.29163337
0,0.28892848
0,0.2795265
0,0.27807406
0,0.31212837
0,0.28508106
0,0.29022303
0,0.28896317
0,0.28867424
0,0.3085776
0,0.29551092
0,0.28592443
0,0.2871097
0,0.28855
0,0.3289943
0,0.30146977
0,0.29420772
0,0.2893049
0,0.27563855
0,0.33698598
0,0.33965155
0,0.3274134
0,0.31097904
0,0.29584342
0,0.28896058
0,0.30575803
0,0.310086
0,0.29136088
0,0.28692353
0,0.28171232
0,0.31117672
0,0.29202273
0,0.33762154
0,0.3188558
0,0.30753985
0,0.29498306
0,0.27970743
0,0.2740013
0,0.25756088
0,0.25465605
0,0.25687042
0,0.25904992
0,0.25709996
0,0.26105395
0,0.26614162
0,0.27780312
0,0.2657426
0,0.27528504
0,0.2793487
0,0.27284032
0,0.27780822
0,0.29191104
0,0.28701547
0,0.2863368
0,0.28513902
0,0.29514697
0,0.28831354
0,0.281719
0,0.3032961
0,0.2947403
0,0.2790768
0,0.2751915
0,0.2784379
0,0.3305359
0,0.29724675
0,0.2913971
0,0.28543815
0,0.28141746
0,0.32257253
0,0.29692394
0,0.2786589
0,0.29005903
0,0.27936307
0,0.33026886
0,0.29788747
0,0.28573278
0,0.28083596
0,0.2779921
0,0.2720019
0,0.28118718
0,0.26548243
0,0.2779155
0,0.25959325
0,0.27452338
0,0.29161826
0,0.2885234
0,0.28883812
0,0.33554238
0,0.31747726
0,0.31068966
0,0.29735035
0,0.2925792
0,0.30161762
0,0.31338364
0,0.31157172
0,0.31019714
0,0.30163807
0,0.3157243
0,0.2944595
0,0.31113574
0,0.32819754
0,0.326457
0,0.33610967
0,0.30447903
0,0.29122022
0,0.28151828
0,0.26596233
0,0.26966447
0,0.27238315
0,0.2672353
0,0.26485208
0,0.2776263
0,0.28602314
0,0.27339458
0,0.2729462
0,0.2769921
0,0.31556508
0,0.2894872
0,0.28829554
0,0.28668597
0,0.30070323
0,0.31092578
0,0.29460344
0,0.29286945
0,0.3013672
0,0.29404497
0,0.34115785
0,0.33149505
0,0.30216035
0,0.29357293
0,0.29190257
0,0.33036432
0,0.29829288
0,0.28970793
0,0.29476547
0,0.29325765
0,0.29228148
0,0.28182098
0,0.2744506
0,0.28261837
0,0.27665302
0,0.28241473
0,0.29326043
0,0.27879137
0,0.27118018
0,0.2714756
0,0.26858792
0,0.27680165
0,0.26815072
0,0.27681997
0,0.29583532
0,0.29501328
0,0.30043298
0,0.29623702
0,0.30604842
0,0.31054235
0,0.2971483
0,0.29232305
0,0.29532033
0,0.30992597
0,0.3559838
0,0.34032744
0,0.3139855
0,0.30069974
0,0.2920761
0,0.2971173
0,0.2925176
0,0.2949236
0,0.28885904
0,0.27983168
0,0.31165484
0,0.28629982
0,0.28543594
0,0.28382453
0,0.2770342
0,0.29367995
0,0.28073165
0,0.26378086
0,0.26648927
0,0.26518747
0,0.2758826
0,0.26879314
0,0.26687983
0,0.2657549
0,0.26535216
0,0.27407494
0,0.2676645
0,0.2741269
0,0.27614507
0,0.2765001
0,0.28011942
0,0.28065297
0,0.28404173
0,0.29294786
0,0.28485104
0,0.2783827
0,0.28337917
0,0.27959943
0,0.27414954
0,0.28025422
0,0.27840656
0,0.27622175
0,0.2799999
0,0.28753114
0,0.29018742
0,0.29122362
0,0.29344034
0,0.29796603
0,0.2996913
0,0.27993754
0,0.29137635
0,0.2787797
0,0.3009814
0,0.2860616
0,0.28966346
0,0.30289444
0,0.3093765
0,0.29562107
0,0.2994744
0,0.29311448
0,0.33058167
0,0.29647687
0,0.29817313
0,0.29589477
0,0.2927162
0,0.3185301
0,0.29685456
0,0.29926154
0,0.28984
0,0.28552982
0,0.33033016
0,0.30434653
0,0.30097687
0,0.2963813
0,0.27930105
0,0.30471516
0,0.29334867
0,0.30685055
0,0.29047546
0,0.2976655
0,0.31760803
0,0.2946039
0,0.28712714
0,0.30995294
0,0.2894367
0,0.34113288
0,0.3063579
0,0.28927463
0,0.30099216
0,0.28456727
0,0.29770386
0,0.28848442
0,0.28476667
0,0.26721552
0,0.28067172
0,0.29172376
0,0.29987994
0,0.29094788
0,0.2894974
0,0.30912614
0,0.28946346
0,0.2895867
0,0.28271392
0,0.2908692
0,0.3445847
0,0.3077762
0,0.28299463
0,0.29335
0,0.29174197
0,0.28577566
0,0.28388548
0,0.27326995
0,0.27763057
0,0.2788509
0,0.28529134
0,0.27330044
0,0.28393462
0,0.27569753
0,0.31734228
0,0.2998418
0,0.28747523
0,0.27459922
0,0.2754017
0,0.332411
0,0.31203753
0,0.3116179
0,0.3011728
0,0.29599097
0,0.31820887
0,0.31319493
0,0.32324964
0,0.35786727
0,0.32073507
0,0.30886528
0,0.30178306
0,0.31640458
0,0.29902166
0,0.30101526
0,0.29296672
0,0.2954378
0,0.27602673
0,0.27903616
0,0.2853457
0,0.27821875
0,0.2677481
0,0.25724342
0,0.25281397
0,0.2616885
0,0.26603606
0,0.255636
0,0.2536524
0,0.26669756
0,0.30980152
0,0.28677332
0,0.2932818
0,0.28308663
0,0.27895775
0,0.30129653
0,0.28856114
0,0.27234405
0,0.28030285
0,0.26670042
0,0.31860077
0,0.2889567
0,0.27304122
0,0.27317175
0,0.28374958
0,0.2767193
0,0.29285622
0,0.28484693
0,0.2784636
0,0.28617045
0,0.2875287
0,0.2799987
0,0.27650487
0,0.2745765
0,0.2983117
0,0.2980948
0,0.29877263
0,0.28201059
0,0.2762652
0,0.29932064
0,0.27842444
0,0.28121662
0,0.27219102
0,0.27185997
0,0.2875204
0,0.27050805
0,0.2668096
0,0.26218292
0,0.26014715
0,0.26858598
0,0.26650333
0,0.26312342
0,0.25677747
0,0.2728254
0,0.27702144
0,0.26279813
0,0.26867032
0,0.2619268
0,0.27268815
0,0.27836618
0,0.26822326
0,0.28146902
0,0.29637554
0,0.30325326
0,0.29226145
0,0.2944624
0,0.30498558
0,0.2745425
0,0.2821621
0,0.2862916
0,0.2821224
0,0.28338236
0,0.27395266
0,0.2705752
0,0.28071448
0,0.28284484
0,0.26762393
0,0.29962444
0,0.27737656
0,0.28081584
0,0.2701315
0,0.27826542
0,0.33756757
0,0.3221169
0,0.28482392
0,0.28656703
0,0.28971183
0,0.31477752
0,0.28889495
0,0.28588295
0,0.28523016
0,0.28060564
0,0.27871737
0,0.28704962
0,0.27490982
0,0.2773816
0,0.27364245
0,0.26289228
0,0.26820266
0,0.2709216
0,0.27177235
0,0.3101099
0,0.2848177
0,0.28707105
0,0.28023314
0,0.28196472
0,0.2840812
0,0.2936908
0,0.27871028
0,0.29231408
0,0.32076284
0,0.3064344
0,0.2973942
0,0.29315427
0,0.29109755
0,0.4153755
0,0.3384741
0,0.3168839
0,0.29660755
0,0.28325725
0,0.27434582
0,0.28597993
0,0.27882373
0,0.2782434
0,0.27631593
0,0.26830772
0,0.34856007
0,0.2895607
0,0.2783324
0,0.3150603
0,0.2965038
0,0.2764877
0,0.27589223
0,0.26402548
0,0.31343803
0,0.2985739
0,0.2826888
0,0.2849442
0,0.2874153
0,0.34049496
0,0.3040815
0,0.29544008
0,0.2898298
0,0.2688568
0,0.26783988
0,0.27914128
0,0.2815413
0,0.27904946
0,0.27899128
0,0.27776527
0,0.3012248
0,0.30890185
0,0.29076687
0,0.3096091
0,0.3002604
0,0.28230733
0,0.28744715
0,0.28720468
0,0.3342202
0,0.32057506
0,0.2891619
0,0.28991726
0,0.30281845
0,0.3097338
0,0.29163152
0,0.27557093
0,0.2774443
0,0.2782318
0,0.32300386
0,0.3022017
0,0.3067271
0,0.29166386
0,0.28536484
0,0.27824917
0,0.2846065
0,0.27823135
0,0.2916776
0,0.31944805
0,0.307121
0,0.2912008
0,0.29104963
0,0.2990988
0,0.3223641
0,0.29185694
0,0.28009585
0,0.28421855
0,0.27757367
0,0.26858792
0,0.2761539
0,0.2691374
0,0.26536286
0,0.25904426
0,0.2594342
0,0.2761551
0,0.28243184
0,0.28682026
0,0.32518175
0,0.2950874
0,0.27934882
0,0.28125578
0,0.28593007
0,0.31068355
0,0.30225942
0,0.2773777
0,0.26699287
0,0.28608605
0,0.33513194
0,0.30394077
0,0.30541998
0,0.32044446
0,0.30193108
0,0.28612015
0,0.28615347
0,0.2924296
0,0.2905303
0,0.28688455
0,0.27707863
0,0.2829325
0,0.2844357
0,0.28090894
0,0.316585
0,0.29563686
0,0.28059477
0,0.28645375
0,0.27973634
0,0.34121355
0,0.3002919
0,0.2941898
0,0.29045245
0,0.30559462
0,0.28080866
0,0.29368746
0,0.28041592
0,0.27106267
0,0.29928344
0,0.30384365
0,0.28512618
0,0.2843158
0,0.279246
0,0.28945082
0,0.28072873
0,0.27392465
0,0.28592286
0,0.27389583
0,0.3289141
0,0.31149748
0,0.31148982
0,0.29673544
0,0.27487704
0,0.2936973
0,0.29842946
0,0.28224236
0,0.29336822
0,0.28035843
0,0.27501348
0,0.28319967
0,0.2736124
0,0.29586494
0,0.29652214
0,0.36035976
0,0.30244544
0,0.29978153
0,0.30389494
0,0.29261282
0,0.28909674
0,0.27539897
0,0.26945898
0,0.2650849
0,0.27173936
0,0.2729892
0,0.34886616
0,0.30362117
0,0.29272488
0,0.27947298
0,0.28707168
0,0.26788917
0,0.28356096
0,0.27683103
0,0.28938013
0,0.28998885
0,0.28723738
0,0.28977755
0,0.28981784
0,0.32849988
0,0.3088285
0,0.30000323
0,0.28283796
0,0.27872878
0,0.30488038
0,0.2908139
0,0.2948098
0,0.31609985
0,0.30442864
0,0.3592343
0,0.319542
0,0.302842
0,0.28618118
0,0.2776059
0,0.28251725
0,0.27071366
0,0.28139606
0,0.26903072
0,0.27179798
0,0.27555105
0,0.2728934
0,0.27964383
0,0.2767634
0,0.29621908
0,0.2828339
0,0.2829827
0,0.27620327
0,0.27886194
0,0.3056639
0,0.29583424
0,0.2826204
0,0.2707096
0,0.29263943
0,0.3526445
0,0.32467917
0,0.3273816
0,0.30907544
0,0.30406383
0,0.31137428
0,0.29199415
0,0.28295958
0,0.27704942
0,0.2971791
0,0.31472346
0,0.28627273
0,0.28840998
0,0.27961916
0,0.29549313
0,0.3197964
0,0.29014155
0,0.2792668
0,0.28623426
0,0.27904993
0,0.3364179
0,0.29222646
0,0.2838181
0,0.2815088
0,0.27125606
0,0.29812506
0,0.28367487
0,0.28034127
0,0.28481337
0,0.27062574
0,0.26488003
0,0.26075736
0,0.27436104
0,0.26169664
0,0.2688269
0,0.25785726
0,0.25782064
0,0.27942672
0,0.28423157
0,0.28683308
0,0.2890588
0,0.2799177
0,0.3069806
0,0.29284593
0,0.29418674
0,0.29425365
0,0.3050346
0,0.2994944
0,0.28372005
0,0.29371518
0,0.29379973
0,0.31032854
0,0.29978418
0,0.29763746
0,0.31141633
0,0.29408628
0,0.29064038
0,0.2878918
0,0.28575
0,0.31311187
0,0.29359648
0,0.30729187
0,0.2924257
0,0.28476894
0,0.3241912
0,0.2957531
0,0.28890097
0,0.28586066
0,0.2843913
0,0.26941055
0,0.27376255
0,0.27242342
0,0.28233507
0,0.27528906
0,0.27094063
0,0.27820268
0,0.2905361
0,0.28659645
0,0.28752822
0,0.28795975
0,0.28799686
0,0.2949861
0,0.27706632
0,0.27377117
0,0.2883935
0,0.27697185
0,0.2813426
0,0.2893363
0,0.29295385
0,0.27508703
0,0.2799052
0,0.29114872
0,0.439079
0,0.3500714
0,0.31736827
0,0.31281704
0,0.29897192
0,0.28030843
0,0.2904149
0,0.29003844
0,0.28828615
0,0.28906974
0,0.2711829
0,0.28663456
0,0.2762171
0,0.285162
0,0.28719407
0,0.29192066
0,0.3020418
0,0.29069868
0,0.28740966
0,0.29109257
0,0.2848989
0,0.30942518
0,0.28489843
0,0.27528507
0,0.2914139
0,0.26890743
0,0.3225118
0,0.29528326
0,0.29507604
0,0.27389064
0,0.2845257
0,0.31569415
0,0.28127572
0,0.28437355
0,0.27736259
0,0.28974187
0,0.2810139
0,0.2752818
0,0.27252835
0,0.27056408
0,0.2715695
0,0.26881912
0,0.2757798
0,0.292322
0,0.29779866
0,0.31559032
0,0.28175697
0,0.29892704
0,0.28475466
0,0.2817713
0,0.29707286
0,0.28718334
0,0.27970612
0,0.29368648
0,0.2917932
0,0.3162137
0,0.30057463
0,0.29349384
0,0.28470272
0,0.27724764
0,0.3168824
0,0.29714727
0,0.32619473
0,0.3108878
0,0.30912787
0,0.30599618
0,0.29674825
0,0.28187755
0,0.28421515
0,0.28447554
0,0.34010667
0,0.31108052
0,0.30513808
0,0.28363767
0,0.283745
0,0.2714405
0,0.2667881
0,0.2720025
0,0.27456346
0,0.26344514
0,0.27751228
0,0.27414465
0,0.29278922
0,0.28080702
0,0.28524953
0,0.27989677
0,0.28301385
0,0.26838952
0,0.27137762
0,0.306532
0,0.29234275
0,0.29317775
0,0.28250992
0,0.2766995
0,0.28776145
0,0.28840572
0,0.28495827
0,0.30659288
0,0.29911706
0,0.30997694
0,0.28302586
0,0.2865481
0,0.27575278
0,0.28104806
0,0.30194333
0,0.2794747
0,0.2830427
0,0.27205262
0,0.2786347
0,0.3124338
0,0.29835966
0,0.28979164
0,0.2921473
0,0.30448642
0,0.33223924
0,0.29830945
0,0.28817737
0,0.27923664
0,0.2643195
0,0.32531765
0,0.29925045
0,0.29842734
0,0.2873618
0,0.2697398
0,0.2766463
0,0.27304065
0,0.28104907
0,0.2760555
0,0.27114215
0,0.2786362
0,0.27444053
0,0.27293223
0,0.28653747
0,0.28375268
0,0.27366537
0,0.28594807
0,0.27592564
0,0.28382266
0,0.29412326
0,0.2735856
0,0.2775704
0,0.2703916
0,0.26099205
0,0.2939221
0,0.28150946
0,0.26896268
0,0.2676497
0,0.26188755
0,0.30063668
0,0.28231812
0,0.26789767
0,0.2720612
0,0.26307324
0,0.29804504
0,0.28830108
0,0.2938047
0,0.299229
0,0.28957564
0,0.31190842
0,0.3101243
0,0.3006846
0,0.28428426
0,0.28662145
0,0.33951008
0,0.30470285
0,0.2955833
0,0.28812099
0,0.28899923
0,0.30939078
0,0.29209864
0,0.28721866
0,0.28472674
0,0.26721388
0,0.3152428
0,0.2960627
0,0.27613977
0,0.2817818
0,0.277215
0,0.26075527
0,0.27045023
0,0.2673278
0,0.2691879
0,0.26873016
0,0.26454243
0,0.26742402
0,0.262969
0,0.27444586
0,0.2872634
0,0.2842533
0,0.28417766
0,0.2846684
0,0.27450758
0,0.33345196
0,0.30352786
0,0.29721588
0,0.29852676
0,0.29883665
0,0.29239604
0,0.2842372
0,0.29582337
0,0.27741656
0,0.26654512
0,0.26451677
0,0.2959375
0,0.27290815
0,0.28466466
0,0.26900056
0,0.28229955
0,0.27029455
0,0.26349482
0,0.2596352
0,0.2815727
0,0.27513406
0,0.26605794
0,0.269469
0,0.2634094
0,0.30441263
0,0.27418834
0,0.26974767
0,0.2652832
0,0.2588673
0,0.30237025
0,0.29097724
0,0.28833786
0,0.28684738
0,0.2904703
0,0.34424496
0,0.307617
0,0.30471668
0,0.28655443
0,0.29069406
0,0.30935502
0,0.29607692
0,0.28166625
0,0.28251028
0,0.28420892
0,0.31525272
0,0.29897568
0,0.2813693
0,0.2943915
0,0.27679974
0,0.2710413
0,0.27641207
0,0.2736997
0,0.26574886
0,0.28497624
0,0.27908275
0,0.2859139
0,0.28339204
0,0.28266314
0,0.28118014
0,0.26814634
0,0.26364142
0,0.26863912
0,0.26012164
0,0.26698914
0,0.26787177
0,0.25945047
0,0.26319504
0,0.26929924
0,0.26603195
0,0.26874977
0,0.27100086
0,0.29976866
0,0.30202445
0,0.33255377
0,0.3101436
0,0.31150174
0,0.3092134
0,0.30000278
0,0.336313
0,0.3004381
0,0.28817707
0,0.29826444
0,0.28179112
0,0.3838334
0,0.3138437
0,0.2941702
0,0.28293112
0,0.29101825
0,0.2958496
0,0.29547185
0,0.28428018
0,0.27346835
0,0.26943025
0,0.29823083
0,0.27351055
0,0.3848073
0,0.32419413
0,0.29948327
0,0.3403236
0,0.29629967
0,0.27502573
0,0.27298927
0,0.26443562
0,0.27035606
0,0.27601212
0,0.25930923
0,0.27662385
0,0.2705608
0,0.27073652
0,0.28659722
0,0.27012265
0,0.27062592
0,0.32256413
0,0.3015227
0,0.29449248
0,0.2818351
0,0.28596538
0,0.32965016
0,0.29778567
0,0.29193702
0,0.30200943
0,0.2883227
0,0.28976652
0,0.30690143
0,0.2942924
0,0.2984166
0,0.3108495
0,0.30322018
0,0.29235634
0,0.2874537
0,0.286632
0,0.28351045
0,0.27766776
0,0.27728724
0,0.280066
0,0.2787472
0,0.3126565
0,0.2754541
0,0.27781516
0,0.30808985
0,0.28573638
0,0.30088457
0,0.29710302
0,0.30346608
0,0.30411312
0,0.28270474
0,0.29416868
0,0.29159912
0,0.27980325
0,0.29233226
0,0.27700883
0,0.30609414
0,0.28333825
0,0.28749532
0,0.29382128
0,0.29698482
0,0.3293212
0,0.29146844
0,0.27671325
0,0.27215427
0,0.2787523
0,0.26886532
0,0.27182496
0,0.2684574
0,0.27364552
0,0.28304955
0,0.27165994
0,0.27599844
0,0.26596174
0,0.26250124
0,0.35841718
0,0.3058633
0,0.29521492
0,0.2950682
0,0.2842933
0,0.33930165
0,0.31189552
0,0.32590416
0,0.2976269
0,0.28693908
0,0.28122976
0,0.28389198
0,0.27602902
0,0.28565928
0,0.2812874
0,0.27368027
0,0.26757282
0,0.27809605
0,0.28015178
0,0.30246684
0,0.29660788
0,0.2869564
0,0.27147722
0,0.27456817
0,0.27618858
0,0.27777153
0,0.2743248
0,0.27948442
0,0.263236
0,0.27521276
0,0.26400527
0,0.27393574
0,0.27240878
0,0.2754923
0,0.27396998
0,0.27583972
0,0.28508547
0,0.2794604
0,0.2951369
0,0.30054846
0,0.29625952
0,0.28414276
0,0.279079
0,0.30378756
0,0.2854835
0,0.282963
0,0.27463457
0,0.2834297
0,0.2939855
0,0.27955893
0,0.28382266
0,0.29067662
0,0.28739578
0,0.33112243
0,0.29668176
0,0.2827476
0,0.28551656
0,0.28214654
0,0.3320853
0,0.29003116
0,0.28327984
0,0.2906256
0,0.28421557
0,0.33107084
0,0.2955717
0,0.27972478
0,0.2709145
0,0.275496
0,0.31465125
0,0.27901405
0,0.27510256
0,0.2647289
0,0.2713457
0,0.27197722
0,0.27893358
0,0.28137708
0,0.2898186
0,0.33997786
0,0.3203994
0,0.30332506
0,0.28897765
0,0.2829927
0,0.28444973
0,0.28567603
0,0.27586097
0,0.2862163
0,0.28236824
0,0.28616843
0,0.3069657
0,0.312924
0,0.30218872
0,0.29185057
0,0.3007178
0,0.281276
0,0.29419318
0,0.28416437
0,0.2888033
0,0.30370647
0,0.3090877
0,0.2980729
0,0.30491048
0,0.2905025
0,0.33529165
0,0.32081798
0,0.2999978
0,0.3142594
0,0.4699508
0,0.4321852
0,0.34648326
0,0.31082174
0,0.28285757
0,0.27374434
0,0.26896054
0,0.2791309
0,0.2797254
0,0.26301223
0,0.2592484
0,0.26477915
0,0.2603621
0,0.26237145
0,0.24540947
0,0.23581584
0,0.24390101
0,0.23775595
0,0.23822017
0,0.267494
0,0.4098535
0,0.30701667
0,0.25242537
0,0.23005372
0,0.22246385
0,0.22758774
0,0.2359414
0,0.25092435
0,0.2551014
0,0.25300062
0,0.27277175
0,0.32314536
0,0.28180528
0,0.2812742
0,0.28542104
0,0.2852161
0,0.27226496
0,0.2754641
0,0.25974223
0,0.2571277
0,0.25636682
0,0.2533674
0,0.25075617
0,0.2615796
0,0.27279794
0,0.27360398
0,0.277241
0,0.2856245
0,0.3055489
0,0.30103335
0,0.28608853
0,0.35275188
0,0.31533402
0,0.31856707
0,0.31040993
0,0.28114533
0,0.28488955
0,0.30346596
0,0.2916618
0,0.28841844
0,0.28190878
0,0.2821877
0,0.27758983
0,0.2929143
0,0.28313166
0,0.27047488
0,0.27611527
0,0.28020567
0,0.27815694
0,0.27748206
0,0.29770944
0,0.27953985
0,0.27807632
0,0.2835898
0,0.2672803
0,0.2558687
0,0.2749655
0,0.27243632
0,0.2877483
0,0.2997624
0,0.3062219
0,0.28349838
0,0.2793355
0,0.2745337
0,0.2887047
0,0.3373934
0,0.29375097
0,0.30193016
0,0.29320866
0,0.2793553
0,0.29634762
0,0.2797035
0,0.28113368
0,0.27232286
0,0.27669427
0,0.3127162
0,0.28077504
0,0.28956264
0,0.2740359
0,0.29305533
0,0.27832508
0,0.2774792
0,0.2662347
0,0.26659697
0,0.27089733
0,0.26139268
0,0.25735906
0,0.25497413
0,0.26345745
0,0.2654084
0,0.32257286
0,0.30103192
0,0.29665485
0,0.29510212
0,0.2941809
0,0.28813875
0,0.2906954
0,0.28804055
0,0.288947
0,0.36603567
0,0.38652962
0,0.32044932
0,0.31726536
0,0.30004823
0,0.2837303
0,0.28575057
0,0.2697732
0,0.28939536
0,0.2829912
0,0.2802337
0,0.2607757
0,0.27079237
0,0.27338284
0,0.27146578
0,0.2922294
0,0.27793294
0,0.27358446
0,0.2712518
0,0.271374
0,0.28389257
0,0.27550253
0,0.27913773
0,0.29150674
0,0.27920115
0,0.31223133
0,0.28611216
0,0.29970795
0,0.2847897
0,0.27435157
0,0.28101546
0,0.2732327
0,0.27119496
0,0.27513868
0,0.30364835
0,0.27974316
0,0.29255497
0,0.27574193
0,0.2883831
0,0.32761914
0,0.29057178
0,0.29385898
0,0.27768892
0,0.26996166
0,0.27627534
0,0.2765168
0,0.31926298
0,0.280378
0,0.27308947
0,0.283754
0,0.278331
0,0.27585068
0,0.27488917
0,0.301857
0,0.28955084
0,0.29671955
0,0.3004798
0,0.29638657
0,0.3232216
0,0.301332
0,0.2942631
0,0.28998786
0,0.30031377
0,0.315052
0,0.32315046
0,0.31565902
0,0.30399746
0,0.2944977
0,0.34916428
0,0.330938
0,0.3122068
0,0.3002294
0,0.29285792
0,0.3589687
0,0.29900926
0,0.28975478
0,0.28167292
0,0.27276635
0,0.27587608
0,0.2601862
0,0.28184208
0,0.2599981
0,0.2634406
0,0.25627837
0,0.25239837
0,0.2612038
0,0.2659478
0,0.2757337
0,0.28871262
0,0.28610912
0,0.29320362
0,0.29565248
0,0.3517105
0,0.33694962
0,0.30066836
0,0.2977922
0,0.3049765
0,0.3050081
0,0.28563797
0,0.2811519
0,0.2937839
0,0.28800818
0,0.31160957
0,0.2808738
0,0.28540123
0,0.29221207
0,0.28828615
0,0.29188648
0,0.28608093
0,0.28154796
0,0.28534663
0,0.28731078
0,0.31512564
0,0.29626936
0,0.2912606
0,0.2805265
0,0.28401297
0,0.31453365
0,0.2999491
0,0.2860005
0,0.2878569
0,0.2920898
0,0.29685873
0,0.30110335
0,0.29867384
0,0.2842655
0,0.29486242
0,0.3114803
0,0.2861103
0,0.29324618
0,0.29102236
0,0.28884423
0,0.3244676
0,0.2901551
0,0.2810495
0,0.2908842
0,0.28836456
0,0.3325423
0,0.29039478
0,0.28626275
0,0.29077056
0,0.29531825
0,0.30376062
0,0.27885717
0,0.28721464
0,0.27707663
0,0.29650804
0,0.3037665
0,0.28794655
0,0.27296695
0,0.28525814
0,0.27862164
0,0.31179684
0,0.28701538
0,0.28241354
0,0.27863216
0,0.3000655
0,0.33828694
0,0.31778356
0,0.2976231
0,0.28757957
0,0.28049517
0,0.27570242
0,0.2900082
0,0.29197493
0,0.28196222
0,0.2833639
0,0.29239085
0,0.29463133
0,0.2781502
0,0.2990115
0,0.34879676
0,0.31852034
0,0.3091453
0,0.3029476
0,0.28202328
0,0.31306913
0,0.2924871
0,0.27603695
0,0.2678405
0,0.2803268
0,0.34023562
0,0.29149327
0,0.28496
0,0.27219442
0,0.262484
0,0.25856045
0,0.2581148
0,0.2561747
0,0.28487608
0,0.2821133
0,0.28043842
0,0.28541148
0,0.28338605
0,0.28421015
0,0.33042014
0,0.29890478
0,0.28545642
0,0.30839655
0,0.29567966
0,0.30759943
0,0.29584506
0,0.28851753
0,0.290371
0,0.29392424
0,0.3254332
0,0.28870803
0,0.279753
0,0.2845193
0,0.2680584
0,0.2634343
0,0.27466866
0,0.2735115
0,0.26614302
0,0.27031213
0,0.26849756
0,0.2928176
0,0.26919577
0,0.27298027
0,0.2710723
0,0.26372698
0,0.26680046
0,0.26876035
0,0.27455297
0,0.30181348
0,0.2799468
0,0.30733556
0,0.3136906
0,0.31915292
0,0.34280664
0,0.35179433
0,0.39072782
0,0.37869546
0,0.3720393
0,0.38609907
0,0.32996854
0,0.3218709
0,0.29022208
0,0.2895134
0,0.3515182
0,0.3181697
0,0.2751172
0,0.24767146
0,0.20631424
0,0.19833334
0,0.17756547
0,0.17065161
0,0.1596821
0,0.15010945
0,0.16296777
0,0.15973592
0,0.1584369
0,0.15996513
0,0.1572375
0,0.15889508
0,0.16775958
0,0.18040915
0,0.1908159
0,0.21645795
0,0.21937248
0,0.24186762
0,0.26449624
0,0.2614816
0,0.2580931
0,0.2639495
0,0.26415023
0,0.33089563
0,0.3046004
0,0.2999818
0,0.33372986
0,0.29932588
0,0.28627065
0,0.30404752
0,0.34593612
0,0.3092203
0,0.31105295
0,0.29984424
0,0.31490916
0,0.32062683
0,0.3134929
0,0.28778157
0,0.31162164
0,0.28170943
0,0.28777492
0,0.27122775
0,0.29679877
0,0.2833518
0,0.26788014
0,0.2758571
0,0.27822065
0,0.27231407
0,0.2597181
0,0.28804633
0,0.2730928
0,0.26062423
0,0.25601664
0,0.26957455
0,0.29596338
0,0.27922034
0,0.2779713
0,0.27945843
0,0.27401698
0,0.3634239
0,0.33309802
0,0.32738742
0,0.32273263
0,0.33285993
0,0.3216951
0,0.3073109
0,0.30629465
0,0.28494734
0,0.28510267
0,0.32556212
0,0.31202668
0,0.29714605
0,0.2842999
0,0.2825331
0,0.27347854
0,0.30277312
0,0.28138816
0,0.28893998
0,0.30391967
0,0.29818162
0,0.28422394
0,0.27809384
0,0.26900643
0,0.2981003
0,0.2770974
0,0.26273644
0,0.2662424
0,0.2622849
0,0.28805894
0,0.2815252
0,0.27991113
0,0.2763908
0,0.28638518
0,0.31611344
0,0.28646532
0,0.26837265
0,0.27216378
0,0.27043152
0,0.29891357
0,0.27099085
0,0.29338995
0,0.2871843
0,0.28341877
0,0.3467553
0,0.29137594
0,0.28262755
0,0.28682944
0,0.2852352
0,0.27306327
0,0.28623986
0,0.28220135
0,0.286846
0,0.2947751
0,0.28529304
0,0.27289993
0,0.27522388
0,0.26390585
0,0.2901944
0,0.27826437
0,0.29783657
0,0.30610108
0,0.2879116
0,0.29391488
0,0.30640644
0,0.2857725
0,0.28259528
0,0.27565345
0,0.2952427
0,0.28981048
0,0.28121275
0,0.28587434
0,0.28550792
0,0.3526646
0,0.30308288
0,0.3004275
0,0.30810687
0,0.2976683
0,0.31038824
0,0.28670508
0,0.29917696
0,0.30059215
0,0.2902481
0,0.3001622
0,0.29022664
0,0.2994172
0,0.28741732
0,0.28405562
0,0.34526056
0,0.30436078
0,0.28575405
0,0.27475083
0,0.27907258
0,0.38335478
0,0.3278538
0,0.32747534
0,0.3084176
0,0.29001397
0,0.29932544
0,0.2740343
0,0.27483764
0,0.2702859
0,0.26979414
0,0.30891407
0,0.29243243
0,0.29550767
0,0.2951429
0,0.2894627
0,0.28633776
0,0.2688708
0,0.26690444
0,0.283958
0,0.27910212
0,0.27914903
0,0.26808217
0,0.26578936
0,0.27393654
0,0.31647426
0,0.29388994
0,0.27700064
0,0.28139564
0,0.27266225
0,0.31406185
0,0.2915238
0,0.28618816
0,0.281868
0,0.2689735
0,0.27943012
0,0.2758604
0,0.26933253
0,0.2757121
0,0.28442964
0,0.2854019
0,0.27888957
0,0.28334197
0,0.27781335
0,0.3097208
0,0.31223196
0,0.30222934
0,0.29683185
0,0.3056184
0,0.32480797
0,0.30550322
0,0.2896846
0,0.28114724
0,0.27633482
0,0.28747612
0,0.27285254
0,0.27155274
0,0.26639214
0,0.27478313
0,0.26777482
0,0.2749385
0,0.27605265
0,0.2653368
0,0.27251884
0,0.28464538
0,0.2666333
0,0.27000535
0,0.2702246
0,0.27315146
0,0.26161018
0,0.27109215
0,0.2688009
0,0.27524462
0,0.27204072
0,0.27303678
0,0.27106586
0,0.26615748
0,0.2574149
0,0.27344838
0,0.26792198
0,0.2667492
0,0.27863935
0,0.27612835
0,0.25829154
0,0.27292615
0,0.27903792
0,0.27041376
0,0.26665506
0,0.27598274
0,0.27833372
0,0.27879855
0,0.26088452
0,0.2705636
0,0.27874133
0,0.2828576
0,0.2917383
0,0.27206647
0,0.2672509
0,0.27741495
0,0.2655515
0,0.27806982
0,0.2758807
0,0.2742959
0,0.27324584
0,0.2630337
0,0.2706646
0,0.26957086
0,0.2696037
0,0.26968157
0,0.27133015
0,0.27424303
0,0.28090554
0,0.2759849
0,0.2729302
0,0.27050036
0,0.28250596
0,0.2744627
0,0.30106053
0,0.29100594
0,0.2904205
0,0.28986454
0,0.2856193
0,0.2742586
0,0.27059674
0,0.2768595
0,0.27743658
0,0.2707209
0,0.27546474
0,0.2784113
0,0.27478454
0,0.26544246
0,0.26055616
0,0.2714391
0,0.2769344
0,0.26103467
0,0.27136698
0,0.2651201
0,0.27578038
0,0.27153194
0,0.2633034
0,0.25676325
0,0.26404932
0,0.25385225
0,0.26235995
0,0.277599
0,0.27799922
0,0.27584082
0,0.27368218
0,0.2815947
0,0.28880706
0,0.28719953
0,0.28920472
0,0.28721282
0,0.28791347
0,0.28064737
0,0.2839804
0,0.28397596
0,0.2910705
0,0.30163538
0,0.29474556
0,0.28458947
0,0.28414914
0,0.2844011
0,0.29655704
0,0.28683898
0,0.28077745
0,0.27783853
0,0.2804796
0,0.26955122
0,0.27525604
0,0.27643102
0,0.27552342
0,0.2709064
0,0.26971203
0,0.26897332
0,0.2673134
0,0.26102152
0,0.26284695
0,0.25720516
0,0.26005194
0,0.2656409
0,0.27270302
0,0.2658683
0,0.27348945
0,0.27741563
0,0.27196205
0,0.28571525
0,0.28135046
0,0.28414664
0,0.27993774
0,0.29500714
0,0.28768638
0,0.33204114
0,0.30483282
0,0.3097848
0,0.33298248
0,0.32729152
0,0.34642544
0,0.32716092
0,0.3059833
0,0.29717505
0,0.29262885
0,0.28684708
0,0.28126776
0,0.27603197
0,0.27401823
0,0.28477728
0,0.27558687
0,0.2778807
0,0.26202142
0,0.26665512
0,0.28005847
0,0.2702439
0,0.27076682
0,0.2571172
0,0.2587087
0,0.27075604
0,0.2697921
0,0.27098516
0,0.2694679
0,0.27207008
0,0.280842
0,0.27591574
0,0.28444844
0,0.2817321
0,0.2699426
0,0.2760942
0,0.28052118
0,0.2579402
0,0.27094194
0,0.2784369
0,0.27690274
0,0.27716583
0,0.2654664
0,0.27281594
0,0.2727112
0,0.27578384
0,0.27516323
0,0.2652893
0,0.27257958
0,0.27061224
0,0.2702797
0,0.26985028
0,0.27439216
0,0.29854196
0,0.29763955
0,0.2821812
0,0.28535795
0,0.2886141
0,0.27749535
0,0.27760348
0,0.27158692
0,0.25872084
0,0.26234055
0,0.26438832
0,0.26177981
0,0.26401162
0,0.27154636
0,0.290707
0,0.2943947
0,0.29570174
0,0.30856478
0,0.30864495
0,0.34728542
0,0.3164751
0,0.30042237
0,0.28813657
0,0.28398445
0,0.29377824
0,0.31775376
0,0.3023525
0,0.29343334
0,0.27569297
0,0.28290746
0,0.28079438
0,0.27597567
0,0.2777193
0,0.27457362
0,0.27579576
0,0.27265304
0,0.39456293
0,0.3224093
0,0.30387107
0,0.29298234
0,0.2847529
0,0.2803753
0,0.2762211
0,0.27950054
0,0.2851362
0,0.28825474
0,0.2742741
0,0.27313438
0,0.26453504
0,0.2641992
0,0.27645412
0,0.29252738
0,0.2833012
0,0.28323877
0,0.29307172
0,0.27363837
0,0.29210353
0,0.27116126
0,0.2920126
0,0.29138455
0,0.2864507
0,0.29294065
0,0.28262746
0,0.29614478
0,0.28881067
0,0.29655534
0,0.28153324
0,0.27337867
0,0.2942325
0,0.26920244
0,0.27212876
0,0.28807437
0,0.30014095
0,0.2818757
0,0.2819757
0,0.2774048
0,0.2868205
0,0.27846858
0,0.26429152
0,0.2671398
0,0.27668542
0,0.27813137
0,0.26489815
0,0.26789123
0,0.27041456
0,0.28332454
0,0.2961769
0,0.28735435
0,0.27963787
0,0.2882579
0,0.31275144
0,0.31279296
0,0.30224633
0,0.2974814
0,0.307236
0,0.30010277
0,0.29924265
0,0.2909582
0,0.30564085
0,0.27684706
0,0.29616812
0,0.29725432
0,0.29362348
0,0.28569373
0,0.2799348
0,0.27642828
0,0.2764659
0,0.2621354
0,0.25975996
0,0.26429978
0,0.26485708
0,0.25951058
0,0.25587136
0,0.26116222
0,0.2803097
0,0.26872838
0,0.2832427
0,0.27791983
0,0.28511068
0,0.2736182
0,0.28065228
0,0.27103487
0,0.27708495
0,0.27955106
0,0.2925711
0,0.28912985
0,0.30141494
0,0.28946626
0,0.28585684
0,0.27192694
0,0.2760481
0,0.26898646
0,0.27373382
0,0.27346623
0,0.27264255
0,0.26244074
0,0.26864454
0,0.2707851
0,0.2701977
0,0.2764882
0,0.2774856
0,0.2737633
0,0.28831783
0,0.2805663
0,0.27435252
0,0.25789273
0,0.2791216
0,0.26251325
0,0.25436658
0,0.26036674
0,0.2657069
0,0.2625382
0,0.26443112
0,0.2693948
0,0.27570555
0,0.27804542
0,0.2758129
0,0.29489586
0,0.27680358
0,0.27165145
0,0.27532542
0,0.2766672
0,0.25940177
0,0.2684088
0,0.26017168
0,0.27036482
0,0.2705395
0,0.26860258
0,0.25923598
0,0.26586053
0,0.26030663
0,0.2589275
0,0.30677682
0,0.2847893
0,0.26603714
0,0.2734142
0,0.26819453
0,0.26647258
0,0.2691598
0,0.27308068
0,0.26644108
0,0.26313844
0,0.27818912
0,0.27679592
0,0.27628443
0,0.27771884
0,0.26658654
0,0.2708858
0,0.27432576
0,0.27120855
0,0.2632349
0,0.2689106
0,0.27418017
0,0.28526214
0,0.27442163
0,0.27529076
0,0.27394536
0,0.2821917
0,0.27410623
0,0.27605504
0,0.27577677
0,0.2750624
0,0.27138865
0,0.26891598
0,0.27451906
0,0.26930037
0,0.26184875
0,0.2635293
0,0.26358896
0,0.25511208
0,0.24805558
0,0.25458282
0,0.25787708
0,0.2609104
0,0.26983234
0,0.25166407
0,0.25908718
0,0.2506571
0,0.278487
0,0.27438062
0,0.26864865
0,0.27261713
0,0.28965023
0,0.29509515
0,0.29888868
0,0.29311547
0,0.2887135
0,0.287707
0,0.28223512
0,0.28448108
0,0.28148705
0,0.27530724
0,0.2746846
0,0.26189572
0,0.26642126
0,0.26732093
0,0.26531926
0,0.26544967
0,0.26906234
0,0.2718528
0,0.26999003
0,0.25679603
0,0.26350296
0,0.26490825
0,0.2630025
0,0.262345
0,0.2511839
0,0.26927644
0,0.2760777
0,0.28000703
0,0.28006533
0,0.27956355
0,0.2816259
0,0.28570977
0,0.27729273
0,0.27836838
0,0.28020203
0,0.2665687
0,0.2656425
0,0.2833048
0,0.30342442
0,0.27876416
0,0.2783591
0,0.28447556
0,0.28246015
0,0.2757932
0,0.2872787
0,0.2826157
0,0.27699253
0,0.2778676
0,0.2742323
0,0.27645728
0,0.27511424
0,0.2587158
0,0.2648474
0,0.2674619
0,0.27952945
0,0.2738977
0,0.27469835
0,0.27217355
0,0.26714215
0,0.2652962
0,0.2534381
0,0.2717637
0,0.27386692
0,0.29240316
0,0.27545452
0,0.27165893
0,0.2604997
0,0.27392593
0,0.26774198
0,0.27757034
0,0.2702449
0,0.27893218
0,0.27933723
0,0.27600887
0,0.2648598
0,0.26205596
0,0.26758683
0,0.26907393
0,0.27335593
0,0.27441472
0,0.2712267
0,0.27138245
0,0.2596671
0,0.2604902
0,0.26422438
0,0.26598036
0,0.28223985
0,0.26943228
0,0.26384145
0,0.28267154
0,0.26526618
0,0.26670134
0,0.26526272
0,0.28102365
0,0.27725175
0,0.26922655
0,0.2871281
0,0.2926245
0,0.27482182
0,0.28027266
0,0.28445524
0,0.28515768
0,0.28186607
0,0.28438798
0,0.28690138
0,0.28853413
0,0.2668742
0,0.27983817
0,0.2845359
0,0.28377333
0,0.2919803
0,0.2891505
0,0.2846823
0,0.28370804
0,0.2810602
0,0.28656527
0,0.32367277
0,0.3258857
0,0.3020565
0,0.2879925
0,0.3017867
0,0.2916291
0,0.27558023
0,0.2724226
0,0.27419406
0,0.28444892
0,0.2772396
0,0.26689738
0,0.27720857
0,0.27161124
0,0.26944923
0,0.270556
0,0.2739375
0,0.26879513
0,0.26722503
0,0.2632098
0,0.26339188
0,0.26420164
0,0.26557642
0,0.26803553
0,0.27916113
0,0.29464883
0,0.29117742
0,0.31659347
0,0.31962052
0,0.31016818
0,0.28663307
0,0.29208153
0,0.28499722
0,0.2871268
0,0.28338397
0,0.27950323
0,0.27604842
0,0.27967083
0,0.2693412
0,0.273734
0,0.27010047
0,0.28924298
0,0.27846158
0,0.27347103
0,0.27575833
0,0.25949693
0,0.26149505
0,0.27630913
0,0.26005927
0,0.287325
0,0.2711162
0,0.26489276
0,0.26662832
0,0.25644347
0,0.2540321
0,0.25296867
0,0.25778854
0,0.25894657
0,0.27624673
0,0.27898365
0,0.2711917
0,0.253908
0,0.25998458
0,0.26817206
0,0.26592013
0,0.26481983
0,0.27328396
0,0.2721902
0,0.2763908
0,0.2747059
0,0.29910377
0,0.28078657
0,0.27256194
0,0.2787952
0,0.2730287
0,0.26531494
0,0.26831722
0,0.26228058
0,0.26427278
0,0.2683779
0,0.2580805
0,0.26239288
0,0.26472214
0,0.26169115
0,0.26452735
0,0.25231156
0,0.25779188
0,0.2710626
0,0.2651614
0,0.27271602
0,0.26901588
0,0.27515703
0,0.27879617
0,0.278012
0,0.27269673
0,0.2707372
0,0.2760555
0,0.2756405
0,0.2779104
0,0.27809152
0,0.26636764
0,0.2730447
0,0.2719343
0,0.27504963
0,0.26597637
0,0.264261
0,0.27036753
0,0.26290697
0,0.2540734
0,0.27034387
0,0.26311177
0,0.27484757
0,0.2696991
0,0.26944536
0,0.27007115
0,0.2856084
0,0.26301298
0,0.25910255
0,0.26538506
0,0.26584113
0,0.26564667
0,0.26172775
0,0.2635041
0,0.26102498
0,0.27075008
0,0.2696274
0,0.2743004
0,0.28910676
0,0.2853281
0,0.29674622
0,0.28280577
0,0.2740436
0,0.26621896
0,0.27376947
0,0.27293602
0,0.27936223
0,0.27473393
0,0.2758771
0,0.28797552
0,0.27927658
0,0.27497366
0,0.2731479
0,0.28599197
0,0.2724362
0,0.2742834
0,0.27424726
0,0.29119575
0,0.2797346
0,0.27366892
0,0.2712431
0,0.26924285
0,0.26779097
0,0.26507264
0,0.26443446
0,0.28374553
0,0.26998585
0,0.2729119
0,0.26063803
0,0.27432725
0,0.32411474
0,0.33288282
0,0.31274754
0,0.45331296
0,0.41308555
0,0.3426127
0,0.31428024
0,0.30284584
0,0.28805533
0,0.28477904
0,0.27780584
0,0.30527464
0,0.28512105
0,0.27968073
0,0.27923733
0,0.2914196
0,0.27824444
0,0.2631519
0,0.2637381
0,0.26477817
0,0.25992
0,0.25905696
0,0.2550441
0,0.25407496
0,0.2523568
0,0.2562152
0,0.27434874
0,0.27762347
0,0.27793753
0,0.2708174
0,0.26896212
0,0.26159003
0,0.26260003
0,0.28169683
0,0.27824393
0,0.28303653
0,0.28700852
0,0.28519073
0,0.2793631
0,0.42030388
0,0.33939
0,0.32278457
0,0.3085552
0,0.31007564
0,0.28361496
0,0.28608465
0,0.28309143
0,0.28041196
0,0.2784077
0,0.28984645
0,0.28150105
0,0.278525
0,0.26734236
0,0.27654588
0,0.2773103
0,0.27898768
0,0.27591386
0,0.27086338
0,0.27240008
0,0.27089462
0,0.266959
0,0.2693291
0,0.26764303
0,0.26793358
0,0.2601188
0,0.26768723
0,0.2817673
0,0.2791167
0,0.27159244
0,0.2707209
0,0.27912816
0,0.27435347
0,0.2742088
0,0.27632025
0,0.27195224
0,0.27658918
0,0.2705957
0,0.272051
0,0.27424133
0,0.27170345
0,0.27430868
0,0.27379677
0,0.27419484
0,0.26244935
0,0.27549392
0,0.27089792
0,0.27688608
0,0.273178
0,0.27247936
0,0.27120402
0,0.28235298
0,0.2750746
0,0.27631152
0,0.27454185
0,0.2712466
0,0.27098212
0,0.2713095
0,0.26981226
0,0.26954097
0,0.2547252
1,0.2622016
1,0.27251133
1,0.26549634
1,0.2658582
1,0.27529347
1,0.2851842
1,0.30952233
1,0.26798505
1,0.6077641
1,0.4464288
1,0.38937402
1,0.3652655
1,0.35036075
1,0.30940554
1,0.29965746
0,0.915334
0,0.78615624
0,0.7018455
0,0.6481683
0,0.58491933
0,0.49901712
0,0.39487436
0,0.31975383
0,0.26471257
0,0.2313877
0,0.18151791
0,0.15463503
0,0.14019227
0,0.15551804
0,0.16675626
0,0.17371577
0,0.15654469
0,0.14629334
0,0.14280193
0,0.14259225
0,0.13574056
0,0.13594587
0,0.14222836
0,0.14821953
0,0.14841606
0,0.15129972
0,0.15978155
0,0.15854508
0,0.1558456
0,0.14903034
0,0.3208659
0,0.29728317
0,0.2846231
0,0.27408117
0,0.25804904
0,0.24004906
0,0.23576905
0,0.23135664
0,0.23118258
0,0.22608936
0,0.23610264
0,0.24023779
0,0.24630234
0,0.25541994
0,0.26053345
0,0.26461893
0,0.2637391
0,0.26819488
0,0.28453094
0,0.2780746
0,0.27075395
0,0.267893
0,0.3334622
0,0.31996617
0,0.3030024
0,0.27731287
0,0.28786212
0,0.2853867
0,0.28497717
0,0.2898248
0,0.28591168
0,0.30036354
0,0.34996766
0,0.35267332
0,0.3446643
0,0.32695737
0,0.32591453
0,0.3326228
0,0.33238938
0,0.32722065
0,0.34576008
0,0.33437943
0,0.33909085
0,0.320757
0,0.31774032
0,0.2837649
0,0.26235926
0,0.22768965
0,0.22679876
0,0.20266771
0,0.19295947
0,0.18258587
0,0.17414334
0,0.1653453
0,0.16006458
0,0.15770522
0,0.14985806
0,0.14700362
0,0.14699253
0,0.15683429
0,0.15863815
0,0.16381146
0,0.1700472
0,0.17530754
0,0.17918937
0,0.19254075
0,0.20905484
0,0.24638973
0,0.23803496
0,0.23672308
0,0.24433774
0,0.25038585
0,0.25046647
0,0.2598645
0,0.28143445
0,0.27585024
0,0.29199147
0,0.32224774
0,0.3187542
0,0.33947244
0,0.35566786
0,0.36730477
0,0.3395153
0,0.34734014
0,0.32844624
0,0.31252632
0,0.30706638
0,0.30385312
0,0.28459314
0,0.2880011
0,0.27519998
0,0.2713288
0,0.2588834
0,0.2614736
0,0.25144434
0,0.25498977
0,0.2600725
0,0.2503807
0,0.23955004
0,0.23978409
0,0.23753284
0,0.23867019
0,0.25498033
0,0.263449
0,0.2520095
0,0.2508428
0,0.24877505
0,0.2601057
0,0.26726735
0,0.26580647
0,0.28295657
0,0.27479997
0,0.25671515
0,0.2673076
0,0.2659933
0,0.27598312
0,0.28322566
0,0.28463218
0,0.27671212
0,0.26862183
0,0.25651717
0,0.25507984
0,0.2695519
0,0.26361203
0,0.2721386
0,0.2647357
0,0.27249745
0,0.26489285
0,0.27378985
0,0.27399316
0,0.28365368
0,0.2878818
0,0.2768234
0,0.2780101
0,0.2817265
0,0.27264586
0,0.2907574
0,0.2758921
0,0.2826966
0,0.28093353
0,0.2819752
0,0.2770412
0,0.27820218
0,0.26380697
0,0.27079538
0,0.28865376
0,0.29293478
0,0.28185597
0,0.29086763
0,0.28141683
0,0.2809406
0,0.27770534
0,0.2865161
0,0.27350268
0,0.2715406
0,0.26834434
0,0.31269333
0,0.314876
0,0.324581
0,0.30242467
0,0.3142774
0,0.31466863
0,0.31583446
0,0.3283306
0,0.3253773
0,0.32337227
0,0.34781635
0,0.33512485
0,0.3343098
0,0.32945123
0,0.32325763
0,0.30466452
0,0.31746233
0,0.31856298
0,0.29426986
0,0.32027045
0,0.32061353
0,0.30462548
0,0.23759039
0,0.20150615
0,0.19178352
0,0.17467202
0,0.16540113
0,0.18024632
0,0.16304654
0,0.16881795
0,0.16117783
0,0.1757796
0,0.19057311
0,0.16726361
0,0.16267571
0,0.18190089
0,0.18873498
0,0.17700441
0,0.18896341
0,0.1854359
0,0.17410192
0,0.17004925
0,0.17415842
0,0.16428046
0,0.16474375
0,0.17875952
0,0.1790442
0,0.2070531
0,0.20481801
0,0.20653872
0,0.22280787
0,0.23966385
0,0.23668374
0,0.24668051
0,0.23769523
0,0.23488766
0,0.23597601
0,0.2524346
0,0.24327508
0,0.24625653
0,0.25272954
0,0.25761703
0,0.25690964
0,0.26276377
0,0.2639207
0,0.26563257
0,0.2698689
0,0.2787886
0,0.2897944
0,0.27508524
0,0.2866261
0,0.2733708
0,0.29621324
0,0.31116948
0,0.28207684
0,0.27561966
0,0.28724918
0,0.29839623
0,0.2934961
0,0.28749248
0,0.28493407
0,0.31653368
0,0.2905883
0,0.28430057
0,0.32626987
0,0.30120423
0,0.3212724
0,0.31975344
0,0.32629248
0,0.32485893
0,0.31474048
0,0.33109653
0,0.3630783
0,0.3773866
0,0.35801974
0,0.37495363
0,0.3417521
0,0.37482712
0,0.32177278
0,0.34281132
0,0.2737471
0,0.2869999
0,0.23129684
0,0.1922903
0,0.18056056
0,0.1622329
0,0.15267333
0,0.16132616
0,0.15042923
0,0.14245853
0,0.14385925
0,0.13634
0,0.13713494
0,0.13906996
0,0.13773903
0,0.14379273
0,0.14513749
0,0.15387706
0,0.1593745
0,0.1752332
0,0.18979423
0,0.19957969
0,0.20855638
0,0.22706348
0,0.24694405
0,0.25632966
0,0.26181966
0,0.27378982
0,0.27439618
0,0.26386762
0,0.26080397
0,0.27786177
0,0.26373762
0,0.2955501
0,0.2789401
0,0.28327024
0,0.2849539
0,0.26598865
0,0.25756606
0,0.28468543
0,0.27336177
0,0.29221046
0,0.276074
0,0.29506424
0,0.291242
0,0.26480424
0,0.27231908
0,0.27517575
0,0.27222696
0,0.32848737
0,0.29812282
0,0.31773803
0,0.30324453
0,0.28779942
0,0.27608725
0,0.28275055
0,0.28360954
0,0.28435317
0,0.2812823
0,0.2804263
0,0.30049673
0,0.27652428
0,0.27037996
0,0.27297798
0,0.27793908
0,0.27928966
0,0.28158924
0,0.2904352
0,0.28100666
0,0.28369436
0,0.2998056
0,0.2810512
0,0.29348826
0,0.2866511
0,0.27955374
0,0.27447903
0,0.27642608
0,0.2775047
0,0.27388838
0,0.27063146
0,0.27249032
0,0.27322015
0,0.28565782
0,0.2838477
0,0.2972415
0,0.30907175
0,0.30628428
0,0.32093665
0,0.3004051
0,0.29832536
0,0.30507267
0,0.31832424
0,0.36474353
0,0.33906257
0,0.31313807
0,0.31346685
0,0.30338567
0,0.30648512
0,0.29233924
0,0.30937538
0,0.2938809
0,0.27932227
0,0.28849107
0,0.28137878
0,0.27995676
0,0.2733243
0,0.27132908
0,0.26998657
0,0.2683908
0,0.25619516
0,0.26013026
0,0.26132804
0,0.26014167
0,0.26053894
0,0.26457837
0,0.27113768
0,0.27696332
0,0.28453454
0,0.275639
0,0.27970275
0,0.2745603
0,0.27861655
0,0.27215943
0,0.28419724
0,0.27393997
0,0.29460162
0,0.30443844
0,0.31290078
0,0.2888958
0,0.29200187
0,0.28932887
0,0.29087728
0,0.29340115
0,0.44973612
0,0.37232155
0,0.39331916
0,0.35316885
0,0.36553594
0,0.32522964
0,0.3046661
0,0.29152128
0,0.2995437
0,0.2832557
0,0.27830812
0,0.26820445
0,0.26844802
0,0.25670978
0,0.2521689
0,0.24557269
0,0.25426227
0,0.2611911
0,0.27852827
0,0.2546117
0,0.23984589
0,0.23215142
0,0.23985149
0,0.21570016
0,0.21510267
0,0.21461202
0,0.22456932
0,0.22343032
0,0.2281742
0,0.22470666
0,0.29023984
0,0.27963683
0,0.2843868
0,0.28452012
0,0.28157833
0,0.27882418
0,0.2812606
0,0.29112592
0,0.29339677
0,0.2969186
0,0.28137618
0,0.2717715
0,0.27046773
0,0.26432145
0,0.28103712
0,0.27133283
0,0.27326077
0,0.28853923
0,0.30519632
0,0.29184753
0,0.30295336
0,0.30426675
0,0.29181567
0,0.30998915
0,0.27734378
0,0.2863244
0,0.27217758
0,0.2748456
0,0.27999976
0,0.27673176
0,0.27026528
0,0.281053
0,0.27160394
0,0.28427893
0,0.2697821
0,0.2926718
0,0.28403363
0,0.28274706
0,0.2818098
0,0.2692072
0,0.2645264
0,0.2713214
0,0.27585906
0,0.2740533
0,0.2718371
0,0.28092206
0,0.29343793
0,0.28251225
0,0.27140135
0,0.2773346
0,0.28988212
0,0.29536012
0,0.32883182
0,0.36274263
0,0.34358215
0,0.3573607
0,0.33532184
0,0.31622505
0,0.30897564
0,0.29071265
0,0.2833085
0,0.2875543
0,0.3120604
0,0.32121134
0,0.29394186
0,0.30241168
0,0.3038991
0,0.29842204
0,0.28159696
0,0.2804717
0,0.27094135
0,0.26424894
0,0.24792315
0,0.26656038
0,0.27305362
0,0.28945956
0,0.27538952
0,0.26139745
0,0.26789108
0,0.25777918
0,0.2525817
0,0.28844243
0,0.28691566
0,0.28290024
0,0.27013186
0,0.2735512
0,0.2752514
0,0.2728266
0,0.275394
0,0.277616
0,0.27725148
0,0.277781
0,0.29139867
0,0.30921465
0,0.3261067
0,0.29842645
0,0.2874684
0,0.28954208
0,0.29391825
0,0.27607372
0,0.30454352
0,0.2993584
0,0.30307066
0,0.3126719
0,0.30734867
0,0.28775504
0,0.31336856
0,0.342124
0,0.3998549
0,0.39800572
0,0.3839393
0,0.33718345
0,0.324463
0,0.31129128
0,0.29356432
0,0.2684189
0,0.26679775
0,0.2582805
0,0.2584371
0,0.23161623
0,0.20227921
0,0.19404791
0,0.19477336
0,0.18736358
0,0.18198939
0,0.18370178
0,0.1832194
0,0.18854085
0,0.19390634
0,0.21162055
0,0.21891943
0,0.21783903
0,0.23534043
0,0.23711333
0,0.24878535
0,0.23912697
0,0.26571593
0,0.27537897
0,0.27443388
0,0.2860017
0,0.29456708
0,0.28214577
0,0.27526575
0,0.28676626
0,0.29098076
0,0.28621054
0,0.27936545
0,0.27390233
0,0.28688917
0,0.28330946
0,0.272951
0,0.28759423
0,0.28546616
0,0.28619635
0,0.28591454
0,0.2876749
0,0.3029166
0,0.34424537
0,0.3194887
0,0.29944786
0,0.2866534
0,0.28090546
0,0.26554382
0,0.2805073
0,0.28473547
0,0.2852743
0,0.2851041
0,0.2819623
0,0.2946704
0,0.27780083
0,0.2977922
0,0.2832989
0,0.42179707
0,0.33751982
0,0.3169001
0,0.31239557
0,0.31062785
0,0.29232478
0,0.28919148
0,0.3001749
0,0.2727794
0,0.29536206
0,0.2926427
0,0.28862002
0,0.30317375
0,0.28049675
0,0.28073654
0,0.28057885
0,0.3052263
0,0.30926177
0,0.30422312
0,0.31244418
0,0.30819276
0,0.3116239
0,0.33431146
0,0.3081187
0,0.2960937
0,0.29281473
0,0.29734468
0,0.3134685
0,0.30442953
0,0.29271838
0,0.32498822
0,0.32960263
0,0.33291936
0,0.2968435
0,0.26476678
0,0.2427834
0,0.21622477
0,0.19375877
0,0.18182221
0,0.17970002
0,0.17623459
0,0.1781266
0,0.18547301
0,0.17243052
0,0.17452723
0,0.17821656
0,0.1824461
0,0.19715515
0,0.2073578
0,0.22618581
0,0.23513223
0,0.25472835
0,0.26331884
0,0.2574655
0,0.26197448
0,0.26006165
0,0.2656442
0,0.27584136
0,0.2749755
0,0.30045572
0,0.29107767
0,0.27564785
0,0.30104226
0,0.286986
0,0.2788536
0,0.28753683
0,0.2783085
0,0.3000504
0,0.31028074
0,0.28921118
0,0.2935436
0,0.28507572
0,0.34112352
0,0.29508197
0,0.31752735
0,0.29967284
0,0.30440128
0,0.2995246
0,0.30764502
0,0.33707944
0,0.3361418
0,0.3495244
0,0.37572968
0,0.47588968
0,0.4381511
0,0.47292748
0,0.5126536
0,0.53654504
0,0.5044563
0,0.49736944
0,0.49197787
0,0.43712988
0,0.34303567
0,0.29260036
0,0.24572858
0,0.20346522
0,0.16877408
0,0.14935422
0,0.1420276
0,0.13524717
0,0.12625384
0,0.12738991
0,0.1253704
0,0.1266457
0,0.12912616
0,0.12766305
0,0.13522722
0,0.13412632
0,0.13125384
0,0.13062946
0,0.13280249
0,0.13714881
0,0.14704406
0,0.16167937
0,0.1766813
0,0.1989563
0,0.21749406
0,0.2384645
0,0.24498951
0,0.24988385
0,0.27128384
0,0.27907568
0,0.27823582
0,0.27774802
0,0.28500625
0,0.28871804
0,0.29207495
0,0.29405028
0,0.2852682
0,0.29741868
0,0.2883928
0,0.2818706
0,0.27397162
0,0.28217012
0,0.30410957
0,0.30716303
0,0.30686983
0,0.2873191
0,0.28476885
0,0.28505892
0,0.28883028
0,0.28854504
0,0.31548765
0,0.28993014
0,0.32029718
0,0.31685686
0,0.32465708
0,0.29803076
0,0.28549433
0,0.42990693
0,0.3700985
0,0.3397658
0,0.32067427
0,0.32337442
0,0.31276235
0,0.2965283
0,0.28870803
0,0.29183275
0,0.2912478
0,0.28584215
0,0.28081375
0,0.2706881
0,0.2725568
0,0.25534734
0,0.24896014
0,0.23705655
0,0.22747853
0,0.22808866
0,0.22018683
0,0.22600247
0,0.210293
0,0.19615911
0,0.19345708
0,0.20836602
0,0.20268005
0,0.19555193
0,0.20520295
0,0.20241077
0,0.20754766
0,0.25926277
0,0.2853628
0,0.2697644
0,0.25729766
0,0.24908537
0,0.24470921
0,0.2448285
0,0.25246233
0,0.24414507
0,0.2531211
0,0.25764987
0,0.26443595
0,0.27193832
0,0.33085936
0,0.29438093
0,0.28478447
0,0.27108744
0,0.26969743
0,0.28190902
0,0.27872944
0,0.28471482
0,0.3000653
0,0.30622852
0,0.2910501
0,0.27956715
0,0.2722131
0,0.26726714
0,0.27699542
0,0.2775047
0,0.2680001
0,0.28120402
0,0.27027932
0,0.27576038
0,0.27776268
0,0.268579
0,0.2769181
0,0.32178625
0,0.320383
0,0.33795545
0,0.30488154
0,0.28746465
0,0.2896585
0,0.31179774
0,0.32897606
0,0.33184505
0,0.31602153
0,0.30670395
0,0.2787185
0,0.29103673
0,0.2923867
0,0.28409016
0,0.27741045
0,0.30261156
0,0.31011656
0,0.2973928
0,0.28740707
0,0.27264717
0,0.2710122
0,0.26831838
0,0.26667124
0,0.27091128
0,0.2625161
0,0.31784773
0,0.29361382
0,0.29858127
0,0.28888693
0,0.28494743
0,0.27500895
0,0.28387335
0,0.27867964
0,0.2801865
0,0.2711342
0,0.27715364
0,0.2766874
0,0.2867606
0,0.27122343
0,0.28266558
0,0.31109458
0,0.30905372
0,0.2781645
0,0.29750574
0,0.2928782
0,0.28790298
0,0.29646656
0,0.29127342
0,0.2843683
0,0.2943273
0,0.29711938
0,0.3115151
0,0.2948657
0,0.29939315
0,0.29911086
0,0.30236924
0,0.29752234
0,0.28386387
0,0.2941919
0,0.28826544
0,0.29029188
0,0.28899834
0,0.3062846
0,0.2936292
0,0.27623996
0,0.28780034
0,0.2776184
0,0.38414755
0,0.3214935
0,0.30831206
0,0.29844886
0,0.29078454
0,0.38901287
0,0.32544407
0,0.32650205
0,0.3090222
0,0.31068626
0,0.28856736
0,0.2972319
0,0.30962914
0,0.31107292
0,0.2781973
0,0.2713515
0,0.28562763
0,0.27079237
0,0.2661822
0,0.28715608
0,0.29424584
0,0.27598888
0,0.25944993
0,0.2813562
0,0.26485357
0,0.2910452
0,0.26838025
0,0.24794818
0,0.24711536
0,0.26120052
0,0.2702213
0,0.3463767
0,0.30147076
0,0.29044685
0,0.29385406
0,0.2836312
0,0.3086753
0,0.30854547
0,0.3006083
0,0.27862793
0,0.3035835
0,0.3199966
0,0.32251453
0,0.31906012
0,0.3213756
0,0.28554013
0,0.2701599
0,0.27462962
0,0.26031622
0,0.27400178
0,0.2637927
0,0.27172986
0,0.3008486
0,0.29305217
0,0.26989588
0,0.29525372
0,0.27617264
0,0.27651307
0,0.2603832
0,0.27136257
0,0.25088528
0,0.2751152
0,0.27638134
0,0.2801861
0,0.26861867
0,0.26474524
0,0.26362404
0,0.2651339
0,0.26652983
0,0.27823895
0,0.2791122
0,0.28674263
0,0.27106258
0,0.28013292
0,0.2750305
0,0.26878828
0,0.2941693
0,0.278661
0,0.29127613
0,0.2901826
0,0.31927624
0,0.32518694
0,0.3116667
0,0.30131608
0,0.29912347
0,0.2942607
0,0.29548335
0,0.29814678
0,0.35032466
0,0.3182233
0,0.3407628
0,0.36426404
0,0.33193022
0,0.3387464
0,0.31766865
0,0.3108764
0,0.29378736
0,0.28532198
0,0.33301753
0,0.29316726
0,0.25998175
0,0.22896174
0,0.21662126
0,0.22212994
0,0.20817837
0,0.2066855
0,0.22768505
0,0.22472714
0,0.21888795
0,0.21644087
0,0.235549
0,0.23324332
0,0.23712528
0,0.2306447
0,0.26706973
0,0.25802264
0,0.2529195
0,0.25600502
0,0.27177337
0,0.2688896
0,0.27034166
0,0.2696988
0,0.3079226
0,0.2948354
0,0.28077823
0,0.28093305
0,0.29141724
0,0.30118576
0,0.29793033
0,0.29039782
0,0.2895959
0,0.30678728
0,0.33207074
0,0.32060266
0,0.29323545
0,0.30375826
0,0.2870548
0,0.2760003
0,0.29090014
0,0.28108206
0,0.2629213
0,0.30563042
0,0.29220068
0,0.28982997
0,0.28386968
0,0.29721656
0,0.29330167
0,0.28900838
0,0.27520192
0,0.31234536
0,0.30031514
0,0.31666887
0,0.30343568
0,0.30020994
0,0.2941774
0,0.29527375
0,0.2847566
0,0.29189807
0,0.2899763
0,0.27527636
0,0.28170693
0,0.26954377
0,0.27978382
0,0.27205062
0,0.2599001
0,0.28749365
0,0.28192136
0,0.30657044
0,0.29841137
0,0.33700168
0,0.30080676
0,0.31452125
0,0.31916687
0,0.3014763
0,0.32307822
0,0.2913833
0,0.2925031
0,0.31114766
0,0.3477671
0,0.33615685
0,0.32253394
0,0.29227692
0,0.32867265
0,0.31427184
0,0.35398108
0,0.36064228
0,0.34310126
0,0.32354367
0,0.2863103
0,0.24769934
0,0.24394865
0,0.25891206
0,0.25027594
0,0.23495749
0,0.20733406
0,0.18837151
0,0.18122512
0,0.20159687
0,0.2090403
0,0.22253278
0,0.20555234
0,0.17824075
0,0.16847315
0,0.15318197
0,0.17817737
0,0.17358145
0,0.15096207
0,0.15312098
0,0.15125415
0,0.17739716
0,0.16250394
0,0.15337946
0,0.15207921
0,0.14643635
0,0.14397156
0,0.14013189
0,0.14477025
0,0.14884974
0,0.14676957
0,0.14267682
0,0.14780925
0,0.16459562
0,0.16592076
0,0.18709482
0,0.18241405
0,0.20675004
0,0.20596972
0,0.1973731
0,0.21460718
0,0.24607128
0,0.29358414
0,0.365761
0,0.45039243
0,0.4509881
0,0.41893023
0,0.34825793
0,0.30197862
0,0.24106158
0,0.19850087
0,0.17719184
0,0.15953335
0,0.14518122
0,0.14565463
0,0.13249165
0,0.12676415
0,0.13004296
0,0.12688603
0,0.13395135
0,0.13144049
0,0.12938063
0,0.12698035
0,0.12995404
0,0.12766026
0,0.12867634
0,0.132663
0,0.14132147
0,0.15173951
0,0.1623292
0,0.17875871
0,0.17310527
0,0.17858247
0,0.20631981
0,0.25181982
0,0.26367086
0,0.27626565
0,0.2725707
0,0.2917307
0,0.29501167
0,0.28880554
0,0.283103
0,0.28787336
0,0.29499224
0,0.27789065
0,0.28663877
0,0.2758576
0,0.28187242
0,0.29193088
0,0.30248678
0,0.27992192
0,0.29288605
0,0.27756602
0,0.28860804
0,0.26704562
0,0.26778108
0,0.2574882
0,0.2770072
0,0.28399727
0,0.29001585
0,0.28823078
0,0.29289466
0,0.2982131
0,0.29727605
0,0.28876275
0,0.30354163
0,0.32391176
0,0.31235996
0,0.30832994
0,0.30619675
0,0.30622
0,0.2917661
0,0.3133305
0,0.32848337
0,0.3489308
0,0.33664033
0,0.31550834
0,0.29474607
0,0.37210223
0,0.3299852
0,0.29708534
0,0.32277566
0,0.30154258
0,0.2900864
0,0.2796012
0,0.26839736
0,0.25138336
0,0.24019925
0,0.24603476
0,0.2488719
0,0.24032223
0,0.24607588
0,0.24023588
0,0.24145988
0,0.24988474
0,0.23960207
0,0.25631928
0,0.2518407
0,0.24999492
0,0.24854021
0,0.2661817
0,0.28512123
0,0.26701874
0,0.32797313
0,0.2999845
0,0.34008843
0,0.34342673
0,0.3088321
0,0.29810417
0,0.288596
0,0.28823724
0,0.29707515
0,0.29607978
0,0.29261878
0,0.31778106
0,0.28865054
0,0.29142827
0,0.28523165
0,0.2842985
0,0.28587905
0,0.2860473
0,0.2865189
0,0.2793453
0,0.2816914
0,0.27474368
0,0.26711416
0,0.27953684
0,0.27356684
0,0.29443225
0,0.28739238
0,0.28036857
0,0.30528095
0,0.31372455
0,0.29316643
0,0.29462585
0,0.29984394
0,0.31930295
0,0.30889082
0,0.3528289
0,0.29930237
0,0.3080354
0,0.2814569
0,0.30099276
0,0.2884567
0,0.2868975
0,0.46146372
0,0.37056464
0,0.38183492
0,0.3702843
0,0.34323627
0,0.30147254
0,0.27861845
0,0.25395495
0,0.24455632
0,0.23585978
0,0.22294144
0,0.20551816
0,0.19423442
0,0.19348691
0,0.21097736
0,0.19413951
0,0.19196048
0,0.18982981
0,0.1950022
0,0.1997585
0,0.18517125
0,0.18155046
0,0.18082309
0,0.18431519
0,0.19690397
0,0.19001213
0,0.19739543
0,0.19868709
0,0.20560686
0,0.23912849
0,0.27734137
0,0.2755633
0,0.28617594
0,0.2657156
0,0.30900905
0,0.28613383
0,0.27288127
0,0.27238885
0,0.29388875
0,0.31473345
0,0.360388
0,0.33909014
0,0.32277262
0,0.31360435
0,0.3292529
0,0.32708892
0,0.3169731
0,0.29752076
0,0.322954
0,0.34755915
0,0.3205943
0,0.28913623
0,0.2851813
0,0.28735995
0,0.28553662
0,0.27320233
0,0.27375156
0,0.2556459
0,0.23726216
0,0.2325088
0,0.22426665
0,0.23106714
0,0.22696629
0,0.23257348
0,0.24846897
0,0.24626118
0,0.2495804
0,0.24823955
0,0.27149573
0,0.2608429
0,0.26069903
0,0.2667039
0,0.27386996
0,0.2836156
0,0.28096223
0,0.27116197
0,0.28740233
0,0.2785833
0,0.30471477
0,0.30790427
0,0.296246
0,0.33329773
0,0.33644357
0,0.33242363
0,0.33274633
0,0.31019032
0,0.2877594
0,0.30262417
0,0.29354486
0,0.2895263
0,0.31392738
0,0.32370645
0,0.33235162
0,0.3146996
0,0.32235566
0,0.29969984
0,0.31978866
0,0.3070216
0,0.28026286
0,0.31138623
0,0.31872427
0,0.2971532
0,0.26094165
0,0.22619726
0,0.24014573
0,0.21710336
0,0.2030306
0,0.20288981
0,0.20691016
0,0.20441522
0,0.20869778
0,0.22682768
0,0.2468021
0,0.2334739
0,0.23261634
0,0.23851407
0,0.22762346
0,0.23558274
0,0.23159553
0,0.2678856
0,0.25257784
0,0.2613104
0,0.253899
0,0.25600955
0,0.24963804
0,0.2541159
0,0.26627982
0,0.2560033
0,0.2679373
0,0.28274602
0,0.2837052
0,0.28869578
0,0.31301796
0,0.3315267
0,0.3063695
0,0.30442077
0,0.28953457
0,0.28369105
0,0.27942306
0,0.2785255
0,0.29886922
0,0.2957834
0,0.30350062
0,0.32611218
0,0.33576378
0,0.32153878
0,0.34489384
0,0.32821974
0,0.2925485
0,0.3008703
0,0.29424128
0,0.29402283
0,0.28362224
0,0.2742506
0,0.27883625
0,0.28741094
0,0.27012622
0,0.28074306
0,0.27870327
0,0.2882445
0,0.2911476
0,0.27249554
0,0.266651
0,0.28867102
0,0.26689738
0,0.28461522
0,0.3326778
0,0.29703763
0,0.28919345
0,0.28786898
0,0.33020243
0,0.31457168
0,0.30884382
0,0.301236
0,0.29077774
0,0.3192459
0,0.30072582
0,0.29829073
0,0.28643534
0,0.29358718
0,0.34806636
0,0.3024227
0,0.29961455
0,0.28957805
0,0.26696765
0,0.28168735
0,0.28467804
0,0.27287626
0,0.2816608
0,0.30253172
0,0.28767398
0,0.27633235
0,0.2773153
0,0.2794259
0,0.31426105
0,0.29252344
0,0.30280122
0,0.29092583
0,0.28613314
0,0.30576178
0,0.28394806
0,0.2847043
0,0.29362664
0,0.2746964
0,0.30618554
0,0.28719586
0,0.29570815
0,0.29654673
0,0.57846665
0,0.4223953
0,0.35064128
0,0.3286566
0,0.3267817
0,0.30179352
0,0.33331236
0,0.30088377
0,0.28197426
0,0.28912053
0,0.2810357
0,0.30175823
0,0.28418648
0,0.2728477
0,0.27826762
0,0.2636895
0,0.26661667
0,0.23393229
0,0.24579287
0,0.22952226
0,0.25075898
0,0.26308137
0,0.3481726
0,0.36818245
0,0.3630822
0,0.3738326
0,0.29979223
0,0.30975094
0,0.35930702
0,0.31998757
0,0.32447407
0,0.28882745
0,0.2131104
0,0.16309875
0,0.15046532
0,0.13843444
0,0.13377653
0,0.12492133
0,0.12175884
0,0.1261462
0,0.13578103
0,0.13528065
0,0.13058592
0,0.13382262
0,0.13517733
0,0.1441345
0,0.1395939
0,0.141873
0,0.13946347
0,0.14020756
0,0.14659156
0,0.15734558
0,0.16244683
0,0.16517217
0,0.18424025
0,0.19624566
0,0.21104848
0,0.24229532
0,0.2976412
0,0.29435953
0,0.2982809
0,0.27785477
0,0.27232128
0,0.2585864
0,0.2774575
0,0.27757695
0,0.2780466
0,0.29269478
0,0.2828807
0,0.2626361
0,0.28104573
0,0.2828943
0,0.2706308
0,0.3043019
0,0.3044274
0,0.3288066
0,0.31976047
0,0.30523133
0,0.3097655
0,0.29312122
0,0.29207453
0,0.30440855
0,0.3092125
0,0.35030374
0,0.31596658
0,0.29767436
0,0.3178195
0,0.2955468
0,0.3151992
0,0.30128363
0,0.31902295
0,0.3203859
0,0.30561388
0,0.30269572
0,0.29337084
0,0.31135502
0,0.30210817
0,0.29320857
0,0.26652777
0,0.25908077
0,0.24804634
0,0.24693306
0,0.23705602
0,0.28578934
0,0.27398446
0,0.2804466
0,0.29985377
0,0.27370408
0,0.27908054
0,0.2739886
0,0.26886514
0,0.27976683
0,0.27972516
0,0.29712516
0,0.2916771
0,0.28441384
0,0.29856625
0,0.28894636
0,0.31386578
0,0.30394864
0,0.28924757
0,0.29925328
0,0.2826562
0,0.2846083
0,0.28833595
0,0.28115934
0,0.28211883
0,0.29803923
0,0.3017786
0,0.30783978
0,0.31057125
0,0.3716661
0,0.37154236
0,0.38209593
0,0.39873427
0,0.37251475
0,0.3377438
0,0.32210603
0,0.31272423
0,0.32458603
0,0.3142922
0,0.29064393
0,0.40719655
0,0.44255874
0,0.506991
0,0.44576725
0,0.40945494
0,0.47545382
0,0.5089505
0,0.48874962
0,0.43005478
0,0.4261235
0,0.4803831
0,0.45224506
0,0.38373056
0,0.3577522
0,0.30471033
0,0.32437307
0,0.26969042
0,0.29369575
0,0.29058063
0,0.25703064
0,0.24810849
0,0.21789023
0,0.18338786
0,0.20281123
0,0.19641502
0,0.19432414
0,0.16980997
0,0.14305903
0,0.13938472
0,0.1449898
0,0.14835218
0,0.14500251
0,0.14894661
0,0.16125321
0,0.1690008
0,0.16551436
0,0.18165225
0,0.17041868
0,0.16692097
0,0.15188843
0,0.14887239
0,0.14167394
0,0.1441348
0,0.14114249
0,0.137614
0,0.13422984
0,0.14061366
0,0.13915585
0,0.14283082
0,0.14106254
0,0.13978617
0,0.13628022
0,0.14476702
0,0.14973469
0,0.1522812
0,0.1443399
0,0.15059088
0,0.16075513
0,0.16912518
0,0.18763325
0,0.20024823
0,0.18515365
0,0.1827345
0,0.19051704
0,0.21507876
0,0.21236514
0,0.24811962
0,0.25816023
0,0.2547742
0,0.23538226
0,0.21587104
0,0.20258753
0,0.19407117
0,0.20515116
0,0.19023173
0,0.1692209
0,0.17263703
0,0.17141354
0,0.16127813
0,0.15645437
0,0.1508647
0,0.14940377
0,0.14918242
0,0.15148287
0,0.14489247
0,0.15443093
0,0.15812142
0,0.16342293
0,0.17119652
0,0.18018413
0,0.18037964
0,0.1745341
0,0.17734464
0,0.18401445
0,0.19098346
0,0.21693753
0,0.20532118
0,0.21179883
0,0.2227133
0,0.21223398
0,0.19824882
0,0.20306522
0,0.20335446
0,0.21752481
0,0.23404612
0,0.21928728
0,0.19981399
0,0.1955358
0,0.1923549
0,0.18649995
0,0.18331796
0,0.18294895
0,0.18721527
0,0.18315375
0,0.18706007
0,0.19012375
0,0.19377743
0,0.20171091
0,0.21933603
0,0.22879463
0,0.23976839
0,0.25383735
0,0.25932828
0,0.2550695
0,0.26341543
0,0.28091338
0,0.2887762
0,0.29504782
0,0.29644793
0,0.2868733
0,0.29134536
0,0.28057787
0,0.28448758
0,0.28669274
0,0.29157788
0,0.29464197
0,0.29403615
0,0.30042538
0,0.2983598
0,0.28783202
0,0.28820622
0,0.28367937
0,0.30622566
0,0.32243946
0,0.32725698
0,0.31943697
0,0.31834835
0,0.32693854
0,0.33185172
0,0.3058489
0,0.29932886
0,0.31635767
0,0.2973404
0,0.30747038
0,0.29719546
0,0.28139386
0,0.3111189
0,0.30123392
0,0.2875086
0,0.2955847
0,0.29945236
0,0.3058716
0,0.2910132
0,0.26535124
0,0.25785002
0,0.25739497
0,0.25486624
0,0.27500355
0,0.28721878
0,0.2661824
0,0.25272772
0,0.25700694
0,0.2563463
0,0.2637778
0,0.26571408
0,0.27003402
0,0.2775011
0,0.2723607
0,0.26726845
0,0.2745316
0,0.27260864
0,0.26890877
0,0.3013314
0,0.33137882
0,0.28499636
0,0.29030713
0,0.2987785
0,0.3130028
0,0.2801026
0,0.3174379
0,0.31902406
0,0.29779968
0,0.27934358
0,0.28391775
0,0.2945334
0,0.28814757
0,0.30141282
0,0.28799382
0,0.30066803
0,0.312261
0,0.3022701
0,0.2903568
0,0.28580645
0,0.2919166
0,0.30038017
0,0.29508683
0,0.32302004
0,0.31040066
0,0.3055272
0,0.27332783
0,0.28884503
0,0.28016207
0,0.2741161
0,0.28363585
0,0.30325583
0,0.3014067
0,0.318507
0,0.3098623
0,0.30131686
0,0.2899366
0,0.28472364
0,0.2832899
0,0.2993283
0,0.2982449
0,0.29337212
0,0.30857435
0,0.31609282
0,0.29729196
0,0.2852674
0,0.28380057
0,0.30329716
0,0.3255095
0,0.2850343
0,0.30341402
0,0.2898523
0,0.29364604
0,0.28284785
0,0.26975757
0,0.28371954
0,0.31290832
0,0.30739248
0,0.32878977
0,0.31905347
0,0.2924978
0,0.29404193
0,0.28090063
0,0.31727865
0,0.28565496
0,0.31666106
0,0.31488666
0,0.29059356
0,0.3172547
0,0.2867977
0,0.28954
0,0.2936202
0,0.3098338
0,0.29475608
0,0.2933177
0,0.31146848
0,0.29143134
0,0.28683913
0,0.2860739
0,0.30032286
0,0.3008593
0,0.2811459
0,0.2948212
0,0.28451446
0,0.282523
0,0.29116914
0,0.28655645
0,0.29074374
0,0.30307087
0,0.29737437
0,0.2965275
0,0.29090455
0,0.29477024
0,0.30169794
0,0.32251218
0,0.30720595
0,0.32007524
0,0.30285835
0,0.31742018
0,0.30261663
0,0.2988838
0,0.2838601
0,0.31369594
0,0.2806518
0,0.27209696
0,0.26626635
0,0.2586945
0,0.26005283
0,0.25212234
0,0.24502839
0,0.2523058
0,0.28730196
0,0.25627878
0,0.24546354
0,0.24402483
0,0.24241383
0,0.2590351
0,0.27111423
0,0.26608318
0,0.27524346
0,0.27263463
0,0.27221033
0,0.2883698
0,0.28089106
0,0.29756352
0,0.29652947
0,0.29554003
0,0.31821746
0,0.35479274
0,0.31311443
0,0.32727236
0,0.32244125
0,0.31126308
0,0.31785393
0,0.3035776
0,0.31266975
0,0.30920193
0,0.29605025
0,0.2905421
0,0.28595963
0,0.26847324
0,0.30822358
0,0.2971151
0,0.27525282
0,0.30078
0,0.28267086
0,0.26881707
0,0.27093655
0,0.26527676
0,0.28798226
0,0.3071541
0,0.29430863
0,0.2872604
0,0.26622492
0,0.28421044
0,0.26952407
0,0.2626444
0,0.35857028
0,0.33732918
0,0.34592888
0,0.31697246
0,0.29108676
0,0.2822197
0,0.29232156
0,0.2793696
0,0.27163067
0,0.26866794
0,0.2644769
0,0.24023579
0,0.23498656
0,0.22463477
0,0.22211821
0,0.22912142
0,0.22955763
0,0.22186713
0,0.22572914
0,0.23143937
0,0.23040399
0,0.23643306
0,0.24134216
0,0.30887315
0,0.28191322
0,0.29502535
0,0.27064288
0,0.2753378
0,0.27116567
0,0.29644924
0,0.2953352
0,0.3052549
0,0.27994123
0,0.28124222
0,0.2900445
0,0.2920786
0,0.2845541
0,0.29229435
0,0.28118894
0,0.28216362
0,0.2768769
0,0.289462
0,0.3059291
0,0.31689346
0,0.3010796
0,0.2981946
0,0.28607497
0,0.28033477
0,0.28776065
0,0.2869045
0,0.27896887
0,0.28279725
0,0.32085246
0,0.3053322
0,0.29686525
0,0.2945127
0,0.2889245
0,0.28771934
0,0.29962936
0,0.28808704
0,0.28275752
0,0.27181998
0,0.2702168
0,0.2757141
0,0.28811467
0,0.27374664
0,0.26740843
0,0.28648338
0,0.27020198
0,0.29945046
0,0.2806751
0,0.32367408
0,0.4092465
0,0.6071575
0,0.48232442
0,0.6595119
0,0.77012366
0,0.9741582
0,0.9628147
0,0.95356494
0,0.9215395
0,0.87220114
0,0.7914103
0,0.6751437
0,0.60999084
0,0.5597081
0,0.49377272
0,0.45311517
0,0.4024553
0,0.36136782
0,0.29982412
0,0.2558065
0,0.20391764
0,0.17900458
0,0.19392079
0,0.1877661
0,0.22694528
0,0.21139994
0,0.2432326
0,0.27168137
0,0.3789625
0,0.33950096
0,0.3098087
0,0.33095068
0,0.4500328
0,0.3567514
0,0.24069424
0,0.32585472
0,0.29689837
0,0.26727226
0,0.19453357
0,0.20976886
0,0.2000167
0,0.17390354
0,0.41851228
0,0.3844627
0,0.34657627
0,0.5408926
0,0.38808736
0,0.33808365
0,0.44991112
0,0.59978306
0,0.61551344
0,0.46361294
0,0.415416
0,0.46173912
0,0.36455616
0,0.43703756
0,0.61594355
0,0.7531055
0,0.5523433
0,0.6730453
0,0.5215817
0,0.62671417
0,0.48507738
0,0.3525397
0,0.28166604
0,0.23014241
0,0.18155661
0,0.16436774
0,0.1620706
0,0.14579639
0,0.13253346
0,0.16297676
0,0.16234185
0,0.25168234
0,0.32732353
0,0.20898023
0,0.16278167
0,0.19258395
0,0.15935555
0,0.14621066
0,0.1422625
0,0.12900434
0,0.12634653
0,0.1241859
0,0.123013094
0,0.12846766
0,0.123298496
0,0.13365784
0,0.13558786
0,0.15242116
0,0.16557822
0,0.16788462
0,0.16477308
0,0.17575839
0,0.18782647
0,0.18976517
0,0.20369874
0,0.21925838
0,0.2344118
0,0.25764668
0,0.3575627
0,0.34017494
0,0.463765
0,0.425818
0,0.3760895
0,0.41218096
0,0.52117926
0,0.42359486
0,0.32255766
0,0.340422
0,0.6301286
0,0.4715576
0,0.45427132
0,0.29508388
0,0.23280832
0,0.18281308
0,0.22969861
0,0.16657764
0,0.14966618
0,0.14608113
0,0.13599283
0,0.13269998
0,0.1308341
0,0.13517372
0,0.12950832
0,0.12642814
0,0.12914729
0,0.13095854
0,0.13589424
0,0.14212942
0,0.14244829
0,0.15363371
0,0.15429299
0,0.16375257
0,0.1729611
0,0.19649723
0,0.21592407
0,0.2177075
0,0.22565635
0,0.23580427
0,0.2863824
0,0.30114582
0,0.33930567
0,0.31050715
0,0.2946747
0,0.2969745
0,0.2695996
0,0.2585669
0,0.28189233
0,0.39035928
0,0.3169536
0,0.33850163
0,0.30398428
0,0.30451903
0,0.29155353
0,0.2777788
0,0.28895336
0,0.308757
0,0.29442897
0,0.2711032
0,0.27089226
0,0.267208
0,0.26688597
0,0.26243064
0,0.26839447
0,0.34035245
0,0.31300005
0,0.2849711
0,0.29712772
0,0.28885612
0,0.29605728
0,0.29635692
0,0.28764507
0,0.2941219
0,0.27435726
0,0.27676225
0,0.28692365
0,0.28686732
0,0.3026271
0,0.28534514
0,0.27066875
0,0.2851661
0,0.28603086
0,0.30058345
0,0.29517743
0,0.29702747
0,0.28437275
0,0.28986627
0,0.27387935
0,0.29952255
0,0.3078968
0,0.290573
0,0.290576
0,0.28958923
0,0.28750968
0,0.2921208
0,0.2952024
0,0.2834397
0,0.31203273
0,0.30581528
0,0.28221822
0,0.29720974
0,0.28916758
0,0.2984073
0,0.2988061
0,0.31547928
0,0.34925398
0,0.29032725
0,0.3383346
0,0.3025769
0,0.28176695
0,0.30434904
0,0.29817778
0,0.29725245
0,0.28625965
0,0.28080994
0,0.28739727
0,0.27794713
0,0.2632943
0,0.26549563
0,0.28125194
0,0.2692487
0,0.2788696
0,0.27692184
0,0.2770343
0,0.26999757
0,0.26818058
0,0.2760215
0,0.2803224
0,0.29263023
0,0.29624388
0,0.29069042
0,0.28931496
0,0.2765044
0,0.2755163
0,0.28409037
0,0.2854506
0,0.28136718
0,0.26970527
0,0.26610476
0,0.26826677
0,0.28362364
0,0.26779237
0,0.3084777
0,0.3000867
0,0.29363024
0,0.28240952
0,0.27950963
0,0.28420138
0,0.2679851
0,0.27326038
0,0.2867496
0,0.2746238
0,0.28482664
0,0.26421374
0,0.26887882
0,0.2829266
0,0.2846012
0,0.35888782
0,0.31542256
0,0.31887203
0,0.3003434
0,0.30803204
0,0.284642
0,0.27964464
0,0.28279638
0,0.27551165
0,0.27751577
0,0.2829434
0,0.28066722
0,0.27006203
0,0.2655113
0,0.2617866
0,0.27422753
0,0.26270947
0,0.2812595
0,0.31958055
0,0.3084782
0,0.29149494
0,0.28586
0,0.28479686
0,0.29431707
0,0.29242337
0,0.29323477
0,0.2820718
0,0.27807635
0,0.28637826
0,0.27983966
0,0.28641817
0,0.29165658
0,0.29103014
0,0.2897875
0,0.28754312
0,0.29585484
0,0.29361606
0,0.32454172
0,0.2876164
0,0.28757164
0,0.28560868
0,0.27341792
0,0.27691028
0,0.26023313
0,0.27177233
0,0.27928382
0,0.3032138
0,0.2867125
0,0.33900878
0,0.3153709
0,0.29690403
0,0.27522445
0,0.31463635
0,0.30584893
0,0.28992027
0,0.2799854
0,0.2773438
0,0.27376372
0,0.29406634
0,0.27876568
0,0.27430925
0,0.3465465
0,0.29624197
0,0.29691485
0,0.29442173
0,0.30288166
0,0.26958534
0,0.29560348
0,0.28613642
0,0.3009734
0,0.301305
0,0.30391374
0,0.285293
0,0.28477544
0,0.29427212
0,0.28105125
0,0.2932224
0,0.27648637
0,0.27294558
0,0.30433735
0,0.29648998
0,0.2991119
0,0.29588383
0,0.28549162
0,0.27023116
0,0.2748784
0,0.28458396
0,0.28785852
0,0.29217234
0,0.2802638
0,0.29986593
0,0.28600696
0,0.27173176
0,0.28261116
0,0.275639
0,0.28809664
0,0.2693578
0,0.26613533
0,0.27516785
0,0.27100012
0,0.28041175
0,0.28142837
0,0.2727638
0,0.29931605
0,0.28012842
0,0.66160494
0,0.4764406
0,0.3876515
0,0.34298068
0,0.31514135
0,0.32175377
0,0.33176214
0,0.30382183
0,0.29822233
0,0.30111107
0,0.28363076
0,0.5196289
0,0.38419268
0,0.37926027
0,0.32395923
0,0.2835319
0,0.24522807
0,0.19366258
0,0.16281046
0,0.1447335
0,0.14547954
0,0.13685486
0,0.47243708
0,0.31581947
0,0.31003892
0,0.2195541
0,0.1780196
0,0.16000819
0,0.1506814
0,0.14125626
0,0.15014923
0,0.14807847
0,0.14927304
0,0.14305946
0,0.14559506
0,0.13836746
0,0.13430978
0,0.14289656
0,0.14085999
0,0.14443207
0,0.15460809
0,0.16224232
0,0.18614216
0,0.1751813
0,0.17968154
0,0.18814932
0,0.1921156
0,0.20223548
0,0.21328771
0,0.21878842
0,0.2367757
0,0.23650149
0,0.28033653
0,0.27467915
0,0.29491827
0,0.27964985
0,0.29882354
0,0.27346757
0,0.27182803
0,0.2717608
0,0.26968318
0,0.29198965
0,0.31235698
0,0.3405046
0,0.2979145
0,0.27541137
0,0.288127
0,0.27549952
0,0.266379
0,0.2757085
0,0.27721208
0,0.29208577
0,0.3191174
0,0.28143066
0,0.29722282
0,0.28009412
0,0.29395807
0,0.28817257
0,0.29530495
0,0.297282
0,0.29692343
0,0.28635973
0,0.2831625
0,0.28461146
0,0.28288987
0,0.28319818
0,0.28294864
0,0.2857372
0,0.27441764
0,0.27432463
0,0.28400367
0,0.2776719
0,0.31214082
0,0.29192424
0,0.30154258
0,0.29425633
0,0.27961925
0,0.27887014
0,0.28305334
0,0.27261323
0,0.28152204
0,0.28694513
0,0.2849027
0,0.2831985
0,0.28289068
0,0.29352024
0,0.284863
0,0.2742553
0,0.2671959
0,0.28159368
0,0.2947194
0,0.34118363
0,0.31048018
0,0.30747902
0,0.29266912
0,0.2734126
0,0.6831571
0,0.48528653
0,0.41228956
0,0.35466483
0,0.36164376
0,0.32047966
0,0.31821662
0,0.28332233
0,0.28825957
0,0.2744381
0,0.26763076
0,0.25736693
0,0.25445426
0,0.24597238
0,0.23702641
0,0.22458519
0,0.22235882
0,0.21968944
0,0.22469026
0,0.21062118
0,0.22347566
0,0.23916554
0,0.23517372
0,0.24025834
0,0.25183687
0,0.28497672
0,0.28680268
0,0.28368613
0,0.27977365
0,0.26653922
0,0.27693823
0,0.29099697
0,0.3102246
0,0.30236197
0,0.32725236
0,0.31105992
0,0.30771455
0,0.30291438
0,0.28473872
0,0.2805106
0,0.28790992
0,0.33446327
0,0.30886975
0,0.29372704
0,0.28556338
0,0.2798211
0,0.28900725
0,0.2933137
0,0.28917208
0,0.28665748
0,0.2951183
0,0.26980895
0,0.29312557
0,0.27544233
0,0.33137426
0,0.32185027
0,0.30407223
0,0.2974708
0,0.28164268
0,0.2662358
0,0.26712692
0,0.2759725
0,0.27795094
0,0.27913848
0,0.2732735
0,0.27936098
0,0.295909
0,0.3313723
0,0.2981515
0,0.31398425
0,0.27871263
0,0.27216434
0,0.2680216
0,0.29787487
0,0.29317024
0,0.29880887
0,0.30218214
0,0.27110672
0,0.2720149
0,0.29494938
0,0.2920771
0,0.31716058
0,0.33550048
0,0.30493596
0,0.302409
0,0.29023924
0,0.28506282
0,0.34253904
0,0.33750236
0,0.35352504
0,0.3286642
0,0.34248617
0,0.3120586
0,0.28901568
0,0.3034627
0,0.32722735
0,0.2972862
0,0.2963552
0,0.34797612
0,0.28586668
0,0.28496408
0,0.27007613
0,0.25202602
0,0.23154955
0,0.24667463
0,0.21219064
0,0.20091023
0,0.19842881
0,0.19430643
0,0.19436176
0,0.19215772
0,0.20319866
0,0.20556004
0,0.19758694
0,0.20275156
0,0.20216702
0,0.20927028
0,0.23000683
0,0.25957656
0,0.26527524
0,0.26290467
0,0.26717818
0,0.29211053
0,0.2659657
0,0.2752352
0,0.2775876
0,0.28854287
0,0.27170485
0,0.2927808
0,0.28994447
0,0.26843312
0,0.2852958
0,0.26913995
0,0.33033058
0,0.32267937
0,0.34255084
0,0.3366089
0,0.3207825
0,0.28744566
0,0.29277003
0,0.28423998
0,0.27993056
0,0.2970101
0,0.28139558
0,0.27684405
0,0.2744972
0,0.2930549
0,0.27714604
0,0.28798735
0,0.2677506
0,0.2858836
0,0.2721217
0,0.27815533
0,0.28735957
0,0.2848619
0,0.2851674
0,0.28341344
0,0.2956878
0,0.31002986
0,0.3486223
0,0.32264474
0,0.30567363
0,0.28535396
0,0.2985827
0,0.28869647
0,0.2897184
0,0.35869682
0,0.33951977
0,0.3234365
0,0.3025133
0,0.28963348
0,0.2957532
0,0.29427093
0,0.29287443
0,0.3159398
0,0.28877318
0,0.30360222
0,0.29203984
0,0.2901447
0,0.28587636
0,0.27079543
0,0.27124608
0,0.26465076
0,0.27825403
0,0.28133935
0,0.2665573
0,0.2702581
0,0.27367532
0,0.27642867
0,0.30123302
0,0.2878334
0,0.29594427
0,0.28844368
0,0.2854511
0,0.27497694
0,0.27813885
0,0.28499585
0,0.2759246
0,0.27800798
0,0.29894015
0,0.29366294
0,0.29242843
0,0.3105544
0,0.29774156
0,0.28690934
0,0.2926786
0,0.28148213
0,0.27673927
0,0.30161086
0,0.29158476
0,0.2910532
0,0.29337025
0,0.28924257
0,0.2755521
0,0.29925722
0,0.296273
0,0.31454793
0,0.28924012
0,0.27914327
0,0.30781165
0,0.29591277
0,0.29161155
0,0.2977318
0,0.29000336
0,0.30979642
0,0.28026482
0,0.3182562
0,0.29402626
0,0.2999619
0,0.29969725
0,0.30611014
0,0.28898188
0,0.28665408
0,0.27067712
0,0.27372897
0,0.27353793
0,0.2841184
0,0.3168106
0,0.3037309
0,0.2996382
0,0.30187464
0,0.29945886
0,0.2952367
0,0.28587347
0,0.16101389
0,0.17370939
0,0.17486617
0,0.17245518
0,0.18617146
0,0.29424536
0,0.27199057
0,0.25895366
0,0.2906169
0,0.25988826
0,0.23557754
0,0.21623674
0,0.20781009
0,0.2049275
0,0.2268994
0,0.2254405
0,0.22068307
0,0.22256379
0,0.25078106
0,0.2639978
0,0.26847643
0,0.2974424
0,0.27320573
0,0.258327
0,0.27564326
0,0.26501748
0,0.26726735
0,0.27772564
0,0.27945793
0,0.29242456
0,0.29464498
0,0.3138578
0,0.29616964
0,0.27839097
0,0.27639273
0,0.28167182
0,0.2974955
0,0.28705928
0,0.3131345
0,0.31818977
0,0.29969302
0,0.2897479
0,0.31249857
0,0.28754434
0,0.27321786
0,0.31315613
0,0.31439853
0,0.28962487
0,0.28489676
0,0.27950057
0,0.2855474
0,0.31229603
0,0.296012
0,0.2918287
0,0.29011688
0,0.2878932
0,0.27633214
0,0.29388762
0,0.30245394
0,0.30682755
0,0.30670813
0,0.29545328
0,0.26831883
0,0.28040394
0,0.27999255
0,0.2678129
0,0.26662138
0,0.27303952
0,0.2760924
0,0.27928603
0,0.6395576
0,0.44909057
0,0.38535985
0,0.33140168
0,0.3320723
0,0.30631268
0,0.29513773
0,0.28777206
0,0.27753365
0,0.29163903
0,0.3002006
0,0.31174567
0,0.76766276
0,0.6183066
0,0.5082216
0,0.44293827
0,0.38247812
0,0.30936286
0,0.289595
0,0.21019088
0,0.16743572
0,0.16129239
0,0.16898835
0,0.15819469
0,0.14657702
0,0.14016618
0,0.13712916
0,0.13386601
0,0.13447577
0,0.13579108
0,0.13178937
0,0.13415524
0,0.13635273
0,0.13380076
0,0.13526878
0,0.13565364
0,0.13423853
0,0.14070275
0,0.15354286
0,0.16564253
0,0.18758644
0,0.20371486
0,0.299527
0,0.29827663
0,0.28584227
0,0.30859685
0,0.31872076
0,0.32766336
0,0.30534744
0,0.3020649
0,0.2849906
0,0.2902372
0,0.2857821
0,0.27540085
0,0.29447097
0,0.3000974
0,0.30387673
0,0.29912466
0,0.2843881
0,0.2907564
0,0.3496248
0,0.32302538
0,0.29715234
0,0.291054
0,0.29629236
0,0.27916268
0,0.27136776
0,0.27701548
0,0.2757141
0,0.30047488
0,0.34257495
0,0.3232349
0,0.2979492
0,0.28814226
0,0.29231238
0,0.30790457
0,0.3106465
0,0.3038522
0,0.32488516
0,0.29187235
0,0.63288164
0,0.5182821
0,0.414966
0,0.3664151
0,0.3327889
0,0.32098994
0,0.2892137
0,0.28586265
0,0.24578556
0,0.19740842
0,0.17378512
0,0.1633203
0,0.14659569
0,0.15555815
0,0.14760412
0,0.13994929
0,0.14291842
0,0.141613
0,0.1479387
0,0.14532775
0,0.16270263
0,0.15518625
0,0.14466515
0,0.13422935
0,0.13103175
0,0.13293958
0,0.13096306
0,0.14028914
0,0.14879881
0,0.16145705
0,0.24422295
0,0.24998234
0,0.24219777
0,0.25382176
0,0.25313354
0,0.25742805
0,0.2893655
0,0.27402318
0,0.29059792
0,0.2845523
0,0.2919987
0,0.29746115
0,0.2776755
0,0.29631037
0,0.30985743
0,0.3079924
0,0.30112746
0,0.3051338
0,0.3059108
0,0.30408594
0,0.30387843
0,0.3030005
0,0.2964221
0,0.30314532
0,0.33693013
1,0.30009827
1,0.29717743
1,0.28667566
1,0.28463805
1,0.2894769
1,0.27920902
1,0.29935318
1,0.30611506
1,0.29529667
1,0.63027215
1,0.47441345
1,0.38814616
1,0.3646036
1,0.3194229
1,0.29028714
0,0.9686364
0,0.9945772
0,0.97641075
0,0.9573786
0,0.9210188
0,0.8793101
0,0.8085939
0,0.7447345
0,0.67365766
0,0.661621
0,0.5817174
0,0.49458522
0,0.40338287
0,0.3759124
0,0.35082415
0,0.28007528
0,0.23124358
0,0.19906878
0,0.19766928
0,0.18829246
0,0.20267218
0,0.17198108
0,0.15008885
0,0.13844274
0,0.13350268
0,0.124229774
0,0.12507275
0,0.12590371
0,0.15064996
0,0.14041975
0,0.22524586
0,0.2890894
0,0.27223203
0,0.3042882
0,0.30336055
0,0.3030471
0,0.29212016
0,0.29983467
0,0.33985382
0,0.30642858
0,0.28463662
0,0.27986208
0,0.29353854
0,0.30015326
0,0.27969015
0,0.2832532
0,0.29514182
0,0.2785233
0,0.27586687
0,0.28179035
0,0.27533087
0,0.26792413
0,0.28557408
0,0.27746704
0,0.295242
0,0.27996218
0,0.29034463
0,0.28945443
0,0.31662053
0,0.28672245
0,0.288741
0,0.32380322
0,0.2987714
0,0.27786002
0,0.27344242
0,0.26959503
0,0.2686096
0,0.2837372
0,0.33197838
0,0.31614223
0,0.29939646
0,0.29229364
0,0.2909431
0,0.30426517
0,0.29077777
0,0.29233545
0,0.27967194
0,0.287854
0,0.28899246
0,0.27990276
0,0.27947548
0,0.27391636
0,0.29122415
0,0.29012424
0,0.29431823
0,0.3005269
0,0.32095504
0,0.2934883
0,0.2754213
0,0.2860693
0,0.27622765
0,0.29053783
0,0.29404894
0,0.27926293
0,0.2692515
0,0.2882598
0,0.28421095
0,0.2850153
0,0.28343338
0,0.2780614
0,0.28802824
0,0.30125368
0,0.27988622
0,0.2859349
0,0.27755943
0,0.30009267
0,0.28694004
0,0.27991366
0,0.31650037
0,0.32132208
0,0.31527674
0,0.286677
0,0.29310116
0,0.28042626
0,0.27501178
0,0.28572097
0,0.2891272
0,0.28946033
0,0.291548
0,0.27567467
0,0.28078544
0,0.2859367
0,0.27105057
0,0.34983483
0,0.31092438
0,0.3041036
0,0.3146859
0,0.29340497
0,0.2822021
0,0.28565463
0,0.28631264
0,0.3273996
0,0.30880266
0,0.301772
0,0.27371883
0,0.29238352
0,0.27579954
0,0.2860206
0,0.28889284
0,0.29382312
0,0.284804
0,0.28371605
0,0.27092028
0,0.2907045
0,0.2934703
0,0.31576413
0,0.30676973
0,0.3017925
0,0.29128763
0,0.30203208
0,0.30461437
0,0.29361418
0,0.28513724
0,0.29679853
0,0.3054651
0,0.3117806
0,0.29234546
0,0.28526297
0,0.28028435
0,0.30152246
0,0.28691083
0,0.2727619
0,0.27688864
0,0.27669817
0,0.28545985
0,0.2954009
0,0.27868113
0,0.27237633
0,0.2728389
0,0.26679203
0,0.2750373
0,0.28261963
0,0.33338916
0,0.33592296
0,0.3137711
0,0.2951229
0,0.3080052
0,0.29304454
0,0.29259017
0,0.287066
0,0.3170962
0,0.30996162
0,0.28870198
0,0.28168455
0,0.31441593
0,0.3097553
0,0.30964908
0,0.31075847
0,0.29666406
0,0.30173263
0,0.3080692
0,0.28380543
0,0.29430887
0,0.29999018
0,0.31167835
0,0.28166646
0,0.2917236
0,0.2918775
0,0.2947689
0,0.28335252
0,0.27113172
0,0.28483513
0,0.29343483
0,0.29288766
0,0.28528258
0,0.2755151
0,0.28172594
0,0.2853414
0,0.2934283
0,0.3746131
0,0.37127244
0,0.3419349
0,0.32355273
0,0.30498385
0,0.2928112
0,0.3134364
0,0.32216662
0,0.3094444
0,0.2957728
0,0.30623588
0,0.28270027
0,0.27428323
0,0.26923728
0,0.25945228
0,0.26931703
0,0.279738
0,0.26082096
0,0.27138868
0,0.29961574
0,0.26715946
0,0.26440975
0,0.25718284
0,0.25351363
0,0.24652752
0,0.27095687
0,0.2741055
0,0.26544857
0,0.24888141
0,0.25957683
0,0.27819753
0,0.29106686
0,0.29178455
0,0.30129254
0,0.29368794
0,0.29418743
0,0.29829058
0,0.2806368
0,0.28778097
0,0.27279615
0,0.2884131
0,0.28099298
0,0.29823726
0,0.29162642
0,0.2708102
0,0.2716845
0,0.2694312
0,0.2815441
0,0.32142308
0,0.2939478
0,0.28471902
0,0.30572495
0,0.30805656
0,0.2896752
0,0.2868029
0,0.30023348
0,0.30829865
0,0.30244634
0,0.29858384
0,0.27571803
0,0.28801498
0,0.28803626
0,0.2893268
0,0.283699
0,0.28641266
0,0.28694093
0,0.27636954
0,0.31971976
0,0.29824892
0,0.29153413
0,0.29316154
0,0.27837753
0,0.2955603
0,0.29735494
0,0.29796427
0,0.31112707
0,0.2931814
0,0.29115382
0,0.3135582
0,0.2983607
0,0.2909179
0,0.2925121
0,0.29477015
0,0.2923833
0,0.2777611
0,0.29457223
0,0.2856193
0,0.3415782
0,0.30310926
0,0.3053201
0,0.29153162
0,0.27906194
0,0.28014207
0,0.2871274
0,0.28982127
0,0.3033091
0,0.29652244
0,0.28920278
0,0.3283811
0,0.28478122
0,0.28208056
0,0.28906792
0,0.28352588
0,0.291575
0,0.31042504
0,0.30279437
0,0.34037712
0,0.35320064
0,0.34029558
0,0.3392362
0,0.30515158
0,0.2994521
0,0.31112713
0,0.31361207
0,0.2812178
0,0.27443123
0,0.27200186
0,0.27728683
0,0.27898183
0,0.26833782
0,0.25428906
0,0.24624074
0,0.25923532
0,0.25985688
0,0.24826339
0,0.24711134
0,0.24257857
0,0.25076658
0,0.25016323
0,0.23492034
0,0.24399598
0,0.2424347
0,0.2501527
0,0.2782191
0,0.27830812
0,0.28335863
0,0.2795954
0,0.28992504
0,0.29025042
0,0.29270306
0,0.29102185
0,0.28085113
0,0.29817387
0,0.3198382
0,0.3172069
0,0.31249675
0,0.29923195
0,0.34321812
0,0.33369815
0,0.32103556
0,0.29234743
0,0.28993797
0,0.2980165
0,0.29198328
0,0.29620284
0,0.27829322
0,0.31413904
0,0.29409188
0,0.29185787
0,0.31147313
0,0.2885175
0,0.28211156
0,0.3345599
0,0.30769765
0,0.29561794
0,0.2771527
0,0.2605725
0,0.26051435
0,0.27440506
0,0.26878175
0,0.2737066
0,0.26640671
0,0.26840514
0,0.2678313
0,0.2778026
0,0.27156377
0,0.28706494
0,0.3098114
0,0.29570568
0,0.28860685
0,0.28506267
0,0.29148528
0,0.301371
0,0.289506
0,0.28599647
0,0.27085564
0,0.2720123
0,0.2875277
0,0.28583077
0,0.28779835
0,0.30713585
0,0.27923754
0,0.30815476
0,0.29557288
0,0.2894413
0,0.3163822
0,0.3050147
0,0.31726536
0,0.34268805
0,0.33308044
0,0.3277764
0,0.31311527
0,0.3162362
0,0.29264185
0,0.29392165
0,0.29255694
0,0.29029393
0,0.29198462
0,0.3063333
0,0.28422546
0,0.28472203
0,0.28749081
0,0.29512405
0,0.2719024
0,0.2791952
0,0.2611408
0,0.26707515
0,0.26556936
0,0.2507577
0,0.25307214
0,0.62328136
0,0.42949516
0,0.3574535
0,0.30848056
0,0.266717
0,0.24341808
0,0.24553685
0,0.24603361
0,0.25444594
0,0.23453541
0,0.20466249
0,0.19555649
0,0.18866387
0,0.16451122
0,0.15300196
0,0.14622664
0,0.13726103
0,0.19037916
0,0.15371387
0,0.14658387
0,0.15292594
0,0.14408188
0,0.1469025
0,0.14805932
0,0.14885499
0,0.15718815
0,0.15818632
0,0.16634095
0,0.16836005
0,0.18978703
0,0.28283352
0,0.29582474
0,0.30631745
0,0.30508998
0,0.28749365
0,0.28036442
0,0.27176064
0,0.27875504
0,0.2805764
0,0.2693813
0,0.28388375
0,0.30513045
0,0.30966616
0,0.28954646
0,0.28350082
0,0.30235294
0,0.28115237
0,0.29856908
0,0.30333245
0,0.32170394
0,0.29849285
0,0.2852293
0,0.2939402
0,0.2806177
0,0.28090662
0,0.29738733
0,0.29185772
0,0.27672195
0,0.27401963
0,0.27410397
0,0.27537382
0,0.26744273
0,0.2611155
0,0.28058398
0,0.27237114
0,0.2725562
0,0.2676314
0,0.28998247
0,0.28199995
0,0.2740099
0,0.32241973
0,0.28952894
0,0.28034678
0,0.55984026
0,0.39925173
0,0.39370072
0,0.32701513
0,0.3314025
0,0.3130817
0,0.31978974
0,0.32693747
0,0.32315654
0,0.36935493
0,0.35010546
0,0.330561
0,0.27649438
0,0.27756792
0,0.23928009
0,0.22848713
0,0.19086553
0,0.17549014
0,0.15663232
0,0.15534055
0,0.19604245
0,0.17467518
0,0.17833295
0,0.1998398
0,0.16839576
0,0.15179372
0,0.16007513
0,0.16240974
0,0.18292882
0,0.16775444
0,0.173355
0,0.16603085
0,0.1561311
0,0.15362518
0,0.15344527
0,0.14950712
0,0.15626949
0,0.15131584
0,0.15532619
0,0.14969487
0,0.15582615
0,0.15947753
0,0.15860476
0,0.16249618
0,0.17026386
0,0.16211282
0,0.16338411
0,0.16683362
0,0.16998266
0,0.19418763
0,0.20268635
0,0.21035607
0,0.22783464
0,0.25354514
0,0.26099968
0,0.25595725
0,0.2604134
0,0.26935303
0,0.27656832
0,0.29618907
0,0.28248093
0,0.278985
0,0.33740976
0,0.29158822
0,0.33218393
0,0.29692194
0,0.2882882
0,0.29283565
0,0.29222906
0,0.280789
0,0.27735588
0,0.2979322
0,0.29516044
0,0.29294413
0,0.3028416
0,0.3028452
0,0.29488158
0,0.34676328
0,0.31423372
0,0.33349437
0,0.3077714
0,0.28537774
0,0.28761175
0,0.27593338
0,0.2692138
0,0.27701694
0,0.27938035
0,0.3020813
0,0.27580753
0,0.28051156
0,0.263536
0,0.2735128
0,0.27178863
0,0.28020388
0,0.28134516
0,0.28889802
0,0.2702399
0,0.2704682
0,0.2702943
0,0.28402665
0,0.28441343
0,0.27961323
0,0.28405878
0,0.3242028
0,0.29272056
0,0.3195005
0,0.29529127
0,0.29910186
0,0.3089637
0,0.31324643
0,0.29788315
0,0.3112642
0,0.29117328
0,0.28302246
0,0.29287526
0,0.30816832
0,0.3092174
0,0.30006132
0,0.28640637
0,0.2786798
0,0.28954226
0,0.28129038
0,0.28611726
0,0.29223526
0,0.28825402
0,0.57112515
0,0.41237
0,0.412665
0,0.35696846
0,0.33503547
0,0.307383
0,0.3053123
0,0.2784799
0,0.30293533
0,0.27614272
0,0.2640575
0,0.24381849
0,0.22268097
0,0.21378635
0,0.19419189
0,0.18973641
0,0.1791353
0,0.1700548
0,0.15794002
0,0.14805755
0,0.14326665
0,0.14762585
0,0.1523424
0,0.15975927
0,0.16539565
0,0.17473403
0,0.1865688
0,0.20406155
0,0.21350767
0,0.22364111
0,0.29060292
0,0.29869798
0,0.29353973
0,0.27974114
0,0.27436808
0,0.2717428
0,0.30337334
0,0.3021809
0,0.27291393
0,0.27275282
0,0.273246
0,0.26750338
0,0.26458332
0,0.2762843
0,0.27770507
0,0.27983177
0,0.28308535
0,0.27062157
0,0.26640362
0,0.28486893
0,0.26937556
0,0.2794314
0,0.27098987
0,0.26526424
0,0.27303374
0,0.2752569
0,0.34625107
0,0.28947452
0,0.27704817
0,0.27096248
0,0.28737295
0,0.26830927
0,0.2739886
0,0.2724193
0,0.27308553
0,0.28325814
0,0.27972683
0,0.27361602
0,0.28420714
0,0.2613018
0,0.26792312
0,0.2740742
0,0.2700336
0,0.2674017
0,0.26659104
0,0.27003387
0,0.25345504
0,0.258922
0,0.2628105
0,0.27141464
0,0.26408637
0,0.27073982
0,0.27506652
0,0.2778184
0,0.26695982
0,0.25531262
0,0.25556096
0,0.25741735
0,0.26771954
0,0.26080713
0,0.2566956
0,0.2665405
0,0.25918674
0,0.2566796
0,0.25484422
0,0.25126395
0,0.26059896
0,0.26840675
0,0.26978904
0,0.27990058
0,0.28164738
0,0.26396164
0,0.26890847
0,0.26697323
0,0.28272405
0,0.27277446
0,0.28220418
0,0.29768258
0,0.26585016
0,0.2756673
0,0.2811807
0,0.28439838
0,0.27316862
0,0.2687746
0,0.2683213
0,0.26517817
0,0.26550138
0,0.2613955
0,0.2594611
0,0.25681078
0,0.26345253
0,0.25908196
0,0.25966576
0,0.2562297
0,0.25338975
0,0.2516426
0,0.2625968
0,0.25918907
0,0.27972212
0,0.2738107
0,0.27356786
0,0.2703869
0,0.25949958
0,0.27494663
0,0.25668928
0,0.26933894
0,0.28027877
0,0.2833013
0,0.27026084
0,0.26458877
0,0.25452065
0,0.2501893
0,0.2479476
0,0.25203782
0,0.2523694
0,0.24986826
0,0.24186291
0,0.24918845
0,0.24069266
0,0.24911329
0,0.25000855
0,0.2604867
0,0.25662836
0,0.26395062
0,0.26729584
0,0.26899245
0,0.2838124
0,0.27654126
0,0.2732687
0,0.27674347
0,0.27309528
0,0.28253955
0,0.2868245
0,0.2771724
0,0.27362832
0,0.28490746
0,0.27280164
0,0.27265504
0,0.2872997
0,0.28804892
0,0.27660832
0,0.27654997
0,0.27165556
0,0.27947202
0,0.27481085
0,0.28325135
0,0.2705605
0,0.28014353
0,0.26920283
0,0.25570178
0,0.25865164
0,0.25606284
0,0.26741856
0,0.25974458
0,0.27012286
0,0.26151282
0,0.26946622
0,0.25304684
0,0.25305697
0,0.25388932
0,0.26147994
0,0.34677416
0,0.3015994
0,0.29240984
0,0.274434
0,0.28163254
0,0.2795717
0,0.27238485
0,0.2724793
0,0.28124708
0,0.27279204
0,0.28456542
0,0.27232873
0,0.26110896
0,0.275949
0,0.2739304
0,0.2677431
0,0.26751277
0,0.26705083
0,0.2615704
0,0.2558365
0,0.24765363
0,0.26369417
0,0.25248104
0,0.25074023
0,0.25563356
0,0.25536606
0,0.25874797
0,0.25584275
0,0.25708395
0,0.25570178
0,0.26599047
0,0.2619422
0,0.2765763
0,0.27320823
0,0.28766197
0,0.2795307
0,0.2792535
0,0.25917402
0,0.2716039
0,0.28142282
0,0.27293503
0,0.28994027
0,0.27910835
0,0.26586708
0,0.27014267
0,0.27281895
0,0.25987437
0,0.2557677
0,0.26248598
0,0.27694753
0,0.26648572
0,0.25665787
0,0.25173753
0,0.2588916
0,0.25033307
0,0.2568916
0,0.25794932
0,0.25658944
0,0.2563814
0,0.26401845
0,0.2643072
0,0.2642742
0,0.26533374
0,0.2734668
0,0.26478693
0,0.27282178
0,0.26385438
0,0.26511437
0,0.27397862
0,0.26640016
0,0.26106048
0,0.27211505
0,0.26149672
0,0.28446713
0,0.27077278
0,0.253399
0,0.278317
0,0.27505052
0,0.28930008
0,0.2818879
0,0.2803803
0,0.28160217
0,0.26562095
0,0.2608655
0,0.257344
0,0.26620263
0,0.27662358
0,0.2709753
0,0.27385107
0,0.27203152
0,0.2828845
0,0.2763046
0,0.27663082
0,0.26488423
0,0.25650233
0,0.30025622
0,0.28033516
0,0.27538282
0,0.2605072
0,0.25982592
0,0.26225033
0,0.26228258
0,0.25109783
0,0.26758802
0,0.2639866
0,0.25480095
0,0.2561105
0,0.24852422
0,0.24527308
0,0.252258
0,0.26318493
0,0.25568196
0,0.25555462
0,0.26138827
0,0.25779855
0,0.26738107
0,0.2581918
0,0.28126216
0,0.27503955
0,0.2945474
0,0.264678
0,0.26414588
0,0.2590511
0,0.265997
0,0.25921085
0,0.25785348
0,0.26462173
0,0.267026
0,0.26536795
0,0.26691312
0,0.25036973
0,0.25030425
0,0.24604246
0,0.25571576
0,0.25670433
0,0.27543685
0,0.2578818
0,0.26152417
0,0.25862542
0,0.25735676
0,0.2663697
0,0.27164188
0,0.26392135
0,0.257929
0,0.26484844
0,0.2726019
0,0.25768098
0,0.2818704
0,0.2766147
0,0.26784918
0,0.2634639
0,0.26475537
0,0.28463328
0,0.26764032
0,0.2657368
0,0.26162505
0,0.24861266
0,0.25219607
0,0.26539204
0,0.28168294
0,0.27026558
0,0.2570506
0,0.25466517
0,0.24606712
0,0.25920832
0,0.26784924
0,0.26601472
0,0.26872024
0,0.27027255
0,0.26909602
0,0.2582876
0,0.25540242
0,0.26165807
0,0.26366523
0,0.25538313
0,0.25669503
0,0.25140473
0,0.25480932
0,0.25619894
0,0.2516632
0,0.2560151
0,0.2552397
0,0.26620802
0,0.261481
0,0.26126334
0,0.26244134
0,0.24846157
0,0.2489004
0,0.26099926
0,0.26805145
0,0.26892373
0,0.26803827
0,0.33458638
0,0.28429112
0,0.27267703
0,0.26903477
0,0.26850936
0,0.28580832
0,0.27837527
0,0.2843566
0,0.27623424
0,0.2620901
0,0.25862804
0,0.2539584
0,0.26022965
0,0.2563244
0,0.2557429
0,0.2603607
0,0.25998715
0,0.2460506
0,0.24555303
0,0.25820187
0,0.25867334
0,0.2585186
0,0.25902373
0,0.2582586
0,0.25554064
0,0.2533893
0,0.24823038
0,0.25550535
0,0.26430067
0,0.25684693
0,0.25816756
0,0.25921625
0,0.25538012
0,0.2503613
0,0.25100827
0,0.24859326
0,0.25748238
0,0.2699425
0,0.26941872
0,0.27210984
0,0.2571984
0,0.25658783
0,0.28006
0,0.25936833
0,0.2665054
0,0.26661333
0,0.27697626
0,0.2923708
0,0.2697991
0,0.27100086
0,0.25725466
0,0.25515485
0,0.2626282
0,0.26080096
0,0.2613028
0,0.25683418
0,0.26180577
0,0.25894633
0,0.26001266
0,0.24875379
0,0.25590238
0,0.24906348
0,0.25271592
0,0.2559833
0,0.25551784
0,0.25578874
0,0.24463144
0,0.2511317
0,0.27926123
0,0.2848687
0,0.26811916
0,0.26296076
0,0.25464028
0,0.26718035
0,0.2762251
0,0.27291158
0,0.26181537
0,0.2770747
0,0.2856932
0,0.27762693
0,0.26488104
0,0.2594196
0,0.2541626
0,0.27265286
0,0.26940182
0,0.2796205
0,0.2625057
0,0.26650712
0,0.25860766
0,0.2735005
0,0.2562946
0,0.2606121
0,0.2606109
0,0.25024202
0,0.25167358
0,0.25750253
0,0.2476783
0,0.25597966
0,0.24613436
0,0.2517556
0,0.2542609
0,0.2540401
0,0.25577945
0,0.24513046
0,0.23996322
0,0.24775998
0,0.24084854
0,0.25064617
0,0.2775012
0,0.25268748
0,0.2576778
0,0.2521372
0,0.2709845
0,0.25828725
0,0.26064712
0,0.2681919
0,0.27165967
0,0.26988122
0,0.28037283
0,0.27984637
0,0.26368546
0,0.25739002
0,0.2557114
0,0.257178
0,0.27200633
0,0.2665465
0,0.2686182
0,0.25566077
0,0.28018457
0,0.27149588
0,0.2788747
0,0.27302685
0,0.27160993
0,0.29425743
0,0.2777572
0,0.26114395
0,0.26985028
0,0.29424506
0,0.2762899
0,0.27029127
0,0.27910554
0,0.29669425
0,0.27977526
0,0.26314852
0,0.25542268
0,0.24922314
0,0.25199103
0,0.2860678
0,0.26377335
0,0.26504776
0,0.2633462
0,0.24985762
0,0.25258785
0,0.25147876
0,0.25297764
0,0.2708076
0,0.2605206
0,0.27907833
0,0.26567563
0,0.25999779
0,0.25252032
0,0.2520302
0,0.25161487
0,0.28623033
0,0.28620964
0,0.26323217
0,0.2958316
0,0.27949494
0,0.26921284
0,0.2592823
0,0.2554576
0,0.25336248
0,0.26243916
0,0.2609956
0,0.25907058
0,0.26620957
0,0.2624526
0,0.2780745
0,0.2687841
0,0.2646731
0,0.26271707
0,0.28104228
0,0.28034803
0,0.26978958
0,0.26610762
0,0.2618592
0,0.283544
0,0.28485635
0,0.26727977
0,0.27458856
0,0.2641928
0,0.26746902
0,0.25848284
0,0.2674917
0,0.2700424
0,0.28239095
0,0.27591223
0,0.2753136
0,0.27362472
0,0.26197582
0,0.25468752
0,0.26236507
0,0.26257136
0,0.2750251
0,0.26760542
0,0.27392432
0,0.30598295
0,0.28456086
0,0.27426618
0,0.27193677
0,0.26972976
0,0.26595655
0,0.2744016
0,0.29848418
0,0.2741571
0,0.25732744
0,0.2617047
0,0.26245183
0,0.27124864
0,0.2647341
0,0.26987872
0,0.27308285
0,0.26221478
0,0.2694205
0,0.2521969
0,0.28940403
0,0.2985245
0,0.30359736
0,0.30200315
0,0.2869535
0,0.28488123
0,0.27186778
0,0.265895
0,0.26098883
0,0.26601744
0,0.25466695
0,0.27664167
0,0.26384318
0,0.26351157
0,0.26430207
0,0.2692052
0,0.27034855
0,0.2690971
0,0.26353595
0,0.26273587
0,0.25746322
0,0.26518396
0,0.2517821
0,0.25251552
0,0.25264868
0,0.25703856
0,0.25383276
0,0.26222467
0,0.25718912
0,0.25504658
0,0.24615276
0,0.24038438
0,0.25602564
0,0.27309045
0,0.26853523
0,0.27330834
0,0.25869772
0,0.25699896
0,0.26239288
0,0.26738435
0,0.262936
0,0.3034242
0,0.28607407
0,0.28347993
0,0.2764506
0,0.2792075
0,0.2643463
0,0.29173198
0,0.26148838
0,0.26572576
0,0.25819612
0,0.26145115
0,0.26320952
0,0.25440398
0,0.2815879
0,0.25894257
0,0.27053162
0,0.2807337
0,0.2687373
0,0.276857
0,0.26561272
0,0.25976261
0,0.25926828
0,0.25146288
0,0.24911673
0,0.25282103
0,0.26613063
0,0.25729346
0,0.24729085
0,0.26970732
0,0.25772265
0,0.26561108
0,0.26005018
0,0.24874358
0,0.2616706
0,0.4005341
0,0.35985136
0,0.30809227
0,0.2893506
0,0.27882603
0,0.29044577
0,0.27938408
0,0.31123844
0,0.27812132
0,0.2717855
0,0.2648519
0,0.25816312
0,0.28522763
0,0.27025074
0,0.26975533
0,0.26912087
0,0.2709024
0,0.3157419
0,0.274354
0,0.30069286
0,0.2844105
0,0.27518615
0,0.27183154
0,0.26821753
0,0.25380674
0,0.24806966
0,0.24904901
0,0.25451866
0,0.24797335
0,0.2540569
0,0.2681495
0,0.2646872
0,0.2623224
0,0.24900347
0,0.2438422
0,0.26097032
0,0.25882965
0,0.25368273
0,0.24696055
0,0.26109168
0,0.27732417
0,0.3113469
0,0.27574602
0,0.27172783
0,0.28347307
0,0.29397812
0,0.28496283
0,0.26921618
0,0.25953364
0,0.25722438
0,0.25431198
0,0.25103417
0,0.25784948
0,0.26980856
0,0.2643222
0,0.27319193
0,0.27021444
0,0.2569789
0,0.25474748
0,0.25881132
0,0.27558738
0,0.28717923
0,0.29119444
0,0.29200923
0,0.2753841
0,0.26167992
0,0.26781717
0,0.25649583
0,0.2591419
0,0.29333985
0,0.27247652
0,0.29508874
0,0.39307493
0,0.30195454
0,0.29130876
0,0.29372787
0,0.28679124
0,0.28373098
0,0.27995065
0,0.28855613
0,0.26699784
0,0.25549847
0,0.26867038
0,0.26672605
0,0.2705158
0,0.26882604
0,0.2620002
0,0.26639688
0,0.26041952
0,0.2642242
0,0.26742575
0,0.2900179
0,0.27404922
0,0.26850262
0,0.26964906
0,0.25928706
0,0.26608455
0,0.25146705
0,0.24589317
0,0.2535926
0,0.2554552
0,0.2590752
0,0.2591377
0,0.27007002
0,0.25116897
0,0.2574268
0,0.25931507
0,0.25940815
0,0.25563556
0,0.26040787
0,0.2659275
0,0.27231154
0,0.25766483
0,0.256777
0,0.24559328
0,0.26227286
0,0.26342958
0,0.2659029
0,0.26558366
0,0.2666819
0,0.26279536
0,0.28774172
0,0.27394062
0,0.26182568
0,0.26555902
0,0.2618304
0,0.26125386
0,0.26227412
0,0.2535796
0,0.25129965
0,0.25855288
0,0.26082993
0,0.2594529
0,0.26148522
0,0.25223115
0,0.25955835
0,0.26881003
0,0.2497318
0,0.24964058
0,0.25198433
0,0.25242168
0,0.27785316
0,0.2738257
0,0.25792935
0,0.2679002
0,0.2595956
0,0.26676524
0,0.26787582
0,0.27101558
0,0.28465715
0,0.27521294
0,0.25782403
0,0.2528119
0,0.25038955
0,0.26268026
0,0.2618324
0,0.25633875
0,0.25923067
0,0.2639058
0,0.259721
0,0.26634032
0,0.2574037
0,0.26135483
0,0.26749402
0,0.26614588
0,0.2772162
0,0.27436435
0,0.25582469
0,0.25355482
0,0.27053925
0,0.28185314
0,0.2777286
0,0.27852905
0,0.2778323
0,0.26977217
0,0.2551194
0,0.26052502
0,0.25886005
0,0.25118533
0,0.27271512
0,0.2779651
0,0.29298264
0,0.27372086
0,0.26510963
0,0.25541005
0,0.26568878
0,0.28495598
0,0.29909843
0,0.28609166
0,0.2818627
0,0.26664144
0,0.25836527
0,0.25865525
0,0.25699872
0,0.24958102
0,0.24749441
0,0.2623519
0,0.25617364
0,0.24791227
0,0.25917718
0,0.24646862
0,0.24648191
0,0.25718546
0,0.2568423
0,0.2598536
0,0.2639739
0,0.25264156
0,0.25845748
0,0.2474374
0,0.26145795
0,0.2607148
0,0.26129243
0,0.2692619
0,0.24984923
0,0.25449184
0,0.2529865
0,0.27205762
0,0.26344678
0,0.2808297
0,0.27725652
0,0.27420208
0,0.2911881
0,0.27007297
0,0.26081756
0,0.28157583
0,0.26328203
0,0.25872442
0,0.26272082
0,0.25499585
0,0.26041204
0,0.26234123
0,0.2540545
0,0.29781657
0,0.2882702
0,0.29185018
0,0.31421635
0,0.28150398
0,0.30381897
0,0.2748588
0,0.28440383
0,0.26708198
0,0.29379576
0,0.2847798
0,0.2739282
0,0.27142754
0,0.2673218
0,0.29104602
0,0.27625388
0,0.28547135
0,0.2848901
0,0.2731381
0,0.26698813
0,0.27458516
0,0.2689378
0,0.25544238
0,0.2660268
0,0.27414635
0,0.27168754
0,0.28285366
0,0.2815852
0,0.27898997
0,0.2834935
0,0.25939924
0,0.2602632
0,0.27003768
0,0.27872378
0,0.26914665
0,0.27024645
0,0.2633907
0,0.2595991
0,0.24864537
0,0.27610308
0,0.2785252
0,0.28016597
0,0.2721448
0,0.26607034
0,0.26601538
0,0.2530888
0,0.25083274
0,0.27013183
0,0.26901686
0,0.261233
0,0.2628528
0,0.268685
0,0.29397452
0,0.2791334
0,0.26697683
0,0.26710656
0,0.27257702
0,0.28942728
0,0.28069016
0,0.29179326
0,0.29207057
0,0.26496756
0,0.27487656
0,0.27446276
0,0.26841205
0,0.27525395
0,0.27201167
0,0.29619676
0,0.345414
0,0.3043341
0,0.28702375
0,0.28377482
0,0.27035144
0,0.27065575
0,0.27027658
0,0.27912256
0,0.26226148
0,0.25449458
0,0.25067264
0,0.27341893
0,0.26367763
0,0.25989828
0,0.27342063
0,0.26263788
0,0.25591302
0,0.26930022
0,0.2592379
0,0.27047148
0,0.2744466
0,0.2661598
0,0.2659356
0,0.2649623
0,0.25825173
0,0.25502038
0,0.26244974
0,0.26514176
0,0.2682715
0,0.26927403
0,0.2644508
0,0.26800054
0,0.25546527
0,0.26562908
0,0.26711506
0,0.28171417
0,0.26459175
0,0.25922528
0,0.25615874
0,0.26946107
0,0.25482425
0,0.25828004
0,0.26050925
0,0.25766832
0,0.26971576
0,0.31176266
0,0.31443453
0,0.28731728
0,0.28075433
0,0.26121533
0,0.26618874
0,0.27495497
0,0.26516116
0,0.26930124
0,0.28621033
0,0.27845857
0,0.2693978
0,0.25868976
0,0.2533829
0,0.26426283
0,0.25878868
0,0.26116562
0,0.26517838
0,0.26881847
0,0.25741455
0,0.26662022
0,0.26062307
0,0.26137915
0,0.2762906
0,0.28627834
0,0.26707762
0,0.27136165
0,0.25462815
0,0.2607637
0,0.2747486
0,0.26504934
0,0.2638322
0,0.2538565
0,0.25315598
0,0.26683947
0,0.27200437
0,0.2660808
0,0.27459654
0,0.26649913
0,0.290264
0,0.28202045
0,0.26488295
0,0.26094764
0,0.25279292
0,0.26353657
0,0.26853016
0,0.27702352
0,0.2751429
0,0.27954715
0,0.26823166
0,0.27856904
0,0.25619724
0,0.28235668
0,0.27730346
0,0.27458665
0,0.28493425
0,0.2725812
0,0.26583132
0,0.2703075
0,0.26673418
0,0.28065747
0,0.27517036
0,0.2726029
0,0.2778372
0,0.27096978
0,0.2590585
0,0.31045863
0,0.2766606
0,0.31573907
0,0.28422034
0,0.2739513
0,0.26874772
0,0.25982192
0,0.25506878
0,0.24673694
0,0.29107407
0,0.26727206
0,0.25758016
0,0.25582796
0,0.24911264
0,0.24846038
0,0.26185095
0,0.26521695
0,0.26743966
0,0.26367652
0,0.26936194
0,0.27445224
0,0.27577373
0,0.26780397
0,0.28157187
0,0.2622829
0,0.28081453
0,0.2900396
0,0.27348983
0,0.27501297
0,0.26596668
0,0.26885286
0,0.2812655
0,0.25691846
0,0.26622918
0,0.27022222
0,0.28305873
0,0.2656568
0,0.2696477
0,0.2731875
0,0.27407992
0,0.2834153
0,0.2673535
0,0.26658034
0,0.28599155
0,0.28195447
0,0.2631997
0,0.25926536
0,0.49497837
0,0.5709141
0,0.8144348
0,0.9665501
0,0.93627596
0,0.95790035
0,0.94863445
0,0.9824224
0,0.96269083
0,0.9934676
0,0.984753
0,0.9762983
0,0.987989
0,0.97077143
0,0.980254
0,0.9894586
0,0.97714317
0,0.97062725
0,0.9018577
0,0.82521677
0,0.77313435
0,0.67368484
0,0.61421776
0,0.5294733
0,0.45907292
0,0.39975226
0,0.36549425
0,0.30016148
0,0.4173406
0,0.2902689
0,0.29540604
0,0.24894542
0,0.1699798
0,0.14965336
0,0.14560036
0,0.1409744
0,0.14121239
0,0.1344432
0,0.1361998
0,0.13291721
0,0.1242889
0,0.12772352
0,0.14355285
0,0.13502322
0,0.15842432
0,0.23257506
0,0.27764425
0,0.28049925
0,0.26276273
0,0.27068964
0,0.2833821
0,0.27305576
0,0.2716393
0,0.2749664
0,0.26623675
0,0.27878976
0,0.25691462
0,0.2564413
0,0.26073334
0,0.27794534
0,0.27210495
0,0.27913725
0,0.2656418
0,0.2619151
0,0.25729585
0,0.24866477
0,0.24849945
0,0.24672194
0,0.24471414
0,0.24699344
0,0.252028
0,0.26561588
0,0.24908595
0,0.27354324
0,0.25278053
0,0.26837143
0,0.2837778
0,0.2593188
0,0.2617515
0,0.26342025
0,0.2556203
0,0.2574315
0,0.27457005
0,0.25772917
0,0.25951552
0,0.26690927
0,0.26781267
0,0.26161397
0,0.27160338
0,0.28447795
0,0.27649394
0,0.26627707
0,0.29648876
0,0.27531663
0,0.273516
0,0.28876382
0,0.28721797
0,0.27528286
0,0.2746393
0,0.2608826
0,0.26484314
0,0.26232025
0,0.25518748
0,0.24993886
0,0.2524308
0,0.25465807
0,0.26202768
0,0.24951288
0,0.26624602
0,0.2612224
0,0.25507495
0,0.24498853
0,0.24081217
0,0.26016504
0,0.24840349
0,0.28501794
0,0.2754824
0,0.2724626
0,0.26429224
0,0.25260907
0,0.24972756
0,0.26082727
0,0.2562587
0,0.26725024
0,0.47090706
0,0.6570618
0,0.961064
0,0.9585117
0,0.933314
0,0.8920152
0,0.84832
0,0.7581104
0,0.64737487
0,0.5431292
0,0.49622387
0,0.3846453
0,0.34666893
0,0.288985
0,0.23498055
0,0.23668599
0,0.21179068
0,0.16784829
0,0.13910855
0,0.12847202
0,0.12304707
0,0.120140225
0,0.117442586
0,0.11521199
0,0.11860877
0,0.12568626
0,0.12443944
0,0.13044868
0,0.15467857
0,0.15611108
0,0.18951026
0,0.25394475
0,0.28077167
0,0.2823772
0,0.28279048
0,0.2692301
0,0.2640443
0,0.2778626
0,0.2772349
0,0.2734503
0,0.27866262
0,0.27144256
0,0.2613726
0,0.27478725
0,0.26595858
0,0.2745564
0,0.2952824
0,0.29607704
0,0.28873798
0,0.28146622
0,0.26512328
0,0.2557134
0,0.26383716
0,0.26143283
0,0.25517166
0,0.2509368
0,0.25515285
0,0.27010593
0,0.2562385
0,0.2524411
0,0.26807904
0,0.25955856
0,0.26491284
0,0.26532695
0,0.25800928
0,0.26944172
0,0.2551234
0,0.249507
0,0.24768175
0,0.25129646
0,0.25399527
0,0.25456896
0,0.26343104
0,0.2678478
0,0.26154414
0,0.2535729
0,0.255748
0,0.24949941
0,0.2482473
0,0.25164852
0,0.24513982
0,0.2501704
0,0.25991055
0,0.25623974
0,0.2592934
0,0.25843206
0,0.32440624
0,0.2912185
0,0.36199304
0,0.35513735
0,0.42191103
0,0.41953975
0,0.42325935
0,0.4102525
0,0.3523127
0,0.33189833
0,0.28961098
0,0.26324666
0,0.2628068
0,0.26716048
0,0.28747714
0,0.24015683
0,0.20582339
0,0.1852533
0,0.17616992
0,0.16542047
0,0.16123916
0,0.16021708
0,0.16378607
0,0.17246343
0,0.1837788
0,0.19206753
0,0.20254979
0,0.21441315
0,0.22088972
0,0.23642612
0,0.23428455
0,0.2549096
0,0.25320363
0,0.27039802
0,0.2612131
0,0.2507189
0,0.26508793
0,0.2751869
0,0.29252926
0,0.2952685
0,0.27919486
0,0.2826458
0,0.29182184
0,0.28233427
0,0.55349976
0,0.3823948
0,0.33459505
0,0.319953
0,0.29578832
0,0.27939722
0,0.28329992
0,0.27192897
0,0.25780383
0,0.28982943
0,0.2771728
0,0.28174922
0,0.26589608
0,0.27786127
0,0.2739062
0,0.26725823
0,0.2657395
0,0.26136616
0,0.2735212
0,0.25620615
0,0.25080973
0,0.24810408
0,0.25574636
0,0.24686098
0,0.25994882
0,0.33533937
0,0.33552355
0,0.3331079
0,0.53012884
0,0.3960465
0,0.3360763
0,0.29674125
0,0.29038936
0,0.2881939
0,0.28046966
0,0.28257313
0,0.27261966
0,0.27605098
0,0.2845435
0,0.28032452
0,0.26132655
0,0.2622352
0,0.25087965
0,0.25196424
0,0.24790585
0,0.35340753
0,0.32894275
0,0.58032614
0,0.47211397
0,0.63351023
0,0.778609
0,0.7831704
0,0.7836704
0,0.7076447
0,0.5532471
0,0.6364606
0,0.9356281
0,0.87136894
0,0.82497764
0,0.86731136
0,0.7036376
0,0.79301417
0,0.71329844
0,0.52213347
0,0.3977159
0,0.31282243
0,0.25920033
0,0.21558891
0,0.19543895
0,0.17582436
0,0.14266074
0,0.13131012
0,0.126434
0,0.123098224
0,0.122366115
0,0.124791436
0,0.11889335
0,0.12094916
0,0.12072543
0,0.12724379
0,0.13028774
0,0.13236992
0,0.1361028
0,0.14371504
0,0.15533857
0,0.19307858
0,0.22961287
0,0.25074586
0,0.24770935
0,0.26102573
0,0.2647639
0,0.25894147
0,0.26483053
0,0.2729091
0,0.28055495
0,0.25695404
0,0.25811076
0,0.26084656
0,0.26010376
0,0.28506982
0,0.25970864
0,0.2554623
0,0.26207608
0,0.25263524
0,0.25852638
0,0.27390152
0,0.2643377
0,0.2679681
0,0.2772894
0,0.26206577
0,0.2730188
0,0.267179
0,0.2618821
0,0.262144
0,0.25864488
0,0.26500833
0,0.26668578
0,0.2592891
0,0.25434917
0,0.25998393
0,0.2608269
0,0.25669074
0,0.25976884
0,0.25315475
0,0.25497344
0,0.25066847
0,0.25783762
0,0.25783104
0,0.25021285
0,0.25644252
0,0.26021144
0,0.25099584
0,0.2546553
0,0.24748446
0,0.24772261
0,0.2526735
0,0.24762766
0,0.26599282
0,0.25385576
0,0.2561896
0,0.24901144
0,0.23979083
0,0.24707292
0,0.24554718
0,0.2571492
0,0.2562854
0,0.25329414
0,0.26605904
0,0.32215402
0,0.2784998
0,0.26713616
0,0.2625929
0,0.25932753
0,0.26415274
0,0.26253033
0,0.25587445
0,0.2674078
0,0.25358212
0,0.25918022
0,0.2541836
0,0.25777707
0,0.24793488
0,0.2616744
0,0.2639051
0,0.26273578
0,0.25872856
0,0.25772962
0,0.2561407
0,0.25481364
0,0.2624264
0,0.25021517
0,0.25952762
0,0.2516
0,0.24297324
0,0.24647652
0,0.25250608
0,0.25598443
0,0.25112244
0,0.24849708
0,0.27381
0,0.2608095
0,0.24867363
0,0.24603866
0,0.25107905
0,0.24631892
0,0.25479046
0,0.26538703
0,0.26724118
0,0.25619343
0,0.2573297
0,0.26893964
0,0.2530601
0,0.26705852
0,0.26056224
0,0.2548208
0,0.25887325
0,0.25838348
0,0.2544759
0,0.2512507
0,0.24615197
0,0.25179923
0,0.2659158
0,0.27618477
0,0.25222936
0,0.2600262
0,0.26735932
0,0.2554216
0,0.26022154
0,0.2501329
0,0.25021785
0,0.2462973
0,0.24159929
0,0.23961242
0,0.26488185
0,0.27035567
0,0.27191222
0,0.27750286
0,0.28005716
0,0.28158808
0,0.27393475
0,0.26076207
0,0.3034487
0,0.2897309
0,0.2896969
0,0.28641146
0,0.28477985
0,0.28596872
0,0.26683345
0,0.26429424
0,0.27264106
0,0.26674417
0,0.27211013
0,0.2728934
0,0.2634728
0,0.25688767
0,0.2543933
0,0.25550464
0,0.2543489
0,0.25924048
0,0.25547093
0,0.25108463
0,0.261048
0,0.25246873
0,0.25291318
0,0.250787
0,0.26464677
0,0.26139137
0,0.26043665
0,0.24942413
0,0.25022763
0,0.29405335
0,0.30703765
0,0.29777938
0,0.29151273
0,0.2853104
0,0.2819408
0,0.28513366
0,0.28527462
0,0.28745934
0,0.2847565
0,0.27565175
0,0.2745053
0,0.26458183
0,0.2627852
0,0.26405004
0,0.27327582
0,0.255634
0,0.26015672
0,0.2651923
0,0.27133843
0,0.26937228
0,0.26691055
0,0.26277623
0,0.26854846
0,0.2637875
0,0.2618813
0,0.25832248
0,0.28245836
0,0.26751158
0,0.26153374
0,0.26624167
0,0.26941404
0,0.26668635
0,0.27723253
0,0.26502687
0,0.26587728
0,0.2746204
0,0.27973768
0,0.2813628
0,0.27631307
0,0.26717865
0,0.2570359
0,0.28831434
0,0.2700984
0,0.28987533
0,0.2765153
0,0.28383315
0,0.26678503
0,0.25712994
0,0.263666
0,0.26401967
0,0.25720042
0,0.27906367
0,0.27730033
0,0.2974839
0,0.27627274
0,0.26082763
0,0.26771063
0,0.257378
0,0.2578538
0,0.27548018
0,0.27502367
0,0.2669271
0,0.26362497
0,0.26590627
0,0.2686212
0,0.2594711
0,0.262695
0,0.25078493
0,0.24623021
0,0.25052977
0,0.25840077
0,0.26884243
0,0.26101926
0,0.26074824
0,0.27046874
0,0.2729039
0,0.27945104
0,0.2849453
0,0.26407886
0,0.29058298
0,0.28456667
0,0.2651582
0,0.26427194
0,0.27451614
0,0.26677224
0,0.26047605
0,0.25960708
0,0.2594194
0,0.26014984
0,0.25459492
0,0.26457915
0,0.25930354
0,0.258113
0,0.25716653
0,0.3232472
0,0.30664223
0,0.2946337
0,0.27446872
0,0.30742338
0,0.28603238
0,0.26951465
0,0.26538286
0,0.26883626
0,0.26064906
0,0.26421988
0,0.25628206
0,0.26152334
0,0.27935284
0,0.29808858
0,0.2824714
0,0.26792854
0,0.26388958
0,0.27265117
0,0.3551895
0,0.32706308
0,0.2954158
0,0.2844716
0,0.27355888
0,0.28074533
0,0.27852464
0,0.26692024
0,0.2622818
0,0.27209944
0,0.26190358
0,0.28985503
0,0.30664477
0,0.29241905
0,0.29674768
0,0.30436897
0,0.279811
0,0.2717464
0,0.26765263
0,0.27933562
0,0.26279175
0,0.28533927
0,0.2641026
0,0.26951316
0,0.26137882
0,0.26639464
0,0.28973988
0,0.29277423
0,0.26788598
0,0.25711566
0,0.25317603
0,0.2678428
0,0.273123
0,0.27554965
0,0.27054217
0,0.27021995
0,0.2639026
0,0.47999248
0,0.6557629
0,0.54809856
0,0.83613217
0,0.9262454
0,0.983283
0,0.9538014
0,0.95836157
0,0.8974899
0,0.8201821
0,0.6946684
0,0.5650042
0,0.45149794
0,0.3696011
0,0.3254085
0,0.26692617
0,0.2077548
0,0.16909471
0,0.15720281
0,0.14004785
0,0.13441645
0,0.13193682
0,0.12243454
0,0.117737666
0,0.12015607
0,0.119634576
0,0.12710987
0,0.12841472
0,0.12948005
0,0.1355872
0,0.14338574
0,0.1389727
0,0.1507077
0,0.18691953
0,0.2440216
0,0.29284173
0,0.2727383
0,0.27840596
0,0.2761528
0,0.26529324
0,0.3023862
0,0.33016396
0,0.34614295
0,0.33125523
0,0.30354294
0,0.32530752
0,0.30015782
0,0.28675646
0,0.2924662
0,0.2716517
0,0.28744724
0,0.26807672
0,0.2644494
0,0.26061225
0,0.26226065
0,0.25821793
0,0.25550184
0,0.26608896
0,0.2511055
0,0.2525711
0,0.25443462
0,0.24998954
0,0.2846027
0,0.27010876
0,0.27842596
0,0.26964647
0,0.2710087
0,0.28163645
0,0.27391523
0,0.2678634
0,0.2609858
0,0.27185068
0,0.27360103
0,0.27449855
0,0.26992944
0,0.27745032
0,0.2673336
0,0.26602116
0,0.25623405
0,0.26113507
0,0.2647872
0,0.25801072
0,0.285103
0,0.30446142
0,0.27228376
0,0.29161176
0,0.28026503
0,0.34962103
0,0.2978619
0,0.28380877
0,0.28613845
0,0.27844867
0,0.2713389
0,0.26653883
0,0.26461124
0,0.32960853
0,0.29187953
0,0.29637986
0,0.303147
0,0.31237513
0,0.28569686
0,0.2834976
0,0.2703192
0,0.28498662
0,0.29013228
0,0.30748475
0,0.28520307
0,0.27212015
0,0.27075073
0,0.32434395
0,0.30982894
0,0.28892547
0,0.2766454
0,0.2862921
0,0.27213904
0,0.28304538
0,0.26599365
0,0.267633
0,0.25767845
0,0.25911853
0,0.25800955
0,0.26392525
0,0.26213026
0,0.25463036
0,0.2611293
0,0.2597392
0,0.24925645
0,0.25661728
0,0.26589343
0,0.26320302
0,0.26129898
0,0.2506935
0,0.3908424
0,0.30746064
0,0.37462166
0,0.3204294
0,0.2912297
0,0.2995316
0,0.2768127
0,0.2722012
0,0.27175337
0,0.27009255
0,0.27517796
0,0.31354845
0,0.28980637
0,0.28451553
0,0.33318415
0,0.30266377
0,0.6177907
0,0.44215196
0,0.376507
0,0.3645199
0,0.33087373
0,0.91649824
0,0.83036184
0,0.7607423
0,0.67538786
0,0.52601683
0,0.42204565
0,0.31904668
0,0.2506824
0,0.19671203
0,0.1930736
0,0.19677457
0,0.16185391
0,0.1402153
0,0.13168484
0,0.12751134
0,0.12558138
0,0.12321283
0,0.12644978
0,0.12192227
0,0.123478346
0,0.12416805
0,0.13958518
0,0.15168053
0,0.16739663
0,0.18082012
0,0.23984376
0,0.2443307
0,0.26097023
0,0.25181478
0,0.2647349
0,0.26676422
0,0.27895868
0,0.26560482
0,0.2781537
0,0.26490045
0,0.26477188
0,0.25417382
0,0.25526306
0,0.2547173
0,0.25474346
0,0.2663846
0,0.25679153
0,0.26381567
0,0.25979868
0,0.33011094
0,0.28591615
0,0.2737376
0,0.26880533
0,0.27651164
0,0.2613139
0,0.26014444
0,0.25708604
0,0.26681688
0,0.25199845
0,0.25141272
0,0.3524579
0,0.29917347
0,0.281872
0,0.26625884
0,0.2616895
0,0.25031042
0,0.2522726
0,0.25860715
0,0.26118955
0,0.28607333
0,0.27377364
0,0.2686954
0,0.25722602
0,0.27082258
0,0.2616861
0,0.27418724
0,0.27105775
0,0.2681787
0,0.26386356
0,0.262592
0,0.25527027
0,0.27280682
0,0.26391307
0,0.27273074
0,0.26143697
0,0.25817236
0,0.26472333
0,0.25926635
0,0.252655
0,0.25317296
0,0.25383943
0,0.2518691
0,0.2463704
0,0.25398016
0,0.25100946
0,0.25235233
0,0.24631242
0,0.24927197
0,0.24366917
0,0.24009883
0,0.2754745
0,0.2641862
0,0.27335697
0,0.27000466
0,0.25423813
0,0.25757295
0,0.27395234
0,0.2620645
0,0.26822034
0,0.26044536
0,0.26019675
0,0.26001528
0,0.25072795
0,0.2524585
0,0.25139555
0,0.25500825
0,0.26302674
0,0.27029446
0,0.25732318
0,0.25986943
0,0.25244263
0,0.25392038
0,0.25226235
0,0.27203894
0,0.26338807
0,0.47830954
0,0.51878774
0,0.41665176
0,0.39437646
0,0.32559416
0,0.32814875
0,0.2909002
0,0.27929682
0,0.28473252
0,0.29877758
0,0.27235398
0,0.40200862
0,0.3098704
0,0.29725292
0,0.3178338
0,0.26714897
0,0.39356792
0,0.26525635
0,0.296166
0,0.3330903
0,0.2129424
0,0.20616767
0,0.16380768
0,0.16262214
0,0.14491998
0,0.1369336
0,0.3094189
0,0.2027945
0,0.17644323
0,0.15471402
0,0.37349615
0,0.52916324
0,0.31711516
0,0.249056
0,0.19158962
0,0.1513838
0,0.19000717
0,0.15703547
0,0.14112774
0,0.13270718
0,0.44126582
0,0.2706229
0,0.1970636
0,0.17496043
0,0.16460857
0,0.16186884
0,0.15793982
0,0.14360443
0,0.13550052
0,0.13718145
0,0.13077572
0,0.12949897
0,0.13014643
0,0.1279923
0,0.1251486
0,0.12789741
0,0.13342443
0,0.14497142
0,0.15629748
0,0.17280778
0,0.20736209
0,0.21785727
0,0.23216365
0,0.23437692
0,0.2361356
0,0.2381663
0,0.24206302
0,0.24873607
0,0.24989632
0,0.24502797
0,0.24715237
0,0.25045153
0,0.25131738
0,0.25119707
0,0.2522671
0,0.2589863
0,0.2740038
0,0.27601674
0,0.28041434
0,0.28296113
0,0.28293547
0,0.2758807
0,0.26732215
0,0.27764648
0,0.2712826
0,0.2710371
0,0.2865628
0,0.28124875
0,0.2697604
0,0.25646073
0,0.25129342
0,0.26288432
0,0.27437803
0,0.26881528
0,0.3041331
0,0.2723357
0,0.29877684
0,0.27113825
0,0.27524325
0,0.27131355
0,0.2654485
0,0.2575315
0,0.26489806
0,0.25597134
0,0.2524728
0,0.25950983
0,0.25505066
0,0.2553003
0,0.25218654
0,0.24683784
0,0.2489482
0,0.24999991
0,0.25830436
0,0.25300795
0,0.24558479
0,0.2540276
0,0.28061202
0,0.2682313
0,0.27625838
0,0.2931732
0,0.2810027
0,0.26937217
0,0.26601285
0,0.26669857
0,0.34417626
0,0.2913191
0,0.29082948
0,0.31290653
0,0.28775385
0,0.27352506
0,0.27081138
0,0.28969806
0,0.3089735
0,0.28095627
0,0.28095263
0,0.26769495
0,0.2715861
0,0.2590421
0,0.25754282
0,0.25685886
0,0.2591119
0,0.25676668
0,0.26246458
0,0.26632017
0,0.25014102
0,0.25213698
0,0.26916584
0,0.25713018
0,0.27195796
0,0.26646343
0,0.25746888
0,0.27228186
0,0.25904745
0,0.25222063
0,0.26043123
0,0.2574243
0,0.25998247
0,0.2696413
0,0.273068
0,0.26191178
0,0.26071328
0,0.269905
0,0.262933
0,0.27903238
0,0.26834115
0,0.27323717
0,0.2656567
0,0.26130372
0,0.25945523
0,0.2488852
0,0.2535834
0,0.25252137
0,0.2500567
0,0.26298076
0,0.25264353
0,0.2701482
0,0.24924225
0,0.24507225
0,0.2541787
0,0.25094938
0,0.24405465
0,0.27140033
0,0.25102457
0,0.25157884
0,0.24915265
0,0.2906044
0,0.28771257
0,0.28551072
0,0.27608982
0,0.25671846
0,0.26466808
0,0.26426092
0,0.24864349
0,0.24212433
0,0.2592314
0,0.24863334
0,0.26061115
0,0.29851973
0,0.27302408
0,0.26453605
0,0.26799548
0,0.25900796
0,0.2663598
0,0.2750538
0,0.26286247
0,0.25406095
0,0.26290342
0,0.26367724
0,0.25215754
0,0.25011754
0,0.26874733
0,0.25518098
0,0.27031958
0,0.26505953
0,0.2755117
0,0.2583875
0,0.27540514
0,0.60289466
0,0.44903055
0,0.38141713
0,0.3527536
0,0.32743376
0,0.3289303
0,0.2936773
0,0.27506894
0,0.29283226
0,0.275322
0,0.28323597
0,0.27894366
0,0.2744977
0,0.2743964
0,0.26438832
0,0.25494775
0,0.24354364
0,0.24105226
0,0.23319794
0,0.2752446
0,0.2572948
0,0.24566723
0,0.23895614
0,0.24037316
0,0.28233677
0,0.2741556
0,0.2779297
0,0.27723405
0,0.2799869
0,0.29236537
0,0.26478612
0,0.25875184
0,0.26076153
0,0.26851344
0,0.27963346
0,0.2630613
0,0.25323075
0,0.26872966
0,0.24940526
0,0.30689076
0,0.26583144
0,0.27978158
0,0.26012102
0,0.30564773
0,0.30402702
0,0.28724918
0,0.2675258
0,0.2673605
0,0.25844926
0,0.26727587
0,0.25158334
0,0.26474005
0,0.2863046
0,0.27467683
0,0.2739908
0,0.25997433
0,0.25185332
0,0.25832024
0,0.25380167
0,0.24664287
0,0.27108222
0,0.2625338
0,0.25716454
0,0.24695353
0,0.25337985
0,0.25493732
0,0.25985652
0,0.29335573
0,0.27773014
0,0.26689228
0,0.2531662
0,0.26317006
0,0.2526944
0,0.24743323
0,0.26062104
0,0.25784802
0,0.25454083
0,0.24913318
0,0.24332573
0,0.23914029
0,0.24318965
0,0.2540119
0,0.26017725
0,0.2726877
0,0.26344335
0,0.48479465
0,0.35312802
0,0.31957328
0,0.30099148
0,0.27680048
0,0.27777395
0,0.27177933
0,0.26786214
0,0.25502235
0,0.253152
0,0.24676958
0,0.2631663
0,0.25903264
0,0.26190194
0,0.27096772
0,0.27614996
0,0.26268002
0,0.26292795
0,0.25607768
0,0.26762268
0,0.27092925
0,0.26344836
0,0.26027542
0,0.26983917
0,0.2565866
0,0.25672147
0,0.2472218
0,0.26171887
0,0.29124007
0,0.27977055
0,0.26519367
0,0.2830228
0,0.26444566
0,0.25930884
0,0.28510937
0,0.2704522
0,0.29294044
0,0.26972085
0,0.27268922
0,0.27197585
0,0.25769803
0,0.28133628
0,0.25520018
0,0.25756103
0,0.26483235
0,0.26279792
0,0.27400997
0,0.28017724
0,0.282232
0,0.27711618
0,0.28289223
0,0.2756155
0,0.2774727
0,0.2810636
0,0.27438283
0,0.27992287
0,0.257687
0,0.25739685
0,0.27430925
0,0.27597988
0,0.2722599
0,0.2764794
0,0.27918565
0,0.26096776
0,0.2688355
0,0.25656143
0,0.26902938
0,0.2607673
0,0.26149255
0,0.25285122
0,0.25637078
0,0.24830094
0,0.25442776
0,0.25320613
0,0.24741706
0,0.2579041
0,0.25944218
0,0.26249772
0,0.26499695
0,0.26132235
0,0.2475453
0,0.25011003
0,0.24920675
0,0.2523971
0,0.24942975
0,0.25137174
0,0.25038716
0,0.24178754
0,0.2400489
0,0.24604262
0,0.2610748
0,0.2543442
0,0.2545725
0,0.2672487
0,0.2707138
0,0.25206596
0,0.24818943
0,0.24458769
0,0.27214724
0,0.25643563
0,0.26834607
0,0.2711569
0,0.26911923
0,0.2819936
0,0.25830084
0,0.26755878
0,0.27598348
0,0.27062866
0,0.27084875
0,0.26593414
0,0.26775506
0,0.27861717
0,0.26401713
0,0.2597399
0,0.25833285
0,0.25078645
0,0.24961434
0,0.25659427
0,0.26347187
0,0.26544586
0,0.25564533
0,0.27245015
0,0.27331445
0,0.2791006
0,0.2753236
0,0.27467787
0,0.2597596
0,0.2610123
0,0.2501168
0,0.25849086
0,0.26545522
0,0.26970923
0,0.27290475
0,0.27464488
0,0.2599622
0,0.25552702
0,0.2511113
0,0.2621909
0,0.25508633
0,0.25489616
0,0.26263705
0,0.25099275
0,0.26453933
0,0.25826213
0,0.2565895
0,0.24995263
0,0.24569817
0,0.24755685
0,0.2433735
0,0.2530217
0,0.25721407
0,0.24505512
0,0.247129
0,0.263961
0,0.25491947
0,0.26365864
0,0.2674249
0,0.26673025
0,0.25496674
0,0.25296614
0,0.2649015
0,0.271444
0,0.27409402
0,0.27581993
0,0.2763303
0,0.27128232
0,0.2639888
0,0.25284383
0,0.24771523
0,0.25231248
0,0.25154978
0,0.2421617
0,0.25353166
0,0.2549962
0,0.24403904
0,0.25448
0,0.2599833
0,0.26379922
0,0.26418674
0,0.26941764
0,0.26779574
0,0.26855952
0,0.25283203
0,0.25177044
0,0.24395066
0,0.24191977
0,0.25248727
0,0.24303691
0,0.25148055
0,0.2528673
0,0.25412336
0,0.25581324
0,0.24510483
0,0.2645892
0,0.2719599
0,0.2772135
0,0.27676183
0,0.25780803
0,0.24821311
0,0.24438632
0,0.26048708
0,0.2583765
0,0.24947806
0,0.25516573
0,0.2600011
0,0.25515243
0,0.2643847
0,0.2619586
0,0.26497263
0,0.25304982
0,0.2511893
0,0.25837803
0,0.2599064
0,0.25152284
0,0.24325383
0,0.2669345
0,0.26668596
0,0.2664897
0,0.26680368
0,0.2700469
0,0.25999036
0,0.25161803
0,0.24743448
0,0.2404883
0,0.24050318
0,0.26002976
0,0.26787186
0,0.28223538
0,0.27363074
0,0.26591736
0,0.25780457
0,0.2527922
0,0.26860407
0,0.27203664
0,0.26498792
0,0.2774535
0,0.27584305
0,0.26449776
0,0.2553261
0,0.2531176
0,0.26526082
0,0.25161162
0,0.25917315
0,0.25370055
0,0.26419383
0,0.25494927
0,0.24595605
0,0.2581677
0,0.25110775
0,0.25469658
0,0.250504
0,0.26064676
0,0.26366308
0,0.2503046
0,0.24814272
0,0.24774465
0,0.25718838
0,0.25167206
0,0.24979858
0,0.24967438
0,0.2623104
0,0.2781366
0,0.26029617
0,0.2743392
0,0.2789478
0,0.2803851
0,0.2824636
0,0.27615955
0,0.2599788
0,0.25718856
0,0.25113863
0,0.26692957
0,0.26860192
0,0.27268738
0,0.2752394
0,0.25804558
0,0.26194182
0,0.2697388
0,0.26576555
0,0.27119252
0,0.2732388
0,0.25955117
0,0.2686512
0,0.26269782
0,0.26030034
0,0.25612694
0,0.25044343
0,0.26007
0,0.25012523
0,0.25229555
0,0.2448894
0,0.24695885
0,0.25609848
0,0.24790493
0,0.24575783
0,0.25566733
0,0.26810226
0,0.26317728
0,0.2770988
0,0.28195313
0,0.27401766
0,0.25976017
0,0.25100866
0,0.25351298
0,0.25802305
0,0.26621187
0,0.26346192
0,0.27594775
0,0.2580185
0,0.26428345
0,0.2696721
0,0.25854266
0,0.2788782
0,0.2714379
0,0.27188614
0,0.27831063
0,0.25549155
0,0.24794617
0,0.25214002
0,0.25279996
0,0.25123313
0,0.25957224
0,0.25975335
0,0.26130348
0,0.25017753
0,0.25890207
0,0.25885808
0,0.25959542
0,0.264686
0,0.27025068
0,0.2675726
0,0.27627093
0,0.2671267
0,0.2566776
0,0.26379403
0,0.27166873
0,0.27160448
0,0.27269977
0,0.25738102
0,0.26617357
0,0.2581886
0,0.25254685
0,0.2633643
0,0.25712088
0,0.2718459
0,0.26508522
0,0.25579792
0,0.25414455
0,0.25141737
0,0.31035563
0,0.2718917
0,0.27598283
0,0.26091465
0,0.26773658
0,0.29764354
0,0.27946103
0,0.26802135
0,0.25345936
0,0.24966668
0,0.27075797
0,0.2665534
0,0.2573433
0,0.25292015
0,0.2474332
0,0.29093343
0,0.28831217
0,0.28760067
0,0.30197358
0,0.29258847
0,0.3147789
0,0.29793316
0,0.2742015
0,0.26171687
0,0.25598824
0,0.29258728
0,0.2815656
0,0.28139964
0,0.2799988
0,0.27653226
0,0.2863406
0,0.26790735
0,0.27738455
0,0.2748246
0,0.28398797
0,0.28196463
0,0.27832338
0,0.27646136
0,0.26979432
0,0.25848693
0,0.26774648
0,0.269224
0,0.2565271
0,0.25777218
0,0.26472688
0,0.25778425
0,0.26261702
0,0.25668812
0,0.26093963
0,0.25272062
0,0.2577571
0,0.26421058
0,0.24983169
0,0.24957092
0,0.24236226
0,0.2411518
0,0.25237632
0,0.2436877
0,0.26051483
0,0.2549222
0,0.26465264
0,0.25102216
0,0.24734303
0,0.24884209
0,0.26178548
0,0.26663953
0,0.27563947
0,0.26261804
0,0.26097456
0,0.24868509
0,0.2454448
0,0.2403144
0,0.254672
0,0.25925976
0,0.25173077
0,0.25958985
0,0.24952406
0,0.25947073
0,0.26282936
0,0.26365674
0,0.26340204
0,0.26506755
0,0.26322672
0,0.2543534
0,0.2599639
0,0.26240274
0,0.2525492
0,0.27566803
0,0.27959383
0,0.27122506
0,0.28027883
0,0.27324525
0,0.28126833
0,0.2572118
0,0.25521913
0,0.2502652
0,0.265511
0,0.26608726
0,0.27171552
0,0.26311967
0,0.26724252
0,0.25147182
0,0.25128096
0,0.24962978
0,0.657456
0,0.45016
0,0.7510007
0,0.57539594
0,0.49006617
0,0.40221602
0,0.37338364
0,0.3393977
0,0.31136084
0,0.26712272
0,0.25402418
0,0.22738734
0,0.21368186
0,0.18964975
0,0.1734779
0,0.16703628
0,0.1672028
0,0.15665461
0,0.14281505
0,0.14279084
0,0.14434546
0,0.15214975
0,0.16123743
0,0.17706533
0,0.18872443
0,0.2028431
0,0.21036023
0,0.23149085
0,0.22582267
0,0.2266354
0,0.24176185
0,0.24744406
0,0.24301153
0,0.25741735
0,0.25341636
0,0.25073653
0,0.24078755
0,0.3366565
0,0.29605597
0,0.286811
0,0.27666685
0,0.27732232
0,0.27210635
0,0.25877845
0,0.26632175
0,0.25207028
0,0.26879624
0,0.25858796
0,0.258482
0,0.2610303
0,0.26020664
0,0.2469649
0,0.25554457
0,0.24325137
0,0.25283432
0,0.24810672
0,0.25288832
0,0.25405413
0,0.26836452
0,0.25433344
0,0.2527795
0,0.25162062
0,0.25405455
0,0.2497292
0,0.2734833
0,0.2615332
0,0.27559558
0,0.25607878
0,0.2681442
0,0.25765
0,0.2705565
0,0.2671975
0,0.26818976
0,0.27054483
0,0.2689945
0,0.26265684
0,0.25010008
0,0.25094905
0,0.25651568
0,0.26393682
0,0.25335348
0,0.2607394
0,0.27615026
0,0.25264403
0,0.26174307
0,0.26298305
0,0.25955263
0,0.27254376
0,0.2550214
0,0.25220767
0,0.26615998
0,0.26942727
0,0.26714873
0,0.25779107
0,0.25193197
0,0.2544875
0,0.2575263
0,0.29872835
0,0.26879925
0,0.25409737
0,0.25072777
0,0.2635164
0,0.26063332
0,0.27811334
0,0.27285272
0,0.2563416
0,0.25468677
0,0.24685645
0,0.24913715
0,0.24673139
0,0.25680166
0,0.25994402
0,0.26637378
0,0.26477864
0,0.2490618
0,0.25178716
0,0.25152275
0,0.26191244
0,0.2646761
0,0.26197022
0,0.25025684
0,0.266814
0,0.25032923
0,0.24421301
0,0.24465086
0,0.2476488
0,0.2625173
0,0.25464472
0,0.26487893
0,0.26242593
0,0.24767998
0,0.25049725
0,0.26214644
0,0.26438978
0,0.2687018
0,0.25944442
0,0.2661716
0,0.25284815
0,0.2472857
0,0.2436501
0,0.24400125
0,0.25543922
0,0.24589477
0,0.25140736
0,0.25638255
0,0.2593228
0,0.24818793
0,0.25432575
0,0.6433758
0,0.4577792
0,0.40680596
0,0.35884985
0,0.31537336
0,0.29961866
0,0.28316456
0,0.27256122
0,0.2624537
0,0.2545253
0,0.2536195
0,0.25065368
0,0.2531402
0,0.24950957
0,0.24211803
0,0.24339123
0,0.24002846
0,0.2358137
0,0.2485469
0,0.2678023
0,0.26945964
0,0.25491896
0,0.25694254
0,0.2517185
0,0.25018978
0,0.25180265
0,0.2529571
0,0.25653046
0,0.27332103
0,0.25761518
0,0.24573654
0,0.24354316
0,0.25648704
0,0.25896072
0,0.26138514
0,0.2624931
0,0.25740325
0,0.24943084
0,0.26625368
0,0.26521915
0,0.262532
0,0.25403982
0,0.26995337
0,0.2966044
0,0.28632742
0,0.26104566
0,0.25614527
0,0.24804881
0,0.25603354
0,0.24589024
0,0.25009194
0,0.2541872
0,0.27006602
0,0.24992858
0,0.2501077
0,0.24865228
0,0.271382
0,0.26986915
0,0.2518571
0,0.252063
0,0.26628286
0,0.25074276
0,0.24578157
0,0.24325232
0,0.253832
0,0.26142126
0,0.27346155
0,0.26043049
0,0.26295674
0,0.25685084
0,0.25871417
0,0.25590232
0,0.25767052
0,0.25786516
0,0.2571912
0,0.2534379
0,0.25247496
0,0.24258782
0,0.27299848
0,0.25433278
0,0.25611952
0,0.25078896
0,0.26463786
0,0.2647019
0,0.254268
0,0.25793037
0,0.25198045
0,0.2634074
0,0.2600375
0,0.26593187
0,0.27179736
0,0.26814604
0,0.2582232
0,0.2519199
0,0.24501614
0,0.25089076
0,0.24301645
0,0.24233632
0,0.2459754
0,0.24210168
0,0.24468109
0,0.24403809
0,0.24136774
0,0.24568518
0,0.25558528
0,0.24886003
0,0.25362885
0,0.28299633
0,0.2550201
0,0.24725688
0,0.24012554
0,0.24043477
0,0.24616021
0,0.2469171
0,0.24865472
0,0.27490452
0,0.2564545
0,0.25283745
0,0.25561187
0,0.28383178
0,0.30471396
0,0.30787683
0,0.27293345
0,0.27461174
0,0.26256126
0,0.2625042
0,0.25467032
0,0.27354807
0,0.26263845
0,0.2549484
0,0.25481063
0,0.2570554
0,0.24940388
0,0.24738616
0,0.2425402
0,0.25886875
0,0.2632284
0,0.25302216
0,0.2624411
0,0.25926864
0,0.25637266
0,0.25939178
0,0.25370982
0,0.35741043
0,0.3110656
0,0.2794984
0,0.32458487
0,0.28976333
0,0.26742592
0,0.26427594
0,0.25716132
0,0.2526665
0,0.25390315
0,0.25262552
0,0.25739524
0,0.2546418
0,0.24460982
0,0.24116425
0,0.24451157
0,0.24220116
0,0.24206755
0,0.24014616
0,0.25521612
0,0.25226176
0,0.24714334
0,0.24584004
0,0.25166118
0,0.2646683
0,0.26048627
0,0.2628951
0,0.27384466
0,0.25825602
0,0.26157457
0,0.26216224
0,0.25773758
0,0.2656368
0,0.26945445
0,0.26219055
0,0.2591132
0,0.26134428
0,0.2728146
0,0.25113648
0,0.25751236
0,0.26387715
0,0.26144743
0,0.2545958
0,0.26410446
0,0.24968489
0,0.27835333
0,0.26884657
0,0.26498884
0,0.25827265
0,0.25551113
0,0.24938102
0,0.27169013
0,0.2567397
0,0.25468254
0,0.25359195
0,0.25800866
0,0.26747298
0,0.2636779
0,0.26593855
0,0.26714754
0,0.2531049
0,0.24794883
0,0.25796628
0,0.2543858
0,0.25289518
0,0.25253165
0,0.25930703
0,0.26074058
0,0.26141992
0,0.24857588
0,0.26121765
0,0.25093806
0,0.24323715
0,0.25070727
0,0.25596115
0,0.24916658
0,0.2413877
0,0.25480163
0,0.25000915
0,0.2527424
0,0.26860496
0,0.25465232
0,0.28077817
0,0.2649718
0,0.2604712
0,0.25746706
0,0.26684263
0,0.27462545
0,0.3376989
0,0.2994837
0,0.29857475
0,0.2953583
0,0.2677936
0,0.2649124
0,0.28492466
0,0.27146575
0,0.2630235
0,0.2527506
0,0.25816068
0,0.24860537
0,0.24938433
0,0.24496926
0,0.2446929
0,0.27391145
0,0.26179978
0,0.25602818
0,0.2531448
0,0.25222537
0,0.24232198
0,0.25097147
0,0.2548829
0,0.25927344
0,0.25298974
0,0.26870757
0,0.2730904
0,0.2539592
0,0.24575503
0,0.24571212
0,0.23980786
0,0.24202898
0,0.25649294
0,0.2543023
0,0.25711223
0,0.2596826
0,0.24791169
0,0.29295713
0,0.2822144
0,0.63912094
0,0.44418362
0,0.3778227
0,0.34197843
0,0.3060868
0,0.28366974
0,0.26843688
0,0.2717489
0,0.27677754
0,0.27067107
0,0.27501592
0,0.25811848
0,0.24908477
0,0.24811873
0,0.26026762
0,0.37182304
0,0.38804105
0,0.3159897
0,0.29319334
0,0.29062584
0,0.26181486
0,0.24986298
0,0.25242212
0,0.26359347
0,0.25417247
0,0.30568993
0,0.29217067
0,0.28427768
0,0.26300174
0,0.26561457
0,0.26311994
0,0.261761
0,0.3336292
0,0.3295194
0,0.31475535
0,0.2976896
0,0.27829877
0,0.2809844
0,0.27942395
0,0.26526296
0,0.25926042
0,0.2543085
0,0.36483645
0,0.2901488
0,0.2692226
0,0.2803402
0,0.2689934
0,0.2756802
0,0.25917745
0,0.26711032
0,0.25932196
0,0.26700315
0,0.2694012
0,0.27670547
0,0.2684352
0,0.27742937
0,0.2851465
0,0.26984382
0,0.2551845
0,0.26168677
0,0.27536556
0,0.26320526
0,0.27207166
0,0.26766336
0,0.28923148
0,0.26315054
0,0.2601642
0,0.25630674
0,0.25935474
0,0.2693812
0,0.25619987
0,0.2579518
0,0.26335937
0,0.2476998
0,0.25284973
0,0.24828734
0,0.25910124
0,0.26316497
0,0.25174832
0,0.24957682
0,0.26124877
0,0.24956861
0,0.25825748
0,0.25946558
0,0.26460057
0,0.30738896
0,0.29141453
0,0.27806428
0,0.26511857
0,0.25319988
0,0.26500142
0,0.27700934
0,0.2777131
0,0.28138575
0,0.2680414
0,0.28072515
0,0.2797921
0,0.26187322
0,0.25138462
0,0.27121252
0,0.26437658
0,0.27626216
0,0.36427176
0,0.38591936
0,0.32872087
0,0.29661494
0,0.29045025
0,0.27547023
0,0.26991126
0,0.2614076
0,0.28646547
0,0.27125463
0,0.30287156
0,0.4187583
0,0.3394191
0,0.2979368
0,0.3081607
0,0.32392314
0,0.28852633
0,0.28658584
0,0.28307384
0,0.26913348
0,0.27027577
0,0.2650732
0,0.27455762
0,0.2738242
0,0.2811246
0,0.28054446
0,0.25773555
0,0.25879297
0,0.25770658
0,0.2604455
0,0.24752456
0,0.26946032
0,0.2765086
0,0.27947468
0,0.2664477
0,0.26277384
0,0.2517421
0,0.26999044
0,0.25907475
0,0.25642446
0,0.26519993
0,0.26734167
0,0.25117353
0,0.26391023
0,0.26304248
0,0.254615
0,0.25022173
0,0.24215226
0,0.33967555
0,0.29935935
0,0.26942107
0,0.2650263
0,0.2821737
0,0.26242617
0,0.2533109
0,0.24759819
0,0.24897769
0,0.25318494
0,0.26023698
0,0.2505162
0,0.2711188
0,0.27498212
0,0.26459956
0,0.27798137
0,0.25482544
0,0.25401106
0,0.25329882
0,0.25372583
0,0.2689473
0,0.2506192
0,0.2517294
0,0.25814822
0,0.3288171
0,0.27495936
0,0.2807759
0,0.27269068
0,0.2614621
0,0.25644433
0,0.25238112
0,0.2426697
0,0.26266855
0,0.24611092
0,0.25761157
0,0.25231403
0,0.24842806
0,0.25305793
0,0.25240147
0,0.25588334
0,0.26486218
0,0.24780063
0,0.2645922
0,0.25339535
0,0.25499088
0,0.26682112
0,0.25601557
0,0.2565768
0,0.25744295
0,0.26361635
0,0.263239
0,0.2516999
0,0.2555283
0,0.2500145
0,0.24169166
0,0.33784825
0,0.2942306
0,0.26471674
0,0.26458415
0,0.25677225
0,0.27010545
0,0.27809787
0,0.27001998
0,0.27934107
0,0.27329344
0,0.25450584
0,0.24850442
0,0.2576143
0,0.2575805
0,0.25597933
0,0.25119507
0,0.2689419
0,0.26810762
0,0.29485434
0,0.2729511
0,0.25705978
0,0.26407924
0,0.2658816
0,0.26706007
0,0.25949803
0,0.26512784
0,0.24982265
0,0.25853068
0,0.25882202
0,0.25480023
0,0.2457779
0,0.2585236
0,0.26906288
0,0.2549957
0,0.26313755
0,0.2596069
0,0.25550455
0,0.2671326
0,0.2752688
0,0.2718573
0,0.2649614
0,0.25778282
0,0.26096705
0,0.2514905
0,0.2545954
0,0.25157472
0,0.24822885
0,0.24678017
0,0.25622973
0,0.2425317
0,0.23912457
0,0.25075334
0,0.24669154
0,0.25882924
0,0.24828859
0,0.24577501
0,0.25688833
0,0.24182206
0,0.24352297
0,0.25445545
0,0.25307414
0,0.58328986
0,0.43038607
0,0.51225644
0,0.49392527
0,0.43946153
0,0.3523831
0,0.30255142
0,0.27975473
0,0.28486237
0,0.26585972
0,0.27124718
0,0.2565048
0,0.2517995
0,0.25116712
0,0.25285617
0,0.22461326
0,0.21206146
0,0.20245951
0,0.19163175
0,0.19215165
0,0.20543094
0,0.20065199
0,0.20922327
0,0.21333899
0,0.23889938
0,0.23964387
0,0.24567343
0,0.24868073
0,0.24047606
0,0.25587934
0,0.25773185
0,0.25899717
0,0.25779155
0,0.24855405
0,0.33894467
0,0.28332135
0,0.27808776
0,0.27446416
0,0.27838898
0,0.28736258
0,0.27873594
0,0.2809394
0,0.34450924
0,0.28506458
0,0.27989504
0,0.27295315
0,0.2760376
0,0.28023642
0,0.26439407
0,0.2761778
0,0.26310068
0,0.25346932
0,0.261692
0,0.25106984
0,0.2511379
0,0.25889182
0,0.2554269
0,0.25639606
0,0.2643827
0,0.24776608
0,0.25067282
0,0.25255504
0,0.26187536
0,0.2568951
0,0.25922632
0,0.26456004
0,0.3172728
0,0.2693533
0,0.27014488
0,0.26700938
0,0.2722299
0,0.2771965
0,0.2608335
0,0.29920954
0,0.2755692
0,0.27048162
0,0.25653565
0,0.25611138
0,0.27774456
0,0.38239625
0,0.3190525
0,0.2926236
0,0.28239018
0,0.26292053
0,0.2555793
0,0.26087695
0,0.26115918
0,0.25720626
0,0.26784334
0,0.26720282
0,0.2612419
0,0.25008667
0,0.24628724
0,0.27084234
0,0.25608405
0,0.2651034
0,0.2739427
0,0.2646608
0,0.2576083
0,0.25302097
0,0.24986455
0,0.25325012
0,0.262651
0,0.25580826
0,0.24770404
0,0.2499748
0,0.25702125
0,0.24811257
0,0.2633154
0,0.24832453
0,0.26602656
0,0.27283996
0,0.44411808
0,0.3568491
0,0.3057341
0,0.29144245
0,0.27044892
0,0.27296388
0,0.26219884
0,0.2718401
0,0.27061528
0,0.2641049
0,0.25081414
0,0.25814742
0,0.25620934
0,0.25355873
0,0.26346195
0,0.2608121
0,0.2867588
0,0.26821148
0,0.25899094
0,0.26374266
0,0.25435504
0,0.26818207
0,0.2744201
0,0.27708876
0,0.2916043
0,0.27413675
0,0.26837555
0,0.2637055
0,0.26410425
0,0.2767179
0,0.27644646
0,0.28219968
0,0.2661218
0,0.26575133
0,0.26069683
0,0.2526322
0,0.2524895
0,0.25566557
0,0.42099905
0,0.31703267
0,0.2914167
0,0.27984378
0,0.28689548
0,0.2777022
0,0.2666928
0,0.25798857
0,0.26375028
0,0.25901213
0,0.25849438
0,0.27868056
0,0.25903523
0,0.26159546
0,0.2791926
0,0.26684752
0,0.28362817
0,0.27357662
0,0.26736382
0,0.31420937
0,0.28741375
0,0.2965435
0,0.2864138
0,0.2855978
0,0.28161907
0,0.28053823
0,0.28808838
0,0.31543264
0,0.27299064
0,0.27846456
0,0.28285298
0,0.27157554
0,0.26990828
0,0.2627077
0,0.2769753
0,0.26078016
0,0.26953766
0,0.25644836
0,0.29958326
0,0.26092225
0,0.25932506
0,0.26099512
0,0.2671667
0,0.2587741
0,0.25486562
0,0.26031142
0,0.26127163
0,0.60347927
0,0.42176566
0,0.34682307
0,0.33194476
0,0.29272738
0,0.28443086
0,0.26922485
0,0.2584921
0,0.2535102
0,0.25394553
0,0.25674754
0,0.26622182
0,0.24869823
0,0.26192182
0,0.2539488
0,0.2614726
0,0.26097327
0,0.26335892
0,0.28739938
0,0.26691446
0,0.25209403
0,0.26581344
0,0.26297683
0,0.27242124
0,0.2644935
0,0.2507415
0,0.25915676
0,0.25717446
0,0.2515705
0,0.26727632
0,0.2565062
0,0.2673306
0,0.272367
0,0.26070008
0,0.27290732
0,0.26085934
0,0.24797828
0,0.24437936
0,0.24584831
0,0.2446003
0,0.24432199
0,0.2421933
0,0.24382152
0,0.2485865
0,0.27212638
0,0.26821774
0,0.28011322
0,0.2861106
0,0.2894262
0,0.38736722
0,0.32741508
0,0.29468957
0,0.27189597
0,0.27069247
0,0.2668127
0,0.26267457
0,0.25992575
0,0.26150045
0,0.26149812
0,0.25303522
0,0.27190307
0,0.26259914
0,0.25759044
0,0.25861824
0,0.2604325
0,0.25448495
0,0.26355737
0,0.24982186
0,0.24641035
0,0.25678468
0,0.2522252
0,0.2557336
0,0.2614793
0,0.2555283
0,0.2531146
0,0.24323626
0,0.26210302
0,0.2530601
0,0.24642026
0,0.25835338
0,0.24560818
0,0.2424421
0,0.23939501
0,0.23498333
0,0.24348362
0,0.24139647
0,0.2585762
0,0.25486034
0,0.25376078
0,0.24690601
0,0.26839215
0,0.25939143
0,0.2561256
0,0.25470966
0,0.2632787
0,0.2765966
0,0.26554045
0,0.2590948
0,0.25556496
0,0.24831866
0,0.2521592
0,0.2610168
0,0.25810227
0,0.2623072
0,0.2609375
0,0.25736606
0,0.31201833
0,0.26851484
0,0.2693893
0,0.26036954
0,0.2628403
0,0.25972116
0,0.2570797
0,0.2549176
0,0.25443825
0,0.24350153
0,0.24298099
0,0.25125083
0,0.26596296
0,0.25592196
0,0.25117138
0,0.26840726
0,0.256239
0,0.25662237
0,0.25314778
0,0.27135456
0,0.2613479
0,0.26587266
0,0.27377486
0,0.2667756
0,0.26124385
0,0.27850932
0,0.25852293
0,0.2597929
0,0.2721481
0,0.25965813
0,0.3597727
0,0.32128924
0,0.2817826
0,0.27589223
0,0.2685538
0,0.26675355
0,0.25814945
0,0.25944534
0,0.25841594
0,0.26022464
0,0.24963345
0,0.24402428
0,0.25548202
0,0.2588565
0,0.25568998
0,0.24898279
0,0.2525221
0,0.2806861
0,0.25776544
0,0.25730136
0,0.25467756
0,0.25271073
0,0.24663523
0,0.24835943
0,0.24842101
0,0.24737747
0,0.26347148
0,0.2744844
0,0.27044722
0,0.27006668
0,0.26890802
0,0.26670498
0,0.2666176
0,0.268215
0,0.25007737
0,0.2674435
0,0.25651577
0,0.25554818
0,0.25318047
0,0.25105616
0,0.2545176
0,0.25375608
0,0.24502742
0,0.2695531
0,0.25549144
0,0.25195488
0,0.24946691
0,0.2486483
0,0.25585783
0,0.2563454
0,0.25475785
0,0.25291482
0,0.25020492
0,0.24714309
0,0.24688478
0,0.24174663
0,0.24655522
0,0.24519399
0,0.2702467
0,0.259391
0,0.27065632
0,0.2920418
0,0.27811992
0,0.2687534
0,0.26501876
0,0.25559837
0,0.2535304
0,0.25043136
0,0.25933278
0,0.26566488
0,0.2571596
0,0.2592397
0,0.25366363
0,0.26098734
0,0.2451654
0,0.252605
0,0.24738528
0,0.26293674
0,0.2762798
0,0.25758842
0,0.25859347
0,0.2572773
0,0.25073132
0,0.25215364
0,0.24610394
0,0.2546011
0,0.24914786
0,0.2607693
0,0.2587
0,0.29040518
0,0.26696983
0,0.27448794
0,0.28120533
0,0.28629625
0,0.26794058
0,0.26900974
0,0.26529673
0,0.2516892
0,0.25524896
0,0.2718734
0,0.26428482
0,0.272256
0,0.26623002
0,0.35370165
0,0.29951277
0,0.27298853
0,0.2676547
0,0.27188727
0,0.2674957
0,0.258981
0,0.2583634
0,0.26933402
0,0.2604208
0,0.25309452
0,0.25243467
0,0.2506016
0,0.2508791
0,0.25272536
0,0.24674617
0,0.25185272
0,0.3033962
0,0.2679118
0,0.26674542
0,0.26421168
0,0.28057206
0,0.26196736
0,0.26091927
0,0.26207358
0,0.26157242
0,0.25580257
0,0.25687432
0,0.25640687
0,0.26344872
0,0.2937781
0,0.27570286
0,0.27984974
0,0.25896153
0,0.25843444
0,0.2849393
0,0.28265327
0,0.27648675
0,0.27080318
0,0.27376536
0,0.26155952
0,0.26837832
0,0.26184395
0,0.26548603
0,0.26677373
0,0.26920432
0,0.2637717
0,0.26192546
0,0.25601187
0,0.2473465
0,0.26355243
0,0.2588738
0,0.250035
0,0.24722916
0,0.2526321
0,0.25098345
0,0.25734374
0,0.24741067
0,0.27138868
0,0.25736675
0,0.2635487
0,0.2736561
0,0.2796196
0,0.27964658
0,0.26917434
0,0.25163892
0,0.24869628
0,0.25102538
0,0.25216514
0,0.25220156
0,0.25254127
0,0.25565007
0,0.26447642
0,0.24843243
0,0.25255027
0,0.2513833
0,0.253688
0,0.25084853
0,0.26380217
0,0.25502202
0,0.2614096
0,0.2617129
0,0.2567076
0,0.2558927
0,0.2504753
0,0.25512213
0,0.25926247
0,0.26032242
0,0.26859954
0,0.25453323
0,0.25607404
0,0.25514543
0,0.25845903
0,0.25130036
0,0.2507828
0,0.32672733
0,0.27840346
0,0.26913217
0,0.2613695
0,0.2571579
0,0.26402348
0,0.25977692
0,0.2701515
0,0.26855925
0,0.25437206
0,0.25604326
0,0.26180363
0,0.2554377
0,0.2540185
0,0.2576962
0,0.27338424
0,0.2606916
0,0.25236586
0,0.25734475
0,0.31968397
0,0.28511015
0,0.28402907
0,0.26856574
0,0.2661552
0,0.26222736
0,0.2495394
0,0.2584477
0,0.25510013
0,0.25508827
0,0.24727385
0,0.24684036
0,0.24202976
0,0.24255939
0,0.23738909
0,0.24187568
0,0.24503025
0,0.24798886
0,0.26667246
0,0.2575966
0,0.2564342
0,0.26102212
0,0.29022944
0,0.28318477
0,0.2810827
0,0.28161156
0,0.27001795
0,0.27199653
0,0.26665425
0,0.26173827
0,0.25076658
0,0.26691684
0,0.26764503
0,0.28693518
0,0.2718522
0,0.26555312
0,0.25856912
0,0.26115403
0,0.2488886
0,0.2773234
0,0.25786698
0,0.25656134
0,0.2530729
0,0.24983984
0,0.25336832
0,0.27745873
0,0.2609055
0,0.25512126
0,0.2565254
0,0.25127012
0,0.2536164
0,0.25238636
0,0.24536394
0,0.24903531
0,0.26701522
0,0.2841501
0,0.2859835
0,0.2611184
0,0.26333958
0,0.27279904
0,0.29531392
0,0.26532257
0,0.29200807
0,0.27236933
0,0.2850259
0,0.27680042
0,0.2823722
0,0.27473396
0,0.34585497
0,0.29195642
0,0.2845121
0,0.27308515
0,0.27132222
0,0.26666388
0,0.26137105
0,0.25807282
0,0.25579488
0,0.24879202
0,0.2555293
0,0.25245416
0,0.25054902
0,0.25447336
0,0.2593888
0,0.25467885
0,0.25204134
0,0.2462751
0,0.241069
0,0.2514125
0,0.2505183
0,0.24484542
0,0.26194102
0,0.2567354
0,0.24823856
0,0.2408425
0,0.25916222
0,0.25519055
0,0.26726434
0,0.27266365
0,0.2778037
0,0.281713
0,0.27154306
0,0.25972486
0,0.2598103
0,0.25680774
0,0.26143065
0,0.26185605
0,0.25709796
0,0.2646551
0,0.31533733
0,0.26724708
0,0.28218868
0,0.27005795
0,0.26564702
0,0.26428542
0,0.26393035
0,0.2599344
0,0.25812095
0,0.24888909
0,0.25174174
0,0.2541527
0,0.24776557
0,0.25562358
0,0.25296032
0,0.25228202
0,0.25274464
0,0.24990293
0,0.24617931
0,0.2477263
0,0.26243728
0,0.25301188
0,0.25689957
0,0.2635797
0,0.25630084
0,0.25340977
0,0.26574633
0,0.26828417
0,0.2653349
0,0.2636231
0,0.2598382
0,0.2592491
0,0.2523375
0,0.2560021
0,0.2608029
0,0.25468355
0,0.26241437
0,0.263914
0,0.27286506
0,0.26812676
0,0.2543117
0,0.2620984
0,0.25590202
0,0.25402972
0,0.2589945
0,0.25358772
0,0.25194174
0,0.2521735
0,0.24445337
0,0.23882392
0,0.24540614
0,0.25130755
0,0.2427088
0,0.26298958
0,0.27031562
0,0.2775239
0,0.27947885
0,0.2635448
0,0.25942484
0,0.26399517
0,0.26577002
0,0.25960287
0,0.2710793
0,0.28017196
0,0.25528836
0,0.2541803
0,0.2683131
0,0.26835448
0,0.26770478
0,0.26706186
0,0.26536974
0,0.26466745
0,0.27064067
0,0.26129565
0,0.27193555
0,0.2716509
0,0.26331407
0,0.2619227
0,0.25686538
0,0.25721985
0,0.28353307
0,0.26134676
0,0.257003
0,0.28997657
0,0.26688614
0,0.37557596
0,0.31816217
0,0.28901047
0,0.29380727
0,0.26930317
0,0.26119497
0,0.27679983
0,0.26539326
0,0.30665255
0,0.2986606
0,0.27178103
0,0.2879106
0,0.2855731
0,0.30693892
0,0.29211456
0,0.30184934
0,0.28429908
0,0.3478568
0,0.3071146
0,0.30092022
0,0.2842764
0,0.27242097
0,0.27862248
0,0.26904106
0,0.27042958
0,0.26842687
0,0.25600883
0,0.28322127
0,0.2694353
0,0.2613699
0,0.25698915
0,0.26123747
0,0.25995252
0,0.26180372
0,0.25896528
0,0.25267893
0,0.26064664
0,0.2533211
0,0.25423995
0,0.25193518
0,0.2476704
0,0.24914773
0,0.25510412
0,0.26420835
0,0.2498376
0,0.2532688
0,0.25154686
0,0.26526672
0,0.270567
0,0.2624241
0,0.24990709
0,0.25106952
0,0.24735206
0,0.2597199
0,0.25754827
0,0.2658919
0,0.25897416
0,0.25783744
0,0.28508332
0,0.2632621
0,0.26770943
0,0.2673965
0,0.26232728
0,0.25798
0,0.2629247
0,0.26713368
0,0.26335415
0,0.25955722
0,0.26815492
0,0.2542844
0,0.25303638
0,0.25311345
0,0.24839832
0,0.2590852
0,0.2577167
0,0.2573649
0,0.2518463
0,0.24474402
0,0.26923612
0,0.2595343
0,0.26564875
0,0.26265424
0,0.2615809
0,0.2584965
0,0.2662317
0,0.25778332
0,0.26373494
0,0.26537848
0,0.28235695
0,0.26091737
0,0.27926448
0,0.270991
0,0.2811184
0,0.26523578
0,0.2757807
0,0.26548815
0,0.25990653
0,0.2548045
0,0.25085616
0,0.29720572
0,0.2770051
0,0.26562548
0,0.2606918
0,0.2607825
0,0.2607793
0,0.25350767
0,0.2584166
0,0.25273696
0,0.25390735
0,0.25444368
0,0.24920797
0,0.2568384
0,0.33128715
0,0.27412134
0,0.2900951
0,0.27248618
0,0.2706521
0,0.26462612
0,0.26029906
0,0.25719213
0,0.26027423
0,0.25771075
0,0.26733038
0,0.2587771
0,0.27225503
0,0.26331034
0,0.26318595
0,0.2664024
0,0.2620346
0,0.24722347
0,0.25234553
0,0.25198427
0,0.25213543
0,0.2612173
0,0.2616539
0,0.25946
0,0.2616144
0,0.2566764
0,0.33394107
0,0.3806827
0,0.32180205
0,0.29803404
0,0.40434793
0,0.42515373
0,0.33303732
0,0.3408462
0,0.3050461
0,0.28063312
0,0.27944696
0,0.26436922
0,0.25608495
0,0.25814748
0,0.25736514
0,0.25099054
0,0.25631872
0,0.25848454
0,0.2529597
0,0.2538835
0,0.3527759
0,0.28991783
0,0.27399307
0,0.25438222
0,0.25951013
0,0.26617777
0,0.27208886
0,0.2619635
0,0.36107284
0,0.37922946
0,0.36862162
0,0.33883002
0,0.30786255
0,0.3009605
0,0.29343367
0,0.28679827
0,0.38697213
0,0.34453836
0,0.2956587
0,0.28573143
0,0.27973807
0,0.26882777
0,0.26344293
0,0.2567428
0,0.25676718
0,0.25323442
0,0.38024032
0,0.29985705
0,0.26875585
0,0.26370168
0,0.26570407
0,0.25260583
0,0.24815306
0,0.29229233
0,0.26089013
0,0.26354054
0,0.24964248
0,0.25429744
0,0.2604719
0,0.26250762
0,0.3458349
0,0.36324602
0,0.3509175
0,0.3245101
0,0.29398805
0,0.28177086
0,0.2778372
0,0.3860748
0,0.30796844
0,0.29283872
0,0.28165773
0,0.26974055
0,0.26850787
0,0.26232174
0,0.2623497
0,0.26043776
0,0.27711412
0,0.26864153
0,0.26682466
0,0.26192695
0,0.25910285
0,0.25860214
0,0.26012874
0,0.25730145
0,0.33011732
0,0.28315812
0,0.27622613
0,0.41259912
0,0.33297995
0,0.301665
0,0.29402062
0,0.28350744
0,0.27415812
0,0.26466584
0,0.26151618
0,0.26390487
0,0.25971678
0,0.26409337
0,0.26779965
0,0.260231
0,0.2646565
0,0.25417987
0,0.25933617
0,0.2571139
0,0.26069775
0,0.25789315
0,0.2598405
0,0.25386772
0,0.34102786
0,0.27608764
0,0.27471325
0,0.31201747
0,0.27841562
0,0.26986858
0,0.27128875
0,0.26737568
0,0.26375714
0,0.2486048
0,0.263713
0,0.25687492
0,0.25445825
0,0.2578156
0,0.25384453
0,0.2626848
0,0.25597423
0,0.24459209
0,0.2617142
0,0.2566774
0,0.256391
0,0.25721225
0,0.25850436
0,0.25962108
0,0.26794657
0,0.26285103
0,0.25492692
0,0.26465532
0,0.27016824
0,0.2654495
0,0.2658897
0,0.35036054
0,0.36568186
0,0.31304783
0,0.3016634
0,0.28285617
0,0.2811351
0,0.27760875
0,0.2843053
0,0.28148815
0,0.2773971
0,0.26988733
0,0.2601478
0,0.26565632
0,0.26097715
0,0.2644079
0,0.2588809
0,0.2587108
0,0.25766492
0,0.25662673
0,0.26679006
0,0.2581374
0,0.25870666
0,0.25414047
0,0.30277818
0,0.27978492
0,0.26690593
0,0.27681413
0,0.2735099
0,0.2669771
0,0.2629697
0,0.27352655
0,0.2872217
0,0.27630004
0,0.2618644
0,0.2608076
0,0.2639465
0,0.26088867
0,0.26249325
0,0.25453466
0,0.25938767
0,0.26658878
0,0.25147852
0,0.26514038
0,0.25413615
0,0.2543677
0,0.26543862
0,0.2574761
0,0.36045617
0,0.29950133
0,0.27817377
0,0.2688427
0,0.26623794
0,0.2656676
0,0.2601637
0,0.25689915
0,0.2552563
0,0.25276542
0,0.28783652
0,0.26645866
0,0.27120468
0,0.2756987
0,0.2769512
0,0.26949164
0,0.35513023
0,0.2994368
0,0.31770116
0,0.2927305
0,0.2875223
0,0.27626845
0,0.27340102
0,0.27552506
0,0.2638872
0,0.26817524
0,0.2553576
0,0.25840995
0,0.26011527
0,0.25679192
0,0.25589383
0,0.26159346
0,0.26111946
0,0.2613367
0,0.25981548
0,0.25798932
0,0.257755
0,0.2639222
0,0.2533003
0,0.36721563
0,0.30419362
0,0.29131886
0,0.27582535
0,0.26896656
0,0.27075893
0,0.2674063
0,0.2599578
0,0.2620649
0,0.3370938
0,0.33878553
0,0.32269177
0,0.29808503
0,0.29565212
0,0.28507063
0,0.2761697
0,0.26966006
0,0.2740982
0,0.25837278
0,0.2589752
0,0.2629329
0,0.26121706
0,0.25955033
0,0.26435056
0,0.26707482
0,0.26607177
0,0.25687176
0,0.25386688
0,0.2552948
0,0.26065865
0,0.26325586
0,0.2664861
0,0.2643919
0,0.27008003
0,0.2669083
0,0.2658773
0,0.26617777
0,0.25590262
0,0.2593899
0,0.25752112
0,0.25104246
0,0.25845537
0,0.2709584
0,0.2632608
0,0.26156998
0,0.2602678
0,0.25845867
0,0.25995892
0,0.25646067
0,0.24834724
0,0.24868695
0,0.25338554
0,0.25276574
0,0.25913832
0,0.26253235
0,0.25925317
0,0.25638774
0,0.26261458
0,0.255116
0,0.2558531
0,0.26084465
0,0.25553864
0,0.253711
0,0.252813
0,0.2516605
0,0.25342557
0,0.2586199
0,0.25931022
0,0.24758056
0,0.2541723
0,0.25793144
0,0.25879538
0,0.25132295
0,0.25808433
0,0.24717067
0,0.25389332
0,0.2559261
0,0.2572638
0,0.25739497
0,0.2505372
0,0.25502765
0,0.25315353
0,0.24671724
0,0.2504656
0,0.2516027
0,0.2565655
0,0.25490433
0,0.26247728
0,0.26570082
0,0.25727624
0,0.256853
0,0.26211274
0,0.2649645
0,0.25948104
0,0.26330647
0,0.257938
0,0.26366338
0,0.25520244
0,0.2547922
0,0.26087514
0,0.26309732
0,0.26402476
0,0.26410326
0,0.2562295
0,0.2533443
0,0.25531584
0,0.25178063
0,0.2566098
0,0.25034007
0,0.24652635
0,0.27102557
0,0.25587353
0,0.259389
0,0.24893928
0,0.25827253
0,0.2557332
0,0.25708747
0,0.25836003
0,0.25660512
0,0.2582751
0,0.25622106
0,0.2523703
0,0.25336942
0,0.25789648
0,0.2549405
0,0.2641818
0,0.2579942
0,0.25882673
0,0.2629371
0,0.25424165
0,0.25622824
0,0.26335987
0,0.26360288
0,0.2650915
0,0.2618534
0,0.26125655
0,0.2582035
0,0.2562624
0,0.2626836
0,0.26305804
0,0.26456037
0,0.26013735
0,0.26316914
0,0.2582922
0,0.2606709
0,0.26262614
0,0.2617179
0,0.26178515
0,0.25757873
0,0.25191396
0,0.25935638
0,0.2580131
0,0.25715387
0,0.25664648
0,0.2563011
0,0.26631463
0,0.2617001
0,0.26011002
0,0.25666338
0,0.25883123
0,0.2534455
0,0.26132813
0,0.2595407
0,0.25784594
0,0.25906724
0,0.26344904
0,0.2672048
0,0.2691892
0,0.28145438
0,0.2651512
0,0.26865748
0,0.26886714
0,0.26919317
0,0.29154238
0,0.27770314
0,0.2717278
0,0.26973978
0,0.2635244
0,0.29844263
0,0.2785299
0,0.26655656
0,0.26963818
0,0.3078048
0,0.3266792
0,0.28789195
0,0.2835186
0,0.27745625
0,0.27390194
0,0.310691
0,0.2835073
0,0.27687573
0,0.2678205
0,0.257916
0,0.25926426
0,0.2984229
0,0.27488232
0,0.27071592
0,0.26488772
0,0.2798998
0,0.26175225
0,0.25916517
0,0.27282453
0,0.2635055
0,0.2588226
0,0.26139352
0,0.2715031
0,0.28003496
0,0.26925227
0,0.26481268
0,0.26466617
0,0.2925477
0,0.27223915
0,0.27444813
0,0.2741259
0,0.26673132
0,0.2638493
0,0.26101908
0,0.26251704
0,0.26490182
0,0.26593688
0,0.26534575
0,0.26592726
0,0.26451176
0,0.2675345
0,0.31396353
0,0.28521055
0,0.2768022
0,0.27386492
0,0.26128617
0,0.2636255
0,0.25990698
0,0.25963172
0,0.25934917
0,0.25680086
0,0.29230806
0,0.27013588
0,0.26552844
0,0.2733301
0,0.27429605
0,0.28987995
0,0.35515594
0,0.29986754
0,0.29219395
0,0.28686473
0,0.28746757
0,0.28214383
0,0.2772464
0,0.26476592
0,0.2688185
0,0.30966318
0,0.28351516
0,0.27776688
0,0.26782566
0,0.26879692
0,0.28727967
0,0.271601
0,0.2611359
0,0.26373357
0,0.25637692
0,0.25219685
0,0.25576374
0,0.25922355
0,0.26456654
0,0.26713976
0,0.26361144
0,0.26636705
0,0.27507612
0,0.27002123
0,0.26150376
0,0.26563838
0,0.25851732
0,0.26021877
0,0.26347512
0,0.25906405
0,0.25883645
0,0.26006877
0,0.25353277
0,0.25047597
0,0.2565136
0,0.25790915
0,0.26311022
0,0.25303367
0,0.2533387
0,0.25563303
0,0.25945836
0,0.25753775
0,0.26116052
0,0.25721982
0,0.2566675
0,0.25630602
0,0.24804401
0,0.25122732
0,0.25375116
0,0.25668132
0,0.26111746
0,0.25791934
0,0.25665876
0,0.25571278
0,0.25671992
0,0.25469857
0,0.2572649
0,0.26144108
0,0.26542142
0,0.2627771
0,0.2924822
0,0.2766645
0,0.27347285
0,0.25732794
0,0.26372287
0,0.27305457
0,0.26752287
0,0.26508942
0,0.2568972
0,0.2526321
0,0.2913749
0,0.27190012
0,0.2679927
0,0.26287436
0,0.26431254
0,0.2649152
0,0.27201214
0,0.26195046
0,0.26215097
0,0.25924712
0,0.25712457
0,0.25700632
0,0.25502926
0,0.2645687
0,0.2554571
0,0.25878033
0,0.25471053
0,0.25673458
0,0.2714881
0,0.73309684
0,0.5225507
0,0.43980268
0,0.37622213
0,0.3404779
0,0.31536388
0,0.30045244
0,0.2833447
0,0.27877638
0,0.2749389
0,0.26650155
0,0.26606178
0,0.25762096
0,0.25058833
0,0.2505653
0,0.25334576
0,0.25210777
0,0.24967012
0,0.24584526
0,0.24172486
0,0.24155141
0,0.23989777
0,0.24846384
0,0.24503835
0,0.24859256
0,0.24612185
0,0.25292706
0,0.25857392
0,0.25812602
0,0.25617054
0,0.2663704
0,0.26808062
0,0.2714691
0,0.26204878
0,0.28741854
0,0.26760748
0,0.27230236
0,0.26999304
0,0.27147168
0,0.26293156
0,0.2718447
0,0.2600184
0,0.26475677
0,0.4007504
0,0.35943782
0,0.3974177
0,0.3766828
0,0.36377862
0,0.3205589
0,0.29948628
0,0.288367
0,0.28036264
0,0.27379858
0,0.269739
0,0.29439595
0,0.27380833
0,0.3120453
0,0.2800034
0,0.27487856
0,0.26623628
0,0.37141588
0,0.30096558
0,0.28143057
0,0.28745082
0,0.2650473
0,0.26918423
0,0.25471658
0,0.24853696
0,0.2457683
0,0.26311114
0,0.2792591
0,0.26863778
0,0.27080742
0,0.27551937
0,0.2775849
0,0.27625558
0,0.30152905
0,0.2853338
0,0.28246602
0,0.27431569
0,0.2623505
0,0.26709533
0,0.28254488
0,0.28774494
0,0.27699172
0,0.2709162
0,0.26916993
0,0.29512826
0,0.27277023
0,0.26862594
0,0.26534238
0,0.26196656
0,0.2600034
0,0.28740802
0,0.2676058
0,0.2735712
0,0.26510867
0,0.2896459
0,0.27691725
0,0.29569384
0,0.2892213
0,0.27237505
0,0.27470812
0,0.29359847
0,0.26983538
0,0.26375023
0,0.27446002
0,0.2674858
0,0.26373735
0,0.2663286
0,0.26470283
0,0.2602164
0,0.25211856
0,0.25868216
0,0.2827281
0,0.27938887
0,0.2706936
0,0.26603994
0,0.26858974
0,0.2653862
0,0.25844422
0,0.26013526
0,0.29072043
0,0.29142946
0,0.2752847
0,0.28133097
0,0.2852587
0,0.2712321
0,0.2689167
0,0.2638487
0,0.26032338
0,0.2653058
0,0.26836577
0,0.26839185
0,0.262558
0,0.27049503
0,0.26166144
0,0.26609266
0,0.26786658
0,0.26348045
0,0.2665219
0,0.27041826
0,0.26877224
0,0.25993085
0,0.26507506
0,0.2626125
0,0.26386845
0,0.26521164
0,0.26542807
0,0.2682711
0,0.28532976
0,0.26762497
0,0.26801366
0,0.2844925
0,0.27060804
0,0.26796955
0,0.26776612
0,0.26458508
0,0.26295835
0,0.2584257
0,0.26075602
0,0.26865858
0,0.29250982
0,0.2720814
0,0.30688554
0,0.29277322
0,0.28909585
0,0.27482286
0,0.26987743
0,0.28564575
0,0.41183847
0,0.32720888
0,0.30767623
0,0.2901556
0,0.28097263
0,0.2737713
0,0.2630556
0,0.2789731
0,0.28036657
0,0.2776331
0,0.27265704
0,0.2788346
0,0.27672634
0,0.26414865
0,0.28672424
0,0.26646763
0,0.26297164
0,0.26844302
0,0.27017117
0,0.28892142
0,0.27341375
0,0.27415472
0,0.2734258
0,0.26970547
0,0.40932006
0,0.34148616
0,0.30921057
0,0.29080844
0,0.2948189
0,0.2811808
0,0.27387765
0,0.27229565
0,0.26671535
0,0.26788083
0,0.2631595
0,0.2841173
0,0.27247465
0,0.2634265
0,0.27218664
0,0.4188045
0,0.338372
0,0.31380817
0,0.30389062
0,0.2908224
0,0.28413615
0,0.27029812
0,0.26945204
0,0.27273467
0,0.3747336
0,0.3173465
0,0.30528384
0,0.2938127
0,0.27516052
0,0.29333583
0,0.27434492
0,0.27397287
0,0.26872373
0,0.26780313
0,0.26636046
0,0.2729418
0,0.26631945
0,0.26784593
0,0.25546882
0,0.26005632
0,0.25866872
0,0.25932544
0,0.2607666
0,0.25977445
0,0.25850895
0,0.2599027
0,0.2740667
0,0.2722332
0,0.2621339
0,0.27174234
0,0.27234045
0,0.29316193
0,0.27107397
0,0.2765563
0,0.42192477
0,0.3283628
0,0.3077911
0,0.2966621
0,0.2879021
0,0.2832834
0,0.26800263
0,0.26124522
0,0.26626208
0,0.26808912
0,0.2696752
0,0.2870863
0,0.29347533
0,0.2892444
0,0.26947382
0,0.2741988
0,0.2700913
0,0.27704176
0,0.28387442
0,0.28886822
0,0.27858692
0,0.2722528
0,0.26754355
0,0.27564567
0,0.27558497
0,0.27341545
0,0.26661745
0,0.2647792
0,0.27480853
0,0.29563278
0,0.28513455
0,0.27898115
0,0.27071035
0,0.3845708
0,0.31941435
0,0.36803412
0,0.34205002
0,0.31133163
0,0.28738594
0,0.27787706
0,0.27922517
0,0.27684063
0,0.2687395
0,0.27557454
0,0.26381412
0,0.26794395
0,0.2669135
0,0.2581813
0,0.2599734
0,0.2626555
0,0.2658954
0,0.2672924
0,0.2738092
0,0.254343
0,0.26097974
0,0.25592622
0,0.3783947
0,0.30721125
0,0.2798263
0,0.30582112
0,0.29101092
0,0.28047085
0,0.27553695
0,0.27609578
0,0.27490926
0,0.27663258
0,0.27571028
0,0.27722776
0,0.2763594
0,0.2651964
0,0.27400336
0,0.27322468
0,0.26282287
0,0.28691858
0,0.26923516
0,0.2696746
0,0.27112585
0,0.25900105
0,0.26630533
0,0.275919
0,0.2778851
0,0.27148366
0,0.27094746
0,0.2835099
0,0.29161698
0,0.2801242
0,0.28358594
0,0.27332705
0,0.2685624
0,0.26523134
0,0.274082
0,0.2661877
0,0.2641167
0,0.26131928
0,0.25977108
0,0.25604117
0,0.25615627
0,0.25640324
0,0.25429073
0,0.25382626
0,0.26114047
0,0.26709592
0,0.2700612
0,0.26805064
0,0.25526127
0,0.2663949
0,0.26701865
0,0.2687617
0,0.2685587
0,0.26298425
0,0.25830618
0,0.26371336
0,0.2540247
0,0.2603474
0,0.2584953
0,0.2633136
0,0.26145667
0,0.26146355
0,0.25678203
0,0.2588225
0,0.2578794
0,0.2706647
0,0.26266143
0,0.263184
0,0.25972766
0,0.2596376
0,0.24874783
0,0.25376692
0,0.25347048
0,0.25223076
0,0.25497267
0,0.2905473
0,0.2745829
0,0.2690782
0,0.26491308
0,0.26394352
0,0.26568705
0,0.26518944
0,0.25973558
0,0.26197487
0,0.2569123
0,0.2599535
0,0.25802973
0,0.25482187
0,0.25274336
0,0.25890836
0,0.25298986
0,0.25167403
0,0.25673088
0,0.25714603
0,0.25724772
0,0.2529467
0,0.24759127
0,0.25376457
0,0.25995982
0,0.25609684
0,0.25734738
0,0.2540381
0,0.25330243
0,0.24868661
0,0.25017574
0,0.2523114
0,0.25816464
0,0.25408813
0,0.25092503
0,0.25953007
0,0.24976812
0,0.2502962
0,0.25172076
0,0.24017204
0,0.25019583
0,0.25656044
0,0.25249866
0,0.2579415
0,0.26883963
0,0.25449768
0,0.26201725
0,0.25349668
0,0.258418
0,0.25796556
0,0.25622943
0,0.25898027
0,0.25218645
0,0.2462034
0,0.24987791
0,0.24666324
0,0.25291976
0,0.2550592
0,0.25662047
0,0.2629664
0,0.25125486
0,0.25130907
0,0.25410175
0,0.25302827
0,0.25017792
0,0.2518874
0,0.25559407
0,0.24641824
0,0.24914277
0,0.23970912
0,0.24964125
0,0.25642276
0,0.2566573
0,0.25940594
0,0.25438717
0,0.27171043
0,0.26278535
0,0.2561895
0,0.26079792
0,0.26497227
0,0.25841096
0,0.26249376
0,0.2539975
0,0.26537815
0,0.2728317
0,0.26056612
0,0.2558557
0,0.25483078
0,0.26350978
0,0.25579038
0,0.25165805
0,0.25552446
0,0.25745875
0,0.24875888
0,0.24635696
0,0.25158846
0,0.24876706
0,0.24642035
0,0.24633333
0,0.24392276
0,0.24811889
0,0.24032912
0,0.24251375
0,0.23799278
0,0.24245375
0,0.24947271
0,0.26624364
0,0.26372313
0,0.25581932
0,0.27082494
0,0.25894406
0,0.2629056
0,0.2618953
0,0.2683524
0,0.25851572
0,0.26173788
0,0.2521957
0,0.25373387
0,0.2494773
0,0.27588534
0,0.26985416
0,0.26241434
0,0.2629888
0,0.26223242
0,0.2550231
0,0.25128943
0,0.24744211
0,0.24223998
0,0.24311481
0,0.24342486
0,0.2487807
0,0.24335855
0,0.24903964
0,0.24921718
0,0.24850765
0,0.25987837
0,0.2539211
0,0.25378886
0,0.2457581
0,0.2672269
0,0.24707761
0,0.25851247
0,0.2614314
0,0.26271537
0,0.25894397
0,0.26139876
0,0.26277763
0,0.2737053
0,0.25789675
0,0.2611228
0,0.25677612
0,0.25382698
0,0.25994742
0,0.2561568
0,0.25428945
0,0.25084335
0,0.24290448
0,0.24657097
0,0.24477354
0,0.24333577
0,0.24818839
0,0.24873526
0,0.2709309
0,0.26992583
0,0.26784214
0,0.26179394
0,0.25913346
0,0.25135264
0,0.24786302
0,0.25265417
0,0.24836081
0,0.25139028
0,0.25163084
0,0.25184283
0,0.2519369
0,0.2513308
0,0.25888696
0,0.2525446
0,0.24594834
0,0.24548586
0,0.25912535
0,0.26130983
0,0.26474738
0,0.26212847
0,0.26293314
0,0.25952974
0,0.27318722
0,0.25628155
0,0.25551152
0,0.25622696
0,0.26134452
0,0.25435463
0,0.25118706
0,0.2519118
0,0.2651572
0,0.2517846
0,0.25162056
0,0.2539717
0,0.2542813
0,0.2508448
0,0.24716136
0,0.24931963
0,0.25979078
0,0.24779275
0,0.24767733
0,0.24437037
0,0.24631031
0,0.24985567
0,0.25088677
0,0.2609207
0,0.25419265
0,0.2538793
0,0.25325572
0,0.24647924
0,0.26539344
0,0.2655554
0,0.2617665
0,0.25336513
0,0.45957527
0,0.32768258
0,0.30452093
0,0.28718382
0,0.2820634
0,0.27657977
0,0.27071488
0,0.2666494
0,0.261948
0,0.25609902
0,0.26425102
0,0.26255366
0,0.2940279
0,0.2738255
0,0.2726106
0,0.26297444
0,0.26473558
0,0.25608322
0,0.2537329
0,0.25183615
0,0.25796083
0,0.25176948
0,0.25038457
0,0.25790864
0,0.25493327
0,0.2491489
0,0.25612208
0,0.25775898
0,0.25776902
0,0.25318003
0,0.25144693
0,0.26330355
0,0.26057583
0,0.25850192
0,0.25945166
0,0.2604293
0,0.2624039
0,0.25970474
0,0.25410315
0,0.24881357
0,0.2547424
0,0.25317627
0,0.25279224
0,0.2567428
0,0.25190303
0,0.25897965
0,0.25780764
0,0.27075222
0,0.25722337
0,0.25591403
0,0.264148
0,0.26120672
0,0.25567836
0,0.257341
0,0.25573164
0,0.25278646
0,0.24761574
0,0.24730763
0,0.26328692
0,0.25159445
0,0.25344235
0,0.24964981
0,0.25483346
0,0.2535356
0,0.25282627
0,0.25235626
0,0.25466695
0,0.26374456
0,0.2583979
0,0.25816888
0,0.25770825
0,0.25412413
0,0.24832296
0,0.2474747
0,0.24318606
0,0.2486404
0,0.2649264
0,0.24750496
0,0.24772188
0,0.27086237
0,0.24781542
0,0.25755432
0,0.2566576
0,0.26018324
0,0.257592
0,0.25595987
0,0.27054584
0,0.2671454
0,0.2595138
0,0.2638879
0,0.2613477
0,0.25663757
0,0.25352854
0,0.2511345
0,0.25021374
0,0.24925965
0,0.24451303
0,0.24518915
0,0.2434256
0,0.24306564
0,0.24841577
0,0.24940887
0,0.24620853
0,0.25149876
0,0.25400564
0,0.25194883
0,0.25477135
0,0.24883676
0,0.2533377
0,0.25338456
0,0.24609278
0,0.24897769
0,0.24848543
0,0.24865034
0,0.24953721
0,0.2503741
0,0.2525501
0,0.25102043
0,0.24369992
0,0.24711311
0,0.25686905
0,0.25531104
0,0.25823766
0,0.26249006
0,0.2611594
0,0.25886592
0,0.27106717
0,0.26030603
0,0.2576963
0,0.25508973
0,0.25359297
0,0.25272685
0,0.24988362
0,0.24990553
0,0.24948618
0,0.24495514
0,0.24563059
0,0.24404839
0,0.2605757
0,0.25027567
0,0.25431678
0,0.2532751
0,0.2758467
0,0.25363705
0,0.25820798
0,0.25684774
0,0.26018676
0,0.25343946
0,0.25593427
0,0.25439057
0,0.2485004
0,0.24147797
0,0.24807487
0,0.24696086
0,0.24799651
0,0.24859312
0,0.24908456
0,0.24164133
0,0.24570213
0,0.24511887
0,0.2532015
0,0.25179753
0,0.2514395
0,0.25111783
0,0.2535485
0,0.2517757
0,0.2532953
0,0.24858852
0,0.24938917
0,0.25351337
0,0.2524545
0,0.25721508
0,0.252417
0,0.25647312
0,0.25867432
0,0.25600538
0,0.25142103
0,0.250007
0,0.25495705
0,0.25516582
0,0.25599548
0,0.24919853
0,0.25130287
0,0.2555579
0,0.25330856
0,0.25334248
0,0.25775304
0,0.25500146
0,0.24446781
0,0.26814574
0,0.25605005
0,0.25850534
0,0.2566806
0,0.2610387
0,0.26023617
0,0.26575625
0,0.26780406
0,0.27589765
0,0.26039028
0,0.25619733
0,0.27833772
0,0.2617857
0,0.2582983
0,0.2600699
0,0.26226565
0,0.27157718
0,0.25378543
0,0.25960562
0,0.2544748
0,0.25548896
0,0.251813
0,0.2617055
0,0.25421235
0,0.2534929
0,0.24729274
0,0.25039482
0,0.25577605
0,0.25592273
0,0.2487751
0,0.2531411
0,0.25162634
0,0.2647576
0,0.24961603
0,0.25566766
0,0.25472093
0,0.2477599
0,0.24614154
0,0.24078785
0,0.26479927
0,0.2545465
0,0.2506322
0,0.25820455
0,0.25509876
0,0.2595169
0,0.2555427
0,0.25837192
0,0.25722185
0,0.25308055
0,0.24952629
0,0.24973689
0,0.25711325
0,0.25379375
0,0.2513391
0,0.2540848
0,0.2498834
0,0.26468298
0,0.24915124
0,0.25084355
0,0.249941
0,0.25084746
0,0.24843015
0,0.25470504
0,0.24679653
0,0.2468349
0,0.251244
0,0.24461086
0,0.2519295
0,0.24400131
0,0.24092446
0,0.23908003
0,0.23739192
0,0.24372797
0,0.2374339
0,0.25436693
0,0.24496658
0,0.23937392
0,0.24604829
0,0.26393694
0,0.255332
0,0.2591755
0,0.2564007
0,0.25399128
0,0.25241357
0,0.25570774
0,0.25095743
0,0.25026053
0,0.25106272
0,0.24610245
0,0.25009087
0,0.25262943
0,0.25186443
0,0.24844925
0,0.24726865
0,0.2476325
0,0.25039017
0,0.24709326
0,0.24946931
0,0.2586408
0,0.25283438
0,0.25821123
0,0.25056747
0,0.26237524
0,0.25198507
0,0.24611749
0,0.2479227
0,0.24855621
0,0.25031382
0,0.24551961
0,0.24565354
0,0.2488676
0,0.24155125
0,0.23615402
0,0.25014433
0,0.24387643
0,0.25404394
0,0.24920173
0,0.25187913
0,0.26777834
0,0.25870156
0,0.25045982
0,0.25285685
0,0.25225234
0,0.26801825
0,0.25808206
0,0.25728413
0,0.27052394
0,0.25899154
0,0.25255236
0,0.25441217
0,0.25462142
0,0.25338012
0,0.2476417
0,0.2554291
0,0.26575047
0,0.2590279
0,0.25004348
0,0.2563702
0,0.2520757
0,0.24751423
0,0.25712445
0,0.25515985
0,0.25530505
0,0.25211683
0,0.24528341
0,0.24944744
0,0.25209978
0,0.24859168
0,0.24848524
0,0.24898359
0,0.24393433
0,0.24598026
0,0.2502889
0,0.251094
0,0.2566921
0,0.2542693
0,0.26206133
0,0.2605544
0,0.24879807
0,0.2439962
0,0.2642978
0,0.25998497
0,0.2634009
0,0.2645025
0,0.25881687
0,0.25840512
0,0.2694248
0,0.25855306
0,0.25636402
0,0.25264528
0,0.25138226
0,0.249309
0,0.2732693
0,0.256367
0,0.26077747
0,0.2481455
0,0.24912877
0,0.24505857
0,0.24462144
0,0.24372496
0,0.24071725
0,0.25440595
0,0.25837615
0,0.24614736
0,0.2561702
0,0.2550771
0,0.2707019
0,0.26533553
0,0.26072407
0,0.2582511
0,0.2708475
0,0.25404146
0,0.25376892
0,0.25871024
0,0.25697035
0,0.2564214
0,0.26820257
0,0.2564732
0,0.24858586
0,0.24026848
0,0.2593335
0,0.25420716
0,0.2535037
0,0.2487934
0,0.27709946
0,0.2618889
0,0.25636366
0,0.2539917
0,0.2926001
0,0.28119585
0,0.2654086
0,0.25880414
0,0.25759798
0,0.2548744
0,0.2927306
0,0.26130924
0,0.2599257
0,0.25552532
0,0.27492315
0,0.25612593
0,0.27259174
0,0.2790564
0,0.2748711
0,0.26595595
0,0.26823372
0,0.27649033
0,0.26812586
0,0.27802205
0,0.26575515
0,0.26863873
0,0.25693476
0,0.2569192
0,0.25845054
0,0.2691059
0,0.2624931
0,0.25618598
0,0.2527504
0,0.25122684
0,0.24544705
0,0.25339353
0,0.25789186
0,0.25289014
0,0.25660372
0,0.26190302
0,0.2551505
0,0.25375673
0,0.24743426
0,0.24475367
0,0.24398558
0,0.26479068
0,0.247597
0,0.24399038
0,0.2409863
0,0.2398175
0,0.23773222
0,0.24122703
0,0.25141162
0,0.253283
0,0.25196606
0,0.2673667
0,0.25783265
0,0.2607664
0,0.25231975
0,0.2517247
0,0.2524518
0,0.24934997
0,0.24092577
0,0.24325342
0,0.25366074
0,0.25351915
0,0.24935158
0,0.2617962
0,0.25680315
0,0.25186598
0,0.2510601
0,0.24518543
0,0.24473327
0,0.25675473
0,0.2512049
0,0.24337608
0,0.24063307
0,0.24358799
0,0.23985566
0,0.24121314
0,0.25286946
0,0.24645019
0,0.2478186
0,0.24397717
0,0.26394692
0,0.27171054
0,0.26377717
0,0.26412994
0,0.2640623
0,0.25421986
0,0.25629738
0,0.25568998
0,0.26898625
0,0.25754744
0,0.2729039
0,0.2578223
0,0.27105674
0,0.25351363
0,0.25129613
0,0.256635
0,0.24872221
0,0.2627273
0,0.2555278
0,0.2504563
0,0.26246646
0,0.24993484
0,0.26108256
0,0.24870566
0,0.2554785
0,0.27161703
0,0.25769514
0,0.27597222
0,0.2599588
0,0.25489783
0,0.25117195
0,0.2710136
0,0.2747268
0,0.28334653
0,0.26952225
0,0.2700306
0,0.2633438
0,0.24976875
0,0.24880815
0,0.25223932
0,0.26718983
0,0.2717765
0,0.26572707
0,0.26879063
0,0.2743887
0,0.26007283
0,0.26187316
0,0.27112564
0,0.27520207
0,0.2609847
0,0.25790152
0,0.2578336
0,0.25645012
0,0.24608152
0,0.25938553
0,0.26556182
0,0.26828527
0,0.26222485
0,0.2555323
0,0.26392677
0,0.25335044
0,0.24698776
0,0.24224931
0,0.24485378
0,0.2451572
0,0.26460835
0,0.2739871
0,0.2695677
0,0.25551826
0,0.25672707
0,0.25083098
0,0.2696262
0,0.27704188
0,0.2699399
0,0.26752514
0,0.277279
0,0.25634778
0,0.27310422
0,0.2616788
0,0.27340588
0,0.2611117
0,0.2695046
0,0.2638957
0,0.27390537
0,0.2544833
0,0.25790188
0,0.26199788
0,0.2611947
0,0.25844288
0,0.2664065
0,0.2634944
0,0.25854632
0,0.2549193
0,0.27830157
0,0.26688457
0,0.2608018
0,0.25339308
0,0.25445026
0,0.25560895
0,0.255332
0,0.32732004
0,0.27400243
0,0.264105
0,0.25418693
0,0.25574622
0,0.2574547
0,0.24776444
0,0.24670328
0,0.23955125
0,0.26235068
0,0.2693822
0,0.2766661
0,0.26810524
0,0.2670764
0,0.2636126
0,0.25912482
0,0.25386924
0,0.2545166
0,0.25575203
0,0.25169873
0,0.25498822
0,0.25645643
0,0.25153667
0,0.25743765
0,0.24516408
0,0.24587588
0,0.26144
0,0.26510864
0,0.25424114
0,0.25367212
0,0.24975531
0,0.24683623
0,0.2436726
0,0.24412104
0,0.24453562
0,0.23967935
0,0.23737983
0,0.2433373
0,0.25318873
0,0.24248157
0,0.2646464
0,0.24785079
0,0.25186992
0,0.26841614
0,0.27519983
0,0.26860377
0,0.27845165
0,0.26567551
0,0.26193383
0,0.26414698
0,0.2668629
0,0.25838575
0,0.26154435
0,0.27250788
0,0.26071143
0,0.25068885
0,0.25403544
0,0.25538784
0,0.25133818
0,0.26581514
0,0.25393274
0,0.2499486
0,0.26407972
0,0.24823211
0,0.26368147
0,0.2569416
0,0.25558954
0,0.24985932
0,0.2454691
0,0.24519877
0,0.2419169
0,0.23746747
0,0.24135987
0,0.23713417
0,0.26147315
0,0.24710605
0,0.26726314
0,0.25968114
0,0.27475882
0,0.2581165
0,0.25247452
0,0.25740603
0,0.26154387
0,0.24946618
0,0.25518975
0,0.25379977
0,0.25563627
0,0.24310094
0,0.25961357
0,0.26446995
0,0.2593224
0,0.2597362
0,0.25834972
0,0.2530963
0,0.26350093
0,0.2577585
0,0.26537773
0,0.25986066
0,0.26671025
0,0.25710905
0,0.26297343
0,0.25588977
0,0.25517038
0,0.24547152
0,0.24960996
0,0.24573313
0,0.24362497
0,0.24180117
0,0.23911966
0,0.2427004
0,0.2746288
0,0.24932177
0,0.25055754
0,0.24757053
0,0.2455992
0,0.24062327
0,0.2388162
0,0.25774047
0,0.25325555
0,0.25587398
0,0.25495797
0,0.26484448
0,0.25833115
0,0.27069163
0,0.26297083
0,0.2629553
0,0.25306606
0,0.26142928
0,0.2571129
0,0.25715417
0,0.25805256
0,0.25790304
0,0.25321215
0,0.25871998
0,0.25001326
0,0.24966721
0,0.24765114
0,0.2506811
0,0.25229457
0,0.2540886
0,0.25979748
0,0.25052717
0,0.25214392
0,0.24720804
0,0.24947624
0,0.24956656
0,0.24710205
0,0.24200405
0,0.24143314
0,0.24323957
0,0.24213229
0,0.2427551
0,0.23776947
0,0.24736692
0,0.24934462
0,0.2562399
0,0.25378788
0,0.25550905
0,0.24807084
0,0.2560772
0,0.25906625
0,0.25641233
0,0.2569103
0,0.25789505
0,0.2647898
0,0.26143476
0,0.25055593
0,0.25430578
0,0.25351214
0,0.25090978
0,0.274061
0,0.26584828
0,0.26109937
0,0.25621906
0,0.24846092
0,0.24720097
0,0.24426226
0,0.24396096
0,0.244165
0,0.24568313
0,0.24520282
0,0.24752548
0,0.24645656
0,0.24678348
0,0.24441314
0,0.24534194
0,0.25029248
0,0.24785985
0,0.24250413
0,0.2448342
0,0.24000637
0,0.24931087
0,0.2633221
0,0.2565088
0,0.25687733
0,0.25949666
0,0.2575098
0,0.24941486
0,0.26322117
0,0.25465277
0,0.2521613
0,0.2529987
0,0.25318068
0,0.25577205
0,0.26375902
0,0.25037104
0,0.26279566
0,0.2544432
0,0.26669094
0,0.254878
0,0.253021
0,0.24876173
0,0.24604033
0,0.2422923
0,0.24311893
0,0.24009372
0,0.24753189
0,0.24623631
0,0.24272272
0,0.24201481
0,0.23984347
0,0.23387632
0,0.23478535
0,0.23389058
0,0.23530433
0,0.23559988
0,0.24621178
0,0.2611822
0,0.25727403
0,0.25261465
0,0.25643194
0,0.25749186
0,0.2571965
0,0.25726265
0,0.25391558
0,0.2584921
0,0.2562983
0,0.24830495
0,0.27440986
0,0.27229747
0,0.27330938
0,0.26665488
0,0.2621172
0,0.25928998
0,0.25933707
0,0.24996504
0,0.25635198
0,0.25486276
0,0.25031978
0,0.24620971
0,0.24972595
0,0.2520175
0,0.2524314
0,0.2441504
0,0.24938612
0,0.24393992
0,0.2439941
0,0.24042802
0,0.24269038
0,0.23885807
0,0.25447315
0,0.2452112
0,0.25032407
0,0.25379255
0,0.2700528
0,0.26048964
0,0.26532355
0,0.26469207
0,0.2548036
0,0.26892143
0,0.26158652
0,0.27114737
0,0.27301064
0,0.26280835
0,0.26157445
0,0.25694326
0,0.25095314
0,0.24647288
0,0.25061324
0,0.2582605
0,0.25025156
0,0.2541515
0,0.25562173
0,0.25505152
0,0.24781577
0,0.25571197
0,0.25222474
0,0.24859753
0,0.24899054
0,0.25376138
0,0.24628994
0,0.24701296
0,0.23983966
0,0.23917118
0,0.2403632
0,0.23694065
0,0.23583484
0,0.25719747
0,0.2664321
0,0.27239695
0,0.25475425
0,0.26923138
0,0.26254055
0,0.25491047
0,0.25738838
0,0.25443572
0,0.2529418
0,0.25468084
0,0.24252859
0,0.24786003
0,0.24819832
0,0.25096664
0,0.255094
0,0.2627209
0,0.2572106
0,0.26520085
0,0.25647748
0,0.253159
0,0.2586379
0,0.2551619
0,0.25394908
0,0.27317882
0,0.25790304
0,0.2595051
0,0.2513709
0,0.25449443
0,0.25070548
0,0.26546678
0,0.25281003
0,0.24671659
0,0.2467476
0,0.24399525
0,0.24732111
0,0.24476792
0,0.24415211
0,0.26308128
0,0.26902103
0,0.252914
0,0.2579107
0,0.24924245
0,0.25256342
0,0.25638154
0,0.25591412
0,0.25513226
0,0.25251725
0,0.25002792
0,0.26183206
0,0.24985036
0,0.24922839
0,0.2549242
0,0.25529036
0,0.25217903
0,0.2528785
0,0.25269407
0,0.247965
0,0.23978643
0,0.24189477
0,0.23957384
0,0.24579662
0,0.24242988
0,0.24584392
0,0.24322179
0,0.24327858
0,0.2361325
0,0.23669736
0,0.24145009
0,0.24302821
0,0.23826165
0,0.23754026
0,0.25765634
0,0.24673574
0,0.2372516
0,0.23625207
0,0.24205683
0,0.24384935
0,0.25006425
0,0.24781573
0,0.2460229
0,0.26022947
0,0.25119954
0,0.26360297
0,0.25640106
0,0.25816935
0,0.26628435
0,0.2582977
0,0.26665756
0,0.2588393
0,0.2451946
0,0.25168723
0,0.24794005
0,0.2589106
0,0.24919519
0,0.24831516
0,0.24514699
0,0.24880183
0,0.24142407
0,0.24812032
0,0.24511828
0,0.24239022
0,0.2421735
0,0.24627928
0,0.24148528
0,0.24463639
0,0.24082325
0,0.24180108
0,0.24289772
0,0.24134836
0,0.23716022
0,0.23963803
0,0.2589905
0,0.24719259
0,0.25272062
0,0.24329816
0,0.24479656
0,0.24660738
0,0.2477098
0,0.2513924
0,0.2609504
0,0.24598257
0,0.2528063
0,0.25867984
0,0.25382194
0,0.26310897
0,0.255934
0,0.2534613
0,0.2554926
0,0.2463831
0,0.25096756
0,0.2712803
0,0.26054513
0,0.2657915
0,0.25448674
0,0.25759768
0,0.25036573
0,0.24416523
0,0.24828818
0,0.24371223
0,0.24126115
0,0.24451521
0,0.2530053
0,0.25138134
0,0.24331008
0,0.23824339
0,0.2374515
0,0.23816934
0,0.23959911
0,0.2383937
0,0.23683523
0,0.23453975
0,0.2455838
0,0.2349615
0,0.24601905
0,0.2586671
0,0.2649868
0,0.27083108
0,0.26039743
0,0.26949713
0,0.25360626
0,0.2439971
0,0.25072113
0,0.24840288
0,0.25002417
0,0.252181
0,0.2644292
0,0.25401813
0,0.25411066
0,0.25149766
0,0.25305712
0,0.25411263
0,0.25159043
0,0.24687861
0,0.24188262
0,0.25846997
0,0.25165984
0,0.25148326
0,0.24716212
0,0.2497485
0,0.24787496
0,0.25044692
0,0.24750991
0,0.24807855
0,0.2480158
0,0.2380557
0,0.2518067
0,0.2634107
0,0.27555004
0,0.27660114
0,0.26533657
0,0.27522114
0,0.25972944
0,0.25238582
0,0.25789118
0,0.2584976
0,0.26706997
0,0.25775596
0,0.26834458
0,0.25259006
0,0.24784803
0,0.28253642
0,0.26269025
0,0.2597205
0,0.2610623
0,0.2669863
0,0.25614464
0,0.25718102
0,0.2474549
0,0.25450686
0,0.2461096
0,0.24573274
0,0.24828202
0,0.24858919
0,0.25132048
0,0.24611546
0,0.2494163
0,0.2623435
0,0.25511464
0,0.2692948
0,0.2751597
0,0.27855927
0,0.272708
0,0.2787558
0,0.26026678
0,0.26276073
0,0.27211097
0,0.26394016
0,0.2592009
0,0.2605117
0,0.26114613
0,0.2569977
0,0.25057462
0,0.2607063
0,0.2537114
0,0.25125828
0,0.25174034
0,0.2509959
0,0.25332138
0,0.2521545
0,0.24538149
0,0.25258943
0,0.24648872
0,0.25207284
0,0.25148052
0,0.27087796
0,0.2570678
0,0.2568765
0,0.25569716
0,0.24690413
0,0.2596734
0,0.25319964
0,0.25850993
0,0.25690326
0,0.2622667
0,0.2553422
0,0.25484633
0,0.25658467
0,0.2732854
0,0.27421725
0,0.28056487
0,0.2802411
0,0.27962154
0,0.26338387
0,0.26483983
0,0.26235628
0,0.26239097
0,0.25623906
0,0.25228772
0,0.24931945
0,0.2732315
0,0.25456917
0,0.2574582
0,0.25334075
0,0.25140604
0,0.2514108
0,0.2525495
0,0.25072882
0,0.24827582
0,0.24451704
0,0.2430512
0,0.2476595
0,0.24340598
0,0.24118418
0,0.24587947
0,0.24199994
0,0.26180118
0,0.25725964
0,0.26178756
0,0.25741255
0,0.25728825
0,0.25996357
0,0.26762694
0,0.25845763
0,0.25609887
0,0.26130834
0,0.26793274
0,0.2695642
0,0.26261637
0,0.26579446
0,0.26059565
0,0.2522374
0,0.2635171
0,0.25582823
0,0.25632492
0,0.26508406
0,0.26123852
0,0.25774583
0,0.25221676
0,0.25166664
0,0.24997292
0,0.24515405
0,0.24702358
0,0.24184464
0,0.24448268
0,0.24069197
0,0.24256192
0,0.24344866
0,0.24401882
0,0.2491145
0,0.24587318
0,0.24643992
0,0.2619385
0,0.2649547
0,0.26426935
0,0.27307457
0,0.26090312
0,0.2653411
0,0.26155967
0,0.26967087
0,0.26276913
0,0.26956263
0,0.25949457
0,0.25781143
0,0.24961786
0,0.24909306
0,0.24808083
0,0.2493493
0,0.2574827
0,0.25072584
0,0.2500402
0,0.2539171
0,0.24474561
0,0.24508141
0,0.2453771
0,0.24324864
0,0.24239412
0,0.25066945
0,0.24384724
0,0.25477362
0,0.24529754
0,0.24712996
0,0.24198595
0,0.2495887
0,0.24145272
0,0.2403255
0,0.24393843
0,0.2504559
0,0.2452797
0,0.23849635
0,0.25928143
0,0.25542864
0,0.25351873
0,0.2600513
0,0.25783294
0,0.26723886
0,0.25350332
0,0.2561561
0,0.25456318
0,0.25334015
0,0.26323217
0,0.26765513
0,0.25756872
0,0.26556045
0,0.24933986
0,0.3343641
0,0.28102663
0,0.27095905
0,0.26607254
0,0.25908005
0,0.2652599
0,0.25994754
0,0.252051
0,0.25357997
0,0.2551211
0,0.2482924
0,0.24335583
0,0.2485407
0,0.25181377
0,0.24975316
0,0.24439721
0,0.24589175
0,0.24610315
0,0.25274652
0,0.25319892
0,0.25957656
0,0.281309
0,0.2682736
0,0.2707414
0,0.27782962
0,0.27389994
0,0.26486123
0,0.27238667
0,0.26515564
0,0.27313557
0,0.25401053
0,0.26730105
0,0.27343398
0,0.26046523
0,0.2601846
0,0.26224607
0,0.26687196
0,0.26080713
0,0.25046852
0,0.25199202
0,0.24743968
0,0.25005656
0,0.25118077
0,0.24511246
0,0.24336909
0,0.24660264
0,0.23832355
0,0.24419774
0,0.2510842
0,0.25022268
0,0.24815065
0,0.24951895
0,0.25795406
0,0.26964083
0,0.25831634
0,0.25875396
0,0.27082115
0,0.26703498
0,0.26097783
0,0.27216306
0,0.26234323
0,0.26165274
0,0.25423965
0,0.25619984
0,0.27170134
0,0.26604155
0,0.26348743
0,0.2586116
0,0.2549621
0,0.25799075
0,0.25627747
0,0.25259948
0,0.2636819
0,0.25372836
0,0.25197402
0,0.25726447
0,0.2564893
0,0.25567332
0,0.24639282
0,0.24799767
0,0.24993743
0,0.24852708
0,0.25219706
0,0.2562414
0,0.24707052
0,0.2511758
0,0.24228454
0,0.26799765
0,0.24916078
0,0.25916335
0,0.26067728
0,0.25413552
0,0.26030368
0,0.2518773
0,0.2553784
0,0.25422645
0,0.25579342
0,0.2559001
0,0.25868362
0,0.2612354
0,0.26000538
0,0.2510719
0,0.25715688
0,0.25125077
0,0.25254542
0,0.25754893
0,0.2559567
0,0.26494548
0,0.2540674
0,0.24856797
0,0.25480664
0,0.2476191
0,0.24553126
0,0.24374267
0,0.24956389
0,0.26249173
0,0.26169062
0,0.24705675
0,0.26137924
0,0.2530699
0,0.25190195
0,0.25212628
0,0.25164008
0,0.24603875
0,0.24832027
0,0.24633093
0,0.24835502
0,0.2716178
0,0.25744072
0,0.25191677
0,0.2591608
0,0.252495
0,0.25138298
0,0.24999787
0,0.2469217
0,0.24628404
0,0.24966167
0,0.26124567
0,0.25916794
0,0.25676483
0,0.2502862
0,0.25538456
0,0.25398335
0,0.29647025
0,0.27219743
0,0.26403975
0,0.2653264
0,0.27932802
0,0.2588725
0,0.25731868
0,0.25763667
0,0.25432968
0,0.25260386
0,0.25753707
0,0.25278598
0,0.26064986
0,0.25689682
0,0.2538871
0,0.25038922
0,0.2576412
0,0.25457612
0,0.25604117
0,0.25133625
0,0.25334772
0,0.24544443
0,0.24639927
0,0.24670178
0,0.24349223
0,0.2618279
0,0.26158538
0,0.26349714
0,0.2494169
0,0.24739599
0,0.25842333
0,0.25703236
0,0.25849065
0,0.2570294
0,0.25305405
0,0.25187972
0,0.26369348
0,0.25809103
0,0.26488084
0,0.27958766
0,0.2703508
0,0.2631363
0,0.26035273
0,0.26417327
0,0.26653332
0,0.26679718
0,0.26800355
0,0.27926284
0,0.29542089
0,0.27154034
0,0.26591724
0,0.26142502
0,0.28816232
0,0.27630633
0,0.2945011
0,0.2775555
0,0.27856675
0,0.2820151
0,0.27761278
0,0.27250934
0,0.26875013
0,0.27613828
0,0.265498
0,0.27471447
0,0.26604843
0,0.2672132
0,0.25983414
0,0.26283833
0,0.2552232
0,0.26424846
0,0.30319557
0,0.27497324
0,0.28904867
0,0.27431655
0,0.2750388
0,0.27401045
0,0.26699242
0,0.2806466
0,0.28344008
0,0.29774398
0,0.281
0,0.29771128
0,0.29251337
0,0.27199975
0,0.27255303
0,0.28571504
0,0.27283016
0,0.27716547
0,0.28092024
0,0.28051242
0,0.28132463
0,0.27882856
0,0.2665408
0,0.264656
0,0.26534966
0,0.27329144
0,0.27435347
0,0.2744578
0,0.259969
0,0.26870957
0,0.2808748
0,0.27504957
0,0.28403082
0,0.27723864
0,0.27047122
0,0.26302284
0,0.2683624
0,0.26654828
0,0.26495162
0,0.26317513
0,0.27639347
0,0.26873755
0,0.26460108
0,0.26554444
0,0.26465252
0,0.27537438
0,0.26720822
0,0.2778466
0,0.2928683
0,0.28541046
0,0.28614205
0,0.28572813
0,0.27585432
0,0.28053916
0,0.2716178
0,0.26976332
0,0.26635367
0,0.29005376
0,0.27273014
0,0.27754408
0,0.26470965
0,0.3360151
0,0.2980083
0,0.2898211
0,0.29270315
0,0.28394297
0,0.26977298
0,0.26432613
0,0.26843765
0,0.26082405
0,0.26717827
0,0.26737586
0,0.27886337
0,0.28176942
0,0.26693314
0,0.26832312
0,0.29207543
0,0.28860933
0,0.2686409
0,0.27010438
0,0.25965592
0,0.27461717
0,0.280254
0,0.27637345
0,0.27041888
0,0.28269118
0,0.28357935
0,0.29514357
0,0.29948154
0,0.30666262
0,0.2779207
0,0.28472736
0,0.2694095
0,0.2749685
0,0.27643627
0,0.27610546
0,0.27635074
0,0.2760637
0,0.26411462
0,0.2829443
0,0.27545342
0,0.26215428
0,0.27063158
0,0.30784556
0,0.29804814
0,0.28630158
0,0.28129718
0,0.28867102
0,0.27879876
0,0.26724073
0,0.26959023
0,0.26375476
0,0.25827867
0,0.26463667
0,0.26486796
0,0.26498577
0,0.27606687
0,0.2795288
0,0.27025005
0,0.2802431
0,0.2698471
0,0.27685523
0,0.2775687
0,0.274888
0,0.37617055
0,0.31973234
0,0.30519146
0,0.32040408
0,0.317903
0,0.28649625
0,0.27342415
0,0.27624366
0,0.26388234
0,0.2864635
0,0.2768399
0,0.2733873
0,0.261248
0,0.29081145
0,0.26623508
0,0.26848182
0,0.26752168
0,0.26825058
0,0.26752093
0,0.2781351
0,0.26839682
0,0.2780973
0,0.270125
0,0.26929432
0,0.2671976
0,0.2756525
0,0.27885514
0,0.27845114
0,0.2698032
0,0.2588712
0,0.27129155
0,0.27408478
0,0.27550104
0,0.32804123
0,0.29544616
0,0.2855019
0,0.28493688
0,0.29417273
0,0.2774753
0,0.28068548
0,0.29505968
0,0.28333035
0,0.28106794
0,0.27909607
0,0.2774224
0,0.26563978
0,0.27138424
0,0.27043495
0,0.3512249
0,0.29210204
0,0.31312463
0,0.29026052
0,0.27250922
0,0.28440303
0,0.28618607
0,0.2853906
0,0.27797937
0,0.27156892
0,0.2685927
0,0.26654467
0,0.26528487
0,0.2538324
0,0.26690876
0,0.38065735
0,0.31839615
0,0.3083062
0,0.3078876
0,0.29388613
0,0.30000043
0,0.2784056
0,0.29227036
0,0.30555704
0,0.31767002
0,0.29463693
0,0.29874957
0,0.28679332
0,0.29255146
0,0.29186627
0,0.27067572
0,0.28310686
0,0.27409062
0,0.28323904
0,0.29715413
0,0.27932656
0,0.26654148
0,0.26594692
0,0.2667147
0,0.2654297
0,0.26177695
0,0.27970484
0,0.2796399
0,0.27053684
0,0.2785954
0,0.26876903
0,0.39301845
0,0.32792345
0,0.3112015
0,0.28906164
0,0.29228964
0,0.3097123
0,0.3011421
0,0.29191345
0,0.2987127
0,0.28888264
0,0.27165893
0,0.27734378
0,0.27697968
0,0.2982131
0,0.28066435
0,0.27867666
0,0.2896793
0,0.2789399
0,0.26681945
0,0.27048475
0,0.26440185
0,0.27853772
0,0.27036655
0,0.2828706
0,0.2664917
0,0.35827288
0,0.30206424
0,0.3006907
0,0.29569867
0,0.2755419
0,0.2852721
0,0.28688416
0,0.27629572
0,0.28668442
0,0.28554854
0,0.28974295
0,0.2873911
0,0.27356586
0,0.4524485
0,0.34485954
0,0.3042547
0,0.28670755
0,0.2907636
0,0.29733613
0,0.28821093
0,0.27535027
0,0.28281114
0,0.26630372
0,0.2749627
0,0.27254272
0,0.2661682
0,0.28291595
0,0.26741555
0,0.27161252
0,0.27141857
0,0.27112058
0,0.2729761
0,0.2865115
0,0.2744064
0,0.27299777
0,0.28165647
0,0.28488764
0,0.26460776
0,0.2592237
0,0.30150667
0,0.27841115
0,0.2652546
0,0.26796848
0,0.26589495
0,0.26873612
0,0.2574172
0,0.27073857
0,0.27673635
0,0.27773887
0,0.26885605
0,0.27639997
0,0.2867311
0,0.28311744
0,0.29379728
0,0.27469993
0,0.29970577
0,0.2767419
0,0.2684175
0,0.26225594
0,0.27106723
0,0.25629514
0,0.26735386
0,0.31074524
0,0.2858653
0,0.28105497
0,0.2780546
0,0.28793302
0,0.26766524
0,0.28274867
0,0.26586223
0,0.26893702
0,0.26784068
0,0.2599802
0,0.28622797
0,0.28318486
0,0.28490105
0,0.2640648
0,0.27815658
0,0.27988693
0,0.2694501
0,0.2885705
0,0.28288507
0,0.28238726
0,0.29297027
0,0.27236336
0,0.2638105
0,0.26327536
0,0.2698333
0,0.26145992
0,0.26819545
0,0.2812924
0,0.26435328
0,0.28056923
0,0.27351925
0,0.28377083
0,0.28486508
0,0.2764587
0,0.27313682
0,0.2710797
0,0.26929995
0,0.2674279
0,0.27728584
0,0.36390546
0,0.32950345
0,0.2979157
0,0.29725382
0,0.28101343
0,0.28513628
0,0.28417495
0,0.2709407
0,0.28158048
0,0.26874703
0,0.29918176
0,0.27207544
0,0.290634
0,0.26995572
0,0.28659606
0,0.29436213
0,0.28446013
0,0.28204882
0,0.27888858
0,0.27748767
0,0.27479377
0,0.27417406
0,0.28213832
0,0.27521008
0,0.27414376
0,0.27128002
0,0.26191533
0,0.26700756
0,0.26771843
0,0.5735513
0,0.42872503
0,0.37681994
0,0.33262148
0,0.3208519
0,0.3096654
0,0.28941914
0,0.29101145
0,0.2894092
0,0.28438517
0,0.30081838
0,0.28932244
0,0.27601814
0,0.28001362
0,0.27979937
0,0.2886152
0,0.26792198
0,0.29030433
0,0.26652637
0,0.26627734
0,0.25904784
0,0.25874105
0,0.2579229
0,0.25957334
0,0.255087
0,0.27027103
0,0.26499152
0,0.26517883
0,0.26427436
0,0.26481718
0,0.2700448
0,0.27828658
0,0.28450218
0,0.28627133
0,0.27683923
0,0.28593266
0,0.29770276
0,0.2794951
0,0.26580274
0,0.27355933
0,0.26292852
0,0.27708352
0,0.27033952
0,0.2672441
0,0.2767196
0,0.26153794
0,0.2741522
0,0.277054
0,0.27922985
0,0.28001007
0,0.28059116
0,0.29269674
0,0.2750378
0,0.28023762
0,0.2764155
0,0.28333306
0,0.28107244
0,0.29219535
0,0.27308193
0,0.27857026
0,0.27863914
0,0.27834252
0,0.27148232
0,0.2846389
0,0.28303683
0,0.277564
0,0.29926473
0,0.29434964
0,0.27536517
0,0.27613708
0,0.27398828
0,0.2619566
0,0.29024127
0,0.27520066
0,0.43140128
0,0.3520891
0,0.31701478
0,0.30088916
0,0.28051
0,0.2760073
0,0.26533282
0,0.27769032
0,0.2790833
0,0.28054062
0,0.32646987
0,0.28751987
0,0.29098046
0,0.2856384
0,0.28379983
0,0.27439374
0,0.27751932
0,0.26774797
0,0.264387
0,0.2953551
0,0.2835874
0,0.28207025
0,0.27707386
0,0.30161622
0,0.2929594
0,0.2961907
0,0.28274384
0,0.27988374
0,0.27793726
0,0.281793
0,0.27519175
0,0.37005773
0,0.30288357
0,0.30426192
0,0.31338605
0,0.30316383
0,0.30009618
0,0.2751865
0,0.28657275
0,0.28778404
0,0.27710012
0,0.26463282
0,0.28967464
0,0.2847698
0,0.2682439
0,0.27899018
0,0.28329384
0,0.28336966
0,0.2833603
0,0.2945412
0,0.28738356
0,0.2748664
0,0.27943355
0,0.26933402
0,0.28646705
0,0.28119177
0,0.2791872
0,0.28014222
0,0.2802514
0,0.28469747
0,0.28119856
0,0.29682317
0,0.29618177
0,0.28389904
0,0.28211612
0,0.29862326
0,0.28469494
0,0.2929001
0,0.29529053
0,0.2827274
0,0.2900388
0,0.2911052
0,0.29306746
0,0.29234275
0,0.28206939
0,0.2887135
0,0.29044357
0,0.29464793
0,0.28184378
0,0.27675363
0,0.2875266
0,0.268135
0,0.26147276
0,0.27630582
0,0.2792426
0,0.28182054
0,0.33412072
0,0.29625106
0,0.30576742
0,0.2947344
0,0.30286977
0,0.29181352
0,0.28048518
0,0.27078685
0,0.2784412
0,0.26346773
0,0.28491676
0,0.27969968
0,0.2909342
0,0.27001625
0,0.26739988
0,0.40574065
0,0.33033547
0,0.30786175
0,0.29536405
0,0.28701985
0,0.29224434
0,0.2808761
0,0.27708298
0,0.28333965
0,0.27492762
0,0.27264133
0,0.28094703
0,0.27225265
0,0.26172942
0,0.27502924
0,0.26246622
0,0.2750114
0,0.29676995
0,0.28686863
0,0.28506488
0,0.29448336
0,0.2786715
0,0.28064793
0,0.26946574
0,0.2740496
0,0.27449396
0,0.2741545
0,0.27390942
0,0.27500346
0,0.28711516
0,0.28022265
0,0.27802664
0,0.2771566
0,0.2861779
0,0.26869905
0,0.28334066
0,0.27480042
0,0.28759086
0,0.277171
0,0.26597977
0,0.2806303
0,0.28299528
0,0.28640705
0,0.26718667
0,0.27459309
0,0.28252354
0,0.27213025
0,0.2660313
0,0.26565573
0,0.28162292
0,0.27065533
0,0.27887288
0,0.28027332
0,0.28141338
0,0.26250798
0,0.26429763
0,0.262642
0,0.2709199
0,0.27559537
0,0.27363074
0,0.27581248
0,0.26633194
0,0.26295835
0,0.27049017
0,0.261397
0,0.2688888
0,0.2703396
0,0.27232108
0,0.2620298
0,0.26922637
0,0.27614042
0,0.29126218
0,0.3298818
0,0.30994403
0,0.2933998
0,0.2854887
0,0.27272493
0,0.26425806
0,0.26920268
0,0.26864433
0,0.26851863
0,0.2792981
0,0.27085826
0,0.26913422
0,0.29376572
0,0.2713966
0,0.2709369
0,0.28097123
0,0.26559782
0,0.2584427
0,0.25574455
0,0.25360003
0,0.2568878
0,0.26904827
0,0.25470808
0,0.25547966
0,0.34836304
0,0.29322705
0,0.29382077
0,0.3015719
0,0.29068542
0,0.28076285
0,0.27901834
0,0.26776612
0,0.26313788
0,0.2695096
0,0.26427594
0,0.2681967
0,0.27423966
0,0.2620085
0,0.36506078
0,0.30800626
0,0.30576703
0,0.28107324
0,0.28081268
0,0.27830234
0,0.27502748
0,0.2687075
0,0.2626834
0,0.2771345
0,0.26988783
0,0.2632272
0,0.2654762
0,0.264276
0,0.26394314
0,0.2729778
0,0.2887367
0,0.4038878
0,0.33499905
0,0.3030752
0,0.28777936
0,0.28443435
0,0.27256927
0,0.27703437
0,0.27148536
0,0.26444694
0,0.27192882
0,0.27145424
0,0.27196103
0,0.2726194
0,0.2719812
0,0.27753714
0,0.27792147
0,0.28471783
0,0.34228915
0,0.31492093
0,0.28791296
0,0.2860383
0,0.28423983
0,0.29323566
0,0.27439344
0,0.28874835
0,0.28098664
0,0.28432754
0,0.279214
0,0.3090235
0,0.30690655
0,0.29687935
0,0.41302782
0,0.341308
0,0.31568965
0,0.30444562
0,0.29719785
0,0.3074237
0,0.2939344
0,0.3049173
0,0.27736324
0,0.27135146
0,0.2625992
0,0.2760581
0,0.2607121
0,0.2692745
0,0.27590778
0,0.2578031
0,0.30489323
0,0.2684133
0,0.2836895
0,0.26015484
0,0.26155847
0,0.26556742
0,0.26013863
0,0.2514882
0,0.28047594
0,0.26435965
0,0.2612131
0,0.26991984
0,0.2588513
0,0.25804123
0,0.2666555
0,0.26266006
0,0.27419412
0,0.2699503
0,0.2722552
0,0.26578397
0,0.26444644
0,0.2679433
0,0.2588802
0,0.25371492
0,0.26000375
0,0.26888853
0,0.27867386
0,0.26269373
0,0.28391933
0,0.26412103
0,0.27849802
0,0.27146113
0,0.26001295
0,0.26903188
0,0.27074802
0,0.26282713
0,0.2807064
0,0.2721326
0,0.27896455
0,0.2758265
0,0.2746086
0,0.2686358
0,0.26111853
0,0.25275248
0,0.2571511
0,0.2587559
0,0.25723055
0,0.2542411
0,0.27088833
0,0.26293936
0,0.26395372
0,0.27108642
0,0.2775592
0,0.2653411
0,0.25663227
0,0.27778792
0,0.2806434
0,0.28114825
0,0.28187984
0,0.28361163
0,0.278756
0,0.28214732
0,0.26711264
0,0.2770642
0,0.3621051
0,0.3076009
0,0.28878534
0,0.2837745
0,0.28416175
0,0.267135
0,0.27650383
0,0.2626724
0,0.25779602
0,0.25738865
0,0.2661447
0,0.26579386
0,0.25507575
0,0.25891715
0,0.25977364
0,0.2651973
0,0.27696326
0,0.27241772
0,0.26613837
0,0.27879408
0,0.26558194
0,0.28360435
0,0.27245045
0,0.2817486
0,0.26562846
0,0.26062608
0,0.27574238
0,0.2809229
0,0.2760083
0,0.26621056
0,0.27173948
0,0.2667627
0,0.26051813
0,0.2787636
0,0.27337298
0,0.27651975
0,0.30122235
0,0.2752261
0,0.26660457
0,0.26101503
0,0.25966647
0,0.27426058
0,0.2751544
0,0.28048253
0,0.28307444
0,0.2866207
0,0.28557795
0,0.28547665
0,0.2799151
0,0.28869912
0,0.27985415
0,0.28127515
0,0.26820293
0,0.2826
0,0.28641587
0,0.2827085
0,0.2741478
0,0.28899613
0,0.27696103
0,0.27326456
0,0.26367146
0,0.2660962
0,0.27033955
0,0.28099546
0,0.27577424
0,0.2845591
0,0.28334808
0,0.26795435
0,0.27195704
0,0.25981316
0,0.25681105
0,0.2689452
0,0.2551842
0,0.2574739
0,0.27579764
0,0.2733428
0,0.28592515
0,0.28460124
0,0.29125243
0,0.34002843
0,0.32728538
0,0.2936482
0,0.30565065
0,0.29459095
0,0.28454843
0,0.3016421
0,0.29451835
0,0.2872497
0,0.28982297
0,0.27568144
0,0.28946385
0,0.27119827
0,0.27984795
0,0.26483998
0,0.2652112
0,0.26262763
0,0.2779647
0,0.27834788
0,0.2781679
0,0.27929333
0,0.2676089
0,0.3218004
0,0.29282063
0,0.27326712
0,0.28009206
0,0.27997395
0,0.28507924
0,0.2809702
0,0.289098
0,0.283075
0,0.295098
0,0.2893254
0,0.2822471
0,0.2796627
0,0.28175354
0,0.2768563
0,0.28497684
0,0.27520967
0,0.27931052
0,0.28616944
0,0.27634102
0,0.2738674
0,0.28792644
0,0.30467072
0,0.27879596
0,0.27983436
0,0.29264888
0,0.27351207
0,0.3053226
0,0.2764686
0,0.29469177
0,0.29061678
0,0.2828856
0,0.2836289
0,0.28703558
0,0.28503904
0,0.29720533
0,0.29171032
0,0.3000951
0,0.28582618
0,0.2834235
0,0.28017673
0,0.27254328
0,0.2833538
0,0.27761266
0,0.29284757
0,0.2804496
0,0.2700081
0,0.2719803
0,0.28267896
0,0.27404717
0,0.28251785
0,0.27281776
0,0.26760757
0,0.27385622
0,0.2854622
0,0.28428996
0,0.27516663
0,0.26752368
0,0.27879456
0,0.27019656
0,0.28353328
0,0.27659523
0,0.26402324
0,0.2796973
0,0.2783835
0,0.28577876
0,0.26707855
0,0.263381
0,0.2726285
0,0.27367604
0,0.27541912
0,0.28162107
0,0.2842639
0,0.2651228
0,0.28496683
0,0.29472208
0,0.28218254
0,0.27824664
0,0.28443876
0,0.2728358
0,0.2728409
0,0.27222064
0,0.28483808
0,0.28083706
0,0.27968743
0,0.27012432
0,0.27478078
0,0.27628818
0,0.27126595
0,0.27370325
0,0.272403
0,0.28013542
0,0.26836443
0,0.27201575
0,0.2683247
0,0.27652577
0,0.28013524
0,0.26950234
0,0.26363504
0,0.27418295
0,0.26592535
0,0.27444476
0,0.25757483
0,0.28351521
0,0.28029308
0,0.27939695
0,0.28058344
0,0.27455136
0,0.26738265
0,0.273417
0,0.2583601
0,0.267265
0,0.27162367
0,0.27187777
0,0.27725452
0,0.2734002
0,0.25722072
0,0.27118823
0,0.26700732
0,0.26352662
0,0.2673469
0,0.27371025
0,0.2662263
0,0.26975733
0,0.27326122
0,0.27299693
0,0.27445638
0,0.27115098
0,0.30102584
0,0.29046306
0,0.27958757
0,0.28429356
0,0.2919497
0,0.27762026
0,0.28460062
0,0.3866305
0,0.32843307
0,0.31772184
0,0.28837687
0,0.29214785
0,0.29938143
0,0.28003135
0,0.26798967
0,0.2773153
0,0.26690286
0,0.27405295
0,0.2813914
0,0.2750111
0,0.27706805
0,0.27763733
0,0.26160648
0,0.27027267
0,0.27661344
0,0.30984762
0,0.28997037
0,0.2831983
0,0.27882025
0,0.28816554
0,0.27866903
0,0.29255983
0,0.296682
0,0.27019137
0,0.2796925
0,0.28810662
0,0.45237488
0,0.3561734
0,0.32241407
0,0.30412406
0,0.28637868
0,0.2746849
0,0.2965729
0,0.29093874
0,0.2839917
0,0.27268517
0,0.27142885
0,0.26869354
0,0.27779996
0,0.2849841
0,0.26937735
0,0.2790419
0,0.27497685
0,0.26549414
0,0.2919042
0,0.2877465
0,0.28956667
0,0.2841997
0,0.28689167
0,0.2871578
0,0.2880977
0,0.28429523
0,0.27195466
0,0.28249934
0,0.2848508
0,0.29306707
0,0.31612045
0,0.29372695
0,0.2734392
0,0.27910817
0,0.27745458
0,0.27618676
0,0.2656421
0,0.2623821
0,0.2689208
0,0.26905414
0,0.27981055
0,0.2847026
0,0.55867255
0,0.391035
0,0.36311638
0,0.34178737
0,0.32674697
0,0.29204726
0,0.28721368
0,0.28089944
0,0.2878805
0,0.27150252
0,0.28215796
0,0.2649396
0,0.2633194
0,0.2566136
0,0.2573172
0,0.27037573
0,0.3678043
0,0.39296004
0,0.3122705
0,0.2986533
0,0.28562382
0,0.26341802
0,0.25141305
0,0.24363539
0,0.25848043
0,0.24457476
0,0.24428035
0,0.2553659
0,0.25755367
0,0.31646058
0,0.2768408
0,0.27338275
0,0.27461022
0,0.27290723
0,0.27257922
0,0.26977378
0,0.28108874
0,0.2643516
0,0.2852752
0,0.27493668
0,0.27766538
0,0.28028238
0,0.2779492
0,0.28340918
0,0.2663772
0,0.28662
0,0.2679786
0,0.27853155
0,0.27915528
0,0.28094873
0,0.26645514
0,0.26905987
0,0.27958798
0,0.28297436
0,0.29851353
0,0.29955316
0,0.29347268
0,0.2906543
0,0.29074225
0,0.3003002
0,0.2986874
0,0.30560067
0,0.28435928
0,0.28801838
0,0.270422
0,0.2750912
0,0.2857492
0,0.2881695
0,0.2848444
0,0.30645213
0,0.29702866
0,0.28416747
0,0.27839175
0,0.34257656
0,0.30316406
0,0.28311536
0,0.28848863
0,0.2691644
0,0.28117204
0,0.26701984
0,0.2777378
0,0.3492611
0,0.291293
0,0.2778055
0,0.26825815
0,0.26150483
0,0.27287978
0,0.27145925
0,0.2611574
0,0.2558709
0,0.26616302
0,0.2560995
0,0.27061227
0,0.28210172
0,0.2822022
0,0.28919306
0,0.28254908
0,0.2703455
0,0.2867644
0,0.2785961
0,0.2746642
0,0.26460564
0,0.28742838
0,0.2774584
0,0.29359892
0,0.33343711
0,0.2918247
0,0.28405657
0,0.2791664
0,0.2814546
0,0.28863516
0,0.28931502
0,0.27472818
0,0.28498662
0,0.2869784
0,0.30007523
0,0.2946755
0,0.29235685
0,0.27207237
0,0.28825074
0,0.27087837
0,0.3041669
0,0.3032094
0,0.29698664
0,0.2806778
0,0.26638776
0,0.27709764
0,0.27282983
0,0.26275393
0,0.27169108
0,0.2740167
0,0.27434608
0,0.27796656
0,0.27686784
0,0.2865059
0,0.27877373
0,0.27147403
0,0.26787734
0,0.26971522
0,0.28669885
0,0.28697288
0,0.27319288
0,0.27821895
0,0.2858583
0,0.28967947
0,0.28990853
0,0.2738703
0,0.26595047
0,0.2610258
0,0.26533887
0,0.2883935
0,0.27614596
0,0.26661557
0,0.26281244
0,0.26014313
0,0.25738016
0,0.25241897
0,0.25447723
0,0.265282
0,0.27277714
0,0.26069945
0,0.26136395
0,0.2758425
0,0.27016816
0,0.2635552
0,0.27142558
0,0.2790491
0,0.2884801
0,0.28642496
0,0.2679071
0,0.28576097
0,0.274135
0,0.26241106
0,0.27006242
0,0.27602994
0,0.2859704
0,0.27195242
0,0.28543404
0,0.2897828
0,0.288181
0,0.27655277
0,0.26101813
0,0.2674801
0,0.33141175
0,0.28746733
0,0.2945154
0,0.2774178
0,0.2708139
0,0.26660374
0,0.2656567
0,0.26367217
0,0.2612382
0,0.25888404
0,0.25663546
0,0.2651049
0,0.25639918
0,0.27038372
0,0.26014727
0,0.28338802
0,0.27794772
0,0.2751187
0,0.30146164
0,0.28801277
0,0.2732439
0,0.27840033
0,0.2942354
0,0.27517214
0,0.27779374
0,0.2767099
0,0.27734703
0,0.2617035
0,0.27594805
0,0.27351478
0,0.2914661
0,0.28309318
0,0.29456133
0,0.30537972
0,0.28667662
0,0.26910132
0,0.2809019
0,0.26843995
0,0.37941355
0,0.32933748
0,0.29784384
0,0.3040425
0,0.30251837
0,0.27818987
0,0.28597358
0,0.2797742
0,0.28351912
0,0.27730298
0,0.28595927
0,0.2876378
0,0.28462377
0,0.26664802
1,0.27583307
1,0.26387393
1,0.2832045
1,0.28466377
1,0.26755422
1,0.27874228
1,0.27787074
1,0.27140737
1,0.28430846
1,0.27429664
1,0.2868438
1,0.2851942
1,0.29958138
1,0.30140862
1,0.2825591
0,0.8419179
0,0.5758469
0,0.4795077
0,0.39247918
0,0.34446716
0,0.3274258
0,0.29618147
0,0.27828473
0,0.25958076
0,0.24982874
0,0.26414663
0,0.24459964
0,0.25840047
0,0.25646102
0,0.25948337
0,0.24023992
0,0.22767746
0,0.22374322
0,0.23245499
0,0.23905787
0,0.2432483
0,0.25026637
0,0.2527797
0,0.24143296
0,0.23566441
0,0.24004593
0,0.23659232
0,0.23697443
0,0.25253245
0,0.24014616
0,0.24884906
0,0.23815097
0,0.23448803
0,0.23321061
0,0.23599313
0,0.23935004
0,0.25191495
0,0.2490939
0,0.25579464
0,0.24194834
0,0.2532605
0,0.25698492
0,0.26085246
0,0.2549287
0,0.2702123
0,0.26669335
0,0.2641726
0,0.24895844
0,0.24149893
0,0.237339
0,0.25684515
0,0.24520427
0,0.26132548
0,0.26674536
0,0.2739633
0,0.25072294
0,0.2482982
0,0.26160336
0,0.26998186
0,0.27249664
0,0.27458954
0,0.26409867
0,0.2654543
0,0.25375888
0,0.2686287
0,0.25306746
0,0.2650267
0,0.26845106
0,0.26142702
0,0.26753765
0,0.272793
0,0.2556309
0,0.25737208
0,0.25247112
0,0.26169804
0,0.25662708
0,0.25549003
0,0.24956219
0,0.25367928
0,0.24433208
0,0.25506637
0,0.250156
0,0.25059468
0,0.25268415
0,0.25662217
0,0.24778812
0,0.25583258
0,0.24212371
0,0.24329287
0,0.25832438
0,0.25002614
0,0.24702926
0,0.24114709
0,0.24634807
0,0.24255905
0,0.2399955
0,0.2389928
0,0.25552702
0,0.26365057
0,0.2682959
0,0.27423283
0,0.2786619
0,0.26354203
0,0.25319073
0,0.2647977
0,0.27114144
0,0.27433884
0,0.265063
0,0.30666205
0,0.28442216
0,0.2659098
0,0.25420964
0,0.254521
0,0.26344523
0,0.25694084
0,0.25422463
0,0.2646628
0,0.25817737
0,0.24650866
0,0.25693622
0,0.26903388
0,0.2677243
0,0.2537923
0,0.2604897
0,0.26166287
0,0.2646337
0,0.25183928
0,0.24910925
0,0.2410626
0,0.24658583
0,0.237887
0,0.25944012
0,0.24361537
0,0.26278964
0,0.24903549
0,0.24593018
0,0.2638695
0,0.25059286
0,0.2442695
0,0.25875
0,0.24381718
0,0.25240102
0,0.23935969
0,0.23704119
0,0.25174832
0,0.25739658
0,0.25402692
0,0.26305577
0,0.2646592
0,0.26548046
0,0.24704729
0,0.24353758
0,0.2475486
0,0.25446773
0,0.2824242
0,0.26920432
0,0.2598595
0,0.2620901
0,0.25190958
0,0.2422479
0,0.25260052
0,0.24270786
0,0.24141312
0,0.25949392
0,0.26664168
0,0.26209763
0,0.27038267
0,0.26134348
0,0.27044383
0,0.2726571
0,0.2639132
0,0.2762224
0,0.27530494
0,0.2570269
0,0.24924438
0,0.24440968
0,0.2608965
0,0.26458356
0,0.26602012
0,0.26936057
0,0.26854804
0,0.25070024
0,0.2434898
0,0.2400008
0,0.25952354
0,0.25844485
0,0.25474295
0,0.27344793
0,0.2660882
0,0.24913573
0,0.24382788
0,0.2541735
0,0.25935924
0,0.2712419
0,0.2536046
0,0.25815135
0,0.26304922
0,0.24593517
0,0.25442824
0,0.241575
0,0.26073
0,0.25824374
0,0.27148104
0,0.26317376
0,0.28173828
0,0.26253247
0,0.25459245
0,0.27043158
0,0.27488482
0,0.27711722
0,0.27123785
0,0.2763988
0,0.2779718
0,0.25651994
0,0.25468987
0,0.26837668
0,0.26802608
0,0.26848823
0,0.27219298
0,0.2703895
0,0.2731803
0,0.2526608
0,0.2461856
0,0.26187274
0,0.2739956
0,0.26419333
0,0.26569304
0,0.2739856
0,0.26543602
0,0.25045118
0,0.24466242
0,0.25419524
0,0.25851795
0,0.2687073
0,0.25056812
0,0.26745144
0,0.25299847
0,0.25662938
0,0.24773648
0,0.2579412
0,0.27007207
0,0.27067104
0,0.2732939
0,0.274649
0,0.25871125
0,0.24857685
0,0.24496545
0,0.2582918
0,0.2551817
0,0.25889957
0,0.25780523
0,0.26613504
0,0.25086093
0,0.25417167
0,0.251144
0,0.2582983
0,0.26573595
0,0.2763522
0,0.26033106
0,0.25224885
0,0.2433857
0,0.25723484
0,0.24248642
0,0.25465828
0,0.24071673
0,0.24487044
0,0.25084463
0,0.2569639
0,0.24281009
0,0.23869413
0,0.251442
0,0.25153828
0,0.24321309
0,0.24117967
0,0.24316017
0,0.25899038
0,0.24113958
0,0.2432856
0,0.25311065
0,0.26212355
0,0.26673847
0,0.27017662
0,0.27126217
0,0.26551515
0,0.24900365
0,0.24510366
0,0.24901491
0,0.25914127
0,0.26346466
0,0.25966793
0,0.2616037
0,0.25858513
0,0.2472107
0,0.24275018
0,0.26149023
0,0.26317394
0,0.2572494
0,0.2589359
0,0.2537401
0,0.25999284
0,0.24484777
0,0.24910824
0,0.24396677
0,0.24699686
0,0.25235978
0,0.24754958
0,0.28544876
0,0.26672506
0,0.24988702
0,0.24759763
0,0.25823456
0,0.26688343
0,0.28305507
0,0.3057129
0,0.28854245
0,0.2667664
0,0.27579868
0,0.27111733
0,0.27747816
0,0.25736707
0,0.24953249
0,0.25222594
0,0.24620256
0,0.24122438
0,0.2372372
0,0.24194983
0,0.25378475
0,0.25360063
0,0.2527201
0,0.2493895
0,0.25351235
0,0.24124265
0,0.24759659
0,0.23886414
0,0.24335478
0,0.23999253
0,0.24286704
0,0.24815582
0,0.25612852
0,0.24152924
0,0.2361584
0,0.24240936
0,0.24070139
0,0.23867074
0,0.23809722
0,0.256077
0,0.24572134
0,0.23653552
0,0.25466383
0,0.24251734
0,0.23729032
0,0.25326502
0,0.24068701
0,0.25653398
0,0.26242706
0,0.24601777
0,0.24158673
0,0.25577042
0,0.25960162
0,0.2660021
0,0.2658964
0,0.24852641
0,0.26027045
0,0.24558084
0,0.2571161
0,0.24706653
0,0.25751024
0,0.27028966
0,0.2593415
0,0.27560374
0,0.2614262
0,0.24805291
0,0.30424774
0,0.28036138
0,0.2612658
0,0.26240414
0,0.2614823
0,0.27355602
0,0.25689754
0,0.26018003
0,0.2497528
0,0.26469362
0,0.2674124
0,0.27181032
0,0.25975642
0,0.2562944
0,0.25037482
0,0.24515383
0,0.24357489
0,0.2566498
0,0.26072028
0,0.26372188
0,0.26142338
0,0.2668656
0,0.2517386
0,0.24542661
0,0.24121454
0,0.23765351
0,0.2517686
0,0.2549184
0,0.25364107
0,0.24311823
0,0.23615186
0,0.2324238
0,0.23012045
0,0.25378776
0,0.2463635
0,0.25106886
0,0.268447
0,0.25881094
0,0.2464323
0,0.23862216
0,0.24469277
0,0.26275557
0,0.26559997
0,0.2624809
0,0.26200172
0,0.26921293
0,0.24873883
0,0.25095028
0,0.2622101
0,0.2484943
0,0.26205152
0,0.261854
0,0.2508238
0,0.25265506
0,0.24857472
0,0.24647371
0,0.24690408
0,0.24840625
0,0.63585234
0,0.44374883
0,0.35414132
0,0.30914283
0,0.30057132
0,0.29090676
0,0.26867083
0,0.27372482
0,0.25658453
0,0.25472695
0,0.2480158
0,0.2479636
0,0.25409603
0,0.2657731
0,0.2657196
0,0.27630296
0,0.25853503
0,0.25940397
0,0.25771686
0,0.25715855
0,0.25360304
0,0.26156276
0,0.25956336
0,0.25554684
0,0.25968644
0,0.24732386
0,0.2410381
0,0.23830897
0,0.24164541
0,0.25620124
0,0.2577614
0,0.2531814
0,0.25273114
0,0.24171205
0,0.24449515
0,0.24125654
0,0.23873022
0,0.2388689
0,0.24691291
0,0.24747077
0,0.25485322
0,0.24610907
0,0.24831456
0,0.23994966
0,0.24606952
0,0.26129982
0,0.24294023
0,0.24326886
0,0.24674138
0,0.23627572
0,0.23577815
0,0.25586212
0,0.25539565
0,0.26352817
0,0.25931433
0,0.25931764
0,0.26596355
0,0.25193405
0,0.24460052
0,0.25759837
0,0.26221067
0,0.2651296
0,0.2563616
0,0.25066796
0,0.2612562
0,0.24804579
0,0.2562944
0,0.26037893
0,0.26675266
0,0.25167933
0,0.24707973
0,0.2567396
0,0.2563983
0,0.2459167
0,0.23927826
0,0.2623843
0,0.25938168
0,0.25183904
0,0.25735644
0,0.2566168
0,0.2613761
0,0.2594605
0,0.25093162
0,0.2457922
0,0.24849226
0,0.25912637
0,0.26490867
0,0.27169287
0,0.25860673
0,0.2576205
0,0.24483843
0,0.2497905
0,0.25355226
0,0.2482322
0,0.2483524
0,0.2577514
0,0.24401934
0,0.23807812
0,0.23633347
0,0.24803779
0,0.25226116
0,0.24456744
0,0.25772393
0,0.2593543
0,0.24623995
0,0.23876014
0,0.24076572
0,0.25874522
0,0.24146958
0,0.24994771
0,0.25362834
0,0.24534881
0,0.23833787
0,0.23824452
0,0.24483967
0,0.2480126
0,0.24822703
0,0.25482577
0,0.24857852
0,0.24736127
0,0.24676423
0,0.2574069
0,0.24431425
0,0.25960004
0,0.25065082
0,0.26196036
0,0.2546724
0,0.26374856
0,0.24704587
0,0.2407596
0,0.23707427
0,0.24149117
0,0.2518315
0,0.256981
0,0.25590545
0,0.25780496
0,0.24794164
0,0.23896696
0,0.25154653
0,0.2525051
0,0.25260386
0,0.2542603
0,0.258065
0,0.2546618
0,0.24379978
0,0.25095257
0,0.26295975
0,0.24849337
0,0.24505146
0,0.25248513
0,0.24873339
0,0.24141943
0,0.2607201
0,0.24733011
0,0.24925734
0,0.24707633
0,0.24510126
0,0.24344479
0,0.24232654
0,0.23595697
0,0.23238097
0,0.23312362
0,0.24671972
0,0.25128996
0,0.25444818
0,0.25647348
0,0.2666618
0,0.2458658
0,0.25482133
0,0.24602017
0,0.257914
0,0.25690183
0,0.26837504
0,0.27053812
0,0.26673412
0,0.25042176
0,0.24821062
0,0.24519637
0,0.2591965
0,0.2433316
0,0.24428213
0,0.24094644
0,0.255958
0,0.24534105
0,0.24911407
0,0.25109848
0,0.26130825
0,0.26467553
0,0.2665681
0,0.26218235
0,0.27250072
0,0.26106048
0,0.2544171
0,0.24529833
0,0.2508881
0,0.25738302
0,0.26187137
0,0.25082228
0,0.25540823
0,0.24271974
0,0.23740417
0,0.25145772
0,0.24452591
0,0.25371394
0,0.25641876
0,0.27212656
0,0.26454654
0,0.24973924
0,0.24271142
0,0.23818387
0,0.24921219
0,0.26260734
0,0.27117693
0,0.27701178
0,0.2612951
0,0.2645638
0,0.2531168
0,0.266523
0,0.27171466
0,0.27377307
0,0.27865466
0,0.26612654
0,0.2568661
0,0.25714
0,0.25566557
0,0.2592414
0,0.28440788
0,0.2677801
0,0.2630643
0,0.2699429
0,0.25089467
0,0.24642181
0,0.24077538
0,0.2391035
0,0.25088626
0,0.23835663
0,0.24485888
0,0.2545934
0,0.24569225
0,0.23958756
0,0.2361141
0,0.23417874
0,0.2401291
0,0.23621793
0,0.2353883
0,0.2587105
0,0.24574709
0,0.24585603
0,0.24360482
0,0.2433346
0,0.25969544
0,0.256811
0,0.24673803
0,0.26394093
0,0.24487899
0,0.25309828
0,0.25781208
0,0.26694566
0,0.2576025
0,0.25742468
0,0.2448363
0,0.24852459
0,0.23950566
0,0.23910055
0,0.23687816
0,0.24058492
0,0.6188587
0,0.41139132
0,0.349905
0,0.32043076
0,0.28374964
0,0.26496583
0,0.25558513
0,0.2478351
0,0.26150492
0,0.26936474
0,0.25977135
0,0.25450775
0,0.2546421
0,0.26162
0,0.25039944
0,0.250728
0,0.25537497
0,0.25880957
0,0.24795718
0,0.2546124
0,0.24160515
0,0.2608016
0,0.2474839
0,0.26417089
0,0.27366805
0,0.27692962
0,0.26579988
0,0.2649314
0,0.2517242
0,0.2496488
0,0.25188953
0,0.24960701
0,0.24902348
0,0.26372707
0,0.26092216
0,0.24735953
0,0.26383835
0,0.24539933
0,0.24672982
0,0.24898386
0,0.2598416
0,0.25344333
0,0.24742587
0,0.23973335
0,0.2556369
0,0.24138032
0,0.24543531
0,0.24463342
0,0.25475928
0,0.2510707
0,0.24865632
0,0.24434638
0,0.24202435
0,0.25018486
0,0.2525703
0,0.2514041
0,0.2533016
0,0.25759077
0,0.25354055
0,0.24920824
0,0.2528444
0,0.24529253
0,0.23794001
0,0.25772858
0,0.25202516
0,0.2543289
0,0.26300576
0,0.25251707
0,0.244116
0,0.23895365
0,0.24954905
0,0.25335458
0,0.2411847
0,0.2389736
0,0.23313892
0,0.23074645
0,0.23097725
0,0.23420972
0,0.2503434
0,0.23762873
0,0.24593669
0,0.25073808
0,0.25871044
0,0.24261756
0,0.24452859
0,0.24922763
0,0.24490157
0,0.2548233
0,0.24454902
0,0.26265672
0,0.25257292
0,0.24327761
0,0.24229683
0,0.24837963
0,0.25407684
0,0.24356084
0,0.24717744
0,0.2585638
0,0.24466056
0,0.24809663
0,0.24306884
0,0.25663778
0,0.25336665
0,0.2536143
0,0.2617893
0,0.25689042
0,0.24983832
0,0.24260768
0,0.23694828
0,0.25473148
0,0.24362504
0,0.25559646
0,0.2524915
0,0.25016493
0,0.24001037
0,0.23558344
0,0.23283857
0,0.23277533
0,0.22938691
0,0.24260679
0,0.23858353
0,0.24873357
0,0.23570369
0,0.24648987
0,0.23994313
0,0.2569289
0,0.26748872
0,0.25910038
0,0.2711097
0,0.27296522
0,0.25474545
0,0.25885066
0,0.24672748
0,0.26129952
0,0.24446535
0,0.257956
0,0.2619197
0,0.26504412
0,0.25592896
0,0.24461544
0,0.24191292
0,0.24156147
0,0.25662765
0,0.24023753
0,0.24122973
0,0.2433559
0,0.2353619
0,0.23278837
0,0.23844159
0,0.2403952
0,0.24090782
0,0.24798638
0,0.25361264
0,0.24605113
0,0.23749267
0,0.23933563
0,0.25374705
0,0.25551227
0,0.2511832
0,0.26186746
0,0.25971478
0,0.2560854
0,0.24445118
0,0.23965445
0,0.23826587
0,0.24812111
0,0.24574608
0,0.26235366
0,0.25396553
0,0.24262716
0,0.25259376
0,0.24082732
0,0.24104431
0,0.24008048
0,0.25437793
0,0.2566702
0,0.24731426
0,0.23906082
0,0.25329965
0,0.2547254
0,0.25103265
0,0.2567421
0,0.24701251
0,0.24963287
0,0.26678184
0,0.25321665
0,0.24962686
0,0.25545248
0,0.25009325
0,0.2472106
0,0.26388672
0,0.26953304
0,0.27421927
0,0.25207913
0,0.25029525
0,0.24861018
0,0.26519257
0,0.26885745
0,0.2594979
0,0.27216738
0,0.2653715
0,0.25458047
0,0.2463033
0,0.25755718
0,0.2545925
0,0.2570281
0,0.26361588
0,0.3080214
0,0.27520156
0,0.2617034
0,0.2547614
0,0.24572438
0,0.2401138
0,0.24144503
0,0.2392264
0,0.25141314
0,0.25587305
0,0.24249457
0,0.25302166
0,0.2542268
0,0.25717175
0,0.2688028
0,0.2473609
0,0.2529533
0,0.25107595
0,0.2408909
0,0.24431652
0,0.24565071
0,0.26022023
0,0.26565072
0,0.26190755
0,0.2509161
0,0.24489649
0,0.24905965
0,0.2502348
0,0.2550787
0,0.2542769
0,0.26014286
0,0.2576438
0,0.25008252
0,0.24057496
0,0.23921515
0,0.23883301
0,0.24658394
0,0.24892442
0,0.26698527
0,0.26270598
0,0.26440445
0,0.24645081
0,0.24081366
0,0.2443367
0,0.23785947
0,0.24422343
0,0.24210753
0,0.249899
0,0.25137582
0,0.23963451
0,0.24181801
0,0.24745375
0,0.26713973
0,0.27080685
0,0.27373025
0,0.26346114
0,0.25238162
0,0.25442258
0,0.25082016
0,0.24965681
0,0.2611937
0,0.25221395
0,0.2502806
0,0.2519042
0,0.24886288
0,0.24223138
0,0.23888338
0,0.24237205
0,0.23533082
0,0.23753275
0,0.25105453
0,0.2562043
0,0.24737917
0,0.23937286
0,0.23627324
0,0.23313794
0,0.24787132
0,0.25105754
0,0.2553375
0,0.2454583
0,0.24620242
0,0.23738204
0,0.25113145
0,0.2526854
0,0.25341502
0,0.26552072
0,0.2607041
0,0.27139953
0,0.2638574
0,0.24737181
0,0.25695908
0,0.2510528
0,0.26822963
0,0.26004872
0,0.2687312
0,0.27290323
0,0.25600657
0,0.26462778
0,0.25366423
0,0.2516078
0,0.24995692
0,0.2505861
0,0.26100555
0,0.26697013
0,0.24891043
0,0.24723208
0,0.24014199
0,0.246336
0,0.2561626
0,0.25776595
0,0.24503325
0,0.25572222
0,0.2414983
0,0.24942476
0,0.24631758
0,0.2406871
0,0.26338655
0,0.26781255
0,0.24825107
0,0.26758942
0,0.2580292
0,0.25141123
0,0.24912998
0,0.25832257
0,0.25314546
0,0.26533628
0,0.2571866
0,0.24851124
0,0.24270573
0,0.24088217
0,0.23864964
0,0.25480616
0,0.2510338
0,0.2605918
0,0.2649952
0,0.2550936
0,0.2455553
0,0.24066932
0,0.2550465
0,0.24647667
0,0.25107202
0,0.25834882
0,0.2615643
0,0.25462002
0,0.25242615
0,0.27379122
0,0.2676328
0,0.25227043
0,0.25172177
0,0.2671373
0,0.26170602
0,0.2639326
0,0.24819754
0,0.24720946
0,0.24541806
0,0.2644853
0,0.25587025
0,0.259672
0,0.25333798
0,0.24701649
0,0.26570874
0,0.27118856
0,0.25323975
0,0.26699355
0,0.25935373
0,0.2604877
0,0.2606472
0,0.2493176
0,0.24320029
0,0.24058472
0,0.25498036
0,0.24677701
0,0.24466573
0,0.25106552
0,0.24583274
0,0.24259798
0,0.25698897
0,0.25947177
0,0.25280637
0,0.25110537
0,0.2439832
0,0.25986236
0,0.25593096
0,0.24252015
0,0.2518472
0,0.25434744
0,0.25842038
0,0.24862765
0,0.24067491
0,0.2611716
0,0.25250646
0,0.2403986
0,0.24456745
0,0.24012884
0,0.2430848
0,0.23788367
0,0.23617601
0,0.24520242
0,0.25483662
0,0.24173938
0,0.23545052
0,0.23934335
0,0.2399794
0,0.25210163
0,0.2589295
0,0.2625923
0,0.25653112
0,0.24617055
0,0.25451052
0,0.2517404
0,0.24975325
0,0.25382176
0,0.24279286
0,0.24397942
0,0.24392621
0,0.23479782
0,0.24158768
0,0.24190977
0,0.23728378
0,0.25690782
0,0.2648303
0,0.2523808
0,0.2479846
0,0.2622053
0,0.24963813
0,0.24707656
0,0.251267
0,0.2628442
0,0.25946128
0,0.24691
0,0.2665711
0,0.2461825
0,0.2688209
0,0.26846883
0,0.26978058
0,0.27316114
0,0.27588555
0,0.26694053
0,0.25616086
0,0.25963658
0,0.25807968
0,0.25691864
0,0.25790656
0,0.2612229
0,0.27403653
0,0.2805792
0,0.26832068
0,0.2725241
0,0.26144856
0,0.25779775
0,0.2606417
0,0.26159075
0,0.25558674
0,0.26912168
0,0.2537057
0,0.25054786
0,0.24903847
0,0.26242113
0,0.26715705
0,0.27153996
0,0.27275434
0,0.27256376
0,0.2527048
0,0.24840575
0,0.24868017
0,0.2594747
0,0.26311323
0,0.26496258
0,0.2685585
0,0.2692252
0,0.25117013
0,0.24727735
0,0.24693218
0,0.2568991
0,0.25946283
0,0.27314535
0,0.261439
0,0.25870636
0,0.24651441
0,0.2504139
0,0.24949521
0,0.24865948
0,0.24789676
0,0.25080633
0,0.2505313
0,0.247829
0,0.23907982
0,0.23894009
0,0.24088916
0,0.25765115
0,0.26414913
0,0.2668051
0,0.27096093
0,0.2550707
0,0.26688972
0,0.2577707
0,0.25411293
0,0.24666457
0,0.25851515
0,0.26256436
0,0.26400828
0,0.2509034
0,0.25978065
0,0.25595498
0,0.26938254
0,0.26560852
0,0.26624763
0,0.26337537
0,0.2652004
0,0.24781506
0,0.25879237
0,0.25506252
0,0.2532283
0,0.32004058
0,0.28497836
0,0.28862792
0,0.28805438
0,0.26290753
0,0.2532652
0,0.27513382
0,0.2761919
0,0.25973386
0,0.27275434
0,0.2758462
0,0.32994473
0,0.27503902
0,0.26643026
0,0.2628825
0,0.34779814
0,0.30364326
0,0.2943759
0,0.27061537
0,0.27772045
0,0.26032525
0,0.26338324
0,0.26150098
0,0.25927058
0,0.2534272
0,0.25944287
0,0.25635612
0,0.25513914
0,0.2492785
0,0.25247073
0,0.25257134
0,0.33092713
0,0.2768819
0,0.26540968
0,0.27168512
0,0.2615955
0,0.2732317
0,0.2607314
0,0.25142446
0,0.25981122
0,0.26883018
0,0.2738102
0,0.26386598
0,0.25619596
0,0.2721238
0,0.26220658
0,0.26903218
0,0.2709534
0,0.27318567
0,0.27169055
0,0.26189953
0,0.27411887
0,0.26436475
0,0.26113817
0,0.26144415
0,0.26555878
0,0.26920882
0,0.26708585
0,0.27774402
0,0.25477767
0,0.25791222
0,0.25166333
0,0.25285023
0,0.24681433
0,0.26773232
0,0.25773022
0,0.24902362
0,0.24129285
0,0.25110433
0,0.24832758
0,0.24714246
0,0.2516974
0,0.28294253
0,0.29075798
0,0.28241256
0,0.26071456
0,0.25554624
0,0.24965234
0,0.26245987
0,0.26893702
0,0.25341445
0,0.26545545
0,0.27336648
0,0.2524343
0,0.24876413
0,0.25221145
0,0.24760029
0,0.25765246
0,0.26140952
0,0.26383772
0,0.25453174
0,0.24437958
0,0.24086823
0,0.24711134
0,0.24517828
0,0.24306937
0,0.24538581
0,0.24318933
0,0.24539359
0,0.25627112
0,0.24892549
0,0.2473663
0,0.25013655
0,0.25069574
0,0.26684678
0,0.28782263
0,0.26737204
0,0.25110406
0,0.24977782
0,0.24731179
0,0.26156744
0,0.2659491
0,0.2577863
0,0.2677419
0,0.2531065
0,0.24932097
0,0.24497677
0,0.24259526
0,0.2529398
0,0.26055488
0,0.24578412
0,0.27081585
0,0.2563971
0,0.24774428
0,0.25859404
0,0.24607132
0,0.25483683
0,0.2603945
0,0.26327825
0,0.2583597
0,0.24600494
0,0.25186253
0,0.25615957
0,0.2504292
0,0.25283134
0,0.2612901
0,0.26012906
0,0.25454274
0,0.24306025
0,0.24760348
0,0.24686392
0,0.2450202
0,0.26034215
0,0.25292617
0,0.26645118
0,0.27541122
0,0.25089148
0,0.24942718
0,0.24551079
0,0.26309782
0,0.26259178
0,0.2786352
0,0.27243575
0,0.27258193
0,0.25611365
0,0.24640176
0,0.2425085
0,0.25004277
0,0.25738773
0,0.24990946
0,0.25706625
0,0.27058285
0,0.26532057
0,0.26234406
0,0.2569273
0,0.24874908
0,0.2494419
0,0.2554538
0,0.24656413
0,0.2790885
0,0.268235
0,0.2668514
0,0.2645861
0,0.25653732
0,0.24785568
0,0.2635216
0,0.27417
0,0.25575885
0,0.24540882
0,0.25150087
0,0.2547228
0,0.26797596
0,0.26837423
0,0.2907564
0,0.28766358
0,0.2865558
0,0.28004497
0,0.2708643
0,0.25600073
0,0.25539693
0,0.273658
0,0.26683912
0,0.25098515
0,0.24524926
0,0.24656782
0,0.2446663
0,0.24780239
0,0.24902095
0,0.2548272
0,0.2560104
0,0.27586797
0,0.25515422
0,0.26017243
0,0.25979057
0,0.25503978
0,0.313492
0,0.28587073
0,0.2686441
0,0.277904
0,0.26248065
0,0.25634897
0,0.25343797
0,0.26727977
0,0.26857108
0,0.2722627
0,0.28602397
0,0.28525493
0,0.27960244
0,0.26138908
0,0.25428405
0,0.2610534
0,0.26019922
0,0.25214246
0,0.261731
0,0.26518255
0,0.24994986
0,0.2612004
0,0.25344217
0,0.24461308
0,0.24618798
0,0.24765866
0,0.24588512
0,0.25310156
0,0.24183847
0,0.24542552
0,0.24457844
0,0.24945834
0,0.26344174
0,0.25196013
0,0.24877617
0,0.24683483
0,0.239764
0,0.23907447
0,0.23747437
0,0.24225028
0,0.25916615
0,0.26179445
0,0.2520844
0,0.2483742
0,0.25491405
0,0.24098727
0,0.25979555
0,0.25373423
0,0.27740082
0,0.26700363
0,0.2725924
0,0.2603587
0,0.25068694
0,0.24250367
0,0.24226867
0,0.25372735
0,0.24803506
0,0.2469944
0,0.2628763
0,0.2442183
0,0.24577862
0,0.24627866
0,0.24362056
0,0.30756462
0,0.28519347
0,0.27950943
0,0.28052318
0,0.25708938
0,0.24924102
0,0.24826616
0,0.2450012
0,0.25768057
0,0.26457414
0,0.26397696
0,0.26606435
0,0.27473402
0,0.26095003
0,0.25146556
0,0.26133883
0,0.2750122
0,0.26909366
0,0.26938128
0,0.25384817
0,0.24890026
0,0.24346612
0,0.23971713
0,0.24523717
0,0.2540681
0,0.27655238
0,0.26777902
0,0.26133445
0,0.2528471
0,0.2575689
0,0.25310385
0,0.2477017
0,0.29900283
0,0.26918328
0,0.26282576
0,0.2618379
0,0.24905911
0,0.2512198
0,0.24932829
0,0.24808823
0,0.2981079
0,0.2663446
0,0.2636378
0,0.2587964
0,0.24634102
0,0.24633071
0,0.24297884
0,0.24960603
0,0.26426777
0,0.26013386
0,0.2719454
0,0.26047373
0,0.24679922
0,0.24864027
0,0.24129482
0,0.24037117
0,0.23486793
0,0.24414146
0,0.25427085
0,0.28413442
0,0.28013235
0,0.25511542
0,0.25746232
0,0.24969639
0,0.25748894
0,0.25693476
0,0.26179925
0,0.24635324
0,0.25736487
0,0.25138444
0,0.24939974
0,0.25354812
0,0.24410768
0,0.24626064
0,0.27352193
0,0.26212773
0,0.25416335
0,0.25036365
0,0.24870755
0,0.26298755
0,0.26686218
0,0.2708834
0,0.2679235
0,0.25058717
0,0.25351644
0,0.2497717
0,0.26204515
0,0.25497538
0,0.2644152
0,0.27231234
0,0.2502956
0,0.2432029
0,0.2399882
0,0.2373598
0,0.25159806
0,0.25553322
0,0.25921503
0,0.27340624
0,0.25564572
0,0.24802107
0,0.24827628
0,0.24976379
0,0.24535836
0,0.24856785
0,0.25270414
0,0.25545558
0,0.2514101
0,0.2496984
0,0.2531117
0,0.24911816
0,0.25278634
0,0.25398025
0,0.26254925
0,0.26904035
0,0.2558171
0,0.2507705
0,0.24841833
0,0.24571876
0,0.24837366
0,0.24657172
0,0.26642558
0,0.2664367
0,0.25303227
0,0.24299401
0,0.24102947
0,0.23874435
0,0.31228673
0,0.27479544
0,0.27824235
0,0.2749422
0,0.25914377
0,0.25412983
0,0.2562214
0,0.25664857
0,0.25470603
0,0.24346085
0,0.26518118
0,0.27476504
0,0.26386178
0,0.26372474
0,0.2578305
0,0.2551052
0,0.26035264
0,0.25880346
0,0.25290275
0,0.2605171
0,0.2444776
0,0.25239655
0,0.24702752
0,0.24602503
0,0.24407291
0,0.26468274
0,0.25497946
0,0.24823733
0,0.24239923
0,0.24949084
0,0.24173933
0,0.2563521
0,0.25010026
0,0.2608671
0,0.26081356
0,0.27136648
0,0.25474226
0,0.25030613
0,0.24427524
0,0.2615951
0,0.25546312
0,0.25939557
0,0.25519055
0,0.25829116
0,0.24493992
0,0.25080687
0,0.24667485
0,0.25633577
0,0.267112
0,0.25831193
0,0.25895908
0,0.25204644
0,0.24433942
0,0.26025483
0,0.2506127
0,0.26329502
0,0.27294213
0,0.25479063
0,0.25638533
0,0.2524861
0,0.263474
0,0.2618086
0,0.2682942
0,0.25783443
0,0.2713624
0,0.26998457
0,0.2600436
0,0.25259727
0,0.2468942
0,0.2564341
0,0.24470146
0,0.25783333
0,0.26074055
0,0.27351844
0,0.2744796
0,0.26497605
0,0.2618127
0,0.2583713
0,0.2622208
0,0.2513732
0,0.24697512
0,0.24918403
0,0.27086708
0,0.25564036
0,0.25233847
0,0.250555
0,0.28244963
0,0.26284027
0,0.2570252
0,0.2838371
0,0.2845029
0,0.31273526
0,0.27606475
0,0.26901528
0,0.28806666
0,0.27472922
0,0.26209858
0,0.26635486
0,0.2714918
0,0.25985855
0,0.2524719
0,0.25751355
0,0.30511665
0,0.27238506
0,0.27250353
0,0.27190688
0,0.26533297
0,0.26966113
0,0.26199797
0,0.2602632
0,0.25422576
0,0.30126545
0,0.28348622
0,0.27529374
0,0.26136765
0,0.2511285
0,0.2526781
0,0.2505312
0,0.2550093
0,0.25084946
0,0.24562898
0,0.24336347
0,0.24404663
0,0.23746651
0,0.24000284
0,0.24658446
0,0.239193
0,0.2380625
0,0.26736087
0,0.2477746
0,0.24467465
0,0.23829131
0,0.2397622
0,0.23688065
0,0.23453785
0,0.23886786
0,0.26043907
0,0.27080497
0,0.27804857
0,0.27086017
0,0.28127733
0,0.28310612
0,0.27341834
0,0.29438508
0,0.28892717
0,0.32319364
0,0.30190244
0,0.28439134
0,0.2756783
0,0.28259087
0,0.2636005
0,0.2652859
0,0.2626631
0,0.27113658
0,0.27503636
0,0.2732562
0,0.27652356
0,0.2775293
0,0.27900702
0,0.26887956
0,0.2759124
0,0.27688932
0,0.27676252
0,0.27663347
0,0.28212792
0,0.2796326
0,0.28000033
0,0.27786875
0,0.27666467
0,0.2853628
0,0.27861968
0,0.27216718
0,0.28566813
0,0.2768277
0,0.28463474
0,0.28792983
0,0.28970784
0,0.2907927
0,0.2965484
0,0.2975973
0,0.28592443
0,0.2752471
0,0.31700405
0,0.30341914
0,0.29757527
0,0.29684967
0,0.30553177
0,0.2926002
0,0.28027087
0,0.27531984
0,0.2709792
0,0.28384215
0,0.2827689
0,0.2725081
0,0.28045622
0,0.28166133
0,0.27107728
0,0.2781872
0,0.2777466
0,0.27961704
0,0.2693447
0,0.27588516
0,0.2888078
0,0.2751086
0,0.2749135
0,0.27747118
0,0.28836495
0,0.28130293
0,0.2662038
0,0.27292588
0,0.27237996
0,0.28366956
0,0.2692409
0,0.27326256
0,0.2826737
0,0.28696483
0,0.27033302
0,0.26439074
0,0.27856678
0,0.2830227
0,0.26490426
0,0.2679801
0,0.31569758
0,0.29669902
0,0.2931606
0,0.29158852
0,0.29137442
0,0.2850886
0,0.2759023
0,0.29932803
0,0.2903094
0,0.28713378
0,0.28514135
0,0.27423868
0,0.28071082
0,0.27970964
0,0.27240852
0,0.27627382
0,0.27851275
0,0.27861568
0,0.27834973
0,0.30160585
0,0.28547338
0,0.28328186
0,0.3206947
0,0.2942229
0,0.2873631
0,0.27353403
0,0.26394305
0,0.27094057
0,0.27046227
0,0.27041644
0,0.28205103
0,0.2625
0,0.28322425
0,0.2848088
0,0.29149866
0,0.30335
0,0.27148637
0,0.27301502
0,0.28136945
0,0.28406116
0,0.2833539
0,0.28366655
0,0.28417304
0,0.28354216
0,0.29618642
0,0.28497526
0,0.2820412
0,0.28306216
0,0.2975939
0,0.28772274
0,0.2964756
0,0.28675896
0,0.28437048
0,0.28300184
0,0.28190458
0,0.36813745
0,0.32210755
0,0.3017251
0,0.29302737
0,0.2917718
0,0.27140188
0,0.26325595
0,0.26538587
0,0.295698
0,0.29073474
0,0.27165964
0,0.2625517
0,0.2895536
0,0.27595165
0,0.27356535
0,0.27451953
0,0.2810189
0,0.26338014
0,0.27760473
0,0.29354465
0,0.28286013
0,0.28598332
0,0.28526878
0,0.29119512
0,0.28719413
0,0.28682685
0,0.30560493
0,0.2836933
0,0.28380057
0,0.29626483
0,0.28552532
0,0.2943143
0,0.2862487
0,0.28225657
0,0.27987218
0,0.27836332
0,0.26770902
0,0.26992622
0,0.26245415
0,0.26810744
0,0.27330905
0,0.3218336
0,0.2894113
0,0.27424052
0,0.26210096
0,0.26871863
0,0.2597464
0,0.27621287
0,0.28041884
0,0.28402498
0,0.29161215
0,0.30027157
0,0.27304813
0,0.27584288
0,0.2860268
0,0.27884296
0,0.30720377
0,0.2973923
0,0.29101712
0,0.28700146
0,0.28741947
0,0.2859904
0,0.28459963
0,0.27348694
0,0.29134598
0,0.27101764
0,0.27494937
0,0.28875053
0,0.30480415
0,0.30017114
0,0.28970823
0,0.28542966
0,0.28169292
0,0.2798787
0,0.26961243
0,0.2732168
0,0.26042977
0,0.27641645
0,0.2649537
0,0.27873316
0,0.2805377
0,0.2893697
0,0.2879097
0,0.27191937
0,0.2817717
0,0.2848223
0,0.28579855
0,0.29131693
0,0.2755604
0,0.2867358
0,0.28425157
0,0.27363545
0,0.2639801
0,0.3461606
0,0.2943735
0,0.30263856
0,0.28959402
0,0.28256375
0,0.2964733
0,0.28754738
0,0.2849504
0,0.28422666
0,0.28504288
0,0.27920416
0,0.29278126
0,0.29238737
0,0.28511423
0,0.27348673
0,0.2776491
0,0.27617237
0,0.27677816
0,0.29267448
0,0.29235905
0,0.29723018
0,0.2957409
0,0.2928853
0,0.28201076
0,0.27835435
0,0.28631404
0,0.2932634
0,0.26977068
0,0.2884993
0,0.28787434
0,0.28949484
0,0.29310697
0,0.27338788
0,0.28289738
0,0.283577
0,0.2849124
0,0.2810559
0,0.27299157
0,0.27697694
0,0.29169512
0,0.28552863
0,0.28101236
0,0.28224295
0,0.3114207
0,0.2855786
0,0.28652772
0,0.28488383
0,0.2717945
0,0.2862157
0,0.37726453
0,0.31843504
0,0.3020315
0,0.29347825
0,0.28575373
0,0.3185024
0,0.29237238
0,0.28677022
0,0.28222132
0,0.27947867
0,0.28791112
0,0.28879496
0,0.2939829
0,0.28096023
0,0.27271414
0,0.26367578
0,0.277164
0,0.27005574
0,0.27797824
0,0.2812308
0,0.2842051
0,0.26605663
0,0.2644705
0,0.27357376
0,0.28113803
0,0.28047892
0,0.29807913
0,0.27857083
0,0.2687853
0,0.2768745
0,0.26854047
0,0.2772295
0,0.26515383
0,0.27000263
0,0.27294946
0,0.28697684
0,0.29305428
0,0.28373027
0,0.27313796
0,0.27760053
0,0.26635268
0,0.283033
0,0.27715373
0,0.3270986
0,0.27902704
0,0.28234687
0,0.2779629
0,0.27557302
0,0.29760954
0,0.29363242
0,0.40101567
0,0.33835772
0,0.32192734
0,0.32373857
0,0.30808502
0,0.30138135
0,0.30660912
0,0.2986665
0,0.2835158
0,0.30094156
0,0.28710303
0,0.28287366
0,0.27397713
0,0.29089466
0,0.2863487
0,0.2841856
0,0.28335506
0,0.28254163
0,0.27953443
0,0.27861038
0,0.27691424
0,0.36602804
0,0.2987721
0,0.2926461
0,0.28476098
0,0.2798386
0,0.28699815
0,0.26908097
0,0.27143112
0,0.27303505
0,0.26701772
0,0.26419407
0,0.29086885
0,0.28894693
0,0.278806
0,0.2877427
0,0.2740029
0,0.28367326
0,0.33724028
0,0.30667394
0,0.2974429
0,0.29527268
0,0.29193276
0,0.29075515
0,0.28836364
0,0.2866365
0,0.3280103
0,0.29241875
0,0.29567516
0,0.293469
0,0.28840336
0,0.28602567
0,0.28359815
0,0.29376048
0,0.33496198
0,0.30152437
0,0.29175565
0,0.29803663
0,0.29781324
0,0.29945916
0,0.2875921
0,0.2944815
0,0.28368866
0,0.26822335
0,0.27020797
0,0.2832718
0,0.27558786
0,0.26651525
0,0.28201455
0,0.33739164
0,0.45779648
0,0.36772415
0,0.3376256
0,0.29958913
0,0.28143018
0,0.27869698
0,0.36402845
0,0.3086253
0,0.29069763
0,0.29431298
0,0.2888366
0,0.27367875
0,0.2799585
0,0.28021148
0,0.47235128
0,0.3444398
0,0.31688586
0,0.2939267
0,0.28134128
0,0.25219104
0,0.22913143
0,0.21369877
0,0.20444246
0,0.2027938
0,0.20233935
0,0.21652587
0,0.21695021
0,0.23135498
0,0.24343424
0,0.25370112
0,0.2824503
0,0.2828526
0,0.29257149
0,0.30051327
0,0.27710927
0,0.2688958
0,0.2708209
0,0.2874272
0,0.28003454
0,0.28215834
0,0.2832409
0,0.2841569
0,0.2713786
0,0.27961123
0,0.28397274
0,0.29644787
0,0.28947365
0,0.2817256
0,0.2828784
0,0.28332222
0,0.28372005
0,0.28349665
0,0.2789887
0,0.27970454
0,0.29097494
0,0.27898863
0,0.29228544
0,0.2957518
0,0.27125347
0,0.27652198
0,0.2659499
0,0.2723347
0,0.3359092
0,0.2963286
0,0.2999794
0,0.2998436
0,0.28754556
0,0.27557778
0,0.27062318
0,0.2725783
0,0.28214303
0,0.28682008
0,0.28796366
0,0.28872252
0,0.27726817
0,0.2971147
0,0.27339602
0,0.36699474
0,0.3184927
0,0.30659696
0,0.28590056
0,0.30015692
0,0.29026842
0,0.2881483
0,0.27785578
0,0.29256013
0,0.28165585
0,0.28190306
0,0.2811506
0,0.2808935
0,0.28009284
0,0.26842222
0,0.27496815
0,0.27795103
0,0.32507303
0,0.2809641
0,0.29030624
0,0.291263
0,0.29000014
0,0.28880382
0,0.28838047
0,0.28854844
0,0.28758538
0,0.3476653
0,0.39852932
0,0.34668076
0,0.3195399
0,0.35632956
0,0.32848674
0,0.31786263
0,0.31108868
0,0.3078394
0,0.30149707
0,0.28756413
0,0.28980008
0,0.27973437
0,0.274702
0,0.27461106
0,0.2673882
0,0.27075064
0,0.24902621
0,0.24390431
0,0.23808569
0,0.24315137
0,0.25179753
0,0.2559615
0,0.26372507
0,0.2736687
0,0.27130297
0,0.2925093
0,0.3018942
0,0.2848012
0,0.267625
0,0.285303
0,0.2881181
0,0.2882251
0,0.3082208
0,0.36500177
0,0.3321242
0,0.3109856
0,0.33818695
0,0.30704615
0,0.29641977
0,0.2898938
0,0.27593732
0,0.2785061
0,0.27728647
0,0.28578454
0,0.30921292
0,0.2865589
0,0.28390524
0,0.28606758
0,0.29660508
0,0.27112928
0,0.28099194
0,0.2940967
0,0.2815088
0,0.26475838
0,0.27477688
0,0.27963504
0,0.28244352
0,0.28283834
0,0.26503804
0,0.266241
0,0.2766685
0,0.26839623
0,0.27752635
0,0.2817801
0,0.2825415
0,0.2728834
0,0.29227924
0,0.28514883
0,0.29893747
0,0.2895644
0,0.27461234
0,0.28134918
0,0.28152105
0,0.29098317
0,0.2953342
0,0.29721704
0,0.27997872
0,0.27807957
0,0.28841347
0,0.28092593
0,0.30121824
0,0.2844712
0,0.28215733
0,0.2861978
0,0.3180318
0,0.36865368
0,0.30498132
0,0.3052495
0,0.31263942
0,0.30195472
0,0.3084374
0,0.297864
0,0.30556473
0,0.29534608
0,0.29546988
0,0.27853554
0,0.28258824
0,0.28252485
0,0.2819157
0,0.28649986
0,0.29127884
0,0.2835194
0,0.28048778
0,0.27837327
0,0.28850794
0,0.29084364
0,0.28252062
0,0.27810863
0,0.27847308
0,0.2849525
0,0.287475
0,0.28910643
0,0.29279518
0,0.2805229
0,0.28809804
0,0.267254
0,0.27039176
0,0.27952597
0,0.27230263
0,0.269554
0,0.2791572
0,0.26935583
0,0.28920856
0,0.296
0,0.27393055
0,0.28171024
0,0.29398316
0,0.29874343
0,0.27928513
0,0.29475027
0,0.29771692
0,0.300215
0,0.2893877
0,0.28500658
0,0.35873544
0,0.30925822
0,0.3087142
0,0.29342
0,0.28745165
0,0.27420095
0,0.29413795
0,0.28060934
0,0.2813623
0,0.28746352
0,0.2920812
0,0.29084906
0,0.29160905
0,0.2892355
0,0.2902136
0,0.28972137
0,0.27858096
0,0.28382027
0,0.28555024
0,0.28441343
0,0.2853819
0,0.2965304
0,0.28862545
0,0.28728375
0,0.2965407
0,0.30011624
0,0.28998893
0,0.28484538
0,0.283738
0,0.29071718
0,0.27357298
0,0.2774774
0,0.27919558
0,0.27784935
0,0.27701685
0,0.28130528
0,0.27711925
0,0.27615294
0,0.28734812
0,0.28000093
0,0.28915915
0,0.28410393
0,0.2791041
0,0.2922647
0,0.2801922
0,0.2755143
0,0.30227572
0,0.29274425
0,0.2929137
0,0.3045191
0,0.31258544
0,0.30427685
0,0.28601068
0,0.2790607
0,0.27388656
0,0.28016436
0,0.28148574
0,0.30241388
0,0.29089656
0,0.2985793
0,0.2909586
0,0.27485752
0,0.26879492
0,0.27763706
0,0.2773922
0,0.2672495
0,0.26357803
0,0.28277537
0,0.27061966
0,0.27469364
0,0.2970681
0,0.28321618
0,0.2795472
0,0.278078
0,0.2760356
0,0.28658786
0,0.31544986
0,0.28977922
0,0.32015473
0,0.31708202
0,0.30622163
0,0.30190736
0,0.28745967
0,0.28595614
0,0.27844763
0,0.3524867
0,0.29105777
0,0.29714745
0,0.28292465
0,0.2903935
0,0.2868972
0,0.28684738
0,0.28573155
0,0.27150872
0,0.26197132
0,0.2717912
0,0.2860925
0,0.2793842
0,0.27874833
0,0.28880918
0,0.29788822
0,0.2746691
0,0.27816245
0,0.28090408
0,0.33062094
0,0.28541386
0,0.29652506
0,0.30125493
0,0.287164
0,0.29092255
0,0.29267907
0,0.35822698
0,0.31750512
0,0.30956304
0,0.2923732
0,0.28458118
0,0.27909732
0,0.27502716
0,0.30044398
0,0.29227087
0,0.2897618
0,0.28926054
0,0.28783074
0,0.28706607
0,0.28663164
0,0.2861842
0,0.2844262
0,0.2840664
0,0.27138016
0,0.27771145
0,0.27956
0,0.27953118
0,0.2692874
0,0.28706193
0,0.30430877
0,0.31209844
0,0.317882
0,0.3616295
0,0.3265929
0,0.30680215
0,0.30681336
0,0.29328674
0,0.28693944
0,0.27133015
0,0.27629486
0,0.28344953
0,0.2907969
0,0.28316036
0,0.29118183
0,0.28142047
0,0.37209344
0,0.4290558
0,0.41100594
0,0.3515929
0,0.32398984
0,0.3029568
0,0.26937816
0,0.26167107
0,0.2587043
0,0.24643746
0,0.2484951
0,0.24800844
0,0.2460039
0,0.23796165
0,0.25512567
0,0.26292545
0,0.25769097
0,0.26297888
0,0.26237065
0,0.25997457
0,0.25682545
0,0.26455566
0,0.27573448
0,0.284133
0,0.26983526
0,0.27758974
0,0.27120572
0,0.27041695
0,0.27097797
0,0.29285446
0,0.2863979
0,0.28432855
0,0.29403043
0,0.2843724
0,0.2908639
0,0.2933323
0,0.29408672
0,0.28310743
0,0.27901563
0,0.28699946
0,0.27695677
0,0.263433
0,0.26012534
0,0.275168
0,0.27941424
0,0.27136767
0,0.27554646
0,0.3103736
0,0.2822241
0,0.286358
0,0.28493515
0,0.30820212
0,0.29272488
0,0.2832517
0,0.28460017
0,0.2824063
0,0.28105757
0,0.280997
0,0.68751705
0,0.5036374
0,0.4536597
0,0.39123014
0,0.3356015
0,0.31506982
0,0.31105784
0,0.31604585
0,0.31379154
0,0.2861242
0,0.2657819
0,0.26019683
0,0.261354
0,0.25429696
0,0.23446141
0,0.22544579
0,0.2115579
0,0.20112088
0,0.18944566
0,0.19013192
0,0.191243
0,0.20150651
0,0.24207918
0,0.23253807
0,0.22895032
0,0.24625783
0,0.24312228
0,0.24686521
0,0.24437584
0,0.27613142
0,0.29259884
0,0.29542366
0,0.27887258
0,0.27941626
0,0.27777228
0,0.27713436
0,0.2877127
0,0.2946435
0,0.2788721
0,0.26704934
0,0.2833132
0,0.28709516
0,0.27885085
0,0.27584422
0,0.29480553
0,0.290896
0,0.27794012
0,0.29807365
0,0.32929796
0,0.3051293
0,0.31035155
0,0.28723118
0,0.29192287
0,0.28766352
0,0.2999864
0,0.2914871
0,0.27880728
0,0.29521322
0,0.32572588
0,0.30194604
0,0.30813706
0,0.29511598
0,0.29104224
0,0.28852093
0,0.2738729
0,0.27839476
0,0.27912045
0,0.27835506
0,0.35714984
0,0.30980805
0,0.29793197
0,0.29928052
0,0.28717867
0,0.30574337
0,0.28729767
0,0.28204477
0,0.2781276
0,0.2859609
0,0.28889057
0,0.30805156
0,0.3218357
0,0.3149096
0,0.2920058
0,0.28413343
0,0.28905508
0,0.28942502
0,0.2783908
0,0.2748624
0,0.27239195
0,0.27007478
0,0.26796362
0,0.2895606
0,0.34946954
0,0.29139096
0,0.2939992
0,0.29065764
0,0.28814706
0,0.28663024
0,0.28602383
0,0.30258518
0,0.2907668
0,0.30394185
0,0.2914394
0,0.287068
0,0.28143468
0,0.29241756
0,0.28336897
0,0.28144273
0,0.2910061
0,0.29410872
0,0.29695255
0,0.29736382
0,0.32263803
0,0.31915003
0,0.28874788
0,0.29674545
0,0.2958143
0,0.30516148
0,0.29696238
0,0.29542023
0,0.27473164
0,0.27579355
0,0.29528522
0,0.27948898
0,0.2744916
0,0.29437962
0,0.28771845
0,0.28702307
0,0.28641018
0,0.27540475
0,0.28178895
0,0.30604202
0,0.2900999
0,0.28389132
0,0.28475747
0,0.28464258
0,0.28209406
0,0.28082135
0,0.28144062
0,0.2731448
0,0.28880104
0,0.27599615
0,0.26470515
0,0.27098647
0,0.2607123
0,0.280261
0,0.27587572
0,0.2879333
0,0.29109457
0,0.29328784
0,0.29675782
0,0.29605424
0,0.28465757
0,0.28150058
0,0.28938127
0,0.30119652
0,0.28531423
0,0.28060183
0,0.28658515
0,0.2693207
0,0.2940521
0,0.28900757
0,0.2993409
0,0.37890068
0,0.32670805
0,0.31081364
0,0.29605198
0,0.2933576
0,0.2866488
0,0.2757884
0,0.2724842
0,0.2784484
0,0.26938108
0,0.2764869
0,0.27108678
0,0.27691957
0,0.2886762
0,0.27558434
0,0.2903253
0,0.34723234
0,0.33089647
0,0.29385352
0,0.28504586
0,0.33068287
0,0.28721
0,0.29695266
0,0.27858242
0,0.3036631
0,0.30792564
0,0.30426922
0,0.3111641
0,0.28821588
0,0.29355624
0,0.2999944
0,0.30583012
0,0.29605663
0,0.2811961
0,0.28688824
0,0.29451793
0,0.29458046
0,0.28984272
0,0.28725412
0,0.2800798
0,0.27471295
0,0.2794941
0,0.26893872
0,0.27051836
0,0.275672
0,0.27802137
0,0.2681788
0,0.2686022
0,0.29768082
0,0.27262384
0,0.2754837
0,0.27480063
0,0.276614
0,0.27179876
0,0.29782268
0,0.28261474
0,0.27987078
0,0.27716842
0,0.27519974
0,0.27544618
0,0.29331908
0,0.27784252
0,0.28680095
0,0.27457327
0,0.291867
0,0.28838596
0,0.30151385
0,0.2770551
0,0.27909255
0,0.28424725
0,0.28392842
0,0.28480592
0,0.2746079
0,0.28120503
0,0.27049398
0,0.2672989
0,0.27390903
0,0.26793545
0,0.26908913
0,0.27506727
0,0.2764688
0,0.28919062
0,0.28325048
0,0.2818109
0,0.29162803
0,0.29434088
0,0.28150436
0,0.29181275
0,0.28287837
0,0.29084423
0,0.2819926
0,0.2704046
0,0.26681387
0,0.2807545
0,0.2858717
0,0.2905365
0,0.29239565
0,0.2930239
0,0.29764265
0,0.2945255
0,0.30652806
0,0.29807734
0,0.29609033
0,0.29318374
0,0.29276228
0,0.29155707
0,0.32785112
0,0.30882815
0,0.28834653
0,0.27667
0,0.27276528
0,0.29107067
0,0.28622952
0,0.27395853
0,0.2814227
0,0.28286663
0,0.2820003
0,0.27913752
0,0.29156688
0,0.28187388
0,0.2747689
0,0.27882943
0,0.2778614
0,0.27697423
0,0.26998937
0,0.2848702
0,0.28733024
0,0.29129988
0,0.28085804
0,0.28848037
0,0.27974102
0,0.27590027
0,0.26653764
0,0.2803049
0,0.28405023
0,0.28044978
0,0.27474666
0,0.27158725
0,0.2809517
0,0.38307926
0,0.32687125
0,0.31213456
0,0.31440082
0,0.30164632
0,0.30727315
0,0.30842614
0,0.29541844
0,0.28046507
0,0.28496695
0,0.2777904
0,0.2718862
0,0.26740733
0,0.26410657
0,0.2664626
0,0.25855255
0,0.2636454
0,0.26186144
0,0.26894164
0,0.27088255
0,0.2665141
0,0.2690369
0,0.2646836
0,0.26825514
0,0.25988507
0,0.26093447
0,0.2649636
0,0.27843148
0,0.28384367
0,0.28647068
0,0.28898188
0,0.29041097
0,0.29195473
0,0.28993893
0,0.28628194
0,0.2906755
0,0.30126116
0,0.29973716
0,0.29418862
0,0.29031354
0,0.2828901
0,0.2693388
0,0.2678772
0,0.27332145
0,0.27069578
0,0.26482785
0,0.27457267
0,0.2773049
0,0.2754314
0,0.28788123
0,0.27093503
0,0.27734247
0,0.2778398
0,0.26666704
0,0.26703516
0,0.26022708
0,0.25472197
0,0.2753938
0,0.3221795
0,0.31696245
0,0.30774623
0,0.30337453
0,0.30067152
0,0.28591284
0,0.31074432
0,0.29990286
0,0.28421354
0,0.2904957
0,0.28956574
0,0.2779684
0,0.28559798
0,0.28648552
0,0.28611633
0,0.28330305
0,0.29780975
0,0.28459767
0,0.2854921
0,0.297692
0,0.28917405
0,0.2883493
0,0.30254206
0,0.28314093
0,0.27997765
0,0.27955416
0,0.28205234
0,0.27452704
0,0.2637306
0,0.2745259
0,0.2645757
0,0.27250952
0,0.28410128
0,0.29011104
0,0.28967667
0,0.2815337
0,0.29092243
0,0.28692663
0,0.29197812
0,0.29186037
0,0.29339617
0,0.29352123
0,0.29353338
0,0.29158223
0,0.29191464
0,0.2905731
0,0.29066753
0,0.29033083
0,0.2897518
0,0.2901153
0,0.2884892
0,0.27758524
0,0.2936481
0,0.2870039
0,0.28452837
0,0.28328303
0,0.27669817
0,0.27574125
0,0.27737534
0,0.27806464
0,0.27734357
0,0.2634135
0,0.26128176
0,0.2554882
0,0.27759776
0,0.28544697
0,0.3030871
0,0.2808952
0,0.27515218
0,0.28953555
0,0.29302263
0,0.29502302
0,0.2950555
0,0.28443485
0,0.30403095
0,0.28673413
0,0.30399352
0,0.29883927
0,0.29667684
0,0.293394
0,0.28099188
0,0.27668372
0,0.28333348
0,0.27293873
0,0.27484372
0,0.2740018
0,0.2699213
0,0.27892226
0,0.28119197
0,0.27167958
0,0.2727822
0,0.2732779
0,0.2895318
0,0.27820364
0,0.26989943
0,0.27118638
0,0.2621791
0,0.26540264
0,0.28418803
0,0.26825964
0,0.264486
0,0.25814646
0,0.26075417
0,0.26000038
0,0.26207682
0,0.29236963
0,0.29138955
0,0.28869918
0,0.28093913
0,0.290753
0,0.29381198
0,0.29433537
0,0.30671063
0,0.29175913
0,0.2963787
0,0.30622372
0,0.28815687
0,0.29104057
0,0.28990924
0,0.27965003
0,0.27661312
0,0.28118792
0,0.2856881
0,0.28301927
0,0.2847397
0,0.32260466
0,0.31068468
0,0.29172912
0,0.2920486
0,0.2771623
0,0.28188142
0,0.2725323
0,0.2647702
0,0.27345207
0,0.28645596
0,0.278032
0,0.29212165
0,0.27330413
0,0.27136382
0,0.28540465
0,0.2905846
0,0.29223397
0,0.2712359
0,0.28616673
0,0.28889188
0,0.28931668
0,0.28037068
0,0.29924923
0,0.2951569
0,0.29408863
0,0.30244362
0,0.2958181
0,0.29331264
0,0.28004244
0,0.28483492
0,0.28469467
0,0.28480804
0,0.29328492
0,0.27541184
0,0.27058452
0,0.28776065
0,0.2665804
0,0.2618562
0,0.27125877
0,0.2629614
0,0.2640041
0,0.28084144
0,0.27516845
0,0.286818
0,0.2911983
0,0.28151467
0,0.279145
0,0.29086423
0,0.28011975
0,0.2688102
0,0.27307484
0,0.28375754
0,0.28702682
0,0.29046652
0,0.3004322
0,0.29599383
0,0.28225324
0,0.30156156
0,0.28372875
0,0.2777061
0,0.28501692
0,0.27481252
0,0.28185698
0,0.2829048
0,0.28476736
0,0.28441876
0,0.2844602
0,0.28533965
0,0.28526586
0,0.2840925
0,0.28394607
0,0.28415886
0,0.2778684
0,0.26996192
0,0.26138383
0,0.2709341
0,0.2704398
0,0.2730286
0,0.2745547
0,0.2751973
0,0.26456866
0,0.26406127
0,0.26853803
0,0.28195027
0,0.2744063
0,0.26320425
0,0.28082824
0,0.285241
0,0.28876948
0,0.2894778
0,0.2786125
0,0.28736523
0,0.28944504
0,0.27659693
0,0.28383705
0,0.27407464
0,0.2742391
0,0.29403576
0,0.28842264
0,0.28899705
0,0.27071467
0,0.285562
0,0.27400842
0,0.28192264
0,0.2837874
0,0.2687415
0,0.2672656
0,0.28170723
0,0.2921008
0,0.2854679
0,0.26996258
0,0.26794004
0,0.26492447
0,0.27300298
0,0.2764916
0,0.264698
0,0.27323562
0,0.27380246
0,0.26866475
0,0.28067458
0,0.27573726
0,0.2755343
0,0.28582463
0,0.29501116
0,0.30203298
0,0.2864131
0,0.2924448
0,0.27648717
0,0.2863981
0,0.29311785
0,0.27984637
0,0.2871562
0,0.28731835
0,0.3003503
0,0.27850366
0,0.275637
0,0.2925981
0,0.29091278
0,0.28736657
0,0.2877505
0,0.28805855
0,0.27643695
0,0.2828351
0,0.2925044
0,0.27514789
0,0.29212895
0,0.27779505
0,0.28019726
0,0.28045258
0,0.29244134
0,0.28192714
0,0.27506
0,0.2691773
0,0.26595923
0,0.27145848
0,0.25813833
0,0.27886483
0,0.29200563
0,0.28617635
0,0.30222574
0,0.29808563
0,0.29847246
0,0.29836148
0,0.27818918
0,0.28885722
0,0.29409388
0,0.2924954
0,0.2921081
0,0.29096857
0,0.29174906
0,0.29162937
0,0.2906693
0,0.28322628
0,0.28777358
0,0.27639568
0,0.27778694
0,0.26827905
0,0.27637485
0,0.2739538
0,0.27818862
0,0.2802374
0,0.27110335
0,0.26884553
0,0.27533838
0,0.2631875
0,0.2604007
0,0.28016937
0,0.27515468
0,0.26838952
0,0.26278824
0,0.26347205
0,0.26792768
0,0.27112195
0,0.28233498
0,0.28869724
0,0.30265477
0,0.29497984
0,0.28494754
0,0.2804161
0,0.2874314
0,0.28975394
0,0.27945757
0,0.28503197
0,0.28763008
0,0.30759093
0,0.27886003
0,0.28732517
0,0.27879262
0,0.28271723
0,0.2850133
0,0.29856145
0,0.3037701
0,0.29241303
0,0.29029545
0,0.27181587
0,0.28230894
0,0.2822771
0,0.27430165
0,0.2637317
0,0.28560713
0,0.29207483
0,0.29638648
0,0.29907694
0,0.28502268
0,0.3065963
0,0.28715298
0,0.29663932
0,0.28467813
0,0.29125735
0,0.2775273
0,0.2906057
0,0.28027925
0,0.28981873
0,0.27912414
0,0.29995766
0,0.29074964
0,0.29291698
0,0.2925831
0,0.27527478
0,0.33756074
0,0.29854348
0,0.28186148
0,0.2726952
0,0.27256182
0,0.26957005
0,0.26685116
0,0.26054206
0,0.26215237
0,0.2660993
0,0.26205054
0,0.25728303
0,0.25866598
0,0.26964706
0,0.26659217
0,0.2745322
0,0.26852313
0,0.26308036
0,0.2560409
0,0.26937008
0,0.27575868
0,0.26888365
0,0.27484322
0,0.2861563
0,0.29264814
0,0.2807649
0,0.27380353
0,0.28704813
0,0.28955683
0,0.29205552
0,0.30507344
0,0.28488502
0,0.3006073
0,0.28232163
0,0.27248845
0,0.28351432
0,0.26815408
0,0.27148637
0,0.2673169
0,0.2595696
0,0.2567652
0,0.2831442
0,0.26570052
0,0.2592464
0,0.26452875
0,0.2731459
0,0.2749932
0,0.27725828
0,0.28926766
0,0.28321478
0,0.26453236
0,0.2857671
0,0.4145346
0,0.34893242
0,0.31633946
0,0.3019379
0,0.304004
0,0.2887625
0,0.27783382
0,0.3016637
0,0.29518083
0,0.2958163
0,0.29442516
0,0.27739453
0,0.2689106
0,0.28054515
0,0.27665704
0,0.2718805
0,0.27930757
0,0.27469784
0,0.26190433
0,0.26155612
0,0.2568429
0,0.25376856
0,0.2495538
0,0.26423702
0,0.2575163
0,0.2665944
0,0.28265694
0,0.2901763
0,0.29444596
0,0.2765096
0,0.28058317
0,0.28884533
0,0.2718587
0,0.287597
0,0.280809
0,0.2844598
0,0.27326444
0,0.2660719
0,0.2637389
0,0.27978468
0,0.2839694
0,0.2883915
0,0.27306393
0,0.2862232
0,0.28790727
0,0.28784296
0,0.27263018
0,0.28383994
0,0.2867597
0,0.27750137
0,0.2677435
0,0.26349095
0,0.2769882
0,0.26359394
0,0.26212126
0,0.27268007
0,0.2640152
0,0.2571708
0,0.2538753
0,0.26887277
0,0.27282017
0,0.28750557
0,0.27057868
0,0.26372474
0,0.37132204
0,0.33029372
0,0.3219609
0,0.31300044
0,0.31078053
0,0.29695305
0,0.3018569
0,0.30249488
0,0.28432772
0,0.2929819
0,0.2951649
0,0.30837718
0,0.30221683
0,0.31128892
0,0.30405444
0,0.28171462
0,0.2801133
0,0.33814716
0,0.30795783
0,0.2891283
0,0.28490928
0,0.27042836
0,0.2684426
0,0.26372215
0,0.29419193
0,0.26729837
0,0.31107572
0,0.2819685
0,0.27075642
0,0.46232733
0,0.3660491
0,0.33434826
0,0.3267282
0,0.28833175
0,0.28898242
0,0.29322186
0,0.29387042
0,0.29607633
0,0.29534104
0,0.29549238
0,0.29587778
0,0.28516495
0,0.32742307
0,0.2845003
0,0.29303983
0,0.35491097
0,0.3129222
0,0.29196826
0,0.27588686
0,0.26170093
0,0.24153323
0,0.2270893
0,0.22628826
0,0.224377
0,0.24350931
0,0.24102794
0,0.26124108
0,0.24994896
0,0.2619101
0,0.26293743
0,0.27518004
0,0.26367196
0,0.26718962
0,0.272621
0,0.27550602
0,0.26182052
0,0.2744956
0,0.28825232
0,0.2674966
0,0.28713697
0,0.26514778
0,0.2728616
0,0.2861196
0,0.29185176
0,0.29611757
0,0.28407428
0,0.29418123
0,0.2939678
0,0.28487226
0,0.2811466
0,0.27192345
0,0.2969585
0,0.28169227
0,0.27602062
0,0.26827267
0,0.28224567
0,0.27388504
0,0.27014166
0,0.26784176
0,0.2783611
0,0.28050718
0,0.26957747
0,0.26880598
0,0.27855986
0,0.27982432
0,0.26913255
0,0.2614034
0,0.27161202
0,0.26664364
0,0.2589822
0,0.26288533
0,0.28860882
0,0.29404825
0,0.27714732
0,0.27938724
0,0.3185792
0,0.31568563
0,0.28899264
0,0.2823862
0,0.29419148
0,0.28318796
0,0.29131934
0,0.2911558
0,0.28440383
0,0.27691552
0,0.2885593
0,0.27836415
0,0.28814235
0,0.28963965
0,0.27289468
0,0.27657518
0,0.2836544
0,0.2684156
0,0.266919
0,0.26705158
0,0.25992
0,0.2622177
0,0.2971338
0,0.2864704
0,0.2776581
0,0.29416326
0,0.28103065
0,0.2856495
0,0.28149995
0,0.33760265
0,0.29350403
0,0.30395976
0,0.2935744
0,0.3018519
0,0.30362722
0,0.30282116
0,0.2921682
0,0.29956746
0,0.28099212
0,0.29417723
0,0.28404334
0,0.27563947
0,0.28799072
0,0.298341
0,0.29522315
0,0.2951909
0,0.2835636
0,0.29172504
0,0.27994734
0,0.28804943
0,0.2887254
0,0.29043162
0,0.29069903
0,0.29162484
0,0.3025128
0,0.29391372
0,0.27550352
0,0.2689691
0,0.27304885
0,0.26830363
0,0.27019817
0,0.2782157
0,0.28313422
0,0.28423616
0,0.29495117
0,0.29071823
0,0.28430223
0,0.27076048
0,0.27041316
0,0.28924924
0,0.27352166
0,0.27120695
0,0.28969136
0,0.28904924
0,0.27269235
0,0.2806978
0,0.26869506
0,0.26791364
0,0.26750422
0,0.256751
0,0.2819906
0,0.26509467
0,0.28520048
0,0.27262545
0,0.28799233
0,0.3050044
0,0.28855646
0,0.2851747
0,0.29408476
0,0.308723
0,0.48394075
0,0.38975418
0,0.3550288
0,0.3345469
0,0.32172942
0,0.3025991
0,0.30208156
0,0.2880862
0,0.2796739
0,0.27824214
0,0.28292733
0,0.2719647
0,0.27920738
0,0.26926202
0,0.26072752
0,0.26124486
0,0.2574772
0,0.2654855
0,0.2646702
0,0.25594988
0,0.2532462
0,0.2452944
0,0.26857194
0,0.2602463
0,0.25566202
0,0.2751419
0,0.27368537
0,0.28558475
0,0.28019148
0,0.2780474
0,0.304289
0,0.29939893
0,0.28786877
0,0.2809364
0,0.29136512
0,0.30432072
0,0.29851755
0,0.28214642
0,0.29283667
0,0.29138175
0,0.29283506
0,0.2940442
0,0.29338172
0,0.29263496
0,0.2785003
0,0.29719973
0,0.28024915
0,0.27264532
0,0.28097805
0,0.26548943
0,0.27748016
0,0.2714451
0,0.26496127
0,0.26730415
0,0.2614641
0,0.2551719
0,0.2565695
0,0.27935553
0,0.26764953
0,0.2747907
0,0.28847918
0,0.29141262
0,0.27350467
0,0.29006958
0,0.27004182
0,0.26997057
0,0.2739444
0,0.2762331
0,0.2777323
0,0.275894
0,0.26732615
0,0.2656326
0,0.2641768
0,0.2914136
0,0.27773553
0,0.2863223
0,0.3449244
0,0.30220136
0,0.29116166
0,0.29522595
0,0.29502168
0,0.29243147
0,0.2925483
0,0.2782314
0,0.2697142
0,0.2691622
0,0.26199034
0,0.26003936
0,0.28400794
0,0.2647286
0,0.26627856
0,0.2625564
0,0.26009107
0,0.28254125
0,0.26642194
0,0.2626727
0,0.26066753
0,0.27861124
0,0.26325753
0,0.2580788
0,0.25669977
0,0.27780536
0,0.27270526
0,0.28618607
0,0.2730879
0,0.28545132
0,0.28876126
0,0.27360854
0,0.2872915
0,0.27793524
0,0.26911303
0,0.2713679
0,0.2815571
0,0.27438083
0,0.26635885
0,0.2847898
0,0.2670754
0,0.26341948
0,0.2772718
0,0.288896
0,0.28720313
0,0.27583086
0,0.26823926
0,0.26496744
0,0.27912644
0,0.28085637
0,0.30283424
0,0.27662614
0,0.2740335
0,0.2677992
0,0.26267067
0,0.26629812
0,0.27023315
0,0.27334836
0,0.276477
0,0.2738156
0,0.2877811
0,0.305159
0,0.2891623
0,0.26910272
0,0.28765494
0,0.2811932
0,0.28051743
0,0.28182945
0,0.29078767
0,0.2928477
0,0.28285718
0,0.2908154
0,0.29148412
0,0.2928718
0,0.29293343
0,0.2929074
0,0.28168562
0,0.2998345
0,0.2796863
0,0.28385147
0,0.26944894
0,0.26600918
0,0.27623725
0,0.2786059
0,0.26800194
0,0.26461744
0,0.2661481
0,0.27785486
0,0.27700645
0,0.27364975
0,0.2884933
0,0.29464656
0,0.28476533
0,0.28362113
0,0.273199
0,0.27180338
0,0.2750759
0,0.2719886
0,0.2968082
0,0.26902705
0,0.2863776
0,0.27172834
0,0.28462464
0,0.27190033
0,0.2733538
0,0.28403828
0,0.26879522
0,0.27037638
0,0.28322753
0,0.2968638
0,0.30416113
0,0.29593468
0,0.29488048
0,0.2917007
0,0.27940503
0,0.26848802
0,0.29281765
0,0.26978284
0,0.2667976
0,0.28710565
0,0.27116647
0,0.27033916
0,0.2623544
0,0.25631124
0,0.2800738
0,0.26761863
0,0.26438016
0,0.27079037
0,0.2732167
0,0.26264468
0,0.26806757
0,0.2821659
0,0.28890508
0,0.29037982
0,0.28114375
0,0.29071197
0,0.2975359
0,0.29521394
0,0.27695468
0,0.2778235
0,0.2864097
0,0.28874895
0,0.27817047
0,0.27454922
0,0.28049394
0,0.26791388
0,0.28001544
0,0.29073536
0,0.28719437
0,0.27483162
0,0.28324974
0,0.28139853
0,0.28277764
0,0.26945466
0,0.26949382
0,0.26342052
0,0.27435887
0,0.25970036
0,0.2566482
0,0.2802061
0,0.27052823
0,0.26248738
0,0.25975025
0,0.26952633
0,0.27251196
0,0.28491095
0,0.2712137
0,0.28507832
0,0.28992236
0,0.29288295
0,0.2882805
0,0.29412085
0,0.29169834
0,0.27760962
0,0.2873825
0,0.2893198
0,0.2906319
0,0.2902243
0,0.29024786
0,0.29112637
0,0.28724796
0,0.28815517
0,0.2715406
0,0.26912016
0,0.26113644
0,0.25973994
0,0.25511727
0,0.26902443
0,0.27292657
0,0.27575582
0,0.26397297
0,0.273387
0,0.2652309
0,0.27448967
0,0.26900136
0,0.27519703
0,0.2883775
0,0.28201297
0,0.2925684
0,0.29627758
0,0.28502822
0,0.27342358
0,0.2740104
0,0.27363646
0,0.32264823
0,0.28634304
0,0.2835162
0,0.28009412
0,0.28897217
0,0.2718908
0,0.28549308
0,0.26964
0,0.2816674
0,0.2674717
0,0.26372743
0,0.2777923
0,0.27003786
0,0.2794646
0,0.2833702
0,0.27224943
0,0.28141457
0,0.2830747
0,0.26736623
0,0.2883733
0,0.30040583
0,0.2838283
0,0.30373523
0,0.2781728
0,0.32096806
0,0.28191945
0,0.27390563
0,0.28536758
0,0.2661194
0,0.26843736
0,0.26412377
0,0.26052797
0,0.27998266
0,0.26905733
0,0.28425443
0,0.26882738
0,0.28418735
0,0.27724212
0,0.28603905
0,0.27023736
0,0.2710654
0,0.27077475
0,0.28055668
0,0.28458717
0,0.2679798
0,0.26389804
0,0.28449368
0,0.26607823
0,0.27761528
0,0.2787236
0,0.28138402
0,0.27034572
0,0.27906707
0,0.28196463
0,0.29424483
0,0.2885507
0,0.27490357
0,0.27977997
0,0.2726417
0,0.2905139
0,0.26832697
0,0.28962484
0,0.28323585
0,0.28266564
0,0.28125098
0,0.30426133
0,0.27575278
0,0.27860618
0,0.27854005
0,0.27101886
0,0.2725141
0,0.27179828
0,0.26520115
0,0.25603718
0,0.27541816
0,0.2710043
0,0.28162128
0,0.28644422
0,0.274868
0,0.2875289
0,0.2857431
0,0.2880106
0,0.28791848
0,0.30594322
0,0.2838185
0,0.28875178
0,0.2884872
0,0.2866958
0,0.28738242
0,0.28550124
0,0.27859908
0,0.28225538
0,0.28269407
0,0.28244743
0,0.2816278
0,0.26526043
0,0.26667848
0,0.25970232
0,0.2682986
0,0.28142354
0,0.27500382
0,0.29988313
0,0.29678434
0,0.29815057
0,0.29870766
0,0.28189436
0,0.29237396
0,0.28861746
0,0.30490938
0,0.28165725
0,0.2915304
0,0.29345974
0,0.28339243
0,0.29033813
0,0.28939983
0,0.29847947
0,0.28043506
0,0.2865655
0,0.2877575
0,0.27342713
0,0.27185652
0,0.29171395
0,0.27556702
0,0.26918423
0,0.27855453
0,0.27171025
0,0.27859372
0,0.27880123
0,0.26319
0,0.25926214
0,0.25429535
0,0.27091825
0,0.28433278
0,0.26619604
0,0.2736334
0,0.25886124
0,0.27864406
0,0.28703827
0,0.27872038
0,0.26592022
0,0.29616562
0,0.29319555
0,0.28383043
0,0.27397874
0,0.27504644
0,0.27251852
0,0.26535976
0,0.26719368
0,0.27894577
0,0.28330362
0,0.28619534
0,0.28717387
0,0.2891815
0,0.2892733
0,0.2894736
0,0.276837
0,0.26633754
0,0.29046768
0,0.283272
0,0.27473354
0,0.2681107
0,0.28996193
0,0.28375676
0,0.27335432
0,0.26913765
0,0.27688986
0,0.26710787
0,0.26405162
0,0.27280036
0,0.26562876
0,0.30065677
0,0.2969561
0,0.27065706
0,0.28935447
0,0.29286182
0,0.30719113
0,0.28099367
0,0.29465082
0,0.28369796
0,0.29249886
0,0.30046096
0,0.2968238
0,0.28553116
0,0.27403983
0,0.28520814
0,0.27010447
0,0.28329697
0,0.2809902
0,0.27315077
0,0.28263152
0,0.26722106
0,0.26640463
0,0.2773855
0,0.26926768
0,0.2705894
0,0.26031914
0,0.26544932
0,0.2623965
0,0.26010054
0,0.25679323
0,0.2691121
0,0.2726397
0,0.28714985
0,0.28802118
0,0.26906672
0,0.26248652
0,0.266226
0,0.28316787
0,0.26511195
0,0.2727453
0,0.2857873
0,0.27166793
0,0.28635308
0,0.29109085
0,0.28061253
0,0.2773453
0,0.269691
0,0.28372678
0,0.27565783
0,0.28596312
0,0.2889174
0,0.37712085
0,0.30767065
0,0.3200478
0,0.31545335
0,0.2930343
0,0.29627472
0,0.30637994
0,0.3082133
0,0.2815058
0,0.28865787
0,0.2862004
0,0.28554043
0,0.28461793
0,0.28435197
0,0.28099212
0,0.30490363
0,0.3013302
0,0.30132446
0,0.27824336
0,0.27392843
0,0.27745798
0,0.26322478
0,0.27117038
0,0.282823
0,0.28623304
0,0.28163612
0,0.28876236
0,0.2734781
0,0.26825425
0,0.28141338
0,0.28664696
0,0.2899007
0,0.2922637
0,0.29311007
0,0.29451892
0,0.27649376
0,0.2738047
0,0.27117047
0,0.26811656
0,0.2620817
0,0.27605262
0,0.2680562
0,0.27824274
0,0.28053445
0,0.2825916
0,0.28497195
0,0.26713187
0,0.27927926
0,0.2647897
0,0.25962266
0,0.2709563
0,0.2680199
0,0.26419285
0,0.293621
0,0.30196106
0,0.30087373
0,0.27722213
0,0.2932643
0,0.28444612
0,0.29470873
0,0.28556734
0,0.28248385
0,0.27404952
0,0.26913476
0,0.28023872
0,0.28702593
0,0.29694572
0,0.29610464
0,0.28280118
0,0.2727561
0,0.28495696
0,0.27671364
0,0.27793664
0,0.28498334
0,0.2855475
0,0.286771
0,0.3119552
0,0.30780786
0,0.28466475
0,0.27804568
0,0.28499478
0,0.6655327
0,0.509326
0,0.45190948
0,0.37801877
0,0.33388045
0,0.31698704
0,0.284227
0,0.28539556
0,0.291621
0,0.2711944
0,0.2600481
0,0.25678512
0,0.25951394
0,0.25364187
0,0.25021777
0,0.23624142
0,0.22186294
0,0.239686
0,0.22913463
0,0.22628883
0,0.23913056
0,0.23621577
0,0.25082713
0,0.25728413
0,0.26356173
0,0.26941252
0,0.26675546
0,0.26374438
0,0.2578762
0,0.27215782
0,0.26412052
0,0.26604217
0,0.2770837
0,0.2643232
0,0.27613828
0,0.26229772
0,0.26063582
0,0.25731337
0,0.28026637
0,0.27730224
0,0.263113
0,0.26425043
0,0.2579219
0,0.28212628
0,0.2872006
0,0.29270792
0,0.29613534
0,0.27223122
0,0.28878704
0,0.2931246
0,0.27498302
0,0.2889515
0,0.28244692
0,0.27233365
0,0.2725646
0,0.28372023
0,0.2874413
0,0.27765366
0,0.28690976
0,0.2887385
0,0.2901673
0,0.27802598
0,0.26775953
0,0.2632539
0,0.26415074
0,0.2757081
0,0.27999058
0,0.28230554
0,0.28392416
0,0.28540224
0,0.28553924
0,0.27492037
0,0.27072296
0,0.2791694
0,0.2632899
0,0.25781572
0,0.27113137
0,0.2620106
0,0.26184398
0,0.2594522
0,0.26840964
0,0.26074564
0,0.2921859
0,0.2728188
0,0.27654907
0,0.26512468
0,0.28431782
0,0.27660832
0,0.26028892
0,0.2699905
0,0.29450288
0,0.2725636
0,0.2739448
0,0.2741665
0,0.28504366
0,0.28982943
0,0.30312598
0,0.29788843
0,0.2969752
0,0.2954872
0,0.28228602
0,0.29019126
0,0.291863
0,0.29102346
0,0.28122956
0,0.287597
0,0.2886357
0,0.2898547
0,0.2789778
0,0.2846572
0,0.2752802
0,0.26859078
0,0.29037744
0,0.27292588
0,0.27266392
0,0.27918598
0,0.27065727
0,0.29384992
0,0.27808103
0,0.2863919
0,0.2729685
0,0.2733207
0,0.27300856
0,0.28174976
0,0.28458935
0,0.26531363
0,0.2806076
0,0.29662818
0,0.30347702
0,0.30691427
0,0.27503508
0,0.28191453
0,0.28446504
0,0.2717546
0,0.28048226
0,0.29338628
0,0.27538496
0,0.2800799
0,0.2700699
0,0.27573317
0,0.2892852
0,0.28698668
0,0.2822748
0,0.2882628
0,0.29500082
0,0.27660906
0,0.28614274
0,0.2770613
0,0.26975125
0,0.28413206
0,0.2753149
0,0.28529802
0,0.27005357
0,0.28449756
0,0.28641582
0,0.26583087
0,0.26913252
0,0.26747686
0,0.27970418
0,0.28408822
0,0.28007823
0,0.27193874
0,0.28874424
0,0.2644115
0,0.2669714
0,0.26074433
0,0.26576072
0,0.26424143
0,0.27430108
0,0.25729844
0,0.28379777
0,0.26473963
0,0.27539596
0,0.2665162
0,0.2967051
0,0.2971793
0,0.27694637
0,0.2691705
0,0.27175552
0,0.27404618
0,0.27321824
0,0.27021018
0,0.2602072
0,0.26752302
0,0.25740817
0,0.26525626
0,0.27792034
0,0.2834191
0,0.26398537
0,0.25449976
0,0.25232965
0,0.27904037
0,0.2620958
0,0.2760111
0,0.28088993
0,0.3368305
0,0.32020932
0,0.29957706
0,0.2837709
0,0.29671752
0,0.30338067
0,0.28015804
0,0.27544215
0,0.27110007
0,0.26076725
0,0.2584242
0,0.27718362
0,0.2573265
0,0.2631925
0,0.2596979
0,0.2795124
0,0.2632112
0,0.27136087
0,0.27228266
0,0.26380652
0,0.2778921
0,0.2857613
0,0.26981723
0,0.2609183
0,0.29150406
0,0.27776504
0,0.27456635
0,0.29528567
0,0.26830852
0,0.28353617
0,0.27404267
0,0.26316303
0,0.2550083
0,0.28446737
0,0.28211704
0,0.28417143
0,0.28492445
0,0.2974117
0,0.3009367
0,0.29282933
0,0.30089185
0,0.29890788
0,0.273855
0,0.2817489
0,0.28192988
0,0.28850186
0,0.29453427
0,0.29699367
0,0.2977259
0,0.28371882
0,0.29294577
0,0.27652222
0,0.2793174
0,0.28934598
0,0.29079416
0,0.271857
0,0.2730556
0,0.25978032
0,0.2798699
0,0.26172507
0,0.26842913
0,0.2566385
0,0.27470556
0,0.38099855
0,0.3783392
0,0.32268235
0,0.3145538
0,0.31638217
0,0.30473062
0,0.29528823
0,0.276651
0,0.29169154
0,0.2882895
0,0.27460462
0,0.29683688
0,0.28472844
0,0.2978646
0,0.30066732
0,0.31538218
0,0.2964199
0,0.281098
0,0.29472485
0,0.27866733
0,0.27914023
0,0.2847465
0,0.26982635
0,0.2850198
0,0.29937515
0,0.2821785
0,0.27213195
0,0.28686434
0,0.2735575
0,0.26310003
0,0.26309904
0,0.2628641
0,0.29009143
0,0.26697198
0,0.26393938
0,0.26461196
0,0.29103112
0,0.2763694
0,0.26443562
0,0.29155818
0,0.28464085
0,0.27763268
0,0.28574696
0,0.28734952
0,0.28808427
0,0.28701723
0,0.2681832
0,0.28025338
0,0.29005805
0,0.2741667
0,0.29418784
0,0.30035815
0,0.30282295
0,0.28159955
0,0.31026354
0,0.2912686
0,0.30185494
0,0.30313805
0,0.27975494
0,0.27454355
0,0.27547517
0,0.27842498
0,0.30616933
0,0.28230608
0,0.27484104
0,0.2676912
0,0.26806659
0,0.26368758
0,0.25853878
0,0.2537692
0,0.2752878
0,0.26294386
0,0.26186946
0,0.27438596
0,0.28329417
0,0.27228746
0,0.2658452
0,0.25790286
0,0.25488517
0,0.25530902
0,0.26054925
0,0.26606312
0,0.2756319
0,0.26897126
0,0.27362525
0,0.27919737
0,0.2715287
0,0.29142523
0,0.28615227
0,0.29650483
0,0.27690646
0,0.29363036
0,0.2861816
0,0.2941804
0,0.27346137
0,0.27983585
0,0.29167607
0,0.2949858
0,0.27451813
0,0.27976614
0,0.27659473
0,0.28572205
0,0.27220732
0,0.28741327
0,0.2773946
0,0.27457663
0,0.2857461
0,0.2899218
0,0.2714316
0,0.26360667
0,0.26252386
0,0.25643912
0,0.2550405
0,0.25576678
0,0.28024665
0,0.2733392
0,0.2816858
0,0.28379238
0,0.27810305
0,0.2714038
0,0.29210353
0,0.27909875
0,0.2944589
0,0.28901452
0,0.28864232
0,0.2866568
0,0.27400905
0,0.26860923
0,0.28385797
0,0.28121445
0,0.29265845
0,0.2722204
0,0.2717876
0,0.273153
0,0.26340285
0,0.2914682
0,0.2878315
0,0.27445894
0,0.26695547
0,0.2684322
0,0.29486975
0,0.27510065
0,0.30099273
0,0.29102814
0,0.27601492
0,0.27181655
0,0.2669796
0,0.26040837
0,0.26514056
0,0.26006806
0,0.2638836
0,0.27658823
0,0.27138382
0,0.2893319
0,0.28838694
0,0.27490336
0,0.27938637
0,0.30806595
0,0.2936921
0,0.30931738
0,0.30959567
0,0.30997777
0,0.28566805
0,0.28789717
0,0.27566642
0,0.2922693
0,0.29791766
0,0.27760822
0,0.29416436
0,0.2777807
0,0.28560925
0,0.2815305
0,0.27889195
0,0.3447409
0,0.29116163
0,0.2868667
0,0.2774946
0,0.26857296
0,0.2609781
0,0.2565514
0,0.25686377
0,0.27451915
0,0.2638155
0,0.2642422
0,0.28960472
0,0.287509
0,0.2941112
0,0.27931142
0,0.29905823
0,0.28753677
0,0.3064792
0,0.30900288
0,0.30893362
0,0.29846588
0,0.3061503
0,0.28861108
0,0.28073192
0,0.27134472
0,0.26834363
0,0.28334963
0,0.28084564
0,0.27048257
0,0.28866243
0,0.29378664
0,0.27650052
0,0.27902356
0,0.26728183
0,0.26281378
0,0.2584107
0,0.2548947
0,0.25413978
0,0.25290346
0,0.2840507
0,0.2740316
0,0.29443553
0,0.26722178
0,0.30732414
0,0.27485025
0,0.29468086
0,0.29170287
0,0.29084313
0,0.27561432
0,0.28447774
0,0.28971234
0,0.27575457
0,0.2830836
0,0.28294015
0,0.26841694
0,0.27342024
0,0.30169603
0,0.28791833
0,0.27955467
0,0.29317978
0,0.28590298
0,0.2789402
0,0.29242396
0,0.2966655
0,0.29997227
0,0.28928795
0,0.27817848
0,0.2810804
0,0.26805422
0,0.2718277
0,0.28465626
0,0.29005963
0,0.28812486
0,0.27523768
0,0.26623374
0,0.2828342
0,0.28305948
0,0.28720698
0,0.27820167
0,0.28227258
0,0.2832901
0,0.26526767
0,0.26297435
0,0.2594783
0,0.2745409
0,0.26427636
0,0.26458403
0,0.25678536
0,0.26100713
0,0.27230927
0,0.26125085
0,0.26135674
0,0.2704975
0,0.2621546
0,0.29025182
0,0.28967345
0,0.27318653
0,0.30273056
0,0.27456367
0,0.2865209
0,0.44323853
0,0.35090467
0,0.32424062
0,0.30023438
0,0.3011393
0,0.2799818
0,0.28240988
0,0.2666376
0,0.26458877
0,0.26396626
0,0.27425894
0,0.28208607
0,0.26922175
0,0.27787507
0,0.27204007
0,0.2643257
0,0.27764326
0,0.29282954
0,0.2729488
0,0.26366588
0,0.2946758
0,0.28706777
0,0.2730293
0,0.28445122
0,0.27877003
0,0.30091497
0,0.3010043
0,0.29215518
0,0.28908584
0,0.27084753
0,0.30322993
0,0.2889663
0,0.27120548
0,0.27375633
0,0.2838517
0,0.27869886
0,0.2783986
0,0.2665765
0,0.26204988
0,0.26891917
0,0.26032567
0,0.26276234
0,0.27592224
0,0.2836434
0,0.2693792
0,0.27942538
0,0.28259373
0,0.26599854
0,0.27078143
0,0.26858234
0,0.25824323
0,0.26473066
0,0.2548065
0,0.26866168
0,0.2756769
0,0.28014746
0,0.28113326
0,0.2918764
0,0.28447357
0,0.2987321
0,0.27137133
0,0.2693283
0,0.2624483
0,0.27389443
0,0.28759545
0,0.27859345
0,0.26622462
0,0.28757513
0,0.2779413
0,0.2713675
0,0.28758195
0,0.2808573
0,0.29106092
0,0.27926219
0,0.29007587
0,0.2738514
0,0.26387134
0,0.28106767
0,0.27194554
0,0.27294716
0,0.26789257
0,0.26626197
0,0.2573436
0,0.2568244
0,0.2516765
0,0.26493937
0,0.27466458
0,0.26028258
0,0.25877395
0,0.28356004
0,0.2927215
0,0.30786508
0,0.27839395
0,0.26631686
0,0.2645231
0,0.27079856
0,0.28707302
0,0.29293114
0,0.26634547
0,0.2889332
0,0.2676974
0,0.27589482
0,0.26512244
0,0.27100906
0,0.26170567
0,0.281974
0,0.28708416
0,0.29090413
0,0.2935357
0,0.30735245
0,0.27721372
0,0.29607415
0,0.2716524
0,0.28626832
0,0.2879505
0,0.29106656
0,0.28485996
0,0.26730552
0,0.28254163
0,0.28134048
0,0.28537303
0,0.2817235
0,0.2722825
0,0.2696338
0,0.25922638
0,0.25702572
0,0.27167037
0,0.26583767
0,0.2755493
0,0.2673779
0,0.26149285
0,0.25463375
0,0.2689164
0,0.26641503
0,0.3071673
0,0.27818322
0,0.26356423
0,0.26125085
0,0.2700524
0,0.282752
0,0.29698318
0,0.27402505
0,0.27797565
0,0.2642328
0,0.2635237
0,0.25475115
0,0.26266783
0,0.26581836
0,0.2841244
0,0.28417984
0,0.28699604
0,0.2854724
0,0.29300466
0,0.2912768
0,0.29644993
0,0.26928666
0,0.29317495
0,0.26764587
0,0.28925678
0,0.26653022
0,0.29033902
0,0.28629336
0,0.2668796
0,0.26783872
0,0.28753966
0,0.27871913
0,0.41837072
0,0.33542594
0,0.31085116
0,0.28570962
0,0.28883022
0,0.29315808
0,0.28501937
0,0.2827579
0,0.29273275
0,0.2842681
0,0.30548835
0,0.29938596
0,0.28132847
0,0.28162232
0,0.2837933
0,0.28127623
0,0.289279
0,0.2803071
0,0.2668459
0,0.28223762
0,0.285662
0,0.27746892
0,0.28495044
0,0.28708106
0,0.27096868
0,0.28240776
0,0.2839312
0,0.28464785
0,0.28490496
0,0.27269956
0,0.2820408
0,0.29636142
0,0.27157882
0,0.2640643
0,0.28714705
0,0.28110823
0,0.28354293
0,0.28283015
0,0.29480118
0,0.31192908
0,0.31823242
0,0.3963318
0,0.33112487
0,0.29190508
0,0.29289642
0,0.37802532
0,0.30608478
0,0.30967122
0,0.30554387
0,0.29291606
0,0.29613256
0,0.2945301
0,0.27968523
0,0.27759168
0,0.26373947
0,0.27863765
0,0.273312
0,0.27440372
0,0.29881313
0,0.29875353
0,0.28850016
0,0.28619173
0,0.27438718
0,0.274558
0,0.27312577
0,0.26062727
0,0.28389373
0,0.2687253
0,0.27803433
0,0.26200268
0,0.2823442
0,0.28584304
0,0.29535642
0,0.28809106
0,0.2822443
0,0.30524215
0,0.303071
0,0.30348006
0,0.30406103
0,0.29215765
0,0.28046653
0,0.28264534
0,0.2919045
0,0.28348663
0,0.29271966
0,0.2934885
0,0.28447255
0,0.2724827
0,0.28242564
0,0.2660405
0,0.2786973
0,0.28450587
0,0.27301186
0,0.26803705
0,0.29306245
0,0.2960977
0,0.46792328
0,0.3682102
0,0.32304603
0,0.2974986
0,0.31046948
0,0.31226552
0,0.28769803
0,0.27571693
0,0.2816481
0,0.28287637
0,0.2736667
0,0.30288085
0,0.28375688
0,0.28104183
0,0.29365587
0,0.29623038
0,0.28671122
0,0.29080823
0,0.28335458
0,0.28060713
0,0.2866091
0,0.2668315
0,0.2710836
0,0.26984963
0,0.27697673
0,0.27357402
0,0.27878055
0,0.27466926
0,0.26444218
0,0.28039572
0,0.27254912
0,0.27380958
0,0.28343463
0,0.27486774
0,0.2979299
0,0.27074867
0,0.2736937
0,0.28343755
0,0.27216983
0,0.28243956
0,0.26588342
0,0.29020151
0,0.26790097
0,0.29270148
0,0.2869915
0,0.28753433
0,0.29974553
0,0.29166538
0,0.28750098
0,0.28020748
0,0.2893008
0,0.26654333
0,0.26851273
0,0.27491638
0,0.2677447
0,0.27571002
0,0.28723034
0,0.29204416
0,0.2729267
0,0.26613596
0,0.27300835
0,0.2814272
0,0.27170622
0,0.2866702
0,0.2700952
0,0.28584993
0,0.3031567
0,0.29793575
0,0.27642208
0,0.29068166
0,0.33227128
0,0.3099363
0,0.2944406
0,0.30619478
0,0.29885224
0,0.29403716
0,0.28556082
0,0.3027456
0,0.2958796
0,0.294878
0,0.2713393
0,0.28442538
0,0.27159393
0,0.264284
0,0.26264128
0,0.25433278
0,0.25806373
0,0.25799862
0,0.2763069
0,0.2769675
0,0.26178634
0,0.28498042
0,0.26740006
0,0.2761742
0,0.27133116
0,0.28588468
0,0.2883002
0,0.3092799
0,0.30317563
0,0.29177025
0,0.29370043
0,0.29761115
0,0.2864025
0,0.28604513
0,0.28062552
0,0.26998666
0,0.27172488
0,0.29232228
0,0.26733887
0,0.27939627
0,0.28258523
0,0.28667018
0,0.26609692
1,0.2798787
1,0.27203068
1,0.27125525
1,0.2590774
1,0.25790286
1,0.26073736
1,0.27950776
1,0.29058063
1,0.28181678
1,0.29508257
1,0.2996937
1,0.30289006
1,0.30418164
1,0.29346773
1,0.30161306
0,0.8169539
0,0.5710256
0,0.4612427
0,0.39124763
0,0.34108582
0,0.30737498
0,0.28441992
0,0.27014035
0,0.26049012
0,0.25255874
0,0.2488505
0,0.26413482
0,0.24556306
0,0.2422746
0,0.23114099
0,0.2324282
0,0.21870089
0,0.21948972
0,0.22068997
0,0.22129174
0,0.23178232
0,0.24300234
0,0.25184253
0,0.25747317
0,0.26304907
0,0.2658197
0,0.25861955
0,0.25218648
0,0.26234186
0,0.24735314
0,0.23997654
0,0.24318098
0,0.23611157
0,0.23963098
0,0.23843424
0,0.24172156
0,0.23769246
0,0.23876992
0,0.23735689
0,0.24215533
0,0.25083637
0,0.24348941
0,0.24269512
0,0.23962018
0,0.23770829
0,0.23609218
0,0.23504442
0,0.23626319
0,0.24071524
0,0.23648722
0,0.24023366
0,0.23567393
0,0.2540754
0,0.24557778
0,0.24086621
0,0.25466433
0,0.24134666
0,0.24604537
0,0.245967
0,0.23722069
0,0.25308633
0,0.25757408
0,0.26054755
0,0.24467683
0,0.25809467
0,0.24208151
0,0.2429242
0,0.2422149
0,0.2382954
0,0.23726107
0,0.23804103
0,0.23755714
0,0.24135353
0,0.23860942
0,0.23672104
0,0.2357951
0,0.23362006
0,0.23367031
0,0.23290944
0,0.2309081
0,0.23140737
0,0.22932082
0,0.2319911
0,0.23768032
0,0.25707754
0,0.2538974
0,0.2538352
0,0.2436899
0,0.24176194
0,0.2434029
0,0.255624
0,0.26137003
0,0.26376462
0,0.267527
0,0.2488982
0,0.26723093
0,0.25526696
0,0.24741004
0,0.23926446
0,0.23487633
0,0.25006175
0,0.24442439
0,0.24237914
0,0.2585638
0,0.24890621
0,0.24438335
0,0.24319659
0,0.24209863
0,0.24145739
0,0.23852658
0,0.23663521
0,0.23675616
0,0.2348736
0,0.23893034
0,0.2377952
0,0.23420568
0,0.23342834
0,0.23113587
0,0.24008064
0,0.24574691
0,0.24095185
0,0.23379286
0,0.23070821
0,0.22779141
0,0.2326881
0,0.22615911
0,0.22432664
0,0.22403239
0,0.2477719
0,0.23411511
0,0.23028375
0,0.24331716
0,0.24805075
0,0.25304675
0,0.2557831
0,0.24491934
0,0.2530271
0,0.25743917
0,0.2591443
0,0.26077446
0,0.24367566
0,0.23921248
0,0.25125238
0,0.2415653
0,0.23935772
0,0.23748758
0,0.23654151
0,0.23471582
0,0.23419543
0,0.23360823
0,0.23176882
0,0.23178992
0,0.2310275
0,0.2511501
0,0.23714513
0,0.2554456
0,0.2648285
0,0.25629812
0,0.24335566
0,0.24319711
0,0.23769791
0,0.23305133
0,0.2523342
0,0.2398667
0,0.24749969
0,0.24363059
0,0.25978217
0,0.25274482
0,0.26074824
0,0.24312858
0,0.26223058
0,0.2616567
0,0.25680405
0,0.26181883
0,0.25187087
0,0.2508516
0,0.2602385
0,0.26072183
0,0.26451057
0,0.2617373
0,0.26236933
0,0.25227243
0,0.24665974
0,0.2428266
0,0.2408718
0,0.24885932
0,0.24037388
0,0.2371339
0,0.24262115
0,0.23991297
0,0.23640841
0,0.23539902
0,0.23271525
0,0.23153114
0,0.23190542
0,0.22893725
0,0.2272981
0,0.22508176
0,0.23930065
0,0.24083021
0,0.2529665
0,0.25869283
0,0.2518625
0,0.26093063
0,0.2631084
0,0.2665956
0,0.2658403
0,0.2549743
0,0.26178053
0,0.24521306
0,0.25568196
0,0.25854447
0,0.24879798
0,0.24527764
0,0.24811046
0,0.24225982
0,0.24033102
0,0.23846021
0,0.24777658
0,0.23797446
0,0.24685068
0,0.2382392
0,0.2463406
0,0.25608394
0,0.2646133
0,0.24902666
0,0.26378232
0,0.24998726
0,0.26117364
0,0.26648143
0,0.2679933
0,0.26984596
0,0.2530191
0,0.24587947
0,0.2449594
0,0.24930927
0,0.2561033
0,0.2489487
0,0.2483807
0,0.24453406
0,0.23690979
0,0.2508689
0,0.23877054
0,0.24027401
0,0.23844007
0,0.24662097
0,0.24016567
0,0.23910214
0,0.24030648
0,0.23886591
0,0.23710234
0,0.2410723
0,0.23453732
0,0.23541924
0,0.23352338
0,0.23215887
0,0.23178117
0,0.23139954
0,0.23278356
0,0.24041794
0,0.24414384
0,0.25616497
0,0.2420774
0,0.23912787
0,0.23552315
0,0.25265136
0,0.25651586
0,0.24332067
0,0.25741884
0,0.24118914
0,0.26262543
0,0.26408938
0,0.24551423
0,0.2592268
0,0.24287868
0,0.24501923
0,0.23887038
0,0.24017428
0,0.23669907
0,0.24121198
0,0.23778278
0,0.2375001
0,0.23635235
0,0.24618538
0,0.2375995
0,0.23632985
0,0.23489818
0,0.23987128
0,0.24542414
0,0.24508432
0,0.23557378
0,0.23859996
0,0.23377545
0,0.23094775
0,0.24987584
0,0.23592426
0,0.24886599
0,0.25835848
0,0.25183946
0,0.2513192
0,0.23978347
0,0.23505273
0,0.24944815
0,0.2352022
0,0.2400916
0,0.24488312
0,0.234693
0,0.2338559
0,0.24871089
0,0.2350855
0,0.23054193
0,0.23530635
0,0.23580647
0,0.23561245
0,0.23662123
0,0.25735912
0,0.25573024
0,0.25056416
0,0.24420579
0,0.24125016
0,0.23949961
0,0.24027054
0,0.2366885
0,0.25610438
0,0.24137202
0,0.2581972
0,0.25104785
0,0.24127012
0,0.2361332
0,0.25465885
0,0.24901432
0,0.2602946
0,0.2453989
0,0.25897503
0,0.24761415
0,0.24299315
0,0.23719835
0,0.25258803
0,0.25792092
0,0.248766
0,0.24012917
0,0.24636915
0,0.25240934
0,0.25750813
0,0.28784806
0,0.27161232
0,0.2737453
0,0.257573
0,0.2519945
0,0.24777825
0,0.24452533
0,0.24162345
0,0.2498224
0,0.2413079
0,0.24881689
0,0.24070469
0,0.24803965
0,0.25072983
0,0.25175172
0,0.24155907
0,0.24832222
0,0.23864998
0,0.23507288
0,0.23237993
0,0.22877106
0,0.23756059
0,0.25227737
0,0.23927937
0,0.23920059
0,0.25189394
0,0.2393115
0,0.25215393
0,0.23805973
0,0.25208542
0,0.23674646
0,0.23182768
0,0.2446087
0,0.25099972
0,0.25458598
0,0.24015892
0,0.24073319
0,0.23880242
0,0.23682307
0,0.2388582
0,0.23889618
0,0.23608418
0,0.2564374
0,0.24145402
0,0.23705094
0,0.23446955
0,0.23061155
0,0.23141545
0,0.22811599
0,0.23780164
0,0.23189951
0,0.23011407
0,0.23145556
0,0.24778883
0,0.23531793
0,0.23936264
0,0.23320468
0,0.23218073
0,0.23697565
0,0.24821267
0,0.2360331
0,0.24987298
0,0.25456125
0,0.25644243
0,0.24994999
0,0.25733882
0,0.24771596
0,0.24855055
0,0.24436264
0,0.24281849
0,0.24028836
0,0.24559946
0,0.2378977
0,0.23605923
0,0.25701663
0,0.24382883
0,0.23890357
0,0.24423388
0,0.24087778
0,0.23635013
0,0.23367983
0,0.24157025
0,0.23457599
0,0.23788399
0,0.23138347
0,0.22898436
0,0.22950421
0,0.23130809
0,0.22859436
0,0.22679068
0,0.22512168
0,0.22424823
0,0.24106184
0,0.24812816
0,0.2526322
0,0.2557295
0,0.23966393
0,0.25115657
0,0.25323993
0,0.2560423
0,0.24549711
0,0.26483345
0,0.24977058
0,0.24787186
0,0.26457134
0,0.24833868
0,0.24400291
0,0.23774743
0,0.23684332
0,0.234581
0,0.23231123
0,0.23138644
0,0.23011962
0,0.23786108
0,0.23303244
0,0.23117322
0,0.25016126
0,0.23789859
0,0.23601359
0,0.25251102
0,0.24069385
0,0.23603877
0,0.25303033
0,0.24932842
0,0.25964418
0,0.25318792
0,0.26079553
0,0.24354976
0,0.24473067
0,0.23676033
0,0.23950991
0,0.24218051
0,0.24014647
0,0.23792163
0,0.2366592
0,0.23924705
0,0.23573194
0,0.23886639
0,0.2359831
0,0.25254047
0,0.23966542
0,0.24356909
0,0.24424444
0,0.23619908
0,0.24484068
0,0.24775648
0,0.24060465
0,0.25673494
0,0.24531086
0,0.2657963
0,0.26701102
0,0.24949868
0,0.24511246
0,0.2584138
0,0.2547351
0,0.26005843
0,0.25280944
0,0.26146865
0,0.26472753
0,0.26697692
0,0.27050018
0,0.2604914
0,0.25496903
0,0.25705358
0,0.24708007
0,0.2464405
0,0.24499696
0,0.2490445
0,0.2446736
0,0.24580392
0,0.24286938
0,0.2408637
0,0.23487413
0,0.23638667
0,0.23526445
0,0.24896362
0,0.23820639
0,0.23609707
0,0.23462954
0,0.25283632
0,0.24456394
0,0.24112064
0,0.23824173
0,0.23636696
0,0.23582463
0,0.2512249
0,0.25785115
0,0.24321732
0,0.23700346
0,0.23607945
0,0.23142977
0,0.24728578
0,0.2531688
0,0.23768157
0,0.24760829
0,0.2423104
0,0.24075761
0,0.23799466
0,0.23800218
0,0.23763432
0,0.23667014
0,0.23441246
0,0.23741587
0,0.23656178
0,0.23671755
0,0.25529155
0,0.24177277
0,0.2595149
0,0.2655902
0,0.2581405
0,0.24493566
0,0.24236713
0,0.25819325
0,0.24925092
0,0.25054786
0,0.27146104
0,0.24950753
0,0.24227662
0,0.23883978
0,0.23734954
0,0.2436675
0,0.25316232
0,0.23906073
0,0.25358942
0,0.2579161
0,0.24713041
0,0.25596634
0,0.240961
0,0.25349054
0,0.23973618
0,0.2346691
0,0.23758551
0,0.23953593
0,0.23742175
0,0.2366928
0,0.23743768
0,0.23729646
0,0.23418699
0,0.23138636
0,0.22999726
0,0.22838438
0,0.22749582
0,0.22623622
0,0.22517888
0,0.2265187
0,0.22325324
0,0.22435784
0,0.22269233
0,0.22219805
0,0.2203195
0,0.21990016
0,0.21746154
0,0.22207764
0,0.21745016
0,0.2396755
0,0.22502545
0,0.23830058
0,0.24400157
0,0.24736899
0,0.2502297
0,0.2526456
0,0.25449902
0,0.23910418
0,0.24868198
0,0.2404145
0,0.2472096
0,0.23428981
0,0.2338595
0,0.24244605
0,0.2377713
0,0.24485347
0,0.23635603
0,0.23396139
0,0.23937553
0,0.24367134
0,0.23519236
0,0.23255071
0,0.229851
0,0.23409615
0,0.22966653
0,0.23534411
0,0.22939229
0,0.22920153
0,0.22648065
0,0.22510631
0,0.22374703
0,0.2302106
0,0.24230017
0,0.2296918
0,0.22563536
0,0.23983099
0,0.22790352
0,0.23020267
0,0.22440302
0,0.23763345
0,0.24263757
0,0.23291945
0,0.22903831
0,0.23995009
0,0.24412307
0,0.23109424
0,0.22700939
0,0.2241425
0,0.23438942
0,0.23854275
0,0.24152878
0,0.23308669
0,0.238277
0,0.23044002
0,0.2277292
0,0.22447093
0,0.22511156
0,0.22196826
0,0.21996169
0,0.22039495
0,0.2206738
0,0.21909021
0,0.23369244
0,0.2659301
0,0.2598715
0,0.24760401
0,0.23875014
0,0.23805857
0,0.23432925
0,0.23881392
0,0.23551354
0,0.2444379
0,0.24660595
0,0.24937887
0,0.2506253
0,0.24129477
0,0.25985876
0,0.25436342
0,0.25421596
0,0.27228233
0,0.27248618
0,0.25042835
0,0.2436805
0,0.24324057
0,0.26580715
0,0.24686824
0,0.24030644
0,0.24449089
0,0.24137683
0,0.23736258
0,0.23324229
0,0.2538275
0,0.25069624
0,0.2390832
0,0.23523287
0,0.23216186
0,0.2392654
0,0.23135328
0,0.23798367
0,0.2321041
0,0.23291649
0,0.23403238
0,0.23451114
0,0.23302272
0,0.2309154
0,0.2306353
0,0.22644392
0,0.22644424
0,0.22415857
0,0.22303766
0,0.222627
0,0.21980725
0,0.2199229
0,0.2200628
0,0.23226291
0,0.22477533
0,0.23749863
0,0.2296895
0,0.22538547
0,0.22358634
0,0.22190899
0,0.23201607
0,0.2347933
0,0.24148254
0,0.2296446
0,0.23802307
0,0.22966573
0,0.23703147
0,0.23338866
0,0.22916873
0,0.23579922
0,0.22822109
0,0.22556959
0,0.23138967
0,0.22528492
0,0.22959287
0,0.22555017
0,0.22220175
0,0.22194281
0,0.22638729
0,0.23703739
0,0.24202745
0,0.24639909
0,0.249875
0,0.24003695
0,0.24592914
0,0.23410311
0,0.24307384
0,0.24577717
0,0.24703994
0,0.24862693
0,0.25875163
0,0.25276425
0,0.25048375
0,0.2550783
0,0.24114814
0,0.25676903
0,0.25010633
0,0.2390845
0,0.23424233
0,0.23109077
0,0.23281957
0,0.23402353
0,0.23350427
0,0.23411222
0,0.22887649
0,0.22894698
0,0.22643034
0,0.24158823
0,0.23724483
0,0.23180519
0,0.22933541
0,0.22652587
0,0.2393701
0,0.2441581
0,0.2422689
0,0.24962041
0,0.25097975
0,0.26520637
0,0.25680104
0,0.25669533
0,0.24187104
0,0.24855354
0,0.25929192
0,0.25337598
0,0.2530383
0,0.2481075
0,0.26034546
0,0.26402798
0,0.26893976
0,0.26916906
0,0.2587547
0,0.25497773
0,0.24297734
0,0.24776638
0,0.24758452
0,0.24293777
0,0.2446373
0,0.23784499
0,0.23990287
0,0.24028254
0,0.24045433
0,0.24017292
0,0.23938471
0,0.23297933
0,0.2312
0,0.2457071
0,0.23966704
0,0.24744609
0,0.2506072
0,0.25216755
0,0.25393698
0,0.25459802
0,0.2545714
0,0.25443384
0,0.25309366
0,0.2543736
0,0.25160813
0,0.25060654
0,0.24923022
0,0.24942192
0,0.2492906
0,0.25889966
0,0.26392022
0,0.2566028
0,0.25387776
0,0.26252443
0,0.2656807
0,0.25151125
0,0.24258873
0,0.25703043
0,0.24962518
0,0.24692075
0,0.24332862
0,0.24489857
0,0.23818763
0,0.23507373
0,0.23770322
0,0.24905063
0,0.2378843
0,0.25042093
0,0.25186226
0,0.24043168
0,0.25027674
0,0.25014824
0,0.25356066
0,0.2551112
0,0.25555918
0,0.25586647
0,0.256018
0,0.25629964
0,0.25330514
0,0.2526702
0,0.25238883
0,0.25305998
0,0.25254363
0,0.2625574
0,0.2560776
0,0.25367385
0,0.2519101
0,0.24928722
0,0.2594567
0,0.25697026
0,0.26205385
0,0.2641073
0,0.2496873
0,0.24767816
0,0.25378707
0,0.2476746
0,0.24022697
0,0.24174282
0,0.2502279
0,0.25367436
0,0.2539995
0,0.2548993
0,0.2561977
0,0.25673938
0,0.25688908
0,0.25649473
0,0.2559766
0,0.26269737
0,0.26899412
0,0.27422884
0,0.26235145
0,0.268857
0,0.27094084
0,0.26008764
0,0.25655836
0,0.25304583
0,0.26177996
0,0.2531963
0,0.2510438
0,0.24886136
0,0.2458694
0,0.24554734
0,0.25456074
0,0.24257138
0,0.23818564
0,0.23560095
0,0.23785481
0,0.24792893
0,0.25240323
0,0.25283438
0,0.2553747
0,0.25651467
0,0.25653124
0,0.2573638
0,0.2564748
0,0.25546557
0,0.2525575
0,0.25389063
0,0.25353417
0,0.25325072
0,0.25315744
0,0.26204047
0,0.2551207
0,0.2657316
0,0.25608563
0,0.27550992
0,0.2605997
0,0.2559415
0,0.25241852
0,0.2504389
0,0.25787777
0,0.24705243
0,0.24626313
0,0.23957184
0,0.24867687
0,0.23952359
0,0.23666643
0,0.23923382
0,0.24565637
0,0.23626383
0,0.24700817
0,0.24099834
0,0.2346728
0,0.2357231
0,0.24516612
0,0.24875343
0,0.25123048
0,0.2519634
0,0.23942876
0,0.24721763
0,0.2491732
0,0.24953556
0,0.25004357
0,0.25035414
0,0.26113734
0,0.2530077
0,0.2436877
0,0.25580937
0,0.26004338
0,0.25320026
0,0.24929446
0,0.25379205
0,0.24082462
0,0.2435986
0,0.24333678
0,0.23958158
0,0.26174924
0,0.24195227
0,0.23602432
0,0.24787073
0,0.2529206
0,0.25521737
0,0.2571568
0,0.2583155
0,0.2594501
0,0.2583716
0,0.25873378
0,0.26000476
0,0.25974065
0,0.2572647
0,0.25612554
0,0.25617772
0,0.25501326
0,0.25455964
0,0.25470525
0,0.25375465
0,0.25440565
0,0.26443848
0,0.25693545
0,0.26278743
0,0.25738814
0,0.25509143
0,0.26455966
0,0.2557991
0,0.26483306
0,0.25614974
0,0.24948403
0,0.24918592
0,0.24827564
0,0.2459427
0,0.24407795
0,0.2378224
0,0.23490508
0,0.23658513
0,0.24694675
0,0.2549839
0,0.25533637
0,0.2554752
0,0.2569433
0,0.25667712
0,0.2578085
0,0.24734396
0,0.23976035
0,0.24778128
0,0.2502156
0,0.25109577
0,0.25025263
0,0.2501293
0,0.24776652
0,0.24922974
0,0.25160515
0,0.26186624
0,0.25180537
0,0.2508797
0,0.24894445
0,0.24783391
0,0.24715704
0,0.25715208
0,0.2595675
0,0.2501093
0,0.25698704
0,0.24956486
0,0.24575298
0,0.25328612
0,0.24491532
0,0.252974
0,0.25345773
0,0.25552645
0,0.26716006
0,0.26065215
0,0.25964344
0,0.25802892
0,0.25774774
0,0.24411894
0,0.25093478
0,0.26168212
0,0.26650986
0,0.26761425
0,0.27030104
0,0.27196443
0,0.27161872
0,0.26116773
0,0.2522952
0,0.2609054
0,0.2594205
0,0.2737603
0,0.25699952
0,0.2525351
0,0.24918453
0,0.25621024
0,0.24820594
0,0.25621814
0,0.24284136
0,0.253148
0,0.25613883
0,0.2576715
0,0.25835368
0,0.2572988
0,0.25884855
0,0.25942892
0,0.25826302
0,0.25899613
0,0.25860465
0,0.25916818
0,0.25816774
0,0.257672
0,0.25653416
0,0.25529858
0,0.25447038
0,0.25202534
0,0.26238415
0,0.25599948
0,0.25372475
0,0.2618798
0,0.26507172
0,0.25471207
0,0.25235966
0,0.2503203
0,0.2583788
0,0.25040007
0,0.24918169
0,0.2470755
0,0.25619534
0,0.2588973
0,0.25915968
0,0.26162705
0,0.2734952
0,0.2671437
0,0.26518944
0,0.2640589
0,0.26383892
0,0.260617
0,0.26106283
0,0.2593893
0,0.2500467
0,0.25433764
0,0.25614676
0,0.2553975
0,0.25608006
0,0.2543658
0,0.26559532
0,0.27030236
0,0.2591572
0,0.25712335
0,0.2653188
0,0.26967585
0,0.2597988
0,0.24675244
0,0.260033
0,0.25227115
0,0.2613512
0,0.26428494
0,0.2545728
0,0.26058012
0,0.2637578
0,0.26308498
0,0.2469116
0,0.25668785
0,0.24339588
0,0.24426763
0,0.24220416
0,0.2411875
0,0.23501973
0,0.24650988
0,0.24955064
0,0.25223103
0,0.25214142
0,0.25413242
0,0.26575792
0,0.25903887
0,0.2668716
0,0.25793144
0,0.25889775
0,0.26658103
0,0.2585124
0,0.26704645
0,0.25802335
0,0.26632968
0,0.26882428
0,0.25942326
0,0.26675713
0,0.26808625
0,0.2689974
0,0.257496
0,0.2653582
0,0.2562436
0,0.2526971
0,0.26026925
0,0.25092325
0,0.24878065
0,0.25738603
0,0.2601143
0,0.26116958
0,0.26198083
0,0.2623354
0,0.26110417
0,0.2611878
0,0.26093286
0,0.26036713
0,0.25916892
0,0.2538973
0,0.25557706
0,0.25473976
0,0.2549588
0,0.25503057
0,0.25517058
0,0.25864938
0,0.26561773
0,0.2700824
0,0.2710865
0,0.27244914
0,0.27238426
0,0.2731431
0,0.27364084
0,0.26242813
0,0.2682033
0,0.26950374
0,0.257793
0,0.27108902
0,0.268773
0,0.26817852
0,0.2572372
0,0.25162178
0,0.25412428
0,0.24713385
0,0.25579628
0,0.2575863
0,0.25810367
0,0.25731912
0,0.2664008
0,0.2608012
0,0.25911885
0,0.2584209
0,0.25800318
0,0.25743893
0,0.2664095
0,0.26871356
0,0.2710564
0,0.27333465
0,0.27428755
0,0.2730828
0,0.27403662
0,0.27451688
0,0.26207212
0,0.26954967
0,0.28245077
0,0.27600437
0,0.27285668
0,0.27255625
0,0.2705183
0,0.25909588
0,0.2614086
0,0.2549687
0,0.26211068
0,0.26315692
0,0.26353636
0,0.26429805
0,0.25271297
0,0.2582225
0,0.26000723
0,0.25867176
0,0.2602878
0,0.25960335
0,0.25830653
0,0.25914595
0,0.26027742
0,0.25900722
0,0.25901246
0,0.2582026
0,0.2572953
0,0.2645379
0,0.26823327
0,0.27053246
0,0.27094084
0,0.27072984
0,0.2710688
0,0.2703053
0,0.27254117
0,0.27979985
0,0.27515736
0,0.27207765
0,0.27063477
0,0.2699171
0,0.26931855
0,0.25730476
0,0.26265866
0,0.25349057
0,0.25796896
0,0.2503444
0,0.2555567
0,0.25785166
0,0.2573741
0,0.2581404
0,0.25213853
0,0.25269297
0,0.25549066
0,0.25495818
0,0.25562403
0,0.26594925
0,0.26026103
0,0.25850037
0,0.25557458
0,0.26537883
0,0.2691118
0,0.27141887
0,0.2733112
0,0.27188513
0,0.27253568
0,0.2727098
0,0.27207887
0,0.2740513
0,0.28497136
0,0.27640733
0,0.2732451
0,0.26113912
0,0.2667409
0,0.25279292
0,0.25094596
0,0.2431578
0,0.2548093
0,0.2566704
0,0.2582776
0,0.25996304
0,0.26008394
0,0.26075295
0,0.2600226
0,0.26547837
0,0.27217764
0,0.27490973
0,0.26558992
0,0.2628155
0,0.2614501
0,0.27009088
0,0.27205303
0,0.27494082
0,0.27704787
0,0.27713907
0,0.27688125
0,0.27428627
0,0.28675488
0,0.27890384
0,0.27717316
0,0.2756666
0,0.273727
0,0.27288914
0,0.27209964
0,0.27134755
0,0.27040035
0,0.26977295
0,0.2687683
0,0.25697973
0,0.26218268
0,0.2606835
0,0.2613863
0,0.26256737
0,0.26155815
0,0.26206678
0,0.2612397
0,0.2615124
0,0.25979552
0,0.26038742
0,0.26026586
0,0.25913918
0,0.25893065
0,0.25879574
0,0.25720552
0,0.2677718
0,0.27155912
0,0.2726183
0,0.27429986
0,0.2752565
0,0.275014
0,0.27527067
0,0.27485585
0,0.2742082
0,0.27474418
0,0.27463058
0,0.2747118
0,0.27371335
0,0.27217796
0,0.27064422
0,0.26956028
0,0.27049464
0,0.26973194
0,0.26894724
0,0.26863426
0,0.2661377
0,0.26638272
0,0.26548624
0,0.2649585
0,0.26324865
0,0.2620814
0,0.26282305
0,0.2612065
0,0.26085642
0,0.25954083
0,0.25838575
0,0.2584531
0,0.25786895
0,0.26777348
0,0.2701392
0,0.27242896
0,0.2740112
0,0.27301085
0,0.27444765
0,0.2743581
0,0.2736705
0,0.27569234
0,0.2746133
0,0.27389768
0,0.27335688
0,0.26236093
0,0.26772162
0,0.26971138
0,0.26872662
0,0.26777545
0,0.26855707
0,0.2733615
0,0.26944658
0,0.278878
0,0.27042598
0,0.26925984
0,0.2667267
0,0.26642942
0,0.2644796
0,0.26203465
0,0.26207525
0,0.26011488
0,0.25964934
0,0.25973082
0,0.25933707
0,0.25808945
0,0.25790176
0,0.25740835
0,0.2661395
0,0.26944542
0,0.2712781
0,0.27291742
0,0.27394986
0,0.27237973
0,0.2749842
0,0.27572885
0,0.27492046
0,0.273397
0,0.27367866
0,0.27226448
0,0.27246407
0,0.2709192
0,0.27106452
0,0.26977244
0,0.2697528
0,0.26805845
0,0.26804924
0,0.26689118
0,0.2672353
0,0.26531112
0,0.2638552
0,0.2633131
0,0.26300994
0,0.26176885
0,0.2620674
0,0.2613967
0,0.2729656
0,0.27687725
0,0.26756188
0,0.26448926
0,0.26174682
0,0.26002625
0,0.26950517
0,0.2730498
0,0.2738241
0,0.27403492
0,0.27438566
0,0.27512184
0,0.2741031
0,0.274684
0,0.2743196
0,0.27265596
0,0.27319607
0,0.2720799
0,0.27127668
0,0.2697294
0,0.26976013
0,0.2671423
0,0.26887563
0,0.2682625
0,0.26853785
0,0.25760716
0,0.26353493
0,0.26478758
0,0.26485944
0,0.26547
0,0.26451334
0,0.2641797
0,0.26389462
0,0.25666216
0,0.25950444
0,0.25979427
0,0.25793934
0,0.2588563
0,0.25805804
0,0.25803313
0,0.25770056
0,0.2674966
0,0.2704139
0,0.27289543
0,0.27371088
0,0.27772957
0,0.27535632
0,0.27330393
0,0.27254376
0,0.26664296
0,0.26931247
0,0.26966625
0,0.26682365
0,0.2677649
0,0.26742926
0,0.26757038
0,0.26548252
0,0.2648503
0,0.2666204
0,0.26564822
0,0.26510674
0,0.2541648
0,0.25927588
0,0.25853813
0,0.2590372
0,0.2582646
0,0.25683695
0,0.25696212
0,0.25664756
0,0.256901
0,0.26678398
0,0.26026788
0,0.2658639
0,0.2716643
0,0.26296014
0,0.2701708
0,0.28468144
0,0.2776792
0,0.2794584
0,0.2781527
0,0.27673864
0,0.27615115
0,0.2743739
0,0.27403688
0,0.27386457
0,0.2736255
0,0.2726286
0,0.27259502
0,0.27147043
0,0.27079782
0,0.27104846
0,0.2692074
0,0.2691531
0,0.2686626
0,0.26819056
0,0.2561261
0,0.26072374
0,0.26068738
0,0.26075992
0,0.25951594
0,0.25950277
0,0.26078185
0,0.25924134
0,0.258045
0,0.2676328
0,0.2707427
0,0.27310166
0,0.2742913
0,0.27402714
0,0.2756127
0,0.27494672
0,0.27355832
0,0.27230942
0,0.27163428
0,0.271773
0,0.2706777
0,0.27036825
0,0.25852612
0,0.26455334
0,0.26396602
0,0.2649639
0,0.2653483
0,0.26529357
0,0.26831666
0,0.26587453
0,0.26331764
0,0.26204538
0,0.26174054
0,0.2616757
0,0.26448658
0,0.2628478
0,0.26155096
0,0.26064783
0,0.26015025
0,0.26881766
0,0.26173723
0,0.25934875
0,0.2680411
0,0.26588848
0,0.2949593
0,0.28306994
0,0.2790127
0,0.27797946
0,0.27776545
0,0.27458933
0,0.2755278
0,0.27519968
0,0.27402988
0,0.27602416
0,0.27316508
0,0.27119374
0,0.26998007
0,0.2691383
0,0.26952714
0,0.26766244
0,0.26738873
0,0.26553133
0,0.26580232
0,0.2652266
0,0.26200342
0,0.26213697
0,0.26140323
0,0.27345914
0,0.26490355
0,0.26390854
0,0.26197502
0,0.27135095
0,0.27289242
0,0.27536696
0,0.27583334
0,0.27525604
0,0.27559224
0,0.27619034
0,0.27556187
0,0.27526423
0,0.27606973
0,0.27477184
0,0.2742314
0,0.27302986
0,0.2723631
0,0.26972464
0,0.2692819
0,0.2676112
0,0.26821488
0,0.2673032
0,0.2653607
0,0.25189927
0,0.25015593
0,0.25657487
0,0.258937
0,0.25897342
0,0.2591129
0,0.25918233
0,0.25966352
0,0.2591397
0,0.25856468
0,0.25794956
0,0.2681074
0,0.2717913
0,0.2743211
0,0.27375025
0,0.2747827
0,0.2749982
0,0.27527022
0,0.273861
0,0.2745695
0,0.2741882
0,0.27201325
0,0.27260235
0,0.27206385
0,0.27022827
0,0.27064863
0,0.27050123
0,0.26361346
0,0.26255548
0,0.2649166
0,0.2666124
0,0.26182356
0,0.25377187
0,0.26007175
0,0.2609993
0,0.2609788
0,0.2603581
0,0.26003265
0,0.26046145
0,0.2647147
0,0.27182293
0,0.27594793
0,0.2765351
0,0.27897665
0,0.2687282
0,0.28148854
0,0.27899155
0,0.27909255
0,0.27895784
0,0.27776015
0,0.2769133
0,0.27655056
0,0.27664617
0,0.2715768
0,0.27302647
0,0.2722726
0,0.2705333
0,0.27003336
0,0.26919007
0,0.2699282
0,0.26747328
0,0.26691577
0,0.26644963
0,0.26584396
0,0.264471
0,0.26490417
0,0.26450846
0,0.26403394
0,0.26365525
0,0.26287395
0,0.26070222
0,0.2718935
0,0.25436786
0,0.268676
0,0.2735165
0,0.27638823
0,0.28980538
0,0.28373826
0,0.27084377
0,0.27601373
0,0.27817243
0,0.27871382
0,0.27699438
0,0.27829352
0,0.2760462
0,0.27574667
0,0.2753823
0,0.26975757
0,0.27216905
0,0.2691249
0,0.27281708
0,0.27194417
0,0.27022088
0,0.271327
0,0.26958573
0,0.26913854
0,0.26954526
0,0.2744196
0,0.27166992
0,0.27017757
0,0.26836112
0,0.27126956
0,0.26712373
0,0.26508704
0,0.26449364
0,0.26200613
0,0.26139903
0,0.2601483
0,0.26042134
0,0.27047405
0,0.2631345
0,0.27121004
0,0.27461216
0,0.2809191
0,0.2791739
0,0.27874908
0,0.27968276
0,0.2775903
0,0.2769727
0,0.27648008
0,0.27515942
0,0.27486107
0,0.27425206
0,0.27382484
0,0.2733043
0,0.2722212
0,0.26755357
0,0.26886344
0,0.2676798
0,0.2684879
0,0.267792
0,0.26793408
0,0.26740894
0,0.26719683
0,0.2652109
0,0.2635797
0,0.2641743
0,0.26329625
0,0.26411518
0,0.26218325
0,0.2616732
0,0.26177335
0,0.2657654
0,0.26279676
0,0.2611204
0,0.27089858
0,0.27431569
0,0.2766222
0,0.27667823
0,0.27854988
0,0.2789027
0,0.27895027
0,0.27920008
0,0.27871957
0,0.27738428
0,0.27733073
0,0.27663833
0,0.2755913
0,0.27437663
0,0.27439165
0,0.28428137
0,0.2751408
0,0.27388814
0,0.27316248
0,0.27350032
0,0.27153516
0,0.27083567
0,0.26922438
0,0.267703
0,0.26624745
0,0.26570904
0,0.26515758
0,0.26453
0,0.26336297
0,0.26329002
0,0.2612812
0,0.2689172
0,0.26285392
0,0.27234706
0,0.2810082
0,0.2848166
0,0.28187907
0,0.28044063
0,0.27991027
0,0.27840775
0,0.27886328
0,0.27883276
0,0.27962348
0,0.27614233
0,0.27635503
0,0.27617145
0,0.27339974
0,0.27298623
0,0.28214133
0,0.27436355
0,0.27199426
0,0.27159995
0,0.27211428
0,0.26935762
0,0.2684014
0,0.2718907
0,0.26806745
0,0.26552543
0,0.26470903
0,0.26334295
0,0.27076167
0,0.26506555
0,0.26351216
0,0.2745921
0,0.28253466
0,0.26970714
0,0.27599537
0,0.27286652
0,0.27521545
0,0.27395096
0,0.27561402
0,0.27463457
0,0.2750686
0,0.27358
0,0.27121297
0,0.2716125
0,0.27174464
0,0.27174526
0,0.27097932
0,0.27014184
0,0.2695584
0,0.26818156
0,0.2676576
0,0.26691365
0,0.26607496
0,0.26505747
0,0.26423228
0,0.26258036
0,0.2630215
0,0.26024172
0,0.2607543
0,0.26076016
0,0.2608294
0,0.2695003
0,0.26232773
0,0.2611543
0,0.26948443
0,0.27311185
0,0.2758933
0,0.2768888
0,0.27626705
0,0.27546898
0,0.2761551
0,0.27351916
0,0.27428088
0,0.27442297
0,0.2742464
0,0.2735421
0,0.27194035
0,0.27191684
0,0.2718171
0,0.2697711
0,0.2681015
0,0.26856306
0,0.26788232
0,0.26681954
0,0.26648182
0,0.26553848
0,0.26500252
0,0.26305568
0,0.26274058
0,0.2619302
0,0.26092768
0,0.2702328
0,0.2643008
0,0.27310976
0,0.27433696
0,0.27572858
0,0.27593833
0,0.27691528
0,0.27748704
0,0.2763077
0,0.2758913
0,0.28123227
0,0.2748774
0,0.27417365
0,0.27360538
0,0.27273655
0,0.27779642
0,0.2732814
0,0.2587296
0,0.27628878
0,0.27048177
0,0.26961538
0,0.2678741
0,0.2724098
0,0.26786026
0,0.2661739
0,0.264538
0,0.26441357
0,0.26226377
0,0.2723619
0,0.2730596
0,0.27603588
0,0.27832615
0,0.2692635
0,0.27525634
0,0.27796343
0,0.28480488
0,0.28124806
0,0.27945533
0,0.2784933
0,0.2784154
0,0.28210896
0,0.2775729
0,0.28166893
0,0.2779492
0,0.27557468
0,0.27317214
0,0.2719108
0,0.27208385
0,0.27109027
0,0.26990724
0,0.2695157
0,0.2678688
0,0.267141
0,0.267144
0,0.2670504
0,0.26660186
0,0.26391867
0,0.262639
0,0.26210022
0,0.26246777
0,0.26941085
0,0.2638146
0,0.2625459
0,0.26133424
0,0.25986853
0,0.25972697
0,0.26844344
0,0.27259755
0,0.2744427
0,0.2769458
0,0.276738
0,0.2782925
0,0.2785371
0,0.2898918
0,0.28190815
0,0.2790475
0,0.27651975
0,0.2653336
0,0.26619026
0,0.2699778
0,0.27700147
0,0.27379134
0,0.2720548
0,0.27079433
0,0.2688616
0,0.26837283
0,0.2678428
0,0.26677984
0,0.26498985
0,0.27158788
0,0.267902
0,0.2669215
0,0.2663176
0,0.2642879
0,0.26351508
0,0.2634072
0,0.2698877
0,0.2649845
0,0.26605722
0,0.2732549
0,0.277006
0,0.27836782
0,0.27967286
0,0.2757504
0,0.27754346
0,0.27889565
0,0.27936873
0,0.2801028
0,0.27972296
0,0.27929065
0,0.2821959
0,0.2795819
0,0.28282097
0,0.27801564
0,0.2763659
0,0.2811091
0,0.2744518
0,0.27317706
0,0.27100745
0,0.27043653
0,0.26939443
0,0.2685519
0,0.2677985
0,0.26770952
0,0.26822695
0,0.26667756
0,0.26536074
0,0.26309747
0,0.2745636
0,0.26526785
0,0.2642499
0,0.26332304
0,0.2929541
0,0.2722435
0,0.27839607
0,0.27748638
0,0.2756146
0,0.27715948
0,0.27644467
0,0.2752566
0,0.28813902
0,0.2797486
0,0.27952275
0,0.27736852
0,0.32723522
0,0.29771912
0,0.28635618
0,0.2738239
0,0.2774836
0,0.27500722
0,0.27374142
0,0.27147803
0,0.2716608
0,0.27097073
0,0.26905808
0,0.26864204
0,0.26777378
0,0.26742664
0,0.26608464
0,0.2663857
0,0.26510108
0,0.2692261
0,0.264682
0,0.27479333
0,0.277865
0,0.26698038
0,0.27610934
0,0.27682033
0,0.27674285
0,0.2780732
0,0.27748254
0,0.26645932
0,0.287619
0,0.27993107
0,0.27692288
0,0.26337737
0,0.27069256
0,0.2969724
0,0.2828582
0,0.2804728
0,0.27766848
0,0.27548394
0,0.29753435
0,0.2812585
0,0.27723646
0,0.27467456
0,0.27400228
0,0.27155256
0,0.26973745
0,0.2701942
0,0.267405
0,0.26621932
0,0.26555866
0,0.28373873
0,0.2705516
0,0.26779836
0,0.27568495
0,0.27883655
0,0.2792379
0,0.28273064
0,0.2829951
0,0.28225905
0,0.2817289
0,0.28060773
0,0.27766576
0,0.2775659
0,0.28748253
0,0.28065613
0,0.27882177
0,0.27774978
0,0.2755106
0,0.27074084
0,0.27210084
0,0.27260822
0,0.27242142
0,0.2704601
0,0.27105814
0,0.26952383
0,0.26654285
0,0.26684448
0,0.26665926
0,0.26618364
0,0.27642855
0,0.26862028
0,0.27682576
0,0.26900697
0,0.2666963
0,0.28690028
0,0.2830593
0,0.2939936
0,0.28693107
0,0.2954912
0,0.28739744
0,0.2856959
0,0.2948526
0,0.3226866
0,0.29264995
0,0.28807098
0,0.28520522
0,0.28196505
0,0.26579446
0,0.27311882
0,0.27351895
0,0.27330628
0,0.2716724
0,0.27106974
0,0.2782378
0,0.27161548
0,0.27157858
0,0.26979053
0,0.26924446
0,0.27484283
0,0.26910862
0,0.2684535
0,0.26550186
0,0.26583704
0,0.26422623
0,0.26474082
0,0.26492545
0,0.26164547
0,0.2726945
0,0.26577067
0,0.27123076
0,0.27577808
0,0.27779514
0,0.2782661
0,0.27799964
0,0.2784252
0,0.27869675
0,0.27621153
0,0.2771159
0,0.27694893
0,0.27620158
0,0.27465707
0,0.27404717
0,0.2733068
0,0.27290964
0,0.2730874
0,0.27239355
0,0.2719106
0,0.2821333
0,0.2742861
0,0.27213058
0,0.27124342
0,0.27030823
0,0.26906952
0,0.28908542
0,0.27494064
0,0.27168497
0,0.27901015
0,0.27075177
0,0.27478918
0,0.2788669
0,0.2921895
0,0.28425947
0,0.2835954
0,0.28243208
0,0.28204176
0,0.2813508
0,0.28055808
0,0.27948877
0,0.28365144
0,0.28089052
0,0.28538752
0,0.2802596
0,0.2788467
0,0.27819777
0,0.27624843
0,0.27410117
0,0.2730446
0,0.2720169
0,0.26983246
0,0.26940215
0,0.26809552
0,0.26955295
0,0.26734933
0,0.26659665
0,0.27450216
0,0.26765
0,0.27701247
0,0.27845144
0,0.28000492
0,0.28096536
0,0.2810853
0,0.28119862
0,0.28072757
0,0.28091198
0,0.27877775
0,0.27947295
0,0.2790602
0,0.2786527
0,0.27915058
0,0.2788565
0,0.27799913
0,0.27661076
0,0.27612418
0,0.27649447
0,0.27417096
0,0.27298856
0,0.272083
0,0.27159336
0,0.2714308
0,0.26990163
0,0.26923808
0,0.26858237
0,0.26775855
0,0.26741555
0,0.2650763
0,0.26470244
0,0.2644495
0,0.26335603
0,0.27286738
0,0.2773154
0,0.28073508
0,0.28150406
0,0.28205404
0,0.28238848
0,0.28229213
0,0.28138384
0,0.28047308
0,0.2809456
0,0.28048778
0,0.27892163
0,0.2776607
0,0.27772474
0,0.28515998
0,0.2798645
0,0.28901774
0,0.27811307
0,0.27866128
0,0.28551862
0,0.27722368
0,0.27514124
0,0.2715036
0,0.27086
0,0.27027714
0,0.26726002
0,0.2681003
0,0.27540228
0,0.26887456
0,0.2778033
0,0.28058875
0,0.28250194
0,0.2728069
0,0.2798038
0,0.2729815
0,0.27731475
0,0.27954587
0,0.2801558
0,0.2804619
0,0.2791944
0,0.2776443
0,0.27656603
0,0.27731997
0,0.27729693
0,0.2758464
0,0.27520213
0,0.28604102
0,0.27899775
0,0.27666858
0,0.27364507
0,0.2727902
0,0.2709208
0,0.27093494
0,0.27259183
0,0.2706772
0,0.26964873
0,0.2687129
0,0.25749
0,0.27292103
0,0.26691124
0,0.26565176
0,0.27562165
0,0.27880424
0,0.27943286
0,0.28180677
0,0.2825159
0,0.28361246
0,0.28243256
0,0.28241956
0,0.28119016
0,0.28170988
0,0.28117877
0,0.27912235
0,0.28003567
0,0.27911845
0,0.27792162
0,0.28311434
0,0.2790198
0,0.27743408
0,0.27639383
0,0.27537623
0,0.2752648
0,0.27498484
0,0.273084
0,0.2739512
0,0.28383982
0,0.27667746
0,0.27462354
0,0.27089763
0,0.2691047
0,0.27016518
0,0.2700202
0,0.2798402
0,0.27070096
0,0.2695018
0,0.26795006
0,0.2671159
0,0.26565745
0,0.26425526
0,0.27360228
0,0.27681938
0,0.2795161
0,0.28071475
0,0.28177938
0,0.29311442
0,0.2860279
0,0.28421378
0,0.28580654
0,0.28891486
0,0.29005137
0,0.28002703
0,0.28453648
0,0.27608964
0,0.28003976
0,0.27295065
0,0.28091034
0,0.2726432
0,0.26905036
0,0.26740372
0,0.26505554
0,0.2732176
0,0.26812705
0,0.27559558
0,0.26749647
0,0.2741588
0,0.2664104
0,0.27445933
0,0.29325098
0,0.28327343
0,0.28090462
0,0.26928958
0,0.26439658
0,0.2599199
0,0.25800154
0,0.27570245
0,0.26434436
0,0.27923033
0,0.27386212
0,0.2835739
0,0.27585432
0,0.28547767
0,0.29076034
0,0.2906748
0,0.28798133
0,0.27851737
0,0.27530837
0,0.2835132
0,0.2745913
0,0.36467892
0,0.30520526
0,0.2902422
0,0.29217097
0,0.27830946
0,0.2723972
0,0.278421
0,0.27537677
0,0.27873003
0,0.27972254
0,0.2793094
0,0.2689581
0,0.27476907
0,0.2652614
0,0.26150322
0,0.2691863
0,0.2611829
0,0.25755578
0,0.25583667
0,0.25471395
0,0.2631322
0,0.26660615
0,0.26733762
0,0.2701883
0,0.27084473
0,0.2708858
0,0.2707772
0,0.27142197
0,0.27071548
0,0.2698012
0,0.2694499
0,0.27771717
0,0.27199113
0,0.2798659
0,0.28245744
0,0.28635594
0,0.27617246
0,0.27237305
0,0.26863965
0,0.2773625
0,0.26947644
0,0.27667308
0,0.27924874
0,0.2698804
0,0.27932543
0,0.27855027
0,0.2822472
0,0.26990658
0,0.265464
0,0.26245654
0,0.2603879
0,0.26874375
0,0.26121914
0,0.2684557
0,0.2729024
0,0.26254323
0,0.25953862
0,0.26701233
0,0.25912127
0,0.26589417
0,0.26543128
0,0.27901217
0,0.28193012
0,0.28649682
0,0.2770974
0,0.2846218
0,0.28706193
0,0.28587797
0,0.2882494
0,0.2891917
0,0.28853676
0,0.27774462
0,0.27607438
0,0.28243443
0,0.28307512
0,0.28256544
0,0.27553523
0,0.28023526
0,0.2701684
0,0.26611927
0,0.2724152
0,0.27142978
0,0.26421678
0,0.27231765
0,0.2619634
0,0.2596651
0,0.26701915
0,0.25898328
0,0.2568858
0,0.2637881
0,0.2789442
0,0.2735211
0,0.28346595
0,0.27581412
0,0.28654683
0,0.2885086
0,0.28865767
0,0.27855885
0,0.27508542
0,0.2716065
0,0.2695237
0,0.26749757
0,0.2754632
0,0.2793931
0,0.26976568
0,0.27752453
0,0.27806053
0,0.27984503
0,0.2791837
0,0.27326095
0,0.2662103
0,0.26296148
0,0.2705093
0,0.27203384
0,0.27157336
0,0.26266587
0,0.2592396
0,0.2567977
0,0.27272004
0,0.28226167
0,0.2658374
0,0.28191066
0,0.27524573
0,0.2839397
0,0.3747455
0,0.32429123
0,0.3018814
0,0.30186948
0,0.287846
0,0.29701242
0,0.28236297
0,0.2873855
0,0.29808822
0,0.28060353
0,0.27433687
0,0.282507
0,0.2814355
0,0.28353682
0,0.28264612
0,0.2716875
0,0.2679867
0,0.26528412
0,0.2632139
0,0.26152784
0,0.26879576
0,0.27065182
0,0.27235088
0,0.2806108
0,0.26625052
0,0.26113516
0,0.26791787
0,0.2598656
0,0.2775806
0,0.28341994
0,0.27499917
0,0.27387795
0,0.27240586
0,0.27212495
0,0.28024668
0,0.27294517
0,0.26435095
0,0.26680976
0,0.27732593
0,0.28164017
0,0.2843126
0,0.2794066
0,0.28392777
0,0.286804
0,0.2851808
0,0.27423763
0,0.269765
0,0.26764497
0,0.2750427
0,0.27510568
0,0.27068216
0,0.27587727
0,0.26576218
0,0.2565866
0,0.2669185
0,0.25943545
0,0.25725445
0,0.2653864
0,0.25814748
0,0.274742
0,0.27210557
0,0.27134442
0,0.28351417
0,0.2755935
0,0.28436702
0,0.2886652
0,0.29085773
0,0.2919109
0,0.28116682
0,0.27657261
0,0.267731
0,0.27996397
0,0.27255625
0,0.27055854
0,0.26811817
0,0.2666537
0,0.2650395
0,0.2643516
0,0.27314565
0,0.2725212
0,0.27745128
0,0.2764322
0,0.27892217
0,0.2687134
0,0.2657054
0,0.2722205
0,0.27408984
0,0.27573535
0,0.27314886
0,0.2648156
0,0.27148998
0,0.26250225
0,0.26887318
0,0.26055855
0,0.26235613
0,0.2675768
0,0.2689496
0,0.281268
0,0.28576788
0,0.2898594
0,0.29027796
0,0.29241765
0,0.29167992
0,0.28969795
0,0.2822038
0,0.27755678
0,0.27397
0,0.28258914
0,0.2832027
0,0.27310836
0,0.27712592
0,0.2701301
0,0.267892
0,0.26470977
0,0.27400482
0,0.27538922
0,0.27743468
0,0.27495518
0,0.2769412
0,0.27000666
0,0.27342793
0,0.263968
0,0.27013636
0,0.2729732
0,0.2739901
0,0.2834903
0,0.29118684
0,0.28996083
0,0.29266813
0,0.29143536
0,0.29260692
0,0.28133637
0,0.27561527
0,0.28527462
0,0.27551556
0,0.27297753
0,0.28010246
0,0.28288305
0,0.27218172
0,0.27930433
0,0.2807734
0,0.2708394
0,0.27616847
0,0.2692568
0,0.27653122
0,0.27620125
0,0.27533072
0,0.2664008
0,0.26311606
0,0.27095303
0,0.2617181
0,0.26970348
0,0.2820658
0,0.27505347
0,0.27446094
0,0.2844255
0,0.28827173
0,0.2792257
0,0.2880775
0,0.27939186
0,0.2860975
0,0.283093
0,0.28742936
0,0.28784496
0,0.27774784
0,0.28453472
0,0.286898
0,0.28620702
0,0.2767231
0,0.28248358
0,0.28921443
0,0.28493842
0,0.28576702
0,0.28490177
0,0.27446643
0,0.26909617
0,0.27701637
0,0.27816096
0,0.27958065
0,0.26900688
0,0.26557696
0,0.27240136
0,0.27079645
0,0.27442354
0,0.2647004
0,0.2615643
0,0.25903437
0,0.2570404
0,0.2770569
0,0.2720934
0,0.2722083
0,0.28353617
0,0.28622553
0,0.27636087
0,0.28422666
0,0.2750899
0,0.28384382
0,0.27413225
0,0.28041208
0,0.27167386
0,0.2681659
0,0.26569387
0,0.263305
0,0.2747149
0,0.26547915
0,0.27303138
0,0.2649837
0,0.2602758
0,0.25886267
0,0.25688633
0,0.27600253
0,0.2820531
0,0.27632654
0,0.27501276
0,0.28089228
0,0.27524757
0,0.27496183
0,0.27335694
0,0.28057066
0,0.28498507
0,0.2773485
0,0.2749989
0,0.28293052
0,0.29099017
0,0.2780204
0,0.28465968
0,0.27469182
0,0.27121165
0,0.280121
0,0.2702559
0,0.27835688
0,0.28028277
0,0.28303882
0,0.28349966
0,0.27384594
0,0.2691228
0,0.2761999
0,0.27839184
0,0.27998933
0,0.2811128
0,0.27754688
0,0.2792619
0,0.2684598
0,0.26657066
0,0.2617834
0,0.25873965
0,0.2566101
0,0.2544236
0,0.26286298
0,0.26662564
0,0.2671822
0,0.27934492
0,0.27326787
0,0.27140585
0,0.26991236
0,0.26896513
0,0.26920402
0,0.26834905
0,0.26711145
0,0.26689905
0,0.27580592
0,0.27887
0,0.27017573
0,0.2775032
0,0.26887882
0,0.2814481
0,0.2693719
0,0.26586792
0,0.26292735
0,0.25883025
0,0.2579903
0,0.2672568
0,0.26978922
0,0.27088246
0,0.2627204
0,0.26906225
0,0.2599012
0,0.2572624
0,0.25479344
0,0.2768867
0,0.27099192
0,0.28168914
0,0.27407447
0,0.28297904
0,0.25936908
0,0.26705265
0,0.26673132
0,0.26677296
0,0.27691686
0,0.2683667
0,0.27816263
0,0.2794754
0,0.270361
0,0.27792165
0,0.27575582
0,0.26852065
0,0.27528754
0,0.2784462
0,0.2692938
0,0.26594442
0,0.27280486
0,0.26500544
0,0.26283616
0,0.27181527
0,0.25187778
0,0.2646015
0,0.25976557
0,0.25519475
0,0.2542887
0,0.25358114
0,0.2730879
0,0.27145246
0,0.28054333
0,0.27475566
0,0.28287154
0,0.27644786
0,0.28562894
0,0.27790454
0,0.26467943
0,0.26834914
0,0.28519958
0,0.2796071
0,0.28524086
0,0.28787786
0,0.27705848
0,0.28346363
0,0.27346998
0,0.26621884
0,0.27313694
0,0.26296556
0,0.2689742
0,0.27035525
0,0.27103353
0,0.26132286
0,0.26817927
0,0.2692196
0,0.28110245
0,0.2733712
0,0.28346252
0,0.28687048
0,0.2774794
0,0.27286544
0,0.27138692
0,0.26963362
0,0.27851558
0,0.27097636
0,0.26820922
0,0.27850354
0,0.26963982
0,0.2674387
0,0.26565942
0,0.26400438
0,0.27407482
0,0.26580238
0,0.27348042
0,0.2660555
0,0.26305315
0,0.26032928
0,0.26871648
0,0.26036742
0,0.26866293
0,0.26032022
0,0.26713896
0,0.2681427
0,0.25952882
0,0.26734513
0,0.28039253
0,0.28522196
0,0.27788416
0,0.27602768
0,0.28544664
0,0.28286636
0,0.27702972
0,0.26835954
0,0.26980257
0,0.2803824
0,0.2721548
0,0.26686272
0,0.3609664
0,0.30289274
0,0.30249247
0,0.2859257
0,0.2782679
0,0.2725515
0,0.27788514
0,0.2847278
0,0.27210563
0,0.27372482
0,0.27815595
0,0.36002997
0,0.30451882
0,0.2870407
0,0.28706488
0,0.27453482
0,0.26774204
0,0.2637168
0,0.2712298
0,0.2621814
0,0.26906475
0,0.28077543
0,0.2845327
0,0.2820816
0,0.2988241
0,0.2936395
0,0.2821936
0,0.27779365
0,0.2816362
0,0.27392644
0,0.2704454
0,0.27861798
0,0.2811147
0,0.28173068
0,0.2723568
0,0.282538
0,0.27060464
0,0.27729887
0,0.28349993
0,0.28159907
0,0.28150573
0,0.26901653
0,0.27520064
0,0.2758163
0,0.26571015
0,0.26228693
0,0.2604302
0,0.26876828
0,0.2710005
0,0.27217776
0,0.27244166
0,0.27251482
0,0.28346148
0,0.28818598
0,0.29115477
0,0.2814106
0,0.27853325
0,0.28404924
0,0.27755645
0,0.27476433
0,0.2822043
0,0.2854947
0,0.28485927
0,0.281414
0,0.282267
0,0.27335975
0,0.29240167
0,0.2760151
0,0.28154892
0,0.28220165
0,0.28148663
0,0.28066552
0,0.27087465
0,0.27734232
0,0.2765835
0,0.2781297
0,0.27618802
0,0.2664925
0,0.2631388
0,0.2718754
0,0.27177125
0,0.27310532
0,0.2840021
0,0.27747136
0,0.2862878
0,0.2789187
0,0.27220586
0,0.27322033
0,0.27171335
0,0.28150824
0,0.28515747
0,0.2764978
0,0.27358836
0,0.2816393
0,0.2838286
0,0.28518075
0,0.28622082
0,0.28725162
0,0.28755802
0,0.2875467
0,0.28628567
0,0.27503958
0,0.2805597
0,0.28128645
0,0.2811514
0,0.28556228
0,0.28070772
0,0.2859054
0,0.27576908
0,0.27828476
0,0.26489124
0,0.27251172
0,0.26210144
0,0.2682153
0,0.2742088
0,0.27230728
0,0.28211522
0,0.2776072
0,0.2741863
0,0.2724167
0,0.27063456
0,0.2697272
0,0.27910197
0,0.2825839
0,0.274024
0,0.27156377
0,0.27994576
0,0.2824992
0,0.2730573
0,0.26993337
0,0.27749035
0,0.26867148
0,0.26622987
0,0.2642266
0,0.262337
0,0.26036316
0,0.25817057
0,0.26742032
0,0.261656
0,0.2575874
0,0.2564451
0,0.26499647
0,0.26721326
0,0.26831654
0,0.27813834
0,0.2732871
0,0.27297023
0,0.271041
0,0.27195433
0,0.28079036
0,0.274845
0,0.28340164
0,0.27922502
0,0.26598296
0,0.27835315
0,0.26907647
0,0.26679695
0,0.2645692
0,0.26289293
0,0.2614928
0,0.2604206
0,0.25724325
0,0.26685342
0,0.26083553
0,0.26953223
0,0.25978455
0,0.25817296
0,0.2654207
0,0.26699197
0,0.252755
0,0.27600127
0,0.27125493
0,0.26208577
1,0.276643
1,0.28382713
1,0.28848264
1,0.29089513
1,0.28186405
1,0.28890938
1,0.28509295
1,0.28958693
1,0.27995977
1,0.28610063
1,0.2781823
1,0.28539386
1,0.28628623
1,0.28723922
1,0.28689057
0,0.94163823
0,0.73243773
0,0.6487535
0,0.58849764
0,0.5109659
0,0.44239616
0,0.38688165
0,0.34388494
0,0.4525229
0,0.32751894
0,0.2351703
0,0.18916103
0,0.16021708
0,0.14460507
0,0.13891728
0,0.13038565
0,0.12885556
0,0.13223271
0,0.12944657
0,0.13424976
0,0.133178
0,0.13499999
0,0.13846001
0,0.14596
0,0.16128898
0,0.17501132
0,0.19160852
0,0.20010577
0,0.21628636
0,0.23628539
0,0.28446403
0,0.28604648
0,0.28608504
0,0.2875071
0,0.275198
0,0.27235773
0,0.27942824
0,0.2804873
0,0.27068618
0,0.2681957
0,0.27518195
0,0.2779313
0,0.27934647
0,0.2679226
0,0.26520422
0,0.26370606
0,0.26051775
0,0.26937845
0,0.27202475
0,0.27352682
0,0.26441804
0,0.2719178
0,0.27335608
0,0.26361144
0,0.2696252
0,0.26049405
0,0.2673007
0,0.26937225
0,0.2807637
0,0.27495933
0,0.2837871
0,0.28724033
0,0.294182
0,0.29113552
0,0.28037196
0,0.28620732
0,0.28172007
0,0.2754448
0,0.28278175
0,0.2833474
0,0.27916113
0,0.282452
0,0.2742305
0,0.2793384
0,0.27099568
0,0.28197852
0,0.27076137
0,0.27657405
0,0.26751992
0,0.2704284
0,0.26976213
0,0.26401654
0,0.27059892
0,0.27199247
0,0.27284878
0,0.28620413
0,0.28879997
0,0.27045897
0,0.28537714
0,0.28916436
0,0.28046623
0,0.27145982
0,0.27260247
0,0.27130544
0,0.28118685
0,0.27340403
0,0.27103928
0,0.27988875
0,0.28288072
0,0.27292752
0,0.26988667
0,0.27540836
0,0.2683265
0,0.27656117
0,0.27821556
0,0.2778348
0,0.2678685
0,0.27293167
0,0.26252607
0,0.27088246
0,0.27198464
0,0.26186648
0,0.2779983
0,0.28351593
0,0.2709047
0,0.2838931
0,0.27660125
0,0.2744378
0,0.2820291
0,0.2855206
0,0.27625644
0,0.27216753
0,0.27944466
0,0.27594113
0,0.2705531
0,0.26783788
0,0.2760189
0,0.26767117
0,0.26537174
0,0.2618009
0,0.26583776
0,0.270927
0,0.27332813
0,0.27510342
0,0.2651622
0,0.272391
0,0.26218662
0,0.25951087
0,0.26832727
0,0.27131775
0,0.27173126
0,0.26433548
0,0.26504543
0,0.25877133
0,0.25568974
0,0.2748732
0,0.28154486
0,0.28604028
0,0.27684176
0,0.27870587
0,0.27602655
0,0.28221956
0,0.28459904
0,0.28608704
0,0.39064002
0,0.33898288
0,0.3200655
0,0.309185
0,0.30199057
0,0.29725066
0,0.29440242
0,0.29064593
0,0.2889953
0,0.28674594
0,0.2743455
0,0.285219
0,0.28214517
0,0.2711031
0,0.2765649
0,0.2764691
0,0.27680555
0,0.27635485
0,0.28054467
0,0.2848269
0,0.28950801
0,0.2910935
0,0.2928177
0,0.28161123
0,0.27719364
0,0.28440347
0,0.2807807
0,0.2847331
0,0.27530026
0,0.28320768
0,0.27477956
0,0.2945978
0,0.2764955
0,0.28117743
0,0.29814634
0,0.27855915
0,0.28437898
0,0.28376675
0,0.28348154
0,0.28329617
0,0.2719073
0,0.2669426
0,0.2747668
0,0.2655288
0,0.26329342
0,0.2614539
0,0.27093455
0,0.26331195
0,0.27220383
0,0.27383238
0,0.2758131
0,0.2760457
0,0.2765893
0,0.2871947
0,0.28013623
0,0.29501545
0,0.2839424
0,0.29195556
0,0.30031785
0,0.28411943
0,0.28690755
0,0.29052234
0,0.2804035
0,0.29447526
0,0.2871444
0,0.27949134
0,0.2858846
0,0.28768727
0,0.27829194
0,0.27321663
0,0.28145504
0,0.28423548
0,0.28512734
0,0.28448066
0,0.28336462
0,0.28298822
0,0.28301224
0,0.27265456
0,0.2684969
0,0.26449832
0,0.27155387
0,0.27884585
0,0.27738976
0,0.27677384
0,0.265757
0,0.26170737
0,0.25850037
0,0.26712805
0,0.2693245
0,0.28256458
0,0.28647435
0,0.2907523
0,0.28122535
0,0.27865455
0,0.2759664
0,0.27453586
0,0.28363508
0,0.27424943
0,0.2827875
0,0.2854555
0,0.28557202
0,0.27562463
0,0.2808929
0,0.28138277
0,0.28200153
0,0.2713898
0,0.2678407
0,0.2701698
0,0.35518113
0,0.30927712
0,0.29832146
0,0.28080055
0,0.2727425
0,0.26689827
0,0.28378028
0,0.26712605
0,0.26264906
0,0.26967964
0,0.27043113
0,0.27010262
0,0.29555407
0,0.27938598
0,0.28939494
0,0.28003177
0,0.2773922
0,0.28641135
0,0.28844047
0,0.27910742
0,0.27540833
0,0.26171523
0,0.27762577
0,0.2821868
0,0.28540406
0,0.2751845
0,0.28273344
0,0.28307608
0,0.28314012
0,0.287665
0,0.2735042
0,0.27939758
0,0.2687183
0,0.2872918
0,0.2819997
0,0.27919078
0,0.27932516
0,0.26760972
0,0.27260447
0,0.27258092
0,0.27173084
0,0.27205092
0,0.28323847
0,0.2879957
0,0.27929357
0,0.276535
0,0.28483295
0,0.2760615
0,0.28436664
0,0.28150934
0,0.27491352
0,0.27254617
0,0.27072603
0,0.2779805
0,0.30455178
0,0.280086
0,0.27445164
0,0.28034437
0,0.28260657
0,0.2757618
0,0.28232825
0,0.28251475
0,0.28224105
0,0.27726865
0,0.2769311
0,0.26858428
0,0.2645125
0,0.267298
0,0.26241788
0,0.26048088
0,0.27026162
0,0.26891294
0,0.26202273
0,0.27064747
0,0.27148053
0,0.26254067
0,0.26956922
0,0.2707538
0,0.27091208
0,0.28310838
0,0.28681782
0,0.28993183
0,0.29148766
0,0.29239005
0,0.29161403
0,0.27843884
0,0.2875844
0,0.28839234
0,0.2886602
0,0.27693138
0,0.27271613
0,0.26948428
0,0.26705167
0,0.26375577
0,0.2629323
0,0.27109656
0,0.26390943
0,0.2602155
0,0.26961577
0,0.2706372
0,0.280377
0,0.26481882
0,0.2815751
0,0.275119
0,0.28537166
0,0.28738526
0,0.27920577
0,0.2873271
0,0.28740495
0,0.28907436
0,0.28830194
0,0.26569548
0,0.27882567
0,0.27026886
0,0.2774878
0,0.2688856
0,0.26565954
0,0.2743354
0,0.26547754
0,0.27254176
0,0.26488942
0,0.27280325
0,0.26373845
0,0.26152766
0,0.25921598
0,0.2578378
0,0.25666067
0,0.26550585
0,0.26704738
0,0.2690858
0,0.26008412
0,0.26790038
0,0.27876323
0,0.27428645
0,0.27335492
0,0.2836243
0,0.27609447
0,0.28423652
0,0.28615475
0,0.28675997
0,0.27629945
0,0.28322172
0,0.28418162
0,0.28484312
0,0.28564733
0,0.285787
0,0.28513598
0,0.27419913
0,0.28120935
0,0.2808569
0,0.2816028
0,0.2829523
0,0.2816997
0,0.2704889
0,0.27917734
0,0.26719823
0,0.26233405
0,0.27012104
0,0.26049805
0,0.27357402
0,0.26102152
0,0.26819578
0,0.2749028
0,0.2815633
0,0.27534062
0,0.278491
0,0.28517303
0,0.27668926
0,0.2742861
0,0.2830793
0,0.27501112
0,0.27246985
0,0.36516058
0,0.305125
0,0.30210367
0,0.29679218
0,0.2829477
0,0.28707924
0,0.28536114
0,0.28457218
0,0.27307472
0,0.26903257
0,0.27639413
0,0.27750504
0,0.27802864
0,0.2685931
0,0.27607086
0,0.28067747
0,0.27923426
0,0.27833173
0,0.26697963
0,0.26201642
0,0.26809937
0,0.2693461
0,0.27962977
0,0.2738868
0,0.28380978
0,0.27583468
0,0.2734449
0,0.2824693
0,0.29091054
0,0.26667315
0,0.2671605
0,0.27883404
0,0.2700753
0,0.27906844
0,0.28288132
0,0.27176112
0,0.27472967
0,0.26623374
0,0.27589732
0,0.26598614
0,0.26382324
0,0.27213722
0,0.2746832
0,0.27625644
0,0.26623616
0,0.27246433
0,0.26350373
0,0.2742844
0,0.27256447
0,0.27361488
0,0.28496778
0,0.27787095
0,0.28617692
0,0.28502512
0,0.29046682
0,0.2920003
0,0.2933658
0,0.2927988
0,0.29267317
0,0.28022227
0,0.28857324
0,0.28228763
0,0.2993598
0,0.28114277
0,0.28743488
0,0.2816336
0,0.27202708
0,0.26951095
0,0.27778915
0,0.26811075
0,0.26589808
0,0.2632949
0,0.27032757
0,0.26282218
0,0.25563383
0,0.25947863
0,0.25683066
0,0.2661531
0,0.26901585
0,0.26097548
0,0.25797203
0,0.26455224
0,0.25712064
0,0.26556453
0,0.27792084
0,0.27382013
0,0.28315213
0,0.27700928
0,0.27569813
0,0.28602004
0,0.27732846
0,0.27973413
0,0.27413473
0,0.27219513
0,0.28136995
0,0.27251822
0,0.2710245
0,0.2688514
0,0.26729348
0,0.2698193
0,0.27770647
0,0.26939976
0,0.27749258
0,0.27887452
0,0.27892956
0,0.27915412
0,0.2782189
0,0.2780745
0,0.2664598
0,0.27350804
0,0.2637823
0,0.2705636
0,0.27265632
0,0.2733415
0,0.27246585
0,0.27241123
0,0.28409848
0,0.2848619
0,0.27731746
0,0.28503677
0,0.28932244
0,0.2793193
0,0.2872248
0,0.27814016
0,0.2752663
0,0.28373456
0,0.28565672
0,0.28703654
0,0.2770266
0,0.27284056
0,0.28071222
0,0.29395986
0,0.28805405
0,0.28766844
0,0.28664696
0,0.27482438
0,0.2844818
0,0.28241342
0,0.28193566
0,0.27188534
0,0.27615193
0,0.26675797
0,0.2634409
0,0.26967493
0,0.27199194
0,0.26203772
0,0.28074145
0,0.2641996
0,0.27039284
0,0.2819578
0,0.285898
0,0.28964975
0,0.2900453
0,0.29086673
0,0.29080912
0,0.27934515
0,0.27487788
0,0.27054298
0,0.26934317
0,0.26682296
0,0.2648671
0,0.27468872
0,0.26538116
0,0.26844287
0,0.27466884
0,0.26636901
0,0.27485475
0,0.26551124
0,0.26195392
0,0.270178
0,0.26068866
0,0.27686837
0,0.26382884
0,0.25958353
0,0.2565768
0,0.25473386
0,0.27437875
0,0.27036437
0,0.27064288
0,0.28151652
0,0.27508917
0,0.28418025
0,0.27660513
0,0.28573734
0,0.28577363
0,0.2888105
0,0.29020575
0,0.2912691
0,0.28943664
0,0.29118836
0,0.2789492
0,0.28394264
0,0.2847512
0,0.28504658
0,0.2742185
0,0.2691487
0,0.27714494
0,0.27679375
0,0.26837528
0,0.264763
0,0.27776638
0,0.27680707
0,0.26584792
0,0.27851495
0,0.27503964
0,0.2640802
0,0.27603912
0,0.27613443
0,0.2740714
0,0.27424031
0,0.28474373
0,0.27680564
0,0.2745124
0,0.2731286
0,0.28251958
0,0.274889
0,0.27315205
0,0.28153715
0,0.28347525
0,0.27428785
0,0.28025964
0,0.272323
0,0.26856002
0,0.27669555
0,0.27848753
0,0.2805604
0,0.27938202
0,0.28102538
0,0.27003253
0,0.26598924
0,0.26242587
0,0.26971295
0,0.27281776
0,0.27390292
0,0.274105
0,0.2738883
0,0.26428807
0,0.26972678
0,0.26064622
0,0.25756168
0,0.25468108
0,0.26151314
0,0.27549112
0,0.2811542
0,0.27301413
0,0.282507
0,0.28334564
0,0.27531877
0,0.28546414
0,0.28610018
0,0.28478712
0,0.27516204
0,0.28849185
0,0.2696327
0,0.2678941
0,0.2736908
0,0.2764692
0,0.26545712
0,0.27344394
0,0.2643658
0,0.2706678
0,0.27285016
0,0.26382995
0,0.2698102
0,0.26076397
0,0.25809392
0,0.26616865
0,0.26877543
0,0.2600181
0,0.26778713
0,0.25844267
0,0.26685894
0,0.26821604
0,0.26972494
0,0.28054813
0,0.27242798
0,0.2837542
0,0.28629765
0,0.28922826
0,0.2784905
0,0.2863172
0,0.27610058
0,0.28377527
0,0.28613183
0,0.28657472
0,0.27617308
0,0.27741
0,0.27166674
0,0.27890602
0,0.281656
0,0.2828624
0,0.28306785
0,0.28360376
0,0.26976687
0,0.26691282
0,0.26339188
0,0.2712195
0,0.2738986
0,0.27465758
0,0.27862784
0,0.26705074
0,0.2726589
0,0.26358342
0,0.27026236
0,0.27192223
0,0.27222064
0,0.27223647
0,0.2836613
0,0.26998025
0,0.2837078
0,0.27633926
0,0.28516856
0,0.2791556
0,0.28697985
0,0.27739394
0,0.27349567
0,0.28271395
0,0.27369833
0,0.2821202
0,0.27298388
0,0.28094637
0,0.27195552
0,0.2689821
0,0.27715218
0,0.27801114
0,0.2803448
0,0.28087312
0,0.2695234
0,0.26681122
0,0.2746351
0,0.2655516
0,0.26258895
0,0.26019433
0,0.25819308
0,0.2606168
0,0.25677696
0,0.25375617
0,0.2620873
0,0.2557904
0,0.2635001
0,0.2560886
0,0.2631805
0,0.27617517
0,0.2811594
0,0.28268206
0,0.2754311
0,0.28213713
0,0.27438024
0,0.27113816
0,0.27928534
0,0.28137463
0,0.2811794
0,0.2727185
0,0.2799246
0,0.26991242
0,0.2659556
0,0.26378572
0,0.2729867
0,0.2744679
0,0.26516408
0,0.27309537
0,0.26333004
0,0.25928098
0,0.2576659
0,0.255902
0,0.26737973
0,0.25820798
0,0.26525652
0,0.25736526
0,0.26503068
0,0.26678306
0,0.2780682
0,0.27229065
0,0.27085954
0,0.2704697
0,0.27975425
0,0.2769946
0,0.275605
0,0.28271973
0,0.27314034
0,0.28051203
0,0.27468938
0,0.2810356
0,0.2813586
0,0.27659568
0,0.28045237
0,0.28171706
0,0.2720327
0,0.26876616
0,0.2747303
0,0.2711799
0,0.26564425
0,0.26729378
0,0.26248005
0,0.25986433
0,0.27655444
0,0.2638083
0,0.26987717
0,0.271749
0,0.2724565
0,0.26718283
0,0.26324713
0,0.2657434
0,0.2681291
0,0.26914603
0,0.28068635
0,0.27374724
0,0.27194744
0,0.28093612
0,0.27326214
0,0.27086496
0,0.28087398
0,0.27207854
0,0.26988602
0,0.27400342
0,0.2785672
0,0.28065658
0,0.28131136
0,0.2813401
0,0.2716341
0,0.27705297
0,0.27712548
0,0.2784685
0,0.27655572
0,0.27478576
0,0.26408392
0,0.27110565
0,0.27133203
0,0.28209913
0,0.28735614
0,0.27742553
0,0.27902064
0,0.28680962
0,0.28937194
0,0.28928658
0,0.29022846
0,0.2801452
0,0.2761066
0,0.2717305
0,0.28055188
0,0.28221503
0,0.28364918
0,0.2861819
0,0.2864059
0,0.2758169
0,0.28200677
0,0.2830859
0,0.28335688
0,0.2732121
0,0.26913163
0,0.2770405
0,0.26916504
0,0.2662931
0,0.26272774
0,0.2613138
0,0.25902092
0,0.25795007
0,0.25683838
0,0.26600066
0,0.26985782
0,0.26125786
0,0.26082864
0,0.25690296
0,0.2561192
0,0.26440415
0,0.2645681
0,0.25530267
0,0.26226494
0,0.25173435
0,0.24988478
0,0.25711507
0,0.26976606
0,0.27723166
0,0.28213963
0,0.28263462
0,0.28317675
0,0.2731072
0,0.26772216
0,0.2651465
0,0.26295337
0,0.27204898
0,0.2736887
0,0.2754756
0,0.2699271
0,0.26258552
0,0.28008515
0,0.26470783
0,0.27012923
0,0.2709403
0,0.26036245
0,0.26701757
0,0.28001764
0,0.26193273
0,0.25761777
0,0.25331038
0,0.26185519
0,0.25256124
0,0.25852293
0,0.271916
0,0.276086
0,0.28112704
0,0.28163794
0,0.27214715
0,0.27339575
0,0.26807895
0,0.27679354
0,0.26765648
0,0.27602637
0,0.27879274
0,0.2847839
0,0.2810642
0,0.26855
0,0.27449498
0,0.27469906
0,0.27882928
0,0.27615342
0,0.27486715
0,0.2665818
0,0.27144295
0,0.27161044
0,0.26080635
0,0.2679379
0,0.25865507
0,0.2558774
0,0.2620737
0,0.25381118
0,0.2606121
0,0.25223267
0,0.25895503
0,0.25127676
0,0.25785175
0,0.27176544
0,0.26465455
0,0.28085008
0,0.28759563
0,0.2851379
0,0.28552604
0,0.27310464
0,0.27967545
0,0.26954237
0,0.26491988
0,0.26273087
0,0.26055044
0,0.26889944
0,0.26054046
0,0.273941
0,0.27089623
0,0.2690876
0,0.2704077
0,0.26000422
0,0.2659008
0,0.26695967
0,0.25669825
0,0.27674094
0,0.2687773
0,0.27870122
0,0.2827019
0,0.2739793
0,0.28105476
0,0.28458154
0,0.2749795
0,0.281092
0,0.27254045
0,0.27847874
0,0.270191
0,0.26726317
0,0.27589422
0,0.26741353
0,0.26507106
0,0.26337785
0,0.26122984
0,0.271126
0,0.2734388
0,0.2748044
0,0.26581383
0,0.2732642
0,0.2679659
0,0.27104506
0,0.26481482
0,0.2594852
0,0.2564833
0,0.2529952
0,0.2622705
0,0.25403708
0,0.26131168
0,0.25282165
0,0.24980523
0,0.25581843
0,0.24866484
0,0.25527388
0,0.25810295
0,0.2698631
0,0.27608636
0,0.2680273
0,0.27789545
0,0.27979812
0,0.28084335
0,0.2704743
0,0.26631144
0,0.2643797
0,0.26231435
0,0.26397
0,0.25972798
0,0.25833577
0,0.2556102
0,0.26212502
0,0.25681588
0,0.26633
0,0.25885192
0,0.26546922
0,0.26766786
0,0.26938796
0,0.26431254
0,0.2568895
0,0.266049
0,0.26578948
0,0.26600882
0,0.26604927
0,0.26623216
0,0.256099
0,0.2725913
0,0.27805394
0,0.2703611
0,0.2682887
0,0.26691183
0,0.27606636
0,0.26842195
0,0.27550104
0,0.2784615
0,0.28006986
0,0.26970038
0,0.27610156
0,0.27714446
0,0.27917963
0,0.26467925
0,0.26202258
0,0.26877487
0,0.2607449
0,0.26783076
0,0.26944143
0,0.25965297
0,0.25678864
0,0.26508474
0,0.26755843
0,0.26839465
0,0.2693211
0,0.25901595
0,0.26536733
0,0.26691663
0,0.2556569
0,0.26223022
0,0.26224616
0,0.28755373
0,0.29573658
0,0.27832466
0,0.27357325
0,0.26981518
0,0.26742816
0,0.27448964
0,0.27846417
0,0.27905977
0,0.2785181
0,0.2694218
0,0.26182866
0,0.27143702
0,0.27427346
0,0.26922882
0,0.27213752
0,0.26342875
0,0.2602821
0,0.25727257
0,0.26535356
0,0.2668692
0,0.2671355
0,0.25679454
0,0.26412314
0,0.25554347
0,0.26186144
0,0.25590447
0,0.2611132
0,0.26223725
0,0.27383024
0,0.26717323
0,0.27511406
0,0.2678369
0,0.26529956
0,0.26435173
0,0.2614711
0,0.25905305
0,0.2702241
0,0.27298012
0,0.27339032
0,0.2647517
0,0.27227572
0,0.262948
0,0.2698381
0,0.2712816
0,0.26198527
0,0.25782517
0,0.2553677
0,0.2558651
0,0.263003
0,0.2657413
0,0.26661697
0,0.25726223
0,0.26404327
0,0.2648943
0,0.25580043
0,0.2514737
0,0.2499159
0,0.269865
0,0.25413623
0,0.2504194
0,0.24778146
0,0.26680848
0,0.2736611
0,0.27660742
0,0.28074074
0,0.27123398
0,0.28355277
0,0.2711067
0,0.26634815
0,0.26439694
0,0.2737017
0,0.2744866
0,0.27702707
0,0.27718607
0,0.27949873
0,0.26801383
0,0.2644986
0,0.26091895
0,0.25864178
0,0.26670042
0,0.25899613
0,0.2664744
0,0.26735392
0,0.25834617
0,0.25458786
0,0.2617469
0,0.26406404
0,0.2639824
0,0.264998
0,0.254817
0,0.26223
0,0.26313
0,0.2638742
0,0.26401684
0,0.27874196
0,0.279463
0,0.27631903
0,0.26922816
0,0.27706966
0,0.26894718
0,0.27585632
0,0.26776937
0,0.26374272
0,0.26232883
0,0.2599739
0,0.2586233
0,0.25689885
0,0.26537514
0,0.25878853
0,0.27577114
0,0.26146793
0,0.25803074
0,0.26635063
0,0.26705116
0,0.26947355
0,0.27263036
0,0.26032448
0,0.2560277
0,0.26298484
0,0.26341498
0,0.25499249
0,0.25055608
0,0.24850294
0,0.24692805
0,0.24552818
0,0.26399863
0,0.250184
0,0.2569139
0,0.26862198
0,0.27327013
0,0.26589933
0,0.26385817
0,0.2619184
0,0.2683702
0,0.26251683
0,0.27069592
0,0.27362105
0,0.26434028
0,0.2617346
0,0.2710574
0,0.27133122
0,0.2631755
0,0.27074635
0,0.26111394
0,0.26832032
0,0.26999566
0,0.26101238
0,0.27948388
0,0.27290946
0,0.2733053
0,0.26227438
0,0.2672355
0,0.25831148
0,0.26463538
0,0.25554022
0,0.2600833
0,0.25229686
0,0.25823775
0,0.26088652
0,0.25166103
0,0.25857076
0,0.27393398
0,0.26646405
0,0.27665037
0,0.2689727
0,0.27839643
0,0.27066076
0,0.2681452
0,0.27665612
0,0.26818433
0,0.27629268
0,0.27795616
0,0.26906437
0,0.27673563
0,0.27702895
0,0.26769158
0,0.2625331
0,0.25977498
0,0.2578941
0,0.2647951
0,0.26748753
0,0.2592998
0,0.26652324
0,0.26815858
0,0.25832486
0,0.25420573
0,0.26254055
0,0.26467982
0,0.25668824
0,0.26203698
0,0.25341094
0,0.27279693
0,0.26652485
0,0.26508853
0,0.2652871
0,0.2623446
0,0.2717898
0,0.27573273
0,0.27713853
0,0.2677072
0,0.27432397
0,0.2756772
0,0.27650687
0,0.27697942
0,0.2672849
0,0.26271904
0,0.25825566
0,0.2569254
0,0.26437977
0,0.26762944
0,0.26865306
0,0.27000028
0,0.27056783
0,0.26002458
0,0.2564483
0,0.26346353
0,0.26575753
0,0.27057302
0,0.25810108
0,0.2646749
0,0.26426703
0,0.2649273
0,0.25489187
0,0.2609319
0,0.26278594
0,0.27391523
0,0.27634636
0,0.26815614
0,0.27577183
0,0.267996
0,0.26444027
0,0.2718941
0,0.27484906
0,0.27670133
0,0.26787373
0,0.2629209
0,0.27267396
0,0.28685588
0,0.28010452
0,0.26896808
0,0.2641028
0,0.25989988
0,0.25468415
0,0.25337484
0,0.26216915
0,0.26452032
0,0.26537418
0,0.25614557
0,0.26368898
0,0.2728547
0,0.26901555
0,0.25813928
0,0.2630337
0,0.2637388
0,0.26338822
0,0.26796848
0,0.27535993
0,0.278583
0,0.28079584
0,0.27113202
0,0.27936992
0,0.26979432
0,0.27108756
0,0.26513305
0,0.26246607
0,0.26086342
0,0.25871155
0,0.26663256
0,0.26829487
0,0.2595321
0,0.2572018
0,0.25473723
0,0.2534098
0,0.26166767
0,0.26872796
0,0.262184
0,0.25559965
0,0.26248896
0,0.26304138
0,0.25406322
0,0.25064024
0,0.25866708
0,0.2693991
0,0.26447096
0,0.26413828
0,0.2739252
0,0.25546238
0,0.27085432
0,0.27423668
0,0.2772608
0,0.2768546
0,0.26784077
0,0.2644263
0,0.25922397
0,0.26927385
0,0.2702697
0,0.27168033
0,0.27360067
0,0.26245278
0,0.2586094
0,0.2666319
0,0.2687239
0,0.2680254
0,0.25843638
0,0.26413327
0,0.25503522
0,0.26088884
0,0.26259848
0,0.26380038
0,0.26451457
0,0.2756174
0,0.2802848
0,0.28335825
0,0.28557232
0,0.27562052
0,0.2818035
0,0.28487048
0,0.2721359
0,0.27021065
0,0.26791534
0,0.27662814
0,0.2788635
0,0.26835698
0,0.2764243
0,0.27689347
0,0.27719814
0,0.2760351
0,0.26531518
0,0.27282017
0,0.26250356
0,0.27005583
0,0.26017705
0,0.2704526
0,0.26967493
0,0.27016065
0,0.25969177
0,0.26578128
0,0.26707777
0,0.2673344
0,0.25751948
0,0.26279482
0,0.26381525
0,0.258032
0,0.27172503
0,0.2639811
0,0.27506018
0,0.26664612
0,0.26592958
0,0.26395193
0,0.2732503
0,0.26481727
0,0.26174572
0,0.2707752
0,0.2623237
0,0.26984984
0,0.26202822
0,0.2682024
0,0.2711458
0,0.2617466
0,0.26785856
0,0.25943837
0,0.2560372
0,0.25269198
0,0.25122017
0,0.2605713
0,0.26305383
0,0.26430023
0,0.26534402
0,0.2552297
0,0.2520602
0,0.25903842
0,0.2713537
0,0.25598723
0,0.27128968
0,0.26691505
0,0.27587932
0,0.28057873
0,0.28266624
0,0.27319345
0,0.27977586
0,0.27935207
0,0.28077042
0,0.27137154
0,0.26753375
0,0.26536793
0,0.27156997
0,0.27492988
0,0.2764566
0,0.2765619
0,0.27774885
0,0.27760026
0,0.2662456
0,0.26237622
0,0.25954142
0,0.2665178
0,0.25865483
0,0.26678604
0,0.26769936
0,0.26760945
0,0.26901138
0,0.26880446
0,0.2583017
0,0.25442812
0,0.260397
0,0.26212433
0,0.25282672
0,0.25911182
0,0.26070786
0,0.27324528
0,0.27784935
0,0.28108487
0,0.28244507
0,0.2728458
0,0.28060564
0,0.27089566
0,0.27596676
0,0.27289486
0,0.27592045
0,0.26622358
0,0.26313126
0,0.2600132
0,0.2576754
0,0.2564379
0,0.26546553
0,0.25608632
0,0.2547602
0,0.2619963
0,0.26463202
0,0.255823
0,0.25224486
0,0.25035423
0,0.24890406
0,0.24783006
0,0.25583196
0,0.25969252
0,0.26202434
0,0.27454475
0,0.26764378
0,0.27644292
0,0.26887226
0,0.27839145
0,0.27976188
0,0.26996842
0,0.26714233
0,0.2750398
0,0.2776113
0,0.2776999
0,0.27979603
0,0.2698365
0,0.27701858
0,0.27850258
0,0.26757604
0,0.26354045
0,0.26070875
0,0.2675915
0,0.27020493
0,0.27116635
0,0.27243096
0,0.26134303
0,0.26840696
0,0.26603884
0,0.2579799
0,0.2638729
0,0.26529396
0,0.26528937
0,0.25622582
0,0.26066843
0,0.25929287
0,0.26203653
0,0.27428627
0,0.26804945
0,0.27623641
0,0.28001562
0,0.28173754
0,0.26972377
0,0.27740684
0,0.26848108
0,0.26504835
0,0.27281752
0,0.27382055
0,0.2637691
0,0.277936
0,0.27542007
0,0.26495644
0,0.2710917
0,0.27197576
0,0.28383437
0,0.26653963
0,0.27446672
0,0.26239875
0,0.25795552
0,0.2549088
0,0.26175287
0,0.264082
0,0.25884444
0,0.25286227
0,0.25958005
0,0.25135338
0,0.26890084
0,0.27633667
0,0.27973422
0,0.28144398
0,0.27279687
0,0.26872343
0,0.2656625
0,0.27331153
0,0.26627907
0,0.27726078
0,0.26720515
0,0.26428628
0,0.2619132
0,0.2595242
0,0.25791582
0,0.25671297
0,0.26525316
0,0.26893723
0,0.2626909
0,0.26864052
0,0.26792505
0,0.27096602
0,0.26345792
0,0.26724598
0,0.25794595
0,0.25327754
0,0.2616344
0,0.2520811
0,0.2605055
0,0.26218212
0,0.26306346
0,0.27336076
0,0.27723098
0,0.26938906
0,0.27664456
0,0.26011994
0,0.2742426
0,0.27684784
0,0.27915266
0,0.26992252
0,0.26608568
0,0.26418683
0,0.26142883
0,0.27044082
0,0.27219334
0,0.26276866
0,0.2713586
0,0.26260185
0,0.2704617
0,0.2696851
0,0.26141906
0,0.25809857
0,0.2658452
0,0.26909626
0,0.27028123
0,0.26885647
0,0.2693787
0,0.25952303
0,0.26627827
0,0.2562833
0,0.26216665
0,0.26363087
0,0.25340062
0,0.26059598
0,0.26586866
0,0.27324113
0,0.2665393
0,0.27379373
0,0.27514517
0,0.26742977
0,0.2640825
0,0.26254243
0,0.2717422
0,0.27308235
0,0.2749777
0,0.2646321
0,0.2607573
0,0.26045522
0,0.26425108
0,0.25753534
0,0.25458363
0,0.25315207
0,0.26035511
0,0.2535649
0,0.25169855
0,0.2584881
0,0.27393797
0,0.26862237
0,0.25834683
0,0.26480222
0,0.26532954
0,0.25507277
0,0.2519535
0,0.25874528
0,0.2599944
0,0.26128313
0,0.27737623
0,0.26810524
0,0.27573606
0,0.26865202
0,0.27170807
0,0.26663646
0,0.26452976
0,0.26292896
0,0.2722007
0,0.27574515
0,0.26658693
0,0.26289153
0,0.27115533
0,0.26241633
0,0.2708993
0,0.27226797
0,0.27397302
0,0.26427212
0,0.27398312
0,0.262622
0,0.26215097
0,0.25587216
0,0.2631987
0,0.25573826
0,0.2516945
0,0.25520316
0,0.25959414
0,0.26161095
0,0.26268184
0,0.25295606
0,0.2598426
0,0.26059237
0,0.26196522
0,0.2611358
0,0.27288923
0,0.27615008
0,0.27939004
0,0.2808465
0,0.27128738
0,0.26714808
0,0.27117395
0,0.2785279
0,0.26745528
0,0.27441537
0,0.27456704
0,0.26437083
0,0.2613796
0,0.2573396
0,0.26508483
0,0.2572878
0,0.2542119
0,0.25200427
0,0.2503176
0,0.24876969
0,0.2570545
0,0.25384668
0,0.26229802
0,0.261473
0,0.2623703
0,0.26299125
0,0.2636805
0,0.2730543
0,0.2740499
0,0.2783794
0,0.28035334
0,0.26995167
0,0.2776059
0,0.27883798
0,0.27871677
0,0.27508092
0,0.2666454
0,0.27293912
0,0.27448562
0,0.2683376
0,0.27166
0,0.27132422
0,0.2706726
0,0.27004758
0,0.2699139
0,0.25948986
0,0.26521024
0,0.255522
0,0.26232556
0,0.2633614
0,0.27475
0,0.26878402
0,0.2558878
0,0.27118197
0,0.26486257
0,0.26427537
0,0.26300848
0,0.27227676
0,0.26555094
0,0.26236597
0,0.2723065
0,0.27572402
0,0.27690417
0,0.26710775
0,0.27371553
0,0.27597338
0,0.26543263
0,0.2728164
0,0.26323357
0,0.27085555
0,0.27278376
0,0.2629669
0,0.27103344
0,0.2603126
0,0.2678599
0,0.2694464
0,0.26019242
0,0.27846283
0,0.26367104
0,0.25793535
0,0.25371528
0,0.25101787
0,0.258962
0,0.25045377
0,0.25787348
0,0.2742281
0,0.27677774
0,0.28070223
0,0.28350878
0,0.2732891
0,0.29329523
0,0.28706717
0,0.27566814
0,0.27817377
0,0.27176884
0,0.26747125
0,0.2644538
0,0.26247326
0,0.26156247
0,0.26876408
0,0.26084584
0,0.26947108
0,0.2706093
0,0.2617929
0,0.26874927
0,0.25976282
0,0.26696712
0,0.26843426
0,0.2699842
0,0.27056342
0,0.27071103
0,0.27064076
0,0.269663
0,0.26996973
0,0.25942436
0,0.26496214
0,0.25570178
0,0.2520282
0,0.27046537
0,0.26559123
0,0.26490083
0,0.274376
0,0.2763651
0,0.26894584
0,0.26662955
0,0.2652054
0,0.26298505
0,0.27288073
0,0.2752961
0,0.26554805
0,0.27445415
0,0.26544634
0,0.26148716
0,0.2699325
0,0.26166326
0,0.26833135
0,0.26044014
0,0.2570376
0,0.25441977
0,0.26304972
0,0.2547318
0,0.26225698
0,0.26454523
0,0.26599917
0,0.25696707
0,0.26327446
0,0.26473263
0,0.25899467
0,0.2520969
0,0.25953206
0,0.26110533
0,0.26047802
0,0.26156735
0,0.27038288
0,0.26516154
0,0.274856
0,0.27042612
0,0.2762962
0,0.26400673
0,0.26395175
0,0.26083088
0,0.2593508
0,0.26907092
0,0.27224746
0,0.2735545
0,0.2636656
0,0.27034536
0,0.2613834
0,0.25909376
0,0.27380615
0,0.27268133
0,0.27094245
0,0.27202627
0,0.26185644
0,0.25788516
0,0.2659448
0,0.26787603
0,0.25742805
0,0.26478693
0,0.26541716
0,0.2665936
0,0.25589398
0,0.26128915
0,0.26276216
0,0.2626862
0,0.27285755
0,0.26622817
0,0.27558687
0,0.27874026
0,0.2694015
0,0.26922795
0,0.2746518
0,0.27842882
0,0.27954367
0,0.27720234
0,0.2727919
0,0.27626023
0,0.26587033
0,0.2726505
0,0.27397084
0,0.27254137
0,0.2683074
0,0.26082784
0,0.26646134
0,0.25745046
0,0.2644587
0,0.26528063
0,0.26649657
0,0.257272
0,0.26367584
0,0.2645291
0,0.26471785
0,0.2649023
0,0.2550234
0,0.25176278
0,0.2582507
0,0.24996568
0,0.25634584
0,0.25843626
0,0.26932308
0,0.2737056
0,0.26617256
0,0.26431224
0,0.2619644
0,0.26018983
0,0.25872526
0,0.25767004
0,0.26637462
0,0.27026808
0,0.26160866
0,0.26533613
0,0.25726148
0,0.25585437
0,0.2637367
0,0.2560899
0,0.2627248
0,0.25445235
0,0.25204533
0,0.2595926
0,0.2623448
0,0.27349728
0,0.267506
0,0.26997253
0,0.26710758
0,0.26658452
0,0.26481825
0,0.27577677
0,0.26917017
0,0.26763216
0,0.26472762
0,0.26431265
0,0.27250394
0,0.27661997
0,0.26873598
0,0.2655589
0,0.2743658
0,0.2759146
0,0.2671537
0,0.26408496
0,0.27305114
0,0.26461697
0,0.27202278
0,0.26314333
0,0.2596163
0,0.26879576
0,0.2605323
0,0.2575436
0,0.26506636
0,0.25704786
0,0.26533154
0,0.2563119
0,0.25360554
0,0.2689946
0,0.26740366
0,0.25773597
0,0.2540931
0,0.25117314
0,0.24850273
0,0.24726962
0,0.25597292
0,0.25732934
0,0.25875017
0,0.2603385
0,0.27225795
0,0.2659167
0,0.2642024
0,0.26372838
0,0.263179
0,0.2625573
0,0.2730594
0,0.27704263
0,0.26839143
0,0.27483636
0,0.26724643
0,0.26432174
0,0.26949784
0,0.27262357
0,0.27812156
0,0.26617742
0,0.26129603
0,0.25894007
0,0.25687543
0,0.2622173
0,0.26569602
0,0.2673046
0,0.2571318
0,0.26434582
0,0.26605842
0,0.26630157
0,0.27075616
0,0.25826898
0,0.27426264
0,0.26761243
0,0.26726142
0,0.276681
0,0.26951054
0,0.27935368
0,0.284408
0,0.27302447
0,0.27997786
0,0.27146706
0,0.26696283
0,0.2540467
0,0.27042028
0,0.26756555
0,0.27288896
0,0.27308607
0,0.2650609
0,0.2647368
0,0.26088178
0,0.2588764
0,0.2676829
0,0.2701713
0,0.26710322
0,0.25929374
0,0.264609
0,0.2743848
0,0.26149392
0,0.26872072
0,0.26536107
0,0.26482117
0,0.26419163
0,0.27256802
0,0.25948265
0,0.25497448
0,0.25080472
0,0.24931774
0,0.25671124
0,0.25263196
0,0.24812396
0,0.24562378
0,0.25387755
0,0.26642066
0,0.27306232
0,0.26548162
0,0.2741723
0,0.27725253
0,0.267626
0,0.27590212
0,0.27768716
0,0.2784457
0,0.27294233
0,0.2775922
0,0.27727637
0,0.2671529
0,0.2630031
0,0.26937562
0,0.26057655
0,0.2676417
0,0.2613125
0,0.27104035
0,0.26865253
0,0.2592398
0,0.26634154
0,0.2572609
0,0.2530362
0,0.26002043
0,0.2526428
0,0.25930673
0,0.25076383
0,0.27032456
0,0.26535922
0,0.25446475
0,0.25993693
0,0.2710964
0,0.275173
0,0.26767027
0,0.2752843
0,0.2762209
0,0.26783744
0,0.264514
0,0.27249637
0,0.2759491
0,0.26504004
0,0.27365792
0,0.27489054
0,0.26557127
0,0.2611998
0,0.26909894
0,0.26146993
0,0.2582516
0,0.2565339
0,0.26489657
0,0.2576971
0,0.25487366
0,0.25358334
0,0.2619586
0,0.2629831
0,0.25549075
0,0.26379597
0,0.2550742
0,0.251871
0,0.25910303
0,0.26171458
0,0.26203424
0,0.25261202
0,0.2693363
0,0.27419052
0,0.26795387
0,0.26646933
0,0.26404485
0,0.27333426
0,0.2649572
0,0.2728435
0,0.26465055
0,0.26599997
0,0.27108037
0,0.27403557
0,0.27514946
0,0.28437898
0,0.27953407
0,0.26777753
0,0.26270467
0,0.26928586
0,0.2606417
0,0.2680396
0,0.26595291
0,0.25837964
0,0.27100256
0,0.26882094
0,0.26777908
0,0.25775194
0,0.2627501
0,0.2537732
0,0.27116898
0,0.26632202
0,0.26609805
0,0.2649248
0,0.27472585
0,0.27846962
0,0.26969156
0,0.2668173
0,0.26420933
0,0.2627183
0,0.26152867
0,0.26068553
0,0.25959632
0,0.26943907
0,0.26278964
0,0.27097714
0,0.2732259
0,0.27583236
0,0.2659029
0,0.27129504
0,0.2727955
0,0.27395332
0,0.26382393
0,0.2603518
0,0.25701123
0,0.255058
0,0.2638441
0,0.26651403
0,0.25609535
0,0.2656339
0,0.25951758
0,0.25498298
0,0.2614585
0,0.2562714
0,0.26187906
0,0.25217372
0,0.26006082
0,0.2610607
0,0.2524923
0,0.2590898
0,0.25047883
0,0.2674734
0,0.26000312
0,0.26197013
0,0.2723064
0,0.2665397
0,0.264496
0,0.2732065
0,0.27582037
0,0.27558345
0,0.27764797
0,0.26887918
0,0.27568173
0,0.26690605
0,0.26355016
0,0.27232963
0,0.27373025
0,0.2662389
0,0.2659044
0,0.27152815
0,0.27269664
0,0.2744062
0,0.27518848
0,0.2745794
0,0.2748035
0,0.27347144
0,0.27365127
0,0.2733889
0,0.27100143
0,0.27680308
0,0.2722558
0,0.2708949
0,0.26971486
0,0.2684631
0,0.26821548
0,0.277049
0,0.2820798
0,0.2832974
0,0.27242202
0,0.2810029
0,0.28300637
0,0.28406855
0,0.2737673
0,0.2795652
0,0.28068587
0,0.27064395
0,0.2672423
0,0.27562073
0,0.27688283
0,0.2769401
0,0.2784272
0,0.27776992
0,0.28412867
0,0.27027103
0,0.2648112
0,0.27069092
0,0.27070248
0,0.2713719
0,0.27249458
0,0.27139273
0,0.27098733
0,0.27021337
0,0.26986617
0,0.26980323
0,0.26959822
0,0.26878384
0,0.26888147
0,0.25760528
0,0.26347548
0,0.2641882
0,0.27595386
0,0.26885715
0,0.27850345
0,0.2801158
0,0.27924174
0,0.27163523
0,0.27786443
0,0.26994115
0,0.26490983
0,0.27053565
0,0.27488017
0,0.27372852
0,0.2661247
0,0.26271683
0,0.26027083
0,0.2687359
0,0.27142712
0,0.27305105
0,0.26979533
0,0.2623378
0,0.2684148
0,0.26976123
0,0.27031684
0,0.2685991
0,0.2590966
0,0.2543793
0,0.2710956
0,0.26711994
0,0.26557812
0,0.27631322
0,0.27907056
0,0.28089118
0,0.2725136
0,0.27955952
0,0.27056065
0,0.2641868
0,0.26443812
0,0.26203108
0,0.26119685
0,0.2595584
0,0.26789322
0,0.2605918
0,0.26786056
0,0.27092832
0,0.26013663
0,0.26716033
0,0.26808932
0,0.26996082
0,0.2719368
0,0.27011326
0,0.271297
0,0.26967424
0,0.27016327
0,0.2703169
0,0.26862735
0,0.2684114
0,0.26799354
0,0.26696983
0,0.26630902
0,0.26548404
0,0.26501098
0,0.2636754
0,0.27350292
0,0.26594684
0,0.273486
0,0.27632996
0,0.27788588
0,0.278287
0,0.27819523
0,0.27872723
0,0.2787152
0,0.2790077
0,0.27786922
0,0.27823853
0,0.29003596
0,0.28333348
0,0.28078145
0,0.27966872
0,0.27829492
0,0.27683738
0,0.2752219
0,0.28100708
0,0.2759267
0,0.2703066
0,0.27063012
0,0.269848
0,0.26858747
0,0.2679565
0,0.26580277
0,0.26603362
0,0.26185924
0,0.26296836
0,0.26252162
0,0.262425
0,0.26219192
0,0.2600334
0,0.26966432
0,0.27402562
0,0.27779105
0,0.2790785
0,0.27991864
0,0.28050193
0,0.28066528
0,0.27995136
0,0.28068548
0,0.28075406
0,0.28095993
0,0.28497612
0,0.28075925
0,0.2821681
0,0.27972212
0,0.278537
0,0.28318158
0,0.27787882
0,0.2770025
0,0.27604294
0,0.2738332
0,0.27342924
0,0.27145508
0,0.26744375
0,0.27223402
0,0.26996428
0,0.25709867
0,0.26282272
0,0.2662017
0,0.2650221
0,0.2646551
0,0.26305854
0,0.26301542
0,0.26254076
0,0.27200478
0,0.27654523
0,0.27833217
0,0.28003696
0,0.28128174
0,0.28239787
0,0.2827898
0,0.2814677
0,0.28038153
0,0.27889776
0,0.27697465
0,0.27387375
0,0.27506945
0,0.2868333
0,0.27939388
0,0.27629143
0,0.27548593
0,0.2743006
0,0.2716974
0,0.2713207
0,0.28606033
0,0.275263
0,0.27230322
0,0.27043602
0,0.26779163
0,0.2663327
0,0.26592022
0,0.26482007
0,0.26271352
0,0.26138642
0,0.27203968
0,0.27499366
0,0.27764928
0,0.27746344
0,0.27822837
0,0.2791188
0,0.27853268
0,0.27891374
0,0.28233105
0,0.2809356
0,0.27865252
0,0.27837557
0,0.276904
0,0.2762174
0,0.27494615
0,0.27508685
0,0.27476847
0,0.26857817
0,0.27108124
0,0.27165145
0,0.2708209
0,0.2712876
0,0.26935378
0,0.26860785
0,0.26867762
0,0.26865616
0,0.2688507
0,0.26872212
0,0.26846105
0,0.26733726
0,0.2768925
0,0.26954556
0,0.2679393
0,0.2653136
0,0.26449257
0,0.27167
0,0.27689028
0,0.2784489
0,0.27914783
0,0.27812222
0,0.27958083
0,0.27820817
0,0.2789451
0,0.27771237
0,0.27717587
0,0.27568874
0,0.27588907
0,0.27442914
0,0.2742522
0,0.27470002
0,0.2737183
0,0.2731239
0,0.27033368
0,0.27116257
0,0.2641339
0,0.26673093
0,0.26691034
0,0.26702914
0,0.26580176
0,0.2648085
0,0.26170295
0,0.26317352
0,0.26272917
0,0.27400208
0,0.27735624
0,0.26816922
0,0.27678046
0,0.27891377
0,0.28014615
0,0.28169078
0,0.28175867
0,0.2824345
0,0.28208175
0,0.28196338
0,0.28121656
0,0.28032076
0,0.28042188
0,0.27897435
0,0.27844366
0,0.2769481
0,0.27646774
0,0.27599427
0,0.2736334
0,0.2724524
0,0.27186066
0,0.27492908
0,0.2813976
0,0.26800394
0,0.26227966
0,0.2684874
0,0.2593663
0,0.2606795
0,0.25508946
0,0.26213095
0,0.25390753
0,0.26327103
0,0.2623053
0,0.26448137
0,0.27694923
0,0.2807865
0,0.28415757
0,0.27541816
0,0.28152654
0,0.2842046
0,0.28527725
0,0.28520468
0,0.285219
0,0.28576195
0,0.2853326
0,0.28368777
0,0.27285343
0,0.27757967
0,0.27989268
0,0.27830905
0,0.28201917
0,0.2808024
0,0.2793954
0,0.27810004
0,0.26711732
0,0.2762755
0,0.2748676
0,0.26963323
0,0.27348363
0,0.26377577
0,0.26954883
0,0.26943415
0,0.2599455
0,0.25597513
0,0.26351798
0,0.26388004
0,0.25494802
0,0.2752921
0,0.2792883
0,0.28257725
0,0.27415368
0,0.27049193
0,0.2685768
0,0.27838898
0,0.26954168
0,0.26697552
0,0.27540314
0,0.26688653
0,0.26400492
0,0.27489027
0,0.2652705
0,0.27345398
0,0.2757422
0,0.2757852
0,0.27664843
0,0.2660178
0,0.27169898
0,0.2624861
0,0.26941282
0,0.27131122
0,0.26832876
0,0.27071318
0,0.26077446
0,0.25637493
0,0.26280877
0,0.2546752
0,0.25190154
0,0.26990104
0,0.26592925
0,0.2553835
0,0.26188138
0,0.26317573
0,0.27360776
0,0.2678124
0,0.276247
0,0.26975447
0,0.26637098
0,0.27699515
0,0.27929562
0,0.27064624
0,0.2677205
0,0.27435878
0,0.27785334
0,0.2796673
0,0.2816784
0,0.28186285
0,0.2819814
0,0.2704441
0,0.26813257
0,0.2740356
0,0.27696872
0,0.2762356
0,0.26580092
0,0.27313897
0,0.27365658
0,0.27368897
0,0.26315874
0,0.26952085
0,0.26009396
0,0.26606014
0,0.26876175
0,0.2591952
0,0.25571272
0,0.25156572
0,0.25079596
0,0.26294002
0,0.25326717
0,0.26054344
0,0.26542878
0,0.27713016
0,0.2814436
0,0.27238992
0,0.26928473
0,0.2778833
0,0.28065547
0,0.28163877
0,0.28843755
0,0.28497624
0,0.28343546
0,0.272616
0,0.2787242
0,0.26806104
0,0.27447325
0,0.26595655
0,0.2616904
0,0.26914597
0,0.2618858
0,0.26801926
0,0.26127154
0,0.25757846
0,0.26449358
0,0.2560308
0,0.26228473
0,0.26502657
0,0.26654276
0,0.26697323
0,0.26781303
0,0.267806
0,0.2666577
0,0.26592648
0,0.2664692
0,0.26717803
0,0.2665169
0,0.26544568
0,0.26549396
0,0.2755414
0,0.27857897
0,0.2701619
0,0.27851212
0,0.27938554
0,0.2796991
0,0.27476838
0,0.26860547
0,0.27344364
0,0.2635234
0,0.26142094
0,0.2694744
0,0.27200493
0,0.26253033
0,0.27063394
0,0.26127633
0,0.25661662
0,0.25516805
0,0.26400557
0,0.26539102
0,0.26748458
0,0.26922786
0,0.26972896
0,0.26972902
0,0.26043683
0,0.2658017
0,0.26661572
0,0.26750445
0,0.26719096
0,0.26787785
0,0.25874317
0,0.27315888
0,0.27888966
0,0.28680143
0,0.28459466
0,0.28538138
0,0.28534707
0,0.2752725
0,0.2799439
0,0.2718692
0,0.2787036
0,0.2695904
0,0.27582374
0,0.27652052
0,0.277354
0,0.27391535
0,0.2758804
0,0.27556258
0,0.2758286
0,0.27522743
0,0.26434624
0,0.26667503
0,0.25932673
0,0.25645614
0,0.26504818
0,0.25642076
0,0.26346087
0,0.25446942
0,0.26260915
0,0.2743514
0,0.2689026
0,0.26744774
0,0.2669835
0,0.26506403
0,0.264743
0,0.2748764
0,0.2903158
0,0.28462064
0,0.28515816
0,0.2726199
0,0.26812145
0,0.2767099
0,0.27855334
0,0.27793366
0,0.26426443
0,0.27370492
0,0.27399963
0,0.27441707
0,0.2764011
0,0.26572973
0,0.27188456
0,0.26311952
0,0.2595147
0,0.26665318
0,0.26832968
0,0.25942665
0,0.2658543
0,0.2576539
0,0.25443774
0,0.2521593
0,0.25959587
0,0.25231543
0,0.26039863
0,0.2619788
0,0.25327015
0,0.26005533
0,0.2704952
0,0.27769378
0,0.2711114
0,0.28015646
0,0.27278224
0,0.28087115
0,0.2892736
0,0.28285143
0,0.28500694
0,0.28477943
0,0.2852659
0,0.28429765
0,0.27304658
0,0.26853752
0,0.2752366
0,0.27583477
0,0.27728298
0,0.265004
0,0.2630898
0,0.26017562
0,0.26790553
0,0.26046118
0,0.26905063
0,0.25991482
0,0.25768253
0,0.25595266
0,0.25408712
0,0.25270462
0,0.26302904
0,0.26426378
0,0.25612682
0,0.25284743
0,0.25524232
0,0.2605347
0,0.27219412
0,0.2785872
0,0.28150216
0,0.28471187
0,0.28573003
0,0.2925924
0,0.29032293
0,0.2906455
0,0.27782857
0,0.27397707
0,0.27988154
0,0.2700691
0,0.27632385
0,0.26816562
0,0.2743965
0,0.2776505
0,0.27255425
0,0.27747986
0,0.26608506
0,0.26357096
0,0.27112427
0,0.2628748
0,0.2698285
0,0.2727348
0,0.27191657
0,0.2734461
0,0.26574835
0,0.27216613
0,0.27327752
0,0.27449614
0,0.2739468
0,0.27380085
0,0.26343894
0,0.26855975
0,0.25892767
0,0.2596133
0,0.25364977
0,0.25063652
0,0.27843332
0,0.2807589
0,0.27311584
0,0.27122512
0,0.2686796
0,0.272157
0,0.27954146
0,0.26970452
0,0.26853633
0,0.2668743
0,0.2652265
0,0.26427972
0,0.27326563
0,0.27567953
0,0.27550942
0,0.267364
0,0.26390192
0,0.2717461
0,0.2631291
0,0.27048257
0,0.2618148
0,0.26957333
0,0.2578202
0,0.25649056
0,0.25333157
0,0.25204024
0,0.26140243
0,0.26338136
0,0.265509
0,0.2770071
0,0.27173898
0,0.27087775
0,0.2694896
0,0.27017418
0,0.27956143
0,0.2844332
0,0.2693821
0,0.2930175
0,0.27710336
0,0.28447416
0,0.2851984
0,0.2868828
0,0.2860098
0,0.28660786
0,0.27405068
0,0.28084958
0,0.2705891
0,0.27834615
0,0.27882817
0,0.26936278
0,0.27595374
0,0.27213085
0,0.27572122
0,0.26606166
0,0.27365744
0,0.2741052
0,0.2738828
0,0.26344436
0,0.2588121
0,0.26642933
0,0.2574607
0,0.26492682
0,0.25606453
0,0.2537189
0,0.2608936
0,0.27006823
0,0.2673356
0,0.26760775
0,0.257039
0,0.27346843
0,0.27936834
0,0.28109378
0,0.28491116
0,0.28669804
0,0.28777444
0,0.28688717
0,0.28605586
0,0.2872794
0,0.27676848
0,0.28333288
0,0.2738188
0,0.26984137
0,0.26686528
0,0.26517597
0,0.26357478
0,0.2718064
0,0.26445577
0,0.26162675
0,0.2591805
0,0.26664364
0,0.25637302
0,0.26635784
0,0.268251
0,0.26010498
0,0.2664076
0,0.2682815
0,0.26996687
0,0.27039218
0,0.2602134
0,0.26560965
0,0.26718777
0,0.25729397
0,0.25411564
0,0.2506389
0,0.25862414
0,0.259858
0,0.2734982
0,0.27876985
0,0.27142376
0,0.2817378
0,0.28406906
0,0.27685818
0,0.28183663
0,0.28416145
0,0.2842345
0,0.28384954
0,0.2805308
0,0.27574706
0,0.28002092
0,0.2800859
0,0.2699186
0,0.27593175
0,0.27580795
0,0.2743751
0,0.27599192
0,0.27525443
0,0.28079516
0,0.26548168
0,0.2762101
0,0.263086
0,0.2681236
0,0.2590539
0,0.26577514
0,0.2568479
0,0.26387873
0,0.25506443
0,0.26615196
0,0.2761497
0,0.26003137
0,0.27629468
0,0.28045037
0,0.283458
0,0.27294546
0,0.2807036
0,0.28239802
0,0.284378
0,0.27420312
0,0.2706446
0,0.27778447
0,0.2846633
0,0.27193308
0,0.29156944
0,0.28422633
0,0.27243552
0,0.26701966
0,0.26355267
0,0.27092135
0,0.27115276
0,0.27288365
0,0.26948225
0,0.283681
0,0.2660492
0,0.26079324
0,0.26708034
0,0.2578777
0,0.2637704
0,0.27710462
0,0.27062544
0,0.27977747
0,0.27383912
0,0.28265947
0,0.28461608
0,0.27474627
0,0.271151
0,0.2791706
0,0.2814956
0,0.2707431
0,0.27817
0,0.27750713
0,0.27871776
0,0.27810875
0,0.27962175
0,0.27929345
0,0.27726635
0,0.2773682
0,0.2661795
0,0.26147166
0,0.25868592
0,0.26425934
0,0.25654083
0,0.2682993
0,0.2671608
0,0.25714973
0,0.2640918
0,0.2660014
0,0.27312273
0,0.2688193
0,0.27897033
0,0.27204183
0,0.28153878
0,0.28457677
0,0.2754696
0,0.28377035
0,0.2844135
0,0.27499178
0,0.28140655
0,0.27189094
0,0.27325886
0,0.2783908
0,0.26943618
0,0.2769447
0,0.27980658
0,0.28437346
0,0.28084102
0,0.28027174
0,0.28048226
0,0.28103986
0,0.27907392
0,0.27906403
0,0.26980135
0,0.2743006
0,0.26488978
0,0.27162495
0,0.26631433
0,0.2675915
0,0.2690921
0,0.26948857
0,0.25937352
0,0.2654412
0,0.25567546
0,0.26263675
0,0.25393128
0,0.26610374
0,0.2765396
0,0.27019286
0,0.26838174
0,0.26753694
0,0.26666087
0,0.27624175
0,0.2692076
0,0.26725698
0,0.27524623
0,0.27819943
0,0.27902135
0,0.28045902
0,0.26974276
0,0.27544624
0,0.2779747
0,0.27774197
0,0.26748076
0,0.26442736
0,0.2709353
0,0.26268283
0,0.258993
0,0.26959962
0,0.26031342
0,0.25907505
0,0.26667646
0,0.26743045
0,0.25833166
0,0.2545435
0,0.26164585
0,0.26283297
0,0.26420504
0,0.27529216
0,0.2795697
0,0.2813504
0,0.28328523
0,0.28429452
0,0.28511533
0,0.26340452
0,0.2758425
0,0.26805472
0,0.27559415
0,0.2671287
0,0.2725606
0,0.2757762
0,0.26653513
0,0.2734179
0,0.26485714
0,0.26124072
0,0.25846237
0,0.25384495
0,0.2531334
0,0.2623103
0,0.26371133
0,0.2650758
0,0.2557996
0,0.2526584
0,0.25459734
0,0.26147535
0,0.25706652
0,0.2617975
0,0.26316118
0,0.27434933
0,0.26839063
0,0.26647303
0,0.27558967
0,0.26423922
0,0.2755511
0,0.26757663
0,0.2655212
0,0.26394498
0,0.27368093
0,0.2753888
0,0.2772573
0,0.27824607
0,0.2784385
0,0.2785487
0,0.2787255
0,0.2787014
0,0.26703796
0,0.26256624
0,0.25978217
0,0.25721928
0,0.25536868
0,0.26323292
0,0.25810236
0,0.2666951
0,0.25746825
0,0.25395727
0,0.26218873
0,0.2502427
0,0.2587214
0,0.25064212
0,0.26928097
0,0.2750388
0,0.27970338
0,0.2719833
0,0.27877384
0,0.2818201
0,0.28223735
0,0.28311118
0,0.27333832
0,0.26969618
0,0.27806523
0,0.27835956
0,0.27959347
0,0.26899138
0,0.27407315
0,0.2715393
0,0.2637112
0,0.278377
0,0.2612182
0,0.2688849
0,0.26027173
0,0.25731468
0,0.25520226
0,0.26325077
0,0.266341
0,0.25721645
0,0.25302452
0,0.26168406
0,0.26253784
0,0.25414944
0,0.2710297
0,0.2770624
0,0.27003193
0,0.2689167
0,0.26705495
0,0.26612583
0,0.2781735
0,0.27917108
0,0.28176048
0,0.28208828
0,0.28360522
0,0.2726122
0,0.2790456
0,0.26906466
0,0.26432928
0,0.2745071
0,0.26551408
0,0.2727727
0,0.27564928
0,0.2644881
0,0.27165955
0,0.2584842
0,0.26774696
0,0.25983053
0,0.27759576
0,0.26203024
0,0.26771393
0,0.26872057
0,0.25851104
0,0.26556024
0,0.26679283
0,0.26653713
0,0.2575238
0,0.26229542
0,0.2746737
0,0.26889467
0,0.2677459
0,0.26642793
0,0.26635644
0,0.2738957
0,0.2764878
0,0.268565
0,0.2664313
0,0.26329508
0,0.2733174
0,0.26434714
0,0.2725229
0,0.27503628
0,0.27760243
0,0.26703215
0,0.27378768
0,0.26921314
0,0.27322426
0,0.26445714
0,0.27026105
0,0.27246633
0,0.26361975
0,0.26829767
0,0.27106673
0,0.27076757
0,0.2611374
0,0.26789534
0,0.268524
0,0.25893676
0,0.26532426
0,0.25558284
0,0.2615691
0,0.25295532
0,0.27019382
0,0.27543664
0,0.27948824
0,0.28259337
0,0.2736784
0,0.28006023
0,0.28177676
0,0.26762506
0,0.26688877
0,0.27889776
0,0.2764731
0,0.28111884
0,0.26936558
0,0.27554703
0,0.27514094
0,0.27662605
0,0.27668744
0,0.27649647
0,0.2636362
0,0.27190655
0,0.26157618
0,0.26832247
0,0.25947428
0,0.26593924
0,0.26736757
0,0.25792572
0,0.25509655
0,0.262077
0,0.26314053
0,0.25470504
0,0.2620105
0,0.2637968
0,0.2747823
0,0.2797578
0,0.2719896
0,0.2693729
0,0.27945244
0,0.26029634
0,0.28074265
0,0.26980096
0,0.26683763
0,0.2760652
0,0.27764836
0,0.28022197
0,0.26898608
0,0.26653084
0,0.26372355
0,0.26127672
0,0.2713683
0,0.272962
0,0.27503595
0,0.2752316
0,0.26532885
0,0.2610075
0,0.2644629
0,0.26916537
0,0.25882742
0,0.26509598
0,0.2568119
0,0.26307875
0,0.25510302
0,0.27046153
0,0.2676617
0,0.25655106
0,0.25313547
0,0.26003295
0,0.251646
0,0.2697608
0,0.26480654
0,0.27557755
0,0.26860353
0,0.2776102
0,0.26951468
0,0.26617834
0,0.26440537
0,0.2725421
0,0.265347
0,0.2631222
0,0.2704968
0,0.27364993
0,0.35616928
0,0.29622295
0,0.2816641
0,0.27238154
0,0.27603072
0,0.2752555
0,0.27569616
0,0.2741053
0,0.27238798
0,0.2729491
0,0.26163483
0,0.26780912
0,0.26812485
0,0.25780588
0,0.2647672
0,0.25548482
0,0.2621233
0,0.27167597
0,0.27897438
0,0.28325737
0,0.28541076
0,0.2749047
0,0.28295174
0,0.28413963
0,0.27399448
0,0.27057996
0,0.2680704
0,0.2667758
0,0.26437792
0,0.2633194
0,0.27124286
0,0.27432698
0,0.28456435
0,0.26975927
0,0.26541644
0,0.26186624
0,0.2593412
0,0.26670566
0,0.2691422
0,0.25816968
0,0.26297545
0,0.2671608
0,0.26812994
0,0.2683049
0,0.26854506
0,0.2586246
0,0.2620588
0,0.25502864
0,0.2719722
0,0.26672962
0,0.26666245
0,0.27794617
0,0.26880458
0,0.27882397
0,0.27076742
0,0.2787384
0,0.27013674
0,0.2768828
0,0.27984118
0,0.2819032
0,0.27243358
0,0.27868557
0,0.27980468
0,0.26948118
0,0.27401176
0,0.27662358
0,0.2782386
0,0.27790856
0,0.27765915
0,0.28243354
0,0.26881275
0,0.2801561
0,0.27623662
0,0.26618427
0,0.2621301
0,0.2660964
0,0.25924796
0,0.26793027
0,0.26922533
0,0.2600629
0,0.25637084
0,0.2628007
0,0.26374522
0,0.2553743
0,0.2526912
0,0.27595532
0,0.26744798
0,0.2668939
0,0.27709758
0,0.28692695
0,0.2858625
0,0.28603852
0,0.26356226
0,0.2766208
0,0.27837592
0,0.27691627
0,0.280054
0,0.27001387
0,0.26636735
0,0.27327392
0,0.26481402
0,0.26191026
0,0.26978844
0,0.2703565
0,0.25963047
0,0.2678408
0,0.2599554
0,0.25709915
0,0.25477904
0,0.26378128
0,0.265957
0,0.27451667
0,0.269779
0,0.25951287
0,0.26386708
0,0.27673158
0,0.28054437
0,0.28315824
0,0.27347928
0,0.28226298
0,0.2723005
0,0.26828054
0,0.27736837
0,0.2789661
0,0.26962367
0,0.2660546
0,0.26346537
0,0.26225662
0,0.26022813
0,0.25945008
0,0.25823945
0,0.25793552
0,0.2661298
0,0.2695389
0,0.26173067
0,0.2696573
0,0.27231222
0,0.2619913
0,0.2699782
0,0.2603325
0,0.2559269
0,0.27591336
0,0.26043242
0,0.2658048
0,0.26672667
0,0.26623836
0,0.26713663
0,0.25887936
0,0.26409054
0,0.26377216
0,0.27560413
0,0.28025478
0,0.28273943
0,0.27331883
0,0.27067977
0,0.27891842
0,0.26967445
0,0.27855596
0,0.27982438
0,0.27027887
0,0.29045045
0,0.27350253
0,0.26937094
0,0.2767104
0,0.26761186
0,0.2745971
0,0.2757852
0,0.2731492
0,0.27624372
0,0.26308975
0,0.27148968
0,0.26078334
0,0.26776105
0,0.25799787
0,0.25490326
0,0.2524789
0,0.2497264
0,0.2587608
0,0.27070647
0,0.26705906
0,0.28149074
0,0.2715093
0,0.2672006
0,0.27744886
0,0.280199
0,0.284206
0,0.2730685
0,0.27898037
0,0.28743044
0,0.2958276
0,0.27763018
0,0.2817834
0,0.2732633
0,0.27645838
0,0.2668999
0,0.2737415
0,0.27397335
0,0.2648572
0,0.27182457
0,0.27131882
0,0.3464669
0,0.30126205
0,0.2808999
0,0.27048117
0,0.27333465
0,0.26148808
0,0.2581682
0,0.25479382
0,0.2521024
0,0.24974734
0,0.25808218
0,0.27154043
0,0.27675754
0,0.28084418
0,0.28412464
0,0.28537863
0,0.28678182
0,0.28185558
0,0.27421185
0,0.27106097
0,0.2684997
0,0.2775097
0,0.26796705
0,0.2767831
0,0.2774554
0,0.28276312
0,0.28164345
0,0.2706212
0,0.2658031
0,0.27409914
0,0.2633119
0,0.27206838
0,0.27335668
0,0.27287298
0,0.25841168
0,0.25748503
0,0.25433803
0,0.25170887
0,0.26072884
0,0.26292333
0,0.26461282
0,0.27296433
0,0.25845987
0,0.27585077
0,0.26996157
0,0.2675239
0,0.2681523
0,0.26644468
0,0.277445
0,0.2820326
0,0.27193215
0,0.26942205
0,0.26770794
0,0.27468425
0,0.27842402
0,0.27796966
0,0.26819527
0,0.2760776
0,0.27829042
0,0.2683289
0,0.27593565
0,0.26714614
0,0.27583477
0,0.2660366
0,0.26280597
0,0.27038532
0,0.2625822
0,0.26955792
0,0.26074046
0,0.25765398
0,0.26439244
0,0.2670136
0,0.25786728
0,0.26438564
0,0.25563627
0,0.25243393
0,0.26070562
0,0.25252843
0,0.27038136
0,0.25603005
0,0.2523927
0,0.25889635
0,0.2718688
0,0.27759853
0,0.26976165
0,0.26743084
0,0.26498088
0,0.2642481
0,0.26176777
0,0.2786684
0,0.2791756
0,0.2798527
0,0.27805343
0,0.28084564
0,0.2808071
0,0.27053896
0,0.2648597
0,0.26275298
0,0.2706791
0,0.26345372
0,0.2703299
0,0.26221654
0,0.2593072
0,0.26811156
0,0.26955992
0,0.27200368
0,0.27217877
0,0.2622731
0,0.26826698
0,0.2588208
0,0.26572835
0,0.25646213
0,0.26351836
0,0.26407757
0,0.26721263
0,0.2667564
0,0.26678544
0,0.2561306
0,0.26172858
0,0.27374858
0,0.27737376
0,0.2721825
0,0.27857417
0,0.26969323
0,0.26719582
0,0.27484092
0,0.2657816
0,0.26420057
0,0.27091664
0,0.2742717
0,0.27468428
0,0.27737358
0,0.26726165
0,0.2638761
0,0.26078114
0,0.258345
0,0.27151483
0,0.2710988
0,0.25951588
0,0.25662127
0,0.26308632
0,0.26567522
0,0.2660977
0,0.27745393
0,0.2708834
0,0.29133198
0,0.28877214
0,0.27960768
0,0.2861084
0,0.27643612
0,0.27192384
0,0.2794516
0,0.27082834
0,0.26891
0,0.27660504
0,0.27961954
0,0.2697749
0,0.26642755
0,0.27424753
0,0.27440816
0,0.2665392
0,0.26580325
0,0.27299947
0,0.27451292
0,0.28127497
0,0.27929682
0,0.26740366
0,0.2732283
0,0.26415488
0,0.27051458
0,0.2615648
0,0.25801623
0,0.26598537
0,0.27096912
0,0.2590138
0,0.2652596
0,0.26148337
0,0.26408175
0,0.26512095
0,0.2655709
0,0.27708286
0,0.28085718
0,0.28331706
0,0.2843679
0,0.27453795
0,0.28234512
0,0.2794596
0,0.27099702
0,0.267533
0,0.27469307
0,0.26656103
0,0.2744675
0,0.27480367
0,0.26627865
0,0.26210728
0,0.26054615
0,0.27233908
0,0.2733544
0,0.26425683
0,0.27087787
0,0.27280647
0,0.26244548
0,0.27982533
0,0.26366267
0,0.2600119
0,0.26566705
0,0.25697574
0,0.25345263
0,0.27099204
0,0.2673644
0,0.26721972
0,0.27688155
0,0.2715214
0,0.26327348
0,0.26445815
0,0.2714362
0,0.26832348
0,0.2781397
0,0.27120453
0,0.27871862
0,0.28215978
0,0.26232016
0,0.27659392
0,0.2788272
0,0.2817372
0,0.27291715
0,0.28009555
0,0.2704446
0,0.27847558
0,0.27947137
0,0.26958737
0,0.27538192
0,0.27650234
0,0.26643938
0,0.27288002
0,0.27452055
0,0.27497458
0,0.26440158
0,0.27028647
0,0.2611754
0,0.2666012
0,0.25807738
0,0.26442227
0,0.25600642
0,0.26381633
0,0.2552182
0,0.3830421
0,0.31322077
0,0.2963213
0,0.29808682
0,0.29484454
0,0.2817989
0,0.28621483
0,0.27490842
0,0.27058062
0,0.27867058
0,0.26951653
0,0.26682365
0,0.27379203
0,0.2759226
0,0.2689466
0,0.27439663
0,0.26566407
0,0.26224136
0,0.26490185
0,0.2592662
0,0.26752257
0,0.25819087
0,0.25588825
0,0.26182503
0,0.25474343
0,0.26175833
0,0.26450628
0,0.27548078
0,0.26023287
0,0.25521448
0,0.27233487
0,0.26656446
0,0.2779787
0,0.2814261
0,0.28009534
0,0.27239686
0,0.2682203
0,0.275804
0,0.2795414
0,0.26928893
0,0.26648933
0,0.2636979
0,0.2620273
0,0.26057476
0,0.2591261
0,0.25787786
0,0.2664856
0,0.27029473
0,0.26139048
0,0.2565506
0,0.265741
0,0.26935366
0,0.2700256
0,0.27192405
0,0.27131104
0,0.2718821
0,0.27182594
0,0.27090234
0,0.26596013
0,0.2583514
0,0.2544905
0,0.27278116
0,0.25659427
0,0.27139068
0,0.2778448
0,0.2704154
0,0.27887988
0,0.2813301
0,0.27217427
0,0.26897883
0,0.2688416
0,0.26495528
0,0.2633841
0,0.26118624
0,0.26051652
0,0.26935807
0,0.2710818
0,0.27388656
0,0.27401018
0,0.27604607
0,0.27599826
0,0.27491745
0,0.26401913
0,0.27017438
0,0.26124024
0,0.2577005
0,0.2651541
0,0.25671002
0,0.25437963
0,0.2526438
0,0.2543151
0,0.2515485
0,0.26764983
0,0.25528303
0,0.2626885
0,0.2540167
0,0.25022602
0,0.2683077
0,0.274389
0,0.2783811
0,0.27344137
0,0.26899084
0,0.26783493
0,0.2762578
0,0.26913705
0,0.27832213
0,0.2698389
0,0.26668632
0,0.27622432
0,0.2787512
0,0.26776958
0,0.26437378
0,0.2721922
0,0.27568907
0,0.2812062
0,0.278875
0,0.26775315
0,0.2629961
0,0.27123833
0,0.26086524
0,0.25879288
0,0.25473985
0,0.254359
0,0.25283033
0,0.26160657
0,0.2543747
0,0.2623331
0,0.2534241
0,0.2604366
0,0.2518032
0,0.2596
0,0.2718083
0,0.2779779
0,0.2806152
0,0.27273008
0,0.2811069
0,0.28105107
0,0.28235462
0,0.2835333
0,0.27284366
0,0.26919064
0,0.2773359
0,0.28999296
0,0.2812664
0,0.28190947
0,0.27116668
0,0.27644393
0,0.27790666
0,0.27768746
0,0.27743134
0,0.26772514
0,0.2640002
0,0.26127872
0,0.2684271
0,0.26688242
0,0.2607187
0,0.267351
0,0.2598975
0,0.2672449
0,0.26960868
0,0.26974255
0,0.2609033
0,0.26527393
0,0.2680029
0,0.2663627
0,0.26747277
0,0.26754338
0,0.2676428
0,0.26601946
0,0.27702257
0,0.28028753
0,0.2720741
0,0.2799772
0,0.27155542
0,0.27884632
0,0.28071544
0,0.28094357
0,0.28108126
0,0.27006522
0,0.27582002
0,0.27774504
0,0.27811897
0,0.27764577
0,0.27256832
0,0.2639865
0,0.27070364
0,0.2681001
0,0.26197845
0,0.25681192
0,0.2564984
0,0.26229995
0,0.2651361
0,0.25549698
0,0.26874742
0,0.25624245
0,0.26313528
0,0.26376078
0,0.2746928
0,0.2682623
0,0.27833956
0,0.2805821
0,0.27213126
0,0.2804902
0,0.2875838
0,0.2859722
0,0.28404453
0,0.27370724
0,0.2693215
0,0.27622977
0,0.27811608
0,0.27835107
0,0.26862964
0,0.26399735
0,0.271586
0,0.27296823
0,0.27390507
0,0.27368134
0,0.26360145
0,0.26884496
0,0.26953351
0,0.26994568
0,0.2700766
0,0.25960377
0,0.26623777
0,0.2576538
0,0.26331782
0,0.25491908
0,0.2614988
0,0.25348276
0,0.27111977
0,0.27640054
0,0.28046826
0,0.28719318
0,0.2855009
0,0.2845519
0,0.2854295
0,0.2723499
0,0.27584326
0,0.2788679
0,0.2783848
0,0.27799377
0,0.27838323
0,0.27600473
0,0.26562715
0,0.2602886
0,0.26847377
0,0.25893807
0,0.26555708
0,0.26667404
0,0.26361126
0,0.26709196
0,0.25735334
0,0.25403583
0,0.2614692
0,0.26335546
0,0.27421898
0,0.27850595
0,0.28089833
0,0.27131036
0,0.26910836
0,0.2666633
0,0.265274
0,0.2634935
0,0.26237464
0,0.26107988
0,0.25978777
0,0.25799486
0,0.270349
0,0.26127625
0,0.25898588
0,0.25687987
0,0.2775047
0,0.27321497
0,0.27391434
0,0.26259938
0,0.2693981
0,0.25962415
0,0.26809692
0,0.26751646
0,0.27020112
0,0.26859087
0,0.2675044
0,0.2791508
0,0.27227125
0,0.28090858
0,0.27508846
0,0.28044248
0,0.27305445
0,0.28056517
0,0.2712279
0,0.26764762
0,0.2654948
0,0.27339885
0,0.27584073
0,0.26707274
0,0.26363245
0,0.26108494
0,0.2583847
0,0.257603
0,0.26617873
0,0.26907507
0,0.27384683
0,0.27142915
0,0.26204178
0,0.26842958
0,0.26779604
0,0.2695384
0,0.25928017
0,0.2546908
0,0.27209526
0,0.26723546
0,0.27865255
0,0.28736806
0,0.27630016
0,0.28269282
0,0.28388056
0,0.27968457
0,0.28240535
0,0.2724199
0,0.27793363
0,0.26881564
0,0.26522484
0,0.27256843
0,0.2637179
0,0.2696925
0,0.27198833
0,0.26225373
0,0.26989457
0,0.27126426
0,0.26191643
0,0.25799277
0,0.25374463
0,0.26208827
0,0.2649547
0,0.26533133
0,0.2665079
0,0.2563403
0,0.26358616
0,0.2751698
0,0.28054848
0,0.27292946
0,0.2818116
0,0.27315196
0,0.2816464
0,0.28414348
0,0.2747418
0,0.28046498
0,0.2827456
0,0.28388888
0,0.27331075
0,0.27770174
0,0.2801414
0,0.2697526
0,0.27633366
0,0.26574638
0,0.27316287
0,0.26784474
0,0.2737271
0,0.27190363
0,0.27417722
0,0.2726919
0,0.25890058
0,0.26773244
0,0.27090046
0,0.2612004
0,0.2577832
0,0.26520222
0,0.25680816
0,0.26460278
0,0.264312
0,0.26525652
0,0.27812725
0,0.2824573
0,0.29060888
0,0.28893644
0,0.27874064
0,0.28536433
0,0.27579623
0,0.28268215
0,0.28355193
0,0.28420904
0,0.28476816
0,0.27377015
0,0.26923484
0,0.2799158
0,0.28013438
0,0.2889561
0,0.27293146
0,0.26782238
0,0.27281412
0,0.26351652
0,0.26030287
0,0.27816206
0,0.263388
0,0.26943266
0,0.27149796
0,0.26098108
0,0.27837965
0,0.26194167
0,0.2683607
0,0.26827005
0,0.278515
0,0.27123183
0,0.2690701
0,0.2682182
0,0.28944093
0,0.28430724
0,0.27624395
0,0.28326514
0,0.2744634
0,0.2804543
0,0.2808851
0,0.2705664
0,0.27349702
0,0.27702832
0,0.26717114
0,0.2730442
0,0.26436266
0,0.2720421
0,0.26323116
0,0.26941636
0,0.2705242
0,0.2713192
0,0.27263367
0,0.27060506
0,0.27057546
0,0.27073973
0,0.2709106
0,0.28124806
0,0.26899284
0,0.28382686
0,0.2843671
0,0.2759993
0,0.2826852
0,0.2746057
0,0.26843894
0,0.26844296
0,0.2770681
0,0.2826564
0,0.28273553
0,0.28417563
0,0.28408465
0,0.27291223
0,0.26980883
0,0.27523035
0,0.26854825
0,0.2652386
0,0.26435196
0,0.2729949
0,0.26555616
0,0.26307356
0,0.2616605
0,0.27010834
0,0.2714366
0,0.26327756
0,0.25912067
0,0.26795286
0,0.26937264
0,0.2602377
0,0.266419
0,0.26887187
0,0.26844198
0,0.28059426
0,0.26312974
0,0.2759024
0,0.28303736
0,0.28400156
0,0.28702718
0,0.28858563
0,0.27656716
0,0.27330875
0,0.27012923
0,0.2783627
0,0.27002192
0,0.277724
0,0.26971385
0,0.2677912
0,0.27600148
0,0.27889428
0,0.27978945
0,0.27023825
0,0.27717587
0,0.27763584
0,0.27861983
0,0.27782625
0,0.2811977
0,0.26910594
0,0.26445857
0,0.27169672
0,0.2669749
0,0.27024892
0,0.26133683
0,0.25831017
0,0.26306316
0,0.25857523
0,0.25501117
0,0.26249745
0,0.2597997
0,0.2650758
0,0.2768135
0,0.2709763
0,0.28125742
0,0.28405923
0,0.27534246
0,0.28314787
0,0.27401167
0,0.27188712
0,0.26959392
0,0.27896798
0,0.2814679
0,0.2837807
0,0.28465268
0,0.27289438
0,0.2797402
0,0.26920056
0,0.28689507
0,0.28177264
0,0.2711856
0,0.26744896
0,0.27802444
0,0.27770206
0,0.29649884
0,0.2847846
0,0.27279267
0,0.27698886
0,0.27780685
0,0.26659375
0,0.27382043
0,0.2630079
0,0.25855744
0,0.26629543
0,0.2673013
0,0.26810065
0,0.26902506
0,0.28626835
0,0.28690884
0,0.2779514
0,0.27550915
0,0.27323008
0,0.28263238
0,0.28541335
0,0.27656573
0,0.2729815
0,0.27169788
0,0.26935956
0,0.27874118
0,0.27015576
0,0.26890466
0,0.27677515
0,0.2859407
0,0.28336424
0,0.2840132
0,0.28892016
0,0.2847255
0,0.28269392
0,0.28212234
0,0.27062258
0,0.26619947
0,0.269521
0,0.2733978
0,0.2731512
0,0.2639714
0,0.27042618
0,0.27131763
0,0.2611679
0,0.2767504
0,0.2620807
0,0.27929616
0,0.26240432
0,0.26888347
0,0.27974826
0,0.27251753
0,0.28266788
0,0.27474833
0,0.27140173
0,0.270336
0,0.27942798
0,0.28288332
0,0.2856335
0,0.28688836
0,0.287551
0,0.27832672
0,0.28423062
0,0.28529873
0,0.27330443
0,0.2789659
0,0.27987808
0,0.27984682
0,0.27981418
0,0.26829252
0,0.2739351
0,0.26489758
0,0.26189774
0,0.26983875
0,0.26034686
0,0.26721987
0,0.25900134
0,0.2660319
0,0.26725692
0,0.27829596
0,0.282581
0,0.28611416
0,0.28065833
0,0.2865438
0,0.28036943
0,0.28565165
0,0.27567944
0,0.2820295
0,0.27287582
0,0.26981065
0,0.27784976
0,0.28037614
0,0.26977003
0,0.27615112
0,0.26802513
0,0.26534435
0,0.27211305
0,0.26429456
0,0.27523914
0,0.2646456
0,0.27205318
0,0.2778442
0,0.26578632
0,0.2608727
0,0.2693183
0,0.2701038
0,0.26064375
0,0.25710982
0,0.25528836
0,0.25252137
0,0.25358626
0,0.26073056
0,0.27359238
0,0.27954444
0,0.28855792
0,0.285409
0,0.2876521
0,0.2770879
0,0.27313784
0,0.27005452
0,0.26802263
0,0.26622295
0,0.27576563
0,0.27825114
0,0.2806583
0,0.26889697
0,0.26646864
0,0.27409476
0,0.27581048
0,0.26725417
0,0.26435757
0,0.2613158
0,0.25737733
0,0.26745898
0,0.26968583
0,0.26126447
0,0.26834738
0,0.27046382
0,0.27273798
0,0.26160282
0,0.26845118
0,0.26866892
0,0.26889044
0,0.2589388
0,0.27738783
0,0.27149278
0,0.2812768
0,0.27370963
0,0.27103102
0,0.2803223
0,0.2831148
0,0.28597406
0,0.28639707
0,0.28673595
0,0.27963105
0,0.28485948
0,0.2850624
0,0.2747945
0,0.27031502
0,0.27852955
0,0.26929554
0,0.27520335
0,0.27908957
0,0.64746845
0,0.47536093
0,0.3912906
0,0.3546969
0,0.31608525
0,0.29100376
0,0.27958122
0,0.2800293
0,0.26841345
0,0.2716658
0,0.26717356
0,0.2687565
0,0.27897903
0,0.2724961
0,0.26073074
0,0.25527143
0,0.25124535
0,0.25732332
0,0.2661962
0,0.25917226
0,0.25783387
0,0.26614788
0,0.27553916
0,0.2758755
0,0.27769253
0,0.29107815
0,0.27437663
0,0.26700026
0,0.266037
0,0.27567545
0,0.26882297
0,0.2763522
0,0.26781106
0,0.27402806
0,0.2652354
0,0.2619599
0,0.27138317
0,0.262714
0,0.27756393
0,0.26410216
0,0.25983036
0,0.26726362
0,0.25820664
0,0.25629646
0,0.2651297
0,0.26631105
0,0.25760993
0,0.26458916
0,0.26438618
0,0.27812046
0,0.2816965
0,0.2736455
0,0.28393432
0,0.2858975
0,0.28702182
0,0.28705245
0,0.276732
0,0.27241954
0,0.26930273
0,0.26581144
0,0.26465002
0,0.27436695
0,0.27642813
0,0.26706317
0,0.26484698
0,0.27301604
0,0.26510498
0,0.2622118
0,0.2712479
0,0.26270714
0,0.26020777
0,0.2694088
0,0.26001787
0,0.2683499
0,0.27089086
0,0.27110633
0,0.27310887
0,0.27320546
0,0.27243778
0,0.2718687
0,0.2709433
0,0.28227273
0,0.28483137
0,0.28693566
0,0.27215022
0,0.28097883
0,0.2721146
0,0.26969033
0,0.26763126
0,0.26438534
0,0.26360878
0,0.27150208
0,0.2608429
0,0.27111223
0,0.26788723
0,0.26216397
0,0.25961688
0,0.25793013
0,0.25483885
0,0.26178735
0,0.26684546
0,0.26934034
0,0.2713324
0,0.2612969
0,0.27061984
0,0.26980886
0,0.26952177
0,0.27002445
0,0.26537663
0,0.25851288
0,0.26579952
0,0.26621553
0,0.27752307
0,0.28237095
0,0.27372578
0,0.28138864
0,0.27439678
0,0.2704916
0,0.26942447
0,0.26773244
0,0.27789548
0,0.2785278
0,0.28218818
0,0.26689687
0,0.2664725
0,0.27316314
0,0.26622966
0,0.26329103
0,0.2710527
0,0.27554798
0,0.2663832
0,0.2638713
0,0.27176082
0,0.26290947
0,0.27142745
0,0.27392942
0,0.2746813
0,0.26421252
0,0.26059943
0,0.26779133
0,0.2546832
0,0.26644143
0,0.25790635
0,0.26503637
0,0.26684678
0,0.26757407
0,0.282034
0,0.27347037
0,0.28542942
0,0.28633457
0,0.2757434
0,0.27258676
0,0.27059
0,0.27915555
0,0.2798221
0,0.28274193
0,0.28281772
0,0.2676746
0,0.26600105
0,0.26027608
0,0.2708827
0,0.26420498
0,0.27157038
0,0.2686108
0,0.26158044
0,0.27045843
0,0.2708157
0,0.2711934
0,0.26204348
0,0.2581034
0,0.25481775
0,0.26101926
0,0.2754826
0,0.27471533
0,0.27346215
0,0.27123874
0,0.2795333
0,0.28327808
0,0.2749596
0,0.2817619
0,0.28400692
0,0.28553054
0,0.29764664
0,0.2790131
0,0.2846224
0,0.28772286
0,0.27349827
0,0.2689857
0,0.27578923
0,0.26657683
0,0.26256195
0,0.2609902
0,0.2694908
0,0.27169618
0,0.26296842
0,0.2698161
0,0.26016515
0,0.26708883
0,0.25828367
0,0.27564716
0,0.28105032
0,0.28428814
0,0.2769919
0,0.27413082
0,0.2724393
0,0.27225485
0,0.27022353
0,0.27575937
0,0.27022046
0,0.27813792
0,0.2698024
0,0.26784155
0,0.26579812
0,0.26494542
0,0.26162097
0,0.27022666
0,0.27420115
0,0.26645616
0,0.2755662
0,0.26351842
0,0.27090764
0,0.27385718
0,0.27265882
0,0.264455
0,0.2608719
0,0.25786883
0,0.25647375
0,0.25909397
0,0.26516363
0,0.26473257
0,0.25895947
0,0.26690704
0,0.2664406
0,0.2786107
0,0.27164537
0,0.27043733
0,0.26892513
0,0.2799758
0,0.2720937
0,0.26905325
0,0.26613715
0,0.27530342
0,0.2803748
0,0.28253698
0,0.28290096
0,0.283182
0,0.28250328
0,0.27183822
0,0.26812077
0,0.2635782
0,0.26255405
0,0.2719376
0,0.26316088
0,0.26056612
0,0.25954595
0,0.25696254
0,0.2661206
0,0.26987144
0,0.27728656
0,0.27511975
0,0.26493394
0,0.27205724
0,0.26143983
0,0.268484
0,0.25410074
0,0.2748736
0,0.2698055
0,0.26971984
0,0.28022265
0,0.2835565
0,0.27419195
0,0.28339672
0,0.27417
0,0.2715475
0,0.27386633
0,0.2754796
0,0.2801938
0,0.2716513
0,0.28232247
0,0.27374887
0,0.27775082
0,0.2799611
0,0.27956548
0,0.26981452
0,0.2759155
0,0.26658443
0,0.26357284
0,0.27168563
0,0.26806718
0,0.2747309
0,0.272539
0,0.26340398
0,0.26056296
0,0.25694996
0,0.27445942
0,0.27071205
0,0.27010283
0,0.2809159
0,0.2736105
0,0.28276488
0,0.28614372
0,0.27648246
0,0.28457323
0,0.28673464
0,0.28902292
0,0.27830088
0,0.27325386
0,0.28249505
0,0.28370106
0,0.28451613
0,0.2905878
0,0.28607008
0,0.29142085
0,0.27676377
0,0.28174216
0,0.27204213
0,0.27850163
0,0.28002888
0,0.26939517
0,0.2761129
0,0.26667207
0,0.2748786
0,0.27669182
0,0.2653716
0,0.264387
0,0.26345402
0,0.25916094
0,0.25791764
0,0.25461486
0,0.25937384
0,0.26284045
0,0.25648358
0,0.26385662
0,0.2664853
0,0.2680592
0,0.26861763
0,0.26922
0,0.2665188
0,0.28160757
0,0.2841691
0,0.28742343
0,0.28871635
0,0.28704017
0,0.27648056
0,0.28102297
0,0.2777209
0,0.28056717
0,0.28108644
0,0.28233925
0,0.2821024
0,0.27273703
0,0.2678739
0,0.2757013
0,0.26752985
0,0.26454896
0,0.2624933
0,0.26023522
0,0.2589371
0,0.25662336
0,0.25553375
0,0.26480514
0,0.2670348
0,0.2682123
0,0.26973662
0,0.2703
0,0.27148572
0,0.26056543
0,0.27804297
0,0.28195414
0,0.29151335
0,0.29041648
0,0.2704269
0,0.27311617
0,0.2784521
0,0.27330887
0,0.28591418
0,0.28258097
0,0.27837747
0,0.28386882
0,0.26797792
0,0.26823786
0,0.27627614
0,0.27819103
0,0.2686679
0,0.26462284
0,0.2734157
0,0.27431095
0,0.27678382
0,0.26672095
0,0.27204725
0,0.27307978
0,0.26263982
0,0.2589512
0,0.26664257
0,0.2586323
0,0.2554444
0,0.2736146
0,0.27005178
0,0.27186352
0,0.2698457
0,0.27809155
0,0.2831027
0,0.27464387
0,0.2723016
0,0.2796374
0,0.27241704
0,0.26971197
0,0.27939492
0,0.28157234
0,0.27233806
0,0.2789569
0,0.27495033
0,0.27946642
0,0.27072966
0,0.26712963
0,0.27551404
0,0.27752587
0,0.2781217
0,0.27818647
0,0.27728882
0,0.2784891
0,0.2798803
0,0.27888373
0,0.27896556
0,0.27689272
0,0.27605703
0,0.26564062
0,0.2653876
0,0.2784783
0,0.26318827
0,0.2693118
0,0.27869168
0,0.27204394
0,0.2718904
0,0.27055857
0,0.2699109
0,0.2794495
0,0.27948603
0,0.272246
0,0.2697544
0,0.26835674
0,0.26615342
0,0.2654019
0,0.26715297
0,0.27536365
0,0.26668075
0,0.2751259
0,0.26588532
0,0.27388638
0,0.2768108
0,0.2778871
0,0.2781487
0,0.27773908
0,0.26683858
0,0.27432823
0,0.2643517
0,0.269663
0,0.2615948
0,0.25821474
0,0.2657757
0,0.27822888
0,0.2728996
0,0.28314722
0,0.28591877
0,0.27620363
0,0.28467903
0,0.27071026
0,0.27713352
0,0.27211067
0,0.2803829
0,0.28326297
0,0.27412698
0,0.27097854
0,0.2772411
0,0.2699393
0,0.27752957
0,0.26902664
0,0.27655697
0,0.26823476
0,0.26410758
0,0.2734172
0,0.27399716
0,0.2661744
0,0.2717617
0,0.26431552
0,0.2629082
0,0.26911852
0,0.26994437
0,0.27246106
0,0.27271566
0,0.2727902
0,0.26258504
0,0.26519537
0,0.2672206
0,0.26850477
0,0.26893395
0,0.26978505
0,0.28068557
0,0.2739822
0,0.271913
0,0.27648312
0,0.28384677
0,0.2874081
0,0.28732598
0,0.27797908
0,0.27392772
0,0.2833442
0,0.2848041
0,0.27483258
0,0.28186193
0,0.2821955
0,0.28260988
0,0.27269986
0,0.26694247
0,0.27533805
0,0.2657449
0,0.2630391
0,0.260346
0,0.26877618
0,0.27178425
0,0.26212445
0,0.27351516
0,0.27232617
0,0.27173278
0,0.26188734
0,0.26483333
0,0.2674708
0,0.27809292
0,0.27272636
0,0.27497324
0,0.27243146
0,0.27087748
0,0.2689259
0,0.2680911
0,0.26693425
0,0.2656804
0,0.2744149
0,0.26807126
0,0.27681673
0,0.2692134
0,0.27709076
0,0.27813023
0,0.27882063
0,0.27042502
0,0.26626614
0,0.27368727
0,0.26562282
0,0.27344278
0,0.26465192
0,0.26209396
0,0.2657866
0,0.2707192
0,0.27230993
0,0.27433428
0,0.26349565
0,0.259923
0,0.25719213
0,0.26806998
0,0.25803792
0,0.254936
0,0.27356958
0,0.26893792
0,0.28002644
0,0.283574
0,0.28658092
0,0.2773405
0,0.28324497
0,0.28654206
0,0.28864557
0,0.27689442
0,0.27218542
0,0.2695195
0,0.27733794
0,0.26908255
0,0.26648694
0,0.2741822
0,0.2662059
0,0.27481169
0,0.26629797
0,0.26400772
0,0.2703489
0,0.27267548
0,0.2628485
0,0.26252866
0,0.26813602
0,0.2702028
0,0.26008394
0,0.26622713
0,0.258091
0,0.2760115
0,0.2822836
0,0.28540948
0,0.27637115
0,0.28521746
0,0.2908287
0,0.29006416
0,0.28960085
0,0.2780482
0,0.27383485
0,0.27288923
0,0.27977228
0,0.282156
0,0.28875953
0,0.2754035
0,0.2780393
0,0.28565705
0,0.27207822
0,0.27873135
0,0.2827482
0,0.28170168
0,0.270866
0,0.26659352
0,0.27465016
0,0.26422438
0,0.27356637
0,0.2736074
0,0.2642224
0,0.26082754
0,0.2682103
0,0.25973868
0,0.26668477
0,0.25781217
0,0.25440398
0,0.26135576
0,0.26413554
0,0.26514342
0,0.27741563
0,0.27013183
0,0.269372
0,0.26830375
0,0.27749795
0,0.27010104
0,0.2679833
0,0.2745828
0,0.27844363
0,0.26951316
0,0.27802032
0,0.26772758
0,0.2654164
0,0.27244535
0,0.27630207
0,0.26735
0,0.2638253
0,0.26169953
0,0.2592616
0,0.26827598
0,0.2713336
0,0.26224053
0,0.2701896
0,0.26044422
0,0.25666565
0,0.25534213
0,0.25310123
0,0.2519437
0,0.26050314
0,0.24714217
0,0.2698832
0,0.26589105
0,0.2775208
0,0.28235525
0,0.2741135
0,0.27230817
0,0.2709083
0,0.27972
0,0.2719478
0,0.26887095
0,0.27232155
0,0.26737
0,0.26628014
0,0.26401797
0,0.27393496
0,0.27675456
0,0.27727276
0,0.27983046
0,0.2794511
0,0.2789662
0,0.27943826
0,0.27880922
0,0.27675793
0,0.27770096
0,0.27732852
0,0.28057748
0,0.2674776
0,0.27253097
0,0.2719211
0,0.2825783
0,0.2700964
0,0.28292167
0,0.2863602
0,0.2881717
0,0.27840814
0,0.2859366
0,0.2881206
0,0.2885678
0,0.27824953
0,0.27388212
0,0.2815572
0,0.28409287
0,0.27587372
0,0.28277522
0,0.27176836
0,0.2778913
0,0.28002033
0,0.2801031
0,0.268356
0,0.2757362
0,0.26698563
0,0.2630266
0,0.26081288
0,0.26838493
0,0.26112872
0,0.25870755
0,0.2638956
0,0.25747925
0,0.25520518
0,0.25243923
0,0.25136012
0,0.25585848
0,0.25057015
0,0.25883
0,0.27293494
0,0.26835358
0,0.27947164
0,0.28155378
0,0.27439335
0,0.28414285
0,0.28389096
0,0.284277
0,0.28505582
0,0.27489564
0,0.28242564
0,0.28356802
0,0.27334103
0,0.26940635
0,0.27574855
0,0.27820337
0,0.2686303
0,0.2765141
0,0.26684603
0,0.27472463
0,0.27615103
0,0.27287117
0,0.26491886
0,0.27248293
0,0.27454376
0,0.27580306
0,0.26480046
0,0.27066648
0,0.2611133
0,0.2676865
0,0.25910503
0,0.2648667
0,0.2783743
0,0.28301263
0,0.27515694
0,0.272172
0,0.27131364
0,0.2741744
0,0.26984674
0,0.2792018
0,0.28130975
0,0.27306175
0,0.2704819
0,0.26480824
0,0.27615914
0,0.27713433
0,0.28254828
0,0.27043837
0,0.27787325
0,0.28827745
0,0.28202215
0,0.2817354
0,0.27061233
0,0.2611392
0,0.27053985
0,0.2622899
0,0.26983172
0,0.26067945
0,0.25903448
0,0.2716808
0,0.27197924
0,0.26609027
0,0.2596481
0,0.25627494
0,0.2726158
0,0.26943907
0,0.2785849
0,0.28466016
0,0.27520677
0,0.28463647
0,0.2760981
0,0.28458905
0,0.27553993
0,0.28471446
0,0.28676072
0,0.28640103
0,0.29950148
0,0.28122967
0,0.27519855
0,0.27209502
0,0.27826566
0,0.27837673
0,0.26998073
0,0.27737597
0,0.26778543
0,0.27570367
0,0.2663693
0,0.2640585
0,0.27252552
0,0.2647756
0,0.27242395
0,0.26475063
0,0.27222162
0,0.26138592
0,0.2608476
0,0.2693472
0,0.27073464
0,0.26185712
0,0.26816812
0,0.25961134
0,0.26664704
0,0.2679635
0,0.25939366
0,0.2661651
0,0.2833253
0,0.2736849
0,0.28328264
0,0.286243
0,0.27705687
0,0.2865054
0,0.2769201
0,0.2743565
0,0.27205285
0,0.2709081
0,0.27934185
0,0.27199057
0,0.2694922
0,0.28115478
0,0.28134525
0,0.2716489
0,0.2678527
0,0.26542643
0,0.2625988
0,0.26195648
0,0.25972825
0,0.2606621
0,0.26893112
0,0.26139066
0,0.27035582
0,0.26192832
0,0.269471
0,0.2587354
0,0.25637692
0,0.26507536
0,0.26668662
0,0.2578633
0,0.2543694
0,0.26178488
0,0.27758655
0,0.2821123
0,0.28682083
0,0.27673444
0,0.29003626
0,0.27819484
0,0.28432316
0,0.28657433
0,0.28640482
0,0.27639166
0,0.28257063
0,0.28456488
0,0.28417134
0,0.28497344
0,0.27394477
0,0.281793
0,0.27065122
0,0.2677475
0,0.27515736
0,0.26647967
0,0.27445242
0,0.26527986
0,0.9026412
0,0.69799626
0,0.57942605
0,0.4923452
0,0.441616
0,0.3768635
0,0.32712314
0,0.30420014
0,0.29508698
0,0.2824929
0,0.25610167
0,0.24711725
0,0.22154404
0,0.20068103
0,0.17337883
0,0.15767112
0,0.14704971
0,0.14261985
0,0.14132586
0,0.15179965
0,0.15024303
0,0.16233459
0,0.1766978
0,0.18931343
0,0.20304106
0,0.21025445
0,0.22130525
0,0.22643906
0,0.23524879
0,0.24679151
0,0.27237758
0,0.2633898
0,0.26084885
0,0.26822823
0,0.27148154
0,0.2626716
0,0.25916517
0,0.2564341
0,0.27037176
0,0.26884443
0,0.26947597
0,0.2805365
0,0.28532264
0,0.28767005
0,0.28948328
0,0.2795621
0,0.28768963
0,0.29200217
0,0.29062292
0,0.27556378
0,0.27379012
0,0.26989353
0,0.2789523
0,0.27968678
0,0.28111047
0,0.28224015
0,0.28079137
0,0.2703485
0,0.26554936
0,0.27247152
0,0.27302375
0,0.27420944
0,0.2744148
0,0.27384573
0,0.27478144
0,0.26478645
0,0.2703246
0,0.27155682
0,0.27241758
0,0.27166104
0,0.28289276
0,0.26566276
0,0.2707303
0,0.26099315
0,0.27801383
0,0.2836385
0,0.27576154
0,0.27344042
0,0.27098185
0,0.2809915
0,0.2723188
0,0.28078315
0,0.2818872
0,0.29011285
0,0.28566998
0,0.2852822
0,0.28532207
0,0.28476554
0,0.28303042
0,0.27239317
0,0.26814052
0,0.26474324
0,0.26231757
0,0.27078435
0,0.27105993
0,0.27955917
0,0.2770556
0,0.26669118
0,0.2715396
0,0.27309743
0,0.27301642
0,0.27284914
0,0.27310553
0,0.27308998
0,0.2621513
0,0.26832482
0,0.2791669
0,0.28360724
0,0.27547917
0,0.2722525
0,0.2674235
0,0.26727238
0,0.2771666
0,0.27211627
0,0.27681014
0,0.2799785
0,0.28163993
0,0.2810401
0,0.28202942
0,0.2802945
0,0.27950343
0,0.27731287
0,0.2781071
0,0.27752978
0,0.26664138
0,0.26251343
0,0.26861137
0,0.27655724
0,0.26242048
0,0.2693086
0,0.27587292
0,0.26265165
0,0.25794628
0,0.25491178
0,0.25270435
1,0.99853003
1,0.99853015
1,0.99853027
1,0.9985304
1,0.9985305
1,0.9985306
1,0.9985308
1,0.9985309
1,0.998531
1,0.99853104
1,0.99853104
1,0.99853104
1,0.99853104
1,0.99853104
1,0.99853104
1,0.99853104
1,0.99853104
1,0.99853104
1,0.99853104
1,0.99853104
1,0.99853104
1,0.99853104
1,0.99853104
1,0.99853104
1,0.99853104
1,0.99853104
1,0.99853104
1,0.99853104
1,0.99853104
1,0.99853104
1,0.99853104
1,0.99853104
1,0.99853104
1,0.99853104
1,0.99853104
1,0.99853104
1,0.99853104
1,0.99853104
1,0.99853104
1,0.99853104
1,0.99853104
1,0.99853104
1,0.99853104
1,0.99853104
1,0.99853104
1,0.99853104
1,0.99853104
1,0.99853104
1,0.99853104
1,0.99853104
1,0.99853104
1,0.99853104
1,0.99853104
1,0.99853104
1,0.99853104
1,0.99853104
1,0.99853104
1,0.99853104
1,0.99853104
1,0.99853104
1,0.99853104
1,0.99853104
1,0.99853104
1,0.99853104
1,0.99853104
1,0.99853104
1,0.99853104
1,0.99853104
1,0.99853104
1,0.99853104
1,0.99853104
1,0.99853104
1,0.99853104
1,0.99853104
1,0.99853104
1,0.99853104
1,0.99853104
1,0.99853104
1,0.99853104
1,0.99853104
1,0.99853104
1,0.99853104
1,0.99853104
1,0.99853104
1,0.99853104
1,0.99853104
1,0.99853104
1,0.99853104
1,0.99853104
1,0.99853104
1,0.99853104
1,0.99853104
1,0.99853104
1,0.99853104
1,0.99853104
1,0.99853104
1,0.99853104
1,0.99853104
1,0.99853104
1,0.99853104
1,0.99853104
1,0.99853104
1,0.99853104
1,0.99853104
1,0.99853104
1,0.99853104
1,0.99853104
1,0.99853104
1,0.99853104
1,0.99853104
1,0.99853104
1,0.99853104
1,0.99853104
1,0.99853104
1,0.99853104
1,0.99853104
1,0.99853104
1,0.99853104
1,0.99853104
1,0.99853104
1,0.99853104
1,0.99853104
1,0.99853104
1,0.99853104
1,0.99853104
1,0.99853104
1,0.99853104
1,0.99853104
1,0.99853104
1,0.99853104
1,0.99853104
1,0.99853104
1,0.99853104
1,0.99853104
1,0.99853104
1,0.99853104
1,0.99853104
1,0.99853104
1,0.99853104
1,0.99853104
1,0.99853104
1,0.99853104
1,0.99853104
1,0.99853104
1,0.99853104
1,0.99853104
1,0.99853104
1,0.99853104
1,0.99853104
1,0.99853104
1,0.99853104
1,0.99853104
1,0.99853104
1,0.99853104
1,0.99853104
1,0.99853104
1,0.99853104
1,0.99853104
1,0.99853104
1,0.99853104
1,0.99853104
1,0.99853104
1,0.99853104
1,0.99853104
1,0.99853104
1,0.99853104
1,0.99853104
1,0.99853104
1,0.99853104
1,0.99853104
1,0.99853104
1,0.99853104
1,0.99853104
1,0.99853104
1,0.99853104
1,0.99853104
1,0.99853104
1,0.99853104
1,0.99853104
1,0.99853104
1,0.99853104
0,0.99853104
0,0.99237007
0,0.9898676
0,0.98839706
0,0.98595876
0,0.98250425
0,0.9766348
0,0.9617647
0,0.9435355
0,0.9188278
0,0.89795107
0,0.8764117
0,0.8577429
0,0.84562576
0,0.81417835
0,0.80568856
0,0.757611
0,0.7084166
0,0.66769946
0,0.595279
0,0.5422097
0,0.47664732
0,0.41111165
0,0.36545113
0,0.29186928
0,0.24871989
0,0.17857765
0,0.13496502
0,0.12831223
0,0.24129516
0,0.26966667
0,0.29115695
0,0.27445325
0,0.26684284
0,0.26176092
0,0.2693753
0,0.27141622
0,0.2849196
0,0.26940012
0,0.27601397
0,0.27717292
0,0.26691595
0,0.25958186
0,0.26757833
0,0.26649338
0,0.26378697
0,0.2748413
0,0.28444976
0,0.27421328
0,0.26905382
0,0.27622223
0,0.2679045
0,0.26762575
0,0.2737905
0,0.27672625
0,0.27315244
0,0.26511794
0,0.27399915
0,0.27105248
0,0.27970725
0,0.27320883
0,0.2807037
0,0.2776471
0,0.27745122
0,0.27534282
0,0.2661147
0,0.27026707
0,0.2817074
0,0.27096248
0,0.2810272
0,0.27396452
0,0.2725622
0,0.27694064
0,0.27540258
0,0.27048525
0,0.2636123
0,0.25920308
0,0.26316246
0,0.261166
0,0.2676864
0,0.27120477
0,0.26862335
0,0.27093717
0,0.27557132
0,0.278012
0,0.2689576
0,0.28460518
0,0.2900322
0,0.27142483
0,0.2686181
0,0.26988277
0,0.2789919
0,0.27230135
0,0.2763832
0,0.26740566
0,0.2755775
0,0.3139406
0,0.3067634
0,0.28771827
0,0.27758464
0,0.28635463
0,0.2846686
0,0.28291413
0,0.41460204
0,0.39646655
0,0.33772892
0,0.31418493
0,0.29396033
0,0.28347638
0,0.28543937
0,0.2719075
0,0.2705523
0,0.27451915
0,0.26900125
0,0.2658467
0,0.28668553
0,0.287401
0,0.27328223
0,0.28486535
0,0.49897495
0,0.5292814
0,0.39533377
0,0.32732898
0,0.29803082
0,0.2774175
0,0.26503968
0,0.29018915
0,0.25328025
0,0.24259076
0,0.24928695
0,0.24258213
0,0.23754312
0,0.23631181
0,0.2684032
0,0.2563241
0,0.2499688
0,0.23572093
0,0.23310737
0,0.23020959
0,0.23942114
0,0.23981142
0,0.2463004
0,0.24425507
0,0.24178141
0,0.24433483
0,0.2545815
0,0.2579411
0,0.2536348
0,0.2590608
0,0.26950854
0,0.27381772
0,0.26216424
0,0.2638818
0,0.27302793
0,0.26577523
0,0.26464668
0,0.26256454
0,0.26139784
0,0.25985122
0,0.26353556
0,0.26450822
0,0.26680595
0,0.26803192
0,0.26295412
0,0.2702381
0,0.26871967
0,0.2790223
0,0.27656832
0,0.27199355
0,0.36485007
0,0.3328289
0,0.30666867
0,0.2896986
0,0.28359795
0,0.26943746
0,0.27502993
0,0.27047902
0,0.27530056
0,0.26823467
0,0.27203372
0,0.2700596
0,0.2824071
0,0.2789556
0,0.27063343
0,0.26854008
0,0.34853446
0,0.3135284
0,0.29770446
0,0.2843188
0,0.2821908
0,0.27830967
0,0.27751926
0,0.28588027
0,0.2776267
0,0.28253806
0,0.28285968
0,0.2835234
0,0.28742763
0,0.27682465
0,0.28666627
0,0.2783205
0,0.2760914
0,0.27591375
0,0.27961704
0,0.28097624
0,0.27941394
0,0.2773016
0,0.26776746
0,0.27758303
0,0.27503166
0,0.27137464
0,0.27941272
0,0.27180994
0,0.26974443
0,0.28059414
0,0.27239203
0,0.27486852
0,0.27311134
0,0.2698044
0,0.2723997
0,0.27107665
0,0.26806033
0,0.2658682
0,0.26629832
0,0.25792018
0,0.28032002
0,0.27605113
0,0.27018583
0,0.26452115
0,0.262725
0,0.2723092
0,0.28359076
0,0.2785386
0,0.26959333
0,0.27908227
0,0.27384397
0,0.27770483
0,0.6906421
0,0.8261125
0,0.693339
0,0.60805494
0,0.5375785
0,0.4847694
0,0.41880998
0,0.36695695
0,0.33511025
0,0.28595275
0,0.2163299
0,0.1776773
0,0.20283249
0,0.16038184
0,0.14765672
0,0.14142112
0,0.13304584
0,0.12697978
0,0.12404902
0,0.12256942
0,0.1270485
0,0.13040781
0,0.12912352
0,0.13147013
0,0.13497348
0,0.14357668
0,0.1552682
0,0.1657999
0,0.17885943
0,0.19550616
0,0.30295184
0,0.28998885
0,0.28530592
0,0.27831578
0,0.28104782
0,0.2802731
0,0.28191587
0,0.27974942
0,0.27472964
0,0.27920732
0,0.27379528
0,0.2664615
0,0.29114065
0,0.27569818
0,0.27760655
0,0.2851812
0,0.27700317
0,0.28143758
0,0.27266845
0,0.2776317
0,0.28270167
0,0.2777081
0,0.27721643
0,0.6441412
0,0.47280338
0,0.3897274
0,0.35107565
0,0.32445195
0,0.29644325
0,0.28980115
0,0.2836455
0,0.28079692
0,0.27397
0,0.27703923
0,0.27507243
0,0.2788021
0,0.26757956
0,0.27077413
0,0.26419854
0,0.2674005
0,0.26444036
0,0.25356445
0,0.31500006
0,0.2990298
0,0.27714816
0,0.26811582
0,0.278198
0,0.26509455
0,0.26439533
0,0.2618729
0,0.26744872
0,0.26236555
0,0.2731894
0,0.27572203
0,0.27328846
0,0.27060023
0,0.2683601
0,0.2693547
0,0.2740587
0,0.27227357
0,0.27518484
0,0.2721252
0,0.26852724
0,0.29740036
0,0.282736
0,0.27973107
0,0.28242105
0,0.28985837
0,0.27909338
0,0.27251744
0,0.27336663
0,0.27117753
0,0.27083093
0,0.26813754
0,0.26874036
0,0.2702541
0,0.28149888
0,0.27657336
0,0.28102413
0,0.26531836
0,0.2854652
0,0.27677414
0,0.27752194
0,0.27105698
0,0.28840014
0,0.2784364
0,0.27569252
0,0.284348
0,0.28140435
0,0.2771613
0,0.27215186
0,0.2714711
0,0.26716033
0,0.27340245
0,0.277391
0,0.27257496
0,0.30020577
0,0.27639228
0,0.27775362
0,0.27451608
0,0.27423692
0,0.27552238
0,0.27383396
0,0.26866898
0,0.2713818
0,0.27038324
0,0.2658335
0,0.26074103
0,0.27152205
0,0.26610762
0,0.2834695
0,0.26797956
0,0.27716866
0,0.27084944
0,0.26663694
0,0.259923
0,0.2729818
0,0.27211684
0,0.2704818
0,0.28209877
0,0.27495974
0,0.29604924
0,0.29936668
0,0.31038314
0,0.29644772
0,0.30486396
0,0.3079961
0,0.28406504
0,0.28871915
0,0.29043138
0,0.27637994
0,0.2766856
0,0.2791253
0,0.2787895
0,0.26846752
0,0.28862694
0,0.31150723
0,0.29667744
0,0.2851536
0,0.27218994
0,0.2719589
0,0.27458435
0,0.27412552
0,0.26384172
0,0.2605159
0,0.25741902
0,0.26243874
0,0.26867554
0,0.28351843
0,0.27782866
0,0.27037016
0,0.27391508
0,0.27013534
0,0.26155266
0,0.2595777
0,0.26135615
0,0.27483124
0,0.2722987
0,0.47800756
0,0.50142276
0,0.39571616
0,0.34949392
0,0.3285398
0,0.30319124
0,0.30212688
0,0.3046265
0,0.2892648
0,0.29016647
0,0.28427327
0,0.28507787
0,0.29218584
0,0.2881424
0,0.27583182
0,0.27669388
0,0.26748058
0,0.27284887
0,0.26350185
0,0.24106374
0,0.2329253
0,0.22533093
0,0.22462954
0,0.23538034
0,0.23468405
0,0.23678386
0,0.24341299
0,0.2470994
0,0.25230724
0,0.25579342
0,0.26605624
0,0.26380107
0,0.3211766
0,0.2852646
0,0.2918832
0,0.28817546
0,0.28080565
0,0.2690468
0,0.27675915
0,0.26874638
0,0.26271224
0,0.25851333
0,0.26758558
0,0.26080456
0,0.26856992
0,0.2732562
0,0.27228767
0,0.27200186
0,0.28937873
0,0.28114837
0,0.2695949
0,0.2654709
0,0.27125078
0,0.27414474
0,0.2640959
0,0.2767821
0,0.27026212
0,0.27179784
0,0.26334187
0,0.27189746
0,0.2721853
0,0.268893
0,0.26688787
0,0.27005216
0,0.2721344
0,0.2852163
0,0.29397044
0,0.28714234
0,0.29812917
0,0.2864775
0,0.2998338
0,0.29205728
0,0.29847258
0,0.28436762
0,0.28798422
0,0.27374235
0,0.28921297
0,0.2739471
0,0.27851966
0,0.27572307
0,0.27452484
0,0.27997333
0,0.2730518
0,0.2746167
0,0.27277562
0,0.26391804
0,0.26195973
0,0.27479246
0,0.27244544
0,0.2690536
0,0.28028554
0,0.28719506
0,0.27776834
0,0.28056732
0,0.2724931
0,0.26905137
0,0.2723758
0,0.27596176
0,0.2708657
0,0.27400294
0,0.27166685
0,0.27660742
0,0.27048025
0,0.27728692
0,0.26329285
0,0.25868985
0,0.2698471
0,0.28010368
0,0.28362906
0,0.2795604
0,0.27602458
0,0.2785936
0,0.28371394
0,0.27296045
0,0.2728039
0,0.2716226
0,0.26473346
0,0.26233408
0,0.26495147
0,0.26063308
0,0.26784423
0,0.26616228
0,0.27357784
0,0.27328268
0,0.27870524
0,0.27755675
0,0.27259994
0,0.27489328
0,0.2710152
0,0.26784116
0,0.265836
0,0.260957
0,0.26229295
0,0.26623636
0,0.26362315
0,0.26068977
0,0.27022114
0,0.26576307
0,0.2766062
0,0.2642456
0,0.27375278
0,0.28113937
0,0.28267232
0,0.28367278
0,0.2759912
0,0.27527735
0,0.26688114
0,0.27261114
0,0.27949739
0,0.28493637
0,0.28163603
0,0.27785307
0,0.26878884
0,0.27510625
0,0.2737847
0,0.27321476
0,0.26482314
0,0.26832107
0,0.26628378
0,0.2722012
0,0.26262736
0,0.2651556
0,0.2615725
0,0.27004242
0,0.28040907
0,0.2809054
0,0.28063914
0,0.27497527
0,0.26470533
0,0.27127868
0,0.2798161
0,0.2807194
0,0.3311744
0,0.29931134
0,0.29302984
0,0.28697702
0,0.28096282
0,0.28557432
0,0.2682972
0,0.26877648
0,0.26358178
0,0.2643592
0,0.283004
0,0.2740818
0,0.28142574
0,0.27591392
0,0.2807552
0,0.27309918
0,0.27656224
0,0.2803296
0,0.2741441
0,0.27417317
0,0.2741849
0,0.2730628
0,0.268897
0,0.26670405
0,0.27957383
0,0.2720736
0,0.26682466
0,0.2694826
0,0.26954874
0,0.26703405
0,0.2753082
0,0.26535615
0,0.26957798
0,0.2735728
0,0.26862037
0,0.26873308
0,0.26874697
0,0.27258885
0,0.2699099
0,0.263424
0,0.26619327
0,0.26403883
0,0.2753701
0,0.27761468
0,0.27669674
0,0.26638794
0,0.2670461
0,0.26354215
0,0.27326733
0,0.2711814
0,0.26748905
0,0.2694606
0,0.26750526
0,0.2704531
0,0.27329457
0,0.26860735
0,0.27273387
0,0.27230096
0,0.2767624
0,0.26847097
0,0.27534226
0,0.27524915
0,0.27544576
0,0.27381498
0,0.26970267
0,0.26528805
0,0.28436944
0,0.2789562
0,0.27500394
0,0.27591765
0,0.27158198
0,0.2805153
0,0.27546847
0,0.2763346
0,0.2771055
0,0.27666238
0,0.28876078
0,0.27724534
0,0.27855453
0,0.2720054
0,0.27129346
0,0.27434978
0,0.27781144
0,0.29144925
0,0.27833772
0,0.27682713
0,0.27241704
0,0.2731512
0,0.26567206
0,0.26947793
0,0.2762903
0,0.2736803
0,0.26919758
0,0.26656932
0,0.26567373
0,0.26388565
0,0.26924172
0,0.26920623
0,0.2795959
0,0.2950302
0,0.2822014
0,0.28713897
0,0.27096742
0,0.2751838
0,0.2741348
0,0.26773244
0,0.27329275
0,0.27534366
0,0.2692275
0,0.2639571
0,0.2783314
0,0.27542865
0,0.2911993
0,0.2796801
0,0.28293702
0,0.27844682
0,0.29232934
0,0.27661982
0,0.27878773
0,0.29380396
0,0.29027978
0,0.28318828
0,0.28183162
0,0.27687746
0,0.27362832
0,0.27902374
0,0.27649447
0,0.2733214
0,0.2709587
0,0.27722153
0,0.26493832
0,0.26267767
0,0.26653162
0,0.2666868
0,0.2732217
0,0.27150193
0,0.27402797
0,0.27638888
0,0.26905188
0,0.26628742
0,0.26917124
0,0.26778919
0,0.26469707
0,0.2718028
0,0.2732567
0,0.28908348
0,0.27373278
0,0.27637777
0,0.28331476
0,0.2684264
0,0.2713
0,0.27291587
0,0.27146575
0,0.27416366
0,0.27214575
0,0.27476397
0,0.2719068
0,0.26324567
0,0.27521476
0,0.2595872
0,0.2735621
0,0.26914972
0,0.2617693
0,0.2677765
0,0.28110862
0,0.27378133
0,0.38093534
0,0.3584185
0,0.30971485
0,0.29360428
0,0.28490406
0,0.2878376
0,0.28162932
0,0.27302378
0,0.27082673
0,0.26650715
0,0.27385736
0,0.27154264
0,0.27566013
0,0.27477393
0,0.27637082
0,0.26605177
0,0.27005395
0,0.27241197
0,0.28367847
0,0.26886842
0,0.26956788
0,0.27264544
0,0.27075604
0,0.26341164
0,0.26597115
0,0.27225247
0,0.27854782
0,0.27922478
0,0.27229822
0,0.26917267
0,0.27122143
0,0.26120648
0,0.26865268
0,0.26559195
0,0.26588088
0,0.261522
0,0.2629492
0,0.26536703
0,0.2772208
0,0.26739752
0,0.26710588
0,0.27840966
0,0.27574247
0,0.2772601
0,0.2801039
0,0.2838563
0,0.28221652
0,0.27702153
0,0.27588308
0,0.27745014
0,0.2767098
0,0.2837489
0,0.2773229
0,0.28270325
0,0.28619573
0,0.29866394
0,0.29167145
0,0.28559604
0,0.2874663
0,0.28606543
0,0.28680456
0,0.2881797
0,0.29627556
0,0.2888583
0,0.2969732
0,0.2772243
0,0.27105963
0,0.27270213
0,0.28384042
0,0.26864904
0,0.27435154
0,0.277208
0,0.2749505
0,0.27655372
0,0.27140048
0,0.2746274
0,0.26798505
0,0.2656539
0,0.27318653
0,0.26511762
0,0.26471674
0,0.26529062
0,0.26654044
0,0.27599072
0,0.267795
0,0.28139752
0,0.27472433
0,0.27321106
0,0.27959612
0,0.27535388
0,0.276036
0,0.28295746
0,0.29075
0,0.2716682
0,0.27595848
0,0.2675337
0,0.2691135
0,0.27239665
0,0.26154286
0,0.2574133
0,0.26277474
0,0.25475582
0,0.2708933
0,0.25715932
0,0.27253968
0,0.27416176
0,0.26893398
0,0.26109883
0,0.26454175
0,0.26023126
0,0.2622052
0,0.2634036
0,0.2632283
0,0.26160306
0,0.28595334
0,0.27995417
0,0.27878082
0,0.2721906
0,0.28327504
0,0.27989396
0,0.28618774
0,0.27100444
0,0.27016506
0,0.28432706
0,0.2784218
0,0.2869622
0,0.27786404
0,0.27349868
0,0.27919927
0,0.27710953
0,0.27957284
0,0.28528848
0,0.28864387
0,0.28065276
0,0.28169024
0,0.27358958
0,0.2787259
0,0.2645101
0,0.27257666
0,0.26364028
0,0.26978564
0,0.26531172
0,0.26634547
0,0.26012737
0,0.27489102
0,0.27571154
0,0.2837407
0,0.28576338
0,0.29115885
0,0.29139632
0,0.28184414
0,0.27884823
0,0.28993243
0,0.29832882
0,0.2793851
0,0.2769436
0,0.2716513
0,0.2860285
0,0.6898892
0,0.82878876
0,0.676008
0,0.6388334
0,0.5534302
0,0.48190656
0,0.4397738
0,0.3547659
0,0.28762522
0,0.21861249
0,0.18704398
0,0.16084895
0,0.1515362
0,0.14216402
0,0.13308637
0,0.13374917
0,0.12973636
0,0.13266985
0,0.13060822
0,0.13212822
0,0.12964585
0,0.13117424
0,0.14099993
0,0.1460097
0,0.15641704
0,0.16185255
0,0.17671002
0,0.18968375
0,0.20409942
0,0.2198325
0,0.27060512
0,0.27026248
0,0.27678642
0,0.27344176
0,0.27858347
0,0.28300485
0,0.28449532
0,0.27030268
0,0.27274904
0,0.28870487
0,0.27637208
0,0.27206987
0,0.27356654
0,0.26952267
0,0.28606355
0,0.27729675
0,0.27440777
0,0.28605127
0,0.2800211
0,0.27589864
0,0.27814308
0,0.27420232
0,0.27153763
0,0.2667302
0,0.26719636
0,0.27278495
0,0.27517444
0,0.26633334
0,0.26697758
0,0.26820695
0,0.26822558
0,0.28150624
0,0.2735873
0,0.2679235
0,0.28342187
0,0.27109033
0,0.26866347
0,0.26815316
0,0.26683983
0,0.26784876
0,0.26977637
0,0.27337366
0,0.27894127
0,0.2708467
0,0.30607206
0,0.2796203
0,0.2807679
0,0.2790633
0,0.27484006
0,0.2675454
0,0.2662943
0,0.2621986
0,0.26622936
0,0.2713363
0,0.26847365
0,0.2736446
0,0.28222677
0,0.2743275
0,0.270478
0,0.26901984
0,0.27159268
0,0.26794565
0,0.27149445
0,0.26980147
0,0.2685932
0,0.27428064
0,0.27812368
0,0.2655336
0,0.28202376
0,0.27155787
0,0.2670997
0,0.28732517
0,0.27966338
0,0.26566467
0,0.25925848
0,0.26513305
0,0.25509095
0,0.2586075
0,0.27243164
0,0.25093943
0,0.25812182
0,0.25850472
0,0.26286983
0,0.26836172
0,0.27618065
0,0.26292545
0,0.25877002
0,0.2612148
0,0.32202965
0,0.2887945
0,0.28078058
0,0.2746773
0,0.26616147
0,0.26985058
0,0.26650807
0,0.2642369
0,0.25891063
0,0.26583588
0,0.25943178
0,0.2607464
0,0.2573767
0,0.25365415
0,0.2478849
0,0.25220072
0,0.25613174
0,0.2522365
0,0.2631387
0,0.2562745
0,0.25860456
0,0.2630838
0,0.26122823
0,0.250805
0,0.25584653
0,0.2570885
0,0.2543431
0,0.27065256
0,0.25605494
0,0.26800844
0,0.26018187
0,0.24929409
0,0.2622746
0,0.24973466
0,0.26221174
0,0.25737363
0,0.26971605
0,0.2620318
0,0.25853005
0,0.25802353
0,0.25548735
0,0.25774616
0,0.25140166
0,0.256648
0,0.26056227
0,0.2573237
0,0.26268518
0,0.26597506
0,0.27976787
0,0.27305898
0,0.26231766
0,0.26867506
0,0.26761094
0,0.26096234
0,0.27396405
0,0.25629503
0,0.25498036
0,0.26414213
0,0.2635696
0,0.25777397
0,0.25244716
0,0.24379128
0,0.246339
0,0.25519726
0,0.25655702
0,0.25067663
0,0.24808787
0,0.24098001
0,0.2515521
0,0.24646223
0,0.25260735
0,0.24109784
0,0.27850962
0,0.27509332
0,0.27121717
0,0.26140732
0,0.25415286
0,0.259152
0,0.26675293
0,0.25678185
0,0.2704078
0,0.25345418
0,0.27135205
0,0.25349107
0,0.25920758
0,0.25288755
0,0.25731152
0,0.25075552
0,0.2614714
0,0.26322442
0,0.27220705
0,0.26879156
0,0.2652026
0,0.24991812
0,0.2531917
0,0.24519834
0,0.25281644
0,0.24820971
0,0.25279367
0,0.24384065
0,0.26487073
0,0.26131868
0,0.24787813
0,0.24080318
0,0.32035682
0,0.32337663
0,0.28835613
0,0.27008492
0,0.26790306
0,0.25988668
0,0.27065867
0,0.26517093
0,0.27214286
0,0.25564706
0,0.25732216
0,0.26209617
0,0.2684618
0,0.26289693
0,0.2701819
0,0.27526248
0,0.2637537
0,0.2518863
0,0.26481766
0,0.26117286
0,0.25667548
0,0.2575394
0,0.26490355
0,0.25960395
0,0.4697313
0,0.5055474
0,0.37604904
0,0.33136258
0,0.3141239
0,0.29118562
0,0.31069425
0,0.27820784
0,0.27909142
0,0.26836443
0,0.27214468
0,0.26282892
0,0.2682711
0,0.2597712
0,0.26575574
0,0.26221406
0,0.26415828
0,0.25559053
0,0.2597268
0,0.25147006
0,0.25622025
0,0.24996863
0,0.33630392
0,0.3428622
0,0.3008284
1,0.28343755
1,0.27714083
1,0.26425308
1,0.25733936
1,0.24900985
1,0.26015598
1,0.26232988
1,0.26214164
1,0.2629511
1,0.24726643
1,0.2585677
1,0.25855398
1,0.25415426
1,0.25911143
1,0.25985444
1,0.95613915
1,0.99244606
1,0.99688435
1,0.9980401
1,0.9980094
1,0.9984598
1,0.9982861
1,0.99818903
1,0.9973786
1,0.99695206
1,0.9962854
0,0.99840873
0,0.9952647
0,0.99436665
0,0.9928404
0,0.991346
0,0.98512846
0,0.97938955
0,0.9680247
0,0.9506082
0,0.9252697
0,0.90234274
0,0.95898485
0,0.9552039
0,0.91394645
0,0.880689
0,0.84996367
0,0.830661
0,0.80447584
0,0.7764878
0,0.73713994
0,0.65817463
0,0.5807681
0,0.46191865
0,0.3532151
0,0.22992317
0,0.39850545
0,0.4210231
0,0.28531396
0,0.17783295
0,0.1456706
0,0.15206094
0,0.16148911
0,0.18259789
0,0.2064219
0,0.22165573
0,0.22543432
0,0.22612876
0,0.24194212
0,0.24455489
0,0.24003933
0,0.2516435
0,0.26518807
0,0.25675863
0,0.2610948
0,0.2576762
0,0.253489
0,0.2440753
0,0.26906958
0,0.27612442
0,0.267798
0,0.2588317
0,0.27291346
0,0.2701056
0,0.26602077
0,0.26708347
0,0.26576626
0,0.25701317
0,0.24996665
0,0.24923582
0,0.3697608
0,0.36122158
0,0.3105886
0,0.28419414
0,0.2788708
0,0.27431569
0,0.26933762
0,0.26074737
0,0.26203552
0,0.2594196
0,0.2593912
0,0.2610713
0,0.46667895
0,0.5002196
0,0.3781034
0,0.3272301
0,0.30315086
0,0.2996826
0,0.2821752
0,0.27421072
0,0.34306183
0,0.30968592
0,0.30981973
0,0.28411004
0,0.28319666
0,0.27009785
0,0.26329893
0,0.25542033
0,0.2632603
0,0.2536858
0,0.2531353
0,0.2443094
0,0.4156937
0,0.42839864
0,0.31425077
1,0.27042612
1,0.25049797
1,0.23120733
1,0.22527544
1,0.23382533
1,0.22792184
1,0.23742679
1,0.27338567
1,0.27373722
1,0.27190846
1,0.2719177
1,0.2725628
1,0.2609855
1,0.25966638
1,0.25447646
1,0.9554676
0,0.992818
0,0.9713776
0,0.95890915
0,0.9321172
0,0.8850204
0,0.8303518
0,0.7531186
0,0.69636774
0,0.63227594
0,0.5587342
0,0.4636832
0,0.6891693
0,0.6806427
0,0.56108546
0,0.49101833
0,0.4384326
0,0.38994706
0,0.3458472
0,0.28614688
0,0.41087505
0,0.3729644
0,0.3001247
0,0.23879504
0,0.20858182
0,0.16128542
0,0.14196971
0,0.13021913
0,0.2911935
0,0.35174862
0,0.19669929
0,0.30192542
0,0.3237505
0,0.25206444
0,0.2160163
0,0.18806784
0,0.20809278
0,0.17487834
0,0.16546133
0,0.16297044
0,0.16722071
0,0.17123921
0,0.312011
0,0.35638863
0,0.24785325
0,0.20234251
0,0.2623438
0,0.22508425
0,0.18036206
0,0.16402528
0,0.32575577
0,0.39129764
0,0.26336113
0,0.18682459
0,0.16595443
0,0.1489426
0,0.1446826
0,0.1360668
0,0.24307771
0,0.27316603
0,0.17975031
0,0.15971693
0,0.14225018
0,0.13258612
0,0.130798
0,0.1264255
0,0.12391564
0,0.1255474
0,0.13428937
0,0.14467375
0,0.15401262
0,0.17043462
0,0.20583555
0,0.20145345
0,0.21436206
0,0.22257765
0,0.44065696
0,0.5186379
0,0.40798616
0,0.31773603
0,0.3223769
0,0.29264435
0,0.28207588
0,0.264986
0,0.27393162
0,0.2548426
0,0.25932565
0,0.25723776
0,0.26239917
0,0.25929824
0,0.4555781
0,0.47531965
0,0.3532307
0,0.31124434
0,0.24181691
0,0.18838817
0,0.17621242
0,0.16815816
0,0.16796003
0,0.15442584
0,0.30478206
0,0.3728761
0,0.25102288
0,0.18472502
0,0.4035685
0,0.4642925
0,0.42430452
0,0.32051063
0,0.2219035
0,0.16292462
0,0.35547394
0,0.38779485
0,0.24646153
0,0.18061708
0,0.15295991
0,0.13929236
0,0.1313266
0,0.12628004
0,0.12384305
0,0.12264752
0,0.2424403
0,0.31482255
0,0.21572217
0,0.17467003
0,0.15331815
0,0.14165764
0,0.17283128
0,0.15643844
0,0.14037141
0,0.13162577
0,0.13253142
0,0.13151045
0,0.1346578
0,0.14129294
0,0.16494817
0,0.17582056
0,0.18417926
0,0.20137478
0,0.21465261
0,0.21818855
0,0.23261957
0,0.22893786
0,0.23118095
0,0.24213108
0,0.24759975
0,0.24427594
0,0.25330287
0,0.24779175
0,0.25658172
0,0.24937674
0,0.27357745
0,0.26915225
0,0.4879118
0,0.5228847
0,0.40930668
0,0.3526612
0,0.3272363
0,0.2932349
0,0.27952126
0,0.26736438
0,0.2689901
0,0.256899
0,0.26159167
0,0.25127947
0,0.25494316
0,0.24647482
0,0.25363782
0,0.254583
0,0.2800123
0,0.2837014
0,0.4831246
0,0.5046272
0,0.3782522
0,0.32572988
0,0.27555394
0,0.23780122
0,0.23043387
0,0.22296657
0,0.23367073
0,0.22792304
0,0.38883847
0,0.43278527
0,0.37633842
0,0.3079388
0,0.26558787
0,0.21949627
0,0.46376902
0,0.59266114
0,0.3953503
0,0.2750949
0,0.2018503
0,0.15849052
0,0.14924593
0,0.1367669
0,0.13010748
0,0.12423803
0,0.12563558
0,0.12538634
0,0.13409781
0,0.14587745
0,0.23497695
0,0.24330899
0,0.18724753
0,0.16503957
0,0.1557007
0,0.15015168
0,0.16455474
0,0.16777176
0,0.17655031
0,0.1920038
0,0.22466776
0,0.24572812
0,0.24624437
0,0.250062
0,0.24342257
0,0.25817648
0,0.26396453
0,0.2607436
0,0.39885125
0,0.3864123
0,0.31640315
0,0.2998222
0,0.28830007
0,0.27611047
0,0.27286288
0,0.26733702
0,0.27879268
0,0.26532382
0,0.47382602
0,0.5036908
0,0.3939097
0,0.3430828
0,0.31427327
0,0.28482577
0,0.48871028
0,0.5321466
0,0.38558388
0,0.30202404
0,0.25029308
0,0.20536496
0,0.17711587
0,0.1568653
0,0.15127115
0,0.14216268
0,0.27007434
0,0.32486907
0,0.22041331
0,0.17293982
0,0.1574018
0,0.13972403
0,0.13826334
0,0.13062006
0,0.13317262
0,0.13625689
0,0.2673552
0,0.33012322
0,0.23094377
0,0.19034953
0,0.18871693
0,0.17476735
0,0.16418402
0,0.1592275
0,0.16543815
0,0.16824754
0,0.21717672
0,0.21531889
0,0.21021543
0,0.20404321
0,0.21323249
0,0.21395022
0,0.21919046
0,0.22452442
0,0.45097402
0,0.54378605
0,0.4208382
0,0.33598116
0,0.2840452
0,0.2466253
0,0.23233524
0,0.22171333
0,0.56768274
0,0.7789826
0,0.63905644
0,0.4738585
0,0.47715488
0,0.34920233
0,0.2802921
0,0.20648614
0,0.17108613
0,0.152579
0,0.13654317
0,0.12837511
0,0.12682392
0,0.1267096
0,0.12481034
0,0.1255936
0,0.13156897
0,0.13903163
0,0.1451765
0,0.15267026
0,0.16792746
0,0.17842229
0,0.19942895
0,0.19146894
0,0.20751153
0,0.22175787
0,0.23178484
0,0.25230536
0,0.24253197
0,0.24293202
0,0.25802368
0,0.25893337
0,0.24870475
0,0.2413221
0,0.25346026
0,0.25460762
0,0.25649157
0,0.24685504
0,0.46636277
0,0.5041988
0,0.38475308
0,0.3380357
0,0.32444638
0,0.29758668
0,0.29755908
0,0.2820633
0,0.26738772
0,0.2656506
0,0.26455748
0,0.26139122
0,0.26403263
0,0.2712341
0,0.47337583
0,0.49697176
0,0.37877077
0,0.32180175
0,0.29961482
0,0.25760007
0,0.43587443
0,0.49601027
0,0.34521648
0,0.2465695
0,0.48832688
0,0.52091986
0,0.3365652
0,0.23575577
0,0.30887374
0,0.23749276
0,0.21993455
0,0.18519251
0,0.14972359
0,0.13548306
0,0.13499488
0,0.12529388
0,0.22825143
0,0.26194248
0,0.17593174
0,0.15235372
0,0.14008208
0,0.13081865
0,0.26759875
0,0.34129217
0,0.2184848
0,0.1694558
0,0.15360597
0,0.14419393
0,0.1388243
0,0.13025594
0,0.2422923
0,0.28226274
0,0.20204248
0,0.16588499
0,0.16245888
0,0.15196076
0,0.14175318
0,0.1357395
0,0.13142765
0,0.1253029
0,0.1283213
0,0.13041173
0,0.13548249
0,0.14232291
0,0.15348318
0,0.17005199
0,0.19352292
0,0.20274153
0,0.2191327
0,0.22373427
0,0.2375736
0,0.23378485
0,0.2540854
0,0.25066662
0,0.24518208
0,0.25113532
0,0.26008844
0,0.25595456
0,0.25857368
0,0.24770689
0,0.29273674
0,0.25859606
0,0.47760078
0,0.5045006
0,0.4062834
0,0.34423143
0,0.315639
0,0.28474933
0,0.2757658
0,0.26303795
0,0.25140938
0,0.25397715
0,0.411689
0,0.41116372
0,0.33399755
0,0.31080672
0,0.3142557
0,0.27926013
0,0.45542243
0,0.47298765
0,0.3448637
0,0.26411358
0,0.19691789
0,0.17034282
0,0.3411351
0,0.383647
0,0.25910202
0,0.19212699
0,0.16053459
0,0.1499416
0,0.13907743
0,0.13534236
0,0.13451478
0,0.12736087
0,0.12546693
0,0.12742391
0,0.1271586
0,0.13560377
0,0.14760527
0,0.15771909
0,0.3427686
0,0.45282546
0,0.33656964
0,0.25941885
0,0.20829512
0,0.1859415
0,0.16882844
0,0.16405396
0,0.18759516
0,0.20178837
0,0.19850549
0,0.20589672
0,0.21493608
0,0.22177887
0,0.2553368
0,0.25398478
0,0.2502754
0,0.24368942
0,0.23403756
0,0.23208265
0,0.23438413
0,0.23042855
0,0.24770379
0,0.2404941
0,0.24764718
0,0.249676
0,0.24821392
0,0.24666695
0,0.25397512
0,0.24849333
0,0.25758478
0,0.2524503
0,0.25597453
0,0.25327098
0,0.35563523
0,0.3269987
0,0.30798176
0,0.27580428
0,0.27364197
0,0.26171935
0,0.29725054
0,0.26343867
0,0.4896833
0,0.52008367
0,0.40872276
0,0.3412808
0,0.55321926
0,0.57695925
0,0.44529125
0,0.36332121
0,0.30494282
0,0.26602286
0,0.22668718
0,0.19307064
0,0.19229564
0,0.15811619
0,0.14465357
0,0.14023171
0,0.15543874
0,0.14805593
0,0.14307183
0,0.1400552
0,0.1407775
0,0.14325225
0,0.1383524
0,0.14033994
0,0.14780499
0,0.15825129
0,0.19453941
0,0.19224836
0,0.20150737
0,0.21032321
0,0.2426949
0,0.260021
0,0.2624935
0,0.26187685
0,0.26752347
0,0.26638812
0,0.2729772
0,0.2643556
0,0.26906946
0,0.26759332
0,0.26781756
0,0.26855424
0,0.26724154
0,0.25664636
0,0.2559223
0,0.25981814
0,0.26192853
0,0.26149166
0,0.25391257
0,0.2586081
0,0.27061236
0,0.2785938
0,0.27285832
0,0.26353943
0,0.26552704
0,0.26468074
0,0.2625163
0,0.2722882
0,0.2653713
0,0.26277956
0,0.26120564
0,0.25092185
0,0.25579855
0,0.2684891
0,0.26131737
0,0.25231177
0,0.25534943
0,0.25833058
0,0.25846332
0,0.25069347
0,0.37132198
0,0.35371077
0,0.30431202
0,0.29806098
0,0.28132328
0,0.26843244
0,0.26548716
0,0.25775418
0,0.2573215
0,0.2520836
0,0.25321785
0,0.26140055
0,0.2552228
0,0.26401076
0,0.2564082
0,0.25435463
0,0.264506
0,0.25577408
0,0.48727572
0,0.53097916
0,0.41010875
0,0.3576587
0,0.32914183
0,0.29666275
0,0.29062644
0,0.27338454
0,0.29139358
0,0.28656998
0,0.27944466
0,0.27527067
0,0.2730498
0,0.26937354
0,0.2675577
0,0.26492035
0,0.25751302
0,0.2568144
0,0.25538602
0,0.24092185
0,0.24392225
0,0.24429338
0,0.24754694
0,0.24878559
0,0.25253147
0,0.24397783
0,0.2602028
0,0.26265404
0,0.2691737
0,0.2644361
0,0.26707202
0,0.2646491
0,0.26446998
0,0.25872287
0,0.472419
0,0.5022298
0,0.3913052
0,0.331034
0,0.32172996
0,0.3023072
0,0.28825107
0,0.2780692
0,0.2737537
0,0.26415712
0,0.26349688
0,0.27145913
0,0.2643446
0,0.26163596
0,0.2599911
0,0.25808117
0,0.457743
0,0.4815142
0,0.36135328
0,0.30830482
0,0.27421528
0,0.24985005
0,0.23896456
0,0.23921248
0,0.23204917
0,0.2310513
0,0.32423037
0,0.30961546
0,0.26384455
0,0.24607547
0,0.33989707
0,0.29500398
0,0.27619419
0,0.26454553
0,0.25290987
0,0.24912895
0,0.23912597
0,0.24177958
0,0.23303436
0,0.23128757
0,0.24103723
0,0.247519
0,0.25277415
0,0.25660828
0,0.24958691
0,0.25732914
0,0.2678653
0,0.26822475
0,0.2681072
0,0.26756796
0,0.2683911
0,0.26742402
0,0.26814568
0,0.27216274
0,0.26910684
0,0.2720852
0,0.27297205
0,0.26947767
0,0.2610455
0,0.2683689
0,0.26887244
0,0.26662165
0,0.26510766
0,0.2651292
0,0.26433244
0,0.263784
0,0.2634224
0,0.26311794
0,0.26661146
0,0.2559714
0,0.25961185
0,0.24752611
0,0.25456944
0,0.25662163
0,0.2568035
0,0.26179296
0,0.25889567
0,0.2539456
0,0.2572496
0,0.25262222
0,0.25908214
0,0.2690496
0,0.26455772
0,0.26677245
0,0.26057604
0,0.25250655
0,0.25447026
0,0.27775905
0,0.26301306
0,0.2583916
0,0.26726648
0,0.25983292
0,0.34146777
0,0.31131744
0,0.30042118
0,0.29920724
0,0.27739626
0,0.26726753
0,0.46990043
0,0.49444163
0,0.38819268
0,0.332533
0,0.31423506
0,0.29047418
0,0.28985152
0,0.27381897
0,0.27156335
0,0.2727691
0,0.2725316
0,0.27165183
0,0.27034336
0,0.25859565
0,0.26241162
0,0.25242102
0,0.25004753
0,0.24275044
0,0.2589287
0,0.25569227
0,0.2555918
0,0.2576227
0,0.24836521
0,0.26779023
0,0.26377103
0,0.25452712
0,0.26029313
0,0.25366968
0,0.25238416
0,0.2619978
0,0.26297307
0,0.25297493
0,0.25213438
0,0.25880042
0,0.2588912
0,0.2507653
0,0.25641975
0,0.25986102
0,0.2627304
0,0.26215625
0,0.36719415
0,0.34508815
0,0.30441183
0,0.29190758
0,0.28026256
0,0.2770686
0,0.27097508
0,0.26114374
0,0.2705879
0,0.2766016
0,0.27351707
0,0.2804012
0,0.2680491
0,0.25794825
0,0.2587333
0,0.25941777
0,0.25779217
0,0.24886991
0,0.2637106
0,0.25823775
0,0.29512516
0,0.2629391
0,0.27893433
0,0.26267305
0,0.2628401
0,0.2561458
0,0.26022813
0,0.25322634
0,0.26815802
0,0.2704284
0,0.26097
0,0.25978985
0,0.25629422
0,0.24704346
0,0.24941021
0,0.2454085
0,0.25869521
0,0.26262197
0,0.2543069
0,0.26224533
0,0.2516347
0,0.24588451
0,0.25805852
0,0.2505378
0,0.2598913
0,0.262926
0,0.26517084
0,0.26668188
0,0.26682663
0,0.2674142
0,0.26666313
0,0.26803163
0,0.25638738
0,0.25342998
0,0.26011625
0,0.26236072
0,0.2634042
0,0.27546835
0,0.26937824
0,0.26831263
0,0.2751643
0,0.27001518
0,0.2677977
0,0.25547916
0,0.25171733
0,0.25528878
0,0.25802234
0,0.25010058
0,0.25632757
0,0.2613054
0,0.26054326
0,0.2597946
0,0.26122388
0,0.26334697
0,0.2557245
0,0.2530475
0,0.25675455
0,0.2592824
0,0.2694679
0,0.26027256
0,0.2605806
0,0.25773862
0,0.25914773
0,0.25299394
0,0.25706893
0,0.25117326
0,0.25441408
0,0.24918728
0,0.2525243
0,0.24459371
0,0.2506399
0,0.24483429
0,0.25944126
0,0.25168526
0,0.26345572
0,0.27674553
0,0.27446368
0,0.27221185
0,0.27461004
0,0.2727619
0,0.26318485
0,0.27199006
0,0.26159903
0,0.26698896
0,0.25981233
0,0.2520894
0,0.2610835
0,0.25048724
0,0.2516479
0,0.26228383
0,0.27728534
0,0.25915515
0,0.26704893
0,0.26591557
0,0.2683031
0,0.2730985
0,0.2602086
0,0.25712445
0,0.2644974
0,0.26384273
0,0.26669413
0,0.2658706
0,0.26760083
0,0.25878948
0,0.2681663
0,0.2650991
0,0.25612992
0,0.26107192
0,0.26336765
0,0.2619304
0,0.2642371
0,0.2555333
0,0.26173687
0,0.2719633
0,0.2618654
0,0.2620111
0,0.26395702
0,0.2615458
0,0.26042134
0,0.25965318
0,0.25132045
0,0.25841993
0,0.26006258
0,0.2605692
0,0.25728253
0,0.25595036
0,0.26022017
0,0.25869617
0,0.26077014
0,0.2534125
0,0.25873607
0,0.25515124
0,0.2585065
0,0.26522514
0,0.2624373
0,0.25860628
0,0.2609332
0,0.26625025
0,0.27441537
0,0.2714393
0,0.2665411
0,0.25144896
0,0.25820878
0,0.25322253
0,0.25660777
0,0.25336814
0,0.25593337
0,0.26371318
0,0.25942785
0,0.26401994
0,0.26072872
0,0.26335886
0,0.2600647
0,0.269267
0,0.2626674
0,0.272128
0,0.27460346
0,0.27121675
0,0.26509577
0,0.26937845
0,0.26301944
0,0.25581542
0,0.25665542
0,0.26092133
0,0.26028323
0,0.2652439
0,0.25848266
0,0.2629944
0,0.26851425
0,0.26600575
0,0.2636178
0,0.26513442
0,0.26936027
0,0.2668241
0,0.25976837
0,0.24974573
0,0.26545712
0,0.26249266
0,0.26657277
0,0.26439127
0,0.26750487
0,0.2643211
0,0.2642739
0,0.25639656
0,0.2681558
0,0.26416343
0,0.26705623
0,0.26779598
0,0.26992708
0,0.26697335
0,0.27305534
0,0.26608396
0,0.26896682
0,0.25815582
0,0.2622924
0,0.2544859
0,0.2627818
0,0.25160939
0,0.25936103
0,0.2504686
0,0.25806606
0,0.25597587
0,0.25952196
0,0.2572943
0,0.2601402
0,0.27068147
0,0.25411022
0,0.25716785
0,0.25900483
0,0.25583315
0,0.25872177
0,0.26693675
0,0.26196688
0,0.25696263
0,0.25932515
0,0.2607866
0,0.2597527
0,0.24808607
0,0.26222283
0,0.26475972
0,0.26090652
0,0.26585555
0,0.26160395
0,0.26707038
0,0.26622498
0,0.2736981
0,0.26470274
0,0.26752725
0,0.2721852
0,0.25823155
0,0.26532152
0,0.26510182
0,0.25910228
0,0.2631925
0,0.2578679
0,0.261665
0,0.2682628
0,0.27102095
0,0.2712072
0,0.27252826
0,0.2621413
0,0.2504873
0,0.25267005
0,0.246376
0,0.25990897
0,0.2580328
0,0.28154564
0,0.25808224
0,0.26699713
0,0.28419822
0,0.35568878
0,0.31400555
0,0.30007154
0,0.28361648
0,0.28202897
0,0.2747823
0,0.29063627
0,0.27353254
0,0.27345893
0,0.2667799
0,0.26879108
0,0.28284067
0,0.27755478
0,0.28101197
0,0.27856067
0,0.26776043
0,0.26953018
0,0.27768838
0,0.2713624
0,0.2654531
0,0.25727594
0,0.25299934
0,0.26266512
0,0.26769522
0,0.25918496
0,0.25592542
0,0.2623816
0,0.25637093
0,0.27107453
0,0.27068588
0,0.26532418
0,0.2685834
0,0.26511195
0,0.25774184
0,0.6614375
0,0.78806305
0,0.61918926
0,0.4944807
0,0.4316214
0,0.35703945
0,0.4008292
0,0.32259512
0,0.28565535
0,0.2569192
0,0.2200696
0,0.20062129
0,0.17431574
0,0.15001197
0,0.1417478
0,0.13497856
0,0.13448934
0,0.13637589
0,0.1412772
0,0.14960603
0,0.1624353
0,0.17013374
0,0.18119825
0,0.1994323
0,0.21685942
0,0.22483657
0,0.2398934
0,0.24315615
0,0.24219698
0,0.2484347
0,0.26584375
0,0.2625459
0,0.2679586
0,0.26283574
0,0.26667088
0,0.26458147
0,0.2662224
0,0.26160637
0,0.25445136
0,0.2560344
0,0.26068696
0,0.25303817
0,0.26523116
0,0.25896153
0,0.25171062
0,0.25654384
0,0.2490987
0,0.2518514
0,0.2578191
0,0.2574491
0,0.24875459
0,0.25145215
0,0.24935675
0,0.24555324
0,0.25234267
0,0.24935028
0,0.25343582
0,0.25073773
0,0.25434607
0,0.25092816
0,0.25419563
0,0.24780941
0,0.2520364
0,0.25940192
0,0.25592905
0,0.2621109
0,0.27194315
0,0.2697927
0,0.26254237
0,0.2664049
0,0.27154392
0,0.258328
0,0.25853795
0,0.2633232
0,0.25802848
0,0.263081
0,0.25772175
0,0.27449277
0,0.2639648
0,0.26709032
0,0.27134836
0,0.2579944
0,0.25657916
0,0.26235625
0,0.25594297
0,0.26155928
0,0.26619545
0,0.25469494
0,0.26402247
0,0.25534657
0,0.25909337
0,0.261835
0,0.25483713
0,0.2605543
0,0.26525787
0,0.26418146
0,0.25566006
0,0.26092318
0,0.26445714
0,0.2634476
0,0.26447198
0,0.2533431
0,0.2621147
0,0.26239112
0,0.25397357
0,0.2595257
0,0.26332986
0,0.26199567
0,0.26382744
0,0.26234508
0,0.264057
0,0.26289403
0,0.2641685
0,0.26303434
0,0.26906002
0,0.26561496
0,0.2552793
0,0.25868568
0,0.2505038
0,0.25474682
0,0.26323682
0,0.25949484
0,0.25107738
0,0.25464743
0,0.24697465
0,0.25110546
0,0.25592756
0,0.2584791
0,0.27197182
0,0.26025006
0,0.26070428
0,0.24841417
0,0.2603594
0,0.24704598
0,0.25377607
0,0.25157014
0,0.26495782
0,0.2660959
0,0.26135838
0,0.28879583
0,0.26969972
0,0.2619233
0,0.2608239
0,0.24622303
0,0.25410178
0,0.26071927
0,0.25739726
0,0.26521808
0,0.27058947
0,0.25930792
0,0.26914707
0,0.26973233
0,0.3106492
0,0.2852315
0,0.27357242
0,0.27440703
0,0.26589268
0,0.2691875
0,0.26182985
0,0.26605615
0,0.25849167
0,0.2643859
0,0.26851976
0,0.28240517
0,0.27609017
0,0.2629732
0,0.27313244
0,0.2569273
0,0.2666738
0,0.26420787
0,0.27856824
0,0.2693819
0,0.26063564
0,0.2789972
0,0.27712277
0,0.28252453
0,0.2765764
0,0.2710948
0,0.27210367
0,0.3183386
0,0.27833077
0,0.275003
0,0.27053237
0,0.30826566
0,0.28637224
0,0.2760085
0,0.265102
0,0.27732798
0,0.27297577
0,0.26608476
0,0.2580598
0,0.25235608
0,0.2615111
0,0.30529362
0,0.29285127
0,0.2788321
0,0.2753801
0,0.26891378
0,0.26961148
0,0.26189262
0,0.26779935
0,0.26119885
0,0.26327857
0,0.31949914
0,0.2848976
0,0.27307075
0,0.28507945
0,0.26897442
0,0.26962703
0,0.25382552
0,0.2731231
0,0.27190325
0,0.27787966
0,0.27470097
0,0.2791902
0,0.26502022
0,0.27615473
0,0.2627903
0,0.26443005
0,0.26861444
0,0.28659195
0,0.2773365
0,0.28079447
0,0.27611244
0,0.26808593
0,0.2582265
0,0.25974178
0,0.28107616
0,0.2768809
0,0.2739637
0,0.31346706
0,0.2725514
0,0.2705621
0,0.27185082
0,0.2753899
0,0.2718851
0,0.2767098
0,0.2719578
0,0.2756603
0,0.259845
0,0.259721
0,0.2831027
0,0.27540165
0,0.27068248
0,0.27262735
0,0.2581512
0,0.26801935
0,0.26632524
0,0.2725011
0,0.27808538
0,0.26533133
0,0.30777568
0,0.2864868
0,0.28015456
0,0.2874057
0,0.26470178
0,0.27129522
0,0.263935
0,0.2803018
0,0.25808358
0,0.26624307
0,0.26288405
0,0.2656076
0,0.2617304
0,0.26509663
0,0.25806433
0,0.26279527
0,0.271788
0,0.26691803
0,0.26160172
0,0.26376304
0,0.25910372
0,0.26220363
0,0.26964158
0,0.26519644
0,0.27203655
0,0.2707773
0,0.26072416
0,0.27460453
0,0.26195648
0,0.2634511
0,0.2680124
0,0.2662665
0,0.25885156
0,0.26832342
0,0.26896676
0,0.2649765
0,0.27357954
0,0.26577878
0,0.2558147
0,0.25925508
0,0.2508468
0,0.26301897
0,0.2508378
0,0.2667285
0,0.26537883
0,0.2610156
0,0.2507612
0,0.28177682
0,0.2731624
0,0.26496166
0,0.25459492
0,0.25720483
0,0.26077983
0,0.2570592
0,0.26076153
0,0.25690982
0,0.26093054
0,0.26750168
0,0.2641384
0,0.25982842
0,0.3258656
0,0.28239492
0,0.28839868
0,0.34212732
0,0.29211855
0,0.27841225
0,0.2755341
0,0.276699
0,0.2698721
0,0.26102737
0,0.25289392
0,0.25928533
0,0.25946525
0,0.2665526
0,0.24909572
0,0.26660278
0,0.28351173
0,0.2744559
0,0.26678023
0,0.26973373
0,0.3261407
0,0.29272714
0,0.27917844
0,0.26676926
0,0.26468232
0,0.2678929
0,0.26140767
0,0.26627073
0,0.25551316
0,0.2627286
0,0.30464083
0,0.28132525
0,0.281083
0,0.27405137
0,0.26548707
0,0.2673516
0,0.27208415
0,0.25724813
0,0.26730675
0,0.26470393
0,0.2579745
0,0.26210523
0,0.2505966
0,0.2629542
0,0.25584203
0,0.26035744
0,0.24779712
0,0.25583985
0,0.26097867
0,0.2492641
0,0.25859204
0,0.25747845
0,0.26211247
0,0.26026392
0,0.2633085
0,0.25983194
0,0.2756812
0,0.26890254
0,0.25706998
0,0.25992018
0,0.2615534
0,0.25822228
0,0.26185253
0,0.26882428
0,0.26510245
0,0.26045862
0,0.26195678
0,0.25888652
0,0.2462203
0,0.27863005
0,0.26610568
0,0.26087436
0,0.2617719
0,0.26796463
0,0.2638543
0,0.27244174
0,0.26941556
0,0.2621851
0,0.2619929
0,0.26757336
0,0.26343873
0,0.25816032
0,0.25902814
0,0.2539378
0,0.25574946
0,0.2621338
0,0.26007354
0,0.26087943
0,0.25689927
0,0.26213455
0,0.24765182
0,0.24875492
0,0.2504132
0,0.25912374
0,0.25354332
0,0.25974405
0,0.25647458
0,0.2504095
0,0.24459665
0,0.24373807
0,0.24572326
0,0.253089
0,0.2496856
0,0.2798046
0,0.25977162
0,0.2663737
0,0.25073949
0,0.24709474
0,0.24132049
0,0.25129703
0,0.25696337
0,0.2565635
0,0.26068676
0,0.26334578
0,0.24915758
0,0.2679188
0,0.27730668
0,0.26588348
0,0.24869472
0,0.25471014
0,0.25868684
0,0.2603593
0,0.25023234
0,0.253448
0,0.24383844
0,0.25080785
0,0.23950796
0,0.2510773
0,0.2583183
0,0.27266225
0,0.26668745
0,0.30616054
0,0.2789494
0,0.28521335
0,0.27357543
0,0.26583287
0,0.2715138
0,0.26347908
0,0.2658708
0,0.2811864
0,0.26172847
0,0.405426
0,0.38199475
0,0.3200964
0,0.29870456
0,0.28128105
0,0.27303877
0,0.28043795
0,0.2751091
0,0.27446294
0,0.26890305
0,0.28651434
0,0.2680598
0,0.2767315
0,0.26694328
0,0.27898797
0,0.2749486
0,0.26527172
0,0.2613561
0,0.2730057
0,0.27257982
0,0.2768306
0,0.2589206
0,0.26631895
0,0.25700957
0,0.25528827
0,0.24589631
0,0.25778583
0,0.24567255
0,0.24997282
0,0.25500715
0,0.25868228
0,0.2509522
0,0.24813668
0,0.25707048
0,0.26624158
0,0.26921964
0,0.27745092
0,0.27261126
0,0.2731765
0,0.27297288
0,0.2720969
0,0.26916847
0,0.2723871
0,0.26988685
0,0.28583834
0,0.27841157
0,0.3095418
0,0.32056123
0,0.30498776
0,0.28924936
0,0.2795652
0,0.27298623
0,0.2883249
0,0.27693883
0,0.26825115
0,0.275621
0,0.32892153
0,0.27623862
0,0.28054187
0,0.27186656
0,0.26747292
0,0.26369637
0,0.4043432
0,0.37542203
0,0.3176471
0,0.29349706
0,0.28131816
0,0.27202797
0,0.3206236
0,0.27915317
0,0.29893708
0,0.2744285
0,0.26926345
0,0.26321453
0,0.2678078
0,0.2600846
0,0.3551842
0,0.31485263
0,0.29639214
0,0.2920009
0,0.2862007
0,0.26992744
0,0.2748379
0,0.2723502
0,0.27268887
0,0.2707989
0,0.26139528
0,0.25287032
0,0.2508963
0,0.26247418
0,0.26995465
0,0.2532055
0,0.26336426
0,0.25375077
0,0.2615355
0,0.26678708
0,0.25749993
0,0.26357573
0,0.25209832
0,0.24919344
0,0.2497428
0,0.24878366
0,0.24596462
0,0.2441831
0,0.24325256
0,0.24141264
0,0.2494945
0,0.25193238
0,0.24409485
0,0.25100827
0,0.25358248
0,0.25506642
0,0.2561731
0,0.25599402
0,0.25890487
0,0.26627815
0,0.26197958
0,0.24947815
0,0.25648212
0,0.24542272
0,0.25145784
0,0.25291094
0,0.25303447
0,0.2545639
0,0.25412738
0,0.25988856
0,0.25689408
0,0.25663188
0,0.2559772
0,0.2560748
0,0.2685604
0,0.24961683
0,0.25442377
0,0.25427723
0,0.25353545
0,0.25809583
0,0.2492141
0,0.2524079
0,0.2526427
0,0.25171247
0,0.25553703
0,0.2458621
0,0.24970596
0,0.24919683
0,0.25080687
0,0.24896523
0,0.24902335
0,0.26692647
0,0.2530048
0,0.2516382
0,0.26058003
0,0.2675302
0,0.2605113
0,0.26587844
0,0.26740026
0,0.26897302
0,0.26921275
0,0.25857016
0,0.26092032
0,0.26473233
0,0.2556104
0,0.26272926
0,0.26795125
0,0.2798593
0,0.26164553
0,0.256422
0,0.26238412
0,0.2540241
0,0.25524658
0,0.245585
0,0.25579718
0,0.24219549
0,0.2551188
0,0.2587179
0,0.26022032
0,0.24548057
0,0.2508464
0,0.24588424
0,0.24998634
0,0.23969443
0,0.2507902
0,0.23886845
0,0.23901172
0,0.23509115
0,0.2571595
0,0.24596484
0,0.2647107
0,0.24974993
0,0.25524488
0,0.25673681
0,0.25884068
0,0.25879592
0,0.26246136
0,0.266269
0,0.26439163
0,0.26126763
0,0.25861552
0,0.25875166
0,0.2780723
0,0.26648292
0,0.27303895
0,0.2765684
0,0.269621
0,0.26380324
0,0.26079133
0,0.25846794
0,0.2562942
0,0.2548781
0,0.2653811
0,0.2580963
0,0.25606674
0,0.2566027
0,0.25444835
0,0.26412603
0,0.26896682
0,0.2612715
0,0.25661445
0,0.25519347
0,0.25281703
0,0.2657731
0,0.25714266
0,0.25361535
0,0.25241187
0,0.25073037
0,0.25943598
0,0.26225963
0,0.2651991
0,0.2665311
0,0.26144052
0,0.26716626
0,0.26702586
0,0.25976574
0,0.26452163
0,0.26458088
0,0.25390676
0,0.26070863
0,0.2554839
0,0.2527972
0,0.2541647
0,0.2602752
0,0.26092574
0,0.26093772
0,0.26168555
0,0.2518906
0,0.24675956
0,0.25449595
0,0.25625107
0,0.25904074
0,0.25413853
0,0.25702527
0,0.25806376
0,0.25826168
0,0.26960722
0,0.2623901
0,0.2612663
0,0.26175556
0,0.26095578
0,0.24570966
0,0.2681588
0,0.27226987
0,0.26364014
0,0.26057798
0,0.26014763
0,0.25777912
0,0.25760254
0,0.25585392
0,0.2564057
0,0.25643983
0,0.2672878
0,0.25828388
0,0.25837442
0,0.25514397
0,0.25519383
0,0.25466946
0,0.2554254
0,0.25306928
0,0.2543392
0,0.25272658
0,0.2580534
0,0.25312924
0,0.2539258
0,0.26707298
0,0.25947723
0,0.25424886
0,0.25462234
0,0.26214293
0,0.25632274
0,0.25206003
0,0.25244966
0,0.2484418
0,0.2554464
0,0.24873596
0,0.24986075
0,0.25669503
0,0.25128573
0,0.25999737
0,0.25381586
0,0.24843875
0,0.24595259
0,0.2438264
0,0.25568083
0,0.2562198
0,0.26992914
0,0.26335177
0,0.27010292
0,0.26519936
0,0.26765394
0,0.26435587
0,0.26515105
0,0.26300308
0,0.25522003
0,0.25761214
0,0.26224202
0,0.259711
0,0.2635621
0,0.25960442
0,0.25272495
0,0.25596035
0,0.248548
0,0.25287858
0,0.24883243
0,0.25179103
0,0.26059943
0,0.2600436
0,0.25118807
0,0.25275925
0,0.26920342
0,0.25853452
0,0.2504014
0,0.25254095
0,0.26418296
0,0.2630456
0,0.2616707
0,0.25623357
0,0.2597377
0,0.26503453
0,0.26293045
0,0.25583342
0,0.25887156
0,0.2635911
0,0.2735905
0,0.2704956
0,0.26568967
0,0.2684483
0,0.26337022
0,0.2662806
0,0.2626615
0,0.25438341
0,0.25814906
0,0.26159278
0,0.26011148
0,0.2640068
0,0.26374272
0,0.253605
0,0.3604407
0,0.34538957
0,0.30371514
0,0.29001477
0,0.28367448
0,0.27628878
0,0.26858094
0,0.26772776
0,0.26211676
0,0.26421776
0,0.27035373
0,0.26521665
0,0.259864
0,0.2613805
0,0.25763685
0,0.25916883
0,0.2555402
0,0.24695624
0,0.2511113
0,0.2541742
0,0.25166598
0,0.25503063
0,0.2532893
0,0.25307792
0,0.26693374
0,0.270703
0,0.2708388
0,0.2550821
0,0.26574862
0,0.2601274
0,0.2652722
0,0.25983897
0,0.25395003
0,0.25363016
0,0.26095223
0,0.25443015
0,0.26109248
0,0.25483945
0,0.24978916
0,0.26077598
0,0.2528234
0,0.26159197
0,0.25481436
0,0.2521672
0,0.2547159
0,0.2507346
0,0.26145053
0,0.263463
0,0.2519252
0,0.26134655
0,0.25028202
0,0.25938538
0,0.26100093
0,0.2628253
0,0.26228574
0,0.25446758
0,0.24766423
0,0.2574233
0,0.25694284
0,0.2596792
0,0.25919095
0,0.2602745
0,0.2617859
0,0.25095585
0,0.2562693
0,0.2578837
0,0.2689565
0,0.25472686
0,0.2580298
0,0.25743407
0,0.25740892
0,0.25726044
0,0.2569325
0,0.25762576
0,0.26178044
0,0.2591067
0,0.25669777
0,0.2601073
0,0.25620398
0,0.25638095
0,0.25423956
0,0.25450718
0,0.25266322
0,0.2435447
0,0.2547184
0,0.2638505
0,0.25630173
0,0.2553938
0,0.2814491
0,0.30391607
0,0.31115982
0,0.30258211
0,0.29539335
0,0.28011188
0,0.27045268
0,0.26404455
0,0.2589857
0,0.25684488
0,0.2555887
0,0.25387394
0,0.2620795
0,0.26538837
0,0.25634366
0,0.25326267
0,0.25088117
0,0.26080254
0,0.2524346
0,0.26093933
0,0.25246638
0,0.2608963
0,0.25215146
0,0.2493952
0,0.2577797
0,0.25337216
0,0.25483745
0,0.24849315
0,0.25733298
0,0.25946513
0,0.26164442
0,0.26112092
0,0.25070763
0,0.25678533
0,0.24751866
0,0.24478264
0,0.2588382
0,0.2568965
0,0.25899675
0,0.2585659
0,0.2604448
0,0.25975916
0,0.2602312
0,0.25921398
0,0.25966132
0,0.25919437
0,0.24924949
0,0.25426862
0,0.25608495
0,0.25625345
0,0.25739354
0,0.2567731
0,0.25766978
0,0.2679825
0,0.26176268
0,0.26008567
0,0.25878304
0,0.25428584
0,0.25587243
0,0.25555715
0,0.25515878
0,0.25493723
0,0.25570107
0,0.25612277
0,0.2657838
0,0.25894752
0,0.262468
0,0.25925183
0,0.25624594
0,0.25507966
0,0.26464295
0,0.25687736
0,0.2555744
0,0.25388026
0,0.2522466
0,0.25176534
0,0.25522336
0,0.25176772
0,0.2614238
0,0.25440553
0,0.26342997
0,0.25519806
0,0.2528203
0,0.2619675
0,0.26405978
0,0.2550067
0,0.27916643
0,0.25982702
0,0.26651064
0,0.2668623
0,0.26808017
0,0.2691922
0,0.26794785
0,0.48968354
0,0.36653316
0,0.31706208
0,0.30266282
0,0.29067233
0,0.2715678
0,0.26562932
0,0.2677421
0,0.2783929
0,0.2707994
0,0.27078548
0,0.2684484
0,0.26828697
0,0.26325947
0,0.25501215
0,0.261556
0,0.2647397
0,0.26500288
0,0.26549086
0,0.2632799
0,0.25387356
0,0.25935924
0,0.2610659
0,0.25626844
0,0.24984513
0,0.2559101
0,0.25030336
0,0.25468168
0,0.25730634
0,0.27291894
0,0.2641911
0,0.26159108
0,0.24819359
0,0.24966203
0,0.25495636
0,0.25460073
0,0.2562899
0,0.25591978
0,0.2563024
0,0.25533688
0,0.25519633
0,0.2689421
0,0.26010323
0,0.26867622
0,0.26174653
0,0.2691259
0,0.26133716
0,0.25768188
0,0.25650898
0,0.2541609
0,0.25512618
0,0.2545754
0,0.25474322
0,0.26237077
0,0.2572367
0,0.2531706
0,0.25397277
0,0.26173767
0,0.25558135
0,0.26221138
0,0.256667
0,0.26350027
0,0.2570891
0,0.26327488
0,0.25711682
0,0.26485988
0,0.25821674
0,0.2527314
0,0.25301367
0,0.25983402
0,0.2539059
0,0.25989652
0,0.2640347
0,0.264074
0,0.25586054
0,0.26154187
0,0.25473228
0,0.260029
0,0.26449943
0,0.26344654
0,0.25490427
0,0.253974
0,0.2605967
0,0.2499765
0,0.25927308
0,0.2593411
0,0.26154682
0,0.26018205
0,0.26277772
0,0.26124522
0,0.25250405
0,0.2596924
0,0.26158026
0,0.25977308
0,0.2515093
0,0.25755227
0,0.24929883
0,0.25354967
0,0.2571354
0,0.24550442
0,0.24571665
0,0.30240887
0,0.27566615
0,0.26584122
0,0.25523725
0,0.2568188
0,0.25898066
0,0.25631255
0,0.25828353
0,0.25498253
0,0.24681354
0,0.24995236
0,0.25343877
0,0.25270408
0,0.25504214
0,0.25276583
0,0.25543246
0,0.25186145
0,0.24023424
0,0.24521822
0,0.23651734
0,0.25242603
0,0.2509672
0,0.25044513
0,0.25271946
0,0.26022777
0,0.2611984
0,0.2538449
0,0.25470066
0,0.26156634
0,0.25697917
0,0.2625718
0,0.2569435
0,0.2523203
0,0.25344324
0,0.25972298
0,0.2546845
0,0.24951099
0,0.25011063
0,0.24715453
0,0.24848524
0,0.24448268
0,0.2471721
0,0.2427765
0,0.24191195
0,0.2502614
0,0.24718824
0,0.2526113
0,0.24873938
0,0.2536897
0,0.24685809
0,0.24248502
0,0.2445873
0,0.25136462
0,0.258231
0,0.25610068
0,0.26088294
0,0.25847545
0,0.256642
0,0.25762945
0,0.26352748
0,0.25938496
0,0.26288563
0,0.26047406
0,0.25214872
0,0.25592571
0,0.24909037
0,0.25294676
0,0.2416897
0,0.25957286
0,0.24952187
0,0.2520454
0,0.27044463
0,0.2598295
0,0.25196272
0,0.25447378
0,0.25921232
0,0.25617447
0,0.24846411
0,0.25072518
0,0.25540215
0,0.25231165
0,0.25537738
0,0.25242904
0,0.25536484
0,0.26683602
0,0.25100988
0,0.25099644
0,0.24369426
0,0.25678623
0,0.24071498
0,0.24386823
0,0.253877
0,0.24704693
0,0.25279278
0,0.25840142
0,0.25620112
0,0.2500508
0,0.2435758
0,0.25501853
0,0.25282076
0,0.2586672
0,0.25472483
0,0.24848795
0,0.25111768
0,0.25611866
0,0.25334907
0,0.25780863
0,0.25394332
0,0.24759425
0,0.25055906
0,0.24450183
0,0.25955454
0,0.2585862
0,0.2661262
0,0.26310262
0,0.25693053
0,0.25962293
0,0.25406167
0,0.24614622
0,0.24768855
0,0.26324585
0,0.26415375
0,0.2641746
0,0.2669898
0,0.2514503
0,0.26282004
0,0.2596451
0,0.26427564
0,0.2605421
0,0.24625613
0,0.2523983
0,0.24773908
0,0.25652257
0,0.24830759
0,0.25216144
0,0.2571677
0,0.2544168
0,0.25863224
0,0.37283194
0,0.330899
0,0.29599392
0,0.28671494
0,0.27562872
0,0.27334353
0,0.26617524
0,0.26656047
0,0.26152942
0,0.26265672
0,0.2690071
0,0.2643816
0,0.26969975
0,0.27125245
0,0.2721263
0,0.2652846
0,0.2697794
0,0.27880684
0,0.2743297
0,0.2666311
0,0.27149042
0,0.26496565
0,0.2734683
0,0.2664309
0,0.25904098
0,0.25957286
0,0.2650806
0,0.25944436
0,0.26479325
0,0.2602831
0,0.2529781
0,0.25386015
0,0.24966918
0,0.2517858
0,0.26259503
0,0.2557271
0,0.26394156
0,0.25668633
0,0.26166478
0,0.25661507
0,0.2613885
0,0.25528786
0,0.24901707
0,0.5323834
0,0.38746274
0,0.3462509
0,0.31626737
0,0.29158112
0,0.28535134
0,0.2741237
0,0.2713355
0,0.26311037
0,0.2642978
0,0.26840654
0,0.26911202
0,0.26962203
0,0.2657035
0,0.25665072
0,0.25926635
0,0.26419765
0,0.26067296
0,0.26344457
0,0.2611384
0,0.265718
0,0.26166916
0,0.26840752
0,0.26254168
0,0.26439667
0,0.2612451
0,0.26411694
0,0.26287335
0,0.26555613
0,0.26175523
0,0.26362178
0,0.25940064
0,0.26058978
0,0.25821298
0,0.2606371
0,0.26861778
0,0.26890045
0,0.26493296
0,0.26250455
0,0.25880715
0,0.2596274
0,0.25347131
0,0.25459918
0,0.2553776
0,0.25660908
0,0.2660107
0,0.2822377
0,0.26558265
0,0.2631583
0,0.25827128
0,0.26963386
0,0.26248732
0,0.26055488
0,0.2569821
0,0.25651312
0,0.25341943
0,0.25426978
0,0.2532615
0,0.25261906
0,0.26169798
0,0.2550973
0,0.2646809
0,0.25623974
0,0.26391348
0,0.25632173
0,0.26239637
0,0.25934246
0,0.25270173
0,0.25276285
0,0.24804996
0,0.24983107
0,0.25119203
0,0.25450322
0,0.26088053
0,0.25338438
0,0.2619888
0,0.265808
0,0.26355943
0,0.24892955
0,0.26178735
0,0.2644729
0,0.25833127
0,0.2643221
0,0.26466691
0,0.2777817
0,0.257894
0,0.24893382
0,0.25963905
0,0.25537542
0,0.27401096
0,0.26044437
0,0.26132074
0,0.24783789
0,0.2546168
0,0.259324
0,0.26870587
0,0.2677934
0,0.26461485
0,0.30964676
0,0.2939571
0,0.28562018
0,0.273545
0,0.27235445
0,0.26521719
0,0.25118652
0,0.25492638
0,0.24786346
0,0.25166598
0,0.24631995
0,0.2484814
0,0.25366786
0,0.25225112
0,0.24988881
0,0.26296833
0,0.26449773
0,0.26999336
0,0.2696823
0,0.26084152
0,0.26363626
0,0.26458547
0,0.26494375
0,0.26974148
0,0.27334362
0,0.27789402
0,0.2758705
0,0.28058377
0,0.27614927
0,0.27938065
0,0.2661339
0,0.2665216
0,0.27470022
0,0.26056257
0,0.26125047
0,0.26033217
0,0.25864112
0,0.26486042
0,0.27046245
0,0.26855683
0,0.26374763
0,0.27278665
0,0.26538906
0,0.26747265
0,0.26745835
0,0.2682111
0,0.2641592
0,0.2696275
0,0.2716446
0,0.26820946
0,0.2678587
0,0.2773538
0,0.27074325
0,0.28809404
0,0.28061706
0,0.29048905
0,0.283254
0,0.2768171
0,0.2778693
0,0.29514527
0,0.29440016
0,0.30866012
0,0.28154257
0,0.28322357
0,0.28023842
0,0.27361318
0,0.27233478
0,0.26775676
0,0.26878425
0,0.26576403
0,0.2646372
0,0.27287242
0,0.25891158
0,0.2662366
0,0.25284764
0,0.26739565
0,0.25912654
0,0.2597909
0,0.25113022
0,0.26638502
0,0.2617866
0,0.26772916
0,0.26633978
0,0.27120164
0,0.27832317
0,0.28108722
0,0.27750677
0,0.26329714
0,0.26618093
0,0.25695142
0,0.26158133
0,0.2715494
0,0.2544169
0,0.26408228
0,0.2629005
0,0.26612434
0,0.26214147
0,0.25520486
0,0.26214045
0,0.26035252
0,0.25946596
0,0.26825207
0,0.27057147
0,0.27067325
0,0.26349768
0,0.25614318
0,0.25831333
0,0.2643316
0,0.260206
0,0.2634046
0,0.2618692
0,0.27515277
0,0.26471415
0,0.26593688
0,0.26358607
0,0.26440868
0,0.25833175
0,0.26183555
0,0.25653315
0,0.24971965
0,0.25089067
0,0.25588262
0,0.26232716
0,0.2608696
0,0.2542109
0,0.25834042
0,0.25228357
0,0.2567722
0,0.2513299
0,0.25575253
0,0.25029922
0,0.25477126
0,0.26030886
0,0.26791376
0,0.25547957
0,0.25835714
0,0.26987833
0,0.2622799
0,0.25418866
0,0.25612494
0,0.27029058
0,0.26125622
0,0.26813397
0,0.27004942
0,0.24958763
0,0.25427514
0,0.25235826
0,0.25273594
0,0.25061116
0,0.2536344
0,0.26125675
0,0.2604211
0,0.26077127
0,0.2632947
0,0.25131974
0,0.25332725
0,0.26005477
0,0.2537748
0,0.25742376
0,0.2633219
0,0.26024356
0,0.25495166
0,0.25739112
0,0.2683986
0,0.26158863
0,0.26724538
0,0.25097352
0,0.26277265
0,0.26366648
0,0.26655293
0,0.25055766
0,0.25073317
0,0.24347334
0,0.2451411
0,0.24885456
0,0.25650412
0,0.25318065
0,0.25956362
0,0.25951168
0,0.25179324
0,0.2608602
0,0.25229326
0,0.25197518
0,0.25752732
0,0.25338554
0,0.25894606
0,0.2536018
0,0.25869736
0,0.25997755
0,0.2601974
0,0.25943434
0,0.26181477
0,0.25705278
0,0.25951013
0,0.2674989
0,0.2631508
0,0.25633773
0,0.25914922
0,0.2575265
0,0.25895622
0,0.25275642
0,0.2572302
0,0.2515635
0,0.26692158
0,0.25417802
0,0.2699625
0,0.26841965
0,0.26404524
0,0.25586972
0,0.25771737
0,0.26228914
0,0.25874072
0,0.27147457
0,0.28822726
0,0.29716983
0,0.29787877
0,0.28140503
0,0.27254564
0,0.2613365
0,0.26327386
0,0.25336426
0,0.25645095
0,0.24919555
0,0.2472163
0,0.25481728
0,0.2519371
0,0.25566632
0,0.25265667
0,0.26709434
0,0.25979415
0,0.24931099
0,0.2515484
0,0.28182015
0,0.26740742
0,0.2639496
0,0.258552
0,0.25867444
0,0.25452733
0,0.2576506
0,0.25398415
0,0.27120554
0,0.26881003
0,0.2665446
0,0.26853222
0,0.26075602
0,0.26887593
0,0.26000187
0,0.26498225
0,0.26042986
0,0.26446846
0,0.2630284
0,0.27032617
0,0.2633301
0,0.25489134
0,0.2556524
0,0.26166248
0,0.2558878
0,0.26058117
0,0.25614405
0,0.24959423
0,0.26116952
0,0.24972287
0,0.24979676
0,0.2550776
0,0.26171666
0,0.2602056
0,0.25766656
0,0.25934166
0,0.25413412
0,0.25840992
0,0.266229
0,0.26436406
0,0.26024458
0,0.26005748
0,0.26490843
0,0.26105937
0,0.25352392
0,0.26915902
0,0.27101797
0,0.26419958
0,0.2580949
0,0.25859633
0,0.25179037
0,0.26672655
0,0.2538863
0,0.2670469
0,0.25451902
0,0.26209503
0,0.25256166
0,0.25526708
0,0.26448756
0,0.2505681
0,0.2539294
0,0.2532119
0,0.263582
0,0.25654352
0,0.24995066
0,0.25365442
0,0.26172498
0,0.25533056
0,0.25847244
0,0.25385416
0,0.24757664
0,0.24904887
0,0.2711162
0,0.2712226
0,0.26558024
0,0.25768694
0,0.25192907
0,0.26250198
0,0.26014894
0,0.2641559
0,0.26494572
0,0.25558686
0,0.2495193
0,0.2683643
0,0.26371318
0,0.26523012
0,0.25965795
0,0.2529414
0,0.2536335
0,0.24845292
0,0.2472313
0,0.24563162
0,0.25369114
0,0.25697228
0,0.25488678
0,0.2582228
0,0.25463995
0,0.2484139
0,0.24946102
0,0.25464678
0,0.2517439
0,0.25626802
0,0.2674036
0,0.26347783
0,0.2757344
0,0.26502025
0,0.2519727
0,0.26826853
0,0.24793008
0,0.255031
0,0.25188953
0,0.2545211
0,0.25526989
0,0.2552762
0,0.25116438
0,0.2530875
0,0.26020804
0,0.2565566
0,0.2671155
0,0.26405042
0,0.25701967
0,0.25746483
0,0.26775435
0,0.26479295
0,0.26899746
0,0.26127058
0,0.2613691
0,0.25737727
0,0.25216222
0,0.35096014
0,0.30689383
0,0.28468627
0,0.28022832
0,0.2693547
0,0.26966667
0,0.2629353
0,0.25879338
0,0.25950497
0,0.26379424
0,0.25771713
0,0.26065707
0,0.25606453
0,0.2496682
0,0.26374874
0,0.25649047
0,0.25361827
0,0.2475287
0,0.24863715
0,0.25833377
0,0.25125766
0,0.25585765
0,0.26204345
0,0.2637004
0,0.2551186
0,0.24800931
0,0.25996152
0,0.2579627
0,0.26297048
0,0.25937918
0,0.25216386
0,0.24358009
0,0.25249937
0,0.2531669
0,0.24881378
0,0.25136343
0,0.24903469
0,0.25082937
0,0.2560797
0,0.25271592
0,0.24684349
0,0.25084946
0,0.24517497
0,0.24795614
0,0.25360632
0,0.24006534
0,0.24098857
0,0.24473052
0,0.24093811
0,0.2540549
0,0.25391454
0,0.24970135
0,0.25407007
0,0.2489234
0,0.25417954
0,0.2458166
0,0.25163102
0,0.2589971
0,0.2562908
0,0.24319011
0,0.2506033
0,0.24665797
0,0.250823
0,0.2468879
0,0.25065926
0,0.24519894
0,0.24923262
0,0.2726768
0,0.28198123
0,0.27341276
0,0.26534614
0,0.25495097
0,0.25684965
0,0.26008347
0,0.2574942
0,0.26447845
0,0.25783587
0,0.260815
0,0.25588384
0,0.25873378
0,0.25524095
0,0.25847605
0,0.2540586
0,0.2626415
0,0.25508738
0,0.2588669
0,0.26632252
0,0.26108733
0,0.25578249
0,0.25653613
0,0.27422002
0,0.26278326
0,0.2679931
0,0.25242463
0,0.26371655
0,0.25798133
0,0.2653065
0,0.25847685
0,0.26421234
0,0.2579602
0,0.25345334
0,0.25429744
0,0.2565672
0,0.25365415
0,0.26089156
0,0.25470942
0,0.25714648
0,0.25499764
0,0.26065135
0,0.24470411
0,0.24734214
0,0.24697588
0,0.25138828
0,0.2588661
0,0.25714087
0,0.2521217
0,0.26062536
0,0.25604254
0,0.26407132
0,0.26828167
0,0.26415226
0,0.2548189
0,0.25397566
0,0.2608973
0,0.2600971
0,0.2633972
0,0.26116756
0,0.2683925
0,0.26221633
0,0.25594053
0,0.26762027
0,0.26549217
0,0.26681843
0,0.2552713
0,0.2570534
0,0.24950369
0,0.25362474
0,0.262115
0,0.25959364
0,0.2504692
0,0.25313535
0,0.24701345
0,0.2527728
0,0.25509745
0,0.26376528
0,0.27214468
0,0.27598578
0,0.27663282
0,0.26641256
0,0.26511937
0,0.2593677
0,0.25919837
0,0.2559153
0,0.25881526
0,0.2560664
0,0.2569672
0,0.26404533
0,0.25863108
0,0.25390753
0,0.26620993
0,0.2558136
0,0.25608912
0,0.2522641
0,0.26474458
0,0.26493534
0,0.26681438
0,0.26755002
0,0.2619806
0,0.2655015
0,0.2586062
0,0.26528966
0,0.25906906
0,0.2537168
0,0.2546189
0,0.24882872
0,0.25037724
0,0.2559344
0,0.25695133
0,0.25961807
0,0.2653426
0,0.25244334
0,0.26467893
0,0.25974184
0,0.2654259
0,0.26316726
0,0.2586766
0,0.2600539
0,0.25393066
0,0.26174322
0,0.25989336
0,0.26045558
0,0.26434165
0,0.26096174
0,0.25426173
0,0.2563699
0,0.25029135
0,0.25354245
0,0.24868198
0,0.24360615
0,0.25410378
0,0.2564543
0,0.25836766
0,0.26105788
0,0.26152214
0,0.25702217
0,0.27606913
0,0.2620419
0,0.26509663
0,0.2602045
0,0.2625969
0,0.2573575
0,0.26303118
0,0.26160043
0,0.26211095
0,0.2671252
0,0.26917583
0,0.2594605
0,0.27317926
0,0.26999632
0,0.2666653
0,0.25872254
0,0.26154673
0,0.26934692
0,0.26440647
0,0.26755843
0,0.26398134
0,0.266997
0,0.26363558
0,0.2664694
0,0.2628952
0,0.27527925
0,0.26565439
0,0.268342
0,0.2655237
0,0.26503235
0,0.261063
0,0.26481077
0,0.2602928
0,0.2638542
0,0.26273638
0,0.2645665
0,0.26006323
0,0.2684413
0,0.26029128
0,0.26374575
0,0.26179555
0,0.26327762
0,0.25852072
0,0.2612107
0,0.2599046
0,0.26216948
0,0.2573784
0,0.25922948
0,0.2554786
0,0.25832078
0,0.26677665
0,0.26320368
0,0.26793724
0,0.26845196
0,0.27130494
0,0.26670566
0,0.25923452
0,0.26049557
0,0.25501165
0,0.2574234
0,0.25323644
0,0.2599615
0,0.26410815
0,0.2644085
0,0.26646864
0,0.26181972
0,0.26556304
0,0.26664653
0,0.25606266
0,0.25682363
0,0.25102937
0,0.25378343
0,0.25876594
0,0.25520214
0,0.2524933
0,0.3091804
0,0.2803379
0,0.26453868
0,0.25951877
0,0.25851157
0,0.26068696
0,0.26717892
0,0.26345846
0,0.2576434
0,0.2598862
0,0.25495917
0,0.24856603
0,0.25100344
0,0.25484216
0,0.25084317
0,0.2549127
0,0.26627433
0,0.25646466
0,0.25325933
0,0.26263317
0,0.25311553
0,0.2567593
0,0.2624679
0,0.25904465
0,0.26398426
0,0.2609055
0,0.26564842
0,0.26107362
0,0.26563296
0,0.2661855
0,0.2572352
0,0.24786183
0,0.27529573
0,0.27038974
0,0.28581774
0,0.28627777
0,0.28359106
0,0.281427
0,0.2742503
0,0.2663504
0,0.2679338
0,0.26134184
0,0.26430386
0,0.25956637
0,0.25353107
0,0.25048554
0,0.2601738
0,0.2686479
0,0.26362154
0,0.25971615
0,0.26131618
0,0.26772103
0,0.26958555
0,0.25907463
0,0.2609686
0,0.2566867
0,0.26449466
0,0.25256655
0,0.2565553
0,0.24602325
0,0.25246584
0,0.26057196
0,0.2647717
0,0.25553027
0,0.26015347
0,0.25305036
0,0.2539369
0,0.24998191
0,0.25165966
0,0.25825253
0,0.26514378
0,0.26480138
0,0.26903003
0,0.25703976
0,0.25650945
0,0.25221965
0,0.25217462
0,0.2581456
0,0.2537338
0,0.24893816
0,0.24926563
0,0.24544023
0,0.25672594
0,0.26923695
0,0.2671849
0,0.26470765
0,0.26716483
0,0.26429516
0,0.25601274
0,0.26008567
0,0.25315726
0,0.25646338
0,0.26301473
0,0.25993717
0,0.264676
0,0.26199314
0,0.26721856
0,0.254579
0,0.26213697
0,0.25895777
0,0.26142922
0,0.25851187
0,0.25158378
0,0.25430915
0,0.24774605
0,0.25155768
0,0.26397192
0,0.2571381
0,0.2498582
0,0.32865667
0,0.28657305
0,0.32046586
0,0.29038554
0,0.2688476
0,0.27238968
0,0.26448655
0,0.26635402
0,0.25117153
0,0.2587337
0,0.26153353
0,0.2603745
0,0.2535992
0,0.25696653
0,0.26620656
0,0.2610422
0,0.26712555
0,0.27284127
0,0.2608104
0,0.26084408
0,0.2553548
0,0.25744227
0,0.265408
0,0.2539341
0,0.25382203
0,0.25502056
0,0.2548563
0,0.4115653
0,0.4255839
0,0.33972695
0,0.3064237
0,0.28839839
0,0.28550145
0,0.28166303
0,0.26168776
0,0.26149368
0,0.25447163
0,0.26667374
0,0.27773768
0,0.27468386
0,0.25919676
0,0.26795724
0,0.266311
0,0.27267528
0,0.26643518
0,0.26955596
0,0.2660905
0,0.27927947
0,0.26782593
0,0.27010676
0,0.26666388
0,0.26852325
0,0.26476678
0,0.2628934
0,0.26243728
0,0.2706091
0,0.264524
0,0.26043776
0,0.262634
0,0.25293884
0,0.2508086
0,0.24761783
0,0.2533349
0,0.25368908
0,0.27018395
0,0.4268928
0,0.40158024
0,0.33754155
0,0.30665568
0,0.28184497
0,0.26532832
0,0.25869203
0,0.26049036
0,0.2648152
0,0.2631463
0,0.2673578
0,0.27549693
0,0.26796922
0,0.2642654
0,0.26584345
0,0.25997955
0,0.26408702
0,0.2582289
0,0.25899658
0,0.25568038
0,0.33809024
0,0.29246294
0,0.27886775
0,0.2688335
0,0.2656763
0,0.25692612
0,0.26926702
0,0.27029878
0,0.26305318
0,0.25779518
0,0.2568673
0,0.25160685
0,0.2553317
0,0.24995245
0,0.2512669
0,0.24770015
0,0.26332846
0,0.26316822
0,0.25587463
0,0.25093603
0,0.2611073
0,0.26144332
0,0.26499128
0,0.26582593
0,0.26732257
0,0.25739262
0,0.25508627
0,0.24963938
0,0.25770295
0,0.26692402
0,0.25369513
0,0.25064483
0,0.24923186
0,0.2487702
0,0.29855168
0,0.26587704
0,0.28969854
0,0.27390367
0,0.2790319
0,0.2717954
0,0.26962838
0,0.2666149
0,0.26651827
0,0.2646809
0,0.266358
0,0.2638868
0,0.28599024
0,0.27825737
0,0.26682064
0,0.2654948
0,0.26550168
0,0.26289985
0,0.2666299
0,0.26161584
0,0.2692376
0,0.2625873
0,0.26243544
0,0.25978097
0,0.2781842
0,0.2650458
0,0.26464
0,0.26419988
0,0.26241207
0,0.257716
0,0.2590063
0,0.25586164
0,0.63560796
0,0.7374394
0,0.5647295
0,0.46693125
0,0.40759718
0,0.36865604
0,0.3278009
0,0.2960435
0,0.27445638
0,0.25762972
0,0.26028547
0,0.24515976
0,0.22375232
0,0.20027167
0,0.18070869
0,0.16884978
0,0.15781082
0,0.15399183
0,0.1551626
0,0.15912399
0,0.17071378
0,0.18372355
0,0.1896012
0,0.20540974
0,0.21354052
0,0.2280292
0,0.23621492
0,0.23585533
0,0.24144179
0,0.24953619
0,0.26203486
0,0.26498696
0,0.25783375
0,0.25063962
0,0.26194268
0,0.25937578
0,0.26547235
0,0.26267132
0,0.2686157
0,0.2646606
0,0.26715448
0,0.26645654
0,0.267725
0,0.26365873
0,0.25580153
0,0.25889793
0,0.25223687
0,0.2566543
0,0.26399225
0,0.26679766
0,0.26656944
0,0.262493
0,0.25106052
0,0.2554633
0,0.25976273
0,0.25686637
0,0.2613901
0,0.2584797
0,0.26387513
0,0.2601103
0,0.25132313
0,0.24451531
0,0.2436319
0,0.25090113
0,0.24375057
0,0.24917418
0,0.2540764
0,0.2431034
0,0.25214607
0,0.25553486
0,0.26447892
0,0.27051276
0,0.26342458
0,0.2630603
0,0.2615007
0,0.26681492
0,0.26646504
0,0.25887945
0,0.26078692
0,0.26592356
0,0.26911074
0,0.25937957
0,0.25900057
0,0.24613208
0,0.2522494
0,0.2412986
0,0.24874331
0,0.24715842
0,0.2488571
0,0.26995397
0,0.26453626
0,0.25508255
0,0.25511768
0,0.25128466
0,0.2516962
0,0.24568951
0,0.24791756
0,0.23890056
0,0.24464092
0,0.2898676
0,0.26874864
0,0.25679797
0,0.254503
0,0.24832177
0,0.24816339
0,0.25460976
0,0.24842335
0,0.24470372
0,0.25552732
0,0.26838744
0,0.26251158
0,0.266636
0,0.25701535
0,0.2598556
0,0.25168443
0,0.2566133
0,0.24896394
0,0.25476563
0,0.2584351
0,0.2560977
0,0.25468084
0,0.25472438
0,0.24733303
0,0.25188005
0,0.25531864
0,0.2540145
0,0.26171616
0,0.25677276
0,0.25881433
0,0.2554949
0,0.253501
0,0.25361755
0,0.26020065
0,0.25592184
0,0.26031345
0,0.25583717
0,0.25779536
0,0.30289862
0,0.27474192
0,0.2665556
0,0.28204414
0,0.27900818
0,0.26857066
0,0.26131934
0,0.2605997
0,0.2555975
0,0.26851943
0,0.26771742
0,0.26162198
0,0.2787721
0,0.26088178
0,0.2672128
0,0.26122794
0,0.2554494
0,0.3553249
0,0.310213
0,0.28586936
0,0.27199134
0,0.26748803
0,0.270403
0,0.26256683
0,0.26969737
0,0.26136655
0,0.26536006
0,0.2599445
0,0.26474154
0,0.2705243
0,0.26703757
0,0.27053007
0,0.2671431
0,0.27051497
0,0.27337548
0,0.2723227
0,0.26900923
0,0.2728438
0,0.26761457
0,0.2595644
0,0.26245168
0,0.26666677
0,0.2658461
0,0.267466
0,0.274781
0,0.26025894
0,0.26265794
0,0.26519302
0,0.26146606
0,0.25350237
0,0.25675204
0,0.26005548
0,0.26146474
0,0.2636817
0,0.2597951
0,0.26299858
0,0.25976947
0,0.25120923
0,0.25474048
0,0.25814116
0,0.25639975
0,0.2550832
0,0.25399083
0,0.25839353
0,0.25484344
0,0.2476893
0,0.25243813
0,0.25795877
0,0.25383356
0,0.25779012
0,0.25351915
0,0.26951924
0,0.26084608
0,0.26917648
0,0.25978822
0,0.2606152
0,0.25535655
0,0.25794455
0,0.25373363
0,0.25554654
0,0.26511467
0,0.2600523
0,0.26454908
0,0.26533696
0,0.26725686
0,0.26164818
0,0.2652978
0,0.25987983
0,0.27190986
0,0.2679333
0,0.27465525
0,0.26412168
0,0.24922794
0,0.25432682
0,0.24908572
0,0.2516004
0,0.25849923
0,0.25424278
0,0.26016903
0,0.26656845
0,0.2526774
0,0.25465304
0,0.2499016
0,0.25087005
0,0.24739833
0,0.24844907
0,0.25437063
0,0.2618326
0,0.24843505
0,0.25021964
0,0.24322593
0,0.25644884
0,0.25485492
0,0.26129344
0,0.26262605
0,0.26501673
0,0.2723197
0,0.25857395
0,0.2639373
0,0.25474685
0,0.25848463
0,0.25180867
0,0.25314283
0,0.24834384
0,0.2619766
0,0.25071907
0,0.25246245
0,0.24718648
0,0.25012118
0,0.24260451
0,0.24935791
0,0.25484267
0,0.26576817
0,0.2565315
0,0.25536132
0,0.2588737
0,0.26770982
0,0.26352778
0,0.25799486
0,0.3556964
0,0.30957144
0,0.29017198
0,0.28897917
0,0.27288353
0,0.27508566
0,0.27015096
0,0.27088246
0,0.26688978
0,0.29174668
0,0.2739541
0,0.26261145
0,0.26547366
0,0.2568176
0,0.26474273
0,0.26502788
0,0.26377085
0,0.26526153
0,0.2675815
0,0.2664211
0,0.26439393
0,0.25594008
0,0.25883502
0,0.25070718
0,0.25110742
0,0.257765
0,0.25698215
0,0.2592233
0,0.25730476
0,0.26216832
0,0.25739413
0,0.24924314
0,0.25257552
0,0.25906065
0,0.26621598
0,0.2663071
0,0.3605406
0,0.30890682
0,0.28531128
0,0.2780429
0,0.26893196
0,0.26678127
0,0.27755895
0,0.26719272
0,0.52608347
0,0.5467215
0,0.40741837
0,0.3370612
0,0.30713516
0,0.28981262
0,0.28596404
0,0.27324995
0,0.27436563
0,0.26454806
0,0.25846305
0,0.25703666
0,0.2545853
0,0.25575224
0,0.25987822
0,0.2530351
0,0.24738951
0,0.23748888
0,0.23881413
0,0.23198305
0,0.23625484
0,0.23868395
0,0.24818744
0,0.24463148
0,0.24989507
0,0.25768036
0,0.262616
0,0.2681819
0,0.26015663
0,0.25542453
0,0.25132558
0,0.2480698
0,0.2455469
0,0.23764084
0,0.23937091
0,0.2419081
0,0.25364384
0,0.24618816
0,0.2527327
0,0.2563951
0,0.24634714
0,0.2549541
0,0.26095435
0,0.26351064
0,0.26093277
0,0.2626545
0,0.2625163
0,0.2634233
0,0.26121277
0,0.25139546
0,0.26078075
0,0.25063452
0,0.26032647
0,0.26230466
0,0.26117593
0,0.26079693
0,0.25837925
0,0.25875735
0,0.25889695
0,0.24800275
0,0.2543458
0,0.24466272
0,0.2656394
0,0.24845305
0,0.24510828
0,0.25122923
0,0.25067684
0,0.2552118
0,0.6907602
0,0.8330915
0,0.6704571
0,0.5731597
0,0.81683636
0,0.8678951
0,0.78051716
0,0.6770022
0,0.54674864
0,0.43146703
0,0.35928753
0,0.28333065
0,0.24285632
0,0.19482459
0,0.17679134
0,0.15039745
0,0.14007458
0,0.13005868
0,0.12799755
0,0.12184747
0,0.122290656
0,0.120026
0,0.12254191
0,0.123175256
0,0.124403864
0,0.13525103
0,0.14490457
0,0.162322
0,0.17613375
0,0.19353098
0,0.39858258
0,0.40999648
0,0.3397457
0,0.30177262
0,0.29532793
0,0.275901
0,0.2761171
0,0.2635448
0,0.2660597
0,0.26733664
0,0.26537842
0,0.26785648
0,0.2645997
0,0.25569504
0,0.25905827
0,0.26261517
0,0.43034595
0,0.41235024
0,0.33610454
0,0.29490852
0,0.2849961
0,0.26776192
0,0.26797727
0,0.26579598
0,0.26197502
0,0.26174423
0,0.26975152
0,0.26594844
0,0.26150462
0,0.26208273
0,0.26004365
0,0.2599347
0,0.25738174
0,0.26663625
0,0.26960075
0,0.26342434
0,0.26102403
0,0.25976354
0,0.25754458
0,0.25781882
0,0.25614065
0,0.2563362
0,0.25416002
0,0.24516276
0,0.24463774
0,0.24915859
0,0.25240403
0,0.24220628
0,0.25628513
0,0.25137183
0,0.25128204
0,0.25199038
0,0.24944334
0,0.25002217
0,0.25377774
0,0.2505706
0,0.24783629
0,0.24830219
0,0.24800867
0,0.26221666
0,0.26705647
0,0.26724875
0,0.2564357
0,0.2531947
0,0.26074997
0,0.25346324
0,0.2493975
0,0.2574912
0,0.24947546
0,0.25939196
0,0.26136073
0,0.25732318
0,0.2506764
0,0.24718265
0,0.2502279
0,0.24490958
0,0.25495028
0,0.25902066
0,0.259598
0,0.2606339
0,0.2608659
0,0.25129408
0,0.2587902
0,0.2605931
0,0.2594605
0,0.25011852
0,0.2569972
0,0.26302832
0,0.2604589
0,0.25079498
0,0.2600989
0,0.249435
0,0.25453967
0,0.24631613
0,0.25324398
0,0.2560051
0,0.25596005
0,0.25861335
0,0.3888758
0,0.34597018
0,0.30502915
0,0.29285455
0,0.27969304
0,0.2766935
0,0.27515665
0,0.27099505
0,0.26451883
0,0.25766855
0,0.26812747
0,0.26333162
0,0.25837517
0,0.25846472
0,0.26692346
0,0.2649753
0,0.26453894
0,0.28347126
0,0.27035984
0,0.2642098
0,0.31451112
0,0.27903095
0,0.28204486
0,0.27043197
0,0.27588746
0,0.26505682
0,0.26552668
0,0.27068564
0,0.27119517
0,0.27259797
0,0.2645145
0,0.2684517
0,0.2698393
0,0.27107525
0,0.25963154
0,0.25662178
0,0.25956646
0,0.2646335
0,0.25582922
0,0.26644853
0,0.2659541
0,0.25689283
0,0.25296205
0,0.26168457
0,0.252794
0,0.26114163
0,0.25191572
0,0.2610051
0,0.25390726
0,0.26128304
0,0.260472
0,0.26351017
0,0.2687818
0,0.27310786
0,0.26736116
0,0.2687784
0,0.27625397
0,0.26987928
0,0.26617563
0,0.25963193
0,0.26122838
0,0.25158575
0,0.25607115
0,0.2489921
0,0.26518935
0,0.2607202
0,0.33275396
0,0.29168087
0,0.32237762
0,0.29070473
0,0.2978581
0,0.28078943
0,0.2733979
0,0.26950967
0,0.26395333
0,0.26317102
0,0.5134423
0,0.52770054
0,0.41218486
0,0.35112444
0,0.31316546
0,0.29564175
0,0.2777611
0,0.27385035
0,0.26352942
0,0.26088282
0,0.27014512
0,0.2614483
0,0.26741737
0,0.25842953
0,0.25371298
0,0.2512158
0,0.25666627
0,0.26021045
0,0.25872478
0,0.25124592
0,0.24710517
0,0.2475198
0,0.2527752
0,0.24841042
0,0.2872755
0,0.26263475
0,0.26571634
0,0.2683116
0,0.26618254
0,0.26322436
0,0.2673474
0,0.26001424
0,0.54409504
0,0.5824436
0,0.4404092
0,0.36408743
0,0.32890046
0,0.3099864
0,0.29069677
0,0.27297118
0,0.27295434
0,0.27040893
0,0.27987447
0,0.26413688
0,0.2530825
0,0.24858443
0,0.25229254
0,0.24350667
0,0.24586035
0,0.23984063
0,0.24912807
0,0.24624349
0,0.24472965
0,0.2467473
0,0.25593773
0,0.24379766
0,0.2498952
0,0.24370193
0,0.23981142
0,0.23999366
0,0.48998418
0,0.5172763
0,0.3956694
0,0.33745515
0,0.30920282
0,0.2830593
0,0.27538744
0,0.28310442
0,0.61784244
0,0.7148653
0,0.5570229
0,0.46183726
0,0.40840235
0,0.33495018
0,0.26651692
0,0.2151109
0,0.17470235
0,0.16138089
0,0.14636658
0,0.1404899
0,0.13251795
0,0.13137853
0,0.12861905
0,0.13161151
0,0.13527516
0,0.14987437
0,0.1689704
0,0.17878301
0,0.20065325
0,0.20557417
0,0.40494227
0,0.44763985
0,0.31845492
0,0.25610766
0,0.21564746
0,0.20593731
0,0.20104147
0,0.2009276
0,0.26882568
0,0.26165503
0,0.26533335
0,0.2568998
0,0.26774502
0,0.2641624
0,0.26384082
0,0.2649805
0,0.2631002
0,0.25337762
0,0.24716307
0,0.25180957
0,0.2516365
0,0.2530046
0,0.24388188
0,0.24128114
0,0.2508378
0,0.24619061
0,0.26512057
0,0.2526033
0,0.25796598
0,0.25983977
0,0.260296
0,0.24921
0,0.25439274
0,0.25706762
0,0.25656524
0,0.24724832
0,0.25362676
0,0.25581834
0,0.25512156
0,0.24624446
0,0.25144717
0,0.25391456
0,0.25342375
0,0.2464676
0,0.2505766
0,0.24563344
0,0.2492906
0,0.24112967
0,0.24356222
0,0.25285518
0,0.25061125
0,0.25173178
0,0.25164393
0,0.2526875
0,0.26769805
0,0.26285842
0,0.26849586
0,0.26591182
0,0.3212887
0,0.27457547
0,0.2740759
0,0.55465174
0,0.3931223
0,0.3383626
0,0.30440754
0,0.2886933
0,0.27551538
0,0.26885435
0,0.42299256
0,0.3965707
0,0.32374534
0,0.2966135
0,0.2901644
0,0.28443485
0,0.27866283
0,0.26309693
0,0.26738873
0,0.2666634
0,0.25982353
0,0.25121817
0,0.24472004
0,0.23953909
0,0.2488128
0,0.24913903
0,0.25338686
0,0.25478014
0,0.2561893
0,0.2587344
0,0.25088033
0,0.2524557
0,0.26045924
0,0.26519835
0,0.25474843
0,0.25108957
0,0.25882447
0,0.26287133
0,0.25450885
0,0.25063503
0,0.25069237
0,0.25594634
0,0.26325974
0,0.25096065
0,0.25757208
0,0.25113004
0,0.24571823
0,0.26137602
0,0.28108126
0,0.2682456
0,0.2662945
0,0.2647445
0,0.26312155
0,0.26415774
0,0.27323344
0,0.26562127
0,0.2649896
0,0.26295447
0,0.26138374
0,0.26367444
0,0.25942454
0,0.2589788
0,0.25770748
0,0.25799403
0,0.25683108
0,0.25782058
0,0.25588453
0,0.25524718
0,0.2550282
0,0.26539773
0,0.25830927
0,0.25667152
0,0.26589286
0,0.25948483
0,0.257307
0,0.258384
0,0.26355612
0,0.2583344
0,0.2664517
0,0.25890455
0,0.26646283
0,0.25839186
0,0.2555646
0,0.25542983
0,0.26380798
0,0.2703175
0,0.27114454
0,0.27090913
0,0.27113768
0,0.27115315
0,0.2638889
0,0.26809326
0,0.2696831
0,0.26151496
0,0.26752713
0,0.2674435
0,0.25805333
0,0.26448014
0,0.25597033
0,0.25134665
0,0.25525758
0,0.24875343
0,0.2581831
0,0.2595596
0,0.2622946
0,0.2619744
0,0.25239122
0,0.25887576
0,0.27761057
0,0.27051863
0,0.26290318
0,0.26286733
0,0.2645139
0,0.26310775
0,0.26360878
0,0.26221746
0,0.26220706
0,0.26164252
0,0.26233575
0,0.24964257
0,0.25686538
0,0.25676557
0,0.2550159
0,0.25443625
0,0.25578958
0,0.2551737
0,0.25521037
0,0.2555831
0,0.25560316
0,0.25565225
0,0.25549856
0,0.244684
0,0.2467436
0,0.25216207
0,0.25556332
0,0.25356585
0,0.25267658
0,0.25251654
0,0.25475252
0,0.25246197
0,0.25122732
0,0.25072098
0,0.2496859
0,0.26002064
0,0.2530518
0,0.2523129
0,0.25234476
0,0.24996343
0,0.26361975
0,0.2697143
0,0.26881108
0,0.24892262
0,0.25095108
0,0.24889603
0,0.25811163
0,0.25465322
0,0.2505452
0,0.24814133
0,0.2574189
0,0.24893478
0,0.2475618
0,0.25592682
0,0.2611452
0,0.25598213
0,0.25029194
0,0.24701658
0,0.24636506
0,0.25218105
0,0.26262605
0,0.26070067
0,0.25635806
0,0.26627892
0,0.26405692
0,0.26336157
0,0.25290626
0,0.2584379
0,0.24935327
0,0.25528482
0,0.24815132
0,0.24594834
0,0.25251797
0,0.2412443
0,0.2503699
0,0.25324354
0,0.24794064
0,0.25252083
0,0.24366671
0,0.2510841
0,0.25244093
0,0.25446457
0,0.25535578
0,0.25650004
0,0.25291187
0,0.25449407
0,0.2547862
0,0.25526598
0,0.26597196
0,0.26151866
0,0.25965846
0,0.25760347
0,0.2560862
0,0.25527886
0,0.25928965
0,0.25536206
0,0.25460336
0,0.2528522
0,0.26001593
0,0.25516954
0,0.25818783
0,0.25925034
0,0.25988856
0,0.26612085
0,0.28162485
0,0.26400417
0,0.26693094
0,0.2609297
0,0.25918663
0,0.266749
0,0.2737201
0,0.2781669
0,0.26385224
0,0.26073083
0,0.26759866
0,0.26871404
0,0.25851232
0,0.2548015
0,0.2623505
0,0.25357488
0,0.2616149
0,0.25331038
0,0.2611183
0,0.25285995
0,0.26078498
0,0.2628888
0,0.25653085
0,0.26379734
0,0.25518975
0,0.25163558
0,0.24917123
0,0.25130787
0,0.25661436
0,0.2592531
0,0.26015276
0,0.26156276
0,0.27502367
0,0.25685644
0,0.26197255
0,0.25147164
0,0.29851606
0,0.25928834
0,0.28341687
0,0.26691315
0,0.27003637
0,0.2786375
0,0.27247077
0,0.2715445
0,0.27851656
0,0.2561279
0,0.2594524
0,0.26751497
0,0.2748188
0,0.28281176
0,0.2740074
0,0.26048258
0,0.26637247
0,0.26000714
0,0.26075488
0,0.26559505
0,0.27070168
0,0.26647806
0,0.27682424
0,0.27340737
0,0.26920685
0,0.2663224
0,0.2711685
0,0.26549414
0,0.27364948
0,0.26280499
0,0.26779598
0,0.2678163
0,0.26387265
0,0.27080294
0,0.25931695
0,0.2656619
0,0.26616502
0,0.26747882
0,0.26856294
0,0.2674335
0,0.2781059
0,0.28151873
0,0.2700525
0,0.26584494
0,0.27247643
0,0.26874468
0,0.2692683
0,0.27294564
0,0.27032706
0,0.25688344
0,0.26820844
0,0.27027708
0,0.26230252
0,0.26508996
0,0.27489388
0,0.26964545
0,0.27229583
0,0.2697386
0,0.26683316
0,0.26803693
0,0.26497856
0,0.2591337
0,0.26241788
0,0.2674299
0,0.2642252
0,0.25957146
0,0.27914014
0,0.26322562
0,0.26267263
0,0.26348206
0,0.2567468
0,0.26449832
0,0.26171005
0,0.27768072
0,0.28123623
0,0.27112278
0,0.26656
0,0.26434955
0,0.26228952
0,0.2629866
0,0.27497077
0,0.27456018
0,0.27434304
0,0.27182004
0,0.2697632
0,0.26954854
0,0.2686716
0,0.26987773
0,0.26864728
0,0.26331642
0,0.27021518
0,0.26969793
0,0.26401138
0,0.2666469
0,0.26137933
0,0.2645349
0,0.2634234
0,0.26872098
0,0.2784653
0,0.27305192
0,0.26468974
0,0.2658155
0,0.26472777
0,0.25467864
0,0.26942626
0,0.26515222
0,0.25900647
0,0.26590523
0,0.26375487
0,0.2561297
0,0.2690755
0,0.26397675
0,0.26708427
0,0.2685122
0,0.2699373
0,0.26040417
0,0.26600838
0,0.2572699
0,0.25518385
0,0.2676459
0,0.26666874
0,0.25564364
0,0.25820744
0,0.26202685
0,0.2638598
0,0.26032737
0,0.2607384
0,0.26765394
0,0.2606536
0,0.26360017
0,0.2709047
0,0.2615634
0,0.26474574
0,0.2689031
0,0.2698067
0,0.2666496
0,0.27081355
0,0.26637736
0,0.2660521
0,0.26010844
0,0.26177037
0,0.2522278
0,0.2626958
0,0.2521746
0,0.24841933
0,0.2523893
0,0.25987938
0,0.2666481
0,0.26656514
0,0.26150218
0,0.2615228
0,0.25052646
0,0.26716968
0,0.26177529
0,0.2606857
0,0.24613813
0,0.25902796
0,0.24439833
0,0.26157838
0,0.24977826
0,0.26208803
0,0.25168777
0,0.25983948
0,0.2670573
0,0.26310277
0,0.2687326
0,0.2596805
0,0.26785597
0,0.2640627
0,0.26395875
0,0.2587751
0,0.255054
0,0.27167657
0,0.25955015
0,0.26825187
0,0.25795764
0,0.2602171
0,0.2567178
0,0.26502287
0,0.27257097
0,0.25877097
0,0.25513574
0,0.25934973
0,0.25427654
0,0.26661116
0,0.26020157
0,0.26450583
0,0.2614471
0,0.26532885
0,0.25161237
0,0.2649675
0,0.27262127
0,0.2721175
0,0.2710686
0,0.27343324
0,0.26663822
0,0.2670056
0,0.29511493
0,0.27849504
0,0.27886763
0,0.28374717
0,0.28137708
0,0.2790603
0,0.26213154
0,0.2763561
0,0.26554352
0,0.26065207
0,0.27258682
0,0.26837155
0,0.27442858
0,0.26714936
0,0.2605841
0,0.25834027
0,0.26463747
0,0.2567842
0,0.25951272
0,0.2637063
0,0.26462254
0,0.26620284
0,0.26682773
0,0.2649967
0,0.26725087
0,0.26706493
0,0.2678649
0,0.2877302
0,0.26874405
0,0.28013173
0,0.26724568
0,0.26900727
0,0.27205095
0,0.27369192
0,0.26946282
0,0.27162674
0,0.268412
0,0.26166022
0,0.26872212
0,0.27111375
0,0.26319408
0,0.26756936
0,0.2782702
0,0.27365053
0,0.2688162
0,0.2643488
0,0.2755793
0,0.26752946
0,0.27973452
0,0.28164113
0,0.28717723
0,0.26980168
0,0.2668096
0,0.27012864
0,0.28090447
0,0.28180405
0,0.28282738
0,0.28866038
0,0.27330416
0,0.27413893
0,0.26738024
0,0.26442042
0,0.27002838
0,0.2633366
0,0.29667264
0,0.2722788
0,0.26706737
0,0.26404968
0,0.2604751
0,0.26247844
0,0.25304627
0,0.25515097
0,0.25786063
0,0.25951314
0,0.2602677
0,0.27243885
0,0.27215698
0,0.26820454
0,0.2689168
0,0.26451007
0,0.25760278
0,0.26472157
0,0.26265544
0,0.2714776
0,0.26780555
0,0.26273522
0,0.270829
0,0.26974452
0,0.2795652
0,0.2684354
0,0.27064517
0,0.27121326
0,0.28210625
0,0.27336437
0,0.27557072
0,0.27226904
0,0.2698651
0,0.26423737
0,0.2745884
0,0.27789012
0,0.2616071
0,0.2609921
0,0.2726267
0,0.2680156
0,0.27179667
0,0.26821062
0,0.2668041
0,0.26585898
0,0.2619105
0,0.26150656
0,0.26331747
0,0.26326275
0,0.26890805
0,0.25937733
0,0.25650725
0,0.25550026
0,0.262548
0,0.2557931
0,0.26811236
0,0.2713118
0,0.25490868
0,0.26924652
0,0.25767335
0,0.2640646
0,0.26014218
0,0.25838044
0,0.25289991
0,0.2566431
0,0.2571852
0,0.26053116
0,0.27335468
0,0.26810777
0,0.26380923
0,0.26655903
0,0.2694902
0,0.26677167
0,0.2671668
0,0.26753765
0,0.27480516
0,0.27909243
0,0.26073
0,0.26009202
0,0.26700938
0,0.2698261
0,0.2798358
0,0.26554137
0,0.27004674
0,0.27126867
0,0.2663028
0,0.2744507
0,0.2910258
0,0.28051054
0,0.26710927
0,0.26709732
0,0.26870683
0,0.26606593
0,0.26796043
0,0.26009148
0,0.2653503
0,0.2670066
0,0.2712152
0,0.26663002
0,0.2682194
0,0.27317223
0,0.26932025
0,0.26915643
0,0.26757514
0,0.27356276
0,0.2738487
0,0.25949728
0,0.2592941
0,0.26399907
0,0.25866744
0,0.2612079
0,0.2660388
0,0.27804118
0,0.27266318
0,0.26856744
0,0.26613754
0,0.26631817
0,0.26313195
0,0.26300275
0,0.26811978
0,0.26527256
0,0.26672152
0,0.26311383
0,0.2688605
0,0.2694268
0,0.26352274
0,0.2735072
0,0.27976355
0,0.27534205
0,0.26475546
0,0.2632798
0,0.26631227
0,0.2719013
0,0.27744377
0,0.27645546
0,0.25476456
0,0.2577774
0,0.2581825
0,0.26271516
0,0.2675028
0,0.26417083
0,0.26881722
0,0.2601128
0,0.2620627
0,0.26650542
0,0.26385438
0,0.26316282
0,0.25641474
0,0.25842303
0,0.25343433
0,0.2565534
0,0.25756168
0,0.2676124
0,0.27655658
0,0.26672745
0,0.2698216
0,0.26772964
0,0.26472583
0,0.26909193
0,0.26362482
0,0.2669773
0,0.26163617
0,0.26668313
0,0.26084813
0,0.27441025
0,0.2627631
0,0.27250624
0,0.2677594
0,0.26765326
0,0.2711852
0,0.26862374
0,0.26677486
0,0.27239922
0,0.269341
0,0.26504818
0,0.26569048
0,0.2647933
0,0.2689134
0,0.26061994
0,0.25780103
0,0.26088172
0,0.25741237
0,0.2553998
0,0.25886053
0,0.26041016
0,0.25498617
0,0.25805956
0,0.2601705
0,0.25987193
0,0.26857567
0,0.26345798
0,0.26695827
0,0.2672917
0,0.26917648
0,0.2586134
0,0.2648067
0,0.26556477
0,0.2672743
0,0.2669562
0,0.2672272
0,0.26864475
0,0.26849794
0,0.26860037
0,0.2722353
0,0.26808587
0,0.26712897
0,0.2622452
0,0.25942993
0,0.262814
0,0.25759232
0,0.267183
0,0.2585573
0,0.26423052
0,0.25786605
0,0.27477494
0,0.27253425
0,0.268331
0,0.26414466
0,0.2645386
0,0.27815807
0,0.26470375
0,0.27520326
0,0.2687397
0,0.2696723
0,0.26859188
0,0.27414894
0,0.26778445
0,0.26957247
0,0.26610476
0,0.27279752
0,0.26660094
0,0.2723578
0,0.26275638
0,0.26580772
0,0.26487422
0,0.26175877
0,0.26091176
0,0.271771
0,0.267826
0,0.26736546
0,0.26801628
0,0.27168137
0,0.2713345
0,0.27103716
0,0.27479464
0,0.27286643
0,0.26702723
0,0.26489934
0,0.27721646
0,0.28477544
0,0.27844697
0,0.27759317
0,0.2788512
0,0.27554277
0,0.2753115
0,0.27792585
0,0.25726482
0,0.26150492
0,0.2530847
0,0.25703508
0,0.25827226
0,0.26810318
0,0.2616575
0,0.2655203
0,0.26096454
0,0.26578298
0,0.26787478
0,0.27324867
0,0.2724856
0,0.27491108
0,0.2732907
0,0.269259
0,0.2591758
0,0.25883776
0,0.26912552
0,0.2665936
0,0.27104363
0,0.26957256
0,0.27177432
0,0.2723936
0,0.25895932
0,0.2680267
0,0.26093048
0,0.26258036
0,0.2672689
0,0.26845777
0,0.27008808
0,0.2667671
0,0.270185
0,0.27182624
0,0.26863226
0,0.26612195
0,0.2700357
0,0.2673881
0,0.26520914
0,0.26392952
0,0.26277938
0,0.26362723
0,0.27395174
0,0.2595661
0,0.26638132
0,0.26393536
0,0.27283418
0,0.26696953
0,0.2635683
0,0.26911956
0,0.26900554
0,0.2657401
0,0.28021315
0,0.27924383
0,0.25923204
0,0.26819244
0,0.2716442
0,0.26953456
0,0.27677426
0,0.26659453
0,0.2679637
0,0.26387435
0,0.27261135
0,0.2639669
0,0.2706165
0,0.28013927
0,0.27213705
0,0.27798444
0,0.27565104
0,0.27430803
0,0.2713237
0,0.26863027
0,0.27131933
0,0.2613579
0,0.26462576
0,0.26687896
0,0.2584412
0,0.2607734
0,0.26105568
0,0.25080132
0,0.28019914
0,0.26601067
0,0.26897538
0,0.26368523
0,0.2680378
0,0.25881395
0,0.26723933
0,0.26819333
0,0.28624168
0,0.2730092
0,0.27160645
0,0.2701386
0,0.2690611
0,0.2618015
0,0.26438433
0,0.25753725
0,0.25694424
0,0.26538062
0,0.2763221
0,0.2651297
0,0.26973835
0,0.27484578
0,0.267171
0,0.27554604
0,0.2637192
0,0.2638881
0,0.2577095
0,0.25890854
0,0.26633158
0,0.2708882
0,0.27069488
0,0.27163306
0,0.2720358
0,0.27106008
0,0.26145688
0,0.27149907
0,0.26008216
0,0.27021268
0,0.2645811
0,0.26126918
0,0.26579374
0,0.26038274
0,0.25575683
0,0.26619127
0,0.2568593
0,0.2686562
0,0.26310816
0,0.27924058
0,0.27455372
0,0.27323994
0,0.25741053
0,0.26620066
0,0.2613124
0,0.27090394
0,0.27358574
0,0.26690227
0,0.2698097
0,0.27109575
0,0.26462683
0,0.2647986
0,0.265056
0,0.26177585
0,0.26886514
0,0.2667795
0,0.27860215
0,0.27490383
0,0.26865023
0,0.2744277
0,0.2735238
0,0.27678427
0,0.26983643
0,0.29478517
0,0.28218877
0,0.28153962
0,0.27894577
0,0.2711668
0,0.29464704
0,0.30401054
0,0.29417238
0,0.28719506
0,0.29589713
0,0.27639776
0,0.27752414
0,0.27118674
0,0.2755238
0,0.26499575
0,0.2803602
0,0.2647069
0,0.28444088
0,0.2707516
0,0.26927984
0,0.26569748
0,0.26217857
0,0.26356304
0,0.3929792
0,0.34221956
0,0.31215522
0,0.30176225
0,0.28665227
0,0.28515777
0,0.27594548
0,0.28004083
0,0.27080053
0,0.2716893
0,0.2837694
0,0.28420848
0,0.27289352
0,0.26753753
0,0.28010648
0,0.27335736
0,0.27205592
0,0.25510544
0,0.26393208
0,0.26950225
0,0.28386754
0,0.2584147
0,0.2673085
0,0.2609271
0,0.25879803
0,0.26460457
0,0.26055902
0,0.26591364
0,0.27439874
0,0.26661882
0,0.2668008
0,0.26814127
0,0.26317883
0,0.26788
0,0.265665
0,0.2759886
0,0.26405376
0,0.2787185
0,0.27251387
0,0.2656556
0,0.26894274
0,0.2686243
0,0.26590618
0,0.27609769
0,0.26647845
0,0.26219302
0,0.26603606
0,0.26481143
0,0.2626102
0,0.27030143
0,0.2739142
0,0.26315114
0,0.2634072
0,0.26034585
0,0.26383376
0,0.26749402
0,0.2603861
0,0.25208002
0,0.25475076
0,0.2590288
0,0.26250485
0,0.27493137
0,0.26384947
0,0.25900486
0,0.26281026
0,0.2767023
0,0.26891828
0,0.2802403
0,0.27335086
0,0.27279928
0,0.2728079
0,0.2614946
0,0.26587564
0,0.28539017
0,0.27257246
0,0.27062213
0,0.27186927
0,0.2701581
0,0.25601453
0,0.2694727
0,0.26433504
0,0.2657049
0,0.27995017
0,0.2752529
0,0.27728188
0,0.2710983
0,0.27480218
0,0.27888116
0,0.27385506
0,0.2729479
0,0.2798354
0,0.2839748
0,0.28363773
0,0.2800635
0,0.27535337
0,0.28209886
0,0.27766317
0,0.28140292
0,0.27250674
0,0.27806872
0,0.27649656
0,0.27859828
0,0.27173552
0,0.2657746
0,0.26513344
0,0.27685308
0,0.27401936
0,0.27728957
0,0.27351263
0,0.30093855
0,0.28493416
0,0.28082174
0,0.27199858
0,0.26604205
0,0.27028477
0,0.26588264
0,0.2635164
0,0.27490622
0,0.27257183
0,0.2748319
0,0.26134688
0,0.26908576
0,0.25829145
0,0.26602468
0,0.25599647
0,0.26043075
0,0.27075064
0,0.26527706
0,0.26237768
0,0.26085246
0,0.2675323
0,0.27394134
0,0.26255974
0,0.2669898
0,0.25917625
0,0.25941163
0,0.260771
0,0.27203906
0,0.26592448
0,0.27086127
0,0.27096274
0,0.2726003
0,0.2667894
0,0.26403603
0,0.27581677
0,0.26629776
0,0.268294
0,0.28108603
0,0.2719352
0,0.26784906
0,0.2701166
0,0.26640832
0,0.26158586
0,0.26451826
0,0.26508176
0,0.27041006
0,0.261855
0,0.2700939
0,0.27181038
0,0.26933333
0,0.26176754
0,0.27049953
0,0.27563924
0,0.2790622
0,0.27028045
0,0.27363378
0,0.2721562
0,0.29666835
0,0.28682366
0,0.2710939
0,0.264811
0,0.27517802
0,0.26292178
0,0.26465675
0,0.26254717
0,0.26317367
0,0.26126832
0,0.26191518
0,0.26480392
0,0.26259163
0,0.2740094
0,0.2719379
0,0.26574436
0,0.26927748
0,0.26962924
0,0.26967964
0,0.27885813
0,0.27334875
0,0.26954955
0,0.27147442
0,0.2629932
0,0.2716863
0,0.27240714
0,0.279609
0,0.2719056
0,0.2885786
0,0.2795527
0,0.268878
0,0.27113324
0,0.26962203
0,0.270484
0,0.27787873
0,0.2715156
0,0.273939
0,0.26788986
0,0.27147555
0,0.26498377
0,0.2658468
0,0.26824087
0,0.2659641
0,0.32177773
0,0.28010333
0,0.27647597
0,0.27174178
0,0.26660264
0,0.27373728
0,0.2614503
0,0.27449152
0,0.27787104
0,0.29503676
0,0.27906922
0,0.28200832
0,0.28010708
0,0.27612004
0,0.27703622
0,0.27409273
0,0.27621278
0,0.2725345
0,0.2705604
0,0.27624118
0,0.26498097
0,0.27683857
0,0.27029693
0,0.26929793
0,0.26577374
0,0.27504796
0,0.26307675
0,0.26369354
0,0.2736383
0,0.2760821
0,0.27201563
0,0.26785013
0,0.274135
0,0.26329663
0,0.27064076
0,0.26851207
0,0.27390197
0,0.26697186
0,0.27106622
0,0.2699669
0,0.27010936
0,0.27223766
0,0.27049106
0,0.26993513
0,0.26469782
0,0.26191625
0,0.26447323
0,0.26556444
0,0.2637115
0,0.26920027
0,0.265885
0,0.26701516
0,0.2657278
0,0.26568627
0,0.26294848
0,0.27119517
0,0.27188173
0,0.26831004
0,0.26651973
0,0.2704634
0,0.27119395
0,0.26683614
0,0.26836413
0,0.26110187
0,0.27514568
0,0.26688722
0,0.27855033
0,0.2700814
0,0.27618876
0,0.2724368
0,0.2755283
0,0.2684442
0,0.27026218
0,0.2607696
0,0.26799643
0,0.26855245
0,0.28228602
0,0.27645287
0,0.27216792
0,0.28096753
0,0.2660163
0,0.2843367
0,0.28180423
0,0.27450415
0,0.27019367
0,0.28001812
0,0.26475364
0,0.2645954
0,0.25935906
0,0.26317835
0,0.26178303
0,0.2655276
0,0.26254234
0,0.25981724
0,0.25927508
0,0.27184817
0,0.2786152
0,0.2804544
0,0.27901238
0,0.27320403
0,0.2672525
0,0.27030575
0,0.26277745
0,0.26360247
0,0.27422526
0,0.27530712
0,0.27960148
0,0.2707174
0,0.27528733
0,0.2821
0,0.27163985
0,0.26880485
0,0.27096936
0,0.27060807
0,0.27099407
0,0.27006984
0,0.26876235
0,0.2683828
0,0.27014616
0,0.27326143
0,0.2706726
0,0.2702133
0,0.275885
0,0.26515394
0,0.34030133
0,0.28894293
0,0.29987016
0,0.30704448
0,0.30437422
0,0.30235243
0,0.2961165
0,0.29277602
0,0.2983008
0,0.29946318
0,0.29374158
0,0.28768587
0,0.30103615
0,0.28768188
0,0.3009957
0,0.27514476
0,0.2789425
0,0.28163448
0,0.2906304
0,0.28448525
0,0.29984614
0,0.2920085
0,0.29438296
0,0.283612
0,0.29061827
0,0.29572195
0,0.28527224
0,0.27993998
0,0.28607008
0,0.28104675
0,0.27949423
0,0.28208685
0,0.28768903
0,0.30522236
0,0.28963062
0,0.2949604
0,0.29746938
0,0.2897513
0,0.285536
0,0.28466502
0,0.28582814
0,0.28737015
0,0.4354088
0,0.3884147
0,0.34869504
0,0.3146816
0,0.30417788
0,0.30010858
0,0.28525418
0,0.28609785
0,0.28047577
0,0.2904697
0,0.27790192
0,0.27708387
0,0.2701065
0,0.27110055
0,0.27751315
0,0.27231187
0,0.27110612
0,0.26280823
0,0.27688432
0,0.26643744
0,0.26771218
0,0.26350498
0,0.28521317
0,0.27926084
0,0.2684388
0,0.26401532
0,0.2685599
0,0.2546822
0,0.26129496
0,0.26061472
0,0.26405394
0,0.259084
0,0.266527
0,0.2624862
0,0.25891945
0,0.25784704
0,0.25943026
0,0.2542439
0,0.25329784
0,0.25408915
0,0.25930768
0,0.27518338
0,0.2750105
0,0.27954808
0,0.26875553
0,0.27447796
0,0.27724162
0,0.26219445
0,0.2666762
0,0.2575404
0,0.2636549
0,0.25612047
0,0.26723018
0,0.25146818
0,0.26098284
0,0.24895875
0,0.25624517
0,0.2517541
0,0.25790966
0,0.24853656
0,0.25602335
0,0.24365109
0,0.24852476
0,0.25430825
0,0.26542726
0,0.2636771
0,0.2754593
0,0.26419675
0,0.26374686
0,0.26449832
0,0.2615144
0,0.26756886
0,0.2573401
0,0.26029277
0,0.2589951
0,0.26945
0,0.2724575
0,0.27400848
0,0.27775288
0,0.27060983
0,0.27536884
0,0.276439
0,0.28332794
0,0.27503955
0,0.27801496
0,0.27109033
0,0.27966776
0,0.2735331
0,0.27210045
0,0.27648103
0,0.28667095
0,0.2713672
0,0.28033125
0,0.2743762
0,0.28319493
0,0.2814194
0,0.27250367
0,0.27211902
0,0.27107978
0,0.26598418
0,0.26538786
0,0.26870862
0,0.26512045
0,0.26570442
0,0.27368027
0,0.27109754
0,0.27692223
0,0.2704409
0,0.2682649
0,0.26336834
0,0.26833203
0,0.26194304
0,0.26077583
0,0.26698497
0,0.2654396
0,0.27400872
0,0.27023745
0,0.2664888
0,0.30334646
0,0.2773467
0,0.2699538
0,0.2636368
0,0.26577523
0,0.27316892
0,0.26786807
0,0.27104935
0,0.27735817
0,0.26797605
0,0.2670384
0,0.30104735
0,0.2905702
0,0.2871688
0,0.2769879
0,0.27116665
0,0.27310836
0,0.26758876
0,0.266716
0,0.26082855
0,0.26741347
0,0.26608756
0,0.2631782
0,0.2640938
0,0.26885086
0,0.27192593
0,0.26969004
0,0.26639515
0,0.26462662
0,0.26477107
0,0.2708722
0,0.265797
0,0.26203284
0,0.27078688
0,0.27410617
0,0.2767477
0,0.2773989
0,0.27020836
0,0.2759624
0,0.2757889
0,0.27295414
0,0.26663843
0,0.2614376
0,0.27193072
0,0.26183516
0,0.26407722
0,0.2675818
0,0.27273777
0,0.27156797
0,0.28368583
0,0.27160156
0,0.26663476
0,0.2652743
0,0.26606366
0,0.26743835
0,0.27030566
0,0.2657971
0,0.26685423
0,0.26747438
0,0.2649376
0,0.26394027
0,0.26325473
0,0.27074525
0,0.27092883
0,0.27589536
0,0.28624853
0,0.28132316
0,0.2728577
0,0.26547006
0,0.27435604
0,0.26881933
0,0.26987174
0,0.27030337
0,0.26332158
0,0.26407972
0,0.27098593
0,0.26688987
0,0.27388164
0,0.2780141
0,0.35513908
0,0.29697624
0,0.2834575
0,0.2837865
0,0.2721994
0,0.2703523
0,0.26918858
0,0.26748404
0,0.27207303
0,0.2666635
0,0.26640743
0,0.263921
0,0.27356574
0,0.26553252
0,0.26956493
0,0.2814304
0,0.28468984
0,0.27793938
0,0.27445415
0,0.2744083
0,0.27810293
0,0.28294438
0,0.27989817
0,0.27008018
0,0.27723673
0,0.2771566
0,0.26763168
0,0.2722452
0,0.2770181
0,0.2702537
0,0.2599309
0,0.27570373
0,0.27481884
0,0.2694068
0,0.2678438
0,0.27702695
0,0.26932666
0,0.2665321
0,0.2717194
0,0.27646872
0,0.27426317
0,0.2705608
0,0.28575563
0,0.26751927
0,0.2670504
0,0.2749743
0,0.26894012
0,0.28510377
0,0.27324325
0,0.2783045
0,0.28269407
0,0.28062543
0,0.27041247
0,0.26749852
0,0.26972368
0,0.26891416
0,0.26889813
0,0.27308902
0,0.2710023
0,0.2711537
0,0.27207282
0,0.27063674
0,0.2776541
0,0.2729918
0,0.270976
0,0.27817693
0,0.2728616
0,0.27100784
0,0.2701543
0,0.26601532
0,0.27646688
0,0.26961675
0,0.3128185
0,0.2887359
0,0.28129762
0,0.2748681
0,0.27160117
0,0.26857197
0,0.26825976
0,0.27001432
0,0.26691735
0,0.26428512
0,0.25872517
0,0.2651543
0,0.2574078
0,0.25694215
0,0.25966245
0,0.26406989
0,0.25538382
0,0.26827258
0,0.26857263
0,0.26771027
0,0.26921004
0,0.27636945
0,0.26662531
0,0.27349746
0,0.27011934
0,0.28016755
0,0.26753402
0,0.27763966
0,0.2722212
0,0.27412754
0,0.2748474
0,0.27536872
0,0.2834699
0,0.27600834
0,0.2845806
0,0.27585998
0,0.2824386
0,0.28322223
0,0.283619
0,0.27522397
0,0.2825405
0,0.284446
0,0.27602246
0,0.26671976
0,0.26917964
0,0.26617968
0,0.27103904
0,0.2707946
0,0.2591304
0,0.29092616
0,0.30435413
0,0.30027917
0,0.32199973
0,0.32590646
0,0.3250321
0,0.3145567
0,0.30497587
0,0.301564
0,0.29767588
0,0.29029906
0,0.29712147
0,0.2775272
0,0.2772085
0,0.2760741
0,0.2772688
0,0.28475836
0,0.27484795
0,0.27613303
0,0.27862296
0,0.27435946
0,0.2733771
0,0.27546528
0,0.27291074
0,0.2736402
0,0.27255434
0,0.26819155
0,0.26255885
0,0.25850582
0,0.27220148
0,0.27390155
0,0.26937878
0,0.26562312
0,0.2710789
0,0.26410824
0,0.2696706
0,0.27085295
0,0.27135015
0,0.28109705
0,0.27603284
0,0.2731681
0,0.26744193
0,0.2702062
0,0.2718529
0,0.27032968
0,0.27112278
0,0.2697872
0,0.26584494
0,0.26179707
0,0.2623295
0,0.2668298
0,0.28037667
0,0.2732175
0,0.27349633
0,0.2755236
0,0.2849095
0,0.26984316
0,0.27417722
0,0.26759607
0,0.26299366
0,0.2699372
0,0.26811787
0,0.26733086
0,0.27596986
0,0.26305735
0,0.26538786
0,0.26715758
0,0.26548776
0,0.26399335
0,0.26766306
0,0.2654298
0,0.27514738
0,0.27653655
0,0.2786057
0,0.26500472
0,0.274445
0,0.2733459
0,0.27648416
0,0.39704186
0,0.34561247
0,0.3106481
0,0.30923876
0,0.29634124
0,0.29110178
0,0.2874473
0,0.27907333
0,0.27505416
0,0.2840434
0,0.26388738
0,0.26034492
0,0.27682626
0,0.27188337
0,0.27285886
0,0.27974376
0,0.2708631
0,0.27102044
0,0.2761346
0,0.27201343
0,0.28459927
0,0.29582325
0,0.2859628
0,0.28261334
0,0.29870158
0,0.28475374
0,0.26896253
0,0.26899526
0,0.27419552
0,0.26658526
0,0.27494755
0,0.26703525
0,0.27466658
0,0.27139753
0,0.26561892
0,0.26634687
0,0.26954052
0,0.2625505
0,0.27007338
0,0.26282334
0,0.2961494
0,0.27184898
0,0.26110086
0,0.26966244
0,0.26161322
0,0.26675177
0,0.25965935
0,0.26651403
0,0.25935054
0,0.26452756
0,0.2848606
0,0.27795595
0,0.26538163
0,0.27004728
0,0.26141545
0,0.27026504
0,0.2598152
0,0.26958492
0,0.2535158
0,0.2618836
0,0.26475793
0,0.29268703
0,0.27483875
0,0.2720863
0,0.26918218
0,0.27082372
0,0.2673083
0,0.266226
0,0.26771262
0,0.26554722
0,0.27064863
0,0.3075563
0,0.28078526
0,0.27777994
0,0.2755517
0,0.2719556
0,0.2680505
0,0.26614526
0,0.27539685
0,0.26841128
0,0.26481736
0,0.33855292
0,0.29053345
0,0.2877237
0,0.27927715
0,0.2787447
0,0.26966956
0,0.2677593
0,0.2650593
0,0.26307538
0,0.2591467
0,0.31322968
0,0.2783773
0,0.27215186
0,0.26964426
0,0.26468483
0,0.26991382
0,0.2639174
0,0.27183926
0,0.27009812
0,0.27450275
0,0.26603788
0,0.27460355
0,0.27192548
0,0.27476135
0,0.26861718
0,0.26922306
0,0.2633467
0,0.28086847
0,0.26636362
0,0.2690652
0,0.26050127
0,0.2651326
0,0.2656875
0,0.2676441
0,0.28497466
0,0.2726403
0,0.27519011
0,0.32703266
0,0.2766002
0,0.27026662
0,0.26873255
0,0.2608431
0,0.27005884
0,0.2659818
0,0.27526823
0,0.27161643
0,0.28190526
0,0.2822333
0,0.28728008
0,0.28278357
0,0.27437276
0,0.28335902
0,0.27173492
0,0.2688013
0,0.2671469
0,0.2781153
0,0.26601884
0,0.27224416
0,0.30305406
0,0.27629438
0,0.26996046
0,0.26798153
0,0.26231554
0,0.2669269
0,0.27170727
0,0.2622138
0,0.26727155
0,0.26543313
0,0.27067834
0,0.264129
0,0.27604896
0,0.26423132
0,0.25915733
0,0.2651572
0,0.25856167
0,0.2774973
0,0.26181376
0,0.25876942
0,0.2553997
0,0.2540927
0,0.2597079
0,0.25399747
0,0.27067637
0,0.26701054
0,0.27451742
0,0.35873464
0,0.3060722
0,0.28234273
0,0.27808532
0,0.27159995
0,0.26860094
0,0.2596837
0,0.2670606
0,0.26252136
0,0.26168075
0,0.25629884
0,0.25814316
0,0.2577585
0,0.25793886
0,0.26598045
0,0.2692031
0,0.26156083
0,0.2602678
0,0.3195594
0,0.28184658
0,0.2826553
0,0.27133173
0,0.27939555
0,0.2684583
0,0.27608362
0,0.26887614
0,0.26528424
0,0.27256805
0,0.27276048
0,0.2725636
0,0.26393655
0,0.27357343
0,0.26354507
0,0.2673347
0,0.2663432
0,0.26710328
0,0.26054046
0,0.2661786
0,0.2721103
0,0.3110662
0,0.29333195
0,0.28650156
0,0.27758083
0,0.27728504
0,0.2686952
0,0.27261108
0,0.26351666
0,0.26551682
0,0.27726302
0,0.31209216
0,0.27658558
0,0.27644336
0,0.27346393
0,0.2698439
0,0.26975137
0,0.2665545
0,0.26699176
0,0.2789572
0,0.27817905
0,0.27101746
0,0.29256222
0,0.27427498
0,0.27592328
0,0.27448148
0,0.27342728
0,0.2672339
0,0.2825885
0,0.2752451
0,0.2717884
0,0.27125803
0,0.26973382
0,0.27075592
0,0.26912504
0,0.26552054
0,0.27149493
0,0.27016938
0,0.29322577
0,0.2731819
0,0.25988534
0,0.26036713
0,0.25953653
0,0.25795817
0,0.2573992
0,0.25533044
0,0.25601786
0,0.2559516
0,0.3209103
0,0.27755466
0,0.28197205
0,0.26932508
0,0.27274376
0,0.26683903
0,0.27252498
0,0.26817653
0,0.278952
0,0.26479462
0,0.3370231
0,0.2836087
0,0.28128898
0,0.27491033
0,0.2731527
0,0.27142677
0,0.269517
0,0.2748566
0,0.2700736
0,0.2649852
0,0.26951495
0,0.2747462
0,0.27293196
0,0.26697364
0,0.2678157
0,0.27204847
0,0.26343745
0,0.2628118
0,0.26271823
0,0.26926088
0,0.26613942
0,0.29987642
0,0.27758887
0,0.26878133
0,0.26755083
0,0.26186532
0,0.26306853
0,0.2585253
0,0.25876743
0,0.2556016
0,0.25316858
0,0.31181395
0,0.2789751
0,0.28622535
0,0.267526
0,0.26281172
0,0.30341992
0,0.2846489
0,0.284852
0,0.2764899
0,0.27728125
0,0.271623
0,0.26567522
0,0.268007
0,0.26282623
0,0.2727688
0,0.26281586
0,0.265106
0,0.30214113
0,0.27845746
0,0.27016383
0,0.26849484
0,0.2626592
0,0.2647831
0,0.25862283
0,0.26895
0,0.25881085
0,0.26091763
0,0.2982279
0,0.2659018
0,0.27102333
0,0.26775807
0,0.26591048
0,0.26313168
0,0.27108756
0,0.26427594
0,0.26298484
0,0.2645086
0,0.25679052
0,0.25764173
0,0.2576939
0,0.26429522
0,0.25842047
0,0.25735632
0,0.26458552
0,0.25853848
0,0.26873535
0,0.2593608
0,0.25734335
0,0.27837834
0,0.26188827
0,0.26851743
0,0.26247716
0,0.26667842
0,0.26381508
0,0.26078516
0,0.25482
0,0.26966187
0,0.27782258
0,0.345014
0,0.31364405
0,0.3062202
0,0.30013722
0,0.29096165
0,0.2813497
0,0.28578934
0,0.30558604
0,0.29764047
0,0.28858542
0,0.28176057
0,0.27322686
0,0.27892816
0,0.27337492
0,0.27574044
0,0.27997074
0,0.277843
0,0.27681997
0,0.27288738
0,0.27033532
0,0.26783478
0,0.29062888
0,0.2740985
0,0.27203354
0,0.26988074
0,0.26885378
0,0.26668075
0,0.27312538
0,0.29729268
0,0.2784703
0,0.27264282
0,0.27281582
0,0.26725498
0,0.26938817
0,0.26481023
0,0.2674285
0,0.277293
0,0.27494746
0,0.31458876
0,0.28534123
0,0.2745664
0,0.27308324
0,0.27219942
0,0.27445382
0,0.26450104
0,0.2777488
0,0.2646259
0,0.26391116
0,0.31423002
0,0.2797912
0,0.28406844
0,0.27379924
0,0.26905322
0,0.2660407
0,0.25913882
0,0.2612557
0,0.26234135
0,0.26213264
0,0.26960537
0,0.26530048
0,0.27079
0,0.26266277
0,0.2630029
0,0.27093965
0,0.27178386
0,0.3389805
0,0.2882457
0,0.28957444
0,0.28519118
0,0.28462532
0,0.27214846
0,0.26585367
0,0.27266318
0,0.2705243
0,0.26357245
0,0.2715576
0,0.27485698
0,0.26993427
0,0.27160224
0,0.26874068
0,0.26407757
0,0.26478353
0,0.25929657
0,0.26660848
0,0.25976714
0,0.2649962
0,0.2927017
0,0.275816
0,0.27292868
0,0.27059823
0,0.26317266
0,0.26434177
0,0.25952652
0,0.26176032
0,0.2557989
0,0.25829923
0,0.25445765
0,0.25621897
0,0.25132436
0,0.25440386
0,0.2581615
0,0.25888404
0,0.27446416
0,0.27760866
0,0.26892737
0,0.26386735
0,0.2684041
0,0.28079718
0,0.26979533
0,0.26403677
0,0.26358968
0,0.26112774
0,0.2607011
0,0.28738612
0,0.26999387
0,0.26383823
0,0.26216647
0,0.25922954
0,0.26179206
0,0.25571966
0,0.26538718
0,0.25729164
0,0.2715638
0,0.25904766
0,0.25999343
0,0.26002523
0,0.2583352
0,0.26766795
0,0.26872572
0,0.25826415
0,0.26210594
0,0.25496706
0,0.25851405
0,0.25313896
0,0.29693344
0,0.28199098
0,0.27752757
0,0.2748453
0,0.26538447
0,0.27464616
0,0.2808261
0,0.2795115
0,0.27488247
0,0.2797865
0,0.3584742
0,0.3061331
0,0.30186862
0,0.28202537
0,0.28132796
0,0.2712161
0,0.27682698
0,0.27459905
0,0.27186513
0,0.26375347
0,0.33049634
0,0.31070524
0,0.2931834
0,0.27763876
0,0.27441025
0,0.26530552
0,0.26656723
0,0.2952274
0,0.2759091
0,0.26771516
0,0.2669575
0,0.2674912
0,0.26531053
0,0.2605569
0,0.26524964
0,0.25841805
0,0.25888816
0,0.25836584
0,0.25894067
0,0.25775123
0,0.26608208
0,0.2650558
0,0.2607127
0,0.26357985
0,0.25978163
0,0.26998645
0,0.26168233
0,0.259563
0,0.3394557
0,0.3028133
0,0.28131813
0,0.26759723
0,0.27251828
0,0.266852
0,0.2613067
0,0.30026156
0,0.27172893
0,0.287572
0,0.27032304
0,0.27732918
0,0.2644986
0,0.26754627
0,0.2599268
0,0.26258618
0,0.25753614
0,0.25860548
0,0.26879147
0,0.2751751
0,0.26932365
0,0.27879387
0,0.27154687
0,0.26679182
0,0.26442745
0,0.2612316
0,0.26240224
0,0.25837812
0,0.30732775
0,0.2836966
0,0.27229303
0,0.2656287
0,0.2755243
0,0.27043062
0,0.26428482
0,0.2681483
0,0.26510748
0,0.26678735
0,0.2682488
0,0.27159542
0,0.27228037
0,0.26840496
0,0.26213288
0,0.26491487
0,0.26453823
0,0.336837
0,0.29148445
0,0.28409377
0,0.2723443
0,0.27189767
0,0.26482368
0,0.26579273
0,0.25974417
0,0.26192126
0,0.25644025
0,0.25911036
0,0.27103525
0,0.26401234
0,0.25666744
0,0.25918907
0,0.26567903
0,0.2636028
0,0.26576453
0,0.2561561
0,0.2625084
0,0.26321545
0,0.26584008
0,0.26492822
0,0.26349795
0,0.25944707
0,0.260545
0,0.25795516
0,0.25933814
0,0.27104464
0,0.26352194
0,0.25903136
0,0.2615099
0,0.26472074
0,0.26085812
0,0.25702006
0,0.25791374
0,0.25593874
0,0.25605392
0,0.26114473
0,0.2609157
0,0.25550592
0,0.26559865
0,0.2619026
0,0.2604482
0,0.25622523
0,0.25574547
0,0.2519565
0,0.25996265
0,0.25961703
0,0.26335317
0,0.25903317
0,0.27836314
0,0.26534948
0,0.2702682
0,0.26393098
0,0.27008384
0,0.27404982
0,0.28081354
0,0.2695615
0,0.2701462
0,0.27189195
0,0.31019706
0,0.27809644
0,0.27777365
0,0.28262326
0,0.2770511
0,0.26652718
0,0.26879397
0,0.2601792
0,0.2711676
0,0.26967973
0,0.31645542
0,0.27891076
0,0.27639022
0,0.2784043
0,0.27291906
0,0.2661446
0,0.26797494
0,0.26834378
0,0.26659498
0,0.27060112
0,0.26151752
0,0.26497453
0,0.2639009
0,0.26497856
0,0.2647109
0,0.26468518
0,0.26418748
0,0.3008587
0,0.28884178
0,0.27703196
0,0.26718456
0,0.27135682
0,0.26658842
0,0.26550192
0,0.26316458
0,0.26257592
0,0.26118457
0,0.3410646
0,0.2960794
0,0.28504094
0,0.27551267
0,0.2715876
0,0.27363643
0,0.26693565
0,0.27040133
0,0.2683602
0,0.2691696
0,0.26431167
0,0.26771167
0,0.26408118
0,0.26247013
0,0.26411316
0,0.27489558
0,0.27262568
0,0.26422
0,0.26804003
0,0.26254636
0,0.2673933
0,0.28310037
0,0.27377924
0,0.265592
0,0.26630124
0,0.261113
0,0.26524416
0,0.25929195
0,0.26440042
0,0.25775155
0,0.26254952
0,0.29623136
0,0.27580783
0,0.2647484
0,0.26731646
0,0.2640484
0,0.26967847
0,0.26331708
0,0.26475677
0,0.26179147
0,0.26596674
0,0.26143327
0,0.26479796
0,0.27001393
0,0.26824492
0,0.28105032
0,0.28713083
0,0.29463843
0,0.2831505
0,0.27446544
0,0.286713
0,0.2721926
0,0.27338436
0,0.269822
0,0.26577207
0,0.26260257
0,0.26521847
0,0.26017442
0,0.3105307
0,0.27050018
0,0.26702622
0,0.2703699
0,0.27217332
0,0.2647862
0,0.26415625
0,0.25884038
0,0.25783587
0,0.26131988
0,0.2565967
0,0.26521406
0,0.2632816
0,0.26411894
0,0.26345614
0,0.2588826
0,0.25696006
0,0.26052117
0,0.25441483
0,0.25808167
0,0.26544288
0,0.26026264
0,0.2559153
0,0.2614738
0,0.25754422
0,0.2636034
0,0.26118514
0,0.25943166
0,0.25820723
0,0.2625822
0,0.2689006
0,0.26322764
0,0.2674289
0,0.2624249
0,0.25626367
0,0.26255587
0,0.27100444
0,0.26170105
0,0.27136287
0,0.26207617
0,0.2664298
0,0.26002228
0,0.256084
0,0.25964358
0,0.25290915
0,0.26458886
0,0.289319
0,0.29016718
0,0.28437975
0,0.2687403
0,0.27464226
0,0.2674209
0,0.2754137
0,0.27080187
0,0.26896018
0,0.27699202
0,0.2638098
0,0.27408472
0,0.27337238
0,0.28083253
0,0.27682388
0,0.26924106
0,0.26246256
0,0.2756764
0,0.26844653
0,0.2699552
0,0.27528733
0,0.2800137
0,0.27710697
0,0.26900366
0,0.27327228
0,0.27242035
0,0.27146342
0,0.27009398
0,0.283112
0,0.27916536
0,0.2870261
0,0.2756922
0,0.27995843
0,0.27542597
0,0.27916762
0,0.27282888
0,0.2659515
0,0.2673534
0,0.2682655
0,0.26114178
0,0.2737343
0,0.26687303
0,0.27131045
0,0.29245347
0,0.2760548
0,0.28558475
0,0.27463228
0,0.27493674
0,0.2791644
0,0.26897103
0,0.27409706
0,0.2800287
0,0.27597973
0,0.27800098
0,0.2780147
0,0.27065802
0,0.26718125
0,0.27749604
0,0.28275606
0,0.27433762
0,0.26887563
0,0.268217
0,0.26446518
0,0.2658589
0,0.27877495
0,0.2694468
0,0.28685045
0,0.2744965
0,0.28373343
0,0.27421528
0,0.28332716
0,0.28846806
0,0.2817025
0,0.27861845
0,0.27675977
0,0.27347767
0,0.27094084
0,0.26768523
0,0.27128345
0,0.2676297
0,0.26535192
0,0.26483417
0,0.26956216
0,0.2751062
0,0.26297444
0,0.26950413
0,0.27200332
0,0.26675805
0,0.26404458
0,0.279937
0,0.2780892
0,0.2792478
0,0.2751159
0,0.26910403
0,0.27526274
0,0.2719425
0,0.27213585
0,0.26631263
0,0.27528286
0,0.26618347
0,0.27428278
0,0.27260214
0,0.28119043
0,0.26915097
0,0.27414885
0,0.26939788
0,0.2665884
0,0.26705128
0,0.27401167
0,0.26457176
0,0.28556678
0,0.27163646
0,0.27919367
0,0.27672318
0,0.271963
0,0.26968178
0,0.27021366
0,0.2670443
0,0.26697114
0,0.27546242
0,0.27748713
0,0.2786519
0,0.27042866
0,0.2709055
0,0.27139813
0,0.2657623
0,0.26878515
0,0.26947325
0,0.27255377
0,0.27310586
0,0.2626436
0,0.26173484
0,0.2658015
0,0.26526347
0,0.26937735
0,0.27325436
0,0.26375797
0,0.26618463
0,0.27033678
0,0.27147892
0,0.26201946
0,0.2748952
0,0.27651748
0,0.27011243
0,0.2682036
0,0.26671645
0,0.26037833
0,0.26592135
0,0.2589285
0,0.26671666
0,0.262291
0,0.27784798
0,0.27765408
0,0.26410758
0,0.26952046
0,0.27536613
0,0.26694575
0,0.26928496
0,0.26802608
0,0.26540315
0,0.26313177
0,0.2670721
0,0.2642776
0,0.27204657
0,0.27446976
0,0.2756387
0,0.27280512
0,0.27671447
0,0.27733526
0,0.27549803
0,0.27764702
0,0.27892575
0,0.2803125
0,0.28017217
0,0.26868263
0,0.2730804
0,0.26906085
0,0.2673916
0,0.26822218
0,0.2718314
0,0.26555902
0,0.27218682
0,0.273175
0,0.27004087
0,0.27241954
0,0.2690247
0,0.27263528
0,0.27555054
0,0.26983413
0,0.27230936
0,0.26857623
0,0.26903832
0,0.26669204
0,0.26513666
0,0.26434004
0,0.2685337
0,0.26888072
0,0.26513782
0,0.26847056
0,0.27402836
0,0.27216694
0,0.2722947
0,0.26645505
0,0.26893926
0,0.27271268
0,0.27088672
0,0.29025498
0,0.2824845
0,0.27670977
0,0.2645009
0,0.26519418
0,0.2698459
0,0.2634877
0,0.26150098
0,0.26785767
0,0.2629765
0,0.2878413
0,0.30084252
0,0.28044677
0,0.28023556
0,0.27705815
0,0.28046682
0,0.281793
0,0.2855183
0,0.2732978
0,0.27714068
0,0.27500072
0,0.2743027
0,0.27190825
0,0.26839268
0,0.2696506
0,0.2674181
0,0.27594727
0,0.27300853
0,0.27637076
0,0.2789614
0,0.27552402
0,0.26815352
0,0.2688662
0,0.27353546
0,0.26892564
0,0.26389533
0,0.26193318
0,0.26356784
0,0.26429272
0,0.26486713
0,0.26494744
0,0.27394465
0,0.26257712
0,0.26757458
0,0.27915978
0,0.2769958
0,0.3703988
0,0.4129537
0,0.37065345
0,0.3226324
0,0.30647036
0,0.30555424
0,0.2869172
0,0.27844137
0,0.28214943
0,0.27832553
0,0.2861263
0,0.2766226
0,0.2779847
0,0.2739677
0,0.27654845
0,0.27806205
0,0.2677461
0,0.28594807
0,0.27962288
0,0.27702677
0,0.2613318
0,0.26854756
0,0.2698819
0,0.2696875
0,0.26716647
0,0.26078898
0,0.27328634
0,0.27079475
0,0.27281168
0,0.27961013
0,0.27363554
0,0.26945105
0,0.2730871
0,0.28084728
0,0.26666716
0,0.26378214
0,0.26543212
0,0.2637991
0,0.26744696
0,0.27470538
0,0.2753161
0,0.27844635
0,0.27586183
0,0.28300184
0,0.27627954
0,0.28345314
0,0.27676824
0,0.26674473
0,0.2754983
0,0.27711064
0,0.27316976
0,0.2714624
0,0.2751295
0,0.27594784
0,0.27759957
0,0.28777516
0,0.29118484
0,0.2790405
0,0.28706995
0,0.28123274
0,0.27478126
0,0.28293625
0,0.2779671
0,0.2737383
0,0.2657714
0,0.27213714
0,0.26985657
0,0.2719448
0,0.2674721
0,0.27878267
0,0.2748252
0,0.2831483
0,0.27579585
0,0.27935845
0,0.276327
0,0.27893218
0,0.2691002
0,0.27031797
0,0.2665553
0,0.27355048
0,0.28042325
0,0.26853257
0,0.26968995
0,0.26580095
0,0.2665649
0,0.26629487
0,0.2659878
0,0.2654403
0,0.26560658
0,0.2650569
0,0.25941533
0,0.2620472
0,0.2618422
0,0.26239207
0,0.26483575
0,0.26861578
0,0.26467496
0,0.25931817
0,0.2724581
0,0.27659434
0,0.2677436
0,0.27107796
0,0.26499462
0,0.26417673
0,0.26021793
0,0.2603927
0,0.26926482
0,0.26386014
0,0.27188993
0,0.2866838
0,0.27545092
0,0.27307007
0,0.26667693
0,0.2742669
0,0.26596338
0,0.25865576
0,0.2729569
0,0.27410567
0,0.28038666
0,0.271267
0,0.2760836
0,0.27480927
0,0.27690932
0,0.2817992
0,0.27522644
0,0.2856218
0,0.39581195
0,0.35102913
0,0.31715843
0,0.30097425
0,0.28246316
0,0.29187906
0,0.27338237
0,0.28157544
0,0.27108473
0,0.28322193
0,0.28172466
0,0.26991305
0,0.26348394
0,0.2679181
0,0.26110038
0,0.26950788
0,0.2661822
0,0.26757616
0,0.26905078
0,0.2731601
0,0.27262595
0,0.26301917
0,0.27229282
0,0.27292597
0,0.27535385
0,0.27381772
0,0.28091738
0,0.2712563
0,0.26658675
0,0.2608232
0,0.25783443
0,0.2693388
0,0.281261
0,0.27363512
0,0.264591
0,0.26890084
0,0.26715687
0,0.27702582
0,0.26867276
0,0.26877624
0,0.26469827
0,0.27170166
0,0.26598448
0,0.27390933
0,0.26211542
0,0.2658779
0,0.26972485
0,0.26704702
0,0.26941815
0,0.26850647
0,0.26323888
0,0.26103187
0,0.27122998
0,0.27041578
0,0.2649545
0,0.26480022
0,0.27092212
0,0.27459016
0,0.27127573
0,0.28674585
0,0.27184728
0,0.27654642
0,0.27221748
0,0.27199465
0,0.27044252
0,0.27097052
0,0.26851004
0,0.28111666
0,0.27607077
0,0.27113354
0,0.26878574
0,0.2682456
0,0.27160475
0,0.2863223
0,0.28710377
0,0.2829137
0,0.27387428
0,0.2712079
0,0.26705402
0,0.2677361
0,0.26560083
0,0.26945505
0,0.26592553
0,0.26713988
0,0.26048025
0,0.26485655
0,0.2582438
0,0.27114692
0,0.27409223
0,0.26894858
0,0.26952496
0,0.2711031
0,0.27018386
0,0.27674398
0,0.2735984
0,0.26437226
0,0.26857197
0,0.26066247
0,0.2649421
0,0.27164155
0,0.26881218
0,0.27087006
0,0.27753523
0,0.2732092
0,0.26996005
0,0.26578367
0,0.26720202
0,0.26825845
0,0.27062544
0,0.26493666
0,0.26624364
0,0.26746932
0,0.26905724
0,0.26427615
0,0.26451975
0,0.26155156
0,0.27211496
0,0.27234015
0,0.26911882
0,0.27174097
0,0.2714597
0,0.2698309
0,0.26324782
0,0.26823533
0,0.27108678
0,0.26710424
0,0.2678758
0,0.26612067
0,0.2810338
0,0.28238708
0,0.28302827
0,0.26779708
0,0.2692404
0,0.2661323
0,0.26250392
0,0.27828625
0,0.2739001
0,0.27072677
0,0.27280086
0,0.2710444
0,0.27554655
0,0.28153488
0,0.27253142
0,0.2760274
0,0.2708903
0,0.26596454
0,0.27261984
0,0.2693456
0,0.2749724
0,0.2725936
0,0.26690984
0,0.2676792
0,0.269117
0,0.2729554
0,0.27019882
0,0.27288717
0,0.2707064
0,0.26411417
0,0.28288218
0,0.27121836
0,0.27086487
0,0.26777703
0,0.25782302
0,0.2712341
0,0.262163
0,0.26748076
0,0.27670535
0,0.2669184
0,0.26255044
0,0.26181307
0,0.26360577
0,0.26841637
0,0.2615308
0,0.27049482
0,0.2676328
0,0.273884
0,0.2638654
0,0.2728161
0,0.2629999
0,0.27959824
0,0.27485794
0,0.27690744
0,0.27927247
0,0.2739036
0,0.27878034
0,0.27352703
0,0.2722502
0,0.26569304
0,0.2630597
0,0.26889428
0,0.26899195
0,0.26643285
0,0.2731608
0,0.28280443
0,0.27410975
0,0.26600298
0,0.2718181
0,0.27191105
0,0.27378228
0,0.27783304
0,0.27787912
0,0.27181208
0,0.2653711
0,0.269776
0,0.26260456
0,0.27283895
0,0.26455277
0,0.2773993
0,0.26551023
0,0.26826483
0,0.26223758
0,0.26107225
0,0.26211977
0,0.27896005
0,0.27919242
0,0.26291537
0,0.27454793
0,0.27642676
0,0.27439505
0,0.27042124
0,0.26662445
0,0.2675372
0,0.266653
0,0.27387646
0,0.26571912
0,0.2665309
0,0.26377127
0,0.26567057
0,0.27116492
0,0.27060774
0,0.2704902
0,0.28770155
0,0.27110988
0,0.2704455
0,0.2803983
0,0.2697715
0,0.26076898
0,0.25792545
0,0.2576024
0,0.25953922
0,0.26205438
0,0.2684188
0,0.26119763
0,0.26644182
0,0.2653771
0,0.267825
0,0.26017255
0,0.2713313
0,0.27524
0,0.26690543
0,0.27131656
0,0.27046612
0,0.2617904
0,0.26517344
0,0.2637475
0,0.2707708
0,0.2669135
0,0.26800504
0,0.26878977
0,0.27705342
0,0.27190807
0,0.27186728
0,0.26856396
0,0.267251
0,0.27894604
0,0.26476648
0,0.26321343
0,0.27233726
0,0.2651389
0,0.2642787
0,0.26963958
1,0.26953432
1,0.2720657
1,0.28049502
1,0.27214432
1,0.2783302
1,0.26533628
1,0.28008875
1,0.26469633
1,0.27486384
1,0.2628264
1,0.26705596
1,0.2815032
1,0.27396417
1,0.27186048
1,0.27094993
1,0.9583389
0,0.9926529
0,0.95841455
0,0.94820374
0,0.9271202
0,0.8946295
0,0.8430387
0,0.78466576
0,0.7191349
0,0.6561477
0,0.5976442
0,0.52464384
0,0.46651924
0,0.39052987
0,0.34191748
0,0.28328785
0,0.2507169
0,0.22429606
0,0.18628947
0,0.17970161
0,0.1567983
0,0.14570265
0,0.1345672
0,0.12991457
0,0.127512
0,0.12474796
0,0.12434272
0,0.1254237
0,0.12482928
0,0.12739155
0,0.26261428
0,0.2791036
0,0.27135038
0,0.27557248
0,0.26663184
0,0.2677704
0,0.2645822
0,0.27308097
0,0.27463543
0,0.27795255
0,0.26293722
0,0.27096084
0,0.27013317
0,0.27674156
0,0.2631084
0,0.26240966
0,0.25968808
0,0.265931
0,0.26690266
0,0.26960692
0,0.2696922
0,0.2657031
0,0.26543096
0,0.26890075
0,0.26408648
0,0.2666973
0,0.27189735
0,0.26503146
0,0.26952535
0,0.27460533
0,0.2665737
0,0.26449507
0,0.26584476
0,0.27079698
0,0.26992884
0,0.27334458
0,0.27146223
0,0.27076167
0,0.2662894
0,0.26754248
0,0.2682881
0,0.26444423
0,0.2663067
0,0.2701201
0,0.2616593
0,0.2696208
0,0.2601749
0,0.2679408
0,0.2716672
0,0.28259933
0,0.2672082
0,0.26264387
0,0.25540408
0,0.25970095
0,0.25440246
0,0.26867306
0,0.25312406
0,0.26781294
0,0.26070893
0,0.2606463
0,0.2658887
0,0.26270285
0,0.26574835
0,0.26726985
0,0.26842663
0,0.27973327
0,0.28108603
0,0.2845197
0,0.2729384
0,0.2720291
0,0.26442212
0,0.26859114
0,0.26494947
0,0.26676625
0,0.26612082
0,0.2789737
0,0.27373427
0,0.2757242
0,0.2674243
0,0.2711829
0,0.25983545
0,0.26402467
0,0.26593578
0,0.2595905
0,0.25939366
0,0.2608815
0,0.2657335
0,0.26306725
0,0.2622491
0,0.26636037
0,0.25587517
0,0.27068084
0,0.27831632
0,0.274061
0,0.270346
0,0.27819216
0,0.26667812
0,0.2694279
0,0.27044317
0,0.2685703
0,0.26296496
0,0.2672677
0,0.26320007
0,0.27043208
0,0.26145363
0,0.27971333
0,0.26762846
0,0.26387933
0,0.2658697
0,0.28337306
0,0.27243713
0,0.2712521
0,0.27674842
0,0.2656501
0,0.26617736
0,0.26584214
0,0.2607472
0,0.2771853
0,0.27516493
0,0.2775146
0,0.28138536
0,0.2717952
0,0.27733782
0,0.2703619
0,0.27732933
0,0.2740836
0,0.2750861
0,0.27309793
0,0.27351302
0,0.27328563
0,0.26559725
0,0.26621735
0,0.26788923
0,0.2707194
0,0.27575853
0,0.268101
0,0.26371345
0,0.26512048
0,0.26136705
0,0.28044036
0,0.26064152
0,0.26835224
0,0.2724577
0,0.27416858
0,0.26765865
0,0.27029407
0,0.2827159
0,0.28227806
0,0.26037154
0,0.2667858
0,0.26559567
0,0.27252835
0,0.27048278
0,0.26841357
0,0.27218845
0,0.2627766
0,0.26277685
0,0.27134487
0,0.26248777
0,0.26263273
0,0.26161414
0,0.26535717
0,0.2715556
0,0.27227318
0,0.27687442
0,0.28778756
0,0.27281517
0,0.269412
0,0.26947644
0,0.27161354
0,0.2783703
0,0.27429205
0,0.2603891
0,0.26267663
0,0.25543067
0,0.26876882
0,0.27018204
0,0.26864675
0,0.26752824
0,0.26796213
0,0.25758582
0,0.26806718
0,0.25979042
0,0.26993844
0,0.27061132
0,0.27228233
0,0.26676738
0,0.27623004
0,0.2622916
0,0.2701816
0,0.27528355
0,0.26980388
0,0.26639783
0,0.27739203
0,0.26813096
0,0.2701677
0,0.2658352
0,0.2663401
0,0.26550752
0,0.26351973
0,0.2761358
0,0.2678228
0,0.27665612
0,0.26798147
0,0.26952392
0,0.28291997
0,0.27892017
0,0.27635708
0,0.27537432
0,0.27455544
0,0.28262785
0,0.27729788
0,0.2680273
0,0.27543795
0,0.2744317
0,0.2725169
0,0.26196682
0,0.26804098
0,0.27141443
0,0.2704143
0,0.2627952
0,0.2670994
0,0.2628902
0,0.28778744
0,0.2866511
0,0.27737132
0,0.276334
0,0.26776043
0,0.2714002
0,0.2634022
0,0.27369782
0,0.27004144
0,0.27195838
0,0.27298746
0,0.27063158
0,0.26245305
0,0.27141264
0,0.2659044
0,0.25915867
0,0.25912505
0,0.26319167
0,0.25666684
0,0.26470673
0,0.26756477
0,0.26032448
0,0.2657488
0,0.2534254
0,0.2735268
0,0.26500818
0,0.26344225
0,0.27025476
0,0.27349377
0,0.26203012
0,0.27109358
0,0.3382324
0,0.2855252
0,0.27961954
0,0.28157583
0,0.28343475
0,0.28075203
0,0.2801666
0,0.28121716
0,0.27405843
0,0.28851646
0,0.27333647
0,0.26812953
0,0.27105117
0,0.26951146
0,0.27469733
0,0.27058437
0,0.26996893
0,0.27270308
0,0.28020453
0,0.27683076
0,0.28356415
0,0.27389425
0,0.2672658
0,0.26519716
0,0.26497614
0,0.27186212
0,0.26945195
0,0.26434788
0,0.3066256
0,0.28688404
0,0.27660158
0,0.27882653
0,0.2736034
0,0.26717243
0,0.26527646
0,0.2712029
0,0.26143622
0,0.268938
0,0.2791666
0,0.26989248
0,0.26258874
0,0.26346308
0,0.26188415
0,0.2617492
0,0.26011157
0,0.26057377
0,0.25734702
0,0.25820047
0,0.2689525
0,0.26151675
0,0.25981215
0,0.25914422
0,0.25672987
0,0.25753304
0,0.26341325
0,0.25929523
0,0.2576486
0,0.25669542
0,0.24736504
0,0.25132516
0,0.25316307
0,0.2630613
0,0.25563323
0,0.26547563
0,0.25689876
0,0.26507685
0,0.25729463
0,0.26523116
0,0.26726398
0,0.26889232
0,0.2757296
0,0.26237297
0,0.25736848
0,0.26639253
0,0.25645047
0,0.26492518
0,0.2753861
0,0.2726265
0,0.25929567
0,0.2674579
0,0.25275657
0,0.25295565
0,0.24902442
0,0.24824676
0,0.2672151
0,0.25515822
0,0.2646912
0,0.26713368
0,0.2844598
0,0.27593842
0,0.26720002
0,0.27684194
0,0.25661486
0,0.2652703
0,0.27253932
0,0.25772822
0,0.25800946
0,0.2616604
0,0.2619566
0,0.26392156
0,0.27436137
0,0.2677104
0,0.2650288
0,0.27768734
0,0.26483685
0,0.26537496
0,0.2730925
0,0.26684573
0,0.2572843
0,0.26129696
0,0.2590699
0,0.2626245
0,0.25970238
0,0.26027054
0,0.25330344
0,0.2577419
0,0.25137213
0,0.25500298
0,0.2530497
0,0.25785336
0,0.26589
0,0.25982335
0,0.25812268
0,0.26947454
0,0.25562096
0,0.25713167
0,0.27176595
0,0.26195794
0,0.25896627
0,0.26165393
0,0.26186967
0,0.25796962
0,0.26467934
0,0.25769338
0,0.2547869
0,0.25549248
0,0.25229633
0,0.2645331
0,0.25745225
0,0.25674987
0,0.26204175
0,0.2552096
0,0.2514734
0,0.26176706
0,0.25245458
0,0.25216308
1,0.27337646
1,0.27843887
1,0.26135778
1,0.26952207
1,0.26187298
1,0.2562606
1,0.2520844
1,0.2588134
1,0.26134223
1,0.26452458
1,0.27013996
1,0.260809
1,0.2555192
1,0.26193622
1,0.2527825
0,0.9553499
0,0.7659255
0,0.6598271
0,0.5816872
0,0.54109514
0,0.45967707
0,0.38517445
0,0.3248537
0,0.2881758
0,0.23903994
0,0.21611884
0,0.1906504
0,0.17519233
0,0.16207552
0,0.15189704
0,0.14622465
0,0.14066227
0,0.14321281
0,0.14038862
0,0.14580874
0,0.15837088
0,0.16845977
0,0.18609178
0,0.24504876
0,0.22770306
0,0.2445197
0,0.24294634
0,0.24358968
0,0.2640091
0,0.2541498
0,0.27682894
0,0.27578795
0,0.2672603
0,0.25645885
0,0.26154718
0,0.25201178
0,0.25475106
0,0.4945458
0,0.5078182
0,0.40306702
0,0.34062955
0,0.3057505
0,0.29996738
0,0.27615377
0,0.31453446
0,0.28544697
0,0.28273624
0,0.27027497
0,0.27328748
0,0.26264104
0,0.267837
0,0.26975843
0,0.26985765
0,0.25850025
0,0.2657376
0,0.26340383
0,0.25105643
0,0.24673988
0,0.25149143
0,0.24392903
0,0.24129397
0,0.24704204
0,0.24360576
0,0.2571918
0,0.25745183
0,0.26205942
0,0.26160777
0,0.27489656
0,0.26954412
0,0.25810826
0,0.27340758
0,0.25839597
0,0.2622992
0,0.26090363
0,0.26089245
0,0.2523564
0,0.25788936
0,0.25465783
0,0.25692993
0,0.25234425
0,0.25726545
0,0.27401188
0,0.2639495
0,0.26003313
0,0.27044025
0,0.28170142
0,0.26966366
0,0.28303036
0,0.26950973
0,0.31545794
0,0.28344873
0,0.30367845
0,0.28021148
0,0.27362254
0,0.26966324
0,0.27582887
0,0.26679873
0,0.27198642
0,0.26629338
0,0.304052
0,0.27293664
0,0.29011294
0,0.28648543
0,0.28240338
0,0.271255
0,0.28263667
0,0.28538075
0,0.29064834
0,0.28434673
0,0.32156184
0,0.28419384
0,0.2738495
0,0.26783693
0,0.26254657
0,0.2708192
0,0.2775404
0,0.2649463
0,0.25872856
0,0.25767478
0,0.2774405
0,0.27492312
0,0.27866504
0,0.2651968
0,0.27616638
0,0.26346022
0,0.2746092
0,0.26303998
0,0.27324927
0,0.27369913
0,0.27797854
0,0.27826637
0,0.26292723
0,0.259006
0,0.26883465
0,0.26907742
0,0.2721484
0,0.27138114
0,0.2733408
0,0.27227548
0,0.2823122
0,0.2757238
0,0.2686615
0,0.35090283
0,0.2946534
0,0.27760598
0,0.27965537
0,0.26478636
0,0.27408496
0,0.26189113
0,0.26856768
0,0.267459
0,0.2681031
0,0.26757777
0,0.27171156
0,0.26162347
0,0.26638243
0,0.2676902
0,0.25962275
0,0.26351222
0,0.28329223
0,0.28387216
0,0.27664813
0,0.27921766
0,0.2736196
0,0.28181675
0,0.27525324
0,0.28378895
0,0.2746376
0,0.27118295
0,0.27664784
0,0.26925036
0,0.26922494
0,0.26621056
0,0.26540017
0,0.2632996
0,0.26516646
0,0.26679152
0,0.2563627
0,0.27002317
0,0.26515013
0,0.27448648
0,0.26725996
0,0.43134606
0,0.33411777
0,0.31877464
0,0.28759104
0,0.29083264
0,0.2854262
0,0.28509682
0,0.32942194
0,0.2876352
0,0.2824725
0,0.2727895
0,0.26378447
0,0.2736888
0,0.2669968
0,0.2744856
0,0.2725127
0,0.2749542
0,0.2683079
0,0.28623864
0,0.2743758
0,0.3731807
0,0.33085033
0,0.30605006
0,0.29943976
0,0.29787436
0,0.29108307
0,0.27793524
0,0.28235245
0,0.2872223
0,0.28374454
0,0.2798084
0,0.28144872
0,0.27819318
0,0.27399516
0,0.2746824
0,0.29293874
0,0.28597522
0,0.2707034
0,0.27433905
0,0.28590617
0,0.2788632
0,0.27780724
0,0.2749446
0,0.26716438
0,0.26974958
0,0.2846094
0,0.26455945
0,0.26153204
0,0.26697412
0,0.26125842
0,0.2560765
0,0.24864604
0,0.25924852
0,0.2590822
0,0.26236132
0,0.2663343
0,0.25490248
0,0.25614566
0,0.25049445
0,0.2537258
0,0.25893536
0,0.2496092
0,0.25903508
0,0.25170538
0,0.2571959
0,0.2548142
0,0.2639523
0,0.25956976
0,0.26121837
0,0.257304
0,0.2596836
0,0.24902923
0,0.26690385
0,0.2680148
0,0.26406088
0,0.25697878
0,0.27160856
0,0.28107855
0,0.27337292
0,0.25836617
0,0.26147518
0,0.2625717
0,0.260625
0,0.2615239
0,0.2699359
0,0.26510796
0,0.2618245
0,0.2621545
0,0.32175377
0,0.28553772
0,0.27567452
0,0.26486835
0,0.26309708
0,0.26228675
0,0.25905287
0,0.25218034
0,0.25519308
0,0.3228916
0,0.27781966
0,0.2663243
0,0.26496
0,0.26193574
0,0.27507898
0,0.43763232
0,0.41705152
0,0.33969852
0,0.3072073
0,0.28260842
0,0.27435338
0,0.29242557
0,0.30268475
0,0.28044978
0,0.2694175
0,0.26728043
0,0.26674438
0,0.26873916
0,0.26986155
0,0.2642891
0,0.26254055
0,0.2566574
0,0.26247346
0,0.2624023
0,0.2549949
0,0.2492503
0,0.26153147
0,0.25585437
0,0.2499402
0,0.25247172
0,0.25835046
0,0.2515548
0,0.25792384
0,0.2548958
0,0.2594979
0,0.25600755
0,0.26260862
0,0.2599411
0,0.26185238
0,0.25601628
0,0.2595031
0,0.2555929
0,0.2596186
0,0.26447883
0,0.26244825
0,0.26705632
0,0.26494354
0,0.26040277
0,0.26080218
0,0.26700008
0,0.26206934
0,0.26055366
0,0.27016306
0,0.2660637
0,0.2748027
0,0.26538163
0,0.2628287
0,0.29097307
0,0.27111214
0,0.28159928
0,0.27940348
0,0.27536973
0,0.268028
0,0.26397318
0,0.27188993
0,0.2658373
0,0.28148782
0,0.2716859
0,0.27599767
0,0.26558062
0,0.2726776
0,0.27726284
0,0.27611044
0,0.26794454
0,0.27564764
0,0.27449495
0,0.2753289
0,0.27102283
0,0.27409202
0,0.33013293
0,0.2863473
0,0.27860984
0,0.27962106
0,0.26487958
0,0.27444595
0,0.26453814
0,0.27006844
0,0.2819854
0,0.27640918
0,0.2799141
0,0.2762382
0,0.26883748
0,0.27175963
0,0.27301598
0,0.28061092
0,0.27773598
0,0.27453095
0,0.26755217
0,0.2699039
0,0.27174798
0,0.2695336
0,0.27298445
0,0.2703037
0,0.28037348
0,0.27761078
0,0.27522165
0,0.27219135
0,0.27088323
0,0.26949114
0,0.26279798
0,0.31343007
0,0.2947098
0,0.28170148
0,0.2822573
0,0.27412105
0,0.2627311
0,0.26520765
0,0.26091775
0,0.26206604
0,0.26449147
0,0.3105754
0,0.2921374
0,0.27812898
0,0.27826965
0,0.27055505
0,0.27795655
0,0.27976277
0,0.26525587
0,0.26427937
0,0.2726416
0,0.2646515
0,0.27340278
0,0.26468176
0,0.2582827
0,0.2582853
0,0.26810926
0,0.26086733
0,0.25427717
0,0.2669495
0,0.26920557
0,0.26488832
0,0.2616707
0,0.2579926
0,0.2710459
0,0.27091318
0,0.2654229
0,0.25973183
0,0.25893494
0,0.26665705
0,0.26868168
0,0.32184064
0,0.2992886
0,0.29844797
0,0.28797317
0,0.2757685
0,0.2784427
0,0.27639276
0,0.26449424
0,0.28005308
0,0.27210194
0,0.32158133
0,0.28953803
0,0.2725985
0,0.27889714
0,0.28781167
0,0.27653596
0,0.26380956
0,0.26914912
0,0.2684107
0,0.25895166
0,0.3266028
0,0.2903875
0,0.28223303
0,0.2762105
0,0.28345236
0,0.27341563
0,0.28151554
0,0.26448032
0,0.27703488
0,0.26076558
0,0.27465925
0,0.25968286
0,0.27306575
0,0.2942941
0,0.29485065
0,0.2775099
0,0.2818812
0,0.28835234
0,0.27280834
0,0.26940003
0,0.26427925
0,0.27562577
0,0.27995056
0,0.27131742
0,0.27569816
0,0.27275738
0,0.2768527
0,0.28923914
0,0.28273717
0,0.27011895
0,0.27452344
0,0.2708282
0,0.27768123
0,0.27344042
0,0.27360785
0,0.26713693
0,0.27021933
0,0.267652
0,0.27040595
0,0.26502955
0,0.26876923
0,0.26571846
0,0.26867902
0,0.28142336
0,0.27464202
0,0.27658743
0,0.27458107
0,0.2761928
0,0.2730437
0,0.26538348
0,0.26868454
0,0.27073398
0,0.2685989
0,0.28021148
0,0.27358392
0,0.2827496
0,0.27435508
0,0.2667422
0,0.26807082
0,0.25846872
0,0.26516834
0,0.2830768
0,0.28523263
0,0.26840177
0,0.26942047
0,0.26284844
0,0.26694113
0,0.2747507
0,0.26824403
0,0.25760657
0,0.2748712
0,0.27640668
0,0.2688342
0,0.2764608
0,0.26895896
0,0.27506784
0,0.27131093
0,0.2824841
0,0.2702956
0,0.29809135
0,0.27720377
0,0.28043398
0,0.28285322
0,0.2812051
0,0.27063042
0,0.26743248
0,0.26419002
0,0.2777618
0,0.26592994
0,0.27280533
0,0.26457384
0,0.2706874
0,0.26345223
0,0.2558817
0,0.2653029
0,0.26855808
0,0.2724908
0,0.2723819
0,0.2637366
0,0.26965553
0,0.26192513
0,0.2678112
0,0.2705169
0,0.2710412
0,0.26602262
0,0.25484625
0,0.25462705
0,0.2698332
0,0.31860414
0,0.27504227
0,0.2668275
0,0.2701992
0,0.27075
0,0.27401787
0,0.2632893
0,0.27119055
0,0.26953784
0,0.27487162
0,0.2714746
0,0.25922993
0,0.26467925
0,0.26524073
0,0.25586578
0,0.26554853
0,0.2785712
0,0.26154158
0,0.26697114
0,0.2956084
0,0.28895953
0,0.28102484
0,0.28607428
0,0.27550638
0,0.28007483
0,0.26489386
0,0.2776198
0,0.27603117
0,0.28062022
0,0.27234173
0,0.2796424
0,0.27153412
0,0.2785023
0,0.26302692
0,0.26430154
0,0.2633394
0,0.27204368
0,0.26837128
0,0.26434195
0,0.26965433
0,0.26444164
0,0.2632582
0,0.2712951
0,0.2648135
0,0.272058
0,0.27174646
0,0.2743762
0,0.26755893
0,0.27478117
0,0.2741204
0,0.29909614
0,0.27670994
0,0.27945825
0,0.2728369
0,0.27502334
0,0.2733671
0,0.27597243
0,0.2593496
0,0.27387157
0,0.26360723
0,0.3186512
0,0.28084192
0,0.2810751
0,0.27583748
0,0.2749395
0,0.27101463
0,0.27374658
0,0.25779855
0,0.25555384
0,0.2597542
0,0.26325077
0,0.25889474
0,0.2630934
0,0.25825465
0,0.26258045
0,0.25787047
0,0.2633416
0,0.25725436
0,0.26233378
0,0.27726367
0,0.2803835
0,0.27024454
0,0.26918128
0,0.26325303
0,0.26447582
0,0.2818202
0,0.27140445
0,0.26580775
0,0.2658078
0,0.3250507
0,0.2962262
0,0.2964887
0,0.29071358
0,0.29219332
0,0.27880672
0,0.27918178
0,0.27167916
0,0.28108358
0,0.27229747
0,0.3129945
0,0.28261694
0,0.29190457
0,0.27614605
0,0.28403896
0,0.2735056
0,0.26026285
0,0.26215947
0,0.27521724
0,0.2661461
0,0.30035278
0,0.27515313
0,0.27401793
0,0.2676531
0,0.26312506
0,0.26317847
0,0.25876987
0,0.2597652
0,0.27065265
0,0.2616918
0,0.2959735
0,0.2716833
0,0.2738604
0,0.26545593
0,0.27439228
0,0.27454603
0,0.2624825
0,0.26009935
0,0.2704396
0,0.27094144
0,0.27431104
0,0.26207867
0,0.26544577
0,0.26910105
0,0.27523378
0,0.27359998
0,0.2749666
0,0.27354598
0,0.2754646
0,0.28516507
0,0.26524276
0,0.26036647
0,0.26929998
0,0.32637888
0,0.29410288
0,0.27429757
0,0.2618255
0,0.26917267
0,0.276123
0,0.27193922
0,0.26317066
0,0.2577018
0,0.26726958
0,0.30270126
0,0.28465736
0,0.2788208
0,0.2783481
0,0.27399164
0,0.27383024
0,0.27217403
0,0.27217445
0,0.27099863
0,0.27569383
0,0.2826661
0,0.27544853
0,0.28527182
0,0.27097583
0,0.28322366
0,0.26658738
0,0.27810103
0,0.27818614
0,0.2702411
0,0.2636122
0,0.27418733
0,0.27553037
0,0.26751384
0,0.274092
0,0.26660424
0,0.26731938
0,0.2638
0,0.26516125
0,0.26283157
0,0.26709294
0,0.274128
0,0.267663
0,0.26332974
0,0.26981512
0,0.2658998
0,0.26999614
0,0.27362123
0,0.27265468
0,0.26527742
0,0.26699504
0,0.2843641
0,0.2775704
0,0.26717854
0,0.27044198
0,0.27308428
0,0.27489042
0,0.2754487
0,0.27264112
0,0.2743979
0,0.26818216
0,0.28282288
0,0.28257424
0,0.2781649
0,0.2758983
0,0.27429047
0,0.2674996
0,0.27124482
0,0.2630332
0,0.26800373
0,0.27341965
0,0.29498747
0,0.27783343
0,0.27756727
0,0.26617306
0,0.26825863
0,0.2668201
0,0.26832134
0,0.26681328
0,0.2666055
0,0.26322562
0,0.288149
0,0.27078986
0,0.2698418
0,0.26604086
0,0.2672103
0,0.26310328
0,0.26466978
0,0.27853623
0,0.26982474
0,0.28251123
0,0.3083336
0,0.27490574
0,0.2729164
0,0.27893817
0,0.27077597
0,0.27050957
0,0.27441666
0,0.27345702
0,0.2675652
0,0.2608708
0,0.29723778
0,0.28940955
0,0.27856007
0,0.28388143
0,0.27200502
0,0.2830945
0,0.2701777
0,0.27139097
0,0.27650365
0,0.28258353
0,0.30449703
0,0.28415853
0,0.28370482
0,0.27690467
0,0.26817718
0,0.26969528
0,0.27398065
0,0.27846035
0,0.26618177
0,0.27950102
0,0.28790152
0,0.28394538
0,0.2754175
0,0.28059366
0,0.26686254
0,0.276286
0,0.26419526
0,0.27359116
0,0.2649503
0,0.27347082
0,0.27407238
0,0.27599227
0,0.26750863
0,0.28666022
0,0.26712936
0,0.28028342
0,0.26466918
0,0.2573313
0,0.25467557
0,0.26549995
0,0.2665196
0,0.26978266
1,0.2580218
1,0.2592549
1,0.2535611
1,0.2556016
1,0.25095558
1,0.26152155
1,0.26202077
1,0.3190042
1,0.27429244
1,0.27822852
1,0.26246107
1,0.260629
1,0.26364565
1,0.26532397
1,0.26605818
0,0.9573131
0,0.79446185
0,0.74424493
0,0.67609394
0,0.605485
0,0.5810042
0,0.51099634
0,0.44810233
0,0.36488184
0,0.29637098
0,0.23365374
0,0.19288526
0,0.16558316
0,0.14697292
0,0.1387636
0,0.13552366
0,0.13630025
0,0.13227984
0,0.1242722
0,0.1274052
0,0.12673618
0,0.12811081
0,0.13195446
0,0.13841973
0,0.15305123
0,0.17767377
0,0.17868255
0,0.198466
0,0.2102337
0,0.21724351
0,0.26518953
0,0.27121326
0,0.2709028
0,0.27293786
0,0.27197123
0,0.27554265
0,0.25919428
0,0.2697401
0,0.25830805
0,0.2672836
0,0.28400308
0,0.2767191
0,0.26892525
0,0.27231324
0,0.2564188
0,0.2758419
0,0.27243447
0,0.26063505
0,0.2661141
0,0.26688617
0,0.26698783
0,0.26835603
0,0.26720843
0,0.25633374
0,0.31083012
0,0.27227682
0,0.27029905
0,0.2710884
0,0.26415062
0,0.2670809
0,0.2596289
0,0.264492
0,0.26068676
0,0.26334947
0,0.29971784
0,0.27840462
0,0.269136
0,0.28320053
0,0.26971483
0,0.2702538
0,0.2616407
0,0.26482323
0,0.2579804
0,0.26250657
0,0.27017334
0,0.26592368
0,0.27746788
0,0.26867038
0,0.26622814
0,0.26445904
0,0.27651286
0,0.2678059
0,0.25930923
0,0.26205882
0,0.25526875
0,0.27064168
0,0.27666688
0,0.26664564
0,0.27845487
0,0.2673233
0,0.27145433
0,0.2642657
0,0.2610525
0,0.25922102
0,0.26218298
0,0.25760278
0,0.26614147
0,0.25921142
0,0.25695634
0,0.26667887
0,0.27321678
0,0.27055758
0,0.2695584
0,0.27338254
0,0.28544596
0,0.28380364
0,0.29057753
0,0.28165802
0,0.28533173
0,0.26877028
0,0.27985352
0,0.2648195
0,0.27825508
0,0.26278824
0,0.273729
0,0.28245378
0,0.2818368
0,0.26693094
0,0.275392
0,0.26184016
0,0.2723054
0,0.25955594
0,0.2572823
0,0.26380125
0,0.25613555
0,0.25242814
0,0.2674517
0,0.26545703
0,0.27064598
0,0.2683034
0,0.27211493
0,0.25888047
0,0.27283883
0,0.26796624
0,0.28635794
0,0.28590584
0,0.2795648
0,0.27422324
0,0.27547273
0,0.26008424
0,0.27099138
0,0.29009396
0,0.28552923
0,0.28093675
0,0.29798442
0,0.3129107
0,0.30611607
0,0.3080721
0,0.31256598
0,0.3110863
0,0.30158818
0,0.30184183
0,0.28026727
0,0.28677157
0,0.30511212
0,0.29326293
0,0.27368397
0,0.29070833
0,0.2778929
0,0.2714566
0,0.26340887
0,0.2747504
0,0.2610637
0,0.27302605
0,0.2809408
0,0.28124902
0,0.27352524
0,0.26780286
0,0.26120472
0,0.27157137
0,0.26878828
0,0.2670095
0,0.27336106
0,0.27737004
0,0.27000657
0,0.2767158
0,0.28124008
0,0.2838131
0,0.30032265
0,0.29304603
0,0.28470567
0,0.28293675
0,0.27852613
0,0.27888864
0,0.27063853
0,0.27438164
0,0.26842067
0,0.27206558
0,0.26570016
0,0.27991417
0,0.26845965
0,0.27330518
0,0.2682757
0,0.27213368
0,0.26612362
0,0.25963613
0,0.2646418
0,0.2670318
0,0.263417
0,0.26683053
0,0.26416686
0,0.26691607
0,0.2645288
0,0.2696075
0,0.26843196
0,0.26823574
0,0.2673689
0,0.2672676
0,0.2606597
0,0.26394388
0,0.2571155
0,0.26259342
0,0.25580907
0,0.2609993
0,0.29040334
0,0.2657467
0,0.26310286
0,0.2658868
0,0.25909424
0,0.26632208
0,0.25620106
0,0.2599043
0,0.25576395
0,0.25866142
0,0.2863162
0,0.2696759
0,0.26169476
0,0.2625414
0,0.2563895
0,0.25843957
0,0.27255723
0,0.26375532
0,0.26569578
0,0.2613969
0,0.2586567
0,0.26151717
0,0.2734658
0,0.26387337
0,0.2761672
0,0.26540124
0,0.27693063
0,0.26562992
0,0.27077955
0,0.2635916
0,0.25854275
0,0.26869017
0,0.2768666
0,0.3270006
0,0.2996936
0,0.28152546
0,0.28706378
0,0.28602207
0,0.28393358
0,0.28591216
0,0.2690834
0,0.27448693
0,0.27748284
0,0.31225783
0,0.28340808
0,0.28236854
0,0.28167626
0,0.29044342
0,0.28408706
0,0.26924422
0,0.25973803
0,0.25875688
0,0.2778303
0,0.31077236
0,0.29619652
0,0.27399933
0,0.27919653
0,0.27575055
0,0.27850375
0,0.26388374
0,0.27288973
0,0.26157016
0,0.26905057
0,0.31759283
0,0.29015633
0,0.2821484
0,0.27954856
0,0.26474088
0,0.27054393
0,0.2711475
0,0.2743999
0,0.2833474
0,0.27511197
0,0.34875762
0,0.3003259
0,0.299914
0,0.28544188
0,0.27907783
0,0.27492818
0,0.2923063
0,0.26418543
0,0.2790519
0,0.27022338
0,0.26728162
0,0.25326464
0,0.26996404
0,0.25672647
0,0.2701521
0,0.26456726
0,0.2632428
0,0.26527897
0,0.27649686
0,0.2725257
0,0.3227169
0,0.2868137
0,0.2777857
0,0.27891752
0,0.28012833
0,0.27377734
0,0.2775486
0,0.27726063
0,0.27743196
0,0.27464712
0,0.32578862
0,0.31414577
0,0.29591992
0,0.37127876
0,0.31252298
0,0.300524
0,0.29239428
0,0.29186156
0,0.2846448
0,0.28253248
0,0.2799515
0,0.2741149
0,0.2751993
0,0.26502556
0,0.2719462
0,0.2802682
0,0.28753036
0,0.2848279
0,0.27931488
0,0.29057127
0,0.35573182
0,0.30032167
0,0.2910127
0,0.28201145
0,0.2791532
0,0.27122796
0,0.2718048
0,0.26998204
0,0.27151787
0,0.26294035
0,0.33097863
0,0.28771952
0,0.28293094
0,0.2703467
0,0.27188867
0,0.26165578
0,0.26610702
0,0.26862627
0,0.2670137
0,0.25763765
0,0.26308748
0,0.25688168
0,0.26200914
0,0.26907712
0,0.26783705
0,0.26114392
0,0.27754626
0,0.2663392
0,0.26852494
0,0.25766394
0,0.26196718
0,0.25347584
0,0.25871858
0,0.26168305
0,0.26151982
0,0.26288772
0,0.26106352
0,0.27819502
0,0.26574674
0,0.26678613
0,0.26246902
0,0.25759524
0,0.2597068
0,0.26046973
0,0.25833073
0,0.26155576
0,0.2604629
0,0.30117753
0,0.27474254
0,0.27981493
0,0.2683699
0,0.26746488
0,0.27343848
0,0.26722157
0,0.2733207
0,0.27525434
0,0.26450917
0,0.29640323
0,0.27295655
0,0.27737704
0,0.2655688
0,0.26705024
0,0.2603562
0,0.26858234
0,0.2610481
0,0.2539851
0,0.26465383
0,0.2923189
0,0.29075384
0,0.2827291
0,0.2681177
0,0.2718888
0,0.2614542
0,0.26850244
0,0.273726
0,0.27209044
0,0.26864496
0,0.2963174
0,0.28475696
0,0.27984983
0,0.26481798
0,0.2736713
0,0.28116566
0,0.27662733
0,0.26210454
0,0.2726158
0,0.28014812
0,0.27409223
0,0.2819996
0,0.27414304
0,0.27256513
0,0.26224688
0,0.2752084
0,0.25661334
0,0.27298322
0,0.25825784
0,0.2729418
0,0.2548082
0,0.26026312
0,0.26106167
0,0.3339702
0,0.2825683
0,0.27824733
0,0.2785923
0,0.27077147
0,0.26510563
0,0.2711842
0,0.2715259
0,0.27611408
0,0.25643393
0,0.3081792
0,0.2851149
0,0.27383128
0,0.2802453
0,0.27418625
0,0.27407804
0,0.2762679
0,0.26993695
0,0.27427995
0,0.25848672
0,0.26913968
0,0.26377234
0,0.27411783
0,0.2696187
0,0.2733458
0,0.26608446
0,0.27206016
0,0.26531187
0,0.27102786
0,0.26429105
0,0.26938522
0,0.26316515
0,0.26920947
0,0.25208378
0,0.26434892
0,0.26310515
0,0.2675301
0,0.25215146
0,0.26341432
0,0.25598234
0,0.28775436
0,0.27149096
0,0.27359757
0,0.2675208
0,0.26990137
0,0.2617264
0,0.26649484
0,0.26312605
0,0.26971605
0,0.2631866
0,0.26599926
0,0.2574828
0,0.26273707
0,0.25585425
0,0.26081568
0,0.25496998
0,0.25940695
0,0.25531775
0,0.26078066
0,0.25363386
0,0.25851798
0,0.25522345
0,0.25945953
0,0.27240258
0,0.26522568
0,0.25669542
0,0.26029193
0,0.274117
0,0.26571828
0,0.25627235
0,0.26037073
0,0.26217878
0,0.25992325
0,0.25722656
0,0.25946146
0,0.25597814
0,0.25827327
0,0.25989646
0,0.25802717
0,0.2753778
0,0.26308754
0,0.2595255
0,0.259101
0,0.2715706
0,0.26184818
0,0.262222
0,0.25894043
0,0.26148486
0,0.27147368
0,0.28260532
0,0.26685283
0,0.26095265
0,0.28945285
0,0.263923
0,0.2664501
0,0.2575262
0,0.26690102
0,0.2712293
0,0.26040697
0,0.27601972
0,0.26163006
0,0.26205772
0,0.25698093
0,0.2659887
0,0.2573678
0,0.2716541
0,0.25897253
0,0.2663708
0,0.25653356
0,0.29036447
0,0.27044713
0,0.27286804
0,0.2713971
0,0.27303466
0,0.27064446
0,0.27109158
0,0.26938286
0,0.26992813
0,0.27228865
0,0.30279896
0,0.2881619
0,0.28024468
0,0.28688192
0,0.27793354
0,0.27322847
0,0.2768029
0,0.27041015
0,0.25829467
0,0.27603924
0,0.2934007
0,0.2727496
0,0.2723684
0,0.26778677
0,0.26794967
0,0.26496965
0,0.24940586
0,0.26767713
0,0.31685975
0,0.29298687
0,0.26735273
0,0.2685517
0,0.25899804
0,0.26074582
0,0.2626146
0,0.26105973
0,0.25703555
0,0.2692208
0,0.2630503
0,0.26004818
0,0.27376434
0,0.27507856
0,0.27009577
0,0.28545725
0,0.27278078
0,0.27554828
0,0.2640408
0,0.27147958
0,0.26892325
0,0.27290156
0,0.26547733
0,0.2702559
0,0.26500967
0,0.26975453
0,0.25562546
0,0.2667007
0,0.26521534
0,0.27050343
0,0.26027018
0,0.26671237
0,0.259851
0,0.26577848
0,0.27067223
0,0.2710006
0,0.2733685
0,0.27111068
0,0.26205683
0,0.26654303
0,0.26346692
0,0.26592255
0,0.25937653
0,0.26381645
0,0.31853664
0,0.27526927
0,0.26934835
0,0.26912317
0,0.2642569
0,0.2650758
0,0.26121745
0,0.26289976
0,0.2759409
0,0.27306324
0,0.31091428
0,0.28126928
0,0.279715
0,0.2720052
0,0.26378548
0,0.2656931
0,0.26722756
0,0.26348907
0,0.25557402
0,0.25387284
0,0.319512
0,0.27507344
0,0.27662417
0,0.26843914
0,0.26294762
0,0.33847365
0,0.28254145
0,0.2761052
0,0.26642027
0,0.2606507
0,0.29856196
0,0.28352493
0,0.26436695
0,0.27680865
0,0.26899165
0,0.2737452
0,0.26281106
0,0.27221492
0,0.2585255
0,0.25711805
0,0.299386
0,0.28410655
0,0.26361597
0,0.27079633
0,0.26596612
0,0.2697854
0,0.26443368
0,0.26833746
0,0.26314795
0,0.25723526
0,0.28956088
0,0.27556503
0,0.26739547
0,0.25895488
0,0.2594816
0,0.25281417
0,0.24856567
0,0.2492758
0,0.24230568
0,0.25334817
0,0.2954567
0,0.2632909
0,0.27221477
0,0.26828998
0,0.2672762
0,0.266885
0,0.26865226
0,0.2770592
0,0.26312798
0,0.26680583
0,0.30565917
0,0.2784345
0,0.28107482
0,0.27218068
0,0.26300633
0,0.27498397
0,0.2730327
0,0.2837061
0,0.27565852
0,0.27550453
0,0.2745538
0,0.28331468
0,0.27705136
0,0.28531516
0,0.2752609
0,0.26756328
0,0.26042524
0,0.273692
0,0.26789594
0,0.2727496
0,0.257189
0,0.2690548
0,0.26395166
0,0.27267203
0,0.25771064
0,0.26817352
0,0.26184607
0,0.27025518
0,0.26211777
0,0.28717387
0,0.2811494
0,0.28977552
0,0.26298794
0,0.2720532
0,0.26525337
0,0.25871837
0,0.26963165
0,0.27299976
0,0.269425
0,0.2663234
0,0.26528925
0,0.26813135
0,0.28024217
0,0.27079484
0,0.26248586
0,0.26914617
0,0.26030204
0,0.26505575
0,0.26120657
0,0.264204
0,0.25753173
0,0.28641793
0,0.2651424
0,0.2680883
0,0.2630701
0,0.26456705
0,0.26703498
0,0.2646547
0,0.25582197
0,0.26061594
0,0.25227845
0,0.3062444
0,0.28249282
0,0.27743715
0,0.26281062
0,0.26580808
0,0.2695114
0,0.26441857
0,0.27402005
0,0.27489865
0,0.26978913
0,0.26567262
0,0.26705292
0,0.26378813
0,0.264451
0,0.2626317
0,0.27054083
0,0.26314175
0,0.30571154
0,0.28765693
0,0.2960717
0,0.2771811
0,0.27228025
0,0.26698068
0,0.2570108
0,0.25866118
0,0.25306135
0,0.26509494
0,0.25512516
0,0.25522256
0,0.25743765
0,0.2564778
0,0.25621095
0,0.25264445
0,0.26632574
0,0.258102
0,0.25796583
0,0.25451976
0,0.2497804
0,0.28293183
0,0.25802857
0,0.25570238
0,0.24820009
0,0.2596365
0,0.2553539
0,0.26236066
0,0.25395808
0,0.25119495
0,0.25032884
0,0.25771153
0,0.24631324
0,0.2559152
0,0.26156652
0,0.26121348
0,0.25359738
0,0.2599949
0,0.26252782
0,0.25173923
0,0.25050694
0,0.24970205
0,0.24711336
0,0.2545188
0,0.26045054
0,0.26106802
0,0.26335382
0,0.26215774
0,0.26786587
0,0.27524126
0,0.25942454
0,0.26178217
0,0.25376627
0,0.2584819
0,0.261692
0,0.26011738
0,0.2513961
0,0.25457737
0,0.2627844
0,0.27105287
0,0.26626292
0,0.27589613
0,0.26898137
0,0.2757662
0,0.2710702
0,0.26550475
0,0.26642933
0,0.2726142
0,0.25732258
0,0.26127908
0,0.25234115
0,0.25504342
0,0.25897288
0,0.2681306
0,0.26408723
0,0.27049133
0,0.26899117
0,0.2736471
0,0.26061884
0,0.272071
0,0.29621953
0,0.33997658
0,0.30721012
0,0.29635814
0,0.29423437
0,0.2900443
0,0.27082616
0,0.28804582
0,0.27163792
0,0.2741223
0,0.26568824
0,0.27045774
0,0.27006784
0,0.2698252
0,0.2739403
0,0.27624512
0,0.2601672
0,0.26701504
0,0.2618893
0,0.2650434
0,0.26607934
0,0.26787028
0,0.26721165
0,0.27638465
0,0.2729914
0,0.27239028
0,0.2557171
0,0.26990703
0,0.26727253
0,0.2657301
0,0.27162117
0,0.26717454
0,0.27197292
0,0.26643613
0,0.2715146
0,0.2718131
0,0.26534677
0,0.2640394
0,0.2924877
0,0.27529043
0,0.27569935
0,0.26981387
0,0.26072657
0,0.26291934
0,0.267265
0,0.26380354
0,0.5641248
0,0.6288506
0,0.5801685
0,0.44472653
0,0.39426577
0,0.3441539
0,0.31488442
0,0.29346487
0,0.2646413
0,0.2551549
0,0.24985574
0,0.23681255
0,0.2279259
0,0.22663504
0,0.20300809
0,0.19104128
0,0.1779471
0,0.17115614
0,0.17001286
0,0.17293228
0,0.17477784
0,0.18208028
0,0.18409273
0,0.22946411
0,0.22438817
0,0.23372291
0,0.23815918
0,0.23906654
0,0.2462581
0,0.2458105
0,0.25759608
0,0.25554845
0,0.2600023
0,0.26737797
0,0.2627416
0,0.26753658
0,0.2534498
0,0.26405758
0,0.2644488
0,0.26718357
0,0.27961233
0,0.26188725
0,0.2704805
0,0.26087534
0,0.25099093
0,0.26114362
0,0.25259134
0,0.26306853
0,0.25110048
0,0.24918407
0,0.31366074
0,0.2711391
0,0.4370143
0,0.41057223
0,0.32831636
0,0.32931384
0,0.30814776
0,0.29338902
0,0.27219003
0,0.27428314
0,0.26359376
0,0.27726832
0,0.26350224
0,0.26589668
0,0.25724456
0,0.2609723
0,0.26644045
0,0.26479107
0,0.26784307
0,0.27476403
0,0.2590784
0,0.28390333
0,0.27928728
0,0.29253793
0,0.28321815
0,0.28311726
0,0.26224414
0,0.2783499
0,0.2631809
0,0.26472062
0,0.27839106
0,0.28969255
0,0.27949885
0,0.27052668
0,0.27369463
0,0.2777573
0,0.27370805
0,0.28024796
0,0.27395302
0,0.28004408
0,0.2677205
0,0.27364877
0,0.28304386
0,0.2790374
0,0.263157
0,0.27644145
0,0.27270213
0,0.27551585
0,0.2710323
0,0.27567202
0,0.26179242
0,0.26956874
0,0.26905233
0,0.27426416
0,0.25889602
0,0.26791778
0,0.26390895
0,0.26949278
0,0.25669777
0,0.26542988
0,0.27345425
0,0.26983696
0,0.26445287
0,0.26856622
0,0.26358616
0,0.27291855
0,0.26446682
0,0.26752692
0,0.25366056
0,0.26166478
0,0.25054634
0,0.28253165
0,0.2765959
0,0.27152148
0,0.26251268
0,0.26561555
0,0.27135003
0,0.26742977
0,0.26594296
0,0.26544246
0,0.2646925
0,0.2647041
0,0.26942998
0,0.26468268
0,0.2694926
0,0.26562732
0,0.2696848
0,0.2669085
0,0.32016468
0,0.27577776
0,0.2767269
0,0.26960284
0,0.272557
0,0.26622537
0,0.27017456
0,0.2649362
0,0.26827174
0,0.26409262
0,0.2602516
0,0.26046428
0,0.25991726
0,0.25770462
0,0.26261485
0,0.2593839
0,0.26430544
0,0.2587664
0,0.26271066
0,0.28223792
0,0.27243665
0,0.27608526
0,0.27133006
0,0.27236938
0,0.26993713
0,0.27655804
0,0.27096757
0,0.27314466
0,0.26922995
0,0.2717694
0,0.26740062
0,0.2945305
0,0.27558655
0,0.2647802
0,0.26984268
0,0.26100662
0,0.25346488
0,0.2616123
0,0.2554505
0,0.26426902
0,0.25765434
0,0.32702112
0,0.2828093
0,0.28032053
0,0.261861
0,0.26780754
0,0.26318595
0,0.2769903
0,0.29869688
0,0.26858953
0,0.25767347
0,0.2754612
0,0.25777817
0,0.26836595
0,0.2812265
0,0.2605689
0,0.2620738
0,0.26323012
0,0.30633935
0,0.2816567
0,0.27589545
0,0.27134258
0,0.27481765
0,0.28000852
0,0.26602924
0,0.2667335
0,0.26829106
0,0.2768095
0,0.27631143
0,0.28065738
0,0.26625872
0,0.26505017
0,0.2652635
0,0.26201478
0,0.25682843
0,0.26936856
0,0.2578086
0,0.25946265
0,0.2537913
0,0.25622243
0,0.2515022
0,0.25404292
0,0.25610712
0,0.26561314
0,0.26434985
0,0.2706746
0,0.25537223
0,0.26934794
0,0.2551099
0,0.26621902
0,0.26663822
0,0.27930582
0,0.2735331
0,0.27412882
0,0.26131415
0,0.26998815
0,0.25687703
0,0.26564452
0,0.26846695
0,0.2802793
0,0.25847408
0,0.26996619
0,0.27669254
0,0.272479
0,0.2573698
0,0.26513332
0,0.27257523
0,0.26975074
0,0.27602798
0,0.2721851
0,0.2768368
0,0.27283266
0,0.25401983
0,0.26402438
0,0.27752012
0,0.26732057
0,0.26787207
0,0.26841155
0,0.33837163
0,0.2920586
0,0.2669987
0,0.27236173
0,0.25433174
0,0.27356637
0,0.27325752
0,0.2692085
0,0.2733411
0,0.26905107
0,0.27189654
0,0.26755375
0,0.2778346
0,0.2700296
0,0.27381277
0,0.26771277
0,0.2757258
0,0.25920573
0,0.2572552
0,0.2604846
0,0.32073197
0,0.2962961
0,0.34957233
0,0.28921744
0,0.28642932
0,0.2778409
0,0.27546033
0,0.27551842
0,0.2722313
0,0.26661795
0,0.26793274
0,0.262909
0,0.26524353
0,0.26083022
0,0.263628
0,0.25973073
0,0.26306054
0,0.2696297
0,0.26652944
0,0.26051456
0,0.3168122
0,0.28972617
0,0.27892503
0,0.27984512
0,0.26074758
0,0.27044213
0,0.26623687
0,0.25915655
0,0.26798496
0,0.2583419
0,0.32081798
0,0.29235122
0,0.2782772
0,0.27835706
0,0.2845244
0,0.27749762
0,0.25940564
0,0.25794402
0,0.26415455
0,0.26614922
0,0.31221935
0,0.27411744
0,0.26723117
0,0.2703828
0,0.25486913
0,0.26337537
0,0.26240668
0,0.26463604
0,0.24944824
0,0.25954312
0,0.30104908
0,0.2761208
0,0.2578995
0,0.26358515
0,0.26957765
0,0.26494142
0,0.2526535
0,0.25938076
0,0.25075224
0,0.25816345
0,0.2984575
0,0.27272722
0,0.26687092
0,0.2651368
0,0.25763747
0,0.25882328
0,0.25019795
0,0.25426504
0,0.313992
0,0.27492562
0,0.3039512
0,0.2767851
0,0.28028235
0,0.2789952
0,0.26261222
0,0.26172173
0,0.25247017
0,0.2553172
0,0.52560866
0,0.56431454
0,0.4263812
0,0.37396276
0,0.3188098
0,0.31010252
0,0.34757635
0,0.2943477
0,0.31074595
0,0.28002015
0,0.2728649
0,0.27333012
0,0.26491567
0,0.2662166
0,0.25822031
0,0.2571506
0,0.23973297
0,0.23730081
0,0.22757418
0,0.22153236
0,0.22245827
0,0.21877693
0,0.221316
0,0.22293456
0,0.24288549
0,0.2492153
0,0.23810458
0,0.24087533
0,0.24466038
0,0.26099443
0,0.2567329
0,0.26435912
0,0.26910466
0,0.26725215
0,0.25963163
0,0.26339054
0,0.25425413
0,0.259723
0,0.14572853
0,0.13778207
0,0.13205996
0,0.12812628
0,0.12055539
0,0.119263306
0,0.12160189
0,0.12223319
0,0.13114491
0,0.13825552
0,0.14632273
0,0.16187428
0,0.20371683
0,0.20793812
0,0.21381754
0,0.22932167
0,0.22671272
0,0.2351269
0,0.23878837
0,0.24924769
0,0.24466787
0,0.25417113
0,0.27385372
0,0.27733576
0,0.25936934
0,0.26365662
0,0.25871426
0,0.26844826
0,0.2560924
0,0.2605648
0,0.2559063
0,0.25878927
0,0.2549189
0,0.25772944
0,0.25462896
0,0.26304126
0,0.2663847
0,0.26275405
0,0.2621008
0,0.26030275
0,0.26741782
0,0.26255128
0,0.25431272
0,0.26870945
0,0.2569797
0,0.25850627
0,0.2601739
0,0.2633298
0,0.59337676
0,0.6628332
0,0.50861764
0,0.42612422
0,0.35311037
0,0.33493215
0,0.31121
0,0.286834
0,0.2685759
0,0.26300615
0,0.25577232
0,0.2554795
0,0.39802057
0,0.36298153
0,0.2769968
0,0.22389026
0,0.18484728
0,0.1634506
0,0.14437202
0,0.13752562
0,0.13353834
0,0.13543719
0,0.36288503
0,0.5190207
0,0.35334337
0,0.27066666
0,0.19974682
0,0.1765511
0,0.16041501
0,0.14801525
0,0.30861464
0,0.28438333
0,0.21642448
0,0.17504904
0,0.1569502
0,0.14883463
0,0.14050378
0,0.1377544
0,0.14207566
0,0.15400696
0,0.16305105
0,0.18083009
0,0.17201823
0,0.17558509
0,0.18278003
0,0.19618945
0,0.20658351
0,0.21282513
0,0.2348712
0,0.24398442
0,0.25311294
0,0.25611365
0,0.25671297
0,0.26223323
0,0.25890252
0,0.27027225
0,0.26085752
0,0.26437703
0,0.27184674
0,0.26982296
0,0.2703266
0,0.27174205
0,0.26196152
0,0.26301596
0,0.25888377
0,0.25508934
0,0.25365478
0,0.25662127
0,0.2530408
0,0.2550696
0,0.25697228
0,0.2556305
0,0.26705188
0,0.26751742
0,0.2605081
0,0.28175378
0,0.42061043
0,0.3831114
0,0.3358004
0,0.31713757
0,0.374074
0,0.30844313
0,0.3379121
0,0.29410544
0,0.27502114
0,0.26997274
0,0.27159336
0,0.27427202
0,0.2637475
0,0.26922476
0,0.25845104
0,0.26546758
0,0.2649744
0,0.26756093
0,0.56044304
0,0.60748297
0,0.44999373
0,0.3752954
0,0.37667394
0,0.2878146
0,0.6648452
0,0.76712805
0,0.5989257
0,0.45534936
0,0.31992292
0,0.26465896
0,0.24779089
0,0.18948795
0,0.15492311
0,0.14600667
0,0.13543569
0,0.13032568
0,0.124433555
0,0.123754404
0,0.121179536
0,0.12492821
0,0.12433534
0,0.12847455
0,0.13617232
0,0.14519241
0,0.15751408
0,0.17332734
0,0.18461849
0,0.20229083
0,0.23053998
0,0.23615806
0,0.23423152
0,0.24545594
0,0.2451205
0,0.25743762
0,0.2617833
0,0.26046807
0,0.25155452
0,0.2560084
0,0.27195078
0,0.2666827
0,0.2668374
0,0.26219422
0,0.27108794
0,0.26349157
0,0.58287054
0,0.6466223
0,0.47274578
0,0.39992586
0,0.3475172
0,0.32104847
0,0.30012423
0,0.28196523
0,0.27925426
0,0.27744246
0,0.2680872
0,0.26848784
0,0.2596259
0,0.24934232
0,0.23649591
0,0.23786204
0,0.22548455
0,0.21258649
0,0.21024263
0,0.2057111
0,0.20605996
0,0.21765895
0,0.22360346
0,0.23569791
0,0.23927297
0,0.23873527
0,0.2395328
0,0.24178195
0,0.24210718
0,0.24445362
0,0.2483548
0,0.2560673
0,0.25128663
0,0.24784234
0,0.25001264
0,0.25608444
0,0.26333416
0,0.25325042
0,0.24960782
0,0.2569108
0,0.25526246
0,0.25824413
0,0.24960443
0,0.25690326
0,0.26619864
0,0.26168564
0,0.25246343
0,0.2581129
0,0.25184065
0,0.2649182
0,0.33682615
0,0.2846492
0,0.2722361
0,0.26979548
0,0.26020545
0,0.25699222
0,0.2639972
0,0.2620562
0,0.26695678
0,0.26253417
0,0.26363033
0,0.27211326
0,0.2666633
0,0.26340568
0,0.5806277
0,0.6309547
0,0.48171225
0,0.408533
0,0.33843917
0,0.32271585
0,0.291556
0,0.28022486
0,0.26772752
0,0.26209944
0,0.2623408
0,0.25610438
0,0.25716954
0,0.25113362
0,0.25192073
0,0.24303511
0,0.24332507
0,0.2387973
0,0.2764894
0,0.23375268
0,0.22990975
0,0.22497056
0,0.24101125
0,0.2417003
0,0.24255748
0,0.25048864
0,0.25017166
0,0.24802177
0,0.5323719
0,0.5972958
0,0.47281528
0,0.41106114
0,0.3895473
0,0.34332263
0,0.29730982
0,0.2757965
0,0.2668864
0,0.25467876
0,0.5779563
0,0.7181182
0,0.5865437
0,0.4392978
0,0.32089335
0,0.2235268
0,0.17731576
0,0.1552981
0,0.14126211
0,0.13495128
0,0.12676094
0,0.13108167
0,0.12591814
0,0.1267668
0,0.1324003
0,0.13318785
0,0.1403389
0,0.14916657
0,0.41126743
0,0.5836807
0,0.46789122
0,0.37226224
0,0.25626895
0,0.20295666
0,0.1692862
0,0.15529747
0,0.14571111
0,0.14113368
0,0.13802806
0,0.14001991
0,0.23199815
0,0.23332465
0,0.51325905
0,0.6552466
0,0.47235072
0,0.33914438
0,0.23413916
0,0.19300652
0,0.16190718
0,0.15183613
0,0.13948216
0,0.13694043
0,0.12855326
0,0.13502191
0,0.13597971
0,0.14072253
0,0.14416713
0,0.15661804
0,0.22578101
0,0.21663697
0,0.20510413
0,0.19916642
0,0.20620908
0,0.21542458
0,0.22189431
0,0.23267403
0,0.3293767
0,0.30049694
0,0.27916148
0,0.26458326
0,0.30823937
0,0.26893646
0,0.2784325
0,0.27713326
0,0.2758763
0,0.26264775
0,0.27218866
0,0.27015793
0,0.27443862
0,0.26116958
0,0.27013674
0,0.27885413
0,0.2632182
0,0.25666368
0,0.5853256
0,0.6519398
0,0.47057563
0,0.4041008
0,0.3510126
0,0.31709865
0,0.2913431
0,0.29822522
0,0.28485787
0,0.2744609
0,0.26218823
0,0.25543815
0,0.2679802
0,0.25439915
0,0.52575874
0,0.63038355
0,0.45751053
0,0.3181826
0,0.325262
0,0.21268527
0,0.18500221
0,0.16030449
0,0.13954774
0,0.13497072
0,0.1316322
0,0.12753323
0,0.1250437
0,0.1275722
0,0.19876987
0,0.18678905
0,0.17998888
0,0.15969732
0,0.14542562
0,0.14142564
0,0.38797098
0,0.55092704
0,0.378416
0,0.2827142
0,0.20130341
0,0.17569649
0,0.15956843
0,0.14987509
0,0.14405683
0,0.13948697
0,0.27296048
0,0.27762514
0,0.20227505
0,0.17099638
0,0.19666886
0,0.15488113
0,0.1607669
0,0.14047682
0,0.14048612
0,0.13476974
0,0.35017776
0,0.48058105
0,0.31951562
0,0.23449625
0,0.17520872
0,0.15330714
0,0.14671785
0,0.13435838
0,0.13707681
0,0.12912415
0,0.1488944
0,0.1428771
0,0.14725837
0,0.14439629
0,0.14718395
0,0.1565746
0,0.16577774
0,0.18000373
0,0.19076024
0,0.2055317
0,0.20280188
0,0.21078384
0,0.2277587
0,0.23255238
0,0.2312813
0,0.23987523
0,0.30457613
0,0.266175
0,0.26782614
0,0.2648881
0,0.46289968
0,0.44607556
0,0.3649659
0,0.3365865
0,0.3077188
0,0.29620597
0,0.28630018
0,0.27656582
0,0.58992016
0,0.66014874
0,0.5049015
0,0.4169523
0,0.45708686
0,0.34700552
0,0.26794654
0,0.21195783
0,0.17100675
0,0.1521615
0,0.15226115
0,0.13767582
0,0.12976207
0,0.12969258
0,0.3490292
0,0.5000354
0,0.31240878
0,0.24376382
0,0.30987105
0,0.21456231
0,0.59105253
0,0.6788244
0,0.46592304
0,0.33731824
0,0.26839438
0,0.20241371
0,0.17380394
0,0.1515601
0,0.44677
0,0.5361755
0,0.40788826
0,0.34863678
0,0.25661308
0,0.20091443
0,0.18121016
0,0.1553391
0,0.13985218
0,0.13430054
0,0.12678882
0,0.124717034
0,0.12468724
0,0.12369797
0,0.33600852
0,0.48216373
0,0.31535432
0,0.25643456
0,0.18668924
0,0.16373904
0,0.15481007
0,0.14317648
0,0.14008667
0,0.14329626
0,0.13587824
0,0.13197479
0,0.12949967
0,0.13366278
0,0.1374494
0,0.146923
0,0.18738414
0,0.17615081
0,0.17425618
0,0.17577116
0,0.1821008
0,0.19989924
0,0.20004517
0,0.21202895
0,0.21829548
0,0.22986275
0,0.2329225
0,0.2527898
0,0.24823456
0,0.25614744
0,0.582914
0,0.64443207
0,0.49638957
0,0.40957084
0,0.3657
0,0.34139463
0,0.30147347
0,0.29895195
0,0.27911872
0,0.2789443
0,0.25671145
0,0.25197777
0,0.5377221
0,0.6445639
0,0.523188
0,0.39430746
0,0.78140724
0,0.81911933
0,0.5815931
0,0.4335116
0,0.32404882
0,0.2638482
0,0.39483052
0,0.31745228
0,0.24254845
0,0.19040005
0,0.22045697
0,0.15874724
0,0.45530477
0,0.5303568
0,0.3828189
0,0.33457667
0,0.25868282
0,0.21521245
0,0.7149538
0,0.8303331
0,0.5970074
0,0.47798938
0,0.35029805
0,0.28504795
0,0.36597475
0,0.2673129
0,0.19952002
0,0.17277803
0,0.17508478
0,0.14758451
0,0.13439818
0,0.13357498
0,0.12999663
0,0.12657273
0,0.12266461
0,0.12208684
0,0.11907178
0,0.120395884
0,0.12065138
0,0.12401622
0,0.1275037
0,0.13782346
0,0.15826845
0,0.16372423
0,0.17896895
0,0.20133941
0,0.21130566
0,0.22312823
0,0.2510238
0,0.2539162
0,0.2518838
0,0.2528676
0,0.41952616
0,0.39421713
0,0.3395278
0,0.3176709
0,0.29906777
0,0.29477727
0,0.27361402
0,0.27893388
0,0.27015436
0,0.27585623
0,0.58404934
0,0.6351423
0,0.47854024
0,0.39715523
0,0.737109
0,0.8459371
0,0.7229171
0,0.6477481
0,0.50113857
0,0.35667393
0,0.2633132
0,0.21113618
0,0.16231419
0,0.14149347
0,0.1510393
0,0.14012705
0,0.13069546
0,0.13053681
0,0.124952406
0,0.12684287
0,0.1207233
0,0.12234906
0,0.1868688
0,0.17786998
0,0.15338352
0,0.14841035
0,0.14363767
0,0.14491852
0,0.16622439
0,0.15511678
0,0.18009399
0,0.20735493
0,0.209899
0,0.21754481
0,0.2680203
0,0.26330665
0,0.25208798
0,0.25458312
0,0.26050776
0,0.25625533
0,0.2513403
0,0.2630261
0,0.26157925
0,0.2586263
0,0.25464407
0,0.25297773
0,0.24754886
0,0.2703449
0,0.25595334
0,0.2644939
0,0.26407978
0,0.2563441
0,0.25713244
0,0.25239217
0,0.259113
0,0.251335
0,0.2976575
0,0.2778801
0,0.28686103
0,0.289147
0,0.2693841
0,0.27052727
0,0.57833314
0,0.62854505
0,0.4908865
0,0.41164905
0,0.3567318
0,0.34298396
0,0.29464516
0,0.27733886
0,0.26868322
0,0.26461244
0,0.2640251
0,0.25433224
0,0.26104105
0,0.24236752
0,0.22536623
0,0.20947789
0,0.34151265
0,0.3485584
0,0.2662552
0,0.20167553
0,0.25006986
0,0.18724516
0,0.16004477
0,0.15211578
0,0.1738101
0,0.14955837
0,0.14327145
0,0.1443756
0,0.3661121
0,0.49033105
0,0.4389853
0,0.3863929
0,0.2796412
0,0.21954148
0,0.16890706
0,0.15452471
0,0.13901462
0,0.133936
0,0.12838513
0,0.13370761
0,0.13532618
0,0.13666981
0,0.14845622
0,0.16407132
0,0.17221336
0,0.18974206
0,0.21066019
0,0.21530505
0,0.2221924
0,0.22488786
0,0.35034814
0,0.33387366
0,0.29159647
0,0.284991
0,0.27348703
0,0.26238623
0,0.2494342
0,0.26077974
0,0.26905265
0,0.26061487
0,0.255715
0,0.2545754
0,0.5428135
0,0.58626044
0,0.43611118
0,0.38451898
0,0.33596873
0,0.31001127
0,0.2770017
0,0.27706468
0,0.25760475
0,0.2582636
0,0.24855718
0,0.24690007
0,0.24687392
0,0.23474438
0,0.22470899
0,0.23145159
0,0.23989965
0,0.24054046
0,0.24275276
0,0.24114679
0,0.23577267
0,0.23831753
0,0.2382284
0,0.25434202
0,0.33101213
0,0.29360253
0,0.27426416
0,0.2698535
0,0.28722093
0,0.27115402
0,0.27447075
0,0.27012762
0,0.26921135
0,0.2666303
0,0.4521396
0,0.433931
0,0.35658446
0,0.31741294
0,0.29399854
0,0.2838425
0,0.27064145
0,0.27792442
0,0.28483933
0,0.26991355
0,0.26168683
0,0.26250476
0,0.2566715
0,0.27334648
0,0.2686897
0,0.28589678
0,0.28372857
0,0.28151795
0,0.27811027
0,0.27812028
0,0.27235585
0,0.2745153
0,0.27423948
0,0.29943746
0,0.2786677
0,0.27916363
0,0.2737696
0,0.2650183
0,0.2555354
0,0.255231
0,0.2601944
0,0.25491714
0,0.24657235
0,0.25040177
0,0.24564101
0,0.2609847
0,0.25397384
0,0.2673377
0,0.24992557
0,0.2599347
0,0.2509098
0,0.2627026
0,0.27467495
0,0.2718971
0,0.27380875
0,0.27242622
0,0.4905987
0,0.49079034
0,0.3774729
0,0.33898017
0,0.307029
0,0.29602474
0,0.2827082
0,0.27854136
0,0.33416408
0,0.28126207
0,0.31209555
0,0.2838843
0,0.30051726
0,0.27818987
0,0.2630838
0,0.26288295
0,0.4522673
0,0.43182763
0,0.31513557
0,0.25109658
0,0.3481842
0,0.29045168
0,0.22208801
0,0.18871176
0,0.17063431
0,0.15825161
0,0.16724119
0,0.15514258
0,0.14938092
0,0.15467216
0,0.21738471
0,0.2206412
0,0.20191051
0,0.20371759
0,0.20113966
0,0.19996506
0,0.20613308
0,0.20986329
0,0.20725623
0,0.21626398
0,0.22560064
0,0.24026155
0,0.24567617
0,0.2539065
0,0.25329936
0,0.26269415
0,0.26124477
0,0.25934014
0,0.27738258
0,0.2619462
0,0.25479752
0,0.2673384
0,0.25960448
0,0.26511082
0,0.26454887
0,0.26807493
0,0.26336834
0,0.26785424
0,0.2508176
0,0.2639514
0,0.25785795
0,0.25349724
0,0.250262
0,0.26086092
0,0.25741473
0,0.27693692
0,0.26572472
0,0.26798078
0,0.2543988
0,0.2627669
0,0.25181228
0,0.26504877
0,0.31951648
0,0.30732784
0,0.29252225
0,0.28229582
0,0.26498094
0,0.2704381
0,0.26163644
0,0.2658133
0,0.2575058
0,0.26275703
0,0.25980163
0,0.2630047
0,0.2661423
0,0.26616856
0,0.3441578
0,0.29333386
0,0.27623528
0,0.2750864
0,0.27518433
0,0.27023876
0,0.263365
0,0.2650589
0,0.26730525
0,0.26561335
0,0.2672944
0,0.26602617
0,0.2564815
0,0.2674394
0,0.26803833
0,0.26391312
0,0.26499957
0,0.2636903
0,0.2535762
0,0.25718638
0,0.2550117
0,0.2668784
0,0.2629161
0,0.26009676
0,0.25239936
0,0.26709965
0,0.25160924
0,0.2793605
0,0.26698598
0,0.26189065
0,0.27492285
0,0.27230957
0,0.26147825
0,0.26108742
0,0.2493623
0,0.26412994
0,0.26124728
0,0.25622576
0,0.25681734
0,0.25535095
0,0.24796486
0,0.26123613
0,0.26119268
0,0.25490358
0,0.26841804
0,0.2715197
0,0.25760204
0,0.26533785
0,0.25761554
0,0.26710245
0,0.25565824
0,0.26265764
0,0.26205117
0,0.2638862
0,0.2558332
0,0.2637596
0,0.26788345
0,0.27190143
0,0.25708953
0,0.26763308
0,0.25649285
0,0.2772349
0,0.25617352
0,0.26320514
0,0.2559628
0,0.26022097
0,0.29472852
0,0.27930266
0,0.25971937
0,0.26420787
0,0.25741
0,0.2655603
0,0.484097
0,0.49045953
0,0.36951852
0,0.33667156
0,0.2991056
0,0.2891317
0,0.2837591
0,0.2752275
0,0.27001598
0,0.26659703
0,0.27071667
0,0.26493964
0,0.2583378
0,0.27007002
0,0.26046553
0,0.24991742
0,0.2490911
0,0.26276273
0,0.26013553
0,0.25700915
0,0.25005224
0,0.26214793
0,0.2470859
0,0.2530489
0,0.24803557
0,0.25098237
0,0.28139037
0,0.26324186
0,0.26346636
0,0.30857578
0,0.28627166
0,0.28332365
0,0.27321577
0,0.27678746
0,0.2712041
0,0.26493913
0,0.2775965
0,0.26340532
0,0.2650837
0,0.33223283
0,0.28739354
0,0.27321854
0,0.26199165
0,0.25871482
0,0.2693153
0,0.2695718
0,0.2782437
0,0.2727668
0,0.26428154
0,0.26957124
0,0.2634961
0,0.26680693
0,0.2704649
0,0.25825936
0,0.26901668
0,0.26749328
0,0.3100378
0,0.29881117
0,0.2733727
0,0.27568355
0,0.2679065
0,0.26808888
0,0.27654266
0,0.26995525
0,0.26090583
0,0.26519993
0,0.25710437
0,0.26121882
0,0.25623775
0,0.25851917
0,0.39456874
0,0.35936475
0,0.31802723
0,0.29743293
0,0.30658025
0,0.2863974
0,0.27977124
0,0.30923256
0,0.28889734
0,0.278473
0,0.26483464
0,0.2772096
0,0.2617423
0,0.26261693
0,0.2545568
0,0.2679357
0,0.26447576
0,0.3212089
0,0.28554595
0,0.27437013
0,0.2723877
0,0.27606323
0,0.27264643
0,0.2753257
0,0.2702685
0,0.27415276
0,0.26784742
0,0.26173162
0,0.254972
0,0.27238402
0,0.26552305
0,0.2618258
0,0.26227337
0,0.25768274
0,0.26941645
0,0.2582941
0,0.25956094
0,0.25573665
0,0.2688148
0,0.25870377
0,0.48202682
0,0.49290526
0,0.3796472
0,0.34153882
0,0.30845797
0,0.29919127
0,0.29203874
0,0.2735005
0,0.27830264
0,0.2741131
0,0.29400846
0,0.27889895
0,0.46927392
0,0.4600709
0,0.35050544
0,0.31255707
0,0.2876223
0,0.25797898
0,0.23853572
0,0.21930124
0,0.25901756
0,0.22377464
0,0.18116571
0,0.17214498
0,0.16954954
0,0.17142661
0,0.17824219
0,0.18559197
0,0.19580784
0,0.20536327
0,0.25134388
0,0.25018674
0,0.23869303
0,0.24012932
0,0.23605217
0,0.24196668
0,0.2466192
0,0.24852534
0,0.24560963
0,0.25101364
0,0.24650997
0,0.25258645
0,0.24905768
0,0.25435182
0,0.25845602
0,0.257634
0,0.29554084
0,0.27241254
0,0.27084023
0,0.26629934
0,0.27744994
0,0.2660461
0,0.2668651
0,0.26212698
0,0.2625896
0,0.26944837
0,0.31329316
0,0.2903715
0,0.2835131
0,0.27477965
0,0.26544827
0,0.2729889
0,0.27800962
0,0.2678246
0,0.26596713
0,0.27434668
0,0.31723028
0,0.29119453
0,0.28059322
0,0.26928833
0,0.26759085
0,0.26160043
0,0.2609115
0,0.25788352
0,0.26355243
0,0.2678799
0,0.27288073
0,0.2612144
0,0.27124625
0,0.26199764
0,0.2600908
0,0.25630066
0,0.2674674
0,0.2574339
0,0.29608187
0,0.2687792
0,0.27533758
0,0.26183927
0,0.26077193
0,0.266563
0,0.25540173
0,0.263828
0,0.26715598
0,0.26653805
0,0.29436392
0,0.27771574
0,0.2613061
0,0.26667023
0,0.2688033
0,0.25572637
0,0.26308692
0,0.2629663
0,0.2654241
0,0.26458675
0,0.25155276
0,0.2601026
0,0.25534657
0,0.2595753
0,0.26126176
0,0.261994
0,0.25828663
0,0.26018983
0,0.30674022
0,0.26780218
0,0.26293182
0,0.26661733
0,0.2651532
0,0.26349095
0,0.26353765
0,0.26232833
0,0.27656442
0,0.26716837
0,0.25637543
0,0.26509216
0,0.25085908
0,0.2682896
0,0.2617115
0,0.26008138
0,0.25911584
0,0.25874236
0,0.25752214
0,0.2569304
0,0.25254625
0,0.25541422
0,0.2502645
0,0.26351258
0,0.26142
0,0.25778022
0,0.25746906
0,0.25703153
0,0.25548968
0,0.25447443
0,0.27556756
0,0.2621986
0,0.2642751
0,0.26990452
0,0.27560583
0,0.27602515
0,0.2655331
0,0.2718848
0,0.27246875
0,0.26245627
0,0.26903212
0,0.26026806
0,0.27046028
0,0.27356791
0,0.26064417
0,0.25697374
0,0.26488218
0,0.255893
0,0.25675663
0,0.26284665
0,0.265559
0,0.26542345
0,0.26621813
0,0.2805258
0,0.27458403
0,0.2708695
0,0.26965377
0,0.26933688
0,0.28681266
0,0.29332903
0,0.29357287
0,0.28076926
0,0.27474394
0,0.2736129
0,0.2696608
0,0.26904067
0,0.2665193
0,0.2663885
0,0.25759542
0,0.2609818
0,0.3185035
0,0.27172545
0,0.25984287
0,0.26564154
0,0.2637395
0,0.26426423
0,0.27790403
0,0.2697648
0,0.26441124
0,0.26481134
0,0.27221555
0,0.26497164
0,0.26022935
0,0.26068297
0,0.27184615
0,0.26387006
0,0.2570668
0,0.25941494
0,0.2827869
0,0.2858225
0,0.28328687
0,0.28186515
0,0.27975598
0,0.2695593
0,0.2750235
0,0.26590508
0,0.26525438
0,0.27324438
0,0.26206577
0,0.26051152
0,0.25046986
0,0.26902208
0,0.2681227
0,0.26443803
0,0.2557909
0,0.2674286
0,0.2630194
0,0.2580907
0,0.26851958
0,0.2706054
0,0.26383477
0,0.2704411
0,0.5564461
0,0.61722124
0,0.46788552
0,0.3848066
0,0.34549335
0,0.31103608
0,0.28772908
0,0.28400987
0,0.2940908
0,0.29051113
0,0.69564205
0,0.8560085
0,0.7719507
0,0.6850484
0,0.56127155
0,0.42318532
0,0.3116941
0,0.24219759
0,0.18101296
0,0.15411653
0,0.1383918
0,0.13171248
0,0.14275366
0,0.1287785
0,0.3553933
0,0.50145495
0,0.32713392
0,0.24664833
0,0.18305437
0,0.15980396
0,0.14501017
0,0.14155754
0,0.13279511
0,0.12794048
0,0.12539174
0,0.12350595
0,0.12349356
0,0.12557806
0,0.1422759
0,0.13462557
0,0.19324437
0,0.21444792
0,0.2063497
0,0.2025678
0,0.20456286
0,0.20775965
0,0.22231957
0,0.233382
0,0.23236138
0,0.2375412
0,0.237075
0,0.25534907
0,0.26458275
0,0.26662898
0,0.2734186
0,0.27407447
0,0.2631317
0,0.29506978
0,0.2720264
0,0.2654364
0,0.26577938
0,0.2711638
0,0.26091287
0,0.25934732
0,0.25625014
0,0.26510906
0,0.3557115
0,0.31418082
0,0.2839058
0,0.27283826
0,0.56332135
0,0.6269109
0,0.46273348
0,0.40153462
0,0.34484226
0,0.30453426
0,0.60071445
0,0.6976558
0,0.5683123
0,0.48773116
0,0.37552673
0,0.31543913
0,0.41585055
0,0.32456887
0,0.23165353
0,0.18225028
0,0.17590494
0,0.1496997
0,0.13474083
0,0.12692884
0,0.12617394
0,0.12366996
0,0.12366474
0,0.12419214
0,0.12361242
0,0.12909713
0,0.1354399
0,0.13888617
0,0.3546669
0,0.5004927
0,0.37555104
0,0.28561756
0,0.22851428
0,0.20687301
0,0.17447007
0,0.16135629
0,0.20288865
0,0.24647538
0,0.2365679
0,0.24831216
0,0.23702414
0,0.23575383
0,0.2382062
0,0.23009688
0,0.21399851
0,0.20508195
0,0.1964903
0,0.19295324
0,0.19627722
0,0.20432253
0,0.21360177
0,0.22006118
0,0.23436205
0,0.24606085
0,0.25298664
0,0.25055042
0,0.26850283
0,0.27476242
0,0.27855995
0,0.26763776
0,0.25847465
0,0.26963967
0,0.26034647
0,0.2577129
0,0.2815292
0,0.26539585
0,0.26059592
0,0.26855314
0,0.26948988
0,0.27081287
0,0.2579388
0,0.2553059
0,0.25313652
0,0.25095412
0,0.24692716
0,0.25766072
0,0.2605813
0,0.253796
0,0.5580811
0,0.6260214
0,0.46600133
0,0.4001313
0,0.37059787
0,0.33319098
0,0.31991732
0,0.29722923
0,0.2730815
0,0.27220148
0,0.2603068
0,0.26087132
0,0.25153977
0,0.2511603
0,0.24146616
0,0.23977691
0,0.21577655
0,0.2130508
0,0.20957093
0,0.20910722
0,0.20550658
0,0.21526743
0,0.22242947
0,0.23039614
0,0.24379271
0,0.24414939
0,0.36995235
0,0.34968072
0,0.30123115
0,0.28494477
0,0.27996594
0,0.27769265
0,0.26786378
0,0.30027965
0,0.2759
0,0.26929146
0,0.28252167
0,0.2684715
0,0.26368228
0,0.2607661
0,0.25825128
0,0.25678128
0,0.2571492
0,0.25523844
0,0.25278205
0,0.27487957
0,0.26144713
0,0.25909024
0,0.2557654
0,0.25508925
0,0.25285956
0,0.252565
0,0.25263476
0,0.25180283
0,0.25382262
0,0.26242766
0,0.24883391
0,0.2612016
0,0.38765115
0,0.35687134
0,0.31650352
0,0.28852952
0,0.35472316
0,0.3049229
0,0.29226053
0,0.28574035
0,0.2789813
0,0.2774043
0,0.27534795
0,0.27842125
0,0.2746433
0,0.268125
0,0.26300058
0,0.27041984
0,0.2662685
0,0.26613456
0,0.3475604
0,0.3028444
0,0.28198162
0,0.27875495
0,0.27210748
0,0.27156973
0,0.2705077
0,0.25737184
0,0.2592766
0,0.2626956
0,0.2591552
0,0.26725417
0,0.266934
0,0.27717233
0,0.28095856
0,0.27292857
0,0.29084003
0,0.27426472
0,0.2812029
0,0.2837521
0,0.2703284
0,0.26760262
0,0.26268214
0,0.26247558
0,0.27354884
0,0.26536787
0,0.25814965
0,0.2591714
0,0.25725895
0,0.2695456
0,0.25710785
0,0.26806828
0,0.27000454
0,0.262352
0,0.2575866
0,0.2684453
0,0.25901806
0,0.25802928
0,0.25534713
0,0.25463453
0,0.2507964
0,0.25993642
0,0.25204366
0,0.26326245
0,0.25288203
0,0.26367077
0,0.25736088
0,0.25397837
0,0.26103556
0,0.25438854
0,0.2609575
0,0.25354508
0,0.276327
0,0.25887206
0,0.25747964
0,0.26588574
0,0.26887104
0,0.2690516
0,0.25730318
0,0.2665066
0,0.3888416
0,0.35958043
0,0.31433526
0,0.29854643
0,0.3606103
0,0.3054844
0,0.29140848
0,0.2834273
0,0.29163414
0,0.27854326
0,0.27605993
0,0.2757512
0,0.27026224
0,0.27013302
0,0.2658092
0,0.26569688
0,0.3008483
0,0.27795506
0,0.27143574
0,0.26948047
0,0.26543406
0,0.26541355
0,0.26719874
0,0.26555887
0,0.2720966
0,0.26588896
0,0.26262063
0,0.25998184
0,0.25875634
0,0.26663104
0,0.2724036
0,0.26466465
0,0.26622236
0,0.27330813
0,0.26559475
0,0.27396458
0,0.26455042
0,0.3102303
0,0.27611393
0,0.28116444
0,0.2684891
0,0.26403096
0,0.2664273
0,0.2717211
0,0.25560135
0,0.27087137
0,0.25935945
0,0.25703317
0,0.2660646
0,0.2596368
0,0.26625258
0,0.2607194
0,0.26108414
0,0.26938382
0,0.2972051
0,0.28150535
0,0.27752063
0,0.27628493
0,0.27960947
0,0.2646404
0,0.2603204
0,0.26876727
0,0.26817018
0,0.2717229
0,0.39236766
0,0.3582646
0,0.32634574
0,0.3033981
0,0.29175183
0,0.28494743
0,0.2794655
0,0.26597863
0,0.2587474
0,0.27377
0,0.27176806
0,0.27010745
0,0.26953834
0,0.27006277
0,0.2675543
0,0.26983908
0,0.25729707
0,0.2639118
0,0.26362523
0,0.26467434
0,0.25260618
0,0.2588674
0,0.25414655
0,0.25797382
0,0.25893798
0,0.2597464
0,0.26250193
0,0.26111135
0,0.26086184
0,0.26082772
0,0.27001306
0,0.26534715
0,0.27244347
0,0.26435196
0,0.26155126
0,0.26075023
0,0.25853133
0,0.25768736
0,0.25874674
0,0.25693986
0,0.2675541
0,0.2602808
0,0.26855254
0,0.26126558
0,0.25906262
0,0.26785886
0,0.25950634
0,0.2578856
0,0.26188108
0,0.2577454
0,0.33716512
0,0.2932134
0,0.27490053
0,0.27982327
0,0.26891237
0,0.27427062
0,0.27335492
0,0.26672158
0,0.26602033
0,0.2711986
0,0.26009256
0,0.25775623
0,0.26386866
0,0.2682725
0,0.26732296
0,0.27151278
0,0.27078125
0,0.2786563
0,0.2723035
0,0.27254584
0,0.32995775
0,0.2826486
0,0.2804265
0,0.27820182
0,0.274338
0,0.2793642
0,0.26160747
0,0.2688521
0,0.27254602
0,0.27049398
0,0.34603482
0,0.30392978
0,0.28743476
0,0.28304315
0,0.2709128
0,0.27384308
0,0.27460462
0,0.27285463
0,0.25907072
0,0.26488748
0,0.26316118
0,0.28705
0,0.2706656
0,0.26963502
0,0.2653837
0,0.26815924
0,0.27449295
0,0.2678015
0,0.27624863
0,0.26825306
0,0.2587903
0,0.32790694
0,0.28417712
0,0.27726606
0,0.26743078
0,0.26656178
0,0.26120856
0,0.2623008
0,0.27722546
0,0.26684046
0,0.4775143
0,0.49226573
0,0.3885206
0,0.3378941
0,0.30460334
0,0.28985235
0,0.28557023
0,0.27485585
0,0.27923083
0,0.26996803
0,0.2584424
0,0.2597846
0,0.5281318
0,0.5858747
0,0.42812964
0,0.35831422
0,0.31187612
0,0.26471648
0,0.31703788
0,0.24777433
0,0.19423941
0,0.16479199
0,0.15223202
0,0.14732158
0,0.14320235
0,0.14162976
0,0.14804137
0,0.1594377
0,0.1655543
0,0.18335053
0,0.20706867
0,0.19700062
0,0.18863332
0,0.19634846
0,0.2000116
0,0.21727596
0,0.22554068
0,0.23784085
0,0.24667871
0,0.24317989
0,0.24791673
0,0.24600166
0,0.25609255
0,0.25165305
0,0.25434473
0,0.25115627
0,0.2527709
0,0.24919371
0,0.25644493
0,0.2602159
0,0.2538854
0,0.26061141
0,0.26657474
0,0.26538727
0,0.25866973
0,0.26277786
0,0.2560085
0,0.2629151
0,0.26188245
0,0.26261333
0,0.2574273
0,0.26090106
0,0.2550097
0,0.2620667
0,0.25669578
0,0.25951076
0,0.26420042
0,0.26248243
0,0.2551082
0,0.25976822
0,0.26345485
0,0.26227486
0,0.26533443
0,0.26205477
0,0.25431526
0,0.25745785
0,0.2620048
0,0.26036513
0,0.2632371
0,0.26084104
0,0.27403006
0,0.2644603
0,0.33627832
0,0.29561472
0,0.28669387
0,0.28307357
0,0.29308403
0,0.2752652
0,0.27248222
0,0.27692708
0,0.2822128
0,0.26838928
0,0.25681016
0,0.25894514
0,0.39449129
0,0.3786272
0,0.32026756
0,0.2958748
0,0.28055754
0,0.27278343
0,0.26502892
0,0.27194157
0,0.26500198
0,0.25987396
0,0.26019135
0,0.25645873
0,0.25759372
0,0.2754491
0,0.25885153
0,0.27823374
0,0.6694112
0,0.79840136
0,0.6321508
0,0.5274757
0,0.4521307
0,0.37838122
0,0.32452518
0,0.2903132
0,0.23439473
0,0.21162638
0,0.19732481
0,0.17876878
0,0.16578399
0,0.1586775
0,0.15732147
0,0.14500839
0,0.14862297
0,0.1433054
0,0.13215746
0,0.13259585
0,0.13530819
0,0.13701023
0,0.14435512
0,0.15735234
0,0.1720956
0,0.18958706
0,0.20423764
0,0.21554828
0,0.22722827
0,0.23569101
0,0.25541413
0,0.258232
0,0.25739187
0,0.2631161
0,0.2531431
0,0.25703585
0,0.26307315
0,0.2596238
0,0.26163435
0,0.25923565
0,0.26296574
0,0.26029047
0,0.24871884
0,0.2644763
0,0.2611822
0,0.25825801
0,0.25941813
0,0.25648755
0,0.38740757
0,0.36829227
0,0.3088029
0,0.29010746
0,0.2790057
0,0.27092853
0,0.2573458
0,0.26891485
0,0.25385073
0,0.25521034
0,0.2563062
0,0.26480854
0,0.25966734
0,0.26731166
0,0.26048955
0,0.25823373
0,0.26167235
0,0.25608468
0,0.26630315
0,0.25800544
0,0.25255612
0,0.262976
0,0.26743096
0,0.25847894
0,0.26721382
0,0.25897893
0,0.27107626
0,0.25857067
0,0.2516304
0,0.2624778
0,0.25362492
0,0.24954432
0,0.24599929
0,0.25578266
0,0.2671358
0,0.26460072
0,0.25571582
0,0.263769
0,0.2548766
0,0.26159498
0,0.25650904
0,0.26107588
0,0.25315228
0,0.2599911
0,0.25164932
0,0.24822366
0,0.24643347
0,0.25676504
0,0.25876376
0,0.2599824
0,0.26151752
0,0.26237646
0,0.2628518
0,0.26347446
0,0.2688734
0,0.2549194
0,0.25586453
0,0.25921905
0,0.24872056
0,0.25573125
0,0.24836019
0,0.25772983
0,0.25698593
0,0.25844935
0,0.25305945
0,0.25804234
0,0.25752985
0,0.2570628
0,0.2572677
0,0.25727516
0,0.25749093
0,0.25810346
0,0.2578569
0,0.25821763
0,0.2521898
0,0.25530824
0,0.2454903
0,0.25569317
0,0.2538849
0,0.25904208
0,0.2514268
0,0.25758687
0,0.25758275
0,0.26620087
0,0.25851968
0,0.26181987
0,0.25737217
0,0.25524205
0,0.2550882
0,0.25438252
0,0.25329277
0,0.26500046
0,0.25712836
0,0.26946068
0,0.40336707
0,0.3895238
0,0.32094407
0,0.29680994
0,0.2747608
0,0.26961643
0,0.26311412
0,0.25871444
0,0.25369143
0,0.254108
0,0.2555537
0,0.25429952
0,0.46245965
0,0.49565446
0,0.385858
0,0.32905006
0,0.2993608
0,0.29217702
0,0.28446135
0,0.27887997
0,0.2638929
0,0.25771675
0,0.26237956
0,0.26347253
0,0.2634433
0,0.26723143
0,0.26383254
0,0.2650223
0,0.2531103
0,0.25899163
0,0.25641307
0,0.25805146
0,0.24432719
0,0.2545331
0,0.25361553
0,0.2579829
0,0.2475689
0,0.25459915
0,0.24915832
0,0.25652522
0,0.25257802
0,0.2571525
0,0.25833687
0,0.24636132
0,0.2539488
0,0.25479198
0,0.2557748
0,0.2565203
0,0.25748453
0,0.2677788
0,0.26758412
0,0.2617397
0,0.2599919
0,0.26829463
0,0.26115078
0,0.25930834
0,0.26788947
0,0.26092735
0,0.27067694
0,0.26200205
0,0.2532779
0,0.25437665
0,0.25332326
0,0.25295165
0,0.25215033
0,0.2617134
0,0.2685647
0,0.2693775
0,0.27118534
0,0.2607148
0,0.25755936
0,0.25441155
0,0.25182584
0,0.2621547
0,0.25662318
0,0.26481622
0,0.25807592
0,0.25371537
0,0.24735971
0,0.2637912
0,0.2570412
0,0.2711494
0,0.2519379
0,0.2610851
0,0.25381842
0,0.26082158
0,0.26273692
0,0.26329702
0,0.24902765
0,0.2593141
0,0.2574761
0,0.26107928
0,0.25276074
0,0.25863484
0,0.26153904
0,0.26061404
0,0.29437292
0,0.27382147
0,0.26742452
0,0.26656643
0,0.25632957
0,0.25916746
0,0.2630991
0,0.25966266
0,0.2621495
0,0.26147923
0,0.25091726
0,0.2576764
0,0.24682036
0,0.2531156
0,0.24964552
0,0.24199861
0,0.5126405
0,0.57889843
0,0.4163346
0,0.35740656
0,0.3109798
0,0.30651975
0,0.28437066
0,0.27579495
0,0.26089466
0,0.26117614
0,0.26147822
0,0.2683108
0,0.25292227
0,0.25425068
0,0.25553858
0,0.25221127
0,0.2647591
0,0.25311765
0,0.25352183
0,0.24333906
0,0.24681425
0,0.24414332
0,0.25697774
0,0.24848835
0,0.25125813
0,0.24878639
0,0.24556059
0,0.25765288
0,0.26543966
0,0.25553513
0,0.26884618
0,0.2554539
0,0.26701668
0,0.26647457
0,0.38844693
0,0.3631745
0,0.31006908
0,0.29724243
0,0.3036135
0,0.28770643
0,0.28433257
0,0.2791461
0,0.26725528
0,0.27138907
0,0.30443984
0,0.2700927
0,0.2653291
0,0.26776555
0,0.26631743
0,0.2670991
0,0.26959312
0,0.26674807
0,0.26334345
0,0.2630049
0,0.26702598
0,0.26468614
0,0.26874563
0,0.2649245
0,0.2672187
0,0.26343325
0,0.2809898
0,0.2802293
0,0.27397156
0,0.2687439
0,0.26886025
0,0.26419002
0,0.25680396
0,0.2699297
0,0.2662371
0,0.26271284
0,0.2646383
0,0.2616977
0,0.2635527
0,0.2720333
0,0.26770157
0,0.26412717
0,0.2661857
0,0.261627
0,0.26332295
0,0.25999522
0,0.26153305
0,0.26973626
0,0.26486966
0,0.2615195
0,0.26244235
0,0.2584911
0,0.27127624
0,0.27716446
0,0.25932863
0,0.25872213
0,0.45613036
0,0.48495352
0,0.36955702
0,0.32504776
0,0.29970464
0,0.2822499
0,0.27473152
0,0.2786733
0,0.26728153
0,0.27080637
0,0.26301798
0,0.2677632
0,0.26006234
0,0.26549655
0,0.26486972
0,0.2576838
0,0.24592549
0,0.24840727
0,0.24289754
0,0.25409082
0,0.24894501
0,0.2565798
0,0.26172355
0,0.2675512
0,0.26252016
0,0.26410696
0,0.25655004
0,0.26212484
0,0.25496903
0,0.26371178
0,0.26758528
0,0.26583642
0,0.26763552
0,0.2658151
0,0.2623055
0,0.26356098
0,0.25518605
0,0.26060784
0,0.26468945
0,0.26190996
0,0.25412714
0,0.25761333
0,0.26163062
0,0.2587964
0,0.2559831
0,0.25727484
0,0.26101968
0,0.26994604
0,0.2663615
0,0.27608037
0,0.25822163
0,0.27042568
0,0.25545028
0,0.25679916
0,0.2603047
0,0.256668
0,0.25976464
0,0.25587043
0,0.31604356
0,0.29060104
0,0.26788148
0,0.26433975
0,0.26487994
0,0.26076478
0,0.25779617
0,0.25383663
0,0.25676206
0,0.25325656
0,0.27398944
0,0.25773033
0,0.33057687
0,0.29044425
0,0.2815722
0,0.27783543
0,0.26662847
0,0.27271366
0,0.26463377
0,0.267564
0,0.26553178
0,0.26606685
0,0.2619423
0,0.26421234
0,0.26069307
0,0.26305726
0,0.26776347
0,0.26940015
0,0.2787098
0,0.2730788
0,0.27734712
0,0.27042836
0,0.26141274
0,0.26417443
0,0.25904015
0,0.26159185
0,0.2590104
0,0.26088333
0,0.2657343
0,0.26676124
0,0.25839764
0,0.26550642
0,0.2555488
0,0.25911695
0,0.26498646
0,0.26166543
0,0.26099926
0,0.26063278
0,0.25531468
0,0.258016
0,0.2612392
0,0.2591729
0,0.2639235
0,0.2630858
0,0.26496732
0,0.26129457
0,0.25936455
0,0.25990468
0,0.2518254
0,0.25579438
0,0.24941084
0,0.26376197
0,0.2613258
0,0.25978598
0,0.26817077
0,0.26207626
0,0.251145
0,0.25486833
0,0.25762412
0,0.25584647
0,0.24743713
0,0.25153568
0,0.25447363
0,0.25302413
0,0.25529343
0,0.2648009
0,0.272859
0,0.27350205
0,0.2959914
0,0.27166373
0,0.25768608
0,0.25851205
0,0.25645465
0,0.26670048
0,0.26064223
0,0.25688407
0,0.25508264
0,0.264405
0,0.25855023
0,0.26618102
0,0.26380312
0,0.2679312
0,0.26081973
0,0.25648254
0,0.26709002
0,0.2564643
0,0.25672507
0,0.25196597
0,0.26359946
0,0.25359178
0,0.39300993
0,0.37618017
0,0.3165154
0,0.30338642
0,0.28246096
0,0.2805405
0,0.2744265
0,0.2722572
0,0.2629761
0,0.2662442
0,0.26247963
0,0.26824543
0,0.25861013
0,0.26231182
0,0.2662528
0,0.26819453
0,0.25418633
0,0.2618071
0,0.26494244
0,0.26429096
0,0.2539181
0,0.26010448
0,0.26321912
0,0.2620619
0,0.2644283
0,0.26282346
0,0.25165293
0,0.25838098
0,0.2634404
0,0.26196566
0,0.2538425
0,0.2575956
0,0.24846609
0,0.24364604
0,0.252724
0,0.25335044
0,0.25678593
0,0.25633812
0,0.25909057
0,0.25783256
0,0.28257072
0,0.27830318
0,0.29313073
0,0.2794559
0,0.2890398
0,0.27747887
0,0.2901607
0,0.29157805
0,0.28896993
0,0.28866443
0,0.28510574
0,0.271642
0,0.2625199
0,0.27108398
0,0.26334205
0,0.25887156
0,0.25812912
0,0.26622388
0,0.25975576
0,0.25622734
0,0.25723612
0,0.26488003
0,0.27157643
0,0.2718448
0,0.27558815
0,0.2726624
0,0.26947525
0,0.26012516
0,0.25351834
0,0.26278993
0,0.26696992
0,0.2570143
0,0.25511274
0,0.2622658
0,0.26658705
0,0.2686204
0,0.26346067
0,0.25367302
0,0.26313835
0,0.26275435
0,0.26583666
0,0.26462802
0,0.26710257
0,0.26536268
0,0.25634956
0,0.26150408
0,0.26868013
0,0.26656672
0,0.26660168
0,0.26604685
0,0.26574954
0,0.2668933
0,0.26783055
0,0.27704728
0,0.2716443
0,0.26773262
0,0.2610533
0,0.26606554
0,0.26566592
0,0.2631191
0,0.26346475
0,0.261948
0,0.31788152
0,0.27858078
0,0.2756865
0,0.26963612
0,0.26767975
0,0.26566857
0,0.2651848
0,0.26265582
0,0.2544248
0,0.24759103
0,0.24858345
0,0.25266325
0,0.24317308
0,0.25022268
0,0.33657548
0,0.30537042
0,0.28384075
0,0.28551045
0,0.27339724
0,0.26716837
0,0.5478332
0,0.61614704
0,0.45923775
0,0.40187234
0,0.3445651
0,0.32007015
0,0.2919779
0,0.28687057
0,0.3767738
0,0.34561846
0,0.28378254
0,0.24851677
0,0.22362176
0,0.19681467
0,0.18407126
0,0.15979941
0,0.15238354
0,0.14882867
0,0.15394549
0,0.1578032
0,0.16674191
0,0.17149664
0,0.17682153
0,0.1909318
0,0.18870541
0,0.20368509
0,0.21048193
0,0.22672342
0,0.46799853
0,0.5751923
0,0.4546573
0,0.39404425
0,0.35254553
0,0.33096075
0,0.3025294
0,0.28551903
0,0.27141383
0,0.27770105
0,0.2757527
0,0.26489562
0,0.2509454
0,0.2508249
0,0.2477473
0,0.23213865
0,0.2274463
0,0.2295934
0,0.22024243
0,0.21629663
0,0.42877957
0,0.5583645
0,0.41754794
0,0.33683306
0,0.26135653
0,0.21173282
0,0.18168297
0,0.16964877
0,0.15773049
0,0.16306224
0,0.26123628
0,0.25849438
0,0.25694907
0,0.25267848
0,0.250496
0,0.24221292
0,0.23532999
0,0.23626137
0,0.22697432
0,0.22119908
0,0.22577873
0,0.22437717
0,0.23065783
0,0.2417953
0,0.232102
0,0.23831078
0,0.24288113
0,0.24367207
0,0.24759562
0,0.25748911
0,0.26138577
0,0.26405802
0,0.54422796
0,0.61441875
0,0.45334938
0,0.37585714
0,0.33658165
0,0.3152984
0,0.28440937
0,0.28308293
0,0.2857357
0,0.28207257
0,0.26455626
0,0.27223703
0,0.25768837
0,0.26038367
0,0.25903127
0,0.2539079
0,0.24943618
0,0.2329529
0,0.21872842
0,0.2139126
0,0.22125843
0,0.23414369
0,0.24008617
0,0.24271044
0,0.24760973
0,0.2543439
0,0.24615827
0,0.25379273
0,0.2598337
0,0.25939292
0,0.26539743
0,0.2560002
0,0.25236863
0,0.25534976
0,0.25686377
0,0.25648877
0,0.2476213
0,0.25298175
0,0.26007622
0,0.25605905
0,0.25692686
0,0.2555315
0,0.2492932
0,0.2525581
0,0.25327817
0,0.2693438
0,0.26181036
0,0.26934975
0,0.26792097
0,0.2720205
0,0.54983246
0,0.617919
0,0.4581035
0,0.39985743
0,0.3429953
0,0.32364723
0,0.29439393
0,0.2891762
0,0.29304674
0,0.2716508
0,0.2629642
0,0.27029762
0,0.2651745
0,0.25970975
0,0.24881934
0,0.23185475
0,0.22013848
0,0.21534854
0,0.20155236
0,0.2057244
0,0.22356413
0,0.22113477
0,0.22793569
0,0.2278415
0,0.23187761
0,0.24226193
0,0.25059494
0,0.25471565
0,0.25393745
0,0.26879314
0,0.2720126
0,0.26883036
0,0.26340446
0,0.27273628
0,0.30087382
0,0.26777452
0,0.26239002
0,0.27114108
0,0.25779587
0,0.2632146
0,0.2643978
0,0.2639516
0,0.25334248
0,0.26037544
0,0.26159683
0,0.26080677
0,0.25522345
0,0.24758935
0,0.25615555
0,0.2638426
0,0.26165938
0,0.26114944
0,0.2615267
0,0.27184328
0,0.26536053
0,0.2748418
0,0.26830253
0,0.26525778
0,0.26867405
0,0.26364318
0,0.26258707
0,0.27608496
0,0.3911941
0,0.37220278
0,0.31867975
0,0.30132934
0,0.28665632
0,0.27925023
0,0.2675761
0,0.266158
0,0.26389253
0,0.27227548
0,0.26435727
0,0.2630017
0,0.27372423
0,0.27531523
0,0.270185
0,0.28082135
0,0.2676057
0,0.27449924
0,0.2604508
0,0.26049453
0,0.25923613
0,0.25716394
0,0.25619227
0,0.26491114
0,0.25646073
0,0.265464
0,0.25663823
0,0.26691777
0,0.25765172
0,0.2660462
0,0.2560105
0,0.25333342
0,0.2505582
0,0.25991994
0,0.25136423
0,0.26042828
0,0.26030347
0,0.26336482
0,0.2665387
0,0.268624
0,0.2630348
0,0.26534995
0,0.2654107
0,0.26627323
0,0.2773324
0,0.2755111
0,0.27065238
0,0.26945475
0,0.26850092
0,0.26760733
0,0.2668205
0,0.26555666
0,0.26558957
0,0.26534593
0,0.26474032
0,0.2646472
0,0.26406276
0,0.26419047
0,0.25252068
0,0.2592029
0,0.25973603
0,0.27178562
0,0.26370132
0,0.2633579
0,0.26231462
0,0.26184046
0,0.25570098
0,0.25869817
0,0.25860974
0,0.2591371
0,0.25867105
0,0.25821567
0,0.2701442
0,0.26675126
0,0.26139867
0,0.26165098
0,0.27138805
0,0.27465162
0,0.28066674
0,0.26806724
0,0.26133966
0,0.26017454
0,0.26805034
0,0.27192757
0,0.25725478
0,0.2576827
0,0.26062104
0,0.26057667
0,0.26730776
0,0.25877255
0,0.25711516
0,0.26507252
0,0.26801684
0,0.2593244
0,0.2783679
0,0.26318648
0,0.26373652
0,0.25753936
0,0.24868402
0,0.26085758
0,0.25795013
0,0.25343487
0,0.2506914
0,0.259923
0,0.25077328
0,0.25109267
0,0.24923685
0,0.2679711
0,0.26459748
0,0.26562053
0,0.26596135
0,0.26688427
0,0.2663806
0,0.26637873
0,0.26537377
0,0.26744026
0,0.25757703
0,0.25157386
0,0.24835616
0,0.25648266
0,0.25734255
0,0.25909945
0,0.25444555
0,0.24815768
0,0.2501983
0,0.24567299
0,0.2648442
0,0.2651722
0,0.26251277
0,0.26175764
0,0.260158
0,0.26680022
0,0.25576875
0,0.25828516
0,0.2471154
0,0.25542438
0,0.27782097
0,0.2650048
0,0.2728964
0,0.264379
0,0.2606995
0,0.2699554
0,0.26105136
0,0.2696004
0,0.26045153
0,0.25760317
0,0.25579974
0,0.26526308
0,0.2700712
0,0.26260084
0,0.25829926
0,0.25623924
0,0.2602674
0,0.24568811
0,0.2556058
0,0.2524231
0,0.2623126
0,0.3187076
0,0.29118246
0,0.28786898
0,0.27173617
0,0.26484883
0,0.40524587
0,0.39106488
0,0.32069793
0,0.3070713
0,0.44403887
0,0.4214199
0,0.3353444
0,0.3187115
0,0.29921913
0,0.27765062
0,0.2631961
0,0.2581637
0,0.25428304
0,0.25930712
0,0.25462613
0,0.25691432
0,0.24948515
0,0.2531116
0,0.2428277
0,0.24885155
0,0.24458252
0,0.2540317
0,0.24731804
0,0.24204078
0,0.24192254
0,0.25009713
0,0.2437977
0,0.2542011
0,0.5351727
0,0.6144282
0,0.4636846
0,0.4048291
0,0.33640537
0,0.31111914
0,0.31940782
0,0.31280708
0,0.28835446
0,0.27715364
0,0.26934886
0,0.26257914
0,0.2587111
0,0.2581772
0,0.25471035
0,0.23995128
0,0.4376442
0,0.53759265
0,0.37588733
0,0.2608715
0,0.19062506
0,0.16550481
0,0.15497074
0,0.14433126
0,0.13944377
0,0.13886541
0,0.14245947
0,0.15384695
0,0.16285177
0,0.17399608
0,0.2578667
0,0.25662097
0,0.24862258
0,0.24335812
0,0.23894227
0,0.23645423
0,0.23417848
0,0.2324581
0,0.24091096
0,0.24873807
0,0.24047679
0,0.24431555
0,0.25574207
0,0.24963719
0,0.24386501
0,0.25720012
0,0.26466432
0,0.25504377
0,0.24654569
0,0.24765173
0,0.2455166
0,0.25519237
0,0.24591324
0,0.26096708
0,0.26162723
0,0.26340628
0,0.2590597
0,0.26247528
0,0.26266354
0,0.26435646
0,0.2617645
0,0.26366004
0,0.26443636
0,0.26420748
0,0.2629299
0,0.26552528
0,0.2530838
0,0.26104355
0,0.2573009
0,0.249695
0,0.2462564
0,0.25443852
0,0.245604
0,0.25408888
0,0.25693431
0,0.2580922
0,0.259217
0,0.2587452
0,0.26057497
0,0.2595127
0,0.25897086
0,0.25877297
0,0.25915053
0,0.25895816
0,0.25896347
0,0.2583069
0,0.24678835
0,0.25343338
0,0.2449893
0,0.25133684
0,0.24167915
0,0.2489539
0,0.24832141
0,0.26122928
0,0.2506515
0,0.2627868
0,0.25898907
0,0.26782492
0,0.27203527
0,0.27496493
0,0.26270896
0,0.27029756
0,0.3349976
0,0.29594707
0,0.27914748
0,0.2705049
0,0.27704775
0,0.26542547
0,0.27161652
0,0.26220024
0,0.5595264
0,0.6430484
0,0.47283596
0,0.39303225
0,0.34239352
0,0.31810918
0,0.33297303
0,0.29543424
0,0.27669227
0,0.2716205
0,0.26895082
0,0.26942068
0,0.26183388
0,0.24924184
0,0.22928722
0,0.22112532
0,0.20256135
0,0.20306556
0,0.20007502
0,0.20071192
0,0.26772138
0,0.25736812
0,0.21117483
0,0.20969966
0,0.21394145
0,0.2202355
0,0.22775099
0,0.23404042
0,0.24200873
0,0.24440089
0,0.26839283
0,0.26538646
0,0.25446963
0,0.25927496
0,0.26154783
0,0.26569185
0,0.26992688
0,0.2652144
0,0.26991847
0,0.2764415
0,0.2636256
0,0.26222843
0,0.26160723
0,0.2597704
0,0.25956193
0,0.25979
0,0.25611946
0,0.267492
0,0.26087424
0,0.26078
0,0.25363863
0,0.2547661
0,0.37256926
0,0.35121688
0,0.32398093
0,0.29546976
0,0.28293246
0,0.27398273
0,0.2948489
0,0.27317506
0,0.26594037
0,0.26169863
0,0.25437137
0,0.25556025
0,0.26648587
0,0.25667602
0,0.25586143
0,0.25516883
0,0.25247324
0,0.24991463
0,0.24891415
0,0.25913852
0,0.26501915
0,0.26443675
0,0.26920384
0,0.26745376
0,0.25270566
0,0.26132804
0,0.29130653
0,0.27741644
0,0.26803395
0,0.2690491
0,0.26100895
0,0.26405388
0,0.26508418
0,0.2644383
0,0.26491565
0,0.26414648
0,0.26412585
0,0.26346865
0,0.25268957
0,0.25801358
0,0.24975727
0,0.25619715
0,0.25829574
0,0.27268684
0,0.26473707
0,0.26426306
0,0.26252162
0,0.26166084
0,0.5381171
0,0.61659133
0,0.4602748
0,0.38781288
0,0.33985996
0,0.3241008
0,0.30933505
0,0.2983
0,0.2697621
0,0.26846394
0,0.26060596
0,0.25707904
0,0.25124517
0,0.24953668
0,0.36673945
0,0.3416362
0,0.26517734
0,0.2229595
0,0.46387643
0,0.61455125
0,0.42073253
0,0.29080874
0,0.22753385
0,0.17402487
0,0.16191351
0,0.1457429
0,0.1430164
0,0.13994709
0,0.13321175
0,0.13637948
0,0.24444792
0,0.24069546
0,0.18082085
0,0.16059135
0,0.1784645
0,0.15142895
0,0.1409407
0,0.132646
0,0.13528049
0,0.13253938
0,0.13566092
0,0.14870125
0,0.16290703
0,0.17659919
0,0.1913723
0,0.21019596
0,0.2200755
0,0.23051271
0,0.2677768
0,0.2680382
0,0.2573894
0,0.26244104
0,0.2533408
0,0.2594524
0,0.26180598
0,0.26227704
0,0.25907594
0,0.26678118
0,0.53705144
0,0.6020642
0,0.45791933
0,0.38710573
0,0.3432612
0,0.31250566
0,0.32060516
0,0.29161403
0,0.28579125
0,0.27482617
0,0.25923285
0,0.26090267
0,0.25874248
0,0.26754817
0,0.2582416
0,0.25525737
0,0.24158321
0,0.22624886
0,0.22747971
0,0.22096884
0,0.20770158
0,0.2116095
0,0.21921237
0,0.24270493
0,0.24049969
0,0.2532146
0,0.25070736
0,0.25095
0,0.25804633
0,0.26536286
0,0.26300162
0,0.2635768
0,0.5435319
0,0.61315966
0,0.47468954
0,0.38495278
0,0.33825833
0,0.319664
0,0.29312298
0,0.28899315
0,0.26812443
0,0.27252844
0,0.28991678
0,0.30951005
0,0.28520817
0,0.26819676
0,0.2557815
0,0.24169542
0,0.23036622
0,0.21570398
0,0.2127596
0,0.20687795
0,0.20132668
0,0.22494592
0,0.2135406
0,0.21505469
0,0.22791834
0,0.22874205
0,0.24010344
0,0.2479725
0,0.25007316
0,0.2549983
0,0.2728513
0,0.31941
0,0.2771434
0,0.2796423
0,0.28144687
0,0.2753174
0,0.2735968
0,0.27271703
0,0.26773536
0,0.269629
0,0.25669524
0,0.31135288
0,0.28256956
0,0.26573053
0,0.26875964
0,0.28353494
0,0.2787209
0,0.2736596
0,0.28510886
0,0.27683854
0,0.27152598
0,0.26870424
0,0.28324643
0,0.2739351
0,0.2621969
0,0.26448482
0,0.2720346
0,0.27444187
0,0.2684236
0,0.26550862
0,0.27436504
0,0.2661723
0,0.27291176
0,0.26549906
0,0.27405787
0,0.28277376
0,0.268781
0,0.2683806
0,0.27908993
0,0.26754683
0,0.27628943
0,0.27655134
0,0.28026864
0,0.26843113
0,0.26396766
0,0.26240438
0,0.27008796
0,0.27275082
0,0.27892315
0,0.26653838
0,0.27425525
0,0.26431334
0,0.2717918
0,0.2630183
0,0.2639408
0,0.25928894
0,0.3169369
0,0.28423402
0,0.27110404
0,0.27618963
0,0.2581941
0,0.25779474
0,0.2552359
0,0.253795
0,0.26396045
0,0.27190515
0,0.2703061
0,0.2604847
0,0.5824039
0,0.6781845
0,0.5403333
0,0.453566
0,0.39656523
0,0.3526586
0,0.31875888
0,0.2984892
0,0.2773489
0,0.2755712
0,0.25215635
0,0.2362796
0,0.22424941
0,0.21093397
0,0.19629245
0,0.18170668
0,0.16961743
0,0.16613202
0,0.15198153
0,0.15663947
0,0.16369857
0,0.17159308
0,0.19856764
0,0.20569141
0,0.21430066
0,0.22496632
0,0.24414559
0,0.24606979
0,0.46590298
0,0.5444362
0,0.4421975
0,0.3782649
0,0.31913102
0,0.30143362
0,0.58704764
0,0.687617
0,0.53905964
0,0.45937064
0,0.405957
0,0.31853732
0,0.24025077
0,0.19875804
0,0.16745056
0,0.1529121
0,0.14350645
0,0.13675418
0,0.12920463
0,0.12874766
0,0.12552087
0,0.124777324
0,0.13034473
0,0.13117836
0,0.13823874
0,0.14856794
0,0.16175547
0,0.17565216
0,0.1857993
0,0.19794598
0,0.23854607
0,0.23940726
0,0.24231212
0,0.25333014
0,0.24831288
0,0.24828514
0,0.2529507
0,0.27249876
0,0.26145038
0,0.26713187
0,0.26262024
0,0.25535506
0,0.26267013
0,0.25469622
0,0.24577682
0,0.26976344
0,0.264809
0,0.26640257
0,0.26648942
0,0.26686892
0,0.2620381
0,0.2673119
0,0.26909766
0,0.27874246
0,0.25845054
0,0.26499927
0,0.26443863
0,0.26486412
0,0.26393142
0,0.2647243
0,0.2683455
0,0.27666423
0,0.2744189
0,0.28736913
0,0.26539272
0,0.27433506
0,0.26759273
0,0.26724303
0,0.26741463
0,0.25447288
0,0.2569161
0,0.25926113
0,0.25852218
0,0.260043
0,0.25322893
0,0.24692215
0,0.2501728
0,0.25526154
0,0.26930162
0,0.26244932
0,0.27015576
0,0.26551178
0,0.30699697
0,0.31048322
0,0.28029603
0,0.26381668
0,0.33059186
0,0.2940428
0,0.28230968
0,0.2735585
0,0.2654201
0,0.26581877
0,0.2708737
0,0.27436426
0,0.2735049
0,0.27616674
0,0.30994418
0,0.28476623
0,0.28125742
0,0.27117535
0,0.27500993
0,0.2655007
0,0.2699452
0,0.26192662
0,0.25620934
0,0.25529838
0,0.28454402
0,0.26470125
0,0.2687597
0,0.2711071
0,0.26966235
0,0.26055956
0,0.26489338
0,0.26903304
0,0.2688676
0,0.25825584
0,0.2515654
0,0.25784808
0,0.261751
0,0.263572
0,0.26372474
0,0.26483837
0,0.25540698
0,0.26187897
0,0.2522707
0,0.25987014
0,0.25305828
0,0.25485405
0,0.24734518
0,0.2557371
0,0.2559182
0,0.2578809
0,0.25769794
0,0.2731995
0,0.26511055
0,0.2638543
0,0.6048413
0,0.7124166
0,0.5429541
0,0.4583591
0,0.39526993
0,0.36489755
0,0.30667284
0,0.28619337
0,0.2692445
0,0.2594728
0,0.24679448
0,0.23988166
0,0.22641
0,0.24766167
0,0.21203284
0,0.17593695
0,0.15932027
0,0.15495975
0,0.14847454
0,0.14954558
0,0.15412353
0,0.16752939
0,0.17614573
0,0.18553504
0,0.20302595
0,0.21082528
0,0.22035858
0,0.23781155
0,0.23740505
0,0.25063586
0,0.25970587
0,0.25651222
0,0.25357953
0,0.26325366
0,0.25377434
0,0.25206593
0,0.26119387
0,0.2535517
0,0.5111125
0,0.57288325
0,0.43383837
0,0.36651006
0,0.33660614
0,0.31352258
0,0.28711686
0,0.2849741
0,0.28978133
0,0.27842394
0,0.27407983
0,0.2731102
0,0.2689259
0,0.2619657
0,0.26284665
0,0.26157573
0,0.2573988
0,0.25413063
0,0.24677445
0,0.23996384
0,0.2389809
0,0.23698977
0,0.2321124
0,0.24047427
0,0.24931805
0,0.2609934
0,0.24844383
0,0.25503972
0,0.2580833
0,0.25823474
0,0.26253617
0,0.26116747
0,0.2616748
0,0.2605412
0,0.26069117
0,0.26554304
0,0.2663762
0,0.26322526
0,0.2517868
0,0.25707307
0,0.2578204
0,0.2751539
0,0.2696922
0,0.2638982
0,0.26201606
0,0.26017347
0,0.2589651
0,0.2707744
0,0.27252454
0,0.26780403
0,0.26371813
0,0.26026943
0,0.25854695
0,0.26956233
0,0.2737399
0,0.26286703
0,0.27064177
0,0.26158467
0,0.2732922
0,0.27811655
0,0.27017227
0,0.2813508
0,0.2765164
0,0.2742188
0,0.26374155
0,0.25842202
0,0.26480854
0,0.25601166
0,0.25233367
0,0.2508939
0,0.2599979
0,0.26294884
0,0.2635721
0,0.26455626
0,0.25614434
0,0.26237231
0,0.26317337
0,0.2698191
0,0.26656547
0,0.2664429
0,0.26621163
0,0.26596454
0,0.2679287
0,0.26032186
0,0.25265482
0,0.26020297
0,0.26028937
0,0.26530895
0,0.27278888
0,0.31259763
0,0.27245677
0,0.27124146
0,0.2702665
0,0.26595262
0,0.27038512
0,0.26554963
0,0.26617098
0,0.27432725
0,0.26675743
0,0.26687345
0,0.3090948
0,0.28204352
0,0.2732843
0,0.26881278
0,0.26588604
0,0.26413253
0,0.2750474
0,0.2818318
0,0.26919287
0,0.26478824
0,0.27318028
0,0.27631098
0,0.27693844
0,0.26682538
0,0.2630602
0,0.2703577
0,0.26248598
0,0.25884965
0,0.25766447
0,0.25482675
0,0.25375405
0,0.2629484
0,0.2562156
0,0.25419715
0,0.25211665
0,0.2618292
0,0.25624362
0,0.25315216
0,0.25090456
0,0.24955645
0,0.24904324
0,0.25949958
0,0.25248757
0,0.25020468
0,0.2492364
0,0.24698466
0,0.24655047
0,0.25500655
0,0.25290635
0,0.26161793
0,0.26475567
0,0.27951446
0,0.47211596
0,0.48175442
0,0.37708747
0,0.33685756
0,0.30088386
0,0.30338934
0,0.2935589
0,0.28485703
0,0.27779746
0,0.27292284
0,0.27013293
0,0.2681423
0,0.26703134
0,0.2648015
0,0.26407862
0,0.26223233
0,0.25119722
0,0.26534742
0,0.2498804
0,0.2521048
0,0.25667316
0,0.25295115
0,0.25374806
0,0.25213704
0,0.2540622
0,0.2535303
0,0.24913462
0,0.26424384
0,0.2587429
0,0.26858205
0,0.2628942
0,0.25982782
0,0.25889254
0,0.256658
0,0.25578395
0,0.25600657
0,0.2544491
0,0.25281906
0,0.24611509
0,0.2591639
0,0.25551704
0,0.26335564
0,0.26809868
0,0.26923206
0,0.2602788
0,0.25752497
0,0.25484964
0,0.25283566
0,0.26456642
0,0.264833
0,0.25876284
0,0.26643896
0,0.2562983
0,0.25328493
0,0.2624851
0,0.25326315
0,0.25460717
0,0.27247596
0,0.2576625
0,0.26316547
0,0.26557904
0,0.2651336
0,0.2659918
0,0.2659637
0,0.2680858
0,0.25595725
0,0.25245684
0,0.25866115
0,0.2664566
0,0.26303372
0,0.32131857
0,0.28097567
0,0.2783977
0,0.26792002
0,0.27006513
0,0.2679808
0,0.27012652
0,0.27244174
0,0.2679992
0,0.2649494
0,0.2650532
0,0.26259646
0,0.26815853
0,0.25926983
0,0.262543
0,0.2614805
0,0.26228896
0,0.26086643
0,0.26017573
0,0.25976875
0,0.25914103
0,0.26461387
0,0.26050794
0,0.25906843
0,0.24809977
0,0.26521906
0,0.25942576
0,0.25829557
0,0.26896057
0,0.27189153
0,0.2764671
0,0.26613596
0,0.27942574
0,0.26866895
0,0.26412243
0,0.26107895
0,0.27308807
0,0.27319175
0,0.27399716
0,0.2633614
0,0.25944048
0,0.25747436
0,0.25557655
0,0.25531253
0,0.36486897
0,0.34546304
0,0.29815996
0,0.28035146
0,0.2841598
0,0.26935706
0,0.27334255
0,0.2628665
0,0.26815447
0,0.26077014
0,0.26663938
0,0.25778133
0,0.26413932
0,0.2667962
0,0.26659474
0,0.25797662
0,0.25267807
0,0.25113535
0,0.24856512
0,0.2472549
0,0.25593463
0,0.2605715
0,0.26035035
0,0.26746246
0,0.26484987
0,0.26674023
0,0.26431406
0,0.267033
0,0.2647231
0,0.26654294
0,0.26629904
0,0.26716447
0,0.26704124
0,0.26803198
0,0.26384684
0,0.2654567
0,0.2629847
0,0.26399225
0,0.26202038
1,0.2626171
1,0.26365238
1,0.2643978
1,0.26758692
1,0.2739255
1,0.255794
1,0.26102844
1,0.25881377
1,0.25870284
1,0.25680852
1,0.25320324
1,0.25326127
1,0.25549674
1,0.25368333
1,0.2555323
0,0.84315145
0,0.73982
0,0.5853585
0,0.5262509
0,0.44333878
0,0.39603603
0,0.34336525
0,0.30624875
0,0.28686497
0,0.26868472
0,0.24186543
0,0.22141965
0,0.19702886
0,0.17454611
0,0.1572032
0,0.15303406
0,0.14384617
0,0.1427651
0,0.14489906
0,0.15058483
0,0.16519837
0,0.17349939
0,0.19050807
0,0.19965065
0,0.20943455
0,0.21964194
0,0.22514847
0,0.24115683
0,0.23961711
0,0.24195823
0,0.25255316
0,0.25415835
0,0.26670936
0,0.25597206
0,0.26211467
0,0.26512426
0,0.25387028
0,0.26513457
0,0.25274432
0,0.26149192
0,0.26184094
0,0.26408184
0,0.2638929
0,0.26556194
0,0.26468116
0,0.26162535
0,0.25262278
0,0.26442054
0,0.26292637
0,0.2638782
0,0.2632949
0,0.2637189
0,0.25307274
0,0.25918
0,0.25980285
0,0.26131323
0,0.26057866
0,0.26147503
0,0.26067084
0,0.26194412
0,0.25291392
0,0.26086745
0,0.25800234
0,0.26049006
0,0.24797873
0,0.24949984
0,0.2552949
0,0.25697383
0,0.2674023
0,0.26263288
0,0.27199164
0,0.26560917
0,0.26161918
0,0.2614109
0,0.27041268
0,0.2573309
0,0.25813463
0,0.25833592
0,0.25539422
0,0.25661448
0,0.25480902
0,0.25543544
0,0.27011147
0,0.2612502
0,0.25698125
0,0.25700668
0,0.25638607
0,0.2549823
0,0.26366448
0,0.26235777
0,0.2561759
0,0.25461602
0,0.26301274
0,0.25749466
0,0.2658859
0,0.26898167
0,0.25848526
0,0.2563919
0,0.26849025
0,0.25831383
0,0.25371003
0,0.255269
0,0.26249704
0,0.2572466
0,0.26179165
0,0.25496307
0,0.26142284
0,0.25467563
0,0.26082295
0,0.26460132
0,0.28078496
0,0.26225144
0,0.25678903
0,0.25328162
0,0.26001766
0,0.25607494
0,0.27521265
0,0.25911328
0,0.25152954
0,0.25119373
0,0.25643802
0,0.26223984
0,0.2607776
0,0.26404765
0,0.26177725
0,0.25769448
0,0.2599449
0,0.2624898
0,0.26137826
0,0.26312923
0,0.26104632
0,0.26298842
0,0.2601142
0,0.263338
0,0.25984058
0,0.26116636
0,0.25834978
0,0.26017392
0,0.25747406
0,0.2591036
0,0.25649875
0,0.25831255
0,0.25621068
0,0.2593335
0,0.25558275
0,0.26250753
0,0.2568229
0,0.2596427
0,0.2562944
0,0.25718242
0,0.254083
0,0.26578268
0,0.26767412
0,0.2611159
0,0.25739586
0,0.2576271
0,0.2776785
0,0.26421687
0,0.25911117
0,0.2581949
0,0.2547302
0,0.2549525
0,0.26353854
0,0.2575507
0,0.27652997
0,0.66658497
0,0.4654977
0,0.38555408
0,0.33304968
0,0.3195709
0,0.3032494
0,0.29555455
0,0.28670955
0,0.27213818
0,0.27344954
0,0.26671594
0,0.25870118
0,0.2574695
0,0.25228375
0,0.25185502
0,0.25963497
0,0.25074053
0,0.2566334
0,0.2699223
0,0.2743959
0,0.26646197
0,0.26367456
0,0.26406625
0,0.2620483
0,0.26333773
0,0.2659536
0,0.2761258
0,0.26961252
0,0.25770095
0,0.26261717
0,0.26390827
0,0.267335
0,0.26639766
0,0.2657317
0,0.26536563
0,0.26393962
0,0.26299578
0,0.26955813
0,0.26602218
0,0.26330978
0,0.26337907
0,0.26527256
0,0.2622632
0,0.26098266
0,0.2608894
0,0.263156
0,0.26082903
0,0.29061484
0,0.27125105
0,0.2674679
0,0.26399603
0,0.26461592
0,0.2719258
0,0.2646062
0,0.262241
0,0.26332837
0,0.25896016
0,0.2685055
0,0.26012912
0,0.26241815
0,0.25803822
0,0.26779228
0,0.25971735
0,0.25781915
0,0.2570037
0,0.37677768
0,0.35664803
0,0.31868693
0,0.2908274
0,0.28152606
0,0.28695822
0,0.27060014
0,0.27486572
0,0.2649086
0,0.2704543
0,0.2614542
0,0.26844242
0,0.25919366
0,0.25791508
0,0.26430875
0,0.26699862
0,0.25777248
0,0.26469836
0,0.25617424
0,0.26254174
0,0.26497987
0,0.26517627
0,0.27355725
0,0.26921472
0,0.26178107
0,0.26558277
0,0.26737133
0,0.26752338
0,0.2695182
0,0.26762682
0,0.31251267
0,0.27665398
0,0.27158287
0,0.26979664
0,0.27182776
0,0.2674585
0,0.2809796
0,0.2706341
0,0.26943448
0,0.271377
0,0.27367336
0,0.26738474
0,0.26241642
0,0.26757258
0,0.25484666
0,0.258567
0,0.26014423
0,0.25881365
0,0.26159889
0,0.2695923
0,0.26441595
0,0.2723989
0,0.26632953
0,0.2744768
0,0.2677797
0,0.27403224
0,0.26729694
0,0.27333245
0,0.26740402
0,0.27251783
0,0.2643799
0,0.27254662
0,0.25516862
0,0.26991162
0,0.27534357
0,0.2639162
0,0.27309933
0,0.2732476
0,0.26491603
0,0.26210976
0,0.2710083
0,0.2596681
0,0.2606041
0,0.25493228
0,0.25531197
0,0.25209996
0,0.25305018
0,0.25032768
0,0.25220072
0,0.24951284
0,0.2501913
0,0.25851953
0,0.26401317
0,0.26384625
0,0.25704554
0,0.26393571
0,0.25557104
0,0.26245907
0,0.25543395
0,0.26123703
0,0.26544315
0,0.2684147
0,0.2646736
0,0.26550418
0,0.26785827
0,0.26625377
0,0.25732398
0,0.2613568
0,0.26658195
0,0.26377344
0,0.25898653
0,0.261374
0,0.2705113
0,0.27669743
0,0.2714564
0,0.26703802
0,0.268151
0,0.26464772
0,0.26724166
0,0.26374018
0,0.26543182
0,0.26249292
0,0.26000363
0,0.26121038
0,0.2629456
0,0.27787724
0,0.2684062
0,0.27451915
0,0.2697865
0,0.2643676
0,0.25439057
0,0.2557194
0,0.2592793
0,0.25646612
0,0.24848932
0,0.25116742
0,0.26641378
0,0.25778785
0,0.2590904
0,0.25716284
0,0.26935753
0,0.27102208
0,0.26328138
0,0.2584749
0,0.25280637
0,0.25334194
0,0.25394258
0,0.25150698
0,0.2529833
0,0.26180708
0,0.2561506
0,0.2541064
0,0.254034
0,0.2507542
0,0.25088555
0,0.25941586
0,0.2538015
0,0.25462842
0,0.25183216
0,0.24945511
0,0.24374415
0,0.25905076
0,0.2674636
0,0.2693086
0,0.26411197
0,0.25988
0,0.25898734
0,0.2666264
0,0.2607201
0,0.26985753
0,0.27344453
0,0.26332486
0,0.26150253
0,0.2681162
0,0.27203622
0,0.26082864
0,0.25508553
0,0.25415972
0,0.25412297
0,0.25103122
0,0.2529357
0,0.24979667
0,0.24929865
0,0.2590915
0,0.25467315
0,0.2604579
0,0.26620278
0,0.26700604
0,0.2550551
0,0.25151175
0,0.25237134
0,0.25962868
0,0.25301954
0,0.2604146
0,0.26389977
0,0.26307675
0,0.25714386
0,0.2614366
0,0.26503637
0,0.26354015
0,0.25711277
0,0.24977067
0,0.24837437
0,0.25609022
0,0.24934366
0,0.25971717
0,0.25018764
0,0.2555798
0,0.2589855
0,0.27444974
0,0.26939422
0,0.26507536
0,0.2654853
0,0.26273912
0,0.25603443
0,0.2582175
0,0.2595445
0,0.25735357
0,0.25580797
0,0.26185843
0,0.27966484
0,0.26500025
0,0.2581225
0,0.2786978
0,0.25835922
0,0.25875714
0,0.25035188
0,0.26421142
0,0.25888255
0,0.26122138
0,0.24879158
0,0.2539762
0,0.25439546
0,0.26262197
0,0.2586005
0,0.25613663
0,0.2553143
0,0.2525773
0,0.26605913
0,0.25697708
0,0.54188025
0,0.61382484
0,0.46128872
0,0.38036025
0,0.33295494
0,0.31452063
0,0.29000467
0,0.2756947
0,0.5662234
0,0.6641689
0,0.54467547
0,0.48613143
0,0.40382183
0,0.32002378
0,0.23309785
0,0.20025434
0,0.16534582
0,0.14994225
0,0.13503431
0,0.12995708
0,0.124890424
0,0.12468026
0,0.12329602
0,0.1261012
0,0.12671864
0,0.13958861
0,0.14893009
0,0.16583702
0,0.1769418
0,0.19384702
0,0.21603294
0,0.22287402
0,0.23307095
0,0.23893501
0,0.23507015
0,0.24438784
0,0.24310648
0,0.25027362
0,0.25292817
0,0.25442252
0,0.24777848
0,0.2513515
0,0.24883792
0,0.25107956
0,0.25308532
0,0.2526389
0,0.26098984
0,0.27020454
0,0.27556083
0,0.26386917
0,0.26359883
0,0.26051563
0,0.26261273
0,0.25746104
0,0.26611617
0,0.27003297
0,0.26545918
0,0.27314368
0,0.26546586
0,0.2607342
0,0.26028827
0,0.2675028
0,0.26170778
0,0.25708473
0,0.4468215
0,0.4646298
0,0.3728263
0,0.33889434
0,0.3591922
0,0.30791724
0,0.299933
0,0.2833689
0,0.27221018
0,0.26437935
0,0.29039803
0,0.26683745
0,0.26737934
0,0.2671735
0,0.2735201
0,0.26765797
0,0.26073387
0,0.26329318
0,0.2537131
0,0.2560872
0,0.25718445
0,0.255086
0,0.24821524
0,0.25342152
0,0.29566586
0,0.2647081
0,0.2682151
0,0.26505768
0,0.26852718
0,0.26468533
0,0.2722603
0,0.272612
0,0.2725203
0,0.26574054
0,0.26825738
0,0.26657638
0,0.26526955
0,0.2625199
0,0.26360407
0,0.2609125
0,0.2962541
0,0.26303357
0,0.28694355
0,0.26953834
0,0.25882456
0,0.2699002
0,0.2658603
0,0.26219043
0,0.2638532
0,0.25993228
0,0.25498033
0,0.281133
0,0.26641652
0,0.27712545
0,0.27810296
0,0.2765914
0,0.27147207
0,0.26447356
0,0.27548468
0,0.27865645
0,0.27534997
0,0.26363477
0,0.26527375
0,0.26989934
0,0.26456428
0,0.26804686
0,0.2627651
0,0.25690278
0,0.27899754
0,0.2613924
0,0.25911283
0,0.25659522
0,0.26674247
0,0.26750693
0,0.2721652
0,0.26122466
0,0.25822756
0,0.25292626
0,0.2556058
0,0.25270227
0,0.24906582
0,0.2599331
0,0.26339477
0,0.26644483
0,0.26905206
0,0.26757395
0,0.26953182
0,0.2679913
0,0.2695998
0,0.2667013
0,0.25770107
0,0.26231018
0,0.26535976
0,0.26337397
0,0.25691238
0,0.26011497
0,0.26537216
0,0.2631185
0,0.26655534
0,0.26284876
0,0.26598334
0,0.26256827
0,0.2693827
0,0.2612052
0,0.27945724
0,0.2674816
0,0.27215338
0,0.27630532
0,0.26406094
0,0.2676731
0,0.26736102
0,0.26534936
0,0.2761742
0,0.27628225
0,0.27015716
0,0.27438685
0,0.2704983
0,0.26275712
0,0.27640185
0,0.27392
0,0.2801987
0,0.26797745
0,0.26533827
0,0.27050674
0,0.26967296
0,0.2726449
0,0.27792472
0,0.27574295
0,0.28717586
0,0.29475012
0,0.40077525
0,0.36640146
0,0.328728
0,0.30985826
0,0.28950536
0,0.275001
0,0.2704669
0,0.25746268
0,0.2697932
0,0.25872827
0,0.25800982
0,0.2638596
0,0.2580523
0,0.2632338
0,0.2665988
0,0.2669171
0,0.25974128
0,0.26686066
0,0.26963794
0,0.26683587
0,0.27209875
0,0.2677527
0,0.27392793
0,0.26815277
0,0.27653626
0,0.2690063
0,0.26203048
0,0.2637804
0,0.2664679
0,0.2742347
0,0.26036784
0,0.2618863
0,0.2555043
0,0.25856176
0,0.2529962
0,0.26738006
0,0.27100718
0,0.26389346
0,0.26840973
0,0.26846662
0,0.26904348
0,0.27533042
0,0.2713192
0,0.26565868
0,0.25739804
0,0.25869232
0,0.28311846
0,0.27072978
0,0.2691534
0,0.26372907
0,0.2676017
0,0.27838638
0,0.28109086
0,0.28162193
0,0.27357417
0,0.26658005
0,0.2612752
0,0.2692833
0,0.26497307
0,0.2643378
0,0.25807938
0,0.26782727
0,0.26398373
0,0.25815052
0,0.26388136
0,0.2563925
0,0.25959015
0,0.27208567
0,0.26417258
0,0.25773963
0,0.2534105
0,0.26334408
0,0.28001216
0,0.27302727
0,0.26552472
0,0.27128464
0,0.26395592
0,0.25788432
0,0.2616927
0,0.2669321
0,0.26660156
0,0.2701117
0,0.26230752
0,0.27783316
0,0.27951333
0,0.27649048
0,0.28285292
0,0.27732074
0,0.28233498
0,0.27555394
0,0.28438053
0,0.2751598
0,0.2673583
0,0.27308685
0,0.27329504
0,0.27021688
0,0.28067943
0,0.2862716
0,0.28257087
0,0.2759955
0,0.27994066
0,0.28053507
0,0.28020972
0,0.27620092
0,0.27494898
0,0.27050158
0,0.26047152
0,0.2643683
0,0.27041844
0,0.25898468
0,0.265456
0,0.262575
0,0.26993608
0,0.26888576
0,0.2714366
0,0.26526025
0,0.26736528
0,0.2763909
0,0.25758442
0,0.2630446
0,0.26189262
0,0.26115265
0,0.27007914
0,0.26401508
0,0.2738571
0,0.2659368
0,0.26638898
0,0.27562585
0,0.2575308
0,0.27245575
0,0.26760542
0,0.2620814
0,0.26360577
0,0.2711635
0,0.26574534
0,0.27725756
0,0.27801597
0,0.27811554
0,0.28308293
0,0.28019935
0,0.261862
0,0.27494025
0,0.2670765
0,0.26179025
0,0.26359615
0,0.27176714
0,0.26460573
0,0.25923535
0,0.2614215
0,0.25554734
0,0.26049563
0,0.2540945
0,0.2665131
0,0.26644805
0,0.26188448
0,0.26677093
0,0.26307705
0,0.2580182
0,0.2599856
0,0.2658161
0,0.34417883
0,0.30415514
0,0.2975545
0,0.28576756
0,0.2740992
0,0.27374607
0,0.27788255
0,0.2786611
0,0.2685619
0,0.28136143
0,0.27878103
0,0.27192676
0,0.26594448
0,0.26747775
0,0.26142064
0,0.26339406
0,0.25737864
0,0.26079813
0,0.2674249
0,0.2633717
0,0.2687328
0,0.26450425
0,0.26878917
0,0.26514503
0,0.26807335
0,0.2661666
0,0.25940442
0,0.2649658
0,0.25656077
0,0.2585425
0,0.25179332
0,0.2656216
0,0.25381994
0,0.25576732
0,0.2499588
0,0.25246793
0,0.2578378
0,0.2541323
0,0.25289243
0,0.26292
0,0.27257505
0,0.28192055
0,0.2832414
0,0.26795322
0,0.25751743
0,0.26947704
0,0.26473948
0,0.2588974
0,0.26756078
0,0.25918534
0,0.2661713
0,0.26966694
0,0.27110687
0,0.26634228
0,0.2641124
0,0.26802075
0,0.26256794
0,0.26686084
0,0.2613482
0,0.27001992
0,0.26341173
0,0.27272454
0,0.27423596
0,0.26021793
0,0.27186146
0,0.26962763
0,0.26255038
0,0.2659558
0,0.2832203
0,0.2735058
0,0.2756672
0,0.27157968
0,0.2755912
0,0.2708882
0,0.26314548
0,0.2649503
0,0.2585477
0,0.26116672
0,0.25556564
0,0.26134977
0,0.27001256
0,0.26506555
0,0.2683001
0,0.2638185
0,0.269419
0,0.26360145
0,0.2706
0,0.26652524
0,0.2595518
0,0.26354185
0,0.2560454
0,0.25703898
0,0.3859811
0,0.36126783
0,0.3188474
0,0.309498
0,0.28405303
0,0.27652252
0,0.26568645
0,0.26246652
0,0.2692134
0,0.26065502
0,0.2560268
0,0.25549093
0,0.26105887
0,0.26511028
0,0.2656219
0,0.28217784
0,0.27766454
0,0.26349485
0,0.26738325
0,0.2575843
0,0.26315108
0,0.26599634
0,0.27638134
0,0.27032694
0,0.2689432
0,0.26908895
0,0.26710048
0,0.267739
0,0.2567763
0,0.26204205
0,0.2609235
0,0.26067322
0,0.26295677
0,0.26230907
0,0.26121652
0,0.26197076
0,0.2613313
0,0.26178238
0,0.2707686
0,0.26364532
0,0.26646492
0,0.26272213
0,0.26055124
0,0.259471
0,0.2477098
0,0.2531145
0,0.25405505
0,0.25392914
0,0.2611474
0,0.25823975
0,0.26151472
0,0.26135695
0,0.25681219
0,0.28028888
0,0.2640272
0,0.27173445
0,0.27308947
0,0.26422697
0,0.2603745
0,0.2628144
0,0.2574638
0,0.26766193
0,0.25861603
0,0.25705653
0,0.2672475
0,0.2699704
0,0.26181233
0,0.25895363
0,0.25659135
0,0.2551337
0,0.25286698
0,0.26183563
0,0.25343773
0,0.26490617
0,0.26541868
0,0.2666886
0,0.2709727
0,0.29448614
0,0.27968246
0,0.28135616
0,0.26764017
0,0.272421
0,0.27255404
0,0.2737281
0,0.27110872
0,0.27114213
0,0.29110393
0,0.34236237
0,0.31244957
0,0.28501704
0,0.2834173
0,0.26749748
0,0.2600576
0,0.25726074
0,0.39736003
0,0.37475842
0,0.3410903
0,0.31071675
0,0.30505604
0,0.28341594
0,0.2786507
0,0.2757877
0,0.269866
0,0.26982468
0,0.26922426
0,0.26866293
0,0.2696917
0,0.2672332
0,0.25854632
0,0.26813874
0,0.26337942
0,0.26415774
0,0.26025024
0,0.26237193
0,0.2947307
0,0.27446076
0,0.26197898
0,0.26630864
0,0.2718017
0,0.26709378
0,0.26140648
0,0.2661482
0,0.26455063
0,0.2629966
0,0.32261363
0,0.28343406
0,0.2716154
0,0.2692418
0,0.36251736
0,0.3221404
0,0.30229893
0,0.28628126
0,0.272336
0,0.27120703
0,0.272163
0,0.2711034
0,0.27095526
0,0.26501283
0,0.26861185
0,0.26398954
0,0.25630575
0,0.2575554
0,0.26705182
0,0.26017874
0,0.26267463
0,0.27012637
0,0.2680717
0,0.27336583
0,0.2703387
0,0.27651924
0,0.27134705
0,0.27518144
0,0.2738531
0,0.2744507
0,0.2592233
0,0.2585262
0,0.25171697
0,0.2628665
0,0.26098174
0,0.25422525
0,0.25920612
0,0.2540375
0,0.24833536
0,0.24806832
0,0.25347936
0,0.2589058
0,0.2565768
0,0.25168616
0,0.26612273
0,0.2638256
0,0.26183408
0,0.27539238
0,0.25365898
0,0.26197353
0,0.25907043
0,0.26191026
0,0.2533414
0,0.26010332
0,0.25603545
0,0.27100253
0,0.27177864
0,0.26571983
0,0.27245754
0,0.26659036
0,0.26098713
0,0.26263383
0,0.2611233
0,0.26426193
0,0.259666
0,0.26043618
0,0.27078345
0,0.25177798
0,0.25412023
0,0.25659567
0,0.25349018
0,0.2552978
0,0.2499461
0,0.25393653
0,0.24925125
0,0.263816
0,0.25468114
0,0.25869542
0,0.25382498
0,0.2556846
0,0.25215244
0,0.25873777
0,0.25360888
0,0.25400692
0,0.2640394
0,0.25697485
0,0.30561793
0,0.26905772
0,0.25855967
0,0.25814736
0,0.2622888
0,0.26889065
0,0.25669262
0,0.25576025
0,0.24668308
0,0.25906247
0,0.24943723
0,0.25177062
0,0.25838894
0,0.26669538
0,0.26428303
0,0.26602617
0,0.26617628
0,0.26740336
0,0.26775783
0,0.25730193
0,0.26162183
0,0.26899424
0,0.26005206
0,0.2755403
0,0.27028015
0,0.27090824
0,0.2679305
0,0.2672413
0,0.25328192
0,0.2618296
0,0.26189792
0,0.2626248
0,0.26576138
0,0.26363897
0,0.26173496
0,0.26308316
0,0.260825
0,0.26153848
0,0.2560995
0,0.2603004
0,0.4395997
0,0.4343752
0,0.34719962
0,0.32405782
0,0.31618637
0,0.2940722
0,0.29361272
0,0.28420115
0,0.2730239
0,0.2686407
0,0.26504833
0,0.2767008
0,0.27766085
0,0.28797734
0,0.28008696
0,0.28246748
0,0.26772314
0,0.27420712
0,0.2762695
0,0.26445723
0,0.2586608
0,0.2791206
0,0.2745257
0,0.27405548
0,0.26172867
0,0.25846085
0,0.25401378
0,0.26396036
0,0.25542623
0,0.26737723
0,0.267954
0,0.2595733
0,0.26186523
0,0.25490928
0,0.25259277
0,0.25029516
0,0.24834128
0,0.26099417
0,0.26355645
0,0.25472182
0,0.25047472
0,0.2595488
0,0.2612119
0,0.26217794
0,0.2631103
0,0.27198467
0,0.25888613
0,0.26570418
0,0.2575016
0,0.2614607
0,0.262533
0,0.26166454
0,0.26605916
0,0.26368797
0,0.262297
0,0.26575905
0,0.28561357
0,0.27182493
0,0.27636364
0,0.27031043
0,0.26622966
0,0.26643845
0,0.29250932
0,0.28811702
0,0.29440427
0,0.27747548
0,0.28235695
0,0.28399107
0,0.27650812
0,0.28848058
0,0.2620213
0,0.26769197
0,0.25256518
0,0.26218942
0,0.25852695
0,0.2582139
0,0.2568555
0,0.2582097
0,0.27984127
0,0.27724725
0,0.28086972
0,0.2695974
0,0.288378
0,0.28899652
0,0.2721482
0,0.2783722
0,0.28165284
0,0.28064707
0,0.27082965
0,0.26627427
0,0.2581413
0,0.26022905
0,0.2576175
0,0.25728452
0,0.25567284
0,0.26582712
0,0.25653678
0,0.2642379
0,0.25743112
0,0.26360032
0,0.25534847
0,0.2643642
0,0.2657929
0,0.25552368
0,0.26885968
0,0.2835246
0,0.27440724
0,0.2647143
0,0.2586501
0,0.26421538
0,0.26606935
0,0.2583418
0,0.2521726
0,0.25911042
0,0.27073917
0,0.26536015
0,0.26860332
0,0.27227104
0,0.27350304
0,0.2710673
0,0.2684294
0,0.26564348
0,0.2573414
0,0.2635795
0,0.26191145
0,0.2650274
0,0.2528457
0,0.25901112
0,0.25930047
0,0.27459827
0,0.2658884
0,0.26487276
0,0.2623003
0,0.2601626
0,0.26085338
0,0.25805143
0,0.2659389
0,0.27585375
0,0.265489
0,0.27359602
0,0.26485303
0,0.27313527
0,0.26603326
0,0.26506242
0,0.2609446
0,0.26884517
0,0.2632987
0,0.26903805
0,0.2597037
0,0.2584398
0,0.25683972
0,0.2537563
0,0.26581427
0,0.25576106
0,0.2573838
0,0.2647806
0,0.27281517
0,0.25903115
0,0.2698177
0,0.2679576
0,0.2631582
0,0.25509024
0,0.25438574
0,0.26076847
0,0.2666563
0,0.2656802
0,0.26132658
0,0.26393712
0,0.25200486
0,0.26096943
0,0.25400117
0,0.27036396
0,0.26906186
0,0.26769862
0,0.25786147
0,0.2775768
0,0.369579
0,0.3255725
0,0.2896942
0,0.2860027
0,0.31165364
0,0.28866395
0,0.27226844
0,0.27307984
0,0.2725033
0,0.2790843
0,0.2743943
0,0.27032498
0,0.25720915
0,0.26267537
0,0.2564852
0,0.25144133
0,0.25349152
0,0.26481384
0,0.25534254
0,0.25684038
0,0.2654553
0,0.25277272
0,0.26884854
0,0.26063454
0,0.264523
0,0.2596827
0,0.2553443
0,0.25690445
0,0.26261407
0,0.25889674
0,0.26827043
0,0.2603716
0,0.30229145
0,0.2928007
0,0.28207156
0,0.27403456
0,0.25957373
0,0.26647276
0,0.25449675
0,0.26388127
0,0.26807082
0,0.27014267
0,0.35646343
0,0.31776258
0,0.2947516
0,0.29114687
0,0.29296416
0,0.30086452
0,0.27786416
0,0.27983263
0,0.27701998
0,0.27549848
0,0.26902592
0,0.28380957
0,0.28058857
0,0.27763236
0,0.27800968
0,0.27154255
0,0.2666953
0,0.26914465
0,0.27159342
0,0.2997523
0,0.29474166
0,0.37433788
0,0.36004332
0,0.3585133
0,0.34721464
0,0.31318364
0,0.28688473
0,0.27900678
0,0.28966305
0,0.28273085
0,0.27635184
0,0.27309114
0,0.27054667
0,0.26411363
0,0.26526302
0,0.25973165
0,0.26735827
0,0.25970387
0,0.30246004
0,0.27099428
0,0.27469742
0,0.26931185
0,0.26609325
0,0.27675727
0,0.2712735
0,0.270441
0,0.2722161
0,0.261453
0,0.3259747
0,0.2861256
0,0.28430784
0,0.27513972
0,0.27658838
0,0.26916108
0,0.26582763
0,0.25800017
0,0.26224008
0,0.27924088
0,0.26567566
0,0.2734068
0,0.28589278
0,0.28082415
0,0.27397525
0,0.2799992
0,0.2730734
0,0.2618658
0,0.25968397
0,0.26705056
0,0.2616307
0,0.26603618
0,0.26930836
0,0.27467602
0,0.27978104
0,0.26797846
0,0.26675844
0,0.26238856
0,0.2617585
0,0.2691046
0,0.26473194
0,0.2785107
0,0.2668732
0,0.2729695
0,0.25923514
0,0.26403394
0,0.26013336
0,0.2715601
0,0.27104026
0,0.26934502
0,0.26272887
0,0.28106672
0,0.27576992
0,0.27632555
0,0.26949757
0,0.26661342
0,0.2701772
0,0.26892963
0,0.26168445
0,0.26195115
0,0.27098948
0,0.35259765
0,0.2950673
0,0.29675952
0,0.27749032
0,0.26799673
0,0.2627727
0,0.2553704
0,0.26917148
0,0.27144226
0,0.26857623
0,0.26870403
0,0.2702682
0,0.2633024
0,0.27450967
0,0.26423988
0,0.25907072
0,0.27576914
0,0.32871896
0,0.29109204
0,0.2828557
0,0.27985656
0,0.28372043
0,0.27744412
0,0.27166525
0,0.26859865
0,0.2629924
0,0.25981215
0,0.27288666
0,0.3091138
0,0.29139382
0,0.28179485
0,0.2788701
0,0.27052298
0,0.27185386
0,0.2616801
0,0.26453522
0,0.26589784
0,0.2628987
0,0.33143127
0,0.3107668
0,0.2900242
0,0.27032945
0,0.277634
0,0.26843312
0,0.26043114
0,0.2694019
0,0.2661638
0,0.26927054
0,0.31595638
0,0.28970435
0,0.2804242
0,0.27893153
0,0.2767501
0,0.26941183
0,0.2673993
0,0.26257476
0,0.26302657
0,0.27028862
0,0.265862
0,0.26730946
0,0.26447698
0,0.2815487
0,0.2680185
0,0.27353
0,0.26711094
0,0.31881204
0,0.28665814
0,0.274866
0,0.26897246
0,0.268676
0,0.2683294
0,0.26646838
0,0.2613785
0,0.28215128
0,0.26660565
0,0.27183312
0,0.27967244
0,0.27022788
0,0.26335564
0,0.26345864
0,0.2721583
0,0.26522335
0,0.2606343
0,0.2623916
0,0.25722274
0,0.26436985
0,0.32614958
0,0.28551656
0,0.27711388
0,0.2768176
0,0.26957166
0,0.26615196
0,0.27278358
0,0.2843754
0,0.26456195
0,0.2679176
0,0.26363674
0,0.2812582
0,0.26663852
0,0.2682198
0,0.26217988
0,0.25853735
0,0.25236067
0,0.2959971
0,0.26827428
0,0.267739
0,0.2632819
0,0.26344162
0,0.25798324
0,0.2689706
0,0.260597
0,0.2609032
0,0.26226133
0,0.26013836
0,0.26737484
0,0.2780266
0,0.26901683
0,0.26421863
0,0.2659658
0,0.2663723
0,0.27736446
0,0.28399548
0,0.27330217
0,0.2659695
0,0.32014948
0,0.30400786
0,0.28689146
0,0.27438948
0,0.27080706
0,0.28002277
0,0.28292534
0,0.29392815
0,0.26753446
0,0.2823382
0,0.26197138
0,0.26043752
0,0.25990972
0,0.26543447
0,0.2655991
0,0.26591367
0,0.25378552
0,0.26626754
0,0.2658956
0,0.27008685
0,0.2702677
0,0.27278498
0,0.26831508
0,0.26705107
0,0.26993537
0,0.2584394
0,0.25954956
0,0.2615823
0,0.28811398
0,0.26432684
0,0.26871574
0,0.2735998
0,0.2654197
0,0.26446983
0,0.26600298
0,0.25667885
0,0.25463238
0,0.2570301
0,0.2566805
0,0.25784436
0,0.25220388
0,0.24766904
0,0.2559939
0,0.24662425
0,0.24801196
0,0.28241414
0,0.26896068
0,0.27132025
0,0.25881007
0,0.2620997
0,0.2670647
0,0.25372624
0,0.2516057
0,0.24591474
0,0.25345334
0,0.2614193
0,0.2774465
0,0.26628467
0,0.25646013
0,0.26414588
0,0.26101837
0,0.2626266
0,0.26086017
0,0.25855413
0,0.2607938
0,0.2637566
0,0.29601
0,0.28190294
0,0.27735478
0,0.27800786
0,0.2613497
0,0.26700073
0,0.26309192
0,0.26605642
0,0.26248795
0,0.2629942
0,0.32710665
0,0.29161924
0,0.2825446
0,0.27834055
0,0.26904953
0,0.26362473
0,0.26162142
0,0.2568417
0,0.25774157
0,0.26129538
0,0.25704274
0,0.2595174
0,0.25665265
0,0.25927642
0,0.25690785
0,0.27198008
0,0.2647074
0,0.27920112
0,0.2785207
0,0.26814547
0,0.26201943
0,0.26253277
0,0.25742915
0,0.27183235
0,0.2607688
0,0.27128682
0,0.26516998
0,0.29181185
0,0.2693201
0,0.2647205
0,0.28008035
0,0.26489893
0,0.2647631
0,0.2617644
0,0.26011577
0,0.25182512
0,0.2574622
0,0.29715782
0,0.28488934
0,0.26885396
0,0.25977656
0,0.25766665
0,0.25679332
0,0.2598668
0,0.2514603
0,0.2560783
0,0.2626479
0,0.31919625
0,0.27552792
0,0.27085656
0,0.26884946
0,0.27363947
0,0.26243734
0,0.26528078
0,0.2672853
0,0.2616757
0,0.26588565
0,0.2603666
0,0.26337823
0,0.25896913
0,0.2671257
0,0.26934388
0,0.25842887
0,0.2694374
0,0.27351746
0,0.2629104
0,0.2566414
0,0.25579795
0,0.3078936
0,0.2811059
0,0.26597264
0,0.26771608
0,0.26700118
0,0.26783615
0,0.2569936
0,0.2667737
0,0.26406568
0,0.2660786
0,0.2628824
0,0.26880765
0,0.2721502
0,0.2709886
0,0.26650408
0,0.2654798
0,0.25485823
0,0.28259435
0,0.2596682
0,0.26251832
0,0.2603778
0,0.26047704
0,0.25989294
0,0.27331337
0,0.27154326
0,0.2592495
0,0.26379716
0,0.31956208
0,0.28139344
0,0.2786703
0,0.28084934
0,0.2784565
0,0.26671633
0,0.27302885
0,0.2707741
0,0.27317408
0,0.27143168
0,0.26975727
0,0.31725407
0,0.27406996
0,0.27307326
0,0.26809186
0,0.26357028
0,0.2541357
0,0.25376603
0,0.2869269
0,0.27717596
0,0.274515
0,0.27070406
0,0.2776756
0,0.27503127
0,0.2697384
0,0.26775947
0,0.27478307
0,0.2645685
0,0.30701506
0,0.29446685
0,0.28264314
0,0.2754783
0,0.2717287
0,0.2677142
0,0.2698833
0,0.26552612
0,0.25878114
0,0.2637622
0,0.26830035
0,0.26288506
0,0.25881863
0,0.25770903
0,0.26148525
0,0.25848398
0,0.2630385
0,0.26008588
0,0.2621099
0,0.2650417
0,0.26963055
0,0.29144546
0,0.28011513
0,0.26877347
0,0.27216533
0,0.26420566
0,0.26884255
0,0.26846302
0,0.2593084
0,0.26367837
0,0.27450112
0,0.3309095
0,0.29331005
0,0.282199
0,0.2885499
0,0.27589723
0,0.2694693
0,0.2643745
0,0.28087923
0,0.27362198
0,0.26517075
0,0.26614833
0,0.26515934
0,0.25809112
0,0.25665912
0,0.26014885
0,0.25875747
0,0.25886574
0,0.31858322
0,0.2822125
0,0.27560872
0,0.2693591
0,0.2677683
0,0.2588177
0,0.25995576
0,0.25997376
0,0.25931945
0,0.25794774
0,0.2655658
0,0.29261583
0,0.27122685
0,0.26679462
0,0.26277825
0,0.26075226
0,0.25743592
0,0.25675273
0,0.25599238
0,0.25544682
0,0.25083134
0,0.31299603
0,0.27532303
0,0.26897168
0,0.2731018
0,0.2634492
0,0.25917378
0,0.2566921
0,0.2565366
0,0.27051705
0,0.26673576
0,0.2598309
0,0.26289195
0,0.25596476
0,0.2605267
0,0.26206595
0,0.26714116
0,0.26940635
0,0.2692141
0,0.25855225
0,0.2663493
0,0.32336402
0,0.27775997
0,0.27944025
0,0.272141
0,0.26863402
0,0.2715776
0,0.26723808
0,0.25877318
0,0.26613158
0,0.2660042
0,0.2633901
0,0.26944903
0,0.26882192
0,0.26603687
0,0.26033068
0,0.25155273
0,0.24815413
0,0.2603524
0,0.2647072
0,0.26544717
0,0.26025897
0,0.25867385
0,0.25914377
0,0.25869855
0,0.2612134
0,0.2604081
0,0.25767407
0,0.2823365
0,0.27443957
0,0.25676507
0,0.25707728
0,0.26229906
0,0.2567435
0,0.26248056
0,0.26917773
0,0.26273245
0,0.2656823
0,0.3139788
0,0.2899494
0,0.27572602
0,0.27601698
0,0.2724276
0,0.27093643
0,0.26935354
0,0.26132268
0,0.26501757
0,0.26562628
0,0.3103486
0,0.27821764
0,0.2732209
0,0.27197152
0,0.27319762
0,0.26488578
0,0.2666308
0,0.26979062
0,0.25944027
0,0.26333612
0,0.2621857
0,0.2551999
0,0.2594026
0,0.26278627
0,0.2557115
0,0.74649537
0,0.53938806
0,0.4531613
0,0.38782784
0,0.344304
0,0.32140955
0,0.3002299
0,0.28426158
0,0.28562987
0,0.27521604
0,0.27024108
0,0.27522197
0,0.27976403
0,0.26177147
0,0.26241282
0,0.2598078
0,0.2522045
0,0.24803421
0,0.24069434
0,0.24878761
0,0.25517437
0,0.24321024
0,0.24303545
0,0.24800505
0,0.25132853
0,0.2629845
0,0.27694345
0,0.2620465
0,0.25988656
0,0.25626248
0,0.26465583
0,0.27550212
0,0.2680411
0,0.2647768
0,0.2604582
0,0.26133212
0,0.28628486
0,0.28392184
0,0.26880974
0,0.26240176
0,0.26044375
0,0.2704492
0,0.2800969
0,0.2807946
0,0.2658822
0,0.25993365
0,0.30342713
0,0.32821703
0,0.29524016
0,0.27678946
0,0.27314845
0,0.26739076
0,0.27483836
0,0.26251563
0,0.26251563
0,0.27078718
0,0.34429818
0,0.28594324
0,0.27338612
0,0.2681951
0,0.26530263
0,0.26081824
0,0.2686822
0,0.27273306
0,0.26768038
0,0.26157224
0,0.26690394
0,0.2604584
0,0.25742182
0,0.25420493
0,0.25374815
0,0.26424858
0,0.62152666
0,0.5313615
0,0.40270624
0,0.35529014
0,0.31616384
0,0.3062052
0,0.27820805
0,0.41952893
0,0.44291002
0,0.352417
0,0.3193929
0,0.28475574
0,0.2810058
0,0.26896146
0,0.24661125
0,0.22950855
0,0.20693578
0,0.17994054
0,0.17167085
0,0.16702788
0,0.16604835
0,0.16499856
0,0.18639252
0,0.20218201
0,0.20545192
0,0.20584333
0,0.21277879
0,0.22936963
0,0.23444043
0,0.25331363
0,0.26594552
0,0.27018592
0,0.2655238
0,0.26911622
0,0.2639596
0,0.26284742
0,0.2538921
0,0.24777946
0,0.25331977
0,0.27749705
0,0.25573614
0,0.25863266
0,0.2576671
0,0.2616012
0,0.25712335
0,0.2554796
0,0.25747705
0,0.25708485
0,0.26231048
0,0.33036798
0,0.2836407
0,0.28345516
0,0.27252296
0,0.27268258
0,0.2709488
0,0.26296937
0,0.25872397
0,0.2764155
0,0.2694574
0,0.26970696
0,0.3087908
0,0.28572586
0,0.27530742
0,0.26998892
0,0.26961914
0,0.26544812
0,0.26153558
0,0.2801386
0,0.26274085
0,0.269338
0,0.26651374
0,0.26356775
0,0.26622286
0,0.27756152
0,0.26924342
0,0.27216235
0,0.27115178
0,0.32966876
0,0.28485724
0,0.2709291
0,0.2700547
0,0.2579553
0,0.2613708
0,0.25276452
0,0.25685313
0,0.25995752
0,0.2596951
0,0.25299966
0,0.29388118
0,0.26848093
0,0.2701115
0,0.26980653
0,0.26377836
0,0.25885382
0,0.2584952
0,0.24893892
0,0.25369793
0,0.27212393
0,0.25681278
0,0.25433955
0,0.2756016
0,0.2654495
0,0.27493665
0,0.26618886
0,0.26142702
0,0.29399636
0,0.27059463
0,0.2665889
0,0.26154792
0,0.25719577
0,0.2562225
0,0.2571575
0,0.26786178
0,0.2715623
0,0.2619918
0,0.33123487
0,0.2873791
0,0.27658388
0,0.27162096
0,0.26184478
0,0.25869015
0,0.2580908
0,0.25458366
0,0.2544396
0,0.2562137
0,0.2665429
0,0.29632452
0,0.2823069
0,0.27334684
0,0.2560587
0,0.26850685
0,0.25426325
0,0.2548011
0,0.24792509
0,0.2534723
0,0.2606159
0,0.25779545
0,0.25454628
0,0.25859132
0,0.26160428
0,0.26222688
0,0.2684248
0,0.25546405
0,0.29448718
0,0.27184057
0,0.2611982
0,0.2606208
0,0.24722241
0,0.25257516
0,0.24153927
0,0.24322556
0,0.2511561
0,0.2511167
0,0.31298435
0,0.26867837
0,0.2632549
0,0.2690486
0,0.2587525
0,0.2650012
0,0.26237532
0,0.25589296
0,0.266107
0,0.2695585
0,0.26504186
0,0.26554888
0,0.26225778
0,0.26474097
0,0.26283592
0,0.26330608
0,0.25222537
0,0.25961944
0,0.2739865
0,0.27100825
0,0.25864947
0,0.32989118
0,0.28701633
0,0.29628316
0,0.29171056
0,0.28166854
0,0.27191535
0,0.27403033
0,0.31089285
0,0.28208128
0,0.2764466
0,0.2726174
0,0.3346901
0,0.32566112
0,0.2945966
0,0.28614834
0,0.2772291
0,0.26696172
0,0.31212708
0,0.283302
0,0.27798584
0,0.26979953
0,0.27523473
0,0.272089
0,0.27635196
0,0.28050363
0,0.27002105
0,0.27776206
0,0.27334258
0,0.27274716
0,0.27146733
0,0.2631665
0,0.26598805
0,0.2677172
0,0.27556187
0,0.26282704
0,0.2595974
0,0.25679877
0,0.27578145
0,0.26922542
0,0.26013294
0,0.26252735
0,0.26590583
0,0.26121908
0,0.27026445
0,0.2696048
0,0.26175088
0,0.25643957
0,0.2520564
0,0.30035964
0,0.2758326
0,0.2664364
0,0.2650881
0,0.26526383
0,0.26373437
0,0.25732297
0,0.26671693
0,0.26295954
0,0.25862715
0,0.26080328
0,0.26007634
0,0.25951532
0,0.25809738
0,0.25912932
0,0.25791425
0,0.2617797
0,0.2649287
0,0.2759783
0,0.25856984
0,0.26025036
0,0.2622706
0,0.26754647
0,0.25671288
0,0.25783852
0,0.255359
0,0.25608382
0,0.2546092
0,0.3205378
0,0.27312693
0,0.2692202
0,0.26350582
0,0.26076585
0,0.25781718
0,0.26420552
0,0.2751595
0,0.2639958
0,0.2641945
0,0.26106352
0,0.2514319
0,0.25291896
0,0.2559705
0,0.2637854
0,0.2563281
0,0.2540549
0,0.31482014
0,0.2721432
0,0.26994154
0,0.26268554
0,0.2627957
0,0.26047748
0,0.2516084
0,0.25527477
0,0.25780523
0,0.26706305
0,0.25267306
0,0.26130506
0,0.24605149
0,0.2564734
0,0.24738444
0,0.25413054
0,0.25284824
0,0.26238993
0,0.2547353
0,0.25617197
0,0.25463971
0,0.25464737
0,0.24675167
0,0.24959199
0,0.24359685
0,0.24337965
0,0.24215014
0,0.24573825
0,0.24394363
0,0.24643537
0,0.2604078
0,0.2668479
0,0.26025847
0,0.2662013
0,0.24954276
0,0.25056282
0,0.24310015
0,0.24538855
0,0.23775831
0,0.2632278
0,0.2587963
0,0.28684855
0,0.27234167
0,0.26928586
0,0.26946837
0,0.26634285
0,0.24983385
0,0.25074005
0,0.24634376
0,0.25882512
0,0.257789
0,0.32605007
0,0.29629865
0,0.27369645
0,0.27439317
0,0.26143464
0,0.25173753
0,0.26208794
0,0.26730978
0,0.2766413
0,0.26745304
0,0.26599312
0,0.26745415
0,0.26735407
0,0.25260845
0,0.26697224
0,0.26255518
0,0.2542137
0,0.32440424
0,0.2869499
0,0.27484864
0,0.26952666
0,0.26594546
0,0.26433837
0,0.26350045
0,0.26489595
0,0.2634709
0,0.26796913
0,0.260707
0,0.31072626
0,0.2791807
0,0.27045926
0,0.27758485
0,0.2740075
0,0.25838566
0,0.26704103
0,0.2615811
0,0.26829344
0,0.25854397
0,0.25952157
0,0.25849667
0,0.2635295
0,0.26912683
0,0.26770908
0,0.2615249
0,0.26539168
0,0.31161687
0,0.28102797
0,0.2696744
0,0.27027234
0,0.267824
0,0.25929317
0,0.25763142
0,0.26616845
0,0.26293275
0,0.25518343
0,0.25927368
0,0.2744683
0,0.25848323
0,0.26155096
0,0.2608507
0,0.265995
0,0.26104406
0,0.2558669
0,0.258419
0,0.25887015
0,0.24531649
0,0.30789
0,0.2709309
0,0.27014947
0,0.26248488
0,0.26228094
0,0.2605967
0,0.2619756
0,0.27866971
0,0.27007756
0,0.26653764
0,0.2588181
0,0.25410956
0,0.26239085
0,0.2528578
0,0.25438747
0,0.25984317
0,0.2555982
0,0.29264444
0,0.2688799
0,0.2614386
0,0.25876227
0,0.2505967
0,0.26026618
0,0.2520439
0,0.25201985
0,0.24795307
0,0.2497264
0,0.32412925
0,0.28300905
0,0.27374417
0,0.28153652
0,0.26145387
0,0.26017126
0,0.25048205
0,0.25212392
0,0.25157094
0,0.2506357
0,0.25454283
0,0.27002904
0,0.27343276
0,0.26540756
0,0.2537337
0,0.25740364
0,0.2572387
0,0.2581611
0,0.25058427
0,0.24892479
0,0.24602494
0,0.2821127
0,0.2658385
0,0.26134443
0,0.2479793
0,0.25311196
0,0.24942404
0,0.25129682
0,0.2463051
0,0.24564353
0,0.24464883
0,0.2823237
0,0.2555756
0,0.25510123
0,0.25576407
0,0.25175917
0,0.25231203
0,0.26025814
0,0.26396823
0,0.26541138
0,0.2552051
0,0.30166537
0,0.26787898
0,0.26248
0,0.2609148
0,0.25631934
0,0.2538019
0,0.2513721
0,0.25238353
0,0.25583005
0,0.2500727
0,0.32297015
0,0.28563517
0,0.27810454
0,0.2767499
0,0.26320747
0,0.2582772
0,0.27419612
0,0.29942816
0,0.27017963
0,0.26922488
0,0.26692453
0,0.25874838
0,0.26941797
0,0.27971587
0,0.28273198
0,0.26432237
0,0.26965022
0,0.31750137
0,0.28374147
0,0.2760985
0,0.28082407
0,0.2672329
0,0.27641273
0,0.273095
0,0.26618427
0,0.2678246
0,0.27660275
0,0.2616041
0,0.29098576
0,0.27905998
0,0.26926604
0,0.27444234
0,0.2742933
0,0.2563532
0,0.26223335
0,0.25340953
0,0.26370615
0,0.2593781
0,0.3337849
0,0.30100858
0,0.28886956
0,0.27750826
0,0.27133563
0,0.2765096
0,0.27508533
0,0.3154367
0,0.29371846
0,0.3000452
0,0.29007366
0,0.26457512
0,0.27242777
0,0.2639053
0,0.26751497
0,0.25707456
0,0.27014053
0,0.2536355
0,0.26577666
0,0.26250252
0,0.26490784
0,0.25790638
0,0.2593556
0,0.25529817
0,0.2594113
0,0.26735264
0,0.27296624
0,0.26381123
0,0.30497366
0,0.27449542
0,0.27892315
0,0.27246642
0,0.2622348
0,0.25810033
0,0.26134795
0,0.26271823
0,0.2622662
0,0.26682624
0,0.27809644
0,0.2675945
0,0.27855736
0,0.26645684
0,0.26501969
0,0.26081863
0,0.26422104
0,0.2991307
0,0.27438098
0,0.26326087
0,0.26286596
0,0.26125535
0,0.2588734
0,0.25416562
0,0.2599114
0,0.26034448
0,0.25672838
0,0.32379445
0,0.28498578
0,0.27107108
0,0.26573414
0,0.25599903
0,0.26079458
0,0.25424328
0,0.26742837
0,0.25617146
0,0.2586887
0,0.26175636
0,0.27208176
0,0.25811282
0,0.2596145
0,0.2539485
0,0.25108215
0,0.25517064
0,0.25482222
0,0.2525536
0,0.2537714
0,0.26079676
0,0.25433254
0,0.2543868
0,0.25178236
0,0.24451925
0,0.24737953
0,0.24396373
0,0.25485578
0,0.2881012
0,0.26486427
0,0.25985166
0,0.26388803
0,0.25393394
0,0.25200653
0,0.25027817
0,0.24473944
0,0.24485412
0,0.2567603
0,0.29465765
0,0.27571326
0,0.26704124
0,0.25855023
0,0.25663286
0,0.2625533
0,0.25363034
0,0.26330867
0,0.25714183
0,0.26773414
0,0.3301511
0,0.2975882
0,0.26968864
0,0.2631607
0,0.25237128
0,0.2513532
0,0.24251446
0,0.24327195
0,0.24553958
0,0.24297695
0,0.26291433
0,0.30582628
0,0.281528
0,0.2782322
0,0.26334566
0,0.26385674
0,0.27103525
0,0.2571033
0,0.2862061
0,0.27070168
0,0.2717982
0,0.2690943
0,0.27648026
0,0.2660137
0,0.2574661
0,0.25832716
0,0.25719658
0,0.25850317
0,0.31415915
0,0.28142625
0,0.26746067
0,0.27624506
0,0.279964
0,0.2662645
0,0.25986278
0,0.26590598
0,0.26774788
0,0.26795623
0,0.34396896
0,0.29374644
0,0.28083435
0,0.28026515
0,0.26598036
0,0.26903445
0,0.25525212
0,0.2632208
0,0.2744484
0,0.2624477
0,0.25434723
0,0.2770891
0,0.25175744
0,0.25221872
0,0.25791538
0,0.25852334
0,0.25183484
0,0.2541591
0,0.25688252
0,0.25283322
0,0.24399376
0,0.331945
0,0.2811705
0,0.2757246
0,0.267903
0,0.26587096
0,0.26192975
0,0.26630935
0,0.295273
0,0.27742875
0,0.26545554
0,0.263661
0,0.25612596
0,0.25786698
0,0.25546438
0,0.25590372
0,0.26426306
0,0.2589264
0,0.2556214
0,0.26437348
0,0.24632962
0,0.25288337
0,0.24684146
0,0.25064653
0,0.24853593
0,0.25038156
0,0.2492064
0,0.25027406
0,0.2470982
0,0.24888115
0,0.24539271
0,0.2507877
0,0.24629553
0,0.24737407
0,0.24544796
0,0.25095153
0,0.3233967
0,0.27391508
0,0.26802433
0,0.2659203
0,0.2636353
0,0.26189032
0,0.26331875
0,0.2557374
0,0.2526261
0,0.26434276
0,0.25636247
0,0.30533692
0,0.2935661
0,0.2733318
0,0.26859125
0,0.2631704
0,0.25358683
0,0.25609383
0,0.2968671
0,0.27330887
0,0.2602502
0,0.2545086
0,0.2577287
0,0.26393536
0,0.26219875
0,0.25249255
0,0.255427
0,0.25492907
0,0.2469138
0,0.2861424
0,0.25948095
0,0.25780657
0,0.2595688
0,0.26287195
0,0.2578605
0,0.2546616
0,0.25337443
0,0.25370616
0,0.25510728
0,0.25140095
0,0.25315717
0,0.25732228
0,0.267983
0,0.25595304
0,0.2566806
0,0.25184938
0,0.2860153
0,0.27657852
0,0.2599723
0,0.2653837
0,0.25906518
0,0.26629022
0,0.2511212
0,0.2581915
0,0.26103187
0,0.26015934
0,0.3193937
0,0.28097856
0,0.26692465
0,0.27097967
0,0.27919495
0,0.2729432
0,0.2610286
0,0.25929275
0,0.25446805
0,0.26392907
0,0.26534623
0,0.2863817
0,0.274159
0,0.2685492
0,0.26041237
0,0.2623939
0,0.25442412
0,0.2657484
0,0.26986966
0,0.26529852
0,0.25429553
0,0.31424317
0,0.28459135
0,0.28137958
0,0.27620286
0,0.2827643
0,0.278714
0,0.2821527
0,0.27638412
0,0.2867317
0,0.26619005
0,0.27487344
0,0.2576834
0,0.26624942
0,0.2525729
0,0.2620133
0,0.24955852
0,0.2593593
0,0.2918084
0,0.27455288
0,0.26765364
0,0.25362474
0,0.25662455
0,0.25303042
0,0.25375724
0,0.25851816
0,0.25794888
0,0.2523128
0,0.30880663
0,0.2772527
0,0.26794994
0,0.2678593
0,0.2683122
0,0.2573185
0,0.2557774
0,0.26009458
0,0.25727075
0,0.25814772
0,0.25363284
0,0.25632337
0,0.25253153
0,0.2548954
0,0.2550943
0,0.25684193
0,0.251766
0,0.25404206
0,0.25214526
0,0.2542616
0,0.24791346
0,0.29836076
0,0.2695445
0,0.26972413
0,0.27425018
0,0.2699557
0,0.2616396
0,0.25467747
0,0.25433975
0,0.2537036
0,0.24672125
0,0.26403043
0,0.25329652
0,0.25879776
0,0.2568908
0,0.25309488
0,0.27211702
0,0.25832874
0,0.3225475
0,0.27760896
0,0.26618
0,0.26677665
0,0.26041618
0,0.25575414
0,0.25423157
0,0.25700867
0,0.24811022
0,0.2545672
0,0.26570702
0,0.32789308
0,0.28304628
0,0.2745952
0,0.27205998
0,0.26063296
0,0.26311323
0,0.26025113
0,0.29995978
0,0.27358937
0,0.26567718
0,0.2620297
0,0.26434872
0,0.27191976
0,0.25936344
0,0.25294393
0,0.25205752
0,0.2615099
0,0.25341275
0,0.2648376
0,0.25774494
0,0.2549396
0,0.25540367
0,0.26096076
0,0.26718533
0,0.26660722
0,0.25867966
0,0.2502973
0,0.24920595
0,0.31588125
0,0.27171823
0,0.26961628
0,0.2611276
0,0.2650263
0,0.26846343
0,0.26548544
0,0.31769004
0,0.27719498
0,0.28246054
0,0.2724803
0,0.26164454
0,0.2630772
0,0.2544354
0,0.2506804
0,0.24925965
0,0.2535761
0,0.2568402
0,0.29401597
0,0.26388577
0,0.26288787
0,0.25376865
0,0.2576785
0,0.26319724
0,0.2664846
0,0.2712224
0,0.26678753
0,0.2646772
0,0.32502347
0,0.2797324
0,0.28122234
0,0.27250323
0,0.27350494
0,0.2720778
0,0.27207717
0,0.2604833
0,0.26642764
0,0.26529938
0,0.27386704
0,0.2557634
0,0.26870617
0,0.2664566
0,0.26953268
0,0.26281947
0,0.2596418
0,0.30824035
0,0.2806828
0,0.27890867
0,0.27307695
0,0.2660932
0,0.2630963
0,0.26137668
0,0.25756368
0,0.26274836
0,0.260537
0,0.25719547
0,0.281554
0,0.27880856
0,0.2691925
0,0.26661202
0,0.26403767
0,0.26263037
0,0.26201588
0,0.2789955
0,0.26658124
0,0.27285206
0,0.26555684
0,0.26002607
0,0.2593507
0,0.2550848
0,0.25607064
0,0.25132477
0,0.25302863
0,0.3016261
0,0.27190566
0,0.26776505
0,0.26731703
0,0.26254195
0,0.2585233
0,0.26549688
0,0.25862238
0,0.25659242
0,0.25454167
0,0.32590184
0,0.2839535
0,0.2758047
0,0.2816713
0,0.26304635
0,0.26044166
0,0.25602907
0,0.25411987
0,0.25072652
0,0.25600302
0,0.25351924
0,0.2772082
0,0.26503575
0,0.26199466
0,0.2600645
0,0.25494593
0,0.25400656
0,0.27190694
0,0.25441635
0,0.25839028
0,0.25395626
0,0.31504437
0,0.2738586
0,0.2703523
0,0.2669288
0,0.26434502
0,0.25589916
0,0.2573651
0,0.25021294
0,0.253826
0,0.2530183
0,0.3281269
0,0.28021598
0,0.27220815
0,0.27360046
0,0.27354047
0,0.27699438
0,0.2689208
0,0.2814708
0,0.2603628
0,0.2554686
0,0.26337278
0,0.25649166
0,0.2615399
0,0.25649044
0,0.25362152
0,0.25123483
0,0.2500699
0,0.24514298
0,0.25870237
0,0.25285807
0,0.25375435
0,0.2497192
0,0.24830523
0,0.24005072
0,0.24569096
0,0.23982501
0,0.24453804
0,0.2458472
0,0.25962698
0,0.25072813
0,0.25378242
0,0.24699439
0,0.26014102
0,0.25187913
0,0.25575915
0,0.2489844
0,0.2630952
0,0.251623
0,0.29359165
0,0.26744312
0,0.26435217
0,0.25929615
0,0.25838485
0,0.3328258
0,0.29629707
0,0.27765074
0,0.27461225
0,0.27181992
0,0.3437605
0,0.28663182
0,0.27774525
0,0.27411735
0,0.27525052
0,0.26323187
0,0.2702189
0,0.31450254
0,0.28830904
0,0.26463255
0,0.27263784
0,0.25813666
0,0.26998156
0,0.25950837
0,0.2581065
0,0.2566955
0,0.2559754
0,0.26003698
0,0.27494356
0,0.2578708
0,0.26409462
0,0.26200113
0,0.2647886
0,0.25984868
0,0.2638788
0,0.26131535
0,0.25636867
0,0.25734866
0,0.3324578
0,0.28751898
0,0.28479195
0,0.28186685
0,0.2704871
0,0.27079484
0,0.2669003
0,0.32438168
0,0.29655093
0,0.27959466
0,0.28236738
0,0.27010673
0,0.2684147
0,0.26939666
0,0.26716962
0,0.26103887
0,0.2630091
0,0.25590858
0,0.30009866
0,0.2766559
0,0.2696014
0,0.27180865
0,0.27002266
0,0.2663943
0,0.2637741
0,0.27100906
0,0.26275057
0,0.27749225
0,0.26809233
0,0.26545006
0,0.26066217
0,0.2566862
0,0.2589842
0,0.2518514
0,0.25318727
0,0.29275322
0,0.27781594
0,0.26521736
0,0.26080915
0,0.2546657
0,0.25817263
0,0.25396562
0,0.26573282
0,0.25162187
0,0.25890863
0,0.32331198
0,0.2805128
0,0.26924258
0,0.27506393
0,0.28212023
0,0.26741117
0,0.26232985
0,0.2700656
0,0.25991094
0,0.26255867
0,0.2537231
0,0.27853355
0,0.26005292
0,0.2560716
0,0.25227916
0,0.24960728
0,0.2506765
0,0.25365505
0,0.24526168
0,0.245306
0,0.24641855
0,0.2806861
0,0.26277643
0,0.26078594
0,0.2684299
0,0.26931155
0,0.26037604
0,0.2664424
0,0.2574203
0,0.25547603
0,0.25131044
0,0.26729783
0,0.2505573
0,0.26346007
0,0.2524875
0,0.25115997
0,0.24750924
0,0.27578276
0,0.2665125
0,0.2658467
0,0.26716697
0,0.32753554
0,0.2843024
0,0.2809245
0,0.27624664
0,0.27232608
0,0.26175493
0,0.26507124
0,0.27956635
0,0.26959923
0,0.26205128
0,0.27329305
0,0.2693154
0,0.269442
0,0.2611453
0,0.26290905
0,0.25413847
0,0.25849453
0,0.29681665
0,0.27793774
0,0.27200532
0,0.27105713
0,0.26805964
0,0.25737858
0,0.26748812
0,0.25518948
0,0.258673
0,0.25776482
0,0.31846976
0,0.2823008
0,0.27458984
0,0.2683264
0,0.27643782
0,0.28055093
0,0.27256063
0,0.27402306
0,0.270544
0,0.26661286
0,0.26844844
0,0.29573566
0,0.27770832
0,0.27686664
0,0.26946902
0,0.27197972
0,0.2676998
0,0.27783257
0,0.27474353
0,0.2774397
0,0.266831
0,0.32856122
0,0.28757766
0,0.28399777
0,0.2806271
0,0.27759537
0,0.2707244
0,0.27291566
0,0.26400775
0,0.26826125
0,0.27705923
0,0.27461308
0,0.26419574
0,0.25958562
0,0.26421243
0,0.26720637
0,0.26044685
0,0.26372778
0,0.28879392
0,0.27362472
0,0.26768216
0,0.268006
0,0.26748666
0,0.26526508
0,0.25768703
0,0.26145577
0,0.25917956
0,0.26100215
0,0.3261986
0,0.28484175
0,0.27588168
0,0.28102013
0,0.27024716
0,0.26726323
0,0.26210254
0,0.26866433
0,0.25741264
0,0.26058462
0,0.25693458
0,0.2721072
0,0.26874623
0,0.2727585
0,0.2625715
0,0.26297125
0,0.2543654
0,0.27144852
0,0.26247716
0,0.26578948
0,0.25719342
0,0.28950292
0,0.26262006
0,0.26276544
0,0.25607786
0,0.25803226
0,0.26141936
0,0.25764295
0,0.25033358
0,0.25775066
0,0.25754663
0,0.29611582
0,0.2645501
0,0.26232377
0,0.2587505
0,0.25815734
0,0.25767812
0,0.25520417
0,0.24933782
0,0.2551436
0,0.25609294
0,0.3271852
0,0.2811701
0,0.27096274
0,0.26715642
0,0.2609566
0,0.28151843
0,0.27971962
0,0.26516852
0,0.26142314
0,0.25427246
0,0.271401
0,0.26261654
0,0.2622935
0,0.25954923
0,0.2596397
0,0.24963558
0,0.25540534
0,0.26321152
0,0.270457
0,0.26030886
0,0.2594185
0,0.25360996
0,0.25878114
0,0.25543815
0,0.2612139
0,0.26901445
0,0.26426935
0,0.29946873
0,0.2727796
0,0.274237
0,0.26425582
0,0.27313
0,0.26913482
0,0.26022556
0,0.26437268
0,0.26398742
0,0.25844577
0,0.25571567
0,0.25855353
0,0.2505458
0,0.25213608
0,0.25013655
0,0.24980453
0,0.2558495
0,0.259175
0,0.26076353
0,0.2797463
0,0.27127668
0,0.2832056
0,0.26151383
0,0.275175
0,0.26663476
0,0.27090412
0,0.2771071
0,0.2723465
0,0.28280538
0,0.2770364
0,0.25997293
0,0.2653199
0,0.25546438
0,0.26332694
0,0.25171754
0,0.2674157
0,0.25391108
0,0.26765552
0,0.27037278
0,0.26990968
0,0.26420602
0,0.26306635
0,0.27348772
0,0.26508275
0,0.27524638
0,0.27160603
0,0.26865482
0,0.26420632
0,0.31339025
0,0.27323192
0,0.27765733
0,0.27660877
0,0.26939714
0,0.26414597
0,0.26170146
0,0.26752123
0,0.2615988
0,0.2674011
0,0.26271412
0,0.26703668
0,0.25869048
0,0.26571214
0,0.25807506
0,0.25625584
0,0.2643965
0,0.26042902
0,0.25552714
0,0.26347542
0,0.256668
0,0.30313975
0,0.26153275
0,0.27024454
0,0.26505843
0,0.27375734
0,0.26077068
0,0.26071268
0,0.25598446
0,0.2633597
0,0.2571686
0,0.26310194
0,0.25522763
0,0.26083186
0,0.25924072
0,0.25324202
0,0.25010362
0,0.25725225
0,0.31143257
0,0.2714424
0,0.26577318
0,0.2604082
0,0.25495827
0,0.26233742
0,0.2575163
0,0.25921297
0,0.25120288
0,0.25555205
0,0.25517842
0,0.25604397
0,0.25291318
0,0.25416887
0,0.25816825
0,0.26040906
0,0.25488475
0,0.25830477
0,0.26982397
0,0.26108238
0,0.25520575
0,0.27270627
0,0.26069355
0,0.25938565
0,0.25634113
0,0.25963235
0,0.25991526
0,0.25776398
0,0.27905414
0,0.2710203
0,0.2562943
0,0.3106213
0,0.2725131
0,0.267825
0,0.27447605
0,0.2701706
0,0.31841907
0,0.27608663
0,0.2679174
0,0.27641627
0,0.2639778
0,0.26469105
0,0.27222183
0,0.26295355
0,0.25717473
0,0.25483662
0,0.2545705
0,0.26845407
0,0.270733
0,0.2693092
0,0.26046318
0,0.257376
0,0.25474465
0,0.25203544
0,0.25166526
0,0.25446013
0,0.25310186
0,0.25569707
0,0.2901214
0,0.26996025
0,0.261517
0,0.26004767
0,0.25396717
0,0.24976763
0,0.2593335
0,0.25585917
0,0.24960032
0,0.25231406
0,0.28225636
0,0.27984995
0,0.26591855
0,0.2634689
0,0.28233635
0,0.2743668
0,0.26186588
0,0.2625352
0,0.24850723
0,0.25200862
0,0.30701745
0,0.27091742
0,0.27240476
0,0.25660953
0,0.26429346
0,0.2578836
0,0.25312775
0,0.26231554
0,0.26365095
0,0.26486441
0,0.26532152
0,0.27313417
0,0.2579284
0,0.26537535
0,0.26215318
0,0.27201992
0,0.27075657
0,0.25835422
0,0.26810592
0,0.2677688
0,0.2752828
0,0.27580076
0,0.26768917
0,0.26979288
0,0.26704353
0,0.2680785
0,0.2724935
0,0.26792553
0,0.26159135
0,0.26184347
0,0.2684739
0,0.3005229
0,0.2754937
0,0.28073335
0,0.27791047
0,0.26920497
0,0.26618996
0,0.26370382
0,0.26042783
0,0.26303145
0,0.2566544
0,0.3073871
0,0.2733474
0,0.27690694
0,0.2660227
0,0.2635763
0,0.25736192
0,0.25721747
0,0.25752795
0,0.26324913
0,0.2568166
0,0.26347387
0,0.2541938
0,0.257137
0,0.25496295
0,0.25275025
0,0.26864055
0,0.26975507
0,0.26240644
0,0.26594025
0,0.26423725
0,0.26602644
0,0.2650732
0,0.26151568
0,0.26063997
0,0.25986505
0,0.2555348
0,0.26520568
0,0.29464316
0,0.27750272
0,0.26277542
0,0.26779854
0,0.25986162
0,0.2646967
0,0.25391763
0,0.26272008
0,0.26315433
0,0.26219708
0,0.30035204
0,0.2815024
0,0.26669765
0,0.26717842
0,0.25781426
0,0.26196048
0,0.25895092
0,0.2604438
0,0.2559398
0,0.25862893
0,0.2489861
0,0.2532881
0,0.25892562
0,0.25966665
0,0.25591084
0,0.26090887
0,0.28559956
0,0.2712072
0,0.26552022
0,0.26089498
0,0.2593543
0,0.2853591
0,0.28050715
0,0.26628047
0,0.2635954
0,0.26446664
0,0.25707072
0,0.25543526
0,0.25586605
0,0.26588804
0,0.2585123
0,0.29661855
0,0.272323
0,0.27853844
0,0.2630653
0,0.27244127
0,0.2634232
0,0.26186937
0,0.26804394
0,0.2623382
0,0.2576439
0,0.27462506
0,0.26100442
0,0.26865676
0,0.26860276
0,0.2616662
0,0.25691524
0,0.25681043
0,0.2684318
0,0.26779237
0,0.2679029
0,0.29680082
0,0.2696984
0,0.3059716
0,0.27496278
0,0.27621365
0,0.26568162
0,0.26282918
0,0.2654836
0,0.2590766
0,0.2540492
0,0.3107011
0,0.2830119
0,0.2691879
0,0.26441732
0,0.25949767
0,0.25598192
0,0.2563485
0,0.25410613
0,0.25314045
0,0.24867453
0,0.2582942
0,0.27701455
0,0.2824887
0,0.27502257
0,0.27131802
0,0.27362055
0,0.2617705
0,0.3003231
0,0.27961847
0,0.26358157
0,0.2593106
0,0.26675773
0,0.27310482
0,0.27100042
0,0.28607398
0,0.2715489
0,0.27119526
0,0.26625723
0,0.289117
0,0.27784914
0,0.2727519
0,0.27024612
0,0.27126715
0,0.26623464
0,0.27071995
0,0.2677201
0,0.2633858
0,0.26336974
0,0.2606958
0,0.26404247
0,0.26011983
0,0.2584699
0,0.26120457
0,0.24855486
0,0.26764777
0,0.30905372
0,0.286831
0,0.2753628
0,0.2798796
0,0.2762134
0,0.28598538
0,0.27426594
0,0.2736505
0,0.26478046
0,0.2636882
0,0.31713468
0,0.2809976
0,0.27662697
0,0.27856058
0,0.26886803
0,0.27028674
0,0.26822352
0,0.27261114
0,0.26514402
0,0.26187703
0,0.26239508
0,0.26453868
0,0.2676561
0,0.26563883
0,0.2688388
0,0.27265817
0,0.2601792
0,0.2566514
0,0.25983664
0,0.26870233
0,0.26389247
0,0.2861293
0,0.27671105
0,0.2702932
0,0.28407195
0,0.2715274
0,0.27634424
0,0.2684191
0,0.27041352
0,0.2659864
0,0.2778766
0,0.2589576
0,0.27968618
0,0.26697442
0,0.26477432
0,0.26662946
0,0.26636958
0,0.26259652
0,0.31494582
0,0.2785804
0,0.26596957
0,0.26504672
0,0.25906962
0,0.26141706
0,0.25808674
0,0.26409703
0,0.27707124
0,0.27133316
0,0.34021938
0,0.2881756
0,0.28223667
0,0.28519395
0,0.26834494
0,0.26465842
0,0.257803
0,0.25610757
0,0.27332258
0,0.27351457
0,0.25819078
0,0.27292946
0,0.28070188
0,0.26880863
0,0.26668632
0,0.2633687
0,0.2634443
0,0.2605104
0,0.26092896
0,0.26880217
0,0.26217487
0,0.2951789
0,0.2719171
0,0.27660513
0,0.2684638
0,0.2755925
0,0.27854726
0,0.2760915
0,0.27139002
0,0.26251256
0,0.26106167
0,0.29898176
0,0.27406943
0,0.2660008
0,0.27266413
0,0.26381755
0,0.26523134
0,0.258859
0,0.25959963
0,0.2550599
0,0.25409052
0,0.28712037
0,0.26126766
0,0.25364828
0,0.2550984
0,0.2601214
0,0.2689798
0,0.26567763
0,0.27354485
0,0.27351224
0,0.27163732
0,0.32842878
0,0.28420773
0,0.27887413
0,0.26350638
0,0.2627929
0,0.25620377
0,0.27281404
0,0.29610988
0,0.28512162
0,0.27900696
0,0.27277428
0,0.25819674
0,0.26219267
0,0.26751712
0,0.2641469
0,0.26960728
0,0.2661058
0,0.32010773
0,0.28662825
0,0.2665259
0,0.27108124
0,0.255982
0,0.26143208
0,0.26478478
0,0.26149395
0,0.26422754
0,0.26219922
0,0.25833425
0,0.26133618
0,0.2661215
0,0.26224184
0,0.26918733
0,0.26720047
0,0.26357937
0,0.25290453
0,0.26243278
0,0.25800464
0,0.25879988
0,0.270728
0,0.26780465
0,0.2697495
0,0.26568115
0,0.26578072
0,0.26306054
0,0.26916867
0,0.26336983
0,0.25939366
0,0.24961238
0,0.3166564
0,0.28862047
0,0.2761903
0,0.2834654
0,0.32714915
0,0.2866633
0,0.28336108
0,0.3205396
0,0.2912111
0,0.28389776
0,0.27986646
0,0.2757382
0,0.2740988
0,0.2654705
0,0.27637607
0,0.25656006
0,0.2559943
0,0.25974184
0,0.26080832
0,0.26696292
0,0.26852697
0,0.26768562
0,0.2653547
0,0.27468026
0,0.27176884
0,0.26155934
0,0.26688185
0,0.26267028
0,0.28006998
0,0.27127585
0,0.27165812
0,0.26471016
0,0.26346
0,0.27004436
0,0.26368928
0,0.25941813
0,0.25890288
0,0.25625718
0,0.30391383
0,0.27421993
0,0.27221185
0,0.28249982
0,0.2700814
0,0.26641768
0,0.27699253
0,0.26789978
0,0.26277733
0,0.2591639
0,0.25794038
0,0.26412326
0,0.25769246
0,0.25441137
0,0.25698328
0,0.26127484
0,0.25594884
0,0.2771733
0,0.26212427
0,0.26487744
0,0.26247415
0,0.2629155
0,0.26170912
0,0.2568363
0,0.25886515
0,0.27542105
0,0.26581004
0,0.33194336
0,0.2801995
0,0.28244665
0,0.27284914
0,0.26594275
0,0.28120163
0,0.27235508
0,0.26612172
0,0.26046878
0,0.2595051
0,0.25580573
0,0.26076725
0,0.2607394
0,0.25276026
0,0.25715002
0,0.26377633
0,0.25553554
0,0.26905602
0,0.26237267
0,0.2680049
0,0.2630202
0,0.25869864
0,0.26798147
0,0.25973532
0,0.2686895
0,0.2683733
0,0.26166716
0,0.26054284
0,0.25786126
0,0.26221138
0,0.25142622
0,0.25154707
0,0.25136277
0,0.2638983
0,0.25671396
0,0.2630567
0,0.25055152
0,0.25685275
0,0.25184974
0,0.2708004
0,0.32504076
0,0.27690315
0,0.2685518
0,0.2722082
0,0.27513117
0,0.26822633
0,0.2673138
0,0.2646842
0,0.26552162
0,0.25472227
0,0.2620566
0,0.25953522
0,0.26293308
0,0.2518934
0,0.26257113
0,0.25041634
0,0.25597978
0,0.24766904
0,0.26234177
0,0.26548028
0,0.26119938
0,0.26204297
0,0.27636066
0,0.26432237
0,0.27149856
0,0.27237475
0,0.26106203
0,0.27653515
0,0.271095
0,0.27130395
0,0.263712
0,0.33559495
0,0.2896976
0,0.28603533
0,0.2778241
0,0.26740947
0,0.26145306
0,0.2587752
0,0.31243095
0,0.28401887
0,0.27215698
0,0.27289352
0,0.27151892
0,0.27547434
0,0.29625756
0,0.27906442
0,0.29175422
0,0.28146854
0,0.27751938
0,0.30359322
0,0.3041189
0,0.27723473
0,0.2843229
0,0.27532881
0,0.2771146
0,0.26652566
0,0.26144323
0,0.26267657
0,0.25774688
0,0.30169976
0,0.29247952
0,0.28815106
0,0.27017012
0,0.2693943
0,0.26388088
0,0.26362395
0,0.25941023
0,0.260957
0,0.25371712
0,0.26174605
0,0.26149502
0,0.25979462
0,0.26644963
0,0.26667282
0,0.2606939
0,0.26401287
0,0.30611983
0,0.2777153
0,0.28144678
0,0.27565527
0,0.27138424
0,0.27049094
0,0.27061749
0,0.26731217
0,0.26323977
0,0.2616708
0,0.25944936
0,0.26360255
0,0.2590945
0,0.2576374
0,0.256658
0,0.2551431
0,0.25744107
0,0.25920296
0,0.261267
0,0.2558317
0,0.2725634
0,0.30427498
0,0.28204024
0,0.26962304
0,0.2690265
0,0.27585328
0,0.2670473
0,0.2756209
0,0.2604354
0,0.2630447
0,0.25808012
0,0.32206672
0,0.28475758
0,0.28589
0,0.28398347
0,0.28194582
0,0.27270922
0,0.26790693
0,0.28307268
0,0.27723578
0,0.26442003
0,0.2648442
0,0.2587234
0,0.26067698
0,0.2678233
0,0.26095554
0,0.25487903
0,0.26568195
0,0.26938352
0,0.272706
0,0.26523888
0,0.2772078
0,0.26088777
0,0.25993028
0,0.26714343
0,0.2687711
0,0.2605953
0,0.25751907
0,0.2559744
0,0.262491
0,0.26693475
0,0.25733006
0,0.2646517
0,0.25830057
0,0.26315844
0,0.2581741
0,0.3182969
0,0.28836584
0,0.2933215
0,0.2925318
0,0.2843695
0,0.27760434
0,0.2754901
0,0.2863448
0,0.28043747
0,0.2655482
0,0.27239743
0,0.2735092
0,0.27409402
0,0.2734608
0,0.25997433
0,0.26674044
0,0.2653689
0,0.26941177
0,0.2655272
0,0.2633516
0,0.26373494
0,0.28773472
0,0.2613175
0,0.26423272
0,0.2520676
0,0.25688767
0,0.2503044
0,0.2538015
0,0.26269293
0,0.25764826
0,0.259027
0,0.31674317
0,0.28163397
0,0.2808582
0,0.2805862
0,0.27696642
0,0.26979017
0,0.2740459
0,0.29009894
0,0.27819777
0,0.2810376
0,0.28324363
0,0.2724774
0,0.26535898
0,0.26175258
0,0.29041395
0,0.28183764
0,0.26768678
0,0.27200127
0,0.28893244
0,0.27770737
0,0.2672756
0,0.28896198
0,0.27220514
0,0.27989003
0,0.27304226
0,0.26749262
0,0.26476187
0,0.27053845
0,0.3111165
0,0.27614033
0,0.278673
0,0.26726598
0,0.28659782
0,0.2674293
0,0.27718568
0,0.27342358
0,0.2661098
0,0.26626873
0,0.26496193
0,0.26563683
0,0.2652968
0,0.28280723
0,0.27034497
0,0.2665507
0,0.26453817
0,0.31664345
0,0.27812096
0,0.27830106
0,0.26992106
0,0.28123498
0,0.26929232
0,0.27381697
0,0.26625535
0,0.2850497
0,0.26934138
0,0.2673174
0,0.32576627
0,0.30472466
0,0.28662732
0,0.28415263
0,0.2743267
0,0.27415293
0,0.26875848
0,0.26479536
0,0.2660691
0,0.26533368
0,0.33370295
0,0.29201066
0,0.27672434
0,0.2705106
0,0.28166276
0,0.27061054
0,0.2647397
0,0.2553368
0,0.26945573
0,0.26460633
0,0.27529135
0,0.26378313
0,0.26851177
0,0.27481735
0,0.2677893
0,0.27739015
0,0.27015847
0,0.2693186
0,0.26627192
0,0.26008165
0,0.26093197
0,0.27351806
0,0.2723719
0,0.26481408
0,0.271877
0,0.27575836
0,0.2774508
0,0.31327307
0,0.29824218
0,0.27587232
0,0.2730447
0,0.27032286
0,0.26500583
0,0.2712826
0,0.27356368
0,0.27675992
0,0.2792249
0,0.36276618
0,0.31923375
0,0.28525093
0,0.27662736
0,0.2679673
0,0.26357514
0,0.26282325
0,0.25807667
0,0.2697825
0,0.26865128
0,0.27366835
0,0.3216086
0,0.2763213
0,0.27695173
0,0.26588014
0,0.268807
0,0.26999602
0,0.26759273
0,0.28031895
0,0.26376897
0,0.26742303
0,0.26672897
0,0.2678425
0,0.2706448
0,0.27336144
0,0.26816013
0,0.27589
0,0.2696691
0,0.34193638
0,0.29438496
0,0.2904302
0,0.28043556
0,0.2784709
0,0.27604142
0,0.26228324
0,0.26355094
0,0.26794657
0,0.2668396
0,0.2655621
0,0.2877382
0,0.26611164
0,0.26496407
0,0.26717618
0,0.26958722
0,0.26378155
0,0.27320006
0,0.2672085
0,0.2691182
0,0.26619452
0,0.26154938
0,0.28167307
0,0.27631652
0,0.26969033
0,0.27505785
0,0.2597011
0,0.26684117
0,0.2885364
0,0.2722876
0,0.26982987
0,0.26412594
0,0.27227685
0,0.26831695
0,0.27093005
0,0.268253
0,0.26556852
0,0.28047758
0,0.27661356
0,0.28940108
0,0.27716154
0,0.26970795
0,0.26499546
0,0.26572275
0,0.26542383
0,0.26120594
0,0.2583205
0,0.26101956
0,0.27587798
0,0.26703706
0,0.26249084
0,0.25890058
0,0.26001877
0,0.26049528
0,0.25298837
0,0.2574416
0,0.30511072
0,0.28312528
0,0.27833927
0,0.27055064
0,0.27096248
0,0.26609424
0,0.27046105
0,0.27657068
0,0.26414198
0,0.26274076
0,0.27307633
0,0.272097
0,0.2695898
0,0.26463178
0,0.26548466
0,0.2609581
0,0.26268467
0,0.26357368
0,0.26323348
0,0.26503697
0,0.25814596
0,0.29484206
0,0.27495128
0,0.27546194
0,0.28558573
0,0.27610788
0,0.29233262
0,0.29254732
0,0.27007782
0,0.2652022
0,0.2659112
0,0.2589427
0,0.25367358
0,0.2589638
0,0.25770447
0,0.25845343
0,0.25389147
0,0.25639418
0,0.27026004
0,0.26022124
0,0.2581535
0,0.267066
0,0.25870612
0,0.25785816
0,0.26544133
0,0.25942004
0,0.2574616
0,0.25810033
0,0.28979987
0,0.26835796
0,0.26413587
0,0.26221365
0,0.2704106
0,0.2611371
0,0.27162203
0,0.26448885
0,0.26297528
0,0.2750566
0,0.32524663
0,0.27471673
0,0.27792883
0,0.2751192
0,0.25990808
0,0.25908178
0,0.25707418
0,0.26174444
0,0.2695201
0,0.26633438
0,0.32547793
0,0.28960374
0,0.28756258
0,0.27908787
0,0.27241746
0,0.2627175
0,0.27123106
0,0.27360842
0,0.26460496
0,0.2655634
0,0.26965502
0,0.27751365
0,0.27520052
0,0.26849446
0,0.268319
0,0.27417076
0,0.2695069
0,0.2676043
0,0.26912758
0,0.26611006
0,0.27306062
0,0.29017738
0,0.27427843
0,0.26985303
0,0.26667264
0,0.26340774
0,0.26662824
0,0.26011947
0,0.25282437
0,0.25543806
0,0.2596939
0,0.3084374
0,0.28838
0,0.27447176
0,0.2798295
0,0.2721742
0,0.2797699
0,0.25995326
0,0.26680973
0,0.27373254
0,0.27655372
0,0.2794963
0,0.25918525
0,0.26009467
0,0.2693868
0,0.26289174
0,0.27116755
0,0.27301586
0,0.26502603
0,0.2834017
0,0.2760456
0,0.26722157
0,0.2680812
0,0.26063517
0,0.26901546
0,0.28096554
0,0.27966163
0,0.2665863
0,0.2699233
0,0.32098442
0,0.280262
0,0.26978543
0,0.2696511
0,0.2697063
0,0.27181897
0,0.27387396
0,0.2628021
0,0.26557198
0,0.25993073
0,0.26427165
0,0.25728494
0,0.2608259
0,0.25233707
0,0.2525351
0,0.26314712
0,0.2604416
0,0.25853726
0,0.25994423
0,0.25816074
0,0.26159582
0,0.26143402
0,0.26046163
0,0.26421058
0,0.2615591
0,0.263667
0,0.26629514
0,0.26102588
0,0.27028313
0,0.26490676
0,0.26860082
0,0.2675582
0,0.2661161
0,0.26350006
0,0.2607303
0,0.26231998
0,0.26419023
0,0.25655445
0,0.26177123
0,0.26623282
0,0.25967526
0,0.27087495
0,0.26425654
0,0.26879558
0,0.26861513
0,0.279633
0,0.27597684
0,0.27694312
0,0.26551116
0,0.27337706
0,0.32975125
0,0.30616882
0,0.28456107
0,0.2752141
0,0.26955315
0,0.26067936
0,0.2735369
0,0.26385495
0,0.26057145
0,0.25918117
0,0.31795558
0,0.27449086
0,0.27221584
0,0.27856708
0,0.2694414
0,0.26203558
0,0.26328737
0,0.25646785
0,0.27028647
0,0.2543267
0,0.2612201
0,0.25063768
0,0.26656637
0,0.25645494
0,0.2660646
0,0.25748825
0,0.26287985
0,0.25425068
0,0.2554877
0,0.25530878
0,0.2610984
0,0.26257676
0,0.26051095
0,0.24858737
0,0.25174233
0,0.25785938
0,0.2534575
0,0.24845465
0,0.24334161
0,0.252063
0,0.2614187
0,0.25435686
0,0.26695248
0,0.2707847
0,0.26997805
0,0.2641596
0,0.2740851
0,0.27120328
0,0.26744503
0,0.26293766
0,0.26333687
0,0.2597221
0,0.26066765
0,0.26148668
0,0.2603475
0,0.25873354
0,0.2618835
0,0.26231378
0,0.26217517
0,0.25891268
0,0.26402092
0,0.26443624
0,0.26843995
0,0.26628155
0,0.26689807
0,0.26102397
0,0.26137707
0,0.26629514
0,0.26217407
0,0.26227412
0,0.26339525
0,0.2616092
0,0.25741985
0,0.26178625
0,0.28510985
0,0.2916681
0,0.28048617
0,0.2906722
0,0.26970854
0,0.26293665
0,0.26566237
0,0.26259872
0,0.26396
0,0.2653687
0,0.2651401
0,0.27185506
0,0.25875476
0,0.29724637
0,0.27650866
0,0.27282208
0,0.27061534
0,0.2649013
0,0.2642677
0,0.26789108
0,0.28098726
0,0.26977476
0,0.26667297
0,0.3027877
0,0.27758178
0,0.26974356
0,0.27019826
0,0.2656965
0,0.26347202
0,0.2587097
0,0.25888702
0,0.25817886
0,0.2505649
0,0.3261144
0,0.28413653
0,0.27078548
0,0.26698583
0,0.26043978
0,0.25956675
0,0.27602413
0,0.2678979
0,0.26172006
0,0.2597771
0,0.31633914
0,0.27271765
0,0.2820137
0,0.27845287
0,0.2632366
0,0.26183075
0,0.25681934
0,0.25654423
0,0.26841724
0,0.25911108
0,0.32278866
0,0.28743333
0,0.2690545
0,0.26908222
0,0.26439556
0,0.28425553
0,0.2616407
0,0.2622572
0,0.26418775
0,0.26138863
0,0.26487586
0,0.26150414
0,0.26477793
0,0.2621258
0,0.25673872
0,0.25298032
0,0.26446456
0,0.25862607
0,0.2529936
0,0.26395488
0,0.27020547
0,0.29556337
0,0.2760197
0,0.26296768
0,0.26764023
0,0.26214644
0,0.26219144
0,0.25507402
0,0.26296556
0,0.25263047
0,0.25060606
0,0.31109515
0,0.2824552
0,0.30237207
0,0.28699684
0,0.28095534
0,0.28084785
0,0.26726046
0,0.26923832
0,0.2608005
0,0.26930875
0,0.26945972
0,0.272486
0,0.26196644
0,0.26252845
0,0.25669402
0,0.2594001
0,0.26317772
0,0.26746106
0,0.2671135
0,0.26039785
0,0.2645154
0,0.25758466
0,0.2640398
0,0.26191595
0,0.27575383
0,0.26955798
0,0.2689488
0,0.2924448
0,0.27529198
0,0.2704285
0,0.2729777
0,0.26695892
0,0.26998264
0,0.26474884
0,0.2562191
0,0.2721483
0,0.26697424
0,0.32242644
0,0.28633884
0,0.27465525
0,0.27277955
0,0.28375843
0,0.26293933
0,0.2629563
0,0.2704172
0,0.25339073
0,0.2710297
0,0.262593
0,0.27252296
0,0.27325454
0,0.2772117
0,0.27100813
0,0.2660299
0,0.2686911
0,0.27279162
0,0.2684407
0,0.26195621
0,0.2864967
0,0.30015486
0,0.2800438
0,0.28175798
0,0.27841857
0,0.27646637
0,0.2688176
0,0.26689267
0,0.26866937
0,0.2694795
0,0.26504907
0,0.2947654
0,0.27404982
0,0.27339637
0,0.27274588
0,0.27048126
0,0.27017963
0,0.26841873
0,0.26771766
0,0.26684248
0,0.2628631
0,0.33448222
0,0.28525507
0,0.28013813
0,0.27552965
0,0.27196562
0,0.26669773
0,0.2625294
0,0.27968812
0,0.26896104
0,0.2639225
0,0.2638295
0,0.26356125
0,0.26197702
0,0.26112935
0,0.26106107
0,0.26071945
0,0.26060715
0,0.25746116
0,0.25885147
0,0.2730542
0,0.2649368
0,0.26256695
0,0.2656889
0,0.2596443
0,0.25922248
0,0.27362728
0,0.27509314
0,0.28206336
0,0.27210844
0,0.28155595
0,0.26848277
0,0.26423386
0,0.26095462
0,0.2595268
0,0.25759214
0,0.2563732
0,0.25523126
0,0.2736215
0,0.26555276
0,0.25947493
0,0.26238707
0,0.25317508
0,0.25780594
0,0.25838676
0,0.25899974
0,0.2512183
0,0.27563375
0,0.29347682
0,0.26907176
0,0.27763385
0,0.26843312
0,0.2624897
0,0.25704515
0,0.25604394
0,0.2663937
0,0.25170127
0,0.25053337
0,0.31510532
0,0.27296788
0,0.26824936
0,0.26820105
0,0.2787184
0,0.2751821
0,0.26456243
0,0.26158148
0,0.25731277
0,0.2573522
0,0.326801
0,0.2965646
0,0.28391698
0,0.2803937
0,0.27461386
0,0.28289133
0,0.27461517
0,0.25696552
0,0.26794484
0,0.27210057
0,0.2659159
0,0.2712314
0,0.26593912
0,0.2592488
0,0.26303035
0,0.26502308
0,0.25339863
0,0.26572546
0,0.2663771
0,0.25851983
0,0.26002914
0,0.2641453
0,0.2544186
0,0.26433584
0,0.2698398
0,0.2567883
0,0.26287335
0,0.262608
0,0.2637505
0,0.275072
0,0.27149194
0,0.28243244
0,0.27301368
0,0.2771581
0,0.2683893
0,0.25828972
0,0.26403475
0,0.26613912
0,0.2676488
0,0.27039355
0,0.265262
0,0.28527558
0,0.2749298
0,0.2679282
0,0.26867926
0,0.2638513
0,0.26849025
0,0.28080457
0,0.26786578
0,0.26903698
0,0.27229226
0,0.28987446
0,0.2759874
0,0.27291328
0,0.26430556
0,0.2650133
0,0.28400135
0,0.2722005
0,0.26976895
0,0.26267844
0,0.26879168
0,0.29671094
0,0.2828377
0,0.27826935
0,0.27196395
0,0.27200267
0,0.2709325
0,0.27028373
0,0.2697945
0,0.2613928
0,0.26490283
0,0.3040302
0,0.28028908
0,0.26874357
0,0.2697063
0,0.26819798
0,0.2632898
0,0.26776582
0,0.25896776
0,0.2764499
0,0.26469722
0,0.31944185
0,0.28107482
0,0.2787463
0,0.26984176
0,0.2683404
0,0.2632395
0,0.26357746
0,0.2779069
0,0.27153674
0,0.26672086
0,0.33554974
0,0.29249525
0,0.28134024
0,0.2855371
0,0.28763783
0,0.27362648
0,0.26804948
0,0.2691003
0,0.2676764
0,0.26423162
0,0.3300785
0,0.2928502
0,0.27851304
0,0.2719813
0,0.27435252
0,0.27316183
0,0.26939347
0,0.2789475
0,0.270772
0,0.27639672
0,0.2714764
0,0.2665217
0,0.27665782
0,0.27293032
0,0.26691768
0,0.26610216
0,0.26451603
0,0.33188254
0,0.2881576
0,0.28800535
0,0.27580297
0,0.2679857
0,0.27532867
0,0.2721151
0,0.26089475
0,0.26592284
0,0.25700325
0,0.2626415
0,0.26414207
0,0.25232092
0,0.25126716
0,0.2585245
0,0.25089228
0,0.25778073
0,0.25591975
0,0.2641085
0,0.2530306
0,0.306759
0,0.26900417
0,0.27118197
0,0.25907254
0,0.25432318
0,0.2559824
0,0.25235093
0,0.25423187
0,0.2707356
0,0.26640892
0,0.2669817
0,0.2672034
0,0.27181965
0,0.2608331
0,0.25297636
0,0.2560042
0,0.2566411
0,0.2509713
0,0.25450373
0,0.24945216
0,0.31758755
0,0.28152627
0,0.26602942
0,0.2716925
0,0.26811236
0,0.26316255
0,0.27265105
0,0.2670504
0,0.2742194
0,0.26713863
0,0.26195574
0,0.26296243
0,0.2630799
0,0.26500466
0,0.266979
0,0.2709889
0,0.26641124
0,0.27073255
0,0.2630034
0,0.26832944
0,0.26815858
0,0.26941478
0,0.2618844
0,0.2675329
0,0.2708562
0,0.26132107
0,0.26178348
0,0.25697467
0,0.26395053
0,0.26039973
0,0.25664473
0,0.26957813
0,0.26934496
0,0.27382544
0,0.28449348
0,0.26533628
0,0.2717491
0,0.26891032
0,0.26773813
0,0.26624498
0,0.2796754
0,0.2757291
0,0.2737893
0,0.26995295
0,0.27180544
0,0.26808357
0,0.26487103
0,0.2637893
0,0.2562314
0,0.25973094
0,0.2549625
0,0.28090283
0,0.2860134
0,0.2741571
0,0.2621839
0,0.27630454
0,0.28421926
0,0.2718663
0,0.2701161
0,0.26587304
0,0.28072715
0,0.29717144
0,0.28391764
0,0.27278963
0,0.26089475
0,0.2611919
0,0.25889468
0,0.2702779
0,0.26523402
0,0.27283597
0,0.276822
0,0.30229372
0,0.28871116
0,0.27274975
0,0.26488087
0,0.26654643
0,0.26865217
0,0.26734507
0,0.25977483
0,0.26183254
0,0.25667238
0,0.30834812
0,0.27563986
0,0.27649546
0,0.27712667
0,0.26424265
0,0.25548214
0,0.2545528
0,0.25140086
0,0.24903297
0,0.25223824
0,0.2538173
0,0.26220965
0,0.26144347
0,0.2698769
0,0.2611907
0,0.26810768
0,0.27022195
0,0.27226004
0,0.2596262
0,0.26939934
0,0.25598603
0,0.26745898
0,0.25433892
0,0.2614715
0,0.27718443
0,0.27434608
0,0.27273846
0,0.2726174
0,0.26235133
0,0.2663163
0,0.25793207
0,0.26248586
0,0.2621293
0,0.26177529
0,0.25567156
0,0.26022482
0,0.26327762
0,0.32518113
0,0.28368682
0,0.2677752
0,0.26205972
0,0.26321092
0,0.25682035
0,0.258703
0,0.26176158
0,0.26304197
0,0.26190597
0,0.26626226
0,0.27638182
0,0.25266907
0,0.26082423
0,0.26972806
0,0.26530877
0,0.26450184
0,0.27158478
0,0.27903804
0,0.27028695
0,0.26386926
0,0.2762361
0,0.25624418
0,0.2597594
0,0.2612351
0,0.25913817
0,0.24838577
0,0.25451007
0,0.49204236
0,0.5236932
0,0.4137777
0,0.34682748
0,0.31378558
0,0.29395527
0,0.2796956
0,0.27618915
0,0.2657366
0,0.27038187
0,0.26109415
0,0.26627454
0,0.2603035
0,0.26103985
0,0.26639438
0,0.265873
0,0.28273347
0,0.2706487
0,0.27001822
0,0.25856653
0,0.27539018
0,0.2662448
0,0.30539963
0,0.27185374
0,0.27408567
0,0.26948422
0,0.26922143
0,0.26686198
0,0.26743436
0,0.26571828
0,0.28050482
0,0.27061066
0,0.32536247
0,0.28320113
0,0.27027404
0,0.28334072
0,0.2704008
0,0.2704001
0,0.2846774
0,0.27466267
0,0.28708255
0,0.27315
0,0.2606099
0,0.26611772
0,0.2818428
0,0.2892925
0,0.2822639
0,0.2722553
0,0.2880938
0,0.2832564
0,0.274498
0,0.27178153
0,0.2717276
0,0.30431455
0,0.2811563
0,0.2856735
0,0.2715793
0,0.26600507
0,0.28341895
0,0.26730657
0,0.27639878
0,0.26447096
0,0.27402154
0,0.31250024
0,0.2778966
0,0.27351955
0,0.28245637
0,0.2777532
0,0.27199838
0,0.26697963
0,0.2652016
0,0.26563746
0,0.2752986
0,0.26118594
0,0.2606623
0,0.26852754
0,0.26341924
0,0.25564995
0,0.2657945
0,0.25842175
0,0.27611765
0,0.26342893
0,0.25610495
0,0.2553336
0,0.2548312
0,0.26274303
0,0.3767667
0,0.34151068
0,0.3032184
0,0.30076626
0,0.34328413
0,0.30303684
0,0.29329377
0,0.27567098
0,0.27899808
0,0.28238708
0,0.26811954
0,0.2695957
0,0.26409295
0,0.26678556
0,0.27219146
0,0.27663365
0,0.26834697
0,0.2677175
0,0.26007193
0,0.26780042
0,0.27125463
0,0.2588609
0,0.26952732
0,0.2647637
0,0.25733408
0,0.2924547
0,0.28101823
0,0.26391533
0,0.26021436
0,0.25443813
0,0.26059887
0,0.26775932
0,0.25332445
0,0.26203716
0,0.2527205
0,0.3060481
0,0.2985998
0,0.2778721
0,0.27921444
0,0.28852218
0,0.276916
0,0.27404183
0,0.26080713
0,0.26003003
0,0.25347126
0,0.25445643
0,0.25829375
0,0.2542336
0,0.25683355
0,0.25823247
0,0.24973792
0,0.25522593
0,0.26023212
0,0.26180372
0,0.26818123
0,0.2705336
0,0.27539435
0,0.26977068
0,0.268935
0,0.2678714
0,0.27122173
0,0.27506915
0,0.30675808
0,0.28200287
0,0.28812435
0,0.28046572
0,0.2813248
0,0.27672967
0,0.27957684
0,0.2699111
0,0.27785024
0,0.2688898
0,0.3255564
0,0.28023207
0,0.28030804
0,0.2724012
0,0.26722428
0,0.2649415
0,0.26136693
0,0.26038247
0,0.25585073
0,0.25710505
0,0.2659757
0,0.26036856
0,0.25644332
0,0.25704873
0,0.2587448
0,0.25683284
0,0.25347131
0,0.2544367
0,0.25830033
0,0.2725655
0,0.2686563
0,0.29149812
0,0.28410888
0,0.30666512
0,0.2911106
0,0.2744723
0,0.27425456
0,0.26450047
0,0.28081924
0,0.26971164
0,0.28887853
0,0.3056529
0,0.27270412
0,0.27170372
0,0.2606427
0,0.26446456
0,0.25900877
0,0.2581015
0,0.25286505
0,0.25127319
0,0.26016122
0,0.2527642
0,0.2534818
0,0.2509502
0,0.26253906
0,0.2664302
0,0.25782937
0,0.2567533
0,0.27106324
0,0.26027477
0,0.2560088
0,0.25586954
0,0.25596827
0,0.26710093
0,0.27470943
0,0.26178604
0,0.2553717
0,0.27001268
0,0.29796284
0,0.26644507
0,0.2593616
0,0.2641507
0,0.26813856
0,0.26592794
0,0.25491804
0,0.26136324
0,0.25161073
0,0.25074762
0,0.31940708
0,0.28570095
0,0.28639036
0,0.29325938
0,0.30128387
0,0.30317774
0,0.28051752
0,0.26789898
0,0.27122453
0,0.2677182
0,0.3286157
0,0.28904262
0,0.2700296
0,0.2695691
0,0.27105916
0,0.27468178
0,0.26148862
0,0.27461642
0,0.2612463
0,0.2702267
0,0.6285553
0,0.71962893
0,0.5506618
0,0.47274113
0,0.42265838
0,0.3740987
0,0.3364755
0,0.28881535
0,0.25667784
0,0.23597798
0,0.22803046
0,0.21652086
0,0.1835925
0,0.16430403
0,0.15197785
0,0.14599042
0,0.1409281
0,0.14393875
0,0.14613825
0,0.15139273
0,0.14916185
0,0.16142094
0,0.17397168
0,0.18861231
0,0.2057886
0,0.21515927
0,0.22787127
0,0.23862001
0,0.24788287
0,0.25289887
0,0.26538572
0,0.28399357
0,0.26826972
0,0.2740667
0,0.2724629
0,0.26948473
0,0.2660497
0,0.26869214
0,0.265453
0,0.26524442
0,0.27378905
0,0.3170886
0,0.27885878
0,0.27415642
0,0.26758254
0,0.28059193
0,0.26898026
0,0.2668606
0,0.26182127
0,0.26319113
0,0.26860717
0,0.2643609
0,0.26313132
0,0.26568276
0,0.28276438
0,0.27041006
0,0.267227
0,0.2682355
0,0.2818793
0,0.26736623
0,0.27016845
0,0.26456836
0,0.2649302
0,0.2762919
0,0.27375734
0,0.26586318
0,0.26952106
0,0.26749632
0,0.30871007
0,0.27879044
0,0.28252277
0,0.27841842
0,0.27011988
0,0.2640912
0,0.26392603
0,0.2655672
0,0.2567197
0,0.26175708
0,0.30336243
0,0.2756441
0,0.27439025
0,0.27029586
0,0.26447427
0,0.2648414
0,0.27467027
0,0.2763391
0,0.2688176
0,0.26113722
0,0.3242867
0,0.2760066
0,0.27708045
0,0.27773795
0,0.26998553
0,0.26120645
0,0.26361635
0,0.256368
0,0.25577
0,0.25421792
0,0.25546256
0,0.25553733
0,0.25251642
0,0.25483978
0,0.2560875
0,0.25395453
0,0.24942638
0,0.26885352
0,0.27306432
0,0.26661044
0,0.2626242
0,0.25847432
0,0.25658435
0,0.26293218
0,0.25946385
0,0.26537877
0,0.25725552
0,0.26430264
0,0.25286904
0,0.26108596
0,0.26433146
0,0.30425328
0,0.2746179
0,0.27355102
0,0.27246335
0,0.26115984
0,0.2580688
0,0.26222974
0,0.26153484
0,0.25443572
0,0.2524683
0,0.25818944
0,0.26076508
0,0.2623103
0,0.2552614
0,0.25289887
0,0.27024978
0,0.2684485
0,0.2847742
0,0.27638733
0,0.27537957
0,0.27000663
0,0.26901868
0,0.2648588
0,0.2656129
0,0.27519327
0,0.267776
0,0.26510015
0,0.31789556
0,0.29108042
0,0.2783476
0,0.2791152
0,0.27419052
0,0.27616018
0,0.27310672
0,0.27306286
0,0.28120443
0,0.27669784
0,0.26799485
0,0.26906624
0,0.26870796
0,0.26988432
0,0.26686895
0,0.26140982
0,0.27138627
0,0.2699236
0,0.2745124
0,0.27150893
0,0.265965
0,0.27335554
0,0.26394472
0,0.27497184
0,0.267981
0,0.26487726
0,0.2682583
0,0.26396036
0,0.2669486
0,0.26627856
0,0.26182812
0,0.31300747
0,0.27522117
0,0.27429432
0,0.2754803
0,0.2706901
0,0.27354103
0,0.26919854
0,0.26791376
0,0.27106118
0,0.27125558
0,0.26796603
0,0.26951706
0,0.26979098
0,0.2657407
0,0.26380745
0,0.26829383
0,0.26418415
0,0.26294863
0,0.2771429
0,0.2652054
0,0.26391983
0,0.26536334
0,0.26747045
0,0.26606435
0,0.26199248
0,0.26020235
0,0.25980544
0,0.28073442
0,0.26676267
0,0.2582329
0,0.259732
0,0.26152655
0,0.25859174
0,0.25745672
0,0.26163903
0,0.25771642
0,0.25558117
0,0.30824134
0,0.27126402
0,0.27172887
0,0.26765648
0,0.26475322
0,0.27254137
0,0.26542675
0,0.2590742
0,0.2604712
0,0.2606032
0,0.26025528
0,0.2633628
0,0.25699067
0,0.2663407
0,0.27136105
0,0.2636473
0,0.2607188
0,0.2679031
0,0.26108417
0,0.27819693
0,0.26725218
0,0.27492547
0,0.259278
0,0.2584645
0,0.26651335
0,0.2548633
0,0.25725916
0,0.2507414
0,0.25452572
0,0.25500873
0,0.24976423
0,0.29202703
0,0.2623684
0,0.2678965
0,0.2609136
0,0.25658384
0,0.26394442
0,0.26458192
0,0.25635564
0,0.26500252
0,0.2797257
0,0.27213886
0,0.26183933
0,0.256998
0,0.2634593
0,0.26650557
0,0.27103686
0,0.2664563
0,0.2706907
0,0.26858205
0,0.25890672
0,0.26201874
0,0.2629881
0,0.26303738
0,0.5515124
0,0.6040963
0,0.44109303
0,0.37729168
0,0.34257808
0,0.31071928
0,0.293332
0,0.2729479
0,0.26673782
0,0.27191642
0,0.27041438
0,0.27140135
0,0.26530284
0,0.25960946
0,0.26096767
0,0.26228335
0,0.24451105
0,0.24362013
0,0.2315678
0,0.23844194
0,0.2337178
0,0.24043338
0,0.23813556
0,0.24762559
0,0.27029538
0,0.25621572
0,0.2674498
0,0.2659097
0,0.26199314
0,0.25817463
0,0.26647854
0,0.27050492
0,0.27069387
0,0.26150224
0,0.3083311
0,0.27520022
0,0.2733458
0,0.2722665
0,0.28685215
0,0.27189994
0,0.27007338
0,0.28744364
0,0.26990142
0,0.27013037
0,0.31958842
0,0.2890842
0,0.2781916
0,0.2807785
0,0.27502772
0,0.26380762
0,0.26715633
0,0.27029246
0,0.27202797
0,0.27323538
0,0.3188591
0,0.28009382
0,0.27748594
0,0.2730061
0,0.26866868
0,0.2678124
0,0.26600158
0,0.26514915
0,0.26438507
0,0.2644124
0,0.3318945
0,0.2870863
0,0.28023055
0,0.28067088
0,0.27670094
0,0.27095842
0,0.27036342
0,0.2670682
0,0.2654295
0,0.2636507
0,0.2737479
0,0.28160352
0,0.27058104
0,0.26610756
0,0.26778093
0,0.2676589
0,0.26769075
0,0.26331398
0,0.26183814
0,0.26480624
0,0.27091083
0,0.29286408
0,0.2791332
0,0.26875207
0,0.26492655
0,0.26209295
0,0.2593357
0,0.25772133
0,0.2692532
0,0.26077136
0,0.25776872
0,0.29999515
0,0.27168703
0,0.26556063
0,0.28128636
0,0.27121067
0,0.26291955
0,0.2637575
0,0.27134618
0,0.26487428
0,0.2607631
0,0.3241888
0,0.29495108
0,0.28025794
0,0.27197015
0,0.27708265
0,0.26889938
0,0.26430163
0,0.25766245
0,0.2684618
0,0.26191416
0,0.25579488
0,0.25223723
0,0.26328018
0,0.26550382
0,0.2545418
0,0.26433036
0,0.2583631
0,0.25757083
0,0.25559464
0,0.26297417
0,0.31734228
0,0.27427772
0,0.27767515
0,0.27493283
0,0.27241826
0,0.26489675
0,0.26721197
0,0.26938865
0,0.26825863
0,0.26907247
0,0.2753518
0,0.261744
0,0.27401835
0,0.27453572
0,0.27770594
0,0.2725623
0,0.2689659
0,0.30216226
0,0.27950293
0,0.26726574
0,0.2731999
0,0.26979506
0,0.25801283
0,0.26755533
0,0.26406732
0,0.25778788
0,0.27266762
0,0.29271984
0,0.27352884
0,0.26323384
0,0.2715142
0,0.2669727
0,0.26837143
0,0.25728455
0,0.2587181
0,0.26275742
0,0.2675832
0,0.31344894
0,0.27315116
0,0.27207595
0,0.27819732
0,0.2703588
0,0.27254003
0,0.27272615
0,0.26865974
0,0.25762507
0,0.25721517
0,0.32408175
0,0.28188276
0,0.2867966
0,0.27879813
0,0.26167232
0,0.2676032
0,0.26330766
0,0.25697756
0,0.26019216
0,0.25411725
0,0.3013682
0,0.28305107
0,0.2701076
0,0.26782015
0,0.25836495
0,0.2636928
0,0.27308986
0,0.2670648
0,0.2548872
0,0.26455334
0,0.34511268
0,0.30072024
0,0.28940138
0,0.2788241
0,0.28057575
0,0.27409786
0,0.2689604
0,0.26594648
0,0.26085445
0,0.2632996
0,0.25640437
0,0.2532375
0,0.2561183
0,0.27988428
0,0.2694017
0,0.26518393
0,0.26669517
0,0.26766908
0,0.27459618
0,0.26851487
0,0.27044818
0,0.2729161
0,0.27218416
0,0.26775667
0,0.26676527
0,0.262886
0,0.2638894
0,0.26544076
0,0.26792765
0,0.26160383
0,0.26230815
0,0.2816889
0,0.26952246
0,0.29381144
0,0.27527422
0,0.2818616
0,0.27196276
0,0.2709059
0,0.27083305
0,0.2619278
0,0.26340136
0,0.2970429
0,0.27474323
0,0.2710989
0,0.27359393
0,0.26928574
0,0.26047817
0,0.2634088
0,0.26130313
0,0.2566609
0,0.25818378
0,0.2906752
0,0.27040544
0,0.26712537
0,0.26747572
0,0.27310467
0,0.26491874
0,0.2720266
0,0.2582091
0,0.2603261
0,0.26228628
0,0.25501722
0,0.25492838
0,0.26306203
0,0.27179515
0,0.267854
0,0.2597695
0,0.26751733
0,0.26248333
0,0.26103193
0,0.26156718
0,0.25832617
0,0.25956896
0,0.25699803
0,0.2580185
0,0.25462344
0,0.25202677
0,0.2603967
0,0.2758856
0,0.27011088
0,0.27347082
0,0.26262107
0,0.25285396
0,0.26285875
0,0.29469424
0,0.26849476
0,0.2749953
0,0.27068734
0,0.29879856
0,0.27219784
0,0.26361674
0,0.27248463
0,0.26416385
0,0.25929937
0,0.26631537
0,0.26124987
0,0.2546086
0,0.25270715
0,0.2488299
0,0.2617578
0,0.25056952
0,0.25744393
0,0.24915847
0,0.24865542
0,0.25878894
0,0.2507148
0,0.25183055
0,0.24837817
0,0.2592026
0,0.29494464
0,0.27784732
0,0.26991484
0,0.2765708
0,0.26870525
0,0.25562117
0,0.25189528
0,0.25166738
0,0.24727215
0,0.25493398
0,0.2812655
0,0.2740651
0,0.2710102
0,0.26874807
0,0.27283046
0,0.25919393
0,0.26846206
0,0.25620058
0,0.26620963
0,0.26287144
0,0.28537026
0,0.26213652
0,0.26928452
0,0.25647366
0,0.26614723
0,0.27021623
0,0.26956967
0,0.2581626
0,0.25793132
0,0.27005228
0,0.27120596
0,0.26292053
0,0.2607785
0,0.27118573
0,0.2689494
0,0.27100092
0,0.2612597
0,0.26257306
0,0.26538524
0,0.2680954
0,0.26765206
0,0.2688345
0,0.26744068
0,0.27214846
0,0.25979915
0,0.26611528
0,0.2673203
0,0.26789162
0,0.2608262
0,0.26545227
0,0.2658603
0,0.27137324
0,0.2698614
0,0.26460135
0,0.2641847
0,0.2832741
0,0.26975325
0,0.2672934
0,0.26450923
0,0.2646382
0,0.3177429
0,0.28314808
0,0.28059822
0,0.27404904
0,0.2777081
0,0.27043536
0,0.27110094
0,0.26815456
0,0.26406813
0,0.26330858
0,0.2835849
0,0.26938796
0,0.26588964
0,0.2681873
0,0.2632914
0,0.26225567
0,0.25964952
0,0.26001334
0,0.25774464
0,0.2580607
0,0.28517178
0,0.2689002
0,0.26313612
0,0.26131722
0,0.2716904
0,0.26289976
0,0.25950056
0,0.25827238
0,0.27785546
0,0.26467803
0,0.30399576
0,0.2796475
0,0.27442235
0,0.2756112
0,0.27211013
0,0.2688325
0,0.2763806
0,0.26942486
0,0.2723181
0,0.2668215
0,0.27253488
0,0.2655252
0,0.26409203
0,0.2581767
0,0.25961682
0,0.26799434
0,0.27133754
0,0.3629173
0,0.32163122
0,0.3041997
0,0.3187367
0,0.28441653
0,0.27166566
0,0.2693789
0,0.2646588
0,0.25817165
0,0.26566562
0,0.26274642
0,0.25413042
0,0.2573639
0,0.31167144
0,0.27649304
0,0.26807436
0,0.26685777
0,0.2692243
0,0.26996005
0,0.26144737
0,0.25891006
0,0.2570301
0,0.25486642
0,0.24828279
0,0.25074282
0,0.2620997
0,0.2675956
0,0.26530188
0,0.26746532
0,0.2577316
0,0.25981233
0,0.26486555
0,0.26200438
0,0.2554914
0,0.2522137
0,0.25658053
0,0.25169075
0,0.25611645
0,0.25010365
0,0.25422546
0,0.26963803
0,0.2540425
0,0.26250067
0,0.27440253
0,0.25710136
0,0.26883236
0,0.25407282
0,0.26580706
0,0.25270143
0,0.25608686
0,0.2495494
0,0.25614122
0,0.25577933
0,0.26482892
0,0.25983205
0,0.2617657
0,0.2737695
0,0.2682462
0,0.27171284
0,0.26179335
0,0.2764435
0,0.34442964
0,0.29264
0,0.28580996
0,0.27410227
0,0.26525086
0,0.28047866
0,0.27714857
0,0.30494404
0,0.2866093
0,0.29727605
0,0.28203088
0,0.28401962
0,0.27602062
0,0.27941135
0,0.27326578
0,0.27372938
0,0.27007404
0,0.26256895
0,0.266472
0,0.26034647
0,0.2630596
0,0.25728524
0,0.26088116
0,0.25927708
0,0.2605604
0,0.26418602
0,0.26225224
0,0.2625555
0,0.26552275
0,0.26650637
0,0.26656643
0,0.26601684
0,0.26230502
0,0.26546568
0,0.262334
0,0.27092806
0,0.27036542
0,0.2667701
0,0.30212945
0,0.27787805
0,0.27166212
0,0.26838458
0,0.26333013
0,0.26258442
0,0.26013058
0,0.26291457
0,0.25844038
0,0.26471192
0,0.32517752
0,0.28525743
0,0.28103685
0,0.27504417
0,0.27395523
0,0.26804087
0,0.2670627
0,0.26437113
0,0.26013306
0,0.2604854
0,0.25703892
0,0.25899228
0,0.26080608
0,0.2602652
0,0.27084023
0,0.26415098
0,0.27269122
0,0.28087077
0,0.27353346
0,0.26999456
0,0.26139775
0,0.2931998
0,0.27365628
0,0.27043843
0,0.26679078
0,0.2654955
0,0.26153594
0,0.2936884
0,0.2721765
0,0.27771464
0,0.27546322
0,0.26354524
0,0.25700998
0,0.2607532
0,0.25302413
0,0.26550856
0,0.25421855
0,0.3143886
0,0.2777099
0,0.2806908
0,0.26416007
0,0.28320822
0,0.2696787
0,0.26430643
0,0.26102298
0,0.25987056
0,0.266392
0,0.2553074
0,0.25509936
0,0.26257634
0,0.2558718
0,0.25382888
0,0.26516184
0,0.25840503
0,0.26248935
0,0.26410347
0,0.2566714
0,0.31759268
0,0.28720358
0,0.2776363
0,0.27721256
0,0.27667484
0,0.25933042
0,0.2574182
0,0.27489063
0,0.2605545
0,0.25642404
0,0.30094182
0,0.26554686
0,0.27821612
0,0.27510104
0,0.27722365
0,0.2701817
0,0.26973745
0,0.26588157
0,0.25932103
0,0.25323126
0,0.26370305
0,0.26122975
0,0.25128242
0,0.2560456
0,0.25809968
0,0.25759423
0,0.24958222
0,0.26921397
0,0.25193277
0,0.2593475
0,0.26203707
0,0.2580294
0,0.27372593
0,0.26280162
0,0.25971386
0,0.2596311
0,0.25938204
0,0.25978827
0,0.25890017
0,0.2678409
0,0.28165284
0,0.2675609
0,0.26807493
0,0.2628034
0,0.2604864
0,0.26846996
0,0.26066193
0,0.2692168
0,0.2732925
0,0.2751615
0,0.27973577
0,0.27714494
0,0.26519018
0,0.26292908
0,0.263608
0,0.25810066
0,0.25508517
0,0.2645729
0,0.25653377
0,0.25412512
0,0.25153685
0,0.25039575
0,0.24882014
0,0.24832341
0,0.25262344
0,0.2488152
0,0.2468488
0,0.27225664
0,0.2726073
0,0.27004802
0,0.26967043
0,0.27021885
0,0.27205443
0,0.26958615
0,0.2664988
0,0.2705357
0,0.27048114
0,0.2690907
0,0.26884693
0,0.26775247
0,0.26848212
0,0.27081215
0,0.25913957
0,0.2639147
0,0.25323752
0,0.2614702
0,0.24970518
0,0.25835678
0,0.24996424
0,0.25628388
0,0.24846964
0,0.25496677
0,0.25717124
0,0.25831795
0,0.2589157
0,0.25914118
0,0.2625091
0,0.2689741
0,0.26374647
0,0.26242468
0,0.2611503
0,0.26081476
0,0.26343328
0,0.26464054
0,0.2552126
0,0.25673097
0,0.25620306
0,0.25665
0,0.26407924
0,0.25759184
0,0.25652823
0,0.25468862
0,0.25364384
0,0.25305945
0,0.25911084
0,0.25407016
0,0.25368792
0,0.27248755
0,0.27117625
0,0.26045883
0,0.26560852
0,0.2582014
0,0.25601873
0,0.2532505
0,0.25343955
0,0.2512337
0,0.25054717
0,0.25967968
0,0.26544282
0,0.2592606
0,0.25045544
0,0.25125372
0,0.24942484
0,0.24968766
0,0.2528799
0,0.24951212
0,0.2431738
0,0.24458252
0,0.25839415
0,0.2608854
0,0.2628472
0,0.2644975
0,0.27051985
0,0.2650691
0,0.26273566
0,0.26948994
0,0.2577572
0,0.26271823
0,0.2656553
0,0.26508534
0,0.25689292
0,0.26329115
0,0.26562825
0,0.26431757
0,0.264518
0,0.26455307
0,0.26376095
0,0.2636928
0,0.26292256
0,0.26729685
0,0.2654164
0,0.26450482
0,0.2541028
0,0.26293305
0,0.26067662
0,0.26139095
0,0.25337312
0,0.27011177
0,0.26305753
0,0.26166216
0,0.25085786
0,0.25906092
0,0.24729705
0,0.25473675
0,0.25466794
0,0.25587606
0,0.2559483
0,0.2613008
0,0.25886673
0,0.25939083
0,0.25780335
0,0.2583794
0,0.25942352
0,0.2571618
0,0.26711142
0,0.26018095
0,0.259052
0,0.26045862
0,0.25177667
0,0.2542749
0,0.26499733
0,0.25698182
0,0.2816591
0,0.28367993
0,0.27288342
0,0.2643547
0,0.2727342
0,0.2617629
0,0.27070248
0,0.27243096
0,0.26468885
0,0.25938973
0,0.2564402
0,0.26613063
0,0.26452968
0,0.2577276
0,0.25623158
0,0.2686497
0,0.25768507
0,0.25405774
0,0.2629776
0,0.25429
0,0.25334057
0,0.2616824
0,0.259267
0,0.26371384
0,0.27081943
0,0.26797706
0,0.25822547
0,0.26369208
0,0.26639235
0,0.2555843
0,0.26786962
0,0.27027112
0,0.2743384
0,0.26870602
0,0.27794912
0,0.28887168
0,0.26569375
0,0.26825577
0,0.2678268
0,0.26642728
0,0.26673475
0,0.2838754
0,0.27443293
0,0.27572078
0,0.26140514
0,0.26375195
0,0.26972035
0,0.26484907
0,0.25455382
0,0.26056305
0,0.26431715
0,0.26120105
0,0.25337243
0,0.2760997
0,0.25542444
0,0.25890884
0,0.26093963
0,0.2588436
0,0.2500626
0,0.2547245
0,0.276798
0,0.27024394
0,0.2651506
0,0.2606042
0,0.2599656
0,0.25686488
0,0.25768745
0,0.25544924
0,0.25705197
0,0.25538588
0,0.25504914
0,0.2541834
0,0.24805295
0,0.24931927
0,0.2516162
0,0.24948055
0,0.25012046
0,0.24843301
0,0.24976288
0,0.24804805
0,0.24400643
0,0.24837704
0,0.2577411
0,0.25033477
0,0.2505893
0,0.24915625
0,0.24654639
0,0.26550218
0,0.25517094
0,0.27109593
0,0.2753162
0,0.27657682
0,0.2709356
0,0.28241724
0,0.26508528
0,0.27436364
0,0.27782
0,0.2715861
0,0.25689736
0,0.26819536
0,0.25944528
0,0.26281938
0,0.26016498
0,0.26273614
0,0.25578573
0,0.25973475
0,0.24978648
0,0.25657123
0,0.26100305
0,0.259766
0,0.25242636
0,0.25908032
0,0.26166877
0,0.2616068
0,0.2524528
0,0.2583448
0,0.25330126
0,0.2559939
0,0.25011063
0,0.25386614
0,0.25929233
0,0.25845495
0,0.25190794
0,0.2537023
0,0.2462699
0,0.25540096
0,0.24504298
0,0.24951714
0,0.24795578
0,0.26253688
0,0.24673373
0,0.2514515
0,0.24594751
0,0.24866273
0,0.24593088
0,0.24713327
0,0.24098378
0,0.24464585
0,0.24189232
0,0.24490297
0,0.24436182
0,0.24420236
0,0.24077225
0,0.24426322
0,0.24475196
0,0.24349923
0,0.24845338
0,0.25524613
0,0.25548396
0,0.26113427
0,0.25018772
0,0.2661556
0,0.25787145
0,0.261697
0,0.26960486
0,0.26621366
0,0.26529524
0,0.2650941
0,0.25759852
0,0.26247817
0,0.2565733
0,0.26126125
0,0.25030887
0,0.25729993
0,0.25121683
0,0.26211452
0,0.24995933
0,0.25739515
0,0.25214392
0,0.25661722
0,0.25312933
0,0.25706515
0,0.25130314
0,0.25531557
0,0.25098002
0,0.25586408
0,0.24546473
0,0.25357488
0,0.2541132
0,0.26041332
0,0.25535792
0,0.25623113
0,0.251727
0,0.25375852
0,0.24869601
0,0.25357178
0,0.25490183
0,0.25517425
0,0.25019622
0,0.2525357
0,0.24739586
0,0.25153148
0,0.24567237
0,0.24960957
0,0.24748652
0,0.2492548
0,0.24862789
0,0.26164788
0,0.25669345
0,0.2538852
0,0.2582381
0,0.25484324
0,0.2478347
0,0.26335064
0,0.24957915
0,0.25047344
0,0.24745229
0,0.24866165
0,0.24363963
0,0.24571434
0,0.26475945
0,0.2665737
0,0.25583333
0,0.2579007
0,0.25644875
0,0.26364
0,0.25910923
0,0.25264147
0,0.2514452
0,0.24839959
0,0.24847
0,0.26277938
0,0.26681897
0,0.26548648
0,0.25924063
0,0.2636481
0,0.25717092
0,0.26171586
0,0.26646736
0,0.25398842
0,0.25603452
0,0.25947738
0,0.25481957
0,0.25860497
0,0.2671637
0,0.2639262
0,0.25135493
0,0.25842234
0,0.2464208
0,0.25505581
0,0.2532178
0,0.25701243
0,0.25000164
0,0.25810543
0,0.25345626
0,0.2563108
0,0.27445316
0,0.26406118
0,0.27034312
0,0.265253
0,0.26494512
0,0.28604242
0,0.2695753
0,0.2661351
0,0.25743523
0,0.26993674
0,0.25539073
0,0.26190338
0,0.24987349
0,0.26700836
0,0.25336474
0,0.25656265
0,0.2576216
0,0.26695222
0,0.26066265
0,0.2576386
0,0.25531942
0,0.2543684
0,0.2531268
0,0.25205347
0,0.25332314
0,0.2518143
0,0.27046987
0,0.2570994
0,0.26123095
0,0.25510538
0,0.25490406
0,0.25111046
0,0.24924913
0,0.25820416
0,0.2537764
0,0.260576
0,0.25288975
0,0.2611178
0,0.25489378
0,0.2609739
0,0.2486687
0,0.2586013
0,0.25008306
0,0.2578054
0,0.2482083
0,0.26222882
0,0.24720652
0,0.24633172
0,0.2498201
0,0.25566214
0,0.24407555
0,0.25426325
0,0.24635908
0,0.2570943
0,0.25012326
0,0.2575676
0,0.26156294
0,0.26135057
0,0.2572948
0,0.26072037
0,0.25152004
0,0.25775272
0,0.25262684
0,0.2571251
0,0.25975126
0,0.25059715
0,0.24642491
0,0.25447
0,0.25731412
0,0.25881562
0,0.26339415
0,0.2608589
0,0.25081855
0,0.25639868
0,0.24795792
0,0.25499314
0,0.24914019
0,0.24286212
0,0.25220954
0,0.2556654
0,0.2570445
0,0.2621021
0,0.2604748
0,0.25870267
0,0.2499351
0,0.255377
0,0.24554497
0,0.25071108
0,0.24261923
0,0.24818091
0,0.26313934
0,0.25653583
0,0.24796887
0,0.2516774
0,0.25541747
0,0.25266036
0,0.24407741
0,0.25846168
0,0.2652397
0,0.25691387
0,0.2563747
0,0.25297078
0,0.25254697
0,0.2516841
0,0.25081602
0,0.25380203
0,0.24549179
0,0.24712521
0,0.24293585
0,0.24375221
0,0.23939796
0,0.251929
0,0.2473798
0,0.2571346
0,0.26184145
0,0.26354718
0,0.25389302
0,0.2613136
0,0.24863859
0,0.25781262
0,0.2488875
0,0.25798666
0,0.24966681
0,0.2606915
0,0.2595575
0,0.26225677
0,0.25396663
0,0.24880931
0,0.24694157
0,0.25317368
0,0.25299808
0,0.25521466
0,0.25232708
0,0.25454426
0,0.26477033
0,0.27814823
0,0.28958225
0,0.28236973
0,0.29589546
0,0.37857136
0,0.3069546
0,0.29179907
0,0.2776695
0,0.27197942
0,0.2614211
0,0.26211137
0,0.25752962
0,0.25839108
0,0.2562045
0,0.25782037
0,0.2599248
0,0.2587794
0,0.27567756
0,0.26467174
0,0.26414722
0,0.27234286
0,0.2566269
0,0.26924136
0,0.2521593
0,0.25748745
0,0.24644059
0,0.2528568
0,0.24778406
0,0.26155657
0,0.25704038
0,0.27137592
0,0.26075363
0,0.26101303
0,0.25705642
0,0.26513872
0,0.25693277
0,0.27818295
0,0.25811666
0,0.2572666
0,0.25721073
0,0.25285316
0,0.24870573
0,0.24901007
0,0.24453385
0,0.24909091
0,0.2429148
0,0.25476682
0,0.24772511
0,0.25830775
0,0.24721096
0,0.2576868
0,0.25255767
0,0.26716527
0,0.2528962
0,0.26083985
0,0.24801488
0,0.25792092
0,0.2573463
0,0.26048777
0,0.24765287
0,0.2557595
0,0.24719225
0,0.25467598
0,0.24710885
0,0.2542237
0,0.25041658
0,0.2540001
0,0.24814394
0,0.25306478
0,0.26087683
0,0.26240754
0,0.2609204
0,0.26453632
0,0.25542298
0,0.2596473
0,0.2528822
0,0.25950974
0,0.25528273
0,0.25539386
0,0.24902433
0,0.2636259
0,0.2542805
0,0.25559914
0,0.2472517
0,0.2618245
0,0.25998926
0,0.26787177
0,0.25288013
0,0.25368476
0,0.25326094
0,0.25134632
0,0.2558758
0,0.25194344
0,0.25556615
0,0.25088182
0,0.2551003
0,0.25016788
0,0.24559224
0,0.24681148
0,0.24624509
0,0.25507185
0,0.24690525
0,0.24515404
0,0.24147874
0,0.2534482
0,0.24334657
0,0.2544282
0,0.26253742
0,0.26138422
0,0.25219345
0,0.2609879
0,0.26748392
0,0.26447544
0,0.2588026
0,0.26215023
0,0.2672729
0,0.26300502
0,0.25699612
0,0.2593643
0,0.25614044
0,0.26349196
0,0.2718506
0,0.26575252
0,0.25634104
0,0.25929815
0,0.24752885
0,0.25481173
0,0.2623029
0,0.25856736
0,0.25503507
0,0.25651538
0,0.26162457
0,0.2599466
0,0.25304115
0,0.2551658
0,0.2606532
0,0.26795325
0,0.25599894
0,0.25693423
0,0.25331563
0,0.2651892
0,0.2632503
0,0.25971347
0,0.25678694
0,0.25636896
0,0.24736772
0,0.25587228
0,0.2468599
0,0.2509502
0,0.24721251
0,0.24871735
0,0.24248493
0,0.24616764
0,0.24390544
0,0.2457003
0,0.24355802
0,0.25595212
0,0.24268378
0,0.24578324
0,0.24985968
0,0.2580761
0,0.25479978
0,0.25000915
0,0.25060838
0,0.24783248
0,0.24480282
0,0.2586158
0,0.24824871
0,0.2576495
0,0.24920946
0,0.25809976
0,0.2521558
0,0.25856835
0,0.25564918
0,0.26032445
0,0.25015062
0,0.25749135
0,0.24741365
0,0.2560387
0,0.2633578
0,0.26088434
0,0.25199673
0,0.25470725
0,0.26729134
0,0.26224065
0,0.25796452
0,0.2604784
0,0.2548522
0,0.25976217
0,0.25215197
0,0.25606373
0,0.2518577
0,0.25778538
0,0.25204942
0,0.2569956
0,0.25265297
0,0.25659844
0,0.25591373
0,0.2564813
0,0.26389793
0,0.26079768
0,0.2651976
0,0.26089945
0,0.25770056
0,0.2691271
0,0.2554308
0,0.26861015
0,0.25982565
0,0.26983783
0,0.2561729
0,0.25835544
0,0.25198564
0,0.25477117
0,0.24641886
0,0.26174477
0,0.25308937
0,0.25459754
0,0.24749947
0,0.26120543
0,0.25357458
0,0.25372952
0,0.25007835
0,0.2560983
0,0.2562017
0,0.2583454
0,0.2527922
0,0.25341487
0,0.24416827
0,0.24150172
0,0.24925387
0,0.24691547
0,0.24446562
0,0.25129062
0,0.25506723
0,0.25003028
0,0.26959738
0,0.266599
0,0.27210116
0,0.27610564
0,0.26799938
0,0.27040055
0,0.25972697
0,0.26578072
0,0.25289565
0,0.26090777
0,0.25313815
0,0.2634741
0,0.25094876
0,0.26003513
0,0.24909207
0,0.24763653
0,0.24322625
0,0.2587875
0,0.24878159
0,0.2576103
0,0.2491979
0,0.25644776
0,0.24593517
0,0.2558928
0,0.2543186
0,0.2573429
0,0.26164892
0,0.26043412
0,0.26336968
0,0.2622837
0,0.26408127
0,0.26211417
0,0.25653636
0,0.25900826
0,0.25156394
0,0.2557634
0,0.24853346
0,0.25442177
0,0.25810248
0,0.25640494
0,0.24943998
0,0.2546924
0,0.24694842
0,0.25176394
0,0.24648196
0,0.2518308
0,0.24596046
0,0.2503421
0,0.24727894
0,0.26081777
0,0.25139853
0,0.25251222
0,0.2523747
0,0.25138298
0,0.24825451
0,0.25076926
0,0.2468998
0,0.24801867
0,0.23962943
0,0.24408098
0,0.23710912
0,0.24177599
0,0.24225141
0,0.24447747
0,0.24179891
0,0.24279907
0,0.24986978
0,0.2516267
0,0.25025043
0,0.24812381
0,0.24896394
0,0.24597023
0,0.2472968
0,0.25612786
0,0.25443652
0,0.2630553
0,0.25425953
0,0.26836053
0,0.26392582
0,0.2649676
0,0.25035897
0,0.26125985
0,0.24680893
0,0.26032317
0,0.25004256
0,0.25811625
0,0.24845567
0,0.25152463
0,0.25748238
0,0.2588785
0,0.25362208
0,0.25842223
0,0.25397483
0,0.2613008
0,0.248699
0,0.2566199
0,0.24438913
0,0.253567
0,0.25286293
0,0.25775203
0,0.25239342
0,0.25691128
0,0.26342204
0,0.265327
0,0.24931729
0,0.2621538
0,0.26069692
0,0.25563085
0,0.25869107
0,0.25822377
0,0.25883377
0,0.2586359
0,0.25895292
0,0.25820178
0,0.24837522
0,0.25392315
0,0.24527521
0,0.25144294
0,0.24539217
0,0.2498569
0,0.25179556
0,0.25430295
0,0.25161994
0,0.2525005
0,0.25442028
0,0.25829345
0,0.2637915
0,0.25711665
0,0.25403544
0,0.25403374
0,0.25125328
0,0.25140548
0,0.24968873
0,0.25092041
0,0.24416623
0,0.2632097
0,0.24947414
0,0.25250858
0,0.26278973
0,0.25399435
0,0.24905582
0,0.24880779
0,0.24825673
0,0.24759673
0,0.24560758
0,0.25834015
0,0.2668185
0,0.25490826
0,0.24946624
0,0.24889395
0,0.24653845
0,0.2566277
0,0.24442677
0,0.2573117
0,0.2543228
0,0.25964198
0,0.2495737
0,0.25697982
0,0.2538114
0,0.2590884
0,0.254147
0,0.258182
0,0.25258547
0,0.2578513
0,0.25295615
0,0.2572847
0,0.25072348
0,0.25663728
0,0.25836965
0,0.25949362
0,0.26019785
0,0.25980893
0,0.26588503
0,0.26334938
0,0.26416376
0,0.262114
0,0.2540079
0,0.25759497
0,0.260168
0,0.26021045
0,0.25189987
0,0.2550441
0,0.24455407
0,0.2511287
0,0.25161132
0,0.26470706
0,0.2549385
0,0.26833686
0,0.2583015
0,0.25758746
0,0.26071632
0,0.25747016
0,0.27382684
0,0.2798466
0,0.2699606
0,0.27445325
0,0.2654324
0,0.26103434
0,0.2633602
0,0.2580061
0,0.26182082
0,0.2567179
0,0.25357318
0,0.25289726
0,0.24958985
0,0.26235905
0,0.2622464
0,0.26784855
0,0.25581497
0,0.25455105
0,0.24710442
0,0.26349372
0,0.2544193
0,0.25250143
0,0.25223646
0,0.26126906
0,0.2543847
0,0.2512669
0,0.24722978
0,0.25995913
0,0.2551769
0,0.26261812
0,0.26154995
0,0.27096573
0,0.2568752
0,0.2644752
0,0.25948116
0,0.26313576
0,0.25384277
0,0.26556113
0,0.25705972
0,0.26245278
0,0.25632548
0,0.26643613
0,0.25731066
0,0.261144
0,0.25627577
0,0.26116785
0,0.25743124
0,0.26033652
1,0.26383805
1,0.2627573
1,0.26663464
1,0.26412746
1,0.267067
1,0.2639548
1,0.2677279
1,0.26524323
1,0.252758
1,0.2593246
1,0.26024723
1,0.2596947
1,0.2674029
1,0.2627379
1,0.2599733
0,0.8457415
0,0.59571844
0,0.49000838
0,0.40905148
0,0.36440015
0,0.33275717
0,0.30751207
0,0.28428668
0,0.27700138
0,0.2686655
0,0.2678052
0,0.2560574
0,0.259529
0,0.25446296
0,0.26160577
0,0.24839152
0,0.24454382
0,0.24275814
0,0.24554205
0,0.23633978
0,0.23535562
0,0.24119875
0,0.24126583
0,0.23655045
0,0.25182405
0,0.24263045
0,0.24662034
0,0.25209025
0,0.2520547
0,0.25559753
0,0.25353673
0,0.262122
0,0.26629075
0,0.26718378
0,0.25863248
0,0.2582402
0,0.26586738
0,0.25138336
0,0.25257277
0,0.25329238
0,0.24996746
0,0.24748847
0,0.25945216
0,0.24778502
0,0.25841138
0,0.25103733
0,0.25998688
0,0.2559834
0,0.26114115
0,0.25387213
0,0.26246828
0,0.25755942
0,0.2664435
0,0.2566753
0,0.262009
0,0.25488403
0,0.26175398
0,0.26837003
0,0.26873875
0,0.26050153
0,0.26763186
0,0.27913144
0,0.2696478
0,0.27321482
0,0.25795132
0,0.26228952
0,0.26172045
0,0.26109836
0,0.25043997
0,0.24960403
0,0.2656272
0,0.27022168
0,0.26351732
0,0.26915768
0,0.26352155
0,0.2652968
0,0.2726743
0,0.26487952
0,0.27753088
0,0.26427326
0,0.26273727
0,0.25719672
0,0.25902036
0,0.25220266
0,0.25451568
0,0.25965226
0,0.2566005
0,0.26131263
0,0.25703028
0,0.25075287
0,0.25413686
0,0.2562871
0,0.26474223
0,0.26146936
0,0.270623
0,0.25901535
0,0.26360494
0,0.25591093
0,0.2595521
0,0.2530088
0,0.25352418
0,0.2500137
0,0.24994467
0,0.24753065
0,0.2600577
0,0.24568635
0,0.2577921
0,0.25165582
0,0.25135764
0,0.25244945
0,0.25909305
0,0.25477433
0,0.2629602
0,0.25665283
0,0.2618429
0,0.2526999
0,0.2599879
0,0.26327115
0,0.2647538
0,0.25333077
0,0.26154715
0,0.25835386
0,0.26108935
0,0.2591436
0,0.26072982
0,0.25368783
0,0.2621231
0,0.250676
0,0.2567641
0,0.25801712
0,0.26027495
0,0.25373325
1,0.2577522
1,0.25425678
1,0.25670543
1,0.25968355
1,0.2583879
1,0.2517239
1,0.2554311
1,0.29881752
1,0.2611348
1,0.26494327
1,0.26312807
1,0.2613076
1,0.26107794
1,0.2604969
1,0.25807485
0,0.84456474
0,0.5873121
0,0.48072067
0,0.41230446
0,0.36784106
0,0.32551533
0,0.30636486
0,0.29808402
0,0.27659225
0,0.26807642
0,0.25667918
0,0.26647007
0,0.25615054
0,0.25195244
0,0.24918051
0,0.24544878
0,0.23782572
0,0.23395331
0,0.23354465
0,0.22860783
0,0.22788738
0,0.22944613
0,0.22840649
0,0.2329126
0,0.25023544
0,0.24516939
0,0.24402973
0,0.25887692
0,0.24660823
0,0.25873786
0,0.24818023
0,0.2577095
0,0.25416952
0,0.25923687
0,0.25087783
0,0.25757584
0,0.2545415
0,0.25894833
0,0.25869137
0,0.26157573
0,0.251448
0,0.2575793
0,0.2540555
0,0.25812775
0,0.25595632
0,0.264074
0,0.27453282
0,0.26711768
0,0.27049708
0,0.26498404
0,0.26792485
0,0.270405
0,0.25962475
0,0.2607031
0,0.25025317
0,0.2550674
0,0.25102016
0,0.25446227
0,0.25011796
0,0.2536178
0,0.24875695
0,0.25194287
0,0.2545995
0,0.2549719
0,0.24640267
0,0.27303943
0,0.26907286
0,0.2609047
0,0.25828
0,0.27173805
0,0.25715068
0,0.25641337
0,0.25258395
0,0.25233325
0,0.2537967
0,0.25219935
0,0.25492278
0,0.25147843
0,0.24769491
0,0.24923573
0,0.24526738
0,0.24666092
0,0.25935784
0,0.25051454
0,0.24647991
0,0.25748456
0,0.27373073
0,0.2678629
0,0.2648712
0,0.2680042
0,0.26417294
0,0.2660126
0,0.2642228
0,0.26531717
0,0.25780421
0,0.26211944
0,0.25964028
0,0.26350296
0,0.2665457
0,0.26377994
0,0.26038605
0,0.26227266
0,0.24939547
0,0.2571139
0,0.25706577
0,0.258296
0,0.25778478
0,0.26029763
0,0.25732273
0,0.25896367
0,0.2566409
0,0.25775155
0,0.25399047
0,0.25582567
0,0.25410753
0,0.2563977
0,0.25013888
0,0.2538211
0,0.25166625
0,0.25411585
0,0.25127202
0,0.25173518
0,0.2500196
0,0.25071266
0,0.31214768
0,0.26839447
0,0.266289
0,0.26509818
0,0.25817358
0,0.25601175
0,0.26466328
0,0.25672895
0,0.2568098
0,0.26547647
0,0.25555545
0,0.25362572
0,0.2509759
0,0.25126106
0,0.2477063
0,0.25864363
0,0.25101984
0,0.24946293
0,0.2563911
0,0.253768
0,0.25970805
0,0.25249872
0,0.25221252
0,0.25171408
0,0.24965979
0,0.25261158
0,0.25779536
0,0.25280058
0,0.2502734
0,0.2500416
0,0.24953422
0,0.2612003
0,0.25310075
0,0.25198507
0,0.25182655
0,0.24983859
0,0.24233755
0,0.2453883
0,0.24042518
0,0.2539818
0,0.25423482
0,0.25221506
0,0.24873829
0,0.24794284
0,0.24954762
0,0.24721016
0,0.24502315
0,0.2669417
0,0.25110778
0,0.25119936
0,0.24886577
0,0.25992128
0,0.25113684
0,0.24889728
0,0.2518658
0,0.2574502
0,0.25054324
0,0.26909348
0,0.26363754
0,0.26432815
0,0.25674915
0,0.26123244
0,0.2559655
0,0.2600396
0,0.24935952
0,0.25762352
0,0.2464323
0,0.25521532
0,0.256592
0,0.25775388
0,0.2633227
0,0.26096162
0,0.26746508
0,0.26294488
0,0.25708008
0,0.26228434
0,0.25526932
0,0.25968558
0,0.25742847
0,0.2576763
0,0.25740263
0,0.25892067
0,0.2682784
0,0.2652909
0,0.26005265
0,0.27058226
0,0.26651964
0,0.26351896
0,0.2587137
0,0.26006028
0,0.25395262
0,0.25811207
0,0.25565633
0,0.25517544
0,0.2546566
0,0.25430304
0,0.2534594
0,0.26411232
0,0.25640237
0,0.2552793
0,0.25198498
0,0.25917453
0,0.2553065
0,0.25297555
0,0.255545
0,0.26278427
0,0.25195995
0,0.26394355
0,0.25830764
0,0.25545254
0,0.25660008
0,0.25204587
0,0.24546371
0,0.24715418
0,0.2440379
0,0.24601208
0,0.24269353
0,0.24382229
0,0.2445987
0,0.24349941
0,0.26241806
0,0.26306993
0,0.25861824
0,0.2650785
0,0.25853443
0,0.26283917
0,0.25228575
0,0.2592214
0,0.25354356
0,0.25944343
0,0.2532733
0,0.25829613
0,0.25375816
0,0.25888285
0,0.25772974
0,0.26041603
0,0.2568986
0,0.25970542
0,0.25274655
0,0.25639945
0,0.25819656
0,0.25815898
0,0.2540128
0,0.2580104
0,0.2623944
0,0.25957966
0,0.2652426
0,0.26127106
0,0.2657317
0,0.26185068
0,0.25365335
0,0.25701454
0,0.26835316
0,0.26124853
0,0.25177804
0,0.25564617
0,0.24886364
0,0.25264516
0,0.24907473
0,0.26285738
0,0.25666618
0,0.25550956
0,0.25783816
0,0.26672113
0,0.26336145
0,0.2593388
0,0.252126
0,0.2532487
0,0.25106153
0,0.25129187
0,0.24921432
0,0.2512991
0,0.24600486
0,0.25919256
0,0.25121972
0,0.25166655
0,0.2490964
0,0.26074296
0,0.2517733
0,0.2554082
0,0.25078958
0,0.26188502
0,0.26729965
0,0.25634542
0,0.24839951
0,0.24952675
0,0.24822414
0,0.26486722
0,0.25078288
0,0.26031387
0,0.25192544
0,0.26003972
0,0.2569705
0,0.26440394
0,0.26685163
0,0.26600093
0,0.25402373
0,0.27402285
0,0.25445285
0,0.2623638
0,0.2504994
0,0.259857
0,0.24724646
0,0.25648463
0,0.26230127
0,0.26445872
0,0.25382373
0,0.26141778
0,0.25552052
0,0.25927985
0,0.25306132
0,0.2581644
0,0.25924492
0,0.26073065
0,0.25654984
0,0.25924188
0,0.37827176
0,0.3344377
0,0.29985905
0,0.2881891
0,0.2744843
0,0.27222556
0,0.26903966
0,0.2669138
0,0.25474313
0,0.26333848
0,0.25478336
0,0.26064926
0,0.25983858
0,0.25930747
0,0.27614826
0,0.27340624
0,0.26889127
0,0.27883422
0,0.2702797
0,0.26585218
0,0.25517067
0,0.25824863
0,0.2883155
0,0.27645054
0,0.26892373
0,0.26464978
0,0.26527306
0,0.27066585
0,0.26090956
0,0.27552375
0,0.2629067
0,0.2592495
0,0.2566667
0,0.25579
0,0.25406587
0,0.26331562
0,0.25800717
0,0.25462797
0,0.25399527
0,0.2518781
0,0.25183403
0,0.24996912
0,0.25501773
0,0.25067443
0,0.24609892
0,0.2494157
0,0.25510472
0,0.2601047
0,0.2517994
0,0.24956432
0,0.25926283
0,0.26295695
0,0.25440386
0,0.26094285
0,0.25980353
0,0.26540515
0,0.25483367
0,0.26189166
0,0.2492641
0,0.2573515
0,0.25629786
0,0.26064086
0,0.24755612
0,0.25590894
0,0.24799633
0,0.25554603
0,0.28138095
0,0.271054
0,0.25815633
0,0.26545003
0,0.26501107
0,0.2634107
0,0.2553796
0,0.2711045
0,0.2577963
0,0.2625647
0,0.25434422
0,0.25829822
0,0.2634666
0,0.2602036
0,0.25668812
0,0.2686769
0,0.26060614
0,0.25921023
0,0.25711897
0,0.25842494
0,0.25555757
0,0.25614214
0,0.24817061
0,0.2627068
0,0.2515056
0,0.253847
0,0.24633218
0,0.260464
0,0.2528771
0,0.2554072
0,0.24675359
0,0.25129095
0,0.24448754
0,0.2480964
0,0.28541481
0,0.26773357
0,0.2529354
0,0.2543293
0,0.25894117
0,0.26016754
0,0.26098138
0,0.25461024
0,0.4211313
0,0.39556736
0,0.33514085
0,0.31186616
0,0.2864853
0,0.28448713
0,0.2711216
0,0.27329385
0,0.26224467
0,0.26669037
0,0.25539264
0,0.2620862
0,0.2835103
0,0.273781
0,0.26441872
0,0.26749697
0,0.26242185
0,0.2717086
0,0.25831726
0,0.26358908
0,0.25980797
0,0.26202917
0,0.25869694
0,0.26257545
0,0.25512066
0,0.2599518
0,0.2475122
0,0.25946346
0,0.2590125
0,0.2604285
0,0.25263038
0,0.25622922
0,0.25894058
0,0.2582746
0,0.25475353
0,0.2566104
0,0.2503628
0,0.28204167
0,0.26403177
0,0.2619954
0,0.25869268
0,0.2570901
0,0.25371796
0,0.2644508
0,0.25161907
0,0.2541573
0,0.25943956
0,0.2551584
0,0.4052834
0,0.37572053
0,0.31634462
0,0.3063515
0,0.29077524
0,0.29467967
0,0.26791573
0,0.26552618
0,0.25535873
0,0.2540764
0,0.25590825
0,0.25286725
0,0.25203118
0,0.25992018
0,0.25189787
0,0.25973797
0,0.25626597
0,0.2624516
0,0.25360477
0,0.25042182
0,0.24959476
0,0.2583818
0,0.25139222
0,0.25939587
0,0.25294536
0,0.26006284
0,0.25221777
0,0.27813768
0,0.25641292
0,0.26348665
0,0.25273275
0,0.25800526
0,0.25121003
0,0.2599983
0,0.25304088
0,0.25739095
0,0.25122294
0,0.25518417
0,0.2456771
0,0.25346255
0,0.24457519
0,0.2517453
0,0.24599707
0,0.25147
0,0.259499
0,0.25646022
0,0.25010222
0,0.2645731
0,0.2520595
0,0.27530676
0,0.26388624
0,0.26247442
0,0.26131192
0,0.26321313
0,0.27240804
0,0.26346502
0,0.25402445
0,0.25546524
0,0.25332192
0,0.2534381
0,0.248681
0,0.25082937
0,0.24636592
0,0.24888729
0,0.243306
0,0.2466433
0,0.24325421
0,0.24670967
0,0.24191785
0,0.24510135
0,0.29061985
0,0.2649245
0,0.26084334
0,0.2575284
0,0.25792107
0,0.26504683
0,0.2540994
0,0.25279206
0,0.25725478
0,0.26112524
0,0.24786109
0,0.26210192
0,0.25039127
0,0.2587631
0,0.24740899
0,0.2577596
0,0.25234497
0,0.25907448
0,0.25591615
0,0.26163468
0,0.25758198
0,0.2612237
0,0.25094536
0,0.2620926
0,0.25775236
0,0.26158836
0,0.2583514
0,0.26178962
0,0.25685585
0,0.26041296
0,0.2502258
0,0.25672027
0,0.25202614
0,0.257915
0,0.2473996
0,0.2548195
0,0.25004348
0,0.256142
0,0.24544975
0,0.25388262
0,0.2491218
0,0.25320414
0,0.24618456
0,0.25169802
0,0.24721576
0,0.25124425
0,0.24594693
0,0.25160736
0,0.24387784
0,0.24903253
0,0.25062433
0,0.25157142
0,0.25053406
0,0.25195324
0,0.25884882
0,0.2554728
0,0.25343367
0,0.25317186
0,0.24873051
0,0.2516042
0,0.33673266
0,0.2806827
0,0.26808864
0,0.26384255
0,0.2545384
0,0.2545629
0,0.24835084
0,0.24956825
0,0.49157533
0,0.5036743
0,0.38648123
0,0.34785566
0,0.31477392
0,0.29054546
0,0.27544034
0,0.27891105
0,0.3509772
0,0.28989473
0,0.27372473
0,0.27589187
0,0.2663844
0,0.2795309
0,0.26577717
0,0.2670925
0,0.2525978
0,0.2491368
0,0.24716903
0,0.25206438
0,0.24243729
0,0.24880335
0,0.24150531
0,0.25095642
0,0.24672073
0,0.25370437
0,0.24347334
0,0.2535148
0,0.24613348
0,0.2541393
0,0.2546972
0,0.2567863
0,0.2517158
0,0.25760135
0,0.25251293
0,0.25681257
0,0.25214508
0,0.25653076
0,0.25866303
0,0.2591013
0,0.2527804
0,0.25640875
0,0.25052968
0,0.25480276
0,0.25222492
0,0.2532233
0,0.25223044
0,0.25476936
0,0.26210254
0,0.25855985
0,0.25510082
0,0.25478268
0,0.25369126
0,0.25303137
0,0.35630235
0,0.30209917
0,0.27899888
0,0.2766397
0,0.26856974
0,0.2523121
0,0.2509864
0,0.26327115
0,0.25109765
0,0.25163805
0,0.2537039
0,0.25286692
0,0.25185522
0,0.25093144
0,0.24699898
0,0.25801688
0,0.25077006
0,0.2604258
0,0.25191173
0,0.25154626
0,0.2895305
0,0.2633526
0,0.2533764
0,0.26281947
0,0.2610923
0,0.26551124
0,0.25251028
0,0.26218
0,0.25168252
0,0.26054668
0,0.24981298
0,0.2566685
0,0.25314862
0,0.25878835
0,0.25321525
0,0.25798422
0,0.2516207
0,0.25620946
0,0.2527757
0,0.25670737
0,0.24736574
0,0.25494707
0,0.2510692
0,0.25462717
0,0.25048262
0,0.25433192
0,0.25398785
0,0.26687384
0,0.27126983
0,0.26343632
0,0.25462037
0,0.2606297
0,0.24874516
0,0.25346878
0,0.2436726
0,0.2602219
0,0.24675016
0,0.25224048
0,0.25371942
0,0.25240242
0,0.25171897
0,0.25144467
0,0.25686988
0,0.25359556
0,0.25002432
0,0.2501403
0,0.24922946
0,0.24867696
0,0.27838427
0,0.2717981
0,0.2575803
0,0.25561422
0,0.24992563
0,0.24961005
0,0.24403508
0,0.24682206
0,0.40092596
0,0.3630789
0,0.31304386
0,0.28777173
0,0.2691409
0,0.274828
0,0.25731218
0,0.2662056
0,0.2550918
0,0.26287287
0,0.2544391
0,0.26158187
0,0.25605133
0,0.2623495
0,0.25824532
0,0.26328295
0,0.26817524
0,0.26898953
0,0.26406547
0,0.26647034
0,0.26309803
0,0.26676497
0,0.2571788
0,0.26296538
0,0.2553181
0,0.26128247
0,0.26500815
0,0.26717818
0,0.25669318
0,0.25492665
0,0.24673134
0,0.25446594
0,0.24527211
0,0.25434327
0,0.25192896
0,0.2559261
0,0.26669517
0,0.26279393
0,0.25456652
0,0.2590299
0,0.25297117
0,0.2562765
0,0.2512652
0,0.25492948
0,0.2551323
0,0.2569682
0,0.25169748
0,0.26532626
0,0.25755954
0,0.2621574
0,0.2677935
0,0.26240307
0,0.2551658
0,0.25608653
0,0.24834901
0,0.25178838
0,0.24305655
0,0.24944639
0,0.24412185
0,0.26001394
0,0.24981329
0,0.25124294
0,0.42429867
0,0.39766577
0,0.31774747
0,0.30087832
0,0.27663997
0,0.27077034
0,0.2576962
0,0.25791612
0,0.29500777
0,0.268864
0,0.2816449
0,0.26628786
0,0.26058307
0,0.26266667
0,0.2799166
0,0.2828248
0,0.27497238
0,0.2642294
0,0.26041186
0,0.26595643
0,0.26832592
0,0.2679683
0,0.2600612
0,0.26553747
0,0.25805798
0,0.26390338
0,0.25803185
0,0.26289654
0,0.25390005
0,0.26098856
0,0.25072822
0,0.2468059
0,0.24763975
0,0.26238632
0,0.2723458
0,0.27902034
0,0.26578072
0,0.2667853
0,0.26603618
0,0.26537135
0,0.25928137
0,0.26242056
0,0.2569652
0,0.2645322
0,0.25199795
0,0.25864524
0,0.2569892
0,0.25909072
0,0.26396555
0,0.26252136
0,0.25439382
0,0.25995892
0,0.33855465
0,0.28632832
0,0.26842088
0,0.27199134
0,0.2641089
0,0.26966465
0,0.26406303
0,0.26593968
0,0.49942458
0,0.5115161
0,0.3995811
0,0.3495041
0,0.3311037
0,0.31511366
0,0.28612292
0,0.27891603
0,0.35186258
0,0.2975235
0,0.32999617
0,0.28863642
0,0.27497655
0,0.26628917
0,0.2530406
0,0.2529129
0,0.42685163
0,0.41721928
0,0.30226448
0,0.25460914
0,0.19518934
0,0.1716482
0,0.15482873
0,0.14626974
0,0.14373061
0,0.14592682
0,0.15329015
0,0.16574042
0,0.17843702
0,0.19139807
0,0.24154119
0,0.24447216
0,0.4483706
0,0.45044354
0,0.33747736
0,0.29399806
0,0.25952098
0,0.2517097
0,0.23945694
0,0.23943478
0,0.23376332
0,0.24063507
0,0.2772294
0,0.25074595
0,0.24484743
0,0.25216743
0,0.26102042
0,0.26332724
0,0.26198128
0,0.26692748
0,0.25469872
0,0.26016217
0,0.28661293
0,0.2695415
0,0.2651608
0,0.28288463
0,0.266494
0,0.26457763
0,0.25601563
0,0.26400355
0,0.27767813
0,0.26832795
0,0.29922363
0,0.27567536
0,0.27131167
0,0.26936528
0,0.4372898
0,0.41067353
0,0.33157274
0,0.30620196
0,0.28104022
0,0.27668244
0,0.30268374
0,0.28046903
0,0.3096331
0,0.2835471
0,0.29401055
0,0.27534422
0,0.3238973
0,0.27501592
0,0.27666774
0,0.2782294
0,0.27043524
0,0.26414314
0,0.2564373
0,0.25644994
0,0.34704578
0,0.29643232
0,0.27691734
0,0.2681276
0,0.2643694
0,0.25954118
0,0.28700405
0,0.28156966
0,0.26938936
0,0.2633036
0,0.27236846
0,0.26166657
0,0.26903832
0,0.27031362
0,0.27193147
0,0.27054018
0,0.26594442
0,0.26915404
0,0.2592745
0,0.30027187
0,0.26930255
0,0.27502328
0,0.26789758
0,0.26912105
0,0.2737731
0,0.2699266
0,0.26121014
0,0.2643492
0,0.2577719
0,0.26272655
0,0.25730187
0,0.26745564
0,0.26012588
0,0.26326936
0,0.25600258
0,0.27444413
0,0.26946253
0,0.26598075
0,0.25600603
0,0.26024407
0,0.259279
0,0.26033235
0,0.28036752
0,0.26715675
0,0.26928297
0,0.26364067
0,0.26461762
0,0.26222956
0,0.26990104
0,0.261776
0,0.31245404
0,0.2812594
0,0.3043307
0,0.28442055
0,0.27389136
0,0.26985595
0,0.2568886
0,0.25811583
0,0.25371823
0,0.25418273
0,0.25463828
0,0.25285012
0,0.36926374
0,0.3196864
0,0.28197998
0,0.27437598
0,0.3165388
0,0.29129535
0,0.30751064
0,0.27884105
0,0.27613443
0,0.26600137
0,0.2905939
0,0.2688502
0,0.27869308
0,0.27074295
0,0.2708143
0,0.27646846
0,0.26390785
0,0.27882254
0,0.27096018
0,0.28107098
0,0.26871815
0,0.26695588
0,0.277061
0,0.27644035
0,0.2659355
0,0.27949488
0,0.26180375
0,0.26248133
0,0.268735
0,0.26850438
0,0.26728112
0,0.2687633
0,0.2645103
0,0.2652717
0,0.26713786
0,0.26140594
0,0.25914517
0,0.2626667
0,0.25449088
0,0.26456335
0,0.263209
0,0.2626749
0,0.26523492
0,0.2637386
0,0.27083623
0,0.26937264
0,0.2606688
0,0.27280495
0,0.2645447
0,0.26423022
0,0.26072836
0,0.2640958
0,0.25458676
0,0.26564577
0,0.26325673
0,0.273118
0,0.26394674
0,0.26647565
0,0.2668506
0,0.27749258
0,0.26814306
0,0.27567953
0,0.27095735
0,0.2659862
0,0.260942
0,0.2879507
0,0.289565
0,0.2785838
0,0.27628705
0,0.26627102
0,0.26440027
0,0.26001343
0,0.26448438
0,0.2691029
0,0.27725175
0,0.27790254
0,0.28281823
0,0.27715722
0,0.26972535
0,0.27380663
0,0.25983182
0,0.2740973
0,0.26471397
0,0.26919773
0,0.26184887
0,0.26693904
0,0.25724965
0,0.27289152
0,0.2647336
0,0.27466497
0,0.27017757
0,0.28562003
0,0.26982483
0,0.27595785
0,0.27070367
0,0.2847228
0,0.27377802
0,0.27195552
0,0.26626295
0,0.27983811
0,0.26815403
0,0.27546427
0,0.2679941
0,0.26988074
0,0.2656541
0,0.26351592
0,0.25557783
0,0.27083978
0,0.2611971
0,0.26359376
0,0.25418648
0,0.26937008
0,0.26721513
0,0.26948527
0,0.265635
0,0.2869592
0,0.26312983
0,0.27359784
0,0.25997972
0,0.27144736
0,0.26127762
0,0.26771003
0,0.26420105
0,0.2731041
0,0.26758897
0,0.27384153
0,0.26777217
0,0.27517357
0,0.25687853
0,0.2691515
0,0.25966728
0,0.26337498
0,0.25918087
0,0.27472612
0,0.26633185
0,0.2786154
0,0.263769
0,0.27464855
0,0.26441985
0,0.27047697
0,0.2650038
0,0.26300904
0,0.25955492
0,0.26500955
0,0.25568384
0,0.2626894
0,0.26440206
0,0.25885987
0,0.25610322
0,0.26014167
0,0.2621972
0,0.26625997
0,0.26328167
0,0.26687673
0,0.26311836
0,0.27145627
0,0.26365754
0,0.2740125
0,0.25985548
0,0.26596257
0,0.2632285
0,0.27229095
0,0.27793312
0,0.27483818
0,0.25853506
0,0.26208517
0,0.2597852
0,0.26934403
0,0.2636293
0,0.2738966
0,0.26569828
0,0.26679423
0,0.2632159
0,0.26731396
0,0.25789145
0,0.26387802
0,0.26135945
0,0.26439834
0,0.2809761
0,0.2712192
0,0.25922197
0,0.26541212
0,0.3056965
0,0.2986566
0,0.2742701
0,0.27825028
0,0.2735101
0,0.27050638
0,0.26837906
0,0.27540675
0,0.2734145
0,0.27165928
0,0.2620379
0,0.27421984
0,0.28149462
0,0.2696011
0,0.2713672
0,0.28022653
0,0.2668784
0,0.2738242
0,0.26288277
0,0.27200276
0,0.26518553
0,0.27190775
0,0.26380053
0,0.27531517
0,0.25838044
0,0.26832
0,0.2613541
0,0.27550617
0,0.2670375
0,0.2674834
0,0.27884996
0,0.27674547
0,0.5022296
0,0.49455842
0,0.3764316
0,0.33644047
0,0.45828357
0,0.38632536
0,0.34393346
0,0.3167073
0,0.28911078
0,0.28823596
0,0.27163336
0,0.27672768
0,0.26220354
0,0.25919503
0,0.24077499
0,0.23071428
0,0.2101307
0,0.20489047
0,0.18834504
0,0.19097984
0,0.18675035
0,0.18858042
0,0.19339912
0,0.2088511
0,0.21917185
0,0.22757298
0,0.2321497
0,0.24974501
0,0.24964851
0,0.25498027
0,0.26550916
0,0.26904237
0,0.2596617
0,0.2639496
0,0.2548742
0,0.2586338
0,0.25345325
0,0.26152593
0,0.25420856
0,0.2645274
0,0.2545705
0,0.26849934
0,0.2566148
0,0.27240044
0,0.2610267
0,0.2761158
0,0.27099946
0,0.26964262
0,0.2630934
0,0.27327123
0,0.2618007
0,0.2704888
0,0.26055846
0,0.26158497
0,0.2610326
0,0.26223266
0,0.25953686
0,0.26815644
0,0.28741357
0,0.27790156
0,0.2650131
0,0.2804431
0,0.26202187
0,0.2653838
0,0.26353854
0,0.26391578
0,0.40567705
0,0.37370464
0,0.31269887
0,0.2981433
0,0.29032004
0,0.28550005
0,0.27576867
0,0.2823859
0,0.26885253
0,0.2788005
0,0.26862878
0,0.27275008
0,0.26278406
0,0.27756497
0,0.26270947
0,0.26970297
0,0.27243713
0,0.27701768
0,0.28102422
0,0.27917457
0,0.27162352
0,0.27565926
0,0.26962095
0,0.28317887
0,0.26778495
0,0.2809178
0,0.26900345
0,0.27578115
0,0.26968178
0,0.27085263
0,0.26076904
0,0.2664041
0,0.2656023
0,0.26063004
0,0.26090154
0,0.25750828
0,0.25638548
0,0.25555643
0,0.249295
0,0.25123715
0,0.2618768
0,0.2598023
0,0.26279804
0,0.27621078
0,0.26113445
0,0.2729799
0,0.27190924
0,0.2817984
0,0.26939473
0,0.2679845
0,0.2664477
0,0.2816086
0,0.28174108
0,0.2847462
0,0.26996186
0,0.27811423
0,0.26211813
0,0.27289256
0,0.2620801
0,0.2836216
0,0.34399542
0,0.31138623
0,0.29057816
0,0.29796138
0,0.28516126
0,0.29502624
0,0.28281265
0,0.2826602
0,0.2793185
0,0.2728713
0,0.26720077
0,0.27320674
0,0.2633146
0,0.27852818
0,0.26321125
0,0.26611927
0,0.26645878
0,0.2750025
0,0.2806845
0,0.29067996
0,0.26839325
0,0.28930974
0,0.27181396
0,0.27902
0,0.27322635
0,0.2783429
0,0.2980587
0,0.28445572
0,0.2733092
0,0.28864104
0,0.2710948
0,0.28802207
0,0.28306264
0,0.28856838
0,0.27264225
0,0.2725495
0,0.2662789
0,0.28167
0,0.2676011
0,0.27995643
0,0.26621696
0,0.27370948
0,0.26792946
0,0.2636842
0,0.26612318
0,0.26993296
0,0.26077956
0,0.2682283
0,0.27021155
0,0.28163043
0,0.2725346
0,0.28098002
0,0.2666694
0,0.28082803
0,0.27243373
0,0.27777192
0,0.26313335
0,0.2813433
0,0.2618201
0,0.27682024
0,0.27358562
0,0.27697062
0,0.28800467
0,0.2733598
0,0.28975207
0,0.2944904
0,0.27750808
0,0.2788788
0,0.27795583
0,0.2785146
0,0.27305058
0,0.27835688
0,0.27069697
0,0.26616797
0,0.2701549
0,0.2756743
0,0.26981604
0,0.27278158
0,0.26247033
0,0.26345986
0,0.27057216
0,0.27031115
0,0.25925407
0,0.27084482
0,0.2655759
0,0.2635334
0,0.25941822
0,0.27710754
0,0.26574132
0,0.2782318
0,0.26846048
0,0.29207218
0,0.27622902
0,0.27354217
0,0.26800233
0,0.26374623
0,0.29180878
0,0.28587368
0,0.27365878
0,0.27778044
0,0.2983263
0,0.28943482
0,0.2764546
0,0.28331465
0,0.2708529
0,0.27498457
0,0.2688637
0,0.26957247
0,0.26187256
0,0.27375516
0,0.27125767
0,0.2752858
0,0.25984526
0,0.2638368
0,0.2533837
0,0.28977674
0,0.26703086
0,0.27587584
0,0.26946837
0,0.26733917
0,0.26839042
0,0.2700174
0,0.26309323
0,0.26202443
0,0.2658447
0,0.2705937
0,0.25881156
0,0.2665715
0,0.2728409
0,0.28048432
0,0.26556754
0,0.2782389
0,0.2624888
0,0.2697222
0,0.25970903
0,0.27334958
0,0.26371327
0,0.26763472
0,0.25810242
0,0.26216578
0,0.26042992
0,0.27711278
0,0.25932762
0,0.2729728
0,0.26485097
0,0.27380815
0,0.2662102
0,0.26501617
0,0.258636
0,0.27457276
0,0.26818496
0,0.27134457
0,0.26355803
0,0.2829951
0,0.26390395
0,0.2688807
0,0.26464364
0,0.26828885
0,0.26355857
0,0.26846272
0,0.26706037
0,0.26352933
0,0.2574604
0,0.26937404
0,0.27433488
0,0.27064916
0,0.25764915
0,0.26836467
0,0.26370427
0,0.26647648
0,0.254758
0,0.2619145
0,0.2678177
0,0.27516443
0,0.2635685
0,0.2689737
0,0.26080185
0,0.26801673
0,0.26056388
0,0.2638642
0,0.2573409
0,0.26552877
0,0.25770524
0,0.2625585
0,0.25930032
0,0.25855386
0,0.25790069
0,0.26452282
0,0.25845546
0,0.26577708
0,0.25622156
0,0.26549459
0,0.2607404
0,0.26630577
0,0.2613457
0,0.27686673
0,0.27065623
0,0.2813708
0,0.2760823
0,0.27671015
0,0.27432016
0,0.28117365
0,0.27361313
0,0.2807605
0,0.27489507
0,0.2894707
0,0.27677768
0,0.27993742
0,0.2731361
0,0.2800559
0,0.27616405
0,0.27304742
0,0.26630622
0,0.27697396
0,0.26666662
0,0.272292
0,0.26637247
0,0.27552542
0,0.2688075
0,0.266229
0,0.26114023
0,0.26571622
0,0.26720926
0,0.26353785
0,0.26510757
0,0.2843127
0,0.27193254
0,0.28223637
0,0.288366
0,0.28345335
0,0.27021667
0,0.2787447
0,0.2647587
0,0.27601978
0,0.266716
0,0.2721054
0,0.25895074
0,0.2668124
0,0.2623014
0,0.2741499
0,0.2675444
0,0.2723727
0,0.2696799
0,0.28387713
0,0.27238894
0,0.27260664
0,0.25921133
0,0.264759
0,0.2538187
0,0.25738996
0,0.25105372
0,0.26297417
0,0.26478547
0,0.26358607
0,0.25614354
0,0.26344827
0,0.26653597
0,0.26869878
0,0.26517192
0,0.28386533
0,0.26707846
0,0.27098948
0,0.268673
0,0.28366965
0,0.28313622
0,0.28669122
0,0.26859948
0,0.2823785
0,0.26096112
0,0.26294264
0,0.2737791
0,0.27277428
0,0.26220945
0,0.26461643
0,0.25993812
0,0.27729484
0,0.26547638
0,0.26246107
0,0.25841624
0,0.26757795
0,0.26014256
0,0.26317194
0,0.2636368
0,0.2697983
0,0.25945535
0,0.2632246
0,0.26074582
0,0.26287705
0,0.2582539
0,0.27485767
0,0.2580856
0,0.27350333
0,0.26489177
0,0.26963416
0,0.25866184
0,0.2661691
0,0.25460503
0,0.26380226
0,0.25633642
0,0.2641327
0,0.25619268
0,0.2638558
0,0.26951274
0,0.26781526
0,0.3956312
0,0.3456896
0,0.30701357
0,0.29506198
0,0.28396595
0,0.27751583
0,0.27490145
0,0.2677906
0,0.27189645
0,0.2758189
0,0.26279137
0,0.27121383
0,0.2641698
0,0.26525053
0,0.2588951
0,0.26914912
0,0.38774848
0,0.3402812
0,0.4229793
0,0.34691995
0,0.31424248
0,0.31215638
0,0.2879728
0,0.2863447
0,0.27689317
0,0.28197888
0,0.2724103
0,0.27207527
0,0.26754877
0,0.27957526
0,0.268577
0,0.27615342
0,0.26843077
0,0.2808495
0,0.2662526
0,0.27812207
0,0.27005842
0,0.26775306
0,0.25766584
0,0.26299468
0,0.2553987
0,0.26164207
0,0.25658634
0,0.26309818
0,0.2555732
0,0.26125896
0,0.26498237
0,0.27508304
0,0.37560618
0,0.32149923
0,0.28495464
0,0.29030988
0,0.27516663
0,0.27920902
0,0.27246237
0,0.280776
0,0.27174407
0,0.27193365
0,0.28068984
0,0.2823162
0,0.26769936
0,0.26500034
0,0.27678484
0,0.27688164
0,0.269748
0,0.26775196
0,0.27753997
0,0.26978895
0,0.30219737
0,0.29620036
0,0.27161142
0,0.27791
0,0.27494815
0,0.2761103
0,0.27687746
0,0.28570467
0,0.2980729
0,0.30151093
0,0.28207958
0,0.2838573
0,0.27317005
0,0.28401175
0,0.2691016
0,0.27568117
0,0.2653648
0,0.2684234
0,0.2684441
0,0.27614617
0,0.25877738
0,0.26962605
0,0.26328304
0,0.2699061
0,0.25979012
0,0.2714578
0,0.2626086
0,0.27309364
0,0.2653125
0,0.26366568
0,0.26180744
0,0.27077362
0,0.26501969
0,0.26816547
0,0.2525304
0,0.258019
0,0.25454083
0,0.2614669
0,0.26268557
0,0.27518576
0,0.25969973
0,0.2569252
0,0.25702462
0,0.2672578
0,0.2627368
0,0.2696464
0,0.26441532
0,0.2789403
0,0.27453423
0,0.28802925
0,0.2739464
0,0.26779574
0,0.2638597
0,0.26173604
0,0.268382
0,0.26549646
0,0.25861782
0,0.26645878
0,0.2597984
0,0.2581415
0,0.25322118
0,0.25545362
0,0.2540586
0,0.26180285
0,0.25541922
0,0.27317658
0,0.2725958
0,0.26971042
0,0.2592019
0,0.2614842
0,0.2625427
0,0.26661456
0,0.2686718
0,0.27343106
0,0.26085854
0,0.26365077
0,0.26882106
0,0.26908278
0,0.26372674
0,0.26699027
0,0.26188746
0,0.27125916
0,0.27636448
0,0.27882817
0,0.26857147
0,0.27245083
0,0.47644722
0,0.46356884
0,0.35456592
0,0.3262072
0,0.29929334
0,0.30217856
0,0.2886281
0,0.2994604
0,0.27774286
0,0.28039926
0,0.2717706
0,0.26769674
0,0.26474354
0,0.27028438
0,0.26912776
0,0.26688144
0,0.26714268
0,0.27308366
0,0.263305
0,0.25910917
0,0.26016825
0,0.27072608
0,0.26629832
0,0.27558073
0,0.26371112
0,0.27772832
0,0.28287986
0,0.29561198
0,0.30545074
0,0.31344664
0,0.30095327
0,0.3009816
0,0.29907802
0,0.29703215
0,0.29160652
0,0.28833145
0,0.27556673
0,0.2779606
0,0.26674286
0,0.27541482
0,0.26542535
0,0.27038804
0,0.27158624
0,0.28039253
0,0.27069953
0,0.2687554
0,0.26835936
0,0.28478673
0,0.27315855
0,0.26737502
0,0.26454782
0,0.2709644
0,0.2638784
0,0.28072295
0,0.26833826
0,0.28407282
0,0.27965724
0,0.27713463
0,0.28222764
0,0.2816903
0,0.26653743
0,0.27281946
0,0.26292694
0,0.2825175
0,0.27510187
0,0.2698722
0,0.42051363
0,0.38234732
0,0.32211703
0,0.30505198
0,0.29528287
0,0.2855762
0,0.28349856
0,0.2840594
0,0.27095655
0,0.26720944
0,0.2600612
0,0.26084253
0,0.2545758
0,0.26584232
0,0.26641566
0,0.268007
0,0.26182854
0,0.27323216
0,0.2786361
0,0.27400455
0,0.26329896
0,0.26876
0,0.28209943
0,0.27299526
0,0.2651556
0,0.29024827
0,0.273659
0,0.27510923
0,0.27198935
0,0.27609202
0,0.26954558
0,0.27347746
0,0.2702371
0,0.2912431
0,0.27469733
0,0.27377778
0,0.27636924
0,0.28308347
0,0.27143684
0,0.2808028
0,0.2735907
0,0.27659902
0,0.26671636
0,0.26429817
0,0.262857
0,0.26025736
0,0.25627902
0,0.26620924
0,0.25988525
0,0.2599035
0,0.25563362
0,0.26098797
0,0.26430416
0,0.274782
0,0.2624621
0,0.27494928
0,0.27328017
0,0.28279835
0,0.2679335
0,0.27345502
0,0.26640573
0,0.26636356
0,0.26423028
0,0.26923135
0,0.2647614
0,0.26958027
0,0.2735998
0,0.27179825
0,0.27753276
0,0.28125384
0,0.2734697
0,0.2686616
0,0.26752302
0,0.2732757
0,0.26584622
0,0.26900837
0,0.262948
0,0.26691768
0,0.2626248
0,0.27428758
0,0.2640821
0,0.2734306
0,0.2730437
0,0.2734086
0,0.2841889
0,0.28288242
0,0.26502332
0,0.26729572
0,0.2702566
0,0.27170864
0,0.2679514
0,0.27271774
0,0.27228537
0,0.2724513
0,0.27014855
0,0.2753982
0,0.2750986
0,0.29019955
0,0.2864816
0,0.2958151
0,0.29097575
0,0.3035129
0,0.28514406
0,0.2869931
0,0.2769734
0,0.2776975
0,0.27017993
0,0.29028258
0,0.27688783
0,0.28934786
0,0.27223113
0,0.27800357
0,0.27362898
0,0.28118178
0,0.2678916
0,0.27571154
0,0.26905116
0,0.27438366
0,0.26113185
0,0.26064655
0,0.2681016
0,0.27008176
0,0.26607972
0,0.2676534
0,0.25944462
0,0.26741752
0,0.26482582
0,0.2750157
0,0.26390052
0,0.28612787
0,0.27918935
0,0.2813655
0,0.27223837
0,0.26966888
0,0.26970366
0,0.27351132
0,0.26959613
0,0.27389076
0,0.2723982
0,0.28195924
0,0.2655531
0,0.26957867
0,0.26150438
0,0.26441857
0,0.25588056
0,0.26634395
0,0.25817993
0,0.2657036
0,0.2618953
0,0.2766404
0,0.26598823
0,0.27142885
0,0.29567018
0,0.29820958
0,0.27842844
0,0.27954066
0,0.26825908
0,0.2723633
0,0.2715277
0,0.27683112
0,0.26425275
0,0.27836278
0,0.26488337
0,0.26495603
0,0.2568445
0,0.26263252
0,0.25674
0,0.26531523
0,0.25969306
0,0.26996598
0,0.26513606
0,0.2678624
0,0.26286253
0,0.27828687
0,0.26643065
0,0.26788923
0,0.26764104
0,0.27488378
0,0.26496527
0,0.2701483
0,0.2606597
0,0.2733089
0,0.2662011
0,0.26941627
0,0.26678148
0,0.2743847
0,0.2615321
0,0.26792812
0,0.26495805
0,0.27269292
0,0.38620707
0,0.33981398
0,0.3132914
0,0.30833715
0,0.28603896
0,0.29062486
0,0.2832173
0,0.28309804
0,0.27571365
0,0.27890292
0,0.26396993
0,0.27018142
0,0.26343718
0,0.26681048
0,0.26242748
0,0.27543226
0,0.2595179
0,0.2737526
0,0.2616529
0,0.26499996
0,0.26032785
0,0.2647738
0,0.25348005
0,0.25478575
0,0.2643924
0,0.2643368
0,0.2607259
0,0.25924295
0,0.26134977
0,0.27656773
0,0.28551218
0,0.27745634
0,0.2704763
0,0.27545634
0,0.27111873
0,0.28697094
0,0.28102493
0,0.28790006
0,0.2684354
0,0.2769437
0,0.26844886
0,0.28034163
0,0.2699822
0,0.28013328
0,0.27175054
0,0.27717403
0,0.26397666
0,0.2644613
0,0.2771132
0,0.276765
0,0.2723909
0,0.27902102
0,0.27154997
0,0.27168393
0,0.26367873
0,0.27814564
0,0.26320836
0,0.28065583
0,0.26223344
0,0.2752723
0,0.46348253
0,0.44671258
0,0.56191754
0,0.48230422
0,0.39589745
0,0.35149217
0,0.31548458
0,0.2986775
0,0.27419734
0,0.27283943
0,0.2598472
0,0.24552633
0,0.2355353
0,0.22596233
0,0.2111526
0,0.20304208
0,0.19558758
0,0.18848099
0,0.17916813
0,0.1778156
0,0.17965412
0,0.1856549
0,0.19189857
0,0.2095563
0,0.21779548
0,0.23760282
0,0.23821759
0,0.2522637
0,0.2517241
0,0.264086
0,0.26613373
0,0.2798065
0,0.26628295
0,0.28979626
0,0.26497227
0,0.2828003
0,0.26452827
0,0.27547678
0,0.26909804
0,0.27040282
0,0.26202777
0,0.2735873
0,0.26507002
0,0.26829776
0,0.26791123
0,0.27264628
0,0.28134185
0,0.27156305
0,0.2766867
0,0.2866083
0,0.2732196
0,0.27919605
0,0.26718992
0,0.26984647
0,0.26459
0,0.27211204
0,0.2636237
0,0.26666474
0,0.25813723
0,0.26735437
0,0.25948766
0,0.25722545
0,0.25389877
0,0.28052908
0,0.26556742
0,0.28176647
0,0.28072026
0,0.27860734
0,0.27081028
0,0.2818443
0,0.26951456
0,0.27479246
0,0.2658336
0,0.26993796
0,0.26440907
0,0.26791954
0,0.2693162
0,0.27815837
0,0.2777781
0,0.27188456
0,0.27525222
0,0.28605375
0,0.30384055
0,0.32478783
0,0.29104468
0,0.297597
0,0.28515583
0,0.28231087
0,0.2681397
0,0.28733388
0,0.278967
0,0.2854665
0,0.2705512
0,0.26972386
0,0.27862683
0,0.2908224
0,0.28473806
0,0.3067384
0,0.30078825
0,0.30136082
0,0.29125795
0,0.30383316
0,0.3121339
0,0.31482968
0,0.3088254
0,0.314966
0,0.29428944
0,0.31031755
0,0.29800892
0,0.29397035
0,0.29601142
0,0.29000705
0,0.2752738
0,0.28828487
0,0.29974365
0,0.2906034
0,0.27630487
0,0.28616965
0,0.27202132
0,0.27597553
0,0.26156563
0,0.27448213
0,0.28092003
0,0.2713952
0,0.2727217
0,0.2724721
0,0.27189445
0,0.2700672
0,0.26790324
0,0.2808255
0,0.26409572
0,0.2922698
0,0.28453177
0,0.28056797
0,0.27203766
0,0.2702133
0,0.27165052
0,0.27177754
0,0.26386523
0,0.26556212
0,0.25413543
0,0.2714635
0,0.25637954
0,0.27004474
0,0.26758075
0,0.27159882
0,0.25897434
0,0.2722488
0,0.25693807
0,0.2681087
0,0.30557814
0,0.2816196
0,0.27516875
0,0.28036347
0,0.26971674
0,0.2700363
0,0.2744538
0,0.26629537
0,0.26647547
0,0.26964548
0,0.26558805
0,0.26984325
0,0.26325762
0,0.27707443
0,0.26906773
0,0.27387652
0,0.28446418
0,0.29174426
0,0.27711976
0,0.28142625
0,0.2688883
0,0.279533
0,0.2701156
0,0.2708872
0,0.26205045
0,0.26694328
0,0.25748396
0,0.27416924
0,0.2651576
0,0.27912533
0,0.27220288
0,0.2806996
0,0.26826978
0,0.26954216
0,0.2649952
0,0.29433498
0,0.27741888
0,0.27343917
0,0.26672047
0,0.26737922
0,0.2644053
0,0.27023774
0,0.26364988
0,0.2650565
0,0.2589489
0,0.26207533
0,0.25417563
0,0.26465827
0,0.2615149
0,0.2623297
0,0.26546845
0,0.26679772
0,0.2596726
0,0.26651096
0,0.2602778
0,0.26260865
0,0.26591554
0,0.2726748
0,0.2732677
0,0.2806861
0,0.27221894
0,0.27659014
0,0.2799242
0,0.2782755
0,0.27662662
0,0.27965748
0,0.26891443
0,0.2734571
0,0.26368836
0,0.27692556
0,0.2629054
0,0.27586734
0,0.26947317
0,0.27332243
0,0.26156524
0,0.26273265
0,0.2621103
0,0.26548055
0,0.27197272
0,0.27135345
0,0.26307914
0,0.2676213
0,0.2669422
0,0.26908416
0,0.2640898
0,0.26487765
0,0.26263037
0,0.27682328
0,0.2628145
0,0.26908475
0,0.2693875
0,0.28281572
0,0.28453562
0,0.29102063
0,0.2918407
0,0.28030106
0,0.27487734
0,0.28783768
0,0.27807
0,0.2826588
0,0.28832597
0,0.28610212
0,0.2709825
0,0.27899775
0,0.2780662
0,0.27345446
0,0.26397297
0,0.26917785
0,0.25773615
0,0.27290258
0,0.26204127
0,0.26309696
0,0.2564465
0,0.26852313
0,0.26883718
0,0.2662075
0,0.27769265
0,0.27421513
0,0.2957279
0,0.29626897
0,0.28330714
0,0.2848275
0,0.27299947
0,0.2690908
0,0.28331184
0,0.28176022
0,0.4060803
0,0.40479788
0,0.32986298
0,0.31057966
0,0.29606727
0,0.28861946
0,0.27599207
0,0.2756327
0,0.2725588
0,0.28630155
0,0.2795213
0,0.28732413
0,0.2725119
0,0.27113152
0,0.26416275
0,0.27101406
0,0.26539257
0,0.26678985
0,0.2690502
0,0.2656555
0,0.80002326
0,0.9276656
0,0.8391429
0,0.81001383
0,0.75295645
0,0.6804662
0,0.54618955
0,0.4708705
0,0.37347227
0,0.31430638
0,0.2724401
0,0.22761704
0,0.19509648
0,0.18370914
0,0.15495068
0,0.13790037
0,0.12786588
0,0.13436943
0,0.12683791
0,0.13087104
0,0.22355627
0,0.2194582
0,0.16540644
0,0.15908296
0,0.13945572
0,0.13657835
0,0.13664539
0,0.1348421
0,0.12996224
0,0.13475814
0,0.24411735
0,0.26439187
0,0.2561391
0,0.25667357
0,0.25010088
0,0.26263946
0,0.25563943
0,0.2609937
0,0.25240716
0,0.27263734
0,0.26011527
0,0.26689532
0,0.2551188
0,0.27681673
0,0.270769
0,0.26607823
0,0.26593533
0,0.2694175
0,0.25863558
0,0.26686355
0,0.26199472
0,0.26696658
0,0.266563
0,0.266394
0,0.27376324
0,0.27528265
0,0.26539367
0,0.27935505
0,0.2710731
0,0.2742191
0,0.27430442
0,0.27465945
0,0.2695724
0,0.27071074
0,0.26630744
0,0.27654445
0,0.26415774
0,0.26768813
0,0.26048982
0,0.26737064
0,0.27178854
0,0.26761588
0,0.26347786
0,0.2672807
0,0.26215497
0,0.27989423
0,0.26940775
0,0.28937855
0,0.27112812
0,0.26893204
0,0.2692345
0,0.28298134
0,0.26931596
0,0.2732798
0,0.27343455
0,0.2849603
0,0.27722016
0,0.2808273
0,0.27160323
0,0.2750795
0,0.2730794
0,0.26800892
0,0.26674876
0,0.2833008
0,0.2865517
0,0.29344875
0,0.27301276
0,0.2773903
0,0.26663262
0,0.2636881
0,0.40973943
0,0.36397123
0,0.33225736
0,0.3013287
0,0.28395906
0,0.29378584
0,0.27788445
0,0.27038503
0,0.2750427
0,0.28088635
0,0.27152416
0,0.2746809
0,0.27074584
0,0.27252832
0,0.28497395
0,0.28069502
0,0.2793673
0,0.2823628
0,0.2734717
0,0.2870342
0,0.2695683
0,0.27150044
0,0.26473454
0,0.27358076
0,0.26949596
0,0.269141
0,0.26304132
0,0.2655942
0,0.27528372
0,0.2741548
0,0.46546847
0,0.43645605
0,0.35096037
0,0.34365943
0,0.31002593
0,0.297333
0,0.28049442
0,0.27297994
0,0.26386878
0,0.28425342
0,0.27124822
0,0.2747611
0,0.27060407
0,0.27607912
0,0.26362395
0,0.26751456
0,0.25876978
0,0.26348796
0,0.2538434
0,0.2610559
0,0.2641025
0,0.25872764
0,0.2545086
0,0.26576388
0,0.25361806
0,0.26240754
0,0.26280162
0,0.28015023
0,0.26149136
0,0.26568788
0,0.26179737
0,0.27349448
0,0.26412553
0,0.2652735
0,0.26590636
0,0.26532224
0,0.26448023
0,0.2732044
0,0.26485172
0,0.26813272
0,0.25584266
0,0.26965287
0,0.2717981
0,0.2719581
0,0.26517275
0,0.26829785
0,0.26517066
0,0.2711565
0,0.26223975
0,0.26766267
0,0.26466095
0,0.27337646
0,0.25556812
0,0.2673924
0,0.25642595
0,0.26180902
0,0.26338822
0,0.28567806
0,0.26225954
0,0.268799
0,0.25880587
0,0.25924104
0,0.252643
0,0.25715896
0,0.25412324
0,0.26192206
0,0.27157703
0,0.2637712
0,0.26690975
0,0.2677768
0,0.26351812
0,0.2791857
0,0.2619081
0,0.26388547
0,0.27312848
0,0.27730736
0,0.26852417
0,0.28417087
0,0.2654137
0,0.27627486
0,0.27395633
0,0.27578905
0,0.26620573
0,0.2736509
0,0.36084554
0,0.30273473
0,0.28749296
0,0.2841735
0,0.27357602
0,0.27515027
0,0.26823345
0,0.2736904
0,0.26137584
0,0.26496965
0,0.26091552
0,0.2744153
0,0.2627755
0,0.2740963
0,0.2645532
0,0.273055
0,0.27773854
0,0.2663219
0,0.2655291
0,0.26749218
0,0.26063943
0,0.27182972
0,0.25837597
0,0.27585977
0,0.27664682
0,0.27372625
0,0.2716867
0,0.27727363
0,0.2615382
0,0.27269328
0,0.27383712
0,0.27372524
0,0.26702592
0,0.26978892
0,0.25979665
0,0.26978332
0,0.26325622
0,0.26281804
0,0.2587535
0,0.26416704
0,0.2638177
0,0.27213866
0,0.2628173
0,0.26145566
0,0.25909114
0,0.28376114
0,0.2923421
0,0.2869744
0,0.29360312
0,0.28291053
0,0.26871458
0,0.2747697
0,0.27364796
0,0.26620966
0,0.26866692
0,0.26890683
0,0.26283112
0,0.27959415
0,0.27429414
0,0.27583945
0,0.2651662
0,0.27405313
0,0.3919829
0,0.3373509
0,0.38675886
0,0.33951825
0,0.30177853
0,0.29620394
0,0.28601643
0,0.2942492
0,0.27316228
0,0.28056625
0,0.27133703
0,0.27741992
0,0.265202
0,0.27018142
0,0.26197502
0,0.27041912
0,0.26852295
0,0.28776184
0,0.26854163
0,0.2636486
0,0.3101967
0,0.28250146
0,0.26541314
0,0.2717695
0,0.26091686
0,0.26241308
0,0.2561942
0,0.2618537
0,0.2570345
0,0.26323736
0,0.26124743
0,0.2703969
0,0.26044238
0,0.2838283
0,0.27248967
0,0.2768069
0,0.2715237
0,0.26897463
0,0.2656248
0,0.27404422
0,0.26437896
0,0.2747235
0,0.26027834
0,0.27521703
0,0.28129807
0,0.2789883
0,0.26936492
0,0.28003708
0,0.26338995
0,0.275986
0,0.2608681
0,0.28549013
0,0.26993382
0,0.27459514
0,0.26254177
0,0.26237765
0,0.26460788
0,0.26497903
0,0.2647403
0,0.27052078
0,0.26906148
0,0.2685755
0,0.26076287
0,0.27035892
0,0.35262433
0,0.29067633
0,0.28189307
0,0.28553933
0,0.27603918
0,0.28574708
0,0.26393735
0,0.26540953
0,0.25861144
0,0.27338964
0,0.26027554
0,0.271308
0,0.2847265
0,0.2894566
0,0.27800384
0,0.2850015
0,0.27622822
0,0.27503207
0,0.26054597
0,0.26667145
0,0.26245072
0,0.2648997
0,0.26409695
0,0.2797919
0,0.27310893
0,0.2764269
0,0.26786372
0,0.26943374
0,0.26223564
0,0.2726686
0,0.26213557
0,0.27343446
0,0.26381817
0,0.2726175
0,0.26584205
0,0.2802188
0,0.26435915
0,0.2730947
0,0.26581627
0,0.29598457
0,0.27324283
0,0.27407864
0,0.27523258
0,0.28487578
0,0.27127653
0,0.2685535
0,0.26444197
0,0.26286522
0,0.25757903
0,0.26237303
0,0.25582424
0,0.26400217
0,0.2561598
0,0.27052838
0,0.25737488
0,0.27371913
0,0.2692105
0,0.2666935
0,0.25730598
0,0.28778315
0,0.26943034
0,0.2724979
0,0.28400895
0,0.2835954
0,0.2749966
0,0.28618258
0,0.2766385
0,0.27996978
0,0.26129538
0,0.27589062
0,0.2662396
0,0.2881798
0,0.28228945
0,0.28598943
0,0.283004
0,0.27439317
0,0.27857393
0,0.2743435
0,0.2775516
0,0.27694818
0,0.26410457
0,0.26326746
0,0.25586885
0,0.26933363
0,0.26026237
0,0.26596612
0,0.28104135
0,0.27712137
0,0.26717237
0,0.27314538
0,0.2623769
0,0.26899675
0,0.26730767
0,0.2717167
0,0.28561094
0,0.27946156
0,0.27380824
0,0.2718995
0,0.2751752
0,0.2841063
0,0.27412608
0,0.28180507
0,0.272564
0,0.2792334
0,0.27079296
0,0.27495858
0,0.2582608
0,0.27030262
0,0.25825447
0,0.26351455
0,0.25464073
0,0.26317728
0,0.25425234
0,0.28424
0,0.2839109
0,0.2967196
0,0.28700632
0,0.29338944
0,0.27848417
0,0.27081788
0,0.2654004
0,0.26437357
0,0.26056376
0,0.26687884
0,0.27732477
0,0.28336152
0,0.27194837
0,0.27659193
0,0.267223
0,0.27337852
0,0.26654145
0,0.27394345
0,0.2608395
0,0.2612907
0,0.25729936
0,0.26841405
0,0.46351382
0,0.42641827
0,0.34420887
0,0.31898493
0,0.30069155
0,0.29154715
0,0.27454793
0,0.27978212
0,0.2692183
0,0.2639452
0,0.25856498
0,0.26153323
0,0.25508344
0,0.2690118
0,0.25964996
0,0.26637882
0,0.46803677
0,0.44039732
0,0.43541127
0,0.7575455
0,0.5915641
0,0.5140896
0,0.43650216
0,0.3738233
0,0.269626
0,0.22114518
0,0.19578314
0,0.1754156
0,0.15675005
0,0.15043387
0,0.15414973
0,0.14431424
0,0.13598715
0,0.13728179
0,0.12855744
0,0.12964202
0,0.12888516
0,0.1316027
0,0.13575758
0,0.14416835
0,0.15424506
0,0.16944733
0,0.18406124
0,0.19775617
0,0.21094102
0,0.23630121
0,0.24768047
0,0.26937556
0,0.2655234
0,0.26653376
0,0.26119024
0,0.2626529
0,0.26126814
0,0.27721018
0,0.2681814
0,0.2801851
0,0.26590404
0,0.27041337
0,0.26484403
0,0.26289588
0,0.25689742
0,0.2556195
0,0.2572527
0,0.26009586
0,0.2566042
0,0.26702625
0,0.2666753
0,0.2709957
0,0.26862243
0,0.27401224
0,0.26578954
0,0.26346928
0,0.2660426
0,0.27208886
0,0.26582462
0,0.26494068
0,0.26564562
0,0.26348642
0,0.2539264
0,0.28351405
0,0.27325177
0,0.28004047
0,0.2651399
0,0.27196556
0,0.27440885
0,0.2769898
0,0.26859292
0,0.28408968
0,0.27831492
0,0.27232325
0,0.26926434
0,0.26619688
0,0.2680059
0,0.2666201
0,0.2609492
0,0.27859488
0,0.27471155
0,0.2747692
0,0.27724046
0,0.2769095
0,0.279609
0,0.2740341
0,0.27246037
0,0.2739061
0,0.27394792
0,0.2761345
0,0.27911028
0,0.27243865
0,0.27834165
0,0.2771635
0,0.51107764
0,0.4653833
0,0.36024898
0,0.34491712
0,0.31345022
0,0.29550695
0,0.28169033
0,0.27569634
0,0.270497
0,0.28828928
0,0.29260734
0,0.28963268
0,0.3314973
0,0.28463435
0,0.27648118
0,0.27967343
0,0.26253608
0,0.27504244
0,0.2632862
0,0.2672748
0,0.25613147
0,0.25261265
0,0.25383285
0,0.2609685
0,0.25883344
0,0.28388765
0,0.2715956
0,0.2772185
0,0.26965278
0,0.27700585
0,0.27989027
0,0.27831808
0,0.5039614
0,0.47092015
0,0.37944716
0,0.34056047
0,0.3124708
0,0.2980164
0,0.29696485
0,0.2941707
0,0.28185576
0,0.27585983
0,0.26623198
0,0.28422102
0,0.26758826
0,0.2688418
0,0.26661912
0,0.28098077
0,0.2678396
0,0.2769903
0,0.2599889
0,0.258342
0,0.24840264
0,0.25123537
0,0.24951567
0,0.258346
0,0.30345586
0,0.27254578
0,0.26330727
0,0.28762853
0,0.27054444
0,0.2795088
0,0.27573067
0,0.28827432
0,0.52538085
0,0.50029373
0,0.39768428
0,0.35908112
0,0.3310059
0,0.31929752
0,0.3168709
0,0.29968888
0,0.2867629
0,0.28755292
0,0.27370682
0,0.27293095
0,0.26436886
0,0.27335253
0,0.26230392
0,0.24417129
0,0.2277095
0,0.22665027
0,0.22166047
0,0.22826143
0,0.22230203
0,0.2264759
0,0.23200813
0,0.23232126
0,0.24066414
0,0.25434062
0,0.25097883
0,0.25886795
0,0.25617325
0,0.26492292
0,0.27280688
0,0.29153785
0,0.2814218
0,0.2903702
0,0.28527617
0,0.2844998
0,0.2774779
0,0.27698582
0,0.26992077
0,0.28152856
0,0.27462885
0,0.2801835
0,0.2776085
0,0.27817377
0,0.2754534
0,0.282367
0,0.27522656
0,0.28396675
0,0.28399596
0,0.288231
0,0.2727389
0,0.26948845
0,0.26739174
0,0.2778824
0,0.2763445
0,0.2874081
0,0.2837294
0,0.29249507
0,0.28132558
0,0.2829809
0,0.27843332
0,0.294023
0,0.28632686
0,0.28072152
0,0.27526957
0,0.28976828
0,0.28721124
0,0.28163275
0,0.2745096
0,0.28533614
0,0.27156186
0,0.2773476
0,0.26849446
0,0.2787694
0,0.26834697
0,0.2750242
0,0.26452294
0,0.26903248
0,0.27003458
0,0.27731344
0,0.2623778
0,0.27658617
0,0.26640993
0,0.2763648
0,0.2714182
0,0.2735699
0,0.27539864
0,0.27221614
0,0.27043563
0,0.2797449
0,0.27735457
0,0.2835901
0,0.2713997
0,0.28911808
0,0.37336448
0,0.3077583
0,0.3094248
0,0.2990785
0,0.29517862
0,0.28964633
0,0.2733397
0,0.2968682
0,0.27341452
0,0.28870285
0,0.2681947
0,0.27429122
0,0.2818723
0,0.27329135
0,0.2673031
0,0.27128723
0,0.26820782
0,0.27258685
0,0.2712882
0,0.26815277
0,0.42708787
0,0.37215337
0,0.34996602
0,0.3552089
0,0.30417985
0,0.29179794
0,0.2804037
0,0.2850886
0,0.27907094
0,0.27751276
0,0.27498016
0,0.26788422
0,0.26582256
0,0.27118734
0,0.2633787
0,0.26743916
0,0.26404598
0,0.26603234
0,0.2641948
0,0.26567873
0,0.2574747
0,0.26416895
0,0.264754
0,0.2707642
0,0.27222687
0,0.27502066
0,0.2686892
0,0.2799574
0,0.26980388
0,0.2685798
0,0.274878
0,0.27617303
0,0.2629513
0,0.28010297
0,0.27055514
0,0.27062613
0,0.32073152
0,0.2819262
0,0.2801759
0,0.27769622
0,0.27892515
0,0.28037786
0,0.2715739
0,0.26794827
0,0.26247993
0,0.26803643
0,0.26278678
0,0.26984832
0,0.264367
0,0.26382354
0,0.354973
0,0.31395948
0,0.28115207
0,0.28443903
0,0.2712878
0,0.29194105
0,0.27556422
0,0.27195215
0,0.27401385
0,0.27362218
0,0.26270467
0,0.28565612
0,0.26913878
0,0.27027008
0,0.2602612
0,0.27092955
0,0.25990477
0,0.2716426
0,0.27503598
0,0.28144538
0,0.28574893
0,0.28721896
0,0.2751974
0,0.29074004
0,0.2779629
0,0.28975308
0,0.2689047
0,0.27872744
0,0.2810093
0,0.27896973
0,0.28052735
0,0.27187616
0,0.2789237
0,0.28143573
0,0.2765998
0,0.28621745
0,0.27410957
0,0.28522053
0,0.2986994
0,0.30349657
0,0.27736834
0,0.2813169
0,0.27269617
0,0.28787526
0,0.26836067
0,0.27751583
0,0.26435024
0,0.27979577
0,0.26301187
0,0.27592927
0,0.2611153
0,0.28205392
0,0.27185935
0,0.2713198
0,0.26283786
0,0.27085504
0,0.2625929
0,0.27274057
0,0.26400015
0,0.2665126
0,0.27411926
0,0.29266644
0,0.28044257
0,0.28226024
0,0.27632833
0,0.29954275
0,0.28395882
0,0.29031608
0,0.2796688
0,0.2830945
0,0.2678343
0,0.27198613
0,0.26978162
0,0.26535857
0,0.27447966
0,0.27654457
0,0.27784497
0,0.28626636
0,0.27278244
0,0.29021126
0,0.27570212
0,0.2782328
0,0.2789097
0,0.28351426
0,0.27437067
0,0.29819724
0,0.2911182
0,0.28154996
0,0.26709777
0,0.276658
0,0.2654205
0,0.27346227
0,0.41823867
0,0.34913614
0,0.3150468
0,0.3134403
0,0.2879648
0,0.29008517
0,0.27680174
0,0.2941216
0,0.27508354
0,0.28234774
0,0.27515167
0,0.27382332
0,0.27177352
0,0.27042
0,0.2716965
0,0.27425173
0,0.2766432
0,0.29635504
0,0.38250145
0,0.33126926
0,0.29491377
0,0.28833947
0,0.2748869
0,0.28788692
0,0.27489802
0,0.27307385
0,0.26810515
0,0.26433954
0,0.26608318
0,0.27723002
0,0.27454573
0,0.28309405
0,0.26745325
0,0.2721835
0,0.26994398
0,0.27535746
0,0.27131042
0,0.27504924
0,0.43021622
0,0.3677808
0,0.3134327
0,0.30027074
0,0.28965563
0,0.28844357
0,0.27588612
0,0.2802693
0,0.26632366
0,0.28965372
0,0.27186814
0,0.27292937
0,0.26792562
0,0.26872107
0,0.2621608
0,0.26194713
0,0.25706297
0,0.2623457
0,0.2545031
0,0.2611105
0,0.25675255
0,0.2643487
0,0.26488152
0,0.2691014
0,0.2673373
0,0.27485543
0,0.27548584
0,0.2826323
0,0.2710198
0,0.2689012
0,0.26392743
0,0.26799363
0,0.27202293
0,0.26875097
0,0.26477206
0,0.2731017
0,0.25497624
0,0.271535
0,0.2635699
0,0.27140114
0,0.28285673
0,0.27214512
0,0.26441187
0,0.2725033
0,0.26444414
0,0.26778042
0,0.26296145
0,0.27204174
0,0.2650989
0,0.28184053
0,0.27856582
0,0.26649722
0,0.26392
0,0.26458484
0,0.26066646
0,0.2680209
0,0.261076
0,0.274725
0,0.26237923
0,0.27003026
0,0.27381524
0,0.28333315
0,0.2765735
0,0.2791357
0,0.26873854
0,0.27696997
0,0.27268684
0,0.27258202
0,0.27259928
0,0.28091112
0,0.26940066
0,0.2770227
0,0.26538667
0,0.2721671
0,0.26518652
0,0.28121576
0,0.26625463
0,0.26795197
0,0.25717655
0,0.28121743
0,0.26336473
0,0.27259594
0,0.26476002
0,0.27917412
0,0.2699813
0,0.28342903
0,0.27968872
0,0.2672778
0,0.25984374
0,0.26951286
0,0.266042
0,0.2894683
0,0.2671077
0,0.27418005
0,0.27230954
0,0.2729394
0,0.26269275
0,0.27370813
0,0.26240548
0,0.2761292
0,0.2859883
0,0.28602257
0,0.28126046
0,0.28277126
0,0.276259
0,0.27606407
0,0.26586652
0,0.2649507
0,0.25941637
0,0.26293746
0,0.25906366
0,0.28131026
0,0.27628136
0,0.27436003
0,0.2643581
0,0.2833871
0,0.501454
0,0.44675997
0,0.36585537
0,0.3405748
0,0.31259978
0,0.30566323
0,0.2889032
0,0.29937065
0,0.28614607
0,0.28116885
0,0.2722742
0,0.28376085
0,0.26405552
0,0.26594728
0,0.26274142
0,0.27392375
0,0.2732455
0,0.26470932
0,0.2596112
0,0.2636867
0,0.25464925
0,0.26470107
0,0.26227957
0,0.26457763
0,0.26636252
0,0.2678151
0,0.26263013
0,0.2699786
0,0.27571917
0,0.27526936
0,0.2768195
0,0.2923923
0,0.2765694
0,0.2770753
0,0.28110972
0,0.2782613
0,0.2657069
0,0.27457756
0,0.26718432
0,0.27107728
0,0.26038274
0,0.26669756
0,0.2652679
0,0.26859802
0,0.26752138
0,0.27405602
0,0.2709564
0,0.27550456
0,0.267275
0,0.27179745
0,0.2716672
0,0.2759648
0,0.27208552
0,0.26722157
0,0.2636113
0,0.2609109
0,0.31582907
0,0.2844667
0,0.2879772
0,0.282981
0,0.27654248
0,0.28223598
0,0.2728073
0,0.27185068
0,0.26208448
0,0.28603232
0,0.26962718
0,0.28281796
0,0.27147612
0,0.27642003
0,0.27195072
0,0.27636075
0,0.26646483
0,0.2723293
0,0.2717426
0,0.27104324
0,0.27038568
0,0.26489776
0,0.281287
0,0.27010593
0,0.27112937
0,0.27772984
0,0.26703885
0,0.2690175
0,0.2695154
0,0.26888323
0,0.2835784
0,0.28077003
0,0.2753215
0,0.28157282
0,0.2677074
0,0.2689331
0,0.2670038
0,0.26910338
0,0.2766861
0,0.26905537
0,0.2777588
0,0.28419247
0,0.27351207
0,0.27545634
0,0.2736243
0,0.2748027
0,0.27018377
0,0.5037115
0,0.3582039
0,0.33751842
0,0.30605993
0,0.30812538
0,0.28929564
0,0.28762192
0,0.28500307
0,0.28707328
0,0.28420994
0,0.27734685
0,0.26650947
0,0.28418657
0,0.28861302
0,0.28195375
0,0.26873794
0,0.28627625
0,0.27975407
0,0.27112937
0,0.2666634
0,0.26729226
0,0.26149184
0,0.26279083
0,0.26293972
0,0.25743866
0,0.25504646
0,0.259918
0,0.26110113
0,0.30092588
0,0.28579545
0,0.27851343
0,0.2729459
0,0.26971814
0,0.2622971
0,0.2651036
0,0.26009467
0,0.2840472
0,0.28885135
0,0.27462718
0,0.2738182
0,0.27796847
0,0.27791524
0,0.28183228
0,0.27619767
0,0.28970617
0,0.26935485
0,0.27695674
0,0.28293228
0,0.28209138
0,0.27655953
0,0.27462924
0,0.27279487
0,0.26227707
0,0.2592804
0,0.27541712
0,0.26067078
0,0.26590917
0,0.25878432
0,0.28010014
0,0.3978692
0,0.3183181
0,0.30155402
0,0.29341125
0,0.27752504
0,0.27542478
0,0.2692322
0,0.27961177
0,0.2719548
0,0.27450112
0,0.26277182
0,0.27020293
0,0.26941055
0,0.2767059
0,0.27172318
0,0.28560394
0,0.2752261
0,0.27924794
0,0.26519525
0,0.27495602
0,0.26601884
0,0.28034914
0,0.2685045
0,0.27542046
0,0.26283038
0,0.26261222
0,0.2548598
0,0.27064267
0,0.26090994
0,0.25987634
0,0.2546842
0,0.25965694
0,0.26273024
0,0.2724666
0,0.2652733
0,0.27889666
0,0.27119774
0,0.26817495
0,0.2594469
0,0.2629878
0,0.2680346
0,0.2777074
0,0.26648656
0,0.27254358
0,0.27272663
0,0.2768341
0,0.27416775
0,0.28120402
0,0.27028462
0,0.27702725
0,0.2665591
0,0.27046862
0,0.261665
0,0.2744652
0,0.25984707
0,0.26283926
0,0.26730627
0,0.26345816
0,0.26405522
0,0.27055776
0,0.27034044
0,0.27629715
0,0.27791628
0,0.2716892
0,0.2650892
0,0.2624454
0,0.26303738
0,0.2716324
0,0.27015698
0,0.2663383
0,0.2740606
0,0.26992303
0,0.26349795
0,0.2691289
0,0.27221367
0,0.2769957
0,0.2681027
0,0.2632849
0,0.26049823
0,0.2664553
0,0.26017776
0,0.26219875
0,0.2607132
0,0.2667284
0,0.27168193
0,0.29073742
0,0.27258337
0,0.28319678
0,0.26547062
0,0.27870083
0,0.27168536
0,0.267476
0,0.27093425
0,0.28077313
0,0.27663347
0,0.26810434
0,0.2655966
0,0.27483007
0,0.26367095
0,0.27542475
0,0.27263495
0,0.2751156
0,0.2685518
0,0.27590528
0,0.28118822
0,0.27331153
0,0.28094167
0,0.27737206
0,0.2814721
0,0.29543462
0,0.27969953
0,0.28620952
0,0.2806285
0,0.2782197
0,0.26942566
0,0.27251035
0,0.26787728
0,0.27506837
0,0.27201936
0,0.2686338
0,0.27601138
0,0.27665013
0,0.27351776
0,0.2731321
0,0.27176544
0,0.2810029
0,0.27541345
0,0.28838575
0,0.28073922
0,0.28220642
0,0.28186974
0,0.27750003
0,0.27104896
0,0.27847403
0,0.273967
0,0.27134335
0,0.26811635
0,0.26371112
0,0.26015195
0,0.2673977
0,0.26548555
0,0.27056137
0,0.25831357
0,0.2712505
0,0.26364067
0,0.27402195
0,0.26825705
0,0.2691938
0,0.26368433
0,0.2749636
0,0.27316552
0,0.26936167
0,0.2620707
0,0.2621815
0,0.2669925
0,0.27053303
0,0.27484933
0,0.26820865
0,0.2788981
0,0.27850297
0,0.2820067
0,0.29521573
0,0.2856862
0,0.27658844
0,0.27413073
0,0.2677907
0,0.27967548
0,0.28793985
0,0.27304646
0,0.27852148
0,0.2755121
0,0.26905167
0,0.2702706
0,0.27111545
0,0.2651024
0,0.2750784
0,0.2716892
0,0.27274185
0,0.26323172
0,0.26455873
0,0.27492073
0,0.27343944
0,0.2691329
0,0.2763059
0,0.266316
0,0.28419626
0,0.26679006
0,0.27689603
0,0.27001905
0,0.27198195
0,0.26213485
0,0.2770748
0,0.27112532
0,0.27354634
0,0.2879983
0,0.2859584
0,0.28422529
0,0.27904424
0,0.27648646
0,0.27425686
0,0.2762211
0,0.2715271
0,0.27517635
0,0.268837
0,0.26257625
0,0.26451546
0,0.26258826
0,0.26538098
0,0.26944536
0,0.2673922
0,0.26480454
0,0.27019617
0,0.2663285
0,0.2760682
0,0.2665464
0,0.26517817
0,0.25768188
0,0.26619643
0,0.2656855
0,0.26381645
0,0.2626858
0,0.2713947
0,0.26967952
0,0.27021536
0,0.2662577
0,0.27417287
0,0.32715893
0,0.28460172
0,0.28018466
0,0.28491524
0,0.2783883
0,0.28446737
0,0.2864595
0,0.28279552
0,0.27823055
0,0.2837795
0,0.28203973
0,0.28129974
0,0.29366374
0,0.2861931
0,0.2822169
0,0.28459743
0,0.29430774
0,0.2908831
0,0.2796206
0,0.29853758
0,0.2894459
0,0.28131002
0,0.52034646
0,0.46446645
0,0.37502414
0,0.33529323
0,0.4674871
0,0.36092877
0,0.43541828
0,0.33679664
0,0.30651313
0,0.2755803
0,0.24653806
0,0.2276859
0,0.2069979
0,0.19671588
0,0.18078418
0,0.17330773
0,0.16318461
0,0.16017532
0,0.16000548
0,0.16648394
0,0.16729632
0,0.17503324
0,0.18134241
0,0.19519995
0,0.20755458
0,0.21886194
0,0.23242709
0,0.24182446
0,0.23791666
0,0.26261467
0,0.27041194
0,0.27627695
0,0.26368797
0,0.2776653
0,0.27447245
0,0.27265668
0,0.2722488
0,0.276065
0,0.27382162
0,0.2709628
0,0.27167788
0,0.26529542
0,0.27840754
0,0.26228297
0,0.2659513
0,0.34832355
0,0.29345307
0,0.28406125
0,0.28235984
0,0.29991454
0,0.29552457
0,0.29076815
0,0.28099704
0,0.28305945
0,0.27768362
0,0.27610394
0,0.2865258
0,0.27700788
0,0.27168232
0,0.27320313
0,0.2841112
0,0.27393228
0,0.2820299
0,0.27940837
0,0.28911677
0,0.28801805
0,0.268435
0,0.2788565
0,0.29133472
0,0.28038624
0,0.27545974
0,0.27189496
0,0.28433564
0,0.2774772
0,0.2722159
0,0.27658823
0,0.26845422
0,0.2631979
0,0.27592584
0,0.27424917
0,0.28399098
0,0.28044295
0,0.2937539
0,0.28994507
0,0.28370726
0,0.29366013
0,0.28338507
0,0.28503063
0,0.2980937
0,0.27737293
0,0.27125022
0,0.27069622
0,0.26646307
0,0.28082567
0,0.28125048
0,0.2762535
0,0.27874988
0,0.27528003
0,0.27697453
0,0.27467304
0,0.2856652
0,0.2768222
0,0.26586017
0,0.2700239
0,0.2700432
0,0.26947635
0,0.26650956
0,0.27195677
0,0.26485106
0,0.26705202
0,0.26843753
0,0.26387644
0,0.26522008
0,0.2676087
0,0.26817322
0,0.26475117
0,0.27686638
0,0.26489362
0,0.27111962
0,0.26059052
0,0.27813235
0,0.27253997
0,0.27982643
0,0.2813691
0,0.26875502
0,0.2795611
0,0.27126825
0,0.27221963
0,0.26889974
0,0.27999693
0,0.28921747
0,0.2844336
0,0.27329975
0,0.2967588
0,0.28211913
0,0.2718935
0,0.3657075
0,0.3064881
0,0.29176012
0,0.2805638
0,0.28199023
0,0.27189633
0,0.2719376
0,0.26870272
0,0.27091157
0,0.26721185
0,0.27530396
0,0.27309516
0,0.2858016
0,0.2742053
0,0.26734042
0,0.27765158
0,0.26782915
0,0.27551332
0,0.28008294
0,0.28722972
0,0.28632843
0,0.2923051
0,0.28112018
0,0.28166553
0,0.28001094
0,0.28519458
0,0.2773896
0,0.277629
0,0.27319893
0,0.2779742
0,0.27306187
0,0.27205515
0,0.27349046
0,0.27612284
0,0.28437814
0,0.2731007
0,0.2661174
0,0.27354532
0,0.26842466
0,0.26772168
0,0.2659853
0,0.2712225
0,0.26578847
0,0.2588779
0,0.26149222
0,0.25752914
0,0.25589705
0,0.2637787
0,0.2711187
0,0.2659517
0,0.2656528
0,0.2676241
0,0.27952752
0,0.2834303
0,0.286563
0,0.27917683
0,0.27085993
0,0.27355868
0,0.27124682
0,0.28698286
0,0.26837975
0,0.27045512
0,0.27584997
0,0.2847596
0,0.28985882
0,0.29209718
0,0.28259382
0,0.272455
0,0.29691675
0,0.27859575
0,0.27321342
0,0.2653609
0,0.27343222
0,0.26550204
0,0.2696461
0,0.26664442
0,0.26395184
0,0.27005282
0,0.27050498
0,0.2688942
0,0.2684261
0,0.27137935
0,0.26805612
0,0.26787522
0,0.26618215
0,0.26496896
0,0.26982206
0,0.27089074
0,0.26728213
0,0.2797331
0,0.27372274
0,0.2755907
0,0.28190306
0,0.27751216
0,0.27074978
0,0.2732691
0,0.263651
0,0.26921645
0,0.26486042
0,0.26700988
0,0.26370698
0,0.2659717
0,0.26125133
0,0.26477316
0,0.2608957
0,0.2681847
0,0.26200593
0,0.26007366
0,0.257443
0,0.26474616
0,0.26010734
0,0.27070034
0,0.27218932
0,0.2727184
0,0.27070254
0,0.2618567
0,0.26005816
0,0.25191218
0,0.2684027
0,0.25931156
0,0.2588995
0,0.29039836
0,0.28105962
0,0.2805331
0,0.27971318
0,0.2819596
0,0.27581906
0,0.2942179
0,0.29981816
0,0.28956577
0,0.28659374
0,0.27849996
0,0.2711473
0,0.2767321
0,0.28446552
0,0.27700534
0,0.3139086
0,0.28586122
0,0.27735925
0,0.28095457
0,0.282583
0,0.28302354
0,0.26580763
0,0.26770526
0,0.27072823
0,0.26866573
0,0.26168406
0,0.2651952
0,0.26770037
0,0.2646004
0,0.26463574
0,0.26361024
0,0.26842207
0,0.2720868
0,0.36225173
0,0.2991495
0,0.3533227
0,0.3092089
0,0.2918701
0,0.28705683
0,0.27983725
0,0.27555493
0,0.26835892
0,0.27152148
0,0.26793796
0,0.27092212
0,0.27556694
0,0.2751613
0,0.27178866
0,0.26559034
0,0.27266604
0,0.27633324
0,0.2692197
0,0.27251285
0,0.2745578
0,0.28126493
0,0.27800176
0,0.27332947
0,0.27319288
0,0.28839818
0,0.64779204
0,0.6675272
0,0.5038048
0,0.4268052
0,0.39319003
0,0.34941152
0,0.321522
0,0.30318955
0,0.28013307
0,0.26578918
0,0.25141647
0,0.23442529
0,0.21879019
0,0.19415368
0,0.17094046
0,0.16087475
0,0.15228876
0,0.14693007
0,0.14524725
0,0.15091822
0,0.15229094
0,0.16214806
0,0.17140514
0,0.18020236
0,0.19552627
0,0.211843
0,0.21415983
0,0.23613462
0,0.248615
0,0.26308927
0,0.26947927
0,0.27526584
0,0.26617873
0,0.2681585
0,0.27677748
0,0.26868692
0,0.273548
0,0.28616926
0,0.28554577
0,0.27923492
0,0.2805175
0,0.284961
0,0.289889
0,0.28525737
0,0.2730731
0,0.27521852
0,0.27571565
0,0.27611917
0,0.27178425
0,0.28201002
0,0.28075922
0,0.27245384
0,0.27343792
0,0.27659178
0,0.277588
0,0.27519843
0,0.27988538
0,0.2730609
0,0.28287852
0,0.28349304
0,0.28463942
0,0.2737187
0,0.26095265
0,0.27161664
0,0.2646401
0,0.27103543
0,0.26237398
0,0.271238
0,0.27198482
0,0.28248742
0,0.2692979
0,0.26834044
0,0.28488567
0,0.28870952
0,0.2780347
0,0.27192184
0,0.26752713
0,0.27120277
0,0.51595205
0,0.46588424
0,0.37021673
0,0.34225872
0,0.31276578
0,0.30119765
0,0.4068936
0,0.32704136
0,0.31903186
0,0.2943721
0,0.28582853
0,0.3022376
0,0.29261678
0,0.2778282
0,0.27024037
0,0.26649904
0,0.24979864
0,0.24138014
0,0.2186806
0,0.20944372
0,0.20847005
0,0.20706232
0,0.20816411
0,0.2216837
0,0.22039215
0,0.23338841
0,0.24078968
0,0.2509015
0,0.25602353
0,0.272357
0,0.27230856
0,0.2770431
0,0.26838952
0,0.27443343
0,0.27117494
0,0.28716096
0,0.27229026
0,0.2772923
0,0.27023146
0,0.27554804
0,0.26935986
0,0.26900324
0,0.26363114
0,0.26917708
0,0.26223502
0,0.26710087
0,0.2609973
0,0.2874975
0,0.2782363
0,0.277713
0,0.2703985
0,0.27311808
0,0.27098015
0,0.27291623
0,0.26851648
0,0.28235316
0,0.26649395
0,0.26109257
0,0.25737804
0,0.27404904
0,0.27103347
0,0.27237397
0,0.26212847
0,0.27093777
0,0.26601985
0,0.26510054
0,0.26297882
0,0.27514294
0,0.26711795
0,0.2752474
0,0.26935792
0,0.26950112
0,0.26110604
0,0.27431703
0,0.27595925
0,0.27650544
0,0.27544123
0,0.2692452
0,0.26960394
0,0.2678813
0,0.26612175
0,0.27566236
0,0.28224218
0,0.27224624
0,0.2740075
0,0.27737167
0,0.2764201
0,0.27494824
0,0.26070836
0,0.28730723
0,0.2764747
0,0.27975807
0,0.2702669
0,0.27404112
0,0.2690232
0,0.2744715
0,0.27003005
0,0.28653064
0,0.2775894
0,0.2789099
0,0.28071052
0,0.2947977
0,0.28707382
0,0.28518444
0,0.270835
0,0.30840346
0,0.27800798
0,0.2857851
0,0.27003083
0,0.27283448
0,0.274976
0,0.28356078
0,0.28081858
0,0.29305345
0,0.28086403
0,0.28713614
0,0.45565072
0,0.38025
0,0.3338266
0,0.31628722
0,0.2909933
0,0.27523223
0,0.28717133
0,0.2717928
0,0.26860097
0,0.27144554
0,0.26408562
0,0.26374352
0,0.26146933
0,0.26642588
0,0.26226777
0,0.2674476
0,0.2765831
0,0.27068427
0,0.27192974
0,0.2857708
0,0.2647858
0,0.2791007
0,0.26639286
0,0.27217928
0,0.26487264
0,0.2738933
0,0.26733175
0,0.28225508
0,0.27850816
0,0.27768508
0,0.27716604
0,0.28220186
0,0.2749393
0,0.2801845
0,0.27888596
0,0.28759027
0,0.27561888
0,0.27632004
0,0.2714099
0,0.26989728
0,0.27651516
0,0.27593634
0,0.27432585
0,0.2844441
0,0.27517635
0,0.27233383
0,0.27406958
0,0.26059976
0,0.26531675
0,0.2643879
0,0.27973175
0,0.27311325
0,0.27082324
0,0.2749315
0,0.26800615
0,0.29321557
0,0.27235958
0,0.2803499
0,0.28461048
0,0.28405368
0,0.2695952
0,0.28541517
0,0.26788878
0,0.2791268
0,0.27159193
0,0.2716702
0,0.27656668
0,0.28010628
0,0.2679324
0,0.27269286
0,0.31721672
0,0.3064874
0,0.28181252
0,0.27566507
0,0.29449826
0,0.2757084
0,0.26846638
0,0.26696143
0,0.2713134
0,0.2780095
0,0.28791922
0,0.27261505
0,0.2814031
0,0.28556502
0,0.28286827
0,0.2811461
0,0.27682796
0,0.28217995
0,0.26797342
0,0.275621
0,0.27621222
0,0.2690881
0,0.26510376
0,0.2682692
0,0.25968412
0,0.26549897
0,0.27006638
0,0.27300116
0,0.26979205
0,0.2817091
0,0.2711772
0,0.27946115
0,0.27816784
0,0.27458814
0,0.2866321
0,0.28185883
0,0.29370418
0,0.28094146
0,0.28041783
0,0.27599922
0,0.28102016
0,0.27110192
0,0.28288972
0,0.27005714
0,0.29161313
0,0.28778383
0,0.28768003
0,0.28410402
0,0.31231478
0,0.30263284
0,0.3032105
0,0.28857037
0,0.28051186
0,0.28058913
0,0.28722537
0,0.28329384
0,0.27343196
0,0.27114296
0,0.28326187
0,0.27732465
0,0.27771798
0,0.27388605
0,0.27946955
0,0.27676278
0,0.276163
0,0.28854716
0,0.29015017
0,0.29216972
0,0.28148088
0,0.28672877
0,0.29190487
0,0.28160012
0,0.29457837
0,0.28295475
0,0.28241864
0,0.27895167
0,0.27938122
0,0.27990362
0,0.27918312
0,0.2734102
0,0.27706537
0,0.28900626
0,0.27678448
0,0.2873587
0,0.27789047
0,0.27148595
0,0.27501535
0,0.2765276
0,0.27376613
0,0.27566823
0,0.2807648
0,0.27234223
0,0.273725
0,0.27479574
0,0.28011468
0,0.2721252
0,0.27635992
0,0.27515912
0,0.2727432
0,0.28163588
0,0.27062008
0,0.36453736
0,0.3234115
0,0.31472334
0,0.2997181
0,0.2913895
0,0.28489995
0,0.28437033
0,0.30566746
0,0.28263453
0,0.28024736
0,0.2802605
0,0.30840564
0,0.2899471
0,0.28818667
0,0.28273797
0,0.28036347
0,0.27815807
0,0.2711329
0,0.26675284
0,0.28510225
0,0.27496788
0,0.27821487
0,0.27694514
0,0.28393298
0,0.2736177
0,0.269844
0,0.26691592
0,0.2701754
0,0.27896866
0,0.27809322
0,0.28731668
0,0.28303108
0,0.27803335
0,0.28165975
0,0.3059094
0,0.29749542
0,0.29484597
0,0.29122213
0,0.28544605
0,0.285808
0,0.27052775
0,0.28555575
0,0.2800774
0,0.27639005
0,0.27171388
0,0.27801716
0,0.26855743
0,0.26453635
0,0.26486927
0,0.27220497
0,0.27294195
0,0.26802704
0,0.27169535
0,0.2789324
0,0.275932
0,0.2807494
0,0.27663964
0,0.28512734
0,0.2767665
0,0.29586533
0,0.31086862
0,0.30208713
0,0.29911727
0,0.30204776
0,0.3034677
0,0.30202475
0,0.28794807
0,0.29175454
0,0.27448338
0,0.2875126
0,0.285579
0,0.28683344
0,0.27383608
0,0.27952254
0,0.27539238
0,0.28108636
0,0.2694312
0,0.27538106
0,0.25653964
0,0.26449496
0,0.2687697
0,0.28844136
0,0.28666988
0,0.42582184
0,0.33229777
0,0.31474537
0,0.2937787
0,0.38587275
0,0.3284446
0,0.31727573
0,0.2980618
0,0.2994744
0,0.2770734
0,0.2758683
0,0.27616245
0,0.27164313
0,0.26833117
0,0.4742721
0,0.40167695
0,0.34660026
0,0.32072198
0,0.3186459
0,0.29472792
0,0.27852413
0,0.25183755
0,0.23761316
0,0.21989231
0,0.22281344
0,0.21155328
0,0.2110464
0,0.21850842
0,0.22884586
0,0.22561572
0,0.26330668
0,0.26139942
0,0.26632214
0,0.26050407
0,0.26487792
0,0.25729853
0,0.26608673
0,0.2641037
0,0.26676282
0,0.25978136
0,0.27219898
0,0.27021152
0,0.26116186
0,0.26510453
0,0.27889922
0,0.27825737
0,0.2719732
0,0.26853803
0,0.2799247
0,0.2709921
0,0.36937636
0,0.29919654
0,0.29494017
0,0.2901465
0,0.30023488
0,0.2903788
0,0.28552172
0,0.2856458
0,0.2842133
0,0.2822075
0,0.2881717
0,0.2797325
0,0.28217798
0,0.27229238
0,0.27611813
0,0.27058518
0,0.28270936
0,0.27867118
0,0.28273013
0,0.2822331
0,0.27991313
0,0.2723165
0,0.27805233
0,0.274124
0,0.26931357
0,0.26699063
0,0.27994132
0,0.2836801
0,0.2865406
0,0.28138646
0,0.28744075
0,0.2926034
0,0.29233736
0,0.27633768
0,0.292056
0,0.2885732
0,0.29004624
0,0.28466415
0,0.29455033
0,0.2876781
0,0.28194922
0,0.27699277
0,0.28062317
0,0.2826348
0,0.2879161
0,0.27489918
0,0.39838225
0,0.3154138
0,0.3074228
0,0.30457842
0,0.42620453
0,0.3336001
0,0.3172592
0,0.2927623
0,0.30199158
0,0.2830303
0,0.27984998
0,0.27244505
0,0.2825284
0,0.27002302
0,0.28266662
0,0.27021444
0,0.27904713
0,0.2732869
0,0.2815395
0,0.28920138
0,0.29412097
0,0.38119358
0,0.31315878
0,0.30751795
0,0.29339004
0,0.29120988
0,0.2986052
0,0.28200865
0,0.28881386
0,0.28164667
0,0.29252818
0,0.2944735
0,0.29646713
0,0.2895393
0,0.29294413
0,0.27905262
0,0.2813112
0,0.2848077
0,0.27741295
0,0.2755316
0,0.28847432
0,0.26916933
0,0.2747326
0,0.26654753
0,0.4313284
0,0.35840648
0,0.3300299
0,0.29803187
0,0.386853
0,0.31633717
0,0.3120215
0,0.29882863
0,0.29495156
0,0.303639
0,0.2933925
0,0.2772421
0,0.27064615
0,0.26827234
0,0.27270874
0,0.26895273
0,0.27299362
0,0.26710296
0,0.26048866
0,0.24852201
0,0.25642785
0,0.24088149
0,0.30231932
0,0.2527741
0,0.25435475
0,0.2563489
0,0.31939653
0,0.2710095
0,0.26787326
0,0.26333475
0,0.29918605
0,0.2865671
0,0.28590876
0,0.29398805
0,0.3051336
0,0.29589796
0,0.38309166
0,0.31791577
0,0.327131
0,0.2917987
0,0.3068801
0,0.29449302
0,0.29867542
0,0.28218392
0,0.2746352
0,0.2591929
0,0.26330096
0,0.24884343
0,0.3654458
0,0.29154792
0,0.27398577
0,0.24561943
0,0.27305153
0,0.25369355
0,0.25953302
0,0.25169012
0,0.2730078
0,0.25765353
0,0.25945073
0,0.25034887
0,0.23969024
0,0.24291621
0,0.2460559
0,0.24734889
0,0.26168314
0,0.25829968
0,0.28146747
0,0.27161345
0,0.26190192
0,0.2664806
0,0.2743908
0,0.26886532
0,0.41713607
0,0.3393298
0,0.3279704
0,0.29919705
0,0.2859366
0,0.2696785
0,0.30398273
0,0.28699976
0,0.28956234
0,0.28405645
0,0.26849967
0,0.27927828
0,0.29250193
0,0.27730066
0,0.28582138
0,0.27464488
0,0.296509
0,0.28466514
0,0.29478928
0,0.27828193
0,0.26292694
0,0.26458988
0,0.27705133
0,0.26664048
0,0.285366
0,0.27458516
0,0.29015523
0,0.27683592
0,0.31492573
0,0.29187742
0,0.3052345
0,0.28878725
0,0.30574036
0,0.29767764
0,0.30100542
0,0.2864611
0,0.31571126
0,0.28399646
0,0.30611983
0,0.2903609
0,0.29951024
0,0.2931403
0,0.2969448
0,0.28918067
0,0.31652352
0,0.29564366
0,0.29976904
0,0.2868654
0,0.29858696
0,0.29223177
0,0.29092747
0,0.2898406
0,0.27940032
0,0.28089374
0,0.30013484
0,0.2839004
0,0.30180332
0,0.28722322
0,0.29672587
0,0.28790304
0,0.30263072
0,0.28605634
0,0.29946697
0,0.28909633
0,0.30228123
0,0.2865195
0,0.2841388
0,0.2861644
0,0.28362837
0,0.28176367
0,0.27531555
0,0.28840446
0,0.28710538
0,0.28321534
0,0.30020964
0,0.27788574
0,0.29586458
0,0.27293655
0,0.29124615
0,0.2941262
0,0.28198028
0,0.27890477
0,0.27386314
0,0.27548012
0,0.28937197
0,0.2918507
0,0.27257589
0,0.2756807
0,0.2971182
0,0.29247773
0,0.30572408
0,0.28289282
0,0.3056838
0,0.27919298
0,0.29843733
0,0.28722578
0,0.3091416
0,0.29590976
0,0.28349617
0,0.28001094
0,0.2962265
0,0.28393793
0,0.2675589
0,0.26392058
0,0.28822702
0,0.27654296
0,0.28777063
0,0.29245088
0,0.30148748
0,0.28527716
0,0.29879373
0,0.284483
0,0.29466152
0,0.2875128
0,0.27339894
0,0.2753331
0,0.2843288
0,0.2827257
0,0.2910192
0,0.2854394
0,0.3002138
0,0.27404776
0,0.29322347
0,0.28312415
0,0.2936668
0,0.28544354
0,0.29264742
0,0.288694
0,0.3049554
0,0.28830734
0,0.2789693
0,0.2810737
0,0.2988517
0,0.2842385
0,0.2896219
0,0.27582285
0,0.29445186
0,0.2777849
0,0.30096522
0,0.27714178
0,0.29196382
0,0.27877143
0,0.27439767
0,0.27482837
0,0.30435362
0,0.27944234
0,0.28057152
0,0.27304226
0,0.2881737
0,0.2770803
0,0.28905067
0,0.27434644
0,0.2870181
0,0.28371522
0,0.29414773
0,0.28604507
0,0.2905803
0,0.27578935
0,0.2912459
0,0.28261435
0,0.29334342
0,0.27508226
0,0.26657596
0,0.26891837
0,0.2825244
0,0.27365676
0,0.27996016
0,0.2916781
0,0.2985443
0,0.28265443
0,0.29224744
0,0.27894914
0,0.2885501
0,0.27956074
0,0.2936991
0,0.26758173
0,0.26118034
0,0.26032692
0,0.2507368
0,0.26175794
0,0.28808498
0,0.2714182
0,0.29217353
0,0.2990475
0,0.2986249
0,0.30109504
0,0.3183652
0,0.29854673
0,0.30106995
0,0.3135728
0,0.31547582
0,0.29650104
0,0.315859
0,0.2895618
0,0.28874367
0,0.2743139
0,0.29928604
0,0.2925243
0,0.3003914
0,0.2827907
0,0.28844163
0,0.27990538
0,0.2656995
0,0.2715695
0,0.26610208
0,0.27652624
0,0.2671888
0,0.27069032
0,0.3402855
0,0.29293087
0,0.29896674
0,0.28454542
0,0.2932658
0,0.28301147
0,0.29050395
0,0.2739703
0,0.28181285
0,0.27224156
0,0.2842681
0,0.27578238
0,0.3277304
0,0.3052415
0,0.30476946
0,0.29601312
0,0.2835447
0,0.28910094
0,0.2901976
0,0.29053393
0,0.30123904
0,0.28773248
0,0.29488644
0,0.27915537
0,0.3910099
0,0.3217483
0,0.31246248
0,0.29996604
0,0.30251816
0,0.28470466
0,0.29338485
0,0.2844875
0,0.28642032
0,0.27974212
0,0.29488644
0,0.2763079
0,0.29095715
0,0.28491038
0,0.29673156
0,0.27994892
0,0.31476262
0,0.28429788
0,0.29140237
0,0.2816426
0,0.2812682
0,0.27196592
0,0.28867558
0,0.28285906
0,0.2764503
0,0.27845982
0,0.28277162
0,0.28512055
0,0.30984226
0,0.29684317
0,0.29911625
0,0.31585318
0,0.3092513
0,0.28887543
0,0.2767373
0,0.275738
0,0.2861282
0,0.2808748
0,0.2935023
0,0.28227046
0,0.2699191
0,0.25957957
0,0.28629392
0,0.27382863
0,0.29268253
0,0.27614015
0,0.29033887
0,0.2765835
0,0.28401384
0,0.286066
0,0.2911621
0,0.27718258
0,0.28435946
0,0.29161474
0,0.28870547
0,0.2835255
0,0.27798858
0,0.27697894
0,0.29986066
0,0.27372947
0,0.29245642
0,0.28748292
0,0.29937765
0,0.28596994
0,0.2944832
0,0.2842021
0,0.33418542
0,0.30277416
0,0.3103138
0,0.29739538
0,0.30046394
0,0.28488263
0,0.27851793
0,0.2735831
0,0.28603864
0,0.26770347
0,0.29175925
0,0.2872437
0,0.3330865
0,0.29749227
0,0.30794477
0,0.28715983
0,0.4203622
0,0.32376766
0,0.31431243
0,0.30386096
0,0.30320987
0,0.2894615
0,0.2757297
0,0.27153647
0,0.29924124
0,0.27872574
0,0.28745934
0,0.29358324
0,0.29944652
0,0.28508165
0,0.29994205
0,0.28488636
0,0.29272327
0,0.2897454
0,0.29307103
0,0.2719326
0,0.28065288
0,0.27641767
0,0.28676885
0,0.2743173
0,0.2877376
0,0.27611303
0,0.29424495
0,0.2806885
0,0.29803085
0,0.2873418
0,0.29064924
0,0.2830214
0,0.29531384
0,0.29269555
0,0.28958154
0,0.27976996
0,0.27772504
0,0.27773646
0,0.28265423
0,0.2824437
0,0.26971114
0,0.2676292
0,0.26017874
0,0.26927555
0,0.27654898
0,0.26626912
0,0.2886385
0,0.2796423
0,0.29423144
0,0.27457482
0,0.27978694
0,0.2793891
0,0.29220647
0,0.2967015
0,0.5067148
0,0.42032608
0,0.58516824
0,0.4670496
0,0.4218687
0,0.35683516
0,0.35545734
0,0.30966312
0,0.29407328
0,0.2501762
0,0.23960102
0,0.20611085
0,0.19200698
0,0.17036717
0,0.15625794
0,0.14508733
0,0.14548506
0,0.13911188
0,0.13982278
0,0.13984393
0,0.14184085
0,0.14578612
0,0.15205586
0,0.15864547
0,0.16592696
0,0.174521
0,0.18176539
0,0.2019406
0,0.22183217
0,0.23569685
0,0.27757865
0,0.27391568
0,0.2844791
0,0.27482
0,0.30695286
0,0.28340647
0,0.29903975
0,0.28138217
0,0.29072595
0,0.27767062
0,0.2879161
0,0.27616102
0,0.26467416
0,0.27230445
0,0.29614618
0,0.29152527
0,0.27562404
0,0.2847387
0,0.29894176
0,0.2793681
0,0.28788802
0,0.28712213
0,0.29303676
0,0.2823923
0,0.28053355
0,0.2864977
0,0.29447612
0,0.27278396
0,0.28387028
0,0.28757796
0,0.3126631
0,0.29431793
0,0.2760898
0,0.27407068
0,0.2888646
0,0.29045424
0,0.2981125
0,0.2845563
0,0.29411584
0,0.29279602
0,0.30947304
0,0.2880549
0,0.29379258
0,0.29835647
0,0.2970865
0,0.29163322
0,0.3001773
0,0.27781057
0,0.2749462
0,0.28110918
0,0.29132095
0,0.28352067
0,0.29279232
0,0.27992365
0,0.2906799
0,0.29039115
0,0.4096353
0,0.3510587
0,0.30640027
0,0.29304707
0,0.29642317
0,0.28200817
0,0.29058245
0,0.27947804
0,0.27497122
0,0.27078077
0,0.26743442
0,0.27725098
0,0.28743494
0,0.2792284
0,0.29827607
0,0.29764482
0,0.30572635
0,0.29296854
0,0.30295596
0,0.28653613
0,0.29264462
0,0.27629852
0,0.28054434
0,0.28675762
0,0.2686494
0,0.28802595
0,0.3033961
0,0.276178
0,0.30311438
0,0.28348407
0,0.29226747
0,0.27454203
0,0.2899712
0,0.2788097
0,0.31742737
0,0.2868231
0,0.29207247
0,0.27932072
0,0.2789028
0,0.27371088
0,0.28706154
0,0.27934262
0,0.28614217
0,0.28361985
0,0.29618594
0,0.28729227
0,0.2931662
0,0.28243622
0,0.29520452
0,0.2819791
0,0.3055706
0,0.2921987
0,0.30578485
0,0.28867793
0,0.2968021
0,0.28876022
0,0.28991404
0,0.29427862
0,0.30764768
0,0.2959845
0,0.3071644
0,0.2839353
0,0.40193847
0,0.31734857
0,0.32088754
0,0.29931968
0,0.301976
0,0.2926947
0,0.30153006
0,0.28892916
0,0.27762213
0,0.28477484
0,0.51080835
0,0.4436629
0,0.37102148
0,0.32564053
0,0.31635615
0,0.2736038
0,0.26841104
0,0.2428292
0,0.24906099
0,0.23412377
0,0.22518253
0,0.22159179
0,0.22520778
0,0.21600805
0,0.21920297
0,0.2229543
0,0.22770151
0,0.22743036
0,0.23643005
0,0.23294328
0,0.24842627
0,0.24212399
0,0.25221696
0,0.25000715
0,0.26573688
0,0.26129797
0,0.2732386
0,0.26955345
0,0.27605858
0,0.2726801
0,0.28042108
0,0.2694598
0,0.27309707
0,0.28360057
0,0.2919703
0,0.29934162
0,0.29934293
0,0.2898892
0,0.2949368
0,0.28878587
0,0.29588374
0,0.290427
0,0.28991362
0,0.28042838
0,0.30848956
0,0.28717884
0,0.2738789
0,0.28480765
0,0.29685903
0,0.29321027
0,0.45672718
0,0.36080974
0,0.3421933
0,0.31158063
0,0.31390223
0,0.2875175
0,0.2915073
0,0.2787493
0,0.27164477
0,0.2669964
0,0.27733347
0,0.27471372
0,0.2784046
0,0.27898246
0,0.30699003
0,0.2895691
0,0.27495706
0,0.2755225
0,0.28239658
0,0.27399948
0,0.29613447
0,0.28346318
0,0.29272172
0,0.27806693
0,0.29454905
0,0.2803877
0,0.2865633
0,0.27660447
0,0.2673191
0,0.2869548
0,0.2907811
0,0.2880217
0,0.45695266
0,0.36478078
0,0.35452688
0,0.32527047
0,0.3107728
0,0.30721018
0,0.31518826
0,0.31440222
0,0.30454174
0,0.2878982
0,0.28282264
0,0.27865365
0,0.28189123
0,0.27548274
0,0.28682846
0,0.28105557
0,0.28799254
0,0.2766385
0,0.26708138
0,0.2696489
0,0.26575178
0,0.2567177
0,0.25841585
0,0.24657986
0,0.25893226
0,0.25631303
0,0.26261848
0,0.25739685
0,0.5245651
0,0.48645577
0,0.41501805
0,0.36252725
0,0.3478671
0,0.32741728
0,0.31330633
0,0.29211366
0,0.29666865
0,0.29567617
0,0.29566962
0,0.2772074
0,0.26025832
0,0.27125087
0,0.26301196
0,0.24485183
0,0.23072521
0,0.2086732
0,0.19546156
0,0.18330519
0,0.18562931
0,0.18135983
0,0.1925897
0,0.18886198
0,0.19196996
0,0.20566334
0,0.22200762
0,0.22556844
0,0.24546415
0,0.24791221
0,0.2643131
0,0.27448308
0,0.2924695
0,0.2758505
0,0.45499814
0,0.36789852
0,0.33811596
0,0.3195692
0,0.34266132
0,0.30973864
0,0.30583477
0,0.28303862
0,0.29826388
0,0.29033914
0,0.29217565
0,0.28509706
0,0.27883154
0,0.28013647
0,0.29816157
0,0.28052303
0,0.28948617
0,0.27458653
0,0.28368253
0,0.2838066
0,0.2749953
0,0.26334906
0,0.33752412
0,0.29380697
0,0.28023323
0,0.27773055
0,0.2798703
0,0.27353328
0,0.2721686
0,0.26962554
0,0.2937652
0,0.2863506
0,0.30237487
0,0.28466356
0,0.30155513
0,0.2852439
0,0.2917421
0,0.28445825
0,0.2843345
0,0.2853099
0,0.29122362
0,0.2866013
0,0.28198653
0,0.28444934
0,0.27008376
0,0.29107407
0,0.2683425
0,0.26812723
0,0.28089008
0,0.27291608
0,0.40347818
0,0.32527435
0,0.3149752
0,0.29674727
0,0.31422204
0,0.28891292
0,0.29129744
0,0.2839472
0,0.27326483
0,0.28010505
0,0.27255717
0,0.27673253
0,0.28781968
0,0.27697393
0,0.30723235
0,0.29191062
0,0.29945877
0,0.2795427
0,0.28371307
0,0.28678074
0,0.30761763
0,0.28920072
0,0.3011839
0,0.2871126
0,0.30149657
0,0.28102317
0,0.3036197
0,0.28332213
0,0.29614806
0,0.27557024
0,0.26855284
0,0.28132144
0,0.28744492
0,0.27262923
0,0.28874168
0,0.27919418
0,0.28566998
0,0.2723586
0,0.29751727
0,0.27995998
0,0.28266063
0,0.28659955
0,0.27366358
0,0.27576402
0,0.29560575
0,0.28679022
0,0.30608216
0,0.2890194
0,0.40482348
0,0.320044
0,0.33098927
0,0.30232337
0,0.3022577
0,0.29275167
0,0.30260682
0,0.2968046
0,0.31607768
0,0.29910797
0,0.30461243
0,0.29072103
0,0.29238456
0,0.29648304
0,0.30146316
0,0.29165372
0,0.29380405
0,0.28435826
0,0.2897036
0,0.27037036
0,0.28173223
0,0.2759664
0,0.28347725
0,0.2670877
0,0.2773646
0,0.26766372
0,0.2878518
0,0.28125677
0,0.26336113
0,0.26781893
0,0.2810351
0,0.27157447
0,0.2900667
0,0.2851101
0,0.29778263
0,0.28098133
0,0.29434302
0,0.2759772
0,0.28379723
0,0.2747921
0,0.2751891
0,0.27410012
0,0.29023236
0,0.27921718
0,0.29996598
0,0.28808054
0,0.29422253
0,0.27748555
0,0.28032345
0,0.27614146
0,0.30200887
0,0.28583476
0,0.29672378
0,0.2923378
0,0.30478236
0,0.27897933
0,0.27497932
0,0.28432092
0,0.29234198
0,0.2790219
0,0.29205775
0,0.29324514
0,0.2752564
0,0.2809641
0,0.30465317
0,0.28796297
0,0.29860628
0,0.28837895
0,0.28457096
0,0.276376
0,0.30214807
0,0.27994058
0,0.27316916
0,0.2800863
0,0.28910354
0,0.27863985
0,0.28278065
0,0.27698752
0,0.28546366
0,0.27100998
0,0.26579037
0,0.28493917
0,0.29146856
0,0.29483303
0,0.31596667
0,0.29856405
0,0.32237664
0,0.3033166
0,0.2845542
0,0.28567827
0,0.27190807
0,0.29686093
0,0.31507805
0,0.29815587
0,0.32194185
0,0.30823666
0,0.28746554
0,0.29612976
0,0.31271175
0,0.29852664
0,0.32137522
0,0.29898506
0,0.30654103
0,0.29330477
0,0.28136703
0,0.28821433
0,0.30113387
0,0.2983094
0,0.3067327
0,0.29019466
0,0.28609195
0,0.2781058
0,0.2899962
0,0.27756706
0,0.2905344
0,0.28140473
0,0.3013064
0,0.28350896
0,0.28719527
0,0.2750545
0,0.27793428
0,0.26864332
0,0.29978198
0,0.2877711
0,0.2964102
0,0.28007296
0,0.299468
0,0.2952636
0,0.28881827
0,0.2800069
0,0.26520792
0,0.27710384
0,0.28554663
0,0.30433783
0,0.28799903
0,0.2836214
0,0.27794033
0,0.27762845
0,0.28972188
0,0.27769455
0,0.27228144
0,0.2749432
0,0.28168303
0,0.2694074
0,0.28780478
0,0.28822842
0,0.28884438
0,0.28359747
0,0.30556253
0,0.28823227
0,0.2807728
0,0.2868395
0,0.29134107
0,0.2845044
0,0.29748327
0,0.28262562
0,0.30176884
0,0.2875357
0,0.2990128
0,0.29833767
0,0.44489282
0,0.3524506
0,0.3379552
0,0.32174578
0,0.3051078
0,0.29429162
0,0.28205895
0,0.2757866
0,0.2866781
0,0.27650288
0,0.2859209
0,0.2779555
0,0.29919076
0,0.28156677
0,0.28804004
0,0.2817633
0,0.29806438
0,0.28559855
0,0.291972
0,0.28172773
0,0.2923699
0,0.29610464
0,0.27592507
0,0.2764504
0,0.26884687
0,0.2749544
0,0.28497472
0,0.2722714
0,0.28852817
0,0.28067973
0,0.30593437
0,0.28050107
0,0.30768904
0,0.29338378
0,0.30362937
0,0.27984416
0,0.3019998
0,0.2805658
0,0.28003368
0,0.27636087
0,0.28914484
0,0.27635548
0,0.28448036
0,0.2727529
0,0.2728477
0,0.2825219
0,0.2904149
0,0.28228563
0,0.29595646
0,0.2763224
0,0.29284042
0,0.28305784
0,0.29931724
0,0.2938644
0,0.2763496
0,0.2820302
0,0.26934186
0,0.2721775
0,0.2638008
0,0.27191326
0,0.40737438
0,0.33101973
0,0.34323514
0,0.30231562
0,0.3038238
0,0.30630216
0,0.36889067
0,0.3236675
0,0.30170166
0,0.2930021
0,0.27554497
0,0.28153503
0,0.2739115
0,0.27553993
0,0.29839295
0,0.276659
0,0.29143572
0,0.2723462
0,0.2919485
0,0.2760655
0,0.2829977
0,0.28993386
0,0.32025665
0,0.2987974
0,0.2951275
0,0.2819352
0,0.26861745
0,0.26945305
0,0.2838943
0,0.27672812
0,0.29387012
0,0.27892715
0,0.29279518
0,0.29756242
0,0.3051442
0,0.28218472
0,0.33245108
0,0.3060396
0,0.30566597
0,0.29912087
0,0.28781608
0,0.29319513
0,0.28725323
0,0.2961157
0,0.28340825
0,0.27384225
0,0.27155706
0,0.27616763
0,0.30224383
0,0.27688596
0,0.29679194
0,0.28578416
0,0.296073
0,0.29737866
0,0.30974236
0,0.2865816
0,0.2963234
0,0.30241218
0,0.27927062
0,0.2812717
0,0.30861107
0,0.284067
0,0.31604496
0,0.28794983
0,0.30892178
0,0.2893652
0,0.31027225
0,0.28343263
0,0.30110478
0,0.28363603
0,0.30283555
0,0.2858367
0,0.28929463
0,0.2854578
0,0.30014384
0,0.28612244
0,0.3014739
0,0.28873408
0,0.30863056
0,0.28775188
0,0.2732696
0,0.2729095
0,0.29293182
0,0.28413853
0,0.2985146
0,0.2884317
0,0.29901817
0,0.2851869
0,0.28430584
0,0.29871857
0,0.52434427
0,0.44683903
0,0.3667362
0,0.34392062
0,0.34527147
0,0.326214
0,0.32125014
0,0.2855863
0,0.29555085
0,0.27343923
0,0.28350112
0,0.27200162
0,0.27818182
0,0.24838062
0,0.2340811
0,0.22052623
0,0.35806036
0,0.30238944
0,0.22349173
0,0.1944655
0,0.16857442
0,0.15998685
0,0.16193762
0,0.15654299
0,0.1492658
0,0.14637478
0,0.15878637
0,0.16113247
0,0.17722039
0,0.1838115
0,0.25291777
0,0.2625961
0,0.26796073
0,0.2594285
0,0.26738977
0,0.24927643
0,0.25480574
0,0.24670683
0,0.24646585
0,0.23435761
0,0.25055042
0,0.2445793
0,0.25785998
0,0.25783908
0,0.26697823
0,0.26734468
0,0.2828497
0,0.2845569
0,0.30138022
0,0.28940532
0,0.28622702
0,0.2859915
0,0.3067252
0,0.2834677
0,0.3183914
0,0.2918961
0,0.30992267
0,0.2832266
0,0.276291
0,0.28540406
0,0.29537416
0,0.2831047
0,0.27115092
0,0.27130255
0,0.30566013
0,0.28425205
0,0.30517998
0,0.28671542
0,0.30524024
0,0.2863903
0,0.3030159
0,0.2850565
0,0.30312055
0,0.298527
0,0.30710885
0,0.30415204
0,0.30915165
0,0.28822726
0,0.30157208
0,0.29377565
0,0.27218968
0,0.27704898
0,0.29301777
0,0.28102663
0,0.30064678
0,0.2817393
0,0.30683556
0,0.2855192
0,0.27962407
0,0.2826322
0,0.302611
0,0.28806314
0,0.28333306
0,0.27405024
0,0.28094137
0,0.29855844
0,0.5058161
0,0.42484713
0,0.38829184
0,0.34167233
0,0.33511516
0,0.29943287
0,0.30991113
0,0.29155946
0,0.29615635
0,0.28363407
0,0.29796103
0,0.27856037
0,0.27974167
0,0.2603144
0,0.2517364
0,0.24592544
0,0.25390077
0,0.2365344
0,0.23736426
0,0.22465777
0,0.23332255
0,0.21863002
0,0.22650349
0,0.22540078
0,0.23328501
0,0.23164807
0,0.24599674
0,0.24952434
0,0.25477478
0,0.25914523
0,0.27056766
0,0.272715
0,0.3006303
0,0.28358003
0,0.29116186
0,0.2742486
0,0.2885949
0,0.27724385
0,0.29598773
0,0.28819278
0,0.36469346
0,0.31096843
0,0.30621347
0,0.28265628
0,0.27423632
0,0.29368258
0,0.27326727
0,0.2765073
0,0.3093003
0,0.2901864
0,0.30054918
0,0.28229946
0,0.29198807
0,0.28063563
0,0.2979189
0,0.30066925
0,0.32129636
0,0.28953692
0,0.312119
0,0.28896376
0,0.29601318
0,0.27553618
0,0.29347843
0,0.27780536
0,0.26649374
0,0.26455966
0,0.29267305
0,0.28323114
0,0.29173675
0,0.29179534
0,0.30451643
0,0.2908008
0,0.3064862
0,0.28781658
0,0.32389656
0,0.29052174
0,0.28075728
0,0.28366297
0,0.3035492
0,0.28255945
0,0.29120848
0,0.2774077
0,0.27150807
0,0.27770582
0,0.27279583
0,0.28237262
0,0.30337203
0,0.28948686
0,0.31850064
0,0.29199362
0,0.30683726
0,0.27936238
0,0.2903204
0,0.28120607
0,0.30836317
0,0.27789238
0,0.29648843
0,0.2841177
0,0.2899488
0,0.28889322
0,0.29722863
0,0.29669908
0,0.303763
0,0.28364146
0,0.3079161
0,0.28169227
0,0.29854375
0,0.28291065
0,0.2747102
0,0.2769415
0,0.2993474
0,0.28022352
0,0.44038478
0,0.35004005
0,0.3355637
0,0.31092748
0,0.33386105
0,0.29855114
0,0.3131106
0,0.29763886
0,0.29340148
0,0.2822556
0,0.29186258
0,0.28139806
0,0.26981393
0,0.27472052
0,0.4572573
0,0.3730189
0,0.35126242
0,0.30784872
0,0.2940007
0,0.26928508
0,0.2343728
0,0.21626146
0,0.21589759
0,0.20590243
0,0.20833325
0,0.19699448
0,0.20159815
0,0.20790729
0,0.2170395
0,0.22633497
0,0.29034904
0,0.27057302
0,0.277332
0,0.2778434
0,0.27237505
0,0.25996178
0,0.2749488
0,0.2597286
0,0.26389462
0,0.26538524
0,0.2846542
0,0.27061924
0,0.2699194
0,0.26351473
0,0.51271224
0,0.44335985
0,0.3883071
0,0.35568303
0,0.32634374
0,0.30051067
0,0.30627492
0,0.2820493
0,0.29877174
0,0.27419165
0,0.26239413
0,0.28176415
0,0.28210413
0,0.2688551
0,0.2617867
0,0.26492497
0,0.25794157
0,0.25464535
0,0.25026727
0,0.23013777
0,0.21346666
0,0.22106834
0,0.21771051
0,0.22396031
0,0.2007997
0,0.19549336
0,0.18699783
0,0.1897987
0,0.17758094
0,0.16698737
0,0.2144712
0,0.20838565
0,0.20307678
0,0.1850049
0,0.17896919
0,0.1764987
0,0.1779676
0,0.17617592
0,0.17728783
0,0.18577467
0,0.18656363
0,0.17655471
0,0.1825264
0,0.1797538
0,0.1804151
0,0.18736443
0,0.1906739
0,0.20430416
0,0.23463982
0,0.23713888
0,0.25876987
0,0.2797899
0,0.29253438
0,0.28776205
0,0.29681537
0,0.29873654
0,0.3040622
0,0.285833
0,0.30660382
0,0.29995146
0,0.30545712
0,0.2871118
0,0.2749119
0,0.27485362
0,0.2738818
0,0.26848236
0,0.2845585
0,0.26733816
0,0.27974162
0,0.27902907
0,0.28960952
0,0.27552894
0,0.2820396
0,0.2771005
0,0.30472004
0,0.29503873
0,0.30385685
0,0.28999227
0,0.27217087
0,0.28502026
0,0.30843043
0,0.28678933
0,0.4626033
0,0.36817047
0,0.36140534
0,0.32411423
0,0.32298797
0,0.29441512
0,0.31128383
0,0.29169908
0,0.2984027
0,0.28700417
0,0.2929906
0,0.279996
0,0.27253667
0,0.2679766
0,0.2802822
0,0.26927862
0,0.28491104
0,0.2716809
0,0.27416572
0,0.27055603
0,0.26874658
0,0.27645436
0,0.28035954
0,0.26795736
0,0.25720647
0,0.2639937
0,0.2900118
0,0.27221298
0,0.26584175
0,0.27231795
0,0.2665037
0,0.28229964
0,0.30077887
0,0.30359897
0,0.41997144
0,0.34007072
0,0.33582714
0,0.31814158
0,0.3164458
0,0.29351637
0,0.3004298
0,0.2882883
0,0.27313012
0,0.27809983
0,0.29762763
0,0.27747202
0,0.28893965
0,0.27749085
0,0.31125337
0,0.28708154
0,0.30699432
0,0.27625778
0,0.29368848
0,0.27573705
0,0.29168645
0,0.27751055
0,0.29553795
0,0.2817234
0,0.27454916
0,0.27538398
0,0.2636763
0,0.26630816
0,0.2862989
0,0.2854332
0,0.28097302
0,0.27931976
0,0.27399892
0,0.27503362
0,0.26798892
0,0.28293738
0,0.30516517
0,0.30469212
0,0.30952483
0,0.2858778
0,0.2920047
0,0.2890141
0,0.30047315
0,0.28948298
0,0.30930775
0,0.28533855
0,0.2940027
0,0.29405546
0,0.30138838
0,0.276467
0,0.29727733
0,0.28895542
0,0.29782468
0,0.29086202
0,0.27472746
0,0.27325195
0,0.26989368
0,0.26911032
0,0.28626138
0,0.2882606
0,0.3006056
0,0.29043978
0,0.29957718
0,0.32545888
0,0.29089734
0,0.29141238
0,0.3136496
0,0.2919158
0,0.2995842
0,0.2860064
0,0.31542516
0,0.29656702
0,0.2868741
0,0.2895224
0,0.30287412
0,0.29417098
0,0.30562758
0,0.2964765
0,0.30670777
0,0.29085416
0,0.27993435
0,0.27938065
0,0.30226976
0,0.29666418
0,0.29996938
0,0.28731975
0,0.2730421
0,0.27708626
0,0.26905692
0,0.27243268
0,0.5190573
0,0.45630956
0,0.40308043
0,0.37088573
0,0.3109718
0,0.2886673
0,0.3130632
0,0.2789378
0,0.26908255
0,0.26377243
0,0.31142122
0,0.27641797
0,0.2833702
0,0.27146292
0,0.2704468
0,0.26336342
0,0.28061277
0,0.26408002
0,0.260886
0,0.22931439
0,0.28654292
0,0.21700603
0,0.2099144
0,0.1975546
0,0.19379342
0,0.21010996
0,0.20003799
0,0.18358472
0,0.1846277
0,0.18041146
0,0.27018017
0,0.27532116
0,0.27683935
0,0.2490137
0,0.24387705
0,0.2197115
0,0.21566561
0,0.1993714
0,0.20035478
0,0.19589275
0,0.19609196
0,0.1926276
0,0.19504055
0,0.20408934
0,0.21485421
0,0.2175604
0,0.23035276
0,0.24275155
0,0.2964689
0,0.27287155
0,0.30990893
0,0.28795153
0,0.31175855
0,0.3031987
0,0.33700076
0,0.30495515
0,0.31633848
0,0.30093592
0,0.3104425
0,0.29748538
0,0.2974541
0,0.28321886
0,0.27819657
0,0.27024302
0,0.3181699
0,0.28158566
0,0.30403742
0,0.29535913
0,0.30497637
0,0.28722882
0,0.29944345
0,0.2898155
0,0.2723015
0,0.2782615
0,0.26891795
0,0.2678142
0,0.26817396
0,0.27162203
0,0.2698977
0,0.27359113
0,0.26472223
0,0.26872593
0,0.2612157
0,0.2652016
0,0.30040592
0,0.29075798
0,0.31775105
0,0.2899524
0,0.30707553
0,0.2826095
0,0.3340026
0,0.3105561
0,0.30049583
0,0.28091338
0,0.31181335
0,0.29099104
0,0.33166465
0,0.29370844
0,0.3206449
0,0.2969546
0,0.29383895
0,0.2885551
0,0.3012241
0,0.29187834
0,0.2940259
0,0.28027228
0,0.29884836
0,0.29740077
0,0.28400612
0,0.28762698
0,0.2734572
0,0.27631882
0,0.29615328
0,0.28492054
0,0.29535604
0,0.2884079
0,0.30961618
0,0.2948676
0,0.3125769
0,0.29226604
0,0.30802745
0,0.28319755
0,0.30414593
0,0.28236556
0,0.27544966
0,0.28940493
0,0.31015247
0,0.28620467
0,0.3180562
0,0.29907253
0,0.31258267
0,0.30898857
0,0.32699928
0,0.2982915
0,0.4398742
0,0.3443219
0,0.3483915
0,0.3113142
0,0.3163871
0,0.30112967
0,0.2958032
0,0.27157664
0,0.2750473
0,0.2603283
0,0.24909684
0,0.25680724
0,0.3582171
0,0.28999612
0,0.27882418
0,0.24592672
0,0.23916344
0,0.21655415
0,0.22089502
0,0.2062517
0,0.20455348
0,0.20100957
0,0.20127502
0,0.21428601
0,0.22797188
0,0.22199622
0,0.24464487
0,0.24355072
0,0.26972437
0,0.25989679
0,0.31256565
0,0.28504816
0,0.31988665
0,0.29323336
0,0.30693802
0,0.2837405
0,0.2705398
0,0.26911727
0,0.2649586
0,0.27212405
0,0.28847256
0,0.26816562
0,0.30209
0,0.27550858
0,0.26589334
0,0.2665892
0,0.28932002
0,0.2782119
0,0.30852574
0,0.28348258
0,0.30131942
0,0.29466915
0,0.2875167
0,0.2734706
0,0.26589864
0,0.26892307
0,0.29548585
0,0.3061331
0,0.30317906
0,0.2978088
0,0.2790176
0,0.28667203
0,0.28181183
0,0.28212538
0,0.2712503
0,0.28166217
0,0.30278718
0,0.2858742
0,0.29129958
0,0.31978396
0,0.28786966
0,0.29768562
0,0.31042534
0,0.2916093
0,0.31925297
0,0.29167604
0,0.3050681
0,0.29717883
0,0.2779026
0,0.2836384
0,0.32056567
0,0.29636687
0,0.31742728
0,0.29356167
0,0.29281116
0,0.2953574
0,0.2869982
0,0.2874685
0,0.31452325
0,0.30119058
0,0.32262862
0,0.29976082
0,0.33172166
0,0.3078112
0,0.33363742
0,0.31124994
0,0.33466232
0,0.31186607
0,0.33978593
0,0.30808684
0,0.28445205
0,0.2800926
0,0.26349473
0,0.262377
0,0.2908463
0,0.26866013
0,0.27790567
0,0.32939783
0,0.29219696
0,0.26736578
0,0.2618869
0,0.24001959
0,0.22985955
0,0.2262028
0,0.23756893
0,0.23404765
0,0.22349767
0,0.23143587
0,0.25590545
0,0.2457859
0,0.26333892
0,0.25081423
0,0.28013548
0,0.2620267
0,0.2585583
0,0.26339525
0,0.26113132
0,0.26478654
0,0.30306643
0,0.28003243
0,0.29976594
0,0.27843267
0,0.26928848
0,0.27766815
0,0.3057956
0,0.27789316
0,0.44785798
0,0.3643122
0,0.36197907
0,0.32388672
0,0.33607593
0,0.30102754
0,0.30676436
0,0.27842513
0,0.2924447
0,0.28068975
0,0.26542392
0,0.27117056
0,0.27548146
0,0.27029663
0,0.28249872
0,0.26321813
0,0.26332763
0,0.24786995
0,0.2421394
0,0.22467613
0,0.23047116
0,0.22378664
0,0.22897422
0,0.2191451
0,0.23156881
0,0.2316205
0,0.24012803
0,0.24230078
0,0.25098094
0,0.25838342
0,0.3075703
0,0.29363996
0,0.3202184
0,0.30027798
0,0.32142398
0,0.30462402
0,0.31378183
0,0.2928152
0,0.30319852
0,0.2862292
0,0.30487147
0,0.2814598
0,0.28575817
0,0.2813183
0,0.26872033
0,0.26614225
0,0.29251188
0,0.27715242
0,0.28115174
0,0.27102926
0,0.29992476
0,0.28091604
0,0.30335355
0,0.29393253
0,0.27982822
0,0.29245716
0,0.34287763
0,0.30562356
0,0.28298056
0,0.29085627
0,0.2744038
0,0.2746462
0,0.303887
0,0.28895006
0,0.30658108
0,0.29237437
0,0.30986866
0,0.2934729
0,0.3095683
0,0.2950332
0,0.32354644
0,0.29582286
0,0.30532205
0,0.27956167
0,0.27135345
0,0.27440956
0,0.27752948
0,0.27140754
0,0.26779574
0,0.28390747
0,0.27803075
0,0.28623226
0,0.3974425
0,0.31973317
0,0.32710606
0,0.29799336
0,0.34946558
0,0.3153372
0,0.31647438
0,0.2978928
0,0.29128385
0,0.2861889
0,0.2685914
0,0.27690208
0,0.30695504
0,0.28835234
0,0.3116524
0,0.29054803
0,0.31602398
0,0.29261872
0,0.30857354
0,0.2930192
0,0.3131099
0,0.29213843
0,0.30612293
0,0.28048304
0,0.27167618
0,0.26192015
0,0.24951293
0,0.26524845
0,0.27834302
0,0.2653447
0,0.27798414
0,0.27194554
0,0.29045138
0,0.2867238
0,0.27399138
0,0.27062035
0,0.3072409
0,0.28321636
0,0.31387347
0,0.2855525
0,0.28047827
0,0.28823283
0,0.27108932
0,0.26997876
0,0.28998423
0,0.28578347
0,0.30110738
0,0.27938044
0,0.30569166
0,0.28876442
0,0.3065369
0,0.29284072
0,0.31259707
0,0.3050801
0,0.3070356
0,0.2898672
0,0.2816028
0,0.28565925
0,0.30246675
0,0.2911498
0,0.31384924
0,0.28757364
0,0.30559662
0,0.29521
0,0.2703956
0,0.2719921
0,0.2994061
0,0.27883232
0,0.3058811
0,0.2859512
0,0.2968667
0,0.2876271
0,0.27794605
0,0.27587986
0,0.31513053
0,0.30127937
0,0.31961703
0,0.29645544
0,0.31323674
0,0.29816967
0,0.31157795
0,0.29944137
0,0.30679393
0,0.3046723
0,0.31912455
0,0.29696238
0,0.30486268
0,0.29882345
0,0.28541407
0,0.30138963
0,0.31042892
0,0.29228005
0,0.31031415
0,0.2881172
0,0.26739803
0,0.26943976
0,0.30780843
0,0.28040513
0,0.30329376
0,0.28534085
0,0.30226892
0,0.29206192
0,0.27602056
0,0.27267438
0,0.2702182
0,0.27196723
0,0.30015075
0,0.2754136
0,0.31833035
0,0.30069453
0,0.32135403
0,0.30774745
0,0.28318796
0,0.28048652
0,0.2757638
0,0.2753687
0,0.3124147
0,0.2903713
0,0.2920941
0,0.28764984
0,0.28027007
0,0.28319696
0,0.30851343
0,0.29143122
0,0.30016747
0,0.2887442
0,0.3161732
0,0.28858405
0,0.31822982
0,0.3014585
0,0.31070182
0,0.29098675
0,0.28756925
0,0.2829434
0,0.2867857
0,0.28288624
0,0.27048454
0,0.27328244
0,0.30803826
0,0.28619632
0,0.31384718
0,0.29626387
0,0.3098516
0,0.2899867
0,0.3143855
0,0.309052
0,0.3355109
0,0.33181733
0,0.32783726
0,0.3031854
0,0.29140335
0,0.29290292
0,0.28504527
0,0.2816202
0,0.29322082
0,0.29899642
0,0.3213376
0,0.28834754
0,0.31186524
0,0.29425856
0,0.30632377
0,0.30558187
0,0.32000697
0,0.3068882
0,0.28155327
0,0.3049832
0,0.27377734
0,0.25300872
0,0.25200412
0,0.25148034
0,0.27087972
0,0.27158305
0,0.2885458
0,0.27481365
0,0.29460573
0,0.2830181
0,0.34009916
0,0.29522786
0,0.2900573
0,0.26576406
0,0.2916151
0,0.28140387
0,0.26586634
0,0.26051024
0,0.2801812
0,0.2674409
0,0.28389475
0,0.27220187
0,0.29467052
0,0.28454018
0,0.30026075
0,0.29289797
0,0.31208846
0,0.27675447
0,0.2960806
0,0.2795762
0,0.29810843
0,0.27359232
0,0.26964685
0,0.26333746
0,0.2659851
0,0.26853436
0,0.29264492
0,0.29676878
0,0.30126706
0,0.29595047
0,0.2994797
0,0.2948521
0,0.30909497
0,0.28770995
0,0.31174615
0,0.2800698
0,0.29101363
0,0.2833232
0,0.27194336
0,0.27682996
0,0.27698252
0,0.2678253
0,0.2940253
0,0.27914247
0,0.29343364
0,0.28054717
0,0.29840186
0,0.28592548
0,0.26898062
0,0.2814722
0,0.29139686
0,0.28341484
0,0.28215933
0,0.275485
0,0.2577744
0,0.26536322
0,0.28797552
0,0.27909666
0,0.2709889
0,0.28232083
0,0.29248023
0,0.28196195
0,0.30045143
0,0.29664072
0,0.31344983
0,0.29651338
0,0.31608647
0,0.29429567
0,0.30249035
0,0.2969104
0,0.27744377
0,0.2783789
0,0.30088532
0,0.2975606
0,0.3223881
0,0.29359925
0,0.3151856
0,0.2879061
0,0.31278452
0,0.2865677
0,0.536655
0,0.47110856
0,0.4166316
0,0.37456322
0,0.32527393
0,0.2973111
0,0.29486477
0,0.27025092
0,0.25180548
0,0.22965139
0,0.2227395
0,0.1963765
0,0.18408617
0,0.17870624
0,0.17913523
0,0.1679799
0,0.17076403
0,0.15866537
0,0.1623564
0,0.15287857
0,0.15328987
0,0.16044393
0,0.17259021
0,0.16983888
0,0.17894809
0,0.18411812
0,0.19959714
0,0.20366049
0,0.22133762
0,0.2186108
0,0.38283667
0,0.35253856
0,0.3124512
0,0.299831
0,0.31469515
0,0.3043507
0,0.2965206
0,0.27612367
0,0.28268722
0,0.2757469
0,0.29375562
0,0.27753425
0,0.2963822
0,0.27911934
0,0.29737163
0,0.2802266
0,0.2751232
0,0.2774838
0,0.29049462
0,0.27671024
0,0.28887588
0,0.27170277
0,0.27557626
0,0.27549076
0,0.28299776
0,0.28208348
0,0.3092458
0,0.29382533
0,0.30790386
0,0.29446557
0,0.3141465
0,0.2934507
0,0.31107107
0,0.2950461
0,0.31949666
0,0.29302526
0,0.32656
0,0.29293817
0,0.2832295
0,0.28089735
0,0.2969955
0,0.28054976
0,0.30486217
0,0.28426966
0,0.30110908
0,0.2974392
0,0.3045817
0,0.2927156
0,0.32254994
0,0.2905521
0,0.27948955
0,0.29004705
0,0.2997327
0,0.27816546
0,0.2759401
0,0.29629728
0,0.31703854
0,0.32321757
0,0.33011436
0,0.30841705
0,0.41953915
0,0.3334209
0,0.30444682
0,0.29935083
0,0.3079294
0,0.28392372
0,0.29308328
0,0.2684903
0,0.2638543
0,0.27622324
0,0.28250286
0,0.27770773
0,0.2626829
0,0.26165763
0,0.27974585
0,0.27151248
0,0.28205636
0,0.26402003
0,0.35043406
0,0.28349108
0,0.2991039
0,0.28126833
0,0.27441272
0,0.2592624
0,0.25628647
0,0.26553524
0,0.2630254
0,0.2641384
0,0.27372652
0,0.27775654
0,0.29056922
0,0.29880947
0,0.30305615
0,0.3026544
0,0.2818901
0,0.28741443
0,0.31023914
0,0.29269537
0,0.32482922
0,0.29867002
0,0.29580787
0,0.27838412
0,0.2793042
0,0.28014764
0,0.29474205
0,0.28060782
0,0.30561495
0,0.2785437
0,0.31665933
0,0.2884164
0,0.31441057
0,0.28831917
0,0.3070522
0,0.30839
0,0.2821193
0,0.28868008
0,0.28532726
0,0.27874085
0,0.26959848
0,0.2716425
0,0.2900774
0,0.2897801
0,0.32123435
0,0.30634326
0,0.31209388
0,0.2956493
0,0.3047855
0,0.282863
0,0.30230045
0,0.29191947
0,0.2773987
0,0.2810731
0,0.28143334
0,0.27974677
0,0.27766514
0,0.27948833
0,0.32666278
0,0.2914941
0,0.31063265
0,0.29920745
0,0.3066713
0,0.30486384
0,0.28377235
0,0.28852054
0,0.31915817
0,0.29593045
0,0.32131383
0,0.29626334
0,0.29398203
0,0.2852766
0,0.27410933
0,0.2811781
0,0.26701078
0,0.26774174
0,0.3035607
0,0.28977033
0,0.29853275
0,0.2935939
0,0.31473228
0,0.299728
0,0.32732067
0,0.29352507
0,0.3072507
0,0.2869417
0,0.27710393
0,0.2714776
0,0.29521087
0,0.2772989
0,0.30517533
0,0.29757357
0,0.32148027
0,0.29346022
0,0.3088704
0,0.29484963
0,0.31412575
0,0.29838598
0,0.29817232
0,0.2894107
0,0.30512136
0,0.2962499
0,0.27894658
0,0.27542517
0,0.26102662
0,0.26765424
0,0.329323
0,0.2768399
0,0.28319424
0,0.27967784
0,0.29589638
0,0.29346517
0,0.27866805
0,0.2786457
0,0.30351204
0,0.28701645
0,0.3113435
0,0.27859947
0,0.27492988
0,0.27395493
0,0.29966357
0,0.2944574
0,0.31383365
0,0.29006356
0,0.27551326
0,0.28001496
0,0.2976714
0,0.28296486
0,0.3214581
0,0.30979738
0,0.3281774
0,0.29849195
0,0.31642506
0,0.29255927
0,0.29067156
0,0.28754562
0,0.30511305
0,0.28112707
0,0.31458828
0,0.29333034
0,0.31507665
0,0.30204567
0,0.27971166
0,0.28212047
0,0.30661193
0,0.29444453
0,0.3174498
0,0.29352853
0,0.30817068
0,0.28459075
0,0.28418306
0,0.2859174
0,0.30071267
0,0.27914578
0,0.30252135
0,0.27948698
0,0.3050259
0,0.28269184
0,0.30879238
0,0.30567545
0,0.35117042
0,0.32082406
0,0.32122192
0,0.30740246
0,0.29502866
0,0.30271274
0,0.28358653
0,0.28287193
0,0.2975993
0,0.2879108
0,0.4168909
0,0.33682543
0,0.36904064
0,0.31158465
0,0.28672972
0,0.27757576
0,0.26374885
0,0.25467747
0,0.25767836
0,0.24573529
0,0.24055484
0,0.23463331
0,0.22923826
0,0.24011205
0,0.24392463
0,0.24936807
0,0.27545974
0,0.25955784
0,0.29425308
0,0.2766549
0,0.30501723
0,0.27895564
0,0.30988085
0,0.2828123
0,0.27782178
0,0.2705287
0,0.2590632
0,0.26817426
0,0.259948
0,0.25839543
0,0.2935302
0,0.2847467
0,0.3084265
0,0.28955454
0,0.28120595
0,0.28347397
0,0.31724146
0,0.30604202
0,0.3021907
0,0.2796828
0,0.27352172
0,0.26239204
0,0.26410574
0,0.2620039
0,0.2587537
0,0.26816
0,0.28326017
0,0.27873084
0,0.26015052
0,0.28037825
0,0.29973492
0,0.2955885
0,0.30283603
0,0.29073527
0,0.3011974
0,0.29287356
0,0.30801094
0,0.29190683
0,0.27754882
0,0.278574
0,0.27276728
0,0.27219102
0,0.29450223
0,0.27925122
0,0.2972352
0,0.29388317
0,0.3128712
0,0.28550112
0,0.29921263
0,0.28109813
0,0.30044782
0,0.2820487
0,0.29637682
0,0.28246656
0,0.27499872
0,0.2655966
0,0.25879216
0,0.26550797
0,0.2718888
0,0.27669775
0,0.2846997
0,0.28173694
0,0.2958745
0,0.28120703
0,0.2900119
0,0.28581822
0,0.30376413
0,0.28881124
0,0.29514122
0,0.28711814
0,0.2755358
0,0.28160664
0,0.29534248
0,0.28088298
0,0.3050343
0,0.297897
0,0.30876532
0,0.28331912
0,0.3240999
0,0.2935006
0,0.31066582
0,0.28870988
0,0.31116554
0,0.28000948
0,0.2955716
0,0.28416103
0,0.279078
0,0.2787489
0,0.26774284
0,0.26620188
0,0.29643926
0,0.2866853
0,0.3003773
0,0.28582552
0,0.2743753
0,0.28009495
0,0.29128417
0,0.2848167
0,0.31867588
0,0.30767086
0,0.29762807
0,0.2935797
0,0.28594175
0,0.27887303
0,0.30009967
0,0.2829228
0,0.2998781
0,0.28634703
0,0.40466106
0,0.3274293
0,0.3441038
0,0.3086481
0,0.32743487
0,0.29414818
0,0.30516818
0,0.28468192
0,0.29509497
0,0.27387843
0,0.26202947
0,0.26496
0,0.28647602
0,0.27970776
0,0.27312356
0,0.2694795
0,0.28549796
0,0.2795336
0,0.30977356
0,0.28356513
0,0.3090297
0,0.28875095
0,0.29350555
0,0.2837396
0,0.2785334
0,0.28857163
0,0.283156
0,0.28931433
0,0.30437303
0,0.29443955
0,0.318491
0,0.2902822
0,0.31163907
0,0.2934849
0,0.30375135
0,0.29826725
0,0.34826672
0,0.3097871
0,0.32536566
0,0.34084672
0,0.3025225
0,0.29192698
0,0.27844426
0,0.274987
0,0.29710612
0,0.29146776
0,0.30758747
0,0.2822587
0,0.30412397
0,0.28111774
0,0.29472598
0,0.2757441
0,0.29332322
0,0.27909455
0,0.28742504
0,0.26487577
0,0.26433334
0,0.2612088
0,0.25290763
0,0.263648
0,0.28971204
0,0.2784444
0,0.2975912
0,0.28557745
0,0.30058408
0,0.27807632
0,0.30571637
0,0.29082495
0,0.3154252
0,0.3003353
0,0.27945018
0,0.27814224
0,0.27691442
0,0.27826852
0,0.27732855
0,0.2695554
0,0.26284137
0,0.27445987
0,0.29042867
0,0.27710375
0,0.29718122
0,0.27973413
0,0.3149212
0,0.30989027
0,0.31585297
0,0.29616392
0,0.32301754
0,0.2990846
0,0.27768025
0,0.28048214
0,0.30887496
0,0.30436847
0,0.32585186
0,0.29869547
0,0.30361834
0,0.2739442
0,0.30803332
0,0.29238865
0,0.30795684
0,0.2875716
0,0.3080031
0,0.28150958
0,0.3105557
0,0.28605703
0,0.28029904
0,0.28142837
0,0.30417165
0,0.29311264
0,0.33468914
0,0.30286425
0,0.34123558
0,0.30331457
0,0.33367097
0,0.30648425
0,0.32525873
0,0.30312377
0,0.31335065
0,0.29165155
0,0.28986827
0,0.27089584
0,0.27207628
0,0.27058113
0,0.28827265
0,0.47552243
0,0.34637666
0,0.30223396
0,0.2934455
0,0.26530755
0,0.2643924
0,0.24762659
0,0.2493554
0,0.22023153
0,0.23032767
0,0.2074593
0,0.205441
0,0.19891609
0,0.20236668
0,0.21076709
0,0.22447857
0,0.23555088
0,0.28137052
0,0.27369297
0,0.27411062
0,0.25510302
0,0.2539865
0,0.2361338
0,0.26780677
0,0.24907936
0,0.2553484
0,0.23966958
0,0.24312754
0,0.24039699
0,0.24833147
0,0.27844912
0,0.30334625
0,0.28898674
0,0.3003209
0,0.28499407
0,0.29492748
0,0.2742512
0,0.29385498
0,0.27712524
0,0.3230695
0,0.28721172
0,0.2951569
0,0.28747293
0,0.28489435
0,0.27728328
0,0.27573094
0,0.27779588
0,0.30047297
0,0.28459778
0,0.30652043
0,0.29929894
0,0.31938735
0,0.30067587
0,0.313671
0,0.29453924
0,0.33885747
0,0.2986643
0,0.3120402
0,0.2938607
0,0.28585374
0,0.27869034
0,0.2712597
0,0.27228573
0,0.28814623
0,0.27434057
0,0.29183295
0,0.29303995
0,0.30626902
0,0.27711615
0,0.29916707
0,0.27738735
0,0.2937368
0,0.28170723
0,0.28391108
0,0.2768126
0,0.27494434
0,0.27854225
0,0.28681615
0,0.27262384
0,0.3106065
0,0.29565024
0,0.33515173
0,0.3127895
0,0.31737605
0,0.29713026
0,0.2861898
0,0.29587173
0,0.29984218
0,0.28238508
0,0.30828416
0,0.2883199
0,0.2784202
0,0.28347513
0,0.29951617
0,0.28703395
0,0.31517896
0,0.29940125
0,0.318365
0,0.3026754
0,0.31739485
0,0.28953594
0,0.30588296
0,0.2811783
0,0.2998155
0,0.27279204
0,0.29773766
0,0.29909497
0,0.27999246
0,0.28463015
0,0.266361
0,0.2857026
0,0.29187307
0,0.28428137
0,0.29934445
0,0.2818866
0,0.31026143
0,0.28376248
0,0.3217479
0,0.290002
0,0.31558326
0,0.29001898
0,0.29720473
0,0.29308882
0,0.28287855
0,0.2796814
0,0.30306855
0,0.28206527
0,0.29564348
0,0.30059284
0,0.307686
0,0.28995338
0,0.3818875
0,0.30904284
0,0.3250723
0,0.30294156
0,0.32047373
0,0.29074377
0,0.29369983
0,0.28196222
0,0.27324092
0,0.27294117
0,0.2947219
0,0.26785886
0,0.31730062
0,0.28363755
0,0.27171648
0,0.27784753
0,0.29309157
0,0.27860266
0,0.31389546
0,0.28966865
0,0.29831207
0,0.296462
0,0.2956835
0,0.28601098
0,0.28058517
0,0.27542567
0,0.30041867
0,0.29716468
0,0.27787927
0,0.27557036
0,0.3120108
0,0.2942445
0,0.275388
0,0.29258126
0,0.29801416
0,0.2810268
0,0.30384374
0,0.28313503
0,0.29196578
0,0.279188
0,0.2671706
0,0.26708362
0,0.30746147
0,0.29892868
0,0.30525845
0,0.29403844
0,0.32200193
0,0.2992219
0,0.31811213
0,0.28823495
0,0.31860793
0,0.29778102
0,0.3269986
0,0.2959875
0,0.29562244
0,0.28891802
0,0.31024337
0,0.28774336
0,0.3163014
0,0.29198354
0,0.31929383
0,0.31410277
0,0.33253038
0,0.3014355
0,0.32132584
0,0.29190153
0,0.30756617
0,0.28802535
0,0.3100358
0,0.27942005
0,0.29568985
0,0.260038
0,0.2581952
0,0.27015978
0,0.25958076
0,0.25921378
0,0.25389653
0,0.29072654
0,0.26738998
0,0.2768928
0,0.2951122
0,0.27296388
0,0.3104386
0,0.292739
0,0.30450675
0,0.28009504
0,0.29880336
0,0.28588858
0,0.2765296
0,0.27995518
0,0.3011138
0,0.29606318
0,0.3036028
0,0.29122666
0,0.39690396
0,0.32081062
0,0.3310739
0,0.310277
0,0.33049306
0,0.3002634
0,0.3075263
0,0.2828958
0,0.27251068
0,0.27613083
0,0.2640155
0,0.26880512
0,0.29422456
0,0.28171012
0,0.31762385
0,0.30512205
0,0.30448222
0,0.28162116
0,0.31657478
0,0.28760538
0,0.30176517
0,0.2748879
0,0.289349
0,0.28222093
0,0.2717393
0,0.26904145
0,0.4600676
0,0.39056578
0,0.3610927
0,0.32861897
0,0.35069147
0,0.31023878
0,0.31384543
0,0.2812039
0,0.29413813
0,0.2624173
0,0.25653416
0,0.22376218
0,0.21159697
0,0.19804797
0,0.19010054
0,0.19072956
0,0.19297844
0,0.19165598
0,0.19825906
0,0.19792558
0,0.19983724
0,0.20273626
0,0.21177883
0,0.20641515
0,0.22228579
0,0.21429436
0,0.2234314
0,0.2175919
0,0.23785727
0,0.22774394
0,0.27299243
0,0.2753371
0,0.27080026
0,0.27718362
0,0.29884553
0,0.29052347
0,0.31462938
0,0.29064724
0,0.30668372
0,0.28271034
0,0.31085116
0,0.27947843
0,0.31078702
0,0.29960895
0,0.2894432
0,0.28353044
0,0.27857763
0,0.2796625
0,0.30749354
0,0.3743979
0,0.34606093
0,0.30594715
0,0.32400835
0,0.2984357
0,0.32157078
0,0.29825795
0,0.3073502
0,0.28987592
0,0.310209
0,0.28223005
0,0.29780617
0,0.29355258
0,0.27280968
0,0.2811689
0,0.3097084
0,0.35498092
0,0.32593322
0,0.28019437
0,0.27945325
0,0.23884268
0,0.24152373
0,0.22099683
0,0.22451729
0,0.2056156
0,0.2113498
0,0.20450273
0,0.2036585
0,0.20931455
0,0.2323706
0,0.25661567
0,0.2737861
0,0.24706067
0,0.25167456
0,0.2609205
0,0.25239828
0,0.2753996
0,0.32027993
0,0.28595832
0,0.2917108
0,0.2735099
0,0.2908498
0,0.2761905
0,0.2724242
0,0.27324897
0,0.2782718
0,0.28228843
0,0.29748577
0,0.28586042
0,0.31478608
0,0.29615483
0,0.39051473
0,0.3097463
0,0.32222724
0,0.29253852
0,0.30746296
0,0.29257682
0,0.30046394
0,0.27997762
0,0.27128232
0,0.27104774
0,0.27721217
0,0.26494762
0,0.42036363
0,0.35124314
0,0.3291534
0,0.2961591
0,0.31016266
0,0.29507217
0,0.30828762
0,0.28325686
0,0.29640338
0,0.26741293
0,0.3028043
0,0.25227305
0,0.22745445
0,0.22472572
0,0.22893609
0,0.22711968
0,0.26345518
0,0.25120562
0,0.27253497
0,0.25660276
0,0.26314703
0,0.2474771
0,0.25709125
0,0.24802488
0,0.2768739
0,0.24804392
0,0.2546973
0,0.24380453
0,0.24841487
0,0.24777159
0,0.3034072
0,0.27725416
0,0.26730898
0,0.27299774
0,0.31011406
0,0.29897124
0,0.27919212
0,0.2828475
0,0.2887147
0,0.28307295
0,0.26957193
0,0.28071824
0,0.26162833
0,0.28322414
0,0.27872226
0,0.27359477
0,0.29463163
0,0.2729903
0,0.2786702
0,0.27509406
0,0.2923429
0,0.28895047
0,0.3172022
0,0.30062374
0,0.31583646
0,0.30659807
0,0.29375222
0,0.28489026
0,0.28426114
0,0.27804717
0,0.28478748
0,0.267897
0,0.2902978
0,0.2772762
0,0.27200088
0,0.27151385
0,0.2988586
0,0.28592646
0,0.30240938
0,0.28727967
0,0.2985994
0,0.283378
0,0.28374824
0,0.27008948
0,0.2930245
0,0.29173735
0,0.30914605
0,0.30979574
0,0.314811
0,0.29078242
0,0.31516975
0,0.3017078
0,0.31213456
0,0.29644015
0,0.31029615
0,0.2886932
0,0.2947215
0,0.28865847
0,0.27729765
0,0.27501705
0,0.31521586
0,0.2852567
0,0.3088442
0,0.28197497
0,0.3016918
0,0.28744993
0,0.31069085
0,0.28449506
0,0.30578607
0,0.28278384
0,0.318584
0,0.2907131
0,0.28270167
0,0.29324028
0,0.28913143
0,0.27657986
0,0.29705414
0,0.28310877
0,0.28427303
0,0.28457996
0,0.31622985
0,0.31773892
0,0.33514914
0,0.3005892
0,0.32197136
0,0.3082126
0,0.3182465
0,0.3154792
0,0.2898361
0,0.29119065
0,0.27354243
0,0.2751572
0,0.3032909
0,0.2869122
0,0.31537923
0,0.29881626
0,0.31465322
0,0.29220122
0,0.31830812
0,0.29817647
0,0.33258975
0,0.3008304
0,0.30771133
0,0.27626547
0,0.26773843
0,0.26882014
0,0.27768493
0,0.2840242
0,0.28374675
0,0.27538213
0,0.30139092
0,0.28694424
0,0.31768703
0,0.28859487
0,0.314302
0,0.2919492
0,0.3158368
0,0.29175067
0,0.28876176
0,0.27437368
0,0.26077586
0,0.2589902
0,0.25121513
0,0.25905716
0,0.29776278
0,0.2940808
0,0.3000457
0,0.32534564
0,0.32456136
0,0.3058866
0,0.31684417
0,0.30993035
0,0.31829557
0,0.28664812
0,0.27610657
0,0.27916518
0,0.28654066
0,0.29139215
0,0.27163902
0,0.2758945
0,0.3056719
0,0.28664288
0,0.310807
0,0.28876677
0,0.30903202
0,0.29145145
0,0.35106725
0,0.3014591
0,0.3273452
0,0.2932604
0,0.28766167
0,0.27285576
0,0.25711438
0,0.25601363
0,0.26105788
0,0.26999858
0,0.29257476
0,0.2867489
0,0.31856775
0,0.29530162
0,0.31758305
0,0.2885613
0,0.330651
0,0.2917761
0,0.32511348
0,0.3034951
0,0.30791703
0,0.32223615
0,0.28819537
0,0.29220518
0,0.31341556
0,0.31320637
0,0.32858813
0,0.30348015
0,0.29004878
0,0.28838822
0,0.30590907
0,0.28279784
0,0.30978754
0,0.2766647
0,0.2795835
0,0.23698063
0,0.2228197
0,0.20867887
0,0.20484993
0,0.20900615
0,0.21130991
0,0.22022317
0,0.2469018
0,0.23720762
0,0.26301923
0,0.24773355
0,0.26706442
0,0.24883622
0,0.281365
0,0.26129907
0,0.28004053
0,0.27041268
0,0.25048268
0,0.26356125
0,0.26200143
0,0.2705015
0,0.30126265
0,0.280768
0,0.30789188
0,0.30488676
0,0.32639608
0,0.29566264
0,0.31782132
0,0.29597327
0,0.31480303
0,0.2829679
0,0.30602938
0,0.28795314
0,0.28699777
0,0.27503836
0,0.26816356
0,0.26918387
0,0.30955794
0,0.29319316
0,0.322072
0,0.2957411
0,0.32772943
0,0.3107043
0,0.32313797
0,0.29105905
0,0.32444683
0,0.30133402
0,0.3048156
0,0.27137247
0,0.26279017
0,0.2674724
0,0.26022878
0,0.26475602
0,0.3050217
0,0.2883769
0,0.33212164
0,0.30605277
0,0.31736076
0,0.29468274
0,0.27902728
0,0.28840083
0,0.30224836
0,0.2790703
0,0.28227848
0,0.2580406
0,0.26028645
0,0.25257787
0,0.26870507
0,0.26755783
0,0.31478792
0,0.29053295
0,0.32095176
0,0.2948079
0,0.31419358
0,0.29142243
0,0.31535214
0,0.6495395
0,0.46255282
0,0.38695392
0,0.355753
0,0.28652343
0,0.2514233
0,0.22298089
0,0.22018969
0,0.22135937
0,0.2539638
0,0.22315365
0,0.22731192
0,0.19250351
0,0.20065387
0,0.17260724
0,0.18369849
0,0.15670894
0,0.16108923
0,0.1526879
0,0.1559109
0,0.14974229
0,0.14470552
0,0.14827895
0,0.16525853
0,0.16381682
0,0.17419457
0,0.16579278
0,0.18359484
0,0.18229099
0,0.22419848
0,0.3078621
0,0.33865592
0,0.29423198
0,0.3027038
0,0.24680255
0,0.23630965
0,0.21661073
0,0.20696236
0,0.21612297
0,0.23802815
0,0.22147217
0,0.2509249
0,0.2314788
0,0.25896588
0,0.25236437
0,0.24993806
0,0.21611065
0,0.22386864
0,0.2100861
0,0.21519664
0,0.19786218
0,0.19448732
0,0.19622588
0,0.1952528
0,0.20248073
0,0.2257228
0,0.2126915
0,0.24805495
0,0.24420266
0,0.2911695
0,0.26366383
0,0.29855874
0,0.27410254
0,0.30499503
0,0.25552496
0,0.26287213
0,0.23623748
0,0.23651364
0,0.23967314
0,0.24037677
0,0.24048236
0,0.27750048
0,0.25859004
0,0.30053973
0,0.3032251
0,0.3185397
0,0.2890013
0,0.27536058
0,0.27711722
0,0.30897525
0,0.288761
0,0.2712704
0,0.283977
0,0.2784204
0,0.272804
0,0.2618233
0,0.26307094
0,0.31374818
0,0.28992513
0,0.32379273
0,0.3179086
0,0.28933537
0,0.28477952
0,0.3147493
0,0.28911924
0,0.44146502
0,0.3502583
0,0.34246346
0,0.31538352
0,0.29329246
0,0.28260726
0,0.27009803
0,0.2717597
0,0.30349913
0,0.2798778
0,0.31488636
0,0.28809425
0,0.31956902
0,0.3057267
0,0.31750715
0,0.28776234
0,0.27522594
0,0.2396197
0,0.24063455
0,0.21820217
0,0.20739084
0,0.20347327
0,0.21752429
0,0.21801107
0,0.24474213
0,0.23403922
0,0.24894373
0,0.24396464
0,0.27489063
0,0.2531358
0,0.3244792
0,0.28894064
0,0.31028908
0,0.27842787
0,0.2864408
0,0.2699401
0,0.26714933
0,0.26182568
0,0.25712973
0,0.25931314
0,0.29582733
0,0.28569737
0,0.32241952
0,0.29094583
0,0.3225979
0,0.289529
0,0.2736193
0,0.28023985
0,0.3095644
0,0.28483924
0,0.29920548
0,0.2758003
0,0.27690807
0,0.2692636
0,0.27649745
0,0.272498
0,0.31018186
0,0.29138297
0,0.32128143
0,0.29161304
0,0.3187687
0,0.2947051
0,0.3247325
0,0.29873443
0,0.33143696
0,0.2911681
0,0.29966956
0,0.28671035
0,0.28119043
0,0.2752725
0,0.3568308
0,0.2972187
0,0.33723694
0,0.30309358
0,0.33226874
0,0.30268055
0,0.327194
0,0.31012204
0,0.325167
0,0.290964
0,0.32251546
0,0.27689648
0,0.27717835
0,0.25513032
0,0.24926513
0,0.24049848
0,0.24551918
0,0.24941334
0,0.2897929
0,0.2694065
0,0.30156073
0,0.27181995
0,0.30273423
0,0.27855122
0,0.29045326
0,0.2551371
0,0.27304712
0,0.24248806
0,0.23925579
0,0.23347779
0,0.25084582
0,0.25906217
0,0.2919177
0,0.26900783
0,0.3041031
0,0.2789984
0,0.30639407
0,0.28146774
0,0.3063644
0,0.2844239
0,0.2627547
0,0.2649503
0,0.26119167
0,0.2504765
0,0.24287531
0,0.23934375
0,0.23593318
0,0.25042146
0,0.25332147
0,0.2636696
0,0.26250705
0,0.2713118
0,0.31212842
0,0.2897412
0,0.3200385
0,0.2936064
0,0.32791632
0,0.30283993
0,0.31986433
0,0.29069957
0,0.29475358
0,0.28140396
0,0.27490517
0,0.2756845
0,0.3438346
0,0.3166641
0,0.35018682
0,0.30953282
0,0.34636316
0,0.29847977
0,0.35080427
0,0.31841666
0,0.34949076
0,0.33967695
0,0.29677165
0,0.27457726
0,0.24678916
0,0.22932345
0,0.21424247
0,0.20489952
0,0.2130808
0,0.19563848
0,0.21107319
0,0.19082186
0,0.20346086
0,0.18719202
0,0.19671236
0,0.17553888
0,0.18357654
0,0.17638291
0,0.17661045
0,0.17315406
0,0.17621355
0,0.17556211
0,0.21153712
0,0.1917343
0,0.20348902
0,0.18382458
0,0.2030977
0,0.19109145
0,0.21197535
0,0.19764136
0,0.21862891
0,0.20297554
0,0.21731812
0,0.19915822
0,0.18994954
0,0.191403
0,0.19425927
0,0.2000728
0,0.21154241
0,0.21129431
0,0.24548979
0,0.22906211
0,0.25571215
0,0.23790516
0,0.25987533
0,0.24132313
0,0.2745927
0,0.2415653
0,0.27761763
0,0.24222872
0,0.24532281
0,0.23913212
0,0.25586262
0,0.25180355
0,0.26203218
0,0.26928598
0,0.30615222
0,0.28980708
0,0.33728412
0,0.29258668
0,0.34282315
0,0.29246715
0,0.31217942
0,0.27888715
0,0.32964814
0,0.28718296
0,0.27243164
0,0.24731536
0,0.23891537
0,0.23315027
0,0.28260642
0,0.24991544
0,0.28714985
0,0.25533298
0,0.29995343
0,0.2704191
0,0.31281784
0,0.26920235
0,0.3017432
0,0.24951449
0,0.24770033
0,0.22059435
0,0.21202041
0,0.20869723
0,0.19965811
0,0.20570321
0,0.24002442
0,0.22445455
0,0.2687186
0,0.23376118
0,0.27308592
0,0.23558652
0,0.25599003
0,0.22328962
0,0.26227024
0,0.2302876
0,0.24833532
0,0.21974562
0,0.19965346
0,0.19785546
0,0.21262345
0,0.2177162
0,0.24627419
0,0.23314193
0,0.25887588
0,0.23871551
0,0.2463836
0,0.24151683
0,0.30431584
0,0.24749592
0,0.26731476
0,0.23411329
0,0.24075757
0,0.21816747
0,0.2114766
0,0.2046951
0,0.22075392
0,0.227519
0,0.2763133
0,0.2587863
0,0.308072
0,0.27472576
0,0.30713928
0,0.2805262
0,0.26991546
0,0.26141754
0,0.29570526
0,0.26499268
0,0.27421993
0,0.25032875
0,0.2463485
0,0.24471056
0,0.24556987
0,0.2555901
0,0.30497852
0,0.27361432
0,0.30497578
0,0.28662366
0,0.32717288
0,0.29007342
0,0.29183984
0,0.2852225
0,0.28912953
0,0.28661427
0,0.30864546
0,0.28329042
0,0.2782279
0,0.27341607
0,0.27440044
0,0.28184193
0,0.32230714
0,0.2921828
0,0.331472
0,0.3093389
0,0.33350405
0,0.2967785
0,0.33010086
0,0.2987436
0,0.32533047
0,0.2854133
0,0.29622155
0,0.28498867
0,0.27233282
0,0.33512375
0,0.29017246
0,0.2726705
0,0.31978598
0,0.27855128
0,0.3166485
0,0.29755428
0,0.28355554
0,0.2374339
0,0.247997
0,0.20784615
0,0.21725227
0,0.18877849
0,0.18817887
0,0.17756881
0,0.17715922
0,0.17577145
0,0.18248019
0,0.18595189
0,0.21525942
0,0.20795508
0,0.22678505
0,0.20526764
0,0.22341241
0,0.2046851
0,0.23042233
0,0.20289364
0,0.22368202
0,0.20276026
0,0.20995371
0,0.20958689
0,0.2037476
0,0.20557103
0,0.22160368
0,0.22681113
0,0.27710748
0,0.27934396
0,0.3176414
0,0.2777606
0,0.31852695
0,0.27769265
0,0.3122772
0,0.27640933
0,0.29048994
0,0.25095823
0,0.24650158
0,0.22923474
0,0.22390567
0,0.22949608
0,0.27693883
0,0.25433955
0,0.2559231
0,0.25084764
0,0.29929194
0,0.26824132
0,0.32159334
0,0.29126376
0,0.32192022
0,0.28802577
0,0.3132833
0,0.27951175
0,0.28817847
0,0.2766066
0,0.26347244
0,0.2613171
0,0.33744356
0,0.31263176
0,0.33986387
0,0.2957582
0,0.28557485
0,0.28243077
0,0.26761085
0,0.27022249
0,0.2579109
0,0.2643068
0,0.30613288
0,0.27558932
0,0.27468586
0,0.28633037
0,0.27297515
0,0.26757124
0,0.31379214
0,0.28507963
0,0.32716864
0,0.29962274
0,0.3369898
0,0.31106704
0,0.32927123
0,0.30032316
0,0.34061265
0,0.31283998
0,0.3247658
0,0.30123153
0,0.2789074
0,0.28163746
0,0.28437498
0,0.28091672
0,0.30930245
0,0.2772898
0,0.32782903
0,0.28865138
0,0.301872
0,0.25799167
0,0.25643298
0,0.22392274
0,0.23563862
0,0.20657605
0,0.21661617
0,0.20102468
0,0.20428625
0,0.19873467
0,0.20472032
0,0.21098225
0,0.22152036
0,0.23623617
0,0.2899772
0,0.26981983
0,0.35922077
0,0.2872156
0,0.32415658
0,0.2929238
0,0.31600368
0,0.26896816
0,0.26431367
0,0.2414928
0,0.24428852
0,0.23455155
0,0.2724616
0,0.248649
0,0.29292154
0,0.26505768
0,0.27103543
0,0.26648572
0,0.30061832
0,0.2743241
0,0.29322577
0,0.25857317
0,0.24852797
0,0.21021973
0,0.2056909
0,0.185224
0,0.17061742
0,0.17648163
0,0.17235914
0,0.1811104
0,0.2135948
0,0.20510887
0,0.24850132
0,0.22017734
0,0.24900562
0,0.22613901
0,0.2441112
0,0.22083467
0,0.23626365
0,0.21895431
0,0.21469085
0,0.2027379
0,0.20077512
0,0.19586766
0,0.19890149
0,0.20729761
0,0.23109077
0,0.22492634
0,0.26028064
0,0.24775556
0,0.273692
0,0.27865544
0,0.30969018
0,0.28476584
0,0.29708079
0,0.25378096
0,0.23419808
0,0.22831406
0,0.21714298
0,0.21392615
0,0.22746404
0,0.23486575
0,0.24284598
0,0.257684
0,0.30748853
0,0.28286746
0,0.3199039
0,0.28553963
0,0.32605433
0,0.29427058
0,0.30829394
0,0.27941394
0,0.28724268
0,0.28673944
0,0.2664676
0,0.26095423
0,0.2713678
0,0.26362577
0,0.31821284
0,0.29586884
0,0.2781537
0,0.27492267
0,0.25916958
0,0.2725287
0,0.28849542
0,0.28703701
0,0.31366637
0,0.30735445
0,0.29223564
0,0.29172757
0,0.28269252
0,0.28135458
0,0.27624297
0,0.27826563
0,0.32136074
0,0.29381192
0,0.34379134
0,0.30289793
0,0.34084934
0,0.3018114
0,0.346275
0,0.31327516
0,0.3376192
0,0.29905304
0,0.29960704
0,0.28820583
0,0.273171
0,0.27361345
0,0.30989808
0,0.27624166
0,0.3144695
0,0.28696853
0,0.27963242
0,0.2833718
0,0.27235574
0,0.2620903
0,0.27693966
0,0.26106137
0,0.2550289
0,0.29911727
0,0.2716941
0,0.26083195
0,0.26734075
0,0.27084988
0,0.2642774
0,0.26345575
0,0.28926802
0,0.27245632
0,0.26428187
0,0.25899088
0,0.2531995
0,0.25352907
0,0.2672413
0,0.2557636
0,0.27006862
0,0.2711718
0,0.30965316
0,0.27816468
0,0.27483952
0,0.2629134
0,0.2642708
0,0.2596051
0,0.2615262
0,0.25289464
0,0.25764358
0,0.2556232
0,0.24741217
0,0.25996158
0,0.25729373
0,0.25367442
0,0.25088987
0,0.25857458
0,0.2476802
0,0.26206633
0,0.25677952
0,0.26112515
0,0.25990373
0,0.254279
0,0.24705333
0,0.2560919
0,0.25327495
0,0.25294897
0,0.25317845
0,0.25877208
0,0.24658854
0,0.2539297
0,0.25450066
0,0.24963014
0,0.24520227
0,0.24422023
0,0.25128925
0,0.24535814
0,0.23742664
0,0.24839494
0,0.23625731
0,0.24756786
0,0.2619294
0,0.24986604
0,0.24082926
0,0.2529075
0,0.2592094
0,0.24856812
0,0.24307884
0,0.25385255
0,0.24660608
0,0.25175712
0,0.24608035
0,0.2372663
0,0.25671035
0,0.2615378
0,0.26248205
0,0.2613612
0,0.25126827
0,0.2608773
0,0.2596443
0,0.26029515
0,0.26698023
0,0.25815353
0,0.25958082
0,0.26427963
0,0.26818722
0,0.26764572
0,0.25466856
0,0.26304728
0,0.27373362
0,0.29041296
0,0.27934206
0,0.26704437
0,0.27273518
0,0.2706616
0,0.2553335
0,0.2562265
0,0.25609145
0,0.26005083
0,0.26349553
0,0.2637648
0,0.26912937
0,0.25833258
0,0.24606314
0,0.256826
0,0.2608838
0,0.2621242
0,0.26374558
0,0.26386163
0,0.26761898
0,0.2696324
0,0.2675014
0,0.27287424
0,0.26917458
0,0.26575673
0,0.2539457
0,0.2597037
0,0.24572326
0,0.25440553
0,0.25732118
0,0.2602484
0,0.26888764
0,0.27030852
0,0.26631704
0,0.27144632
0,0.25073877
0,0.25668585
0,0.2743512
0,0.26273832
0,0.26817143
0,0.26229268
0,0.26264897
0,0.2621744
0,0.26088226
0,0.2594667
0,0.26167765
0,0.25811642
0,0.25056243
0,0.25349694
0,0.2521741
0,0.26342356
0,0.2611387
0,0.27029866
0,0.2621162
0,0.26373824
0,0.26370716
0,0.25799805
0,0.26088646
0,0.25628734
0,0.25798666
0,0.2797864
0,0.27912658
0,0.3066029
0,0.28195545
0,0.28449702
0,0.27501667
0,0.27078238
0,0.26688194
0,0.26521853
0,0.26545358
0,0.25805774
0,0.2609605
0,0.29216367
0,0.2664764
0,0.2662348
0,0.25862968
0,0.25967893
0,0.26201165
0,0.25992042
0,0.27218193
0,0.26336843
0,0.25954777
0,0.2943227
0,0.2623703
0,0.26537597
0,0.2664802
0,0.25679654
0,0.2619264
0,0.25891948
0,0.29089046
0,0.27778915
0,0.26763627
0,0.26306173
0,0.26044133
0,0.27033678
0,0.2609726
0,0.2656541
0,0.27359104
0,0.26263466
0,0.31625098
0,0.2877107
0,0.2743359
0,0.34343895
0,0.2910586
0,0.2786361
0,0.27767625
0,0.26649708
0,0.25293186
0,0.2715767
0,0.30047548
0,0.2791756
0,0.26738986
0,0.26141763
0,0.26563495
0,0.26654688
0,0.2543917
0,0.26186624
0,0.2582032
0,0.25308326
0,0.25112465
0,0.2657462
0,0.26218435
0,0.26570144
0,0.26650125
0,0.26403734
0,0.2634
0,0.2624352
0,0.26241124
0,0.26808867
0,0.3370027
0,0.27519503
0,0.26792789
0,0.26690853
0,0.26784268
0,0.28473
0,0.2800584
0,0.26973101
0,0.26066485
0,0.26794654
0,0.27051657
0,0.26139167
0,0.2488332
0,0.2545953
0,0.26375908
0,0.2579129
0,0.25206047
0,0.26120445
0,0.25980714
0,0.26353434
0,0.2479308
0,0.25043535
0,0.24132049
0,0.27739528
0,0.2620049
0,0.2681756
0,0.271193
0,0.27323416
0,0.2708292
0,0.26061505
0,0.33516636
0,0.28255552
0,0.27525312
0,0.27297536
0,0.25400773
0,0.26188025
0,0.2636754
0,0.26311892
0,0.24997266
0,0.25699577
0,0.25970012
0,0.2576558
0,0.25492293
0,0.2601835
0,0.25978324
0,0.2597677
0,0.2614348
0,0.26326802
0,0.2638192
0,0.25668067
0,0.2599707
0,0.2561768
0,0.2605139
0,0.26194507
0,0.26054123
0,0.25945625
0,0.26044354
0,0.26470658
0,0.2615339
0,0.2662285
0,0.2711114
0,0.26253784
0,0.26278117
0,0.2599246
0,0.2557763
0,0.2587993
0,0.2579276
0,0.25492823
0,0.261734
0,0.26103535
0,0.27304
0,0.27547362
0,0.2639496
0,0.2738401
0,0.2641276
0,0.26446038
0,0.27076504
0,0.26993397
0,0.26201332
0,0.2573048
0,0.2609182
0,0.29188147
0,0.26835492
0,0.2780662
0,0.27110922
0,0.27675974
0,0.26422346
0,0.26727667
0,0.28560722
0,0.27189952
0,0.26313344
0,0.3242044
0,0.28652498
0,0.2712059
0,0.25760677
0,0.26107547
0,0.2542685
0,0.25135034
0,0.3159454
0,0.27287477
0,0.2636321
0,0.27465057
0,0.2646864
0,0.25649485
0,0.24968489
0,0.2530056
0,0.2453709
0,0.26222676
0,0.2565328
0,0.24929972
0,0.25163156
0,0.2586509
0,0.2454879
0,0.25776136
0,0.24861576
0,0.24880183
0,0.24879184
0,0.2552762
0,0.25703445
0,0.24619874
0,0.24796273
0,0.25841817
0,0.26479712
0,0.26274666
0,0.24962956
0,0.2578077
0,0.2606582
0,0.26080126
0,0.24876846
0,0.25566268
0,0.25761285
0,0.2663393
0,0.25453702
0,0.25181112
0,0.24205928
0,0.2590884
0,0.24928632
0,0.26106352
0,0.25435293
0,0.26680192
0,0.25595722
0,0.26425314
0,0.2510851
0,0.26268488
0,0.25014886
0,0.26761103
0,0.26181647
0,0.26875716
0,0.2570038
0,0.2636953
0,0.26886776
0,0.26094377
0,0.26762798
0,0.25887936
0,0.2733223
0,0.26486817
0,0.27512318
0,0.27075
0,0.2617934
0,0.25037044
0,0.25387874
0,0.27395067
0,0.26505968
0,0.27094442
0,0.2702698
0,0.2597585
0,0.25206393
0,0.2603263
0,0.26348898
0,0.2634469
0,0.25172603
0,0.25945354
0,0.26256457
0,0.2744152
0,0.28481156
0,0.27282676
0,0.2668519
0,0.2671597
0,0.26994717
0,0.30616868
0,0.2712242
0,0.2752783
0,0.27221093
0,0.2756626
0,0.27076158
0,0.26964024
0,0.31726652
0,0.28283834
0,0.28517374
0,0.27405635
0,0.2713129
0,0.26725152
0,0.2665161
0,0.26299432
0,0.2633824
0,0.26071835
0,0.2534399
0,0.25641048
0,0.26298863
0,0.25874284
0,0.2616546
0,0.25841266
0,0.25923365
0,0.26126868
0,0.25921726
0,0.2610267
0,0.25266227
0,0.2548611
0,0.25478166
0,0.2529922
0,0.25397402
0,0.25844377
0,0.2548329
0,0.2526423
0,0.26694325
0,0.25705087
0,0.25202397
0,0.26000533
0,0.2598715
0,0.2542325
0,0.2587372
0,0.25936663
0,0.26015562
0,0.2548825
0,0.2598159
0,0.2576384
0,0.25439513
0,0.25122884
0,0.2550275
0,0.25520295
0,0.25056002
0,0.25320357
0,0.25490764
0,0.2544295
0,0.24731258
0,0.25169092
0,0.2530751
0,0.25306568
0,0.24425936
0,0.25403348
0,0.24434263
0,0.24598497
0,0.2581552
0,0.26213843
0,0.24767458
0,0.25183088
0,0.2432632
0,0.24749628
0,0.2484612
0,0.2548542
0,0.250812
0,0.25981927
0,0.25875232
0,0.26215512
0,0.24662763
0,0.28062332
0,0.28518683
0,0.2623635
0,0.2679492
0,0.26183352
0,0.2834315
0,0.28431144
0,0.27873415
0,0.28204533
0,0.27681655
0,0.26383004
0,0.27087086
0,0.2538874
0,0.2668367
0,0.26325575
0,0.255843
0,0.26872033
0,0.26458192
0,0.25512487
0,0.24892849
0,0.24893181
0,0.25353226
0,0.24819386
0,0.2459311
0,0.25936434
0,0.25780147
0,0.26757318
0,0.2560677
0,0.26694772
0,0.252384
0,0.26532558
0,0.3161869
0,0.2894776
0,0.27691224
0,0.27779293
0,0.26259223
0,0.27013084
0,0.26417342
0,0.270128
0,0.26371518
0,0.26893488
0,0.2957021
0,0.2797741
0,0.2628641
0,0.260845
0,0.26934248
0,0.2671957
0,0.25409007
0,0.26300782
0,0.26657456
0,0.270663
0,0.28544497
0,0.27623364
0,0.25507542
0,0.31383803
0,0.2805324
0,0.3008657
0,0.2807512
0,0.27778894
0,0.27679816
0,0.27306166
0,0.27671963
0,0.27086213
0,0.25371987
0,0.29071364
0,0.2738491
0,0.2758624
0,0.27258572
0,0.26874873
0,0.26481146
0,0.26464248
0,0.26139095
0,0.26180607
0,0.2576228
0,0.2882162
0,0.26508734
0,0.2651753
0,0.26201993
0,0.2619111
0,0.26613027
0,0.2620012
0,0.2675117
0,0.26251563
0,0.2658854
0,0.29460767
0,0.27490982
0,0.2722816
0,0.2678092
0,0.26295045
0,0.2567593
0,0.25683054
0,0.2530407
0,0.2533459
0,0.25688252
0,0.27793783
0,0.2651637
0,0.26598576
0,0.26213807
0,0.26365983
0,0.2599687
0,0.25633365
0,0.25371146
0,0.25343078
0,0.2543685
0,0.25667658
0,0.2560084
0,0.27280465
0,0.255928
0,0.25438532
0,0.25252602
0,0.2573416
0,0.26039487
0,0.25362113
0,0.25872058
0,0.27489376
0,0.25257757
0,0.2582445
0,0.26017463
0,0.25359216
0,0.25264668
0,0.25563574
0,0.26508322
0,0.26359293
0,0.25111783
0,0.28741723
0,0.2572599
0,0.25427863
0,0.26650202
0,0.25460047
0,0.26565662
0,0.2687718
0,0.26069573
0,0.25853157
0,0.25320253
0,0.27797806
0,0.2531175
0,0.25030074
0,0.24479198
0,0.24903126
0,0.24264708
0,0.24732217
0,0.2500164
0,0.25818843
0,0.25371128
0,0.25363168
0,0.24671113
0,0.24872082
0,0.2490548
0,0.2651142
0,0.26232162
0,0.27295983
0,0.26852748
0,0.25905213
0,0.25673947
0,0.26707777
0,0.26813206
0,0.25806516
0,0.24932721
0,0.24855772
0,0.2567397
0,0.24943542
0,0.25755057
0,0.25828964
0,0.25245082
0,0.25520402
0,0.24633181
0,0.25286183
0,0.25213635
0,0.26330265
0,0.26057324
0,0.2514732
0,0.2569455
0,0.25572002
0,0.2588402
0,0.26673558
0,0.25389385
0,0.25742358
0,0.2562682
0,0.2574971
0,0.25053754
0,0.25387856
0,0.24699849
0,0.25890553
0,0.24520065
0,0.25737846
0,0.26285446
0,0.2644553
0,0.2679248
0,0.2719545
0,0.27221137
0,0.26191697
0,0.26129043
0,0.2566937
0,0.26471275
0,0.273553
0,0.2652446
0,0.27704388
0,0.2582995
0,0.25568
0,0.26193795
0,0.26274696
0,0.25731924
0,0.2614658
0,0.26513657
0,0.2560912
0,0.26672262
0,0.28147033
0,0.25893977
0,0.26522607
0,0.26569062
0,0.27910957
0,0.27087703
0,0.26641363
0,0.2735438
0,0.26740137
0,0.29199252
0,0.2856514
0,0.30073693
0,0.30170116
0,0.29857042
0,0.2967733
0,0.32123297
0,0.3201139
0,0.3281022
0,0.33009708
0,0.3042947
0,0.29309168
0,0.28253153
0,0.2945314
0,0.28562534
0,0.28376752
0,0.27446514
0,0.27139378
0,0.2917691
0,0.27854618
0,0.28327838
0,0.2870906
0,0.28778148
0,0.27866054
0,0.27123436
0,0.26517144
0,0.28096265
0,0.27761546
0,0.27409533
0,0.27571416
0,0.2936381
0,0.30322525
0,0.28848806
0,0.28944215
0,0.26812202
0,0.27769056
0,0.28951153
0,0.28544146
0,0.42352125
0,0.34611037
0,0.31878045
0,0.30286992
0,0.29384884
0,0.2888327
0,0.27083436
0,0.27363434
0,0.2693058
0,0.26717648
0,0.25800407
0,0.2609458
0,0.26167265
0,0.27501136
0,0.26949897
0,0.3427495
0,0.2940392
0,0.29006475
0,0.29051378
0,0.28216195
0,0.27443835
0,0.2673058
0,0.26494783
0,0.28282532
0,0.26013273
0,0.26274884
0,0.2556519
0,0.2568042
0,0.25648534
0,0.25830066
0,0.2532658
0,0.24852236
0,0.25211143
0,0.25112474
0,0.25066888
0,0.2505924
0,0.24010023
0,0.26006505
0,0.25694075
0,0.2618504
0,0.26532763
0,0.2571474
0,0.25161192
0,0.2588437
0,0.2534003
0,0.25048107
0,0.24902113
0,0.25811145
0,0.25847545
0,0.26668987
0,0.25234592
0,0.25196207
0,0.24787986
0,0.2551556
0,0.24756166
0,0.26219115
0,0.26019517
0,0.25244996
0,0.24794814
0,0.24631509
0,0.24066947
0,0.24986537
0,0.2535127
0,0.26007235
0,0.2500739
0,0.25400054
0,0.25472867
0,0.26369005
0,0.26634538
0,0.2696011
0,0.2511948
0,0.25703037
0,0.26500142
0,0.27148983
0,0.26318476
0,0.2604498
0,0.26048326
0,0.26644617
0,0.26647303
0,0.26773208
0,0.26853767
0,0.287913
0,0.27683142
0,0.27758604
0,0.25926197
0,0.26699015
0,0.25823995
0,0.25752822
0,0.26214397
0,0.26471975
0,0.2590415
0,0.25850785
0,0.26206464
0,0.26463932
0,0.24813326
0,0.2520407
0,0.26097327
0,0.25417897
0,0.25848344
0,0.2596517
0,0.24989909
0,0.2572818
0,0.25725698
0,0.2585317
0,0.25377202
0,0.25755987
0,0.25855446
0,0.26158816
0,0.26054615
0,0.2666661
0,0.25757164
0,0.2581405
0,0.25477263
0,0.25584704
0,0.26067275
0,0.26642302
0,0.2636069
0,0.2604284
0,0.25413316
0,0.25579488
0,0.25675756
0,0.26296315
0,0.25388494
0,0.2552
0,0.2503383
0,0.25223637
0,0.41966215
0,0.39295176
0,0.35297185
0,0.31057215
0,0.2874763
0,0.2764832
0,0.26508594
0,0.2638893
0,0.2714115
0,0.26654658
0,0.26021454
0,0.25724378
0,0.25074694
0,0.25186923
0,0.29790238
0,0.28318778
0,0.264331
0,0.265076
0,0.26715893
0,0.26721233
0,0.26526043
0,0.26129678
0,0.25106844
0,0.25549698
0,0.30500013
0,0.27449015
0,0.26682138
0,0.26437247
0,0.26401725
0,0.26032993
0,0.25638503
0,0.2736418
0,0.27284667
0,0.25819528
0,0.30134004
0,0.28641862
0,0.27372423
0,0.26607776
0,0.25561616
0,0.25972074
0,0.25363925
0,0.2609714
0,0.2528709
0,0.25274807
0,0.29473227
0,0.27557874
0,0.25767425
0,0.2562396
0,0.25653362
0,0.26045683
0,0.25492007
0,0.26291278
0,0.25716677
0,0.2603012
0,0.3151348
0,0.28501812
0,0.28137618
0,0.27446517
0,0.26294276
0,0.2652903
0,0.25339
0,0.26086
0,0.24677801
0,0.25537485
0,0.3169602
0,0.26579636
0,0.25992534
0,0.2614594
0,0.2584983
0,0.25940993
0,0.2678671
0,0.28070697
0,0.26313406
0,0.27019024
0,0.2829073
0,0.28018942
0,0.2670653
0,0.31202105
0,0.273054
0,0.27318075
0,0.26513812
0,0.27048847
0,0.26696
0,0.2708836
0,0.27231672
0,0.26725745
0,0.26562628
0,0.2862955
0,0.26980925
0,0.2713127
0,0.2730858
0,0.27111158
0,0.25696552
0,0.26690164
0,0.25630882
0,0.26509345
0,0.25959158
0,0.26972958
0,0.2756724
0,0.26940855
0,0.2565144
0,0.2632752
0,0.25897887
0,0.26257953
0,0.2577411
0,0.26716566
0,0.26679063
0,0.27011716
0,0.26110315
0,0.2632126
0,0.26040745
0,0.26118934
0,0.2562745
0,0.25897422
0,0.25455648
0,0.2576016
0,0.2581802
0,0.2565907
0,0.2536752
0,0.26012835
0,0.26047137
0,0.25899556
0,0.26084483
0,0.25850004
0,0.26003793
0,0.25879404
0,0.24500504
0,0.2518234
0,0.273628
0,0.26123357
0,0.25822735
0,0.26213187
0,0.25970873
0,0.25708312
0,0.25314048
0,0.2540436
0,0.24892074
0,0.25124392
0,0.25031692
0,0.25064954
0,0.24743271
0,0.2545982
0,0.24796507
0,0.24952847
0,0.24577153
0,0.25214866
0,0.24487035
0,0.24305007
0,0.24113731
0,0.25176352
0,0.25946575
0,0.25865638
0,0.25380304
0,0.25578156
0,0.2529295
0,0.24521594
0,0.24353753
0,0.24496074
0,0.2515179
0,0.24682559
0,0.25263175
0,0.25196373
0,0.24963933
0,0.26739314
0,0.27765152
0,0.26874635
0,0.26384625
0,0.26367927
0,0.2563885
0,0.25111976
0,0.24572858
0,0.24417302
0,0.2453859
0,0.24315396
0,0.24391662
0,0.2483195
0,0.23977481
0,0.23978412
0,0.24651133
0,0.25363538
0,0.24767357
0,0.26626635
0,0.24914858
0,0.25915056
0,0.2478876
0,0.26257867
0,0.2449058
0,0.25723493
0,0.24247603
0,0.24520013
0,0.2577834
0,0.25854078
0,0.2549703
0,0.25739825
0,0.50785154
0,0.46405315
0,0.3614528
0,0.32231894
0,0.30865747
0,0.29044577
0,0.2722326
0,0.33611682
0,0.2864783
0,0.27228263
0,0.2666204
0,0.25749943
0,0.25129288
0,0.2623829
0,0.26255178
0,0.25201187
0,0.24993013
0,0.26148438
0,0.25054988
0,0.26155943
0,0.25345838
0,0.25323138
0,0.25969657
0,0.2532177
0,0.24996242
0,0.26217967
0,0.261076
0,0.267619
0,0.2556214
0,0.26490992
0,0.25453985
0,0.26439396
0,0.31557184
0,0.2882702
0,0.272939
0,0.27527565
0,0.26137838
0,0.26847997
0,0.25509343
0,0.26480204
0,0.25406718
0,0.24645844
0,0.3022595
0,0.27923465
0,0.27283224
0,0.274219
0,0.2801637
0,0.27481356
0,0.2791239
0,0.2732266
0,0.27572307
0,0.2653445
0,0.3169477
0,0.2786009
0,0.2605516
0,0.26825872
0,0.25720587
0,0.2597606
0,0.26631138
0,0.26561102
0,0.2550539
0,0.26493278
0,0.31106302
0,0.28226095
0,0.26542535
0,0.268006
0,0.25694206
0,0.26131177
0,0.25908434
0,0.2630322
0,0.25816113
0,0.26012987
0,0.29662853
0,0.27487874
0,0.26104116
0,0.26237333
0,0.26165745
0,0.2773844
0,0.26951873
0,0.2650328
0,0.2525535
0,0.25923568
0,0.28422162
0,0.3472485
0,0.28736767
0,0.33045515
0,0.29463875
0,0.28030822
0,0.27657655
0,0.26971775
0,0.25388795
0,0.25800818
0,0.2742838
0,0.2588791
0,0.2602217
0,0.28387186
0,0.27507913
0,0.27065858
0,0.26400188
0,0.27559525
0,0.26325834
0,0.26405352
0,0.26161075
0,0.2619762
0,0.25607997
0,0.28208947
0,0.2663686
0,0.26623434
0,0.2571516
0,0.2599498
0,0.25319374
0,0.26528263
0,0.2654427
0,0.2636958
0,0.2534926
0,0.2675802
0,0.25667357
0,0.25772184
0,0.25838095
0,0.25244164
0,0.2530586
0,0.2672752
0,0.26182953
0,0.26770744
0,0.2606824
0,0.258255
0,0.2525071
0,0.2487579
0,0.24455449
0,0.25638315
0,0.24826357
0,0.26106673
0,0.2529259
0,0.27326265
0,0.25684327
0,0.26333112
0,0.25955462
0,0.26286697
0,0.26023695
0,0.26339194
0,0.26493788
0,0.26726276
0,0.25658825
0,0.25940758
0,0.26174828
0,0.2783532
0,0.25996
0,0.25727594
0,0.25000554
0,0.26707876
0,0.2599468
0,0.26186153
0,0.249844
0,0.25122106
0,0.24385367
0,0.25992656
0,0.25506625
0,0.25579047
0,0.25737354
0,0.25051472
0,0.25211117
0,0.25695878
0,0.27415872
0,0.27003273
0,0.26437396
0,0.28817263
0,0.26416644
0,0.264651
0,0.2629433
0,0.26133555
0,0.25321856
0,0.2834584
0,0.30072716
0,0.2830414
0,0.2672349
0,0.32941017
0,0.338869
0,0.29505134
0,0.3235698
0,0.29934886
0,0.27952206
0,0.2793599
0,0.30506423
0,0.28877825
0,0.29299605
0,0.34291962
0,0.33962005
0,0.3346573
0,0.31241384
0,0.30002895
0,0.28977013
0,0.28213727
0,0.31446844
0,0.28818822
0,0.28403136
0,0.33422595
0,0.28988203
0,0.28117624
0,0.26389608
0,0.2704061
0,0.26654723
0,0.2602219
0,0.28247154
0,0.27238742
0,0.26633862
0,0.3132041
0,0.2882846
0,0.2808623
0,0.27503988
0,0.2699966
0,0.27983454
0,0.26988968
0,0.27676675
0,0.27314764
0,0.26891077
0,0.29690322
0,0.26734963
0,0.26810217
0,0.26438954
0,0.26392338
0,0.27223867
0,0.26533198
0,0.2654889
0,0.2617212
0,0.25986296
0,0.27987626
0,0.27201506
0,0.2648603
0,0.26816934
0,0.26266757
0,0.26255557
0,0.26018405
0,0.25632206
0,0.25239423
0,0.26476702
0,0.25840393
0,0.25705796
0,0.25949198
0,0.2530391
0,0.2592428
0,0.25366056
0,0.258537
0,0.26247945
0,0.3115338
0,0.2797501
0,0.27545372
0,0.27617404
0,0.27103406
0,0.26196516
0,0.26674414
0,0.26195922
0,0.25631616
0,0.262858
0,0.2629419
0,0.25417238
0,0.25664815
0,0.2505483
0,0.25579128
0,0.24868599
0,0.24783407
0,0.24483237
0,0.24949914
0,0.24697208
0,0.2448462
0,0.25264457
0,0.26285043
0,0.24922235
0,0.2634428
0,0.25030077
0,0.2506401
0,0.25624976
0,0.26573858
0,0.27608585
0,0.26279068
0,0.26367003
0,0.30491018
0,0.28044593
0,0.2784133
0,0.26143575
0,0.26653367
0,0.42412817
0,0.37905577
0,0.38269344
0,0.32931754
0,0.2956838
0,0.28850624
0,0.2759269
0,0.28252104
0,0.26392108
0,0.2669605
0,0.25673097
0,0.26293877
0,0.26037115
0,0.24987523
0,0.25080562
0,0.25604388
0,0.2551645
0,0.25039628
0,0.24775013
0,0.2458517
0,0.24498625
0,0.26452684
0,0.24750267
0,0.24545276
0,0.24763332
0,0.24392341
0,0.24729101
0,0.25106734
0,0.24247706
0,0.24965249
0,0.2503728
0,0.2517157
0,0.24612747
0,0.24090616
0,0.24697645
0,0.26271468
0,0.25444794
0,0.26262343
0,0.25413814
0,0.25281563
0,0.25825194
0,0.26184568
0,0.25593382
0,0.2575083
0,0.24977718
0,0.2578556
0,0.25039756
0,0.25129598
0,0.2518615
0,0.25002995
0,0.24938004
0,0.25134298
0,0.24982677
0,0.25724456
0,0.24562271
0,0.25968662
0,0.24991624
0,0.25068748
0,0.24768065
0,0.25830644
0,0.24739213
0,0.25596058
0,0.2483573
0,0.25320938
0,0.25500736
0,0.2526761
0,0.2557283
0,0.25899282
0,0.25741786
0,0.26041865
0,0.2569974
0,0.26279435
0,0.26369464
0,0.28626987
0,0.29594058
0,0.2776236
0,0.277575
0,0.26242167
0,0.26308444
0,0.25825742
0,0.28811708
0,0.2793042
0,0.2759429
0,0.3141281
0,0.29036206
0,0.27868915
0,0.2605116
0,0.26442346
0,0.26621357
0,0.26384985
0,0.28097272
0,0.2681684
0,0.26868632
0,0.29302064
0,0.2683075
0,0.26673335
0,0.2804667
0,0.27755424
0,0.2648907
0,0.3435266
0,0.3103141
0,0.28078347
0,0.27732593
0,0.32417804
0,0.2863827
0,0.28053817
0,0.2683939
0,0.26550353
0,0.26165855
0,0.25992212
0,0.30493882
0,0.27929002
0,0.26688707
0,0.26794294
0,0.27912065
0,0.31242797
0,0.27966738
0,0.2712518
0,0.26279625
0,0.26554936
0,0.26089835
0,0.25673905
0,0.2526664
0,0.2579875
0,0.255601
0,0.25774086
0,0.26369557
0,0.2602764
0,0.2618983
0,0.25949326
0,0.26150012
0,0.2540108
0,0.2512121
0,0.26348612
0,0.2571389
0,0.25228974
0,0.24807602
0,0.24918962
0,0.2665538
0,0.25998184
0,0.25496036
0,0.25114253
0,0.2439901
0,0.24356523
0,0.25070307
0,0.26063213
0,0.2500897
0,0.26261246
0,0.2500156
0,0.25987425
0,0.24788664
0,0.24965021
0,0.24356481
0,0.24644887
0,0.24878119
0,0.24861124
0,0.24120015
0,0.26215336
0,0.2698566
0,0.25648037
0,0.24743696
0,0.30630964
0,0.29738334
0,0.2875085
0,0.28169683
0,0.26694995
0,0.26151827
0,0.26438174
0,0.3168086
0,0.27604407
0,0.27406907
0,0.27900648
0,0.2638982
0,0.2583206
0,0.255433
0,0.2517042
0,0.25089705
0,0.25459692
0,0.24715081
0,0.26137164
0,0.26892546
0,0.25570607
0,0.25511128
0,0.25196368
0,0.25272378
0,0.2631925
0,0.2541063
0,0.2556859
0,0.26312512
0,0.27288365
0,0.26266468
0,0.2687968
0,0.25781143
0,0.26949465
0,0.26305547
0,0.26720926
0,0.2705143
0,0.2796678
0,0.2661916
0,0.2986752
0,0.2839326
0,0.27380368
0,0.27344632
0,0.2779028
0,0.2817328
0,0.27488
0,0.2711221
0,0.2764792
0,0.27353355
0,0.28751093
0,0.27876416
0,0.27400172
0,0.26045814
0,0.2872446
0,0.2664674
0,0.28055876
0,0.30392444
0,0.2848102
0,0.26215437
0,0.29657418
0,0.26978463
0,0.269821
0,0.264956
0,0.26498523
0,0.2531958
0,0.26517624
0,0.2830088
0,0.26868913
0,0.25596052
0,0.3041714
0,0.28009707
0,0.27400783
0,0.2686
0,0.26634812
0,0.25196505
0,0.26378143
0,0.2811033
0,0.2675202
0,0.2652164
0,0.31377152
0,0.27747214
0,0.2720767
0,0.2648333
0,0.26627427
0,0.25859633
0,0.25907576
0,0.29863405
0,0.2725655
0,0.27040073
0,0.26457578
0,0.2603742
0,0.2601587
0,0.25498173
0,0.25552785
0,0.25047565
0,0.2572273
0,0.25101426
0,0.25296655
0,0.2553531
0,0.2713708
0,0.25705814
0,0.2734267
0,0.25923386
0,0.25691092
0,0.251773
0,0.2563671
0,0.37149677
0,0.30463445
0,0.27926725
0,0.27540717
0,0.26249242
0,0.25811586
0,0.25868145
0,0.25863197
0,0.2504389
0,0.25431252
0,0.2511574
0,0.26118118
0,0.25472835
0,0.24470508
0,0.26169255
0,0.25591028
0,0.2537185
0,0.25758448
0,0.2569656
0,0.2626006
0,0.26874363
0,0.3018441
0,0.27360198
0,0.26577833
0,0.2591045
0,0.2571564
0,0.26624784
0,0.25831056
0,0.29457518
0,0.2680782
0,0.25963542
0,0.33178383
0,0.27697417
0,0.2827917
0,0.27114236
0,0.2706537
0,0.25653377
0,0.2546244
0,0.2555183
0,0.2593491
0,0.25141728
0,0.26237977
0,0.25322902
0,0.26724178
0,0.25020385
0,0.26435217
0,0.25405443
0,0.27370772
0,0.25871134
0,0.25262317
0,0.24957253
0,0.24742985
0,0.24537778
0,0.25241244
0,0.24604262
0,0.25514573
0,0.24939129
0,0.2659589
0,0.26483944
0,0.25290442
0,0.25420293
0,0.25430268
0,0.24934016
0,0.26008603
0,0.25201923
0,0.262332
0,0.26064256
0,0.2664414
0,0.25668514
0,0.26950568
0,0.25629276
0,0.26563913
0,0.25136808
0,0.2533212
0,0.24554779
0,0.25719598
0,0.24683808
0,0.25835225
0,0.24925052
0,0.25235337
0,0.27402297
0,0.25995785
0,0.27275926
0,0.27709267
0,0.27478105
0,0.2637293
0,0.27022475
0,0.26966986
0,0.26563227
0,0.26890975
0,0.2680584
0,0.27192524
0,0.2728288
0,0.27575162
0,0.27520669
0,0.26528853
0,0.25133413
0,0.2550435
0,0.25017235
0,0.25778168
0,0.2590868
0,0.26000744
0,0.26175871
0,0.2622662
0,0.27977064
0,0.2697153
0,0.26622275
0,0.26584214
0,0.27045634
0,0.28182268
0,0.27416557
0,0.26976392
0,0.2767639
0,0.26872432
0,0.26220053
0,0.26254743
0,0.27017102
0,0.26867452
0,0.26634356
0,0.30571517
0,0.2766852
0,0.27021894
0,0.2634469
0,0.26185438
0,0.26166067
0,0.26489502
0,0.30252996
0,0.2787277
0,0.26934212
0,0.26665473
0,0.2598489
0,0.25853196
0,0.25536895
0,0.25953177
0,0.2744478
0,0.26609838
0,0.30828673
0,0.29296544
0,0.2714962
0,0.26567188
0,0.25977528
0,0.26604444
0,0.25840083
0,0.26193607
0,0.25453666
0,0.27133477
0,0.25715724
0,0.25453207
0,0.25317886
0,0.26395535
0,0.27433506
0,0.26132318
0,0.26290578
0,0.26085487
0,0.25260556
0,0.2507635
0,0.25494167
0,0.2628705
0,0.26952627
0,0.25970918
0,0.2620911
0,0.2582484
0,0.25211918
0,0.254023
0,0.25672767
0,0.25364983
0,0.2512905
0,0.25794676
0,0.25574473
0,0.24765776
0,0.24840973
0,0.27326742
0,0.25736868
0,0.26353213
0,0.25297022
0,0.26054323
0,0.25130284
0,0.25797132
0,0.25817648
0,0.259665
0,0.25259236
0,0.25057682
0,0.24766363
0,0.25080508
0,0.24739563
0,0.2551891
0,0.2469084
0,0.2528763
0,0.25051463
0,0.24845138
0,0.24579449
0,0.25805017
0,0.25462684
0,0.2562844
0,0.2713171
0,0.26392582
0,0.258344
0,0.2851134
0,0.2641201
0,0.26334846
0,0.2703251
0,0.26246727
0,0.2587256
0,0.26642042
0,0.2798349
0,0.26602232
0,0.25659427
0,0.30687857
0,0.28180885
0,0.28047556
0,0.26849982
0,0.2703842
0,0.2724786
0,0.2651991
0,0.31914076
0,0.29011983
0,0.26931736
0,0.27162278
0,0.26448599
0,0.26150376
0,0.26713634
0,0.27280986
0,0.2559019
0,0.2571637
0,0.2518682
0,0.26097894
0,0.26280847
0,0.2645033
0,0.2565757
0,0.2554063
0,0.2580062
0,0.25722933
0,0.25036058
0,0.2594524
0,0.24571049
0,0.27786425
0,0.2536319
0,0.26092887
0,0.26753533
0,0.2674165
0,0.25635535
0,0.2663584
0,0.2644817
0,0.25600278
0,0.24913912
0,0.25590613
0,0.26766133
0,0.26225308
0,0.25787923
0,0.26002648
0,0.26157078
0,0.2549327
0,0.26291955
0,0.2654597
0,0.2601687
0,0.26496306
0,0.2552614
0,0.25786737
0,0.24779038
0,0.26055726
0,0.25483257
0,0.25629765
0,0.2547205
0,0.25575706
0,0.2568725
0,0.25989315
0,0.24911329
0,0.2527205
0,0.25297302
0,0.24754152
0,0.25280464
0,0.25649905
0,0.27619335
0,0.2616451
0,0.26930696
0,0.30917233
0,0.26966336
0,0.28099045
0,0.2862411
0,0.26926464
0,0.26224568
0,0.2650151
0,0.309911
0,0.28051028
0,0.268411
0,0.26266736
0,0.2504267
0,0.25691506
0,0.25137278
0,0.26394108
0,0.25462055
0,0.2522249
0,0.30893198
0,0.27198252
0,0.27108285
0,0.2778367
0,0.2624368
0,0.25665507
0,0.25650722
0,0.25672033
0,0.26191702
0,0.2599394
0,0.3232766
0,0.28297892
0,0.2723431
0,0.26607996
0,0.25842842
0,0.25309384
0,0.25277728
0,0.2624191
0,0.2502312
0,0.26104042
0,0.2503885
0,0.24662407
0,0.24817419
0,0.256977
0,0.24920845
0,0.24948896
0,0.2518469
0,0.2581571
0,0.25194883
0,0.2599125
0,0.25802326
0,0.27490604
0,0.2586307
0,0.26386374
0,0.25198308
0,0.2603038
0,0.2525526
0,0.2587479
0,0.26825067
0,0.2642504
0,0.25159842
0,0.2897355
0,0.261446
0,0.26497307
0,0.2573214
0,0.26062253
0,0.2530932
0,0.26085877
0,0.29501018
0,0.27268785
0,0.26062554
0,0.2631782
0,0.2672648
0,0.27045503
0,0.26368752
0,0.2701976
0,0.25534168
0,0.26661474
0,0.30565834
0,0.2859328
0,0.2700875
0,0.2662809
0,0.26211905
0,0.2695846
0,0.26771057
0,0.264725
0,0.26624346
0,0.2583163
0,0.2522272
0,0.2763763
0,0.25835055
0,0.26656532
0,0.26730478
0,0.26077938
0,0.26679423
0,0.26211354
0,0.25151485
0,0.2538469
0,0.24448684
0,0.24325426
0,0.23994358
0,0.25435033
0,0.26162595
0,0.25534377
0,0.25829583
0,0.25439513
0,0.24955153
0,0.25677902
0,0.25546557
0,0.25975275
0,0.26474747
0,0.25887832
0,0.26171854
0,0.2982913
0,0.27742964
0,0.27036124
0,0.26820344
0,0.26795655
0,0.26883757
0,0.2817298
0,0.26882398
0,0.2708788
0,0.29212993
0,0.27613005
0,0.2714918
0,0.2755493
0,0.26932544
0,0.26835114
0,0.25616172
0,0.26653773
0,0.263527
0,0.26397222
0,0.25967994
0,0.2620524
0,0.25819364
0,0.26084405
0,0.25951663
0,0.26586792
0,0.27138516
0,0.307967
0,0.281117
0,0.27508178
0,0.2902734
0,0.2799534
0,0.2703061
0,0.2619537
0,0.34060383
0,0.3324168
0,0.31993225
0,0.29262528
0,0.29874414
0,0.29388604
0,0.30138204
0,0.2891574
0,0.2758739
0,0.2687754
0,0.2614165
0,0.26339462
0,0.26633948
0,0.2761711
0,0.26287585
0,0.2593224
0,0.25712955
0,0.2608247
0,0.27400222
0,0.27196315
0,0.2699029
0,0.2624173
0,0.25585297
0,0.26388863
0,0.26588637
0,0.25887695
0,0.2547798
0,0.2544898
0,0.2566043
0,0.25512812
0,0.2521969
0,0.24905342
0,0.246644
0,0.2528854
0,0.24740003
0,0.24755871
0,0.24437799
0,0.25866032
0,0.24772167
0,0.25195184
0,0.2603371
0,0.26598027
0,0.25532827
0,0.261099
0,0.24966829
0,0.24894595
0,0.25264958
0,0.2531102
0,0.26004276
0,0.25105518
0,0.25147328
0,0.29550013
0,0.27310544
0,0.2675005
0,0.25644207
0,0.2674289
0,0.2529147
0,0.26834232
0,0.32664248
0,0.27195928
0,0.2797819
0,0.28665838
0,0.26493046
0,0.25798216
0,0.25644302
0,0.26511994
0,0.2537776
0,0.26576546
0,0.25418136
0,0.2546146
0,0.2547347
0,0.27424476
0,0.25723612
0,0.26507747
0,0.25818142
0,0.26268238
0,0.2536295
0,0.2653125
0,0.26147023
0,0.29709715
0,0.27008393
0,0.29071248
0,0.28345704
0,0.28506103
0,0.2933326
0,0.28804037
0,0.32613897
0,0.28790757
0,0.27333748
0,0.27321342
0,0.26660034
0,0.25873452
0,0.2561895
0,0.25949308
0,0.26207817
0,0.26148957
0,0.26827267
0,0.255027
0,0.26669177
0,0.26168177
0,0.27193215
0,0.27239227
0,0.26738998
0,0.27157485
0,0.26698598
0,0.27298248
0,0.27344555
0,0.2740402
0,0.26702523
0,0.27164242
0,0.2583376
0,0.2718635
0,0.2647113
0,0.25449222
0,0.30118445
0,0.2717411
0,0.26012793
0,0.29085004
0,0.2709454
0,0.26350805
0,0.26253945
0,0.2664314
0,0.26337886
0,0.2578599
0,0.30795255
0,0.2732958
0,0.26709163
0,0.26071888
0,0.25998253
0,0.25644368
0,0.25574118
0,0.2602921
0,0.26649153
0,0.26464012
0,0.2508705
0,0.25900006
0,0.25510097
0,0.25826067
0,0.37470824
0,0.30725032
0,0.28975856
0,0.28141844
0,0.27761692
0,0.26750755
0,0.27551436
0,0.27472907
0,0.26401967
0,0.2639828
0,0.26042062
0,0.26106524
0,0.25803083
0,0.2544822
0,0.29752567
0,0.27304846
0,0.26939833
0,0.2652948
0,0.26042646
0,0.26066458
0,0.26242515
0,0.25921986
0,0.26168978
0,0.2525665
0,0.2617375
0,0.25944513
0,0.2532195
0,0.25429896
0,0.25112033
0,0.25259024
0,0.25236374
0,0.2620251
0,0.25265256
0,0.25571963
0,0.25682676
0,0.25357103
0,0.2535214
0,0.2517123
0,0.2586086
0,0.2589287
0,0.25509143
0,0.26420668
0,0.25311902
0,0.2521788
0,0.2504696
0,0.24901327
0,0.24898857
0,0.2474621
0,0.24680832
0,0.24590458
0,0.2472518
0,0.24480087
0,0.24370237
0,0.24297506
0,0.31281388
0,0.27019092
0,0.25941262
0,0.25603345
0,0.25519952
0,0.25065917
0,0.24813196
0,0.24688658
0,0.24930927
0,0.24632135
0,0.3067836
0,0.27141595
0,0.28321156
0,0.26907843
0,0.27504763
0,0.26187602
0,0.25295842
0,0.26214382
0,0.2581183
0,0.2582892
0,0.25506806
0,0.2486281
0,0.25814405
0,0.24776572
0,0.2566912
0,0.24755792
0,0.24942812
0,0.24523085
0,0.24934112
0,0.2563622
0,0.2495879
0,0.24820714
0,0.24790391
0,0.24291745
0,0.25213978
0,0.2458564
0,0.24756017
0,0.24684866
0,0.25362352
0,0.24851194
0,0.25043643
0,0.2640384
0,0.25066978
0,0.2572851
0,0.2489318
0,0.2595974
0,0.2777659
0,0.2664945
0,0.2548216
0,0.259462
0,0.24982311
0,0.26965582
0,0.2544871
0,0.25827944
0,0.2580816
0,0.25039804
0,0.25359538
0,0.24983877
0,0.25421435
0,0.24728045
0,0.25210574
0,0.29142895
0,0.27090347
0,0.2591548
0,0.26143026
0,0.25938168
0,0.25980988
0,0.25125614
0,0.27560034
0,0.2644087
0,0.26345876
0,0.25954705
0,0.2510459
0,0.25510257
0,0.2489785
0,0.259928
0,0.24986987
0,0.30185148
0,0.29431725
0,0.27446324
0,0.26870805
0,0.3008287
0,0.2740408
0,0.2727955
0,0.27577153
0,0.2663634
0,0.27070734
0,0.26935977
0,0.27482498
0,0.64238536
0,0.44890952
0,0.44957894
0,0.36562067
0,0.33079496
0,0.31034788
0,0.28934875
0,0.29619455
0,0.28122166
0,0.27962148
0,0.26446614
0,0.2656997
0,0.30015627
0,0.26861867
0,0.25785437
0,0.25099316
0,0.25040537
0,0.24134314
0,0.23556831
0,0.24736336
0,0.23359041
0,0.23901758
0,0.27449
0,0.2555819
0,0.278347
0,0.2656642
0,0.26202768
0,0.25496024
0,0.2582851
0,0.26828468
0,0.2585793
0,0.258231
0,0.31273586
0,0.31001762
0,0.2930575
0,0.2833048
0,0.2751836
0,0.2634321
0,0.2642637
0,0.2547048
0,0.25055534
0,0.25086024
0,0.26822263
0,0.2586092
0,0.25772503
0,0.2582927
0,0.2553261
0,0.24546048
0,0.2641409
0,0.256865
0,0.25478593
0,0.25061974
0,0.27323177
0,0.2532701
0,0.25381786
0,0.2536945
0,0.25174326
0,0.24780795
0,0.25292623
0,0.2638441
0,0.25945514
0,0.2534512
0,0.29192555
0,0.27653167
0,0.2631316
0,0.26191217
0,0.2554762
0,0.2592182
0,0.2527506
0,0.288699
0,0.26667878
0,0.27641115
0,0.33721206
0,0.28867188
0,0.27204898
0,0.27314985
0,0.2598749
0,0.2579406
0,0.257406
0,0.32484365
0,0.27598023
0,0.26893786
0,0.270828
0,0.26112545
0,0.2533111
0,0.25107983
0,0.24656959
0,0.24532674
0,0.2545299
0,0.24661735
0,0.2658912
0,0.25113356
0,0.25072348
0,0.25188738
0,0.25720388
0,0.24847102
0,0.25751984
0,0.25330126
0,0.26245883
0,0.2630164
0,0.25649875
0,0.2496039
0,0.24824354
0,0.24501863
0,0.24961558
0,0.25377142
0,0.25417754
0,0.25484577
0,0.25484324
0,0.2564548
0,0.25491032
0,0.25957012
0,0.26014
0,0.2569651
0,0.25675538
0,0.26402417
0,0.25246665
0,0.25175947
0,0.2564484
0,0.25524125
0,0.26815522
0,0.26298144
0,0.2624537
0,0.2580777
0,0.25589523
0,0.24738412
0,0.2567799
0,0.25386643
0,0.25281394
0,0.25358674
0,0.28206015
0,0.2674958
0,0.27289465
0,0.26486748
0,0.2678973
0,0.26833528
0,0.2595462
0,0.2511971
0,0.24282888
0,0.2641771
0,0.26174343
0,0.26580575
0,0.26360318
0,0.258694
0,0.25692835
0,0.26302263
0,0.25773928
0,0.25428295
0,0.2507368
0,0.2504595
0,0.25498822
0,0.2562453
0,0.25047517
0,0.26751617
0,0.26086223
0,0.25618345
0,0.25023827
0,0.24997266
0,0.25472957
0,0.27009144
0,0.2589026
0,0.26538444
0,0.2616816
0,0.25129238
0,0.24835701
0,0.24433872
0,0.24974537
0,0.24765803
0,0.2458312
0,0.24365434
0,0.24658297
0,0.24472436
0,0.24642426
0,0.2434339
0,0.25070673
0,0.25089765
0,0.25511244
0,0.25411758
0,0.2521937
0,0.24717067
0,0.2488815
0,0.24676993
0,0.24793151
0,0.24558675
0,0.24638389
0,0.24816132
0,0.24742915
0,0.24342671
0,0.25243592
0,0.24753629
0,0.2597344
0,0.24744366
0,0.24758466
0,0.2609553
0,0.2515065
0,0.26084593
0,0.2514878
0,0.25624806
0,0.25029087
0,0.25641865
0,0.27698842
0,0.26062682
0,0.25436425
0,0.2544562
0,0.25378132
0,0.25019515
0,0.24654096
0,0.25154424
0,0.24868505
0,0.25616735
0,0.27461106
0,0.2676799
0,0.2551603
0,0.2529105
0,0.26046413
0,0.25168714
0,0.24710184
0,0.27489805
0,0.25310597
0,0.26076615
0,0.3150728
0,0.28318354
0,0.2778835
0,0.27105963
0,0.256149
0,0.26047626
0,0.26215848
0,0.29378125
0,0.26207137
0,0.26604518
0,0.2515621
0,0.2670768
0,0.25728387
0,0.25924367
0,0.25589228
0,0.2515793
0,0.24870285
0,0.39908552
0,0.32720783
0,0.3019702
0,0.28736377
0,0.28059578
0,0.27797678
0,0.26892054
0,0.26830137
0,0.2691908
0,0.25679868
0,0.26278886
0,0.25201896
0,0.24916722
0,0.26737586
0,0.259248
0,0.25156248
0,0.2554825
0,0.255269
0,0.27727267
0,0.27145183
0,0.26752165
0,0.2622109
0,0.25921443
0,0.25770816
0,0.25588787
0,0.2553815
0,0.25881827
0,0.24728622
0,0.2545314
0,0.25342637
0,0.25149572
0,0.25228286
0,0.25113082
0,0.25693825
0,0.24472979
0,0.24684204
0,0.25005007
0,0.25062603
0,0.24822927
0,0.24684083
0,0.26128766
0,0.26504165
0,0.26085553
0,0.2618996
0,0.26080218
0,0.2541141
0,0.25982016
0,0.26047456
0,0.25391406
0,0.25811848
0,0.2570503
0,0.2733748
0,0.2561407
0,0.2652939
0,0.25646693
0,0.25353166
0,0.25325114
0,0.24894257
0,0.25489807
0,0.24863923
0,0.24889576
0,0.29444343
0,0.27113792
0,0.26290837
0,0.25577495
0,0.25597352
0,0.250537
0,0.26306432
0,0.30178964
0,0.27463132
0,0.2713876
0,0.26804543
0,0.25948092
0,0.2584022
0,0.2749539
0,0.26810607
0,0.25879198
0,0.25226587
0,0.25049743
0,0.2608832
0,0.26107284
0,0.25001478
0,0.25066915
0,0.2492319
0,0.25489938
0,0.2677492
0,0.25372443
0,0.26005486
0,0.2581681
0,0.24799155
0,0.24728462
0,0.24914055
0,0.26688847
0,0.262486
0,0.26156202
0,0.2666361
0,0.28575674
0,0.26400402
0,0.2720873
0,0.25747982
0,0.26345965
0,0.25370705
0,0.260051
0,0.25778645
0,0.25786078
0,0.34746268
0,0.2845161
0,0.27320495
0,0.28246582
0,0.25714013
0,0.2611414
0,0.27681032
0,0.26791263
0,0.2636604
0,0.26215717
0,0.2834175
0,0.2716376
0,0.2841629
0,0.26102093
0,0.25360686
0,0.2666627
0,0.2514961
0,0.25606084
0,0.25586075
0,0.25458923
0,0.2856809
0,0.26507348
0,0.25383276
0,0.25930697
0,0.25530893
0,0.2710886
0,0.2620914
0,0.26275226
0,0.2697927
0,0.25885412
0,0.28708464
0,0.2656286
0,0.30091003
0,0.27121416
0,0.26494086
0,0.25852028
0,0.26122433
0,0.2869974
0,0.26919225
0,0.25517192
0,0.35129294
0,0.30316338
0,0.28743273
0,0.28184807
0,0.266573
0,0.28207257
0,0.29043844
0,0.32062212
0,0.28782207
0,0.28967702
0,0.26817945
0,0.2631645
0,0.27850768
0,0.2629084
0,0.26752648
0,0.25883383
0,0.25465214
0,0.279119
0,0.26497307
0,0.257079
0,0.3109105
0,0.28184542
0,0.26544812
0,0.26238245
0,0.2606164
0,0.25495908
0,0.2555644
0,0.3061423
0,0.2878418
0,0.2757541
0,0.26633143
0,0.26702088
0,0.26544634
0,0.2643466
0,0.25813353
0,0.25634667
0,0.25343677
0,0.31532723
0,0.27450538
0,0.28559726
0,0.2768469
0,0.26684475
0,0.25983232
0,0.25697175
0,0.25683665
0,0.27124012
0,0.25799814
0,0.2538901
0,0.2514518
0,0.24553877
0,0.24569178
0,0.24416804
0,0.24374242
0,0.24665135
0,0.24427047
0,0.24710484
0,0.24496013
0,0.2435083
0,0.24183439
0,0.24392535
0,0.24103792
0,0.2400262
0,0.23922688
0,0.2393207
0,0.23239696
0,0.2485753
0,0.24545346
0,0.24148391
0,0.2510548
0,0.24192448
0,0.25311738
0,0.27072307
0,0.253716
0,0.24891502
0,0.24692124
0,0.24122451
0,0.241568
0,0.24074772
0,0.24873944
0,0.26152283
0,0.26582947
0,0.25797763
0,0.26430434
0,0.2638379
0,0.2538978
0,0.25528163
0,0.2529634
0,0.2504372
0,0.24500172
0,0.24968177
0,0.24453256
0,0.24565826
0,0.24284418
0,0.24179086
0,0.24094486
0,0.23961458
0,0.23955446
0,0.2484449
0,0.23670106
0,0.24956432
0,0.24249263
0,0.24976389
0,0.25006694
0,0.24580581
0,0.25832012
0,0.25919044
0,0.26068842
0,0.30774847
0,0.2772345
0,0.26341367
0,0.25381345
0,0.25737253
0,0.25803792
0,0.24924043
0,0.24426235
0,0.2513911
0,0.24238457
0,0.24807043
0,0.2488355
0,0.25100136
0,0.24222663
0,0.24830148
0,0.25580457
0,0.2521207
0,0.2633779
0,0.30808988
0,0.27468047
0,0.2599766
0,0.25098106
0,0.25714725
0,0.25347817
0,0.24928339
0,0.2590342
0,0.25958094
0,0.25314698
0,0.28626224
0,0.26285127
0,0.25901654
0,0.25487098
0,0.257688
0,0.2535257
0,0.25983962
0,0.25707862
0,0.25471926
0,0.27067006
0,0.2841602
0,0.26254886
0,0.25708836
0,0.29010156
0,0.26371455
0,0.25762737
0,0.25850675
0,0.25311634
0,0.26339328
0,0.2635076
0,0.2560803
0,0.25606522
0,0.25954577
0,0.25425106
0,0.25093082
0,0.2493623
0,0.2489284
0,0.2530735
0,0.25718027
0,0.24815764
0,0.2688706
0,0.25681818
0,0.2582891
0,0.253991
0,0.25024524
0,0.25348762
0,0.2585232
0,0.2631106
0,0.26220492
0,0.26397556
0,0.25706717
0,0.26111588
0,0.3026129
0,0.26725483
0,0.26845044
0,0.2626857
0,0.25669768
0,0.25684223
0,0.25018665
0,0.25400084
0,0.25254092
0,0.2517685
0,0.28645864
0,0.26469922
0,0.2584429
0,0.26097953
0,0.25105703
0,0.25216004
0,0.2545298
0,0.25463656
0,0.24722905
0,0.24934758
0,0.26578647
0,0.25566077
0,0.25100863
0,0.29753152
0,0.2691821
0,0.26226375
0,0.25268576
0,0.25536522
0,0.2575262
0,0.2553162
0,0.267099
0,0.25493208
0,0.24939498
0,0.29442325
0,0.27823794
0,0.2623753
0,0.25967613
0,0.25402132
0,0.25307694
0,0.24869747
0,0.27151835
0,0.25428024
0,0.259899
0,0.25071043
0,0.2611303
0,0.2515102
0,0.24962647
0,0.24545918
0,0.2628879
0,0.25497547
0,0.28087953
0,0.25722438
0,0.25449407
0,0.32592544
0,0.28640756
0,0.27178055
0,0.27109048
0,0.25908473
0,0.25621152
0,0.24887662
0,0.2786109
0,0.26066524
0,0.266675
0,0.31833994
0,0.273813
0,0.2682285
0,0.2632099
0,0.26278383
0,0.2763133
0,0.26122466
0,0.27375895
0,0.26483208
0,0.25991577
0,0.29589
0,0.27883434
0,0.26982003
0,0.2619252
0,0.2560655
0,0.24939102
0,0.25330487
0,0.25120986
0,0.25230148
0,0.253069
0,0.27686197
0,0.25521895
0,0.25232604
0,0.27609172
0,0.29763836
0,0.29494968
0,0.28917593
0,0.27179205
0,0.26987755
0,0.27431378
0,0.26885617
0,0.2599101
0,0.25287223
0,0.24967323
0,0.25172496
0,0.26247528
0,0.26653656
0,0.2661886
0,0.2598087
0,0.27656943
0,0.26860687
0,0.26012817
0,0.26653662
0,0.27988854
0,0.28155413
0,0.2911497
0,0.2893858
0,0.27864927
0,0.2722828
0,0.2758627
0,0.25900722
0,0.2636158
0,0.25648844
0,0.26057994
0,0.2520935
0,0.26428518
0,0.24801064
0,0.2574201
0,0.24482962
0,0.25454512
0,0.24202006
0,0.25594246
0,0.25844452
0,0.25596413
0,0.25636438
0,0.27730793
0,0.2838398
0,0.2803301
0,0.31031778
0,0.31015322
0,0.3137591
0,0.29790536
0,0.30159318
0,0.4505317
0,0.4013633
0,0.34930807
0,0.31945208
0,0.2953868
0,0.28056505
0,0.27263248
0,0.27578822
0,0.2580143
0,0.26273355
0,0.25691247
0,0.25743094
0,0.26598874
0,0.27409673
0,0.26338604
0,0.2627199
0,0.25656363
0,0.25915053
0,0.26051316
0,0.26360574
0,0.26111087
0,0.2457522
0,0.24758227
0,0.25402567
0,0.25096026
0,0.24777159
0,0.24669053
0,0.24549122
0,0.24678075
0,0.25483888
0,0.24761446
0,0.26001164
0,0.26715332
0,0.26521817
0,0.25380555
0,0.25080544
0,0.29615542
0,0.2668198
0,0.26045138
0,0.25790322
0,0.25506473
0,0.2560103
0,0.26650774
0,0.25774336
0,0.2511465
0,0.25926414
0,0.27221575
0,0.25977308
0,0.26179263
0,0.30429998
0,0.27144584
0,0.26496774
0,0.2621132
0,0.26313445
0,0.27675077
0,0.26169354
0,0.2641287
0,0.25962064
0,0.25865474
0,0.25921765
0,0.25733727
0,0.25288466
0,0.2539379
0,0.24936539
0,0.25163713
0,0.24819987
0,0.24977206
0,0.24648623
0,0.24429928
0,0.2564282
0,0.25160772
0,0.24783368
0,0.26169595
0,0.25004
0,0.2509743
0,0.25356868
0,0.2512972
0,0.24624728
0,0.2620215
0,0.2612371
0,0.25449204
0,0.2553539
0,0.24868776
0,0.25263467
0,0.24886176
0,0.24301076
0,0.24513012
0,0.24075925
0,0.2438167
0,0.26674265
0,0.24979676
0,0.2508403
0,0.2585668
0,0.2509137
0,0.2574057
0,0.24593277
0,0.2614654
0,0.24747328
0,0.25756088
0,0.2882005
0,0.26079866
0,0.25967592
0,0.26326576
0,0.2545189
0,0.24980864
0,0.24447261
0,0.24571753
0,0.2407682
0,0.25681242
0,0.28058827
0,0.27520543
0,0.2581622
0,0.26610944
0,0.24974689
0,0.25936773
0,0.25063813
0,0.259242
0,0.27531427
0,0.266493
0,0.26338145
0,0.26165098
0,0.25219053
0,0.26110262
0,0.25886786
0,0.2589617
0,0.2539938
0,0.25190285
0,0.24512115
0,0.25200495
0,0.25122347
0,0.25372192
0,0.25230727
0,0.25709563
0,0.2539014
0,0.24684261
0,0.24174698
0,0.2597444
0,0.24524964
0,0.24284482
0,0.25340393
0,0.24289885
0,0.24989122
0,0.24104099
0,0.2467725
0,0.24774486
0,0.2480327
0,0.25505483
0,0.26036805
0,0.25424868
0,0.25793934
0,0.25968212
0,0.2517679
0,0.2719769
0,0.25625712
0,0.25366572
0,0.25254127
0,0.25093862
0,0.24285613
0,0.25325003
0,0.26916388
0,0.25621554
0,0.25044698
0,0.26225305
0,0.26007035
0,0.25354007
0,0.26719525
0,0.26425654
0,0.2586639
0,0.25741115
0,0.28217244
0,0.26097682
0,0.26190284
0,0.26513517
0,0.25534967
0,0.27549273
0,0.26109892
0,0.2669662
0,0.25332695
0,0.25229537
0,0.25466558
0,0.2515907
0,0.25257814
0,0.25195307
0,0.25192457
0,0.2569945
0,0.25920025
0,0.25409302
0,0.2552096
0,0.25078434
0,0.25597915
0,0.25600067
0,0.25832367
0,0.25306067
0,0.25760883
0,0.26840252
0,0.25707895
0,0.25435665
0,0.25794914
0,0.28185964
0,0.26189804
0,0.25757673
0,0.25111607
0,0.25098085
0,0.2542292
0,0.2531349
0,0.2493771
0,0.2635601
0,0.2570772
0,0.2475216
0,0.2618398
0,0.26117298
0,0.2579872
0,0.25775522
0,0.25108463
0,0.24963719
0,0.24672069
0,0.26402727
0,0.26511917
0,0.25783688
0,0.25078583
0,0.24907054
0,0.2521526
0,0.2513258
0,0.2451061
0,0.24424507
0,0.24612914
0,0.24561837
0,0.24892576
0,0.24449407
0,0.2459861
0,0.3128109
0,0.27221498
0,0.2793781
0,0.26457903
0,0.25988096
0,0.25143844
0,0.25052977
0,0.2508828
0,0.24837056
0,0.24240708
0,0.24269933
0,0.23851149
0,0.25756043
0,0.24793828
0,0.24484813
0,0.23963787
0,0.24108426
0,0.2390043
0,0.23935443
0,0.24032737
0,0.24826746
0,0.2394374
0,0.24851668
0,0.24328814
0,0.24145666
0,0.2529332
0,0.26399437
0,0.28245515
0,0.2922042
0,0.30751953
0,0.30866393
0,0.30289048
0,0.28712168
0,0.286505
0,0.27505267
0,0.29379213
0,0.2781394
0,0.26485774
0,0.26951352
0,0.25134674
0,0.2607257
0,0.2520955
0,0.2558221
0,0.25738624
0,0.26283622
0,0.24995571
0,0.2589267
0,0.24860302
0,0.2549196
0,0.24875209
0,0.25292704
0,0.2546402
0,0.25582546
0,0.25942418
0,0.26672655
0,0.26349688
0,0.25458428
0,0.24747957
0,0.25411323
0,0.25188637
0,0.25116572
0,0.27352235
0,0.28482664
0,0.27333325
0,0.26725474
0,0.25912467
0,0.2599064
0,0.25445545
0,0.25697526
0,0.25188684
0,0.25109908
0,0.28523666
0,0.2692187
0,0.26474154
0,0.29525208
0,0.280879
0,0.26196718
0,0.26013222
0,0.27452865
0,0.26178375
0,0.25439546
0,0.29836786
0,0.2869786
0,0.28032136
0,0.2914975
0,0.2698857
0,0.26974896
0,0.266401
0,0.27738243
0,0.26369894
0,0.27498865
0,0.32095644
0,0.28715006
0,0.2707697
0,0.26642102
0,0.2688618
0,0.26513833
0,0.26356554
0,0.3037565
0,0.26984158
0,0.26482698
0,0.64258003
0,0.47244602
0,0.38838637
0,0.33403784
0,0.3141132
0,0.30521345
0,0.28351027
0,0.34673515
0,0.29388973
0,0.28127784
0,0.27117303
0,0.26739538
0,0.26525077
0,0.25978914
0,0.25567687
0,0.2575411
0,0.25600266
0,0.30499104
0,0.26562726
0,0.2530187
0,0.24611065
0,0.25365838
0,0.24511208
0,0.24487053
0,0.24282607
0,0.24210614
0,0.24766807
0,0.2979703
0,0.26958677
0,0.26562175
0,0.25972098
0,0.25833952
0,0.25303957
0,0.2518896
0,0.24809168
0,0.2457041
0,0.24420175
0,0.27583438
0,0.25960067
0,0.2572213
0,0.24954957
0,0.26143005
0,0.24955088
0,0.25739262
0,0.24893934
0,0.25554338
0,0.2464699
0,0.2554367
0,0.24504419
0,0.24616623
0,0.27818587
0,0.2890738
0,0.28128093
0,0.27640635
0,0.26395673
0,0.25948462
0,0.26458386
0,0.2719276
0,0.25426415
0,0.2838763
0,0.31086636
0,0.2846658
0,0.26909944
0,0.2692317
0,0.2724238
0,0.25943398
0,0.2509447
0,0.28511178
0,0.26063082
0,0.26654392
0,0.25512376
0,0.25740567
0,0.25056544
0,0.25489935
0,0.24781497
0,0.2519848
0,0.24596284
0,0.27447024
0,0.24944744
0,0.26050225
0,0.26146817
0,0.25847858
0,0.2588465
0,0.38915598
0,0.31064945
0,0.29037502
0,0.27961665
0,0.30031097
0,0.2779974
0,0.2709632
0,0.26780105
0,0.27619037
0,0.2694359
0,0.2613566
0,0.26037154
0,0.25767037
0,0.25032416
0,0.27669483
0,0.26225644
0,0.25869572
0,0.26355106
0,0.26223898
0,0.25813642
0,0.2593283
0,0.24850936
0,0.26246712
0,0.2646711
0,0.29684284
0,0.2943759
0,0.29350916
0,0.3586796
0,0.30574352
0,0.27533737
0,0.2774098
0,0.26794875
0,0.26355597
0,0.28212234
0,0.29323822
0,0.26851767
0,0.2677255
0,0.2625912
0,0.2722009
0,0.6457833
0,0.44832683
0,0.36703593
0,0.5811262
0,0.5482541
0,0.47315213
0,0.3774717
0,0.32079226
0,0.2729374
0,0.24517636
0,0.22353464
0,0.20334801
0,0.19127125
0,0.18178071
0,0.17771941
0,0.17973536
0,0.16977483
0,0.16543625
0,0.16806468
0,0.16284807
0,0.17346503
0,0.18173611
0,0.19320677
0,0.20721996
0,0.21430099
0,0.21760432
0,0.2278758
0,0.23206642
0,0.24198508
0,0.23823862
0,0.25424564
0,0.26418182
0,0.25672254
0,0.25691372
0,0.25407904
0,0.24624586
0,0.24742942
0,0.24960354
0,0.24704602
0,0.25305673
0,0.24810323
0,0.25276318
0,0.25187704
0,0.2543091
0,0.25370455
0,0.25162283
0,0.25443017
0,0.2940431
0,0.26357105
0,0.26023394
0,0.2551699
0,0.2665877
0,0.2576229
0,0.2540904
0,0.24859664
0,0.2512111
0,0.25080314
0,0.27128848
0,0.25562257
0,0.26812583
0,0.32379
0,0.27758715
0,0.26410443
0,0.26115733
0,0.25352076
0,0.25328866
0,0.24679142
0,0.2622231
0,0.2620176
0,0.24864975
0,0.29019073
0,0.26338848
0,0.25868714
0,0.26838323
0,0.2516215
0,0.259868
0,0.25286704
0,0.28773135
0,0.25818175
0,0.2547593
0,0.3088842
0,0.27926373
0,0.26507118
0,0.2574255
0,0.25866553
0,0.24621294
0,0.2419464
0,0.25810286
0,0.24855262
0,0.25766873
0,0.2883886
0,0.2633516
0,0.24967965
0,0.24781643
0,0.24452135
0,0.24571203
0,0.2509893
0,0.26061422
0,0.26129657
0,0.29085582
0,0.32276577
0,0.30360928
0,0.28803888
0,0.26636204
0,0.26605445
0,0.26330814
0,0.2612294
0,0.28394508
0,0.2848296
0,0.26053998
0,0.3172933
0,0.28357005
0,0.2770535
0,0.28017238
0,0.2830316
0,0.26598755
0,0.26140043
0,0.29305255
0,0.2683424
0,0.26551488
0,0.25938085
0,0.2605613
0,0.25867718
0,0.25675836
0,0.2589013
0,0.25298962
0,0.26735294
0,0.2866116
0,0.26421344
0,0.26186517
0,0.25733408
0,0.25441155
0,0.25514472
0,0.25389674
0,0.24939278
0,0.25556725
0,0.2489335
0,0.27778485
0,0.26127762
0,0.26328805
0,0.2905961
0,0.2681303
0,0.25802624
0,0.25422952
0,0.24919802
0,0.24946772
0,0.2510709
0,0.25264847
0,0.24625583
0,0.25453418
0,0.27038673
0,0.2530043
0,0.25023738
0,0.25129202
0,0.24695437
0,0.24515884
0,0.24997802
0,0.24485153
0,0.24836701
0,0.2426995
0,0.24778154
0,0.24227056
0,0.26227438
0,0.25730002
0,0.25497037
0,0.24877913
0,0.2547012
0,0.25433132
0,0.25228408
0,0.2484583
0,0.24824639
0,0.24496153
0,0.24572353
0,0.24958093
0,0.25256348
0,0.24261828
0,0.24883667
0,0.25065786
0,0.24741076
0,0.25359043
0,0.25660294
0,0.25270396
0,0.24936321
0,0.252373
0,0.24824667
0,0.27034336
0,0.25988105
0,0.25286418
0,0.25102705
0,0.25093699
0,0.24720933
0,0.24935308
0,0.24509686
0,0.25620556
0,0.26260328
0,0.2584456
0,0.2592664
0,0.27875954
0,0.25859714
0,0.27056545
0,0.27377847
0,0.27461362
0,0.26356173
0,0.25555697
0,0.2546157
0,0.25999308
0,0.2539256
0,0.25438178
0,0.24877276
0,0.25016773
0,0.2563299
0,0.25964883
0,0.2634701
0,0.2545258
0,0.25140658
0,0.24667034
0,0.2490082
0,0.24751334
0,0.24563031
0,0.25816637
0,0.26469058
0,0.25375363
0,0.24580052
0,0.2570499
0,0.24411379
0,0.24480882
0,0.25184956
0,0.2471941
0,0.24837981
0,0.24042232
0,0.25702345
0,0.6098256
0,0.6219451
0,0.49474913
0,0.39792782
0,0.35618138
0,0.31211713
0,0.30432767
0,0.27733877
0,0.28150827
0,0.30067542
0,0.2804522
0,0.26749724
0,0.2508919
0,0.2488207
0,0.24217036
0,0.22580941
0,0.2228076
0,0.21127383
0,0.20847234
0,0.21692568
0,0.22050688
0,0.21372417
0,0.2198447
0,0.21961837
0,0.23035146
0,0.23533423
0,0.2343175
0,0.23313114
0,0.24061644
0,0.26431516
0,0.26832163
0,0.280688
0,0.26589668
0,0.2597973
0,0.2688637
0,0.2629163
0,0.26005724
0,0.25491688
0,0.25755432
0,0.28447807
0,0.26558343
0,0.26077726
0,0.25786236
0,0.2520776
0,0.25232393
0,0.2489957
0,0.2695539
0,0.26853222
0,0.26377213
0,0.30573815
0,0.27225828
0,0.2681278
0,0.26076505
0,0.25670233
0,0.25415933
0,0.25775185
0,0.30692488
0,0.26890424
0,0.26514354
0,0.25559965
0,0.25356534
0,0.24795277
0,0.25689116
0,0.24806446
0,0.25544587
0,0.25478494
0,0.2765642
0,0.26115134
0,0.2543264
0,0.3042338
0,0.28010038
0,0.2654807
0,0.26383337
0,0.25596
0,0.25506598
0,0.25857547
0,0.29800662
0,0.27096772
0,0.26999378
0,0.26425534
0,0.2611465
0,0.26631698
0,0.26426685
0,0.25896218
0,0.25545803
0,0.26074284
0,0.31040993
0,0.28131923
0,0.26410976
0,0.2608483
0,0.25140586
0,0.25633684
0,0.25256443
0,0.2589826
0,0.2529031
0,0.25616744
0,0.24530523
0,0.26352185
0,0.2677776
0,0.26043445
0,0.25336748
0,0.25255778
0,0.25009173
0,0.24818
0,0.24839139
0,0.24666385
0,0.29062524
0,0.26348153
0,0.2631513
0,0.25508586
0,0.251039
0,0.2513537
0,0.2420022
0,0.2438943
0,0.25447533
0,0.2522133
0,0.29521462
0,0.26851252
0,0.27059925
0,0.33467758
0,0.30032265
0,0.27948496
0,0.27022657
0,0.26052442
0,0.2586636
0,0.2583424
0,0.2769431
0,0.26325613
0,0.25657025
0,0.30604613
0,0.28075907
0,0.2624031
0,0.26097935
0,0.2573775
0,0.25543752
0,0.25604016
0,0.26607952
0,0.25643048
0,0.24786484
0,0.28372478
0,0.26006
0,0.25649348
0,0.2520157
0,0.252111
0,0.24835292
0,0.24774182
0,0.24442266
0,0.2471962
0,0.24584101
0,0.2623444
0,0.25045684
0,0.24700417
0,0.2542459
0,0.24309598
0,0.24500655
0,0.25019982
0,0.25337288
0,0.25394475
0,0.2562194
0,0.27801844
0,0.2546297
0,0.249633
0,0.257597
0,0.24728444
0,0.24657787
0,0.2510536
0,0.24454434
0,0.24106656
0,0.24971639
0,0.27159765
0,0.26673254
0,0.25294447
0,0.28167614
0,0.26389235
0,0.26210448
0,0.2500809
0,0.27555165
0,0.25289446
0,0.2554243
0,0.30491254
0,0.28010294
0,0.29116246
0,0.28614518
0,0.2717812
0,0.28779987
0,0.2939496
0,0.31497577
0,0.29558393
0,0.3044348
0,0.34639758
0,0.30656838
0,0.27599254
0,0.29371497
0,0.29077506
0,0.27498206
0,0.27334794
0,0.30121875
0,0.33179453
0,0.30108592
0,0.33856368
0,0.29492858
0,0.27846023
0,0.28337932
0,0.2680829
0,0.2616524
0,0.26568472
0,0.28284872
0,0.27161512
0,0.26206318
0,0.31698844
0,0.2741164
0,0.26684332
0,0.26049626
0,0.26605326
0,0.26613504
0,0.25476584
0,0.27696174
0,0.26646706
0,0.2727268
0,0.31428802
0,0.28363684
0,0.2754363
0,0.2644857
0,0.26862332
0,0.26183596
0,0.2600279
0,0.28387076
0,0.26630595
0,0.25784656
0,0.27533388
0,0.2597568
0,0.25846073
0,0.25037372
0,0.25301397
0,0.2535565
0,0.25781316
0,0.27461028
0,0.2608805
0,0.2622909
0,0.31084892
0,0.2764169
0,0.26763412
0,0.26443285
0,0.26285547
0,0.25676203
0,0.2548506
0,0.27592778
0,0.26537848
0,0.2758559
0,0.3276389
0,0.2822665
0,0.27076516
0,0.26481298
0,0.27459446
0,0.26326323
0,0.26147866
0,0.2938432
0,0.2664167
0,0.2702846
0,0.26809198
0,0.2709254
0,0.25868425
0,0.25641766
0,0.2562403
0,0.25254148
0,0.247178
0,0.2947973
0,0.26193875
0,0.2617975
0,0.2566394
0,0.26161045
0,0.25565594
0,0.25182098
0,0.25233683
0,0.24606365
0,0.24230601
0,0.30012217
0,0.2692191
0,0.27718198
0,0.25778952
0,0.2648206
0,0.26402068
0,0.2522508
0,0.24990454
0,0.24808162
0,0.30781928
0,0.32773092
0,0.2856208
0,0.2777333
0,0.26679164
0,0.2658516
0,0.25722364
0,0.25033793
0,0.2565708
0,0.2627963
0,0.24707921
0,0.2906082
0,0.2697849
0,0.25915056
0,0.24777026
0,0.24840756
0,0.24524263
0,0.26335603
0,0.25202298
0,0.24591129
0,0.25655052
0,0.31605995
0,0.27202255
0,0.2615076
0,0.27171025
0,0.25575313
0,0.26086286
0,0.24790311
0,0.24474384
0,0.25640228
0,0.24386176
0,0.30298245
0,0.27009854
0,0.2690065
0,0.25378308
0,0.25381717
0,0.25119576
0,0.26384547
0,0.26396665
0,0.24890599
0,0.24966645
0,0.31274796
0,0.2716728
0,0.26554227
0,0.25855088
0,0.2563441
0,0.25681418
0,0.25334027
0,0.25130248
0,0.26217058
0,0.25505483
0,0.25154963
0,0.26096448
0,0.25289688
0,0.25903815
0,0.26918066
0,0.26992264
0,0.25890097
0,0.2585745
0,0.25633308
0,0.24956557
0,0.30116972
0,0.26538962
0,0.2595794
0,0.26495218
0,0.25508472
0,0.27438745
0,0.2569762
0,0.25757277
0,0.25861773
0,0.25964475
0,0.30352086
0,0.27762923
0,0.26393488
0,0.26135448
0,0.27221677
0,0.26102868
0,0.2563383
0,0.25706297
0,0.25668627
0,0.25555736
0,0.29689905
0,0.28826502
0,0.29329425
0,0.27754223
0,0.28022164
0,0.26478243
0,0.25543973
0,0.2564751
0,0.24832526
0,0.24797377
0,0.2947771
0,0.26337487
0,0.26346874
0,0.25449252
0,0.24674624
0,0.25085276
0,0.24554965
0,0.24588937
0,0.23844528
0,0.2657555
0,0.29165834
0,0.26178834
0,0.25435513
0,0.24905092
0,0.2490061
0,0.24389005
0,0.24792413
0,0.242473
0,0.24730101
0,0.24623096
0,0.2828141
0,0.2677934
0,0.2581155
0,0.5254993
0,0.3929865
0,0.33100012
0,0.303575
0,0.28231096
0,0.27033678
0,0.27005914
0,0.30668023
0,0.2662506
0,0.26338977
0,0.27503437
0,0.27356356
0,0.2707535
0,0.25882477
0,0.26704472
0,0.26561102
0,0.2504482
0,0.31662324
0,0.27187118
0,0.26476237
0,0.25612494
0,0.2654024
0,0.2524276
0,0.25889266
0,0.25180027
0,0.2655784
0,0.25877544
0,0.32389578
0,0.28675824
0,0.27980265
0,0.27238455
0,0.27029184
0,0.26369622
0,0.27958995
0,0.2787291
0,0.27013245
0,0.26666835
0,0.31109762
0,0.2791808
0,0.26510814
0,0.27184442
0,0.2700051
0,0.2615871
0,0.26023996
0,0.25593457
0,0.25205234
0,0.25123927
0,0.28787318
0,0.2628995
0,0.2623731
0,0.25647157
0,0.2647858
0,0.2569039
0,0.2503184
0,0.24975482
0,0.2571105
0,0.24297866
0,0.27384788
0,0.2632971
0,0.2646572
0,0.30547315
0,0.29079738
0,0.27756476
0,0.26911408
0,0.26163378
0,0.26067257
0,0.25324604
0,0.27420104
0,0.2553093
0,0.2845053
0,0.30780315
0,0.31066507
0,0.2886212
0,0.2798018
0,0.27064294
0,0.26591426
0,0.25713474
0,0.26291618
0,0.25834087
0,0.2643961
0,0.2657357
0,0.26041415
0,0.2591037
0,0.26703534
0,0.2551381
0,0.2597174
0,0.25847784
0,0.25163502
0,0.2536901
0,0.25683963
0,0.2528337
0,0.255637
0,0.2585283
0,0.25789776
0,0.25730103
0,0.2576616
0,0.2537789
0,0.25568628
0,0.25209156
0,0.25834614
0,0.2569756
0,0.2554924
0,0.25179738
0,0.25048965
0,0.24721833
0,0.24741189
0,0.24727194
0,0.25392315
0,0.24695167
0,0.25418162
0,0.26115495
0,0.25451517
0,0.26845196
0,0.25320694
0,0.24858733
0,0.26526517
0,0.25114787
0,0.26458785
0,0.25202748
0,0.2480288
0,0.2578794
0,0.25147024
0,0.24494036
0,0.24620126
0,0.2471533
0,0.24795705
0,0.24136761
0,0.25578022
0,0.24336804
0,0.25713646
0,0.27467674
0,0.25108153
0,0.25212342
0,0.2600355
0,0.26437405
0,0.2568689
0,0.25365475
0,0.2735708
0,0.27066395
0,0.26115072
0,0.28846803
0,0.26638007
0,0.25661018
0,0.26416177
0,0.25293633
0,0.26793602
0,0.24778202
0,0.28268808
0,0.2582295
0,0.257994
0,0.30947995
0,0.28328535
0,0.2652814
0,0.25989708
0,0.2522391
0,0.24897547
0,0.25298578
0,0.29519597
0,0.2614341
0,0.28085074
0,0.2582204
0,0.2595445
0,0.266781
0,0.27806485
0,0.25666183
0,0.2513952
0,0.24528624
0,0.30269542
0,0.2734648
0,0.2615514
0,0.25900877
0,0.25448492
0,0.24584587
0,0.26175618
0,0.25343513
0,0.24997757
0,0.2602414
0,0.2867986
0,0.2779717
0,0.26289913
0,0.25835934
0,0.26132405
0,0.25919965
0,0.2500079
0,0.26281893
0,0.2535276
0,0.25449178
0,0.27774537
0,0.26084787
0,0.2650338
0,0.30951968
0,0.28696385
0,0.26783642
0,0.25876573
0,0.2534521
0,0.2609188
0,0.25952542
0,0.27246228
0,0.266896
0,0.2537558
0,0.29280174
0,0.26143256
0,0.26332358
0,0.27211627
0,0.27267823
0,0.2644021
0,0.26686943
0,0.27072853
0,0.27045918
0,0.27153853
0,0.31208917
0,0.26949418
0,0.27176705
0,0.27037084
0,0.2698243
0,0.25818577
0,0.25853553
0,0.28296536
0,0.2696598
0,0.26313382
0,0.30016848
0,0.27309853
0,0.26581395
0,0.2644833
0,0.25718305
0,0.2589423
0,0.26733682
0,0.28252113
0,0.26472062
0,0.25842932
0,0.29480332
0,0.2687351
0,0.2697556
0,0.25850403
0,0.25636142
0,0.25143945
0,0.25106466
0,0.26750872
0,0.27565283
0,0.25846043
0,0.2933533
0,0.26918027
0,0.26535112
0,0.48435995
0,0.41363338
0,0.33860096
0,0.3079406
0,0.29312143
0,0.27472377
0,0.26997367
0,0.28726122
0,0.26364067
0,0.25849855
0,0.25601003
0,0.2556357
0,0.27319145
0,0.2642992
0,0.2838874
0,0.26017454
0,0.26284602
0,0.298263
0,0.27898547
0,0.26970834
0,0.26139942
0,0.25811428
0,0.25176212
0,0.24609642
0,0.29192987
0,0.28034443
0,0.26459485
0,0.25355923
0,0.24856496
0,0.24878168
0,0.25917292
0,0.24505542
0,0.24682692
0,0.2440782
0,0.29686373
0,0.25788233
0,0.26078537
0,0.25276932
0,0.24940085
0,0.25476718
0,0.24988255
0,0.24586187
0,0.25040865
0,0.25263003
0,0.3161321
0,0.26989084
0,0.27625898
0,0.27057877
0,0.26167092
0,0.25596178
0,0.26818556
0,0.27218083
0,0.28005812
0,0.2784251
0,0.32698295
0,0.28484568
0,0.2837556
0,0.2796655
0,0.29926363
0,0.27898836
0,0.27965835
0,0.27597958
0,0.2769686
0,0.2697387
0,0.34684268
0,0.28224167
0,0.28131026
0,0.29378808
0,0.2910557
0,0.28660026
0,0.27320656
0,0.30599546
0,0.27659446
0,0.28306514
0,0.2686984
0,0.26688737
0,0.25956863
0,0.26368088
0,0.257963
0,0.25574726
0,0.2669185
0,0.2572568
0,0.2668589
0,0.26577795
0,0.29051006
0,0.27405038
0,0.2743734
0,0.29985455
0,0.27001154
0,0.2655025
0,0.2791929
0,0.26251683
0,0.2662856
0,0.26648393
0,0.25672737
0,0.2773886
0,0.27010423
0,0.2788093
0,0.28080508
0,0.28347027
0,0.27372438
0,0.26191893
0,0.2545847
0,0.2501329
0,0.26550797
0,0.2629366
0,0.27344105
0,0.2688596
0,0.27386162
0,0.27371356
0,0.2673373
0,0.26630875
0,0.269163
0,0.27611285
0,0.26641068
0,0.27288792
0,0.26162094
0,0.2646193
0,0.25905287
0,0.2577877
0,0.26586634
0,0.25922078
0,0.25630924
0,0.25438043
0,0.2520381
0,0.26603752
0,0.26474667
0,0.26067942
0,0.2527358
0,0.25694364
0,0.25204235
0,0.25182903
0,0.25026485
0,0.25378624
0,0.24815422
0,0.24726093
0,0.251788
0,0.24348527
0,0.24377657
0,0.24286774
0,0.23644479
0,0.24347763
0,0.2429713
0,0.24020316
0,0.2457269
0,0.25752333
0,0.25719646
0,0.2535613
0,0.27376825
0,0.25449792
0,0.25974292
0,0.25179097
0,0.25090635
0,0.25114062
0,0.25480223
0,0.2462374
0,0.24633154
0,0.2569766
0,0.25477633
0,0.24581881
0,0.24509455
0,0.258847
0,0.24431899
0,0.24671765
0,0.24635626
0,0.24212092
0,0.2477204
0,0.24217154
0,0.2426005
0,0.24514638
0,0.24034852
0,0.24259134
0,0.23985362
0,0.24127175
0,0.23808643
0,0.25701836
0,0.25926864
0,0.24777067
0,0.24642403
0,0.24576296
0,0.24041381
0,0.25172335
0,0.2677118
0,0.25667357
0,0.24395247
0,0.27007604
0,0.25668237
0,0.2639422
0,0.24612129
0,0.24676532
0,0.24628519
0,0.2582411
0,0.27896726
0,0.27070937
0,0.27800402
0,0.29322752
0,0.28175613
0,0.27779087
0,0.27787995
0,0.27364197
0,0.26116735
0,0.25637546
0,0.26438802
0,0.25267333
0,0.28165317
0,0.26493502
0,0.25688738
0,0.3108155
0,0.2960482
0,0.29632035
0,0.27817062
0,0.26973504
0,0.28119907
0,0.26649308
0,0.30424115
0,0.27455232
0,0.27523306
0,0.271651
0,0.27490342
0,0.25555024
0,0.25902146
0,0.25593665
0,0.25126386
0,0.25142902
0,0.30140337
0,0.2685009
0,0.26798055
0,0.26821047
0,0.2643662
0,0.25855318
0,0.25683618
0,0.25276652
0,0.2638932
0,0.25342494
0,0.2877692
0,0.27225834
0,0.26546296
0,0.2574372
0,0.24880353
0,0.2504192
0,0.24346253
0,0.24435773
0,0.35780928
0,0.28145054
0,0.30498537
0,0.3038392
0,0.2836372
0,0.3266239
0,0.29141608
0,0.28617916
0,0.27680928
0,0.2648924
0,0.26469028
0,0.25736353
0,0.31424594
0,0.28128192
0,0.27048498
0,0.26122433
0,0.28221166
0,0.26784605
0,0.26531973
0,0.26122195
0,0.2564984
0,0.25701934
0,0.24593164
0,0.2582847
0,0.25881287
0,0.2556646
0,0.2604238
0,0.256751
0,0.2550232
0,0.2553355
0,0.25256488
0,0.25092462
0,0.25043562
0,0.24540524
0,0.25053862
0,0.25970978
0,0.24948959
0,0.24902783
0,0.24821782
0,0.2511651
0,0.25145334
0,0.24799363
0,0.24533023
0,0.27135202
0,0.2571007
0,0.25160587
0,0.2556519
0,0.24813081
0,0.28402764
0,0.2711719
0,0.2679159
0,0.2579283
0,0.2567945
0,0.27661756
0,0.2583981
0,0.25695887
0,0.26314694
0,0.25169513
0,0.24722321
0,0.24814798
0,0.25124636
0,0.25257
0,0.3317994
0,0.31088108
0,0.27964616
0,0.27908182
0,0.26496932
0,0.26369724
0,0.26774946
0,0.2541044
0,0.25136217
0,0.24552149
0,0.24636224
0,0.25977063
0,0.25008962
0,0.2503924
0,0.24711204
0,0.2418602
0,0.25710905
0,0.24889208
0,0.25157335
0,0.25002122
0,0.24981052
0,0.2462184
0,0.23898627
0,0.23703404
0,0.2582781
0,0.24244939
0,0.2613247
0,0.24915259
0,0.26562595
0,0.24766175
0,0.2581207
0,0.24328236
0,0.24625744
0,0.24385701
0,0.24473883
0,0.24979965
0,0.25219774
0,0.25274464
0,0.26103023
0,0.24505424
0,0.28005302
0,0.2509591
0,0.2555911
0,0.24368604
0,0.2518286
0,0.24624267
0,0.26021865
0,0.24762462
0,0.25734028
0,0.25561887
0,0.26574817
0,0.26708472
0,0.26165017
0,0.28194478
0,0.27123484
0,0.26351392
0,0.25328627
0,0.25430313
0,0.25019264
0,0.2574028
0,0.26236776
0,0.24662903
0,0.2597396
0,0.28489676
0,0.2667317
0,0.2588394
0,0.25493008
0,0.24587053
0,0.2524763
0,0.25974354
0,0.30465168
0,0.27082586
0,0.2670196
0,0.25903043
0,0.26144537
0,0.2538928
0,0.25076717
0,0.25415784
0,0.25811332
0,0.25711143
0,0.2545851
0,0.25737026
0,0.25757125
0,0.25001895
0,0.2541943
0,0.2639585
0,0.25165734
0,0.24859166
0,0.2551212
0,0.24673061
0,0.25453195
0,0.24924918
0,0.24898903
0,0.24613535
0,0.24957977
0,0.2505943
0,0.25170025
0,0.25746483
0,0.2497252
0,0.25774145
0,0.25457293
0,0.24848995
0,0.24642952
0,0.2456319
0,0.24578604
0,0.25454056
0,0.246827
0,0.2533844
0,0.246512
0,0.25254047
0,0.2624352
0,0.26845756
0,0.25480738
0,0.26833767
0,0.25921038
0,0.2546761
0,0.2591469
0,0.2531143
0,0.2517936
0,0.2509514
0,0.2576975
0,0.2531769
0,0.24754177
0,0.25206736
0,0.26586303
0,0.26036254
0,0.2530266
0,0.25074336
0,0.24490981
0,0.25157613
0,0.2668452
0,0.2590244
0,0.24967426
0,0.24885498
0,0.25314903
0,0.25206083
0,0.24917997
0,0.2517916
0,0.24371223
0,0.24816783
0,0.2550409
0,0.25445136
0,0.24417034
0,0.24857457
0,0.24118297
0,0.2608419
0,0.27828407
0,0.27394262
0,0.2984011
0,0.3372977
0,0.299993
0,0.27601254
0,0.29740822
0,0.29506478
0,0.27655143
0,0.26738748
0,0.27361754
0,0.27031684
0,0.2594144
0,0.3183418
0,0.26971015
0,0.282519
0,0.26306844
0,0.25698647
0,0.26677206
0,0.28281903
0,0.31551236
0,0.28588635
0,0.2636008
0,0.2600611
0,0.56535447
0,0.54120696
0,0.40392467
0,0.3335136
0,0.3036324
0,0.29914442
0,0.34492025
0,0.29961106
0,0.28612843
0,0.26450452
0,0.26101023
0,0.25328025
0,0.25024945
0,0.2811018
0,0.25575814
0,0.26058456
0,0.3046511
0,0.26490566
0,0.24771236
0,0.23509207
0,0.23080286
0,0.22751391
0,0.24338326
0,0.26014984
0,0.2657457
0,0.27391607
0,0.28789952
0,0.28154933
0,0.26134232
0,0.2714681
0,0.26763695
0,0.2697706
0,0.26374066
0,0.2512995
0,0.2523668
0,0.2560033
0,0.24410795
0,0.2552567
0,0.2523206
0,0.2575318
0,0.2562164
0,0.25185603
0,0.24262778
0,0.25004393
0,0.2524367
0,0.24869327
0,0.25441644
0,0.28538138
0,0.25364274
0,0.2663331
0,0.24798909
0,0.25258228
0,0.2537653
0,0.25182334
0,0.28456783
0,0.25902697
0,0.24756938
0,0.2837896
0,0.2594525
0,0.2616437
0,0.25517848
0,0.26073012
0,0.30030674
0,0.27700078
0,0.29983076
0,0.27695817
0,0.2629189
0,0.34019575
0,0.28314605
0,0.2788162
0,0.27252996
0,0.27258378
0,0.27287835
0,0.27009597
0,0.30909288
0,0.28206283
0,0.29455557
0,0.2751523
0,0.26888964
0,0.2623354
0,0.25538793
0,0.25702298
0,0.24996488
0,0.26029295
0,0.3032422
0,0.27319613
0,0.26681095
0,0.26338452
0,0.2580005
0,0.25703242
0,0.25025487
0,0.25180125
0,0.25700897
0,0.25877216
0,0.25807488
0,0.2621956
0,0.26224673
0,0.26525462
0,0.26083776
0,0.26179814
0,0.26819256
0,0.25871065
0,0.2517809
0,0.26252902
0,0.24909765
0,0.2498152
0,0.2511418
0,0.24879374
0,0.24631307
0,0.25109577
0,0.24645716
0,0.24590528
0,0.24414852
0,0.24371184
0,0.25958177
0,0.24810898
0,0.26064196
0,0.2564654
0,0.24542758
0,0.33864653
0,0.2848443
0,0.26768026
0,0.27925557
0,0.266218
0,0.26061267
0,0.26781958
0,0.26571643
0,0.26612124
0,0.2561599
0,0.25063396
0,0.25864074
0,0.2649268
0,0.2500781
0,0.2588047
0,0.26302698
0,0.2532706
0,0.2678174
0,0.2556077
0,0.25882444
0,0.26073974
0,0.2690666
0,0.27351138
0,0.27314278
0,0.27555063
0,0.26744303
0,0.2739772
0,0.27436477
0,0.27133662
0,0.2792831
0,0.26793256
0,0.27637184
0,0.28113753
0,0.2768887
0,0.2630653
0,0.26581696
0,0.27319846
0,0.4685979
0,0.41435292
0,0.3311833
0,0.29627737
0,0.28670704
0,0.28490418
0,0.2657537
0,0.25629658
0,0.25820604
0,0.2610774
0,0.30063722
0,0.27206203
0,0.26776206
0,0.2675239
0,0.25461847
0,0.25928795
0,0.24895795
0,0.25372633
0,0.26436245
0,0.27060497
0,0.25640848
0,0.255084
0,0.268654
0,0.26807445
0,0.2595081
0,0.26886636
0,0.26594257
0,0.26693663
0,0.2608567
0,0.26894087
0,0.25747946
0,0.2639015
0,0.26455817
0,0.27397072
0,0.2605
0,0.26428193
0,0.25565594
0,0.26707956
0,0.25607416
0,0.2605445
0,0.25835776
0,0.2654969
0,0.26244056
0,0.26121053
0,0.25811636
0,0.25777423
0,0.2542764
0,0.2521861
0,0.29235098
0,0.2839961
0,0.26704872
0,0.26510736
0,0.2659121
0,0.26260334
0,0.26389793
0,0.27070305
0,0.26080027
0,0.2627066
0,0.29457378
0,0.290847
0,0.26952395
0,0.33450645
0,0.2892514
0,0.2777073
0,0.2649262
0,0.2701999
0,0.26506022
0,0.25967222
0,0.27085555
0,0.26051557
0,0.25207943
0,0.28080943
0,0.26407203
0,0.2619974
0,0.34111217
0,0.29672715
0,0.32902217
0,0.3681901
0,0.33083507
0,0.30426952
0,0.4255382
0,0.36658558
0,0.42532983
0,0.34080675
0,0.30857202
0,0.2824677
0,0.35969266
0,0.3010788
0,0.35892743
0,0.29373318
0,0.31825116
0,0.24383274
0,0.23412786
0,0.19287871
0,0.1794401
0,0.15929422
0,0.14590839
0,0.14742176
0,0.18627381
0,0.1630984
0,0.20070542
0,0.17115702
0,0.2098692
0,0.16954175
0,0.20532912
0,0.16485001
0,0.20209067
0,0.17173754
0,0.17825384
0,0.1665968
0,0.16550855
0,0.15972887
0,0.19893524
0,0.16503197
0,0.16234683
0,0.16003841
0,0.20593323
0,0.18370184
0,0.22396493
0,0.18956621
0,0.2168927
0,0.1796681
0,0.20068763
0,0.16631792
0,0.17282642
0,0.16329052
0,0.16729182
0,0.17629078
0,0.23402084
0,0.20931455
0,0.27409115
0,0.23203218
0,0.30708253
0,0.24648331
0,0.31566483
0,0.23685859
0,0.2926137
0,0.22558999
0,0.23944148
0,0.20091829
0,0.19614972
0,0.17648049
0,0.17311819
0,0.16560939
0,0.1703745
0,0.16896082
0,0.21830684
0,0.18699573
0,0.19175144
0,0.18652965
0,0.22773972
0,0.20138733
0,0.2228485
0,0.1912376
0,0.2078683
0,0.1814467
0,0.18945935
0,0.18289968
0,0.1912877
0,0.19225699
0,0.25242987
0,0.26572362
0,0.3195651
0,0.24267466
0,0.32956564
0,0.24615507
0,0.3239513
0,0.24378285
0,0.21688947
0,0.19173665
0,0.20275775
0,0.17194699
0,0.15846823
0,0.15136094
0,0.18464056
0,0.16410784
0,0.20410717
0,0.16978544
0,0.20825459
0,0.17593086
0,0.20991573
0,0.17431569
0,0.15852307
0,0.15235616
0,0.18482791
0,0.15984541
0,0.15007284
0,0.15577182
0,0.16209891
0,0.16166085
0,0.17261271
0,0.19444025
0,0.2309406
0,0.22183914
0,0.24042846
0,0.23372146
0,0.23400289
0,0.23542066
0,0.24450526
0,0.24852236
0,0.24933095
0,0.2580931
0,0.2809834
0,0.2762756
0,0.27827573
0,0.2676911
0,0.2704936
0,0.25697273
0,0.26280636
0,0.25352788
0,0.25724256
0,0.25475398
0,0.3287947
0,0.3152601
0,0.28714332
0,0.27537364
0,0.26779294
0,0.26464248
0,0.2685812
0,0.26426572
0,0.2602607
0,0.25753278
0,0.25829533
0,0.25103024
0,0.25586686
0,0.25053763
0,0.2538449
0,0.26016086
0,0.2649387
0,0.26880598
0,0.2616616
0,0.2545576
0,0.26363653
0,0.2640961
0,0.2655675
0,0.26494884
0,0.2670728
0,0.2658588
0,0.25824544
0,0.27525467
0,0.26009446
0,0.26427278
0,0.25457358
0,0.24846707
0,0.2613124
0,0.25956994
0,0.2645342
0,0.2538409
0,0.26075512
0,0.26045302
0,0.26739138
0,0.26491904
0,0.30119398
0,0.27750692
0,0.27335197
0,0.28268084
0,0.2728406
0,0.27982426
0,0.26805568
0,0.27742833
0,0.2662497
0,0.280753
0,0.30588615
0,0.27928513
0,0.2754249
0,0.28073335
0,0.2617164
0,0.2753331
0,0.26392543
0,0.26239514
0,0.2544102
0,0.25479788
0,0.27524444
0,0.25920537
0,0.26022106
0,0.31921276
0,0.28192547
0,0.2849607
0,0.26475725
0,0.27549973
0,0.26255506
0,0.253655
0,0.2882373
0,0.2653854
0,0.26254463
0,0.320925
0,0.30153587
0,0.29166058
0,0.27619237
0,0.29102987
0,0.27328038
0,0.2776607
0,0.29835045
0,0.2843221
0,0.28146505
0,0.34675187
0,0.30418122
0,0.29345307
0,0.2761736
0,0.28105938
0,0.26745552
0,0.27326292
0,0.30895773
0,0.2877966
0,0.2723203
0,0.2775137
0,0.27468708
0,0.27405265
0,0.26430297
0,0.26928023
0,0.26975074
0,0.27262905
0,0.33988765
0,0.28781372
0,0.51083505
0,0.45365795
0,0.36696315
0,0.329818
0,0.30750075
0,0.2950454
0,0.29513198
0,0.27579784
0,0.2760214
0,0.26350498
0,0.2664968
0,0.2673555
0,0.2665285
0,0.2658668
0,0.27366388
0,0.2656436
0,0.25304
0,0.25682628
0,0.25436398
0,0.25153235
0,0.26344892
0,0.25538898
0,0.26953825
0,0.26172203
0,0.25938827
0,0.25932857
0,0.2695212
0,0.2656378
0,0.2710191
0,0.25914073
0,0.26057535
0,0.25923696
0,0.25857708
0,0.26439425
0,0.26116186
0,0.26073346
0,0.27838123
0,0.2647056
0,0.26878187
0,0.27109253
0,0.26262692
0,0.26073226
0,0.2603377
0,0.25664824
0,0.2669481
0,0.25915667
0,0.26816583
0,0.25961944
0,0.26851737
0,0.2763473
0,0.26370817
0,0.26322684
0,0.2685365
0,0.25875625
0,0.267122
0,0.26582274
0,0.25949326
0,0.26859415
0,0.2685326
0,0.29266673
0,0.2897154
0,0.26890028
0,0.27391312
0,0.2725495
0,0.26078153
0,0.27195087
0,0.27901915
0,0.26187253
0,0.2668352
0,0.3459797
0,0.2980252
0,0.2910753
0,0.28119788
0,0.26523784
0,0.26909572
0,0.28256205
0,0.33632502
0,0.29202503
0,0.28347406
0,0.27697834
0,0.27409375
0,0.27126852
0,0.27900454
0,0.2821932
0,0.27428675
0,0.26155406
0,0.26523647
0,0.27470514
0,0.27000353
0,0.28069994
0,0.2755121
0,0.2819783
0,0.27088842
0,0.2728524
0,0.26737213
0,0.26755786
0,0.26402336
0,0.26555428
0,0.2619434
0,0.26489508
0,0.3546087
0,0.30085385
0,0.38190007
0,0.31652287
0,0.39314672
0,0.3212726
0,0.29640487
0,0.2971135
0,0.32616183
0,0.28810567
0,0.3061152
0,0.28332785
0,0.2770572
0,0.27131253
0,0.2583337
0,0.2555654
0,0.25553077
0,0.2904694
0,0.35011014
0,0.29456878
0,0.36763796
0,0.3127203
0,0.36710912
0,0.3264342
0,0.30453095
0,0.27671197
0,0.26791888
0,0.29735565
0,0.2438562
0,0.23263608
0,0.25693113
0,0.24895589
0,0.33630309
0,0.28912178
0,0.35193428
0,0.29530394
0,0.26868454
0,0.24270381
0,0.25942463
0,0.2138209
0,0.1941025
0,0.18601477
0,0.18991928
0,0.1881674
0,0.21805851
0,0.20295212
0,0.20083229
0,0.2134067
0,0.28164002
0,0.2482973
0,0.32736382
0,0.27477214
0,0.3593718
0,0.29618564
0,0.3399532
0,0.2783848
0,0.25628087
0,0.25870076
0,0.25800058
0,0.23880592
0,0.22820017
0,0.22545847
0,0.2505258
0,0.2476552
0,0.25476667
0,0.25095797
0,0.34317398
0,0.27623996
0,0.36075082
0,0.2883595
0,0.3258474
0,0.2875754
0,0.29168606
0,0.25812328
0,0.25674146
0,0.24873748
0,0.23611775
0,0.24255335
0,0.32321465
0,0.2733994
0,0.38682577
0,0.30245847
0,0.3914911
0,0.30596015
0,0.3457524
0,0.27087107
0,0.2758967
0,0.20411873
0,0.20175573
0,0.17664024
0,0.16642843
0,0.15834355
0,0.15306862
0,0.15518242
0,0.19988382
0,0.17296831
0,0.17315722
0,0.17138463
0,0.63433665
0,0.8432583
0,0.7194601
0,0.5701748
0,0.5594133
0,0.44324782
0,0.3814485
0,0.27608725
0,0.2241083
0,0.18967825
0,0.16962682
0,0.14583258
0,0.21765344
0,0.1579219
0,0.25511095
0,0.17194903
0,0.23872398
0,0.16869198
0,0.23129646
0,0.1714095
0,0.1516227
0,0.15095243
0,0.15090139
0,0.13097477
0,0.13023357
0,0.12447623
0,0.12014283
0,0.120256975
0,0.20274255
0,0.17409994
0,0.24418278
0,0.21277536
0,0.25124905
0,0.2146089
0,0.24469326
0,0.18392242
0,0.20362201
0,0.16594818
0,0.17523189
0,0.15356669
0,0.14950745
0,0.14993909
0,0.1459349
0,0.1510196
0,0.16149502
0,0.17994711
0,0.21748267
0,0.17388208
0,0.22394602
0,0.17255141
0,0.2253054
0,0.18005276
0,0.19634251
0,0.16647199
0,0.17343946
0,0.15505034
0,0.15584098
0,0.14880645
0,0.16396868
0,0.17142953
0,0.18615717
0,0.18883556
0,0.22150852
0,0.22944532
0,0.30434766
0,0.24826112
0,0.27807277
0,0.21921717
0,0.23279881
0,0.2030842
0,0.20776907
0,0.19162078
0,0.18394208
0,0.17901067
0,0.24693513
0,0.2083925
0,0.208592
0,0.20153062
0,0.24925645
0,0.23730232
0,0.35019964
0,0.2910442
0,0.34791753
0,0.27601373
0,0.26818487
0,0.21693206
0,0.21419948
0,0.18620263
0,0.18052684
0,0.17188284
0,0.1766955
0,0.1833524
0,0.23565201
0,0.20154016
0,0.28641984
0,0.2269512
0,0.33247197
0,0.23745935
0,0.3445369
0,0.24324355
0,0.2637094
0,0.20302671
0,0.20480727
0,0.17723714
0,0.16935652
0,0.15344875
0,0.14846653
0,0.14401314
0,0.21563707
0,0.17274098
0,0.2196032
0,0.1754523
0,0.15966725
0,0.15094821
0,0.18298581
0,0.15565333
0,0.17931952
0,0.15498579
0,0.165552
0,0.15375496
0,0.15505661
0,0.15668404
0,0.16066802
0,0.17282039
0,0.2580511
0,0.2127956
0,0.31418154
0,0.23823263
0,0.3659028
0,0.25421977
0,0.28755262
0,0.21288343
0,0.23413932
0,0.18509287
0,0.1828076
0,0.16514564
0,0.15819989
0,0.15600868
0,0.23717059
0,0.18048999
0,0.26973292
0,0.19864786
0,0.7785479
0,0.9113762
0,0.7813746
0,0.630176
0,0.4778479
0,0.36497205
0,0.29526195
0,0.22898896
0,0.17747669
0,0.15123035
0,0.14274053
0,0.13039894
0,0.13467908
0,0.12385258
0,0.122675374
0,0.11863256
0,0.12241189
0,0.12377363
0,0.1221398
0,0.124784306
0,0.12719639
0,0.1307961
0,0.13475665
0,0.14650418
0,0.15920325
0,0.17501669
0,0.1837899
0,0.1975266
0,0.21755594
0,0.22758053
0,0.25506008
0,0.2521809
0,0.25071597
0,0.25237057
0,0.25557294
0,0.25517562
0,0.2529455
0,0.25777084
0,0.25002283
0,0.24136007
0,0.24074689
0,0.24686086
0,0.25040212
0,0.24832018
0,0.24492124
0,0.24936205
0,0.26250023
0,0.27374208
0,0.25588143
0,0.2728581
0,0.25369194
0,0.26215318
0,0.25500154
0,0.2610921
0,0.2512126
0,0.25859362
0,0.25148675
0,0.2534667
0,0.24617092
0,0.25858626
0,0.24792689
0,0.25634748
0,0.25451386
0,0.25823957
0,0.25069943
0,0.25778452
0,0.25018933
0,0.25560945
0,0.24870095
0,0.25371328
0,0.24919416
0,0.2556252
0,0.25429788
0,0.24604246
0,0.2429056
0,0.25167286
0,0.24889007
0,0.2409782
0,0.2431492
0,0.24713865
0,0.24752647
0,0.24941052
0,0.2412849
0,0.25419146
0,0.29722396
0,0.2704648
0,0.2536001
0,0.25716826
0,0.24618623
0,0.25472426
0,0.24741566
0,0.24271783
0,0.24284722
0,0.25839353
0,0.2714913
0,0.25841665
0,0.2547706
0,0.31879726
0,0.29030672
0,0.3019995
0,0.28539315
0,0.27111036
0,0.26945063
0,0.25493947
0,0.28544527
0,0.2661623
0,0.25856176
0,0.3156513
0,0.28554896
0,0.2639046
0,0.26821008
0,0.25993794
0,0.26760525
0,0.25748676
0,0.28727475
0,0.2633147
0,0.2630566
0,0.2554164
0,0.2612182
0,0.2558159
0,0.2578079
0,0.2529676
0,0.25630397
0,0.25272062
0,0.25987634
0,0.2526016
0,0.24364284
0,0.28486922
0,0.27674958
0,0.25953913
0,0.2724377
0,0.25688607
0,0.26241586
0,0.2500576
0,0.26601967
0,0.25198597
0,0.24660875
0,0.2745882
0,0.27195665
0,0.26619864
0,0.26066312
0,0.26724744
0,0.2701328
0,0.26570788
0,0.26299903
0,0.25178182
0,0.2636998
0,0.27914223
0,0.26151696
0,0.26468897
0,0.24916132
0,0.2566421
0,0.2500872
0,0.25626948
0,0.25874975
0,0.258059
0,0.25632742
0,0.25398144
0,0.26645905
0,0.2705382
0,0.26992467
0,0.2631457
0,0.26904327
0,0.2745557
0,0.2724292
0,0.2655287
0,0.26950592
0,0.26608643
0,0.25868684
0,0.25796083
0,0.25648677
0,0.25527337
0,0.2577392
0,0.26535034
0,0.26054284
0,0.26869515
0,0.26574656
0,0.2657395
0,0.25696152
0,0.26166788
0,0.27349663
0,0.28391245
0,0.27226323
0,0.27579263
0,0.26262513
0,0.26893932
0,0.25738436
0,0.27715147
0,0.2585659
0,0.25448722
0,0.26374272
0,0.26819915
0,0.25703928
0,0.26417744
0,0.27737087
0,0.27478904
0,0.27028015
0,0.29341176
0,0.2656864
0,0.26950812
0,0.27921587
0,0.274577
0,0.26210594
0,0.26539448
0,0.27714577
0,0.2752241
0,0.26883695
0,0.29635525
0,0.2752649
0,0.2875001
0,0.30836076
0,0.29679522
0,0.27387026
0,0.27092862
0,0.27505523
0,0.26988658
0,0.2618657
0,0.28430346
0,0.26641542
0,0.26410463
0,0.26024646
0,0.25898528
0,0.25566322
0,0.26002958
0,0.28169125
0,0.26564607
0,0.2710117
0,0.26382166
0,0.25450614
0,0.25644392
0,0.2545287
0,0.25365803
0,0.26498026
0,0.25670174
0,0.26725724
0,0.26027146
0,0.27079585
0,0.25955567
0,0.28240988
0,0.29074174
0,0.27757818
0,0.26909092
0,0.25888515
0,0.25782895
0,0.2650616
0,0.2560679
0,0.25222555
0,0.26063922
0,0.24953793
0,0.26151618
0,0.2530562
0,0.25154176
0,0.25640774
0,0.2508161
0,0.25685835
0,0.25039548
0,0.31687027
0,0.2874403
0,0.28789115
0,0.27045467
0,0.26928592
0,0.27103052
0,0.26736325
0,0.28311908
0,0.26968837
0,0.25908333
0,0.25148317
0,0.2604139
0,0.2607885
0,0.26268002
0,0.25930598
0,0.25141662
0,0.2639133
0,0.2515134
0,0.2635097
0,0.25122547
0,0.2522828
0,0.25762933
0,0.26351693
0,0.25250843
0,0.26400474
0,0.2613928
0,0.3090746
0,0.26829842
0,0.2711831
0,0.25605315
0,0.25161853
0,0.2561718
0,0.26405516
0,0.2592925
0,0.2714004
0,0.29770148
0,0.2794011
0,0.28143275
0,0.27509218
0,0.28292748
0,0.267955
0,0.25955063
0,0.25572547
0,0.2461683
0,0.24935979
0,0.25071526
0,0.2474714
0,0.25011688
0,0.26201212
0,0.2660149
0,0.3147943
0,0.29381415
0,0.28515902
0,0.2826526
0,0.27400047
0,0.27624843
0,0.27253732
0,0.27351087
0,0.2677587
0,0.27135658
0,0.2900501
0,0.29320362
0,0.29586735
0,0.32892355
0,0.29153472
0,0.27875865
0,0.30079105
0,0.27989417
0,0.27837795
0,0.26943102
0,0.2715972
0,0.25974485
0,0.34101275
0,0.3086641
0,0.39386287
0,0.31406087
0,0.3991983
0,0.3174055
0,0.38207555
0,0.30492744
0,0.38191202
0,0.31837678
0,0.32997435
0,0.28722766
0,0.27620244
0,0.2718076
0,0.2835366
0,0.2758093
0,0.26487654
0,0.2536775
0,0.30572236
0,0.25698656
0,0.28503525
0,0.22359872
0,0.24289228
0,0.1919543
0,0.20522244
0,0.17322488
0,0.18102391
0,0.17245393
0,0.19811454
0,0.17974748
0,0.18277867
0,0.18982044
0,0.2651269
0,0.22221053
0,0.2414221
0,0.23539057
0,0.3144759
0,0.25905633
0,0.31877217
0,0.2602249
0,0.26386517
0,0.22858764
0,0.21796542
0,0.20249185
0,0.2305864
0,0.20530142
0,0.19980505
0,0.19915524
0,0.31403813
0,0.26026493
0,0.2769439
0,0.24865925
0,0.33667308
0,0.2592826
0,0.3104431
0,0.23361209
0,0.25680676
0,0.20524362
0,0.19855389
0,0.18587661
0,0.2004455
0,0.18267997
0,0.19458376
0,0.18416515
0,0.1851938
0,0.19513358
0,0.21699198
0,0.21515146
0,0.28143474
0,0.24852361
0,0.30711746
0,0.2611234
0,0.2954772
0,0.2393477
0,0.27978802
0,0.23496652
0,0.23918217
0,0.2156811
0,0.25908747
0,0.23945253
0,0.23655085
0,0.22689104
0,0.34002063
0,0.28075674
0,0.2887977
0,0.2787001
0,0.32877585
0,0.26392868
0,0.28483212
0,0.22256233
0,0.23402573
0,0.19913211
0,0.19704822
0,0.17351778
0,0.1702803
0,0.16397744
0,0.16946642
0,0.17061128
0,0.18007195
0,0.19177072
0,0.2667572
0,0.24338977
0,0.32738274
0,0.2539268
0,0.2976928
0,0.23023629
0,0.24882936
0,0.20209508
0,0.2207193
0,0.18514137
0,0.17388256
0,0.18643247
0,0.18219328
0,0.16354445
0,0.15846054
0,0.16621895
0,0.17701226
0,0.17881645
0,0.1922079
0,0.19425829
0,0.19492255
0,0.19043005
0,0.19056275
0,0.1983152
0,0.20546183
0,0.21485892
0,0.22530282
0,0.22727142
0,0.22603506
0,0.22838435
0,0.24610652
0,0.23781261
0,0.25249845
0,0.24822357
0,0.29981676
0,0.26453537
0,0.26568303
0,0.2784366
0,0.26374608
0,0.2565675
0,0.25240123
0,0.25022054
0,0.27517015
0,0.27250376
0,0.33615533
0,0.2912765
0,0.2763476
0,0.27438796
0,0.26749292
0,0.2549283
0,0.2654455
0,0.26661503
0,0.26129743
0,0.26901564
0,0.2549224
0,0.26612926
0,0.2544987
0,0.25648665
0,0.2585957
0,0.25619894
0,0.25681278
0,0.25338286
0,0.2733654
0,0.26443508
0,0.2555734
0,0.25818264
0,0.25156727
0,0.2427925
0,0.2506793
0,0.250427
0,0.2546249
0,0.24868785
0,0.26428187
0,0.2570665
0,0.25174898
0,0.31515926
0,0.27819476
0,0.27388906
0,0.2725529
0,0.2600918
0,0.25265652
0,0.2580858
0,0.32731095
0,0.27780512
0,0.26194322
0,0.26661408
0,0.26268718
0,0.25604728
0,0.25084302
0,0.25633994
0,0.2550993
0,0.26079118
0,0.2569517
0,0.25204566
0,0.2533342
0,0.2559053
0,0.2766932
0,0.2630126
0,0.26870906
0,0.26666
0,0.27093947
0,0.26184735
0,0.2548556
0,0.2693278
0,0.25480333
0,0.2542411
0,0.26364967
0,0.26112175
0,0.26354164
0,0.28316876
0,0.27697334
0,0.26624912
0,0.25628468
0,0.29516044
0,0.28616104
0,0.26744264
0,0.25628266
0,0.25838774
0,0.26161343
0,0.25971726
0,0.26679462
0,0.25628415
0,0.26719886
0,0.31197345
0,0.28864956
0,0.2871769
0,0.2847141
0,0.27172136
0,0.26489183
0,0.27001402
0,0.28754795
0,0.26454815
0,0.26747328
0,0.2560445
0,0.26097465
0,0.25759608
0,0.25759077
0,0.2559542
0,0.25603443
0,0.2622623
0,0.29235756
0,0.268007
0,0.27095062
0,0.26343343
0,0.26760507
0,0.25382346
0,0.31206486
0,0.27472493
0,0.27925572
0,0.2609437
0,0.2522065
0,0.2481432
0,0.25772417
0,0.26397905
0,0.27640268
0,0.27041024
0,0.27173913
0,0.25907692
0,0.26013276
0,0.2631957
0,0.2627604
0,0.26203817
0,0.2674981
0,0.26903304
0,0.2635199
0,0.2492634
0,0.25668573
0,0.24926896
0,0.25500917
0,0.24998848
0,0.25388414
0,0.24685593
0,0.2521966
0,0.25367862
0,0.24901125
0,0.24018113
0,0.24442634
0,0.2613552
0,0.25261906
0,0.24991715
0,0.25226998
0,0.24786633
0,0.24672419
0,0.25663522
0,0.24534589
0,0.24036823
0,0.24540855
0,0.2382558
0,0.24838261
0,0.24254961
0,0.24519031
0,0.25079042
0,0.2608088
0,0.25927734
0,0.25675613
0,0.26004842
0,0.25617054
0,0.25123855
0,0.24677064
0,0.24570878
0,0.24540572
0,0.265961
0,0.25330392
0,0.25229222
0,0.25423753
0,0.2512107
0,0.25315526
0,0.2521107
0,0.2610818
0,0.2512301
0,0.24770066
0,0.29595822
0,0.26889187
0,0.2589533
0,0.2665313
0,0.262081
0,0.26704767
0,0.2573463
0,0.2864543
0,0.2704858
0,0.26294142
0,0.33291236
0,0.29556918
0,0.27376133
0,0.27575135
0,0.26172644
0,0.25194544
0,0.25709665
0,0.31045383
0,0.27869582
0,0.27217698
0,0.26764384
0,0.26067963
0,0.2658946
0,0.266153
0,0.26144207
0,0.26702553
0,0.26140833
0,0.26908997
0,0.26222965
0,0.26494512
0,0.26031718
0,0.25551027
0,0.2610382
0,0.24961522
0,0.25237605
0,0.26177487
0,0.25597468
0,0.29657915
0,0.26994553
0,0.26998657
0,0.26136
0,0.27098608
0,0.2639147
0,0.27197647
0,0.28136665
0,0.27810934
0,0.26721957
0,0.26192316
0,0.26499036
0,0.27063176
0,0.2868619
0,0.2822791
0,0.26732534
0,0.2729791
0,0.26296034
0,0.2717066
0,0.26110056
0,0.26421168
0,0.25686187
0,0.2576581
0,0.26521507
0,0.26730922
0,0.27539665
0,0.26383126
0,0.2566606
0,0.2564089
0,0.25136358
0,0.25180876
0,0.24533354
0,0.25629514
0,0.2628387
0,0.259193
0,0.25184956
0,0.26499212
0,0.26841152
0,0.26056457
0,0.2627766
0,0.2695006
0,0.2600713
0,0.26285613
0,0.27598196
0,0.25140113
0,0.25424987
0,0.2579203
0,0.2542266
0,0.2582553
0,0.25542122
0,0.25467247
0,0.2541752
0,0.2591422
0,0.28729844
0,0.26746023
0,0.2682072
0,0.26628712
0,0.25975183
0,0.2618794
0,0.25455236
0,0.26651374
0,0.26654893
0,0.2627413
0,0.3080123
0,0.26927334
0,0.26259476
0,0.26759803
0,0.26424915
0,0.26152435
0,0.25039998
0,0.25274557
0,0.2483029
0,0.26620802
0,0.29394203
0,0.2695198
0,0.27538761
0,0.28988957
0,0.27429634
0,0.27159357
0,0.25436372
0,0.25769585
0,0.2602442
0,0.25803646
0,0.30692744
0,0.27365997
0,0.25621253
0,0.25891063
0,0.2502636
0,0.24553746
0,0.2394076
0,0.257043
0,0.26180762
0,0.26853877
0,0.33552027
0,0.29030383
0,0.27814218
0,0.2728908
0,0.2668497
0,0.256079
0,0.26274475
0,0.29684025
0,0.2816669
0,0.26074803
0,0.25224903
0,0.24706346
0,0.24295004
0,0.23814577
0,0.23660167
0,0.25623968
0,0.2578525
0,0.302146
0,0.2738393
0,0.2851833
0,0.27256122
0,0.27531046
0,0.2750721
0,0.27346852
0,0.27546465
0,0.26461282
0,0.26644242
0,0.31425682
0,0.2819051
0,0.27073896
0,0.2695727
0,0.26429364
0,0.2643554
0,0.24988165
0,0.26319656
0,0.25409773
0,0.25865054
0,0.26457995
0,0.2534853
0,0.24745534
0,0.2551932
0,0.25788653
0,0.2522317
0,0.24927233
0,0.253804
0,0.2566434
0,0.2564119
0,0.2579135
0,0.25627157
0,0.25318152
0,0.24837282
0,0.25274584
0,0.25265858
0,0.25485376
0,0.27195376
0,0.2775166
0,0.2650381
0,0.260305
0,0.26238194
0,0.26516584
0,0.26098365
0,0.266789
0,0.25759882
0,0.25055313
0,0.25071526
0,0.26575276
0,0.2689853
0,0.25922644
0,0.25487375
0,0.25641838
0,0.25715998
0,0.25453418
0,0.25663698
0,0.26167586
0,0.24960168
0,0.24523972
0,0.25139484
0,0.25513193
0,0.25456265
0,0.2546594
0,0.2670391
0,0.26371157
0,0.25686777
0,0.27853078
0,0.25954255
0,0.27053604
0,0.3036037
0,0.26958066
0,0.2879368
0,0.27536508
0,0.26125547
0,0.26451024
0,0.25947037
0,0.26413622
0,0.26604283
0,0.26899764
0,0.2598351
0,0.25338235
0,0.2878938
0,0.27691236
0,0.27439505
0,0.26329774
0,0.26984265
0,0.27740732
0,0.273997
0,0.28732383
0,0.26737353
0,0.27063575
0,0.33621916
0,0.28375864
0,0.28142956
0,0.2851725
0,0.28563526
0,0.27326292
0,0.26338726
0,0.30584058
0,0.27213714
0,0.28445277
0,0.26660904
0,0.2685741
0,0.27448213
0,0.2596265
0,0.24965355
0,0.25853473
0,0.25891718
0,0.320404
0,0.27322638
0,0.26952055
0,0.2811146
0,0.26365754
0,0.2715617
0,0.25835085
0,0.25357857
0,0.26109597
0,0.26995793
0,0.30897075
0,0.27144536
0,0.27186143
0,0.25989208
0,0.26329157
0,0.26946858
0,0.26518404
0,0.2547746
0,0.25764877
0,0.2591607
0,0.25936872
0,0.2685148
0,0.25577945
0,0.25582868
0,0.25754052
0,0.26588628
0,0.26396325
0,0.2701606
0,0.25898927
0,0.2690036
0,0.25687215
0,0.25090796
0,0.2794515
0,0.27380407
0,0.2573938
0,0.26617754
0,0.25307393
0,0.24746662
0,0.26041916
0,0.24717008
0,0.25253963
0,0.27048004
0,0.26378405
0,0.26603985
0,0.26785812
0,0.2657103
0,0.27013603
0,0.26405084
0,0.2577541
0,0.27074236
0,0.25761122
0,0.26679093
0,0.25567323
0,0.261896
0,0.27169278
0,0.26548916
0,0.26795596
0,0.26788113
0,0.2572693
0,0.26361105
0,0.2727638
0,0.2670501
0,0.25951484
0,0.26106334
0,0.26306215
0,0.25918847
0,0.25124
0,0.25913745
0,0.25657064
0,0.2562791
0,0.24749574
0,0.2528798
0,0.24816114
0,0.24620844
0,0.24732874
0,0.25575176
0,0.26362383
0,0.25738195
0,0.24655613
0,0.24233845
0,0.30307737
0,0.27075732
0,0.25510302
0,0.2653991
0,0.26806384
0,0.25908318
0,0.26113278
0,0.26105753
0,0.25890172
0,0.26884618
0,0.32105824
0,0.2949378
0,0.26601443
0,0.26835448
0,0.2695012
0,0.28378037
0,0.27490184
0,0.26322412
0,0.25415123
0,0.25754273
0,0.30314368
0,0.2689948
0,0.2649629
0,0.25737092
0,0.2632528
0,0.257448
0,0.2668506
0,0.25581807
0,0.24775648
0,0.26435006
0,0.28316957
0,0.26869062
0,0.26842475
0,0.2728076
0,0.27119082
0,0.26285532
0,0.25912425
0,0.27399275
0,0.26113343
0,0.26653355
0,0.317223
0,0.27314362
0,0.2623565
0,0.26144627
0,0.26849318
0,0.2586561
0,0.25784522
0,0.26233903
0,0.2543362
0,0.25296083
0,0.32332575
0,0.27833334
0,0.26322988
0,0.26083812
0,0.255724
0,0.2530736
0,0.24861944
0,0.24844706
0,0.24562305
0,0.2489811
0,0.31564254
0,0.2673391
0,0.26637575
0,0.26279005
0,0.2587258
0,0.25346273
0,0.2545155
0,0.26220134
0,0.25208685
0,0.2491923
0,0.31496754
0,0.27173784
0,0.26071176
0,0.25421923
0,0.26062608
0,0.2698477
0,0.27889004
0,0.25903887
0,0.2574923
0,0.25300464
0,0.24918094
0,0.25677785
0,0.2836815
0,0.26711264
0,0.26549253
0,0.26186255
0,0.2663518
0,0.26971626
0,0.25827527
0,0.267405
0,0.4967864
0,0.48413044
0,0.36742395
0,0.34293708
0,0.30331668
0,0.28838998
0,0.27830106
0,0.28536934
0,0.2712568
0,0.25960732
0,0.29009563
0,0.27651516
0,0.26704678
0,0.26955774
0,0.2616452
0,0.2643826
0,0.25775072
0,0.2624812
0,0.2789587
0,0.27656353
0,0.2757244
0,0.27285144
0,0.25679785
0,0.29979387
0,0.26488012
0,0.26679924
0,0.259071
0,0.26214793
0,0.25149804
0,0.25192872
0,0.27120864
0,0.26281014
0,0.2550079
0,0.30352277
0,0.26499462
0,0.26689464
0,0.25349522
0,0.2533951
0,0.26138088
0,0.27668807
0,0.30118737
0,0.2795299
0,0.27893034
0,0.2677789
0,0.25776303
0,0.28107578
0,0.27020466
0,0.264774
0,0.2699035
0,0.26354638
0,0.35869798
0,0.31683946
0,0.2940822
0,0.28538266
0,0.27957973
0,0.27516493
0,0.2617855
0,0.276752
0,0.265883
0,0.26099968
0,0.2645961
0,0.25860524
0,0.266666
0,0.25872648
0,0.25074095
0,0.25190142
0,0.25795728
0,0.268341
0,0.2597947
0,0.25193024
0,0.2556459
0,0.25708956
0,0.24839379
0,0.25396553
0,0.2645425
0,0.2680953
0,0.25464842
0,0.257413
0,0.25990653
0,0.26132256
0,0.24846697
0,0.26199678
0,0.24860243
0,0.25186077
0,0.25132877
0,0.24673004
0,0.2543902
0,0.25209165
0,0.2709664
0,0.25905704
0,0.26159033
0,0.27404252
0,0.26980585
0,0.2684299
0,0.26425925
0,0.26715958
0,0.25580317
0,0.26899496
0,0.26308423
0,0.26939252
0,0.2611903
0,0.29141027
0,0.32278687
0,0.27359644
0,0.26768115
0,0.26406536
0,0.2682004
0,0.27006897
0,0.26464418
0,0.258347
0,0.25765717
0,0.28310955
0,0.26466176
0,0.25828293
0,0.26399183
0,0.25638902
0,0.25464046
0,0.25928527
0,0.25937003
0,0.26175115
0,0.2594093
0,0.2965963
0,0.27146083
0,0.27456176
0,0.27839836
0,0.27136865
0,0.2571923
0,0.2728584
0,0.2602854
0,0.25302017
0,0.26779276
0,0.27102122
0,0.26871032
0,0.2703489
0,0.26191297
0,0.26143685
0,0.26097324
0,0.2529351
0,0.25490716
0,0.26250428
0,0.24951519
0,0.25645274
0,0.24950002
0,0.2587566
0,0.25414246
0,0.26019755
0,0.25683668
0,0.26088172
0,0.2514963
0,0.25857857
0,0.26439548
0,0.2588814
0,0.2562786
0,0.26030043
0,0.25308803
0,0.2594687
0,0.24720635
0,0.26087883
0,0.26904154
0,0.2645513
0,0.25246903
0,0.2526289
0,0.2498704
0,0.25774786
0,0.24900107
0,0.25112477
0,0.24476995
0,0.2539134
0,0.24377021
0,0.25191703
0,0.24684173
0,0.27279535
0,0.2739523
0,0.26681098
0,0.26939598
0,0.25768006
0,0.26663157
0,0.26560327
0,0.25510702
0,0.26137015
0,0.2715376
0,0.2950482
0,0.27035543
0,0.2799643
0,0.28621113
0,0.266285
0,0.27208993
0,0.26362735
0,0.25439948
0,0.26009402
0,0.26089254
0,0.27305022
0,0.26776022
0,0.2650534
0,0.25106663
0,0.25811082
0,0.2658394
0,0.26922467
0,0.25188828
0,0.27025884
0,0.27450275
0,0.27756044
0,0.28901312
0,0.2727725
0,0.27922925
0,0.2777735
0,0.26193574
0,0.26254913
0,0.2754334
0,0.2804315
0,0.29290453
0,0.27643868
0,0.27948126
0,0.2929594
0,0.26431394
0,0.28011465
0,0.2732579
0,0.28321323
0,0.2608485
0,0.26996917
0,0.26347542
0,0.27002087
0,0.25404343
0,0.2639866
0,0.26255542
0,0.26903746
0,0.2670278
0,0.2568532
0,0.25894907
0,0.2680959
0,0.26506484
0,0.25896126
0,0.25469974
0,0.2537486
0,0.25653008
0,0.26047808
0,0.26022762
0,0.26609066
0,0.26113763
0,0.26321584
0,0.25507912
0,0.2674193
0,0.2556498
0,0.2748702
0,0.27074355
0,0.2662122
0,0.25763464
0,0.26811188
0,0.27209854
0,0.26017454
0,0.255896
0,0.26431856
0,0.2540089
0,0.2529001
0,0.2510794
0,0.26265568
0,0.25310272
0,0.2638132
0,0.25390014
0,0.2645269
0,0.25789848
0,0.25970733
0,0.25132295
0,0.24798295
0,0.25503537
0,0.25564253
0,0.24886568
0,0.2646066
0,0.2515994
0,0.24686877
0,0.24838266
0,0.2546354
0,0.24633396
0,0.25700083
0,0.26667264
0,0.25973976
0,0.2628628
0,0.2503895
0,0.25110707
0,0.2523087
0,0.24783061
0,0.2849536
0,0.25512743
0,0.2665038
0,0.25776124
0,0.24716501
0,0.2625392
0,0.25560433
0,0.26701042
0,0.26906288
0,0.25488725
0,0.31244516
0,0.26685676
0,0.27558196
0,0.25869745
0,0.26772475
0,0.27994156
0,0.27908838
0,0.2796351
0,0.26515338
0,0.27043742
0,0.30920118
0,0.27432272
0,0.27717215
0,0.26318467
0,0.26060766
0,0.2781432
0,0.26738653
0,0.26720455
0,0.26815775
0,0.25743094
0,0.29631746
0,0.27616644
0,0.2739606
0,0.28242904
0,0.2695265
0,0.27772313
0,0.26685497
0,0.27725416
0,0.27898037
0,0.27824566
0,0.28935218
0,0.27674118
0,0.27205157
0,0.27626562
0,0.2661498
0,0.27233762
0,0.2626993
0,0.27031553
0,0.27434504
0,0.26581123
0,0.26705685
0,0.25486255
0,0.25527912
0,0.26279038
0,0.25230047
0,0.2666799
0,0.25228938
0,0.26703244
0,0.25242007
0,0.25512078
0,0.25605983
0,0.26396045
0,0.2555811
0,0.26604882
0,0.2550061
0,0.26406795
0,0.26724166
0,0.2566154
0,0.2585197
0,0.256152
0,0.26340857
0,0.262812
0,0.27541238
0,0.28191003
0,0.26707333
0,0.25327575
0,0.2640632
0,0.25768763
0,0.26899436
0,0.25825924
0,0.25166827
0,0.26357886
0,0.25501388
0,0.25185055
0,0.2821053
0,0.27311873
0,0.25754488
0,0.25603107
0,0.26850608
0,0.25724125
0,0.25197223
0,0.2474595
0,0.27602673
0,0.28586996
0,0.2712456
0,0.2735438
0,0.27447277
0,0.2609834
0,0.25790823
0,0.26322913
0,0.25553846
0,0.26239762
0,0.2812159
0,0.2863228
0,0.2820561
0,0.2751932
0,0.26287413
0,0.2659202
0,0.26717678
0,0.2719717
0,0.27148724
0,0.28744313
0,0.2871121
0,0.28768298
0,0.29411563
0,0.32599115
0,0.35159525
0,0.3204161
0,0.31410754
0,0.28595832
0,0.30550826
0,0.32718804
0,0.28358588
0,0.2722623
0,0.2738399
0,0.2585151
0,0.25345358
0,0.25244606
0,0.26063967
0,0.25265038
0,0.26238403
0,0.25935695
0,0.24918436
0,0.2523068
0,0.26396707
0,0.28814974
0,0.29178807
0,0.28677765
0,0.28458562
0,0.28224963
0,0.2820122
0,0.30415964
0,0.30178908
0,0.30186605
0,0.30497718
0,0.27654886
0,0.28438804
0,0.27725834
0,0.27141422
0,0.2645746
0,0.25878653
0,0.26556155
0,0.26416227
0,0.26551774
0,0.25688383
0,0.26219726
0,0.25953925
0,0.25014415
0,0.2507688
0,0.2690149
0,0.2638711
0,0.26931128
0,0.26228777
0,0.26454118
0,0.26590043
0,0.26127192
0,0.27223477
0,0.27309364
0,0.26790047
0,0.27980396
0,0.2843372
0,0.2740042
0,0.2706147
0,0.27453426
0,0.2743866
0,0.2773979
0,0.26946592
0,0.25922605
0,0.25317457
0,0.2565207
0,0.25851774
0,0.2649675
0,0.27000853
0,0.25023943
0,0.2739866
0,0.25734183
0,0.25297105
0,0.25651976
0,0.25075823
0,0.25230193
0,0.251611
0,0.26763898
0,0.27058846
0,0.26850712
0,0.27026954
0,0.27606514
0,0.27376407
0,0.2730379
0,0.27846417
0,0.26420084
0,0.26981023
0,0.2549469
0,0.25672954
0,0.2622705
0,0.2699048
0,0.2660988
0,0.25818285
0,0.26253688
0,0.26859638
0,0.26915872
0,0.2677982
0,0.2660268
0,0.25977942
0,0.26697403
0,0.28981176
0,0.2828903
0,0.26650327
0,0.2628252
0,0.25434232
0,0.24940254
0,0.24944891
0,0.27125025
0,0.28464627
0,0.29551145
0,0.32804334
0,0.35391998
0,0.3528268
0,0.31786406
0,0.30408373
0,0.287309
0,0.2880601
0,0.27604264
0,0.28093496
0,0.2658288
0,0.27523702
0,0.26365957
0,0.25685275
0,0.25406957
0,0.26682746
0,0.25431788
0,0.2669718
0,0.2530367
0,0.26432
0,0.26343104
0,0.2528249
0,0.2551138
0,0.24869454
0,0.26788184
0,0.27019525
0,0.3380468
0,0.29971883
0,0.29450902
0,0.29047486
0,0.27942237
0,0.27540803
0,0.276796
0,0.2787843
0,0.29072803
0,0.28301013
0,0.28793114
0,0.2846007
0,0.2848353
0,0.286215
0,0.2857427
0,0.28052503
0,0.2730321
0,0.2719498
0,0.27684116
0,0.28635436
0,0.27373302
0,0.27250358
0,0.2729165
0,0.27097246
0,0.2761189
0,0.26993442
0,0.27444324
0,0.27584782
0,0.266154
0,0.27388704
0,0.32906386
0,0.29197475
0,0.29502407
0,0.28936452
0,0.29847926
0,0.30293706
0,0.30944914
0,0.2912461
0,0.29090077
0,0.30695117
0,0.32127893
0,0.2840439
0,0.2812046
0,0.27942383
0,0.2934855
0,0.30986163
0,0.29461467
0,0.2762191
0,0.27516893
0,0.26919645
0,0.30528015
0,0.2845752
0,0.27810773
0,0.300682
0,0.27582508
0,0.28417343
0,0.276243
0,0.27246282
0,0.26898804
0,0.26993966
0,0.30591628
0,0.28000167
0,0.28636667
0,0.27547717
0,0.27027756
0,0.25970957
0,0.27558646
0,0.26822016
0,0.27193025
0,0.2582089
0,0.26374388
0,0.25759476
0,0.25632122
0,0.26730832
0,0.2600149
0,0.2812219
0,0.27938542
0,0.2609996
0,0.26126885
0,0.25569418
0,0.2642541
0,0.26312354
0,0.27407408
0,0.26361027
0,0.27178186
0,0.25832665
0,0.24679805
0,0.25781432
0,0.24421494
0,0.2422923
0,0.25628635
0,0.24825342
0,0.25657305
0,0.24848175
0,0.26078296
0,0.25138596
0,0.25684693
0,0.25423706
0,0.24966359
0,0.24722026
0,0.26708144
0,0.25573996
0,0.25186402
0,0.2515298
0,0.2558501
0,0.25363037
0,0.2571672
0,0.24963915
0,0.24710351
0,0.25609332
0,0.2608004
0,0.25164714
0,0.25567538
0,0.24759088
0,0.2528734
0,0.24910809
0,0.25325295
0,0.25107902
0,0.2585242
0,0.26521537
0,0.3071413
0,0.28627014
0,0.28603175
0,0.26772586
0,0.2718097
0,0.25536877
0,0.25865492
0,0.25805876
0,0.28481406
0,0.26734552
0,0.2816344
0,0.26511428
0,0.26532778
0,0.31279102
0,0.27372092
0,0.26494864
0,0.2910072
0,0.2851915
0,0.2710686
0,0.26255685
0,0.26338294
0,0.2555751
0,0.2667245
0,0.29934105
0,0.27699578
0,0.27845415
0,0.28288528
0,0.28102887
0,0.2671144
0,0.26549923
0,0.27100435
0,0.25748
0,0.2517615
0,0.3026504
0,0.29188323
0,0.27728495
0,0.2627873
0,0.2560309
0,0.2598459
0,0.26498064
0,0.25963345
0,0.25953823
0,0.25089386
0,0.2983328
0,0.26001295
0,0.2544082
0,0.25712144
0,0.27049562
0,0.25189066
0,0.25681862
0,0.26529333
0,0.26384488
0,0.2592037
0,0.30713126
0,0.26723886
0,0.26511142
0,0.26621222
0,0.26995468
0,0.26622137
0,0.2657862
0,0.2821368
0,0.26554972
0,0.2702667
0,0.2607845
0,0.2667296
0,0.26050583
0,0.25264183
0,0.2550185
0,0.26497763
0,0.2590704
0,0.25248656
0,0.25372496
0,0.25953478
0,0.29133588
0,0.27582338
0,0.27839547
0,0.26469213
0,0.2709173
0,0.26795912
0,0.27264512
0,0.2804455
0,0.262626
0,0.2554731
0,0.28614315
0,0.27207258
0,0.26324487
0,0.26794028
0,0.25941318
0,0.24956232
0,0.24930128
0,0.24192302
0,0.24317105
0,0.24273369
0,0.26674733
0,0.24775194
0,0.28013042
0,0.25796175
0,0.25360882
0,0.24731614
0,0.2465486
0,0.2588679
0,0.2473582
0,0.25289783
0,0.27211377
0,0.26744786
0,0.26379085
0,0.25323734
0,0.25918257
0,0.24843372
0,0.24653682
0,0.25406322
0,0.25055984
0,0.2590211
0,0.29035595
0,0.29127982
0,0.27326578
0,0.27527472
0,0.26059252
0,0.26672518
0,0.26122314
0,0.2597107
0,0.24918418
0,0.25124663
0,0.26639187
0,0.2503496
0,0.2501719
0,0.25534064
0,0.2807977
0,0.27142015
0,0.26487473
0,0.27671593
0,0.28114522
0,0.27527004
0,0.2648854
0,0.27217087
0,0.25906807
0,0.24957888
0,0.25670293
0,0.25384405
0,0.27673873
0,0.26049832
0,0.2537187
0,0.26444557
0,0.2718432
0,0.27456436
0,0.26275656
0,0.25639188
0,0.2531643
0,0.25118914
0,0.2523962
0,0.2490337
0,0.24591693
0,0.2603147
0,0.25245884
0,0.25168356
0,0.251694
0,0.2625298
0,0.27746794
0,0.26276863
0,0.2516593
0,0.27282453
0,0.26940766
0,0.30921322
0,0.29475766
0,0.2920507
0,0.29395226
0,0.31264707
0,0.30352202
0,0.29263994
0,0.29684898
0,0.27156582
0,0.27209225
0,0.30679944
0,0.28097296
0,0.38806412
0,0.3397404
0,0.2986693
0,0.29675752
0,0.27470437
0,0.26479045
0,0.2832658
0,0.2794875
0,0.3088687
0,0.29250833
0,0.27287155
0,0.27445197
0,0.26500764
0,0.2640456
0,0.30195355
0,0.2779079
0,0.27443597
0,0.27200463
0,0.31618157
0,0.28443837
0,0.2756516
0,0.27419376
0,0.25909522
0,0.2601132
0,0.25443292
0,0.25568274
0,0.25561592
0,0.25612983
0,0.31349406
0,0.2791009
0,0.26481923
0,0.27229443
0,0.25748008
0,0.25632548
0,0.2562324
0,0.2598371
0,0.26402202
0,0.25641274
0,0.2541953
0,0.26244113
0,0.249712
0,0.2512253
0,0.2522422
0,0.25452617
0,0.25562647
0,0.2502793
0,0.25117913
0,0.25141683
0,0.247995
0,0.24564481
0,0.23788236
0,0.24557835
0,0.24007925
0,0.24344829
0,0.25331038
0,0.24771227
0,0.26242125
0,0.25100848
0,0.24170156
0,0.25986737
0,0.2538404
0,0.2537759
0,0.26469624
0,0.26006153
0,0.25884557
0,0.2553237
0,0.26433572
0,0.25584903
0,0.27768025
0,0.2753648
0,0.2538444
0,0.2598405
0,0.2659616
0,0.25262356
0,0.24309954
0,0.24583554
0,0.25347736
0,0.24986401
0,0.25609294
0,0.29443026
0,0.26875666
0,0.25730583
0,0.25861606
0,0.25561053
0,0.25500128
0,0.24999772
0,0.25209543
0,0.24735208
0,0.2578023
0,0.27442363
0,0.27226275
0,0.25881216
0,0.25754172
0,0.264967
0,0.27028757
0,0.26802865
0,0.26786664
0,0.2709731
0,0.2606495
0,0.2653397
0,0.26487836
0,0.2548149
0,0.27484322
0,0.26184413
0,0.2678883
0,0.25629976
0,0.26170903
0,0.2508797
0,0.25573257
0,0.24695176
0,0.25501433
0,0.2516042
0,0.25237876
0,0.25570953
0,0.25038603
0,0.25745237
0,0.25273642
0,0.24904217
0,0.24739158
0,0.2450166
0,0.24498597
0,0.24147144
0,0.24528271
0,0.26636204
0,0.2547123
0,0.26458648
0,0.2624844
0,0.25476176
0,0.26969278
0,0.2698426
0,0.25971687
0,0.29875305
0,0.27785307
0,0.2856775
0,0.2793142
0,0.2785431
0,0.26746508
0,0.27258745
0,0.26021364
0,0.2615819
0,0.25821435
0,0.26180854
0,0.27436653
0,0.27654025
0,0.2607289
0,0.2550323
0,0.2592075
0,0.26429364
0,0.25088227
0,0.25519985
0,0.25648695
0,0.24773426
0,0.25314698
0,0.26375327
0,0.25803727
0,0.2604858
0,0.24935567
0,0.2597068
0,0.253482
0,0.2611385
0,0.30546746
0,0.27547508
0,0.26264507
0,0.26957923
0,0.2831107
0,0.26879925
0,0.25926253
0,0.25823733
0,0.2572786
0,0.25514072
0,0.28469896
0,0.2640959
0,0.26993486
0,0.2588179
0,0.26658073
0,0.25715965
0,0.2635296
0,0.25702405
0,0.26211345
0,0.2594834
0,0.29790103
0,0.28061658
0,0.28009436
0,0.2717021
0,0.2718143
0,0.2614408
0,0.26817128
0,0.257914
0,0.25384676
0,0.25218087
0,0.26936024
0,0.27709496
0,0.264698
0,0.2608178
0,0.25415704
0,0.27159786
0,0.2703615
0,0.25791463
0,0.26596233
0,0.26984864
0,0.29155305
0,0.27601093
0,0.2678782
0,0.26415238
0,0.27167267
0,0.2587289
0,0.2704665
0,0.26192433
0,0.2698274
0,0.26649588
0,0.28576216
0,0.26656932
0,0.25571388
0,0.25657278
0,0.26345623
0,0.26201698
0,0.2636666
0,0.29725617
0,0.26430064
0,0.26187423
0,0.3183146
0,0.28323537
0,0.2824995
0,0.26725182
0,0.26441538
0,0.2605771
0,0.2634816
0,0.2618
0,0.26835495
0,0.28069118
0,0.25767782
0,0.25838774
0,0.26324022
0,0.2516859
0,0.26920184
0,0.25878155
0,0.25494656
0,0.25335565
0,0.25907767
0,0.2547052
0,0.26002574
0,0.25217846
0,0.25928998
0,0.25347394
0,0.26194018
0,0.2570159
0,0.26220116
0,0.25681818
0,0.26345706
0,0.26038858
0,0.27887666
0,0.27456704
0,0.26176172
0,0.26213533
0,0.27049616
0,0.26245174
0,0.26269373
0,0.25504288
0,0.24989645
0,0.24495174
0,0.24409598
0,0.2460084
0,0.2480135
0,0.24713564
0,0.2540799
0,0.25768006
0,0.25507513
0,0.24945506
0,0.24741815
0,0.26066217
0,0.26274216
0,0.2721591
0,0.2604898
0,0.25612327
0,0.27314022
0,0.26747724
0,0.25977775
0,0.2701454
0,0.255632
0,0.26804528
0,0.31126243
0,0.29365855
0,0.2772183
0,0.27950642
0,0.26111242
0,0.2561194
0,0.24718864
0,0.26113793
0,0.25192758
0,0.2470588
0,0.29402635
0,0.2625525
0,0.25435176
0,0.250214
0,0.25412554
0,0.26165393
0,0.27103412
0,0.27015105
0,0.27983907
0,0.27811587
0,0.3192881
0,0.30295345
0,0.28136045
0,0.2820212
0,0.2787518
0,0.27438855
0,0.2658476
0,0.2671429
0,0.2616415
0,0.27583897
0,0.29771802
0,0.27988395
0,0.26412937
0,0.2681043
0,0.26245397
0,0.25938028
0,0.25214192
0,0.25339037
0,0.2534574
0,0.25473943
0,0.3099126
0,0.2737778
0,0.2935324
0,0.2809786
0,0.26654837
0,0.26157713
0,0.25553268
0,0.26190403
0,0.27695778
0,0.26024944
0,0.26581442
0,0.25697643
0,0.2594753
0,0.25128323
0,0.25984883
0,0.2532556
0,0.24849297
0,0.25036824
0,0.2610075
0,0.25646338
0,0.2509693
0,0.2492923
0,0.2579587
0,0.2591755
0,0.25649804
0,0.2520995
0,0.25396428
0,0.25856468
0,0.26873457
0,0.26020938
0,0.26456702
0,0.25956985
0,0.26248342
0,0.26257837
0,0.27198642
0,0.2585946
0,0.24964906
0,0.24904513
0,0.25152132
0,0.24548641
0,0.25276408
0,0.2897282
0,0.26518443
0,0.27218452
0,0.26305568
0,0.25728017
0,0.2579765
0,0.25459638
0,0.2640429
0,0.24870488
0,0.25788128
0,0.31460622
0,0.28509605
0,0.2825482
0,0.2779769
0,0.2654942
0,0.26730946
0,0.2615421
0,0.28557095
0,0.26299283
0,0.26566833
0,0.32308757
0,0.29606062
0,0.27674168
0,0.2754184
0,0.2801978
0,0.2790176
0,0.2676089
0,0.28654554
0,0.26678422
0,0.2675383
0,0.31825858
0,0.28296152
0,0.27138272
0,0.26908144
0,0.26009306
0,0.2598913
0,0.2555036
0,0.27847797
0,0.25971052
0,0.27348986
0,0.2574861
0,0.2639254
0,0.26425782
0,0.25997615
0,0.25475863
0,0.2615707
0,0.26582232
0,0.2662563
0,0.2639669
0,0.27219644
0,0.30269122
0,0.27821538
0,0.28028652
0,0.2653476
0,0.25831723
0,0.255682
0,0.26594195
0,0.25308898
0,0.26393786
0,0.25833404
0,0.25612637
0,0.26470578
0,0.2661045
0,0.25338507
0,0.26964936
0,0.27025855
0,0.25608122
0,0.2493854
0,0.2507787
0,0.24736583
0,0.25048587
0,0.26636666
0,0.2563263
0,0.2702706
0,0.26573285
0,0.28661522
0,0.29118767
0,0.2736569
0,0.26697263
0,0.26200333
0,0.25720853
0,0.26373965
0,0.26512906
0,0.25899288
0,0.26358968
0,0.26577345
0,0.2626475
0,0.26896363
0,0.2585914
0,0.26513675
0,0.26360965
0,0.26644716
0,0.26812714
0,0.26667875
0,0.25759134
0,0.26174864
0,0.25413293
0,0.26361588
0,0.25338534
0,0.2551723
0,0.24992308
0,0.27828363
0,0.2671241
0,0.28722093
0,0.31512395
0,0.29715165
0,0.2969091
0,0.29054716
0,0.281409
0,0.2783532
0,0.27855414
0,0.2771922
0,0.27148545
0,0.2713195
0,0.26400396
0,0.2757381
0,0.26360494
0,0.2678524
0,0.25555453
0,0.25839698
0,0.2595694
0,0.2707095
0,0.25731835
0,0.26895493
0,0.26068875
0,0.28465804
0,0.2979896
0,0.28080806
0,0.28879264
0,0.27741113
0,0.26372224
0,0.2783339
0,0.2668347
0,0.26965442
0,0.25563776
0,0.26420593
0,0.27538913
0,0.2740112
0,0.2719902
0,0.27141905
0,0.26535928
0,0.27808797
0,0.28238398
0,0.27569893
0,0.2686312
0,0.27155572
0,0.26459768
0,0.2684373
0,0.28052843
0,0.27278724
0,0.2747974
0,0.2736232
0,0.28159732
0,0.27880162
0,0.26518074
0,0.2693908
0,0.2579726
0,0.2612597
0,0.25404814
0,0.29605427
0,0.26818377
0,0.26561856
0,0.2589596
0,0.25986862
0,0.25191063
0,0.25737017
0,0.2511006
0,0.2578087
0,0.25193277
0,0.2761284
0,0.30442682
0,0.35788772
0,0.4016106
0,0.3734996
0,0.35925367
0,0.34333816
0,0.31288254
0,0.32579628
0,0.3255127
0,0.30289164
0,0.2905767
0,0.278872
0,0.27925298
0,0.26675266
0,0.2716592
0,0.26464427
0,0.2676358
0,0.25086084
0,0.25416797
0,0.24339962
0,0.2543241
0,0.24752711
0,0.24732032
0,0.2549334
0,0.27362967
0,0.27232108
0,0.27393124
0,0.26932356
0,0.27718726
0,0.27688432
0,0.27215555
0,0.26357776
0,0.26517612
0,0.2719347
0,0.26978725
0,0.26244056
0,0.27975422
0,0.2622603
0,0.26736313
0,0.27395818
0,0.2708239
0,0.27065518
0,0.2694178
0,0.2762083
0,0.26524183
0,0.27665254
0,0.26443455
0,0.28063166
0,0.30046454
0,0.2817589
0,0.27383092
0,0.27854294
0,0.2722757
0,0.29192075
0,0.2894213
0,0.30324942
0,0.313993
0,0.31002283
0,0.30729195
0,0.30531624
0,0.31311437
0,0.31896615
0,0.31776783
0,0.30595997
0,0.29638135
0,0.27524197
0,0.2685156
0,0.28376037
0,0.2974159
0,0.27873614
0,0.26941207
0,0.26997828
0,0.2611869
0,0.2687096
0,0.26561168
0,0.27247387
0,0.26738542
0,0.27865636
0,0.2679389
0,0.26762542
0,0.26113948
0,0.26461875
0,0.26311493
0,0.25471595
0,0.2672692
0,0.27409363
0,0.2679061
0,0.27268028
0,0.29710025
0,0.2972152
0,0.29742876
0,0.29725412
0,0.28477824
0,0.29745167
0,0.27274072
0,0.2781885
0,0.27222848
0,0.2713266
0,0.26247
0,0.27460447
0,0.26581755
0,0.30473348
0,0.2777991
0,0.29293874
0,0.29405135
0,0.28810602
0,0.2744279
0,0.2736345
0,0.26855105
0,0.27439123
0,0.26517317
0,0.28832313
0,0.3089898
0,0.29874665
0,0.35188448
0,0.30680525
0,0.30631146
0,0.28745934
0,0.28357545
0,0.30293635
0,0.30585858
0,0.30749437
0,0.30909127
0,0.32333744
0,0.3426247
0,0.32017472
0,0.31637895
0,0.31154078
0,0.28599685
0,0.28048784
0,0.27515194
0,0.28833887
0,0.26388097
0,0.2683077
0,0.27398697
0,0.27773267
0,0.27582088
0,0.2641974
0,0.25419897
0,0.2501651
0,0.25568265
0,0.24991463
0,0.25573814
0,0.26522726
0,0.26776722
0,0.2653773
0,0.26486734
0,0.26382297
0,0.26336926
0,0.2624033
0,0.25305268
0,0.258676
0,0.26306835
0,0.24847434
0,0.2559513
0,0.25270048
0,0.26080352
0,0.26535097
0,0.26159453
0,0.27175677
0,0.25682762
0,0.256586
0,0.2483013
0,0.28609902
0,0.25836396
0,0.26465103
0,0.26158458
0,0.25670174
0,0.24832258
0,0.25049874
0,0.25860703
0,0.2612688
0,0.24824658
0,0.273859
0,0.25760892
0,0.27258572
0,0.30326128
0,0.27185917
0,0.26640388
0,0.2721182
0,0.26466048
0,0.27152005
0,0.27828652
0,0.27937332
0,0.26997977
0,0.26071945
0,0.333009
0,0.28306255
0,0.27149612
0,0.28136954
0,0.26545364
0,0.2672543
0,0.26029533
0,0.29210317
0,0.27382356
0,0.26945132
0,0.3267138
0,0.29651532
0,0.2870702
0,0.2855196
0,0.26825032
0,0.27728236
0,0.2636491
0,0.30211237
0,0.27310154
0,0.28215438
0,0.28039598
0,0.27478743
0,0.26307112
0,0.26274908
0,0.25998068
0,0.26862714
0,0.2619912
0,0.32488132
0,0.28922895
0,0.2983353
0,0.2760117
0,0.26744765
0,0.2870412
0,0.28183928
0,0.27255166
0,0.2818709
0,0.29824
0,0.3413137
0,0.29649386
0,0.28567457
0,0.2766911
0,0.2817812
0,0.27188584
0,0.27571657
0,0.27251983
0,0.2905602
0,0.26865503
0,0.32759398
0,0.27785486
0,0.28409016
0,0.2776093
0,0.27367893
0,0.29024458
0,0.28121585
0,0.2701035
0,0.2740333
0,0.26203975
0,0.31061238
0,0.27254423
0,0.2722919
0,0.30238846
0,0.2880912
0,0.2835256
0,0.27465442
0,0.26385558
0,0.26840916
0,0.26135853
0,0.2656877
0,0.26664802
0,0.2668505
0,0.26154438
0,0.26752564
0,0.27948564
0,0.35298222
0,0.316723
0,0.29557887
0,0.27875882
0,0.27597672
0,0.26408637
0,0.26777208
0,0.26241693
0,0.26326048
0,0.25707656
0,0.26130924
0,0.25319722
0,0.29063803
0,0.32026875
0,0.30190298
0,0.29393512
0,0.28669098
0,0.27894044
0,0.29060206
0,0.26941156
0,0.2809061
0,0.27857178
0,0.3028272
0,0.27516806
0,0.26943326
0,0.27082616
0,0.25885814
0,0.26517898
0,0.2518683
0,0.2655928
0,0.27619267
0,0.28471786
0,0.26858687
0,0.27910453
0,0.28103006
0,0.26349282
0,0.26261395
0,0.25351298
0,0.24930963
0,0.24714904
0,0.2508401
0,0.25140622
0,0.26095462
0,0.25576356
0,0.26259542
0,0.27035606
0,0.2719279
0,0.25621742
0,0.2638132
0,0.27175158
0,0.2710534
0,0.27158985
0,0.2686544
0,0.27355447
0,0.2960499
0,0.26566657
0,0.26989186
0,0.2557514
0,0.26753634
0,0.2626492
0,0.28208864
0,0.25808206
0,0.28934038
0,0.28596306
0,0.28703588
0,0.27415276
0,0.27395058
0,0.30607635
0,0.2830815
0,0.28713027
0,0.2764889
0,0.2599823
0,0.27629268
0,0.26842475
0,0.29191285
0,0.30445328
0,0.29057854
0,0.28061157
0,0.27299312
0,0.28462106
0,0.2717346
0,0.2662711
0,0.2735822
0,0.26442719
0,0.27943623
0,0.2658475
0,0.27056253
0,0.26798233
0,0.2814501
0,0.27586687
0,0.2711652
0,0.3085685
0,0.30489412
0,0.29409784
0,0.73092103
0,0.81985384
0,0.6892036
0,0.59505415
0,0.5238439
0,0.44520515
0,0.3992439
0,0.3059917
0,0.26392618
0,0.22499222
0,0.21045455
0,0.16385229
0,0.15555908
0,0.13883656
0,0.13965435
0,0.1376762
0,0.13098696
0,0.1399902
0,0.1317679
0,0.12650506
0,0.12608932
0,0.1363111
0,0.13863757
0,0.1503995
0,0.14978254
0,0.156725
0,0.16742964
0,0.1768468
0,0.20262657
0,0.20787415
0,0.26526234
0,0.26406506
0,0.27053165
0,0.28086478
0,0.27093396
0,0.26468614
0,0.27379677
0,0.27281776
0,0.27179268
0,0.2577732
0,0.25406167
0,0.26233602
0,0.26770815
0,0.27644688
0,0.27358568
0,0.25827593
0,0.2681184
0,0.25719476
0,0.25958157
0,0.25773123
0,0.26964942
0,0.257001
0,0.2630212
0,0.26841536
0,0.26210874
0,0.25776553
0,0.25790808
0,0.25238222
0,0.25373214
0,0.27247542
0,0.25568375
0,0.2559974
0,0.25389725
0,0.28422654
0,0.26988307
0,0.27142093
0,0.26083788
0,0.25565654
0,0.2609842
0,0.2554308
0,0.2625239
0,0.2678873
0,0.26627773
0,0.2895901
0,0.2738102
0,0.2582443
0,0.26638818
0,0.27842376
0,0.29204783
0,0.30759302
0,0.34527963
0,0.3856592
0,0.3819621
0,0.3676723
0,0.3414928
0,0.33884117
0,0.3305907
0,0.32146057
0,0.2877678
0,0.29422385
0,0.2688765
0,0.26885614
0,0.26995075
0,0.2760968
0,0.27786124
0,0.28312212
0,0.26419187
0,0.24926706
0,0.24149175
0,0.23531193
0,0.2370274
0,0.23732857
0,0.23066656
0,0.23818722
0,0.23666614
0,0.23519954
0,0.25885087
0,0.26890698
0,0.2552116
0,0.2557763
0,0.27189815
0,0.26314425
0,0.27652594
0,0.26260602
0,0.25814652
0,0.25589773
0,0.25314903
0,0.25831795
0,0.25318536
0,0.2556462
0,0.25934413
0,0.25430065
0,0.24559942
0,0.24911913
0,0.25478545
0,0.27773616
0,0.26994586
0,0.27781928
0,0.26118395
0,0.258073
0,0.26291072
0,0.2590491
0,0.2584681
0,0.2537559
0,0.2641924
0,0.28871062
0,0.28447592
0,0.2658629
0,0.26537174
0,0.2612843
0,0.27124494
0,0.26003313
0,0.2807005
0,0.2663176
0,0.27190107
0,0.28172705
0,0.26846075
0,0.27142218
0,0.2561549
0,0.25831592
0,0.26089403
0,0.26322737
0,0.2622006
0,0.2594556
0,0.2619317
0,0.29877388
0,0.28418463
0,0.2718399
0,0.258329
0,0.25813556
0,0.24852543
0,0.26119775
0,0.28839839
0,0.2662678
0,0.2605491
0,0.25905046
0,0.26751488
0,0.2556104
0,0.26330608
0,0.27287686
0,0.26708892
0,0.26169562
0,0.29665157
0,0.27241096
0,0.2706772
0,0.26367232
0,0.28111833
0,0.26473606
0,0.25915226
0,0.25619987
0,0.26105484
0,0.25428274
0,0.31014767
0,0.2826
0,0.28446686
0,0.27723718
0,0.2842386
0,0.30993772
0,0.31494856
0,0.3032821
0,0.2795721
0,0.26995704
0,0.34117898
0,0.3117312
0,0.31436703
0,0.3244596
0,0.31534556
0,0.32817873
0,0.29568714
0,0.29472634
0,0.29919526
0,0.28809425
0,0.27498323
0,0.26675192
0,0.25810277
0,0.25504342
0,0.259852
0,0.25158638
0,0.26386565
0,0.25207415
0,0.2695602
0,0.2572202
0,0.25129262
0,0.25990835
0,0.2763215
0,0.26982087
0,0.26644015
0,0.26028007
0,0.25406465
0,0.2476504
0,0.26834
0,0.25331253
0,0.263242
0,0.27492628
0,0.28208792
0,0.28074306
0,0.27350408
0,0.26848027
0,0.25483367
0,0.2618329
0,0.2586294
0,0.27142972
0,0.25399777
0,0.26826206
0,0.27955657
0,0.28024456
0,0.26987943
0,0.25974753
0,0.26587555
0,0.2550223
0,0.25815392
0,0.26923528
0,0.25880647
0,0.2717635
0,0.26130378
0,0.26735395
0,0.2712278
0,0.27163872
0,0.27166787
0,0.26976886
0,0.26154116
0,0.27230898
0,0.3351614
0,0.30220872
0,0.27864528
0,0.279996
0,0.2749954
0,0.26845476
0,0.25618297
0,0.26434445
0,0.25329483
0,0.25639865
0,0.26060688
0,0.2575333
0,0.26954168
0,0.26456353
0,0.2723105
0,0.26314753
0,0.27079123
0,0.2631913
0,0.27370778
0,0.26273957
0,0.27099946
0,0.26211047
0,0.2543702
0,0.27744526
0,0.2685913
0,0.26593304
0,0.25449723
0,0.26604745
0,0.27364835
0,0.2667209
0,0.26122755
0,0.29528636
0,0.2763686
0,0.26659805
0,0.25653368
0,0.25731584
0,0.2727616
0,0.2609459
0,0.26214257
0,0.25458282
0,0.25486043
0,0.31630626
0,0.28236303
0,0.27556846
0,0.28016958
0,0.26591027
0,0.26711813
0,0.26246828
0,0.2927596
0,0.27862242
0,0.27523732
0,0.34460658
0,0.29658163
0,0.27857792
0,0.2775194
0,0.2695984
0,0.27438796
0,0.26116094
0,0.27945453
0,0.26354983
0,0.2699095
0,0.337815
0,0.28763333
0,0.2728445
0,0.27274403
0,0.27209008
0,0.2680493
0,0.2664715
0,0.2700652
0,0.26114354
0,0.2667565
0,0.317296
0,0.30381176
0,0.28884962
0,0.27908552
0,0.28240147
0,0.265299
0,0.25840366
0,0.25965446
0,0.25190452
0,0.2710545
0,0.3070156
0,0.280982
0,0.26441953
0,0.2595933
0,0.25517952
0,0.28888175
0,0.43881068
0,0.36106372
0,0.32427692
0,0.3028954
0,0.3229522
0,0.30323374
0,0.28303152
0,0.27037624
0,0.26461458
0,0.2673476
0,0.26102826
0,0.26646015
0,0.27142784
0,0.27642375
0,0.27586335
0,0.26962638
0,0.25479525
0,0.27099484
0,0.25642127
0,0.2597542
0,0.2547135
0,0.25724173
0,0.2665251
0,0.260628
0,0.273727
0,0.25481418
0,0.2759722
0,0.26766896
0,0.2593684
0,0.27565327
0,0.28036588
0,0.2626915
0,0.25682864
0,0.2580562
0,0.28926325
0,0.28269652
0,0.27888498
0,0.2900353
0,0.2896569
0,0.3008152
0,0.28391698
0,0.27701122
0,0.2665584
0,0.27229792
0,0.2972106
0,0.27585873
0,0.27660283
0,0.27458668
0,0.2704936
0,0.27553132
0,0.27317548
0,0.2587476
0,0.2684451
0,0.2817267
0,0.311988
0,0.30469316
0,0.30856818
0,0.67949164
0,0.73410845
0,0.60876524
0,0.5541613
0,0.51381487
0,0.4846517
0,0.45528007
0,0.50346667
0,0.4054707
0,0.30959514
0,0.26159793
0,0.203912
0,0.18281364
0,0.15436774
0,0.14090766
0,0.13178231
0,0.12918146
0,0.1333173
0,0.1270581
0,0.13119586
0,0.13068321
0,0.12879118
0,0.13168097
0,0.13049316
0,0.1386589
0,0.15270704
0,0.1562849
0,0.15100859
0,0.1666717
0,0.17185584
0,0.28138497
0,0.3229318
0,0.31490436
0,0.31255758
0,0.30527332
0,0.27920714
0,0.28420025
0,0.2884106
0,0.28009924
0,0.26914877
0,0.27121222
0,0.26127878
0,0.27284563
0,0.26470068
0,0.26752093
0,0.25738448
0,0.26072267
0,0.25844002
0,0.26159582
0,0.2550059
0,0.2599617
0,0.2533835
0,0.26391506
0,0.25267568
0,0.26664826
0,0.26461783
0,0.29977897
0,0.2703999
0,0.27026662
0,0.27813256
0,0.27757487
0,0.2625609
0,0.26973578
0,0.26207966
0,0.27008307
0,0.27469444
0,0.28754815
0,0.26477218
0,0.26703933
0,0.26087996
0,0.2565829
0,0.2600154
0,0.26517618
0,0.29409707
0,0.28469056
0,0.2640467
0,0.29853722
0,0.27134532
0,0.26665053
0,0.25738207
0,0.27305797
0,0.25828573
0,0.26337633
0,0.25976488
0,0.2591647
0,0.2538491
0,0.31776777
0,0.276291
0,0.27443266
0,0.26373476
0,0.2600068
0,0.2723515
0,0.27085075
0,0.27970406
0,0.26363447
0,0.25682855
0,0.26245093
0,0.25925153
0,0.26154017
0,0.256241
0,0.24754699
0,0.24720493
0,0.24317488
0,0.25282142
0,0.2694443
0,0.255888
0,0.2593399
0,0.25242454
0,0.25675038
0,0.24858828
0,0.25259763
0,0.24934916
0,0.27542505
0,0.25764915
0,0.25023302
0,0.2650638
0,0.25758582
0,0.25969297
0,0.2560785
0,0.27312422
0,0.26136687
0,0.2707803
0,0.2608934
0,0.2529579
0,0.25317097
0,0.26741773
0,0.2684395
0,0.25408384
0,0.2771943
0,0.26852417
0,0.2605452
0,0.2662398
0,0.26718175
0,0.260799
0,0.27293533
0,0.27249408
0,0.27195272
0,0.2755673
0,0.27804664
0,0.2713653
0,0.2704932
0,0.2565914
0,0.27969936
0,0.26894632
0,0.26763704
0,0.2619753
0,0.27297142
0,0.26479822
0,0.2525935
0,0.25670114
0,0.26890665
0,0.25936386
0,0.2539486
0,0.25222754
0,0.24506058
0,0.25383818
0,0.26067045
0,0.2612052
0,0.2734308
0,0.26013234
0,0.25371015
0,0.25974935
0,0.24557923
0,0.27233103
0,0.266766
0,0.25892583
0,0.26764348
0,0.25600448
0,0.26610336
0,0.25479788
0,0.26494333
0,0.25383785
0,0.26368716
0,0.2542589
0,0.24847497
0,0.25590804
0,0.26675245
0,0.25923532
0,0.25152186
0,0.25218222
0,0.24633084
0,0.24745516
0,0.2392957
0,0.24674602
0,0.24126229
0,0.241535
0,0.25278914
0,0.24897636
0,0.25581637
0,0.25073272
0,0.26387376
0,0.24947584
0,0.2578597
0,0.24869846
0,0.24902692
0,0.26556298
0,0.2564574
0,0.248252
0,0.24977045
0,0.24656087
0,0.2586989
0,0.24974206
0,0.26529276
0,0.24988335
0,0.25951326
0,0.24995826
0,0.25455087
0,0.26309794
0,0.25928202
0,0.25935063
0,0.25970408
0,0.25225928
0,0.25729844
0,0.25678366
0,0.25555578
0,0.24978091
0,0.24993859
0,0.2874055
0,0.261339
0,0.27249062
0,0.26026255
0,0.25723466
0,0.25439298
0,0.2521038
0,0.28118932
0,0.25607783
0,0.24864653
0,0.24635395
0,0.2563463
0,0.26663703
0,0.26653534
0,0.2609491
0,0.26108578
0,0.27328172
0,0.3519823
0,0.32367617
0,0.2926321
0,0.2779692
0,0.30871508
0,0.32074043
0,0.31438315
0,0.3043099
0,0.28658742
0,0.29450384
0,0.2753234
0,0.26506814
0,0.2565936
0,0.26685742
0,0.26354092
0,0.26883748
0,0.28776714
0,0.284579
0,0.26506504
0,0.26658857
0,0.25391838
0,0.2686153
0,0.26173308
0,0.27048495
0,0.27864736
0,0.269914
0,0.259584
0,0.2628824
0,0.27619943
0,0.27594528
0,0.25857905
0,0.31489635
0,0.27766788
0,0.27445707
0,0.27966958
0,0.2724446
0,0.2748071
0,0.25853112
0,0.2724938
0,0.2555131
0,0.25311527
0,0.31622788
0,0.28866935
0,0.27753076
0,0.30094463
0,0.3107588
0,0.3101995
0,0.30734405
0,0.31452984
0,0.31181943
0,0.27716747
0,0.34454238
0,0.30697218
0,0.29826275
0,0.27856362
0,0.27048495
0,0.26201165
0,0.2662032
0,0.27783784
0,0.269513
0,0.27319315
0,0.35536033
0,0.32475322
0,0.32233787
0,0.30410838
0,0.28742558
0,0.2958929
0,0.28163302
0,0.30052447
0,0.30735794
0,0.27378795
0,0.25987667
0,0.2711311
0,0.27531523
0,0.27865985
0,0.27174214
0,0.30882576
0,0.29466677
0,0.30191267
0,0.29816008
0,0.28706905
0,0.27391002
0,0.27975336
0,0.2700519
0,0.28187034
0,0.28587282
0,0.2912061
0,0.2960977
0,0.28795952
0,0.2799734
0,0.2729974
0,0.31242532
0,0.28205183
0,0.27272293
0,0.27127913
0,0.2697426
0,0.2664299
0,0.2659688
0,0.25356403
0,0.2515749
0,0.26336575
0,0.27141133
0,0.2637914
0,0.25498924
0,0.2524673
0,0.26366165
0,0.25452954
0,0.2577057
0,0.26292536
0,0.254194
0,0.26249257
0,0.25580063
0,0.26803568
0,0.2727425
0,0.28685805
0,0.27797866
0,0.26997292
0,0.26162174
0,0.26900965
0,0.25969273
0,0.26284343
0,0.25707266
0,0.25183505
0,0.25471622
0,0.25844753
0,0.26218212
0,0.25445843
0,0.26261267
0,0.28440323
0,0.2847282
0,0.26371577
0,0.26274413
0,0.25669724
0,0.25758174
0,0.27399203
0,0.28411976
0,0.27303532
0,0.2635092
0,0.26518062
0,0.27535775
0,0.28347388
0,0.26156938
0,0.25419435
0,0.2534202
0,0.2532858
0,0.25342375
0,0.25010902
0,0.24987684
0,0.26579264
0,0.273029
0,0.28450698
0,0.2918292
0,0.2825896
0,0.30816388
0,0.28923914
0,0.28867623
0,0.2690124
0,0.26497316
0,0.26191851
0,0.25514823
0,0.2709079
0,0.25499052
0,0.27421993
0,0.2787401
0,0.2611751
0,0.26688597
0,0.28322497
0,0.2938705
0,0.27913806
0,0.29639503
0,0.2750411
0,0.28346932
0,0.28914392
0,0.28166893
0,0.28577733
0,0.27977145
0,0.2855855
0,0.28934482
0,0.2821593
0,0.2739538
0,0.28595304
0,0.27670732
0,0.28258207
0,0.2789305
0,0.28064334
0,0.26915646
0,0.2576045
0,0.26106268
0,0.27131107
0,0.26644957
0,0.25688925
0,0.25950527
0,0.25263345
0,0.26185754
0,0.25722417
0,0.26098344
0,0.26572204
0,0.2545945
0,0.25537246
0,0.24842486
0,0.26080167
0,0.25101438
0,0.2940813
0,0.26479647
0,0.2701109
0,0.26342598
0,0.28117684
0,0.26872462
0,0.2644193
0,0.2579402
0,0.2642242
0,0.25474584
0,0.29362932
0,0.28632343
0,0.26612496
0,0.25937343
0,0.2614678
0,0.2528417
0,0.24852529
0,0.24703531
0,0.24926692
0,0.2466767
0,0.28932294
0,0.26574364
0,0.25567356
0,0.25257277
0,0.2581673
0,0.25638932
0,0.25948104
0,0.25268924
0,0.2561329
0,0.24993046
0,0.2886889
0,0.26024145
0,0.28079468
0,0.25869825
0,0.25811034
0,0.25422138
0,0.25795937
0,0.25624043
0,0.30979082
0,0.27501363
0,0.30040967
0,0.2703712
0,0.3070768
0,0.28609747
0,0.2774899
0,0.26850232
0,0.39320248
0,0.3357057
0,0.42815974
0,0.34133065
0,0.44783038
0,0.36068702
0,0.3387187
0,0.3290255
0,0.29500324
0,0.2750453
0,0.2771472
0,0.26354572
0,0.2654829
0,0.2724842
0,0.27477095
0,0.26149535
0,0.24925902
0,0.2522907
0,0.24406113
0,0.24327084
0,0.24082431
0,0.26024714
0,0.22313593
0,0.20397417
0,0.1963053
0,0.19756909
0,0.20214763
0,0.20615754
0,0.21334675
0,0.21874538
0,0.2420237
0,0.25700676
0,0.30365282
0,0.279808
0,0.2911704
0,0.28089437
0,0.25306955
0,0.23056029
0,0.21785966
0,0.19794892
0,0.18885806
0,0.21905357
0,0.19699132
0,0.18152376
0,0.17588843
0,0.17831078
0,0.18176419
0,0.18349427
0,0.20251645
0,0.20082648
0,0.21408866
0,0.21380223
0,0.22289675
0,0.2209484
0,0.22742666
0,0.23302712
0,0.24857748
0,0.25048792
0,0.30161113
0,0.2731978
0,0.28092605
0,0.27926326
0,0.2810939
0,0.26895615
0,0.26383153
0,0.27416664
0,0.274471
0,0.26950493
0,0.3106466
0,0.28008947
0,0.2833871
0,0.27052775
0,0.26680562
0,0.26857033
0,0.27465436
0,0.2642244
0,0.2660029
0,0.26937163
0,0.31085226
0,0.27568474
0,0.27839872
0,0.26964602
0,0.26916003
0,0.2689322
0,0.29085553
0,0.2797687
0,0.27323964
0,0.26490062
0,0.28985152
0,0.2665559
0,0.28013656
0,0.2803468
0,0.26844835
0,0.26569328
0,0.26882923
0,0.25817186
0,0.27144697
0,0.25706598
0,0.27492675
0,0.2683479
0,0.26199892
0,0.2586031
0,0.26537317
0,0.26025513
0,0.2568199
0,0.26574397
0,0.25693586
0,0.26343378
0,0.25319755
0,0.25401258
0,0.26536518
0,0.27951837
0,0.2708361
0,0.2677478
0,0.27011776
0,0.26053485
0,0.26845145
0,0.27475798
0,0.27701277
0,0.26863882
0,0.25635067
0,0.2690549
0,0.26464584
0,0.25640556
0,0.2582699
0,0.2526949
0,0.25541657
0,0.25500408
0,0.25137538
0,0.24649891
0,0.24462469
0,0.25771007
0,0.24635947
0,0.24888222
0,0.2504129
0,0.24767055
0,0.24146459
0,0.2575586
0,0.26275417
0,0.25524625
0,0.25419897
0,0.26495042
0,0.2683263
0,0.26051474
0,0.27353126
0,0.2570522
0,0.2790134
0,0.26197606
0,0.2708432
0,0.25655577
0,0.25543407
0,0.2500259
0,0.28512704
0,0.29114184
0,0.286768
0,0.26563588
0,0.26067528
0,0.25606307
0,0.2633986
0,0.2830858
0,0.312709
0,0.2768571
0,0.2782276
0,0.26528683
0,0.27185538
0,0.26710686
0,0.25703838
0,0.275748
0,0.26894784
0,0.26812604
0,0.29250252
0,0.27384087
0,0.2716688
0,0.26869816
0,0.28513345
0,0.27311382
0,0.27008912
0,0.2698318
0,0.26553226
0,0.26671946
0,0.27071083
0,0.26929173
0,0.27961102
0,0.3189405
0,0.30842972
0,0.32081002
0,0.30500206
0,0.2880003
0,0.27955028
0,0.27355176
0,0.26228434
0,0.26880231
0,0.27623537
0,0.2734509
0,0.28214258
0,0.26743257
0,0.27721658
0,0.27320215
0,0.27003175
0,0.26580325
0,0.27418393
0,0.26268804
0,0.30869702
0,0.28000632
0,0.29155147
0,0.27620736
0,0.27207884
0,0.27385336
0,0.28378773
0,0.26970842
0,0.27713233
0,0.26534536
0,0.32311973
0,0.29031903
0,0.28536156
0,0.27172768
0,0.27903956
0,0.26591542
0,0.27437133
0,0.26376474
0,0.2648713
0,0.2580057
0,0.26956975
0,0.26132804
0,0.26409397
0,0.25931922
0,0.26259354
0,0.25584838
0,0.26959428
0,0.26012388
0,0.26700455
0,0.26165116
0,0.27148366
0,0.27734596
0,0.26728028
0,0.26559392
0,0.26939067
0,0.26637167
0,0.26484722
0,0.2603415
0,0.2577716
0,0.26411945
0,0.26742417
0,0.30503023
0,0.2840449
0,0.28357267
0,0.27915072
0,0.26915112
0,0.27254254
0,0.26368237
0,0.27837625
0,0.26164216
0,0.26405945
0,0.26074737
0,0.26774937
0,0.25770944
0,0.26167634
0,0.25539038
0,0.252815
0,0.25587347
0,0.2807488
0,0.2601871
0,0.2865409
0,0.26708668
0,0.27630776
0,0.2603991
0,0.25502828
0,0.25589994
0,0.25718337
0,0.25464877
0,0.2992059
0,0.29147053
0,0.27493826
0,0.27615342
0,0.26741353
0,0.2674952
0,0.28140396
0,0.2817575
0,0.2676444
0,0.2634355
0,0.31883544
0,0.2772538
0,0.2838345
0,0.26732743
0,0.2561359
0,0.26158223
0,0.26913217
0,0.26057795
0,0.2804899
0,0.25963202
0,0.27429137
0,0.2614052
0,0.253062
0,0.25211665
0,0.25159127
0,0.2582833
0,0.26467627
0,0.263789
0,0.2798477
0,0.27176762
0,0.2686376
0,0.25860646
0,0.25693312
0,0.3120222
0,0.27829695
0,0.26647872
0,0.27303165
0,0.2682355
0,0.27277812
0,0.26649407
0,0.25908214
0,0.26582456
0,0.27464622
0,0.29787934
0,0.26262006
0,0.26856315
0,0.2851555
0,0.273314
0,0.27398378
0,0.27056003
0,0.27329478
0,0.2711309
0,0.28167337
0,0.28385574
0,0.26342255
0,0.26749408
0,0.2580228
0,0.26708934
0,0.27676862
0,0.271278
0,0.28022543
0,0.2699109
0,0.26728734
0,0.26500288
0,0.26681682
0,0.26236197
0,0.27426797
0,0.26341397
0,0.26274553
0,0.26322895
0,0.26137584
0,0.25769696
0,0.27020606
0,0.2648751
0,0.25858635
0,0.29030994
0,0.28029054
0,0.26804143
0,0.26662627
0,0.26469168
0,0.26001212
0,0.25974163
0,0.27708408
0,0.27077127
0,0.2686136
0,0.26790136
0,0.27320784
0,0.2645761
0,0.28701597
0,0.27299637
0,0.29088995
0,0.27755684
0,0.29553202
0,0.28293204
0,0.27264255
0,0.2715074
0,0.27401054
0,0.26694018
0,0.27162847
0,0.2613079
0,0.26938963
0,0.25948372
0,0.2658965
0,0.25822672
0,0.2666361
0,0.25941756
0,0.2546937
0,0.2564205
0,0.27118725
0,0.25943452
0,0.26681143
0,0.25904828
0,0.2541105
0,0.2716141
0,0.26075298
0,0.26071405
0,0.30516848
0,0.30569467
0,0.27919674
0,0.2722169
0,0.26671568
0,0.26137114
0,0.25729397
0,0.25482586
0,0.25873125
0,0.25398135
0,0.25933552
0,0.25356
0,0.2617777
0,0.2596419
0,0.27554822
0,0.26629898
0,0.26718408
0,0.26454052
0,0.26590544
0,0.25714
0,0.24969599
0,0.25571004
0,0.25197357
0,0.26880056
0,0.25740883
0,0.26269752
0,0.255391
0,0.25670734
0,0.2597003
0,0.26605356
0,0.26147786
0,0.26496145
0,0.26008442
0,0.2583387
0,0.26831132
0,0.25581008
0,0.26926816
0,0.25885203
0,0.25341788
0,0.2547001
0,0.25431567
0,0.2562324
0,0.2469617
0,0.2568653
0,0.70235515
0,0.80522186
0,0.61885816
0,0.52114284
0,0.47352085
0,0.41261497
0,0.35145593
0,0.29824898
0,0.28612977
0,0.249888
0,0.2349742
0,0.19726998
0,0.1781374
0,0.16624519
0,0.1560769
0,0.14252862
0,0.13308506
0,0.12800358
0,0.12721477
0,0.13410178
0,0.13460325
0,0.14926682
0,0.1544317
0,0.16994116
0,0.18724354
0,0.21413809
0,0.22105946
0,0.23791882
0,0.24293332
0,0.24960193
0,0.27009812
0,0.26981488
0,0.26041663
0,0.26163152
0,0.2621336
0,0.28371257
0,0.26960802
0,0.26584616
0,0.2640673
0,0.25865483
0,0.25098965
0,0.25634283
0,0.26898736
0,0.25880495
0,0.2547908
0,0.25824177
0,0.27439305
0,0.26400644
0,0.2599699
0,0.2595952
0,0.27016366
0,0.26056528
0,0.27444774
0,0.26295483
0,0.26270467
0,0.25916043
0,0.26901728
0,0.26593018
0,0.26012626
0,0.25703418
0,0.25713757
0,0.26008454
0,0.25371453
0,0.25563383
0,0.26806563
0,0.258064
0,0.26744255
0,0.25934353
0,0.2579253
0,0.25392732
0,0.25371772
0,0.26629302
0,0.27211976
0,0.26237783
0,0.27650103
0,0.26085347
0,0.26793742
0,0.25771204
0,0.2656981
0,0.2555182
0,0.2828025
0,0.26382527
0,0.2573926
0,0.25322253
0,0.2510443
0,0.24747638
0,0.28019497
0,0.25764707
0,0.2650487
0,0.26360533
0,0.28061184
0,0.26603538
0,0.26777396
0,0.26233798
0,0.28638738
0,0.2701171
0,0.26329023
0,0.25726783
0,0.26370373
0,0.26082668
0,0.2589182
0,0.26665717
0,0.2680187
0,0.26212916
0,0.27285933
0,0.26122898
0,0.25357023
0,0.29456922
0,0.27807373
0,0.26545975
0,0.2560782
0,0.25869504
0,0.2527106
0,0.24955413
0,0.2548641
0,0.2517582
0,0.26563892
0,0.2685362
0,0.26681393
0,0.25708053
0,0.2707895
0,0.2609205
0,0.2535936
0,0.25851178
0,0.25995287
0,0.2867588
0,0.2763725
0,0.27388647
0,0.26161712
0,0.25618452
0,0.26922458
0,0.25883278
0,0.25943246
0,0.25874248
0,0.2916093
0,0.29435924
0,0.2711776
0,0.27806178
0,0.2594634
0,0.25826973
0,0.25041258
0,0.25132287
0,0.26371393
0,0.28349793
0,0.2885982
0,0.28005922
0,0.2787562
0,0.26559505
0,0.27256578
0,0.26408136
0,0.2520576
0,0.2743429
0,0.27529067
0,0.26871473
0,0.25854564
0,0.26813117
0,0.2982742
0,0.27594933
0,0.27644715
0,0.26956403
0,0.2532439
0,0.2750157
0,0.28324983
0,0.28150898
0,0.27803335
0,0.27204883
0,0.28084466
0,0.28615618
0,0.27476472
0,0.32006758
0,0.30429572
0,0.28902766
0,0.2702397
0,0.2730906
0,0.2969282
0,0.29692534
0,0.26965323
0,0.27032802
0,0.25757518
0,0.2882929
0,0.26406765
0,0.2636237
0,0.27589726
0,0.29384854
0,0.29844597
0,0.294548
0,0.31375518
0,0.3065951
0,0.29086375
0,0.29069927
0,0.2829332
0,0.27632797
0,0.27188373
0,0.2662031
0,0.25656378
0,0.2598525
0,0.2585038
0,0.26081118
0,0.26097032
0,0.2624352
0,0.27515996
0,0.27502647
0,0.2694067
0,0.27564004
0,0.2658146
0,0.2642062
0,0.27214175
0,0.26413637
0,0.26725477
0,0.261403
0,0.2715985
0,0.2634123
0,0.27220488
0,0.26739782
0,0.27366012
0,0.27634236
0,0.27950466
0,0.2656277
0,0.28137743
0,0.26987323
0,0.27705914
0,0.2711876
0,0.275896
0,0.27018043
0,0.26360598
0,0.26183674
0,0.2620046
0,0.26290336
0,0.269806
0,0.26585835
0,0.27511358
0,0.2838529
0,0.29866132
0,0.2882779
0,0.28774467
0,0.391383
0,0.35352156
0,0.3266747
0,0.3175857
0,0.3123111
0,0.2902272
0,0.2771559
0,0.2713589
0,0.27205127
0,0.264711
0,0.26005
0,0.25889748
0,0.25988975
0,0.25592178
0,0.30066788
0,0.29411563
0,0.27154392
0,0.2996908
0,0.31681207
0,0.30400205
0,0.33334738
0,0.30410513
0,0.2793644
0,0.28432328
0,0.33167005
0,0.2805152
0,0.2733401
0,0.26375946
0,0.26221508
0,0.25999802
0,0.26035967
0,0.26343068
0,0.259093
0,0.2771426
0,0.32517496
0,0.2754333
0,0.2695863
0,0.2624666
0,0.26944914
0,0.2725941
0,0.26452836
0,0.27063185
0,0.2601529
0,0.2586779
0,0.34251586
0,0.27814725
0,0.27559215
0,0.28496492
0,0.26946503
0,0.27933502
0,0.27233118
0,0.29328853
0,0.2787014
0,0.26579386
0,0.26216713
0,0.2565143
0,0.26118082
0,0.2658263
0,0.26427877
0,0.25570682
0,0.26105118
0,0.30617186
0,0.27817836
0,0.27588478
0,0.270304
0,0.27848145
0,0.27012408
0,0.2693591
0,0.27416325
0,0.2576759
0,0.26414227
0,0.31059134
0,0.28646886
0,0.30142015
0,0.28546822
0,0.29191795
0,0.28272784
0,0.27797565
0,0.27452904
0,0.27272624
0,0.27797332
0,0.31024453
0,0.28374824
0,0.2792727
0,0.27238542
0,0.28620332
0,0.27988178
0,0.28919768
0,0.2820379
0,0.28660566
0,0.28308076
0,0.35373187
0,0.3270257
0,0.31098223
0,0.30910715
0,0.29244706
0,0.28126946
0,0.27670705
0,0.26878247
0,0.27379844
0,0.2679536
0,0.3121441
0,0.28814718
0,0.29545686
0,0.28805947
0,0.30990893
0,0.3146223
0,0.28770825
0,0.28467
0,0.27992874
0,0.27433807
0,0.29645696
0,0.27830675
0,0.28227186
0,0.27252683
0,0.26805258
0,0.2707066
0,0.27583277
0,0.26920098
0,0.32347903
0,0.2929464
0,0.29575214
0,0.2815734
0,0.27525774
0,0.33019817
0,0.29869914
0,0.2990598
0,0.3065605
0,0.28464627
0,0.28394192
0,0.27863944
0,0.2686578
0,0.263487
0,0.26947537
0,0.28394917
0,0.2702735
0,0.26722282
0,0.25885227
0,0.25904527
0,0.25331983
0,0.25624397
0,0.25847274
0,0.2565785
0,0.26206824
0,0.26326042
0,0.26303998
0,0.2588128
0,0.26034933
0,0.2614831
0,0.25454158
0,0.2524857
0,0.2537233
0,0.25967252
0,0.26029682
0,0.25668627
0,0.24985111
0,0.25501367
0,0.25491235
0,0.25104278
0,0.25591144
0,0.26101288
0,0.2621285
0,0.2732148
0,0.26445398
0,0.27046984
0,0.26854908
0,0.2623173
0,0.2574753
0,0.263038
0,0.26049322
0,0.25470236
0,0.255384
0,0.252818
0,0.26566118
0,0.29058358
0,0.2837547
0,0.2651034
0,0.28735164
0,0.29261068
0,0.29009467
0,0.27103573
0,0.27795357
0,0.27122232
0,0.27655593
0,0.32900044
0,0.28536412
0,0.2725668
0,0.25862184
0,0.25928292
0,0.26989663
0,0.2603644
0,0.27116057
0,0.25751275
0,0.25576845
0,0.31481087
0,0.2764629
0,0.2720085
0,0.27394405
0,0.26589313
0,0.26028496
0,0.25736457
0,0.26178834
0,0.2760983
0,0.26422992
0,0.30160204
0,0.2847806
0,0.28503686
0,0.2646835
0,0.25815317
0,0.2852338
0,0.26433617
0,0.2875377
0,0.2842535
0,0.2861407
0,0.30565804
0,0.3118796
0,0.2876905
0,0.29511434
0,0.3009329
0,0.27147388
0,0.28103635
0,0.33842874
0,0.34175003
0,0.33715805
0,0.33691874
0,0.33910662
0,0.31714582
0,0.29933062
0,0.28858924
0,0.30568466
0,0.29092535
0,0.3140338
0,0.29376402
0,0.2802337
0,0.27855104
0,0.27984366
0,0.2669034
0,0.27110654
0,0.2665792
0,0.2653071
0,0.2643519
0,0.269756
0,0.2716113
0,0.26204544
0,0.26022795
0,0.2627998
0,0.26496127
0,0.2956145
0,0.28735688
0,0.27628958
0,0.27784848
0,0.2790146
0,0.31905755
0,0.3047677
0,0.28992173
0,0.2783084
0,0.2739655
0,0.27063322
0,0.2736232
0,0.26940662
0,0.26459
0,0.27081418
0,0.26482153
0,0.25169253
0,0.25984463
0,0.263916
0,0.25915393
0,0.25992164
0,0.25970918
0,0.26662067
0,0.2596553
0,0.2726922
0,0.2858266
0,0.31650528
0,0.28817692
0,0.27840072
0,0.2735616
0,0.26552975
0,0.26292804
0,0.27678952
0,0.27363458
0,0.29366294
0,0.2849702
0,0.31306124
0,0.29422545
0,0.2927957
0,0.3013177
0,0.3127867
0,0.3443923
0,0.36091524
0,0.3367437
0,0.33710647
0,0.3387147
0,0.36573973
0,0.3671971
0,0.38055846
0,0.34574282
0,0.30627877
0,0.2893259
0,0.31400043
0,0.2916974
0,0.25353745
0,0.23405562
0,0.2173593
0,0.1933239
0,0.18642142
0,0.22804837
0,0.2196816
0,0.20188297
0,0.18987985
0,0.19310416
0,0.20912687
0,0.25129306
0,0.25404125
0,0.24465373
0,0.18376532
0,0.1802199
0,0.15792465
0,0.14107592
0,0.13133302
0,0.12447471
0,0.123345405
0,0.121941105
0,0.13164435
0,0.13643144
0,0.13692337
0,0.13976562
0,0.13714913
0,0.13938534
0,0.14895278
0,0.15485567
0,0.17407696
0,0.1867797
0,0.20924807
0,0.21637571
0,0.20143938
0,0.21512279
0,0.20366019
0,0.20356026
0,0.20778029
0,0.21433444
0,0.24490026
0,0.30373728
0,0.31572136
0,0.30669576
0,0.29659924
0,0.3020706
0,0.28250277
0,0.27145526
0,0.27416506
0,0.25103623
0,0.24270402
0,0.23653476
0,0.23508729
0,0.23441647
0,0.22200054
0,0.21106938
0,0.2076762
0,0.19119005
0,0.19821168
0,0.1908178
0,0.20311314
0,0.19782095
0,0.19729927
0,0.20447062
0,0.20057525
0,0.22609723
0,0.22186846
0,0.2227499
0,0.2301434
0,0.23550895
0,0.2420455
0,0.24803261
0,0.25697082
0,0.244627
0,0.24924207
0,0.30315086
0,0.25943145
0,0.25417954
0,0.24917704
0,0.24946459
0,0.27445015
0,0.2723882
0,0.29315788
0,0.28229123
0,0.27742547
0,0.2742306
0,0.2810142
0,0.2711197
0,0.26630837
0,0.27333254
0,0.26558816
0,0.2719867
0,0.29964516
0,0.2734211
0,0.28261492
0,0.27269363
0,0.26916566
0,0.27105278
0,0.2710592
0,0.28022543
0,0.2728641
0,0.2800783
0,0.3276066
0,0.28591362
0,0.27715084
0,0.28197938
0,0.2802918
0,0.27508494
0,0.27400976
0,0.27151528
0,0.28016317
0,0.27529943
0,0.3340882
0,0.29135016
0,0.27955097
0,0.2753351
0,0.26881453
0,0.27038363
0,0.26416832
0,0.26776016
0,0.28370076
0,0.27048615
0,0.26327354
0,0.26491714
0,0.2656885
0,0.26751035
0,0.26068717
0,0.2620046
0,0.264904
0,0.26123732
0,0.25858313
0,0.25756314
0,0.25685757
0,0.25594053
0,0.252726
0,0.25328255
0,0.25162905
0,0.26074296
0,0.2565594
0,0.25590557
0,0.26939014
0,0.26052696
0,0.25498706
0,0.2553407
0,0.2502085
0,0.25110802
0,0.25094914
0,0.29042298
0,0.27521846
0,0.28372115
0,0.27191004
0,0.26755673
0,0.30493242
0,0.28062862
0,0.2734861
0,0.26130095
0,0.2729246
0,0.2623048
0,0.25422972
0,0.26639196
0,0.2585448
0,0.25277463
0,0.31710556
0,0.28921807
0,0.29823387
0,0.2982942
0,0.277935
0,0.28464794
0,0.288212
0,0.28156716
0,0.28694755
0,0.28223756
0,0.3414439
0,0.30024913
0,0.30506885
0,0.29120523
0,0.2884798
0,0.28239346
0,0.28722146
0,0.2810042
0,0.33425674
0,0.30032206
0,0.33019504
0,0.30039904
0,0.28943917
0,0.28144225
0,0.28052557
0,0.27652222
0,0.2774408
0,0.2725376
0,0.26067832
0,0.26997593
0,0.33959547
0,0.29497632
0,0.28752434
0,0.27872753
0,0.2626322
0,0.26682726
0,0.282548
0,0.27531317
0,0.29745138
0,0.29317468
0,0.28501162
0,0.28807577
0,0.28255486
0,0.28448766
0,0.27522415
0,0.2778761
0,0.26335678
0,0.26659423
0,0.28871807
0,0.2834211
0,0.27598342
0,0.27192208
0,0.28206682
0,0.28967923
0,0.289226
0,0.27792826
0,0.28391346
0,0.2733575
0,0.28495628
0,0.27934435
0,0.2608479
0,0.26219222
0,0.26618502
0,0.2641556
0,0.26769516
0,0.29135773
0,0.28486568
0,0.29897973
0,0.2946418
0,0.28131074
0,0.32371867
0,0.28938198
0,0.2802362
0,0.28455004
0,0.27577898
0,0.2742647
0,0.2820595
0,0.2766556
0,0.27846187
0,0.2798498
0,0.30993235
0,0.30428225
0,0.2841717
0,0.2776761
0,0.26767954
0,0.2783616
0,0.2745393
0,0.27035174
0,0.267168
0,0.2765874
0,0.3207822
0,0.2932805
0,0.2803374
0,0.27762645
0,0.2686655
0,0.27156457
0,0.26416618
0,0.26974246
0,0.26267636
0,0.26420504
0,0.265658
0,0.26426142
0,0.2560033
0,0.25801212
0,0.2552591
0,0.25823888
0,0.2586176
0,0.25573778
0,0.25065038
0,0.2546277
0,0.26147446
0,0.2767898
0,0.2817164
0,0.26721916
0,0.2596519
0,0.2585825
0,0.25781238
0,0.25463122
0,0.25178188
0,0.25140744
0,0.2507388
0,0.26462135
0,0.25276363
0,0.25553754
0,0.2748184
0,0.25917163
0,0.25557312
0,0.26024622
0,0.25850287
0,0.25433165
0,0.26560336
0,0.29680398
0,0.27360767
0,0.26430494
0,0.31816217
0,0.27942088
0,0.26492265
0,0.27441546
0,0.2654217
0,0.26234567
0,0.2592462
0,0.27706107
0,0.27581412
0,0.2761918
0,0.26599267
0,0.27163628
0,0.27511975
0,0.27527067
0,0.29476878
0,0.28979582
0,0.27077135
0,0.27514228
0,0.27792338
0,0.28084794
0,0.2667857
0,0.27270743
0,0.26324734
0,0.253921
0,0.25408047
0,0.26735437
0,0.34725592
0,0.29074374
0,0.28507632
0,0.28684703
0,0.28115743
0,0.2763705
0,0.25878033
0,0.26684746
0,0.2660631
0,0.26804453
0,0.26821417
0,0.2728006
0,0.25607577
0,0.26824495
0,0.25598696
0,0.26166785
0,0.2614165
0,0.26364863
0,0.25287557
0,0.26029688
0,0.30001348
0,0.27830547
0,0.27242494
0,0.27008882
0,0.2756909
0,0.2734951
0,0.2815847
0,0.2717749
0,0.27468196
0,0.27231702
0,0.30387974
0,0.2808228
0,0.32520783
0,0.28858465
0,0.28047308
0,0.27467653
0,0.2689105
0,0.266424
0,0.25619262
0,0.2599256
0,0.3088134
0,0.28729638
0,0.29448098
0,0.2845972
0,0.28669474
0,0.27779445
0,0.26909536
0,0.26862478
0,0.2631216
0,0.26033345
0,0.28686634
0,0.27231824
0,0.26961747
0,0.2676126
0,0.27439782
0,0.27592438
0,0.27365395
0,0.26966196
0,0.27507904
0,0.29314166
0,0.30015475
0,0.2998097
0,0.2891914
0,0.27876067
0,0.30484524
0,0.28859505
0,0.29922655
0,0.29122636
0,0.3072253
0,0.30304065
0,0.31122127
0,0.28384936
0,0.29965785
0,0.29957712
0,0.29850462
0,0.28632337
0,0.27974164
0,0.27134618
0,0.26667705
0,0.2631233
0,0.2921119
0,0.277552
0,0.2868697
0,0.28942975
0,0.28333336
0,0.28427708
0,0.26781487
0,0.26671946
0,0.27541345
0,0.28190443
0,0.32357624
0,0.3234247
0,0.29266986
0,0.28077668
0,0.3121421
0,0.30133262
0,0.33009174
0,0.32902643
0,0.30966556
0,0.28921625
0,0.28938642
0,0.27149087
0,0.28036454
0,0.30308533
0,0.2808883
0,0.2688527
0,0.27249157
0,0.2616334
0,0.26068497
0,0.2544691
0,0.26870018
0,0.2592009
0,0.2504168
0,0.28558832
0,0.26037338
0,0.26683986
0,0.25349453
0,0.27171743
0,0.26943514
0,0.27194497
0,0.27778086
0,0.2724677
0,0.2762873
0,0.28594485
0,0.28200653
0,0.27935106
0,0.27556503
0,0.27398473
0,0.26230314
0,0.2674549
0,0.27280942
0,0.2782036
0,0.27215886
0,0.29216477
0,0.27851143
0,0.2724895
0,0.2891462
0,0.2796151
0,0.27972558
0,0.27291346
0,0.2701301
0,0.2685727
0,0.27482608
0,0.3256005
0,0.2877075
0,0.2790203
0,0.27448413
0,0.27165172
0,0.25834692
0,0.26645032
0,0.28705245
0,0.2743212
0,0.2710403
0,0.27221507
0,0.280893
0,0.27340007
0,0.2956777
0,0.29623947
0,0.2835197
0,0.2732258
0,0.29746106
0,0.2814505
0,0.2780823
0,0.27423176
0,0.27931228
0,0.27011862
0,0.2704216
0,0.27299637
0,0.27241397
0,0.2721277
0,0.3289852
0,0.2877334
0,0.28325686
0,0.27055848
0,0.2745281
0,0.27154192
0,0.26959923
0,0.2724735
0,0.2688386
0,0.267818
0,0.2644328
0,0.26508
0,0.25813064
0,0.28508362
0,0.26843062
0,0.26771367
0,0.26042315
0,0.27109236
0,0.26636568
0,0.26620546
0,0.28864127
0,0.2737234
0,0.27525765
0,0.27138516
0,0.26285893
0,0.26553673
0,0.26965144
0,0.26690158
0,0.2663061
0,0.26552105
0,0.25862083
0,0.26009905
0,0.3133225
0,0.28210825
0,0.27135515
0,0.26892784
0,0.2593637
0,0.26184496
0,0.2642675
0,0.27630314
0,0.2699673
0,0.26379332
0,0.2762896
0,0.26326528
0,0.26018748
0,0.3013523
0,0.2683328
0,0.26768038
0,0.27606028
0,0.2690097
0,0.26474422
0,0.26409
0,0.26386404
0,0.25752476
0,0.25385535
0,0.2738969
0,0.25579235
0,0.25455865
0,0.255144
0,0.25656596
0,0.24960282
0,0.2544817
0,0.26102644
0,0.2699452
0,0.3307347
0,0.30198112
0,0.27798626
0,0.26762268
0,0.267279
0,0.25900453
0,0.25320792
0,0.25100353
0,0.25285617
0,0.24856877
0,0.26521838
0,0.2700758
0,0.27478132
0,0.2730731
0,0.26276183
0,0.27096337
0,0.28416818
0,0.31647447
0,0.2920628
0,0.28956512
0,0.2857228
0,0.28408155
0,0.27760196
0,0.2756963
0,0.2625011
0,0.26839203
0,0.25785056
0,0.26376513
0,0.26714513
0,0.26906863
0,0.2693099
0,0.27157795
0,0.25784436
0,0.26525477
0,0.2558346
0,0.26335132
0,0.25538248
0,0.2625801
0,0.26508337
0,0.26473826
0,0.26376426
0,0.26761377
0,0.26901418
0,0.27486914
0,0.25812355
0,0.2638404
0,0.26367328
0,0.2659831
0,0.26428196
0,0.26329917
0,0.25431988
0,0.2572836
0,0.3067011
0,0.27660668
0,0.27736002
0,0.2824995
0,0.27210873
0,0.27373224
0,0.27811608
0,0.26859346
0,0.27585223
0,0.26669902
0,0.27196738
0,0.26878914
0,0.26678407
0,0.33258808
0,0.30120945
0,0.28501466
0,0.2809477
0,0.28314438
0,0.27437672
0,0.27390033
0,0.2662345
0,0.26893702
0,0.27006853
0,0.2960662
0,0.2722425
0,0.27662784
0,0.27868932
0,0.27475825
0,0.26583353
0,0.2672255
0,0.25976124
0,0.2663734
0,0.26257363
0,0.26923198
0,0.2734226
0,0.26861516
0,0.2733744
0,0.26835066
0,0.273003
0,0.2765082
0,0.28310588
0,0.28173608
0,0.27136073
0,0.2691212
0,0.26173306
0,0.26381594
0,0.25940174
0,0.25796956
0,0.26652858
0,0.27343398
0,0.2794505
0,0.27060965
0,0.27393728
0,0.2724174
0,0.27377293
0,0.266443
0,0.27501625
0,0.26158497
0,0.26724508
0,0.26186842
0,0.27613395
0,0.2609378
0,0.2710313
0,0.26706392
0,0.27754498
0,0.275117
0,0.27706018
0,0.27069196
0,0.26296493
0,0.26029572
0,0.27140716
0,0.29099905
0,0.32086167
0,0.306267
0,0.28166723
0,0.27813026
0,0.26946628
0,0.26335058
0,0.27586192
0,0.26325935
0,0.2755334
0,0.26960537
0,0.27587745
0,0.26566145
0,0.28056556
0,0.27971897
0,0.26439932
0,0.27594918
0,0.26537257
0,0.2769662
0,0.2833322
0,0.28214085
0,0.2729546
0,0.27965438
0,0.29046607
0,0.3128838
0,0.2971984
0,0.29207718
0,0.27207145
0,0.27978787
0,0.2770052
0,0.26839972
0,0.27712753
0,0.27698198
0,0.30815187
0,0.29420045
0,0.2755373
0,0.27023065
0,0.2754746
0,0.27770352
0,0.27508765
0,0.28008625
0,0.26208264
0,0.26986006
0,0.3282435
0,0.29529044
0,0.28668773
0,0.28322685
0,0.2751018
0,0.27804354
0,0.30981016
0,0.2942694
0,0.2845231
0,0.2867218
0,0.30800778
0,0.28857934
0,0.2926683
0,0.2851839
0,0.28010383
0,0.2806387
0,0.28917852
0,0.28680757
0,0.305926
0,0.29134053
0,0.28758487
0,0.29523972
0,0.29184142
0,0.3483389
0,0.3059339
0,0.29686996
0,0.27294308
0,0.2836378
0,0.2816176
0,0.2744335
0,0.27567136
0,0.27784067
0,0.2901265
0,0.31278348
0,0.2840349
0,0.28070208
0,0.2853075
0,0.27455527
0,0.2787001
0,0.2710447
0,0.26598248
0,0.25751254
0,0.26240534
0,0.29213375
0,0.27373084
0,0.27472126
0,0.27915305
0,0.27993676
0,0.2908154
0,0.28287995
0,0.28097355
0,0.27958718
0,0.27511048
0,0.36780134
0,0.3023051
0,0.2912852
0,0.29837805
0,0.2877849
0,0.27976334
0,0.26358098
0,0.3090465
0,0.28270942
0,0.28996694
0,0.27786297
0,0.2725089
0,0.27564442
0,0.2665426
0,0.26631573
0,0.27036747
0,0.26718172
0,0.27785596
0,0.26858732
0,0.2713095
0,0.3089964
0,0.28113386
0,0.27385166
0,0.2676897
0,0.26592293
0,0.26835626
0,0.26476324
0,0.31880572
0,0.28672692
0,0.28141007
0,0.27524635
0,0.28401095
0,0.27263492
0,0.27108273
0,0.26700416
0,0.26666293
0,0.27092823
0,0.33194056
0,0.28556272
0,0.29457313
0,0.277231
0,0.30542365
0,0.33876374
0,0.2970143
0,0.28501046
0,0.2869678
0,0.28781503
0,0.35398346
0,0.2959788
0,0.28135642
0,0.27373847
0,0.28655496
0,0.28801152
0,0.29616904
0,0.28396285
0,0.27666754
0,0.28068644
0,0.2698024
0,0.26842526
0,0.26859087
0,0.27518585
0,0.28180662
0,0.29504976
0,0.28356388
0,0.287669
0,0.2861548
0,0.2818326
0,0.27953836
0,0.29498926
0,0.28370503
0,0.2811382
0,0.29123837
0,0.28900245
0,0.26529157
0,0.27722007
0,0.27786654
0,0.27562612
0,0.25896356
0,0.28125983
0,0.2732589
0,0.2827083
0,0.27273655
0,0.2890541
0,0.27836868
0,0.2769795
0,0.27938372
0,0.28577557
0,0.27579758
0,0.33240554
0,0.2860081
0,0.28419754
0,0.28325084
0,0.28080624
0,0.27769426
0,0.27570316
0,0.2868675
0,0.2821059
0,0.28869742
0,0.2931804
0,0.2828015
0,0.27936795
0,0.28086624
0,0.26565996
0,0.2737979
0,0.27405167
0,0.32841775
0,0.2925683
0,0.28840476
0,0.2802999
0,0.2794376
0,0.2729024
0,0.27496362
0,0.27841976
0,0.29080158
0,0.28273034
0,0.3307017
0,0.29196298
0,0.28661948
0,0.28313386
0,0.2951065
0,0.2852716
0,0.29001516
0,0.28898746
0,0.4137335
0,0.40406153
0,0.3442658
0,0.31749895
0,0.2970935
0,0.28858054
0,0.2977751
0,0.28903228
0,0.29838672
0,0.28719306
0,0.27419877
0,0.2776687
0,0.26880854
0,0.2704064
0,0.2731203
0,0.26854402
0,0.26761824
0,0.2653214
0,0.27223808
0,0.26470664
0,0.26249617
0,0.27003938
0,0.27090725
0,0.26455572
0,0.26503614
0,0.28277415
0,0.26488858
0,0.27077702
0,0.27301544
0,0.27234423
0,0.27412978
0,0.26879603
0,0.26587883
0,0.26610616
0,0.27031034
0,0.26453224
0,0.26266202
0,0.2623743
0,0.26806295
0,0.26813567
0,0.2776291
0,0.26644853
0,0.2594168
0,0.2804753
0,0.27137926
0,0.26482
0,0.27390572
0,0.26579037
0,0.2748402
0,0.26402593
0,0.26998225
0,0.2627323
0,0.27395767
0,0.26258972
0,0.272362
0,0.2659031
0,0.26589778
0,0.2609364
0,0.26385358
0,0.26303545
0,0.26606777
0,0.25986075
0,0.2744947
0,0.26484406
0,0.26628017
0,0.2702656
0,0.26645842
0,0.26542342
0,0.26124978
0,0.25733325
0,0.25868264
0,0.25323325
0,0.30602044
0,0.27936843
0,0.28699026
0,0.2883668
0,0.2748339
0,0.28479454
0,0.2658973
0,0.2748131
0,0.26694763
0,0.27322525
0,0.27510568
0,0.28166074
0,0.28485295
0,0.28007397
0,0.2833045
0,0.28029296
0,0.27716535
0,0.2777943
0,0.2810826
0,0.28127062
0,0.30454195
0,0.2942083
0,0.2757965
0,0.2800598
0,0.28086358
0,0.27653608
0,0.2691628
0,0.27256295
0,0.28263143
0,0.2970236
0,0.32208925
0,0.29707906
0,0.29186082
0,0.28454018
0,0.28336814
0,0.28102517
0,0.27776504
0,0.27565956
0,0.26767808
0,0.27047253
0,0.3073183
0,0.30426762
0,0.30043688
0,0.2981897
0,0.29314977
0,0.2968412
0,0.2938518
0,0.27523273
0,0.27162552
0,0.2718066
0,0.35587347
0,0.30871794
0,0.31148422
0,0.29485163
0,0.28667378
0,0.27961645
0,0.27687666
0,0.27929577
0,0.27009267
0,0.27266937
0,0.29246858
0,0.28951502
0,0.3133072
0,0.30209818
0,0.29435706
0,0.2875721
0,0.2858218
0,0.27816784
0,0.2776385
0,0.27944553
0,0.28529304
0,0.28460386
0,0.27246505
0,0.2770516
0,0.2701974
0,0.27735046
0,0.28196844
0,0.2798755
0,0.27607858
0,0.2831343
0,0.28351995
0,0.29983762
0,0.28825212
0,0.2813632
0,0.28390902
0,0.28579512
0,0.28438324
0,0.30736613
0,0.28218806
0,0.28135893
0,0.2694664
0,0.29176292
0,0.27647185
0,0.2740978
0,0.27305058
0,0.27513126
0,0.28624144
0,0.2888207
0,0.27651337
0,0.27651918
0,0.2802064
0,0.30596966
0,0.28266048
0,0.2836496
0,0.27567506
0,0.27573335
0,0.27075657
0,0.2709985
0,0.26679283
0,0.2803134
0,0.26502806
0,0.29806608
0,0.27933672
0,0.27528942
0,0.27325594
0,0.27016643
0,0.26178393
0,0.26534548
0,0.25679496
0,0.25998554
0,0.27331567
0,0.28564835
0,0.265198
0,0.27997637
0,0.2720254
0,0.2679269
0,0.26305434
0,0.28108692
0,0.26505685
0,0.2628784
0,0.25875944
0,0.26425785
0,0.26164588
0,0.25896007
0,0.27269077
0,0.28127673
0,0.27110508
0,0.2725102
0,0.30204958
0,0.30707765
0,0.29790792
0,0.29512608
0,0.27769226
0,0.28609952
0,0.28698635
0,0.31370795
0,0.28951275
0,0.29846528
0,0.28566357
0,0.28794038
0,0.28645855
0,0.2863372
0,0.26934424
0,0.2796754
0,0.27823642
0,0.28182212
0,0.28221774
0,0.28246564
0,0.2841541
0,0.28271073
0,0.26364204
0,0.27474418
0,0.26068875
0,0.2739761
0,0.27275863
0,0.26786894
0,0.2929508
0,0.29131582
0,0.28412575
0,0.29058257
0,0.27998814
0,0.2807839
0,0.29218492
0,0.28659597
0,0.28001094
0,0.2796187
0,0.28357267
0,0.29407033
0,0.29707292
0,0.2885391
0,0.33417803
0,0.30617207
0,0.3147757
0,0.31590608
0,0.31565705
0,0.30480048
0,0.29311815
0,0.28679898
0,0.28440052
0,0.27984107
0,0.31907362
0,0.324562
0,0.3068431
0,0.29099122
0,0.27700028
0,0.2830067
0,0.27927628
0,0.26719648
0,0.264708
0,0.26725858
0,0.29158247
0,0.27594626
0,0.27500886
0,0.27884525
0,0.27739555
0,0.26821613
0,0.26640934
0,0.2777638
0,0.28052345
0,0.28642878
0,0.29685465
0,0.2750951
0,0.2728175
0,0.26456597
0,0.30190063
0,0.3015248
0,0.28087148
0,0.28447384
0,0.2928515
0,0.2837219
0,0.28328437
0,0.29286206
0,0.2890638
0,0.32578316
0,0.29103488
0,0.289456
0,0.28140378
0,0.27972117
0,0.27268606
0,0.2767439
0,0.28095254
0,0.27202258
0,0.27262583
0,0.29843932
0,0.2852274
0,0.27945033
0,0.2799323
0,0.27975374
0,0.27216604
0,0.27431294
0,0.27042085
0,0.28743562
0,0.29136136
0,0.2939527
0,0.2907188
0,0.28508478
0,0.2874464
0,0.28254616
0,0.30483136
0,0.3081851
0,0.282133
0,0.27441472
0,0.2799852
0,0.2757702
0,0.27428284
0,0.27927956
0,0.264293
0,0.2821895
0,0.28878626
0,0.2909654
0,0.29971033
0,0.31062376
0,0.34459296
0,0.3408631
0,0.30704695
0,0.2981142
0,0.2955323
0,0.28369257
0,0.29190093
0,0.2937179
0,0.31141534
0,0.29633722
0,0.31997415
0,0.31471428
0,0.3190703
0,0.36347252
0,0.338277
0,0.31059185
0,0.29809022
0,0.27752864
0,0.30363625
0,0.29259723
0,0.28248248
0,0.27080214
0,0.2809348
0,0.2736435
0,0.2617207
0,0.26217702
0,0.2598631
0,0.27017984
0,0.27075967
0,0.274995
0,0.27866054
0,0.28165397
0,0.29517016
0,0.27988794
0,0.2590949
0,0.26704103
0,0.26663888
0,0.27140513
0,0.26083407
0,0.2705527
0,0.2730998
0,0.2784023
0,0.2828526
0,0.2803291
0,0.2773858
0,0.27712002
0,0.28265926
0,0.28082478
0,0.27487326
0,0.27802905
0,0.26856834
0,0.27376747
0,0.27865872
0,0.27974346
0,0.26285362
0,0.27003363
0,0.27859774
0,0.2749818
0,0.27421927
0,0.27565533
0,0.28617254
0,0.28739578
0,0.27710873
0,0.27856535
1,0.2804547
1,0.31364048
1,0.29117915
1,0.2975326
1,0.3135937
1,0.30383828
1,0.32928872
1,0.31006503
1,0.32609627
1,0.32847905
1,0.36276558
1,0.3640256
1,0.34750402
1,0.35663804
1,0.3617271
1,0.96825165
1,0.99568105
1,0.99790066
0,0.9982825
0,0.99814934
0,0.992916
0,0.99080557
0,0.9865313
0,0.98010135
0,0.9648017
0,0.9430477
0,0.93637025
0,0.9364824
0,0.9106133
0,0.89595324
0,0.9022248
0,0.88865036
0,0.87402225
0,0.87756866
0,0.8415404
0,0.8511121
0,0.8481789
0,0.8512515
0,0.8437286
0,0.82535005
0,0.8158478
0,0.82987815
0,0.811827
0,0.8356744
0,0.7926983
0,0.701612
0,0.52410936
0,0.3189852
0,0.17665824
0,0.16979967
0,0.16682476
0,0.16455871
0,0.15120934
0,0.15154263
0,0.14538492
0,0.14316724
0,0.14045872
0,0.13479137
0,0.12736757
0,0.12639226
0,0.1282873
0,0.12829736
0,0.12587443
0,0.12941815
0,0.1358287
0,0.13655367
0,0.14739788
0,0.15340807
0,0.16061202
0,0.16611181
0,0.17788462
0,0.19385779
0,0.2203168
0,0.22630139
0,0.24050003
0,0.24351452
0,0.25664616
0,0.2720696
0,0.27962908
0,0.2782697
0,0.28235027
0,0.27174875
0,0.35934612
0,0.3083581
0,0.30132818
0,0.2817785
0,0.28753984
0,0.27337605
0,0.27990076
0,0.27278116
0,0.2851243
0,0.27571625
0,0.31199387
0,0.28070003
0,0.30405587
0,0.3004812
0,0.29673055
0,0.29829758
0,0.30443326
0,0.32584664
0,0.31623727
0,0.31379718
0,0.34872943
0,0.30012822
0,0.2886941
0,0.30034864
0,0.3084442
0,0.2975692
0,0.28710768
0,0.28846553
0,0.28154975
0,0.2809011
0,0.3070987
0,0.289381
0,0.29479235
0,0.28530782
0,0.2837966
0,0.28123796
0,0.2743119
0,0.27512774
0,0.27330744
0,0.27305818
0,0.30616072
0,0.28632936
0,0.27764356
0,0.28653055
0,0.2658214
0,0.2775683
0,0.27331474
0,0.27481955
0,0.27059543
0,0.2756989
0,0.3248035
0,0.29518706
0,0.28508663
0,0.2875223
0,0.27706215
0,0.27870354
0,0.28135064
0,0.27893263
0,0.27072108
0,0.27197066
0,0.31617674
0,0.27896267
0,0.27703643
0,0.27477476
0,0.26899183
0,0.27752534
0,0.2894415
0,0.2854477
0,0.29217196
0,0.30322626
0,0.35538468
0,0.30854118
0,0.32529268
0,0.31151393
0,0.3187748
0,0.35299173
0,0.34907094
0,0.34525684
0,0.3594053
0,0.3378423
0,0.4939367
0,0.43177032
0,0.34219062
0,0.30191645
0,0.25460723
0,0.22891462
0,0.2045352
0,0.18720381
0,0.21115012
0,0.22105075
0,0.19851816
0,0.1857595
0,0.20356266
0,0.2168323
0,0.18055223
0,0.1633632
0,0.14933525
0,0.14691219
0,0.13966365
0,0.13667424
0,0.14250946
0,0.1414917
0,0.13997917
0,0.14650652
0,0.148613
0,0.1571077
0,0.16586106
0,0.18039148
0,0.19620848
0,0.21633737
0,0.23488691
0,0.2379362
0,0.24823633
0,0.24722436
0,0.2808284
0,0.30171156
0,0.30123657
0,0.29643285
0,0.30848503
0,0.34233806
0,0.3218094
0,0.31953445
0,0.31428474
0,0.3016673
0,0.29777625
0,0.3021296
0,0.30196646
0,0.28544667
0,0.27599
0,0.30838984
0,0.33557993
0,0.2949618
0,0.30107054
0,0.295533
0,0.305181
0,0.3064035
0,0.30758408
0,0.30483854
0,0.29822218
0,0.27522704
0,0.273281
0,0.2637915
0,0.28327557
0,0.35551316
0,0.39700657
0,0.44494075
0,0.4781382
0,0.47666517
0,0.403862
0,0.3367504
0,0.3213402
0,0.2739189
0,0.27154204
0,0.33682305
0,0.31136355
0,0.31390616
0,0.257332
0,0.22301829
0,0.18976074
0,0.17494681
0,0.15551431
0,0.14274517
0,0.1338601
0,0.163548
0,0.15418564
0,0.14035414
0,0.15063764
0,0.15070917
0,0.15663777
0,0.15597712
0,0.14927083
0,0.14366767
0,0.14854297
0,0.15932329
0,0.14773996
0,0.14580014
0,0.14418145
0,0.14020842
0,0.13914804
0,0.13606855
0,0.15132077
0,0.15365799
0,0.14787567
0,0.1435642
0,0.15298642
0,0.16803354
0,0.15962097
0,0.15994102
0,0.16241823
0,0.16395122
0,0.15981764
0,0.16364446
0,0.1710899
0,0.17950259
0,0.19873607
0,0.19265118
0,0.207711
0,0.19627982
0,0.21349338
0,0.22338676
0,0.210845
0,0.19133735
0,0.1789764
0,0.17088282
0,0.16602036
0,0.16135715
0,0.15479353
0,0.15083458
0,0.15461701
0,0.1597306
0,0.1615877
0,0.1548173
0,0.18364343
0,0.17171374
0,0.15774575
0,0.15413922
0,0.15105143
0,0.16361725
0,0.15314522
0,0.1521276
0,0.15108576
0,0.15253477
0,0.1755148
0,0.16600326
0,0.1705797
0,0.17874128
0,0.18494962
0,0.19152318
0,0.20848964
0,0.22184779
0,0.23069426
0,0.23323867
0,0.23841965
0,0.25686398
0,0.26277825
0,0.2931687
0,0.26866242
0,0.26625443
0,0.27732813
0,0.2703875
0,0.27957445
0,0.27448308
0,0.2715359
0,0.27503523
0,0.28296536
0,0.30433404
0,0.32793614
0,0.30698746
0,0.28245345
0,0.28507534
0,0.28977126
0,0.2829259
0,0.2775969
0,0.27422085
0,0.26780164
0,0.275577
0,0.2655647
0,0.2788026
0,0.2836933
0,0.2733552
0,0.26609936
0,0.26443154
0,0.2688946
0,0.26593998
0,0.26735017
0,0.26927364
0,0.2787769
0,0.2686619
0,0.28994623
0,0.27804846
0,0.27094898
0,0.26747838
0,0.26017526
0,0.2599824
0,0.3124135
0,0.28281498
0,0.2818317
0,0.26973534
0,0.27451175
0,0.26439017
0,0.2598094
0,0.26147667
0,0.25969085
0,0.26322132
0,0.33183444
0,0.29989266
0,0.2922658
0,0.28013524
0,0.2822362
0,0.29558453
0,0.2772674
0,0.2821346
0,0.28045794
0,0.2722474
0,0.26686254
0,0.26821283
0,0.26420927
0,0.2586861
0,0.26840624
0,0.25874272
0,0.26842734
0,0.29413685
0,0.31427264
0,0.33551443
0,0.33696455
0,0.35819793
0,0.38822982
0,0.391099
0,0.35790083
0,0.37465858
0,0.3277082
0,0.32736996
0,0.3016453
0,0.29107296
0,0.30337125
0,0.28404498
0,0.28188294
0,0.28086317
0,0.26799044
0,0.25315967
0,0.22937654
0,0.20720762
0,0.20371406
0,0.1897988
0,0.17772534
0,0.1706222
0,0.1574696
0,0.14925589
0,0.14785299
0,0.1519279
0,0.15213911
0,0.15470797
0,0.16100192
0,0.1696727
0,0.1758809
0,0.18529284
0,0.20801447
0,0.21096843
0,0.21201362
0,0.20356835
0,0.20054752
0,0.20042804
0,0.2031532
0,0.20922154
0,0.21630113
0,0.2304777
0,0.23545174
0,0.24168195
0,0.2480024
0,0.26088235
0,0.26911727
0,0.2760076
0,0.2996003
0,0.28753173
0,0.2793814
0,0.28146192
0,0.27823028
0,0.28315794
0,0.3182722
0,0.2813352
0,0.27802172
0,0.28546298
0,0.2754175
0,0.2736173
0,0.28771436
0,0.28801268
0,0.27766454
0,0.2827321
0,0.33659804
0,0.3104669
0,0.29736328
0,0.28018543
0,0.27939215
0,0.27648234
0,0.26855785
0,0.26892486
0,0.26248342
0,0.26180694
0,0.34348345
0,0.28543636
0,0.2733598
0,0.2705639
0,0.26481003
0,0.26026753
0,0.26942974
0,0.26731542
0,0.26781985
0,0.26935855
0,0.33087772
0,0.30475315
0,0.29568264
0,0.29674813
0,0.3008541
0,0.3287356
0,0.32476357
0,0.30753294
0,0.30116975
0,0.29152292
0,0.29848227
0,0.28669357
0,0.279835
0,0.2733937
0,0.284401
0,0.27207613
0,0.28696522
0,0.27951288
0,0.28676033
0,0.27458963
0,0.27978915
0,0.30853823
0,0.29105946
0,0.27656657
0,0.2817795
0,0.26962122
0,0.2699642
0,0.2632783
0,0.27431726
0,0.27654132
0,0.26255986
0,0.3016623
0,0.28606513
0,0.27491954
0,0.27846408
0,0.2657619
0,0.26239738
0,0.25903177
0,0.27944025
0,0.27871683
0,0.2664957
0,0.28001362
0,0.26402968
0,0.25903848
0,0.26722735
0,0.26297635
0,0.26826116
0,0.25766048
0,0.2696692
0,0.25817707
0,0.2555345
0,0.27107453
0,0.2580364
0,0.25267965
0,0.25323173
0,0.24945082
0,0.24877234
0,0.25455838
0,0.25956583
0,0.25827312
0,0.26592007
0,0.29195824
0,0.26959553
0,0.26918152
0,0.26040405
0,0.26712158
0,0.26696208
0,0.27324846
0,0.2751875
0,0.2666537
0,0.2678951
0,0.32716352
0,0.2939355
0,0.28953487
0,0.2916031
0,0.30945608
0,0.28995624
0,0.27285254
0,0.310725
0,0.28018865
0,0.28776604
0,0.30265856
0,0.31198558
0,0.30706236
0,0.31101266
0,0.3048373
0,0.2902689
0,0.29397836
0,0.33612466
0,0.30671984
0,0.29564914
0,0.29114053
0,0.28294995
0,0.27662778
0,0.26937902
0,0.26943928
0,0.2939272
0,0.2810093
0,0.27017128
0,0.2808431
0,0.28197882
0,0.29914793
0,0.32040235
0,0.31584337
0,0.31291488
0,0.30460045
0,0.31985122
0,0.30250126
0,0.30088505
0,0.30307773
0,0.30707014
0,0.3073777
0,0.28939864
0,0.28971872
0,0.27656147
0,0.27251086
0,0.2782413
0,0.27061275
0,0.2676946
0,0.31889287
0,0.29769492
0,0.28430328
0,0.2726267
0,0.27003816
0,0.2620903
0,0.26159868
0,0.26391298
0,0.26784003
0,0.259071
0,0.3168044
0,0.2778282
0,0.27164024
0,0.26628453
0,0.2764606
0,0.27187502
0,0.2627441
0,0.28350514
0,0.27263957
0,0.2666139
0,0.27451158
0,0.26804155
0,0.2661682
0,0.2628701
0,0.2686781
0,0.27123496
0,0.2705844
0,0.31537437
0,0.28605822
0,0.2750569
0,0.27244473
0,0.27640218
0,0.2688237
0,0.27507347
0,0.27728623
0,0.2647147
0,0.26464343
0,0.3386398
0,0.28929743
0,0.27287173
0,0.26867938
0,0.2649506
0,0.26162314
0,0.2577907
0,0.26050702
0,0.2570546
0,0.25841218
0,0.2561956
0,0.26949105
0,0.25761476
0,0.2723499
0,0.2749136
0,0.26610917
0,0.25878823
0,0.26477653
0,0.26969352
0,0.25967875
0,0.2558639
0,0.30674154
0,0.27460995
0,0.27477425
0,0.2608761
0,0.26773098
0,0.26095027
0,0.25751105
0,0.2867562
0,0.2701331
0,0.28732955
0,0.2735621
0,0.31015238
0,0.29469964
0,0.3054857
0,0.28950948
0,0.27534562
0,0.26634818
0,0.3371834
0,0.2873718
0,0.2842957
0,0.28814533
0,0.27896288
0,0.26507062
0,0.26796067
0,0.27258715
0,0.2681768
0,0.2599479
0,0.2742204
0,0.28224057
0,0.2720705
0,0.26176348
0,0.26632077
0,0.27283883
0,0.27156654
0,0.2751698
0,0.26598203
0,0.28513125
0,0.26779753
0,0.26970747
0,0.39911196
0,0.34011278
0,0.4531908
0,0.37997326
0,0.47820374
0,0.3818879
0,0.33567825
0,0.307795
0,0.39143363
0,0.32768893
0,0.33463657
0,0.27793425
0,0.26540014
0,0.2385101
0,0.30852106
0,0.23288295
0,0.34893292
0,0.26486543
0,0.34749082
0,0.23911649
0,0.35862386
0,0.2817083
0,0.36950055
0,0.30468142
0,0.2580899
0,0.21837716
0,0.23522541
0,0.2344907
0,0.17636707
0,0.15203601
0,0.15607859
0,0.1538414
0,0.14385004
0,0.13570039
0,0.17599517
0,0.14625183
0,0.18367779
0,0.14971273
0,0.19717748
0,0.16082275
0,0.18250346
0,0.14779069
0,0.15331487
0,0.13564487
0,0.13898681
0,0.13218294
0,0.13245167
0,0.12928486
0,0.1692112
0,0.1469422
0,0.22704427
0,0.1951758
0,0.26016316
0,0.18952139
0,0.26661104
0,0.18922065
0,0.24237713
0,0.17573711
0,0.17936347
0,0.15298554
0,0.14806356
0,0.13528478
0,0.19669454
0,0.16750419
0,0.2531591
0,0.19453706
0,0.15881994
0,0.14513193
0,0.61831284
0,0.8078981
0,0.5855001
0,0.42492965
0,0.41547254
0,0.28211015
0,0.26459184
0,0.19353399
0,0.1674183
0,0.14480059
0,0.14131603
0,0.13018787
0,0.18719018
0,0.15966609
0,0.23677345
0,0.17765553
0,0.16381317
0,0.15017676
0,0.19058473
0,0.1499122
0,0.13827187
0,0.13237917
0,0.13878858
0,0.12822868
0,0.1235249
0,0.12102361
0,0.17088294
0,0.15014292
0,0.21123433
0,0.1743688
0,0.30778626
0,0.30053604
0,0.21735442
0,0.18482864
0,0.22369058
0,0.16710502
0,0.20010568
0,0.17196716
0,0.18365803
0,0.15898941
0,0.7532799
0,0.92531353
0,0.8268279
0,0.7022165
0,0.7730901
0,0.60211444
0,0.6387344
0,0.4583683
0,0.5740967
0,0.41618347
0,0.44506013
0,0.30411038
0,0.3236429
0,0.22933011
0,0.21008839
0,0.16764657
0,0.15088809
0,0.14431955
0,0.20829724
0,0.15766363
0,0.30945203
0,0.256636
0,0.3596261
0,0.26266503
0,0.41813716
0,0.30686203
0,0.240801
0,0.19167615
0,0.22856887
0,0.16625652
0,0.15596114
0,0.13728283
0,0.21124776
0,0.17913067
0,0.27563494
0,0.20074052
0,0.3296722
0,0.2416526
0,0.33825204
0,0.228374
0,0.3646681
0,0.2671107
0,0.35066718
0,0.23689803
0,0.24037656
0,0.18276942
0,0.16781814
0,0.14099163
0,0.19157565
0,0.15125176
0,0.3997373
0,0.43971926
0,0.2796151
0,0.21435928
0,0.18815504
0,0.15995261
0,0.14738625
0,0.1376134
0,0.16942908
0,0.16053249
0,0.13780913
0,0.12992345
0,0.13096839
0,0.13188474
0,0.12505046
0,0.12502937
0,0.16363564
0,0.14185888
0,0.20346889
0,0.17133191
0,0.1568805
0,0.15036744
0,0.22671866
0,0.19152415
0,0.22335182
0,0.16874233
0,0.19487882
0,0.16501269
0,0.15848993
0,0.14689833
0,0.25334293
0,0.2201545
0,0.47740772
0,0.4895833
0,0.53409183
0,0.3557637
0,0.45185518
0,0.30994776
0,0.42440233
0,0.30041003
0,0.3663091
0,0.25022146
0,0.24428
0,0.23785901
0,0.17758046
0,0.14466849
0,0.21443161
0,0.16175185
0,0.7315558
0,0.8770262
0,0.693724
0,0.54035336
0,0.73707604
0,0.64122105
0,0.640147
0,0.44538996
0,0.4984994
0,0.35525766
0,0.35099304
0,0.24537337
0,0.25137842
0,0.18338366
0,0.17633107
0,0.15551227
0,0.15340018
0,0.14234324
0,0.13725229
0,0.1346666
0,0.19329917
0,0.16069016
0,0.159925
0,0.14917012
0,0.18357922
0,0.17283876
0,0.17401151
0,0.15757217
0,0.14827725
0,0.14484435
0,0.14023545
0,0.14208694
0,0.20779505
0,0.17604351
0,0.25336796
0,0.20493509
0,0.31510293
0,0.2463064
0,0.335594
0,0.25573415
0,0.2719783
0,0.20694397
0,0.18406972
0,0.15344128
0,0.14211455
0,0.13463087
0,0.20465031
0,0.17806782
0,0.2438914
0,0.1781404
0,0.29442927
0,0.21719997
0,0.32681862
0,0.23342808
0,0.29716393
0,0.20470147
0,0.2184381
0,0.16456054
0,0.1488289
0,0.13369197
0,0.13021344
0,0.12394098
0,0.16318333
0,0.1420652
0,0.13405946
0,0.12714642
0,0.19209965
0,0.166943
0,0.23320775
0,0.18261257
0,0.23449422
0,0.16696104
0,0.18424168
0,0.14943291
0,0.1531178
0,0.13831067
0,0.13006788
0,0.12759459
0,0.19979803
0,0.17532948
0,0.2991638
0,0.28036195
0,0.44858357
0,0.38779834
0,0.51305985
0,0.42174184
0,0.4373737
0,0.38332924
0,0.36685422
0,0.32427728
0,0.4231725
0,0.31420127
0,0.43261364
0,0.32758185
0,0.42907438
0,0.30972806
0,0.48319602
0,0.38621837
0,0.32092914
0,0.30176184
0,0.5801826
0,0.5325811
0,0.54386896
0,0.4668736
0,0.45899191
0,0.3967961
0,0.39513978
0,0.36906365
0,0.4499439
0,0.37199995
0,0.46858603
0,0.3938871
0,0.5220132
0,0.43958756
0,0.546124
0,0.45777008
0,0.5112107
0,0.43535218
0,0.45563582
0,0.41136694
0,0.3449081
0,0.3138991
0,0.31923226
0,0.2981883
0,0.3768485
0,0.30866182
0,0.49141243
0,0.40973112
0,0.43189973
0,0.32800722
0,0.39643812
0,0.29179186
0,0.26639387
0,0.21275128
0,0.2520507
0,0.22001697
0,0.19014412
0,0.17197038
0,0.16550367
0,0.14608839
0,0.14695103
0,0.14798245
0,0.18891178
0,0.1560448
0,0.2498055
0,0.20523609
0,0.2772421
0,0.20374173
0,0.18046752
0,0.16352105
0,0.17693754
0,0.14777201
0,0.15326388
0,0.14115746
0,0.13419059
0,0.12568891
0,0.1813014
0,0.15621702
0,0.20437035
0,0.1643677
0,0.26559773
0,0.20959315
0,0.32590467
0,0.24317367
0,0.330534
0,0.23969342
0,0.19850755
0,0.15634716
0,0.15521374
0,0.13890927
0,0.13759355
0,0.13000746
0,0.2392314
0,0.23427017
0,0.40201417
0,0.31671405
0,0.45199266
0,0.32189205
0,0.40963623
0,0.2765744
0,0.37388593
0,0.2601839
0,0.28767234
0,0.21530052
0,0.23625728
0,0.19647908
0,0.16554254
0,0.14496405
0,0.31957015
0,0.29767266
0,0.42803016
0,0.32138002
0,0.25278547
0,0.23293346
0,0.21124284
0,0.19050008
0,0.17646928
0,0.15733671
0,0.15058225
0,0.15390128
0,0.13675745
0,0.13466041
0,0.1296041
0,0.13089295
0,0.16382687
0,0.14079013
0,0.22863635
0,0.19925237
0,0.40417075
0,0.36034152
0,0.4482923
0,0.31864384
0,0.39021105
0,0.26716265
0,0.28600845
0,0.21892321
0,0.348083
0,0.26325935
0,0.43106198
0,0.344604
0,0.44774297
0,0.30977806
0,0.24230078
0,0.18871051
0,0.26764637
0,0.18576548
0,0.24448736
0,0.16805758
0,0.20537974
0,0.18122435
0,0.18098511
0,0.1482366
0,0.15296146
0,0.15016536
0,0.14019153
0,0.13435504
0,0.24199222
0,0.22603631
0,0.17432763
0,0.16361286
0,0.22612832
0,0.16889007
0,0.2605706
0,0.18555774
0,0.25089866
0,0.17557272
1,0.18696506
1,0.15615685
1,0.15200199
1,0.14239575
1,0.2038314
1,0.16375418
1,0.26195794
1,0.19776657
1,0.8180219
1,0.926413
1,0.7993711
1,0.69927275
1,0.6901001
1,0.5034824
1,0.4086617
0,0.9769448
0,0.9096733
0,0.8370768
0,0.7424315
0,0.63485086
0,0.55453396
0,0.46552402
0,0.422319
0,0.34202522
0,0.5386176
0,0.4221658
0,0.5842032
0,0.44868445
0,0.58590996
0,0.42152917
0,0.51459575
0,0.39579082
0,0.4148744
0,0.3227742
0,0.3251671
0,0.2701981
0,0.44315216
0,0.34508815
0,0.35620967
0,0.2337409
0,0.3635204
0,0.2681512
0,0.36593565
0,0.27157876
0,0.34111416
0,0.29069644
0,0.2973483
0,0.19699264
0,0.1891833
0,0.1633697
0,0.21729256
0,0.16119015
0,0.24072564
0,0.18714094
0,0.28240284
0,0.20146541
0,0.16329339
0,0.14495812
0,0.19616354
0,0.15090042
0,0.19745104
0,0.16459356
0,0.17487793
0,0.14287227
0,0.1474626
0,0.13717267
0,0.3265353
0,0.35966003
0,0.5810654
0,0.5047864
0,0.5288384
0,0.33719394
0,0.3897215
0,0.2432217
0,0.32131982
0,0.21232958
0,0.24607395
0,0.16956212
0,0.17480005
0,0.1448084
0,0.13381904
0,0.12815247
0,0.13308534
0,0.13427937
0,0.17724092
0,0.14800042
0,0.20074038
0,0.16770722
0,0.23569715
0,0.17340654
0,0.15137957
0,0.13882554
0,0.16486868
0,0.14001489
0,0.14802748
0,0.13330017
0,0.136984
0,0.13070473
0,0.13572496
0,0.13578117
0,0.2026798
0,0.17206472
0,0.24425815
0,0.19459718
0,0.25124824
0,0.1848732
0,0.25142884
0,0.1826907
0,0.24915081
0,0.17788418
0,0.20916978
0,0.16258061
0,0.16298188
0,0.14634536
0,0.14474529
0,0.14393014
0,0.22165613
0,0.18566477
0,0.2783743
0,0.19346191
0,0.30371705
0,0.21617475
0,0.30645874
0,0.20526418
0,0.1619245
0,0.14540544
0,0.16088164
0,0.14788608
0,0.14429761
0,0.13607843
0,0.66415656
0,0.8818018
0,0.6972809
0,0.52957785
0,0.6396439
0,0.4642142
0,0.531678
0,0.35146165
0,0.49398357
0,0.35174933
0,0.2814257
0,0.21757297
0,0.30210537
0,0.20166664
0,0.2493674
0,0.18129632
0,0.22157618
0,0.17071348
0,0.17457986
0,0.15552768
0,0.2775166
0,0.21379419
0,0.3874373
0,0.29290393
0,0.40827549
0,0.29653364
0,0.3924465
0,0.27104485
0,0.24499786
0,0.20223086
0,0.1973162
0,0.16479369
0,0.17453629
0,0.15050451
0,0.14276668
0,0.1339782
0,0.1284901
0,0.12875989
0,0.16400246
0,0.14181262
0,0.19894034
0,0.1650544
0,0.14955282
0,0.13724229
0,0.17703186
0,0.14872213
0,0.16974333
0,0.15220428
0,0.15192893
0,0.14075689
0,0.13781121
0,0.1346263
0,0.13258843
0,0.13564728
0,0.19793814
0,0.16860229
0,0.22429909
0,0.18596151
0,0.25835916
0,0.20274408
0,0.24392033
0,0.18318409
0,0.16207188
0,0.15050465
0,0.16545467
0,0.14749695
0,0.14488867
0,0.14387766
0,0.2081106
0,0.17332238
0,0.24048994
0,0.18939616
0,0.26846156
0,0.21586546
0,0.29837927
0,0.23306769
0,0.29811215
0,0.2501685
0,0.28281456
0,0.26202592
0,0.23814265
0,0.21571095
0,0.18248373
0,0.16648792
0,0.23372906
0,0.16624357
0,0.25481778
0,0.22020796
0,0.32248035
0,0.26250374
0,0.3900862
1,0.28027248
1,0.28920865
1,0.19584472
1,0.22129326
1,0.21256848
1,0.17153616
1,0.14876013
1,0.13968483
1,0.12696661
1,0.17475517
1,0.14894362
1,0.18510711
1,0.1516334
1,0.20698594
1,0.16523033
0,0.9444931
0,0.78747374
0,0.7836696
0,0.62216604
0,0.6018183
0,0.45103547
0,0.4029617
0,0.30124366
0,0.42787397
0,0.29687655
0,0.4125751
0,0.30924976
0,0.4181562
0,0.3117587
0,0.43636942
0,0.32247022
0,0.43156326
0,0.29495698
0,0.36541387
0,0.2862136
0,0.2806828
0,0.20796654
0,0.19054039
0,0.16280879
0,0.16313191
0,0.14704406
0,0.14291371
0,0.13956028
0,0.19861986
0,0.16771553
0,0.20770916
0,0.16228797
0,0.21382861
0,0.17214799
0,0.19164596
0,0.15926898
0,0.16113697
0,0.14596114
0,0.14092265
0,0.13557416
0,0.1315503
0,0.13125089
0,0.18287243
0,0.16123839
0,0.21436763
0,0.17415291
0,0.23403922
0,0.17779382
0,0.15577176
0,0.14857441
0,0.17391531
0,0.16414462
0,0.16522363
0,0.15495357
0,0.15062502
0,0.14626661
0,0.20264791
0,0.16707203
0,0.15956657
0,0.15981407
0,0.21933514
0,0.18234481
0,0.26349592
0,0.23714258
0,0.30785307
0,0.22521906
0,0.24698643
0,0.20901814
0,0.2147337
0,0.19035566
0,0.1655128
0,0.15460281
0,0.24212232
0,0.1894477
0,0.32963377
0,0.24696605
0,0.3472323
0,0.24466541
0,0.32749322
0,0.22109199
0,0.27838638
0,0.21502785
0,0.23961902
0,0.20639265
0,0.18672757
0,0.17293572
0,0.16548765
0,0.15543336
0,0.16438542
0,0.15422119
0,0.19766064
0,0.15361252
0,0.14358069
0,0.13491337
0,0.17760973
0,0.15740477
0,0.19344543
0,0.15669557
0,0.16233036
0,0.13989635
0,0.14318854
0,0.13952443
0,0.15524694
0,0.15557675
0,0.20094417
0,0.16217364
0,0.21010937
0,0.1658154
0,0.23587973
0,0.18630719
0,0.28926766
0,0.20572704
0,0.18737663
0,0.16115648
0,0.17456251
0,0.1584716
0,0.15109298
0,0.14008465
0,0.13615724
0,0.12971707
0,0.16693896
0,0.1571178
0,0.19436881
0,0.16160929
0,0.21129964
0,0.18275957
0,0.15142986
0,0.14515021
0,0.18422936
0,0.15498237
0,0.17409042
0,0.1650669
0,0.16738394
0,0.15290184
0,0.13931122
0,0.13244155
0,0.16813843
0,0.14455202
0,0.19244923
0,0.15894805
0,0.22037758
0,0.17363043
0,0.24810466
0,0.17717327
0,0.2085176
0,0.16908245
0,0.17214032
0,0.14786261
0,0.14462495
0,0.1324895
0,0.1293981
0,0.12708238
0,0.17643707
0,0.15084368
0,0.1898597
0,0.15857886
0,0.2175514
0,0.17288925
0,0.23916243
0,0.1863208
0,0.16984573
0,0.14895543
0,0.1541516
0,0.13950458
0,0.13752033
0,0.13120995
0,0.17303295
0,0.14822072
0,0.14353713
0,0.13861792
0,0.20183323
0,0.16884516
0,0.22760577
0,0.1796492
0,0.22439544
0,0.17153662
0,0.19084541
0,0.17414491
0,0.17372027
0,0.1541509
0,0.16163021
0,0.16409089
0,0.36552557
0,0.39060748
0,0.5288729
0,0.4970576
0,0.65150404
0,0.59075713
0,0.6587963
0,0.5553673
0,0.6228337
0,0.5208444
0,0.49730936
0,0.43775555
0,0.3444862
0,0.3240809
0,0.30153367
0,0.272034
0,0.36391538
0,0.30604002
0,0.39352944
0,0.36446646
0,0.45787033
0,0.47963932
0,0.5762737
0,0.5409449
0,0.54440343
0,0.5615412
0,0.56656015
0,0.59596324
0,0.57865
0,0.5792593
0,0.68838835
0,0.71637374
0,0.76317
0,0.77397394
0,0.79141295
0,0.78513134
0,0.8087371
0,0.79365146
0,0.82433695
0,0.83312076
0,0.82785857
0,0.8163961
0,0.7695072
0,0.7382832
0,0.7085521
0,0.56601596
0,0.5269155
0,0.93968326
0,0.8507279
0,0.69905835
0,0.7187447
0,0.60728765
0,0.6478963
0,0.53774166
0,0.5945511
0,0.46519086
0,0.51758695
0,0.46919283
0,0.4738372
0,0.43107203
0,0.40761316
0,0.37992507
0,0.4876085
0,0.44361797
0,0.49883294
0,0.3855016
0,0.48681718
0,0.38460693
0,0.44167477
0,0.32598177
0,0.42095464
0,0.30884513
0,0.3616454
0,0.30421424
0,0.30851972
0,0.23309393
0,0.19336975
0,0.1467355
0,0.14574645
0,0.14280967
0,0.14002034
0,0.13629921
0,0.18319151
0,0.16631521
0,0.20206523
0,0.15618248
0,0.20249201
0,0.16001977
0,0.19216955
0,0.16723946
0,0.15721077
0,0.14274508
0,0.14505786
0,0.13772732
0,0.1452233
0,0.14416343
0,0.14024246
0,0.13855447
0,0.18311346
0,0.15662171
0,0.22296512
0,0.17918831
0,0.25000858
0,0.17849469
0,0.19773144
0,0.15547264
0,0.14986335
0,0.14301938
0,0.14330617
0,0.13483837
0,0.12770057
0,0.13328972
0,0.171845
0,0.15004818
0,0.14547531
0,0.14442581
0,0.14498812
0,0.14383513
0,0.20277193
0,0.16815911
0,0.20086642
0,0.18942747
0,0.18804993
0,0.1641086
0,0.15531918
0,0.14627509
0,0.14787582
0,0.14569345
0,0.20417936
0,0.17241089
0,0.24508074
0,0.20314276
0,0.2705616
0,0.21073599
0,0.26208976
1,0.19150816
1,0.21323486
1,0.1900686
1,0.19830039
1,0.2063127
1,0.19778432
1,0.17865036
1,0.2635993
1,0.1938901
1,0.2486262
1,0.17808248
1,0.2572038
1,0.18070532
1,0.15893549
1,0.14784935
0,0.9356917
0,0.79274493
0,0.74242055
0,0.5694382
0,0.5088276
0,0.39156237
0,0.30992776
0,0.25478908
0,0.3756323
0,0.27736878
0,0.37481582
0,0.25602046
0,0.36350933
0,0.24740514
0,0.36364847
0,0.25658223
0,0.33050093
0,0.27229115
0,0.30574873
0,0.2720027
0,0.28273624
0,0.25068074
0,0.22547963
0,0.22156943
0,0.2982712
0,0.21268153
0,0.17411341
0,0.15220612
0,0.2137993
0,0.15814532
0,0.20643772
0,0.16437173
0,0.15110105
0,0.13581017
0,0.14823577
0,0.14048617
0,0.1436524
0,0.13012902
0,0.12825133
0,0.12585703
0,0.17168984
0,0.15386808
0,0.2232742
0,0.21159704
0,0.3042662
0,0.2780543
0,0.43151426
0,0.38065103
0,0.44509783
0,0.40813357
0,0.4052767
0,0.3088188
0,0.25166827
0,0.22257322
0,0.19301173
0,0.17986168
0,0.28487015
0,0.21618204
0,0.31595224
0,0.22520511
0,0.34689134
0,0.24556236
0,0.34187388
0,0.24050622
0,0.26673287
0,0.18936521
0,0.22692621
0,0.19479385
0,0.18667252
0,0.17034191
0,0.15600897
0,0.1452941
0,0.19146045
0,0.15503506
0,0.22342427
0,0.1807954
0,0.28853855
0,0.27192262
0,0.37937856
0,0.34521455
0,0.35649076
0,0.30318686
0,0.26368704
0,0.20370497
0,0.18974297
0,0.16019934
0,0.14473838
0,0.13915534
0,0.14554991
0,0.14353056
0,0.18496352
0,0.1574008
0,0.14852834
0,0.14628051
0,0.17707194
0,0.14547665
0,0.1736136
0,0.1441578
0,0.15351643
0,0.13470034
0,0.13012147
0,0.12746641
0,0.13596536
0,0.13394387
0,0.16804513
0,0.14597654
0,0.1908787
0,0.15803516
0,0.21801843
0,0.17606072
0,0.16541226
0,0.15074416
0,0.17969799
0,0.15173866
0,0.16573767
0,0.15166071
0,0.15165235
0,0.1486448
0,0.20109946
0,0.17289571
0,0.22379084
0,0.17730527
0,0.22815275
0,0.18897808
0,0.24600166
0,0.1877932
0,0.26335827
0,0.19111061
0,0.22334073
0,0.19719727
0,0.19385007
0,0.1635933
0,0.15970881
0,0.15855491
0,0.23140357
0,0.22784933
0,0.34931996
0,0.27702716
0,0.45033813
0,0.3644066
0,0.4496457
0,0.35660973
0,0.3926602
0,0.26682502
0,0.28450832
0,0.30969238
0,0.25952542
0,0.22069325
0,0.2899956
0,0.2156016
0,0.30514783
0,0.22528759
0,0.39100918
0,0.32686916
0,0.27121693
0,0.25141215
0,0.31237316
0,0.23799257
0,0.33429953
0,0.26162797
0,0.24732678
0,0.19026296
0,0.17618497
0,0.14492942
0,0.19997564
0,0.16277441
0,0.22199506
0,0.19908494
0,0.2470064
0,0.25442225
0,0.32365853
0,0.2627187
0,0.3548076
0,0.2674761
0,0.31143984
0,0.26762697
0,0.27002916
0,0.26112702
0,0.3752747
0,0.3285926
0,0.40306324
0,0.34614217
0,0.39239284
0,0.28108126
0,0.32228363
0,0.21447837
0,0.29835603
0,0.2056247
0,0.29705426
0,0.21495385
0,0.23928736
0,0.18857175
0,0.17764734
0,0.18644243
0,0.17159672
0,0.16972867
0,0.21621914
0,0.15896793
0,0.14637138
0,0.14451583
0,0.18718585
0,0.15343967
0,0.19813228
0,0.15874116
0,0.20450923
0,0.1556762
0,0.17084496
0,0.14293669
0,0.14819627
0,0.13200565
0,0.1356897
0,0.13445823
0,0.1669785
0,0.14301981
0,0.18168667
0,0.14878713
0,0.14330289
0,0.13698621
0,0.13522203
0,0.13402162
0,0.17920628
0,0.15633532
0,0.18481068
0,0.16493113
0,0.1750484
0,0.15475106
0,0.22041732
0,0.21153569
0,0.20210439
0,0.1899906
0,0.3089325
0,0.24114597
0,0.32392007
0,0.22265403
0,0.19071129
0,0.1589047
0,0.15039694
0,0.13742085
0,0.16079122
0,0.13995202
0,0.153783
0,0.14536346
0,0.20600332
0,0.20202363
0,0.2973403
0,0.28156483
0,0.28645414
0,0.29782188
0,0.45141256
1,0.37228307
1,0.44767663
1,0.34989947
1,0.4450975
1,0.39446712
1,0.39319515
1,0.35907337
1,0.3686719
1,0.37831053
1,0.4592561
1,0.385124
1,0.5147861
1,0.49478802
1,0.59620094
1,0.5626235
0,0.96770185
0,0.875816
0,0.8728771
0,0.7939088
0,0.79386866
0,0.7213119
0,0.7186316
0,0.6921613
0,0.71854705
0,0.67309463
0,0.7198844
0,0.655401
0,0.73581
0,0.7322482
0,0.7092189
0,0.72992706
0,0.7488888
0,0.6873652
0,0.73440206
0,0.71196854
0,0.7274084
0,0.7033777
0,0.6909528
0,0.6913531
0,0.731642
0,0.71984994
0,0.75137126
0,0.7315425
0,0.66505575
0,0.58652765
0,0.6417589
0,0.58261234
0,0.6489643
0,0.5950912
0,0.67162406
0,0.64315784
0,0.6098633
0,0.5829742
0,0.56390136
0,0.5498518
0,0.5985323
0,0.5759771
0,0.6221332
0,0.60589564
0,0.6453378
0,0.636757
0,0.66984934
0,0.65826285
0,0.6945258
0,0.67250615
0,0.71498954
0,0.6760702
0,0.6850027
0,0.659098
0,0.6433587
0,0.62477356
0,0.662586
0,0.5819524
0,0.5844548
0,0.5950233
0,0.54993486
0,0.52369606
0,0.6275044
0,0.57586485
0,0.6150761
0,0.54302645
0,0.5958203
0,0.5655669
0,0.6263268
0,0.67150253
0,0.68188536
0,0.6302104
0,0.7030055
0,0.6753849
0,0.6125281
0,0.5910851
0,0.62816787
0,0.5628734
0,0.657214
0,0.6505806
0,0.6738384
0,0.6392003
0,0.62396324
0,0.60109055
0,0.6111045
0,0.55991054
0,0.5325239
1,0.5297128
1,0.59363675
1,0.5410602
1,0.6111101
1,0.5396607
1,0.5815195
1,0.5307193
1,0.5784588
1,0.4951549
1,0.6092651
1,0.57363987
1,0.66192365
1,0.6524459
1,0.71288216
1,0.7632443
1,0.9762962
1,0.90978205
1,0.9056906
1,0.86565316
1,0.8711071
1,0.8449576
1,0.85663176
1,0.81446785
1,0.80596995
1,0.7409495
1,0.7818842
1,0.7368812
1,0.9804652
1,0.931602
1,0.91337395
1,0.8883777
1,0.89600223
1,0.8690037
1,0.87449616
1,0.991494
0,0.99725354
0,0.9903013
0,0.9899535
0,0.98466474
0,0.9831762
0,0.9774612
0,0.9810946
0,0.9755915
0,0.97331405
0,0.9584513
0,0.9449332
0,0.9417558
0,0.95403653
0,0.93174887
0,0.9503087
0,0.9464138
0,0.948877
0,0.9323832
0,0.94448143
0,0.91902953
0,0.9194846
0,0.8426655
0,0.76798
0,0.720565
0,0.7279991
0,0.69378334
0,0.78291345
0,0.7605226
0,0.6286387
0,0.37495047
0,0.45070723
0,0.38441873
0,0.45222273
0,0.39930937
0,0.46538424
0,0.40691885
0,0.5263959
0,0.45861894
0,0.57316136
0,0.51788414
0,0.54147816
0,0.49314556
0,0.4865669
0,0.46813792
0,0.5280993
0,0.45780987
0,0.5268674
0,0.47653598
0,0.4551476
0,0.40567684
0,0.38894898
0,0.37402228
0,0.45565778
0,0.38473058
0,0.4719712
0,0.3590983
0,0.4132499
0,0.39642513
0,0.40065616
0,0.39740652
0,0.4774139
0,0.43072757
0,0.48147428
0,0.4344086
0,0.5064689
0,0.4528746
0,0.5425692
0,0.5492465
0,0.58726966
0,0.57279825
0,0.60522413
0,0.4980735
0,0.4938423
0,0.40925518
0,0.400545
0,0.3827126
0,0.45682693
0,0.35812765
0,0.5050126
0,0.46287608
0,0.50459146
0,0.40233925
1,0.4839241
1,0.35565364
1,0.32189023
1,0.24464351
1,0.32115725
1,0.22091183
1,0.27391347
1,0.20840465
1,0.18003061
1,0.14750376
1,0.14542444
1,0.13991903
1,0.18280296
1,0.1513893
1,0.19944791
0,0.94367456
0,0.864569
0,0.7147038
0,0.75358856
0,0.60044163
0,0.6383677
0,0.4498154
0,0.48998907
0,0.35400397
0,0.3574682
0,0.27632537
0,0.38406834
0,0.28868735
0,0.36657047
0,0.26340532
0,0.25134325
0,0.20012668
0,0.28516838
0,0.20242572
0,0.3653823
0,0.31256023
0,0.3398794
0,0.3058518
0,0.38357264
0,0.33517775
0,0.29830977
0,0.26671463
0,0.41540092
0,0.3199639
0,0.37009472
0,0.24663737
0,0.32446763
0,0.23312925
0,0.3294763
0,0.22782661
0,0.32408574
0,0.2685534
0,0.3500417
0,0.32103994
0,0.34585086
0,0.29529336
0,0.290082
0,0.27480814
0,0.3950647
0,0.33488512
0,0.4834349
0,0.48040926
0,0.5504594
0,0.48711646
0,0.5701317
0,0.5337243
0,0.55418056
0,0.4569127
0,0.42192012
0,0.393754
0,0.3762757
0,0.3703056
0,0.4484199
0,0.43207532
0,0.5055362
0,0.37939885
0,0.3611904
0,0.3490269
0,0.3002884
0,0.265518
0,0.21671514
0,0.1875178
0,0.1708175
0,0.16635455
0,0.2117314
0,0.19203857
0,0.19923982
0,0.20189281
0,0.29336265
0,0.2650772
0,0.3300545
0,0.26541334
0,0.35273132
0,0.32751328
0,0.420527
0,0.39316627
0,0.47694042
0,0.4318038
0,0.35368532
0,0.33056673
0,0.3649285
0,0.3711716
0,0.35612732
0,0.33774897
0,0.30816796
0,0.26681522
0,0.36897644
0,0.26595032
0,0.25977457
0,0.24443191
0,0.33308044
0,0.2510288
0,0.32563126
0,0.23598614
0,0.32751268
0,0.22900477
0,0.2558676
0,0.1741863
0,0.18899694
0,0.15402465
0,0.14827487
0,0.13384178
0,0.18115093
0,0.15373947
0,0.1969276
0,0.15232332
0,0.13753377
0,0.13026354
0,0.1306947
0,0.13214225
0,0.16850954
0,0.14075124
0,0.14101997
0,0.13736422
0,0.138571
0,0.13353775
0,0.14112507
0,0.13655631
0,0.18408778
0,0.1582437
0,0.21696702
0,0.17090487
0,0.22838926
0,0.18165046
0,0.27312547
0,0.20545897
0,0.26977128
0,0.19190714
0,0.21608381
0,0.18124862
0,0.19103473
0,0.17803666
0,0.16561829
0,0.14822644
0,0.14711423
0,0.13627781
0,0.18395668
0,0.15203841
0,0.19968075
0,0.16292149
0,0.21462
0,0.16756035
0,0.20929846
0,0.17457606
0,0.18971696
0,0.16277923
0,0.16316359
0,0.14590245
0,0.14198473
0,0.13580655
0,0.20273125
0,0.19111952
0,0.2485422
0,0.19076312
0,0.2796137
0,0.19460993
0,0.29490536
0,0.20595008
0,0.26437935
0,0.1738032
0,0.1909246
0,0.14875767
0,0.15787295
0,0.14282034
0,0.1392308
0,0.13910091
0,0.17766273
0,0.15001942
0,0.14771643
0,0.14098182
0,0.18202628
0,0.14952971
0,0.14402251
0,0.13194372
0,0.13126242
0,0.12640576
0,0.14391224
0,0.13493645
0,0.14597858
0,0.14170386
0,0.19509272
0,0.16581345
0,0.24177447
0,0.20495069
0,0.27404433
0,0.21143223
0,0.27200437
0,0.2008946
0,0.29324415
0,0.21656086
0,0.18916227
0,0.16896257
0,0.19043356
0,0.16226323
0,0.15912297
0,0.14842367
0,0.15617855
0,0.15297611
0,0.20484631
0,0.16352892
0,0.23080908
0,0.22841647
0,0.2706504
0,0.27452266
0,0.2928704
0,0.26936257
0,0.37200907
0,0.29799968
0,0.29183745
0,0.29352182
0,0.2833729
0,0.28324333
0,0.28481764
0,0.26558024
0,0.28645384
0,0.29923508
0,0.3024533
0,0.27280504
0,0.28001812
0,0.2749056
0,0.3882077
0,0.30829096
0,0.32070264
0,0.2954267
0,0.38748544
0,0.31915185
0,0.35884345
0,0.34015724
0,0.35743102
0,0.32443312
0,0.30669978
0,0.30329883
0,0.29728812
0,0.2840156
0,0.36690232
0,0.2713671
0,0.40737832
0,0.30091003
0,0.3967703
0,0.28171206
0,0.3486061
0,0.21859385
0,0.17606312
0,0.15005235
0,0.1551446
0,0.14181124
0,0.1423467
0,0.13397339
0,0.13563459
0,0.1381507
0,0.18145448
0,0.15893689
0,0.15002921
0,0.15530267
0,0.2007296
0,0.16185838
0,0.19745119
0,0.1594579
0,0.16227591
0,0.15499519
0,0.14739336
0,0.1418507
0,0.19078317
0,0.15878938
0,0.22663091
0,0.18506204
0,0.17442352
0,0.15539956
0,0.15975419
0,0.14471845
0,0.14458056
0,0.14000633
0,0.13879809
0,0.13610075
0,0.14202239
0,0.140063
0,0.15895148
0,0.16203786
0,0.23205431
0,0.19351001
0,0.259837
0,0.2024201
0,0.30357227
0,0.2464285
0,0.3571391
0,0.25631514
0,0.38291994
0,0.281649
0,0.33155975
0,0.26738793
0,0.27428997
0,0.1930482
0,0.20389424
0,0.1595374
0,0.3085508
0,0.22895521
0,0.31420043
0,0.2202521
0,0.30655602
0,0.21245643
0,0.27226004
0,0.17631598
0,0.2585098
0,0.17227109
0,0.20391671
0,0.1534502
0,0.16080402
0,0.1406443
0,0.13911335
0,0.12808022
0,0.18165503
0,0.16143556
0,0.20609613
0,0.16373017
0,0.20881608
0,0.15902498
0,0.21444719
0,0.16254266
0,0.23542926
0,0.16549677
0,0.14998631
0,0.13782255
0,0.14708522
0,0.13431944
0,0.12960473
0,0.12755795
0,0.12652673
0,0.12581259
0,0.18049821
0,0.15506393
0,0.20070647
0,0.16402228
0,0.16110283
0,0.14660105
0,0.14037602
0,0.14027412
0,0.16747247
0,0.15852414
0,0.17139058
0,0.15484262
0,0.16790232
0,0.16784085
0,0.24424633
0,0.201413
0,0.2968461
0,0.22847104
0,0.34146735
0,0.24759792
0,0.39316317
0,0.2884586
0,0.21714655
0,0.18686546
0,0.21363346
0,0.18000126
0,0.20321558
0,0.20420976
0,0.17860276
0,0.16184479
0,0.23190966
0,0.16796318
0,0.24929188
0,0.1704148
0,0.23281258
0,0.16846448
0,0.226891
0,0.16859086
0,0.16164863
0,0.13884576
0,0.15572666
0,0.14546338
0,0.14866628
0,0.13694517
0,0.13383347
0,0.13013934
0,0.17223336
0,0.14630862
0,0.19824843
0,0.16289078
0,0.21292166
0,0.16497748
0,0.25101972
0,0.18521008
0,0.24458726
0,0.17684692
0,0.19391505
0,0.16605446
0,0.16381644
0,0.14687179
0,0.13937302
0,0.13164924
0,0.173445
0,0.14539732
0,0.19537815
0,0.16200799
0,0.14884835
0,0.13854359
0,0.13705963
0,0.14505482
0,0.18601237
0,0.15274702
0,0.17561986
0,0.15231629
0,0.15699613
0,0.14195387
0,0.2081244
0,0.16773671
0,0.16234338
0,0.15734299
0,0.23430774
0,0.19041686
0,0.19348136
0,0.1705929
0,0.16953981
0,0.16038175
0,0.16417305
0,0.15902115
0,0.17051837
0,0.16238672
0,0.16937047
0,0.17568776
0,0.1874946
0,0.18724295
0,0.20590304
0,0.21141395
0,0.2671622
0,0.22951707
0,0.30097714
0,0.23796953
0,0.33739865
0,0.26683038
0,0.24913609
0,0.21603557
0,0.22098409
0,0.19359216
0,0.20151715
0,0.17967518
0,0.17120153
0,0.16843088
0,0.18731052
0,0.18504536
0,0.22389898
0,0.20567146
0,0.20076384
0,0.17420076
0,0.16240047
0,0.15426014
0,0.13795097
0,0.13992442
0,0.13940914
0,0.13240595
0,0.13310987
0,0.13966025
0,0.18918337
0,0.16112164
0,0.22752534
0,0.18611881
0,0.1944103
0,0.18480542
0,0.216453
1,0.20271124
1,0.19997238
1,0.18803583
1,0.1884364
1,0.19101381
1,0.19346376
1,0.1933423
1,0.26292443
1,0.22210842
1,0.22335017
1,0.23460566
1,0.3359917
1,0.29509708
1,0.32947356
1,0.26461235
0,0.9583257
0,0.86645657
0,0.7833164
0,0.65577155
0,0.50907093
0,0.3864742
0,0.5606364
0,0.41189393
0,0.58100975
0,0.3912608
0,0.5522741
0,0.39055586
0,0.4486524
0,0.31666386
0,0.3374449
0,0.24282464
0,0.23749739
0,0.17952655
0,0.17659457
0,0.15103094
0,0.1594117
0,0.14742713
0,0.23529735
0,0.17587288
0,0.16101539
0,0.14598729
0,0.21182293
0,0.18456827
0,0.23192984
0,0.18100967
0,0.22040492
0,0.17611448
0,0.16677138
0,0.1545125
0,0.14394952
0,0.14429767
0,0.14611004
0,0.14345649
0,0.13968824
0,0.1470808
0,0.19723226
0,0.15753585
0,0.22428441
0,0.1877561
0,0.21075857
0,0.18052514
0,0.18641067
0,0.15265188
0,0.16414689
0,0.16591468
0,0.14983314
0,0.13559468
0,0.12920693
0,0.13278918
0,0.1759803
0,0.15178555
0,0.22320123
0,0.17541891
0,0.16044074
0,0.14773032
0,0.1768697
0,0.15049729
0,0.1616635
0,0.15055555
0,0.14723364
0,0.13671128
0,0.13685074
0,0.14087212
0,0.197892
0,0.16831744
0,0.25223958
0,0.20153959
0,0.196243
0,0.1865919
0,0.19015472
0,0.19013809
0,0.21893509
0,0.19126342
0,0.18643193
0,0.18605946
0,0.20303188
0,0.19941646
0,0.276231
0,0.25186902
0,0.26358718
0,0.24820031
0,0.276879
0,0.2539089
0,0.32711282
0,0.25829914
0,0.2586081
0,0.23093812
0,0.24355732
0,0.23639302
0,0.22606745
0,0.22017641
0,0.2267062
0,0.23071489
0,0.3553822
0,0.2796626
0,0.30490696
0,0.27390173
0,0.27436942
0,0.27254868
0,0.27234128
0,0.32492542
0,0.3556383
0,0.27126077
0,0.27799338
0,0.23391359
0,0.21522038
0,0.20671108
0,0.25623873
0,0.24258664
0,0.2997757
0,0.23898725
0,0.28815722
0,0.22195788
0,0.31134087
0,0.22903956
0,0.30176166
0,0.249633
0,0.19430226
0,0.17794986
0,0.15667021
0,0.14502545
0,0.1397209
0,0.13388282
0,0.13554478
0,0.13402985
0,0.1414582
0,0.15191032
0,0.15944806
0,0.1728605
0,0.1894738
0,0.20082529
0,0.2064903
0,0.21527879
0,0.27393535
0,0.2562464
0,0.28378284
0,0.2536752
0,0.2737753
0,0.25678578
0,0.27134717
0,0.28123626
0,0.38274658
0,0.34227005
0,0.44438875
0,0.3539601
0,0.47576478
0,0.39656115
0,0.46240702
0,0.34803644
0,0.42488676
0,0.3202034
0,0.33882853
0,0.24291682
0,0.2129731
0,0.1632889
0,0.15893157
0,0.15239406
0,0.20146415
0,0.17750117
0,0.15580939
0,0.14216211
0,0.19029483
0,0.15469643
0,0.15663636
0,0.14450523
0,0.13571905
0,0.13061596
0,0.13151939
0,0.13567315
0,0.14170328
0,0.14385028
0,0.1923128
0,0.16415875
0,0.22126323
0,0.17783208
0,0.24013305
0,0.18770397
0,0.18081447
0,0.16817771
0,0.17558748
0,0.16772799
0,0.16631958
0,0.17042826
0,0.19435337
0,0.18635462
0,0.20506608
0,0.20738623
0,0.23606984
0,0.23772396
0,0.32760233
0,0.26630503
0,0.36208105
0,0.2771792
0,0.3460046
1,0.25201544
1,0.33882308
1,0.26287788
1,0.31510255
1,0.26935667
1,0.22680353
1,0.19899406
1,0.2441928
1,0.21713366
1,0.21827662
1,0.18197541
1,0.16405644
1,0.15905057
1,0.23248328
1,0.19186231
0,0.9573551
0,0.8697223
0,0.8899521
0,0.75297916
0,0.63978916
0,0.5434841
0,0.41983053
0,0.34730566
0,0.34494406
0,0.2771581
0,0.26129487
0,0.23115635
0,0.20200217
0,0.1609018
0,0.15601176
0,0.14498712
0,0.13668872
0,0.13399974
0,0.23452866
0,0.24656339
0,0.3536529
0,0.2416432
0,0.30462328
0,0.24065664
0,0.23588192
0,0.17517832
0,0.16346873
0,0.15858617
0,0.14086592
0,0.13452996
0,0.2212603
0,0.19838184
0,0.3302094
0,0.23162073
0,0.31434542
0,0.23709811
0,0.28782374
0,0.18809532
0,0.1814756
0,0.15896764
0,0.2010457
0,0.16258606
0,0.15010679
0,0.15228279
0,0.13659023
0,0.13184965
0,0.17978998
0,0.15290095
0,0.2048644
0,0.16579817
0,0.21971346
0,0.16210769
0,0.25277025
0,0.17583473
0,0.20408021
0,0.18423359
0,0.17406057
0,0.17010096
0,0.19370286
0,0.19273974
0,0.20185955
0,0.23086749
0,0.38515636
0,0.39171115
0,0.51489544
0,0.44815677
0,0.53824306
0,0.42599007
0,0.38395128
0,0.3470403
0,0.36744994
0,0.3594392
0,0.27080724
0,0.24022682
0,0.20984033
0,0.17918965
0,0.15019318
0,0.13460572
0,0.21604104
0,0.16413602
0,0.23091927
0,0.17363703
0,0.22912292
0,0.16254938
0,0.20363739
0,0.16114971
0,0.1756911
0,0.15073505
0,0.14866152
0,0.13744833
0,0.13232933
0,0.13524848
0,0.15276933
0,0.14741151
0,0.15445234
0,0.15534514
0,0.2433619
0,0.20624201
0,0.16401196
0,0.14897141
0,0.18127073
0,0.1514211
0,0.15858681
0,0.14099982
0,0.149146
0,0.1352756
0,0.13552146
0,0.13129589
0,0.13079906
0,0.13320944
0,0.18864702
0,0.15527993
0,0.23357682
0,0.18709017
0,0.26149273
0,0.19143075
0,0.25672123
0,0.18773371
0,0.2784159
0,0.19421755
0,0.17634313
0,0.15338495
0,0.15265775
0,0.15069525
0,0.14251849
0,0.14792846
0,0.229779
0,0.17926903
0,0.2717175
0,0.19274606
0,0.27278453
0,0.19273075
0,0.21975471
0,0.17402239
0,0.17083533
0,0.1616858
0,0.15649797
0,0.14738876
0,0.13877283
0,0.13127635
0,0.19851428
0,0.16315226
0,0.15174454
0,0.14206716
0,0.20846604
0,0.17753468
0,0.24308798
0,0.1759047
0,0.15880065
0,0.1473153
0,0.16424516
0,0.14822587
0,0.15288171
0,0.14766675
0,0.15389353
0,0.16333607
0,0.25085545
0,0.20115358
0,0.3530411
0,0.30108336
0,0.2863454
0,0.24842592
0,0.3577956
0,0.25780803
0,0.2803069
0,0.23144929
0,0.22405693
0,0.19557774
0,0.1683438
0,0.15413429
0,0.15185821
0,0.14491609
0,0.20366916
0,0.16117908
0,0.23125523
0,0.1675515
0,0.3002382
0,0.21972205
0,0.2703657
0,0.19085062
0,0.22338805
0,0.1660507
0,0.17996974
0,0.14741936
0,0.13748866
0,0.13019077
0,0.13209824
0,0.132721
0,0.19575173
0,0.1700101
0,0.2880168
0,0.22349066
0,0.34561184
0,0.23486494
0,0.3146151
0,0.22481862
0,0.23217958
0,0.1825752
0,0.18464062
0,0.1563298
0,0.15325627
0,0.14236727
0,0.13911325
0,0.1284713
0,0.14585061
0,0.13427342
0,0.20060095
0,0.16953406
0,0.23490265
0,0.18217246
0,0.28054246
0,0.1878691
0,0.23748784
0,0.19492064
0,0.21582556
0,0.192018
0,0.17261387
0,0.15918356
0,0.28144023
0,0.24624605
0,0.3667039
0,0.28973648
0,0.44188538
0,0.38781327
0,0.53620565
0,0.3911478
0,0.41472903
0,0.30973506
0,0.31967533
0,0.25032237
0,0.21756567
0,0.18409309
0,0.15702279
0,0.14118172
0,0.13139248
0,0.1272319
0,0.17874154
0,0.14653158
0,0.16057391
0,0.14309102
0,0.18953602
0,0.15930189
0,0.18091826
0,0.1550459
0,0.16763489
0,0.1485109
0,0.14782505
0,0.13382253
0,0.12831597
0,0.12407047
0,0.17384316
0,0.14907148
0,0.20421886
0,0.1624346
0,0.25304234
0,0.19527416
0,0.2923338
0,0.21188648
0,0.24095526
0,0.16874348
0,0.19925155
0,0.16141632
0,0.14397964
0,0.13637173
0,0.13439764
0,0.13065948
0,0.12578191
0,0.12763064
0,0.17857336
0,0.15208812
0,0.15175785
0,0.14595297
0,0.15736334
0,0.14485133
0,0.14977092
0,0.14509691
0,0.15994169
0,0.14923064
0,0.15931687
0,0.1610213
0,0.16565247
0,0.17708714
0,0.26265705
0,0.21655928
0,0.34801787
0,0.27451262
0,0.4460461
0,0.33208895
0,0.46611503
0,0.37076482
0,0.4304763
0,0.3063577
0,0.30329496
0,0.20347589
0,0.17843235
0,0.15841016
0,0.144836
0,0.14092152
0,0.23340197
0,0.18275845
0,0.28121608
0,0.18535446
0,0.30477497
0,0.19996856
0,0.25773787
0,0.1816684
0,0.19172232
0,0.1619311
0,0.16235048
0,0.14966227
0,0.14036854
0,0.12898858
0,0.13052572
0,0.13484004
0,0.12901917
0,0.1302657
0,0.20269005
0,0.16760983
0,0.28180522
0,0.22745457
0,0.2706933
0,0.17985952
0,0.20757669
0,0.17039958
0,0.17012027
0,0.14774583
0,0.13929905
0,0.14051555
0,0.13303527
0,0.13344793
0,0.20502724
0,0.16951124
0,0.28919727
0,0.20215751
0,0.16325562
0,0.15398894
0,0.18375784
0,0.15878181
0,0.17510696
0,0.15560848
0,0.15403149
0,0.14145212
0,0.13805598
0,0.13289082
0,0.13085365
0,0.13346258
0,0.21117342
0,0.17469883
0,0.3229429
0,0.2663929
0,0.39729384
0,0.287545
0,0.33462366
0,0.22456445
0,0.23047377
0,0.17393231
0,0.16965911
0,0.15404722
0,0.14484453
0,0.13540518
0,0.13538338
0,0.13972142
0,0.13822699
0,0.14833802
0,0.1384608
0,0.13350904
0,0.19749989
0,0.18032652
0,0.22797507
0,0.23653938
0,0.22110651
0,0.19158106
0,0.20090233
0,0.16940553
0,0.16703242
0,0.16513991
0,0.25283104
0,0.17765887
0,0.37721196
0,0.30473685
0,0.40209508
0,0.25636512
0,0.36222574
0,0.31073838
0,0.32157242
0,0.20899257
0,0.24744207
0,0.1852331
0,0.18108791
0,0.15971543
0,0.14564928
0,0.13630912
0,0.21650542
0,0.17167342
0,0.14696003
0,0.1387803
0,0.13520159
0,0.13153364
0,0.13143216
0,0.12526874
0,0.17042409
0,0.15532763
0,0.17376491
0,0.15057904
0,0.15796407
0,0.15572771
0,0.15153795
0,0.14413239
0,0.15242414
0,0.14925794
0,0.24398851
0,0.20461129
0,0.18268129
0,0.17112324
0,0.24133843
0,0.18987143
0,0.20606567
0,0.16524978
0,0.18542472
0,0.15131961
0,0.14835322
0,0.14207149
0,0.1423114
0,0.14279836
0,0.13739575
0,0.1349181
0,0.2010885
0,0.1734962
0,0.24166241
0,0.18226725
0,0.23673518
0,0.1780171
0,0.19641909
0,0.16690226
0,0.17224325
0,0.14934276
0,0.15555109
0,0.14600477
0,0.14118628
0,0.14383465
0,0.14329648
0,0.14274211
0,0.14720671
0,0.14566436
0,0.22280285
0,0.18170477
0,0.24830577
0,0.1977241
0,0.21735515
0,0.17003268
0,0.18910615
0,0.18043876
0,0.16276293
0,0.15430148
0,0.1596977
0,0.15052621
0,0.24358134
0,0.19746657
0,0.17483361
0,0.16617689
0,0.25318936
1,0.19217658
1,0.23301023
1,0.17249244
1,0.19582477
1,0.15826648
1,0.17431413
1,0.14688781
1,0.1442022
1,0.13806929
1,0.1423705
1,0.15493333
1,0.24336135
1,0.20256788
1,0.3438504
1,0.26269275
0,0.9681289
0,0.8903209
0,0.88338375
0,0.7885034
0,0.75191534
0,0.667453
0,0.648849
0,0.5244443
0,0.4635973
0,0.36590528
0,0.33890098
0,0.30924013
0,0.43912655
0,0.32880318
0,0.48273295
0,0.34919608
0,0.56214786
0,0.46699786
0,0.5534288
0,0.4407171
0,0.48482254
0,0.36257538
0,0.36877105
0,0.33278677
0,0.29651725
0,0.25692165
0,0.37524903
0,0.27462843
0,0.21223795
0,0.2043992
0,0.27323142
0,0.20987456
0,0.2903764
0,0.24408375
0,0.19584033
0,0.17085126
0,0.1889131
0,0.15451968
0,0.14975022
0,0.14168063
0,0.13112184
0,0.13748208
0,0.1498774
0,0.14824976
0,0.27098858
0,0.23365554
0,0.19635867
0,0.17028384
0,0.15814278
0,0.14925292
0,0.17792514
0,0.15409027
0,0.1757005
0,0.15957719
0,0.15879476
0,0.15577078
0,0.13882807
0,0.13831776
0,0.14081493
0,0.14118008
0,0.18969844
0,0.15353213
0,0.21440876
0,0.1640524
0,0.24916616
0,0.18676268
0,0.23865132
0,0.17275542
0,0.15138373
0,0.14113927
0,0.14886193
0,0.13392317
0,0.12811668
0,0.12640557
0,0.19707248
0,0.16311765
0,0.24605139
0,0.20162365
0,0.29031047
0,0.19882424
0,0.27235502
0,0.18304443
0,0.21503863
0,0.16435051
0,0.16143677
0,0.156308
0,0.1528393
0,0.14212124
0,0.12911034
0,0.12686884
0,0.1273617
0,0.12787555
0,0.17942718
0,0.15028946
0,0.26990208
0,0.22640525
0,0.28299356
0,0.18882671
0,0.2408344
0,0.17924935
0,0.1831604
0,0.15701401
0,0.14650711
0,0.13661677
0,0.14060117
0,0.1387628
0,0.19628154
0,0.16064744
0,0.14620188
0,0.14436583
0,0.2136026
0,0.18130127
0,0.21706663
0,0.16234456
0,0.17651787
0,0.14929315
0,0.15427364
0,0.13707271
0,0.13664712
0,0.12957695
0,0.1281878
0,0.12807375
0,0.18814015
0,0.15964428
0,0.24203725
0,0.1911864
0,0.28680396
0,0.21525437
0,0.3130256
0,0.23629244
0,0.28720626
0,0.18755265
0,0.22961818
0,0.17096198
0,0.15742981
0,0.14146948
0,0.14366838
0,0.13444507
0,0.19000633
0,0.15667482
0,0.2425427
0,0.18459742
0,0.26004955
0,0.17405133
0,0.21881303
0,0.1665314
0,0.1715992
0,0.15319891
0,0.15540037
0,0.14725271
0,0.14005858
0,0.13545829
0,0.13567053
0,0.13351078
0,0.12690479
0,0.12924497
0,0.13013427
0,0.13234444
0,0.13741899
0,0.14513072
0,0.14512838
0,0.16275117
0,0.15783416
0,0.17129837
0,0.18058294
0,0.19983037
0,0.22527917
0,0.22492376
0,0.24364096
0,0.25315195
0,0.27824438
0,0.3019921
0,0.28600278
0,0.27885467
0,0.27400434
0,0.2702174
0,0.2673663
0,0.2653664
0,0.26596957
0,0.2709415
0,0.39145604
0,0.31397802
0,0.42993876
0,0.34839508
0,0.45719326
0,0.36963946
0,0.4688996
0,0.35935363
0,0.38034835
0,0.32253078
0,0.30764186
0,0.27118
0,0.24081269
0,0.21710992
0,0.20751874
0,0.19556086
0,0.18801819
0,0.17632027
0,0.22897676
0,0.17634153
0,0.22266117
0,0.16919322
0,0.20039597
0,0.16368127
0,0.16023143
0,0.14792356
0,0.15182279
0,0.14573728
0,0.14896141
0,0.15544616
0,0.22617361
0,0.18635404
0,0.2904625
0,0.22641735
0,0.36029986
0,0.28012457
0,0.402362
0,0.30849653
0,0.38081345
0,0.28304714
0,0.2518871
0,0.18378147
0,0.16307399
0,0.15997624
0,0.15410946
0,0.13716987
0,0.13128918
0,0.12757081
0,0.17597944
0,0.14666262
0,0.19425905
0,0.15423921
0,0.19150688
0,0.15538776
0,0.14693709
0,0.13500318
0,0.14558795
0,0.13360488
0,0.12904483
0,0.13298394
0,0.13535716
0,0.14194912
0,0.2073407
0,0.17887504
0,0.25712934
0,0.20558482
0,0.29430452
0,0.22573431
0,0.21878783
0,0.20012607
0,0.22328836
0,0.18746871
0,0.19699848
0,0.17920727
0,0.17292085
0,0.16782373
0,0.17288674
0,0.17407134
0,0.26861483
0,0.21931937
0,0.3313919
0,0.24392559
0,0.36921403
0,0.27739584
0,0.32401562
0,0.22013617
0,0.24396487
0,0.17755558
0,0.15303077
0,0.14364833
0,0.14308733
0,0.1364755
0,0.13615525
0,0.13706233
0,0.20457178
0,0.16804755
0,0.23924343
0,0.18310304
0,0.25521022
0,0.18520668
0,0.2241954
0,0.16889314
0,0.19474396
0,0.16323291
0,0.14731796
0,0.14051363
0,0.14294748
0,0.13843507
0,0.13626206
0,0.13611142
0,0.20062497
0,0.16672634
0,0.24447283
0,0.18834606
0,0.16373609
0,0.15227304
0,0.14156252
0,0.14210784
0,0.14651026
0,0.14628495
0,0.23518746
0,0.1996355
0,0.31594998
0,0.24880645
0,0.3714474
0,0.27202985
0,0.31877524
0,0.24981828
0,0.34482986
0,0.24537027
0,0.25463432
0,0.1723919
0,0.17378111
0,0.15131636
0,0.14124122
0,0.13303013
0,0.12928075
0,0.12793808
0,0.19961411
0,0.17191604
0,0.29412535
0,0.23687884
0,0.3316784
0,0.29114407
0,0.30072582
0,0.22168683
0,0.18708569
0,0.18224804
0,0.16342898
0,0.14908764
0,0.14180735
0,0.1333656
0,0.20761418
0,0.17367223
0,0.30703172
0,0.22653271
0,0.30053258
0,0.21588565
0,0.32335985
0,0.23367175
0,0.18185124
0,0.1642028
0,0.17584226
0,0.1633432
0,0.15014651
0,0.13702945
0,0.13635163
0,0.13637964
0,0.21132782
0,0.17969608
0,0.30826348
0,0.2365748
0,0.38589287
0,0.27570286
0,0.3277011
0,0.2327594
0,0.259979
0,0.18655187
0,0.16663288
0,0.15833443
0,0.1486611
0,0.13753992
0,0.13161305
0,0.26718557
0,0.17620373
0,0.15735541
0,0.24439204
0,0.17830263
0,0.30682492
0,0.22571279
0,0.26300704
0,0.18408342
0,0.20813484
0,0.18392892
0,0.18009712
0,0.15028967
0,0.14919013
0,0.14309125
0,0.13396694
0,0.13644925
0,0.19564289
0,0.16399418
0,0.23688738
0,0.1779831
0,0.27589697
0,0.212921
0,0.26020637
0,0.17588513
0,0.23099774
0,0.23599346
0,0.23828577
0,0.19322334
0,0.18879947
0,0.1834313
0,0.16513099
0,0.1622846
0,0.25905535
0,0.19414745
0,0.3567324
0,0.32245708
0,0.3852294
0,0.26315978
0,0.32727957
0,0.22579317
0,0.25566155
0,0.1908184
0,0.18777713
0,0.16308177
0,0.14402051
0,0.13676701
0,0.20171608
0,0.17231892
0,0.2996926
0,0.22701053
0,0.330076
0,0.2226675
0,0.3272367
0,0.2198726
0,0.18565749
0,0.1571436
0,0.14771271
0,0.13820131
0,0.13008596
0,0.12840094
0,0.12690087
0,0.12750167
0,0.13108751
0,0.12889233
0,0.19959997
0,0.16864438
0,0.25277078
0,0.19198471
0,0.27061158
0,0.19882591
0,0.25821158
0,0.19796945
0,0.20460524
0,0.17493649
0,0.17086539
0,0.15106493
0,0.2322182
0,0.1730635
0,0.16284494
0,0.14680263
0,0.23968303
0,0.1723348
0,0.3069931
0,0.2292161
0,0.29524657
0,0.22199097
0,0.25315312
0,0.17845038
0,0.18404569
0,0.15589547
0,0.16220893
0,0.15594442
0,0.14310947
0,0.14107996
0,0.21100895
0,0.16965774
0,0.25645128
0,0.17853156
0,0.31531554
0,0.22553194
0,0.3240908
0,0.24987872
0,0.30052167
0,0.36894828
0,0.28682062
0,0.22639814
0,0.20607299
0,0.18327098
0,0.26853016
0,0.18852334
0,0.3026898
0,0.2115794
0,0.17324394
0,0.15567096
0,0.2594587
0,0.18797
0,0.24973175
0,0.17971346
0,0.17241868
0,0.15283245
0,0.15701841
0,0.14254926
0,0.13821994
0,0.1396197
0,0.21852511
0,0.17858277
0,0.28053507
0,0.19721419
0,0.38303557
0,0.29748505
0,0.45347416
0,0.3512432
0,0.4100414
0,0.31639332
0,0.34409705
0,0.25897375
0,0.2525754
0,0.22851296
0,0.22133203
0,0.19177672
0,0.18292437
0,0.1760021
0,0.3259346
0,0.2753316
0,0.45179495
0,0.3557158
0,0.32805228
0,0.28276813
0,0.34045795
0,0.23459795
0,0.2596221
0,0.19086531
0,0.19118488
0,0.15643448
0,0.15045495
0,0.14975746
0,0.14655972
0,0.14103857
0,0.22652301
0,0.1838918
0,0.30004108
0,0.21536078
0,0.32650727
0,0.26629812
0,0.306275
0,0.24186699
0,0.23963204
0,0.17906968
0,0.17900969
0,0.15613237
0,0.14581065
0,0.14580551
0,0.1446665
0,0.1324746
0,0.19211346
0,0.16097797
0,0.29258427
0,0.24080546
0,0.1853842
0,0.17585427
0,0.16188416
0,0.16114803
0,0.14317137
0,0.13618073
0,0.13144077
0,0.13028844
0,0.13127415
0,0.12849838
0,0.18030222
0,0.15329829
0,0.24068806
0,0.19821346
0,0.33184293
0,0.25093046
0,0.33397058
0,0.26148254
0,0.3136283
0,0.2131279
0,0.22879383
0,0.1794752
0,0.17393078
0,0.15928183
0,0.25294924
0,0.18273972
0,0.30752918
0,0.22447395
0,0.3759035
0,0.26735756
0,0.38299486
0,0.29828352
0,0.36370862
0,0.2840538
0,0.3057268
0,0.22451401
0,0.17418885
0,0.15248173
0,0.14736582
0,0.13424109
0,0.20303234
0,0.16585135
0,0.27640566
0,0.263664
0,0.38236758
0,0.26725772
0,0.35517985
0,0.23272139
0,0.33053777
0,0.24708343
0,0.2852252
0,0.24133435
0,0.23163392
0,0.1777099
0,0.16926472
0,0.14230743
0,0.20786186
0,0.16432817
0,0.26284385
0,0.19132966
0,0.29696575
0,0.21108039
0,0.32597923
0,0.24435745
0,0.318876
0,0.2307947
0,0.19175163
0,0.1564797
0,0.15874773
0,0.13775231
0,0.1370214
0,0.12992334
0,0.20107192
0,0.17017378
0,0.2763637
0,0.20697019
0,0.32844812
0,0.2289434
0,0.3555592
0,0.24517706
0,0.29946136
0,0.21495223
0,0.24482706
0,0.18362418
0,0.18806274
0,0.15735595
0,0.15204202
0,0.14520133
0,0.31943634
0,0.29880375
0,0.41348696
0,0.30230355
0,0.4352447
0,0.3035541
0,0.39846727
0,0.26787478
0,0.32280877
0,0.22653052
0,0.24321546
0,0.18365577
0,0.17503424
0,0.14750755
0,0.14411934
0,0.14287344
0,0.13876583
0,0.14771046
0,0.23888832
0,0.19350216
0,0.34113744
0,0.256445
0,0.34119523
0,0.22206485
0,0.3012774
0,0.22413968
0,0.24180867
0,0.19569449
0,0.18886389
0,0.19201183
0,0.15470874
0,0.14193378
0,0.19912437
0,0.15486374
0,0.24454936
0,0.18058865
0,0.2832742
0,0.21263148
0,0.1863442
0,0.16968551
0,0.21819234
0,0.1746734
0,0.19636731
0,0.16601726
0,0.17268074
0,0.1791818
0,0.15670991
0,0.16108699
0,0.23146822
0,0.16822068
0,0.16018067
0,0.1501381
0,0.24014576
0,0.18015635
0,0.27947968
0,0.21728373
0,0.19720595
0,0.22313361
0,0.25121737
0,0.23890297
0,0.2012418
0,0.17339928
0,0.15281385
0,0.13904989
0,0.1336324
0,0.1303658
0,0.12980093
0,0.13091758
0,0.18841809
0,0.15818897
0,0.2053843
0,0.16225892
0,0.19620611
0,0.16259898
0,0.17411132
0,0.15124008
0,0.14778174
0,0.14604901
0,0.14016213
0,0.13437757
0,0.2061977
0,0.17339957
0,0.2687718
0,0.19713424
0,0.1690378
0,0.15407662
0,0.20697516
0,0.18902566
0,0.22672918
0,0.16422531
0,0.17513376
0,0.15091465
0,0.14796352
0,0.13354002
0,0.12974548
0,0.12743406
0,0.23399678
0,0.21128072
0,0.18015566
0,0.17581901
0,0.30133972
0,0.22103503
0,0.30627126
0,0.23091105
0,0.26115006
0,0.19056131
0,0.19205351
0,0.16653389
0,0.15846278
0,0.14931308
0,0.14370096
0,0.1429464
0,0.21475497
0,0.17193891
0,0.26860556
0,0.1865393
0,0.32030722
0,0.23427574
0,0.19489387
0,0.16369645
0,0.2156057
0,0.18182224
0,0.1949453
0,0.16347307
0,0.15097782
0,0.13941824
0,0.1355783
0,0.1325856
0,0.21113202
0,0.17652462
0,0.28039166
0,0.20397374
0,0.33561447
0,0.23912163
0,0.32211152
0,0.25146478
0,0.2574181
0,0.17991827
0,0.18035683
0,0.15540333
0,0.15019423
0,0.1426863
0,0.13355301
0,0.12973496
0,0.18644986
0,0.15427819
0,0.21769503
0,0.16855043
0,0.28385496
0,0.20665824
0,0.28746915
0,0.19602174
0,0.16913846
0,0.16245899
0,0.17363282
0,0.1656167
0,0.15860061
0,0.14556956
0,0.1443185
0,0.13444519
0,0.19449086
0,0.15895164
0,0.24583995
0,0.1809526
0,0.27784157
0,0.1914763
0,0.24747986
0,0.18445033
0,0.23755004
0,0.2186296
0,0.17610689
0,0.15248512
0,0.14788114
0,0.14229205
0,0.1342282
0,0.12903063
0,0.19584605
0,0.16631271
0,0.289256
0,0.22442381
0,0.3267363
0,0.21435522
0,0.28507605
0,0.2300735
0,0.23745875
0,0.19116844
0,0.63792074
0,0.7164055
0,0.5007751
0,0.38268954
0,0.5121285
0,0.3656743
0,0.32202107
0,0.25482577
0,0.3993964
0,0.28658438
0,0.42130476
0,0.30802992
0,0.34621313
0,0.25966004
0,0.28245708
0,0.20840445
0,0.19108897
0,0.16298696
0,0.16130523
0,0.14429566
0,0.24498865
0,0.19539288
0,0.18050736
0,0.17891696
0,0.32096204
0,0.28220055
0,0.38752264
0,0.28238738
0,0.33131647
0,0.26553756
0,0.23587905
0,0.19138944
0,0.18415204
0,0.16576478
0,0.17001441
0,0.15848291
0,0.27843294
0,0.23750274
0,0.34695438
0,0.26448515
0,0.42133313
0,0.30481318
0,0.36072803
0,0.24260801
0,0.30067736
0,0.22242679
0,0.20809983
0,0.16415772
0,0.18499692
0,0.15049618
0,0.24686433
0,0.18662855
0,0.2829061
0,0.19438651
0,0.31041166
0,0.23044139
0,0.48036072
0,0.4157982
0,0.4487611
0,0.32587653
0,0.25276062
0,0.19504236
0,0.2247906
0,0.17781746
0,0.17416048
0,0.16135037
0,0.30843663
0,0.24066696
0,0.1822176
0,0.15880807
0,0.30604526
0,0.24214578
0,0.40563878
0,0.31289864
0,0.36457267
0,0.2556871
0,0.2738873
0,0.20805457
0,0.21187708
0,0.17837426
0,0.1732559
0,0.1496189
0,0.27705154
0,0.23839161
0,0.39803657
0,0.30435836
0,0.4092752
0,0.28220937
0,0.3818509
0,0.2723203
0,0.3550813
0,0.23971556
0,0.27953276
0,0.20209794
0,0.19436131
0,0.16902994
0,0.15934429
0,0.14207922
0,0.13440214
0,0.12978494
0,0.18930136
0,0.15659134
0,0.15151763
0,0.14594336
0,0.21787521
0,0.2967327
0,0.42930079
0,0.35445857
0,0.26541725
0,0.21367769
0,0.22552085
0,0.20063767
0,0.21867469
0,0.1958861
0,0.16077359
0,0.14528665
0,0.25455824
0,0.20583048
0,0.4380694
0,0.3737181
0,0.45892155
0,0.30915028
0,0.36299333
0,0.26238814
0,0.30000007
0,0.22571439
0,0.2098887
0,0.17444842
0,0.1514324
0,0.14660323
0,0.26418048
1,0.21205172
1,0.32608995
1,0.22808042
1,0.4105466
1,0.36189264
1,0.2522317
1,0.20642768
1,0.24420069
1,0.17645934
1,0.20656417
1,0.17281224
1,0.16596003
1,0.14949456
1,0.15725596
1,0.16093233
0,0.9255465
0,0.73092735
0,0.81235665
0,0.6652367
0,0.5660423
0,0.4527858
0,0.5950212
0,0.44100356
0,0.50834966
0,0.40229273
0,0.33158162
0,0.2673909
0,0.26129037
0,0.22372682
0,0.20420316
0,0.1777487
0,0.318549
0,0.24403237
0,0.42298478
0,0.36193994
0,0.51400805
0,0.39026722
0,0.52896786
0,0.38286653
0,0.30884105
0,0.2497356
0,0.28812388
0,0.21822804
0,0.18053347
0,0.16104218
0,0.14763857
0,0.14649343
0,0.14358261
0,0.1477208
0,0.25729978
0,0.21043439
0,0.35488242
0,0.2491244
0,0.19210902
0,0.1585425
0,0.16250013
0,0.16023806
0,0.43591335
0,0.44843465
0,0.34877402
0,0.29960328
0,0.28486472
0,0.24671783
0,0.5831171
0,0.5674435
0,0.6861299
0,0.53169286
0,0.6462914
0,0.48044962
0,0.51851714
0,0.3660461
0,0.38215494
0,0.29555157
0,0.22741072
0,0.1939281
0,0.1715621
0,0.16436377
0,0.15869759
0,0.14908355
0,0.25071535
0,0.19435407
0,0.38238692
0,0.29680675
0,0.4467817
0,0.35167858
0,0.4112546
0,0.293405
0,0.31739485
0,0.25083885
0,0.23867935
0,0.19204879
0,0.1781423
0,0.153976
0,0.13584441
0,0.13416885
0,0.12493136
0,0.12733142
0,0.19608416
0,0.16420187
1,0.23288278
1,0.1777566
1,0.24230425
1,0.17456447
1,0.20995294
1,0.16322663
1,0.18355328
1,0.17565788
1,0.15846564
1,0.15106797
1,0.13995339
1,0.13620906
1,0.21376388
1,0.17336737
1,0.33034012
0,0.9721997
0,0.90948695
0,0.82826716
0,0.8288124
0,0.70328516
0,0.5888911
0,0.50054944
0,0.43956515
0,0.36784574
0,0.339845
0,0.28224495
0,0.22360834
0,0.24018379
0,0.24281406
0,0.20211455
0,0.19746237
0,0.20585382
0,0.35326976
0,0.30031094
0,0.39517808
0,0.31886128
0,0.36157638
0,0.29542977
0,0.29160696
0,0.23493023
0,0.19920008
0,0.17230631
0,0.17330888
0,0.15235144
0,0.23747826
0,0.19877534
0,0.1763941
0,0.16240828
0,0.16283
0,0.15019065
0,0.1875448
0,0.16241471
0,0.17654881
0,0.15633243
0,0.16057552
0,0.14507897
0,0.13852209
0,0.13488588
0,0.13148949
0,0.13027504
0,0.2006323
0,0.1670733
0,0.2532844
0,0.193095
0,0.3111955
0,0.24482937
0,0.19368485
0,0.16250382
0,0.19147602
0,0.16049862
0,0.15863569
0,0.15056613
0,0.14384823
0,0.14115825
0,0.14187698
0,0.13793722
0,0.14265846
0,0.14144829
0,0.22510023
0,0.18330984
0,0.24977946
0,0.17418338
0,0.16007918
0,0.15871482
0,0.17196462
0,0.16700152
0,0.1592201
0,0.51358116
0,0.3427965
0,0.25248393
0,0.55483675
0,0.48490468
0,0.61692464
0,0.43845984
0,0.5703207
0,0.3911696
0,0.47290915
0,0.31370026
0,0.34361437
0,0.24789488
0,0.20819692
0,0.18196979
0,0.17683256
0,0.16528012
0,0.14419831
0,0.13632591
0,0.2512572
0,0.20853458
0,0.2009027
0,0.16596514
0,0.16240977
0,0.15027125
0,0.19072148
0,0.15539084
0,0.18731974
0,0.1569142
0,0.15914227
0,0.15596375
0,0.1497512
0,0.14208966
0,0.13987777
0,0.13827111
0,0.21268636
0,0.17230004
0,0.27345952
0,0.19913928
0,0.32966453
0,0.2295567
0,0.2983632
0,0.20995909
0,0.23779331
0,0.17797868
0,0.18718398
0,0.15603027
0,0.15100233
0,0.14358068
0,0.13666002
0,0.13039373
0,0.20153311
0,0.16709559
0,0.26024097
0,0.18902753
0,0.3877063
0,0.31541002
0,0.20924574
0,0.17219616
0,0.2022414
0,0.15733492
0,0.16091007
0,0.1443376
0,0.13838907
0,0.13845082
0,0.13602951
0,0.1370916
0,0.22630478
0,0.1881052
0,0.33074757
0,0.24026495
0,0.34539744
0,0.2173273
0,0.26930064
0,0.19465838
0,0.22482394
0,0.17537506
0,0.17487104
0,0.16866735
0,0.14914049
0,0.139023
0,0.13838014
0,0.1362259
0,0.23295932
0,0.6352593
0,0.41867176
0,0.31330115
0,0.23124579
0,0.26414716
0,0.31911892
0,0.23901689
0,0.20365655
0,0.1707888
0,0.18059027
0,0.16348544
0,0.1485283
0,0.13797157
0,0.13022612
0,0.1298529
0,0.19703399
0,0.16220082
0,0.29176638
0,0.22209436
0,0.18406251
0,0.15965685
0,0.2008261
0,0.16038784
0,0.20882608
0,0.26306498
0,0.23909453
0,0.19181366
0,0.17260985
0,0.1507494
0,0.2585454
0,0.21527776
0,0.35310975
0,0.2601649
0,0.42316645
0,0.3119495
0,0.41530576
0,0.3138793
0,0.3384188
0,0.24904315
0,0.24397695
0,0.1958847
0,0.1691934
0,0.15616855
0,0.13622524
0,0.1321241
0,0.1375099
0,0.13608748
0,0.20616585
0,0.17016207
0,0.27532303
0,0.19976497
0,0.30819368
0,0.2337371
0,0.2605013
0,0.19952588
0,0.21040773
0,0.17196658
0,0.15358756
0,0.14563309
0,0.13908899
0,0.1330532
0,0.20869361
0,0.17988896
0,0.16044378
0,0.15184236
0,0.14273645
0,0.13554478
0,0.18017553
0,0.14949428
0,0.17822158
0,0.1581804
0,0.16474788
0,0.14830871
0,0.15433927
0,0.14478466
0,0.13388093
0,0.13934208
0,0.21265876
0,0.17535771
0,0.3255927
0,0.27091786
0,0.43776187
0,0.32019773
0,0.38026878
0,0.26475823
0,0.28662056
0,0.20822859
0,0.1961467
0,0.15745656
0,0.14848527
0,0.14117299
0,0.13520487
0,0.13138936
0,0.2124926
0,0.18147145
0,0.296162
0,0.22332601
0,0.33283013
0,0.218445
0,0.32951456
0,0.24429236
0,0.2732051
0,0.21025673
0,0.20618638
0,0.17865068
0,0.15404
0,0.13982588
0,0.13821279
0,0.13924322
0,0.13933216
0,0.13958429
0,0.22260055
0,0.18452099
0,0.28848353
0,0.23432279
0,0.28901812
0,0.23040959
0,0.23852006
0,0.17748031
0,0.18353608
0,0.15912785
0,0.15437452
0,0.1503514
0,0.14856233
0,0.14233072
0,0.2307076
0,0.22231044
0,0.35988137
0,0.26298943
0,0.20094742
0,0.17969567
0,0.22236428
0,0.16243635
0,0.20692503
0,0.16219276
0,0.15141109
0,0.14183421
0,0.14527173
0,0.1374839
0,0.13667072
0,0.13881092
0,0.24979448
0,0.24768922
0,0.20392786
0,0.17093684
0,0.24023588
0,0.16567455
0,0.19612099
0,0.17015721
0,0.18051659
0,0.15097113
0,0.14983118
0,0.13994578
0,0.1385031
0,0.13226822
0,0.1327138
0,0.13287675
0,0.192726
0,0.15901227
0,0.24006434
0,0.18765418
0,0.2696597
0,0.20072769
0,0.2643481
0,0.18242015
0,0.18952937
0,0.1521086
0,0.15578014
0,0.14463557
0,0.1369869
0,0.13365737
0,0.23331982
0,0.1945127
0,0.39132035
0,0.31367552
0,0.50609833
0,0.36781505
0,0.26617008
0,0.21747422
0,0.24567828
0,0.17793287
0,0.16035491
0,0.15042111
0,0.14585571
0,0.13598187
0,0.13131267
0,0.14511928
0,0.21628888
0,0.17151618
0,0.29173318
0,0.20697981
0,0.38466626
0,0.28193653
0,0.35377485
0,0.24366458
0,0.20765011
0,0.16227384
0,0.14251657
0,0.15568794
0,0.13996598
0,0.13553455
0,0.13298705
0,0.12690632
0,0.20548725
0,0.17043631
0,0.4331148
0,0.43406793
0,0.5396756
0,0.38499945
0,0.43956563
0,0.30463305
0,0.22299147
0,0.17985776
0,0.17911637
0,0.14643142
0,0.14375289
0,0.14436749
0,0.2253281
0,0.17673686
0,0.28051108
0,0.1962534
0,0.32419223
0,0.22878298
0,0.35980165
0,0.2418632
0,0.28965986
0,0.20285416
0,0.21439618
0,0.18597654
0,0.15969767
0,0.14443612
0,0.13697827
0,0.13072835
0,0.18779123
0,0.15506925
0,0.25755697
0,0.20505102
0,0.34172544
0,0.23194009
0,0.9432098
0,0.98637867
0,0.9254962
0,0.8618705
0,0.8430752
0,0.7357871
0,0.64381087
0,0.5519923
0,0.48007876
0,0.3925333
0,0.62097836
0,0.4916834
0,0.6756749
0,0.53325963
0,0.6755045
0,0.5113494
0,0.6187486
0,0.4536876
0,0.53617764
0,0.46171054
0,0.45209542
0,0.34500375
0,0.29147094
0,0.23684686
0,0.44029287
0,0.32545838
0,0.53510284
0,0.41984808
0,0.43276873
0,0.32532018
0,0.32018307
0,0.22006626
0,0.31097415
0,0.21068929
0,0.26764047
0,0.1996236
0,0.22207719
0,0.20992613
0,0.17552578
0,0.1516606
0,0.14147691
0,0.14383207
0,0.22362444
0,0.1760645
0,0.30687928
0,0.21409348
0,0.33441535
0,0.22215356
0,0.31486276
0,0.20558381
0,0.17102663
0,0.14711173
0,0.1603998
0,0.14628051
0,0.14060834
0,0.13550144
0,0.132518
0,0.14309233
0,0.19628726
0,0.16271646
0,0.24762881
0,0.19098057
0,0.32937494
0,0.22268954
0,0.31741655
0,0.21393058
0,0.23841144
0,0.18179922
0,0.15558273
0,0.16673355
0,0.1527069
0,0.14582498
0,0.22500251
0,0.17034033
0,0.16181624
0,0.14574039
0,0.13762687
0,0.1322087
0,0.13086559
0,0.13002884
0,0.16370466
0,0.1422813
0,0.13540117
0,0.13255385
0,0.14805363
0,0.14229542
0,0.14215107
0,0.13739333
0,0.14321023
0,0.14584413
0,0.24594286
0,0.20173253
0,0.33624712
0,0.2578722
0,0.43626285
0,0.34595877
0,0.41494733
0,0.3284079
0,0.2483208
0,0.20742308
0,0.16708344
0,0.15121566
0,0.15821093
0,0.14104633
0,0.1481774
0,0.13419978
0,0.12681502
0,0.12338986
0,0.1261865
0,0.1285034
0,0.19001697
0,0.16394378
0,0.20961122
0,0.17035933
0,0.15443228
0,0.15121718
0,0.16295129
0,0.14755136
0,0.14917819
0,0.15501231
0,0.26876757
0,0.21858774
0,0.3695469
0,0.2746648
0,0.49408343
0,0.38776118
0,0.5951904
0,0.43887997
0,0.4992354
0,0.32513106
0,0.31598052
0,0.22329822
0,0.20639904
0,0.18036112
0,0.15333511
0,0.13829754
0,0.7399802
0,0.90453637
0,0.7381178
0,0.59628177
0,0.49623197
0,0.39117745
0,0.35083663
0,0.27932715
0,0.3764939
0,0.28375813
0,0.34360504
0,0.25443056
0,0.2428422
0,0.18300898
0,0.17208926
0,0.14944828
0,0.27946857
0,0.2015964
0,0.4356381
0,0.3465188
0,0.528207
0,0.37649104
0,0.48097908
0,0.3342632
0,0.40097335
0,0.28232107
0,0.298174
0,0.25510937
0,0.2198703
0,0.17748868
0,0.14232019
0,0.14105217
0,0.13939153
0,0.13487715
0,0.2074034
0,0.17827949
0,0.15668438
0,0.14791076
0,0.14320804
0,0.13786307
0,0.13741568
0,0.13934587
0,0.15536316
0,0.14547832
0,0.16621432
0,0.15841678
0,0.15609895
0,0.1450191
0,0.252148
0,0.19684757
0,0.39288482
0,0.35121143
0,0.27444613
0,0.22989227
0,0.35486424
0,0.25294086
0,0.29252917
0,0.20767541
0,0.21665743
0,0.20350365
0,0.17792068
0,0.17014082
0,0.15906243
0,0.16701862
0,0.3104804
0,0.2202204
0,0.38052735
0,0.26553628
0,0.38527614
0,0.26163232
0,0.31654182
0,0.21528503
0,0.24916759
0,0.18690851
0,0.17112462
0,0.14759135
0,0.1466957
0,0.13195704
0,0.20499708
0,0.16597751
0,0.298909
0,0.21740068
0,0.4057572
0,0.3082104
0,0.4527222
0,0.34384724
0,0.41104797
0,0.29239136
0,0.2963222
0,0.20235859
0,0.20326613
0,0.16585365
0,0.15150411
0,0.14705575
0,0.13407874
0,0.13234603
0,0.1945003
0,0.23478702
0,0.17983443
0,0.17601134
0,0.32631883
0,0.2434732
0,0.324665
0,0.26634043
0,0.26596045
0,0.19391789
0,0.20943627
0,0.17069513
0,0.15387906
0,0.14290641
0,0.13701668
0,0.13062136
0,0.18554948
0,0.15145794
0,0.25618824
0,0.18471576
0,0.298658
0,0.21176873
0,0.2633899
0,0.17586222
0,0.20791733
0,0.1715347
0,0.16338614
0,0.15574007
0,0.1454699
0,0.13629217
0,0.13593523
0,0.13477547
0,0.21630949
0,0.18919887
0,0.38601694
0,0.30430046
0,0.4024254
0,0.27526432
0,0.32280684
0,0.23500447
0,0.25077587
0,0.19799799
0,0.18810639
0,0.15783307
0,0.1506503
0,0.13373879
0,0.12909366
0,0.13484104
0,0.21016054
0,0.16775072
0,0.27455366
0,0.18565306
0,0.30041063
0,0.19374473
0,0.24736424
0,0.17599986
0,0.19137727
0,0.15331249
0,0.15638034
0,0.14362518
0,0.14206813
0,0.13652462
0,0.13131915
0,0.12874457
0,0.20385256
0,0.1678934
0,0.29672533
0,0.21601065
0,0.38172975
0,0.2858217
0,0.20269807
0,0.17487472
1,0.1513561
1,0.15105538
1,0.14964613
1,0.14049618
1,0.13292049
1,0.13846493
1,0.13577323
1,0.14813262
1,0.14029881
1,0.13912204
1,0.24061827
1,0.1997668
1,0.30691376
1,0.2240523
1,0.27797878
0,0.96808195
0,0.8653952
0,0.7488468
0,0.7021879
0,0.5725909
0,0.46707857
0,0.41394082
0,0.60233057
0,0.4446116
0,0.6340656
0,0.46787605
0,0.70537734
0,0.60760725
0,0.6376842
0,0.50603527
0,0.49904346
0,0.38980123
0,0.39537275
0,0.29957113
0,0.29029396
0,0.26013628
0,0.21060422
0,0.22380856
0,0.18291879
0,0.16201206
0,0.3366207
0,0.26120013
0,0.22227788
0,0.19420433
0,0.2242553
0,0.15586235
0,0.19141866
0,0.15605311
0,0.16830415
0,0.15411806
0,0.14801393
0,0.14463894
0,0.14037101
0,0.15022296
0,0.15733299
0,0.15194067
0,0.25772494
0,0.20014346
0,0.3398288
0,0.23166437
0,0.17605402
0,0.15650152
0,0.1802741
0,0.15426892
0,0.16031103
0,0.1484749
0,0.14433277
0,0.13919006
0,0.13413426
0,0.12791127
0,0.20102613
0,0.1611146
0,0.2621586
0,0.19242485
0,0.32634836
0,0.22469689
0,0.17424725
0,0.15865487
0,0.17570631
0,0.15212694
0,0.16372305
0,0.14965785
0,0.1419409
0,0.13671385
0,0.12967408
0,0.12988323
0,0.22148766
0,0.18153936
0,0.16159436
0,0.14965604
0,0.23412329
0,0.19776393
0,0.26559123
0,0.20515686
0,0.23949453
0,0.2028424
0,0.17418578
0,0.15002747
0,0.14785556
0,0.13963355
0,0.233443
0,0.18457948
0,0.35457054
0,0.24767146
0,0.39728114
0,0.28516832
0,0.19078122
0,0.1583101
0,0.21075568
0,0.16241828
0,0.14832525
0,0.13902207
0,0.14343625
0,0.13304326
0,0.1399092
0,0.14082313
0,0.23980777
0,0.19380388
0,0.3522501
0,0.24751191
0,0.19130015
0,0.16182835
0,0.25225076
0,0.18353802
0,0.15594822
0,0.14357549
0,0.14553674
0,0.13887449
0,0.13986528
0,0.13104883
0,0.1286073
0,0.13045575
0,0.20680882
0,0.16793647
0,0.3077626
0,0.22597367
0,0.37731993
0,0.24849683
0,0.33298725
0,0.2286582
0,0.20610607
0,0.16265993
0,0.18363993
0,0.15770115
0,0.14912276
0,0.1357847
0,0.13260233
0,0.1310199
0,0.22407475
0,0.17686781
0,0.3255977
0,0.2298441
0,0.3950985
0,0.26969156
0,0.34196395
0,0.23214264
0,0.26843745
0,0.19536416
0,0.15999047
0,0.14459871
0,0.1444546
0,0.13210706
0,0.12615329
0,0.1274995
0,0.12814862
0,0.12794048
0,0.19440836
0,0.16521856
0,0.24705958
0,0.17836314
0,0.25591847
0,0.18027718
0,0.21376486
0,0.17568448
0,0.19650908
0,0.1682572
0,0.15647821
0,0.14301728
0,0.13991238
0,0.13221289
0,0.13390197
0,0.13082942
0,0.20723857
0,0.16428845
0,0.25845063
0,0.18859217
0,0.1652594
0,0.15116364
0,0.17852505
0,0.15902962
0,0.16483852
0,0.14986593
0,0.14310484
0,0.13371369
0,0.13219357
0,0.13702807
0,0.13808447
0,0.13688205
0,0.22258942
0,0.18171562
0,0.27774045
0,0.20219778
0,0.27507138
0,0.21327943
0,0.2385941
0,0.17800204
0,0.15844084
0,0.14894657
0,0.14728075
0,0.14667338
0,0.23470406
0,0.18756661
0,0.16928634
0,0.15919974
0,0.30985144
0,0.23734117
0,0.36510244
0,0.2529505
0,0.19836105
0,0.16275865
0,0.17936547
0,0.15163273
0,0.14764592
0,0.13580859
0,0.13852216
0,0.13022175
0,0.21230152
0,0.17182238
0,0.28766763
0,0.20127456
0,0.35493827
0,0.23388457
0,0.34255993
0,0.2100864
0,0.28978488
0,0.20864671
0,0.23840974
0,0.18766904
0,0.17324497
0,0.1517769
0,0.14291254
0,0.13647504
0,0.21346284
0,0.17004228
0,0.30371293
0,0.2108526
0,0.18075947
0,0.15829289
0,0.22546631
0,0.16998576
0,0.21839786
0,0.15945558
0,0.1806894
0,0.16307819
0,0.14518742
0,0.13771477
0,0.13657583
0,0.1296732
0,0.20385724
0,0.1640232
0,0.302766
0,0.2238111
0,0.37922525
0,0.26758587
0,0.37356725
0,0.25098574
0,0.28539607
0,0.20660152
0,0.24637951
0,0.19258098
0,0.17266192
0,0.15175183
0,0.13993913
0,0.13441567
0,0.26641348
0,0.22028092
0,0.17235528
0,0.15163936
0,0.26373887
0,0.18331093
0,0.16007228
0,0.14969394
0,0.1808411
0,0.16438647
0,0.16932262
0,0.14840601
0,0.13783582
0,0.12999319
0,0.13237596
0,0.13121474
0,0.1282385
0,0.12903959
0,0.20763123
0,0.16906671
0,0.30226633
0,0.22990148
0,0.33598
0,0.23144375
0,0.27672434
0,0.19263199
0,0.20822617
0,0.16599366
0,0.15760645
0,0.1450787
0,0.15503718
0,0.15335354
0,0.14234893
0,0.13715178
0,0.24686664
0,0.19077887
0,0.31287706
0,0.20459472
0,0.28090838
0,0.1978765
0,0.1809608
0,0.15685523
0,0.1660329
0,0.14549226
0,0.14485635
0,0.14002877
0,0.1302692
0,0.12777346
0,0.22575764
0,0.19183822
0,0.16950949
0,0.16124207
0,0.14723921
0,0.14779353
0,0.19135295
0,0.16170299
0,0.17848897
0,0.1539841
0,0.14456138
0,0.14073892
0,0.1475913
0,0.1555615
0,0.15530454
0,0.153414
0,0.15157238
0,0.15194337
0,0.25785443
0,0.20019104
0,0.17634971
0,0.1613914
0,0.22130255
0,0.17835075
0,0.19282115
0,0.16333288
0,0.14848024
0,0.15044898
0,0.14473106
0,0.13953577
0,0.13812755
0,0.13978475
0,0.23680921
0,0.19766541
0,0.3395123
0,0.25248215
0,0.39002496
0,0.27315375
0,0.3284514
0,0.21774228
0,0.24064554
0,0.18029876
0,0.1786532
0,0.15285319
0,0.14427742
0,0.13703826
0,0.12925741
0,0.12610294
0,0.21192728
0,0.17668726
0,0.32063004
0,0.23717672
0,0.3429608
0,0.23420817
0,0.1922912
0,0.15937118
0,0.20848577
0,0.16269036
0,0.2102396
0,0.16635625
0,0.15139657
0,0.14187787
0,0.27555075
0,0.22882408
0,0.18478538
0,0.16329826
0,0.3029587
0,0.21155152
0,0.17890751
0,0.15598789
0,0.18919358
0,0.15413776
0,0.17720747
0,0.15199938
0,0.15280375
0,0.14084794
0,0.24714707
0,0.18378593
0,0.4073569
0,0.33324996
0,0.5232944
0,0.3703482
0,0.50948304
0,0.34158233
0,0.43963152
0,0.3080714
0,0.34433147
0,0.24728319
0,0.20387837
0,0.16930686
0,0.15651283
0,0.14217031
0,0.13595253
0,0.13342778
0,0.1300429
0,0.12759833
0,0.19411832
0,0.16067576
0,0.24842358
0,0.1784817
0,0.26287898
0,0.18018295
0,0.23666501
0,0.18318619
0,0.20104039
0,0.15908776
0,0.15909456
0,0.14301546
0,0.13545427
0,0.13217336
0,0.21769357
0,0.1742745
0,0.31501332
0,0.21840063
0,0.38358232
0,0.25649166
0,0.34318617
0,0.22789359
0,0.26165533
0,0.17756592
0,0.18312256
0,0.15501907
0,0.15479666
0,0.13736609
0,0.13054927
0,0.12662055
0,0.13002041
0,0.12873213
0,0.12888785
0,0.126437
0,0.1937898
0,0.15843204
0,0.22986297
0,0.17850651
0,0.21771547
0,0.1681435
0,0.1797884
0,0.15648127
0,0.15505598
0,0.14823416
0,0.13641116
0,0.14284769
0,0.14482747
0,0.14582555
0,0.15025236
0,0.1553068
0,0.26796556
0,0.22536048
0,0.18945737
0,0.1808234
0,0.21159351
0,0.18446389
0,0.19309811
0,0.16436191
0,0.16249153
0,0.15064509
0,0.14162086
0,0.14041434
0,0.13660929
0,0.13873306
0,0.15769616
0,0.162838
0,0.19219872
0,0.19845232
0,0.24639334
0,0.20878078
0,0.22823387
0,0.19125988
0,0.20160013
0,0.17790136
0,0.17809218
0,0.16791372
0,0.16435117
0,0.16883057
0,0.16944902
0,0.17446797
0,0.3079207
0,0.25718048
0,0.35442585
0,0.26079786
0,0.35966325
0,0.27977479
0,0.3252445
0,0.23375161
0,0.2262123
0,0.18068267
0,0.1640867
0,0.15425007
0,0.14673866
0,0.14340821
0,0.24687135
0,0.19404303
0,0.36230412
0,0.26801777
0,0.5173893
0,0.39571616
0,0.26740655
0,0.20724468
0,0.2552289
0,0.19599578
0,0.1870882
0,0.16017193
0,0.14616323
0,0.1338043
0,0.13111676
0,0.1286507
0,0.23033759
0,0.2073853
0,0.37191895
0,0.25105408
0,0.36260054
0,0.24647138
0,0.19523813
0,0.16533633
0,0.19188221
0,0.16552395
0,0.161618
0,0.14638497
0,0.13922468
0,0.13504569
0,0.13541315
0,0.13293536
0,0.22896303
0,0.18601511
0,0.33501285
0,0.2656271
0,0.39326888
0,0.27427542
0,0.33351836
0,0.2523143
0,0.19924156
0,0.16992065
0,0.16531746
0,0.14534508
0,0.14103054
0,0.13022166
0,0.1352342
0,0.13104741
0,0.22012952
0,0.17538767
0,0.30823028
0,0.21983042
0,0.17250824
0,0.15181567
0,0.18424523
0,0.15616918
0,0.17104147
0,0.1518399
0,0.13848712
0,0.13239685
0,0.13283174
0,0.126173
0,0.14421059
0,0.14091237
0,0.25041705
0,0.20130935
0,0.17291479
0,0.16057271
0,0.2314381
0,0.18046227
0,0.22062644
0,0.17091008
0,0.18111904
0,0.16581616
0,0.15816833
0,0.15008657
0,0.13877
0,0.1348535
0,0.14035589
0,0.1382914
0,0.24097101
0,0.19086993
0,0.29493007
0,0.19773091
0,0.31250316
0,0.22219327
0,0.27123532
0,0.19253017
0,0.20093006
0,0.16125908
0,0.15774915
0,0.14206088
0,0.14488931
0,0.13487059
0,0.2637168
0,0.22494522
0,0.43290186
0,0.32336164
0,0.4515069
0,0.2908824
0,0.39504576
0,0.30278912
0,0.3345026
0,0.23296103
0,0.23998713
0,0.1812592
0,0.16881728
0,0.14697704
0,0.14351209
0,0.13499428
0,0.1304765
0,0.12799229
0,0.21366648
0,0.17177849
0,0.15121932
0,0.13897401
0,0.19855818
0,0.17749678
0,0.19732699
0,0.15840688
0,0.17026246
0,0.14932707
0,0.13818024
0,0.13060343
0,0.14317784
0,0.13430169
0,0.13383791
0,0.13895336
0,0.2363629
0,0.18905449
0,0.35020453
0,0.31855544
0,0.3940905
0,0.29957417
0,0.22423193
0,0.17543498
0,0.17917885
0,0.15716895
0,0.14641131
0,0.14934546
0,0.1878192
0,0.16597158
0,0.18318586
0,0.1683883
0,0.2909305
0,0.20162678
0,0.3282292
0,0.21774909
0,0.3385479
0,0.2420054
0,0.29673252
0,0.20103864
0,0.19188912
0,0.16191782
0,0.15100591
0,0.14538553
0,0.1325679
0,0.12969367
0,0.21111971
0,0.17198896
0,0.28536496
0,0.19975008
0,0.3169594
0,0.23475072
0,0.27646482
0,0.19837777
0,0.22103919
0,0.1797292
0,0.16956891
0,0.14838591
0,0.14116067
0,0.1320349
0,0.12664592
0,0.12980314
0,0.20276102
0,0.16358943
0,0.29996026
0,0.22245157
0,0.32696745
0,0.22377855
0,0.2933757
0,0.20030649
0,0.16856523
0,0.14909251
0,0.15408103
0,0.14569207
0,0.14716649
0,0.13957334
0,0.13289103
0,0.13245778
0,0.21931429
0,0.17435575
0,0.291308
0,0.19247936
0,0.16209507
0,0.14974618
0,0.14321741
0,0.13870856
0,0.15816925
0,0.14826319
0,0.14819287
0,0.13579506
0,0.13321692
0,0.13487904
0,0.13170743
0,0.13606176
0,0.27122045
0,0.23353978
0,0.2216463
0,0.1925435
0,0.17004654
0,0.15896952
0,0.18800451
0,0.16196053
0,0.17029028
0,0.15589076
0,0.14276937
0,0.13747366
0,0.14166197
0,0.14168142
0,0.14790748
0,0.15283816
0,0.2656569
0,0.2072328
0,0.17742614
0,0.16886966
0,0.22833717
0,0.18735068
0,0.21181029
0,0.17536348
0,0.19177546
0,0.16188216
0,0.16439046
0,0.16469522
0,0.15861517
0,0.1538342
0,0.1633003
0,0.15692668
0,0.28019178
0,0.22673848
0,0.34807754
0,0.22868174
0,0.32290956
0,0.2170301
0,0.29085365
0,0.2094673
0,0.21045046
0,0.17753063
0,0.16470593
0,0.14564273
0,0.14045611
0,0.13108884
0,0.13235736
0,0.1341542
0,0.21467766
0,0.17302845
0,0.15266296
0,0.14657152
0,0.18401307
0,0.1510505
0,0.18472606
0,0.1519035
0,0.1593581
0,0.14238389
0,0.14846839
0,0.14383031
0,0.13748106
0,0.13890454
0,0.13477898
0,0.14305161
0,0.25140175
0,0.20612863
0,0.32417747
0,0.22820733
0,0.30189076
0,0.21740833
0,0.252129
0,0.19358195
0,0.18669316
0,0.1585539
0,0.15152186
0,0.14341444
0,0.24707717
0,0.1855629
0,0.18234496
0,0.15888591
0,0.3045373
0,0.22249086
0,0.35439897
0,0.2394267
0,0.30455408
0,0.20536715
0,0.23198837
0,0.1794061
0,0.17941602
0,0.151669
0,0.14662795
0,0.13815689
0,0.1303858
0,0.12829171
0,0.20849288
0,0.16744953
0,0.40831214
0,0.35776758
0,0.2497952
0,0.19453374
0,0.26728758
0,0.19746104
0,0.23861672
0,0.1809407
0,0.17931712
0,0.16069213
0,0.15169661
0,0.13743745
0,0.13087931
0,0.12753022
0,0.13173753
0,0.13115904
0,0.13014178
0,0.12963352
0,0.12848337
0,0.13340381
0,0.18589862
0,0.1544018
0,0.17756589
0,0.16819112
0,0.17737913
0,0.16611417
0,0.15836681
0,0.14717649
0,0.1538154
0,0.1546129
0,0.30489957
0,0.24467432
0,0.2076228
0,0.18821503
0,0.2801267
0,0.22513516
0,0.31992117
0,0.24623069
0,0.25655577
0,0.19622475
0,0.16753261
0,0.14477208
0,0.13847949
0,0.13751361
0,0.130993
0,0.13172904
0,0.24839503
0,0.20581391
0,0.34794608
0,0.24834591
0,0.37470073
0,0.2566356
0,0.29687998
0,0.22442828
0,0.23586865
0,0.1764151
0,0.1671066
0,0.14785662
0,0.13775286
0,0.13385294
0,0.13459972
0,0.1322872
0,0.22673036
0,0.18109596
0,0.29946217
0,0.19338939
0,0.30580854
0,0.21935505
0,0.2738992
0,0.20771784
0,0.21125071
0,0.16906801
0,0.15270382
0,0.14418724
0,0.13373885
0,0.13050666
0,0.2317383
0,0.19324407
0,0.16136377
0,0.15398899
0,0.2689945
0,0.19543038
0,0.2704324
0,0.18207332
0,0.2322518
0,0.17884667
0,0.15706582
0,0.14197071
0,0.14357157
0,0.13202927
0,0.13121602
0,0.13175327
0,0.12591147
0,0.12720786
0,0.2349584
0,0.19899023
0,0.33963677
0,0.2653367
0,0.3445058
0,0.2377438
0,0.26038954
0,0.1915069
0,0.1692622
0,0.15400365
0,0.15845838
0,0.14745302
0,0.13879591
0,0.13415153
0,0.13099496
0,0.12688856
0,0.2306107
0,0.19001172
0,0.30790284
0,0.2116029
0,0.29255635
0,0.20307401
0,0.24431248
0,0.18940939
0,0.18150549
0,0.15117238
0,0.14966671
0,0.14290194
0,0.13268588
0,0.12678358
0,0.22805665
0,0.196314
0,0.36691165
0,0.26870158
0,0.39385262
0,0.26306307
0,0.36523658
0,0.28246352
0,0.29747924
0,0.25559753
0,0.24110381
0,0.20077062
0,0.17292474
0,0.17147833
0,0.16440442
0,0.1496761
0,0.3263053
0,0.2719233
0,0.20703726
0,0.16821387
0,0.2749349
0,0.18895286
0,0.17025247
0,0.6088438
0,0.42448422
0,0.33558342
0,0.30127534
0,0.25286826
0,0.2082495
0,0.1832174
0,0.15736127
0,0.14883402
0,0.304569
0,0.23307855
0,0.39931345
0,0.27333567
0,0.4025857
0,0.2861399
0,0.36697114
0,0.2830251
0,0.21192859
0,0.17908181
0,0.1789389
0,0.14927359
0,0.1424745
0,0.14158216
0,0.13509007
0,0.13058423
0,0.2456005
0,0.19502342
0,0.35643736
0,0.25134933
0,0.38690814
0,0.3004645
0,0.25555164
0,0.20502006
0,0.22274543
0,0.18511242
0,0.15855159
0,0.14691387
0,0.13707231
0,0.13418691
0,0.13244879
0,0.12721018
0,0.25386745
0,0.21819095
0,0.38269708
0,0.2543757
0,0.20810254
0,0.17899844
0,0.22540478
0,0.16814789
0,0.19096993
0,0.15789373
0,0.1571937
0,0.14079717
0,0.1365791
0,0.13283826
0,0.243636
0,0.20156662
0,0.43425417
0,0.3430533
0,0.25106126
0,0.19013166
0,0.2887628
0,0.20855835
0,0.26243633
0,0.18314156
0,0.21385194
0,0.16754818
0,0.16079766
0,0.14676295
0,0.1383058
0,0.127895
0,0.123600334
0,0.12902163
0,0.24102904
0,0.199588
0,0.30974132
0,0.19891009
0,0.29722914
0,0.20624131
0,0.24744123
0,0.17737514
0,0.18399967
0,0.15865675
0,0.15459819
0,0.14092845
0,0.15195078
0,0.14175989
0,0.13372411
0,0.13262276
0,0.2265611
0,0.1823436
0,0.29071563
0,0.1906233
0,0.27499264
0,0.18933417
0,0.2317056
0,0.18101403
0,0.19131845
0,0.15598999
0,0.15205738
0,0.14821568
0,0.15117428
0,0.14707482
0,0.13931331
0,0.13785343
0,0.2498491
0,0.19733848
0,0.16257177
0,0.14919876
0,0.19454618
0,0.15992896
0,0.19044715
0,0.15967506
0,0.16400199
0,0.1457903
0,0.14812723
0,0.14238106
0,0.13936289
0,0.13495997
0,0.13408834
0,0.13239026
0,0.1346045
0,0.14419281
0,0.2207604
0,0.17717178
0,0.23670407
0,0.1955084
0,0.19573514
0,0.17235133
0,0.16055398
0,0.15271196
0,0.15560396
0,0.14482348
0,0.14088078
0,0.14505804
0,0.1510692
0,0.14865953
0,0.26198626
0,0.21442406
0,0.32246098
0,0.23862052
0,0.31524342
0,0.2253521
0,0.2449954
0,0.17758553
0,0.18472727
0,0.15105626
0,0.14420073
0,0.1356048
0,0.13470984
0,0.13432795
0,0.22830305
0,0.18862183
0,0.35719627
0,0.25982967
0,0.38818064
0,0.26022685
0,0.3147069
0,0.21220122
0,0.22392961
0,0.17079416
0,0.16642797
0,0.14617337
0,0.13691483
0,0.13752756
0,0.13017991
0,0.13068129
0,0.22581825
0,0.18443382
0,0.35355562
0,0.2610488
0,0.20268586
0,0.1648834
0,0.21846275
0,0.16382828
0,0.18228248
0,0.16901001
0,0.14886895
0,0.14398646
0,0.13753128
0,0.13056798
0,0.13359095
0,0.13042463
0,0.26630235
0,0.23472503
0,0.4092275
0,0.28531528
0,0.38212126
0,0.2644628
0,0.19168657
0,0.17128365
0,0.19686793
0,0.19207874
0,0.18823498
0,0.1570902
0,0.14422582
0,0.14101441
0,0.47939143
0,0.55757093
0,0.6961783
0,0.5102601
0,0.59928554
0,0.3909302
0,0.49944437
0,0.36073464
0,0.42578676
0,0.31294933
0,0.31573707
0,0.24040252
0,0.24620205
0,0.19640824
0,0.39744604
0,0.3191085
0,0.4752299
0,0.36304417
0,0.27633092
0,0.22485551
0,0.37011287
0,0.24881157
0,0.31092542
0,0.21712394
0,0.23206455
0,0.18488057
0,0.21030542
0,0.16653365
0,0.154581
0,0.1362218
0,0.13049401
0,0.13077486
0,0.12441396
0,0.12088742
0,0.20464845
0,0.17054477
0,0.24609531
0,0.18090157
0,0.25332093
0,0.19213507
0,0.22642544
0,0.16866161
0,0.1778172
0,0.15206741
0,0.15255627
0,0.14169258
0,0.13666889
0,0.13206646
0,0.23423336
0,0.19479638
0,0.38271642
0,0.2909051
0,0.2354454
0,0.19891928
0,0.23715116
0,0.18619142
0,0.23587011
0,0.17945635
0,0.15426941
0,0.14335947
0,0.13937481
0,0.13125491
0,0.27904537
0,0.29581898
0,0.21176824
0,0.1715372
0,0.37336823
0,0.28343794
0,0.4098708
0,0.25928187
0,0.37715897
0,0.26451567
0,0.29222935
0,0.21187858
0,0.2170672
0,0.17069684
0,0.16669264
0,0.14829971
0,0.13905786
0,0.13651957
0,0.128777
0,0.12360974
0,0.19526164
0,0.15941745
0,0.23470911
0,0.18455069
0,0.27192765
0,0.20005617
0,0.17533995
0,0.15932104
0,0.14152557
0,0.13164623
0,0.12329746
0,0.122934334
0,0.124298565
0,0.12813014
0,0.12971887
0,0.13606948
0,0.1399228
0,0.1521145
0,0.1698464
0,0.18053137
0,0.18732968
0,0.19768599
0,0.19456418
0,0.20774852
0,0.22466306
0,0.22840986
0,0.22792464
0,0.23723288
0,0.25128248
0,0.2517991
0,0.25727516
0,0.26061055
0,0.25315526
0,0.26693213
0,0.26022226
0,0.27913743
0,0.27346608
0,0.27203354
0,0.26901343
0,0.27378228
0,0.29064158
0,0.3076547
0,0.3368987
0,0.31639278
0,0.308809
0,0.3824167
0,0.34789687
0,0.3402042
0,0.31053704
0,0.30521297
0,0.29197487
0,0.28585765
0,0.26331103
0,0.2709213
0,0.27004203
0,0.26835927
0,0.2593208
0,0.26335812
0,0.26289263
0,0.25710368
0,0.26615533
0,0.26332995
0,0.24861106
0,0.25880885
0,0.27179676
0,0.27378342
0,0.27059692
0,0.27044484
0,0.26979083
0,0.26583993
0,0.257439
0,0.26401278
0,0.27125537
0,0.28367072
0,0.27734515
0,0.27097932
0,0.2790575
0,0.2689873
0,0.27201712
0,0.26632994
0,0.2949472
0,0.27644613
0,0.279667
0,0.2693103
0,0.26816317
0,0.27446848
0,0.2638532
0,0.26205516
0,0.25753754
0,0.27141622
0,0.25507686
0,0.25658792
0,0.26048073
0,0.25703183
0,0.2560814
0,0.26003072
0,0.25498152
0,0.2597333
0,0.2673941
0,0.26290318
0,0.2622408
0,0.25750178
0,0.25990826
0,0.25895685
0,0.25859037
0,0.25488406
0,0.25681818
0,0.2582752
0,0.27014276
0,0.27347854
0,0.26632312
0,0.3020956
0,0.27475008
0,0.27217692
0,0.2684795
0,0.28221357
0,0.3055531
0,0.32379967
0,0.32803333
0,0.30017406
0,0.2912176
0,0.34406862
0,0.29629132
0,0.28607523
0,0.27407342
0,0.27071846
0,0.27593192
0,0.27368733
0,0.26658565
0,0.26156238
0,0.45289066
0,0.37878162
0,0.5542246
0,0.44182786
0,0.3625125
0,0.32515335
0,0.40557727
0,0.3090339
0,0.341916
0,0.26227966
0,0.26140386
0,0.21130386
0,0.19734038
0,0.17150266
0,0.15717621
0,0.15563263
0,0.15503325
0,0.15210646
0,0.23772751
0,0.18976665
0,0.27300587
0,0.1886684
0,0.24756591
0,0.18664312
0,0.20940924
0,0.16864397
0,0.17109026
0,0.15147693
0,0.15068613
0,0.14273655
0,0.14453122
0,0.14290434
0,0.288118
0,0.23525572
0,0.38115364
0,0.28418553
0,0.41769463
0,0.25960013
0,0.3135778
0,0.19712904
0,0.21892554
0,0.16123094
0,0.16216078
0,0.14839904
0,0.13937895
0,0.1308402
0,0.12801997
0,0.126234
0,0.12803401
0,0.13364384
0,0.2153154
0,0.17846814
0,0.24038436
0,0.17210999
0,0.213498
0,0.16320722
0,0.1750434
0,0.14967702
0,0.15584768
0,0.143836
0,0.13900968
0,0.1388572
0,0.13704333
0,0.14037345
0,0.15048242
0,0.15463729
0,0.2499578
0,0.20304799
0,0.17836122
0,0.17437814
0,0.20543215
0,0.16802567
0,0.18770616
0,0.18439685
0,0.17602581
0,0.16421919
0,0.15660836
0,0.15791903
0,0.15543444
0,0.16362824
0,0.19878146
0,0.20751081
0,0.35991156
0,0.28562903
0,0.38338244
0,0.28604206
0,0.25266284
0,0.23066877
0,0.23916149
0,0.20357345
0,0.20190534
0,0.19271637
0,0.19609828
0,0.19618271
0,0.20686541
0,0.20924807
0,0.24005894
0,0.24894576
0,0.32040584
0,0.27978295
0,0.3846344
0,0.30988473
0,0.35391775
0,0.28536066
0,0.30776775
0,0.26626134
0,0.26188114
0,0.24321195
0,0.23264092
0,0.23202911
0,0.22640532
0,0.23344092
0,0.41414374
0,0.3538644
0,0.4693527
0,0.35895693
0,0.41630745
0,0.29615036
0,0.24910067
0,0.21088754
0,0.20892066
0,0.17091615
0,0.15970539
0,0.14980768
0,0.14159468
0,0.14262263
0,0.14901213
0,0.15754022
0,0.17184766
0,0.18124798
0,0.2028187
0,0.20924892
0,0.19711138
0,0.20462377
0,0.20416869
0,0.21174398
0,0.20927021
0,0.22112468
0,0.23101564
0,0.2362158
0,0.2536375
0,0.26338425
0,0.26380688
0,0.28792685
0,0.29431015
0,0.30755475
0,0.3618842
0,0.31820917
0,0.28127146
0,0.28770107
0,0.28612208
0,0.282929
0,0.28432277
0,0.27063975
0,0.2675809
0,0.26096186
0,0.30788144
0,0.2865293
0,0.27380136
0,0.28123385
0,0.28826013
0,0.27948028
0,0.28639114
0,0.30285525
0,0.29337636
0,0.29315916
0,0.3043192
0,0.300384
0,0.286563
0,0.33322442
0,0.2996851
0,0.2899424
0,0.28529674
0,0.29514775
0,0.28579444
0,0.28050876
0,0.3008831
0,0.2942709
0,0.2872754
0,0.36162713
0,0.31153366
0,0.3080343
0,0.2916808
0,0.28263718
0,0.28164896
0,0.2755732
0,0.3232942
0,0.28809112
0,0.27065885
0,0.27025542
0,0.27122766
0,0.28079075
0,0.27683324
0,0.28145555
0,0.27645838
0,0.27190456
0,0.2721533
0,0.266199
0,0.28169662
0,0.28862703
0,0.29119653
0,0.30030793
0,0.31753713
0,0.3117222
0,0.3066692
0,0.30640107
0,0.30497214
0,0.30438468
0,0.2840296
0,0.2880297
0,0.27045742
0,0.27897146
0,0.27578995
0,0.28774443
0,0.27187872
0,0.27713874
0,0.26827642
0,0.281285
0,0.26635808
0,0.27606562
0,0.2701974
0,0.2757805
0,0.2824926
0,0.27787966
0,0.29123002
0,0.28435615
0,0.27051815
0,0.27483922
0,0.27720198
0,0.2752847
0,0.2758406
0,0.273794
0,0.2815413
0,0.27417997
0,0.2763701
0,0.28013447
0,0.27452424
0,0.27149966
0,0.26397
0,0.26786357
0,0.25533134
0,0.26189372
0,0.25228542
0,0.258906
0,0.2614561
0,0.26385027
0,0.25429696
0,0.26119938
0,0.252337
0,0.25728667
0,0.24991678
0,0.2541062
0,0.25827107
0,0.26765057
0,0.27620134
0,0.2678361
0,0.278995
0,0.28669015
0,0.27652186
0,0.2689436
0,0.27879807
0,0.27624428
0,0.26216877
0,0.26029688
0,0.2534448
0,0.2676516
0,0.31134853
0,0.27768344
0,0.28878018
0,0.30467263
0,0.29436222
0,0.29031247
0,0.29456097
0,0.2756634
0,0.28601137
0,0.2710765
0,0.3043096
0,0.27550662
0,0.28302255
0,0.3396034
0,0.30886874
0,0.29501832
0,0.28462988
0,0.27156094
0,0.28036794
0,0.28435698
0,0.29206276
0,0.2695976
0,0.2770487
0,0.27922457
0,0.27744618
0,0.2769297
0,0.27057695
0,0.27151823
0,0.27285945
0,0.2727097
0,0.3131956
0,0.30173212
0,0.28870505
0,0.29631877
0,0.28520113
0,0.27784434
0,0.267496
0,0.28410345
0,0.27918586
0,0.27289218
0,0.26296213
0,0.28016317
0,0.2737237
0,0.26919502
0,0.2700296
0,0.2773376
0,0.27886382
0,0.2810828
0,0.26647377
0,0.26600587
0,0.2716192
0,0.27641255
0,0.26891434
0,0.2794656
0,0.2743832
0,0.27138448
0,0.26946223
0,0.27477583
0,0.27143118
0,0.27962732
0,0.27455518
0,0.27948153
0,0.2704767
0,0.27648482
0,0.26904988
0,0.27386558
0,0.26925603
0,0.27415177
0,0.26849648
0,0.27567193
0,0.29297388
0,0.29306737
0,0.27825406
0,0.29093152
0,0.29942107
0,0.2905352
0,0.27671352
0,0.27883497
0,0.27302054
0,0.2761284
0,0.26253262
0,0.26975608
0,0.2633939
0,0.2679304
0,0.2621067
0,0.27301526
0,0.2659558
0,0.2695674
0,0.26610655
0,0.2661423
0,0.25519347
0,0.2784566
0,0.27600652
0,0.27319193
0,0.26412475
0,0.26956892
0,0.2592106
0,0.26527995
0,0.2613528
0,0.2641241
0,0.25490537
0,0.29536352
0,0.28489113
0,0.2802841
0,0.28070572
0,0.27354452
0,0.2577586
0,0.26554677
0,0.28769842
0,0.279609
0,0.27625877
0,0.34222776
0,0.31585908
0,0.2923034
0,0.29051283
0,0.2798386
0,0.26733154
0,0.2708856
0,0.28952703
0,0.28050703
0,0.2936481
0,0.34119353
0,0.29884824
0,0.28617734
0,0.29206872
0,0.2786941
0,0.27756688
0,0.27199256
0,0.30163413
0,0.28366965
0,0.27424517
0,0.26997432
0,0.2857297
0,0.27528363
0,0.27532306
0,0.27529886
0,0.28183037
0,0.2826531
0,0.30933514
0,0.29926872
0,0.29347458
0,0.2772128
0,0.28436074
0,0.28023332
0,0.27531314
0,0.280526
0,0.2812745
0,0.2674493
0,0.29466033
0,0.28340638
0,0.28438833
0,0.28008524
0,0.26985905
0,0.26317483
0,0.27522874
0,0.27405512
0,0.27655637
0,0.2802895
0,0.31490037
0,0.29285938
0,0.27677977
0,0.29213852
0,0.28898257
0,0.2855342
0,0.27119157
0,0.26372123
0,0.26154268
0,0.2666867
0,0.31149882
0,0.2757548
0,0.2649015
0,0.26007405
0,0.2673868
0,0.27278206
0,0.2710492
0,0.2811672
0,0.2826144
0,0.27903074
0,0.3189343
0,0.27996075
0,0.2794401
0,0.2846366
0,0.28545412
0,0.284632
0,0.28206006
0,0.2757202
0,0.27372643
0,0.2906974
0,0.33218616
0,0.30387205
0,0.30778238
0,0.30429432
0,0.28235182
0,0.28748164
0,0.27876183
0,0.2724477
0,0.2732567
0,0.27252176
0,0.27007928
0,0.27121633
0,0.26968762
0,0.27669603
0,0.26974198
0,0.27591926
0,0.27038
0,0.2780816
0,0.27054134
0,0.27530605
0,0.26903352
0,0.2792968
0,0.27250555
0,0.27731603
0,0.2829692
0,0.28461096
0,0.2742651
0,0.29681155
0,0.2776362
0,0.28103578
0,0.27212203
0,0.2695629
0,0.25966373
0,0.2698518
0,0.26612663
0,0.27124196
0,0.26532826
0,0.27116582
0,0.26433238
0,0.2764335
0,0.25513673
0,0.26664004
0,0.27366966
0,0.27210256
0,0.26045072
0,0.2799433
0,0.26538882
0,0.27462527
0,0.26447606
0,0.28155276
0,0.30308557
0,0.30504927
0,0.27401865
0,0.2767059
0,0.27679902
0,0.27553362
0,0.25930786
0,0.26622766
0,0.25382778
0,0.2615538
0,0.28588295
0,0.27787343
0,0.25754836
0,0.30609956
0,0.2837182
0,0.27682263
0,0.26690024
0,0.27059078
0,0.28754038
0,0.30421135
0,0.31200284
0,0.30462578
0,0.28786337
0,0.3477689
0,0.2908247
0,0.28542203
0,0.2812742
0,0.29380387
0,0.30122635
0,0.30286735
0,0.29037115
0,0.29471985
0,0.29378936
0,0.32233518
0,0.28990504
0,0.2799998
0,0.28436577
0,0.27655593
0,0.28754905
0,0.2841416
0,0.27896523
0,0.27101347
0,0.278452
0,0.3003395
0,0.29019907
0,0.2839032
0,0.2716409
0,0.27508855
0,0.26615292
0,0.27415028
0,0.26905432
0,0.26363245
0,0.27220505
0,0.29494858
0,0.26475096
0,0.27495992
0,0.27625063
0,0.27698973
0,0.26512834
0,0.26211146
0,0.27200398
0,0.2901051
0,0.27921718
0,0.3030747
0,0.27485195
0,0.2776691
0,0.26979956
0,0.2758448
0,0.26553032
0,0.2772308
0,0.27144662
0,0.27401382
0,0.2803814
0,0.30651274
0,0.2902868
0,0.27187508
0,0.2753959
0,0.27577838
0,0.2617485
0,0.26740968
0,0.2566499
0,0.26763916
0,0.26747936
0,0.2687425
0,0.27157655
0,0.2838328
0,0.2754684
0,0.27269983
0,0.27088624
0,0.2688862
0,0.2704912
0,0.27971992
0,0.28256086
0,0.2756906
0,0.27173823
0,0.2825756
0,0.27272594
0,0.272377
0,0.26952693
0,0.26772094
0,0.2665807
0,0.27660295
0,0.26923412
0,0.26571313
0,0.2578005
0,0.26289284
0,0.26648274
0,0.28555378
0,0.30567333
0,0.29419565
0,0.28332028
0,0.2848814
0,0.3091516
0,0.28370127
0,0.26902038
0,0.28029412
0,0.27044666
0,0.26677927
0,0.27358496
0,0.27583972
0,0.26548994
0,0.26776588
0,0.2698377
0,0.27313018
0,0.27426386
0,0.31316945
0,0.2907029
0,0.28664032
0,0.28796223
0,0.28482637
0,0.28149784
0,0.2764253
0,0.2745094
0,0.27764642
0,0.27696148
0,0.3124747
0,0.27766275
0,0.28010714
0,0.2667546
0,0.27590838
0,0.27639908
0,0.2697745
0,0.27538186
0,0.2730133
0,0.27293432
0,0.3150447
0,0.27746767
0,0.2942054
0,0.26851055
0,0.274107
0,0.2725891
0,0.2697634
0,0.2859247
0,0.27472964
0,0.2870261
0,0.28082943
0,0.29850033
0,0.2842644
0,0.28843427
0,0.27619636
0,0.27332133
0,0.27165538
0,0.30406898
0,0.28020427
0,0.28563312
0,0.28744668
0,0.27586508
0,0.27262184
0,0.2746202
0,0.26974955
0,0.2674661
0,0.26540673
0,0.34874487
0,0.30110195
0,0.2755986
0,0.28893718
0,0.27529427
0,0.27262512
0,0.27329022
0,0.27674246
0,0.27533203
0,0.26844785
0,0.2648909
0,0.26994926
0,0.26234058
0,0.27676916
0,0.27950644
0,0.26761308
0,0.272365
0,0.28085765
0,0.27768156
0,0.27697247
0,0.2767412
0,0.27611977
0,0.2773646
0,0.2798258
0,0.26872608
0,0.2805551
0,0.27905363
0,0.30076912
0,0.2743026
0,0.27883193
0,0.2789424
0,0.3089949
0,0.2911881
0,0.27449846
0,0.2763055
0,0.2774865
0,0.28743398
0,0.28646293
0,0.3126214
0,0.29045796
0,0.2847627
0,0.2842913
0,0.31587383
0,0.3215626
0,0.2975909
0,0.28095445
0,0.27917308
0,0.3034264
0,0.28540686
0,0.30390573
0,0.28915882
0,0.2856052
0,0.2774701
0,0.27687767
0,0.27635935
0,0.2832283
0,0.28294754
0,0.28641233
0,0.2675643
0,0.32250547
0,0.28565335
0,0.2906288
0,0.26932064
0,0.2708815
0,0.260772
0,0.2628329
0,0.31074587
0,0.28333917
0,0.2779507
0,0.28526253
0,0.28303063
0,0.27856198
0,0.26536107
0,0.2861779
0,0.26807538
0,0.2868416
0,0.2769503
0,0.26920113
0,0.26131728
0,0.27289248
0,0.2744024
0,0.26547837
0,0.26317087
0,0.2724705
0,0.27958435
0,0.27750513
0,0.26211447
0,0.3115689
0,0.29453537
0,0.28808105
0,0.27422
0,0.2811723
0,0.26587397
0,0.27295154
0,0.30501005
0,0.28880203
0,0.26860154
0,0.2751091
0,0.26437756
0,0.2716991
0,0.2611925
0,0.2692595
0,0.26832378
0,0.2632921
0,0.3081052
0,0.28742686
0,0.27052474
0,0.27476013
0,0.26418632
0,0.2709469
0,0.25818935
0,0.26626468
0,0.2688251
0,0.26984665
0,0.25470936
0,0.2647095
0,0.26985162
0,0.26819703
0,0.2822324
0,0.27403843
0,0.2725674
0,0.27057943
0,0.27241644
0,0.27223745
0,0.26959166
0,0.26771292
0,0.2780347
0,0.27953675
0,0.29063094
0,0.29029343
0,0.29342562
0,0.27784386
0,0.2724252
0,0.27178103
0,0.2775166
0,0.27089843
0,0.28351223
0,0.2921857
0,0.28587636
0,0.2979957
0,0.26853183
0,0.26999784
0,0.2657812
0,0.2756842
0,0.28579563
0,0.28164476
0,0.2848748
0,0.2764975
0,0.28030053
0,0.2702236
0,0.2851926
0,0.270039
0,0.26338574
0,0.26366994
0,0.27554733
0,0.266875
0,0.26599553
0,0.26133528
0,0.25626504
0,0.25713333
0,0.26848418
0,0.28534707
0,0.265573
0,0.27362984
0,0.30893624
0,0.28823686
0,0.27896494
0,0.29022348
0,0.28708905
0,0.28310573
0,0.26742432
0,0.26291278
0,0.26963422
0,0.2779782
0,0.29804528
0,0.2852998
0,0.2731177
0,0.27554783
0,0.2631645
0,0.27116674
0,0.2681305
0,0.2708673
0,0.26923874
0,0.2713094
0,0.31773716
0,0.28136814
0,0.2663056
0,0.29072663
0,0.27577308
0,0.2948041
0,0.28041548
0,0.2947851
0,0.28191203
0,0.27262926
0,0.33887732
0,0.29995814
0,0.28631595
0,0.2918155
0,0.2855052
0,0.29738334
0,0.27963358
0,0.27815205
0,0.273343
0,0.2710431
0,0.26615766
0,0.28605127
0,0.28149366
0,0.27199194
0,0.30402744
0,0.3149295
0,0.71569896
0,0.78696984
0,0.6540443
0,0.5839203
0,0.53306365
0,0.453058
0,0.40397245
0,0.34467793
0,0.25222912
0,0.20042649
0,0.1733686
0,0.1649131
0,0.15207608
0,0.14915137
0,0.13485111
0,0.1328136
0,0.13157175
0,0.1295381
0,0.12424993
0,0.12706025
0,0.12897441
0,0.13231374
0,0.13565588
0,0.14492626
0,0.15418775
0,0.16611743
0,0.17814952
0,0.1961395
0,0.2114545
0,0.23142342
0,0.2712884
0,0.26821238
0,0.2791064
0,0.29076663
0,0.2783975
0,0.27758914
0,0.27193022
0,0.2728325
0,0.28825593
0,0.2797348
0,0.2935711
0,0.3003415
0,0.29757965
0,0.2982318
0,0.29373902
0,0.30725828
0,0.28468707
0,0.28066504
0,0.2876281
0,0.285363
0,0.28480437
0,0.27674782
0,0.26911122
0,0.26891136
0,0.28050423
0,0.2746614
0,0.2850489
0,0.27998132
0,0.28030652
0,0.2734105
0,0.2673653
0,0.27079058
0,0.27273354
0,0.26776868
0,0.2744813
0,0.32503635
0,0.28513163
0,0.281988
0,0.30608514
0,0.29566804
0,0.29473034
0,0.2918878
0,0.3306461
0,0.31971732
0,0.32684475
0,0.33320984
0,0.32849756
0,0.3363765
0,0.31353256
0,0.28720853
0,0.3017398
0,0.31512985
0,0.30692887
0,0.30660874
0,0.2985894
0,0.3070626
0,0.29076928
0,0.28269958
0,0.27782235
0,0.2726365
0,0.27394462
0,0.25945908
0,0.26407668
0,0.26661605
0,0.26124716
0,0.26635495
0,0.25481555
0,0.2609222
0,0.2555952
0,0.25110316
0,0.3033811
0,0.28006032
0,0.2828598
0,0.33526585
0,0.3016672
0,0.29770878
0,0.28760538
0,0.28714097
0,0.2869333
0,0.2783336
0,0.32358584
0,0.2984146
0,0.2745014
0,0.28905076
0,0.27975392
0,0.27811724
0,0.273667
0,0.27216408
0,0.27056512
0,0.2879205
0,0.27639258
0,0.27519706
0,0.26420715
0,0.26578408
0,0.28562388
0,0.30165064
0,0.30841374
0,0.3102351
0,0.28362796
0,0.27789837
0,0.2775989
0,0.3019256
0,0.28880566
0,0.28831023
0,0.26750365
0,0.27851108
0,0.27024826
0,0.2667431
0,0.29257798
0,0.28588015
0,0.27303857
0,0.27104914
0,0.2595949
0,0.2720599
0,0.27825713
0,0.27991262
0,0.26639396
0,0.27375633
0,0.3400317
0,0.2905001
0,0.29519352
0,0.28723586
0,0.2892996
0,0.2847659
0,0.2720946
0,0.27682513
0,0.27784598
0,0.277356
0,0.27453148
0,0.2727163
0,0.28169766
0,0.27868026
0,0.26538554
0,0.27190542
0,0.26160204
0,0.2683232
0,0.27192378
0,0.27609184
0,0.26244926
0,0.26891723
0,0.25910312
0,0.266431
0,0.25727966
0,0.26615733
0,0.2601335
0,0.27001062
0,0.2581193
0,0.2793167
0,0.26514018
0,0.2791902
0,0.27232984
0,0.27642766
0,0.261894
0,0.26695186
0,0.26726398
0,0.26735944
0,0.26816383
0,0.26692125
0,0.2662635
0,0.2901213
0,0.29093572
0,0.28061816
0,0.2885287
0,0.2920198
0,0.2931801
0,0.296642
0,0.28009176
0,0.27714083
0,0.2732174
0,0.30352506
0,0.28077573
0,0.2756368
0,0.28347805
0,0.27225503
0,0.27641484
0,0.26945513
0,0.27948457
0,0.27284974
0,0.27189094
0,0.3083792
0,0.28056923
0,0.27241597
0,0.26970828
0,0.26680207
0,0.25508183
0,0.26055646
0,0.27921116
0,0.26674157
0,0.27304
0,0.32579407
0,0.2841898
0,0.2858639
0,0.27214867
0,0.2771303
0,0.27900743
0,0.26639998
0,0.28716275
0,0.2905198
0,0.28447735
0,0.2819194
0,0.28270525
0,0.28080124
0,0.28089744
0,0.278339
0,0.27947232
0,0.2772612
0,0.32838717
0,0.2968192
0,0.27720293
0,0.26892745
0,0.27191183
0,0.27379203
0,0.26286548
0,0.25706834
0,0.25646442
0,0.27221838
0,0.25919384
0,0.2540742
0,0.25856313
0,0.261533
0,0.2652658
0,0.2641631
0,0.26791948
0,0.2675242
0,0.2703189
0,0.26709777
0,0.25803924
0,0.26500446
0,0.26747805
0,0.26722047
0,0.2599635
0,0.26264727
0,0.25479993
0,0.25810435
0,0.26333827
0,0.26319453
0,0.30276346
0,0.29668736
0,0.281601
0,0.29846153
0,0.2834577
0,0.286937
0,0.2700706
0,0.28755715
0,0.2758523
0,0.26822287
0,0.27823406
0,0.29163125
0,0.28280693
0,0.32541317
0,0.3074515
0,0.3103282
0,0.29090178
0,0.27926764
0,0.28940317
0,0.29689994
0,0.27330005
0,0.27781233
0,0.28198585
0,0.28355494
0,0.26730236
0,0.27394915
0,0.2610922
0,0.2693354
0,0.26701364
0,0.27905032
0,0.28040504
0,0.27717644
0,0.29052174
0,0.29316992
0,0.28325963
0,0.28301665
0,0.2669947
0,0.28006986
0,0.26058617
0,0.27632144
0,0.257129
0,0.2742121
0,0.2593788
0,0.27672338
0,0.26085228
0,0.2840471
0,0.3017556
0,0.30211833
0,0.2763394
0,0.2766249
0,0.29206902
0,0.2862854
0,0.27237004
0,0.2797247
0,0.27285632
0,0.28043604
0,0.29031533
0,0.29026067
0,0.27396145
0,0.28060916
0,0.2700016
0,0.28157106
0,0.2698824
0,0.2840875
0,0.299643
0,0.2807543
0,0.2661786
0,0.26655245
0,0.27219757
0,0.26592058
0,0.27823347
0,0.28401044
0,0.26660898
0,0.28160146
0,0.29333922
0,0.29178208
0,0.31904015
0,0.2966609
0,0.30836707
0,0.32019046
0,0.3138554
0,0.31769976
0,0.31237724
0,0.34845242
0,0.3210442
0,0.32003176
0,0.32153618
0,0.30937946
0,0.292225
0,0.2982239
0,0.31485006
0,0.28384683
0,0.28791037
0,0.29883513
0,0.30213806
0,0.30230135
0,0.2908238
0,0.28578416
0,0.2828899
0,0.2739322
0,0.30950165
0,0.27154022
0,0.24855942
0,0.25548723
0,0.2485611
0,0.24590078
0,0.25995785
0,0.26532754
0,0.25099194
0,0.253471
0,0.2826555
0,0.2726559
0,0.28058377
0,0.2856149
0,0.28667846
0,0.28087953
0,0.28888902
0,0.28874916
0,0.2779207
0,0.27446467
0,0.27289936
0,0.27882618
0,0.2861028
0,0.2790093
0,0.26844427
0,0.260973
0,0.27431884
0,0.27588102
0,0.29212224
0,0.28074357
0,0.28633213
0,0.28145006
0,0.26716623
0,0.27145225
0,0.2613483
0,0.27355492
0,0.26070982
0,0.27012318
0,0.27693143
0,0.27053204
0,0.26195008
0,0.27683982
0,0.2713943
0,0.2703105
0,0.26342985
0,0.2694788
0,0.27303421
0,0.27220812
0,0.32358307
0,0.3019607
0,0.2983167
0,0.33201388
0,0.29662848
0,0.28547135
0,0.27373382
0,0.2711847
0,0.2705749
0,0.28571546
0,0.29443833
0,0.29604626
0,0.31384432
0,0.3701508
0,0.3136913
0,0.3123101
0,0.30790457
0,0.2847414
0,0.29119623
0,0.29476342
0,0.32863462
0,0.2997136
0,0.3020252
0,0.29881567
0,0.27335152
0,0.26927224
0,0.25798726
0,0.27665696
0,0.25907683
0,0.30139917
0,0.2731226
0,0.27807927
0,0.25932845
0,0.2730296
0,0.2641771
0,0.27778134
0,0.26157206
0,0.27069983
0,0.25985876
0,0.27392876
0,0.25725335
0,0.26708108
0,0.25974587
0,0.26589853
0,0.27834672
0,0.28938046
0,0.2631942
0,0.2949956
0,0.26958084
0,0.27346942
0,0.3309436
0,0.29763347
0,0.28126192
0,0.28538647
0,0.29869872
0,0.29231736
0,0.28596824
0,0.28784057
0,0.28393567
0,0.2707217
0,0.34333426
0,0.29744044
0,0.2792429
0,0.29348347
0,0.28463012
0,0.28714508
0,0.27848095
0,0.28332102
0,0.2777725
0,0.2740451
0,0.2824569
0,0.29165882
0,0.28008533
0,0.28523865
0,0.2770054
0,0.27597576
0,0.28161836
0,0.27538526
0,0.27672598
0,0.27216387
0,0.26839137
0,0.33208185
0,0.2895205
0,0.28282437
0,0.26753464
0,0.27943403
0,0.27249688
0,0.26717314
0,0.31470114
0,0.32222876
0,0.31585878
0,0.29082766
0,0.28237697
0,0.29122815
0,0.29600605
0,0.29044563
0,0.2790981
0,0.2717242
0,0.26561007
0,0.27811423
0,0.2805209
0,0.27946606
0,0.2828585
0,0.26839873
0,0.27996084
0,0.2844897
0,0.2700227
0,0.28054267
0,0.26859382
0,0.30109233
0,0.2853461
0,0.28185448
0,0.2802165
0,0.2779731
0,0.26588637
0,0.2725828
0,0.27180418
0,0.27379894
0,0.262316
0,0.2976256
0,0.2822661
0,0.27944073
0,0.27780187
0,0.2644826
0,0.26135337
0,0.26752833
0,0.28367227
0,0.26561433
0,0.25731704
0,0.33943486
0,0.2838474
0,0.288605
0,0.27788493
0,0.280449
0,0.27388456
0,0.27667466
0,0.32807928
0,0.2912176
0,0.27446955
0,0.28713045
0,0.26702428
0,0.2748493
0,0.2895386
0,0.28945222
0,0.26851547
0,0.27237844
0,0.3549886
0,0.32699957
0,0.28481984
0,0.28458494
0,0.28784454
0,0.28253335
0,0.2654326
0,0.2902439
0,0.27793437
0,0.2939256
0,0.27725956
0,0.27070972
0,0.2633632
0,0.28157902
0,0.28230157
0,0.27485007
0,0.2826455
0,0.28093928
0,0.26342288
0,0.27995238
0,0.26313394
0,0.2722435
0,0.26755312
0,0.26644078
0,0.26647675
0,0.27248624
0,0.2588429
0,0.28019708
0,0.26056683
0,0.28465816
0,0.26461402
0,0.27971157
0,0.26171446
0,0.2696529
0,0.27650955
0,0.27390853
0,0.29009292
0,0.2795861
0,0.27025816
0,0.2733348
0,0.26406905
0,0.2805265
0,0.26696953
0,0.26023963
0,0.2703841
0,0.27307406
0,0.26125425
0,0.27914768
0,0.2719634
0,0.27424318
0,0.2769351
0,0.31494364
0,0.28062138
0,0.28311363
0,0.27078962
0,0.26625556
0,0.2700625
0,0.28056803
0,0.33489218
0,0.297282
0,0.2873987
0,0.28263965
0,0.276529
0,0.2730286
0,0.26019225
0,0.2738282
0,0.2598159
0,0.2634878
0,0.25802934
0,0.26053584
0,0.27865425
0,0.27175394
0,0.25930256
0,0.2811101
0,0.26590604
0,0.27501935
0,0.28728712
0,0.28980067
0,0.27782
0,0.28429168
0,0.27955946
0,0.27366805
0,0.28373384
0,0.27251047
0,0.2611707
0,0.28063393
0,0.28176507
0,0.26256138
0,0.28074577
0,0.3287809
0,0.31390104
0,0.2880477
0,0.28016356
0,0.28391558
0,0.27283135
0,0.2678151
0,0.2936539
0,0.28591204
0,0.27283466
0,0.26750767
0,0.26715538
0,0.27821022
0,0.27949804
0,0.2648897
0,0.29093364
0,0.2707484
0,0.30346668
0,0.2923815
0,0.27587765
0,0.2794725
0,0.2802972
0,0.28654537
0,0.2678352
0,0.2751659
0,0.28106028
0,0.27784577
0,0.3135938
0,0.2957821
0,0.2984427
0,0.2926554
0,0.27315268
0,0.26786265
0,0.27738416
0,0.27992967
0,0.2919227
0,0.27303952
0,0.3135348
0,0.28878978
0,0.27358148
0,0.28269908
0,0.26938802
0,0.27381375
0,0.2635331
0,0.2628344
0,0.28050694
0,0.26302868
0,0.26133808
0,0.26695386
0,0.2686529
0,0.27151033
0,0.27603912
0,0.27143005
0,0.26839662
0,0.29638106
0,0.2815572
0,0.2780928
0,0.2640231
0,0.28790563
0,0.26768863
0,0.26852444
0,0.27106136
0,0.28029537
0,0.2774764
0,0.36306494
0,0.41076344
0,0.3327146
0,0.30874968
0,0.3246547
0,0.3013164
0,0.29654044
0,0.27357316
0,0.28229767
0,0.29843226
0,0.29977655
0,0.27985916
0,0.28375262
0,0.2778721
0,0.28849158
0,0.26575917
0,0.26554734
0,0.2599744
0,0.27249834
0,0.26901767
0,0.27413946
0,0.26862758
0,0.281709
0,0.28298336
0,0.29541516
0,0.27137342
0,0.27700123
0,0.2651107
0,0.27380833
0,0.26694846
0,0.27527544
0,0.2659515
0,0.27272928
0,0.27489996
0,0.29187486
0,0.34855646
0,0.311488
0,0.31120843
0,0.29873195
0,0.3181027
0,0.3135503
0,0.32173517
0,0.31661588
0,0.32686576
0,0.39720708
0,0.3492176
0,0.34025684
0,0.30920446
0,0.29679465
0,0.3101943
0,0.31127355
0,0.35284615
0,0.31366423
0,0.29758203
0,0.26721093
0,0.23511049
0,0.2210737
0,0.21382895
0,0.20539524
0,0.2008451
0,0.19790679
0,0.21007083
0,0.21965428
0,0.2169027
0,0.22589423
0,0.23757422
0,0.24000488
0,0.2517555
0,0.26352462
0,0.2555861
0,0.26001096
0,0.25902963
0,0.29788116
0,0.27564028
0,0.27359435
0,0.25874683
0,0.27911198
0,0.27716413
0,0.27470034
0,0.31015384
0,0.28390554
0,0.27421358
0,0.27393618
0,0.291063
0,0.29545635
0,0.27915153
0,0.27392384
0,0.2818706
0,0.270135
0,0.3283855
0,0.28901765
0,0.28065807
0,0.2728022
0,0.26679322
0,0.26861623
0,0.2625173
0,0.27133262
0,0.27014217
0,0.29556623
0,0.39340723
0,0.3525085
0,0.34962207
0,0.36259234
0,0.36716738
0,0.33893913
0,0.35725275
0,0.33849576
0,0.3304204
0,0.30181688
0,0.2969804
0,0.29704335
0,0.26898044
0,0.27265257
0,0.26637378
0,0.2680862
0,0.24634324
0,0.24048188
0,0.23324662
0,0.22580591
0,0.21036762
0,0.23439054
0,0.21390074
0,0.21863995
0,0.21804732
0,0.23158254
0,0.23577388
0,0.24593066
0,0.29941863
0,0.2777811
0,0.2886294
0,0.2990422
0,0.30739683
0,0.30903566
0,0.29412702
0,0.28533703
0,0.27623615
0,0.2942617
0,0.2893578
0,0.2986098
0,0.2939346
0,0.30109012
0,0.28501046
0,0.29774672
0,0.27643752
0,0.29486024
0,0.29435354
0,0.2986771
0,0.27584878
0,0.34472278
0,0.28561765
0,0.29084978
0,0.27777016
0,0.28255168
0,0.26577878
0,0.26580808
0,0.34876308
0,0.2832094
0,0.27449328
0,0.28114912
0,0.273416
0,0.28203493
0,0.27929232
0,0.2803782
0,0.26787084
0,0.28560674
0,0.2849622
0,0.2817816
0,0.27245778
0,0.27776816
0,0.28271833
0,0.29428
0,0.27638412
0,0.28114948
0,0.30014026
0,0.2872428
0,0.26710373
0,0.3353381
0,0.31151572
0,0.2965092
0,0.27627087
0,0.28737372
0,0.32272854
0,0.30247205
0,0.3433845
0,0.31712234
0,0.30926546
0,0.3190119
0,0.29985505
0,0.28137115
0,0.28183404
0,0.28319278
0,0.27695662
0,0.27446693
0,0.27358934
0,0.27749518
0,0.27056894
0,0.2728268
0,0.26889887
0,0.26878256
0,0.27727678
0,0.27028155
0,0.28479654
0,0.28246677
0,0.27485874
0,0.2880848
0,0.28561783
0,0.28631303
0,0.2767841
0,0.27382958
0,0.27816364
0,0.29382136
0,0.2968207
0,0.2802215
0,0.28968415
0,0.33766714
0,0.3016036
0,0.3050574
0,0.2975453
0,0.28129146
0,0.2746507
0,0.2691857
0,0.3130625
0,0.28051984
0,0.27386564
0,0.28385872
0,0.2645462
0,0.2797301
0,0.2714896
0,0.27857366
0,0.26706317
0,0.2631637
0,0.3118435
0,0.29539084
0,0.28054768
0,0.2708178
0,0.27601227
0,0.26466534
0,0.27464163
0,0.27601677
0,0.2841454
0,0.28053206
0,0.32108712
0,0.28507304
0,0.27865168
0,0.28003064
0,0.2804313
0,0.26762828
0,0.2739255
0,0.2753851
0,0.28017563
0,0.27299523
0,0.31694448
0,0.28875893
0,0.27823055
0,0.2790243
0,0.28646123
0,0.28250304
0,0.28921747
0,0.2688734
0,0.27334496
0,0.27226096
0,0.26454183
0,0.26683867
0,0.26996237
0,0.2738144
0,0.26333684
0,0.26701164
0,0.26504204
0,0.29470086
0,0.28020957
0,0.27932927
0,0.27636933
0,0.27526903
0,0.2691062
0,0.296124
0,0.2763731
0,0.30068645
0,0.27783674
0,0.27378124
0,0.28807142
0,0.29594952
0,0.26951653
0,0.26857343
0,0.2665143
0,0.28515854
0,0.28258425
0,0.2895848
0,0.27004275
0,0.26708248
0,0.27589077
0,0.2777878
0,0.2718439
0,0.32154715
0,0.27657682
0,0.27285302
0,0.2702868
0,0.268864
0,0.27380466
0,0.27703294
0,0.28276256
0,0.28420123
0,0.26837447
0,0.33703825
0,0.29409826
0,0.2995099
0,0.29070604
0,0.285889
0,0.28668937
0,0.29570922
0,0.315947
0,0.29403895
0,0.28707725
0,0.28924543
0,0.2803067
0,0.28746924
0,0.2837266
0,0.2803146
0,0.2795558
0,0.27926686
0,0.3281077
0,0.2984879
0,0.30570704
0,0.31347075
0,0.29886606
0,0.29022294
0,0.28072348
0,0.27945027
0,0.29374623
0,0.28480488
0,0.34986418
0,0.3293359
0,0.32244393
0,0.30151695
0,0.30482385
0,0.31200048
0,0.307337
0,0.29603973
0,0.28492066
0,0.28040665
0,0.363921
0,0.2980785
0,0.28732675
0,0.27997527
0,0.28468737
0,0.2664481
0,0.2657241
0,0.26334462
0,0.26197916
0,0.2596827
0,0.2663903
0,0.27922982
0,0.28237098
0,0.26959875
0,0.26994577
0,0.26705733
0,0.28456813
0,0.27050665
0,0.31195912
0,0.29396924
0,0.29273328
0,0.27429178
0,0.2704843
0,0.27556697
0,0.26651394
0,0.27285784
0,0.26746282
0,0.27289188
0,0.26959798
0,0.27898797
0,0.28180435
0,0.27793473
0,0.2686249
0,0.26342532
0,0.26761356
0,0.27198416
0,0.26417112
0,0.26132712
0,0.27100268
0,0.27885157
0,0.2712717
0,0.27594385
0,0.27730802
0,0.27478397
0,0.37259373
0,0.32411182
0,0.2966398
0,0.28931996
0,0.27954414
0,0.3062891
0,0.28074297
0,0.26832524
0,0.27324677
0,0.27133384
0,0.2696813
0,0.2588286
0,0.26513296
0,0.26888976
0,0.26380846
0,0.29156408
0,0.2702996
0,0.2718939
0,0.2608555
0,0.30601332
0,0.28121936
0,0.27727583
0,0.27588916
0,0.2766637
0,0.2808748
0,0.32213163
0,0.29158506
0,0.2858527
0,0.28524905
0,0.2958275
0,0.27101886
0,0.29096165
0,0.31108212
0,0.29608834
0,0.28440857
0,0.29846302
0,0.28295586
0,0.27552894
0,0.27130774
0,0.2909232
0,0.27800128
0,0.27097413
0,0.33905643
0,0.31011963
0,0.28096932
0,0.28768444
0,0.2874447
0,0.27481967
0,0.2742254
0,0.29598868
0,0.32358202
0,0.3307483
0,0.30218416
0,0.3109975
0,0.30307335
0,0.31043643
0,0.30623865
0,0.2971617
0,0.31549063
0,0.32253087
0,0.31417134
0,0.32604608
0,0.3137673
0,0.3502991
0,0.31234792
0,0.3071826
0,0.29278335
0,0.29951924
0,0.27259797
0,0.2733746
0,0.30655664
0,0.2756951
0,0.2666963
0,0.2662577
0,0.25263473
0,0.2512469
0,0.23863968
0,0.24676274
0,0.25039688
0,0.2588521
0,0.26374936
0,0.2735712
0,0.25993085
0,0.26974884
0,0.2565594
0,0.26462284
0,0.2572643
0,0.2633625
0,0.25221527
0,0.26224202
0,0.26579723
0,0.29893157
0,0.28301665
0,0.27766937
0,0.26497483
0,0.27045378
0,0.26225254
0,0.26612893
0,0.2645539
0,0.26667356
0,0.2597291
0,0.2976287
0,0.2632406
0,0.267848
0,0.25846434
0,0.26305234
0,0.27415642
0,0.29229414
0,0.29843134
0,0.28128055
0,0.27500397
0,0.3430195
0,0.2971614
0,0.28763384
0,0.2853959
0,0.27804884
0,0.2908265
0,0.27834108
0,0.32831773
0,0.29269004
0,0.28139403
0,0.27141476
0,0.2747022
0,0.2757066
0,0.27404365
0,0.2732209
0,0.2784661
0,0.27281818
0,0.28201133
0,0.27269176
0,0.28174445
0,0.27173534
0,0.26870704
0,0.27503854
0,0.2716136
0,0.2670195
0,0.2665365
0,0.27644336
0,0.27542976
0,0.2846955
0,0.2794724
0,0.2873799
0,0.29122657
0,0.29297042
0,0.2755491
0,0.26848853
0,0.27170223
0,0.28688052
0,0.28128123
0,0.3330744
0,0.3159834
0,0.31458348
0,0.3089778
0,0.30575222
0,0.28438497
0,0.2770242
0,0.32046804
0,0.28147677
0,0.30386227
0,0.29415426
0,0.27462295
0,0.2784185
0,0.2943127
0,0.29669544
0,0.2745829
0,0.27747893
0,0.27011862
0,0.29192135
0,0.28064314
0,0.28265655
0,0.29020053
0,0.28101048
0,0.27737704
0,0.2787562
0,0.26824543
0,0.26918194
0,0.26349574
0,0.29672167
0,0.27449128
0,0.27415493
0,0.27949354
0,0.2850122
0,0.2872935
0,0.28087196
0,0.2743404
0,0.27124238
0,0.29579982
0,0.33998054
0,0.34602565
0,0.3529835
0,0.34929198
0,0.352115
0,0.32129902
0,0.31121922
0,0.30450892
0,0.2875181
0,0.2685646
0,0.31782925
0,0.2924113
0,0.2898406
0,0.28211436
0,0.28126976
0,0.2695354
0,0.2741517
0,0.30960518
0,0.2947996
0,0.28852993
0,0.29291576
0,0.26778948
0,0.26735756
0,0.25487557
0,0.26318282
0,0.2590276
0,0.2651462
0,0.25768018
0,0.2671471
0,0.26989466
0,0.27315894
0,0.27703136
0,0.2797744
0,0.27945638
0,0.27875203
0,0.28009522
0,0.28469515
0,0.28330517
0,0.27847552
0,0.27933282
0,0.27484673
0,0.2719648
0,0.2740924
0,0.26414552
0,0.27537394
0,0.45088288
0,0.450198
0,0.3612854
0,0.33710113
0,0.31294805
0,0.31354436
0,0.30961415
0,0.31052366
0,0.29341105
0,0.28306952
0,0.29040712
0,0.29617572
0,0.28102672
0,0.30596435
0,0.28240407
0,0.27440512
0,0.26751357
0,0.26410526
0,0.2631435
0,0.2551651
0,0.2580208
0,0.25402945
0,0.25707737
0,0.28586873
0,0.27009755
0,0.2795213
0,0.27601856
0,0.26587588
0,0.26444963
0,0.2624485
0,0.27451026
0,0.28150576
0,0.27505612
0,0.30669802
0,0.29103124
0,0.27494937
0,0.27173987
0,0.29279548
0,0.2875417
0,0.28099668
0,0.28015476
0,0.28405428
0,0.27498254
0,0.32216305
0,0.2879233
0,0.2864842
0,0.2928955
0,0.27158278
0,0.27965367
0,0.3634184
0,0.3144333
0,0.29613447
0,0.29175183
0,0.28296277
0,0.28248325
0,0.27249062
0,0.2878509
0,0.2772852
0,0.27027193
0,0.27074763
0,0.31774217
0,0.31127062
0,0.28385773
0,0.30114412
0,0.2859449
0,0.29822648
0,0.28460145
0,0.2976002
0,0.2968435
0,0.29416248
0,0.27303174
0,0.29768446
0,0.28085467
0,0.2732736
0,0.26277772
0,0.28650564
0,0.26968876
0,0.26590475
0,0.28407726
0,0.28727275
0,0.30621743
0,0.30435282
0,0.28639495
0,0.2869583
0,0.2882918
0,0.28105533
0,0.2724048
0,0.29696554
0,0.29114458
0,0.28607658
0,0.27754763
0,0.28933695
0,0.2899103
0,0.2857065
0,0.2954886
0,0.2893356
0,0.30501348
0,0.29169458
0,0.29884863
0,0.3156912
0,0.28557742
0,0.3209853
0,0.33184925
0,0.32277215
0,0.31214875
0,0.31502113
0,0.3365413
0,0.34106952
0,0.33912802
0,0.33018097
0,0.3280079
0,0.3477967
0,0.30604926
0,0.29950693
0,0.30176395
0,0.2912759
0,0.28145316
0,0.27150118
0,0.25135723
0,0.22064616
0,0.20921403
0,0.22681575
0,0.19219132
0,0.18266574
0,0.17653222
0,0.1741513
0,0.19033161
0,0.1835724
0,0.18346179
0,0.16899672
0,0.1734168
0,0.1665492
0,0.16906708
0,0.16760026
0,0.17770465
0,0.17839347
0,0.18692394
0,0.19633248
0,0.22138585
0,0.21734257
0,0.22760536
0,0.23019676
0,0.23561434
0,0.24061882
0,0.26051733
0,0.25884706
0,0.25824964
0,0.2798977
0,0.29028523
0,0.28325543
0,0.27884814
0,0.28189754
0,0.27322376
0,0.27824852
0,0.26986447
0,0.28057155
0,0.28043696
0,0.26187223
0,0.31213355
0,0.29225618
0,0.27543747
0,0.26878506
0,0.27785766
0,0.2803542
0,0.27277505
0,0.27678025
0,0.28098077
0,0.27880645
0,0.32746205
0,0.28221026
0,0.28464773
0,0.2693781
0,0.2695813
0,0.27090213
0,0.27515528
0,0.26122102
0,0.2670236
0,0.27513304
0,0.34445682
0,0.3009295
0,0.2826435
0,0.2897518
0,0.28238395
0,0.28317046
0,0.26938707
0,0.27767944
0,0.29289114
0,0.2824879
0,0.27548644
0,0.27726275
0,0.28760484
0,0.27549002
0,0.293496
0,0.27901116
0,0.27347273
0,0.27793673
0,0.27865463
0,0.28143445
0,0.297566
0,0.30855927
0,0.2801873
0,0.28936967
0,0.29542366
0,0.30879217
0,0.30884615
0,0.3114205
0,0.3075677
0,0.30814657
0,0.3246301
0,0.34794343
0,0.29617214
0,0.30254278
0,0.28714898
0,0.29430586
0,0.30001333
0,0.3056249
0,0.3444054
0,0.31820714
0,0.29242623
0,0.28736833
0,0.27829608
0,0.28673288
0,0.26917115
0,0.27927402
0,0.27101105
0,0.27796608
0,0.280688
0,0.29152694
0,0.305334
0,0.31399554
0,0.29906934
0,0.31095132
0,0.29758525
0,0.29633027
0,0.28126726
0,0.29367802
0,0.30503553
0,0.29479146
0,0.3080666
0,0.31749922
0,0.31591463
0,0.30981094
0,0.2981918
0,0.28957656
0,0.28139028
0,0.2956565
0,0.31250587
0,0.32663637
0,0.31376123
0,0.30048153
0,0.27281195
0,0.25842935
0,0.25729242
0,0.25547653
0,0.26054442
0,0.26916757
0,0.26717776
0,0.29785854
0,0.2873672
0,0.27799237
0,0.26482582
0,0.27830774
0,0.28615102
0,0.28326878
0,0.2879495
0,0.28315637
0,0.29292348
0,0.34545976
0,0.29663703
0,0.2929218
0,0.2994289
0,0.29662797
0,0.28245878
0,0.27311942
0,0.32434866
0,0.28561395
0,0.29896334
0,0.27849752
0,0.28789985
0,0.27282143
0,0.27578953
0,0.3723565
0,0.3109404
0,0.3033581
0,0.2843585
0,0.29078478
0,0.28929022
0,0.28298908
0,0.28083995
0,0.28169248
0,0.2734779
0,0.27518243
0,0.27973652
0,0.26487112
0,0.27838755
0,0.2784797
0,0.2906948
0,0.28777367
0,0.28959215
0,0.29503012
0,0.28870654
0,0.28596765
0,0.28319278
0,0.27888516
0,0.27893052
0,0.29456812
0,0.28415224
0,0.2858814
0,0.2809465
0,0.28006876
0,0.278396
0,0.27796042
0,0.279283
0,0.27851582
0,0.2773309
0,0.324792
0,0.296373
0,0.28547314
0,0.28332484
0,0.27436325
0,0.278353
0,0.2747911
0,0.31273776
0,0.2871876
0,0.2956134
0,0.28095245
0,0.2777787
0,0.27353716
0,0.27884114
0,0.2735012
0,0.27204454
0,0.29080254
0,0.35801992
0,0.29120275
0,0.28908575
0,0.3007414
0,0.28322563
0,0.2904385
0,0.27896464
0,0.28814733
0,0.27864
0,0.2926899
0,0.40094897
0,0.33529007
0,0.33278337
0,0.32152006
0,0.34057015
0,0.34215906
0,0.35935766
0,0.32569855
0,0.3407057
0,0.33192414
0,0.36136812
0,0.34348252
0,0.31642565
0,0.26251385
0,0.23175596
0,0.21250975
0,0.19750597
0,0.1823067
0,0.1702765
0,0.15825693
0,0.14973527
0,0.16114846
0,0.1528869
0,0.15272579
0,0.1589436
0,0.15654866
0,0.16036484
0,0.16645716
0,0.17336062
0,0.17602885
0,0.18044604
0,0.20627193
0,0.19240476
0,0.1832695
0,0.18356171
0,0.1870397
0,0.1899299
0,0.20415474
0,0.23380475
0,0.23448773
0,0.26422402
0,0.27952522
0,0.2774009
0,0.27539262
0,0.29016668
0,0.28985906
0,0.27783132
0,0.28022084
0,0.34590167
0,0.29923135
0,0.2927151
0,0.29036784
0,0.28132004
0,0.27677804
0,0.27426714
0,0.2659812
0,0.27452332
0,0.27471882
0,0.27365392
0,0.2713078
0,0.27082834
0,0.28298166
0,0.28548646
0,0.28214154
0,0.2893909
0,0.2869759
0,0.2821707
0,0.27824673
0,0.28527313
0,0.2829501
0,0.29425007
0,0.28767186
0,0.29748178
0,0.3024648
0,0.2968675
0,0.28880283
0,0.30662486
0,0.28911534
0,0.29065734
0,0.33491474
0,0.30799535
0,0.30074978
0,0.29832953
0,0.2855138
0,0.29358745
0,0.29208863
0,0.3335087
0,0.3016761
0,0.33660185
0,0.44565308
0,0.4071245
0,0.3598844
0,0.32465622
0,0.29601672
0,0.27672547
0,0.26550817
0,0.3693353
0,0.31947258
0,0.26449832
0,0.22814536
0,0.21394067
0,0.19574042
0,0.19634688
0,0.19860227
0,0.18682902
0,0.1676795
0,0.17141517
0,0.1798057
0,0.16208358
0,0.14884998
0,0.14722592
0,0.14345865
0,0.15391551
0,0.15727226
0,0.17034133
0,0.16223241
0,0.16418394
0,0.17288621
0,0.18775232
0,0.21139567
0,0.22884256
0,0.23926154
0,0.24938236
0,0.24896969
0,0.3019798
0,0.2698408
0,0.28276864
0,0.28613427
0,0.28552926
0,0.2977107
0,0.31820372
0,0.34001872
0,0.3579242
0,0.35604697
0,0.42074373
0,0.35096404
0,0.32002938
0,0.3061948
0,0.2603735
0,0.24121742
0,0.22506687
0,0.20220633
0,0.19780917
0,0.19069363
0,0.18370907
0,0.17381443
0,0.15488012
0,0.15445596
0,0.14924024
0,0.15165617
0,0.15257473
0,0.15448228
0,0.1575846
0,0.16670136
0,0.17118803
0,0.16975914
0,0.16964224
0,0.1722851
0,0.18120652
0,0.18822065
0,0.19393913
0,0.20653217
0,0.22208785
0,0.24945126
0,0.26410708
0,0.27061278
0,0.25800154
0,0.26759347
0,0.30176216
0,0.33685267
0,0.32705486
0,0.31331044
0,0.387919
0,0.35862926
0,0.33532694
0,0.34409964
0,0.31382912
0,0.29678568
0,0.28677997
0,0.28178066
0,0.28210884
0,0.2841176
0,0.29281214
0,0.27749497
0,0.2772301
0,0.31026512
0,0.28365892
0,0.26062706
0,0.26223922
0,0.24766034
0,0.23740265
0,0.23310277
0,0.25078547
0,0.24470383
0,0.24490184
0,0.29357886
0,0.26777813
0,0.26627102
0,0.27818203
0,0.27982447
0,0.27622896
0,0.2763881
0,0.30033714
0,0.2905701
0,0.31415543
0,0.34111828
0,0.3301345
0,0.33387128
0,0.33599502
0,0.33465815
0,0.34156126
0,0.34690893
0,0.38178858
0,0.35162777
0,0.31704062
0,0.3027509
0,0.27622598
0,0.25856897
0,0.23945831
0,0.22334082
0,0.21191832
0,0.20162486
0,0.20923242
0,0.18587193
0,0.18874621
0,0.172768
0,0.16205613
0,0.14957654
0,0.14724739
0,0.15147059
0,0.17924318
0,0.17596026
0,0.17803796
0,0.17442343
0,0.16008393
0,0.1453385
0,0.13567764
0,0.1344352
0,0.13402319
0,0.13047895
0,0.13279101
0,0.15692607
0,0.15393342
0,0.15680338
0,0.15387627
0,0.1593558
0,0.16094795
0,0.1582663
0,0.1643551
0,0.16533823
0,0.1769106
0,0.18131252
0,0.18875724
0,0.19251148
0,0.2022397
0,0.19976074
0,0.19175565
0,0.17993698
0,0.19004837
0,0.18757841
0,0.20919132
0,0.2200147
0,0.25516877
0,0.23730794
0,0.25086012
0,0.27244666
0,0.26255184
0,0.27276552
0,0.2885818
0,0.30445024
0,0.35918543
0,0.3807367
0,0.4489645
0,0.43404648
0,0.36081776
0,0.28621823
0,0.22029082
0,0.17876466
0,0.17352912
0,0.15106364
0,0.14294575
0,0.1366577
0,0.13047391
0,0.13291098
0,0.13633439
0,0.13622758
0,0.14227363
0,0.14289418
0,0.14429535
0,0.14688016
0,0.14769337
0,0.1448306
0,0.1444683
0,0.16655926
0,0.15082903
0,0.14770009
0,0.15011117
0,0.15042165
0,0.1454784
0,0.14654683
0,0.19216146
0,0.17263393
0,0.18679614
0,0.18974137
0,0.1857593
0,0.18227032
0,0.18385963
0,0.17816374
0,0.17021415
0,0.17909122
0,0.17959602
0,0.17915922
0,0.18246014
0,0.18500142
0,0.20397219
0,0.18949458
0,0.18582305
0,0.18428832
0,0.17467958
0,0.17581731
0,0.18044679
0,0.18383294
0,0.1895642
0,0.1999537
0,0.20783526
0,0.21765585
0,0.21927692
0,0.23432226
0,0.24786466
0,0.26187685
0,0.26832372
0,0.2734097
0,0.25809947
0,0.26283982
0,0.26553664
0,0.2793599
0,0.28841883
0,0.28750265
0,0.28381854
0,0.28540483
0,0.29291385
0,0.33084005
0,0.3196782
0,0.32230777
0,0.32509798
0,0.31849188
0,0.3180087
0,0.2957816
0,0.3370016
0,0.30283907
0,0.29353854
0,0.29275382
0,0.2995925
0,0.2935058
0,0.2937391
0,0.28812268
0,0.27605036
0,0.2788116
0,0.27113298
0,0.2698377
0,0.2754614
0,0.26957202
0,0.2722911
0,0.26324394
0,0.26878968
0,0.2655287
0,0.26781753
0,0.26740566
0,0.26445252
0,0.26981315
0,0.26792476
0,0.2726662
0,0.2673074
0,0.2711894
0,0.28112414
0,0.271252
0,0.27954414
0,0.29882178
0,0.31644243
0,0.31629768
0,0.31386653
0,0.32339138
0,0.31256035
0,0.30273548
0,0.29499114
0,0.29450148
0,0.28602943
0,0.29346487
0,0.3004695
0,0.28812838
0,0.32045007
0,0.35082352
0,0.37172064
0,0.37207168
0,0.3827603
0,0.36216825
0,0.3837309
0,0.3605303
0,0.47942716
0,0.5002005
0,0.47787693
0,0.40517786
0,0.33734256
0,0.28791344
0,0.2504107
0,0.21694726
0,0.18205339
0,0.16185577
0,0.15566626
0,0.15199831
0,0.1482634
0,0.1457899
0,0.15628321
0,0.15366828
0,0.16484573
0,0.17851675
0,0.16695455
0,0.15823127
0,0.16160864
0,0.15836465
0,0.15342948
0,0.1541204
0,0.1663666
0,0.15620176
0,0.15685812
0,0.15984231
0,0.17295045
0,0.20282252
0,0.18878251
0,0.2464294
0,0.23732762
0,0.2154235
0,0.20344274
0,0.19204506
0,0.20310812
0,0.20805745
0,0.23864773
0,0.19704597
0,0.19976543
0,0.29798847
0,0.21534896
0,0.17840691
0,0.16680354
0,0.15288274
0,0.14963844
0,0.14113225
0,0.13214368
0,0.12737277
0,0.12631433
0,0.12485348
0,0.12584694
0,0.12664127
0,0.1262671
0,0.12669595
0,0.1332551
0,0.13443299
0,0.13539454
0,0.14100672
0,0.14689907
0,0.15734382
0,0.1662973
0,0.17961921
0,0.20187512
0,0.20689061
0,0.2210383
0,0.2389507
0,0.25482187
0,0.26256374
0,0.2653186
0,0.27670008
0,0.27179524
0,0.2740212
0,0.26530638
0,0.27177384
0,0.27147886
0,0.27187034
0,0.27291924
0,0.26621392
0,0.27054888
0,0.26870617
0,0.3026431
0,0.29014578
0,0.3333136
0,0.30608958
0,0.28462481
0,0.28685728
0,0.2997971
0,0.31013328
0,0.2847059
0,0.28111953
0,0.2750896
0,0.27218288
0,0.28733578
0,0.27723038
0,0.2924119
0,0.31167588
0,0.29372633
0,0.32166997
0,0.3016104
0,0.29147026
0,0.2965162
0,0.29771394
0,0.2905678
0,0.2767662
0,0.3183787
0,0.30316383
0,0.3088777
0,0.28375378
0,0.27831316
0,0.28009483
0,0.28871104
0,0.2776378
0,0.28225905
0,0.28085506
0,0.32761282
0,0.29033
0,0.3167233
0,0.30167454
0,0.29044572
0,0.2855475
0,0.289722
0,0.27194828
0,0.26570657
0,0.27242976
0,0.33983174
0,0.29244885
0,0.3155411
0,0.30792686
0,0.31602186
0,0.3080916
0,0.28385508
0,0.28583276
0,0.27375534
0,0.27887863
0,0.26898256
0,0.2827818
0,0.27163234
0,0.27608362
0,0.2862101
0,0.2931201
0,0.2926632
0,0.30161992
0,0.28005522
0,0.2873444
0,0.2776298
0,0.2806245
0,0.2797177
0,0.27082586
0,0.26967093
0,0.27865046
0,0.27139634
0,0.27838793
0,0.29600143
0,0.29345307
0,0.31200108
0,0.34112522
0,0.33218044
0,0.35137138
0,0.336077
0,0.31950837
0,0.3274248
0,0.32364932
0,0.33190224
0,0.32388654
0,0.3033179
0,0.35685596
0,0.33937404
0,0.30771962
0,0.2830595
0,0.28586352
0,0.28671885
0,0.4114696
0,0.3914145
0,0.3072793
0,0.29837516
0,0.26462618
0,0.21636555
0,0.18990037
0,0.18078573
0,0.17210767
0,0.15537387
0,0.1463335
0,0.14236797
0,0.1432601
0,0.13705525
0,0.14019124
0,0.14146622
0,0.1399636
0,0.14636755
0,0.15556517
0,0.16410784
0,0.17467195
0,0.18085228
0,0.18870421
0,0.19222234
0,0.20103641
0,0.20730487
0,0.21974036
0,0.23640028
0,0.24261121
0,0.24908026
0,0.26997387
0,0.26365796
0,0.29247
0,0.27461994
0,0.28063217
0,0.27340394
0,0.27599654
0,0.27511033
0,0.2758647
0,0.30472183
0,0.28743568
0,0.2781864
0,0.32870853
0,0.29318672
0,0.28767964
0,0.2818484
0,0.27675706
0,0.27715188
0,0.27525634
0,0.32028905
0,0.29315218
0,0.29166225
0,0.27903003
0,0.29907763
0,0.30688843
0,0.28035694
0,0.2877724
0,0.2796108
0,0.28786877
0,0.34020844
0,0.29575098
0,0.29346317
0,0.2779654
0,0.27582926
0,0.27067944
0,0.2620532
0,0.2698071
0,0.26571617
0,0.26275375
0,0.26161537
0,0.2589889
0,0.2623751
0,0.28039828
0,0.28762132
0,0.28869656
0,0.30587372
0,0.3106909
0,0.2973482
0,0.28502795
0,0.30691132
0,0.31670514
0,0.29011717
0,0.28137195
0,0.27745578
0,0.2800071
0,0.30549246
0,0.3114128
0,0.2825038
0,0.2879636
0,0.2918407
0,0.28745893
0,0.27272397
0,0.27969515
0,0.28525907
0,0.2828921
0,0.2847012
0,0.28082004
0,0.2948889
0,0.28855085
0,0.28574842
0,0.29892957
0,0.30889013
0,0.31359094
0,0.32804722
0,0.30602553
0,0.29801166
0,0.29060814
0,0.29394975
0,0.29156163
0,0.31751937
0,0.34096304
0,0.3437678
0,0.31869996
0,0.31941772
0,0.29776308
0,0.2896256
0,0.28247002
0,0.34182334
0,0.29749483
0,0.30034268
0,0.28969926
0,0.27476963
0,0.27739054
0,0.2912385
0,0.27908197
0,0.26452595
0,0.26895997
0,0.26128128
0,0.26098877
0,0.25247693
0,0.2585688
0,0.26431176
0,0.26227596
0,0.27571487
0,0.27849072
0,0.28807068
0,0.2797651
0,0.2728513
0,0.28299126
0,0.28151584
0,0.26573426
0,0.28617498
0,0.2947026
0,0.28630123
0,0.28085184
0,0.28239956
0,0.27555597
0,0.27896556
0,0.3096368
0,0.29411277
0,0.2838665
0,0.28203532
0,0.2729286
0,0.27984247
0,0.27064466
0,0.29862505
0,0.2821531
0,0.2759791
0,0.3338203
0,0.2993796
0,0.28567097
0,0.27907148
0,0.27082282
0,0.28523397
0,0.29218745
0,0.33424133
0,0.2958269
0,0.29248747
0,0.2826982
0,0.2813843
0,0.27472377
0,0.27197602
0,0.2697145
0,0.27021155
0,0.27435374
0,0.32298037
0,0.29201478
0,0.28112385
0,0.28063798
0,0.28061318
0,0.27190393
0,0.28292128
0,0.27301598
0,0.28157812
0,0.26942268
0,0.29447663
0,0.27484113
0,0.2780388
0,0.31588727
0,0.29836276
0,0.28612444
0,0.27677462
0,0.2702068
0,0.28328717
0,0.27571526
0,0.29711118
0,0.2907985
0,0.2951902
0,0.3523127
0,0.30208588
0,0.28517964
0,0.27657178
0,0.27649057
0,0.27911824
0,0.28131884
0,0.33550608
0,0.29027164
0,0.2782903
0,0.27216145
0,0.2700227
0,0.26598105
0,0.26610908
0,0.2587665
0,0.26030138
0,0.25771874
0,0.26597458
0,0.25767392
0,0.26581818
0,0.25610673
0,0.27434847
0,0.26120752
0,0.26922846
0,0.25751078
0,0.26766467
0,0.2629111
0,0.26046798
0,0.26661918
0,0.2734571
0,0.27967653
0,0.27313095
0,0.25857273
0,0.2663219
0,0.25369707
0,0.27539897
0,0.25902322
0,0.2639824
0,0.31593534
0,0.28631693
0,0.26842207
0,0.27236918
0,0.2719425
0,0.27724808
0,0.2707803
0,0.3423049
0,0.30692896
0,0.30563566
0,0.28766218
0,0.2790077
0,0.27561644
0,0.2891863
0,0.27840617
0,0.27210853
0,0.27277148
0,0.4640892
0,0.4409705
0,0.36492604
0,0.3300744
0,0.3033181
0,0.29177243
0,0.32418114
0,0.31353587
0,0.30363
0,0.30064508
0,0.37803888
0,0.3196632
0,0.30513662
0,0.27994046
0,0.26180995
0,0.24628234
0,0.24068362
0,0.2254994
0,0.21775414
0,0.21578994
0,0.21798694
0,0.21400283
0,0.20938683
0,0.21250476
0,0.22004023
0,0.2324241
0,0.24492869
0,0.2519164
0,0.2603711
0,0.25796145
0,0.2740248
0,0.2649758
0,0.2710639
0,0.2624582
0,0.27255732
0,0.26390117
0,0.27237627
0,0.2724055
0,0.31100297
0,0.287284
0,0.2932582
0,0.2804801
0,0.2790591
0,0.26528683
0,0.28426293
0,0.26767477
0,0.27111894
0,0.2686403
0,0.27353063
0,0.26010817
1,0.27456045
1,0.26976672
1,0.2673558
1,0.2601706
1,0.2611732
1,0.26464763
1,0.26402903
1,0.2552193
1,0.26274446
1,0.25410405
1,0.27759585
1,0.28580654
1,0.27974623
1,0.2725548
1,0.2738494
0,0.95115614
0,0.7924775
0,0.6797861
0,0.629917
0,0.5727997
0,0.54346406
0,0.5715251
0,0.504189
0,0.38962248
0,0.3237926
0,0.25328007
0,0.21839981
0,0.18424636
0,0.16964984
0,0.14137222
0,0.13685149
0,0.13946842
0,0.132873
0,0.12437122
0,0.12823695
0,0.123181276
0,0.12642007
0,0.12576863
0,0.1369912
0,0.14134997
0,0.15531874
0,0.18571842
0,0.19051377
0,0.19307613
0,0.20778203
0,0.2784314
0,0.2848441
0,0.28995937
0,0.32474908
0,0.30020103
0,0.30741453
0,0.28710294
0,0.28166014
0,0.27409267
0,0.2753292
0,0.26934865
0,0.2980514
0,0.2934701
0,0.28260398
0,0.26984522
0,0.28767213
0,0.2813559
0,0.3049683
0,0.28520346
0,0.2915119
0,0.2773192
0,0.27432102
0,0.27594614
0,0.2884868
0,0.28812703
0,0.3063601
0,0.2917761
0,0.29579484
0,0.28809366
0,0.29086468
0,0.28111866
0,0.27741617
0,0.2710389
0,0.3019987
0,0.30909985
0,0.29876292
0,0.3105269
0,0.2829293
0,0.27359465
0,0.27003735
0,0.2659231
0,0.2730697
0,0.26957062
0,0.28863546
0,0.2781372
0,0.281665
0,0.26939088
0,0.27843037
0,0.26708853
0,0.26152915
0,0.26206577
0,0.26817524
0,0.2589855
0,0.2860084
0,0.3151861
0,0.29863006
0,0.27659634
0,0.27600408
0,0.280986
0,0.27480265
0,0.26224652
0,0.2661834
0,0.25677606
0,0.2824691
0,0.26573467
0,0.27888814
0,0.26877823
0,0.2709067
0,0.2653912
0,0.2692183
0,0.26287648
0,0.27564284
0,0.28678295
0,0.27228776
0,0.27614588
0,0.28572497
0,0.27071798
0,0.28315333
0,0.26320353
0,0.2892172
0,0.27140105
0,0.272825
0,0.3234255
0,0.2865148
0,0.27111062
0,0.27579287
0,0.2624416
0,0.27720252
0,0.268072
0,0.3264722
0,0.2840446
0,0.29265237
0,0.27210125
0,0.28078333
0,0.267587
0,0.2813603
0,0.26892784
0,0.28047395
0,0.29304114
0,0.27416575
0,0.2641904
0,0.27383688
0,0.2597468
0,0.26019558
0,0.254507
0,0.30689383
0,0.3162213
0,0.31862918
0,0.3242795
0,0.33326128
0,0.35739315
0,0.30843875
0,0.29100028
0,0.3132113
0,0.29872274
0,0.33728784
0,0.33063486
0,0.30802482
0,0.30991393
0,0.31651717
0,0.29869223
0,0.2966589
0,0.30609176
0,0.29135993
0,0.30979693
0,0.2884087
0,0.2915515
0,0.2917954
0,0.2612789
0,0.24603659
0,0.26085237
0,0.24373226
0,0.2383937
0,0.24921553
0,0.24656971
0,0.27715907
0,0.28571865
0,0.32147738
0,0.2890559
0,0.29159224
0,0.28249282
0,0.28243077
0,0.2780117
0,0.26977655
0,0.28496957
0,0.31658167
0,0.30494437
0,0.27760753
0,0.28165218
0,0.28435126
0,0.26937413
0,0.26638454
0,0.27163443
0,0.27340502
0,0.26150262
0,0.27804378
0,0.29721737
0,0.30156273
0,0.27900538
0,0.2650434
0,0.26836267
0,0.2606326
0,0.26690283
0,0.27204406
0,0.2791245
0,0.29267055
0,0.30225608
0,0.28831208
0,0.28942817
0,0.2769139
0,0.28067437
0,0.28752765
0,0.3009784
0,0.28065488
0,0.27692488
0,0.29000154
0,0.30725032
0,0.30245253
0,0.30161026
0,0.2981858
0,0.28560403
0,0.2828552
0,0.27692908
0,0.26729476
0,0.26359957
0,0.2817874
0,0.2885819
0,0.30370143
0,0.34029284
0,0.31029108
0,0.29531613
0,0.3096379
0,0.3073823
0,0.30036998
0,0.2887746
0,0.35852858
0,0.3148374
0,0.295172
0,0.40142918
0,0.3102035
0,0.2966437
0,0.27771863
0,0.26979968
0,0.2912985
0,0.2830692
0,0.29270545
0,0.27970678
0,0.2811952
0,0.27368733
0,0.27118197
0,0.2785966
0,0.26867938
0,0.2637102
0,0.260533
0,0.25669804
0,0.2738433
0,0.2949351
0,0.28561026
0,0.2677906
0,0.28053358
0,0.2651896
0,0.26838812
0,0.25961033
0,0.29681474
0,0.26748565
0,0.27635503
0,0.26177743
0,0.2638271
0,0.25812754
0,0.27287582
0,0.2605545
0,0.2649097
0,0.29554492
0,0.35172358
0,0.29318485
0,0.28665417
0,0.2774315
0,0.27146497
0,0.26800328
0,0.27374282
0,0.27317038
0,0.2685501
0,0.27499944
0,0.26741028
0,0.26857466
0,0.30235565
0,0.28213534
0,0.26928657
0,0.28160495
0,0.33062974
0,0.33017364
0,0.30600134
0,0.2895458
0,0.28409147
0,0.27253127
0,0.27742273
0,0.2687837
0,0.28042075
0,0.27661926
0,0.2805384
0,0.31197637
0,0.30914468
0,0.3148346
0,0.2940617
0,0.31235763
0,0.2785964
0,0.284737
0,0.27973992
0,0.26540148
0,0.27407598
0,0.29092032
0,0.31867495
0,0.29908523
0,0.27649993
0,0.3487443
0,0.31481695
0,0.2886552
0,0.28192833
0,0.28631634
0,0.27641845
0,0.26103863
0,0.33178976
0,0.32082793
0,0.2913374
0,0.29078826
0,0.29516175
0,0.29488778
0,0.28592122
0,0.28092825
0,0.29329336
0,0.3094519
0,0.3616214
0,0.31731173
0,0.29795107
0,0.27939686
0,0.273312
0,0.2626593
0,0.26010522
0,0.26510054
0,0.25876
0,0.2935513
0,0.27574885
0,0.28269014
0,0.2720999
0,0.28367636
0,0.26880166
0,0.26586378
0,0.27394325
0,0.26499406
0,0.28188732
0,0.27626312
0,0.26573068
0,0.26939884
0,0.26575863
0,0.26309857
0,0.25878936
0,0.26141626
0,0.2657731
0,0.27477613
0,0.2768583
0,0.2833321
0,0.27599913
0,0.27956864
0,0.2599026
0,0.25979915
0,0.28399155
0,0.2734022
0,0.27141926
0,0.262545
0,0.28814733
0,0.2776605
0,0.28627047
0,0.27452302
0,0.28303126
0,0.31215703
0,0.29200676
0,0.28472072
0,0.2915238
0,0.27452478
0,0.27326462
0,0.2712675
0,0.2917424
0,0.31247377
0,0.32165965
0,0.30203408
0,0.2971385
0,0.27833375
0,0.28732312
0,0.26596174
0,0.28616706
0,0.2680044
0,0.2667286
0,0.3047857
0,0.28188878
0,0.28437072
0,0.28956434
0,0.2696246
0,0.27181113
0,0.2704217
0,0.3319438
0,0.28425652
0,0.2803498
0,0.26696765
0,0.27432054
0,0.2610613
0,0.2762259
0,0.26704207
0,0.26524353
0,0.25416335
0,0.26268747
0,0.25666726
0,0.26403028
0,0.26223698
0,0.2736774
0,0.26158813
0,0.27268094
0,0.26811877
0,0.29817143
0,0.3075605
0,0.28318414
0,0.29124868
0,0.2788833
0,0.26469725
0,0.27620354
0,0.30970386
0,0.2971475
0,0.28884175
0,0.32293713
0,0.3251542
0,0.33412462
0,0.39907572
0,0.38263547
0,0.3552164
0,0.3201562
0,0.32390022
0,0.3043655
0,0.29707947
0,0.35409653
0,0.29669404
0,0.27776188
0,0.28467858
0,0.290965
0,0.27146924
0,0.2745337
0,0.2508188
0,0.2406113
0,0.23276073
0,0.26911286
0,0.23051217
0,0.18818422
0,0.17945449
0,0.16674863
0,0.17205875
0,0.16032921
0,0.15818262
0,0.15882818
0,0.16782144
0,0.17884192
0,0.19067523
0,0.21169832
0,0.24479783
0,0.25160804
0,0.24701445
0,0.26319483
0,0.26505658
0,0.2816415
0,0.2923413
0,0.29419312
0,0.2901979
0,0.28512442
0,0.26711607
0,0.26595858
0,0.25846213
0,0.2623688
0,0.26849133
0,0.27539238
0,0.25981158
0,0.27791545
0,0.27098376
0,0.26099026
0,0.26598704
0,0.26171687
0,0.26594323
0,0.2548109
0,0.2729991
0,0.27067572
0,0.28131863
0,0.2608233
0,0.29204604
0,0.28769422
0,0.27675188
0,0.29554012
0,0.2902995
0,0.2914959
0,0.28304347
0,0.2789453
0,0.28275737
0,0.2672358
0,0.2868184
0,0.28169188
0,0.27677667
0,0.25902554
0,0.26105106
0,0.26546922
0,0.26502845
0,0.27627337
0,0.27127856
0,0.28317207
0,0.28913715
0,0.2697793
0,0.2730948
0,0.27045104
0,0.2726194
0,0.26690695
0,0.26624894
0,0.28736982
1,0.27314538
1,0.2910708
1,0.318459
1,0.31106776
1,0.2931569
1,0.27998585
1,0.27110752
1,0.27637193
1,0.277432
1,0.31485173
1,0.27986747
1,0.27788812
1,0.27361497
1,0.29983008
1,0.2814761
0,0.9533608
0,0.7921905
0,0.6919471
0,0.65341556
0,0.5576643
0,0.5005969
0,0.4522492
0,0.4198547
0,0.3460699
0,0.30181953
0,0.25263056
0,0.22376889
0,0.17947513
0,0.14846273
0,0.13625485
0,0.1365755
0,0.13442904
0,0.12940423
0,0.12448995
0,0.122067936
0,0.12547098
0,0.12616745
0,0.13731198
0,0.13734457
0,0.14059363
0,0.18302125
0,0.1685181
0,0.16903672
0,0.18792361
0,0.1972719
0,0.26414883
0,0.26346534
0,0.2653453
0,0.2649174
0,0.2721469
0,0.27175564
0,0.27233392
0,0.28605595
0,0.29324356
0,0.2802176
0,0.26655543
0,0.2642317
0,0.25653213
0,0.27562937
0,0.2581814
0,0.2760696
0,0.29754323
0,0.2931391
0,0.3299296
0,0.32721394
0,0.34924123
0,0.3538683
0,0.33344007
0,0.42178336
0,0.40989664
0,0.38562986
0,0.3391411
0,0.32306287
0,0.3227258
0,0.31703866
0,0.3691346
0,0.29506275
0,0.2697802
0,0.2314284
0,0.21048093
0,0.18584321
0,0.16060516
0,0.1520451
0,0.14409028
0,0.14117004
0,0.15350258
0,0.1534931
0,0.15227768
0,0.15193906
0,0.1528262
0,0.1555919
0,0.15983942
0,0.16287778
0,0.17292431
0,0.19130221
0,0.19060217
0,0.19161573
0,0.17868146
0,0.17941865
0,0.182697
0,0.17618321
0,0.17723152
0,0.18042007
0,0.19988315
0,0.21126752
0,0.25648913
0,0.29510802
0,0.2593745
0,0.24872065
0,0.24759513
0,0.2350158
0,0.25434035
0,0.2425543
0,0.26469633
0,0.24247004
0,0.24273933
0,0.2375385
0,0.23868239
0,0.23889735
0,0.24105851
0,0.24811159
0,0.2699577
0,0.26279518
0,0.27932408
0,0.2756084
0,0.2809277
0,0.2739703
0,0.2835152
0,0.2705342
0,0.27527153
0,0.2680519
0,0.26146448
0,0.26205063
0,0.2689357
0,0.2623887
0,0.27502376
0,0.2689784
0,0.2741356
0,0.27493352
0,0.27749524
0,0.2731077
0,0.39135975
0,0.32936633
0,0.31498948
0,0.34142935
0,0.31043956
0,0.2938038
0,0.2920054
0,0.28446883
0,0.28088522
0,0.2747456
0,0.29893395
0,0.27790383
0,0.2822664
0,0.34922823
0,0.31977695
0,0.29574588
0,0.28680953
0,0.27675775
0,0.28244168
0,0.28817004
0,0.33010757
0,0.28624117
0,0.28993908
0,0.30274677
0,0.29431438
0,0.27238655
0,0.2717242
0,0.2615048
0,0.26854286
0,0.270615
0,0.26989794
0,0.2629699
0,0.27011523
0,0.27297074
0,0.27368408
0,0.26593736
0,0.27269545
0,0.2799982
0,0.28522673
0,0.2722231
0,0.33932233
0,0.29065892
0,0.2851631
0,0.28234717
0,0.26574588
0,0.2672311
0,0.26417652
0,0.26094133
0,0.2619634
0,0.2880511
0,0.2906971
0,0.31212658
0,0.2815961
0,0.30881435
0,0.3163316
0,0.29978168
0,0.30013672
0,0.3066253
0,0.2947003
0,0.28082213
0,0.28070253
0,0.26975346
0,0.27477136
0,0.27318227
0,0.26259458
0,0.26449883
0,0.27201617
0,0.26140204
0,0.29032668
0,0.27647698
0,0.25969708
0,0.25672638
0,0.2535369
0,0.24962363
0,0.25061828
0,0.2578753
0,0.2802602
0,0.26817927
0,0.25572342
0,0.25211874
0,0.25009173
0,0.27411652
0,0.26726145
0,0.25907406
0,0.26074946
0,0.27744645
0,0.26862997
0,0.26118228
0,0.26778314
0,0.28786233
0,0.2871826
0,0.31246933
0,0.30188152
0,0.2815138
0,0.28810388
0,0.28415912
0,0.2751564
0,0.26165858
0,0.29667294
0,0.27877498
0,0.2857674
0,0.27558568
0,0.28599048
0,0.27421337
0,0.27419877
0,0.27000788
0,0.26943552
0,0.26899165
0,0.3111354
0,0.2813923
0,0.28920767
0,0.28438237
0,0.28585726
0,0.27455857
0,0.28429657
0,0.2869108
0,0.2808982
0,0.2740323
0,0.366055
0,0.30696386
0,0.29928723
0,0.2888955
0,0.28652102
0,0.2845591
0,0.2838095
0,0.27334312
0,0.27634913
0,0.2752805
0,0.28452972
0,0.30532914
0,0.27596998
0,0.27384645
0,0.26785755
0,0.26426905
0,0.27383053
0,0.30399606
0,0.30082515
0,0.28110212
0,0.29057765
0,0.3488301
0,0.3101837
0,0.29229692
0,0.29661793
0,0.28413397
0,0.27943113
0,0.2704539
0,0.35097927
0,0.29717526
0,0.3134995
0,0.29925916
0,0.32981676
0,0.34000543
0,0.3230709
0,0.29826593
0,0.28798637
0,0.27698362
0,0.2809995
0,0.26557723
0,0.26829177
0,0.26414132
0,0.26457506
0,0.2536936
0,0.26402974
0,0.26094818
0,0.26347244
0,0.26487917
0,0.26444608
0,0.27736083
0,0.28592023
0,0.27790806
0,0.2729343
0,0.26169744
0,0.28429562
0,0.26489395
0,0.41526616
0,0.3417643
0,0.34243435
0,0.32576954
0,0.29845458
0,0.28073052
0,0.2764004
0,0.26692623
0,0.27514294
0,0.28088546
0,0.26854104
0,0.26153967
0,0.26539594
0,0.26389784
0,0.26076582
0,0.25834593
0,0.26411214
0,0.27405816
0,0.25616738
0,0.27520555
0,0.27787387
0,0.26165384
0,0.27164504
0,0.28109258
0,0.27932897
0,0.26498246
0,0.28021187
0,0.26904213
0,0.2649303
0,0.2764894
0,0.27756056
0,0.27714968
0,0.26514095
0,0.32583717
0,0.29398602
0,0.27655122
0,0.2883846
0,0.29179794
0,0.2717906
0,0.2680018
0,0.3307268
0,0.32275596
0,0.30329144
0,0.31603006
0,0.29781732
0,0.29364604
0,0.280415
0,0.2658037
0,0.27552703
0,0.28138536
0,0.2644857
0,0.25970182
0,0.27111074
0,0.2701864
0,0.25802088
0,0.2628304
0,0.26430455
0,0.2603034
0,0.26732245
0,0.27465796
0,0.2697436
0,0.26672232
0,0.2682905
0,0.2953285
0,0.29182485
0,0.28595406
0,0.2785919
0,0.27568394
0,0.27219343
0,0.27039763
0,0.27408263
0,0.2807451
0,0.28299403
0,0.2778308
0,0.275518
0,0.2706638
0,0.270028
0,0.27198705
0,0.26696533
0,0.26468137
0,0.27725592
0,0.27123353
0,0.28506473
0,0.2706927
0,0.2820712
0,0.2679447
0,0.27883366
0,0.27657717
0,0.27008584
0,0.2690792
0,0.262274
0,0.26770553
0,0.27359924
0,0.27875388
0,0.2851503
0,0.2813754
0,0.2820633
0,0.26895222
0,0.26905152
0,0.26428136
0,0.2731056
0,0.28988376
0,0.27032962
0,0.26698813
0,0.26291817
0,0.260506
0,0.26851976
0,0.25930217
0,0.30958918
0,0.2765855
0,0.2794085
0,0.2706023
0,0.27511185
0,0.2627175
0,0.26426008
0,0.26338008
0,0.26366115
0,0.26241162
0,0.26813012
0,0.25626886
0,0.26604977
0,0.25808388
0,0.2656995
0,0.26006708
0,0.25507897
0,0.2570243
0,0.2588584
0,0.25581717
0,0.26184466
0,0.26401216
0,0.2594239
0,0.2610535
0,0.2528315
0,0.2562961
0,0.279848
0,0.27965286
0,0.27105075
0,0.2691847
0,0.2691644
0,0.27806512
0,0.27080536
0,0.2598481
0,0.26274714
0,0.25830898
0,0.26160875
0,0.261079
0,0.2801603
0,0.26650164
0,0.26496926
0,0.32066777
0,0.306916
0,0.29078826
0,0.28343478
0,0.27454042
0,0.26873586
0,0.2949115
0,0.35818213
0,0.33888456
0,0.29948798
0,0.2863716
0,0.29416385
0,0.29697907
0,0.28010795
0,0.27220157
0,0.26867095
0,0.2722493
0,0.27504525
0,0.27329266
0,0.27546474
0,0.25905094
0,0.27147216
0,0.25930262
0,0.25258547
0,0.25208154
0,0.28801382
0,0.2590158
0,0.25966418
0,0.2755343
0,0.27960694
0,0.2754841
0,0.29189536
0,0.27513683
0,0.28683478
0,0.2742673
0,0.26938567
0,0.28541285
0,0.27480832
0,0.28319243
0,0.2787353
0,0.27400926
0,0.27230963
0,0.25925845
0,0.26586002
0,0.2620667
0,0.27084735
0,0.26184797
0,0.26405996
0,0.31032512
0,0.29459193
0,0.27667588
0,0.29183903
0,0.27318949
0,0.25719848
0,0.26388693
0,0.2905958
0,0.26943526
0,0.27917844
0,0.32520142
0,0.2862457
0,0.2838789
0,0.27679652
0,0.27150163
1,0.27362454
1,0.266658
1,0.30136615
1,0.27945474
1,0.2833806
1,0.2694101
1,0.26692072
1,0.26380503
1,0.27740595
1,0.2653336
1,0.28251028
1,0.27619776
1,0.27104172
1,0.27842787
1,0.2705735
0,0.95073897
0,0.78973764
0,0.7116871
0,0.66389465
0,0.59554964
0,0.59173554
0,0.5241896
0,0.46944827
0,0.49384516
0,0.3838051
0,0.30374858
0,0.2534298
0,0.19859123
0,0.17238167
0,0.14482522
0,0.19419292
0,0.14954422
0,0.14225364
0,0.13082251
0,0.130032
0,0.12343768
0,0.1254994
0,0.12273791
0,0.1281707
0,0.13037995
0,0.13629234
0,0.14063148
0,0.15546371
0,0.16579159
0,0.18372194
0,0.26350006
0,0.2656619
0,0.26545075
0,0.2608544
0,0.25740257
0,0.26421088
0,0.29667962
0,0.28067312
0,0.28577954
0,0.27660373
0,0.26404524
0,0.2672615
0,0.25863162
0,0.2861454
0,0.28390992
0,0.2854409
0,0.33257073
0,0.2959869
0,0.27626306
0,0.26766083
0,0.2789798
0,0.28940502
0,0.2833215
0,0.36471257
0,0.33021638
0,0.33868164
0,0.34771943
0,0.3378425
0,0.33399913
0,0.3832503
0,0.3233071
0,0.3343292
0,0.29159123
0,0.27989683
0,0.2717056
0,0.27538368
0,0.26946095
0,0.2627261
0,0.2602286
0,0.26372412
0,0.26415315
0,0.25906026
0,0.27258572
0,0.2618307
0,0.26772264
0,0.26976594
0,0.27192104
0,0.28896782
0,0.29197055
0,0.2797179
0,0.2719324
0,0.2729428
0,0.2763455
0,0.2790813
0,0.27151796
0,0.27967802
0,0.28763413
0,0.295228
0,0.29801828
0,0.2712697
0,0.2849392
0,0.27891248
0,0.26076615
0,0.2701569
0,0.2825059
0,0.273506
0,0.26775637
0,0.2956843
0,0.28793925
0,0.30852246
0,0.30478752
0,0.2979371
0,0.3061191
0,0.30589846
0,0.33999622
0,0.3018443
0,0.29185826
0,0.29489088
0,0.2785803
0,0.28750888
0,0.2787567
0,0.33463326
0,0.30799413
0,0.31789544
0,0.2890682
0,0.29315767
0,0.27540123
0,0.28377897
0,0.26604664
0,0.28180218
0,0.26571846
0,0.2804235
0,0.26427096
0,0.27884734
0,0.26483473
0,0.2757485
0,0.2654006
0,0.26542887
0,0.2625474
0,0.2775075
0,0.30068484
0,0.29246
0,0.2883438
0,0.30005088
0,0.3009991
0,0.28256723
0,0.27007785
0,0.2733554
0,0.26267004
0,0.27665833
0,0.2765032
0,0.27373934
0,0.3077424
0,0.2887062
0,0.28065723
0,0.27134532
0,0.2628612
0,0.27153844
0,0.2570146
0,0.29065022
0,0.2660762
0,0.27358043
0,0.33599365
0,0.2977703
0,0.29248023
0,0.28506035
0,0.26923066
0,0.2786545
0,0.26829615
0,0.3276819
0,0.3229499
0,0.32929632
0,0.39768127
0,0.34629545
0,0.3191229
0,0.3076498
0,0.3043535
0,0.28918037
0,0.28398728
0,0.28342605
0,0.27829424
0,0.27429053
0,0.26747516
0,0.269565
0,0.2593979
0,0.26661968
0,0.25735912
0,0.26212376
0,0.2661459
0,0.25617152
0,0.25391287
0,0.25977033
0,0.27834362
0,0.2691986
0,0.2671737
0,0.25709975
0,0.2504184
0,0.2577151
0,0.25990185
0,0.26418564
0,0.28817523
0,0.2727875
0,0.279792
0,0.27199692
0,0.25917667
0,0.33965045
0,0.30770102
0,0.30486774
0,0.28646058
0,0.30002576
0,0.3266159
0,0.3278377
0,0.29737896
0,0.28665262
0,0.29028547
0,0.27561334
0,0.2693262
0,0.32687363
0,0.28495452
0,0.28822267
0,0.3102636
0,0.30014035
0,0.29429248
0,0.28306514
0,0.276904
0,0.27912065
0,0.26757935
0,0.27376795
0,0.26417804
0,0.27283588
0,0.2680793
0,0.26330063
0,0.2727746
0,0.27281675
0,0.2599619
0,0.25769842
0,0.26160437
0,0.2565656
0,0.25480205
0,0.2544551
0,0.2568846
0,0.25462154
0,0.25894287
0,0.25829685
0,0.25752887
0,0.25466824
0,0.2555215
0,0.2628823
0,0.26872516
0,0.28786784
0,0.28561023
0,0.29154322
0,0.27345705
0,0.27434874
0,0.26498914
0,0.27836168
0,0.27382547
0,0.28454357
0,0.2933154
0,0.29460812
0,0.27200654
0,0.306925
0,0.28455764
0,0.27714816
0,0.2692314
0,0.26868436
0,0.25913814
0,0.2886347
0,0.29646364
0,0.27791208
0,0.26763973
0,0.26664978
0,0.25965032
0,0.27242073
0,0.2642245
0,0.2899055
0,0.2750057
0,0.29216722
0,0.33517534
0,0.32431492
0,0.30265266
0,0.34338552
0,0.321227
0,0.29202968
0,0.28002182
0,0.30772552
0,0.2779252
0,0.28434303
0,0.33617508
0,0.30402926
0,0.27945927
0,0.28366163
0,0.28347573
0,0.28022918
0,0.2722434
0,0.31425974
0,0.2839174
0,0.28678524
0,0.26886955
0,0.27468738
0,0.28233325
0,0.26851347
0,0.27180707
0,0.2741414
0,0.25935483
0,0.27426895
0,0.27630126
0,0.28164876
0,0.27885073
0,0.27333188
0,0.26405585
0,0.26092514
0,0.25868845
0,0.2564796
0,0.25677067
0,0.28088954
0,0.2810192
0,0.27454248
0,0.2643351
0,0.2947994
0,0.28553072
0,0.30067524
0,0.28844002
0,0.2809385
0,0.270123
0,0.27186882
0,0.2611332
0,0.28406146
0,0.2864627
0,0.2819173
0,0.2712963
0,0.27066046
0,0.2603045
0,0.26125893
0,0.25550818
0,0.26332363
0,0.28588134
0,0.27125445
0,0.2709305
0,0.27134728
0,0.2884846
0,0.32839608
0,0.35849842
0,0.3254343
0,0.31881735
0,0.30120304
0,0.2898309
0,0.28152856
0,0.27228746
0,0.26996493
0,0.2788535
0,0.28362033
0,0.27286237
0,0.27641177
0,0.28070801
0,0.27073553
0,0.2877079
0,0.29447195
0,0.27777144
0,0.26902047
0,0.27912965
0,0.27197084
0,0.27627432
0,0.29998282
0,0.2855234
0,0.28429314
0,0.35374174
0,0.29509065
0,0.29210687
0,0.27907795
0,0.28036472
0,0.27885216
0,0.27692136
0,0.36265773
0,0.32258844
0,0.32138422
0,0.309462
0,0.30213782
0,0.28117493
0,0.28621015
0,0.2869817
0,0.31297716
0,0.31108215
0,0.32112628
0,0.34890342
0,0.3292213
0,0.30804184
0,0.30971038
0,0.28500783
0,0.28702632
0,0.2673349
0,0.27740008
0,0.26197115
0,0.27037904
0,0.33845636
0,0.2904241
0,0.27694246
0,0.2746439
0,0.2655459
0,0.27113885
0,0.25523588
0,0.27831072
0,0.25809968
0,0.28535566
0,0.2696158
0,0.2927845
0,0.29158458
0,0.29322883
0,0.28169024
0,0.29553986
0,0.27841267
0,0.28519684
0,0.26843432
0,0.2693511
0,0.25797647
0,0.2745713
0,0.25975704
0,0.26296484
0,0.26628673
0,0.26388422
0,0.2847873
0,0.28000513
0,0.2854198
0,0.28789976
0,0.27938408
0,0.30814844
0,0.3037682
0,0.30459076
0,0.2988711
0,0.31026778
0,0.32241848
0,0.2980418
0,0.3131788
0,0.2939756
0,0.32156897
0,0.2973205
0,0.2932984
0,0.2859429
0,0.27274847
0,0.30455983
0,0.2797487
0,0.28565717
0,0.34492612
1,0.30043262
1,0.2992996
1,0.28675392
1,0.268523
1,0.27236587
1,0.2592701
1,0.32501984
1,0.2801713
1,0.2841989
1,0.28803948
1,0.29051274
1,0.2928891
1,0.28168532
1,0.2679897
1,0.27270526
0,0.9506835
0,0.7784099
0,0.704403
0,0.65558004
0,0.58496773
0,0.6146722
0,0.6742271
0,0.6335997
0,0.5748475
0,0.504313
0,0.45531267
0,0.36871052
0,0.31592527
0,0.24432902
0,0.21962336
0,0.17834665
0,0.16112293
0,0.14018364
0,0.13679238
0,0.13680261
0,0.12390516
0,0.12341607
0,0.14406495
0,0.14016256
0,0.13405132
0,0.1396327
0,0.13997607
0,0.1451833
0,0.14121236
0,0.13952577
0,0.22869518
0,0.22717413
0,0.23755883
0,0.24464405
0,0.2508459
0,0.25213736
0,0.251064
0,0.2825559
0,0.27774245
0,0.28056362
0,0.26811647
0,0.27340367
0,0.27377594
0,0.2629429
0,0.27230582
0,0.2734948
0,0.2730835
0,0.2923266
0,0.28588402
0,0.27944252
0,0.2702505
0,0.2727724
0,0.26428148
0,0.2912512
0,0.26726398
0,0.27038026
0,0.26314083
0,0.27752545
0,0.2664984
0,0.28773066
0,0.2995708
0,0.29065982
0,0.28134766
0,0.26587552
0,0.27543554
0,0.27152884
0,0.26914597
0,0.27468655
0,0.2773764
0,0.28675398
0,0.30453715
0,0.28640416
0,0.28081667
0,0.28990057
0,0.2690245
0,0.26990595
0,0.26467612
0,0.30012694
0,0.2847343
0,0.27816546
0,0.32488355
0,0.28769735
0,0.2835617
0,0.2807573
0,0.27771512
0,0.31226882
0,0.305201
0,0.32180697
0,0.28884363
0,0.3029956
0,0.35533792
0,0.3064473
0,0.3095716
0,0.30213225
0,0.29642457
0,0.29903013
0,0.30971333
0,0.34855768
0,0.29926264
0,0.29429597
0,0.28128624
0,0.28361914
0,0.27815828
0,0.28618267
0,0.26725724
0,0.27221254
0,0.26177523
0,0.26849127
0,0.25840768
0,0.27659988
0,0.25963816
0,0.2685036
0,0.2575641
0,0.2674242
0,0.2545335
0,0.26385933
0,0.27797756
0,0.30646935
0,0.3064312
0,0.29440677
0,0.2756222
0,0.27691054
0,0.27528748
0,0.30324346
0,0.2779766
0,0.318075
0,0.31385875
0,0.34363756
0,0.3460956
0,0.3134174
0,0.322185
0,0.31503624
0,0.3094147
0,0.31085008
0,0.307782
0,0.3012189
0,0.28841904
0,0.27938908
0,0.29922965
0,0.2923952
0,0.27702194
0,0.28624552
0,0.27269804
0,0.27795303
0,0.2815723
0,0.3026257
0,0.28020427
0,0.28620413
0,0.31493065
0,0.30055538
0,0.2936278
0,0.28952378
0,0.27928057
0,0.2709754
0,0.26492518
0,0.31364083
0,0.29508317
0,0.28155658
0,0.27947986
0,0.28298464
0,0.27445692
0,0.28006783
0,0.28377354
0,0.282548
0,0.2718579
0,0.35667238
0,0.33744305
0,0.3449853
0,0.3371841
0,0.30943152
0,0.29773384
0,0.28168726
0,0.28175917
0,0.29164377
0,0.2848916
0,0.27703166
0,0.27752432
0,0.2810934
0,0.26676938
0,0.2703719
0,0.27411044
0,0.27725443
0,0.2895825
0,0.28127488
0,0.2870226
0,0.29824367
0,0.32529193
0,0.3024939
0,0.2825457
0,0.27684033
0,0.26410505
0,0.27741113
0,0.2799374
0,0.28245124
0,0.267676
0,0.2794554
0,0.27359164
0,0.2696868
0,0.26557726
0,0.27581477
0,0.26341838
0,0.26217043
0,0.25821403
0,0.27887517
0,0.27075928
0,0.282425
0,0.3081164
0,0.297919
0,0.2834955
0,0.28577384
0,0.2672185
0,0.27500594
0,0.26629674
0,0.31448397
0,0.27695635
0,0.27516246
0,0.26328343
0,0.2853843
0,0.2984524
0,0.27930945
0,0.26786453
0,0.28108555
0,0.26288942
0,0.27457443
0,0.25793976
0,0.26997495
0,0.26241156
0,0.26951483
0,0.26497698
0,0.27086854
0,0.27332243
0,0.28200585
0,0.26912832
0,0.27704144
0,0.27872524
0,0.27669024
0,0.26507387
0,0.29255363
0,0.27049387
0,0.2752667
0,0.29717794
0,0.29166335
0,0.28745997
0,0.28050837
0,0.30574104
0,0.28930366
0,0.28146145
0,0.27790397
0,0.26912767
0,0.27214658
0,0.26546085
0,0.2912002
0,0.29360646
0,0.28126788
0,0.3311859
0,0.29387435
0,0.2938425
0,0.27829817
0,0.26366958
0,0.2693211
0,0.2798361
0,0.33411285
0,0.27928057
0,0.2939717
0,0.31184858
0,0.30808136
0,0.31423137
0,0.28884208
0,0.27213413
0,0.27310976
0,0.25728905
0,0.26459968
0,0.26335075
0,0.27700597
0,0.27154183
0,0.26641664
0,0.26584205
0,0.26459384
0,0.26992592
0,0.27928033
0,0.26623482
0,0.26431358
0,0.31030193
0,0.27995247
0,0.2984476
0,0.31382537
0,0.29358146
0,0.29522926
0,0.2875756
0,0.33678484
0,0.29374313
0,0.28594232
0,0.2752864
0,0.29179874
0,0.28838366
0,0.2833839
0,0.2818042
0,0.27796477
0,0.27643237
0,0.27590954
0,0.27368435
0,0.27734032
0,0.26456866
0,0.27421093
0,0.28890517
0,0.29134157
0,0.2829841
0,0.269613
0,0.2728394
0,0.262557
0,0.28704998
0,0.27810878
0,0.27109867
0,0.28862473
0,0.27691552
0,0.28518546
0,0.27552027
0,0.29474258
0,0.30136234
0,0.2850951
0,0.31451917
0,0.27682102
0,0.26801544
0,0.28347534
0,0.26988375
0,0.27915347
0,0.27397618
0,0.31959695
0,0.27747118
0,0.2901302
0,0.27157468
0,0.27721897
0,0.26629508
0,0.26396567
0,0.25612786
0,0.26778275
0,0.26389217
0,0.2749385
0,0.26599282
0,0.27318832
0,0.26330736
0,0.26828015
0,0.2811691
0,0.2985728
0,0.28348434
0,0.27185625
0,0.28059155
0,0.27957174
0,0.27675867
0,0.27289984
0,0.26610997
0,0.27430576
0,0.2709641
0,0.28052026
0,0.27056268
0,0.29019183
0,0.26765397
0,0.2612512
0,0.30365878
0,0.2831203
0,0.26846188
0,0.27107295
0,0.26122424
0,0.29411235
0,0.26423013
0,0.31805825
0,0.29967898
0,0.28565642
0,0.2670728
0,0.27367216
0,0.2813547
0,0.27898872
0,0.2622017
0,0.26547873
0,0.25727996
0,0.2744353
0,0.2790109
0,0.26994634
0,0.2817627
0,0.2696602
0,0.26828367
0,0.2653003
0,0.2755967
0,0.2877431
0,0.29212955
0,0.2951416
0,0.3378071
0,0.30902156
0,0.30522436
0,0.29654896
0,0.2976576
0,0.27976477
0,0.27955192
0,0.29440558
0,0.27687895
0,0.28760108
0,0.33358666
0,0.28928682
0,0.28122494
0,0.29827473
0,0.2762419
0,0.29464313
0,0.28646427
0,0.28551924
0,0.3037907
0,0.31191778
0,0.28908634
0,0.27376226
0,0.2701096
0,0.26500437
0,0.27596137
0,0.26041204
0,0.2595799
0,0.25656915
0,0.25359666
0,0.26129678
0,0.2566573
0,0.25425845
0,0.25895408
0,0.2817357
0,0.26500598
0,0.27165762
0,0.25934118
0,0.270031
0,0.2976614
0,0.28555673
0,0.29224288
0,0.2858945
0,0.2848967
0,0.29288703
0,0.28319684
0,0.29561192
0,0.27187568
0,0.2672583
0,0.3253712
0,0.31782404
0,0.29926533
0,0.3028589
0,0.32702145
0,0.3099369
0,0.28040928
0,0.32942966
0,0.29752973
0,0.28721955
0,0.29594317
0,0.29169035
0,0.2920082
0,0.29276338
0,0.2781491
0,0.27366275
0,0.26828447
0,0.34181568
0,0.30773425
0,0.31156766
0,0.28835168
0,0.2932664
0,0.28076473
0,0.29689068
0,0.2942084
0,0.28878996
0,0.30389476
0,0.29305908
0,0.29802158
0,0.2786634
0,0.2955698
0,0.29619685
0,0.2911927
0,0.29028186
0,0.28819314
0,0.2842468
0,0.26936033
0,0.27675974
0,0.25867367
0,0.26958916
0,0.2595366
0,0.26888642
0,0.25816038
0,0.26775536
0,0.26799044
0,0.27115482
0,0.2700296
0,0.27532423
0,0.2776522
0,0.2898783
0,0.2623291
0,0.27531126
0,0.2606213
0,0.27650186
0,0.27292615
0,0.29763615
0,0.29226285
0,0.28110656
0,0.3270838
0,0.29875484
0,0.27473465
0,0.28214154
0,0.26726288
0,0.27066663
0,0.28421405
0,0.35880348
0,0.31121522
0,0.31601888
0,0.29445824
0,0.28434968
0,0.27154645
0,0.28724155
0,0.2737364
0,0.27096152
0,0.27891803
0,0.27115116
0,0.28116778
0,0.29360726
0,0.26822737
0,0.26871744
0,0.2655929
0,0.26370853
0,0.2613675
0,0.261391
0,0.2703398
0,0.26397732
0,0.2553418
0,0.26810384
0,0.27208632
0,0.2714234
0,0.29500613
0,0.2962895
0,0.2892202
0,0.28489298
0,0.28654265
0,0.28568664
0,0.2915249
0,0.27374652
0,0.27501008
0,0.27040517
0,0.28067186
0,0.2680058
0,0.27520376
0,0.30054244
0,0.28627908
0,0.2830185
0,0.3569236
0,0.29622436
0,0.3047572
0,0.29272377
0,0.28476647
0,0.28089407
0,0.27456498
0,0.26527512
0,0.27265736
0,0.26052195
0,0.26737723
0,0.2715586
0,0.2707157
0,0.25974935
0,0.2575658
0,0.26475415
0,0.25648302
0,0.26332608
0,0.25931817
0,0.25302398
0,0.2573102
0,0.25088128
0,0.2593499
0,0.2790693
0,0.2905462
0,0.31305596
0,0.28887242
0,0.28519043
0,0.31468445
0,0.28782585
0,0.28037494
0,0.28792086
0,0.28445718
0,0.27520022
0,0.27705047
0,0.323339
0,0.27984607
0,0.28859836
0,0.2828165
0,0.27670047
0,0.2699106
0,0.28056574
0,0.2773384
0,0.27050754
0,0.2812553
0,0.2848819
0,0.2718894
0,0.26813096
0,0.2676343
0,0.27688503
0,0.2675654
0,0.2771691
0,0.26426464
0,0.2779692
0,0.26913851
0,0.26682886
0,0.2722836
0,0.2653867
0,0.25699052
0,0.25835449
0,0.268608
0,0.27711284
0,0.2919043
0,0.28538746
0,0.28267494
0,0.29048342
0,0.2952779
0,0.28036463
0,0.29254365
0,0.30188322
0,0.31347296
0,0.29262975
0,0.29442194
0,0.28451377
0,0.27359876
0,0.2823005
0,0.2805966
0,0.30458516
0,0.31455234
0,0.30468294
0,0.32221887
0,0.32138136
0,0.3196243
0,0.31267145
0,0.31524763
0,0.29371768
0,0.29686782
0,0.28362286
0,0.27623647
0,0.27430117
0,0.28181496
0,0.2733316
0,0.29338682
0,0.30407888
0,0.3047264
0,0.28342995
0,0.3244982
0,0.28923225
0,0.2772202
0,0.27317962
0,0.26958826
0,0.2673549
0,0.27144623
0,0.31069595
0,0.27523515
0,0.2716107
0,0.36035094
0,0.30528042
0,0.30531934
0,0.29924613
0,0.2741037
0,0.28952852
0,0.3009943
0,0.2794402
0,0.2714947
0,0.28676215
0,0.280917
0,0.27120548
0,0.26582754
0,0.28135344
0,0.28982112
0,0.27687642
0,0.27492076
0,0.27950555
0,0.2665399
0,0.29505086
0,0.28912577
0,0.30025294
0,0.300162
0,0.30175883
0,0.2905194
0,0.28601664
0,0.28434938
0,0.28345653
0,0.29385987
0,0.284014
0,0.2839911
0,0.2684012
0,0.273029
0,0.2718639
0,0.26269627
0,0.30500025
0,0.29914716
0,0.3146367
0,0.3549853
0,0.2978268
0,0.2852674
0,0.30918357
0,0.2937407
0,0.29695982
0,0.2875635
0,0.34479275
0,0.29952478
0,0.30256522
0,0.28737953
0,0.29095098
0,0.27941
0,0.28720638
0,0.27674204
0,0.28286108
0,0.2746469
0,0.28047064
0,0.27558222
0,0.29052195
0,0.30589542
0,0.2848115
0,0.28969365
0,0.29438233
0,0.27763858
0,0.2785825
0,0.29510224
0,0.2763233
0,0.28748322
0,0.27356437
0,0.26355508
0,0.27519706
0,0.2661436
0,0.27412948
0,0.2594727
0,0.29545245
0,0.27383247
0,0.2783048
0,0.3408969
0,0.30690545
0,0.28579673
0,0.28613183
0,0.28295627
0,0.28500196
0,0.27551547
0,0.28131518
0,0.28081992
0,0.2884492
0,0.30913246
0,0.2951914
0,0.27716124
0,0.2806438
0,0.28044656
0,0.28079247
0,0.27721915
0,0.27587348
0,0.27235717
0,0.281095
0,0.2951735
0,0.28129435
0,0.2753316
0,0.2786562
0,0.2771652
0,0.2738623
0,0.27303103
0,0.2727135
0,0.27605537
0,0.27155113
0,0.27718696
0,0.2736766
0,0.2611976
0,0.2708168
0,0.27921706
0,0.29227343
0,0.28886706
0,0.27945173
0,0.32318133
0,0.2900412
0,0.27713653
0,0.27665254
0,0.27287146
0,0.27027014
0,0.28440866
0,0.39816257
0,0.36353868
0,0.3328181
0,0.30612743
0,0.32514346
0,0.31509075
0,0.32978973
0,0.31833103
0,0.31218374
0,0.3040257
0,0.30245122
0,0.32105076
0,0.30528566
0,0.2987482
0,0.32805312
0,0.366228
0,0.36757404
0,0.38786307
0,0.32217723
0,0.25039455
0,0.23997332
0,0.23259836
0,0.20449047
0,0.17554662
0,0.15795693
0,0.14974563
0,0.15173082
0,0.15514469
0,0.16681947
0,0.15682574
0,0.16611531
0,0.20345035
0,0.18249324
0,0.1630718
0,0.15937288
0,0.1509979
0,0.14136712
0,0.14277185
0,0.16183734
0,0.15789992
0,0.15468593
0,0.15224876
0,0.1493665
0,0.15809584
0,0.16850035
0,0.17813472
0,0.201202
0,0.22246028
0,0.26044068
0,0.24495843
0,0.252081
0,0.30552518
0,0.27588126
0,0.26538628
0,0.2667614
0,0.26180947
0,0.28807467
0,0.2742028
0,0.32937697
0,0.29522863
0,0.30616194
0,0.31762797
0,0.32298458
0,0.32910928
0,0.32120344
0,0.31846714
0,0.30626884
0,0.3111427
0,0.2887176
0,0.28813696
0,0.28953162
0,0.2815791
0,0.28234717
0,0.26612917
0,0.2673016
0,0.25526628
0,0.26542372
0,0.25122035
0,0.30299273
0,0.2766517
0,0.27553093
0,0.35276705
0,0.30102557
0,0.2819188
0,0.24920942
0,0.2393247
0,0.24206713
0,0.24037333
0,0.30987605
0,0.27115926
0,0.2776387
0,0.27100596
0,0.27782577
0,0.3013046
0,0.29171175
0,0.2928724
0,0.31262273
0,0.29952464
0,0.28811508
0,0.3024668
0,0.3046561
0,0.3047933
0,0.28449395
0,0.25265074
0,0.22387248
0,0.20932285
0,0.21176444
0,0.2109906
0,0.25533837
0,0.24075341
0,0.24980623
0,0.38996378
0,0.30595374
0,0.24323875
0,0.20466545
0,0.1872185
0,0.17771439
0,0.17644663
0,0.19429338
0,0.16850258
0,0.1688199
0,0.15969975
0,0.14897391
0,0.14064132
0,0.14534043
0,0.14202479
0,0.1470567
0,0.15779854
0,0.1631007
0,0.16937914
0,0.1822018
0,0.18778367
0,0.18591067
0,0.19286047
0,0.1993407
0,0.21499722
0,0.22157182
0,0.23504157
0,0.26434946
0,0.27726462
0,0.2942197
0,0.3098987
0,0.3050311
0,0.32554054
0,0.32355705
0,0.3105175
0,0.30934584
0,0.3195548
0,0.30124176
0,0.3083157
0,0.31092227
0,0.3070853
0,0.31045878
0,0.29869178
0,0.30576792
0,0.30534238
0,0.3303744
0,0.29994035
0,0.26362717
0,0.30423835
0,0.25863814
0,0.2693123
0,0.23502642
0,0.23419389
0,0.18962772
0,0.18055457
0,0.17532238
0,0.16947308
0,0.16645773
0,0.17527877
0,0.1707335
0,0.17891692
0,0.19187377
0,0.19347031
0,0.19712587
0,0.20415953
0,0.18436584
0,0.18088362
0,0.20203069
0,0.26335564
0,0.22148351
0,0.22356895
0,0.22169425
0,0.2163124
0,0.20914559
0,0.17932321
0,0.1740647
0,0.19018416
0,0.16862315
0,0.16362402
0,0.16012773
0,0.17228428
0,0.16230589
0,0.16131341
0,0.17983045
0,0.17970543
0,0.17812888
0,0.22293983
0,0.20725875
0,0.19021605
0,0.18399169
0,0.17888196
0,0.22360912
0,0.28374326
0,0.37048376
0,0.29734594
0,0.2773476
0,0.27224907
0,0.27733663
0,0.23494567
0,0.2178456
0,0.20050775
0,0.20532398
0,0.1704382
0,0.1720958
0,0.16436839
0,0.15662596
0,0.17903617
0,0.16944017
0,0.16361952
0,0.16399145
0,0.18082666
0,0.19742776
0,0.19723396
0,0.19926949
0,0.18221052
0,0.16264428
0,0.16080151
0,0.14365253
0,0.14059412
0,0.13340735
0,0.1320791
0,0.13225691
0,0.12948662
0,0.13541007
0,0.13793334
0,0.14880165
0,0.16524379
0,0.16182856
0,0.15670902
0,0.1540837
0,0.1692421
0,0.16972299
0,0.1616001
0,0.1595902
0,0.16554254
0,0.16586451
0,0.16217196
0,0.1721124
0,0.17202172
0,0.15408847
0,0.15782112
0,0.18695961
0,0.18887731
0,0.17129052
0,0.15433349
0,0.14622168
0,0.14591187
0,0.15574136
0,0.15550907
0,0.15929058
0,0.15353233
0,0.14478905
0,0.14384395
0,0.15085319
0,0.15276195
0,0.15789732
0,0.16362154
0,0.18134491
0,0.18724056
0,0.18866226
0,0.196778
0,0.18460524
0,0.20019028
0,0.20233336
0,0.20152171
0,0.20672736
0,0.21268241
0,0.2345936
0,0.25047597
0,0.27534166
0,0.28222352
0,0.3116228
0,0.3644669
0,0.30540752
0,0.276887
0,0.25786555
0,0.27544633
0,0.26872337
0,0.2619776
0,0.26807922
0,0.24791633
0,0.24781705
0,0.23575443
0,0.24129415
0,0.2401887
0,0.23619881
0,0.24263963
0,0.2542467
0,0.2725479
0,0.2842905
0,0.2789488
0,0.27282244
0,0.2671396
0,0.26429495
0,0.2597033
0,0.26996422
0,0.26934278
0,0.30707592
0,0.28000546
0,0.29127672
0,0.347293
0,0.30037436
0,0.2967353
0,0.2949022
0,0.27492338
0,0.29501197
0,0.2910637
0,0.37665945
0,0.3314116
0,0.31662723
0,0.3344197
0,0.30504572
0,0.29220447
0,0.3038722
0,0.29682928
0,0.2970444
0,0.3036652
0,0.29723918
0,0.2942001
0,0.2915726
0,0.31323415
0,0.34439543
0,0.37612718
0,0.35455838
0,0.31031585
0,0.32101032
0,0.29735887
0,0.31249446
0,0.30911168
0,0.26089585
0,0.24245942
0,0.20614275
0,0.18440714
0,0.16797042
0,0.15646479
0,0.15565641
0,0.14939444
0,0.16084617
0,0.16305152
0,0.15621917
0,0.16359486
0,0.16505061
0,0.16374446
0,0.17210041
0,0.19540755
0,0.24964274
0,0.28604272
0,0.25736412
0,0.32432234
0,0.2708847
0,0.23647816
0,0.18921646
0,0.16148748
0,0.1443461
0,0.14149748
0,0.17125678
0,0.16403654
0,0.15169644
0,0.14466703
0,0.15359406
0,0.15976459
0,0.146401
0,0.13835284
0,0.131183
0,0.13279733
0,0.14141823
0,0.1322802
0,0.13560262
0,0.13854516
0,0.13351001
0,0.13474123
0,0.13376911
0,0.13481517
0,0.14190793
0,0.15362494
0,0.17021723
0,0.19265229
0,0.21257442
0,0.24050488
0,0.24185999
0,0.25065273
0,0.25943515
0,0.26587397
0,0.2644295
0,0.26907355
0,0.26579905
0,0.3072419
0,0.27737424
0,0.26927176
0,0.27102304
0,0.27937123
0,0.26748732
0,0.2740081
0,0.3264919
0,0.29607314
0,0.2953412
0,0.37068388
0,0.31841952
0,0.30276316
0,0.2918286
0,0.28546235
0,0.29631916
0,0.28073138
0,0.28449166
0,0.27843505
0,0.27980015
0,0.28589344
0,0.28670293
0,0.30122918
0,0.28843918
0,0.2757901
0,0.275936
0,0.2844428
0,0.27473024
0,0.28115222
0,0.27501562
0,0.27277052
0,0.27568945
0,0.26169127
0,0.25851798
0,0.27622834
0,0.3053676
0,0.28711122
0,0.30297163
0,0.35410658
0,0.33237094
0,0.32039633
0,0.31917107
0,0.3125509
0,0.2985687
0,0.28439626
0,0.36822996
0,0.30584916
0,0.30685186
0,0.28665227
0,0.2776441
0,0.269272
0,0.28961393
0,0.30755585
0,0.3244409
0,0.35081547
0,0.32588896
0,0.3200661
0,0.3024347
0,0.3050879
0,0.29270625
0,0.27330983
0,0.26558733
0,0.25207424
0,0.22623233
0,0.22086157
0,0.23742996
0,0.22744972
0,0.24215886
0,0.2627323
0,0.27122316
0,0.2644664
0,0.26394656
0,0.26714355
0,0.25374904
0,0.24822557
0,0.25891432
0,0.28011715
0,0.2659509
0,0.26543984
0,0.2749905
0,0.25844815
0,0.3031694
0,0.3104032
0,0.362161
0,0.33394104
0,0.32886434
0,0.3035489
0,0.29070723
0,0.28716606
0,0.27966583
0,0.2791093
0,0.2757484
0,0.28657168
0,0.31903362
0,0.36384696
0,0.37169054
0,0.36366293
0,0.35953134
0,0.362279
0,0.34091416
0,0.3253182
0,0.30876327
0,0.2764174
0,0.22932883
0,0.21926834
0,0.19073778
0,0.1752583
0,0.1749797
0,0.177029
0,0.1839438
0,0.18545479
0,0.22932066
0,0.19949786
0,0.19453049
0,0.18041253
0,0.16974732
0,0.1647497
0,0.16369224
0,0.16784152
0,0.1685759
0,0.18142445
0,0.19591881
0,0.21261221
0,0.21923625
0,0.24292836
0,0.24902211
0,0.26072514
0,0.27591026
0,0.27289355
0,0.34029993
0,0.29154694
0,0.293456
0,0.28286177
0,0.28238758
0,0.28699225
0,0.3025536
0,0.28592625
0,0.2818514
0,0.27563328
0,0.28259993
0,0.27042812
0,0.29789427
0,0.29115975
0,0.29427347
0,0.3117412
0,0.2785177
0,0.27585468
0,0.289943
0,0.2757642
0,0.2855127
0,0.3093938
0,0.28868827
0,0.27772754
0,0.2867746
0,0.27414525
0,0.2849196
0,0.27582768
0,0.27596214
0,0.272173
0,0.27025738
0,0.26727724
0,0.27832675
0,0.30026117
0,0.27871558
0,0.2733851
0,0.28211066
0,0.2900509
0,0.5146642
0,0.42167267
0,0.36412024
0,0.33534297
0,0.31804565
0,0.30219024
0,0.28701538
0,0.2850149
0,0.2847485
0,0.2948637
0,0.2894363
0,0.30397347
0,0.2914202
0,0.27916834
0,0.2927536
0,0.32950294
0,0.31476727
0,0.27540457
0,0.29448786
0,0.253865
0,0.2348984
0,0.25499782
0,0.23420534
0,0.2041888
0,0.19992563
0,0.20038137
0,0.20754126
0,0.20840423
0,0.23021981
0,0.2154024
0,0.29596272
0,0.28988254
0,0.28114274
0,0.272474
0,0.28630257
0,0.2721865
0,0.2527091
0,0.31067008
0,0.25685757
0,0.2362468
0,0.22833154
0,0.22116008
0,0.20700398
0,0.2092361
0,0.19444592
0,0.18890172
0,0.17840475
0,0.17716385
0,0.17658673
0,0.17357911
0,0.16827132
0,0.17582278
0,0.17383921
0,0.1787951
0,0.18755075
0,0.18547481
0,0.19170758
0,0.18831523
0,0.19319153
0,0.18169896
0,0.17861384
0,0.17513792
0,0.17615682
0,0.17586234
0,0.18509503
0,0.19552276
0,0.2045254
0,0.24443229
0,0.25441396
0,0.27366236
0,0.2920648
0,0.2746678
0,0.2911396
0,0.27119222
0,0.2903671
0,0.29429686
0,0.28960556
0,0.27592266
0,0.27876416
0,0.3063937
0,0.28427064
0,0.27756643
0,0.27418497
0,0.27146083
0,0.30518362
0,0.31209725
0,0.34779406
0,0.3140334
0,0.32051185
0,0.37840986
0,0.33085436
0,0.3097985
0,0.31524986
0,0.32925192
0,0.34346956
0,0.33454594
0,0.29712436
0,0.27282065
0,0.27138844
0,0.26046598
0,0.24714185
0,0.22161056
0,0.22008982
0,0.20417342
0,0.20524094
0,0.19758946
0,0.19953555
0,0.19366555
0,0.19986828
0,0.19571231
0,0.20388402
0,0.21029134
0,0.23651786
0,0.24018131
0,0.26090392
0,0.25837255
0,0.2591693
0,0.26201496
0,0.2752105
0,0.28917763
0,0.26785663
0,0.25926635
0,0.26288757
0,0.2856009
0,0.28808007
0,0.28279725
0,0.2632899
0,0.24591924
0,0.23090966
0,0.21688856
0,0.21324211
0,0.19538395
0,0.18089034
0,0.19291541
0,0.18163078
0,0.18653649
0,0.19448304
0,0.19330111
0,0.19707689
0,0.19315764
0,0.16953614
0,0.16057219
0,0.15877935
0,0.15928821
0,0.19033825
0,0.16916151
0,0.17163403
0,0.16428038
0,0.16605087
0,0.16879159
0,0.17241989
0,0.1709093
0,0.17083277
0,0.17549297
0,0.2157859
0,0.20071462
0,0.20717101
0,0.26595777
0,0.24647003
0,0.23760824
0,0.23201995
0,0.23773868
0,0.1930638
0,0.1851766
0,0.27835366
0,0.27598274
0,0.29398924
0,0.29205027
0,0.2302597
0,0.21782188
0,0.16980384
0,0.15196759
0,0.15255113
0,0.14133981
0,0.13773644
0,0.13816983
0,0.14335024
0,0.14370744
0,0.15531199
0,0.14895906
0,0.1496864
0,0.15703383
0,0.17803559
0,0.18078905
0,0.17997523
0,0.18671747
0,0.17719983
0,0.1705037
0,0.16876039
0,0.17527601
0,0.1692687
0,0.1513761
0,0.15960418
0,0.15728869
0,0.15857485
0,0.18539198
0,0.17110683
0,0.16830078
0,0.15979885
0,0.149402
0,0.14115338
0,0.14044766
0,0.16101511
0,0.1517274
0,0.1545155
0,0.19652084
0,0.17144164
0,0.16967851
0,0.18896587
0,0.1869617
0,0.16414826
0,0.15570647
0,0.16369279
0,0.16220546
0,0.16948757
0,0.16960315
0,0.19565831
0,0.21729144
0,0.18213823
0,0.17774346
0,0.18188117
0,0.1727928
0,0.1595494
0,0.17675464
0,0.20111093
0,0.27231795
0,0.2572536
0,0.26681095
0,0.22619267
0,0.20005177
0,0.1694929
0,0.16493557
0,0.19085418
0,0.18192083
0,0.16398142
0,0.15012863
0,0.17905898
0,0.19786316
0,0.2010457
0,0.21682428
0,0.23456594
0,0.27132964
0,0.26914483
0,0.285663
0,0.27538422
0,0.2774331
0,0.2686453
0,0.29517737
0,0.23103495
0,0.23300332
0,0.18296129
0,0.15549774
0,0.14558557
0,0.15810744
0,0.16386764
0,0.15535612
0,0.16069068
0,0.16682358
0,0.15625685
1,0.15302394
1,0.16034576
1,0.15615177
1,0.16829748
1,0.17200533
1,0.21641499
1,0.2709967
1,0.29307577
1,0.30064163
1,0.3060785
1,0.34764415
1,0.34062526
1,0.33127394
1,0.34076893
1,0.39733687
0,0.9570755
0,0.9016924
0,0.9027683
0,0.88601464
0,0.7918174
0,0.8225026
0,0.7452264
0,0.70802003
0,0.6439992
0,0.6173856
0,0.6051601
0,0.559288
0,0.5463135
0,0.53969824
0,0.5210384
0,0.5142057
0,0.4211055
0,0.42601085
0,0.41959932
0,0.38888568
0,0.3483445
0,0.3236219
0,0.29977167
0,0.2962258
0,0.27611467
0,0.28137946
0,0.2728826
0,0.27649826
0,0.2467444
0,0.24383073
0,0.19784334
0,0.21660286
0,0.2228797
0,0.23937427
0,0.27149072
0,0.2694493
0,0.26072094
0,0.2725081
0,0.31532252
0,0.32539818
0,0.39627877
0,0.38952726
0,0.3309188
0,0.27911958
0,0.23932907
0,0.23620407
0,0.25681007
0,0.26744246
0,0.3234521
0,0.31403014
0,0.3105024
0,0.32419434
0,0.31105998
0,0.321862
0,0.32515073
0,0.35030046
0,0.3030655
0,0.2903744
0,0.34645686
0,0.33356515
0,0.34747428
0,0.39481604
0,0.4266601
0,0.8423769
0,0.6694044
0,0.5987127
0,0.5161818
0,0.48578537
0,0.44598863
0,0.40145805
0,0.33855486
0,0.38445583
0,0.35170445
0,0.31318238
0,0.28213775
0,0.26266494
0,0.24561138
0,0.21720695
0,0.31110582
0,0.25218365
0,0.23299153
0,0.33979616
0,0.29082957
0,0.26052287
0,0.24227715
0,0.26878247
0,0.26448005
0,0.27219108
0,0.27371255
0,0.28339761
0,0.2767
0,0.24944618
0,0.18337177
0,0.1505167
0,0.1433482
0,0.15098219
0,0.14883316
0,0.14395946
0,0.14613609
0,0.14599304
0,0.16146418
0,0.17981258
0,0.18443134
0,0.18091641
0,0.18473591
0,0.19096841
0,0.18918909
0,0.16264324
0,0.15467453
0,0.17005587
0,0.1573281
0,0.14906722
0,0.14468102
0,0.15700151
0,0.15667382
0,0.14893034
0,0.17298667
0,0.15483335
0,0.1513781
0,0.15282877
0,0.14309557
0,0.13869067
0,0.15270022
0,0.15057455
0,0.14565657
0,0.14571173
0,0.15447545
0,0.15317099
0,0.15586346
0,0.1490043
0,0.16122718
0,0.16890801
0,0.16638681
0,0.16284023
0,0.14962934
0,0.14072108
0,0.13735509
0,0.1390324
0,0.15004414
0,0.14747034
0,0.14950317
0,0.15309243
0,0.15631735
0,0.15863794
0,0.17339998
0,0.1729143
0,0.17578581
0,0.19900957
0,0.17969574
0,0.1768683
0,0.17992042
0,0.18530624
0,0.1994859
0,0.20605029
0,0.21760821
0,0.22552025
0,0.24334961
0,0.2546859
0,0.27195954
0,0.26523045
0,0.2746648
0,0.26972932
0,0.26585507
0,0.28390342
0,0.30515307
0,0.34531268
0,0.35713494
0,0.35815963
0,0.34305415
0,0.3006006
0,0.29738066
0,0.30373582
0,0.49976763
0,0.39485353
0,0.34254208
0,0.35987332
0,0.321537
0,0.29341158
0,0.27377778
0,0.2544791
0,0.24500246
0,0.22672431
0,0.2516055
0,0.20810945
0,0.1967707
0,0.23888215
0,0.20811383
0,0.18297538
0,0.16323568
0,0.16850828
0,0.15973921
0,0.15590435
0,0.16648073
0,0.1561131
0,0.15593274
0,0.15299909
0,0.1570172
0,0.15926032
0,0.17301214
0,0.18907136
0,0.1993615
0,0.20779476
0,0.2617125
0,0.2468879
0,0.25331616
0,0.2508758
0,0.23787732
0,0.24997975
0,0.24821913
0,0.24577162
0,0.27400246
0,0.26642618
0,0.2704334
0,0.2657462
0,0.26658282
0,0.26683977
0,0.27492988
0,0.26854965
0,0.27580836
0,0.26851857
0,0.27619168
0,0.28277576
0,0.2832466
0,0.28578842
0,0.28600493
0,0.2900826
0,0.28313392
0,0.29035714
0,0.29621917
0,0.28372177
0,0.31404147
0,0.29031265
0,0.29282975
0,0.32517642
0,0.2969974
0,0.29329127
0,0.28407565
0,0.28423303
0,0.3205962
0,0.31091878
0,0.3260774
0,0.3006385
0,0.29110408
0,0.3247739
0,0.29468143
0,0.2906386
0,0.2833632
0,0.27482963
0,0.283377
0,0.28975934
0,0.3208052
0,0.30876902
0,0.29187337
0,0.33859783
0,0.3181279
0,0.29567915
0,0.28592023
0,0.2992359
0,0.28230533
0,0.27920902
0,0.35612097
0,0.30218232
0,0.28614965
0,0.28434613
0,0.29966748
0,0.2824875
0,0.27453232
0,0.26136324
0,0.278408
0,0.28333977
0,0.2755319
0,0.27187654
0,0.2823007
0,0.273276
0,0.2939472
0,0.28345367
0,0.29776973
0,0.28153467
0,0.28425393
0,0.28681004
0,0.28852162
0,0.30104294
0,0.31143704
0,0.31375742
0,0.28971472
0,0.28118753
0,0.27443257
0,0.2714291
0,0.32012504
0,0.28012773
0,0.28658038
0,0.35625848
0,0.305296
0,0.30994076
0,0.31801617
0,0.32978293
0,0.31161493
0,0.28984737
0,0.27687797
0,0.27267793
0,0.26761496
0,0.27792156
0,0.28758985
0,0.27114004
0,0.285319
0,0.27260682
0,0.31038517
0,0.29747465
0,0.28733256
0,0.3225473
0,0.308934
0,0.31438187
0,0.3146508
0,0.31896403
0,0.29727316
0,0.2822783
0,0.28132677
0,0.27847484
0,0.29898763
0,0.30548534
0,0.28798366
0,0.3028704
0,0.32685953
0,0.33441696
0,0.34286663
0,0.32867438
0,0.29676342
0,0.3025445
0,0.30196956
0,0.27949288
0,0.28323308
0,0.29307735
0,0.28544903
0,0.26869377
0,0.27365956
0,0.26233742
0,0.26466545
0,0.28256732
0,0.26544264
0,0.26985753
0,0.27438965
0,0.2685842
0,0.27562875
0,0.26957217
0,0.27373543
0,0.2708513
0,0.28725803
0,0.3046574
0,0.29322016
0,0.29152763
0,0.29079732
0,0.29729402
0,0.29066035
0,0.28847483
0,0.348223
0,0.31002545
0,0.30189568
0,0.3035662
0,0.3003164
0,0.30260828
0,0.31038114
0,0.3247779
0,0.33160642
0,0.33700347
0,0.34968126
0,0.35731953
0,0.3257514
0,0.30446875
0,0.29203942
0,0.29844135
0,0.27815914
0,0.2760847
0,0.26331148
0,0.25492382
0,0.24204779
0,0.2380365
0,0.24104083
0,0.23432073
0,0.25162822
0,0.24471125
0,0.24739629
0,0.27483922
0,0.26585498
0,0.26478285
0,0.27193302
0,0.25419283
0,0.24440467
0,0.2514777
0,0.24796073
0,0.25305873
0,0.25684237
0,0.27261588
0,0.28408554
0,0.2800436
0,0.27936047
0,0.2908474
0,0.2884849
0,0.27961838
0,0.2784497
0,0.27707976
0,0.2771091
0,0.27463335
0,0.29267436
0,0.2863441
0,0.29134306
0,0.30157864
0,0.29958382
0,0.30960053
0,0.3094921
0,0.30442792
0,0.30932474
0,0.30289537
0,0.29714218
0,0.28896037
0,0.32027638
0,0.32444224
0,0.32829443
0,0.31765637
0,0.3281391
0,0.335503
0,0.3585246
0,0.35214984
0,0.34340185
0,0.34389228
0,0.32388738
0,0.30006242
0,0.28204352
0,0.25255054
0,0.22778411
0,0.20705585
0,0.1964726
0,0.19361404
0,0.20125175
0,0.19069046
0,0.18682918
0,0.21500069
0,0.20029083
0,0.18981643
0,0.18043022
0,0.17663996
0,0.1786513
0,0.16661763
0,0.18492292
0,0.1605066
0,0.15535222
0,0.14547984
0,0.1439549
0,0.14371233
0,0.1486762
0,0.1476795
0,0.14896558
0,0.14767455
0,0.15253349
0,0.14779958
0,0.15681139
0,0.15714242
0,0.16290687
0,0.16407797
0,0.17074654
0,0.17892876
0,0.17994475
0,0.1844463
0,0.18419197
0,0.19076501
0,0.20457236
0,0.22631706
0,0.24115162
0,0.26045436
0,0.26479352
0,0.26716176
0,0.27835947
0,0.274742
0,0.2799128
0,0.30926374
0,0.30736455
0,0.30538306
0,0.31608593
0,0.3208107
0,0.35024098
0,0.33641028
0,0.3453713
0,0.2986784
0,0.2939177
0,0.3407541
0,0.29847527
0,0.2901262
0,0.27993378
0,0.26493177
0,0.2707884
0,0.2854276
0,0.32824382
0,0.26898488
0,0.2267486
0,0.21849857
0,0.19194703
0,0.1799325
0,0.16954105
0,0.16957663
0,0.15916806
0,0.1542225
0,0.1570027
0,0.16656667
0,0.16667037
0,0.16626957
0,0.16702498
0,0.16492714
0,0.16797848
0,0.174167
0,0.18260922
0,0.19058293
0,0.19753438
0,0.20400393
0,0.23691931
0,0.22400114
0,0.23611324
0,0.23927243
0,0.22935082
0,0.21813416
0,0.21877578
0,0.20533939
0,0.21553744
0,0.24152857
0,0.20633939
0,0.18314405
0,0.18192497
0,0.15727164
0,0.16977501
0,0.17382379
0,0.21315372
0,0.21509181
0,0.20723145
0,0.19161104
0,0.19174017
0,0.21973407
0,0.22142115
0,0.23253922
0,0.22880936
0,0.22367921
0,0.2016823
0,0.21436162
0,0.18728349
0,0.17263234
0,0.18508205
0,0.18236685
0,0.19952998
0,0.2197388
0,0.20169342
0,0.18697867
0,0.17104092
0,0.14942935
0,0.1434935
0,0.14668354
0,0.14628544
0,0.14472872
0,0.15524143
0,0.16473313
0,0.15428892
0,0.14187974
0,0.15494262
0,0.16441572
0,0.14644916
0,0.14265245
0,0.1363996
0,0.13755056
0,0.13621496
0,0.13476971
0,0.14007463
0,0.14074913
0,0.14559105
0,0.16268425
0,0.15161438
0,0.16962788
0,0.1642813
0,0.15891036
0,0.15910082
0,0.16663288
0,0.1782468
0,0.16577114
0,0.16950022
0,0.18927617
0,0.17440587
0,0.18587524
0,0.17522678
0,0.1757383
0,0.16468184
0,0.16143417
0,0.19325821
0,0.18120688
0,0.1713806
0,0.17079687
0,0.1686996
0,0.16223823
0,0.16600919
0,0.16823436
0,0.16860056
0,0.17104726
0,0.17647979
0,0.1816574
0,0.19116808
0,0.19884722
0,0.20741966
0,0.22285013
0,0.22627957
0,0.23006226
0,0.23429418
0,0.24349174
0,0.26790777
0,0.28293064
0,0.2879617
0,0.29796612
0,0.30549616
0,0.31775212
0,0.31458703
0,0.3188532
0,0.2998051
0,0.29019696
0,0.31474257
0,0.33659008
0,0.31673598
0,0.31539682
0,0.3026127
0,0.307085
0,0.3008617
0,0.30010188
0,0.3376098
0,0.29428723
0,0.26065734
0,0.28277928
0,0.2543418
0,0.25147468
0,0.25313464
0,0.2899248
0,0.3082679
0,0.3017339
0,0.39752138
0,0.34125987
0,0.31666386
0,0.25778168
0,0.24268754
0,0.24419141
0,0.2353587
0,0.25581026
0,0.23268631
0,0.23063323
0,0.19646335
0,0.19436182
0,0.2352492
0,0.23293373
0,0.23324656
0,0.2424049
0,0.26620188
0,0.2605109
0,0.2875616
0,0.30006465
0,0.26582846
0,0.24487084
0,0.21158488
0,0.19106399
0,0.15779428
0,0.14951344
0,0.20532915
0,0.22491983
0,0.19453883
0,0.18433702
0,0.16627358
0,0.16997264
0,0.16408749
0,0.16015147
0,0.17527236
0,0.16916823
0,0.16941734
0,0.1948029
0,0.17082451
0,0.16377322
0,0.16008031
0,0.15876976
0,0.16106358
0,0.15768075
0,0.18590598
0,0.17119037
0,0.17553782
0,0.17877415
0,0.18655774
0,0.19658174
0,0.20159815
0,0.20613159
0,0.20871818
0,0.23770271
0,0.2611266
0,0.22533144
0,0.20989828
0,0.20204298
0,0.19243532
0,0.18362835
0,0.18539783
0,0.18772548
0,0.18513668
0,0.17875518
0,0.19117087
0,0.19236608
0,0.19934422
0,0.2185072
0,0.22101259
0,0.22084482
0,0.23150367
0,0.23976997
0,0.24924368
0,0.26155823
0,0.27428514
0,0.2731186
0,0.27259338
0,0.27481356
0,0.26716176
0,0.27735734
0,0.29167172
0,0.29752833
0,0.30678397
0,0.33003873
0,0.32949612
0,0.3106463
0,0.3037915
0,0.29438365
0,0.2848042
0,0.27711576
0,0.2761714
0,0.27481166
0,0.2753487
0,0.27782464
0,0.26636007
0,0.26906624
0,0.25017852
0,0.25585386
0,0.24122442
0,0.24329677
0,0.24643567
0,0.25047013
0,0.2657377
0,0.26067415
0,0.27091512
0,0.29923624
0,0.28694788
0,0.29250735
0,0.3209876
0,0.31176987
0,0.31680897
0,0.3072359
0,0.32849208
0,0.30985272
0,0.29894376
0,0.35375184
0,0.30847582
0,0.30485338
0,0.2933426
0,0.28095436
0,0.30191007
0,0.30171263
0,0.34255266
0,0.2995454
0,0.28578123
0,0.28497764
0,0.2931207
0,0.2818748
0,0.28059703
0,0.27290103
0,0.25990716
0,0.26283047
0,0.26711544
0,0.26369753
0,0.28403345
0,0.2894454
0,0.2786512
0,0.28499267
0,0.29829144
0,0.28424555
0,0.2976294
0,0.28315243
0,0.29091
0,0.2860985
0,0.2963136
0,0.2965963
0,0.2767673
0,0.28002948
0,0.2823114
0,0.28239098
0,0.2841502
0,0.28114304
0,0.28115007
0,0.27460834
0,0.2655484
0,0.26839343
0,0.26044735
0,0.26368615
0,0.28902557
0,0.29761454
0,0.3135463
0,0.3351824
0,0.36282977
0,0.35772884
0,0.36566067
0,0.34380072
0,0.31249696
0,0.30116847
0,0.33664182
0,0.32083377
0,0.3382509
0,0.29559848
0,0.29088023
0,0.30932453
0,0.26935902
0,0.24857147
0,0.22046009
0,0.19140685
0,0.18317588
0,0.1710083
0,0.21905783
0,0.19834971
0,0.19399367
0,0.17861255
0,0.16576608
0,0.16041248
0,0.16088673
0,0.15548392
0,0.15105928
0,0.14966062
0,0.14600088
0,0.15678005
0,0.15081562
0,0.14968242
0,0.14559217
0,0.14571463
0,0.1472669
0,0.14692397
0,0.15549086
0,0.15905806
0,0.1621615
0,0.17066106
0,0.1817047
0,0.18627279
0,0.20497477
0,0.21365187
0,0.21760301
0,0.23121405
0,0.23494807
0,0.24096973
0,0.27521667
0,0.27940318
0,0.2987837
0,0.29452965
0,0.29105946
0,0.2843849
0,0.29322606
0,0.28638545
0,0.28105244
0,0.26980117
0,0.29627988
0,0.3215174
0,0.3111799
0,0.30025893
0,0.29974288
0,0.29391968
0,0.30345324
0,0.29467013
0,0.3035777
0,0.27510822
0,0.26846665
0,0.32232007
0,0.27793285
0,0.26946035
0,0.28752002
0,0.2952569
0,0.2869668
0,0.31294867
0,0.30636278
0,0.3062742
0,0.28015852
0,0.30388466
0,0.26658115
0,0.24322839
0,0.21953906
0,0.2067161
0,0.20824309
0,0.22041166
0,0.24028741
0,0.24889256
0,0.23741402
0,0.33982426
0,0.28550422
0,0.25070405
0,0.21221688
0,0.18614455
0,0.18111181
0,0.16958399
0,0.15664406
0,0.16538402
0,0.1650638
0,0.16288349
0,0.17282635
0,0.16443501
0,0.16826826
0,0.16467342
0,0.17020084
0,0.17261551
0,0.17642757
0,0.16767634
0,0.15808925
0,0.15614124
0,0.16164216
0,0.1709596
0,0.16505598
0,0.1627761
0,0.15994684
0,0.16232371
0,0.1554312
0,0.14626423
0,0.1436493
0,0.13677259
0,0.14118594
0,0.14041063
0,0.13443609
0,0.13068198
0,0.12773946
0,0.12827085
0,0.1284893
0,0.13084319
0,0.13643397
0,0.1409267
0,0.1491967
0,0.15321064
0,0.16529536
0,0.17797047
0,0.19623694
0,0.21444929
0,0.22597975
0,0.23540881
0,0.2402223
0,0.25973877
0,0.256352
0,0.26570305
0,0.26013628
0,0.2641489
0,0.27000415
0,0.26609513
0,0.2644667
0,0.26571178
0,0.25944746
0,0.27275443
0,0.264038
0,0.2667036
0,0.26225594
0,0.2613439
0,0.26524678
0,0.2674847
0,0.2591945
0,0.2584604
0,0.27737176
0,0.2658475
0,0.27076995
0,0.27815962
0,0.2742323
0,0.26696238
0,0.2712356
0,0.26285422
0,0.2668188
0,0.2606914
0,0.27253166
0,0.2980862
0,0.2806324
0,0.26923087
0,0.27172244
0,0.27824923
0,0.28930065
0,0.27578583
0,0.28964847
0,0.27405146
0,0.27313808
0,0.26689416
0,0.2700862
0,0.27138138
0,0.2907609
0,0.31456667
0,0.28830123
0,0.29002467
0,0.28616384
0,0.28244597
0,0.28766698
0,0.2784685
0,0.2726138
0,0.2624383
0,0.2678324
0,0.27378413
0,0.2677314
0,0.26842195
0,0.2755029
0,0.2723046
0,0.27966842
0,0.2800319
0,0.28193617
0,0.2822271
0,0.28305992
0,0.2747989
0,0.2773478
0,0.27164817
0,0.27707282
0,0.2952901
0,0.2867797
0,0.27736446
0,0.29050657
0,0.2911189
0,0.28915623
0,0.2907872
0,0.28102353
0,0.28609824
0,0.2828929
0,0.28369018
0,0.28629404
0,0.27513897
0,0.28492135
0,0.29811847
0,0.28714216
0,0.29164317
0,0.27925804
0,0.27322853
0,0.27820772
0,0.27859312
0,0.2807263
0,0.26997948
0,0.27464387
0,0.276014
0,0.2763475
0,0.26519772
0,0.27330673
0,0.27325696
0,0.27296537
0,0.27320844
0,0.2722876
0,0.27904105
0,0.27826524
0,0.28146434
0,0.2767022
0,0.27695858
0,0.26971513
0,0.27201504
0,0.27342904
0,0.26514095
0,0.27326426
0,0.2706949
0,0.26910532
0,0.26961905
0,0.2727813
0,0.27291855
0,0.26043242
0,0.2726577
0,0.26838472
0,0.2587994
0,0.2891369
0,0.29354337
0,0.28477678
0,0.30059463
0,0.28594407
0,0.29810804
0,0.2817078
0,0.26672062
0,0.26757807
0,0.28705543
0,0.27315205
0,0.27001432
0,0.26771072
0,0.27969292
0,0.26921126
0,0.26771194
0,0.27551907
0,0.26691547
0,0.26394027
0,0.2736136
0,0.28126526
0,0.2815659
0,0.26964048
0,0.2749159
0,0.26623902
0,0.26399937
0,0.2788698
0,0.2683591
0,0.29850543
0,0.3359164
0,0.2942262
0,0.31192178
0,0.302126
0,0.29867613
0,0.29024073
0,0.2851463
0,0.3592605
0,0.33311996
0,0.30657062
0,0.28448927
0,0.2922784
0,0.29841217
0,0.29774752
0,0.29751536
0,0.2836057
0,0.28455535
0,0.2843817
0,0.28668728
0,0.29530138
0,0.28252354
0,0.28985482
0,0.30022597
0,0.29915735
0,0.28671238
0,0.2951833
0,0.2704565
0,0.28386283
0,0.27854127
0,0.2718417
0,0.28445756
0,0.2931207
0,0.2830875
0,0.2785207
0,0.27257988
0,0.26639068
0,0.26737875
0,0.267698
0,0.2686992
0,0.26817092
0,0.2661276
0,0.26545438
0,0.26311105
0,0.26429948
0,0.26269695
0,0.29746804
0,0.28706932
0,0.28512472
0,0.32929727
0,0.3014266
0,0.28718382
0,0.28964287
0,0.28317073
0,0.28429154
0,0.2715597
0,0.28190216
0,0.2701205
0,0.2634628
0,0.26878014
0,0.27361643
0,0.28286487
0,0.28284982
0,0.26842058
0,0.27948362
0,0.2830195
0,0.2857386
0,0.2684512
0,0.2845878
0,0.28142488
0,0.2776032
0,0.26575515
0,0.26298568
0,0.26971906
0,0.26946247
0,0.27897406
0,0.27498436
0,0.2633131
0,0.26841927
0,0.26895577
0,0.27047092
0,0.27044877
0,0.27006146
0,0.26031214
0,0.26734775
0,0.26901853
0,0.26815954
0,0.2855565
0,0.27302206
0,0.27211112
0,0.2704344
0,0.26998225
0,0.27688298
0,0.29031166
0,0.31424287
0,0.29890597
0,0.28467834
0,0.3298464
0,0.29865122
0,0.29130933
0,0.27933097
0,0.27493405
0,0.27154398
0,0.2693522
0,0.26835206
0,0.26760393
0,0.26454303
0,0.26491532
0,0.27929914
0,0.26927942
0,0.26513627
0,0.264609
0,0.27412134
0,0.2897745
0,0.27516302
0,0.28123683
0,0.2819384
0,0.2817661
0,0.29231882
0,0.28893045
0,0.27377236
0,0.27165312
0,0.2647653
0,0.26452833
0,0.2611661
0,0.2595453
0,0.2676374
0,0.27494338
0,0.26319396
0,0.26123843
0,0.2582481
0,0.25806698
0,0.25768727
0,0.25799268
0,0.26503342
0,0.2587723
0,0.2578035
0,0.25453663
0,0.27287647
0,0.2635013
0,0.25347188
0,0.25406167
0,0.2685605
0,0.25677627
0,0.2697478
0,0.27057904
0,0.27102938
0,0.27721554
0,0.2761553
0,0.27404985
0,0.27322203
0,0.273345
0,0.27351806
0,0.27167287
0,0.28158036
0,0.30380508
0,0.29794866
0,0.28404585
0,0.2831761
0,0.2913137
0,0.29868284
0,0.27471092
0,0.31096494
0,0.28660598
0,0.28033885
0,0.32609755
0,0.29188764
0,0.28453094
0,0.28967366
0,0.29430816
0,0.2803276
0,0.27571332
0,0.33337927
0,0.29272547
0,0.27131015
0,0.2738531
0,0.28454408
0,0.2731938
0,0.2766891
0,0.27000597
0,0.26744893
0,0.27587584
0,0.26728994
0,0.2761614
0,0.26788673
0,0.27712098
0,0.27881926
0,0.28016073
0,0.27601352
0,0.27855787
0,0.28533918
0,0.2831585
0,0.2873452
0,0.2830482
0,0.2826133
0,0.28027555
0,0.2813841
0,0.26988
0,0.2775497
0,0.27638283
0,0.27770764
0,0.27690265
0,0.27975565
0,0.2766556
0,0.27787384
0,0.2818153
0,0.28194797
0,0.28161708
0,0.2791478
0,0.27542275
0,0.28705254
0,0.27285844
0,0.28022358
0,0.31112987
0,0.28760114
0,0.2812791
0,0.28951982
0,0.27904224
0,0.2774442
0,0.27388525
0,0.3361394
0,0.2985636
0,0.28936276
0,0.27091068
0,0.27560014
0,0.2723791
0,0.2718237
0,0.25814724
0,0.27014512
0,0.27113
0,0.2690952
0,0.2777436
0,0.27608123
0,0.26953074
0,0.26976886
0,0.25571924
0,0.26327455
0,0.2627908
0,0.25905272
0,0.26017654
0,0.26231804
0,0.2603463
0,0.26186496
0,0.25961056
0,0.261203
0,0.25998956
0,0.26542345
0,0.26705402
0,0.31787995
0,0.28153467
0,0.27453834
0,0.34817943
0,0.29704016
0,0.2819462
0,0.2763728
0,0.2729109
0,0.27503085
0,0.26582628
0,0.26789072
0,0.2620744
0,0.2631565
0,0.26913851
0,0.2653205
0,0.280204
0,0.26744512
0,0.26171127
0,0.26081035
0,0.25738448
0,0.25739923
0,0.24889496
0,0.2518506
0,0.2722331
0,0.26982382
0,0.27065516
0,0.2721258
0,0.27229065
0,0.27538922
0,0.26146552
0,0.25787166
0,0.26477152
0,0.2845032
0,0.27955624
0,0.27578598
0,0.2737208
0,0.28561613
0,0.2757204
0,0.2768027
0,0.2732438
0,0.27334705
0,0.26997447
0,0.27234948
0,0.28265125
0,0.29717126
0,0.28017342
0,0.2784241
0,0.27440062
0,0.29737866
0,0.27899018
0,0.28890747
0,0.3127159
0,0.2881332
0,0.28079748
0,0.27664304
0,0.27526033
0,0.2720119
0,0.27089524
0,0.3192961
0,0.28548497
0,0.28564674
0,0.27548745
0,0.27651966
0,0.2696878
0,0.274264
0,0.25771073
0,0.27906033
0,0.2970712
0,0.2800438
0,0.28570932
0,0.27542478
0,0.28616506
0,0.27408355
0,0.26926708
0,0.28045055
0,0.270938
0,0.31829992
0,0.29534075
0,0.2991825
0,0.37478977
0,0.33157986
0,0.29700655
0,0.29594782
0,0.2890864
0,0.2877418
0,0.28361762
0,0.28366965
0,0.28200382
0,0.28175113
0,0.2693532
0,0.2773668
0,0.2690468
0,0.27478084
0,0.26324967
0,0.2783294
0,0.27670428
0,0.5224941
0,0.42350778
0,0.36192578
0,0.31530973
0,0.30472457
0,0.2953721
0,0.28858685
0,0.28561532
0,0.32119685
0,0.29693663
0,0.28901157
0,0.3274991
0,0.29891866
0,0.287738
0,0.28198567
0,0.26493713
0,0.2717462
0,0.26342458
0,0.26098523
0,0.24641947
0,0.24872217
0,0.24655396
0,0.24652441
0,0.24699871
0,0.25196555
0,0.25793272
0,0.2599159
0,0.25553438
0,0.26588422
0,0.26628006
0,0.27569973
0,0.27566555
0,0.27522144
0,0.30304372
0,0.28114
0,0.27659988
0,0.2765375
0,0.2719812
0,0.28255495
0,0.28403562
0,0.27857706
0,0.2734029
0,0.27118397
0,0.2676436
0,0.27286968
0,0.27697536
0,0.30494666
0,0.30558497
0,0.28622836
0,0.31306618
0,0.28734773
0,0.27775383
0,0.28114
0,0.27011254
0,0.2700619
0,0.26507747
0,0.3282536
0,0.29105347
0,0.28443626
0,0.27349526
0,0.28907055
0,0.27270922
0,0.2704731
0,0.2697586
0,0.2775028
0,0.2780476
0,0.29642832
0,0.27295387
0,0.32113245
0,0.2825411
0,0.28772002
0,0.29345873
0,0.30738786
0,0.29864052
0,0.28429398
0,0.28203094
0,0.2737778
0,0.27554622
0,0.2860361
0,0.2825451
0,0.2832141
0,0.27872163
0,0.26870182
0,0.27277753
0,0.26416424
0,0.28953502
0,0.26929173
0,0.27235845
0,0.26729387
0,0.2748517
0,0.27486888
0,0.27543095
0,0.27697477
0,0.2880255
0,0.2827019
0,0.28059843
0,0.27813643
0,0.28244862
0,0.27806967
0,0.27348685
0,0.29290748
0,0.27834615
0,0.28278357
0,0.27594966
0,0.29058534
0,0.2789525
0,0.2886149
0,0.2996904
0,0.28303853
0,0.27746943
0,0.2925417
0,0.27590945
0,0.2740164
0,0.28237075
0,0.3366263
0,0.3045735
0,0.31576553
0,0.2889755
0,0.28366783
0,0.27484027
0,0.27208397
0,0.27749366
0,0.27528334
0,0.28058106
0,0.2812413
0,0.2820412
0,0.276414
0,0.28408253
0,0.28855097
0,0.28061196
0,0.28278032
0,0.29061818
0,0.29756352
0,0.29425496
0,0.2931227
0,0.28606936
0,0.2989127
0,0.2964108
0,0.29308695
0,0.28936675
0,0.2894297
0,0.27310547
0,0.2909253
0,0.2811484
0,0.28186297
0,0.30480278
0,0.29010853
0,0.3004437
0,0.29231396
0,0.28485966
0,0.28332078
0,0.27953267
0,0.34305206
0,0.29993224
0,0.28867745
0,0.2832442
0,0.28062898
0,0.2787748
0,0.27832183
0,0.2748393
0,0.2763753
0,0.279342
0,0.28597164
0,0.30018622
0,0.2859473
0,0.2926899
0,0.28339937
0,0.2764626
0,0.279752
0,0.27666038
0,0.29241303
0,0.2761086
0,0.29122752
0,0.28139356
0,0.31843188
0,0.31151795
0,0.29452655
0,0.28234217
0,0.28061116
0,0.27412218
0,0.27472395
0,0.28015563
0,0.27505043
0,0.26804018
0,0.27308163
0,0.27246433
0,0.27598405
0,0.2956493
0,0.28381762
0,0.28890598
0,0.31789473
0,0.31352282
0,0.32141206
0,0.32865584
0,0.29826632
0,0.2980995
0,0.2837112
0,0.2737545
0,0.27217487
0,0.2759834
0,0.27245906
0,0.27590698
0,0.26963738
0,0.26303607
0,0.2641914
0,0.26995423
0,0.2798211
0,0.28024256
0,0.2865315
0,0.26889765
0,0.28198674
0,0.2632865
0,0.2647788
0,0.26823917
0,0.27140552
0,0.2753394
0,0.26590386
0,0.2723118
0,0.28629613
0,0.37589258
0,0.3211594
0,0.34064198
0,0.2975662
0,0.30289915
0,0.2947183
0,0.2904672
0,0.27549025
0,0.28792113
0,0.27054748
0,0.27332914
0,0.26489574
0,0.26937008
0,0.27225778
0,0.28048038
0,0.27472457
0,0.27408206
0,0.27665254
0,0.28267473
0,0.27723673
0,0.2646826
0,0.27821368
0,0.2706694
0,0.2730432
0,0.28131244
0,0.2842578
0,0.2737209
0,0.2886278
0,0.29900163
0,0.29681996
0,0.29193148
0,0.27018207
0,0.28258708
0,0.2751362
0,0.28041497
0,0.27858222
0,0.2696922
0,0.2805586
0,0.2963817
0,0.29767665
0,0.30870855
0,0.30423793
0,0.30076972
0,0.30506554
0,0.29802138
0,0.30984694
0,0.2872219
0,0.3263728
0,0.30082458
0,0.29080036
0,0.3393168
0,0.30715704
0,0.29796457
0,0.29415992
0,0.29233587
0,0.28954637
0,0.2728254
0,0.3036241
0,0.2856802
0,0.2887857
0,0.3061503
0,0.29312608
0,0.2849296
0,0.28221127
0,0.27897808
0,0.2813614
0,0.27967888
0,0.32552746
0,0.3014049
0,0.3188091
0,0.34209773
0,0.30528948
0,0.29165658
0,0.2868502
0,0.28125232
0,0.27988994
0,0.27581134
0,0.29936576
0,0.28265914
0,0.27927688
0,0.29960102
0,0.28494698
0,0.27945247
0,0.2760581
0,0.27294233
0,0.27496713
0,0.2705438
0,0.29619908
0,0.27959824
0,0.2780245
0,0.29980496
0,0.44934604
0,0.33027816
0,0.31031418
0,0.28507355
0,0.2821502
0,0.26504368
0,0.30868515
0,0.2830951
0,0.2770334
0,0.32174823
0,0.28793505
0,0.2803722
0,0.27624252
0,0.26958707
0,0.26421818
0,0.26296315
0,0.26235625
0,0.27249357
0,0.26991597
0,0.2636803
0,0.2625499
0,0.26034477
0,0.26096824
0,0.26033482
0,0.2630129
0,0.26110455
0,0.26999223
0,0.26094258
0,0.26337335
0,0.26408932
0,0.26254234
0,0.26216203
0,0.27039114
0,0.26921707
0,0.25711417
0,0.25847203
0,0.25552768
0,0.26550096
0,0.2741995
0,0.2626846
0,0.26670396
0,0.2727515
0,0.2941308
0,0.2873504
0,0.2947794
0,0.294997
0,0.2839934
0,0.31667987
0,0.2829079
0,0.27168205
0,0.265599
0,0.2850857
0,0.2678487
0,0.2720315
0,0.30939963
0,0.29765433
0,0.2893565
0,0.33517465
0,0.28913137
0,0.28457156
0,0.28363895
0,0.28957805
0,0.2931232
0,0.28069022
0,0.27395314
0,0.29001418
0,0.27970752
0,0.26528186
0,0.27126417
0,0.27418908
0,0.2834181
0,0.27659723
0,0.30051473
0,0.29451853
0,0.28765672
0,0.27856517
0,0.27602977
0,0.28722987
0,0.27607214
0,0.27274054
0,0.27532303
0,0.27228668
0,0.282427
0,0.28035074
0,0.27332947
0,0.2591237
0,0.26837045
0,0.27834523
0,0.2722864
0,0.2828956
0,0.27196628
0,0.2780748
0,0.28296876
0,0.28829685
0,0.30561143
0,0.29310572
0,0.29231915
0,0.2890509
0,0.28813076
0,0.2755512
0,0.28149858
0,0.26989883
0,0.2783801
0,0.280174
0,0.27885744
0,0.2682416
0,0.2758764
0,0.27759126
0,0.2776316
0,0.28993753
0,0.281498
0,0.2797455
0,0.28304386
0,0.29522732
0,0.28382033
0,0.28053385
0,0.28345197
0,0.27973232
0,0.28616586
0,0.26938897
0,0.2848585
0,0.277713
0,0.28147042
0,0.27893198
0,0.27593517
0,0.27631223
0,0.28629178
0,0.28159314
0,0.27669653
0,0.27416402
0,0.27258667
0,0.2725985
0,0.26546308
0,0.2735616
0,0.27011022
0,0.26055598
0,0.2667611
0,0.27747166
0,0.29251343
0,0.30126533
0,0.2834188
0,0.30755934
0,0.28575805
0,0.279155
0,0.27371603
0,0.27391782
0,0.27832153
0,0.2727759
0,0.27129823
0,0.26797602
0,0.26682994
0,0.26496416
0,0.2667258
0,0.26490107
0,0.26553404
0,0.2868024
0,0.28317583
0,0.27211815
0,0.26863095
0,0.2688988
0,0.26520866
0,0.2614274
0,0.29430267
0,0.27246585
0,0.26671618
0,0.31124446
0,0.29906493
0,0.2801124
0,0.27150434
0,0.2674931
0,0.2638142
0,0.2716532
0,0.3375858
0,0.2888226
0,0.27680916
0,0.2697043
0,0.2641495
0,0.25938624
0,0.27126935
0,0.26196292
0,0.2587384
0,0.2554202
0,0.2750723
0,0.25977522
0,0.28163025
0,0.27182367
0,0.27210748
0,0.27861184
0,0.27420142
0,0.2729444
0,0.271402
0,0.26157784
0,0.26556093
0,0.27186504
0,0.2694137
0,0.2698866
0,0.29107994
0,0.29127625
0,0.29230133
0,0.2953429
0,0.28200072
0,0.28940326
0,0.29207805
0,0.29051262
0,0.27850845
0,0.2870467
0,0.27563217
0,0.27347314
0,0.29052547
0,0.2766832
0,0.28469235
0,0.27569503
0,0.2861785
0,0.27514115
0,0.2822844
0,0.27639425
0,0.28337285
0,0.26501292
0,0.27698553
0,0.26865253
0,0.27720675
0,0.28075618
0,0.2800617
0,0.28283402
0,0.28461975
0,0.2865061
0,0.29145995
0,0.29100168
0,0.28634453
0,0.2908571
0,0.28764254
0,0.28522718
0,0.28444642
0,0.29557076
0,0.28677624
0,0.2857264
0,0.28363237
0,0.28236216
0,0.27989662
0,0.2707984
0,0.28650433
0,0.2821807
0,0.28086218
0,0.3195455
0,0.29396242
0,0.28981617
0,0.28461677
0,0.28343183
0,0.28583568
0,0.28073356
0,0.3037533
0,0.27708086
0,0.2815368
0,0.3143216
0,0.29283932
0,0.28771082
0,0.28855312
0,0.27176446
0,0.27463734
0,0.27429318
0,0.32275566
0,0.2903776
0,0.28432316
0,0.335527
0,0.3018115
0,0.29033697
0,0.28445947
0,0.2793262
0,0.2779651
0,0.27335215
0,0.272732
0,0.26049957
0,0.26705578
0,0.2698693
0,0.26815376
0,0.26262662
0,0.26485455
0,0.31349
0,0.28635404
0,0.28378105
0,0.27787587
0,0.27525404
0,0.27138996
0,0.2794074
0,0.27328163
0,0.2730345
0,0.2646495
0,0.282644
0,0.27130497
0,0.2689756
0,0.27114296
0,0.2833229
0,0.2929857
0,0.30800825
0,0.28777385
0,0.3008052
0,0.30736572
0,0.30077034
0,0.31300747
0,0.31772083
0,0.39623278
0,0.3440181
0,0.32477245
0,0.30802128
0,0.28728214
0,0.27878618
0,0.2714453
0,0.2671579
0,0.2632923
0,0.26123667
0,0.2594699
0,0.2576561
0,0.25615627
0,0.26063493
0,0.25656706
0,0.25470087
0,0.27520657
0,0.2736016
0,0.2614552
0,0.25880033
0,0.26658925
0,0.26514748
0,0.2680603
0,0.2684796
0,0.26109645
0,0.25757438
0,0.25601938
0,0.26524565
0,0.256102
0,0.26431578
0,0.2549657
0,0.2622077
0,0.25494647
0,0.25414193
0,0.25260743
0,0.25976062
0,0.2745131
0,0.2670471
0,0.28022754
0,0.27124536
0,0.27163523
0,0.2694078
0,0.2741131
0,0.27012497
0,0.2694121
0,0.2718485
0,0.2685708
0,0.25773466
0,0.30939266
0,0.3118619
0,0.28881633
0,0.3292693
0,0.30572385
0,0.27685902
0,0.27722824
0,0.28267696
0,0.27369946
0,0.28345877
0,0.3414712
0,0.30652094
0,0.29079917
0,0.3609497
0,0.3194991
0,0.3056779
0,0.2885615
0,0.2895468
0,0.27791125
0,0.2712871
0,0.26868662
0,0.26666927
0,0.27561352
0,0.2764688
0,0.27837986
0,0.26649475
0,0.2816143
0,0.2774096
0,0.28312173
0,0.2674707
0,0.27683595
0,0.27753922
0,0.27901128
0,0.26849368
0,0.26348972
0,0.26934704
0,0.2725542
0,0.2719278
0,0.2742625
0,0.2626628
0,0.27239138
0,0.2618221
0,0.26960626
0,0.27015886
0,0.2730705
0,0.2622325
0,0.27151558
0,0.27368474
0,0.27433562
0,0.27524352
0,0.28096545
0,0.27646872
0,0.28672564
0,0.29708406
0,0.28383625
0,0.27880028
0,0.28208116
0,0.26741117
0,0.2779989
0,0.2898686
0,0.2783673
0,0.27549192
0,0.27336606
0,0.2724221
0,0.2796479
0,0.27435425
0,0.2700357
0,0.28546968
0,0.27605218
0,0.2791664
0,0.27620798
0,0.2659087
0,0.27942052
0,0.25983316
0,0.26485747
0,0.26403514
0,0.2633787
0,0.2629434
0,0.27558124
0,0.2565987
0,0.26155832
0,0.28531146
0,0.27062592
0,0.267267
0,0.26613
0,0.27813607
0,0.2752079
0,0.27830142
0,0.30464497
0,0.29006523
0,0.27814975
0,0.36523336
0,0.30379897
0,0.29815862
0,0.31611186
0,0.30910882
0,0.28639546
0,0.28662807
0,0.27371553
0,0.2678063
0,0.26428518
0,0.26513216
0,0.27562416
0,0.2644754
0,0.26067945
0,0.26281255
0,0.25778273
0,0.25684282
0,0.2545198
0,0.25419453
0,0.2677719
0,0.27107313
0,0.26113755
0,0.25836158
0,0.2555699
0,0.2594491
0,0.2548063
0,0.26336125
0,0.2568846
0,0.26519343
0,0.26929426
0,0.2577377
0,0.26894012
0,0.27918234
0,0.27324164
0,0.272696
0,0.2708847
0,0.26955205
0,0.28150338
0,0.2784863
0,0.277874
0,0.27289605
0,0.27150297
0,0.27068633
0,0.2691221
0,0.26729667
0,0.27116784
0,0.2674046
0,0.26658827
0,0.27664953
0,0.26939404
0,0.26770413
0,0.2663623
0,0.27252313
0,0.26840535
0,0.26964262
0,0.2746964
0,0.2682661
0,0.2701127
0,0.27692738
0,0.2811674
0,0.28193653
0,0.2776847
0,0.28040898
0,0.27259594
0,0.2829062
0,0.27559024
0,0.28024575
0,0.2841751
0,0.28943935
0,0.28555784
0,0.2827495
0,0.28435442
0,0.28263092
0,0.28289083
0,0.28175026
0,0.2782048
0,0.2840798
0,0.30173516
0,0.31190574
0,0.297019
0,0.2813381
0,0.28954047
0,0.27190468
0,0.2780849
0,0.27729645
0,0.31426218
0,0.3002132
0,0.29308763
0,0.35912406
0,0.31269228
0,0.29788664
0,0.2934103
0,0.2745884
0,0.28086787
0,0.279444
0,0.27700946
0,0.2770405
0,0.27841666
0,0.27441975
0,0.27916503
0,0.27851707
0,0.27491185
0,0.27455142
0,0.27554882
0,0.27168852
0,0.26624092
0,0.26184735
0,0.27091417
0,0.26740128
0,0.2708438
0,0.25888517
0,0.26578155
0,0.2659999
0,0.26662588
0,0.2610956
0,0.26698098
0,0.26420084
0,0.266595
0,0.2542883
0,0.26278266
0,0.2726245
0,0.2656655
0,0.25416028
0,0.26093245
0,0.259048
0,0.26081192
0,0.27071235
0,0.26721635
0,0.26292694
0,0.27565727
0,0.2767878
0,0.26827642
0,0.26449105
0,0.26572844
0,0.28347483
0,0.28659168
0,0.27610174
0,0.27134287
0,0.26402095
0,0.27470133
0,0.26321065
0,0.26115766
0,0.25721902
0,0.25793895
0,0.25498453
0,0.27546707
0,0.25973293
0,0.26930404
0,0.25837567
0,0.25814286
0,0.27574578
0,0.2767643
0,0.2855945
0,0.2799218
0,0.2660221
0,0.2615717
0,0.25574207
0,0.25555715
0,0.28306225
0,0.2738272
0,0.2616757
0,0.2583575
0,0.26823646
0,0.2738529
0,0.25908783
0,0.26615226
0,0.26619938
0,0.2807337
0,0.27264473
0,0.29056105
0,0.28886902
0,0.27934963
0,0.2746916
0,0.2765851
0,0.27592558
0,0.2722263
0,0.26899174
0,0.287002
0,0.27249634
0,0.2724728
0,0.26792943
0,0.2685145
0,0.26487836
0,0.2658025
0,0.27463508
0,0.2744638
0,0.27893415
0,0.2721477
0,0.26804602
0,0.26723713
0,0.2652152
0,0.26463553
0,0.27268645
0,0.28931057
0,0.29279518
0,0.2781027
0,0.3230828
0,0.2873205
0,0.28957137
0,0.28899315
0,0.28520402
0,0.2848376
0,0.2826695
0,0.33397406
0,0.30183306
0,0.29531106
0,0.36051
0,0.32518676
0,0.2925331
0,0.29256663
0,0.28709298
0,0.2849878
0,0.27002272
0,0.2783691
0,0.26505667
0,0.2727097
0,0.2617049
0,0.27931967
0,0.26408258
0,0.27156147
0,0.26042068
0,0.26973888
0,0.26648182
0,0.27124926
0,0.2590578
0,0.26395276
0,0.25661638
0,0.2653861
0,0.25466338
0,0.26389357
0,0.26391175
0,0.29048052
0,0.2747802
0,0.27594233
0,0.2982565
0,0.28319472
0,0.27624148
0,0.2767941
0,0.26041296
0,0.26842296
0,0.26548624
0,0.302311
0,0.27831087
0,0.27464217
0,0.32096598
0,0.2881172
0,0.2696331
0,0.28011948
0,0.271878
0,0.2713622
0,0.26683936
0,0.26586556
0,0.2798841
0,0.27197292
0,0.27293107
0,0.2685095
0,0.27087775
0,0.2834806
0,0.28280693
0,0.27250472
0,0.26890045
0,0.26607016
0,0.26290187
0,0.26158383
0,0.2600035
0,0.28114644
0,0.27931058
0,0.268357
0,0.27511394
0,0.26562533
0,0.26330438
0,0.26018977
0,0.26687858
0,0.26140565
0,0.2587363
0,0.25633866
0,0.2544457
0,0.25385517
0,0.263648
0,0.25730374
0,0.25748885
0,0.25626093
0,0.2616334
0,0.25439116
0,0.2535474
0,0.2524464
0,0.2551718
0,0.26276493
0,0.25408775
0,0.25314555
0,0.25247514
0,0.26023006
0,0.2507461
0,0.261186
0,0.26399976
0,0.27671427
0,0.2709748
0,0.27067685
0,0.28902265
0,0.27618402
0,0.27355638
0,0.27208263
0,0.27430412
0,0.28293383
0,0.27495068
0,0.26124495
0,0.27988905
0,0.2720578
0,0.2760335
0,0.28145075
0,0.28161487
0,0.27344337
0,0.2706774
0,0.26972845
0,0.26831952
0,0.26662144
0,0.2692697
0,0.28012696
0,0.28217044
0,0.2734172
0,0.27167305
0,0.268838
0,0.27797142
0,0.26875147
0,0.26761177
0,0.26542157
0,0.26482707
0,0.26764598
0,0.2659053
0,0.29207817
0,0.2742729
0,0.27039617
0,0.30361262
0,0.29093263
0,0.2889725
0,0.29330343
0,0.30883092
0,0.29162577
0,0.29515117
0,0.3357098
0,0.30588627
0,0.296995
0,0.33220804
0,0.30407798
0,0.29626566
0,0.28997946
0,0.2869782
0,0.28663018
0,0.28359872
0,0.3170653
0,0.2936686
0,0.2868946
0,0.33287644
0,0.3013432
0,0.29327533
0,0.28680375
0,0.28225887
0,0.27377707
0,0.27652594
0,0.2756554
0,0.26369852
0,0.26977375
0,0.28354836
0,0.2830122
0,0.27736345
0,0.2780655
0,0.26515076
0,0.26994586
0,0.26065668
0,0.2661764
0,0.25915387
0,0.26448014
0,0.2609115
0,0.26462394
0,0.26969257
0,0.26884767
0,0.2704032
0,0.26812348
0,0.27131808
0,0.26774058
0,0.25761405
0,0.26301205
0,0.27044603
0,0.26888734
0,0.26742733
0,0.27280164
0,0.25795048
0,0.26202253
0,0.26467833
0,0.26646674
0,0.30301026
0,0.27790147
0,0.26333225
0,0.2645227
0,0.2647397
0,0.2633478
0,0.25409156
0,0.26731947
0,0.26454255
0,0.26095837
0,0.26438332
0,0.25984746
0,0.25058374
0,0.25432068
0,0.2467975
0,0.2571708
0,0.25943807
0,0.26239014
0,0.26041356
0,0.25688702
0,0.2599301
0,0.2558721
0,0.25737366
0,0.2767454
0,0.2803285
0,0.26648077
0,0.26429075
0,0.26859432
0,0.26790586
0,0.28252885
0,0.2925199
0,0.2700783
0,0.2791997
0,0.26556972
0,0.27706888
0,0.26396
0,0.27262884
0,0.2757742
0,0.26493186
0,0.26832986
0,0.3132698
0,0.28684455
0,0.27264544
0,0.27865776
0,0.28021044
0,0.27618408
0,0.2784464
0,0.31485868
0,0.29300836
0,0.2878362
0,0.28257787
0,0.27569193
0,0.26543063
0,0.2668924
0,0.27168903
0,0.29208258
0,0.26904073
0,0.26822367
0,0.28254387
0,0.2708004
0,0.27187726
0,0.26916626
0,0.27002332
0,0.27607706
0,0.27098203
0,0.276775
0,0.27285534
0,0.27769235
0,0.28765982
0,0.2836922
0,0.27582225
0,0.28341237
0,0.27663755
0,0.27302012
0,0.2703178
0,0.2999101
0,0.2800141
0,0.28533512
0,0.32720813
0,0.29994816
0,0.2866994
0,0.28755668
0,0.27726966
0,0.28068194
0,0.2838538
0,0.35608512
0,0.30370316
0,0.295922
0,0.29442436
0,0.28694963
0,0.28874287
0,0.28421065
0,0.28482944
0,0.28149268
0,0.2856736
0,0.29223278
0,0.2858609
0,0.2831744
0,0.2914302
0,0.28309897
0,0.2876556
0,0.28054705
0,0.2798655
0,0.28086016
0,0.27930683
0,0.27860698
0,0.26704532
0,0.2748565
0,0.2758557
0,0.27296603
0,0.27453494
0,0.27225626
0,0.26355729
0,0.2678257
0,0.27184767
0,0.27078995
0,0.25884196
0,0.26096392
0,0.26619825
0,0.2668953
0,0.2693011
0,0.26717535
0,0.26354977
0,0.27023736
0,0.2706582
0,0.26866946
0,0.26145926
0,0.2599
0,0.26497737
0,0.26291713
0,0.26511878
0,0.26310825
0,0.2552212
0,0.2592388
0,0.2631217
0,0.2610266
0,0.25499025
0,0.2529594
0,0.2581379
0,0.27125406
0,0.27003363
0,0.26389873
0,0.264246
0,0.28868312
0,0.2743964
0,0.26663306
0,0.28288972
0,0.27260792
0,0.27493742
0,0.26655367
0,0.2646193
0,0.2612052
0,0.2623064
0,0.29407036
0,0.2962391
0,0.27586368
0,0.31972682
0,0.2863935
0,0.27669454
0,0.26780415
0,0.27788755
0,0.26516825
0,0.26553282
0,0.26006716
0,0.2596152
0,0.25749987
0,0.27296102
0,0.26199657
0,0.2856592
0,0.28906757
0,0.27427906
0,0.2644012
0,0.26153058
0,0.266735
0,0.25822434
0,0.26899165
0,0.2732317
0,0.27523512
0,0.274172
0,0.2831898
0,0.2882045
0,0.27860677
0,0.26670542
0,0.2924946
0,0.28094742
0,0.27378687
0,0.2650105
0,0.2795298
0,0.27936298
0,0.2914494
0,0.29441202
0,0.3038516
0,0.28653514
0,0.27971673
0,0.32673848
0,0.2981597
0,0.28704908
0,0.27823162
0,0.28692114
0,0.26373962
0,0.26888782
0,0.26616523
0,0.27754882
0,0.27859917
0,0.27148932
0,0.2723104
0,0.26894474
0,0.2768198
0,0.26935565
0,0.27529904
0,0.2695056
0,0.28042054
0,0.28162512
0,0.28077745
0,0.2722907
0,0.27540398
0,0.28024715
0,0.27955595
0,0.28261608
0,0.2791986
0,0.28248948
0,0.27998525
0,0.30557132
0,0.28761676
0,0.2885707
0,0.2827007
0,0.28376636
0,0.28059742
0,0.27066082
0,0.29834315
0,0.28678045
0,0.288407
0,0.3083343
0,0.2885394
0,0.28526577
0,0.28146577
0,0.28033778
0,0.2763747
0,0.27744806
0,0.32378688
0,0.29465413
0,0.2858961
0,0.33661386
0,0.29763588
0,0.29577795
0,0.27830684
0,0.2684404
0,0.27005973
0,0.27228498
0,0.2713043
0,0.27251008
0,0.277564
0,0.27692232
0,0.27035022
0,0.26185232
0,0.2714352
0,0.27036256
0,0.2661206
0,0.26903424
0,0.2770405
0,0.2760151
0,0.2695261
0,0.27065715
0,0.26559725
0,0.26671827
0,0.25922036
0,0.26453918
0,0.27607682
0,0.27236712
0,0.27774864
0,0.27063692
0,0.26522627
0,0.26855847
0,0.26329446
0,0.26278815
0,0.26548138
0,0.26725462
0,0.26121557
0,0.25149277
0,0.25407606
0,0.24612056
0,0.2512819
0,0.26231915
0,0.2548713
0,0.25762397
0,0.2589267
0,0.2583479
0,0.26933143
0,0.261693
0,0.25582394
0,0.25611284
0,0.25216368
0,0.25292277
0,0.26671842
0,0.25926444
0,0.2857657
0,0.28155664
0,0.27646667
0,0.2764214
0,0.2839489
0,0.278505
0,0.28675762
0,0.28036344
0,0.27466068
0,0.26519617
0,0.26847848
0,0.26128748
0,0.2644989
0,0.25895613
0,0.2749159
0,0.26222235
0,0.2649153
0,0.2587138
0,0.26341107
0,0.2561888
0,0.26201007
0,0.25469097
0,0.27400532
0,0.2601688
0,0.2642739
0,0.27983108
0,0.27076742
0,0.27254215
0,0.2679784
0,0.272445
0,0.2574225
0,0.26929554
0,0.30530274
0,0.29604065
0,0.28034902
0,0.32859483
0,0.3025485
0,0.30431703
0,0.29810262
0,0.30174217
0,0.29251742
0,0.27305976
0,0.31795722
0,0.28926107
0,0.28809434
0,0.34349793
0,0.3139461
0,0.2938853
0,0.29192105
0,0.28451902
0,0.28463796
0,0.2764423
0,0.27935213
0,0.2836993
0,0.2897585
0,0.29434538
0,0.30485642
0,0.3120507
0,0.29284102
0,0.28093636
0,0.27648085
0,0.281935
0,0.27975085
0,0.28253838
0,0.2788587
0,0.2820796
0,0.27876386
0,0.28218368
0,0.27785027
0,0.2817055
0,0.28007305
0,0.28495455
0,0.28904155
0,0.273274
0,0.2789991
0,0.26977092
0,0.2711797
0,0.27463722
0,0.2722539
0,0.2646282
0,0.2664663
0,0.27608877
0,0.27734885
0,0.27736795
0,0.27659178
0,0.26664913
0,0.26839978
0,0.2770526
0,0.27211067
0,0.2771528
0,0.2823127
0,0.28131384
0,0.27458212
0,0.28760687
0,0.27455077
0,0.2753943
0,0.27127588
0,0.27254525
0,0.26650488
0,0.27089074
0,0.2926816
0,0.28056276
0,0.2722331
0,0.31032738
0,0.29885048
0,0.28551123
0,0.27525565
0,0.2764787
0,0.26934704
0,0.28885338
0,0.31269786
0,0.29054826
0,0.2852455
0,0.33224356
0,0.31808278
0,0.29543465
0,0.28296515
0,0.26817432
0,0.27892667
0,0.2718762
0,0.29892996
0,0.28094828
0,0.27381524
0,0.32130867
0,0.28710902
0,0.27943066
0,0.2684364
0,0.2681333
0,0.26143205
0,0.26306787
0,0.30180043
0,0.27857772
0,0.269384
0,0.3020214
0,0.28430688
0,0.28563496
0,0.27880222
0,0.27080637
0,0.2744406
0,0.26738894
0,0.28808385
0,0.2703411
0,0.2743231
0,0.28896523
0,0.27657536
0,0.27639675
0,0.27347916
0,0.2761311
0,0.27023906
0,0.26477653
0,0.27248958
0,0.2729411
0,0.2687714
0,0.2847181
0,0.27437207
0,0.26773357
0,0.2573763
0,0.267955
0,0.278021
0,0.26780167
0,0.27864495
0,0.28235444
0,0.29693457
0,0.30650768
0,0.2826116
0,0.2804899
0,0.28457212
0,0.29459623
0,0.29415157
0,0.28280702
0,0.31910107
0,0.29126748
0,0.2918701
0,0.31923443
0,0.29874712
0,0.30570874
0,0.2933915
0,0.27348956
0,0.28158325
0,0.28667188
0,0.29517007
0,0.28195304
0,0.28252587
0,0.31783214
0,0.29419604
0,0.28794464
0,0.28437752
0,0.27561888
0,0.26684785
0,0.26838145
0,0.27444613
0,0.28259343
0,0.28071037
0,0.2954008
0,0.28459653
0,0.27680394
0,0.2808123
0,0.28097984
0,0.28163448
0,0.27651408
0,0.30027384
0,0.2794762
0,0.27962437
0,0.32147273
0,0.2923775
0,0.28031963
0,0.27961373
0,0.28265694
0,0.27625215
0,0.28636643
0,0.3065964
0,0.2914907
0,0.29298115
0,0.3405626
0,0.29989702
0,0.29501414
0,0.29927763
0,0.293057
0,0.2847898
0,0.2845857
0,0.31102145
0,0.29136476
0,0.28019968
0,0.31671876
0,0.28768238
0,0.28532615
0,0.27669838
0,0.27878502
0,0.27116394
0,0.27507773
0,0.29052696
0,0.28139886
0,0.26754427
0,0.30879924
0,0.2799366
0,0.27939853
0,0.28630856
0,0.26825947
0,0.27773958
0,0.27574044
0,0.30379397
0,0.2848161
0,0.29065764
0,0.3460796
0,0.29495087
0,0.28906065
0,0.27697214
0,0.27839676
0,0.2679309
0,0.26033074
0,0.26283363
0,0.26541305
0,0.27323598
0,0.26870516
0,0.28870174
0,0.2803626
0,0.2961233
0,0.29781842
0,0.29919085
0,0.27330193
0,0.27759936
0,0.274723
0,0.26266086
0,0.2662208
0,0.2699285
0,0.2663995
0,0.27363533
0,0.26901188
0,0.26961595
0,0.26660118
0,0.267494
0,0.2652404
0,0.26615205
0,0.26388523
0,0.28044295
0,0.27149823
0,0.2715721
0,0.27191505
0,0.26810572
0,0.28077474
0,0.2836464
0,0.2857909
0,0.27575818
0,0.2696338
0,0.28086433
0,0.27041858
0,0.26924497
0,0.26483724
0,0.2820597
0,0.28191355
0,0.27528068
0,0.30241245
0,0.2807687
0,0.27087304
0,0.26879108
0,0.26322374
0,0.2747107
0,0.2753687
0,0.2819721
0,0.27683723
0,0.279404
0,0.30304596
0,0.2905515
0,0.27342463
0,0.27980947
0,0.26848957
0,0.27597672
0,0.26398703
0,0.27195904
0,0.26228133
0,0.2709257
0,0.28406292
0,0.2803265
0,0.2761715
0,0.27756706
0,0.27483398
0,0.27606523
0,0.27399272
0,0.27478805
0,0.27307075
0,0.28105116
0,0.28731543
0,0.27337193
0,0.27275208
0,0.273387
0,0.27173233
0,0.27292627
0,0.29540008
0,0.28068483
0,0.27299067
0,0.27415684
0,0.29314315
0,0.30680463
0,0.2837305
0,0.2921676
0,0.27970505
0,0.27737796
0,0.27412426
0,0.2939152
0,0.27680707
0,0.2764067
0,0.3209013
0,0.28776625
0,0.29105645
0,0.2828172
0,0.2767022
0,0.27202517
0,0.26913354
0,0.31774342
0,0.27378824
0,0.2951479
0,0.27684832
0,0.2724198
0,0.2784873
0,0.26975137
0,0.2796594
0,0.28713766
0,0.28365895
0,0.27307978
0,0.27954888
0,0.27247098
0,0.27818632
0,0.2700793
0,0.27756333
0,0.26816028
0,0.2760482
0,0.26785067
0,0.2806647
0,0.2801889
0,0.2810244
0,0.27217558
0,0.27756003
0,0.26670852
0,0.27366093
0,0.26557773
0,0.2649148
0,0.2618081
0,0.2681179
0,0.26239052
0,0.27107322
0,0.27589613
0,0.2751345
0,0.26580423
0,0.27173412
0,0.27800685
0,0.27511835
0,0.29962444
0,0.2837056
0,0.26995403
0,0.3219593
0,0.28334013
0,0.28192556
0,0.2726498
0,0.27262723
0,0.26221478
0,0.26744294
0,0.35198084
0,0.3004768
0,0.27947327
0,0.3580628
0,0.309705
0,0.29608017
0,0.28727344
0,0.36402923
0,0.3238497
0,0.298614
0,0.29170725
0,0.29683566
0,0.28394955
0,0.27556372
0,0.28594154
0,0.27378428
0,0.27281132
0,0.25730205
0,0.30041546
0,0.27681404
0,0.28979734
0,0.33458436
0,0.29360417
0,0.29226446
0,0.2835907
0,0.27423105
0,0.27211192
0,0.2793232
0,0.31724125
0,0.2822271
0,0.29028416
0,0.28975332
0,0.27698904
0,0.27027798
0,0.26845074
0,0.26351196
0,0.26437795
0,0.26057777
0,0.2615737
0,0.2579166
0,0.2605172
0,0.26687065
0,0.2743139
0,0.26119462
0,0.27232835
0,0.26114935
0,0.27177578
0,0.26022446
0,0.27146912
0,0.25893196
0,0.2723983
0,0.2817901
0,0.27859744
0,0.27487546
0,0.28210527
0,0.27545506
0,0.27828124
0,0.27376947
0,0.2761189
0,0.27166703
0,0.27698982
0,0.27178866
0,0.27403453
0,0.2703916
0,0.27344134
0,0.2703075
0,0.2728107
0,0.26774955
0,0.27354884
0,0.29151306
0,0.28297904
0,0.27350777
0,0.27608675
0,0.269939
0,0.27189976
0,0.28715876
0,0.30823526
0,0.28752783
0,0.28325495
0,0.31012124
0,0.28939816
0,0.28940064
0,0.2814054
0,0.28445485
0,0.27731794
0,0.28042033
0,0.31278998
0,0.29432988
0,0.2838769
0,0.33652765
0,0.29885957
0,0.2935408
0,0.28253588
0,0.27273685
0,0.27186453
0,0.2753082
0,0.27292055
0,0.2751216
0,0.26971182
0,0.27331057
0,0.2702138
0,0.27268153
0,0.26726946
0,0.2763329
0,0.27188057
0,0.27411976
0,0.26813376
0,0.2606177
0,0.2883114
0,0.2827203
0,0.28986678
0,0.28110236
0,0.27558216
0,0.2753907
0,0.27857292
0,0.3235904
0,0.30837315
0,0.29216674
0,0.27918425
0,0.27787688
0,0.2690566
0,0.2727009
0,0.26645803
0,0.26841658
0,0.27363402
0,0.26153392
0,0.26240677
0,0.2653807
0,0.27261922
0,0.26872408
0,0.2730346
0,0.26884347
0,0.27377966
0,0.26907995
0,0.26231855
0,0.25887927
0,0.25626975
0,0.261308
0,0.26356313
0,0.261656
0,0.26550794
0,0.26497754
0,0.2666913
0,0.277358
0,0.2729171
0,0.2721302
0,0.27012837
0,0.26706496
0,0.26788843
0,0.26493612
0,0.26646885
0,0.2625216
0,0.27684408
0,0.27849248
0,0.27306736
0,0.26933697
0,0.27069208
0,0.2678662
0,0.26798964
0,0.26269948
0,0.277632
0,0.27762932
0,0.27182385
0,0.2706385
0,0.2672437
0,0.27483022
0,0.27878067
0,0.2679987
0,0.2660121
0,0.2618583
0,0.2611832
0,0.2594105
0,0.271265
0,0.27120313
0,0.27599767
0,0.270853
0,0.2813275
0,0.26528046
0,0.27449825
0,0.27156666
0,0.27530444
0,0.26367444
0,0.27208883
0,0.26145467
0,0.27139342
0,0.27250007
0,0.27567965
0,0.26897734
0,0.27613902
0,0.27528363
0,0.2760457
0,0.27583286
0,0.27828407
0,0.28523704
0,0.27956617
0,0.28013188
0,0.27766132
0,0.26461217
0,0.2705017
0,0.2690063
0,0.27596626
0,0.2722283
0,0.2727354
0,0.28468627
0,0.27646786
0,0.27169317
0,0.27212447
0,0.25757957
0,0.26594
0,0.26372623
0,0.26652253
0,0.2662329
0,0.26685572
0,0.26427704
0,0.266845
0,0.26496518
0,0.26883265
0,0.26538253
0,0.26693997
0,0.2750184
0,0.26982832
0,0.27922413
0,0.27724716
0,0.2799715
0,0.2736202
0,0.2786631
0,0.2701355
0,0.27700698
0,0.2879817
0,0.28300175
0,0.27299082
0,0.27948326
0,0.27084488
0,0.26497632
0,0.2640489
0,0.27192375
0,0.26656112
0,0.2726052
0,0.26492625
0,0.27186757
0,0.26733738
0,0.27204308
0,0.26426777
0,0.27040753
0,0.26468292
0,0.25945875
0,0.26001754
0,0.27783903
0,0.26401725
0,0.26066697
0,0.26903576
0,0.27028883
0,0.26127076
0,0.2768699
0,0.3127515
0,0.29057425
0,0.27427953
0,0.27584848
0,0.27586964
0,0.2642127
0,0.25990623
0,0.26691163
0,0.2662694
0,0.2719971
0,0.26223323
0,0.26538524
0,0.27931583
0,0.27835917
0,0.2746908
0,0.2763802
0,0.27443826
0,0.27357146
0,0.27219984
0,0.26961416
0,0.2713355
0,0.26903656
0,0.2715389
0,0.2674678
0,0.27163562
0,0.27159023
0,0.2810697
0,0.2716591
0,0.27074197
0,0.26728415
0,0.2564802
0,0.27154556
0,0.26579943
0,0.26345655
0,0.25283945
0,0.2606393
0,0.2717894
0,0.26359764
0,0.2748027
0,0.26561382
0,0.26465818
0,0.30754158
0,0.29074952
0,0.27737153
0,0.2835688
0,0.28201184
0,0.28218526
0,0.28471544
0,0.30717835
0,0.281505
0,0.28548738
0,0.35081112
0,0.311009
0,0.3045769
0,0.29878807
0,0.27936482
0,0.28260884
0,0.2708169
0,0.27871746
0,0.26406175
0,0.27189192
0,0.2628134
0,0.27049983
0,0.26762646
0,0.27410027
0,0.26558277
0,0.2718363
0,0.2640618
0,0.25966632
0,0.26675868
0,0.27057007
0,0.2702127
0,0.29424983
0,0.28265327
0,0.28485212
0,0.26871032
0,0.27310207
0,0.27181214
0,0.27351576
0,0.27322426
0,0.27082485
0,0.26951692
0,0.26835728
0,0.2675454
0,0.273671
0,0.2697715
0,0.2812101
0,0.2867326
0,0.27548212
0,0.28279293
0,0.27722213
0,0.29016528
0,0.27503714
0,0.27185965
0,0.2691647
0,0.27999368
0,0.28024796
0,0.27147284
0,0.26875094
0,0.2878453
0,0.2717392
0,0.2819504
0,0.28592402
0,0.28618428
0,0.2889521
0,0.28660834
0,0.28477836
0,0.29101676
0,0.28821144
0,0.31019962
0,0.28477806
0,0.29018012
0,0.27658817
0,0.2793861
0,0.28343716
0,0.27330303
0,0.2938984
0,0.28553203
0,0.2731068
0,0.31280452
0,0.2811526
0,0.29308102
0,0.27547628
0,0.28022948
0,0.27948442
0,0.27814242
0,0.31799823
0,0.2988598
0,0.279755
0,0.3296482
0,0.28905547
0,0.27616495
0,0.26978812
0,0.2794901
0,0.2661492
0,0.25933787
0,0.3163
0,0.2863867
0,0.2753019
0,0.2759891
0,0.27678558
0,0.29341623
0,0.28507516
0,0.27265683
0,0.29004893
0,0.28698462
0,0.2804677
0,0.27439135
0,0.29060835
0,0.26771823
0,0.28607768
0,0.29536206
0,0.28639346
0,0.27930263
0,0.27504843
0,0.2609855
0,0.26672643
0,0.26518166
0,0.27076104
0,0.26620826
0,0.26390052
0,0.26759064
0,0.26494652
0,0.2746793
0,0.26704022
0,0.2766348
0,0.26839128
0,0.26452357
0,0.2876443
0,0.27188814
0,0.29563427
0,0.29810616
0,0.28059077
0,0.2730151
0,0.28108764
0,0.28097817
0,0.28177294
0,0.2808722
0,0.28155306
0,0.26983002
0,0.2867239
0,0.28439033
0,0.2821759
0,0.27954808
0,0.2973452
0,0.28656915
0,0.28430405
0,0.3345678
0,0.30234912
0,0.28265503
0,0.28566015
0,0.28508312
0,0.2825426
0,0.27734193
0,0.32887328
0,0.28489307
0,0.2867752
0,0.28273997
0,0.2815198
0,0.2703955
0,0.27446002
0,0.27157477
0,0.26650763
0,0.26199266
0,0.2943433
0,0.2707002
0,0.268766
0,0.32685664
0,0.29847217
0,0.30056465
0,0.2914177
0,0.27764088
0,0.28601035
0,0.29744858
0,0.34879363
0,0.29465196
0,0.29478252
0,0.2965259
0,0.2878494
0,0.27187154
0,0.2789265
0,0.27577975
0,0.2788261
0,0.27476433
0,0.2751651
0,0.2632873
0,0.27095833
0,0.25859925
0,0.270044
0,0.2568188
0,0.26627403
0,0.2552701
0,0.26388678
0,0.25997862
0,0.27635852
0,0.27941707
0,0.27552685
0,0.2728251
0,0.27195048
0,0.2861312
0,0.27800772
0,0.2939293
0,0.29670456
0,0.28878438
0,0.2806371
0,0.3198956
0,0.29200128
0,0.2923327
0,0.28236884
0,0.27753216
0,0.27382427
0,0.26780626
0,0.3256931
0,0.2961705
0,0.28442508
0,0.28536046
0,0.27636465
0,0.27052
0,0.28127778
0,0.2696705
0,0.27094406
0,0.27757406
0,0.27167755
0,0.27833375
0,0.27065355
0,0.2790268
0,0.28259152
0,0.2805748
0,0.27179432
0,0.27764815
0,0.27194035
0,0.2698058
0,0.26752758
0,0.28225675
0,0.27048317
0,0.27432832
0,0.26708248
0,0.27333322
0,0.2781122
0,0.2747381
0,0.26846743
0,0.27424788
0,0.27999476
0,0.27625608
0,0.2689463
0,0.2716937
0,0.26679057
0,0.2723792
0,0.28266507
0,0.28097576
0,0.27230987
0,0.2735799
0,0.26532674
0,0.26845333
0,0.2668955
0,0.32501897
0,0.2893353
0,0.2821647
0,0.28244886
0,0.28721297
0,0.30568218
0,0.29037783
0,0.30722514
0,0.30790886
0,0.31697488
0,0.30881143
0,0.29484192
0,0.2919387
0,0.27413672
0,0.27300543
0,0.32743153
0,0.29207325
0,0.30630368
0,0.35802788
0,0.30824676
0,0.29070923
0,0.28492308
0,0.2766187
0,0.27499682
0,0.26839978
0,0.28006712
0,0.26847827
0,0.28050333
0,0.2848886
0,0.2640094
0,0.2655775
0,0.26671278
0,0.26205266
0,0.26406625
0,0.25955757
0,0.2773778
0,0.26469475
0,0.26655552
0,0.25774613
0,0.28982997
0,0.27588755
0,0.28184685
0,0.2799708
0,0.2725491
0,0.26511455
0,0.2764278
0,0.2650839
0,0.2784251
0,0.26960692
0,0.27090508
0,0.27186784
0,0.27810773
0,0.27378199
0,0.2794394
0,0.27746013
0,0.28229985
0,0.27806982
0,0.26964694
0,0.2656529
0,0.28428185
0,0.27413088
0,0.27875963
0,0.26284683
0,0.2800722
0,0.27382797
0,0.2777788
0,0.27322146
0,0.27611142
0,0.27692363
0,0.26674217
0,0.28517643
0,0.28719962
0,0.28919384
0,0.28397173
0,0.2954443
0,0.29136807
0,0.30275667
0,0.3030333
0,0.30140558
0,0.29825538
0,0.29679593
0,0.2905923
0,0.28851026
0,0.33326298
0,0.30242738
0,0.29142147
0,0.28464702
0,0.2820887
0,0.2849702
0,0.2790951
0,0.2739168
0,0.27434507
0,0.266809
0,0.2692697
0,0.27472687
0,0.2710199
0,0.26598173
0,0.2681947
0,0.26997122
0,0.2702325
0,0.27497038
0,0.27083266
0,0.2728233
0,0.26942217
0,0.2760103
0,0.27068466
0,0.2751086
0,0.27470657
0,0.27076212
0,0.26844388
0,0.27297583
0,0.26848885
0,0.2755896
0,0.27129743
0,0.27894866
0,0.27346593
0,0.2890823
0,0.27465287
0,0.27116537
0,0.26811418
0,0.27195364
0,0.26674074
0,0.26882562
0,0.3926337
0,0.31019613
0,0.30123776
0,0.290198
0,0.30209833
0,0.2863538
0,0.27512196
0,0.2741802
0,0.26787737
0,0.2693215
0,0.26360872
0,0.25616622
0,0.26630285
0,0.2623034
0,0.27032626
0,0.2652464
0,0.26022413
0,0.26154497
0,0.25952578
0,0.2591704
0,0.27182257
0,0.26437095
0,0.26979852
0,0.26344272
0,0.2684338
0,0.27675277
0,0.26244572
0,0.26259023
0,0.27918378
0,0.26564452
0,0.27437818
0,0.28441963
0,0.28116047
0,0.2796567
0,0.26411352
0,0.26206866
0,0.26689753
0,0.28326383
0,0.27290297
0,0.28693274
0,0.27583545
0,0.27260426
0,0.26012042
0,0.26982644
0,0.27997312
0,0.27935663
0,0.28422275
0,0.3047769
0,0.29501235
0,0.28625336
0,0.29047978
0,0.2944747
0,0.27877063
0,0.27844644
0,0.29655173
0,0.30081826
0,0.29206765
0,0.28989038
0,0.28937018
0,0.2843677
0,0.28605515
0,0.2850949
0,0.28490323
0,0.26763058
0,0.2731017
0,0.26156682
0,0.27281117
0,0.27210975
0,0.26762483
0,0.2685235
0,0.27416024
0,0.2713817
0,0.26484525
0,0.2668075
0,0.27217284
0,0.26935288
0,0.2651369
0,0.25570107
0,0.26843652
0,0.26548365
0,0.27116635
0,0.29040843
0,0.28082395
0,0.27507362
0,0.27773386
0,0.28448242
0,0.27955854
0,0.27410796
0,0.32547846
0,0.3027088
0,0.2799053
0,0.2789192
0,0.2792983
0,0.28358817
0,0.28402317
0,0.2734881
0,0.2755673
0,0.26856393
0,0.2601709
0,0.26391292
0,0.26861528
0,0.2647631
0,0.32760906
0,0.30075976
0,0.28462586
0,0.2807367
0,0.26809737
0,0.26694876
0,0.261707
0,0.27239263
0,0.2880674
0,0.2769335
0,0.26339728
0,0.26330474
0,0.25596234
0,0.24925795
0,0.28021833
0,0.26486665
0,0.3180681
0,0.3508131
0,0.30247405
0,0.28983286
0,0.28319618
0,0.28307712
0,0.27382404
0,0.2813006
0,0.33300963
0,0.29927415
0,0.28544325
0,0.2725351
0,0.27027866
0,0.2696633
0,0.2696266
0,0.2770666
0,0.2706759
0,0.26144588
0,0.28989115
0,0.2610466
0,0.34297255
0,0.28880116
0,0.27914682
0,0.2946981
0,0.27773222
0,0.27884862
0,0.26929203
0,0.26053667
0,0.26059097
0,0.26686805
0,0.26040235
0,0.253796
0,0.3119532
0,0.27229613
0,0.2949696
0,0.27987605
0,0.28204322
0,0.27436516
0,0.26999575
0,0.26972753
0,0.27374938
0,0.28194454
0,0.2772247
0,0.27530438
0,0.2647797
0,0.26492292
0,0.26229006
0,0.26201057
0,0.25662446
0,0.25980213
0,0.25316665
0,0.25750306
0,0.25174955
0,0.26588467
0,0.2540332
0,0.2607236
0,0.2543969
0,0.25699428
0,0.2604394
0,0.25938162
0,0.2847165
0,0.268331
0,0.25796822
0,0.26363438
0,0.2636383
0,0.2612246
0,0.27822742
0,0.2756709
1,0.27514228
1,0.2858081
1,0.27674443
1,0.2712574
1,0.26852876
1,0.26240823
1,0.2642898
1,0.2693729
1,0.2664004
1,0.27101254
1,0.2687881
1,0.27564904
1,0.26882857
1,0.26492152
1,0.27928755
0,0.8577032
0,0.6358466
0,0.5391443
0,0.46367106
0,0.41364434
0,0.3612152
0,0.3190489
0,0.30256116
0,0.2902619
0,0.27257788
0,0.2737941
0,0.25924218
0,0.24388273
0,0.26084372
0,0.22480957
0,0.19364366
0,0.16542661
0,0.15545943
0,0.15906696
0,0.16506384
0,0.17242515
0,0.1829588
0,0.20027128
0,0.20385383
0,0.20923424
0,0.22760862
0,0.23681282
0,0.29644844
0,0.26824236
0,0.29675552
0,0.31282124
0,0.32081184
0,0.29922655
0,0.28859788
0,0.28281063
0,0.29122716
0,0.2804298
0,0.2819119
0,0.27442685
0,0.26348287
0,0.26628217
0,0.2678522
0,0.2662468
0,0.2674049
0,0.25410974
0,0.28916943
0,0.27377132
0,0.2759108
0,0.26887453
0,0.33246738
0,0.30163696
0,0.27675658
0,0.2845866
0,0.2769918
0,0.27099675
0,0.2705023
0,0.26821703
0,0.26837987
0,0.2650444
0,0.32109234
0,0.29397362
0,0.28255293
0,0.27209625
0,0.273208
0,0.26504186
0,0.25853202
0,0.27182594
0,0.2667753
0,0.26103345
0,0.26733458
0,0.2667699
0,0.2651204
0,0.27351362
0,0.26654527
0,0.27268744
0,0.280671
0,0.28504184
0,0.27288666
0,0.27794874
0,0.27004227
0,0.27174157
0,0.2643426
0,0.27182966
0,0.26370466
0,0.25677276
0,0.2578859
0,0.25287312
0,0.25408384
0,0.25409126
0,0.25264463
0,0.25474873
0,0.30456164
0,0.2793191
0,0.29544985
0,0.29330096
0,0.28745818
0,0.27893788
0,0.26908615
0,0.2701615
0,0.2616917
0,0.26761684
0,0.25861982
0,0.2642841
0,0.27822587
0,0.27007705
0,0.2738722
0,0.26996672
0,0.31550267
0,0.28467765
0,0.27019227
0,0.2711095
0,0.26573893
0,0.26697078
0,0.2675842
0,0.2678004
0,0.25746956
0,0.26254004
0,0.2548974
0,0.26217556
0,0.26334614
0,0.260968
0,0.27793247
0,0.3048539
0,0.29394877
0,0.30741924
0,0.31133676
0,0.31156746
0,0.29407167
0,0.29522315
0,0.28144053
0,0.27326474
0,0.2719918
0,0.26679006
0,0.26902488
0,0.26339066
0,0.26767114
0,0.2722212
0,0.27041024
0,0.27825698
0,0.2705876
0,0.27046835
0,0.28177863
0,0.2668812
0,0.25901031
0,0.25894442
0,0.25947264
0,0.266673
0,0.26210356
0,0.2767041
0,0.2652309
0,0.2591885
0,0.25923273
0,0.25517544
0,0.32090878
0,0.28803653
0,0.31568864
0,0.2792648
0,0.2866958
0,0.27932382
0,0.27092692
0,0.27343214
0,0.26427445
0,0.26996973
0,0.27304482
0,0.2906676
0,0.26952562
0,0.27505076
0,0.274241
0,0.2602197
0,0.3233172
0,0.28805164
0,0.2850874
0,0.2792625
0,0.28108945
0,0.27948302
0,0.28565863
0,0.28760576
0,0.27953568
0,0.2751658
0,0.27351934
0,0.28066576
0,0.26551706
0,0.27284908
0,0.28477603
0,0.28385243
0,0.28543508
0,0.28634351
0,0.27701783
0,0.27220234
0,0.2741224
0,0.26901278
0,0.26510078
0,0.28564695
0,0.2683402
0,0.26550382
0,0.26718852
0,0.28892183
0,0.2921981
0,0.27631426
0,0.3009626
0,0.27739882
0,0.33242986
0,0.3183516
0,0.2919706
0,0.27869064
0,0.27879962
0,0.2892602
0,0.27669603
0,0.27053264
0,0.28083542
0,0.26939824
0,0.2660756
0,0.295768
0,0.27959925
0,0.27995402
0,0.2722908
0,0.27647665
0,0.3193976
0,0.28058153
0,0.2901074
0,0.2838991
0,0.2726249
0,0.29865587
0,0.28635025
0,0.282519
0,0.2702427
0,0.26585248
0,0.27627113
0,0.27223545
0,0.28205663
0,0.2907614
0,0.28721184
0,0.29427516
0,0.28389624
0,0.2799126
0,0.30936489
0,0.29194838
0,0.35361356
0,0.36369509
0,0.3401905
0,0.3279986
0,0.30314764
0,0.30773383
0,0.30545345
0,0.30623344
0,0.27731743
0,0.27561432
0,0.27296376
0,0.27065185
0,0.26403448
0,0.2637849
0,0.28291914
0,0.2822522
0,0.27256718
0,0.26775122
0,0.26496807
0,0.2750675
0,0.26563615
0,0.26369613
0,0.2627668
0,0.2624921
0,0.26083684
0,0.25781444
0,0.31478453
0,0.27737623
0,0.3204454
0,0.3031141
0,0.28939047
0,0.29052323
0,0.27241713
0,0.28110456
0,0.27028516
0,0.2643431
0,0.27213857
0,0.27282822
0,0.27580315
0,0.27748972
0,0.26766843
0,0.2649086
0,0.3305881
0,0.29588515
0,0.27940533
0,0.2803324
0,0.2846329
0,0.268189
0,0.26709318
0,0.27301452
0,0.2771627
0,0.27409184
0,0.26402828
0,0.27166045
0,0.26217937
0,0.2733428
0,0.2616366
0,0.2568006
0,0.31967008
0,0.27560842
0,0.30754396
0,0.2875971
0,0.28261164
0,0.26734596
0,0.27189824
0,0.28250742
0,0.286431
0,0.2785252
0,0.2756548
0,0.27337497
0,0.27638844
0,0.27293423
0,0.271109
0,0.27029186
0,0.2581661
0,0.26638776
0,0.3002063
0,0.2774177
0,0.27563813
0,0.26973587
0,0.26844445
0,0.26535365
0,0.26563734
0,0.262519
0,0.26387095
0,0.2671976
0,0.2789307
0,0.2673437
0,0.26465732
0,0.27409497
0,0.26572865
0,0.26156017
0,0.2612349
0,0.2614286
0,0.26036486
0,0.25718284
0,0.25684375
0,0.26518133
0,0.26002732
0,0.2690668
0,0.26164302
0,0.2580856
0,0.2636829
0,0.2765971
0,0.26455763
0,0.2968922
0,0.27849168
0,0.26994324
0,0.2933701
0,0.26958957
0,0.27081835
0,0.2740789
0,0.2743119
0,0.27770934
0,0.28375092
0,0.28344336
0,0.28574035
0,0.2691431
0,0.26326254
0,0.26978314
0,0.27000162
0,0.26980597
0,0.26171863
0,0.2556672
0,0.2534604
0,0.25172314
0,0.25494197
0,0.26389426
0,0.26954535
0,0.30328333
0,0.30477154
0,0.3051343
0,0.29546276
0,0.2918781
0,0.32558572
0,0.3214497
0,0.34513825
0,0.36287582
0,0.33497423
0,0.32120055
0,0.2971721
0,0.28922972
0,0.286199
0,0.28759536
0,0.29191637
0,0.2951947
0,0.3064974
0,0.32373932
0,0.31254306
0,0.3091905
0,0.29993924
0,0.29678416
0,0.30503017
0,0.27772397
0,0.2895754
0,0.25569898
0,0.2426006
0,0.24020122
0,0.23527469
0,0.24318913
0,0.2464462
0,0.25147438
0,0.2502393
0,0.25134248
0,0.25954062
0,0.26744705
0,0.2634414
0,0.26203218
0,0.3157577
0,0.27820233
0,0.30957592
0,0.2806618
0,0.28650087
0,0.27161807
0,0.26156467
0,0.27626535
0,0.26553023
0,0.27426758
0,0.28087014
0,0.28212994
0,0.26881275
0,0.27390015
0,0.2635001
0,0.26108244
0,0.2737643
0,0.2731296
0,0.27309057
0,0.2841272
0,0.27991065
0,0.28905958
0,0.28168523
0,0.2778593
0,0.27007794
0,0.27384993
0,0.2623271
0,0.25669044
0,0.26487958
0,0.2551522
0,0.27809575
0,0.27637592
0,0.33909017
0,0.3338448
0,0.3013246
0,0.28273103
0,0.34378514
0,0.30297983
0,0.28821862
0,0.2975963
0,0.28563505
0,0.28075838
0,0.28784746
0,0.29473722
0,0.27638754
0,0.27510795
0,0.30313152
0,0.29778224
0,0.2846937
0,0.2777577
0,0.27161315
0,0.26903895
0,0.27788845
0,0.2693177
0,0.26782033
0,0.26986971
0,0.26615098
0,0.27756736
0,0.26933223
0,0.26622525
0,0.27571544
0,0.29106686
0,0.29856485
0,0.28893083
0,0.27600667
0,0.30640826
0,0.28225067
0,0.28748956
0,0.2884579
0,0.273528
0,0.2720706
0,0.26654938
0,0.25951615
0,0.25991595
0,0.2785897
0,0.26678437
0,0.26129004
0,0.27443835
0,0.2775108
0,0.2783002
0,0.32383212
0,0.304152
0,0.2946977
0,0.29184726
0,0.29037282
0,0.27808455
0,0.283608
0,0.28167135
0,0.2901867
0,0.28203472
0,0.2694416
0,0.27862257
0,0.27381524
0,0.27849457
0,0.27392843
0,0.26728976
0,0.32377064
0,0.29109287
0,0.31034458
0,0.29000014
0,0.27891853
0,0.28052032
0,0.27672118
0,0.2634133
0,0.27998757
0,0.27487665
0,0.27404886
0,0.27746928
0,0.27750847
0,0.26247096
0,0.3236024
0,0.28854063
0,0.28080624
0,0.27806577
0,0.2718314
0,0.2715166
0,0.26960582
0,0.2624918
0,0.28134698
0,0.2850982
0,0.27548626
0,0.28541628
0,0.2938279
0,0.3023956
0,0.31383425
0,0.32699633
0,0.2962396
0,0.2902479
0,0.31768465
0,0.28725284
0,0.3007641
0,0.28520557
0,0.28324518
0,0.27700588
0,0.30723813
0,0.3192007
0,0.30447328
0,0.297417
0,0.2836606
0,0.28546366
0,0.28549197
0,0.2734803
0,0.2668345
0,0.2681394
0,0.2998801
0,0.27394992
0,0.27889174
0,0.26740512
0,0.2732601
0,0.26419434
0,0.2698921
0,0.26216352
0,0.27158487
0,0.27311608
0,0.2696635
0,0.2729829
0,0.2710722
0,0.2737071
0,0.33086047
0,0.36767486
0,0.30184707
0,0.29066044
0,0.2867486
0,0.2834976
0,0.2723695
0,0.2756924
0,0.2730734
0,0.26303372
0,0.26770487
0,0.27130544
0,0.26850882
0,0.27059343
0,0.26986027
0,0.27165878
0,0.3220769
0,0.31684375
0,0.29135454
0,0.27428922
0,0.27674142
0,0.26606843
0,0.25914794
0,0.26610824
0,0.26348186
0,0.26675475
0,0.26310882
0,0.26721066
0,0.2678422
0,0.25867587
0,0.2595247
0,0.25622323
0,0.31450245
0,0.28311044
0,0.30087274
0,0.2712949
0,0.26748946
0,0.2688064
0,0.26512402
0,0.26517075
0,0.261279
0,0.2799494
0,0.28206912
0,0.2757003
0,0.26779574
0,0.2801255
0,0.26576248
0,0.2684926
0,0.26113176
0,0.26316836
0,0.26846433
0,0.2534808
0,0.25920874
0,0.25891122
0,0.25472024
0,0.25959784
0,0.2540746
0,0.25688788
0,0.25225732
0,0.2556665
0,0.26205707
0,0.25854674
0,0.2641923
0,0.25885504
0,0.26776534
0,0.26311752
0,0.25520518
0,0.26956102
0,0.26901716
0,0.26346672
0,0.27045
0,0.26182845
0,0.26679984
0,0.26047862
0,0.26374224
0,0.26903242
0,0.25648448
0,0.26724353
0,0.26869646
0,0.28986946
0,0.27771893
0,0.2783086
0,0.2725982
0,0.26415238
0,0.26681778
0,0.26220012
0,0.2557062
0,0.2541075
0,0.25984493
0,0.2655198
0,0.26395893
0,0.26815733
0,0.26433036
0,0.25816515
0,0.2623817
0,0.25538838
0,0.29958636
0,0.28185064
0,0.27678475
0,0.27694017
0,0.26947767
0,0.2757724
0,0.26919934
0,0.27023727
0,0.27680007
0,0.27434397
0,0.27015123
0,0.25906217
0,0.26167664
0,0.25338516
0,0.2579767
0,0.25020832
0,0.25591543
0,0.25947228
0,0.2770146
0,0.27346337
0,0.27140814
0,0.2717182
0,0.27898145
0,0.27387896
0,0.2797498
0,0.2824533
0,0.26900828
0,0.28594038
0,0.27917397
0,0.27333996
0,0.26401898
0,0.2628196
0,0.25899795
0,0.25960225
0,0.27340785
0,0.2636267
0,0.25997102
0,0.26131958
0,0.26593855
0,0.2596882
0,0.26622477
0,0.26435995
0,0.2682811
0,0.2724309
0,0.2605475
0,0.25952762
0,0.26573318
0,0.25905818
0,0.2985911
0,0.28267774
0,0.2784853
0,0.26696277
0,0.25936663
0,0.2568106
0,0.26531905
0,0.2559686
0,0.27480474
0,0.2697851
0,0.28279117
0,0.27561617
0,0.27802166
0,0.28251997
0,0.27331161
0,0.27534983
0,0.27069697
0,0.26439056
0,0.2659689
0,0.25589606
0,0.25296065
0,0.2682289
0,0.25561994
0,0.2607653
0,0.260061
0,0.26101458
0,0.26070684
0,0.2901542
0,0.27154922
0,0.27059713
0,0.27117
0,0.2664104
0,0.26361313
0,0.26422152
0,0.27280968
0,0.2666952
0,0.27411813
0,0.26877472
0,0.2644859
0,0.264522
0,0.26140478
0,0.2730931
0,0.26392952
0,0.26237515
0,0.27058187
0,0.26440862
0,0.26720133
0,0.26170856
0,0.28622085
0,0.28781092
0,0.27810144
0,0.27016628
0,0.2595112
0,0.27303225
0,0.2732677
0,0.2735079
0,0.25673446
0,0.25867373
0,0.2822369
0,0.28273797
0,0.2793166
0,0.27967852
0,0.27784416
0,0.2798897
0,0.27996054
0,0.28334486
0,0.27220693
0,0.2744168
0,0.2633525
0,0.25982693
0,0.27003187
0,0.259869
0,0.26640144
0,0.26842734
0,0.2696346
0,0.27022898
0,0.26438424
0,0.26936647
0,0.31455013
0,0.29842913
0,0.3013304
0,0.2753733
0,0.26449358
0,0.27008495
0,0.2688567
0,0.2595619
0,0.26541802
0,0.25587958
0,0.3245122
0,0.28763676
0,0.26961845
0,0.28794992
0,0.27908456
0,0.2709644
0,0.3124
0,0.28756478
0,0.2971121
0,0.29351875
0,0.28016207
0,0.27559826
0,0.27597815
0,0.2723582
0,0.28075662
0,0.2726427
0,0.26893446
0,0.26768598
0,0.26552826
0,0.26520857
0,0.26607937
0,0.2690652
0,0.3041383
0,0.2783518
0,0.27323964
0,0.2708127
0,0.26227006
0,0.26447764
0,0.26356256
0,0.27595556
0,0.27927724
0,0.28591302
0,0.273422
0,0.26902625
0,0.2725011
0,0.26610404
0,0.2777373
0,0.26735586
0,0.26875156
0,0.26558867
0,0.27361193
0,0.26686653
0,0.25620785
0,0.26102442
0,0.258145
0,0.26160577
0,0.2590546
0,0.26041958
0,0.26758942
0,0.2606653
0,0.27195466
0,0.26369497
0,0.25903815
0,0.26154608
0,0.3014511
0,0.2838599
0,0.28040618
0,0.2693443
0,0.26784366
0,0.2630068
0,0.25734666
0,0.25615257
0,0.26555103
0,0.27596578
0,0.27207962
0,0.2749043
0,0.28250536
0,0.2720426
0,0.33048987
0,0.3018172
0,0.29044333
0,0.2986305
0,0.28474736
0,0.27085665
0,0.27769694
0,0.2763183
0,0.2720413
0,0.26739705
0,0.2693785
0,0.28267387
0,0.2740149
0,0.27938917
0,0.28089753
0,0.27502617
0,0.27299172
0,0.2609355
0,0.29324058
0,0.26588988
0,0.27156547
0,0.27273628
0,0.26246586
0,0.26567173
0,0.26823187
0,0.2674209
0,0.26473948
0,0.26522544
0,0.26369095
0,0.26435
0,0.2611739
0,0.2630164
0,0.31940025
0,0.28448433
0,0.3040903
0,0.28285915
0,0.27402297
0,0.28175962
0,0.2695321
0,0.2679521
0,0.2651192
0,0.263877
0,0.28871757
0,0.29246864
0,0.2735948
0,0.28491077
0,0.27029327
0,0.26767027
0,0.32135245
0,0.28587478
0,0.29630664
0,0.29730788
0,0.281838
0,0.274215
0,0.28040764
0,0.2714814
0,0.27719942
0,0.26773486
0,0.27299383
0,0.2649382
0,0.267061
0,0.2638001
0,0.26836076
0,0.27168494
0,0.31575584
0,0.2892648
0,0.2836022
0,0.2823404
0,0.28428867
0,0.269387
0,0.26735774
0,0.26093844
0,0.2733946
0,0.2809348
0,0.2736362
0,0.2742467
0,0.27258804
0,0.27700138
0,0.32958367
0,0.2946877
0,0.32074353
0,0.29550597
0,0.2884849
0,0.2879374
0,0.2723393
0,0.26409552
0,0.26803124
0,0.26220596
0,0.27788758
0,0.2668096
0,0.26795527
0,0.27026257
0,0.26947585
0,0.27227944
0,0.34275192
0,0.2881889
0,0.3338431
0,0.29872584
0,0.30219832
0,0.27836627
0,0.2733617
0,0.27334854
0,0.28166208
0,0.26667926
0,0.27775797
0,0.27713174
0,0.27251637
0,0.2601858
0,0.28336108
0,0.2730223
0,0.3370146
0,0.29335707
0,0.33618307
0,0.29591435
0,0.2992879
0,0.2944684
0,0.28315023
0,0.2796703
0,0.27033564
0,0.26821035
0,0.2649546
0,0.27710956
0,0.2692799
0,0.26635832
0,0.26199242
0,0.26134333
0,0.32539776
0,0.28488395
0,0.3319495
0,0.2907687
0,0.28748438
0,0.27461198
0,0.26754233
0,0.27691028
0,0.2650209
0,0.27223444
0,0.27631688
0,0.27709848
0,0.27125552
0,0.2657784
0,0.25954238
0,0.25741574
0,0.27718663
0,0.2754519
0,0.27430132
0,0.2741556
0,0.28574455
0,0.27977863
0,0.27574736
0,0.2804976
0,0.26410732
0,0.25895146
0,0.2681049
0,0.26050258
0,0.26494336
0,0.25916925
0,0.26550204
0,0.2575553
0,0.31924513
0,0.28834096
0,0.3092927
0,0.28716516
0,0.2840762
0,0.27956966
0,0.2667575
0,0.25911418
0,0.2632296
0,0.26435024
0,0.26414865
0,0.26452523
0,0.267978
0,0.2665944
0,0.27569512
0,0.29037818
0,0.2773103
0,0.27262914
0,0.28955027
0,0.27449942
0,0.27262393
0,0.2680311
0,0.27262327
0,0.26740474
0,0.27955288
0,0.2689303
0,0.2644001
0,0.26582715
0,0.26326868
0,0.26253417
0,0.25882635
0,0.25896657
0,0.30747685
0,0.275938
0,0.30033275
0,0.27994564
0,0.27753475
0,0.2713458
0,0.272391
0,0.2666422
0,0.2672075
0,0.26346233
0,0.27050886
0,0.26381615
0,0.26988316
0,0.2640687
0,0.26412678
0,0.26132753
0,0.2559001
0,0.255894
0,0.25199857
0,0.25368756
0,0.25356713
0,0.25433132
0,0.26098308
0,0.25527668
0,0.25543535
0,0.2641928
0,0.264679
0,0.25917956
0,0.26247698
0,0.2674007
0,0.26486835
0,0.26822206
0,0.26504833
0,0.26761076
0,0.28331554
0,0.27443758
0,0.26645616
0,0.25922322
0,0.26179367
0,0.2661161
0,0.312654
0,0.29774293
0,0.28602618
0,0.28064033
0,0.27290896
0,0.2618502
0,0.2632895
0,0.26549327
0,0.30446613
0,0.28045008
0,0.27279872
0,0.27211678
0,0.26404542
0,0.27929252
0,0.28146333
0,0.28614703
0,0.2754881
0,0.28450152
0,0.27112928
0,0.2694028
0,0.26752684
0,0.2838675
0,0.28331438
0,0.28588733
0,0.31669158
0,0.28844017
0,0.29171455
0,0.28150108
0,0.28923038
0,0.27712467
0,0.26838014
0,0.26868105
0,0.26316732
0,0.2728653
0,0.2625404
0,0.26200923
0,0.27672362
0,0.27980974
0,0.26586017
0,0.26439843
0,0.2977351
0,0.27748275
0,0.28438944
0,0.29546162
0,0.27236587
0,0.26613373
0,0.2716017
0,0.26163045
0,0.258027
0,0.26548862
0,0.2675005
0,0.26925957
0,0.2580711
0,0.2660005
0,0.33324936
0,0.3004443
0,0.2801641
0,0.26827365
0,0.28447774
0,0.28277656
0,0.27202457
0,0.27463996
0,0.2759267
0,0.2728107
0,0.2714878
0,0.27147168
0,0.26936868
0,0.25981298
0,0.26355463
0,0.2646438
0,0.31724864
0,0.28899813
0,0.30737224
0,0.28768712
0,0.28208995
0,0.2760255
0,0.27077428
0,0.27317554
0,0.2682707
0,0.2722452
0,0.25686496
0,0.26181284
0,0.26074335
0,0.2685623
0,0.26294303
0,0.26184967
0,0.3210808
0,0.28603634
0,0.305962
0,0.2965845
0,0.28334042
0,0.27485994
0,0.27249563
0,0.26995686
0,0.26707792
0,0.26375428
0,0.2626823
0,0.27458048
0,0.26434815
0,0.26231098
0,0.25933814
0,0.27237082
0,0.2625414
0,0.26899442
0,0.26746526
0,0.27546212
0,0.27478307
0,0.26326686
0,0.2594135
0,0.26726368
0,0.2701127
0,0.27567694
0,0.2621136
0,0.26882997
0,0.2596277
0,0.26881292
0,0.2603113
0,0.26711643
0,0.31605285
0,0.2955317
0,0.28875154
0,0.27560964
0,0.27177596
0,0.27150637
0,0.26085317
0,0.25606278
0,0.2542673
0,0.26017278
0,0.2545231
0,0.2495635
0,0.2610097
0,0.25038046
0,0.31633115
0,0.2828549
0,0.32101142
0,0.29143912
0,0.3022982
0,0.30117893
0,0.27941543
0,0.27905932
0,0.29078567
0,0.28500324
0,0.2915994
0,0.31006
0,0.28533053
0,0.27730986
0,0.2732168
0,0.26905996
0,0.33808386
0,0.29386303
0,0.32389683
0,0.29052666
0,0.3003277
0,0.28251556
0,0.26968837
0,0.26791978
0,0.2671286
0,0.26373717
0,0.26176903
0,0.2598313
0,0.26670426
0,0.26120687
0,0.26073745
0,0.25963897
0,0.25898483
0,0.2576928
0,0.29580238
0,0.2828838
0,0.28608403
0,0.2696415
0,0.25885302
0,0.26282325
0,0.2596352
0,0.2712847
0,0.2616659
0,0.25734675
0,0.26696497
0,0.25722283
0,0.25528982
0,0.26354396
0,0.2706584
0,0.26708537
0,0.29777798
0,0.26843828
0,0.2627189
0,0.2562791
0,0.26044676
0,0.25219488
0,0.25133792
0,0.25755885
0,0.25089362
0,0.2593585
0,0.25429866
0,0.26054385
0,0.25254938
0,0.25872433
0,0.33094296
0,0.2999302
0,0.28590545
0,0.2778998
0,0.27912822
0,0.27020672
0,0.26864585
0,0.2653417
0,0.26737034
0,0.26903522
0,0.26771152
0,0.2670361
0,0.25563174
0,0.2674631
0,0.26476204
0,0.25962496
0,0.31631845
0,0.27868468
0,0.28450188
0,0.28236863
0,0.27925634
0,0.27835184
0,0.26574823
0,0.26458082
0,0.2779808
0,0.2742613
0,0.26919279
0,0.26351038
0,0.2648742
0,0.2584194
0,0.31862333
0,0.27645007
1,0.32865083
1,0.2836962
1,0.30584306
1,0.28713423
1,0.28069925
1,0.27759022
1,0.27349916
1,0.26401076
1,0.2644513
1,0.25612584
1,0.26410714
1,0.27195975
1,0.26426044
1,0.25573865
1,0.40964454
0,0.9009663
0,0.7716408
0,0.69268453
0,0.65941256
0,0.62904286
0,0.5376814
0,0.45030707
0,0.3434622
0,0.28603813
0,0.23625715
0,0.1948133
0,0.16511437
0,0.14816368
0,0.14567338
0,0.13587871
0,0.17436597
0,0.1470604
0,0.13440192
0,0.1342629
0,0.13186254
0,0.13372763
0,0.12697144
0,0.1266389
0,0.12820174
0,0.12992287
0,0.13093299
0,0.14025539
0,0.15161102
0,0.165067
0,0.22806272
0,0.26231995
0,0.32498422
0,0.30102396
0,0.27564722
0,0.2715013
0,0.28713083
0,0.271968
0,0.26129588
0,0.2622026
0,0.2677934
0,0.26754937
0,0.26624274
0,0.27187213
0,0.26804572
0,0.26174945
0,0.26496026
0,0.27000648
0,0.33365026
0,0.30773047
0,0.33833855
0,0.31271946
0,0.31249276
0,0.2835032
0,0.28078413
0,0.2688565
0,0.27929586
0,0.2776801
0,0.26984456
0,0.2733778
0,0.26689434
0,0.27017513
0,0.26479346
0,0.25754592
0,0.3249969
0,0.29028544
0,0.2784488
0,0.27976075
0,0.28490463
0,0.26619086
0,0.26124936
0,0.2550619
0,0.25723207
0,0.26267278
0,0.27113014
0,0.2572875
0,0.26226148
0,0.263784
0,0.2644429
0,0.2635839
0,0.32474828
0,0.2895904
0,0.31763762
0,0.30554277
0,0.2855291
0,0.28037935
0,0.26782623
0,0.2677592
0,0.26225558
0,0.26489407
0,0.2602476
0,0.26384372
0,0.26830524
0,0.2647802
0,0.26738206
0,0.2620687
0,0.32118958
0,0.2820296
0,0.31138515
0,0.2843679
0,0.30808896
0,0.2838603
0,0.27020106
0,0.2808386
0,0.27919942
0,0.26817948
0,0.27177972
0,0.2767984
0,0.26644155
0,0.26225898
0,0.2658757
0,0.2705336
0,0.32527688
0,0.2939338
0,0.28289673
0,0.27142966
0,0.2837147
0,0.2688877
0,0.26667568
0,0.2719025
0,0.2682652
0,0.26130006
0,0.26294583
0,0.27003372
0,0.27666917
0,0.26322758
0,0.267074
0,0.26008952
0,0.32244492
0,0.29908058
0,0.31817856
0,0.29378027
0,0.30219784
0,0.29224908
0,0.278223
0,0.27697176
0,0.27598673
0,0.2759508
0,0.27404144
0,0.2716408
0,0.2701784
0,0.26997903
0,0.26928937
0,0.27028212
0,0.26390553
0,0.26572073
0,0.28994334
0,0.2743944
0,0.26473942
0,0.2570585
0,0.2689557
0,0.26504302
0,0.270117
0,0.2685325
0,0.27169544
0,0.26955006
0,0.2623592
0,0.27667436
0,0.2629247
0,0.26734915
0,0.31177497
0,0.28258637
0,0.2961607
0,0.27936044
0,0.28124884
0,0.27318734
0,0.2735929
0,0.26956534
0,0.25919324
0,0.2963676
0,0.26665938
0,0.26640043
0,0.27173084
0,0.26575106
0,0.26611862
0,0.26194167
0,0.30241755
0,0.27530512
0,0.29360846
0,0.35969925
0,0.3147719
0,0.30587363
0,0.2927547
0,0.2796912
0,0.27523482
0,0.2780099
0,0.3268997
0,0.28550562
0,0.28974006
0,0.28438994
0,0.34738886
0,0.30487764
0,0.33302706
0,0.29125077
0,0.2967662
0,0.2921451
0,0.2731323
0,0.26615667
0,0.26444867
0,0.27016073
0,0.26294783
0,0.2695873
0,0.26603782
0,0.27039856
0,0.26391393
0,0.26886535
0,0.34501266
0,0.28749454
0,0.31826723
0,0.28193134
0,0.28074405
1,0.44077095
1,0.34935448
1,0.30413505
1,0.2931968
1,0.28971577
1,0.28020188
1,0.27549583
1,0.2788857
1,0.27556697
1,0.27601564
1,0.27403066
1,0.3285986
1,0.29843172
1,0.31842738
1,0.28940052
0,0.86627114
0,0.6381991
0,0.5304863
0,0.45748284
0,0.3971412
0,0.33336592
0,0.263051
0,0.21647039
0,0.18290763
0,0.16941902
0,0.179099
0,0.16363382
0,0.16420892
0,0.15848611
0,0.15557791
0,0.15554167
0,0.16337074
0,0.16260956
0,0.16354932
0,0.17174518
0,0.17796567
0,0.19142723
0,0.20505436
0,0.2179314
0,0.2510659
0,0.25941685
0,0.3369962
0,0.3329758
0,0.35070178
0,0.3580547
0,0.3475173
0,0.3196136
0,0.30417928
0,0.3126874
0,0.32428724
0,0.31216016
0,0.30685392
0,0.3114709
0,0.30348963
0,0.28120935
0,0.29135457
0,0.28578025
0,0.33218706
0,0.281064
0,0.26226333
0,0.23511718
0,0.20538716
0,0.18567927
0,0.17898993
0,0.17590901
0,0.17515483
0,0.17562085
0,0.17921911
0,0.18730639
0,0.19756357
0,0.2118086
0,0.24267471
0,0.2551351
0,0.30351967
0,0.29701033
0,0.29814854
0,0.25476086
0,0.23842601
0,0.22657883
0,0.22571489
0,0.22792505
0,0.22622573
0,0.23034668
0,0.22998287
0,0.23628435
0,0.24541709
0,0.26273578
0,0.26953334
0,0.26529878
0,0.3271748
0,0.28495914
0,0.31834242
0,0.31417215
0,0.29215786
0,0.27821568
0,0.2687377
0,0.2637314
0,0.26556593
0,0.261062
0,0.2548364
0,0.26309106
0,0.25464493
0,0.2572876
0,0.2617337
0,0.26422426
0,0.26710582
0,0.2617751
0,0.2641178
0,0.26052067
0,0.285244
0,0.26746657
0,0.26656765
0,0.2670157
0,0.25766784
0,0.25784704
0,0.26267743
0,0.27025703
0,0.27304775
0,0.27361062
0,0.2705649
0,0.29036903
0,0.27339545
0,0.26476264
0,0.30697492
0,0.2864909
0,0.2941004
0,0.28532615
0,0.27640146
0,0.26773188
0,0.26631612
0,0.28103945
0,0.26853663
0,0.26032507
0,0.2697921
0,0.258538
0,0.28100336
0,0.27736086
0,0.37908006
0,0.37876922
0,0.39790496
0,0.3772722
0,0.3647672
0,0.34600893
0,0.3195932
0,0.33459917
0,0.33175436
0,0.31624418
0,0.30077296
0,0.31005397
0,0.32404923
0,0.31613582
0,0.27886483
0,0.24605466
0,0.26312992
0,0.22726476
0,0.20780498
0,0.19793916
0,0.18033342
0,0.17921707
0,0.16868602
0,0.1618372
0,0.15954858
0,0.15647325
0,0.15557379
0,0.15377763
0,0.15969598
0,0.16007644
0,0.15849845
0,0.15830693
0,0.16111729
0,0.15862206
0,0.1497996
0,0.15596683
0,0.14881516
0,0.16522942
0,0.15838166
0,0.15519579
0,0.14789343
0,0.14981331
0,0.15914644
0,0.15760009
0,0.16297896
0,0.16488428
0,0.19928361
0,0.17984943
0,0.16902873
0,0.16504094
0,0.17639011
0,0.17096376
0,0.17567357
0,0.18250233
0,0.18902332
0,0.1968111
0,0.20985791
0,0.22373623
0,0.23194712
0,0.24292815
0,0.2461517
0,0.25757527
0,0.26012677
0,0.25489268
0,0.3045354
0,0.2819909
0,0.27190617
0,0.26508066
0,0.2703107
0,0.28461114
0,0.2959139
0,0.2964481
0,0.2961471
0,0.28863457
0,0.2742849
0,0.2766748
0,0.27720252
0,0.26408374
0,0.33140746
0,0.29378793
0,0.33354953
0,0.2978783
0,0.3081591
0,0.27828845
0,0.29655334
0,0.2910181
0,0.28796643
0,0.27859575
0,0.28303993
0,0.27911392
0,0.28918856
0,0.29550517
0,0.3086224
0,0.30951884
0,0.38581038
0,0.37585983
0,0.36091968
0,0.36880574
0,0.3504698
0,0.32324243
0,0.30303067
0,0.29853922
0,0.2850528
0,0.2761963
0,0.26772833
0,0.2706542
0,0.25450417
0,0.24220021
0,0.29301253
0,0.24842578
0,0.27392432
0,0.2179567
0,0.21535468
0,0.19575146
0,0.18660572
0,0.16812575
0,0.16150723
0,0.16620794
0,0.16651502
0,0.17165484
0,0.18569982
0,0.19170193
0,0.20508848
0,0.22346343
0,0.24405098
0,0.25117013
0,0.32590032
0,0.29761446
0,0.28024906
0,0.2685342
0,0.27634722
0,0.26185933
0,0.25598547
0,0.25567412
0,0.25988355
0,0.25602353
0,0.25684735
0,0.270196
0,0.27489206
0,0.2737689
0,0.26477173
0,0.27206153
0,0.33938658
0,0.2992496
0,0.32151493
0,0.29649407
0,0.27790046
0,0.280721
0,0.29349482
0,0.28123793
0,0.28845474
0,0.2819942
0,0.28145927
0,0.28213197
0,0.2679655
0,0.27106637
0,0.26874673
0,0.2691401
0,0.32448557
0,0.29025826
0,0.31330213
0,0.27763763
0,0.28333005
0,0.27711663
0,0.29129902
0,0.27708942
0,0.27076563
0,0.26975718
0,0.27259615
0,0.2687712
0,0.25836045
0,0.26307786
0,0.32597503
0,0.28704464
0,0.3384929
0,0.29783806
0,0.31522438
0,0.29061788
0,0.28928933
0,0.27751154
0,0.27345207
0,0.27237454
0,0.27206683
0,0.2671092
0,0.27013493
0,0.2792754
0,0.26866534
0,0.27951497
0,0.33738482
0,0.2919381
0,0.33849117
0,0.29431948
0,0.31009525
0,0.28519812
0,0.29724306
0,0.2791501
0,0.26972303
0,0.26668006
0,0.26299274
0,0.26048386
0,0.27594957
0,0.26728946
0,0.27318442
0,0.26488876
0,0.3275078
0,0.28455406
0,0.3277013
0,0.28796422
0,0.3029605
0,0.29108134
0,0.28754768
0,0.2828279
0,0.2849061
0,0.2710255
0,0.27551553
0,0.2690513
0,0.2715551
0,0.2730922
0,0.2724634
0,0.2723633
0,0.334267
0,0.29399937
0,0.33580217
0,0.3067878
0,0.28131816
0,0.28277943
0,0.27145928
0,0.26412168
0,0.25599062
0,0.26396427
0,0.26491353
0,0.271596
0,0.29602417
0,0.2873898
0,0.2770943
0,0.26375744
0,0.2726471
0,0.2685035
0,0.31706342
0,0.28573802
0,0.29710674
0,0.28278488
0,0.27191553
0,0.27094153
0,0.28287378
0,0.27440855
0,0.27004957
0,0.26924315
0,0.3172442
0,0.33262247
0,0.3968316
0,0.38023627
0,0.41903514
0,0.37646693
0,0.37750316
0,0.33907402
0,0.33028606
0,0.31324738
0,0.28362656
0,0.27058676
0,0.26886222
0,0.26529473
0,0.26099062
0,0.25070694
0,0.24378285
0,0.22476697
0,0.24254057
0,0.21162184
0,0.24199836
0,0.20302555
0,0.18998241
0,0.16911863
0,0.17995518
0,0.1649992
0,0.15601152
0,0.16035321
0,0.16567963
0,0.1631496
0,0.16692927
0,0.15701585
0,0.16282609
0,0.1576118
0,0.16224739
0,0.16824237
0,0.16143493
0,0.14938293
0,0.16539457
0,0.17135015
0,0.19268388
0,0.1799128
0,0.19153559
0,0.22827013
0,0.1988599
0,0.17476113
0,0.1633261
0,0.4763784
0,0.32807928
0,0.24170806
0,0.18681337
0,0.16215317
0,0.1538195
0,0.14782241
0,0.14625609
0,0.1400503
0,0.13367006
0,0.13354236
0,0.13268891
0,0.1374364
0,0.1334126
0,0.13291241
0,0.13406795
0,0.13796006
0,0.14837688
0,0.15701932
0,0.17624058
0,0.16032808
0,0.18634067
0,0.1665669
0,0.16839309
0,0.17042476
0,0.16813849
0,0.17548439
0,0.1798292
0,0.18540044
0,0.19464326
0,0.29682225
0,0.29729357
0,0.28750145
0,0.27402988
0,0.27559358
0,0.32808724
0,0.2876956
0,0.31739673
0,0.27452463
0,0.27460286
0,0.24960153
0,0.23920384
0,0.2346685
0,0.23231474
0,0.23589073
0,0.23988737
0,0.25144312
0,0.25029978
0,0.27293095
0,0.27927625
0,0.29541698
0,0.34727553
0,0.29807067
0,0.33491248
0,0.2923479
0,0.32712364
0,0.28924346
0,0.2827602
0,0.3067512
0,0.2883099
0,0.27629125
0,0.2825507
0,0.2889396
0,0.28252634
0,0.27012077
0,0.303514
0,0.29528844
0,0.29290122
0,0.34301105
0,0.2907915
0,0.27873567
0,0.27966815
0,0.27798346
0,0.27646583
0,0.27569076
0,0.25989377
0,0.2684277
0,0.2683966
0,0.27099314
0,0.272524
0,0.2641045
0,0.25799555
0,0.2581098
0,0.25294924
0,0.25154376
0,0.30086562
0,0.28280157
0,0.2986781
0,0.28322047
0,0.27557936
0,0.28229144
0,0.26965964
0,0.26053312
0,0.28294972
0,0.27619153
0,0.2735435
0,0.27276477
0,0.27655286
0,0.2989979
0,0.36278456
0,0.33593026
0,0.34831667
0,0.31130627
0,0.30793014
0,0.29134366
0,0.28458735
0,0.2967848
0,0.27687526
0,0.27603123
0,0.2884252
0,0.2920493
0,0.27530625
0,0.27210164
0,0.26659256
0,0.26524454
0,0.32707188
0,0.28866106
0,0.29409996
0,0.30833158
0,0.30575332
0,0.28924844
0,0.309555
0,0.32434824
0,0.31912848
0,0.30199432
0,0.29976216
0,0.30902928
0,0.3197892
0,0.32750532
0,0.37099874
0,0.33713067
0,0.37712938
0,0.34857345
0,0.32638443
0,0.31816992
0,0.3070374
0,0.29029393
0,0.26194498
0,0.2624012
0,0.27371264
0,0.2675309
0,0.23129487
0,0.22523673
0,0.29348767
0,0.28133097
0,0.26744077
0,0.22482412
0,0.2914314
0,0.29510215
0,0.24878584
0,0.20280315
0,0.19574443
0,0.22165033
0,0.19162163
0,0.16894677
0,0.16649161
0,0.15848511
0,0.14887874
0,0.14260076
0,0.13713972
0,0.13781269
0,0.13495362
0,0.13485183
0,0.14947008
0,0.13883041
0,0.14246595
0,0.1379368
0,0.13814344
0,0.14757326
0,0.13380262
0,0.13993965
0,0.13366073
0,0.13315547
0,0.13715331
0,0.13943632
0,0.14718626
0,0.15121253
0,0.16140775
0,0.17434937
0,0.18654403
0,0.20456378
0,0.23397307
0,0.2444036
0,0.24867049
0,0.25270486
0,0.263406
0,0.26082304
0,0.25597823
0,0.2583657
0,0.2677346
0,0.2621505
0,0.32785246
0,0.29356834
0,0.2755614
0,0.27057227
0,0.3213789
0,0.29942498
0,0.30685905
0,0.29917255
0,0.28487217
0,0.2941919
0,0.28693306
0,0.27472442
0,0.27922177
0,0.27779573
0,0.26906276
0,0.2632528
0,0.2687268
0,0.27483627
0,0.32976365
0,0.29641983
0,0.32617438
0,0.2867983
0,0.30816114
0,0.30194667
0,0.30742592
0,0.31179765
0,0.3034529
0,0.2999586
0,0.28672194
0,0.27308163
0,0.28603554
0,0.27749774
0,0.2870952
0,0.2847654
0,0.3404497
0,0.2987022
0,0.32722503
0,0.28860566
0,0.2939444
0,0.28180766
0,0.2761202
0,0.27904588
0,0.26619202
0,0.26943928
0,0.26659787
0,0.27974215
0,0.27982187
0,0.2746273
0,0.32929972
0,0.31620273
0,0.3662109
0,0.31536537
0,0.3323246
0,0.29913387
0,0.30242777
0,0.2985936
0,0.29611856
0,0.29948148
0,0.2968953
0,0.3051196
0,0.28185633
0,0.29213303
0,0.27223462
0,0.2707847
0,0.3411814
0,0.2941888
0,0.3434702
0,0.29890358
0,0.31816158
0,0.28724757
0,0.2838165
0,0.2688371
0,0.26999888
0,0.26032877
0,0.26670974
0,0.25845072
0,0.25308242
0,0.2560874
0,0.25661737
0,0.25765425
0,0.3224862
0,0.2808056
0,0.3518573
0,0.3185721
0,0.32819626
0,0.30259222
0,0.3048362
0,0.2953118
0,0.2858113
0,0.2931548
0,0.28072855
0,0.28106815
0,0.27568552
0,0.2755452
0,0.274496
0,0.2650118
0,0.32839808
0,0.2854299
0,0.27931353
0,0.27943826
0,0.2988789
0,0.27243155
0,0.2748826
0,0.26233992
0,0.26721635
0,0.2744883
0,0.27451566
0,0.27433947
0,0.2672913
0,0.26313528
0,0.263496
0,0.27282578
0,0.34053203
0,0.29373392
0,0.34480324
0,0.30867207
0,0.3312798
0,0.29895154
0,0.29361427
0,0.28447825
0,0.27265722
0,0.27334946
0,0.26806757
0,0.28000492
0,0.27217814
0,0.29869866
0,0.36335474
0,0.35342863
0,0.3781838
0,0.3506142
0,0.36926046
0,0.31796023
0,0.31694636
0,0.2893119
0,0.2916379
0,0.27775893
0,0.29796952
0,0.28830844
0,0.2766185
0,0.2712777
0,0.25068614
0,0.24575377
0,0.2648941
0,0.25917152
0,0.3146677
0,0.2708779
0,0.2869085
0,0.27301142
0,0.25274685
0,0.22384042
0,0.1997833
0,0.18287185
0,0.17791633
0,0.17327775
0,0.17422558
0,0.1881451
0,0.2101455
0,0.22600694
0,0.247714
0,0.25484967
0,0.3124368
0,0.296186
0,0.30582628
0,0.2661306
0,0.27260908
0,0.26375476
0,0.24583791
0,0.24080905
0,0.23579456
0,0.23793904
0,0.24175742
0,0.24505793
0,0.2394189
0,0.2476865
0,0.31074047
0,0.2846778
0,0.33490545
0,0.29810756
0,0.33497697
0,0.2872194
0,0.2957656
0,0.28410375
0,0.27409306
0,0.2743718
0,0.2663833
0,0.26784027
0,0.29475972
0,0.2765229
0,0.26857504
0,0.26942575
0,0.2676718
0,0.26986468
0,0.26286128
0,0.27775854
0,0.3112138
0,0.2839325
0,0.2983376
0,0.29812846
0,0.2899161
0,0.2775955
0,0.27867773
0,0.2837448
0,0.2675454
0,0.26646063
0,0.26140797
0,0.26405716
0,0.26913637
0,0.26430154
0,0.32275033
0,0.2932224
0,0.31114957
0,0.2830151
0,0.29136282
0,0.27950573
0,0.27849647
0,0.2736669
0,0.2737685
0,0.28356037
0,0.2652514
0,0.26624894
0,0.25708818
0,0.25923222
0,0.32137728
0,0.2941706
0,0.29938865
0,0.30435574
0,0.32962748
0,0.30747628
0,0.6050863
0,0.56020176
0,0.48432517
0,0.41215497
0,0.38457218
0,0.35733432
0,0.29920864
0,0.2646548
0,0.28959596
0,0.23668985
0,0.25116923
0,0.18929777
0,0.16516788
0,0.15205136
0,0.14959778
0,0.14028616
0,0.13573037
0,0.132195
0,0.13010168
0,0.12782593
0,0.13981488
0,0.14428172
0,0.15448369
0,0.16304642
0,0.16496085
0,0.17914653
0,0.21154532
0,0.2078289
0,0.24499153
0,0.23558585
0,0.30553916
0,0.28657988
0,0.27960554
0,0.2801665
0,0.28456473
0,0.27564403
0,0.27221432
0,0.25890443
0,0.27148536
0,0.2672509
0,0.32157984
0,0.28655094
0,0.33492362
0,0.29397127
0,0.34266415
0,0.298864
0,0.3001914
0,0.28474993
0,0.27783075
0,0.27243835
0,0.2798926
0,0.2755418
0,0.2746222
0,0.27050123
0,0.26165664
0,0.263479
0,0.26711506
0,0.26342067
0,0.32280967
0,0.28757638
0,0.33108267
0,0.2949727
0,0.30098552
0,0.27934292
0,0.276939
0,0.27103323
0,0.2704639
0,0.27447093
0,0.27250516
0,0.2776332
0,0.27233806
0,0.26435104
0,0.2672374
0,0.27158636
0,0.3225236
0,0.2818894
0,0.31734744
0,0.30111462
0,0.30487755
0,0.29104343
0,0.2742088
0,0.36230674
0,0.30290207
0,0.28466028
0,0.2887368
0,0.27158076
0,0.27053702
0,0.27247614
0,0.2697586
0,0.26407248
0,0.3187342
0,0.2913373
0,0.31997797
0,0.28049874
0,0.28910434
0,0.28185743
0,0.2702099
0,0.27077135
0,0.26461065
0,0.26054588
0,0.2730148
0,0.26922956
0,0.26279795
0,0.2651409
0,0.25938025
0,0.26312786
0,0.26878124
0,0.26608884
0,0.30547228
0,0.2810734
0,0.29832992
0,0.28528258
0,0.29734284
0,0.28223374
0,0.27143535
0,0.26996982
0,0.27263775
0,0.26797572
0,0.26373845
0,0.26349157
0,0.25796336
0,0.2592343
0,0.32028827
0,0.28296053
0,0.3107059
0,0.2820243
0,0.28827557
0,0.27853233
0,0.27416897
0,0.27757472
0,0.2739605
0,0.26587722
0,0.26374763
0,0.2724933
0,0.26972714
0,0.27844855
0,0.33270177
0,0.29912266
0,0.2908283
0,0.28566542
0,0.30750477
0,0.28958368
0,0.2865027
0,0.2862612
0,0.2706363
0,0.27450207
0,0.27561384
0,0.2676799
0,0.271905
0,0.2721481
0,0.27007425
0,0.2765733
0,0.32861707
0,0.28877538
0,0.3417569
0,0.3007992
0,0.31754643
0,0.3093136
0,0.2947677
0,0.28752276
0,0.27801853
0,0.2654455
0,0.27854034
0,0.27925
0,0.28862306
0,0.31809223
0,0.3230456
0,0.3218769
0,0.29209435
0,0.29432258
0,0.27712587
0,0.2756511
0,0.26789048
0,0.2695367
0,0.27298972
0,0.2697977
0,0.2733688
0,0.27032042
0,0.2729768
0,0.2711849
0,0.2627584
0,0.26832435
0,0.27586725
0,0.28258172
0,0.32582948
0,0.30686092
0,0.33553043
0,0.29426783
0,0.311139
0,0.28648376
0,0.28164542
0,0.27431503
0,0.27731308
0,0.26916632
0,0.27102122
0,0.26483777
0,0.25729603
0,0.25761986
0,0.31157863
0,0.27681825
0,0.32250857
0,0.29871106
0,0.28591824
0,0.27647173
0,0.29079142
0,0.28508604
0,0.27426758
0,0.279899
0,0.2732571
0,0.26548764
0,0.27069768
0,0.2718181
0,0.2664495
0,0.27369988
0,0.26728666
0,0.25969926
0,0.3196829
0,0.2811547
0,0.3200469
0,0.2874081
0,0.2968231
0,0.29079357
0,0.27539885
0,0.266527
0,0.27541155
0,0.28776303
0,0.2788515
0,0.2648625
0,0.264948
0,0.28420267
0,0.3310071
0,0.28852826
0,0.293015
0,0.29457787
0,0.31819376
0,0.29565164
0,0.28955096
0,0.2969338
0,0.27806675
0,0.27961242
0,0.28286874
0,0.27582553
0,0.2758302
0,0.28319678
0,0.28557244
0,0.2878131
0,0.33569694
0,0.30589935
0,0.35246226
0,0.30497605
0,0.33054468
0,0.2986724
0,0.2985328
0,0.30191055
0,0.28682074
0,0.29111397
0,0.27190182
0,0.26995066
0,0.2712435
0,0.26583278
0,0.2684772
0,0.26514533
0,0.26536128
0,0.26490214
0,0.31797636
0,0.280312
0,0.30302498
0,0.2914008
0,0.28336152
0,0.27165654
0,0.27025458
0,0.26320243
0,0.26415226
0,0.27338007
0,0.27038172
0,0.27374753
0,0.3387024
0,0.29729357
0,0.34996295
0,0.30127087
0,0.3434946
0,0.2935756
0,0.31557992
0,0.29397658
0,0.28405014
0,0.27011907
0,0.26134795
0,0.2683934
0,0.2692622
0,0.27910116
0,0.27275708
0,0.27928767
0,0.2681124
0,0.27102867
0,0.33098376
0,0.2979703
0,0.3443796
0,0.33426645
0,0.30305678
0,0.29851976
0,0.30147853
0,0.28607953
0,0.3329312
0,0.3202825
0,0.31625015
0,0.31054327
0,0.30768436
0,0.31738365
0,0.2979378
0,0.32282016
0,0.3092359
0,0.29720956
0,0.2857927
0,0.28301406
0,0.27104798
0,0.2630955
0,0.2587808
0,0.26350194
0,0.298243
0,0.26454166
0,0.28412512
0,0.26250744
0,0.2618255
0,0.2616675
0,0.26300845
0,0.25692496
0,0.25557724
0,0.2744638
0,0.28055188
0,0.27696517
0,0.2685786
0,0.27057216
0,0.3296542
0,0.32380533
0,0.34863752
0,0.3074635
0,0.30889857
0,0.28216758
0,0.27563438
0,0.27478093
0,0.2624082
0,0.27183533
0,0.27488342
0,0.26979548
0,0.2742785
0,0.2726406
0,0.26358986
0,0.26616502
0,0.32731065
0,0.2879888
0,0.32767597
0,0.29136506
0,0.2875542
0,0.28734428
0,0.28491327
0,0.2741526
0,0.26004463
0,0.27914855
0,0.27501258
0,0.26747918
0,0.26951444
0,0.26521853
0,0.2679854
0,0.26368883
0,0.31520224
0,0.30670443
0,0.33120275
0,0.30452406
0,0.31265607
0,0.3018734
0,0.28810978
0,0.27412736
0,0.28171378
0,0.27934435
0,0.43753257
0,0.34485814
0,0.31574628
0,0.29023963
0,0.28474218
0,0.28390506
0,0.33747527
0,0.30560747
0,0.33172888
0,0.30077967
0,0.29983193
0,0.2890979
0,0.27272162
0,0.26387402
0,0.26506197
0,0.26734242
0,0.26174214
0,0.26288816
0,0.27247778
0,0.26676944
0,0.27476048
0,0.25919044
0,0.3153319
0,0.2903039
0,0.3165048
0,0.29121023
0,0.27969995
0,0.27499118
0,0.26319525
0,0.26847285
0,0.2656701
0,0.26741648
0,0.28315467
0,0.2729022
0,0.27832723
0,0.2777076
0,0.32633793
0,0.29117423
0,0.29077724
0,0.28368074
0,0.32197732
0,0.3759371
0,0.30855972
0,0.30620754
0,0.2826994
0,0.29006532
0,0.2844895
0,0.27487305
0,0.2679639
0,0.2686781
0,0.270128
0,0.2661769
0,0.31679127
0,0.28527626
0,0.35077035
0,0.30370414
0,0.32204074
0,0.29004025
0,0.27495962
0,0.2706133
0,0.26029697
0,0.27131912
0,0.2686683
0,0.26386365
0,0.26889542
0,0.27271163
0,0.27083004
0,0.27056414
0,0.31307253
0,0.29007062
0,0.34126964
0,0.31222442
0,0.33078113
0,0.29208598
0,0.28566998
0,0.28538316
0,0.28798747
0,0.27741104
0,0.27616438
0,0.26528326
0,0.2674517
0,0.27063057
0,0.26679704
0,0.26060817
0,0.32081038
0,0.3051351
0,0.337845
0,0.3214445
0,0.32064718
0,0.29846868
0,0.29293275
0,0.2729647
0,0.26417723
0,0.2731192
1,0.26656243
1,0.26888284
1,0.2631337
1,0.26654863
1,0.32591462
1,0.2888699
1,0.2781913
1,0.2746528
1,0.31942302
1,0.2871918
1,0.3017972
1,0.2966
1,0.28207406
1,0.27703997
1,0.26524332
0,0.8515175
0,0.6259995
0,0.5641289
0,0.53437203
0,0.5025023
0,0.53660285
0,0.46232378
0,0.50385004
0,0.39023557
0,0.38720337
0,0.27697122
0,0.24543677
0,0.20003586
0,0.15389282
0,0.14785273
0,0.13767649
0,0.1296113
0,0.12840389
0,0.123322904
0,0.12523384
0,0.12254571
0,0.14240675
0,0.13622904
0,0.15330185
0,0.14362556
0,0.14311709
0,0.14683352
0,0.15643832
0,0.16130257
0,0.16695322
0,0.27281487
0,0.27224714
0,0.27716658
0,0.27412695
0,0.26472008
0,0.26701668
0,0.27318385
0,0.32735103
0,0.28909868
0,0.34345603
0,0.30853042
0,0.33791244
0,0.31152943
0,0.30560243
0,0.29475468
0,0.28809062
0,0.29803094
0,0.2853063
0,0.26982042
0,0.26952562
0,0.2703362
0,0.2652752
0,0.26847252
0,0.32338917
0,0.29350016
0,0.34553298
0,0.3119648
0,0.32968026
0,0.29044887
0,0.28597945
0,0.27860734
0,0.27115944
0,0.27057973
0,0.2743924
0,0.2773275
0,0.2770181
0,0.26357105
0,0.29406908
0,0.288079
0,0.32530805
0,0.33152807
0,0.36555523
0,0.312143
0,0.33735457
0,0.3236766
0,0.28888112
0,0.2802763
0,0.27294382
0,0.28603813
0,0.28180024
0,0.27291238
0,0.26351887
0,0.26338136
0,0.31209844
0,0.28036064
0,0.3268942
0,0.2977881
0,0.35065964
0,0.29656607
0,0.327681
0,0.29735115
0,0.28871202
0,0.2720623
0,0.27118716
0,0.2887785
0,0.29114208
0,0.28593647
0,0.27833766
0,0.2843292
0,0.33136362
0,0.28666022
0,0.3398002
0,0.30274844
0,0.34211275
0,0.31392893
0,0.32003787
0,0.28606176
0,0.28036386
0,0.2764869
0,0.26579493
0,0.25591546
0,0.25665092
0,0.24992724
0,0.2739245
0,0.27422726
0,0.3388422
0,0.31858054
0,0.29039317
0,0.27253205
0,0.32029402
0,0.2878941
0,0.3048925
0,0.28656
0,0.2777598
0,0.27978948
0,0.26804274
0,0.28311875
0,0.29512364
0,0.28926215
0,0.27890807
0,0.28122842
0,0.33703446
0,0.2947091
0,0.3582751
0,0.32283688
0,0.35844734
0,0.30688298
0,0.31526977
0,0.28956518
0,0.28276035
0,0.27349615
0,0.28132433
0,0.269906
0,0.27393407
0,0.2686883
0,0.27529636
0,0.26763588
0,0.26065797
0,0.26288566
0,0.31836316
0,0.2834259
0,0.32302964
0,0.2858327
0,0.3095263
0,0.28321397
0,0.27701437
0,0.29032677
0,0.29073036
0,0.27345246
0,0.2670584
0,0.27335137
0,0.27656296
0,0.27941006
0,0.33125812
0,0.31186056
0,0.34197173
0,0.30763048
0,0.33558926
0,0.30439958
0,0.31531546
0,0.31246445
0,0.29266068
0,0.27707702
0,0.27033508
0,0.2655198
0,0.26605272
0,0.25931302
0,0.2739081
0,0.26084542
0,0.32226202
0,0.29048368
0,0.3381616
0,0.29831406
0,0.3264916
0,0.2846659
0,0.32721588
0,0.28277057
0,0.26977518
0,0.26386303
0,0.28570056
0,0.27694708
0,0.285264
0,0.26744896
0,0.2812875
0,0.291343
0,0.27626598
0,0.2743284
0,0.33429372
0,0.29408365
0,0.32069194
0,0.29125157
0,0.27880144
0,0.27477175
0,0.26489523
0,0.26605576
0,0.26264596
0,0.27072173
0,0.2775578
0,0.28246865
0,0.27907696
0,0.27231932
0,0.26551124
0,0.26716447
0,0.3267889
0,0.31076106
0,0.3263659
0,0.29399022
0,0.2961578
0,0.29340094
0,0.28492934
0,0.27415472
0,0.26742256
0,0.27224407
0,0.28252313
0,0.27568135
0,0.26448765
0,0.2719732
0,0.32590166
0,0.28521824
0,0.27208066
0,0.27465108
0,0.304189
0,0.29088286
0,0.28768817
0,0.2870873
0,0.2794809
0,0.26910177
0,0.2752217
0,0.2647469
0,0.27280688
0,0.2814527
0,0.2767234
0,0.2724146
0,0.33277747
0,0.28613266
0,0.35562772
0,0.31656277
0,0.29722613
0,0.29947686
0,0.29883665
0,0.27703902
0,0.29573646
0,0.31242684
0,0.32208827
0,0.31704798
0,0.31774005
0,0.31032318
0,0.34045917
0,0.3527668
0,0.39509737
0,0.35483238
0,0.36485907
0,0.32558283
0,0.28278938
0,0.2562416
0,0.250976
0,0.23731804
0,0.2178021
0,0.20812118
0,0.20898192
0,0.20537013
0,0.20471823
0,0.2074016
0,0.24374957
0,0.22641227
0,0.22165537
0,0.22008042
0,0.24660228
0,0.22970137
0,0.23999636
0,0.23443928
0,0.23660561
0,0.2455032
0,0.23686875
0,0.24868675
0,0.24909523
0,0.25421613
0,0.26488617
0,0.26348555
0,0.2611829
0,0.26219615
0,0.31582546
0,0.28400016
0,0.33135542
0,0.2968096
0,0.3100665
0,0.28437498
0,0.27397552
0,0.27017033
0,0.2592442
0,0.27502477
0,0.27199522
0,0.26603773
0,0.27568203
0,0.26589063
0,0.35077924
0,0.2996778
0,0.35555187
0,0.30590808
0,0.34052566
0,0.3106063
0,0.3100676
0,0.28742558
0,0.2748952
0,0.28460723
0,0.26666743
0,0.27540597
0,0.27083632
0,0.27391735
0,0.27054358
0,0.2629482
0,0.32639408
0,0.29399562
0,0.3392721
0,0.30152962
0,0.33080643
0,0.30095437
0,0.30243763
0,0.28820994
0,0.27571192
0,0.27722126
0,0.27267537
0,0.2734934
0,0.2637734
0,0.25862953
0,0.26271582
0,0.26829383
0,0.26126832
0,0.25636548
0,0.33142555
0,0.29370883
0,0.32302767
0,0.29228684
0,0.29466012
0,0.28320467
0,0.2686646
0,0.26586193
0,0.2632765
0,0.26956177
0,0.27931306
0,0.2883519
0,0.30394486
0,0.31974676
0,0.36858538
0,0.34449807
0,0.39313108
0,0.33498266
0,0.34397167
0,0.32043937
0,0.31051233
0,0.29038462
0,0.30906668
0,0.29662055
0,0.3031443
0,0.28725195
0,0.29952845
0,0.29324958
0,0.29245296
0,0.27178678
0,0.31927302
0,0.27704364
0,0.27043673
0,0.21664707
0,0.20962517
0,0.1870129
0,0.18481548
0,0.18325119
0,0.18529895
0,0.19383003
0,0.20809592
0,0.21492642
0,0.2285065
0,0.23688573
0,0.2670022
0,0.26282632
0,0.33062345
0,0.29533157
0,0.34108055
0,0.30533123
0,0.32171428
0,0.29979527
0,0.29308674
0,0.2847026
0,0.2699814
0,0.28283748
0,0.27292746
0,0.27566156
0,0.26871416
0,0.26192576
0,0.3183504
0,0.27774838
0,0.3413912
0,0.29983968
0,0.33713555
0,0.3053912
0,0.31422225
0,0.2915753
0,0.284718
0,0.28976148
0,0.28471863
0,0.2771941
0,0.26700503
0,0.26956958
0,0.27154362
0,0.25949886
0,0.31646883
0,0.28620708
0,0.33136865
0,0.2956563
0,0.3340448
0,0.29784465
0,0.31002995
0,0.2870073
0,0.270676
0,0.27015716
0,0.25683925
0,0.26279956
0,0.25580463
0,0.27056798
0,0.25925636
0,0.26574984
0,0.3152803
0,0.28316152
0,0.33064112
0,0.2947072
0,0.33692718
0,0.29771712
0,0.30510485
0,0.30346572
0,0.2908466
0,0.27809986
0,0.26657477
0,0.26567894
0,0.26824516
0,0.26380855
0,0.2721753
0,0.27748594
0,0.3302474
0,0.2993457
0,0.3445356
0,0.29646698
0,0.3479183
0,0.30106866
0,0.30545378
0,0.28041002
0,0.27901262
0,0.28236583
0,0.2727267
0,0.2755797
0,0.26822308
0,0.2742407
0,0.2722446
0,0.2754312
0,0.2685515
0,0.26493463
0,0.31754363
0,0.28867286
0,0.3224969
0,0.30669612
0,0.30489022
0,0.294063
0,0.27418208
0,0.27612567
0,0.27076167
0,0.27793515
0,0.28685635
0,0.27612504
0,0.27058107
0,0.283418
0,0.33785424
0,0.3021101
0,0.2839721
0,0.2914855
0,0.31684104
0,0.301465
0,0.2953336
0,0.2833443
0,0.27848876
0,0.28721917
0,0.2805162
0,0.28539664
0,0.26749027
0,0.2703376
0,0.272845
0,0.2672611
0,0.31805205
0,0.2818507
0,0.3452892
0,0.32516682
0,0.33635107
0,0.31381157
0,0.30154407
0,0.2979694
0,0.2744394
0,0.2695331
0,0.27309415
0,0.27546728
0,0.27058327
0,0.27410066
0,0.27263895
0,0.27705407
0,0.33430776
0,0.30957103
0,0.35283569
0,0.3094142
0,0.32338512
0,0.2860518
0,0.2668075
0,0.27483484
0,0.26393875
0,0.27070555
0,0.2699621
0,0.27152953
0,0.26692235
0,0.27027225
0,0.32567465
0,0.2938654
0,0.37016538
0,0.31500468
0,0.35242027
0,0.3072732
0,0.32588077
0,0.2846005
0,0.2871969
0,0.2820888
0,0.26970452
0,0.26963332
0,0.27530333
0,0.28407484
0,0.2690183
0,0.2685204
0,0.27843776
0,0.28210258
0,0.29792893
0,0.29351032
0,0.33705002
0,0.30386907
0,0.32207072
0,0.29307163
0,0.28766724
0,0.2817298
0,0.30103308
0,0.29844302
0,0.2932054
0,0.28103969
0,0.30386412
0,0.30212688
0,0.34058312
0,0.29730943
0,0.36534238
0,0.30722544
0,0.3590156
0,0.30583143
0,0.3136007
0,0.30361712
0,0.2789493
0,0.268914
0,0.27191553
0,0.27468774
0,0.3152428
0,0.28980055
0,0.2754704
0,0.2751295
0,0.3203422
0,0.28807566
0,0.33638814
0,0.2862428
0,0.29249275
0,0.24369633
0,0.23545928
0,0.21008338
0,0.2077296
0,0.23066328
0,0.2112982
0,0.21054651
0,0.21432295
0,0.2233007
0,0.23942801
0,0.23621997
0,0.29786333
0,0.2664148
0,0.26294717
0,0.2808649
0,0.26148382
0,0.26079023
0,0.262683
0,0.25610572
0,0.26018342
0,0.25054026
0,0.2456029
0,0.25980675
0,0.2613673
0,0.2635393
0,0.26269856
0,0.26595217
0,0.3204479
0,0.29290444
0,0.27244765
0,0.28840318
0,0.31118476
0,0.28579843
0,0.29705653
0,0.2822516
0,0.28505787
0,0.27597803
0,0.2829858
0,0.27317753
0,0.29150724
0,0.295699
0,0.2880468
0,0.28144935
0,0.32827178
0,0.28896597
0,0.33360147
0,0.29237008
0,0.3356032
0,0.2981073
0,0.28882876
0,0.27902412
0,0.26274493
0,0.26422724
0,0.2729003
0,0.2641048
0,0.26966554
0,0.2630855
0,0.25676295
0,0.25721616
0,0.30933782
0,0.27874237
0,0.3308165
0,0.29894605
0,0.3152562
0,0.2997185
0,0.29176942
0,0.2854759
0,0.28873473
0,0.2711698
0,0.27224958
0,0.26701996
0,0.27051723
0,0.27732176
0,0.2709014
0,0.26867992
0,0.26948237
0,0.28123468
0,0.27201417
0,0.27460587
0,0.30924442
0,0.27496496
0,0.27453777
0,0.27891567
0,0.2815469
0,0.26531518
0,0.27660456
0,0.30847138
0,0.28838
0,0.28984532
0,0.33462313
0,0.28596684
0,0.3544348
0,0.2929682
0,0.33642825
0,0.29912528
0,0.31061232
0,0.29185846
0,0.2804905
0,0.2779483
0,0.2789239
0,0.2729042
0,0.26568818
0,0.27785692
0,0.27646482
0,0.27096665
0,0.38353926
0,0.31216753
0,0.35453203
0,0.30715865
0,0.3439671
0,0.29928795
0,0.31219816
0,0.29131252
0,0.28209624
0,0.27152738
0,0.26493642
0,0.263844
0,0.27101347
0,0.28122452
0,0.29015616
0,0.29016343
0,0.3712381
0,0.3043083
0,0.35266528
0,0.30989206
0,0.3484851
0,0.29843324
0,0.2973909
0,0.28169852
0,0.26120174
0,0.2655116
0,0.25476003
0,0.2514961
0,0.25587597
0,0.26068902
0,0.26630864
0,0.276231
0,0.3655984
0,0.3100095
0,0.3562561
0,0.298462
0,0.33620435
0,0.29883805
0,0.28648785
0,0.26675713
0,0.26122952
0,0.26565853
0,0.2566101
0,0.25337955
0,0.2574903
0,0.28678083
0,0.2709323
0,0.26142755
0,0.32214946
0,0.28921103
0,0.33907768
0,0.28739217
0,0.3236556
0,0.28381124
0,0.29471305
0,0.26692036
0,0.26309738
0,0.26844814
0,0.258051
0,0.26300985
0,0.26931605
0,0.26672426
0,0.26259977
0,0.27710977
0,0.32499143
0,0.2915098
0,0.3564187
0,0.30612698
0,0.33998457
0,0.35224485
0,0.3372732
0,0.33635154
0,0.28775892
0,0.28606805
0,0.28471372
0,0.27475607
0,0.27668127
0,0.27148104
0,0.26448482
0,0.2674734
0,0.34125987
0,0.29119053
0,0.3420543
0,0.305793
0,0.32364136
0,0.28769606
0,0.3011287
0,0.27547508
0,0.26089612
0,0.25283203
0,0.250124
0,0.25547987
0,0.2592181
0,0.26643464
0,0.26449332
0,0.27165538
0,0.33481136
0,0.3065656
0,0.2968411
0,0.27822515
0,0.30674744
0,0.29053137
0,0.28706455
0,0.28901312
0,0.28211322
0,0.29670566
0,0.2714666
0,0.26823205
0,0.270185
0,0.26154336
0,0.33313298
0,0.28288078
0,0.34502473
0,0.2969171
0,0.3487738
0,0.29552785
0,0.32637155
0,0.29651305
0,0.29246214
0,0.2829354
0,0.27082998
0,0.26571837
0,0.2661433
0,0.2669719
0,0.26622352
0,0.26754737
0,0.26464528
0,0.2661364
0,0.3213877
0,0.28614324
0,0.32839975
0,0.29446548
0,0.31363273
0,0.29958406
0,0.287582
0,0.27934912
0,0.26912567
0,0.26875162
0,0.26571456
0,0.2646446
0,0.26123866
0,0.26163578
0,0.31973127
0,0.2898943
0,0.33576056
0,0.29289988
0,0.340991
0,0.30245897
0,0.31296223
0,0.29406065
0,0.28358507
0,0.2743383
0,0.27839318
0,0.29244626
0,0.28964922
0,0.27484992
0,0.28017583
0,0.27991825
0,0.33223167
0,0.3054215
0,0.34992728
0,0.30928314
0,0.33858356
0,0.30661255
0,0.29628536
0,0.29066688
0,0.27571416
0,0.2718214
0,0.27755424
0,0.27363312
0,0.27023825
0,0.28776124
0,0.33320677
0,0.28587493
0,0.34605196
0,0.293306
0,0.3424081
0,0.29162613
0,0.3278702
0,0.28455728
0,0.3037829
0,0.27387235
0,0.29694375
0,0.27919385
0,0.2709958
0,0.27158025
0,0.26616982
0,0.2576009
0,0.3247902
0,0.291936
0,0.35436594
0,0.2937863
0,0.35648733
0,0.3076064
0,0.287521
0,0.2794332
0,0.28337374
0,0.2712947
0,0.2677888
0,0.26673764
0,0.26648685
0,0.26425284
0,0.2632388
0,0.26410836
0,0.3241727
0,0.28545588
0,0.34230545
0,0.29673025
0,0.35267186
0,0.3026114
0,0.33036315
0,0.29371217
0,0.29648313
0,0.27940857
0,0.2655581
0,0.2696418
0,0.28324202
0,0.271795
0,0.26520258
0,0.27136916
0,0.3219491
0,0.28424525
0,0.3541659
0,0.30990747
0,0.29589146
0,0.27980238
0,0.30974793
0,0.29007652
0,0.28610614
0,0.28256124
0,0.2762145
0,0.26866636
0,0.27207008
0,0.27315554
0,0.26441753
0,0.2617238
0,0.26787212
0,0.26440015
0,0.31288242
0,0.28758
0,0.33400527
0,0.289827
0,0.31139678
0,0.29154113
0,0.2936534
0,0.28473765
0,0.27840394
0,0.2793997
0,0.277925
0,0.2796011
0,0.2868136
0,0.26729983
0,0.26856586
0,0.25968784
0,0.32608804
0,0.29575107
0,0.33750188
0,0.30250606
0,0.3167746
0,0.29225546
0,0.28727177
0,0.2905557
0,0.29230145
0,0.28285754
0,0.27373677
0,0.27384242
0,0.2754746
0,0.28994608
0,0.33750457
0,0.29618302
0,0.34195387
0,0.32963866
0,0.35056865
0,0.3030456
0,0.31256565
0,0.2881917
0,0.2803665
0,0.27280897
0,0.2756988
0,0.2721398
0,0.2742813
0,0.26540422
0,0.26168293
0,0.2696825
0,0.2774515
0,0.26806128
0,0.3175364
0,0.2820124
0,0.2815683
0,0.26856276
0,0.28831005
0,0.28207093
0,0.27419695
0,0.2763751
0,0.26004437
0,0.26899227
0,0.27181366
0,0.27271652
0,0.27823803
0,0.2767175
0,0.32045054
0,0.2916868
0,0.33495945
0,0.28834486
0,0.33326605
0,0.29963136
0,0.31986895
0,0.29518807
0,0.27929607
0,0.2766453
0,0.27826318
0,0.27579135
0,0.27305833
0,0.27436933
0,0.2731479
0,0.27153468
0,0.32526436
0,0.2792219
0,0.33355367
0,0.2962286
0,0.32551923
0,0.2952282
0,0.2995236
0,0.28356445
0,0.27188325
0,0.27088615
0,0.26802373
0,0.26820454
0,0.29033914
0,0.27469364
0,0.2824812
0,0.2780128
0,0.3466362
0,0.30121538
0,0.3476182
0,0.3026979
0,0.28838772
0,0.27825207
0,0.27379733
0,0.27086833
0,0.2717004
0,0.26544708
0,0.3136091
0,0.2806386
0,0.27607715
0,0.26932555
0,0.33138698
0,0.30153316
0,0.34345046
0,0.2954513
0,0.33717802
0,0.3065507
0,0.325258
0,0.3001888
0,0.29921752
0,0.32614213
0,0.28975385
0,0.27647778
0,0.283038
0,0.2823761
0,0.2792624
0,0.26721603
0,0.31787428
0,0.29175282
0,0.33291876
0,0.33716005
0,0.36343777
0,0.30042657
0,0.3142349
0,0.29245466
0,0.27975067
0,0.26775652
0,0.28198442
0,0.2648728
0,0.25273603
0,0.28209767
0,0.29425254
0,0.27976808
0,0.32130435
0,0.27682033
0,0.3220543
0,0.29013577
0,0.33559853
0,0.2899298
0,0.2939487
0,0.29408565
0,0.25236255
0,0.23168881
0,0.22905706
0,0.22295007
0,0.22545356
0,0.2344398
0,0.25253326
0,0.24740534
0,0.31343663
0,0.33516812
0,0.29872674
0,0.29256776
0,0.31604016
0,0.27475208
0,0.28045788
0,0.2542608
0,0.2474643
0,0.24098456
0,0.23344976
0,0.24395782
0,0.24601755
0,0.24765511
0,0.3220802
0,0.28683522
0,0.32708442
0,0.2891212
0,0.34184968
0,0.3315755
0,0.3437377
0,0.29540423
0,0.28716978
0,0.2687702
0,0.26412594
0,0.25926107
0,0.2597331
0,0.25753242
0,0.2652807
0,0.27147943
0,0.27501926
0,0.2687924
0,0.3187345
0,0.2924968
0,0.34371227
0,0.30614394
0,0.3283573
0,0.2989186
0,0.30156195
0,0.28785372
0,0.2731246
0,0.2668851
0,0.26960355
0,0.26010808
0,0.2599944
0,0.2707708
0,0.27057934
0,0.27102658
0,0.32228565
0,0.27982378
0,0.3277491
0,0.3002799
0,0.3355245
0,0.30611357
0,0.30565113
0,0.2896162
0,0.2732222
0,0.2752844
0,0.26530933
0,0.2738743
0,0.2773686
0,0.2725536
0,0.2693506
0,0.26952377
0,0.3177616
0,0.27576745
0,0.3317154
0,0.29648274
0,0.33618045
0,0.3035607
0,0.28619394
0,0.29776844
0,0.3045026
0,0.30826455
0,0.2853198
0,0.28841072
0,0.2769942
0,0.2779389
0,0.2694041
0,0.2692528
0,0.32000753
0,0.29878297
0,0.3355951
0,0.29945722
0,0.32391736
0,0.29386997
0,0.29634365
0,0.2920757
0,0.2830479
0,0.29441905
0,0.2856875
0,0.2775865
0,0.2843551
0,0.27328408
0,0.28979224
0,0.29546833
0,0.33705243
0,0.29657874
0,0.34101367
0,0.2964082
0,0.320113
0,0.34244466
0,0.3073735
0,0.29696295
0,0.27599853
0,0.2763494
0,0.26366013
0,0.26515263
0,0.27042663
0,0.2620141
0,0.3194747
0,0.29935402
0,0.3343632
0,0.30537608
0,0.33321902
0,0.3032653
0,0.3147559
0,0.2842994
0,0.2841279
0,0.28028184
0,0.27359554
0,0.27312773
0,0.27238116
0,0.2666101
0,0.2670765
0,0.27632305
0,0.31579426
0,0.2884507
0,0.3296879
0,0.28669474
0,0.3348907
0,0.28708258
0,0.31196088
0,0.28998053
0,0.28412798
0,0.2781556
0,0.26692918
0,0.26156673
0,0.26624036
0,0.25624913
0,0.26725316
0,0.26885417
0,0.31017864
0,0.27294984
0,0.27853987
0,0.2630155
0,0.3211127
0,0.2881441
0,0.30683574
0,0.28559044
0,0.28032663
0,0.27594438
0,0.26303765
0,0.27849588
0,0.26605803
0,0.267715
0,0.27406132
0,0.27724236
0,0.2881721
0,0.27425694
0,0.2862221
0,0.27645472
0,0.3260962
0,0.2910884
0,0.30317992
0,0.28278214
0,0.2757586
0,0.27156988
0,0.27472976
0,0.26974985
0,0.27253732
0,0.26834738
0,0.27068162
0,0.26602095
0,0.31699488
0,0.2833022
0,0.34097454
0,0.29379746
0,0.34840173
0,0.31496757
0,0.30652782
0,0.30380794
0,0.28160438
0,0.28555402
0,0.28294507
0,0.3003437
0,0.2828488
0,0.2727737
0,0.3166376
0,0.28576759
0,0.3278178
0,0.29226682
0,0.3465856
0,0.3007032
0,0.32833597
0,0.28913456
0,0.3010073
0,0.29018158
0,0.27689928
0,0.27721092
0,0.26996973
0,0.27152845
0,0.26274648
0,0.27191192
0,0.2664567
0,0.26962632
0,0.33094877
0,0.2859337
0,0.3416844
0,0.30501378
0,0.3223696
0,0.28467852
0,0.2942011
0,0.2863547
0,0.27579007
0,0.27541676
0,0.26921815
0,0.27513054
0,0.26940605
0,0.26084694
0,0.2567996
0,0.2686944
0,0.29581356
0,0.27841914
0,0.26876944
0,0.27044073
0,0.3035021
0,0.28783464
0,0.2944247
0,0.28166202
0,0.27853054
0,0.2763104
0,0.2862312
0,0.27861324
0,0.2669444
0,0.26808107
0,0.31357098
0,0.2878355
0,0.31347793
0,0.29980168
0,0.33283848
0,0.2965459
0,0.32015753
0,0.29077688
0,0.29731056
0,0.29257226
0,0.27222642
0,0.27123725
0,0.26215568
0,0.26480412
0,0.27937853
0,0.28938675
0,0.33151442
0,0.29853827
0,0.3383255
0,0.29873905
0,0.34784397
0,0.32168388
0,0.32521617
0,0.29130876
0,0.28731063
0,0.28667867
0,0.27699047
0,0.26849383
0,0.27601248
0,0.2800902
0,0.2720952
0,0.2745352
0,0.33106217
0,0.3017778
0,0.33216053
0,0.28863677
0,0.31335732
0,0.28665593
0,0.30630997
0,0.27810523
0,0.28238443
0,0.2669495
0,0.25690573
0,0.2653902
0,0.26072624
0,0.2688961
0,0.28638512
0,0.27734193
0,0.27049893
0,0.26162982
0,0.3180106
0,0.29037222
0,0.3339281
0,0.29582536
0,0.3068809
0,0.28842646
0,0.27824736
0,0.27486333
0,0.2803795
0,0.27521458
0,0.2864747
0,0.2744565
0,0.26897582
0,0.27161995
0,0.27920446
0,0.28117058
0,0.26647082
0,0.28007552
0,0.30183324
0,0.29395184
0,0.29716206
0,0.35278752
0,0.31438664
0,0.31098557
0,0.28853694
0,0.2785689
0,0.27713135
0,0.27010724
0,0.3076608
0,0.27909204
0,0.32850513
0,0.29370642
0,0.34814903
0,0.307997
0,0.34124768
0,0.31710044
0,0.3108631
0,0.29592893
0,0.33859944
0,0.2944176
0,0.28616884
0,0.28718552
0,0.2780678
0,0.2670119
0,0.26836374
0,0.27587467
0,0.31506082
0,0.2874082
0,0.32915363
0,0.29438257
0,0.33458593
0,0.3048248
0,0.29938424
0,0.28912663
0,0.27242315
0,0.2729955
0,0.26183492
0,0.27872965
0,0.34831348
0,0.31578976
0,0.3429362
0,0.3032635
0,0.32120207
0,0.32368416
0,0.28611702
0,0.26916707
0,0.29095802
0,0.2690963
0,0.26659667
0,0.2518689
0,0.2455641
0,0.25015306
0,0.25050595
0,0.2426989
0,0.23301442
0,0.23255195
0,0.24488208
0,0.25743574
0,0.2554133
0,0.24668653
0,0.25650135
0,0.2602505
0,0.27240953
0,0.26652873
0,0.26342756
0,0.25228527
0,0.25961703
0,0.25886467
0,0.26100588
0,0.2668312
0,0.28286746
0,0.28356308
0,0.28319645
0,0.29250124
0,0.3525304
0,0.3229479
0,0.3488747
0,0.30194414
0,0.3219841
0,0.29167297
0,0.28788567
0,0.27624315
0,0.30119792
0,0.29539746
0,0.2814169
0,0.2894731
0,0.29885662
0,0.3131069
0,0.34419635
0,0.30607226
0,0.33621886
0,0.30600923
0,0.3417696
0,0.30318874
0,0.3114157
0,0.28717327
0,0.27485082
0,0.26731578
0,0.25048774
0,0.25317308
0,0.25683483
0,0.25886852
0,0.25058234
0,0.25179186
0,0.25868762
0,0.26596698
0,0.32378092
0,0.27935737
0,0.3274969
0,0.28183752
0,0.3109516
0,0.2921272
0,0.29859617
0,0.29319903
0,0.32868883
0,0.34361237
0,0.3432824
0,0.3266467
0,0.30180776
0,0.28799284
0,0.28595313
0,0.2780186
0,0.27867058
0,0.32973078
0,0.29970837
0,0.28946468
0,0.3006858
0,0.29026046
0,0.27549234
0,0.27480143
0,0.30312213
0,0.3019033
0,0.28190997
0,0.25841364
0,0.25983188
0,0.26338238
0,0.28009975
0,0.3173163
0,0.3231897
0,0.2966022
0,0.30177423
0,0.27822065
0,0.27973312
0,0.29799274
0,0.29202712
0,0.27961895
0,0.25767842
0,0.24625419
0,0.24089374
0,0.23059095
0,0.24076283
0,0.21947071
0,0.22852996
0,0.23071733
0,0.22584537
0,0.22292575
0,0.22674912
0,0.22668853
0,0.2318767
0,0.23803271
0,0.2743903
0,0.27265453
0,0.2689689
0,0.26310685
0,0.27084416
0,0.2754504
0,0.26579198
0,0.2626663
0,0.26924866
0,0.26757702
0,0.2620189
0,0.26448438
0,0.26844457
0,0.2735827
0,0.2712488
0,0.27643296
0,0.2639105
0,0.27048954
0,0.2927375
0,0.28658456
0,0.2831355
0,0.28102398
0,0.28031498
0,0.28206998
0,0.26691774
0,0.2751993
0,0.2706742
0,0.26885125
0,0.273278
0,0.26905444
0,0.2801641
0,0.2736617
0,0.27863935
0,0.2790484
0,0.2931025
0,0.28599763
0,0.2787141
0,0.2806284
0,0.27105957
0,0.26851723
0,0.28180826
0,0.27299064
0,0.28470117
0,0.29046014
0,0.28214344
0,0.29830536
0,0.29107648
0,0.28463355
0,0.30284435
0,0.30652106
0,0.2899903
0,0.30781984
0,0.29313743
0,0.28508994
0,0.28823215
0,0.29387355
0,0.28661537
0,0.2879349
0,0.30529925
0,0.29734474
0,0.28612947
0,0.3359023
0,0.30701065
0,0.30501226
0,0.29212382
0,0.2806221
0,0.28387803
0,0.28103086
0,0.3422514
0,0.2985605
0,0.2882081
0,0.2825256
0,0.28428203
0,0.27968436
0,0.27741563
0,0.27553603
0,0.2743827
0,0.27464938
0,0.27393258
0,0.26883578
0,0.2669113
0,0.27068603
0,0.266581
0,0.2774992
0,0.28018197
0,0.2745712
0,0.26942727
0,0.26980975
0,0.268319
0,0.26614162
0,0.28719178
0,0.26926932
0,0.27272928
0,0.2668349
0,0.2778334
0,0.27907768
0,0.28396177
0,0.2764314
0,0.2824677
0,0.27274904
0,0.28202412
0,0.27049717
0,0.2654527
0,0.29268068
0,0.28278193
0,0.292174
0,0.68744427
0,0.71874607
0,0.5786194
0,0.47994393
0,0.4604186
0,0.37314472
0,0.3395018
0,0.29548162
0,0.26325366
0,0.22717927
0,0.1920092
0,0.17333189
0,0.15581846
0,0.14619069
0,0.14159723
0,0.14152087
0,0.14147982
0,0.14190847
0,0.13896367
0,0.14190024
0,0.14269806
0,0.15484071
0,0.1702815
0,0.18811406
0,0.20710546
0,0.20765004
0,0.21787812
0,0.21566316
0,0.22561182
0,0.22950192
0,0.32814154
0,0.34254286
0,0.3325535
0,0.32992196
0,0.3249999
0,0.32590488
0,0.31486127
0,0.30322418
0,0.30511564
0,0.3124157
0,0.31758747
0,0.27800846
0,0.24965805
0,0.21562685
0,0.24147677
0,0.24336639
0,0.22483459
0,0.22959688
0,0.2222506
0,0.21409902
0,0.2167999
0,0.18534999
0,0.20116253
0,0.1820959
0,0.216344
0,0.19861805
0,0.22589202
0,0.26956072
0,0.25488183
0,0.22934519
0,0.17237286
0,0.1509152
0,0.1458148
0,0.14614931
0,0.14013904
0,0.13898768
0,0.1302808
0,0.12331725
0,0.13951004
0,0.14021225
0,0.15216841
0,0.13795355
0,0.15295751
0,0.14170331
0,0.13680136
0,0.13691644
0,0.13792303
0,0.139838
0,0.14242797
0,0.15195677
0,0.15542002
0,0.16201459
0,0.16896217
0,0.17947619
0,0.22152388
0,0.2348867
0,0.28636277
0,0.280342
0,0.3218212
0,0.2904274
0,0.28692883
0,0.28141767
0,0.28150627
0,0.28908056
0,0.27138966
0,0.27009547
0,0.27867058
0,0.28499687
0,0.27274635
0,0.272246
0,0.32625467
0,0.28956765
0,0.3436466
0,0.2999735
0,0.34098837
0,0.31695074
0,0.31243083
0,0.28554863
0,0.28361598
0,0.27197456
0,0.27373368
0,0.27914575
0,0.26352417
0,0.26108015
0,0.2574265
0,0.2585549
0,0.31362814
0,0.27901137
0,0.329558
0,0.28894514
0,0.3325249
0,0.30447593
0,0.3055853
0,0.2848986
0,0.2754831
0,0.2772981
0,0.28867728
0,0.28025925
0,0.27974173
0,0.2749156
0,0.32205808
0,0.29300478
0,0.3354364
0,0.30440477
0,0.362713
0,0.31989065
0,0.35059008
0,0.3152941
0,0.31665727
0,0.3009654
0,0.29560477
0,0.28691053
0,0.29646733
0,0.28826693
0,0.29313317
0,0.29571843
0,0.33532348
0,0.30206972
0,0.35124683
0,0.32221425
0,0.29850614
0,0.27588323
0,0.26069397
0,0.22731316
0,0.20996207
0,0.19103584
0,0.18172093
0,0.17836416
0,0.17760564
0,0.18318428
0,0.19313541
0,0.20165512
0,0.23778103
0,0.22700578
0,0.27061602
0,0.24563922
0,0.28212133
0,0.2468084
0,0.2590239
0,0.2364811
0,0.24819092
0,0.23955743
0,0.23373953
0,0.24675736
0,0.25641719
0,0.2650434
0,0.2744222
0,0.2749122
0,0.3163142
0,0.29361433
0,0.33416575
0,0.29107237
0,0.34137625
0,0.30536
0,0.29207936
0,0.27526906
0,0.27361435
0,0.27458403
0,0.27569848
0,0.27985686
0,0.34269536
0,0.30036664
0,0.35387847
0,0.2970796
0,0.36183104
0,0.37827748
0,0.33047447
0,0.31045198
0,0.2894887
0,0.27480796
0,0.2687687
0,0.26442346
0,0.27137715
0,0.2597173
0,0.2618624
0,0.26485988
0,0.34132704
0,0.31085935
0,0.28335464
0,0.25901213
0,0.2556834
0,0.24365784
0,0.24474145
0,0.217948
0,0.20623311
0,0.20937645
0,0.2065417
0,0.20931551
0,0.20776577
0,0.20915702
0,0.2342051
0,0.23639561
0,0.29603153
0,0.2656941
0,0.32824525
0,0.3020937
0,0.35049433
0,0.2824075
0,0.27827147
0,0.2422783
0,0.22634663
0,0.2178851
0,0.22345176
0,0.226284
0,0.23602499
0,0.23730543
0,0.27161044
0,0.26529685
0,0.2728897
0,0.27374464
0,0.27533388
0,0.27479798
0,0.33784738
0,0.30498114
0,0.28879753
0,0.2807296
0,0.27108803
0,0.27136156
0,0.2680235
0,0.28176498
0,0.2871483
0,0.29419842
0,0.31958422
0,0.3073818
0,0.37660038
0,0.34610692
0,0.36077914
0,0.335467
0,0.37793598
0,0.34510934
0,0.32172137
0,0.2946733
0,0.3238405
0,0.2777987
0,0.26154673
0,0.24154407
0,0.2306173
0,0.22412504
0,0.24481182
0,0.21546859
0,0.23064664
0,0.20478563
0,0.22403015
0,0.18750092
0,0.20834932
0,0.17693059
0,0.16905391
0,0.16823427
0,0.17527401
0,0.182382
0,0.17941901
0,0.18270211
0,0.19897674
0,0.19988276
0,0.2793377
0,0.23118535
0,0.25269675
0,0.22245699
0,0.26002184
0,0.2324133
0,0.23102452
0,0.20944674
0,0.20257846
0,0.18621837
0,0.18302022
0,0.18406579
0,0.18534619
0,0.19105771
0,0.23272906
0,0.2178264
0,0.24222687
0,0.21876982
0,0.25508633
0,0.22113854
0,0.24726768
0,0.2029068
0,0.20712417
0,0.1864691
0,0.1848553
0,0.19008806
0,0.19341192
0,0.20696269
0,0.21921994
0,0.23272087
0,0.2734082
0,0.26310274
0,0.30577534
0,0.28245345
0,0.32996812
0,0.29462156
0,0.32097426
0,0.2718084
0,0.27859348
0,0.24667147
0,0.24511455
0,0.2342033
0,0.23873541
0,0.230256
0,0.25665176
0,0.25056243
0,0.3068725
0,0.27040228
0,0.3241188
0,0.2869628
0,0.31588343
0,0.2743364
0,0.2873815
0,0.24558127
0,0.2243579
0,0.20381498
0,0.20302655
0,0.21388856
0,0.20157668
0,0.20069289
0,0.20583382
0,0.20911162
0,0.22363847
0,0.23469052
0,0.2633624
0,0.26596063
0,0.29792592
0,0.277746
0,0.290275
0,0.25190502
0,0.2567398
0,0.23550522
0,0.2282702
0,0.23181719
0,0.22124828
0,0.22323811
0,0.26004642
0,0.24820568
0,0.27051383
0,0.26591337
0,0.31573743
0,0.2823221
0,0.31264699
0,0.2648944
0,0.28207374
0,0.23441246
0,0.23574835
0,0.20885509
0,0.1991303
0,0.19491032
0,0.19234794
0,0.20033896
0,0.20902736
0,0.21743636
0,0.24355832
0,0.2528837
0,0.2649635
0,0.28544897
0,0.33306348
0,0.29766896
0,0.2780976
0,0.27236712
0,0.2826088
0,0.2650299
0,0.25408986
0,0.2589813
0,0.27439278
0,0.26139024
0,0.25846222
0,0.25779134
0,0.28405595
0,0.2786877
0,0.3036703
0,0.29309762
0,0.29872194
0,0.295977
0,0.30287996
0,0.24652955
0,0.22223142
0,0.20971906
0,0.20557973
0,0.19051795
0,0.1857875
0,0.17571874
0,0.17489967
0,0.1784831
0,0.17503493
0,0.17184864
0,0.21428442
0,0.17724428
0,0.17144856
0,0.17662449
0,0.19730294
0,0.17889802
0,0.17949016
0,0.17533289
0,0.17055486
0,0.18310079
0,0.16756673
0,0.16211346
0,0.16844091
0,0.17369194
0,0.17121926
0,0.17230639
0,0.17268372
0,0.18079117
0,0.22322786
0,0.19786635
0,0.21188441
0,0.19679429
0,0.2031962
0,0.1964483
0,0.19621436
0,0.21239603
0,0.2104058
0,0.20474207
0,0.20039146
0,0.19500469
0,0.21544702
0,0.21201368
0,0.23900329
0,0.21644649
0,0.27211255
0,0.23614106
0,0.23606038
0,0.230787
0,0.22499478
0,0.22795175
0,0.21901473
0,0.21725902
0,0.21854645
0,0.22165282
0,0.2224641
0,0.22446924
0,0.24796414
0,0.22718799
0,0.2856221
0,0.24857996
0,0.27807692
0,0.24099416
0,0.24750029
0,0.23200108
0,0.20790796
0,0.20495623
0,0.19781989
0,0.19295202
0,0.20027167
0,0.19277045
0,0.21248987
0,0.18550877
0,0.2733548
0,0.21248837
0,0.20334893
0,0.19401698
0,0.2049559
0,0.18509538
0,0.18996468
0,0.16699544
0,0.15447813
0,0.1476962
0,0.13875017
0,0.1392715
0,0.14486048
0,0.15269747
0,0.16912875
0,0.17268576
0,0.20769933
0,0.19677319
0,0.2297549
0,0.21051456
0,0.23458156
0,0.2017451
0,0.20937839
0,0.19220673
0,0.17264824
0,0.16823436
0,0.15770528
0,0.1572047
0,0.16249818
0,0.17082278
0,0.19620273
0,0.19742331
0,0.23038456
0,0.20730066
0,0.23700856
0,0.20143047
0,0.20658636
0,0.18040307
0,0.17999078
0,0.17460094
0,0.17907147
0,0.18671618
0,0.1891087
0,0.19246693
0,0.20562148
0,0.21421565
0,0.23993544
0,0.25714794
0,0.3128201
0,0.3048801
0,0.3380448
0,0.3000979
0,0.35536808
0,0.3130723
0,0.30851024
0,0.29785168
0,0.2886155
0,0.28036085
0,0.266247
0,0.25859296
0,0.270387
0,0.26952893
0,0.29822043
0,0.27821386
0,0.28302303
0,0.28861013
0,0.32522684
0,0.2854808
0,0.2753211
0,0.23100157
0,0.23738629
0,0.21184124
0,0.20145659
0,0.193722
0,0.19422083
0,0.19335796
0,0.19310015
0,0.19908446
0,0.20965809
0,0.21557288
0,0.2547614
0,0.24111223
0,0.28276965
0,0.25091663
0,0.24845333
0,0.24645366
0,0.24298552
0,0.24175091
0,0.23582526
0,0.24405986
0,0.24830228
0,0.24988899
0,0.25821218
0,0.26184487
0,0.31954738
0,0.28743467
0,0.34076178
0,0.30384552
0,0.34770158
0,0.30073693
0,0.34822324
0,0.30339104
0,0.28989685
0,0.2948565
0,0.2851371
0,0.27642232
0,0.2738051
0,0.27751458
0,0.27623767
0,0.2726178
0,0.27948105
0,0.27407727
0,0.38555345
0,0.3022939
0,0.33548552
0,0.28888628
0,0.29938453
0,0.2645258
0,0.2599559
0,0.25858316
0,0.24623907
0,0.24275006
0,0.24259776
0,0.24121332
0,0.26772654
0,0.26232362
0,0.34051073
0,0.2999436
0,0.29102865
0,0.2837207
0,0.31027532
0,0.30004036
0,0.32086992
0,0.31720868
0,0.29573858
0,0.2979727
0,0.27790582
0,0.2731562
0,0.30749193
0,0.2884615
0,0.27662322
0,0.2689872
0,0.32170597
0,0.28681293
0,0.284899
0,0.28747702
0,0.36974266
0,0.3165318
0,0.32380784
0,0.2943409
0,0.2876221
0,0.27134192
0,0.2545254
0,0.26052254
0,0.2495889
0,0.26063555
0,0.27013025
0,0.27014014
0,0.29406062
0,0.27932292
0,0.32011238
0,0.29896763
0,0.29589826
0,0.2911556
0,0.30259067
0,0.29176563
0,0.27531675
0,0.27643827
0,0.27186266
0,0.27317148
0,0.28887185
0,0.29600257
0,0.28530833
0,0.28861246
0,0.38906667
0,0.30528554
0,0.39104393
0,0.33525836
0,0.30826345
0,0.28623667
0,0.30578223
0,0.2876259
0,0.29131284
0,0.29044518
0,0.29153267
0,0.29122716
0,0.28892818
0,0.26958516
0,0.27576187
0,0.28319126
0,0.28465652
0,0.27749324
0,0.27614084
0,0.2694664
0,0.2752922
0,0.27045944
0,0.29678905
0,0.28175485
0,0.27822748
0,0.27760187
0,0.2657352
0,0.28254965
0,0.27915806
0,0.2986699
0,0.30834132
0,0.30190754
0,0.34493554
0,0.29971045
0,0.28777054
0,0.28723887
0,0.33011782
0,0.29808632
0,0.28432587
0,0.2961978
0,0.2812585
0,0.29733193
0,0.28376767
0,0.27982244
0,0.28227308
0,0.2745793
0,0.2905084
0,0.28410545
0,0.32954404
0,0.31319642
0,0.34403035
0,0.31204608
0,0.3413891
0,0.29890126
0,0.29857412
0,0.28161943
0,0.27503923
0,0.28276423
0,0.27801144
0,0.3066685
0,0.29112032
0,0.3020002
0,0.29314882
0,0.29024896
0,0.29466444
0,0.28719613
0,0.35703227
0,0.30892953
0,0.29318655
0,0.29223305
0,0.28947333
0,0.27340302
0,0.26396388
0,0.27854338
0,0.27269107
0,0.2916548
0,0.28500345
0,0.29000366
0,0.33096135
0,0.30352014
0,0.3672647
0,0.33342654
0,0.35977075
0,0.32158044
0,0.30528015
0,0.28971452
0,0.27840742
0,0.27782175
0,0.27411053
0,0.28836024
0,0.2683652
0,0.27952194
0,0.27450538
0,0.27509645
0,0.3275093
0,0.285244
0,0.39518958
0,0.30975646
0,0.3548507
0,0.27684182
0,0.26478228
0,0.23545524
0,0.22873001
0,0.22497039
0,0.2201438
0,0.22241795
0,0.22578736
0,0.23159146
0,0.25651228
0,0.26058882
0,0.28414768
0,0.2853595
0,0.34899437
0,0.3162478
0,0.33084795
0,0.24209039
0,0.23082203
0,0.20159674
0,0.1831024
0,0.1821031
0,0.17081186
0,0.16682523
0,0.1792951
0,0.17876217
0,0.18816182
0,0.19335867
0,0.22539546
0,0.21827686
0,0.2691634
0,0.22494437
0,0.20996068
0,0.20587178
0,0.22317998
0,0.20018952
0,0.20139018
0,0.18944101
0,0.18145116
0,0.18230194
0,0.18736261
0,0.19944029
0,0.2063475
0,0.21818793
0,0.25189465
0,0.26136875
0,0.2778323
0,0.27277613
0,0.35051414
0,0.29890838
0,0.3030334
0,0.28933713
0,0.2827134
0,0.27622956
0,0.2716629
0,0.26857597
0,0.26277843
0,0.28086445
0,0.29018483
0,0.2918903
0,0.35171437
0,0.31364006
0,0.36596203
0,0.33891088
0,0.36080393
0,0.33280566
0,0.30606973
0,0.2879793
0,0.2790486
0,0.26770234
0,0.27007687
0,0.28733388
0,0.26606962
0,0.2603124
0,0.28648952
0,0.25644478
0,0.2503646
0,0.2352874
0,0.28000054
0,0.26204306
0,0.2602562
0,0.22060697
0,0.2136132
0,0.20518513
0,0.19480798
0,0.1972218
0,0.2064458
0,0.21083817
0,0.22329529
0,0.23419943
0,0.2932318
0,0.2766101
0,0.3613829
0,0.31836736
0,0.34453785
0,0.29844213
0,0.3067595
0,0.27614787
0,0.25428706
0,0.22918004
0,0.22208941
0,0.22176734
0,0.2215547
0,0.22061896
0,0.24505383
0,0.24003455
0,0.26375976
0,0.23997374
0,0.30464637
0,0.2702032
0,0.24278443
0,0.22410469
0,0.22795947
0,0.21058242
0,0.20712362
0,0.21317986
0,0.20721082
0,0.2162908
0,0.22178377
0,0.23734204
0,0.2550443
0,0.26238605
0,0.27551618
0,0.2736337
0,0.31364432
0,0.27796704
0,0.37256774
0,0.3289306
0,0.2969281
0,0.28694072
0,0.28662667
0,0.27781296
0,0.26343134
0,0.27043954
0,0.28829095
0,0.2679095
0,0.27752912
0,0.27254853
0,0.3417619
0,0.28795877
0,0.35687923
0,0.31316134
0,0.35843518
0,0.31689188
0,0.31666738
0,0.29875723
0,0.3018557
0,0.28874347
0,0.29591963
0,0.2879723
0,0.27618527
0,0.298119
0,0.30428156
0,0.31029916
0,0.35838985
0,0.30449963
0,0.34912872
0,0.307158
0,0.3368722
0,0.27435738
0,0.23369831
0,0.21309485
0,0.19472766
0,0.18496324
0,0.18439175
0,0.18234375
0,0.18168265
0,0.17844814
0,0.18309304
0,0.18358074
0,0.21434133
0,0.19064961
0,0.18595304
0,0.1833336
0,0.22090016
0,0.18878236
0,0.18452018
0,0.17947973
0,0.1753013
0,0.17439874
0,0.1743625
0,0.17211944
0,0.18063621
0,0.18320163
0,0.18898346
0,0.19206624
0,0.23422195
0,0.22038312
0,0.27471814
0,0.23386827
0,0.2187642
0,0.20866068
0,0.21066943
0,0.2097242
0,0.20428318
0,0.20858799
0,0.21144408
0,0.20941254
0,0.21345517
0,0.21380326
0,0.23861565
0,0.24383688
0,0.25184983
0,0.25446132
0,0.3545817
0,0.31284446
0,0.28183576
0,0.24885213
0,0.24158026
0,0.21869645
0,0.2038233
0,0.18885562
0,0.2019393
0,0.2025008
0,0.19373553
0,0.19830534
0,0.21174437
0,0.20211026
0,0.3011937
0,0.24943869
0,0.22819068
0,0.1971979
0,0.20361698
0,0.18206047
0,0.17258967
0,0.16656046
0,0.15871696
0,0.15671639
0,0.15744664
0,0.15836783
0,0.15577039
0,0.16189076
0,0.17654781
0,0.16839583
0,0.19690649
0,0.1828296
0,0.21053602
0,0.19152452
0,0.19333036
0,0.18592031
0,0.16546725
0,0.16107304
0,0.15546449
0,0.14759324
0,0.1556719
0,0.16058542
0,0.16823663
0,0.16550216
0,0.21859361
0,0.20107134
0,0.22814363
0,0.20293698
0,0.19334984
0,0.19022788
0,0.19358486
0,0.19256908
0,0.19590405
0,0.20243812
0,0.20317574
0,0.21198043
0,0.22477059
0,0.23805362
0,0.24548861
0,0.25511053
0,0.36661175
0,0.31835103
0,0.31579682
0,0.3092382
0,0.35622954
0,0.32397342
0,0.32241264
0,0.2954503
0,0.29085007
0,0.28899568
0,0.28045863
0,0.28022167
0,0.34228647
0,0.28642178
0,0.29002672
0,0.27813998
0,0.26823097
0,0.2765783
0,0.26975763
0,0.25793844
0,0.27915367
0,0.25392255
0,0.26967415
0,0.25022474
0,0.24638964
0,0.23891473
0,0.23286174
0,0.23745517
0,0.23573452
0,0.24665552
0,0.282872
0,0.27658433
0,0.31254163
0,0.28651854
0,0.32948
0,0.29953724
0,0.34099957
0,0.30049253
0,0.2838472
0,0.28145483
0,0.28560266
0,0.29769847
0,0.29403132
0,0.28065607
0,0.28981122
0,0.2920945
0,0.2817489
0,0.2835803
0,0.34486362
0,0.30533955
0,0.2890088
0,0.29451457
0,0.3269921
0,0.29091892
0,0.30378333
0,0.28735796
0,0.28974932
0,0.2949616
0,0.28188542
0,0.28624132
0,0.36374667
0,0.32026875
0,0.29873314
0,0.28222358
0,0.32265458
0,0.31592494
0,0.35921583
0,0.31391856
0,0.29836997
0,0.3023669
0,0.2857565
0,0.2852028
0,0.27017418
0,0.25195175
0,0.25432584
0,0.24470814
0,0.23312438
0,0.23166235
0,0.2586457
0,0.24286942
0,0.2553034
0,0.22455648
0,0.25564197
0,0.22872375
0,0.21228644
0,0.20689733
0,0.20041049
0,0.19384153
0,0.18833447
0,0.1873528
0,0.20076978
0,0.19756186
0,0.19272089
0,0.20396522
0,0.21258548
0,0.22336182
0,0.2778055
0,0.2341073
0,0.26834053
0,0.24544941
0,0.24141298
0,0.21515082
0,0.20875016
0,0.20915732
0,0.19820623
0,0.1971409
0,0.20294888
0,0.20567293
0,0.21676673
0,0.21338774
0,0.24836037
0,0.2265958
0,0.24280556
0,0.22597675
0,0.255409
0,0.21407591
0,0.19412924
0,0.18065032
0,0.17232984
0,0.15681969
0,0.14482085
0,0.14411414
0,0.16898881
0,0.16307071
0,0.19800617
0,0.21010967
0,0.25596994
0,0.2112571
0,0.25231883
0,0.24244963
0,0.27143052
0,0.22966388
0,0.23821725
0,0.21669208
0,0.19531028
0,0.19172347
0,0.18603837
0,0.16836505
0,0.15439557
0,0.14624706
0,0.14165649
0,0.13568144
0,0.14920737
0,0.14482647
0,0.16528842
0,0.15137239
0,0.17276855
0,0.15477657
0,0.16746223
0,0.14409164
0,0.15264578
0,0.15014152
0,0.14245956
0,0.14079878
0,0.13174239
0,0.1334623
0,0.13843842
0,0.14049557
0,0.16400537
0,0.15484527
0,0.15297902
0,0.15454914
0,0.18366161
0,0.18306513
0,0.18988207
0,0.17768054
0,0.17383467
0,0.17561926
0,0.17637454
0,0.1733774
0,0.17918222
0,0.17994902
0,0.19654629
0,0.20259415
0,0.2201089
0,0.23236993
0,0.25851816
0,0.26230946
0,0.27890873
0,0.27675387
0,0.2875277
0,0.2760575
0,0.26883814
0,0.27873117
0,0.2713442
0,0.28909892
0,0.2763224
0,0.26576185
0,0.26560444
0,0.26651394
0,0.27494344
0,0.27228263
0,0.28873146
0,0.29349166
0,0.3339382
0,0.30157974
0,0.3005627
0,0.29326436
0,0.28786823
0,0.2756646
0,0.26897848
0,0.27220377
0,0.27331945
0,0.26549214
0,0.27181622
0,0.2639421
0,0.3051646
0,0.28981528
0,0.3350955
0,0.31577358
0,0.3377431
0,0.30903685
0,0.28998497
0,0.27744153
0,0.27475312
0,0.2768546
0,0.2950312
0,0.2967496
0,0.28332436
0,0.27751014
0,0.29821026
0,0.30751133
0,0.302293
0,0.29969597
0,0.28810206
0,0.28843403
0,0.3213199
0,0.29978806
0,0.2962761
0,0.2906403
0,0.2923696
0,0.315558
0,0.3210992
0,0.30274364
0,0.2896203
0,0.30064148
0,0.30148894
0,0.29334372
0,0.29770756
0,0.30153352
0,0.33217245
0,0.3085986
0,0.32025614
0,0.30705503
0,0.2947364
0,0.2805929
0,0.27529043
0,0.27992126
0,0.2752116
0,0.28252935
0,0.2828845
0,0.2982652
0,0.40124705
0,0.33008528
0,0.34139425
0,0.3467158
0,0.38834152
0,0.3453011
0,0.2925899
0,0.24348842
0,0.2231948
0,0.21682702
0,0.20297109
0,0.1987088
0,0.1976183
0,0.19735606
0,0.2094894
0,0.2045521
0,0.2084308
0,0.21373081
0,0.20345782
0,0.19693696
0,0.20288107
0,0.19069827
0,0.19862698
0,0.19329576
0,0.19290325
0,0.19145991
0,0.1973947
0,0.20278285
0,0.21297766
0,0.22976786
0,0.2712597
0,0.26385587
0,0.31702968
0,0.3123286
0,0.34908772
0,0.31266353
0,0.29474506
0,0.27838725
0,0.3039117
0,0.29266042
0,0.28343645
0,0.28127778
0,0.27055815
0,0.2780899
0,0.27397192
0,0.27542537
0,0.28537613
0,0.2877332
0,0.27600026
0,0.2819435
0,0.30208722
0,0.2993382
0,0.36734286
0,0.34530407
0,0.32910442
0,0.31499857
0,0.2956867
0,0.3051704
0,0.28613544
0,0.2909473
0,0.31663817
0,0.29934108
0,0.29635248
0,0.32109743
0,0.35529044
0,0.3135407
0,0.41213578
0,0.33003482
0,0.296978
0,0.26171485
0,0.23555033
0,0.21454214
0,0.19930145
0,0.19936463
0,0.19086537
0,0.19524267
0,0.2039776
0,0.21416976
0,0.29259545
0,0.23634045
0,0.21217084
0,0.20213471
0,0.24979979
0,0.22182368
0,0.20076427
0,0.1857015
0,0.19743682
0,0.17995967
0,0.17969663
0,0.1796639
0,0.17496844
0,0.18208137
0,0.19017613
0,0.19858128
0,0.22046803
0,0.2233871
0,0.26497427
0,0.23377706
0,0.24168952
0,0.22094601
0,0.22437268
0,0.2165546
0,0.21378836
0,0.20713776
0,0.21958734
0,0.20856544
0,0.21427011
0,0.22459719
0,0.2720603
0,0.27827182
0,0.26799145
0,0.27471393
0,0.31115073
0,0.28561926
0,0.31776476
0,0.2854905
0,0.34520453
0,0.29951304
0,0.31546143
0,0.28606027
0,0.28122044
0,0.27140814
0,0.27056107
0,0.28115365
0,0.26597202
0,0.25187823
0,0.30692744
0,0.28375456
0,0.3429048
0,0.31379098
0,0.37065223
0,0.30019704
0,0.32306114
0,0.30912644
0,0.28893495
0,0.28766072
0,0.27311665
0,0.25810507
0,0.24152878
0,0.2396642
0,0.24283472
0,0.23919624
0,0.29244262
0,0.28227794
0,0.3020102
0,0.26755002
0,0.303748
0,0.26290753
0,0.28891468
0,0.2489785
0,0.23324826
0,0.22493374
0,0.22815612
0,0.23014437
0,0.22787765
0,0.23327069
0,0.24581802
0,0.2549773
0,0.314777
0,0.2859722
0,0.3627651
0,0.29859126
0,0.3294412
0,0.29159293
0,0.29762998
0,0.28225663
0,0.27161112
0,0.26408124
0,0.2570876
0,0.2852694
0,0.28071842
0,0.28172827
0,0.28025
0,0.27477902
0,0.27264377
0,0.2708446
0,0.4350069
0,0.35744834
0,0.3299979
0,0.31969923
0,0.3154444
0,0.28669554
0,0.27978554
0,0.29517156
0,0.27688172
0,0.2809005
0,0.29738653
0,0.27659002
0,0.29079574
0,0.29672587
0,0.33608636
0,0.29826903
0,0.347369
0,0.30109605
0,0.28556678
0,0.27280957
0,0.25600326
0,0.24216504
0,0.22664906
0,0.2850687
0,0.22992624
0,0.22338755
0,0.21746942
0,0.21063626
0,0.23218608
0,0.22288838
0,0.2872554
0,0.28002328
0,0.30332607
0,0.26975533
0,0.32568583
0,0.25986093
0,0.26365873
0,0.24869783
0,0.3100572
0,0.25186145
0,0.24762227
0,0.21949036
0,0.21820925
0,0.21949472
0,0.2449166
0,0.22251369
0,0.23693462
0,0.23777041
0,0.28002205
0,0.27312532
0,0.26926097
0,0.21287534
0,0.186249
0,0.1702423
0,0.15417376
0,0.14757337
0,0.14137541
0,0.1374845
0,0.13320267
0,0.13359609
0,0.16512941
0,0.14908564
0,0.14652677
0,0.14307128
0,0.13828969
0,0.14419529
0,0.18116534
0,0.1728847
0,0.17694995
0,0.17659122
0,0.16221128
0,0.16236824
0,0.16180314
0,0.17132571
0,0.18045196
0,0.18367067
0,0.19273855
0,0.21395002
0,0.28331545
0,0.27588692
0,0.32928598
0,0.30982435
0,0.3323592
0,0.3014583
0,0.26733816
0,0.24690685
0,0.23842558
0,0.23831572
0,0.23105104
0,0.22997107
0,0.25448793
0,0.25274763
0,0.28299475
0,0.24681416
0,0.26894593
0,0.24446377
0,0.3197667
0,0.27609766
0,0.26789963
0,0.24893455
0,0.23847961
0,0.22811542
0,0.2163531
0,0.22272743
0,0.23190741
0,0.23248042
0,0.23668471
0,0.24675618
0,0.25478998
0,0.26229683
0,0.31668565
0,0.29837492
0,0.3199326
0,0.29451346
0,0.31420603
0,0.2844201
0,0.29431903
0,0.29153997
0,0.2731558
0,0.26398805
0,0.2752273
0,0.27520877
0,0.28087133
0,0.2724608
0,0.3151893
0,0.28347737
0,0.29062003
0,0.27762204
0,0.32544518
0,0.2788914
0,0.28520596
0,0.27934954
0,0.28529844
0,0.26439062
0,0.2717615
0,0.2834367
0,0.27482393
0,0.27883092
0,0.28111064
0,0.2819629
0,0.32207805
0,0.29748952
0,0.33388898
0,0.30344748
0,0.3327563
0,0.28894445
0,0.3119541
0,0.29911175
0,0.3096598
0,0.30739567
0,0.29651925
0,0.2945739
0,0.2974435
0,0.28334284
0,0.28716445
0,0.28321368
0,0.3432573
0,0.31232196
0,0.3424068
0,0.30126232
0,0.33523563
0,0.29308465
0,0.30975756
0,0.28957412
0,0.27161986
0,0.2669708
0,0.26065558
0,0.2674952
0,0.28324434
0,0.28600085
0,0.30025122
0,0.27306083
0,0.31455857
0,0.28048128
0,0.31618205
0,0.29440472
0,0.32900617
0,0.28838694
0,0.29450744
0,0.27979654
0,0.26771882
0,0.27796337
0,0.2658733
0,0.28601244
0,0.26886973
0,0.27763358
0,0.42802247
0,0.3594033
0,0.3702674
0,0.3245878
0,0.3490238
0,0.30362257
0,0.2801308
0,0.27777958
0,0.29506314
0,0.28195277
0,0.255176
0,0.2569817
0,0.27017057
0,0.27419904
0,0.2756134
0,0.27182406
0,0.2721536
0,0.25542665
0,0.29219142
0,0.26277947
0,0.28549477
0,0.2522888
0,0.2718587
0,0.25127667
0,0.25536987
0,0.25553486
0,0.25199828
0,0.25174773
0,0.2562952
0,0.26323432
0,0.27397883
0,0.27502567
0,0.30187067
0,0.28160208
0,0.3375822
0,0.29420775
0,0.40415674
0,0.36488348
0,0.32159635
0,0.3024988
0,0.2985946
0,0.30574605
0,0.28977153
0,0.28392032
0,0.2712928
0,0.30228597
0,0.28668138
0,0.29220247
0,0.28081182
0,0.27944186
0,0.31790248
0,0.2847869
0,0.32206833
0,0.28537443
0,0.30118245
0,0.27795056
0,0.2687788
0,0.26494685
0,0.2657351
0,0.2544464
0,0.2741321
0,0.2776506
0,0.29272404
0,0.2849841
0,0.28433257
0,0.28326046
0,0.28633535
0,0.2819624
0,0.2841952
0,0.29595137
0,0.30372044
0,0.29774502
0,0.30209312
0,0.28980318
0,0.29237494
0,0.28142297
0,0.2842076
0,0.3830295
0,0.31381842
0,0.31066215
0,0.34611133
0,0.29852065
0,0.28609723
0,0.30884504
0,0.3446203
0,0.31363875
0,0.3121942
0,0.29611903
0,0.2830747
0,0.27262142
0,0.273598
0,0.27585164
0,0.28414565
0,0.2681995
0,0.27641675
0,0.28327325
0,0.4102803
0,0.3477305
0,0.3460964
0,0.2930267
0,0.30596486
0,0.26931095
0,0.2664309
0,0.25577292
0,0.2343117
0,0.22854696
0,0.22299184
0,0.2620667
0,0.2706037
0,0.2653963
0,0.27001885
0,0.27492586
0,0.28700215
0,0.2619928
0,0.28674152
0,0.25334826
0,0.24283388
0,0.22535524
0,0.22215615
0,0.21690153
0,0.22944452
0,0.22852758
0,0.22884898
0,0.23891395
0,0.2424289
0,0.26314074
0,0.2851953
0,0.28973895
0,0.34289575
0,0.30558008
0,0.35687026
0,0.30721235
0,0.30836898
0,0.29077205
0,0.3143042
0,0.31679437
0,0.2864162
0,0.2811198
0,0.27557346
0,0.28514698
0,0.2686619
0,0.27048627
0,0.3324726
0,0.29482207
0,0.34361205
0,0.2991789
0,0.32739586
0,0.30317613
0,0.33913574
0,0.3068096
0,0.29229218
0,0.27739242
0,0.27044746
0,0.27064934
0,0.26458907
0,0.2690261
0,0.277141
0,0.26882586
0,0.27558008
0,0.26816818
0,0.31490064
0,0.2937571
0,0.3349084
0,0.28727746
0,0.3025352
0,0.2684965
0,0.25667453
0,0.24369526
0,0.23058997
0,0.23067917
0,0.24057622
0,0.23763709
0,0.25520205
0,0.25667983
0,0.3291158
0,0.27270955
0,0.34328958
0,0.29621264
0,0.33880156
0,0.2975984
0,0.30832252
0,0.2911371
0,0.28530446
0,0.27643287
0,0.2642076
0,0.25117657
0,0.2494694
0,0.27678475
0,0.2645961
0,0.25940403
0,0.31715044
0,0.2886061
0,0.29959813
0,0.29540956
0,0.2753921
0,0.28420457
0,0.26921758
0,0.2567755
0,0.24800262
0,0.23099458
0,0.23861659
0,0.24036133
0,0.2456154
0,0.24639255
0,0.2711273
0,0.2655684
0,0.32593286
0,0.30491847
0,0.28840974
0,0.2965422
0,0.70371723
0,0.7897663
0,0.6764497
0,0.6369573
0,0.59730464
0,0.4803945
0,0.37186635
0,0.32172573
0,0.2774879
0,0.22311468
0,0.20779224
0,0.17350999
0,0.23362294
0,0.1879809
0,0.16134873
0,0.15596429
0,0.16675515
0,0.14655553
0,0.1502018
0,0.13757128
0,0.12997214
0,0.12632951
0,0.34434807
0,0.4040689
0,0.34686053
0,0.25395256
0,0.26243365
0,0.21258596
0,0.254313
0,0.20880789
0,0.20183958
0,0.2323655
0,0.25106555
0,0.1774932
0,0.16830102
0,0.14755191
0,0.13546489
0,0.1302215
0,0.12849587
0,0.124974824
0,0.124122865
0,0.12600537
0,0.12745944
0,0.12671125
0,0.48808765
0,0.7203373
0,0.516635
0,0.40426776
0,0.56600296
0,0.40813807
0,0.3018447
0,0.2502455
0,0.31410915
0,0.22614536
0,0.18613595
0,0.15540223
0,0.14798628
0,0.15201005
0,0.3622259
0,0.32447165
0,0.36618042
0,0.25639915
0,0.33005062
0,0.23060022
0,0.29531777
0,0.21470869
0,0.34478354
0,0.24503069
0,0.17774673
0,0.16462028
0,0.15137815
0,0.14613467
0,0.13642015
0,0.13593192
0,0.14895222
0,0.13997166
0,0.13509703
0,0.1344801
0,0.14694059
0,0.13596962
0,0.14916708
0,0.13577574
0,0.13402145
0,0.1355194
0,0.13676211
0,0.1489461
0,0.14857452
0,0.15342025
0,0.18177976
0,0.1955841
0,0.22514875
0,0.2060563
0,0.21622981
0,0.2155293
0,0.26864964
0,0.2546118
0,0.3128463
0,0.28384656
0,0.28483638
0,0.26969784
0,0.27423596
0,0.27484462
0,0.28093424
0,0.28086808
0,0.2882462
0,0.2859845
0,0.28440925
0,0.29083598
0,0.33505392
0,0.2984203
0,0.29045543
0,0.2877881
0,0.3287994
0,0.28483322
0,0.29042283
0,0.3090573
0,0.28320038
0,0.2850461
0,0.27749583
0,0.27839506
0,0.28651407
0,0.27102414
0,0.34418356
0,0.29042807
0,0.36911583
0,0.3015602
0,0.38690743
0,0.3573368
0,0.33640918
0,0.2962601
0,0.28520024
0,0.27435815
0,0.25939533
0,0.25418097
0,0.25817776
0,0.2774314
0,0.26274815
0,0.26658744
0,0.30357766
0,0.28164846
0,0.30484036
0,0.2758412
0,0.31116864
0,0.27459908
0,0.25158852
0,0.2895054
0,0.23459229
0,0.20476615
0,0.20131381
0,0.19735017
0,0.18821365
0,0.18653718
0,0.2096519
0,0.21087919
0,0.27986503
0,0.2485531
0,0.31780848
0,0.27719375
0,0.3026671
0,0.24923195
0,0.24657024
0,0.21789356
0,0.20417395
0,0.20158458
0,0.20524433
0,0.21766418
0,0.21807481
0,0.22363393
0,0.2320494
0,0.2361874
0,0.29153138
0,0.28566903
0,0.3250226
0,0.29938224
0,0.33181122
0,0.30779886
0,0.31947654
0,0.29140285
0,0.28467444
0,0.29349166
0,0.27143887
0,0.27253392
0,0.26847452
0,0.27159208
0,0.34767732
0,0.31202272
0,0.33961016
0,0.30288205
0,0.36014485
0,0.29959622
0,0.32374966
0,0.29823288
0,0.28202766
0,0.2630375
0,0.24924292
0,0.24313307
0,0.23408648
0,0.2390727
0,0.23979236
0,0.25157854
0,0.2594188
0,0.27275166
0,0.276721
0,0.27097008
0,0.31855723
0,0.289757
0,0.31589076
0,0.28931022
0,0.2977158
0,0.2931633
0,0.27818918
0,0.2728404
0,0.27813688
0,0.27794766
0,0.2767837
0,0.27936575
0,0.31067806
0,0.36370248
0,0.36731336
0,0.32345295
0,0.37434658
0,0.32498288
0,0.36425725
0,0.31252098
0,0.3095677
0,0.28623742
0,0.26746163
0,0.26082695
0,0.26243535
0,0.25591856
0,0.25605989
0,0.2526628
0,0.68620867
0,0.8231906
0,0.72328043
0,0.62843275
0,0.61566955
0,0.43611997
0,0.38717902
0,0.2742937
0,0.23035268
0,0.18229163
0,0.14974712
0,0.14739075
0,0.13480681
0,0.13128507
0,0.12819739
0,0.12625393
0,0.14459163
0,0.13218746
0,0.14387147
0,0.13656701
0,0.14611356
0,0.13325371
0,0.13976976
0,0.13441487
0,0.13770829
0,0.13621023
0,0.13523263
0,0.14779769
0,0.14605619
0,0.14901875
0,0.27367216
0,0.29227403
0,0.33451703
0,0.297232
0,0.2868988
0,0.28313392
0,0.3528948
0,0.3155113
0,0.29204267
0,0.29427576
0,0.2821492
0,0.28060615
0,0.27281716
0,0.2783794
0,0.2727063
0,0.27462158
0,0.28994942
0,0.2855537
0,0.2753039
0,0.28126937
0,0.35943604
0,0.33137697
0,0.35995024
0,0.31451318
0,0.3361065
0,0.30324993
0,0.30151343
0,0.30328715
0,0.29552168
0,0.2825318
0,0.27580333
0,0.27343094
0,0.2770668
0,0.26316172
0,0.33161524
0,0.28468603
0,0.3420778
0,0.3145248
0,0.39082262
0,0.3217084
0,0.3099766
0,0.27909425
0,0.25625575
0,0.2504039
0,0.24265254
0,0.2323514
0,0.23057005
0,0.23666592
0,0.27149004
0,0.25208285
0,0.28219146
0,0.28091612
0,0.35195386
0,0.29556695
0,0.34543708
0,0.3030159
0,0.28591684
0,0.25828388
0,0.23605844
0,0.22273257
0,0.21758346
0,0.216328
0,0.21500845
0,0.21832405
0,0.26594073
0,0.24449053
0,0.27412683
0,0.27675104
0,0.3320228
0,0.28934944
0,0.27943334
0,0.27131727
0,0.2738588
0,0.25250736
0,0.24903113
0,0.2385139
0,0.22870247
0,0.22873573
0,0.24389209
0,0.24989918
0,0.28072578
0,0.2660719
0,0.3244058
0,0.2960441
0,0.33937934
0,0.29319033
0,0.28700757
0,0.29222035
0,0.29099867
0,0.28756902
0,0.27633452
0,0.30666754
0,0.3105982
0,0.29532525
0,0.29075143
0,0.27462858
0,0.32509837
0,0.29683897
0,0.29787022
0,0.2966343
0,0.27438423
0,0.28361642
0,0.3087404
0,0.27881026
0,0.30378765
0,0.305408
0,0.27179497
0,0.2707757
0,0.2576606
0,0.25581667
0,0.26071122
0,0.25743023
0,0.26811433
0,0.26281586
0,0.27037263
0,0.2679096
0,0.32966217
0,0.2944776
0,0.33349833
0,0.30235565
0,0.30685943
0,0.30841827
0,0.28886256
0,0.29563493
0,0.28100348
0,0.28133252
0,0.284909
0,0.2985775
0,0.34502107
0,0.3038383
0,0.35236144
0,0.306543
0,0.358746
0,0.34165487
0,0.350337
0,0.305179
0,0.2998747
0,0.27604082
0,0.2680963
0,0.25073078
0,0.23387717
0,0.21598278
0,0.2218341
0,0.20439486
0,0.25620842
0,0.20832972
0,0.2463221
0,0.20257571
0,0.23922756
0,0.20924102
0,0.20114802
0,0.17621996
0,0.17034814
0,0.16352291
0,0.15419042
0,0.15588222
0,0.15858935
0,0.15613231
0,0.16578808
0,0.16554518
0,0.22239958
0,0.18852626
0,0.1962726
0,0.17626761
0,0.21770988
0,0.17764609
0,0.18499213
0,0.16971168
0,0.16399908
0,0.15858945
0,0.15711437
0,0.16282044
0,0.16772194
0,0.17092538
0,0.2178765
0,0.20556085
0,0.2295963
0,0.20633003
0,0.28191385
0,0.23424217
0,0.19687925
0,0.17886408
0,0.19168338
0,0.17350222
0,0.1672126
0,0.16598232
0,0.1605382
0,0.16067134
0,0.16857563
0,0.17346929
0,0.18651375
0,0.1943319
0,0.23491395
0,0.20277481
0,0.23492081
0,0.20773564
0,0.1901512
0,0.17872392
0,0.18076421
0,0.17797522
0,0.1737429
0,0.1822517
0,0.18646549
0,0.19582146
0,0.21057315
0,0.23116755
0,0.2480301
0,0.2528677
0,0.31885698
0,0.3044135
0,0.31453127
0,0.27598497
0,0.31594568
0,0.2850915
0,0.33726183
0,0.281098
0,0.25832772
0,0.25325802
0,0.2578294
0,0.25459185
0,0.26450944
0,0.26464728
0,0.33058167
0,0.29244488
0,0.2937021
0,0.30109212
0,0.38658598
0,0.31270307
0,0.34723246
0,0.29647478
0,0.27497414
0,0.265092
0,0.254184
0,0.24827291
0,0.2361386
0,0.2378233
0,0.24408822
0,0.23221602
0,0.26895303
0,0.25673303
0,0.3030139
0,0.24558246
0,0.2981256
0,0.2492717
0,0.22388686
0,0.20624882
0,0.19136551
0,0.18203731
0,0.18324645
0,0.18142475
0,0.17994891
0,0.18473476
0,0.20378233
0,0.20278375
0,0.22692476
0,0.2246893
0,0.27357867
0,0.25699148
0,0.28044266
0,0.25580162
0,0.25693575
0,0.24103847
0,0.23501067
0,0.2321384
0,0.24805191
0,0.25484967
0,0.26231942
0,0.26723912
0,0.27232498
0,0.27078
0,0.31491873
0,0.30260515
0,0.29743254
0,0.28598624
0,0.3246514
0,0.29493672
0,0.2864836
0,0.29138407
0,0.2954042
0,0.300924
0,0.29515085
0,0.28608048
0,0.29613674
0,0.29290986
0,0.30083552
0,0.28775704
0,0.36449212
0,0.31913537
0,0.39255562
0,0.32525247
0,0.36242846
0,0.29977468
0,0.3172529
0,0.2882345
0,0.27044055
0,0.26993626
0,0.26337528
0,0.26049453
0,0.25196564
0,0.24660775
0,0.25545987
0,0.25235844
0,0.31971547
0,0.2587266
0,0.30169916
0,0.23916252
0,0.23023836
0,0.21312389
0,0.19551517
0,0.19533433
0,0.19670081
0,0.20085984
0,0.20065747
0,0.21122529
0,0.2202915
0,0.22936776
0,0.29439005
0,0.2672862
0,0.3859641
0,0.29905748
0,0.31676614
0,0.27075338
0,0.2832972
0,0.23328681
0,0.21450213
0,0.19012187
0,0.18551789
0,0.17954354
0,0.17985687
0,0.18032458
0,0.17505562
0,0.18096563
0,0.20113027
0,0.19818895
0,0.23440775
0,0.20247687
0,0.23370662
0,0.1920567
0,0.21705335
0,0.1808838
0,0.17670912
0,0.17186269
0,0.16730772
0,0.1732356
0,0.17827931
0,0.19037063
0,0.2101475
0,0.2219484
0,0.25668252
0,0.25962594
0,0.30444443
0,0.27709764
0,0.35448834
0,0.3011931
0,0.28631935
0,0.27044806
0,0.27325207
0,0.2650809
0,0.26545295
0,0.2636154
0,0.25808907
0,0.27065027
0,0.2682286
0,0.2671598
0,0.31132272
0,0.28696617
0,0.3382027
0,0.29968494
0,0.29852265
0,0.30704817
0,0.2927018
0,0.29621923
0,0.31034747
0,0.29349917
0,0.28729942
0,0.2809854
0,0.28341824
0,0.27683505
0,0.27516225
0,0.2805843
0,0.33153233
0,0.3298656
0,0.31604683
0,0.33989304
0,0.3639761
0,0.3217084
0,0.34114188
0,0.29203218
0,0.27476075
0,0.23648773
0,0.21041118
0,0.20669107
0,0.19622181
0,0.19026537
0,0.20643787
0,0.19679663
0,0.21520665
0,0.19488053
0,0.21745408
0,0.20065877
0,0.18722609
0,0.18081568
0,0.20156154
0,0.17686543
0,0.17372583
0,0.17863767
0,0.1824923
0,0.19197266
0,0.20270447
0,0.21153018
0,0.22923473
0,0.24322133
0,0.2894022
0,0.2772334
0,0.33661753
0,0.30450296
0,0.35911566
0,0.31412575
0,0.34207156
0,0.30839288
0,0.28749976
0,0.28256232
0,0.27138525
0,0.27810532
0,0.28068438
0,0.27224308
0,0.31662497
0,0.29628938
0,0.35482886
0,0.31774756
0,0.33416227
0,0.28621623
0,0.28533325
0,0.2414772
0,0.23147286
0,0.20358025
0,0.19256127
0,0.1878388
0,0.18769939
0,0.19475113
0,0.20273617
0,0.21189629
0,0.2582455
0,0.25534993
0,0.30822703
0,0.2753022
0,0.30338398
0,0.28475237
0,0.31643578
0,0.27705342
0,0.245367
0,0.23488636
0,0.23224151
0,0.23650724
0,0.24828625
0,0.24327528
0,0.26192832
0,0.26374817
0,0.3285036
0,0.29612997
0,0.2942689
0,0.29869023
0,0.2928235
0,0.290337
0,0.28756818
0,0.2708874
0,0.27899748
0,0.26855424
0,0.26818135
0,0.25965258
0,0.23994817
0,0.25403565
0,0.27976522
0,0.2879284
0,0.31628957
0,0.28948808
0,0.38014212
0,0.3072811
0,0.3654365
0,0.29014295
0,0.264052
0,0.25202206
0,0.24221623
0,0.23023354
0,0.24036291
0,0.22775425
0,0.2347121
0,0.22808234
0,0.2378699
0,0.23849225
0,0.22895032
0,0.22902483
0,0.2427082
0,0.22913589
0,0.21896963
0,0.22394247
0,0.6101328
0,0.7566463
0,0.6212716
0,0.51462626
0,0.43985906
0,0.36027405
0,0.27249774
0,0.23156033
0,0.19854382
0,0.16793707
0,0.19020121
0,0.16255802
0,0.15498225
0,0.13979505
0,0.16014412
0,0.1511536
0,0.15258124
0,0.13760509
0,0.14995141
0,0.14309016
0,0.13156393
0,0.1291705
0,0.12836482
0,0.13018073
0,0.14484844
0,0.1354123
0,0.21453267
0,0.17711136
0,0.17252716
0,0.16337308
0,0.2707131
0,0.30758038
0,0.33578283
0,0.2949372
0,0.27618143
0,0.25493696
0,0.26933992
0,0.23149832
0,0.2135141
0,0.21033569
0,0.20945698
0,0.20736928
0,0.23387256
0,0.22244534
0,0.24085563
0,0.2171292
0,0.24070671
0,0.20719598
0,0.21436937
0,0.19087112
0,0.1821241
0,0.17746578
0,0.17343116
0,0.18133822
0,0.1923746
0,0.1967164
0,0.24391583
0,0.25041586
0,0.30509198
0,0.2597079
0,0.2999094
0,0.2623914
0,0.3036308
0,0.2517936
0,0.24427858
0,0.21835293
0,0.21775535
0,0.20369597
0,0.20176357
0,0.20015523
0,0.21825789
0,0.20117316
0,0.21834657
0,0.22514588
0,0.26301923
0,0.23820348
0,0.29078826
0,0.262316
0,0.31221607
0,0.25286895
0,0.24127905
0,0.21275699
0,0.21395257
0,0.19374624
0,0.18903223
0,0.19374134
0,0.19953683
0,0.2053842
0,0.2674194
0,0.24072589
0,0.27569383
0,0.24896647
0,0.29149866
0,0.2367381
0,0.25052154
0,0.20405209
0,0.20018403
0,0.18024611
0,0.1780881
0,0.17506018
1,0.1765082
1,0.18043368
1,0.18543318
1,0.19047411
1,0.22225858
1,0.21050166
1,0.24454994
1,0.21187639
1,0.25757492
1,0.21567738
1,0.24297355
1,0.19845338
1,0.21462035
1,0.19388387
1,0.18411425
0,0.8131658
0,0.60672224
0,0.48039025
0,0.41642937
0,0.34420866
0,0.36073864
0,0.28060943
0,0.3530109
0,0.26834485
0,0.27856296
0,0.20045067
0,0.2385157
0,0.17716709
0,0.20680702
0,0.16294156
0,0.14630494
0,0.14425881
0,0.13467683
0,0.13013203
0,0.13625468
0,0.13076586
0,0.13385582
0,0.13009124
0,0.12825854
0,0.12518486
0,0.16196014
0,0.14000905
0,0.15991808
0,0.151396
0,0.15014882
0,0.21150315
0,0.20608494
0,0.21031445
0,0.20927258
0,0.21748622
0,0.22612357
0,0.2375279
0,0.29931635
0,0.27832317
0,0.32337666
0,0.29027718
0,0.28733414
0,0.28958464
0,0.3163714
0,0.2965635
0,0.2914185
0,0.3020349
0,0.28253442
0,0.27186295
0,0.26935393
0,0.27158692
0,0.27672136
0,0.2647281
0,0.3490746
0,0.2995433
0,0.3951475
0,0.30087525
0,0.33013287
0,0.28910074
0,0.24379134
0,0.22459865
0,0.21301751
0,0.20400316
0,0.19156133
0,0.19311966
0,0.19401748
0,0.19824532
0,0.22325209
0,0.22645076
0,0.2390413
0,0.23769237
0,0.2696215
0,0.24849378
0,0.27464795
0,0.24790701
0,0.6201137
0,0.74317896
0,0.60179186
0,0.51878273
0,0.3866423
0,0.34825316
0,0.26489294
0,0.21860257
0,0.23303407
0,0.19410348
0,0.22340657
0,0.1698528
0,0.17820722
0,0.15908304
0,0.16850196
0,0.14747107
0,0.14760707
0,0.14534105
0,0.15110978
0,0.15097988
0,0.14193632
0,0.1521222
0,0.15495373
0,0.1513863
0,0.664096
0,0.8340369
0,0.65019953
0,0.5223572
0,0.39033812
0,0.29129776
0,0.35875803
0,0.32118413
0,0.29213694
0,0.22527187
0,0.17783077
0,0.16494457
0,0.14579055
0,0.13880852
0,0.13608569
0,0.13209575
0,0.12895992
0,0.125647
0,0.1500565
0,0.1360505
0,0.13125859
0,0.14142877
0,0.16390042
0,0.14373001
0,0.1371251
0,0.13798095
0,0.1312676
0,0.13474463
0,0.13429335
0,0.13990623
0,0.22958805
0,0.30106485
0,0.35175395
0,0.3239702
0,0.3560213
0,0.29820585
0,0.3377348
0,0.3001718
0,0.3410241
0,0.2882059
0,0.28440052
0,0.24987517
0,0.22386134
0,0.23030396
0,0.20730005
0,0.19445817
0,0.1872222
0,0.19009203
0,0.20037813
0,0.19634135
0,0.19384843
0,0.19846013
0,0.22423679
0,0.20615126
0,0.22769162
0,0.21764179
0,0.2182605
0,0.20027897
0,0.1962436
0,0.19248924
0,0.1911399
0,0.1937051
0,0.20655349
0,0.21344009
0,0.23425901
0,0.2283839
0,0.28216645
0,0.2761827
0,0.35109785
0,0.3022923
0,0.33981305
0,0.29463947
0,0.25909883
0,0.23934354
0,0.20482683
0,0.19943316
0,0.1899638
0,0.19169854
0,0.19734503
0,0.19018961
0,0.2073498
0,0.1927479
0,0.21772124
0,0.20485587
0,0.24474984
0,0.22068295
0,0.20820694
0,0.19664606
0,0.19604704
0,0.19831036
0,0.19256152
0,0.18769729
0,0.1837185
0,0.19180986
0,0.21393153
0,0.19879925
0,0.2742112
0,0.21819481
0,0.25906008
0,0.2217107
0,0.24130993
0,0.21504457
0,0.21309765
0,0.19063425
0,0.18378045
0,0.17735954
0,0.16772573
0,0.17329858
0,0.17373143
0,0.17643575
0,0.17778158
0,0.17976722
0,0.19587176
0,0.1867211
0,0.2560535
0,0.19704844
0,0.23850386
0,0.22119401
0,0.20880944
0,0.19262394
0,0.17713067
0,0.17019455
0,0.16258296
0,0.16439311
0,0.16025358
0,0.16779794
0,0.20898606
0,0.19129352
0,0.23861122
0,0.19328383
0,0.20697778
0,0.19197553
0,0.21634479
0,0.18423516
0,0.16350204
0,0.15017386
0,0.52679634
0,0.6616906
0,0.5341177
0,0.40439767
0,0.32661968
0,0.25162715
0,0.27939233
0,0.2156652
0,0.30598554
0,0.21348175
0,0.26375094
0,0.19809023
0,0.230702
0,0.19189468
0,0.23024692
0,0.19295684
0,0.16610184
0,0.14864695
0,0.14613979
0,0.1440723
0,0.13996904
0,0.1312214
0,0.15582457
0,0.13536605
0,0.14563143
0,0.13395984
0,0.15897682
0,0.14062478
0,0.16595158
0,0.14416382
0,0.16909318
0,0.16059199
0,0.1530224
0,0.15023278
0,0.14694148
0,0.1465851
0,0.15205216
0,0.15449862
0,0.20116976
0,0.16761567
0,0.18527779
0,0.16899505
0,0.17311223
0,0.1742603
0,0.18259154
0,0.17633614
0,0.1786369
0,0.17809658
0,0.1808527
0,0.18138488
0,0.19129013
0,0.19685207
0,0.20462269
0,0.2138242
0,0.24739683
0,0.23131971
0,0.27772945
0,0.25611538
0,0.33957028
0,0.28159243
0,0.3029685
0,0.27403614
0,0.26709238
0,0.25004974
0,0.23873027
0,0.2369338
0,0.24197483
0,0.24533904
0,0.26412457
0,0.27732924
0,0.3140488
0,0.28039184
0,0.34275433
0,0.28142494
0,0.30706155
0,0.26106894
0,0.27098694
0,0.23945996
0,0.21343045
0,0.2015075
0,0.20495252
0,0.20901042
0,0.21557085
0,0.2191084
0,0.23673588
0,0.25425765
0,0.2657012
0,0.2703223
0,0.3480817
0,0.29789332
0,0.3546125
0,0.31311706
0,0.30249023
0,0.25770342
0,0.23829052
0,0.21702135
0,0.20293483
0,0.2045667
0,0.1937229
0,0.19037981
0,0.20571515
0,0.2055476
0,0.27017814
0,0.22413571
0,0.21835189
0,0.21370435
0,0.2382908
0,0.2019419
0,0.20106538
0,0.18886903
0,0.18761176
0,0.24143699
0,0.1934503
0,0.18339707
0,0.20861937
0,0.18218614
0,0.2045129
0,0.18945126
0,0.21437208
0,0.19435093
0,0.21964538
0,0.18996584
0,0.22203465
0,0.18747604
0,0.17666708
0,0.18308942
0,0.17082682
0,0.16624996
0,0.15826295
0,0.26808125
0,0.19790109
0,0.1798488
0,0.17176631
0,0.15961434
0,0.18801169
0,0.17125908
0,0.18878466
0,0.16368127
0,0.19452466
0,0.16304022
0,0.16627467
0,0.15930139
0,0.18102314
0,0.16170932
0,0.15570255
0,0.15923803
0,0.16195348
0,0.167726
0,0.18670993
0,0.17739782
0,0.1995416
0,0.18073073
0,0.1977368
0,0.17837176
0,0.18086076
0,0.19361567
0,0.19825973
0,0.19345097
0,0.21147278
0,0.25110078
0,0.24137168
0,0.22894783
0,0.23159368
0,0.23100454
0,0.25348368
0,0.25389662
0,0.27691972
0,0.26623902
0,0.3211582
0,0.2837025
0,0.27837855
0,0.27902088
0,0.30294883
0,0.2793907
0,0.28677088
0,0.27502972
0,0.26885688
0,0.2841007
0,0.28072557
0,0.28676373
0,0.37414587
0,0.3212501
0,0.36612955
0,0.31818908
0,0.36057863
0,0.31308073
0,0.33837405
0,0.31707376
0,0.33565614
0,0.29190627
0,0.28143367
0,0.27004886
0,0.2645847
0,0.26277873
0,0.2646219
0,0.25590587
0,0.34681317
0,0.26791003
0,0.28531468
0,0.23195477
0,0.26542476
0,0.20500308
0,0.21674971
0,0.20136769
0,0.1874186
0,0.16720003
0,0.15654248
0,0.15856686
0,0.16273847
0,0.1591948
0,0.17241657
0,0.18605752
0,0.21539238
0,0.1977958
0,0.23078886
0,0.19915836
0,0.25375754
0,0.19898136
0,0.21217367
0,0.18942729
0,0.18149297
0,0.16768722
0,0.16520268
0,0.16310501
0,0.16896197
0,0.1719559
0,0.20877986
0,0.210024
0,0.26108292
0,0.24395053
0,0.27001873
0,0.2491417
0,0.2895641
0,0.24212056
0,0.22586158
0,0.19826481
0,0.19252217
0,0.18990497
0,0.192724
0,0.19522336
0,0.20088854
0,0.20755295
0,0.22392778
0,0.22460122
0,0.24826871
0,0.24628128
0,0.32282475
0,0.28977722
0,0.3564802
0,0.318427
0,0.3270103
0,0.28727794
0,0.27091584
0,0.25434908
0,0.25391647
0,0.25553015
0,0.26288113
0,0.26540387
0,0.3204682
0,0.29302746
0,0.32645267
0,0.28353968
0,0.37430644
0,0.29879993
0,0.2778606
0,0.26457506
0,0.27452865
0,0.2553574
0,0.23932026
0,0.2323867
0,0.22359037
0,0.22123653
0,0.23371847
0,0.23670055
0,0.24140887
0,0.24120255
0,0.36033717
0,0.28880814
0,0.36236882
0,0.30596614
0,0.28810596
0,0.25559953
0,0.2676442
0,0.23862422
0,0.2372525
0,0.23037502
0,0.22530848
0,0.2333977
0,0.2601244
0,0.25859815
0,0.2783475
0,0.26214316
0,0.31487146
0,0.28097585
0,0.26543602
0,0.26749367
0,0.2566257
0,0.25245553
0,0.2693873
0,0.2720716
0,0.26245627
0,0.27826887
0,0.270842
0,0.2891161
0,0.27263057
0,0.27439666
0,0.35073256
0,0.31265286
0,0.37511835
0,0.3198973
0,0.40313208
0,0.34229925
0,0.39070246
0,0.33031717
0,0.3075744
0,0.27719593
0,0.25267604
0,0.2446209
0,0.22363706
0,0.20273872
0,0.19607852
0,0.1892068
0,0.2184633
0,0.1887234
0,0.21643578
0,0.1755393
0,0.20385252
0,0.18428224
0,0.16887955
0,0.16180857
0,0.17366655
0,0.1656338
0,0.16567186
0,0.16578938
0,0.17134841
0,0.17141126
0,0.18822971
0,0.19561952
0,0.24255826
0,0.2181733
0,0.3100474
0,0.267967
0,0.33238196
0,0.2684975
0,0.2449397
0,0.22443949
0,0.21849483
0,0.211396
0,0.21008988
0,0.21608695
0,0.21370836
0,0.21845281
0,0.2510607
0,0.25737992
0,0.32135224
0,0.28690472
0,0.29338148
0,0.26738665
0,0.31503406
0,0.26089594
0,0.22179684
0,0.18217112
0,0.20598204
0,0.1742533
0,0.1684631
0,0.15118115
0,0.16097476
0,0.15103826
0,0.14618805
0,0.15154263
0,0.14563109
0,0.14526929
0,0.16010894
0,0.17016397
0,0.210269
0,0.17993167
0,0.21147032
0,0.19007981
0,0.22397393
0,0.17610028
0,0.16579488
0,0.16665596
0,0.16488075
0,0.16258304
0,0.17007154
0,0.17285301
0,0.17711607
0,0.18095246
0,0.20955332
0,0.22359096
0,0.24547045
0,0.24858586
0,0.2671506
0,0.26389724
0,0.3119742
0,0.2771072
0,0.2642224
0,0.26222512
0,0.2597589
0,0.25716144
0,0.2487834
0,0.25057828
0,0.24993001
0,0.25544295
0,0.3435396
0,0.30551356
0,0.39075994
0,0.3163199
0,0.36479625
0,0.56745434
0,0.43153274
0,0.36404157
0,0.35416242
0,0.30359304
0,0.3043188
0,0.25738582
0,0.24071899
0,0.20169139
0,0.18634507
0,0.17363663
0,0.21226518
0,0.18132211
0,0.20611751
0,0.18039595
0,0.21476108
0,0.17320275
0,0.19329716
0,0.1618191
0,0.1622726
0,0.1513274
0,0.1462287
0,0.14618124
0,0.13658938
0,0.13793688
0,0.13286097
0,0.13432162
0,0.16097851
0,0.15338145
0,0.1651747
0,0.17706625
0,0.21063899
0,0.19073768
0,0.1951143
0,0.17086539
0,0.16503207
0,0.16292681
0,0.16314283
0,0.16250774
0,0.17165735
0,0.17753121
0,0.19067243
0,0.18508548
0,0.20918898
0,0.21174008
0,0.2544762
0,0.22633782
0,0.29553607
0,0.22872193
0,0.24707851
0,0.21078265
0,0.195752
0,0.1858709
0,0.17935705
0,0.1833084
0,0.18785554
0,0.1862522
0,0.20020622
0,0.2031765
0,0.21750435
0,0.22997603
0,0.25433677
0,0.25269985
0,0.24864438
0,0.25319055
0,0.2850282
0,0.26162657
0,0.2862768
0,0.26768333
0,0.25841653
0,0.25310406
0,0.26741594
0,0.26865858
0,0.28664252
0,0.2776366
0,0.38124382
0,0.34372425
0,0.33485347
0,0.31636545
0,0.38061088
0,0.30876365
0,0.29350442
0,0.29082564
0,0.28434843
0,0.27186003
0,0.27141044
0,0.2684589
0,0.25266978
0,0.25138068
0,0.24896497
0,0.25338086
0,0.29466698
0,0.2505944
0,0.24243782
0,0.23776075
0,0.24889724
0,0.24485017
0,0.25306043
0,0.25261292
0,0.24424183
0,0.2515291
0,0.24554354
0,0.259895
0,0.27907878
0,0.25910118
0,0.47718808
0,0.41219875
0,0.42969054
0,0.3830683
0,0.42186138
0,0.35583183
0,0.4339913
0,0.3465792
0,0.31052938
0,0.24447468
0,0.19625844
0,0.17576091
0,0.15990017
0,0.15746295
0,0.16371666
0,0.16097307
0,0.1716047
0,0.15073426
0,0.16546734
0,0.14753647
0,0.1739389
0,0.15480247
0,0.14237902
0,0.13672125
0,0.1357744
0,0.13010311
0,0.13553256
0,0.13836233
0,0.13304287
0,0.13297647
0,0.14831273
0,0.15363982
0,0.19105072
0,0.17952177
0,0.19839013
0,0.20359331
0,0.1997464
0,0.20513816
0,0.20221563
0,0.19913247
0,0.20921913
0,0.21155095
0,0.22030514
0,0.23395383
0,0.24742791
0,0.26445585
0,0.28411645
0,0.2755116
0,0.33437908
0,0.30212998
0,0.40383217
0,0.32825732
0,0.39877442
0,0.34236956
0,0.31025258
0,0.28486437
0,0.2904852
0,0.26811123
0,0.25177974
0,0.22807781
0,0.21511024
0,0.20938654
0,0.231727
0,0.21119525
0,0.2386758
0,0.21024208
0,0.23383977
0,0.19725
0,0.2319855
0,0.18874928
0,0.20560421
0,0.1686695
0,0.1635795
0,0.15748888
0,0.15027016
0,0.15195443
0,0.15402557
0,0.15966463
0,0.1673555
0,0.17366594
0,0.24581054
0,0.21694526
0,0.24819416
0,0.21051212
0,0.22363938
0,0.20290461
0,0.18732882
0,0.19249909
0,0.19547345
0,0.19115649
0,0.18579988
0,0.1879831
0,0.18830335
0,0.19080748
0,0.20902658
0,0.2173732
0,0.35718104
0,0.28809208
0,0.35219058
0,0.28038505
0,0.28069904
0,0.21739154
0,0.21772929
0,0.18554729
0,0.18021554
0,0.17126966
0,0.16907603
0,0.16784383
0,0.17345767
0,0.17310038
0,0.20473339
0,0.21541995
0,0.2564123
0,0.22506262
0,0.21888769
0,0.21893865
0,0.23050226
0,0.20103706
0,0.19821425
0,0.18522203
0,0.19438505
0,0.18546437
0,0.18518111
0,0.19621561
0,0.18999447
0,0.20422734
0,0.30866235
0,0.27077976
0,0.33815262
0,0.2873106
0,0.32464382
0,0.2771372
0,0.2727599
0,0.22249144
0,0.23106018
0,0.21657693
0,0.19159643
0,0.18074816
0,0.17280304
0,0.174551
0,0.17580979
0,0.17129722
0,0.17826408
0,0.1763522
0,0.2080301
0,0.19257614
0,0.21443385
0,0.19522583
0,0.2430841
0,0.20734546
0,0.225057
0,0.18873765
0,0.1754759
0,0.17007262
0,0.1613296
0,0.16361545
0,0.16467151
0,0.17128229
0,0.18049027
0,0.1845809
0,0.21981288
0,0.2074318
0,0.24247065
0,0.21157807
0,0.21162134
0,0.2040438
0,0.2105273
0,0.20218377
0,0.20307347
0,0.21021628
0,0.20932427
0,0.21782835
0,0.23457132
0,0.24088208
0,0.378768
0,0.3178928
0,0.2948151
0,0.2894673
0,0.3651902
0,0.3339543
0,0.42372245
0,0.3384367
0,0.31146386
0,0.3016825
0,0.2852402
0,0.27628678
0,0.27356958
0,0.25852197
0,0.25233322
0,0.2594607
0,0.32936177
0,0.2712673
0,0.30272397
0,0.23591685
0,0.2804269
0,0.21713006
0,0.22503525
0,0.19587426
0,0.1784278
0,0.16916336
0,0.16597867
0,0.15687425
0,0.15635239
0,0.1607805
0,0.17702666
0,0.17382595
0,0.18007216
0,0.19015227
0,0.24769104
0,0.22140804
0,0.2256549
0,0.21264711
0,0.25939348
0,0.24420618
0,0.23225538
0,0.23141871
0,0.20548165
0,0.19969751
0,0.19665521
0,0.1885903
0,0.19793965
0,0.18067124
0,0.22316982
0,0.1942987
0,0.30366096
0,0.22322749
0,0.2154247
0,0.20133005
0,0.20063497
0,0.18229033
0,0.16881679
0,0.15277183
0,0.14685267
0,0.14608178
0,0.14276108
0,0.14428687
0,0.14809357
0,0.15358041
0,0.17360651
0,0.16763681
0,0.19434766
0,0.17835239
0,0.18938012
0,0.18887389
0,0.1923931
0,0.1930514
0,0.18969598
0,0.19232045
0,0.19607571
0,0.19706397
0,0.20685169
0,0.21436574
0,0.23639609
0,0.24088593
0,0.33184433
0,0.28869373
0,0.32559735
0,0.30933693
0,0.29655683
0,0.2760403
0,0.27119064
0,0.2601927
0,0.25255096
0,0.25719523
0,0.2656277
0,0.2568533
0,0.34405032
0,0.2900577
0,0.37206838
0,0.3248139
0,0.3768223
0,0.31266895
0,0.33006677
0,0.29252037
0,0.274019
0,0.24078645
0,0.21681318
0,0.20913823
0,0.2050286
0,0.20127071
0,0.20611706
0,0.20798115
0,0.21825582
0,0.21731856
0,0.2829369
0,0.23987819
0,0.28420627
0,0.21691161
0,0.23801889
0,0.20224832
0,0.19436803
0,0.194975
0,0.1808426
0,0.17046489
0,0.1636023
0,0.17277229
0,0.1804582
0,0.18045902
0,0.29789162
0,0.24220817
0,0.29781342
0,0.22464032
0,0.28994152
0,0.22472498
0,0.19628647
0,0.18111598
0,0.16846776
0,0.15759237
0,0.14410257
0,0.14456852
0,0.14851995
0,0.145301
0,0.15896332
0,0.15489483
0,0.15774651
0,0.15824237
0,0.17101222
0,0.16891412
0,0.168386
0,0.166215
0,0.16587219
0,0.16999605
0,0.17102951
0,0.18024655
0,0.19067387
0,0.20659915
0,0.2116955
0,0.22306873
0,0.3214444
0,0.29169783
0,0.35527098
0,0.335038
0,0.3876415
0,0.32025635
0,0.3630576
0,0.30685943
0,0.3551502
0,0.29648197
0,0.28654948
0,0.27890137
0,0.26078472
0,0.24240156
0,0.24678876
0,0.23077497
0,0.26307926
0,0.21086393
0,0.19208245
0,0.17610121
0,0.20878826
0,0.17200382
0,0.16687217
0,0.1609596
0,0.18239483
0,0.16743484
0,0.17625464
0,0.16812138
0,0.16117354
0,0.20859456
0,0.1825832
0,0.17267412
0,0.21122989
0,0.1923663
0,0.19074419
0,0.1900341
0,0.23401012
0,0.20007074
0,0.20285262
0,0.18669975
0,0.18700045
0,0.17192768
0,0.1722913
0,0.17794138
0,0.17736554
0,0.1766488
0,0.1873137
0,0.18912514
0,0.21497212
0,0.20123139
0,0.2074292
0,0.21547459
0,0.2132045
0,0.22548467
0,0.25252867
0,0.24830347
0,0.2620222
0,0.27248123
0,0.2734983
0,0.2765793
0,0.25813463
0,0.26461634
0,0.35098135
0,0.31164312
0,0.30180117
0,0.31677258
0,0.36412513
0,0.3138227
0,0.38287693
0,0.3405522
0,0.3540797
0,0.3055594
0,0.26905334
0,0.2648612
0,0.24991965
0,0.21776104
0,0.20072845
0,0.19498606
0,0.19364221
0,0.18979958
0,0.21167706
0,0.19377594
0,0.2249606
0,0.18712348
0,0.20501435
0,0.18324023
0,0.17271091
0,0.16424543
0,0.16456322
0,0.16686085
0,0.16591851
0,0.16850142
0,0.17484057
0,0.18159454
0,0.20308845
0,0.21149766
0,0.26233774
0,0.22886716
0,0.2699235
0,0.23995966
0,0.2707083
0,0.22992255
0,0.22325663
0,0.20540708
0,0.19871838
0,0.1902203
0,0.18638766
0,0.19244878
0,0.20476821
0,0.20775343
0,0.22827764
0,0.24061474
0,0.7398406
0,0.85398597
0,0.8037024
0,0.7263696
0,0.6431391
0,0.57733524
0,0.51043594
0,0.38938224
0,0.3244065
0,0.24016944
0,0.19883141
0,0.160433
0,0.15277319
0,0.1378226
0,0.17846233
0,0.15384877
0,0.20848767
0,0.15275665
0,0.22774655
0,0.16235854
0,0.19262232
0,0.16441816
0,0.14926311
0,0.15089522
0,0.14722376
0,0.14504328
0,0.13390496
0,0.13738129
0,0.13008371
0,0.12828039
0,0.17761692
0,0.20444839
0,0.21830687
0,0.20742984
0,0.31701905
0,0.24042547
0,0.22982872
0,0.19069684
0,0.20224117
0,0.18196881
0,0.16324127
0,0.15588185
0,0.15173446
0,0.15063007
0,0.1619221
0,0.16335191
0,0.17555372
0,0.1776525
0,0.20410687
0,0.1797216
0,0.23551956
0,0.18259975
0,0.20313336
0,0.17494698
0,0.17630826
0,0.16132207
0,0.15627937
0,0.15597153
0,0.15268973
0,0.15399589
0,0.15910704
0,0.16663925
0,0.17864306
0,0.18726748
0,0.22505262
0,0.25147292
0,0.23085274
0,0.23161075
0,0.234867
0,0.20935465
0,0.20162678
0,0.20336127
0,0.20816748
0,0.21534815
0,0.22822838
0,0.23646992
0,0.24632606
0,0.27209604
0,0.318832
0,0.29376295
0,0.35014096
0,0.29943687
0,0.39514583
0,0.30893695
0,0.3636462
0,0.3130852
0,0.30707383
0,0.3045881
0,0.28895697
0,0.2863135
0,0.27576146
0,0.2850489
0,0.27954456
0,0.28054962
0,0.32242337
0,0.29599676
0,0.37066558
0,0.27614048
0,0.31955317
0,0.24349107
0,0.24392033
0,0.20084345
0,0.17662835
0,0.16723543
0,0.1606017
0,0.16134056
0,0.15459825
0,0.15668961
0,0.16058052
0,0.16914551
0,0.18228713
0,0.1769031
0,0.2064728
0,0.18355417
0,0.23254012
0,0.21652369
0,0.21091585
0,0.19557075
0,0.18774623
0,0.18905652
0,0.16358215
0,0.16055399
0,0.15581769
0,0.15258214
0,0.15751535
0,0.16357392
0,0.20896481
0,0.19309232
0,0.23727188
0,0.20783319
0,0.2156966
0,0.21077812
0,0.20691623
0,0.17928667
0,0.1727952
0,0.16243693
0,0.15760387
0,0.16485658
0,0.16591632
0,0.16941257
0,0.17927368
0,0.18852724
0,0.22275671
0,0.20913948
0,0.22899267
0,0.2351461
0,0.55721045
0,0.5867917
0,0.44715202
0,0.41356745
0,0.33322647
0,0.2717161
0,0.20238027
0,0.17882721
0,0.16749747
0,0.15247747
0,0.18636608
0,0.16416985
0,0.20219575
0,0.16322269
0,0.22534275
0,0.17165488
0,0.15376396
0,0.14942728
0,0.173074
0,0.16589093
0,0.15995578
0,0.15885495
0,0.14370206
0,0.14664115
0,0.14040813
0,0.1322187
0,0.1584559
0,0.14281213
0,0.16884303
0,0.15897048
0,0.21741821
0,0.1824752
0,0.16476376
0,0.15537706
0,0.14510538
0,0.1410329
0,0.14336266
0,0.1431904
0,0.14115484
0,0.15271178
0,0.15054165
0,0.15470102
0,0.18516205
0,0.16572282
0,0.20205335
0,0.18694033
0,0.29550302
0,0.25712198
0,0.23491096
0,0.20649903
0,0.19162895
0,0.1793938
0,0.18806376
0,0.1906654
0,0.18135642
0,0.1727928
0,0.22069849
0,0.19225673
0,0.20865904
0,0.18071842
0,0.28262672
0,0.17968406
0,0.2131873
0,0.1724155
0,0.1519032
0,0.14149445
0,0.1319385
0,0.13250612
0,0.129315
0,0.13227
0,0.13197479
0,0.1352066
0,0.14588404
0,0.15765569
0,0.15075612
0,0.14989474
0,0.18962735
0,0.17043523
0,0.16733651
0,0.16363768
0,0.18534733
0,0.17350253
0,0.16782606
0,0.1761162
0,0.1692297
0,0.17752819
0,0.18003038
0,0.18862063
0,0.24952464
0,0.21912184
0,0.26422495
0,0.23583849
0,0.2882519
0,0.24160501
0,0.24088144
0,0.20855287
0,0.20855181
0,0.18753761
0,0.1978321
0,0.18102625
0,0.17696585
0,0.18899357
0,0.18466318
0,0.17972775
0,0.18477719
0,0.1835894
0,0.25637275
0,0.21616693
0,0.24349362
0,0.20355658
0,0.18791309
0,0.18342082
0,0.18891472
0,0.16818732
0,0.17225079
0,0.16071798
0,0.16120614
0,0.16083376
0,0.16626638
0,0.16319653
0,0.18309902
0,0.17408386
0,0.1952806
0,0.17509435
0,0.2201504
0,0.19145474
0,0.1760155
0,0.16864671
0,0.1845274
0,0.16364047
0,0.1631567
0,0.16221078
0,0.16363564
0,0.16943122
0,0.17791666
0,0.18078648
0,0.23440129
0,0.2231012
0,0.26542076
0,0.23940353
0,0.25616056
0,0.22929774
0,0.26549074
0,0.22864789
0,0.23241083
0,0.21031494
0,0.21061333
0,0.1941514
0,0.19576122
0,0.196806
0,0.20830284
0,0.22453496
0,0.2735781
0,0.24617614
0,0.35084724
0,0.27806503
0,0.30831388
0,0.25364262
0,0.23949644
0,0.2208152
0,0.21297173
0,0.20788863
0,0.19242239
0,0.18963026
0,0.18177137
0,0.18948059
0,0.197725
0,0.20235935
0,0.21850157
0,0.21724781
0,0.22924107
0,0.23516387
0,0.2511811
0,0.26864445
0,0.30967274
0,0.2767654
0,0.2574625
0,0.24694622
0,0.24355422
0,0.23951861
0,0.24574932
0,0.2500319
0,0.26654622
0,0.280045
0,0.28005785
0,0.27710888
0,0.34653947
0,0.32299703
0,0.34614465
0,0.30349678
0,0.3310642
0,0.30745745
0,0.2973235
0,0.29698235
0,0.2749777
0,0.2916545
0,0.26775298
0,0.2649615
0,0.26793134
0,0.27178863
0,0.3112389
0,0.2898251
0,0.28321156
0,0.28651214
0,0.3402368
0,0.31891105
0,0.3776322
0,0.31606594
0,0.31531852
0,0.28562164
0,0.26932955
0,0.2751228
0,0.26485163
0,0.2685327
0,0.27237418
0,0.26885247
0,0.33505327
0,0.31123874
0,0.29841688
0,0.2971107
0,0.34857544
0,0.30355132
0,0.3387526
0,0.28135496
0,0.26344123
0,0.24314235
0,0.24041164
0,0.23104961
0,0.22081874
0,0.2263264
0,0.23473653
0,0.2449606
0,0.24019529
0,0.25277382
0,0.31590882
0,0.27693176
0,0.2815354
0,0.29004547
0,0.299508
0,0.26647007
0,0.25885484
0,0.2578306
0,0.26805818
0,0.2687355
0,0.26872018
0,0.27355322
0,0.28688648
0,0.3079748
0,0.33782786
0,0.30277646
0,0.3595823
0,0.30689076
0,0.3029594
0,0.30935276
0,0.35011432
0,0.3283822
0,0.30674288
0,0.29937825
0,0.28087726
0,0.28674087
0,0.2824272
0,0.2905817
0,0.33134148
0,0.29310402
0,0.33230853
0,0.29074413
0,0.32995433
0,0.26229274
0,0.2601737
0,0.21357805
0,0.19703136
0,0.18433921
0,0.18487595
0,0.19009544
0,0.18022306
0,0.18155642
0,0.17686045
0,0.18179376
0,0.21020718
0,0.19610167
0,0.23993136
0,0.1995673
0,0.21334772
0,0.18785644
0,0.18214646
0,0.17366217
0,0.18126862
0,0.17426331
0,0.17167427
0,0.17202124
0,0.17399682
0,0.18628198
0,0.2006907
0,0.20609374
0,0.25909084
0,0.23773545
0,0.2631789
0,0.25111192
0,0.28027984
0,0.23859367
0,0.22571164
0,0.2110396
0,0.20670179
0,0.2125747
0,0.21587352
0,0.23573786
0,0.23152563
0,0.23137343
0,0.24786228
0,0.25103462
0,0.26574647
0,0.2625595
0,0.2675234
0,0.26238382
0,0.25534114
0,0.26111713
0,0.26422977
0,0.25499585
0,0.253247
0,0.2601309
0,0.26270527
0,0.26678976
0,0.2672981
0,0.26691982
0,0.2635089
0,0.27319956
0,0.2782094
0,0.2704473
0,0.27517188
0,0.2736905
0,0.27027008
0,0.2714436
0,0.27036357
0,0.2754409
0,0.27510017
0,0.28527763
0,0.27539182
0,0.28094354
0,0.27614778
0,0.27347124
0,0.2779412
0,0.26900035
0,0.29523247
0,0.2746785
0,0.2764661
0,0.3433306
0,0.29540098
0,0.28264937
0,0.28944072
0,0.2910006
0,0.29021206
0,0.2754313
0,0.32533413
0,0.29339537
0,0.28082207
0,0.27664313
0,0.2704509
0,0.26963812
0,0.2828714
0,0.26778108
0,0.26816702
0,0.30973774
0,0.27874556
0,0.28933775
0,0.28180227
0,0.27400228
0,0.28222165
0,0.2762495
0,0.26877582
0,0.28444836
0,0.27309301
0,0.26904514
0,0.26323384
0,0.27750605
0,0.27281362
0,0.26662788
0,0.26943982
0,0.28638855
0,0.2669386
0,0.2739173
0,0.26795977
0,0.27563262
0,0.2615585
0,0.27783412
0,0.26928943
0,0.25818264
0,0.25910297
0,0.26190975
0,0.26714894
0,0.26570916
0,0.27882484
0,0.2645369
0,0.28102827
0,0.27901515
0,0.3195263
0,0.2949622
0,0.32581607
0,0.28925022
0,0.32366005
0,0.29863316
0,0.32222587
0,0.2989303
0,0.30806014
0,0.28160244
0,0.27560106
0,0.26747474
0,0.2813043
0,0.27736086
0,0.26522422
0,0.2711295
0,0.30462426
0,0.27320912
0,0.3168714
0,0.28526753
0,0.31768134
0,0.29856443
0,0.31743458
0,0.29205048
0,0.3018292
0,0.27509198
0,0.2702792
0,0.27249584
0,0.2581929
0,0.26635063
0,0.26873177
0,0.27611092
0,0.26542774
0,0.26804826
0,0.25778094
0,0.26918992
0,0.29923287
0,0.28426185
0,0.32228532
0,0.29018483
0,0.29911876
0,0.28312638
0,0.2716875
0,0.27081195
0,0.2675708
0,0.26792106
0,0.26948276
0,0.26739502
0,0.31296107
0,0.282496
0,0.33526626
0,0.29336688
0,0.33742577
0,0.2958311
0,0.3273815
0,0.28288925
0,0.2906705
0,0.27748942
0,0.26662943
0,0.26773176
0,0.25881934
0,0.26042417
0,0.26126567
0,0.25945252
0,0.30990216
0,0.28079736
0,0.31493345
0,0.28188494
0,0.32067195
0,0.29630733
0,0.35001504
0,0.29677364
0,0.30001807
0,0.2857455
0,0.28305054
0,0.2835632
0,0.2713825
0,0.26713252
0,0.3074178
0,0.28706732
0,0.2743217
0,0.28115678
0,0.3163314
0,0.28235817
0,0.32325053
0,0.30728686
0,0.3237935
0,0.2963337
0,0.2955574
0,0.28459972
0,0.268256
0,0.26286864
0,0.261699
0,0.2559584
0,0.26757637
0,0.2667671
0,0.33425802
0,0.2934284
0,0.32369006
0,0.2961936
0,0.33376983
0,0.29755285
0,0.31767312
0,0.29125333
0,0.29053807
0,0.28031015
0,0.27454618
0,0.28799275
0,0.2708
0,0.2700583
0,0.27118286
0,0.26835495
0,0.3159304
0,0.2876816
0,0.2802182
0,0.27290636
0,0.31377742
0,0.28279427
0,0.30645213
0,0.2817161
0,0.29198614
0,0.27957037
0,0.26402268
0,0.2643821
0,0.26501706
0,0.26165432
0,0.2664921
0,0.27490726
0,0.3140544
0,0.29184222
0,0.32709983
0,0.28858966
0,0.32446823
0,0.28881618
0,0.30654263
0,0.29267302
0,0.28271234
0,0.28670517
0,0.287337
0,0.28312212
0,0.2709833
0,0.27590555
0,0.31591815
0,0.27972233
0,0.3171234
0,0.27235726
0,0.31386688
0,0.29071993
0,0.2877639
0,0.28357175
0,0.2957627
0,0.28275636
0,0.27234408
0,0.26351196
0,0.26013634
0,0.26924157
0,0.28308982
0,0.2711355
0,0.31803036
0,0.28807485
0,0.33038062
0,0.29726818
0,0.2883483
0,0.2807938
0,0.63813496
0,0.6287936
0,0.4848093
0,0.41053194
0,0.35218808
0,0.31706914
0,0.2775659
0,0.267897
0,0.26284498
0,0.2620532
0,0.2809898
0,0.24757488
0,0.25301772
0,0.20312904
0,0.1974423
0,0.16663274
0,0.152098
0,0.14485829
0,0.14709623
0,0.14811157
0,0.15412006
0,0.16487798
0,0.17125508
0,0.18583621
0,0.19340998
0,0.21334916
0,0.25141594
0,0.24918677
0,0.27999544
0,0.25919315
0,0.32018244
0,0.29680267
0,0.32163626
0,0.38337526
0,0.3145437
0,0.31721234
0,0.28287214
0,0.2861106
0,0.26770777
0,0.2665777
0,0.26088744
0,0.2654087
0,0.30435753
0,0.28758174
0,0.31302598
0,0.28963435
0,0.31967878
0,0.2845394
0,0.30847013
0,0.28695977
0,0.28497526
0,0.27724308
0,0.27818057
0,0.2749528
0,0.2724518
0,0.27166647
0,0.30493322
0,0.2854083
0,0.28295898
0,0.27696308
0,0.32185405
0,0.30153495
0,0.32069033
0,0.29377794
0,0.31173643
0,0.28815484
0,0.28593436
0,0.2777579
0,0.2651424
0,0.2692568
0,0.27270204
0,0.26322752
0,0.26506743
0,0.26429307
0,0.30845377
0,0.28029436
0,0.3198797
0,0.28650472
0,0.32691655
0,0.29232916
0,0.30905607
0,0.28349182
0,0.28341627
0,0.2741213
0,0.26573974
0,0.27307597
0,0.26751617
0,0.26415932
0,0.30676353
0,0.28964287
0,0.32153946
0,0.29949483
0,0.32637846
0,0.29169852
0,0.3193767
0,0.28621542
0,0.30199194
0,0.2892079
0,0.27964896
0,0.27057546
0,0.2698408
0,0.2770307
0,0.27501202
0,0.27019137
0,0.3084363
0,0.2758237
0,0.31332996
0,0.2913052
0,0.31749806
0,0.29346216
0,0.3147369
0,0.28811055
0,0.2974408
0,0.28529269
0,0.28453055
0,0.27969015
0,0.3050177
0,0.28622282
0,0.27945608
0,0.2802663
0,0.27532437
0,0.26964855
0,0.31064102
0,0.28914395
0,0.31204274
0,0.28804433
0,0.30839476
0,0.28702167
0,0.2798804
0,0.27505672
0,0.27388126
0,0.30302304
0,0.2758111
0,0.27608418
0,0.272407
0,0.27421808
0,0.269755
0,0.28289145
0,0.3171595
0,0.2884202
0,0.3141526
0,0.28777543
0,0.323218
0,0.29082546
0,0.29889444
0,0.28141877
0,0.27562052
0,0.272369
0,0.2767834
0,0.26999983
0,0.26525384
0,0.26398566
0,0.30394125
0,0.27649227
0,0.27083305
0,0.26804173
0,0.3081704
0,0.2788094
0,0.30817112
0,0.28651896
0,0.28907183
0,0.2741346
0,0.26127395
0,0.2726777
0,0.30525693
0,0.2758683
0,0.2775689
0,0.28218156
0,0.2775235
0,0.27733508
0,0.30907926
0,0.28347364
0,0.3226359
0,0.30049554
0,0.31676215
0,0.27462628
0,0.28298965
0,0.27714053
0,0.26108238
0,0.2618874
0,0.25642702
0,0.2650539
0,0.2660327
0,0.2612604
0,0.30173633
0,0.27018973
0,0.3061182
0,0.28799498
0,0.29081768
0,0.28022814
0,0.3030352
0,0.28941718
0,0.28460318
0,0.2781711
0,0.27657375
0,0.28693283
0,0.27518967
0,0.2853056
0,0.2743496
0,0.29483446
0,0.3099459
0,0.2812959
0,0.30858636
0,0.285254
0,0.311697
0,0.2873002
0,0.3055705
0,0.28463906
0,0.28060427
0,0.30970758
0,0.2715181
0,0.27225807
0,0.26751387
0,0.2671703
0,0.2969186
0,0.27967995
0,0.3159624
0,0.2854592
0,0.30771133
0,0.33272013
0,0.34226656
0,0.31552687
0,0.2890198
0,0.29321617
0,0.27921304
0,0.2813603
0,0.29491282
0,0.2743417
0,0.26737595
0,0.296996
0,0.31819016
0,0.29495317
0,0.32284158
0,0.29643342
0,0.3225229
0,0.29784074
0,0.31845406
0,0.29417977
0,0.30144417
0,0.31262386
0,0.28452766
0,0.28072402
0,0.2758546
0,0.27247694
0,0.27287784
0,0.27032566
0,0.30498916
0,0.2825995
0,0.31161478
0,0.3101549
0,0.32478186
0,0.28438553
0,0.31246167
0,0.28654066
0,0.29786676
0,0.2826681
0,0.2882306
0,0.2751033
0,0.28319696
0,0.27337256
0,0.27447033
0,0.26947364
0,0.26903296
0,0.26678443
0,0.2983843
0,0.27641878
0,0.30615547
0,0.28062543
0,0.30437317
0,0.28120056
0,0.2900672
0,0.27639833
0,0.2671538
0,0.2881593
0,0.3167881
0,0.28741112
0,0.28054613
0,0.27211526
0,0.26867837
0,0.26706606
0,0.29606012
0,0.27331644
0,0.29924056
0,0.29643816
0,0.31110168
0,0.29484832
0,0.29993182
0,0.28151023
0,0.27961034
0,0.284659
0,0.2723947
0,0.279957
0,0.27525592
0,0.2915478
0,0.310095
0,0.3009522
0,0.32274425
0,0.30622438
0,0.32317773
0,0.30756676
0,0.3149664
0,0.2848382
0,0.29086542
0,0.2905077
0,0.27692813
0,0.2778414
0,0.2700672
0,0.26441336
0,0.27025795
0,0.2626689
0,0.30139756
0,0.28381217
0,0.32462397
0,0.28612316
0,0.28684065
0,0.30517736
0,0.29582298
0,0.30519146
0,0.28685868
0,0.28010148
0,0.27961305
0,0.27922705
0,0.29895985
0,0.30164874
0,0.28692403
0,0.2795572
0,0.30971822
0,0.28558487
0,0.31574437
0,0.28946093
0,0.31371617
0,0.29863486
0,0.31097364
0,0.2874598
0,0.29658183
0,0.28008035
0,0.26841357
0,0.26993185
0,0.27885407
0,0.2711373
0,0.29247415
0,0.29814187
0,0.3142738
0,0.2862238
0,0.31566623
0,0.28490698
0,0.31528664
0,0.29640248
0,0.30771866
0,0.29359332
0,0.28485352
0,0.313433
0,0.28949082
0,0.2793028
0,0.27442902
0,0.2699738
0,0.29778415
0,0.28816295
0,0.29756197
0,0.27860367
0,0.30395126
0,0.31206587
0,0.2880248
0,0.28789204
0,0.29869738
0,0.2818321
0,0.27405
0,0.27745664
0,0.30010974
0,0.2762658
0,0.27860513
0,0.31778663
0,0.30895558
0,0.2924188
0,0.30795866
0,0.28081444
0,0.30890587
0,0.29051062
0,0.32511207
0,0.28421855
0,0.30227825
0,0.29087558
0,0.28494698
0,0.28183335
0,0.2645191
0,0.27047536
0,0.27202213
0,0.27598274
0,0.29303598
0,0.28191906
0,0.28968173
0,0.27889168
0,0.26514807
0,0.26962367
0,0.30644393
0,0.30231372
0,0.30140972
0,0.28557214
0,0.2750572
0,0.2742063
0,0.26414567
0,0.26898018
0,0.26901823
0,0.27091637
0,0.3024194
0,0.28345832
0,0.31997043
0,0.28922394
0,0.32472277
0,0.29319245
0,0.31415954
0,0.28913993
0,0.3002642
0,0.28513443
0,0.27030578
0,0.6315565
0,0.45624614
0,0.38035798
0,0.3856189
0,0.329622
0,0.34033668
0,0.30062106
0,0.31503066
0,0.2835626
0,0.2995805
0,0.2723467
0,0.26153696
0,0.24960247
0,0.24470209
0,0.22205906
0,0.21573566
0,0.212095
0,0.20668192
0,0.21081364
0,0.22496434
0,0.21406701
0,0.22879094
0,0.22115073
0,0.24214159
0,0.24123845
0,0.26200747
0,0.25791243
0,0.28196067
0,0.26958126
0,0.26858777
0,0.2740333
0,0.27237654
0,0.26447096
0,0.27278703
0,0.26458675
0,0.3095807
0,0.28253382
0,0.3204376
0,0.29023108
0,0.33464456
0,0.32492542
0,0.3357404
0,0.30773383
0,0.32479006
0,0.2959531
0,0.28793183
0,0.28108692
0,0.2626638
0,0.27093896
0,0.272365
0,0.27091932
0,0.30317786
0,0.3184204
0,0.34705675
0,0.30158725
0,0.32799697
0,0.30410826
0,0.32185328
0,0.29311538
0,0.3085475
0,0.31902686
0,0.29073378
0,0.27629715
0,0.26703948
0,0.2634229
0,0.27457404
0,0.26670793
0,0.2986023
0,0.2757505
0,0.30612218
0,0.28143317
0,0.30754602
0,0.28254065
0,0.30554348
0,0.28579292
0,0.30163705
0,0.27703077
0,0.27411416
0,0.27955422
0,0.26837626
0,0.27615207
0,0.28312516
0,0.28393307
0,0.3125549
0,0.29470378
0,0.3133429
0,0.31271854
0,0.31986523
0,0.2889197
0,0.31454226
0,0.30461186
0,0.30949017
0,0.29304528
0,0.28600037
0,0.2721159
0,0.2741869
0,0.2761562
0,0.26698855
0,0.27270302
0,0.29862407
0,0.2824415
0,0.27043763
0,0.27372566
0,0.27935466
0,0.27543035
0,0.2626808
0,0.25883678
0,0.28240767
0,0.2638292
0,0.2626343
0,0.26755187
0,0.26899844
0,0.26846623
0,0.26997864
0,0.27008492
0,0.30506688
0,0.28212708
0,0.31370816
0,0.28934398
0,0.28707537
0,0.28001276
0,0.30560172
0,0.28386405
0,0.2939919
0,0.2827327
0,0.27038428
0,0.2714681
0,0.27086312
0,0.27282578
0,0.26777017
0,0.26611772
0,0.29855394
0,0.2762946
0,0.26107168
0,0.26487678
0,0.3076353
0,0.2801457
0,0.3128524
0,0.30461606
0,0.3001164
0,0.2841213
0,0.2693199
0,0.26894304
0,0.26558983
0,0.26105484
0,0.29630515
0,0.27543452
0,0.2783987
0,0.27977684
0,0.3015262
0,0.27760446
0,0.30267656
0,0.28878674
0,0.30421287
0,0.28486043
0,0.28875795
0,0.28407544
0,0.27101883
0,0.27889714
0,0.2771176
0,0.27874678
0,0.27728546
0,0.26698795
0,0.27354217
0,0.26345602
0,0.2924671
0,0.28083774
0,0.3006511
0,0.27850392
0,0.30040562
0,0.28466144
0,0.28604624
0,0.2805798
0,0.26734793
0,0.27505252
0,0.26353914
0,0.26946482
0,0.2921169
0,0.26709396
0,0.29643077
0,0.28024668
0,0.2669607
0,0.27030173
0,0.29314315
0,0.2785945
0,0.2952954
0,0.280381
0,0.28127146
0,0.2761473
0,0.26890704
0,0.27015308
0,0.27004182
0,0.26848167
0,0.31489202
0,0.28915793
0,0.27244475
0,0.2737666
0,0.30494696
0,0.28463784
0,0.31148335
0,0.28729868
0,0.30838007
0,0.29730076
0,0.2873951
0,0.28103212
0,0.2982277
0,0.281538
0,0.27581474
0,0.27019256
0,0.3002191
0,0.2782826
0,0.31504935
0,0.28491223
0,0.31099012
0,0.2841313
0,0.27999747
0,0.305892
0,0.31901568
0,0.2998114
0,0.2918479
0,0.2952979
0,0.27172163
0,0.26897895
0,0.26577345
0,0.27335995
0,0.29740927
0,0.28403896
0,0.27298108
0,0.26922655
0,0.26752985
0,0.26235735
0,0.2949276
0,0.28303558
0,0.29798168
0,0.28749633
0,0.28228462
0,0.27138275
0,0.26828155
0,0.2731463
0,0.26470137
0,0.26012057
0,0.29001462
0,0.28081617
0,0.30251044
0,0.28369996
0,0.29763457
0,0.28651407
0,0.3046188
0,0.28624794
0,0.27254525
0,0.26414096
0,0.26398516
0,0.25902477
0,0.25598177
0,0.25239837
0,0.2576472
0,0.27027357
0,0.2880936
0,0.27545327
0,0.27603465
0,0.2760068
0,0.27316782
0,0.27143613
0,0.2709911
0,0.2693515
0,0.2809729
0,0.2740184
0,0.3143594
0,0.28651232
0,0.28067145
0,0.32778427
0,0.29544792
0,0.28550577
0,0.31172383
0,0.2865087
0,0.31240252
0,0.28615403
0,0.3028584
0,0.28336895
0,0.3076607
0,0.30703452
0,0.30204004
0,0.2852157
0,0.27801344
0,0.27463356
0,0.2733175
0,0.26894075
0,0.26196545
0,0.26183772
0,0.2637101
0,0.26086998
0,0.29250982
0,0.28431162
0,0.3072881
0,0.27951783
0,0.3080592
0,0.2812981
0,0.28961542
0,0.2840246
0,0.27422497
0,0.27030122
0,0.26684397
0,0.26576757
0,0.29438093
0,0.28459057
0,0.30771646
0,0.28973216
0,0.30853143
0,0.29195496
0,0.33266377
0,0.2892447
0,0.30876654
0,0.28074962
0,0.28814054
0,0.28190228
0,0.2751753
0,0.26582962
0,0.27432784
0,0.26276037
0,0.2904694
0,0.27946782
0,0.27851352
0,0.28825468
0,0.30271557
0,0.27552867
0,0.2960327
0,0.28141218
0,0.27254695
0,0.2727964
0,0.27641922
0,0.27216774
0,0.26167375
0,0.26728863
0,0.26818806
0,0.26847664
0,0.28726855
0,0.2954445
0,0.31046572
0,0.28857163
0,0.30169776
0,0.29794237
0,0.3061062
0,0.29044163
0,0.31006157
0,0.2861335
0,0.2867386
0,0.28244665
0,0.26289433
0,0.2663029
0,0.26665705
0,0.26414877
0,0.27139142
0,0.26735467
0,0.29884616
0,0.27620155
0,0.30383277
0,0.29335767
0,0.3247742
0,0.3049878
0,0.3179599
0,0.30630064
0,0.2865385
0,0.28949562
0,0.26599145
0,0.27586076
0,0.268672
0,0.27340505
0,0.27782655
0,0.28004566
0,0.27027544
0,0.27331436
0,0.30021235
0,0.2840291
0,0.29209995
0,0.28619426
0,0.2912239
0,0.28360227
0,0.2794538
0,0.2904006
0,0.27178645
0,0.27472243
0,0.25932544
0,0.26641586
0,0.26035115
0,0.265178
0,0.25940183
0,0.26975918
0,0.274364
0,0.27150148
0,0.29548183
0,0.28048307
0,0.29580846
0,0.28213742
0,0.2723113
0,0.27266505
0,0.2790929
0,0.27769956
0,0.28065303
0,0.2738144
0,0.27303782
0,0.2711798
0,0.29127255
0,0.2880134
0,0.29880697
0,0.28096968
0,0.2753169
0,0.28310215
0,0.30211553
0,0.28188866
0,0.27016035
0,0.27038777
0,0.26948884
0,0.27737606
0,0.29156175
0,0.27646133
0,0.29516453
0,0.28013057
0,0.31365502
0,0.28391734
0,0.28172383
0,0.2742023
0,0.30703053
0,0.29138103
0,0.2947648
0,0.27771154
0,0.30109826
0,0.2782775
0,0.27480957
0,0.29836097
0,0.3118829
0,0.28185785
0,0.311626
0,0.29676205
0,0.31681848
0,0.29902408
0,0.31465927
0,0.2955652
0,0.31689712
0,0.2832383
0,0.28789145
0,0.28286
0,0.27021536
0,0.2660269
0,0.27789903
0,0.2884898
0,0.30250424
0,0.2846027
0,0.283013
0,0.27788818
0,0.294629
0,0.2822097
0,0.30306453
0,0.28554553
0,0.28595522
0,0.27715144
0,0.29387686
0,0.29758155
0,0.27107352
0,0.27384654
0,0.27006966
0,0.27064946
0,0.27256274
0,0.26815933
0,0.29525754
0,0.2785979
0,0.26396915
0,0.26840782
0,0.2911358
0,0.27341834
0,0.30077434
0,0.2781501
0,0.28184515
0,0.2756366
0,0.27113688
0,0.2664611
0,0.27319714
0,0.26915315
0,0.2908213
0,0.2875161
0,0.31522268
0,0.28684074
0,0.31834787
0,0.29728788
0,0.31818873
0,0.2866109
0,0.3125965
0,0.2850706
0,0.28049645
0,0.28187186
0,0.2671017
0,0.2750435
0,0.2692818
0,0.2745801
0,0.30075523
0,0.28966174
0,0.31137863
0,0.29293817
0,0.31240287
0,0.30011165
0,0.31654617
0,0.3001805
0,0.31475848
0,0.29582486
0,0.28527966
0,0.2900729
0,0.30159047
0,0.3115256
0,0.2942119
0,0.27485633
0,0.28115213
0,0.27398264
0,0.30089074
0,0.27741095
0,0.27104288
0,0.27446213
0,0.30148277
0,0.2856738
0,0.2970215
0,0.2816831
0,0.27474636
0,0.2844685
0,0.26883486
0,0.27087748
0,0.27708733
0,0.28806838
0,0.3041615
0,0.2836311
0,0.3019946
0,0.28320995
0,0.3058196
0,0.29129073
0,0.30735832
0,0.2870465
0,0.29879907
0,0.2881583
0,0.27476215
0,0.27817628
0,0.27132288
0,0.27026236
0,0.2696697
0,0.2751693
0,0.29316646
0,0.2762696
0,0.29948318
0,0.27919558
0,0.29540226
0,0.28373972
0,0.30557546
0,0.2940852
0,0.29662472
0,0.27350911
0,0.2676886
0,0.2831228
0,0.27201682
0,0.2675708
0,0.26832414
0,0.27798387
0,0.30294296
0,0.2887229
0,0.3110614
0,0.28167
0,0.3065453
0,0.2904672
0,0.3064688
0,0.31118527
0,0.30121145
0,0.28996
0,0.27547538
0,0.2692195
0,0.27759576
0,0.26581898
0,0.2940521
0,0.38374627
0,0.3277883
0,0.30693182
0,0.3240574
0,0.308536
0,0.30002588
0,0.28897342
0,0.30608648
0,0.2801551
0,0.28394738
0,0.2692712
0,0.26512286
0,0.26883674
0,0.2610293
0,0.26675618
0,0.29427
0,0.26760823
0,0.2728884
0,0.27003402
0,0.2956578
0,0.27826658
0,0.30244443
0,0.28155446
0,0.27772114
0,0.28657085
0,0.2815594
0,0.27371582
0,0.27691615
0,0.27143556
0,0.27131355
0,0.26911098
0,0.270528
0,0.28748974
0,0.29828885
0,0.27935675
0,0.30192637
0,0.28317103
0,0.2969522
0,0.28640014
0,0.29638147
0,0.2786562
0,0.27913427
0,0.2769202
0,0.26305377
0,0.27606246
0,0.2629614
0,0.27317402
0,0.26665407
0,0.26892373
0,0.2659801
0,0.27648258
0,0.2728204
0,0.26674023
0,0.2887836
0,0.2812448
0,0.2970282
0,0.29872555
0,0.28533277
0,0.2728325
0,0.26110494
0,0.2724021
0,0.26477778
0,0.26070988
0,0.29271722
0,0.26997864
0,0.27591679
0,0.27650797
0,0.2662787
0,0.27295643
0,0.29609486
0,0.2919844
0,0.30437967
0,0.27688324
0,0.26986015
0,0.26692653
0,0.27184024
0,0.2804262
0,0.27574676
0,0.26463878
0,0.26423022
0,0.27102056
0,0.291381
0,0.26960832
0,0.30358574
0,0.28290895
0,0.27939218
0,0.27748618
0,0.29091498
0,0.2780695
0,0.27542812
0,0.27252153
0,0.272218
0,0.27173862
0,0.2705249
0,0.26885405
0,0.36176628
0,0.30871862
0,0.3152967
0,0.29722306
0,0.31423074
0,0.2883763
0,0.3054884
0,0.31008455
0,0.30702555
0,0.28726357
0,0.2924669
0,0.28012678
0,0.27616417
0,0.27638793
0,0.29361618
0,0.27566615
0,0.29109913
0,0.28649026
0,0.29546627
0,0.28630182
0,0.29521707
0,0.2762509
0,0.2972414
0,0.27368143
0,0.27043876
0,0.2687086
0,0.26816878
0,0.27212414
0,0.26145446
0,0.2699966
0,0.27774036
0,0.265004
0,0.2643537
0,0.27437586
0,0.29241964
0,0.27221525
0,0.29457298
0,0.2828607
0,0.29236734
0,0.2820458
0,0.28777406
0,0.27026305
0,0.26596996
0,0.26535672
0,0.2622482
0,0.2673327
0,0.29639992
0,0.27876446
0,0.2951705
0,0.28120902
0,0.29139096
0,0.28052187
0,0.303122
0,0.28565598
0,0.30107763
0,0.28493488
0,0.30283886
0,0.28766426
0,0.2791463
0,0.27780885
0,0.2665944
0,0.26773843
0,0.27131572
0,0.27914247
0,0.29879957
0,0.27866465
0,0.3199175
0,0.299012
0,0.31326637
0,0.30521995
0,0.31897998
0,0.32882422
0,0.33771804
0,0.32574025
0,0.28417653
0,0.2918605
0,0.28284204
0,0.28640845
0,0.2788468
0,0.26929104
0,0.29244715
0,0.28368798
0,0.29853678
0,0.2759226
0,0.2943449
0,0.27306145
0,0.29302293
0,0.28364486
0,0.28077504
0,0.28579563
0,0.26884896
0,0.2641585
0,0.28119916
0,0.27731466
0,0.3003691
0,0.26793796
0,0.2984431
0,0.28297704
0,0.3074111
0,0.29143026
0,0.28893453
0,0.29586837
0,0.29785395
0,0.29762706
0,0.29129288
0,0.28147686
0,0.26541597
0,0.27575535
0,0.27318168
0,0.28431988
0,0.2943561
0,0.27941316
0,0.29172066
0,0.28016004
0,0.297659
0,0.30545765
0,0.305481
0,0.29206172
0,0.30880868
0,0.28533015
0,0.2797251
0,0.2749275
0,0.26706377
0,0.26648664
0,0.27313828
0,0.2679637
0,0.276926
0,0.27064112
0,0.29963502
0,0.27594155
0,0.2999905
0,0.27781078
0,0.30122924
0,0.2930787
0,0.30273852
0,0.29111564
0,0.27659798
0,0.26976618
0,0.2618243
0,0.26087436
0,0.2672438
0,0.27084184
0,0.29126173
0,0.2802971
0,0.2985274
0,0.28517756
0,0.30320013
0,0.28768808
0,0.29649562
0,0.2859076
0,0.29700208
0,0.2921169
0,0.27674475
0,0.278874
0,0.2733855
0,0.2747537
0,0.29475963
0,0.2799195
0,0.28186888
0,0.27609098
0,0.29213572
0,0.280531
0,0.2754392
0,0.27570295
0,0.29288238
0,0.27885655
0,0.27369153
0,0.27299872
0,0.26884273
0,0.26964158
0,0.26433417
0,0.2678018
0,0.26691592
0,0.28281632
0,0.27281508
0,0.27406484
0,0.28899726
0,0.28236058
0,0.29403567
0,0.27742684
0,0.2905146
0,0.27588183
0,0.28600875
0,0.27329853
0,0.2631499
0,0.26820984
0,0.27351803
0,0.26682442
0,0.26690453
0,0.26320806
0,0.2837376
0,0.27990177
0,0.2881915
0,0.27148876
0,0.29972592
0,0.28665587
0,0.30889913
0,0.2799458
0,0.2903228
0,0.2893763
0,0.2805376
0,0.2694601
0,0.27563402
0,0.26505676
0,0.26168048
0,0.2624524
0,0.29455477
0,0.28182966
0,0.3017123
0,0.27485424
0,0.30448616
0,0.27571228
0,0.29710174
0,0.28517964
0,0.2848636
0,0.2823329
0,0.26480177
0,0.27164155
0,0.27872834
0,0.2737532
0,0.2973111
0,0.28299433
0,0.29734185
0,0.28207663
0,0.2980926
0,0.2815997
0,0.29628485
0,0.28570464
0,0.27579314
0,0.30057296
0,0.2895771
0,0.2824052
0,0.28004533
0,0.27868176
0,0.2729052
0,0.2701256
0,0.2887552
0,0.27869064
0,0.29497868
0,0.2793049
0,0.29356503
0,0.28158295
0,0.29755613
0,0.28241807
0,0.29084778
0,0.27553028
0,0.27430543
0,0.2685622
0,0.2791481
0,0.27956977
0,0.2686236
0,0.26541162
0,0.2833122
0,0.26938736
0,0.28476894
0,0.28078976
0,0.29838273
0,0.2861918
0,0.3098572
0,0.28257808
0,0.30267328
0,0.29107478
0,0.27859575
0,0.2819538
0,0.27876568
0,0.27940983
0,0.27753714
0,0.27738485
0,0.29859903
0,0.27302158
0,0.29648075
0,0.2848191
0,0.30225408
0,0.2756249
0,0.29956236
0,0.27291697
0,0.2908613
0,0.26930094
0,0.26794013
0,0.2723566
0,0.27020365
0,0.27615866
0,0.27327147
0,0.27158892
0,0.28967088
0,0.27657253
0,0.2930342
0,0.28027642
0,0.27440122
0,0.27356502
0,0.28919876
0,0.2874194
0,0.27568316
0,0.2726683
0,0.27086163
0,0.26813027
0,0.26682878
0,0.26840767
0,0.28431976
0,0.27169222
0,0.28835046
0,0.27621993
0,0.2923193
0,0.29105517
0,0.30560598
0,0.29302958
0,0.30987796
0,0.28419954
0,0.29217875
0,0.27643904
0,0.26506105
0,0.26460817
0,0.2626613
0,0.26173496
0,0.2864015
0,0.27194732
0,0.29564384
0,0.29296213
0,0.301456
0,0.29663375
0,0.30528325
0,0.29474616
0,0.3009277
0,0.2882436
0,0.2904438
0,0.27406964
0,0.26510572
0,0.27449903
0,0.27181026
0,0.27368107
0,0.29102167
0,0.26927078
0,0.28990048
0,0.27062213
0,0.29624328
0,0.2816343
0,0.29309693
0,0.27310154
0,0.2852752
0,0.2804832
0,0.28955832
0,0.2802263
0,0.26577672
0,0.27005884
0,0.2620053
0,0.26852012
0,0.29151878
0,0.27649972
0,0.31055906
0,0.2924152
0,0.30617127
0,0.2862536
0,0.30855772
0,0.31034818
0,0.3080908
0,0.2994625
0,0.2883748
0,0.28081
0,0.2796958
0,0.27738056
0,0.2730533
0,0.2699366
0,0.29054227
0,0.2741167
0,0.26526716
0,0.2656169
0,0.25204086
0,0.26261953
0,0.2869146
0,0.26998785
0,0.28805998
0,0.27296084
0,0.27340904
0,0.26708728
0,0.26114038
0,0.26149824
0,0.2626221
0,0.26119784
0,0.27566776
0,0.26429328
0,0.28573632
0,0.28428745
0,0.29609254
0,0.27453113
0,0.2945539
0,0.28467765
0,0.29045796
0,0.28498334
0,0.27216417
0,0.2766081
0,0.27756315
0,0.26651046
0,0.26397157
0,0.27447736
0,0.2994525
0,0.2861856
0,0.29571307
0,0.28499177
0,0.28687626
0,0.2826434
0,0.2924486
0,0.27169108
0,0.26884058
0,0.27299562
0,0.26839787
0,0.2716062
0,0.27499118
0,0.2659981
0,0.30088633
0,0.2950417
0,0.30666196
0,0.2903151
0,0.30744535
0,0.2929616
0,0.30512226
0,0.28781623
0,0.32389808
0,0.29431754
0,0.3015701
0,0.28691605
0,0.2800053
0,0.27598062
0,0.2748044
0,0.27246997
0,0.29303196
0,0.27691123
0,0.27391738
0,0.27160707
0,0.2704727
0,0.26750085
0,0.28763705
0,0.27528518
0,0.2722964
0,0.27245608
0,0.28379515
0,0.27181512
0,0.26554346
0,0.2673484
0,0.2654619
0,0.26807725
0,0.26464278
0,0.26786327
0,0.28773037
0,0.28928816
0,0.30449226
0,0.29830137
0,0.3417396
0,0.310125
0,0.30415598
0,0.2859729
0,0.30075058
0,0.27866435
0,0.27413073
0,0.27813432
0,0.28687325
0,0.27058673
0,0.28729555
0,0.28069922
0,0.28736976
0,0.28147098
0,0.2911485
0,0.28331083
0,0.29047835
0,0.272621
0,0.28606114
0,0.27032164
0,0.27903387
0,0.26497817
0,0.2738278
0,0.27320644
0,0.27635488
0,0.28385007
0,0.29978716
0,0.2861815
0,0.2906185
0,0.28135735
0,0.28861794
0,0.2710122
0,0.2790322
0,0.27577657
0,0.29089084
0,0.2783252
0,0.28098837
0,0.27511504
0,0.26223
0,0.27749297
0,0.27189955
0,0.26860338
0,0.28914386
0,0.28548008
0,0.27482012
0,0.28579336
0,0.29647428
0,0.28572857
0,0.295285
0,0.27873385
0,0.29428667
0,0.27767277
0,0.2795381
0,0.27192774
0,0.2593117
0,0.2724352
0,0.26681232
0,0.26514837
0,0.28491795
0,0.26807398
0,0.28753066
0,0.2700486
0,0.28827924
0,0.28191885
0,0.28899825
0,0.27248093
0,0.28234196
0,0.28664988
0,0.27308187
0,0.26573732
0,0.26755628
0,0.27217823
0,0.27956864
0,0.2657683
0,0.28080162
0,0.26486528
0,0.27959168
0,0.28410316
0,0.2894577
0,0.28087893
0,0.28624627
0,0.26988488
0,0.2735409
0,0.26853612
0,0.2659044
0,0.27591202
0,0.270279
0,0.27137843
0,0.2953486
0,0.28907242
0,0.30000603
0,0.28375047
0,0.2851119
0,0.27719384
0,0.28848186
0,0.27802736
0,0.28824368
0,0.2904611
0,0.29652375
0,0.28800774
0,0.2918264
0,0.29665637
0,0.28223106
0,0.27953377
0,0.29206225
0,0.29252547
0,0.30537158
0,0.2835691
0,0.3059299
0,0.28735125
0,0.29884672
0,0.30526358
0,0.30041906
0,0.2841628
0,0.29358885
0,0.2828097
0,0.2732442
0,0.2684625
0,0.2825713
0,0.28394625
0,0.29934365
0,0.28204837
0,0.28172538
0,0.28261334
0,0.29264534
0,0.29114985
0,0.2949156
0,0.28623247
0,0.3060423
0,0.29747233
0,0.29346952
0,0.29187247
0,0.2906748
0,0.27580783
0,0.27823353
0,0.26862568
0,0.27767485
0,0.2755187
0,0.28458574
0,0.2675845
0,0.2821533
0,0.2661613
0,0.28157997
0,0.27657276
0,0.28409994
0,0.2669003
0,0.28040513
0,0.26475713
0,0.25630313
0,0.26646984
0,0.2590364
0,0.2647161
0,0.27712646
0,0.2613176
0,0.2757602
0,0.2602993
0,0.27492523
0,0.26961926
0,0.28019655
0,0.27375454
0,0.28162327
0,0.27401632
0,0.27171448
0,0.26997715
0,0.26874602
0,0.268008
0,0.25818998
0,0.2624538
0,0.26457253
0,0.26124522
0,0.28522
0,0.27612275
0,0.27019617
0,0.26766795
0,0.28608167
0,0.2717123
0,0.28735378
0,0.2738968
0,0.27853915
0,0.2697258
0,0.26074913
0,0.26231343
0,0.2689887
0,0.26372388
0,0.28859022
0,0.27136675
0,0.29025194
0,0.2739119
0,0.28840566
0,0.28581586
0,0.29679087
0,0.293636
0,0.29337558
0,0.29088473
0,0.28027314
0,0.28330857
0,0.27048242
0,0.27657104
0,0.27716583
0,0.27795076
0,0.28982797
0,0.271769
0,0.2856094
0,0.28547135
0,0.29174274
0,0.2851532
0,0.2915478
0,0.28412157
0,0.28647625
0,0.29252025
0,0.27626556
0,0.27853394
0,0.28221413
0,0.2789593
0,0.2870833
0,0.2828321
0,0.33133057
0,0.297676
0,0.30478358
0,0.29204512
0,0.29288673
0,0.28932026
0,0.34924334
0,0.32871872
0,0.31777933
0,0.30260515
0,0.2874121
0,0.27306828
0,0.27322653
0,0.27369145
0,0.2814288
0,0.30256337
0,0.28519958
0,0.28387415
0,0.2859499
0,0.27709553
0,0.28783643
0,0.27638733
0,0.29619637
0,0.28027543
0,0.2882078
0,0.27663067
0,0.28545666
0,0.2844346
0,0.27254805
0,0.27067244
0,0.26729205
0,0.2840183
0,0.2918549
0,0.27590418
0,0.2899022
0,0.27560923
0,0.28183398
0,0.27180678
0,0.28767923
0,0.2837939
0,0.28963256
0,0.27646795
0,0.26428545
0,0.26685935
0,0.29375988
0,0.28146473
0,0.2743584
0,0.2678181
0,0.2842684
0,0.29440007
0,0.29144865
0,0.28647977
0,0.29740635
0,0.28012457
0,0.29134163
0,0.28424963
0,0.2798452
0,0.26953587
0,0.27179158
0,0.26610327
0,0.27154252
0,0.27583677
0,0.28188625
0,0.27933013
0,0.28636476
0,0.28030837
0,0.27845162
0,0.2771501
0,0.29148665
0,0.278958
0,0.28927252
0,0.2840535
0,0.28182438
0,0.26754487
0,0.28545195
0,0.26574755
0,0.26946732
0,0.26993498
0,0.27842662
0,0.27284902
0,0.2846195
0,0.27553803
0,0.3052495
0,0.29126367
0,0.2869828
0,0.29346675
0,0.29329523
0,0.284943
0,0.28412503
0,0.27658707
0,0.27429333
0,0.28384805
0,0.2737179
0,0.27019507
0,0.28845045
0,0.27683133
0,0.29663864
0,0.28114295
0,0.29487434
0,0.2823751
0,0.3030037
0,0.28169662
0,0.2932649
0,0.2883298
0,0.28440204
0,0.26346868
0,0.27150178
0,0.26811096
0,0.2746025
0,0.26708883
0,0.2918217
0,0.2782362
0,0.29046616
0,0.2739872
0,0.28789654
0,0.28282416
0,0.28645247
0,0.28346363
0,0.28661874
0,0.27178478
0,0.2708773
0,0.2652885
0,0.2635376
0,0.27187577
0,0.27369216
0,0.26420555
0,0.26827586
0,0.27683297
0,0.28313887
0,0.27867687
0,0.28766754
0,0.2749492
0,0.29213735
0,0.29297197
0,0.27491003
0,0.28265554
0,0.26995948
0,0.26230738
0,0.27185944
0,0.28070825
0,0.27747118
0,0.27535117
0,0.28243986
0,0.27909234
0,0.28280056
0,0.27612132
0,0.30223015
0,0.27217636
0,0.2826039
0,0.27641195
0,0.28183305
0,0.2752355
0,0.26574534
0,0.27024052
0,0.27954587
0,0.28894666
0,0.27554578
0,0.2714035
0,0.28173366
0,0.2757802
0,0.2790886
0,0.27096543
0,0.27839595
0,0.2810311
0,0.2815952
0,0.27609164
0,0.27610302
0,0.27232948
0,0.27332172
0,0.27834567
0,0.27494797
0,0.26795736
0,0.2648324
0,0.26282474
0,0.28363797
0,0.2792216
0,0.29282638
0,0.29220518
0,0.299332
0,0.27847132
0,0.2919301
0,0.27469063
0,0.28459814
0,0.27330366
0,0.2650942
0,0.2765473
0,0.29262453
0,0.2843691
0,0.29641858
0,0.29497638
0,0.29561257
0,0.27572125
0,0.29144394
0,0.28483236
0,0.29012993
0,0.271206
0,0.27657995
0,0.2749989
0,0.28157112
0,0.2824138
0,0.26472083
0,0.2713522
0,0.25666565
0,0.2653162
0,0.2819842
0,0.2657288
0,0.28698537
0,0.27662688
0,0.29085377
0,0.2697774
0,0.27764544
0,0.27910358
0,0.2643323
0,0.2691306
0,0.27491048
0,0.28359383
0,0.27128413
0,0.27114788
0,0.27088764
0,0.27441978
0,0.27130827
0,0.28452113
0,0.2872663
0,0.27671668
0,0.28185907
0,0.2720771
0,0.28095427
0,0.27124032
0,0.2789518
0,0.27403983
0,0.27460554
0,0.26761502
0,0.26668632
0,0.2654152
0,0.26400307
0,0.26252228
0,0.2646103
0,0.26078257
0,0.26038477
0,0.2590244
0,0.28727567
0,0.27971464
0,0.29098684
0,0.28388423
0,0.29068208
0,0.2752083
0,0.27094215
0,0.27755052
0,0.26986682
0,0.2756546
0,0.2667601
0,0.27259377
0,0.2800465
0,0.26648408
0,0.2782614
0,0.2754233
0,0.27699402
0,0.27574906
0,0.2849989
0,0.27919137
0,0.2853498
0,0.26921389
0,0.27916664
0,0.26845896
0,0.27355427
0,0.26249495
0,0.27240527
0,0.27190012
0,0.2860886
0,0.26628506
0,0.28434741
0,0.2683303
0,0.27258578
0,0.27678084
0,0.3302969
0,0.2909933
0,0.27483028
0,0.28290913
0,0.27784848
0,0.2741551
0,0.27692422
0,0.2716393
0,0.28258774
0,0.27818173
0,0.28630584
0,0.27767214
0,0.28433836
0,0.27447158
0,0.2834327
0,0.27374154
0,0.28583807
0,0.27403253
0,0.27882013
0,0.27739337
0,0.28038916
0,0.27094027
0,0.26634648
0,0.26532105
0,0.2668965
0,0.2750085
0,0.28008935
0,0.26883644
0,0.2831472
0,0.2696475
0,0.28929806
0,0.2824816
0,0.29453963
0,0.27479264
0,0.2871691
0,0.28302237
0,0.26781702
0,0.274844
0,0.2681072
0,0.26331958
0,0.26293248
0,0.2608177
0,0.2816457
0,0.26443094
0,0.28509253
0,0.2665808
0,0.28865194
0,0.2687638
0,0.2872829
0,0.27843216
0,0.28532425
0,0.27840856
0,0.26964223
0,0.27212703
0,0.2785911
0,0.264658
0,0.2792376
0,0.2967391
0,0.29780158
0,0.28722996
0,0.2984822
0,0.2840889
0,0.28788424
0,0.28945756
0,0.2840979
0,0.27694866
0,0.28675702
0,0.27640098
0,0.26628733
0,0.2686732
0,0.26106057
0,0.26428056
0,0.26983547
0,0.26621082
0,0.2795641
0,0.2693685
0,0.28765813
0,0.28107336
0,0.29322717
0,0.27812156
0,0.28621668
0,0.27514994
0,0.2780901
0,0.27585876
0,0.27326557
0,0.2686235
0,0.25994238
0,0.26137713
0,0.27613878
0,0.2654802
0,0.27860752
0,0.26773572
0,0.28163746
0,0.275585
0,0.28138044
0,0.27021968
0,0.27901107
0,0.26791403
0,0.27327704
0,0.2833308
0,0.27963078
0,0.2710197
0,0.26495767
0,0.27276984
0,0.27679896
0,0.28231606
0,0.28180218
0,0.2805719
0,0.30187848
0,0.28844616
0,0.28679037
0,0.28258863
0,0.28669766
0,0.2864016
0,0.27941245
0,0.2794642
0,0.27510598
0,0.2849635
0,0.2748262
0,0.27735028
0,0.30279058
0,0.2965473
0,0.2815363
0,0.27991652
0,0.27419078
0,0.28125337
0,0.29175678
0,0.28075078
0,0.28737208
0,0.28018323
0,0.27837402
0,0.27702805
0,0.28045204
0,0.27656117
0,0.2867471
0,0.2848035
0,0.29103065
0,0.27932158
0,0.2895615
0,0.29116353
0,0.29519868
0,0.281415
0,0.28731015
0,0.2769331
0,0.28292203
0,0.2762761
0,0.2713408
0,0.26935405
0,0.25695488
0,0.26235527
0,0.26657882
0,0.26335466
0,0.27152315
0,0.2653076
0,0.2774101
0,0.2676036
0,0.27940753
0,0.28212333
0,0.28891355
0,0.27620077
0,0.28321153
0,0.27230063
0,0.2637906
0,0.27429038
0,0.26961005
0,0.2652034
0,0.2658819
0,0.26228243
0,0.27198207
0,0.26399067
0,0.27739146
0,0.27555254
0,0.29012123
0,0.27179366
0,0.28348976
0,0.26911256
0,0.2748242
0,0.2777882
0,0.26175267
0,0.26069784
0,0.261286
0,0.25808415
0,0.28023803
0,0.27475262
0,0.2666635
0,0.26081273
0,0.28056204
0,0.26488468
0,0.28348735
0,0.27699718
0,0.28830743
0,0.26816607
0,0.27987856
0,0.26471236
0,0.25962722
0,0.27265593
0,0.26745963
0,0.26985884
0,0.27776742
0,0.2729057
0,0.28447166
0,0.27521178
0,0.2663765
0,0.26826602
0,0.27921486
0,0.27093098
0,0.28276768
0,0.27239347
0,0.28298938
0,0.27869436
0,0.267834
0,0.27043918
0,0.27669254
0,0.26895824
0,0.26120993
0,0.26521853
0,0.2758642
0,0.26716474
0,0.2778806
0,0.26842144
0,0.27993515
0,0.26951775
0,0.27582163
0,0.2679462
0,0.27368435
0,0.26691058
0,0.26097584
0,0.27265212
0,0.2745099
0,0.26602086
0,0.26781842
0,0.27333397
0,0.2710295
0,0.27482706
0,0.28235626
0,0.26751694
0,0.29160032
0,0.2818488
0,0.286398
0,0.27128443
0,0.27403122
0,0.26398093
0,0.26115677
0,0.25847703
0,0.26482534
0,0.272046
0,0.27830023
0,0.27418575
0,0.27686435
0,0.26368243
0,0.27651516
0,0.26221952
0,0.28275684
0,0.2744897
0,0.28493008
0,0.27768287
0,0.269187
0,0.2730324
0,0.28582212
0,0.27541026
0,0.26784334
0,0.2692063
0,0.27824032
0,0.2714199
0,0.2853383
0,0.2741339
0,0.29267356
0,0.27972862
0,0.294222
0,0.2788628
0,0.29401526
0,0.2789877
0,0.2720778
0,0.27007046
0,0.26570022
0,0.27499184
0,0.2618074
0,0.26580417
0,0.2783381
0,0.269998
0,0.28623068
0,0.27148756
0,0.283072
0,0.27106014
0,0.28577164
0,0.27473688
0,0.28001735
0,0.26903355
0,0.2641863
0,0.2690808
0,0.25706834
0,0.2694542
0,0.26259235
0,0.26129022
0,0.2803879
0,0.26979092
0,0.5006372
0,0.40618864
0,0.35833135
0,0.33048004
0,0.3264662
0,0.31402224
0,0.29437786
0,0.28879222
0,0.27464306
0,0.27801457
0,0.268229
0,0.2618822
0,0.2738351
0,0.27456656
0,0.28582507
0,0.26576892
0,0.27537775
0,0.27059296
0,0.27397725
0,0.2684354
0,0.28717357
0,0.26946607
0,0.27871183
0,0.27432007
0,0.2600546
0,0.2654327
0,0.2569361
0,0.26296386
0,0.27939388
0,0.2712137
0,0.26680067
0,0.26733118
0,0.256927
0,0.26418257
0,0.2792333
0,0.2698485
0,0.27724057
0,0.26928067
0,0.28197196
0,0.27201277
0,0.26440418
0,0.26762813
0,0.26091537
0,0.2628654
0,0.25921935
0,0.26198453
0,0.27814963
0,0.26770556
0,0.28424633
0,0.27185512
0,0.28253138
0,0.2707805
0,0.2844905
0,0.28227144
0,0.28311628
0,0.27197865
0,0.2654663
0,0.27456635
0,0.26149747
0,0.26215318
0,0.26701313
0,0.26075906
0,0.27534348
0,0.2641925
0,0.27900547
0,0.264905
0,0.28074634
0,0.26723722
0,0.28003997
0,0.2656061
0,0.2739451
0,0.26259392
0,0.25639883
0,0.2676573
0,0.26542726
0,0.25890875
0,0.26590493
0,0.25814503
0,0.28759816
0,0.27644497
0,0.29384962
0,0.28588027
0,0.29855695
0,0.2745301
0,0.30045524
0,0.27343398
0,0.2756216
0,0.27817753
0,0.2633026
0,0.27165684
0,0.26522958
0,0.25734237
0,0.25904015
0,0.26352924
0,0.28542176
0,0.27368453
0,0.2771261
0,0.27249962
0,0.2886076
0,0.2758117
0,0.2837274
0,0.2744884
0,0.27008852
0,0.26932576
0,0.27241796
0,0.2694349
0,0.26280856
0,0.26433817
0,0.2787002
0,0.2692059
0,0.28125632
0,0.2707191
0,0.28553262
0,0.27153447
0,0.28652176
0,0.27268502
0,0.28057393
0,0.2673046
0,0.2679647
0,0.2679778
0,0.25936905
0,0.26113325
0,0.27071166
0,0.26338395
0,0.2772158
0,0.26656055
0,0.28167996
0,0.2844137
0,0.2840863
0,0.27132422
0,0.28027084
0,0.2821959
0,0.27981097
0,0.26897603
0,0.2671319
0,0.2635685
0,0.26389042
0,0.26392618
0,0.271323
0,0.26161
0,0.2801819
0,0.27874392
0,0.29207906
0,0.2835127
0,0.28704837
0,0.28105798
0,0.2919632
0,0.28207725
0,0.2780963
0,0.2698924
0,0.25964043
0,0.2726345
0,0.2803293
0,0.27513215
0,0.28197584
0,0.27575225
0,0.28926042
0,0.2812929
0,0.29535577
0,0.28293335
0,0.2942405
0,0.2838124
0,0.29407308
0,0.2929986
0,0.29475024
0,0.28696424
0,0.28434536
0,0.27748573
0,0.28048187
0,0.2899325
0,0.27236387
0,0.27199313
0,0.2827302
0,0.2737143
0,0.2854381
0,0.2740444
0,0.28425002
0,0.27563748
0,0.26602882
0,0.26823372
0,0.27590334
0,0.2789962
0,0.26843014
0,0.26597083
0,0.25869834
0,0.2614593
0,0.27214688
0,0.27832872
0,0.28581282
0,0.2743015
0,0.2862086
0,0.28300214
0,0.2906985
0,0.2837435
0,0.29732466
0,0.2879507
0,0.2844803
0,0.27819067
0,0.28212923
0,0.28070062
0,0.27530357
0,0.27953878
0,0.28428018
0,0.26888445
0,0.28066754
0,0.26614603
0,0.2796592
0,0.26920637
0,0.276855
0,0.26337257
0,0.2747604
0,0.26213926
0,0.27211505
0,0.27119666
0,0.26136106
0,0.2672667
0,0.26472625
0,0.25725845
0,0.24998446
0,0.25993696
0,0.26811627
0,0.2685608
0,0.27240935
0,0.2757213
0,0.30118033
0,0.28594476
0,0.29208773
0,0.2810271
0,0.27666697
0,0.273164
0,0.2609718
0,0.26603782
0,0.25652814
0,0.26239192
0,0.27919897
0,0.26903564
0,0.28932983
0,0.2743682
0,0.2908801
0,0.27734268
0,0.29183245
0,0.27680853
0,0.2849501
0,0.27462643
0,0.28838626
0,0.2740557
0,0.27632555
0,0.26882997
0,0.2637893
0,0.2631039
0,0.28170395
0,0.26857185
0,0.2604041
0,0.27656183
0,0.28119332
0,0.26865974
0,0.27956977
0,0.27413633
0,0.27777103
0,0.27816948
0,0.26671132
0,0.26479644
0,0.27163604
0,0.27426368
0,0.27054167
0,0.26373458
0,0.28062186
0,0.27145007
0,0.27919903
0,0.2777468
0,0.29074076
0,0.28147402
0,0.28358814
0,0.26781318
0,0.27335846
0,0.2735364
0,0.27172545
0,0.26770684
0,0.2653957
0,0.26968253
0,0.26449773
0,0.26758093
0,0.34733728
0,0.31022346
0,0.28799686
0,0.3347866
0,0.28446156
0,0.28392
0,0.27928272
0,0.27606297
0,0.2804767
0,0.2742877
0,0.2967205
0,0.27867514
0,0.2780434
0,0.29593328
0,0.27853355
0,0.2742743
0,0.26923552
0,0.26891333
0,0.28304932
0,0.2720938
0,0.28533483
0,0.27819145
0,0.2900825
0,0.2876444
0,0.2915184
0,0.27743283
0,0.27314353
0,0.26976395
0,0.2631768
0,0.2700894
0,0.2761908
0,0.26778632
0,0.2819151
0,0.6564545
0,0.48366672
0,0.39661056
0,0.3665554
0,0.32278693
0,0.2914876
0,0.28225076
0,0.28569606
0,0.27293134
0,0.2630774
0,0.27234367
0,0.26874596
0,0.27253118
0,0.27198833
0,0.2781151
0,0.27759475
0,0.26397508
0,0.26990733
0,0.27113572
0,0.2687126
0,0.26438737
0,0.26473582
0,0.26528162
0,0.26196894
0,0.25500757
0,0.25157106
0,0.26235476
0,0.2719357
0,0.27092928
0,0.2787696
0,0.26831472
0,0.27795395
0,0.2806388
0,0.2624021
0,0.2643413
0,0.2723641
0,0.26248416
0,0.27789554
0,0.27603894
0,0.26215416
0,0.25838283
0,0.25198606
0,0.26171374
0,0.24977991
0,0.26041257
0,0.25960773
0,0.26524964
0,0.27087608
0,0.27243468
0,0.27423385
0,0.27364287
0,0.27374443
0,0.27522108
0,0.2749083
0,0.27142742
0,0.2729658
0,0.27176517
0,0.2798485
0,0.2722452
0,0.26630482
0,0.26723433
0,0.2829651
0,0.2735689
0,0.28585064
0,0.27377108
0,0.28818372
0,0.28020847
0,0.30328384
0,0.2816998
0,0.2890389
0,0.27790257
0,0.2757877
0,0.2703712
0,0.27785707
0,0.26956388
0,0.27265483
0,0.2673092
0,0.28159088
0,0.27001765
0,0.28279647
0,0.27032351
0,0.28142095
0,0.26975608
0,0.28272676
0,0.27058968
0,0.2817049
0,0.26987764
0,0.26880085
0,0.27566725
0,0.26622313
0,0.26299587
0,0.28011188
0,0.2775742
0,0.27176452
0,0.27707916
0,0.28461426
0,0.28061348
0,0.28190148
0,0.26933247
0,0.27781862
0,0.2664873
0,0.27015057
0,0.2741529
0,0.26594472
0,0.26047862
0,0.2624228
0,0.26923537
0,0.26176357
0,0.2756566
0,0.27500153
0,0.27491716
0,0.28343648
0,0.28140584
0,0.28127024
0,0.27677572
0,0.2778235
0,0.2638895
0,0.2717367
0,0.2602389
0,0.25462127
0,0.26305184
0,0.26011303
0,0.2646353
0,0.27481532
0,0.27059639
0,0.2824986
0,0.2741679
0,0.28764752
0,0.2781492
0,0.2779647
0,0.27305257
0,0.2775574
0,0.28054187
0,0.27283326
0,0.27031204
0,0.25954777
0,0.26273626
0,0.2583673
0,0.26213658
0,0.25706717
0,0.25955406
0,0.27055123
0,0.26332223
0,0.2793913
0,0.27797008
0,0.28397235
0,0.27225134
0,0.28387448
0,0.27141804
0,0.28367206
0,0.26984286
0,0.25976163
0,0.26025075
0,0.25772038
0,0.25835997
0,0.2613566
0,0.26936176
0,0.2759169
0,0.2674941
0,0.27763033
0,0.28900775
0,0.27224085
0,0.26604655
0,0.27911076
0,0.26548967
0,0.2717108
0,0.26399657
0,0.2582401
0,0.2677021
0,0.2779883
0,0.28081766
0,0.27198935
0,0.27956024
0,0.2780794
0,0.26765618
0,0.25456175
0,0.26588652
0,0.27639946
0,0.2618081
0,0.2749297
0,0.26169097
0,0.266331
0,0.27927902
0,0.26367453
0,0.25767505
0,0.26162687
0,0.26420614
0,0.2716277
0,0.26888454
0,0.2755718
0,0.27128866
0,0.27569315
0,0.27149552
0,0.27554694
0,0.2706807
0,0.27618182
0,0.27105775
0,0.27079546
0,0.26828876
0,0.25855985
0,0.2636634
0,0.25062606
0,0.2580663
0,0.25684944
0,0.25903282
0,0.26574054
0,0.2631964
0,0.27250046
0,0.2660351
0,0.26125488
0,0.26306385
0,0.28145507
0,0.2703931
0,0.26787588
0,0.26557457
0,0.25723103
0,0.25932404
0,0.25629112
0,0.27036288
0,0.26603097
0,0.27472025
0,0.26235357
0,0.27216077
0,0.2716155
0,0.26384005
0,0.27507573
0,0.26960376
0,0.26863554
0,0.27763122
0,0.26313418
0,0.2607132
0,0.26654255
0,0.25979665
0,0.27692708
0,0.26902625
0,0.25983426
0,0.25809917
0,0.27253547
0,0.26071072
0,0.2692678
0,0.2619728
0,0.26543787
0,0.26011482
0,0.26467493
0,0.2707244
0,0.27236468
0,0.2769881
0,0.27606
0,0.26329374
0,0.2751898
0,0.26101288
0,0.26825503
0,0.2578022
0,0.2885681
0,0.26503354
0,0.27625334
0,0.27359924
0,0.27457243
0,0.2715654
0,0.26081073
0,0.2669858
0,0.26484787
0,0.2667428
0,0.2653587
0,0.26570082
0,0.27283257
0,0.26868543
0,0.2767474
0,0.27832317
0,0.28306958
0,0.27848113
0,0.27902815
0,0.2726421
0,0.27904293
0,0.27214205
0,0.26017168
0,0.26705974
0,0.26603472
0,0.26942924
0,0.29057127
0,0.27468374
0,0.29340586
0,0.2763827
0,0.29173923
0,0.28063342
0,0.2964185
0,0.28151956
0,0.2916013
0,0.276345
0,0.28425974
0,0.2834902
0,0.27061194
0,0.26784468
0,0.26391298
0,0.26346707
0,0.2790765
0,0.27814716
0,0.28000468
0,0.27975193
0,0.3334621
0,0.28945243
0,0.30055365
0,0.27937692
0,0.29119182
0,0.28839183
0,0.29010144
0,0.28454214
0,0.26956674
0,0.2647153
0,0.26179412
0,0.25831693
0,0.2699682
0,0.2598837
0,0.27766073
0,0.27462995
0,0.28312194
0,0.2655394
0,0.28011504
0,0.27674127
0,0.28482407
0,0.27300742
0,0.27647454
0,0.26434392
0,0.26611954
0,0.2686035
0,0.2693902
0,0.2704686
0,0.28124663
0,0.27679974
0,0.28147995
0,0.2747072
0,0.27606174
0,0.27279928
0,0.27887484
0,0.27294198
0,0.2791731
0,0.2742373
0,0.27396253
0,0.27084288
0,0.257173
0,0.26412508
0,0.26179022
0,0.26312724
0,0.27266693
0,0.26738316
0,0.26526356
0,0.26479378
0,0.28347504
0,0.2716506
0,0.27494034
0,0.27024883
0,0.26472068
0,0.2636307
0,0.26952893
0,0.2795448
0,0.29310116
0,0.28780544
0,0.29849264
0,0.29725012
0,0.3029066
0,0.28556147
0,0.295143
0,0.2874529
0,0.305159
0,0.2821368
0,0.2956766
0,0.29249358
0,0.29362842
0,0.2748197
0,0.27116132
0,0.26444972
0,0.25973433
0,0.2576568
0,0.26442003
0,0.2700244
0,0.26927993
0,0.27367353
0,0.28036314
0,0.28049886
0,0.26393855
0,0.2649625
0,0.27612206
0,0.26284942
0,0.2768392
0,0.26240274
0,0.26179087
0,0.25622895
0,0.2623191
0,0.2703871
0,0.28284428
0,0.29568014
0,0.30392107
0,0.31136826
0,0.29867432
0,0.28698492
0,0.29931113
0,0.2855476
0,0.28659534
0,0.27872604
0,0.28667212
0,0.29273072
0,0.28164214
0,0.2785598
0,0.28060442
0,0.27397656
0,0.26899442
0,0.2759698
0,0.2824709
0,0.28060713
0,0.2869865
0,0.28658935
0,0.2704757
0,0.27966756
0,0.26978248
0,0.27331322
0,0.27905166
0,0.2731317
0,0.27129397
0,0.26737773
0,0.2748114
0,0.26712897
0,0.26378155
0,0.27421385
0,0.27339894
0,0.2733455
0,0.28947738
0,0.27582553
0,0.288507
0,0.2888644
0,0.29474336
0,0.27788177
0,0.28419822
0,0.27227435
0,0.27531236
0,0.26689819
0,0.26285884
0,0.27163094
0,0.29725787
0,0.29063982
0,0.2712377
0,0.26730978
0,0.28108838
0,0.27873042
0,0.2848786
0,0.26943627
0,0.28914303
0,0.27261096
0,0.26344404
0,0.27302733
0,0.27374563
0,0.26806334
0,0.27576602
0,0.27561188
0,0.28380847
0,0.27882382
0,0.28317893
0,0.26751432
0,0.29161865
0,0.2857248
0,0.29511577
0,0.27257937
0,0.28901675
0,0.28110918
0,0.2804693
0,0.26648787
0,0.2577288
0,0.27008325
0,0.2657703
0,0.26955605
0,0.2766211
0,0.27145627
0,0.2760833
0,0.2756756
0,0.2851476
0,0.27605087
0,0.28513098
0,0.27932608
0,0.27993128
0,0.28316385
0,0.27904102
0,0.27386543
0,0.26898217
0,0.26917306
0,0.26572454
0,0.26565105
0,0.2734099
0,0.26797792
0,0.27482423
0,0.2712093
0,0.27519724
0,0.2698517
0,0.27935058
0,0.270491
0,0.27706683
0,0.26913086
0,0.2705736
0,0.26647994
0,0.28119987
0,0.26907995
0,0.26460874
0,0.25634038
0,0.25673646
0,0.26841918
0,0.27874988
0,0.26618904
0,0.28447962
0,0.27131626
0,0.28336152
0,0.27236214
0,0.28006327
0,0.2678452
0,0.26539135
0,0.2646488
0,0.26928884
0,0.263936
0,0.25732735
0,0.25886858
0,0.25376627
0,0.25559628
0,0.27108085
0,0.27101842
0,0.27899998
0,0.27976057
0,0.2848086
0,0.27849436
0,0.28592965
0,0.26771614
0,0.27167886
0,0.26559374
0,0.26715806
0,0.26009917
0,0.26266524
0,0.26586658
0,0.2770851
0,0.27602273
0,0.28001794
0,0.275047
0,0.2826536
0,0.2762652
0,0.27971452
0,0.2746366
0,0.26870817
0,0.27061167
0,0.29776233
0,0.28072014
0,0.28005537
0,0.27851635
0,0.27347288
0,0.27453113
0,0.27049738
0,0.26949584
0,0.26907936
0,0.27004576
0,0.27287072
0,0.27030873
0,0.2751812
0,0.27063882
0,0.2707128
0,0.26792014
0,0.25665656
0,0.26188505
0,0.26080832
0,0.2627732
0,0.27054882
0,0.26595983
0,0.26712927
0,0.264152
0,0.2779988
0,0.26815024
0,0.2854626
0,0.270143
0,0.28277516
0,0.2698098
0,0.27787304
0,0.28336605
0,0.25912905
0,0.27198538
0,0.2742037
0,0.26601678
0,0.2730567
0,0.26419008
0,0.37183207
0,0.303767
0,0.29243246
0,0.2788097
0,0.28573188
0,0.27295575
0,0.27217215
0,0.26277488
0,0.27017832
0,0.27630115
0,0.27177498
0,0.26485664
0,0.2687881
0,0.2609663
0,0.2680273
0,0.26006913
0,0.2724003
0,0.26121402
0,0.27621052
0,0.26780707
0,0.28548747
0,0.267613
0,0.27983302
0,0.29064068
0,0.28954154
0,0.3020481
0,0.29573247
0,0.28845444
0,0.28893402
0,0.28604487
0,0.3002704
0,0.27793056
0,0.28614673
0,0.2789145
0,0.27108556
0,0.27225938
0,0.27339676
0,0.27140188
0,0.28455067
0,0.2772558
0,0.27282843
0,0.27101156
0,0.28326955
0,0.2733806
0,0.2663679
0,0.26788422
0,0.28296906
0,0.27133492
0,0.26508155
0,0.26682222
0,0.2806944
0,0.27263215
0,0.29326954
0,0.28695333
0,0.29824024
0,0.29380396
0,0.2784588
0,0.27295965
0,0.264487
0,0.26527324
0,0.25935346
0,0.2600023
0,0.27563867
0,0.2757081
0,0.2825551
0,0.2718942
0,0.29408863
0,0.273758
0,0.28335088
0,0.28514755
0,0.2769859
0,0.28073564
0,0.26959324
0,0.26684973
0,0.2760375
0,0.27623165
0,0.27079093
0,0.26665813
0,0.2749643
0,0.26369503
0,0.2724377
0,0.27364236
0,0.2720988
0,0.26281762
0,0.2750185
0,0.26677114
0,0.26862007
0,0.27078566
0,0.26028773
0,0.25724715
0,0.2612287
0,0.25454968
0,0.26128048
0,0.25395635
0,0.26585108
0,0.2558206
0,0.2671058
0,0.2671528
0,0.27561057
0,0.27278304
0,0.27129298
0,0.27122965
0,0.27266732
0,0.27040437
0,0.26727983
0,0.26831722
0,0.26258284
0,0.26534697
0,0.2591267
0,0.26573727
0,0.29053083
0,0.27835974
0,0.2745564
0,0.27015072
0,0.27579764
0,0.2691375
0,0.28238732
0,0.2752927
0,0.28001443
0,0.2734136
0,0.26318857
0,0.26389933
0,0.27812928
0,0.26713774
0,0.2618729
0,0.26195946
0,0.29022834
0,0.27322477
0,0.28344172
0,0.28506806
0,0.29317185
0,0.2871075
0,0.2918612
0,0.29854438
0,0.28678465
0,0.28688443
0,0.27248845
0,0.26717678
0,0.2733762
0,0.28051972
0,0.2784098
0,0.2695683
0,0.2827475
0,0.28103423
0,0.2963464
0,0.30871242
0,0.29932502
0,0.29052538
0,0.2897355
0,0.29238358
0,0.27738008
0,0.28007814
0,0.28439736
0,0.2817579
0,0.2910179
0,0.2916142
0,0.31245604
0,0.33964446
0,0.32450122
0,0.36584383
0,0.3290448
0,0.31479087
0,0.30253065
0,0.30563357
0,0.3145851
0,0.30992064
0,0.2950094
0,0.28655657
0,0.28550547
0,0.2782587
0,0.2799869
0,0.27921024
0,0.27160618
0,0.26938367
0,0.28933668
0,0.27295893
0,0.27338994
0,0.26513794
0,0.26706505
0,0.26365504
0,0.26042014
0,0.25990245
0,0.2597817
0,0.259349
0,0.25825253
0,0.2606109
0,0.26054224
0,0.2647606
0,0.26857096
0,0.2775847
0,0.2769307
0,0.26831892
0,0.27177307
0,0.26484084
0,0.2632168
0,0.27778724
0,0.27124885
0,0.27661774
0,0.28844926
0,0.2823482
0,0.28409958
0,0.28711873
0,0.28773087
0,0.27395752
0,0.28744444
0,0.26945615
0,0.28065097
0,0.26653987
0,0.28212628
0,0.26644525
0,0.277683
0,0.27637926
0,0.27822682
0,0.27655867
0,0.27688032
0,0.2642
0,0.2683848
0,0.26704934
0,0.28717914
0,0.28492135
0,0.28810552
0,0.2702833
0,0.2876858
0,0.2812229
0,0.29026955
0,0.28445548
0,0.28481746
0,0.27850667
0,0.28026295
0,0.2763983
0,0.26659355
0,0.27089772
0,0.26768982
0,0.2676274
0,0.27082768
0,0.2688124
0,0.27768585
0,0.26328346
0,0.27219284
0,0.26834494
0,0.26646233
0,0.2662551
0,0.25323787
0,0.25998265
0,0.2602358
0,0.26605782
0,0.26447415
0,0.2684918
0,0.33813187
0,0.2921397
0,0.2845311
0,0.27532315
0,0.27722314
0,0.27145347
0,0.27341133
0,0.26758143
0,0.27020416
0,0.264603
0,0.28254452
0,0.27132356
0,0.26999342
0,0.26493734
0,0.26306576
0,0.2613328
0,0.25877804
0,0.27035382
0,0.26792175
0,0.27255225
0,0.26052108
0,0.25953588
0,0.26423737
0,0.2582477
0,0.27485272
0,0.26264092
0,0.260567
0,0.2576028
0,0.2681352
0,0.274836
0,0.2802341
0,0.26646408
0,0.27042216
0,0.2622018
0,0.272324
0,0.27883714
0,0.3592228
0,0.30767113
0,0.30513242
0,0.2920492
0,0.27416912
0,0.27750942
0,0.28253403
0,0.2664475
0,0.2727382
0,0.27250952
0,0.27114478
0,0.27520183
0,0.27279744
0,0.3284635
0,0.2936545
0,0.28530252
0,0.28028184
0,0.27635875
0,0.28085735
0,0.27991027
0,0.3385294
0,0.28499675
0,0.28902298
0,0.2910682
0,0.28593022
0,0.27935874
0,0.26188734
0,0.27210003
0,0.27097392
0,0.2673634
0,0.2764099
0,0.26928797
0,0.28904834
0,0.27257386
0,0.2764913
0,0.26874074
0,0.27272773
0,0.2667697
0,0.27201164
0,0.26479948
0,0.2717077
0,0.26596072
0,0.2612913
0,0.26007825
0,0.26797754
0,0.27154818
0,0.27256352
0,0.26893863
0,0.2788654
0,0.26827183
0,0.27111563
0,0.2645009
0,0.27372918
0,0.2636291
0,0.2679145
0,0.261901
0,0.2616992
0,0.26122117
0,0.2606293
0,0.25753185
0,0.26117486
0,0.2668655
0,0.26803222
0,0.27226555
0,0.27227506
0,0.27622485
0,0.27079785
0,0.27588245
0,0.28203702
0,0.27836645
0,0.2924587
0,0.2702288
0,0.2700166
0,0.27388752
0,0.27789277
0,0.26313967
0,0.27721962
0,0.2622706
0,0.27472663
0,0.2719212
0,0.287811
0,0.277175
0,0.28355584
0,0.27660972
0,0.28218105
0,0.26737282
0,0.27723646
0,0.2722394
0,0.2742015
0,0.27064803
0,0.27730364
0,0.26853013
0,0.27051798
0,0.26993382
0,0.27579498
0,0.27365878
0,0.2779743
0,0.27285114
0,0.26780015
0,0.2666154
0,0.2723766
0,0.2673808
0,0.27358016
0,0.2677456
0,0.25928333
0,0.25168332
0,0.2558698
0,0.25821134
0,0.2621675
0,0.2608548
0,0.27019277
0,0.26364392
0,0.2703616
0,0.27494577
0,0.27535212
0,0.28151786
0,0.280081
0,0.28143212
0,0.27422714
0,0.2679473
0,0.26272053
0,0.2630546
0,0.26388898
0,0.25982648
0,0.26688206
0,0.25977314
0,0.25987047
0,0.26739007
0,0.2737104
0,0.27294356
0,0.28423122
0,0.26645002
0,0.26908895
0,0.27216783
0,0.26592636
0,0.26127136
0,0.2552243
0,0.25770453
0,0.26853132
0,0.257514
0,0.27467558
0,0.25974247
0,0.28432444
0,0.26392302
0,0.28276697
0,0.26461762
0,0.27812102
0,0.2755354
0,0.27663702
0,0.2742914
0,0.27648854
0,0.27327752
0,0.26768047
0,0.2693763
0,0.27343684
0,0.27010447
0,0.27050042
0,0.26816657
0,0.280126
0,0.28091213
0,0.2781222
0,0.2746376
0,0.29278374
0,0.2763702
0,0.28280354
0,0.2732329
0,0.2797178
0,0.27187485
0,0.26217857
0,0.26402605
0,0.27185005
0,0.2665574
0,0.27337056
0,0.26581836
0,0.2747065
0,0.27745095
0,0.28191152
0,0.27031073
0,0.27519473
0,0.26654586
0,0.27675506
0,0.27741507
0,0.2751638
0,0.26743412
0,0.2621921
0,0.26043946
0,0.2651628
0,0.25951168
0,0.26552826
0,0.27525842
0,0.27470714
0,0.26440546
0,0.27451232
0,0.26599047
0,0.2685633
0,0.2604382
0,0.26774386
0,0.26996148
0,0.2658616
0,0.2592443
0,0.26606333
0,0.25752896
0,0.26557642
0,0.2674776
0,0.26939562
0,0.25881836
0,0.36099055
0,0.30619547
0,0.2967999
0,0.2878899
0,0.28083387
0,0.27785602
0,0.274786
0,0.2748998
0,0.2670936
0,0.2687195
0,0.25540796
0,0.26316908
0,0.26290923
0,0.26453644
0,0.28032625
0,0.2712949
0,0.28065825
0,0.27291828
0,0.28091866
0,0.27259794
0,0.28360474
0,0.2738749
0,0.2763179
0,0.2735442
0,0.26548702
0,0.27098638
0,0.27226767
0,0.26755062
0,0.27047214
0,0.2747748
0,0.27593717
0,0.26804844
0,0.2798366
0,0.27076742
0,0.28519782
0,0.28217813
0,0.28013158
0,0.26968253
0,0.2786644
0,0.26950675
0,0.25872004
0,0.2710043
0,0.27373976
0,0.27607268
0,0.27304828
0,0.2653146
0,0.2817212
0,0.26636782
0,0.2741527
0,0.27472442
0,0.27058294
0,0.26429835
0,0.27237716
0,0.26168656
0,0.2674832
0,0.2598326
0,0.26827174
0,0.26103118
0,0.26346475
0,0.25687188
0,0.25502124
0,0.26787618
0,0.263124
0,0.2669992
0,0.26926744
0,0.26866856
0,0.28108352
0,0.27486682
0,0.28498662
0,0.2940966
0,0.27173546
0,0.27330366
0,0.2622362
0,0.26767048
0,0.25902465
0,0.26400146
0,0.26199907
0,0.27050197
0,0.2685018
0,0.26709846
0,0.2792713
0,0.2820637
0,0.28443322
0,0.27420568
0,0.28707263
0,0.27410075
0,0.2773474
0,0.271073
0,0.263546
0,0.5495789
0,0.41361177
0,0.3502838
0,0.32779217
0,0.30229864
0,0.29929456
0,0.28320086
0,0.28750432
0,0.27437642
0,0.27992594
0,0.26932487
0,0.27729142
0,0.26707315
0,0.27554613
0,0.26576293
0,0.2572212
0,0.2584161
0,0.26305366
0,0.2597906
0,0.2656475
0,0.26835346
0,0.27084833
0,0.27152595
0,0.26518393
0,0.25944296
0,0.27567136
0,0.27862564
0,0.27764055
0,0.27683714
0,0.27221197
0,0.2643532
0,0.261368
0,0.27006412
0,0.27067882
0,0.26067728
0,0.2638868
0,0.25744435
0,0.2698177
0,0.2581632
0,0.2710377
0,0.26768935
0,0.27610126
0,0.26233742
0,0.26447675
0,0.25647995
0,0.27496174
0,0.27046943
0,0.26074076
0,0.26801258
0,0.2624283
0,0.26305795
0,0.26613027
0,0.26672375
0,0.26688352
0,0.2670169
0,0.26639542
0,0.26615942
0,0.27995563
0,0.2707388
0,0.27011132
0,0.27993503
0,0.26688507
0,0.2682474
0,0.27250585
0,0.272536
0,0.2650478
0,0.2672414
0,0.2747516
0,0.270335
0,0.27145836
0,0.26737723
0,0.27387992
0,0.2685561
0,0.27656388
0,0.26886073
0,0.2740828
0,0.2676718
0,0.2593572
0,0.26574266
0,0.2665107
0,0.27352569
0,0.27100757
0,0.2669298
0,0.26446143
0,0.26651722
0,0.27182066
0,0.27541426
0,0.2762989
0,0.26854506
0,0.27712563
0,0.26585218
0,0.26760477
0,0.2625299
0,0.2645641
0,0.25910935
0,0.2625354
0,0.25706297
0,0.2690914
0,0.25877893
0,0.26706764
0,0.25806186
0,0.26969552
0,0.25940832
0,0.2611912
0,0.25794494
0,0.2597951
0,0.2640093
0,0.26268518
0,0.2660116
0,0.25856552
0,0.2608075
0,0.25431243
0,0.26128766
0,0.25496897
0,0.26093078
0,0.26485312
1,0.2652861
1,0.26467982
1,0.2715523
1,0.26320565
1,0.28113407
1,0.27471948
1,0.27130008
1,0.26347262
1,0.2652846
1,0.255206
1,0.26044643
1,0.27193707
1,0.26543108
1,0.26966864
1,0.2597085
0,0.8562821
0,0.64572036
0,0.55844176
0,0.4712407
0,0.42888784
0,0.3730352
0,0.32389897
0,0.32246703
0,0.3027096
0,0.27944407
0,0.27418232
0,0.26722562
0,0.25285527
0,0.23208511
0,0.19967405
0,0.16520543
0,0.15349425
0,0.14758384
0,0.13974124
0,0.13912724
0,0.1461314
0,0.15717962
0,0.16878909
0,0.17643636
0,0.19058767
0,0.20186763
0,0.21633543
0,0.22387941
0,0.2366952
0,0.23703378
0,0.26233464
0,0.2571255
0,0.2675305
0,0.2695649
0,0.2726245
0,0.2617176
0,0.26742125
0,0.25873402
0,0.2619228
0,0.2564681
0,0.25804007
0,0.2544604
0,0.2528485
0,0.24995793
0,0.25387964
0,0.25949693
0,0.26154682
0,0.25369588
0,0.25870496
0,0.25772277
0,0.26162156
0,0.26492366
0,0.26817402
0,0.27239916
0,0.268978
0,0.2720953
0,0.26254094
0,0.26560852
0,0.2643176
0,0.27251408
0,0.2735737
0,0.27042073
0,0.26886025
0,0.2668911
0,0.27725556
0,0.27599177
0,0.28072482
0,0.27147824
0,0.27974376
0,0.2766711
0,0.2802464
0,0.2709915
0,0.27626574
0,0.28493416
0,0.27446193
0,0.26888594
0,0.2778608
0,0.26884565
0,0.27818307
0,0.26843107
0,0.27874535
0,0.26796243
0,0.2755105
0,0.26598352
0,0.27474278
0,0.2770049
0,0.27731156
0,0.2668823
0,0.2610179
0,0.27152637
0,0.25453484
0,0.2583037
0,0.25851893
0,0.25603625
0,0.2662684
0,0.25916848
0,0.26788312
0,0.270213
0,0.26757896
0,0.26088876
0,0.26374733
0,0.25698456
0,0.27249092
0,0.28129387
0,0.26557425
0,0.2593736
0,0.2784873
0,0.2617893
0,0.26365566
0,0.27195546
0,0.272661
0,0.26024252
0,0.27273434
0,0.2733027
0,0.27798232
0,0.2723809
0,0.27223736
0,0.27012265
0,0.2673896
0,0.26796296
0,0.25863436
0,0.2688257
0,0.2622666
0,0.26492605
0,0.26455024
0,0.26580843
0,0.26585695
0,0.27434474
0,0.26810467
0,0.2807702
0,0.26653996
0,0.2724877
0,0.2650539
0,0.27854025
0,0.26477987
0,0.26735336
0,0.25828397
0,0.26341233
0,0.25889757
0,0.26134184
0,0.27367696
0,0.26782978
0,0.29541335
0,0.2759611
0,0.2836163
0,0.28519675
0,0.2852333
0,0.2879102
0,0.28999552
0,0.28042543
0,0.27841896
0,0.2770987
0,0.27166674
0,0.28703
0,0.27749732
0,0.27034828
0,0.27233225
0,0.27858827
0,0.27932072
0,0.27417064
0,0.27861914
0,0.26789945
0,0.28012195
0,0.26749003
0,0.27597252
0,0.2764096
0,0.26879632
0,0.26264876
0,0.28038242
0,0.27148104
0,0.26673302
0,0.2715321
0,0.26880816
0,0.2757956
0,0.30619457
0,0.29816628
0,0.27938864
0,0.26861024
0,0.26952207
0,0.26672104
0,0.27172515
0,0.2602314
0,0.27009624
0,0.2583879
0,0.26163357
0,0.26584297
0,0.2616359
0,0.2649887
0,0.3011978
0,0.285115
0,0.27985144
0,0.27712506
0,0.27748632
0,0.273451
0,0.27305418
0,0.27106655
0,0.27435252
0,0.27063453
0,0.2632107
0,0.26538604
0,0.25390384
0,0.2611153
0,0.27722126
0,0.27334562
0,0.26236597
0,0.26491824
0,0.2773349
0,0.2698214
0,0.2808494
0,0.2751445
0,0.2622718
0,0.26357907
0,0.27267435
0,0.26589602
0,0.2661441
0,0.2646979
0,0.26178956
0,0.2613527
0,0.2682868
0,0.26287705
0,0.27561846
0,0.26548174
0,0.27644604
0,0.26576173
0,0.283648
0,0.27044183
0,0.28526646
0,0.27073267
0,0.27634013
0,0.27331775
0,0.26953614
0,0.2637439
0,0.27069658
0,0.26234895
0,0.2657036
0,0.2614583
0,0.27631223
0,0.27732465
0,0.27925017
0,0.2734415
0,0.27818653
0,0.26556024
0,0.27810326
0,0.27364346
0,0.26883784
0,0.2615039
0,0.26713356
0,0.25889182
0,0.25172845
0,0.25718802
0,0.26427653
0,0.25828558
0,0.2696152
0,0.27082902
0,0.27364993
0,0.26271564
0,0.27512816
0,0.27160805
0,0.2796933
0,0.2639033
0,0.27965066
0,0.26314023
0,0.25686464
0,0.25454012
0,0.26287416
0,0.26746854
0,0.28293547
0,0.27350494
0,0.28039062
0,0.27413055
0,0.2803796
0,0.27343407
0,0.28833905
0,0.2770121
0,0.28447098
0,0.27639404
0,0.28122947
0,0.27313244
0,0.26650202
0,0.26759338
0,0.26224884
0,0.26493686
0,0.27216783
0,0.268243
0,0.2853203
0,0.27165654
0,0.28424138
0,0.28265518
0,0.26190174
0,0.26988882
0,0.28194156
0,0.27007025
0,0.2846899
0,0.2732276
0,0.26126474
0,0.26226223
0,0.2531117
0,0.25657722
0,0.2634658
0,0.27081627
0,0.25857317
0,0.27522108
0,0.27579954
0,0.2777221
0,0.28405514
0,0.2860556
0,0.28811997
0,0.27270177
0,0.27720383
0,0.26760074
0,0.2700654
0,0.26250172
0,0.26714376
0,0.2607167
0,0.26502156
0,0.25900665
0,0.28638464
0,0.2954379
0,0.28307444
0,0.26948628
0,0.28239793
0,0.28108126
0,0.28720772
0,0.26799905
0,0.27337947
0,0.27416563
0,0.26321554
0,0.2585336
0,0.2629307
0,0.2659297
0,0.2639752
0,0.26620236
0,0.26420426
0,0.2683058
0,0.2872049
0,0.2753585
0,0.29664758
0,0.28087857
0,0.28906566
0,0.2778765
0,0.27475464
0,0.2715111
0,0.28351203
0,0.27285135
0,0.2789892
0,0.32521868
0,0.30867255
0,0.28957215
0,0.298761
0,0.28435898
0,0.29707724
0,0.27745345
0,0.2925053
0,0.27741632
0,0.2968989
0,0.27838725
0,0.27705064
0,0.27078494
0,0.26538306
0,0.26549488
0,0.27197355
0,0.26052028
0,0.2703992
0,0.26434824
0,0.27994862
0,0.26868883
0,0.28521132
0,0.27342376
0,0.29203352
0,0.2721659
0,0.2657106
0,0.26147974
0,0.26890394
0,0.26184607
0,0.25713083
0,0.25735295
0,0.25361642
0,0.2531702
0,0.24686159
0,0.26123682
0,0.25731832
0,0.26052052
0,0.28248894
0,0.28397363
0,0.2870621
0,0.2829306
0,0.28291303
0,0.26758876
0,0.26412925
0,0.25856203
0,0.26460493
0,0.26624346
0,0.2672947
0,0.26786327
0,0.28985268
0,0.27620438
0,0.29483384
0,0.27982584
0,0.29685703
0,0.28159717
0,0.29704928
0,0.28692472
0,0.2942917
0,0.2806363
0,0.26919428
0,0.3360235
0,0.29358774
0,0.28624454
0,0.27910393
0,0.27411264
0,0.29268163
0,0.27696252
0,0.34044963
0,0.2949467
0,0.28427985
0,0.31310862
0,0.28595054
0,0.2826997
0,0.2901012
0,0.28093705
0,0.26686576
0,0.2679381
0,0.31676272
0,0.2829679
0,0.27564284
0,0.2961254
0,0.29757708
0,0.27897272
0,0.27282485
0,0.26815566
0,0.26598558
0,0.26961747
0,0.3049963
0,0.28812897
0,0.2934146
0,0.29052663
0,0.2705655
0,0.26764938
0,0.2747322
0,0.27620134
0,0.27586672
0,0.27179098
0,0.285204
0,0.26837388
0,0.2651023
0,0.2718462
0,0.28619558
0,0.28277555
0,0.29441312
0,0.28724235
0,0.2875898
0,0.2821682
0,0.28194425
0,0.28006294
0,0.26729402
0,0.2726399
0,0.2625669
0,0.27492762
0,0.2989676
0,0.2826706
0,0.29283398
0,0.29411116
0,0.29358393
0,0.28313005
0,0.29774386
0,0.28299892
0,0.28373417
0,0.26733196
0,0.27198088
0,0.27315444
0,0.2614103
0,0.26619473
0,0.26796034
0,0.27017766
0,0.29088056
0,0.27790082
0,0.30009937
0,0.28100744
0,0.29898852
0,0.2830517
0,0.29544443
0,0.28190392
0,0.2764947
0,0.27330926
0,0.26351205
0,0.26831797
0,0.26742405
0,0.26518652
0,0.27074924
0,0.265875
0,0.26615265
0,0.26427138
0,0.28518257
0,0.26979625
0,0.29107746
0,0.28352976
0,0.29233772
0,0.275418
0,0.2755279
0,0.26839054
0,0.25903043
0,0.2609442
0,0.26130226
0,0.25879347
0,0.258775
0,0.26808277
0,0.28145412
0,0.26686776
0,0.2849443
0,0.26913622
0,0.28619087
0,0.27044868
0,0.28344992
0,0.2797299
0,0.2819462
0,0.27234972
0,0.276897
0,0.27622986
0,0.26585835
0,0.27173728
0,0.2849008
0,0.26669455
0,0.2821617
0,0.26555505
0,0.28560218
0,0.28095773
0,0.29123068
0,0.27096543
0,0.29330456
0,0.2775212
0,0.273664
0,0.27219883
0,0.2641531
0,0.27044156
0,0.265788
0,0.27088723
0,0.29184186
0,0.27836263
0,0.3013576
0,0.2781771
0,0.2908112
0,0.27918202
0,0.30282035
0,0.28458542
0,0.2963714
0,0.2815956
0,0.27418235
0,0.27395353
0,0.26146564
0,0.27700835
0,0.27098116
0,0.26836452
0,0.288904
0,0.27562487
0,0.29719886
0,0.2788339
0,0.2950818
0,0.28020528
0,0.27543408
0,0.27622345
0,0.28765562
0,0.2747529
0,0.27119014
0,0.27287337
0,0.2663903
0,0.26751277
0,0.2656967
0,0.26674497
0,0.28598472
0,0.27060103
0,0.35182166
0,0.29734784
0,0.3086616
0,0.28520855
0,0.29804504
0,0.28281283
0,0.2944853
0,0.27602148
0,0.27065292
0,0.26582846
0,0.26392293
0,0.27158305
0,0.28640145
0,0.27545413
0,0.2828691
0,0.28661817
0,0.29835367
0,0.2774222
0,0.2966435
0,0.27401716
0,0.28842735
0,0.2708954
0,0.27968043
0,0.27637407
0,0.27111515
0,0.27931803
0,0.29196277
0,0.26969257
0,0.2654405
0,0.27628922
0,0.27444452
0,0.27484313
0,0.30797452
0,0.28594923
0,0.2906377
0,0.281413
0,0.29464257
0,0.28123632
0,0.2809535
0,0.28221774
0,0.2779985
0,0.27576575
0,0.27492115
0,0.27193412
0,0.29427618
0,0.27831668
0,0.29824677
0,0.28038296
0,0.275289
0,0.27328414
0,0.2937581
0,0.27800792
0,0.27823296
0,0.27507436
0,0.2833842
0,0.273474
0,0.26589277
0,0.2683787
0,0.26729026
0,0.26551598
0,0.28457
0,0.27205074
0,0.28932953
0,0.2753304
0,0.30330145
0,0.27958977
0,0.2940027
0,0.27820155
0,0.2890391
0,0.28796643
0,0.27976325
0,0.270778
0,0.27773088
0,0.26768267
0,0.26546922
0,0.27393553
0,0.288994
0,0.2822276
0,0.2732139
0,0.2750356
0,0.28762493
0,0.27227166
0,0.2668825
0,0.26248956
0,0.2774098
0,0.26365864
0,0.26496655
0,0.26326287
0,0.2705636
0,0.26686403
0,0.27221498
0,0.27313465
0,0.26338914
0,0.25858974
0,0.28031692
0,0.26639643
0,0.28150898
0,0.2638272
0,0.28082165
0,0.2692514
0,0.28289127
0,0.27524826
0,0.26763383
0,0.27481568
0,0.26002908
0,0.27031332
0,0.26929298
0,0.26881564
0,0.2774536
0,0.2704182
0,0.3012755
0,0.3162015
0,0.2906326
0,0.28181458
0,0.27944082
0,0.2730784
0,0.273906
0,0.27416426
0,0.26472032
0,0.26551574
0,0.26595512
0,0.26428136
0,0.2650956
0,0.2633065
0,0.28534302
0,0.27082217
0,0.28743237
0,0.27280086
0,0.2619292
0,0.26858613
0,0.2903598
0,0.2729774
0,0.2843229
0,0.27220845
0,0.2629406
0,0.27445576
0,0.27601755
0,0.26741144
0,0.26819304
0,0.2752598
0,0.29268217
0,0.28803962
0,0.2747416
0,0.2787095
0,0.29270416
0,0.28385535
0,0.29428518
0,0.27378085
0,0.2862613
0,0.2701952
0,0.28276044
0,0.26751038
0,0.26450685
0,0.26044223
0,0.2797597
0,0.26384616
0,0.2826811
0,0.26674742
0,0.28468943
0,0.27245414
0,0.2875617
0,0.27498302
0,0.28952494
0,0.28032306
0,0.2842021
0,0.26707503
0,0.28238955
0,0.26772767
0,0.26490018
0,0.268406
0,0.28013426
0,0.27350444
0,0.28456342
0,0.27968773
0,0.2896376
0,0.27813333
0,0.2671373
0,0.27376986
0,0.28224865
0,0.27292952
0,0.27764854
0,0.27120012
0,0.2595029
0,0.2646822
0,0.26697287
0,0.26957923
0,0.2908399
0,0.27588668
0,0.29722354
0,0.2783907
0,0.33239007
0,0.29121494
0,0.30649823
0,0.28458756
0,0.30376205
0,0.28294054
0,0.2840293
0,0.27335924
0,0.2715139
0,0.2631389
0,0.26941946
0,0.2638956
0,0.28740272
0,0.2726678
0,0.2907503
0,0.28489026
0,0.29705435
0,0.27769998
0,0.2948086
0,0.2838496
0,0.2921845
0,0.274142
0,0.27468473
0,0.27721795
0,0.26346785
0,0.2729269
0,0.2718069
0,0.2780349
0,0.27887827
0,0.27688125
0,0.2894164
0,0.28668573
0,0.29215184
0,0.2729993
0,0.2880335
0,0.27241644
0,0.28318748
0,0.2669793
0,0.27293617
0,0.27330244
0,0.26095587
0,0.25947967
0,0.26797512
0,0.25889382
0,0.27565506
0,0.26134062
0,0.25763464
0,0.25390685
0,0.28707677
0,0.2740423
0,0.27062348
0,0.2710214
0,0.27722174
0,0.27498114
0,0.27608192
0,0.279606
0,0.2777462
0,0.2731549
0,0.27168182
0,0.27167958
0,0.29089692
0,0.2761588
0,0.2867169
0,0.27720377
0,0.29413357
0,0.27829337
0,0.3009695
0,0.28561744
0,0.27814928
0,0.27944583
0,0.27060905
0,0.27372047
0,0.27254725
0,0.26802197
0,0.28407893
0,0.27122107
0,0.29501107
0,0.27797806
0,0.29627427
0,0.27879643
0,0.2953842
0,0.27722374
0,0.29435626
0,0.27743754
0,0.28804964
0,0.27383035
0,0.26509959
0,0.2751576
0,0.26787308
0,0.25966555
0,0.26181224
0,0.26005396
0,0.28175008
0,0.26592654
0,0.28904754
0,0.2699836
0,0.26731226
0,0.26300845
0,0.2639069
0,0.25895834
0,0.2745986
0,0.2635038
0,0.255744
0,0.26530048
0,0.2774328
0,0.26326627
0,0.28246206
0,0.265207
0,0.28548867
0,0.26542258
0,0.27781615
0,0.26280165
0,0.28341207
0,0.27476767
0,0.27561834
0,0.26272693
0,0.27480754
0,0.2717252
0,0.27601993
0,0.27230373
0,0.26801294
0,0.26977572
0,0.26026016
0,0.26617017
0,0.27788165
0,0.27199674
0,0.28169778
0,0.28543028
0,0.26719767
0,0.28277898
0,0.27537364
0,0.27162772
0,0.275867
0,0.2709228
0,0.2633936
0,0.26641646
0,0.2824408
0,0.27141377
0,0.27099505
0,0.26785922
0,0.2883284
0,0.2740679
0,0.29826006
0,0.29064098
0,0.2997035
0,0.28129202
0,0.29555508
0,0.28036723
0,0.27685508
0,0.2755797
0,0.2615327
0,0.26543993
0,0.2651536
0,0.26346308
0,0.2848243
0,0.27180484
0,0.29194644
0,0.27415207
0,0.26954758
0,0.27899918
0,0.28282854
0,0.27115023
0,0.28693825
0,0.2730185
0,0.26730776
0,0.27515283
0,0.2787562
0,0.2808669
0,0.2822837
0,0.285833
0,0.2931243
0,0.28640208
0,0.29438448
0,0.27532625
0,0.28537723
0,0.27155787
0,0.287751
0,0.28051707
0,0.28536835
0,0.28278166
0,0.27889723
0,0.26877075
0,0.26401326
0,0.2598783
0,0.28258073
0,0.27685767
0,0.29097316
0,0.28468513
0,0.2954248
0,0.27311543
0,0.28530243
0,0.2685529
0,0.28196028
0,0.27770907
0,0.28416994
0,0.26691553
0,0.2648756
0,0.27071708
0,0.26265275
0,0.2700315
0,0.25912297
0,0.26560366
0,0.2764487
0,0.27824053
0,0.2952637
0,0.27986863
0,0.29891998
0,0.28181857
0,0.30073136
0,0.28217396
0,0.29734933
0,0.2808649
0,0.27113226
0,0.27195027
0,0.27570003
0,0.2713407
0,0.27024153
0,0.2689802
0,0.28856766
0,0.27314365
0,0.2947979
0,0.28045258
0,0.29447156
0,0.27871966
0,0.2960807
0,0.27809885
0,0.28957996
0,0.27571344
0,0.26650473
0,0.27841216
0,0.27035207
0,0.26634043
0,0.26884538
0,0.2634604
0,0.30106273
0,0.2744527
0,0.27607346
0,0.28327775
0,0.29536536
0,0.28782037
0,0.2990168
0,0.2916486
0,0.29187152
0,0.27453172
0,0.2694308
0,0.26796243
0,0.2654848
0,0.2614155
0,0.27113655
0,0.27609694
0,0.29070264
0,0.28749776
0,0.29409623
0,0.28582504
0,0.29226586
0,0.27235964
0,0.28815135
0,0.27945024
0,0.28300205
0,0.2772522
0,0.26304394
0,0.26958168
0,0.2606053
0,0.26647323
0,0.27827683
0,0.2722145
0,0.27717406
0,0.2722106
0,0.28358456
0,0.27408612
0,0.27720052
0,0.27470583
0,0.28454715
0,0.2786036
0,0.28237993
0,0.2742371
0,0.27635363
0,0.2711852
0,0.2717382
0,0.26974928
0,0.29201204
0,0.27519614
0,0.29506493
0,0.27706018
0,0.2958952
0,0.28273925
0,0.29793102
0,0.27947193
0,0.29129103
0,0.27623665
0,0.27645278
0,0.28024927
0,0.26246953
0,0.26628882
0,0.2649245
0,0.2731186
0,0.28747186
0,0.27206436
0,0.29292947
0,0.27444577
0,0.2904735
0,0.27393392
0,0.28918248
0,0.28943
0,0.27449632
0,0.27945843
0,0.27288967
0,0.2689509
0,0.27563137
0,0.27865764
0,0.2813936
0,0.2800401
0,0.29358703
0,0.28538245
0,0.29643145
0,0.287831
0,0.29383746
0,0.27456284
0,0.29283285
0,0.28884533
0,0.2893569
0,0.2924548
0,0.28507087
0,0.27185887
0,0.26595834
0,0.27603966
0,0.26449135
0,0.2702755
0,0.2827162
0,0.27676287
0,0.29388875
0,0.2808819
0,0.2857545
0,0.27853748
0,0.26608008
0,0.26213485
0,0.2729745
0,0.26990873
0,0.27074513
0,0.2724965
0,0.27076167
0,0.27416098
0,0.27478978
0,0.27154723
0,0.29122317
0,0.27770793
0,0.30090597
0,0.28068385
0,0.29137614
0,0.28153723
0,0.29566893
0,0.28254282
0,0.29330435
0,0.27771184
0,0.26669642
0,0.2706758
0,0.27152783
0,0.26621598
0,0.2624813
0,0.26218212
0,0.28184035
0,0.2683747
0,0.2972647
0,0.28555703
0,0.29367813
0,0.27561674
0,0.2911303
0,0.27323598
0,0.28805816
0,0.27179933
0,0.26748833
0,0.26330975
0,0.27215755
0,0.27395043
0,0.27700981
0,0.27709037
0,0.28922993
0,0.27064276
0,0.2895933
0,0.27753043
0,0.29177022
0,0.28342372
0,0.29292163
0,0.2883335
0,0.28727803
0,0.28996536
0,0.2716664
0,0.27915347
0,0.26602125
0,0.26018554
0,0.277803
0,0.2619472
0,0.2787837
0,0.2737535
0,0.2822812
0,0.2744168
0,0.28522903
0,0.2878332
0,0.29209316
0,0.27886683
0,0.28134713
0,0.27478933
0,0.26492727
0,0.2685239
0,0.2711785
0,0.2677104
0,0.2685623
0,0.26582494
0,0.2884873
0,0.27395642
0,0.29349136
0,0.2833588
0,0.3006
0,0.27939838
0,0.29891887
0,0.27891383
0,0.28434473
0,0.28462192
0,0.27248257
0,0.26897153
0,0.26937592
0,0.2692692
0,0.29004833
0,0.2855476
0,0.2967517
0,0.27642104
0,0.29498285
0,0.286854
0,0.2891413
0,0.27426085
0,0.2722813
0,0.27738655
0,0.2763682
0,0.277959
0,0.2696291
0,0.27496222
0,0.2674026
0,0.27384067
0,0.28816882
0,0.28009176
0,0.29472622
0,0.28398642
0,0.30865738
0,0.27778363
0,0.29591563
0,0.2847233
0,0.29126367
0,0.28519335
0,0.26799512
0,0.2631705
0,0.2626326
0,0.26188773
0,0.27744102
0,0.2817533
0,0.27573565
0,0.2743207
0,0.28482077
0,0.27780685
0,0.28050226
0,0.27651578
0,0.292204
0,0.2804079
0,0.2841983
0,0.2766495
0,0.26871112
0,0.2786499
0,0.2745461
0,0.27376914
0,0.26224443
0,0.2656581
0,0.2771235
0,0.26564032
0,0.3376949
0,0.2930739
0,0.29905927
0,0.3346352
0,0.29769477
0,0.2868416
0,0.2874415
0,0.2798178
0,0.26855937
0,0.2687867
0,0.3212115
0,0.28595796
0,0.28722385
0,0.31108564
0,0.3075393
0,0.2896777
0,0.3065171
0,0.28609508
0,0.29929397
0,0.2804999
0,0.314842
0,0.28772944
0,0.29484472
0,0.2996089
0,0.2816334
0,0.2731641
0,0.26967794
0,0.2771521
0,0.2691295
0,0.26380628
0,0.31452438
0,0.29130885
0,0.30224705
0,0.28956348
0,0.29702508
0,0.28743818
0,0.29571638
0,0.28473553
0,0.2905536
0,0.27576637
0,0.29702783
0,0.27324495
0,0.2688261
0,0.27539495
0,0.2983453
0,0.2827674
0,0.275583
0,0.2652165
0,0.28753147
0,0.26681024
0,0.28347844
0,0.2673641
0,0.28424323
0,0.27990374
0,0.27822626
0,0.26529852
0,0.25462273
0,0.27573878
0,0.26299283
0,0.26805994
0,0.28059
0,0.27731118
0,0.2842725
0,0.28781465
0,0.2893753
0,0.27850777
0,0.28559458
0,0.2791073
0,0.27625445
0,0.272607
0,0.27671435
0,0.271095
0,0.27152544
0,0.26972634
0,0.26928473
0,0.2661688
0,0.280845
0,0.2761467
0,0.2869095
0,0.2730416
0,0.29841307
0,0.27873012
0,0.29819447
0,0.32110143
0,0.2808573
0,0.27584752
0,0.27794454
0,0.26920375
0,0.2624383
0,0.263509
0,0.26484308
0,0.27927178
0,0.2731942
0,0.2659101
0,0.26635325
0,0.27420294
0,0.2828549
0,0.27249005
0,0.25975516
0,0.26058373
0,0.27975902
0,0.28166452
0,0.27966708
0,0.2676032
0,0.2596702
0,0.26910928
0,0.26344365
0,0.25900647
0,0.28098908
0,0.27491722
0,0.29050517
0,0.271356
0,0.2893032
0,0.27937225
0,0.29633465
0,0.28519523
0,0.28813502
0,0.27052617
0,0.27274123
0,0.26233593
0,0.26260823
0,0.2714526
0,0.26363808
0,0.26727682
0,0.28365594
0,0.27390352
0,0.28757083
0,0.27936843
0,0.29012758
0,0.2781027
0,0.2919951
0,0.28061974
0,0.28624448
0,0.27250895
0,0.27991152
0,0.27266845
0,0.28331202
0,0.27235463
0,0.2859216
0,0.27519354
0,0.2879596
0,0.2761454
0,0.28577733
0,0.27465048
0,0.2868141
0,0.27891013
0,0.28564498
0,0.2747385
0,0.28470117
0,0.2730923
0,0.26958477
0,0.26814985
0,0.26973337
0,0.26646644
0,0.29977316
0,0.27581564
0,0.29081807
0,0.28591302
0,0.2875717
0,0.27459395
0,0.2933848
0,0.2738722
0,0.29500106
0,0.2854305
0,0.2923051
0,0.28532514
0,0.2702161
0,0.2636717
0,0.26624808
0,0.27311155
0,0.26743573
0,0.27291906
0,0.28765944
0,0.28030038
0,0.29349285
0,0.2752627
1,0.2971577
1,0.28296253
1,0.29724094
1,0.27464187
1,0.28574687
1,0.26747003
1,0.2644946
1,0.26047137
1,0.2606952
1,0.25535178
1,0.2565135
1,0.26206556
1,0.27833468
1,0.27429116
1,0.26552466
0,0.8586296
0,0.8867609
0,0.8001146
0,0.7118338
0,0.65618587
0,0.6136385
0,0.49649376
0,0.4025514
0,0.32990435
0,0.28760013
0,0.23222348
0,0.21715945
0,0.17756541
0,0.1704452
0,0.14645143
0,0.14133291
0,0.13241471
0,0.13296193
0,0.12665667
0,0.1214072
0,0.1210071
0,0.12457604
0,0.124885425
0,0.12573493
0,0.13298705
0,0.1448636
0,0.15823953
0,0.18466339
0,0.20232189
0,0.22042492
0,0.29382607
0,0.29139596
0,0.30709955
0,0.2813871
0,0.28038418
0,0.28282154
0,0.27752241
0,0.2706707
0,0.27795237
0,0.26275465
0,0.26589262
0,0.28843042
0,0.27300587
0,0.28814
0,0.27496514
0,0.2850226
0,0.27354276
0,0.27770486
0,0.26937395
0,0.28134164
0,0.2697417
0,0.27485475
0,0.2677548
0,0.25954
0,0.26108456
0,0.2545471
0,0.25674218
0,0.27375042
0,0.2621598
0,0.2778893
0,0.2657543
0,0.28691465
0,0.26930368
0,0.28920072
0,0.27577135
0,0.29338914
0,0.2846572
0,0.2768751
0,0.26663622
0,0.2608379
0,0.270564
0,0.26475155
0,0.25921386
0,0.28875178
0,0.26705542
0,0.2878385
0,0.27788445
0,0.28996953
0,0.28048253
0,0.29533827
0,0.288616
0,0.29007038
0,0.28024444
0,0.27446857
0,0.27545297
0,0.27830124
0,0.27491438
0,0.26629543
0,0.26919094
0,0.2826639
0,0.2735082
0,0.2864717
0,0.27479702
0,0.28766918
0,0.27523425
0,0.29048058
0,0.27637544
0,0.29137805
0,0.27710545
0,0.27036226
0,0.2686409
0,0.27178884
0,0.26738122
0,0.25981238
0,0.2621686
0,0.27566993
0,0.2665588
0,0.2789302
0,0.26908776
0,0.28197828
0,0.27070814
0,0.27983028
0,0.274721
0,0.2917503
0,0.27404717
0,0.26798853
0,0.2648398
0,0.27071154
0,0.27000117
0,0.27377164
0,0.2821561
0,0.28885868
0,0.27281508
0,0.28465268
0,0.27683207
0,0.27498436
0,0.26784214
0,0.28813726
0,0.28067288
0,0.28990626
0,0.26790574
0,0.26546925
0,0.27223432
0,0.26633716
0,0.27108684
0,0.26616788
0,0.26243654
0,0.28644517
0,0.27050292
0,0.28887323
0,0.2785434
0,0.29181942
0,0.26943886
0,0.29072425
0,0.29620105
0,0.29555205
0,0.28355542
0,0.27395618
0,0.27417552
0,0.2618293
0,0.2566193
0,0.26374936
0,0.2651861
0,0.27506775
0,0.2737373
0,0.29141852
0,0.27746132
0,0.29109755
0,0.27690464
0,0.2884128
0,0.2757904
0,0.28468952
0,0.27371588
0,0.26193395
0,0.26431
0,0.27002627
0,0.26640818
0,0.27654272
0,0.2693104
0,0.28290442
0,0.2717463
0,0.28657082
0,0.272179
0,0.28258774
0,0.27370122
0,0.2882505
0,0.2766101
0,0.28661644
0,0.29132146
0,0.2851671
0,0.27241042
0,0.2878201
0,0.29814503
0,0.2716301
0,0.26835582
0,0.28511065
0,0.2811137
0,0.29276073
0,0.29060254
0,0.3042009
0,0.2955993
0,0.30721125
0,0.2985054
0,0.2889085
0,0.28513125
0,0.26969984
0,0.27524588
0,0.27371296
0,0.27635476
0,0.29774642
0,0.29009327
0,0.29983562
0,0.29393116
0,0.30730802
0,0.2958548
0,0.30996966
0,0.3114207
0,0.2902754
0,0.28906953
0,0.282743
0,0.28453344
0,0.26893234
0,0.27230656
0,0.26733902
0,0.25829345
0,0.2625354
0,0.25504062
0,0.28033972
0,0.28138795
0,0.29117844
0,0.26760608
0,0.333727
0,0.28990644
0,0.29585594
0,0.30811903
0,0.2881947
0,0.29183963
0,0.28122765
0,0.2781762
0,0.28884512
0,0.2768933
0,0.30727217
0,0.2821758
0,0.29384992
0,0.2774488
0,0.30581746
0,0.29842913
0,0.28080398
0,0.27446702
0,0.2963109
0,0.2761567
0,0.27183783
0,0.2672185
0,0.25807273
0,0.2613483
0,0.27376616
0,0.26501626
0,0.28525555
0,0.27307567
0,0.28307742
0,0.28703254
0,0.28965542
0,0.28446892
0,0.29992855
0,0.28814018
0,0.29714954
0,0.2882438
0,0.27393806
0,0.29095006
0,0.27865368
0,0.27148005
0,0.27948177
0,0.2784362
0,0.30019182
0,0.27470776
0,0.29716104
0,0.27547878
0,0.27379337
0,0.27536786
0,0.28999746
0,0.2703573
0,0.27137566
0,0.27374727
0,0.27178752
0,0.27307674
0,0.2680207
0,0.26049662
0,0.26502728
0,0.25778356
0,0.28526524
0,0.2751664
0,0.26826948
0,0.26012808
0,0.28117195
0,0.26226333
0,0.28501385
0,0.26820555
0,0.2811018
0,0.2790552
0,0.26556778
0,0.26945063
0,0.27002212
0,0.27799577
0,0.26698533
0,0.26790366
0,0.2664959
0,0.26756
0,0.2722741
0,0.2798988
0,0.28277057
0,0.27402237
0,0.28529453
0,0.27389744
0,0.27988827
0,0.27404374
0,0.27988905
0,0.2749446
0,0.2751442
0,0.26994407
0,0.28672886
0,0.27315718
0,0.28838682
0,0.27486068
0,0.2850564
0,0.2744666
0,0.2846855
0,0.27665192
0,0.28678817
0,0.27365544
0,0.2775663
0,0.27245015
0,0.26624763
0,0.2757061
0,0.26249966
0,0.2848382
0,0.29168633
0,0.29397458
0,0.29930055
0,0.30680782
0,0.31443462
0,0.30424637
0,0.31101173
0,0.28455794
0,0.29831034
0,0.30131012
0,0.28704548
0,0.2874498
0,0.27955693
0,0.2709754
0,0.27216896
0,0.26497614
0,0.2662959
0,0.2737775
0,0.29499778
0,0.29021627
0,0.30904964
0,0.31602526
0,0.3091742
0,0.2863126
0,0.29758334
0,0.28753048
0,0.27952302
0,0.28149307
0,0.27814782
0,0.27787784
0,0.2665067
0,0.26466152
0,0.29414
0,0.28032148
0,0.29159036
0,0.2699609
0,0.29470095
0,0.28152278
0,0.29657376
0,0.2714064
0,0.28552687
0,0.31356856
0,0.28449273
0,0.27138585
0,0.2861853
0,0.27898288
0,0.29172996
0,0.281976
0,0.2896103
0,0.27838925
0,0.2942462
0,0.28216645
0,0.29685664
0,0.2965563
0,0.29266927
0,0.28057325
0,0.29286996
0,0.2812917
0,0.27192706
0,0.27009952
0,0.25763014
0,0.26369724
0,0.25486833
0,0.2599906
0,0.27690893
0,0.26910105
0,0.27802572
0,0.27235198
0,0.28375462
0,0.27032137
0,0.2819902
0,0.2823352
0,0.29316223
0,0.27538714
0,0.26803297
0,0.26529244
0,0.2658442
0,0.26281735
0,0.2625119
0,0.26618952
0,0.2834913
0,0.26841733
0,0.2892098
0,0.26997152
0,0.27779338
0,0.2774087
0,0.26810983
0,0.26233178
0,0.2796477
0,0.276066
0,0.27401146
0,0.27641016
0,0.26734468
0,0.27190194
0,0.2642106
0,0.2596141
0,0.2799596
0,0.26266468
0,0.28333935
0,0.2676274
0,0.29088455
0,0.28241405
0,0.2910212
0,0.26887769
0,0.28052032
0,0.26428187
0,0.25947177
0,0.2665048
0,0.27069405
0,0.2700283
0,0.27358374
0,0.26960316
0,0.2645851
0,0.2700908
0,0.28793743
0,0.27547318
0,0.2841895
0,0.27513555
0,0.2845912
0,0.27481085
0,0.28150678
0,0.27461693
0,0.26226923
0,0.26693645
0,0.27146298
0,0.27017173
0,0.28024063
0,0.2710458
0,0.28305188
0,0.27704427
0,0.28329977
0,0.27238634
0,0.30574873
0,0.2869086
0,0.29966488
0,0.28115556
0,0.28150755
0,0.2834581
0,0.27368975
0,0.26951522
0,0.26667652
0,0.26422837
0,0.28852963
0,0.27235717
0,0.29548517
0,0.28108463
0,0.27414516
0,0.26790243
0,0.2863675
0,0.28089827
0,0.28402653
0,0.28283527
0,0.27611935
0,0.26680413
0,0.2578553
0,0.27428508
0,0.26558128
0,0.26045558
0,0.2830071
0,0.26607728
0,0.25887161
0,0.25884253
0,0.25826615
0,0.2655584
0,0.27999607
0,0.26393378
0,0.2633529
0,0.2684089
0,0.26538762
0,0.2707854
0,0.26042682
0,0.2669467
0,0.2603283
0,0.26762348
0,0.28023958
0,0.27415192
0,0.2885115
0,0.27779603
0,0.2891537
0,0.27810258
0,0.28774688
0,0.2856635
0,0.29767343
0,0.28191152
0,0.2766779
0,0.26298663
0,0.26055184
0,0.26418373
0,0.26201457
0,0.26677
0,0.2804389
0,0.270053
0,0.28419405
0,0.27712896
0,0.288705
0,0.27506322
0,0.28451127
0,0.27328435
0,0.28941387
0,0.27534303
0,0.265007
0,0.26858547
0,0.27225316
0,0.28311428
0,0.27838787
0,0.2730403
0,0.293043
0,0.27633783
0,0.30712354
0,0.28798786
0,0.29450965
0,0.28120467
0,0.26613495
0,0.2668884
0,0.2957156
0,0.27353007
0,0.2690775
0,0.26852077
0,0.26810607
0,0.26639345
0,0.26627558
0,0.26205993
0,0.2847374
0,0.26749608
0,0.266193
0,0.27723652
0,0.26952535
0,0.27685872
0,0.28877422
0,0.28735965
0,0.28965107
0,0.28831506
0,0.2693001
0,0.267193
0,0.2657852
0,0.27097362
0,0.26519018
0,0.2699673
0,0.29054236
0,0.26902914
0,0.29053947
0,0.26785812
0,0.28725812
0,0.27828276
0,0.29257363
0,0.28308603
0,0.28668177
0,0.28025275
0,0.26637942
0,0.270895
0,0.26464856
0,0.2585221
0,0.2774794
0,0.26023448
0,0.3818843
0,0.31346044
0,0.3159764
0,0.29963157
0,0.30304387
0,0.28644037
0,0.2945576
0,0.28067836
0,0.2839518
0,0.2762372
0,0.2667782
0,0.26799288
0,0.271641
0,0.26790085
0,0.27992404
0,0.27083954
0,0.27302888
0,0.26770622
0,0.28443778
0,0.27111205
0,0.2804193
0,0.2704631
0,0.28104126
0,0.27215755
0,0.27674913
0,0.26824525
0,0.2607393
0,0.26153043
0,0.2546505
0,0.25734228
0,0.2717713
0,0.26372907
0,0.2829857
0,0.29174823
0,0.28877255
0,0.27327383
0,0.2821846
0,0.2686555
0,0.28679645
0,0.27125663
0,0.274539
0,0.26500735
0,0.26745582
0,0.27313322
0,0.26782146
0,0.2727778
0,0.2849192
0,0.28948152
0,0.30181867
0,0.28720036
0,0.30803028
0,0.29078573
0,0.30033836
0,0.27706918
0,0.29418522
0,0.28358683
0,0.2779319
0,0.27738762
0,0.26219755
0,0.26984504
0,0.26454285
0,0.2691517
0,0.2838215
0,0.2664516
0,0.28560323
0,0.28139818
0,0.29530412
0,0.28769162
0,0.29106373
0,0.29102522
0,0.291665
0,0.29387435
0,0.28194898
0,0.2673061
0,0.2800276
0,0.2740759
0,0.27118534
0,0.26969567
0,0.27834615
0,0.27113673
0,0.283985
0,0.27385
0,0.2650486
0,0.26654541
0,0.2628109
0,0.26365295
0,0.26833287
0,0.264982
0,0.2623839
0,0.26298615
0,0.26748803
0,0.26576024
0,0.2675819
0,0.2646189
0,0.27591822
0,0.26785746
0,0.27915767
0,0.2694494
0,0.28106305
0,0.27066904
0,0.2801238
0,0.26823017
0,0.28409287
0,0.2710445
0,0.27061284
0,0.26543474
0,0.2680348
0,0.263618
0,0.26451522
0,0.2697043
0,0.28631726
0,0.2697837
0,0.2896472
0,0.27198613
0,0.28929383
0,0.27218333
0,0.2915167
0,0.27599698
0,0.28648475
0,0.2826555
0,0.2677709
0,0.27487335
0,0.2678
0,0.27712536
0,0.2684133
0,0.27393118
0,0.28795466
0,0.27293843
0,0.2848104
0,0.27936482
0,0.2908761
0,0.270827
0,0.2891281
0,0.280904
0,0.28638485
0,0.2804064
0,0.264739
0,0.27121645
0,0.26055068
0,0.25745666
0,0.28997377
0,0.27946344
0,0.28950518
0,0.27929702
0,0.27179706
0,0.28041595
0,0.29027548
0,0.27991566
0,0.28462163
0,0.27741134
0,0.28296384
0,0.26575905
0,0.2642535
0,0.26810384
0,0.2713506
0,0.25842038
0,0.281498
0,0.27249828
0,0.26792854
0,0.26877835
0,0.28105274
0,0.2761195
0,0.2863806
0,0.27571744
0,0.288223
0,0.27640626
0,0.27967587
0,0.2727519
0,0.26871893
0,0.2685235
0,0.27023253
0,0.28449392
0,0.2965929
0,0.27831045
0,0.29797122
0,0.27983254
0,0.2661728
0,0.26851836
0,0.29979208
0,0.28996927
0,0.29700178
0,0.27904204
0,0.2793577
0,0.27165192
0,0.26797867
0,0.26801047
0,0.26635394
0,0.26261953
0,0.26857212
0,0.27389812
0,0.28972837
0,0.27122685
0,0.29076996
0,0.27208662
0,0.26974082
0,0.26505026
0,0.28999546
0,0.2829023
0,0.27122056
0,0.27629802
0,0.259445
0,0.27281564
0,0.2673182
0,0.27219325
0,0.2641258
0,0.27230665
0,0.2839449
0,0.27873856
0,0.28215042
0,0.27826083
0,0.2945555
0,0.2879136
0,0.29768574
0,0.28615108
0,0.28035998
0,0.26913193
0,0.2646966
0,0.27195072
0,0.26868588
0,0.2724114
0,0.28559828
0,0.27834472
0,0.29067433
0,0.26957533
0,0.28700575
0,0.27879012
0,0.29027942
0,0.2900503
0,0.3044163
0,0.297158
0,0.28065747
0,0.28120863
0,0.26934335
0,0.26589313
0,0.2845063
0,0.27723894
0,0.28449222
0,0.2774927
0,0.28677765
0,0.28253382
0,0.29809672
0,0.28482533
0,0.2797328
0,0.2768413
0,0.2899004
0,0.2826577
0,0.31435826
0,0.29269764
0,0.28274244
0,0.27984506
0,0.27415353
0,0.27689537
0,0.29606482
0,0.28407872
0,0.2977424
0,0.28135344
0,0.27705887
0,0.27377734
0,0.29480562
0,0.2777788
0,0.28837588
0,0.27847585
0,0.26618764
0,0.26749778
0,0.2657497
0,0.26567143
0,0.2643619
0,0.26445714
0,0.28578296
0,0.2713307
0,0.28895524
0,0.2737583
0,0.29325983
0,0.2776097
0,0.2922757
0,0.27462557
0,0.2717826
0,0.26691848
0,0.2699549
0,0.26882002
0,0.26300105
0,0.26168248
0,0.2697715
0,0.27345994
0,0.28433472
0,0.27956375
0,0.28884816
0,0.28224626
0,0.28129703
0,0.28507322
0,0.29221666
0,0.2835997
0,0.28607267
0,0.28324583
0,0.2716141
0,0.27564207
0,0.26544294
0,0.26019087
0,0.27925614
0,0.2743709
0,0.29527634
0,0.30004784
0,0.30267954
0,0.2915196
0,0.2995641
0,0.2975282
0,0.30286345
0,0.28976914
0,0.28979903
0,0.28108463
0,0.26152775
0,0.25900072
0,0.26792714
0,0.2691627
0,0.285877
0,0.27595696
0,0.28621054
0,0.2765437
0,0.26513025
0,0.27366406
0,0.31234726
0,0.29722962
0,0.29859534
0,0.3168062
0,0.2933629
0,0.28671697
0,0.2942012
0,0.27556905
0,0.29395846
0,0.29066023
0,0.29519328
0,0.28637534
0,0.2985288
0,0.29850498
0,0.29069644
0,0.28603712
0,0.27136692
0,0.2660622
0,0.25807196
0,0.26844755
0,0.25918037
0,0.26771384
0,0.26556978
0,0.26919526
0,0.27897483
0,0.27468473
0,0.28949878
0,0.28404158
0,0.2886907
0,0.27924493
0,0.28515399
0,0.27849558
0,0.2686758
0,0.2709572
0,0.26046136
0,0.2610533
0,0.27069744
0,0.26767907
0,0.29176658
0,0.27741542
0,0.2952545
0,0.28087512
0,0.30109724
0,0.28255618
0,0.29700038
0,0.28248203
0,0.2859152
0,0.2760157
0,0.26182804
0,0.2650366
0,0.25978372
0,0.26346165
0,0.26311633
0,0.27419582
0,0.2870232
0,0.2727429
0,0.28467116
0,0.27109566
0,0.28790015
0,0.27253798
0,0.29241425
0,0.28688312
0,0.30232903
0,0.27845144
0,0.26500198
0,0.26569802
0,0.260186
0,0.26984036
0,0.26342672
0,0.26033968
0,0.28595185
0,0.26815113
0,0.2888217
0,0.28062233
0,0.28851104
0,0.27112156
0,0.28459057
0,0.2796237
0,0.28398964
0,0.26910084
0,0.2644192
0,0.2701973
0,0.27539402
0,0.2760562
0,0.2852825
0,0.2782253
0,0.2842339
0,0.2672871
0,0.28487247
0,0.28494713
0,0.28938964
0,0.28272077
0,0.2890777
0,0.26866025
0,0.2782954
0,0.26332283
0,0.25156492
0,0.26277235
0,0.26850894
0,0.27374354
0,0.28108075
0,0.27370435
0,0.2868735
0,0.2762767
0,0.28311875
0,0.2745658
0,0.28717434
0,0.2755757
0,0.29080927
0,0.27727965
0,0.2779893
0,0.2720072
0,0.25877628
0,0.26342514
0,0.2659005
0,0.2639323
0,0.28426486
0,0.27062082
0,0.2920877
0,0.27461293
0,0.291439
0,0.2744347
0,0.29120523
0,0.27550516
0,0.28824958
0,0.2669364
0,0.26882493
0,0.2774946
0,0.25816992
0,0.26127157
0,0.263999
0,0.2714021
0,0.28489405
0,0.2817859
0,0.29023933
0,0.28689
0,0.29628733
0,0.28672627
0,0.29455525
0,0.27458018
0,0.2859045
0,0.30040625
0,0.28844294
0,0.285487
0,0.27453834
0,0.2771501
0,0.28052935
0,0.2770159
0,0.2784155
0,0.2650422
0,0.2751063
0,0.27422714
0,0.28457648
0,0.27724662
0,0.33656684
0,0.2908975
0,0.28963637
0,0.28214496
0,0.2694371
0,0.2726122
0,0.27288845
0,0.2608191
0,0.2675156
0,0.26772544
0,0.26295575
0,0.28603142
0,0.29327497
0,0.29607663
0,0.30455476
0,0.29012027
0,0.29388162
0,0.2848002
0,0.28544214
0,0.27634922
0,0.26695898
0,0.2675802
0,0.26466364
0,0.26439267
0,0.26741448
0,0.263885
0,0.28669277
0,0.27064767
0,0.29470176
0,0.2753095
0,0.29450288
0,0.27560002
0,0.29103565
0,0.27452955
0,0.2881051
0,0.27297753
0,0.26609078
0,0.26402688
0,0.26510736
0,0.2718432
0,0.26912332
0,0.26388738
0,0.26980242
0,0.26427817
0,0.25755093
0,0.26820433
0,0.2877155
0,0.28245813
0,0.29787096
0,0.28603452
0,0.29103988
0,0.28461683
0,0.2636231
0,0.27584916
0,0.26842436
0,0.2733384
0,0.26670483
0,0.27298558
0,0.28960285
0,0.29068124
0,0.29468971
0,0.26865467
0,0.28203094
0,0.26862913
0,0.28500518
0,0.2684499
0,0.28146538
0,0.26523685
0,0.2555673
0,0.2587135
0,0.26852238
0,0.25688028
0,0.26021215
0,0.26444945
0,0.2767749
0,0.27113298
0,0.28215563
0,0.26345077
0,0.25850427
0,0.2650052
0,0.27650458
0,0.27022967
0,0.27598998
0,0.27235585
0,0.26101255
0,0.26585156
0,0.26854247
0,0.26685148
0,0.2684191
0,0.25552925
0,0.272741
0,0.2659659
0,0.27686444
0,0.2683479
0,0.27737856
0,0.26853427
0,0.27797353
0,0.27125368
0,0.2742001
0,0.26760066
0,0.25445786
0,0.2595407
0,0.26230437
0,0.2598719
0,0.28903967
0,0.26984975
0,0.29222754
0,0.2841057
0,0.29858422
0,0.27697435
0,0.295384
0,0.27550048
0,0.26299608
0,0.27285802
0,0.26984692
0,0.27314398
0,0.25468764
0,0.267966
0,0.28776824
0,0.27853724
0,0.2896727
0,0.28322133
0,0.27305534
0,0.2645274
0,0.26448795
0,0.27065057
0,0.28727412
0,0.26822272
0,0.28209063
0,0.2757925
0,0.272874
0,0.2731845
0,0.2801323
0,0.27819407
0,0.28034696
0,0.27752683
0,0.29447654
0,0.2812674
0,0.2923189
0,0.28485408
0,0.29229107
0,0.27948913
0,0.27016643
0,0.27092966
0,0.28108048
0,0.27294284
0,0.2600849
0,0.26834
0,0.27144793
0,0.26864496
0,0.2815952
0,0.27297974
0,0.27791104
0,0.27537444
0,0.2836524
0,0.27350315
0,0.28364727
0,0.27300268
0,0.28340998
0,0.27360043
0,0.28016254
0,0.2717979
0,0.26089773
0,0.26291132
0,0.2714915
0,0.2650849
0,0.26750538
0,0.26712078
0,0.27702633
0,0.26772526
0,0.2891657
0,0.27176034
0,0.27978113
0,0.26861954
0,0.2789596
0,0.26702902
0,0.27366263
0,0.26483566
0,0.26751983
0,0.26132682
0,0.27080998
0,0.26104409
0,0.26313388
0,0.26876193
0,0.26429805
0,0.26963103
0,0.27532762
0,0.2779243
0,0.27855903
0,0.26481292
0,0.2842641
0,0.26691008
0,0.2836861
0,0.27737564
0,0.2584835
0,0.26767093
0,0.26653194
0,0.2775395
0,0.26665646
0,0.25965032
0,0.28054786
0,0.27264795
0,0.28591934
0,0.2757705
0,0.28908446
0,0.2773157
0,0.28919
0,0.30188656
0,0.29291517
0,0.2817576
0,0.26459873
0,0.26862514
0,0.26248685
0,0.26518083
0,0.26042593
0,0.26855925
0,0.28048557
0,0.2714723
0,0.28345898
0,0.27523825
0,0.28498784
0,0.27412996
0,0.2852712
0,0.27373335
0,0.28281796
0,0.2742373
0,0.28635928
0,0.27634224
0,0.2703792
0,0.26748618
0,0.2686204
0,0.26467174
0,0.27881134
0,0.28000095
0,0.28493863
0,0.27179027
0,0.28210327
0,0.27345645
0,0.28154904
0,0.2693487
0,0.27514294
0,0.2659627
0,0.2548896
0,0.27350372
0,0.2675736
0,0.27389598
0,0.27024782
0,0.2886932
0,0.27437824
0,0.26712242
0,0.27477756
0,0.2760924
0,0.2895489
0,0.2706454
0,0.28170633
0,0.27862185
0,0.27531853
0,0.26745132
0,0.25405735
0,0.26959634
0,0.26330447
0,0.272452
0,0.28463724
0,0.26655334
0,0.28530854
0,0.270866
0,0.29428566
0,0.2704301
0,0.28943503
0,0.26894575
0,0.28718352
0,0.27136195
0,0.27016175
0,0.26362512
0,0.2677838
0,0.25897196
0,0.25827777
0,0.257633
0,0.27417457
0,0.2692938
0,0.3017948
0,0.28097785
0,0.27260107
0,0.27242044
0,0.27952427
0,0.28141987
0,0.284345
0,0.27671352
0,0.26889065
0,0.2704074
0,0.25930136
0,0.27649686
0,0.27169126
0,0.2695402
0,0.2967402
0,0.27886683
0,0.28447378
0,0.27446565
0,0.283777
0,0.273017
0,0.28081
0,0.27142966
0,0.2863782
0,0.27307838
0,0.26464927
0,0.26538432
0,0.26615477
0,0.26399782
0,0.26502436
0,0.26249376
0,0.28455746
0,0.26860043
0,0.589123
0,0.4818282
0,0.38749367
0,0.3377234
0,0.31314248
0,0.31148806
0,0.30490857
0,0.29601982
0,0.27778485
0,0.28440946
0,0.27384686
0,0.2774639
0,0.25798264
0,0.2594217
0,0.25950122
0,0.26582828
0,0.27753624
0,0.27056718
0,0.2782955
0,0.25244048
0,0.26696658
0,0.251011
0,0.25817055
0,0.25925004
0,0.24771792
0,0.25952476
0,0.26675683
0,0.27502733
0,0.2833553
0,0.2662144
0,0.28511143
0,0.26688004
0,0.27742463
0,0.2748049
0,0.28433964
0,0.26630354
0,0.2830029
0,0.27604508
0,0.2758803
0,0.26295322
0,0.2580257
0,0.26466525
0,0.2627486
0,0.2795766
0,0.2730008
0,0.27378058
0,0.28125185
0,0.2745469
0,0.28155416
0,0.26473653
0,0.28691518
0,0.27508047
0,0.27935442
0,0.27299067
0,0.2753137
0,0.27143678
0,0.26024657
0,0.26469353
0,0.26576003
0,0.26530188
0,0.2659215
0,0.2670028
0,0.26589143
0,0.28297612
0,0.29193282
0,0.2816292
0,0.28284666
0,0.27498075
0,0.35517058
0,0.3002986
0,0.29118484
0,0.28297672
0,0.2751693
0,0.2730556
0,0.26852342
0,0.2781973
0,0.2895025
0,0.2739905
0,0.28956646
0,0.28654462
0,0.29465348
0,0.27738443
0,0.3016175
0,0.27783903
0,0.2932745
0,0.27596444
0,0.27342293
0,0.26757896
0,0.27402666
0,0.26586923
0,0.27891952
0,0.2782147
0,0.2907213
0,0.28316298
0,0.29258373
0,0.28513327
0,0.29833588
0,0.28930104
0,0.2938544
0,0.28521335
0,0.29481533
0,0.27688897
0,0.26954088
0,0.27893454
0,0.27700213
0,0.27621922
0,0.26527363
0,0.26074463
0,0.28027025
0,0.26348642
0,0.28214055
0,0.2751104
0,0.2835715
0,0.26852623
0,0.2851536
0,0.27783072
0,0.28189734
0,0.27634734
0,0.26711813
0,0.27027935
0,0.2701764
0,0.26982316
0,0.2694372
0,0.26927844
0,0.28870106
0,0.27537623
0,0.2931881
0,0.27820945
0,0.29425162
0,0.27936834
0,0.2954838
0,0.28009036
0,0.29061753
0,0.27810103
0,0.2664667
0,0.26874104
0,0.26647994
0,0.2654358
0,0.26427335
0,0.27735847
0,0.27907014
0,0.26966807
0,0.2893539
0,0.27402154
0,0.26918504
0,0.27047497
0,0.286199
0,0.27062082
0,0.28247765
0,0.2701291
0,0.26071715
0,0.26131555
0,0.2599787
0,0.2694818
0,0.26322412
0,0.26356718
0,0.2819492
0,0.27073336
0,0.28514865
0,0.2711039
0,0.28389692
0,0.27917123
0,0.29004362
0,0.28202078
0,0.29004332
0,0.2827844
0,0.275274
0,0.27681443
0,0.26781726
0,0.26153338
0,0.26467857
0,0.25753096
0,0.27621385
0,0.2633011
0,0.26352108
0,0.26039904
0,0.27854726
0,0.2721072
0,0.2879858
0,0.2665759
0,0.27302948
0,0.26656517
0,0.25943217
0,0.26564556
0,0.26003745
0,0.2545713
0,0.28556532
0,0.27532282
0,0.28255552
0,0.29576382
0,0.276604
0,0.29032356
0,0.30164617
0,0.29363057
0,0.2999202
0,0.28309906
0,0.28231773
0,0.27574688
0,0.25804242
0,0.2654194
0,0.26533237
0,0.2654142
0,0.26471657
0,0.26448584
0,0.2854708
0,0.27304524
0,0.28996998
0,0.27536404
0,0.27047995
0,0.27339458
0,0.28539434
0,0.27323425
0,0.27468812
0,0.2754922
0,0.25886232
0,0.27800074
0,0.27302626
0,0.2676242
0,0.26373604
0,0.26386467
0,0.28055844
0,0.26801
0,0.28546217
0,0.2704743
0,0.28436348
0,0.27014706
0,0.28134516
0,0.2700111
0,0.2680755
0,0.26490355
0,0.272024
0,0.2645166
0,0.25992802
0,0.26994106
0,0.28223777
0,0.27196914
0,0.2832355
0,0.27997985
0,0.287669
0,0.28231174
0,0.28832257
0,0.28814247
0,0.282748
0,0.28176895
0,0.27169198
0,0.27560577
0,0.27631116
0,0.277156
0,0.2773633
0,0.26603335
0,0.28111747
0,0.2655304
0,0.2788216
0,0.2639959
0,0.27750206
0,0.27452514
0,0.28335398
0,0.27886075
0,0.2903138
0,0.27958104
0,0.26997536
0,0.26371163
0,0.2674067
0,0.26796734
0,0.26770568
0,0.26855743
0,0.28968075
0,0.28648427
0,0.298803
0,0.2828373
0,0.29762295
0,0.28156045
0,0.29631507
0,0.28019497
0,0.29220065
0,0.27823007
0,0.26248938
0,0.26669157
0,0.26483867
0,0.2661871
0,0.25908902
0,0.26211718
0,0.28215745
0,0.27013186
0,0.28661838
0,0.2849775
0,0.2941594
0,0.2813981
0,0.2913566
0,0.2782662
0,0.28591368
0,0.2742483
0,0.26092023
0,0.26432675
0,0.25994074
0,0.2606197
0,0.28145617
0,0.26722986
0,0.28127745
0,0.2685262
0,0.2869748
0,0.2709918
0,0.28245908
0,0.3299147
0,0.30602506
0,0.28582978
0,0.28768513
0,0.28502345
0,0.26314592
0,0.26765123
0,0.26998603
0,0.26304546
0,0.2790744
0,0.2648911
0,0.27800182
0,0.2650384
0,0.27037212
0,0.26477548
0,0.2675714
0,0.2590927
0,0.27978835
0,0.263049
0,0.27498332
0,0.2724755
0,0.25397584
0,0.2537653
0,0.26109442
0,0.25363988
0,0.2626638
0,0.25422844
0,0.25971904
0,0.26355442
0,0.28861853
0,0.26392326
0,0.27522883
0,0.27143586
0,0.28625917
0,0.27569848
0,0.27046114
0,0.27010554
0,0.2761171
0,0.27257988
0,0.26831895
0,0.27330604
0,0.26694474
0,0.26730725
0,0.2847045
0,0.2730595
0,0.28994092
0,0.2754231
0,0.2922191
0,0.27685845
0,0.2867452
0,0.2863103
0,0.27327535
0,0.27083856
0,0.26512846
0,0.26570565
0,0.27231833
0,0.27073756
0,0.2743622
0,0.2680494
0,0.28285906
0,0.27058557
0,0.28469017
0,0.27200007
0,0.2843857
0,0.2706469
0,0.28482196
0,0.27739936
0,0.2770967
0,0.27921265
0,0.27697632
0,0.26789793
0,0.2623721
0,0.27287185
0,0.28118172
0,0.27980572
0,0.27289143
0,0.26617858
0,0.27824664
0,0.28612697
0,0.29336205
0,0.2885445
0,0.28958425
0,0.2887657
0,0.27527213
0,0.27220127
0,0.2885962
0,0.2817876
0,0.28010312
0,0.27919325
0,0.28274176
0,0.27882725
0,0.2856738
0,0.28553185
0,0.27793863
0,0.279523
0,0.2873039
0,0.30245465
0,0.28908736
0,0.28478342
0,0.28205943
0,0.27910632
0,0.28111264
0,0.2829707
0,0.28216952
0,0.27798596
0,0.2819991
0,0.27782282
0,0.28645194
0,0.28366917
0,0.27852732
0,0.2745072
0,0.30200383
0,0.28830382
0,0.29141143
0,0.28088656
0,0.27142188
0,0.26977897
0,0.28339648
0,0.27447638
0,0.27262545
0,0.2720561
0,0.2912523
0,0.27397534
0,0.2948449
0,0.27591154
0,0.2948538
0,0.27637354
0,0.2826759
0,0.27303538
0,0.28256232
0,0.28458086
0,0.2630345
0,0.2650464
0,0.26276052
0,0.27419743
0,0.2829734
0,0.26953107
0,0.27737692
0,0.28164804
0,0.28992087
0,0.27278832
0,0.2684776
0,0.277151
0,0.28066003
0,0.28449544
0,0.28653982
0,0.27197474
0,0.26029974
0,0.27397045
0,0.27196765
0,0.2743119
0,0.27620217
0,0.28334722
0,0.28641888
0,0.27100745
0,0.28524157
0,0.2740796
0,0.2754668
0,0.27771696
0,0.28251725
0,0.27949435
0,0.28079545
0,0.28209767
0,0.25955117
0,0.27333853
0,0.26843485
0,0.27328414
0,0.27855965
0,0.26463127
0,0.27858725
0,0.26358986
0,0.27771944
0,0.26263273
0,0.27488735
0,0.26082847
0,0.27508628
0,0.27090612
0,0.28567952
0,0.28337547
0,0.27968994
0,0.28271553
0,0.28641447
0,0.2867555
0,0.30388126
0,0.31517968
0,0.31066617
0,0.3736941
0,0.33041832
0,0.30238643
0,0.31916422
0,0.29751933
0,0.29865158
0,0.28507456
0,0.28261742
0,0.29531518
0,0.2673979
0,0.27049944
0,0.28418207
0,0.2706177
0,0.2857358
0,0.27537233
0,0.26659432
0,0.2661362
0,0.28175628
0,0.2707508
0,0.29582682
0,0.27482924
0,0.28580546
0,0.2717393
0,0.26443473
0,0.27350375
0,0.27286142
0,0.26809093
0,0.2877442
0,0.2940181
0,0.3004406
0,0.2908095
0,0.30119976
0,0.2969945
0,0.3020933
0,0.29720742
0,0.30487052
0,0.30022025
0,0.29706675
0,0.29676816
0,0.28101873
0,0.28513712
0,0.27996945
0,0.28710866
0,0.2838
0,0.28908998
0,0.28903696
0,0.2885513
0,0.2887547
0,0.28093407
0,0.28587997
0,0.26903537
0,0.28721434
0,0.27143508
0,0.28170308
0,0.27793524
0,0.2661823
0,0.2611292
0,0.27168524
0,0.2597805
0,0.27232996
0,0.2644357
0,0.2735404
0,0.2708205
0,0.27766645
0,0.2919241
0,0.28452864
0,0.2807706
0,0.28585297
0,0.27746803
0,0.26484215
0,0.27401698
0,0.26559624
0,0.27935246
0,0.26844305
0,0.27140898
0,0.2657734
0,0.27738428
0,0.29782882
0,0.27899116
0,0.2933146
0,0.29605144
0,0.3033727
0,0.2855447
0,0.2873509
0,0.27694842
0,0.28651887
0,0.27837154
0,0.28819734
0,0.27705923
0,0.29222846
0,0.2827256
0,0.2920968
0,0.28266442
0,0.28948456
0,0.27694103
0,0.29480585
0,0.28451794
0,0.29241198
0,0.3022176
0,0.30251265
0,0.28653127
0,0.28738827
0,0.2862968
0,0.26669607
0,0.2979674
0,0.29681742
0,0.30354577
0,0.30067074
0,0.30511898
0,0.30769256
0,0.30085525
0,0.30371818
0,0.295273
0,0.3041854
0,0.30134848
0,0.32472253
0,0.30729374
0,0.30951324
0,0.32500196
0,0.29092667
0,0.30082473
0,0.2958736
0,0.29679653
0,0.2879125
0,0.27351063
0,0.2808315
0,0.26858976
0,0.27186605
0,0.27280036
0,0.27500355
0,0.26232082
0,0.2744695
0,0.27358478
0,0.2700304
0,0.26044226
0,0.254391
0,0.29737216
0,0.2603799
0,0.27632743
0,0.28317836
0,0.27725098
0,0.29141122
0,0.2788856
0,0.28061563
0,0.28314245
0,0.28020734
0,0.27895936
0,0.28544998
0,0.27630115
0,0.27814674
0,0.27362388
0,0.28620654
0,0.2759416
0,0.2741114
0,0.28733644
0,0.29436314
0,0.2833336
0,0.29074952
0,0.27788013
0,0.2881936
0,0.2767276
0,0.2762159
0,0.2772163
0,0.28061295
0,0.27153572
0,0.26566648
0,0.26603222
0,0.2760963
0,0.26691952
0,0.25886494
0,0.2615133
0,0.27396387
0,0.26509142
0,0.276763
0,0.26836112
0,0.2771479
0,0.26720107
0,0.27827197
0,0.26770198
0,0.2839677
0,0.2802176
0,0.26654676
0,0.26472342
0,0.26121375
0,0.27177808
0,0.26636976
0,0.2726646
0,0.2794079
0,0.2717409
0,0.27710852
0,0.26588318
0,0.28327674
0,0.26688007
0,0.27503404
0,0.2766892
0,0.26946124
0,0.28135297
0,0.26528877
0,0.26576436
0,0.253645
0,0.25509277
0,0.25678742
0,0.25349188
0,0.26420224
0,0.26008505
0,0.26755002
0,0.2586257
0,0.267445
0,0.26220024
0,0.26009795
0,0.26556462
0,0.28746966
0,0.27680808
0,0.25927868
0,0.2578111
0,0.26080754
0,0.26488692
0,0.26213133
0,0.2551796
0,0.2562917
0,0.27318016
0,0.2638491
0,0.26729873
0,0.26733816
0,0.26745367
0,0.26818776
0,0.26809487
0,0.26485303
0,0.2660719
0,0.27275378
0,0.2663598
0,0.27808082
0,0.27249473
0,0.28150308
0,0.2726132
0,0.28155625
0,0.27344602
0,0.28185612
0,0.27225494
0,0.28604293
0,0.2809304
0,0.28510848
0,0.27401045
0,0.2788162
0,0.27073872
0,0.25342548
0,0.26193702
0,0.26704624
0,0.26332098
0,0.2683893
0,0.25779116
0,0.2713884
0,0.26318836
0,0.27332032
0,0.26474005
0,0.2733552
0,0.27551538
0,0.27835783
0,0.2783084
0,0.27569458
0,0.27752164
0,0.26069492
0,0.260849
0,0.26490957
0,0.27045247
0,0.2676899
0,0.26112294
0,0.269202
0,0.271808
0,0.27247387
0,0.26215458
0,0.2696453
0,0.2714963
0,0.27215856
0,0.26190063
0,0.26659068
0,0.26260063
0,0.25801924
0,0.25474355
0,0.2608544
0,0.25413
0,0.2635946
0,0.25765216
0,0.26337215
0,0.26443326
0,0.26551348
0,0.25571248
0,0.2628385
0,0.26387355
0,0.26624483
0,0.26567423
0,0.26328784
0,0.26570767
0,0.2647685
0,0.26533777
0,0.26053494
0,0.26333347
0,0.2703426
0,0.26803756
0,0.28108597
0,0.27242997
0,0.28040272
0,0.27256766
0,0.28037268
0,0.27149785
0,0.27860737
0,0.2712578
0,0.2629926
0,0.26671374
0,0.26032728
0,0.25944352
0,0.25477034
0,0.26149866
0,0.27512088
0,0.26607603
0,0.27749318
0,0.26829955
0,0.27533314
0,0.26748526
0,0.2798402
0,0.26379862
0,0.27236244
0,0.27514532
0,0.2651651
0,0.26414114
0,0.25703576
0,0.258383
0,0.2600912
0,0.25790817
0,0.2661504
0,0.26020005
0,0.26290885
0,0.2698178
0,0.28277734
0,0.27862176
0,0.2778856
0,0.27773196
0,0.2727236
0,0.26584464
0,0.264129
0,0.27226296
0,0.26674014
0,0.27373695
0,0.26823047
0,0.26136267
0,0.26906052
0,0.2595949
0,0.26182264
0,0.26647153
0,0.26770568
0,0.26882777
0,0.2702165
0,0.27007166
0,0.26734942
0,0.25905854
0,0.25910422
0,0.2690254
0,0.2592215
0,0.25415868
0,0.26789328
0,0.26654592
0,0.27818567
0,0.2804877
0,0.28594232
0,0.275816
0,0.26503402
0,0.26812994
0,0.27911326
0,0.2714682
0,0.27680212
0,0.2705009
0,0.26238227
0,0.26612633
0,0.25694287
0,0.26162505
0,0.27023333
0,0.26674658
0,0.27655396
0,0.26925558
0,0.2787911
0,0.27001834
0,0.27876496
0,0.27109766
0,0.27797946
0,0.25874203
0,0.26918188
0,0.26496732
0,0.24978845
0,0.2568652
0,0.2630934
0,0.25920328
0,0.26480883
0,0.2602606
0,0.26994416
0,0.262677
0,0.27079457
0,0.27518052
0,0.2787745
0,0.26708612
0,0.26468
0,0.2670754
0,0.2665093
0,0.26071277
0,0.24885634
0,0.26465255
0,0.25879604
0,0.26708746
0,0.26418197
0,0.25745782
0,0.26517168
0,0.26385352
0,0.2629652
0,0.26780614
0,0.27021033
0,0.27130026
0,0.28215978
0,0.26458237
0,0.26569995
0,0.25802562
0,0.2563649
0,0.26620257
0,0.26163766
0,0.26902625
0,0.2679264
0,0.2575459
0,0.28028357
0,0.2611051
0,0.26648822
0,0.26664773
0,0.25740263
0,0.26275998
0,0.272083
0,0.26709145
0,0.25828573
0,0.26708677
0,0.25777748
0,0.26119563
0,0.25377595
0,0.2592662
0,0.27182657
0,0.25348374
0,0.27458793
0,0.2653241
0,0.2773127
0,0.2673876
0,0.27823767
0,0.26807362
0,0.27488524
0,0.26669848
0,0.26079768
0,0.2605446
0,0.26731315
0,0.26158422
0,0.27107728
0,0.27395952
0,0.27731654
0,0.27781543
0,0.28110605
0,0.26795268
0,0.27676377
0,0.26730984
0,0.27764815
0,0.28177798
0,0.27632487
0,0.26624075
0,0.2623212
0,0.2600663
0,0.26150712
0,0.268589
0,0.2671848
0,0.26651195
0,0.26343444
0,0.25823525
0,0.25919086
0,0.26496333
0,0.2605846
0,0.26585907
0,0.27094406
0,0.25975797
0,0.26547188
0,0.2751129
0,0.25781554
0,0.26760232
0,0.26574564
0,0.2667383
0,0.26962516
0,0.2682652
0,0.27091387
0,0.27206635
0,0.27254924
0,0.27018002
0,0.27177837
0,0.2692781
0,0.2705494
0,0.26812902
0,0.27634454
0,0.27093098
0,0.2563099
0,0.2673922
0,0.27371672
0,0.26867032
0,0.26131055
0,0.26303536
0,0.27262244
0,0.2658578
0,0.2788933
0,0.2681168
0,0.28129965
0,0.26996475
0,0.28103107
0,0.26980004
0,0.27712908
0,0.26808468
0,0.25337088
0,0.25825232
0,0.25308162
0,0.25540537
0,0.2507599
0,0.25404546
0,0.2634534
0,0.26279646
0,0.26819348
0,0.26110214
0,0.27689505
0,0.2638742
0,0.2750375
0,0.2633119
0,0.26939282
0,0.27356532
0,0.2554731
0,0.25640953
0,0.5203755
0,0.40806445
0,0.35188472
0,0.3121721
0,0.3011571
0,0.29201612
0,0.29326025
0,0.28517988
0,0.284656
0,0.26904187
0,0.2763487
0,0.2739759
0,0.27274242
0,0.27517357
0,0.27264756
0,0.27075088
0,0.26850656
0,0.27229548
0,0.26878914
0,0.26722327
0,0.27100465
0,0.26691788
0,0.26958394
0,0.26778284
0,0.2742917
0,0.27177787
0,0.2721924
0,0.26917186
0,0.26576987
0,0.26659104
0,0.2618128
0,0.26393244
0,0.26167107
0,0.2650803
0,0.2617456
0,0.26151866
0,0.26457262
0,0.26605663
0,0.25788704
0,0.25995174
0,0.26238126
0,0.2610831
0,0.2649362
0,0.2605616
0,0.25936472
0,0.25913298
0,0.2572653
0,0.25712162
0,0.25119147
0,0.26497918
0,0.26410434
0,0.2629412
0,0.2851393
0,0.27877173
0,0.28421983
0,0.26997593
0,0.2797856
0,0.2780452
0,0.27839595
0,0.26722822
0,0.26206005
0,0.26024124
0,0.26719016
0,0.27182665
0,0.2725311
0,0.2629849
0,0.27844337
0,0.26541752
0,0.26975286
0,0.273656
0,0.26773915
0,0.2628547
0,0.26757944
0,0.2758649
0,0.27447918
0,0.27401736
0,0.26074353
0,0.2688623
0,0.26437896
0,0.26949704
0,0.26773694
0,0.26963902
0,0.2734235
0,0.27124622
0,0.27321947
0,0.2714381
0,0.2746907
0,0.2718936
0,0.2745091
0,0.26185447
0,0.26806426
0,0.26788518
0,0.25570068
0,0.27442148
0,0.26788795
0,0.2680668
0,0.2657871
0,0.2660824
0,0.268945
0,0.26683012
0,0.26948282
0,0.26730117
0,0.27009717
0,0.26815593
0,0.27254912
0,0.26787776
0,0.26518032
0,0.2763017
0,0.26270142
0,0.2651852
0,0.25862265
0,0.2610666
0,0.2569464
0,0.25918022
0,0.27369958
0,0.26489925
0,0.27832037
0,0.2678204
0,0.2792435
0,0.26823738
0,0.28049675
0,0.26906934
0,0.2810929
0,0.26879048
0,0.2554209
0,0.26946795
0,0.26786518
0,0.28646252
0,0.27666408
0,0.2677978
0,0.2825509
0,0.27893147
0,0.28111547
0,0.2796534
0,0.2911126
0,0.2831173
0,0.2882121
0,0.27264008
0,0.27993876
0,0.27121514
0,0.2600523
0,0.26012602
0,0.27075365
0,0.27167475
0,0.27575877
0,0.2636325
0,0.27395713
0,0.2726274
0,0.30330187
0,0.28565505
0,0.28559956
0,0.2703796
0,0.27953863
0,0.27566203
0,0.27516484
0,0.27555805
0,0.25707263
0,0.2666361
0,0.26416934
0,0.25650564
0,0.2696569
0,0.26775044
0,0.27272332
0,0.26993835
0,0.27710655
0,0.27205053
0,0.27774018
0,0.27281332
0,0.27984747
0,0.2724861
0,0.27180773
0,0.27435946
0,0.26629332
0,0.26444158
0,0.26503196
0,0.26589373
0,0.2698559
0,0.27070743
0,0.27166674
0,0.2711001
0,0.27365145
0,0.26936162
0,0.2711172
0,0.31194776
0,0.28638318
0,0.27801603
0,0.2709696
0,0.26860735
0,0.27631593
0,0.26816007
0,0.2615563
0,0.27283946
0,0.27969125
0,0.26890618
0,0.26960003
0,0.26552427
0,0.26596275
0,0.2624261
0,0.27545708
0,0.26759535
0,0.27296922
0,0.26704234
0,0.25838834
0,0.258981
0,0.26738742
0,0.27100042
0,0.27224654
0,0.27420697
0,0.2742698
0,0.27513874
0,0.28003177
0,0.27782124
0,0.28148255
0,0.26709777
0,0.27798635
0,0.264243
0,0.27063873
0,0.26129547
0,0.26162955
0,0.267099
0,0.2648026
0,0.26915842
0,0.27278206
0,0.2608775
0,0.27249175
0,0.25946438
0,0.26994598
0,0.2684572
0,0.2722136
0,0.27043623
0,0.2734916
0,0.2705893
0,0.2758583
0,0.2712393
0,0.25854924
0,0.2640334
0,0.26520398
0,0.2654646
0,0.27162233
0,0.26794788
0,0.2706609
0,0.26770493
0,0.2652964
0,0.26620924
0,0.26921913
0,0.2658178
0,0.2688062
0,0.2652194
0,0.26853907
0,0.26451308
0,0.25571796
0,0.26015407
0,0.25435585
0,0.26511857
0,0.26103356
0,0.2593429
0,0.2645463
0,0.26129448
0,0.261272
0,0.2595139
0,0.29939356
0,0.27322724
0,0.27013704
0,0.2694105
0,0.26930854
0,0.2637753
0,0.25161314
0,0.2546763
0,0.2594137
0,0.26591846
0,0.27060688
0,0.26145998
0,0.27578467
0,0.2673869
0,0.27861893
0,0.293667
0,0.28468123
0,0.26968348
0,0.27082154
0,0.27217406
0,0.2750497
0,0.27317148
0,0.255969
0,0.26395574
0,0.26851827
0,0.2611681
0,0.28378236
0,0.27520052
0,0.27984667
0,0.26487085
0,0.27511796
0,0.26128575
0,0.27508178
0,0.27227062
0,0.2777217
0,0.26197755
0,0.27031997
0,0.2575627
0,0.2542182
0,0.26107338
0,0.26425081
0,0.26375544
0,0.27281818
0,0.26810315
0,0.27398756
0,0.2799027
0,0.28307465
0,0.27596024
0,0.2772579
0,0.27186024
0,0.26697394
0,0.26682758
0,0.26725623
0,0.26972649
0,0.25877544
0,0.26185432
0,0.26274905
0,0.26672292
0,0.26581824
0,0.26282892
0,0.26934865
0,0.2753931
0,0.26899233
0,0.26495346
0,0.2659762
0,0.26186228
0,0.2674279
0,0.28416377
0,0.26269296
0,0.26271814
0,0.26384476
0,0.2596927
0,0.26192567
0,0.27039725
0,0.26821238
0,0.26319265
0,0.27230665
0,0.2668281
0,0.26693362
0,0.2601874
0,0.26713765
0,0.25921288
0,0.2713727
0,0.2705124
0,0.26017156
0,0.27204496
0,0.25776964
0,0.2657209
0,0.25690636
0,0.2653391
0,0.2765043
0,0.26166806
0,0.27526093
0,0.27133656
0,0.28026646
0,0.26368374
0,0.2780949
0,0.27202013
0,0.27629632
0,0.2744844
0,0.26420724
0,0.26768497
0,0.26691693
0,0.267199
0,0.2697386
0,0.2682683
0,0.27556717
0,0.26943046
0,0.27621198
0,0.2736891
0,0.28352594
0,0.27232617
0,0.27843058
0,0.2709648
0,0.27328932
0,0.2687867
0,0.2599012
0,0.2736219
0,0.26556486
0,0.2650545
0,0.26727527
0,0.26429152
0,0.27658778
0,0.2665534
0,0.27209273
0,0.26492754
0,0.27264947
0,0.26442066
0,0.26618943
0,0.26311356
0,0.27745074
0,0.26778218
0,0.25720188
0,0.26939487
0,0.2532329
0,0.26777667
0,0.26478127
0,0.27234092
0,0.27605742
0,0.26877648
0,0.27203816
0,0.27388477
0,0.2844001
0,0.2709515
0,0.27364403
0,0.2682245
0,0.2776054
0,0.26414633
0,0.26096076
0,0.25789464
0,0.2557822
0,0.26439518
0,0.25704572
0,0.2546485
0,0.27711874
0,0.26017326
0,0.27489892
0,0.26134515
0,0.2713953
0,0.27043647
0,0.270656
0,0.2703646
0,0.27461225
0,0.27374974
0,0.2552243
0,0.2647543
0,0.25474602
0,0.25184885
0,0.26879522
0,0.2658416
0,0.27481982
0,0.2592773
0,0.2731073
0,0.26886335
0,0.27781278
0,0.26109928
0,0.26542896
0,0.2666829
0,0.26967335
0,0.2684326
0,0.2676926
0,0.26845917
0,0.2796647
0,0.28002006
0,0.27208146
0,0.2818737
0,0.2722707
0,0.2712837
0,0.2714418
0,0.26865616
0,0.27513012
0,0.26915142
0,0.2751287
0,0.26943377
0,0.27338085
0,0.26824
0,0.27218014
0,0.26817092
0,0.26502532
0,0.263974
0,0.35359284
0,0.29784244
0,0.3019987
0,0.2826615
0,0.2849054
0,0.27390277
0,0.28233612
0,0.27064762
0,0.26984486
0,0.2653004
0,0.26518348
0,0.2724589
0,0.26668897
0,0.26238382
0,0.2723175
0,0.29729825
0,0.28000438
0,0.2697543
0,0.28546777
0,0.28061128
0,0.26741752
0,0.27447635
0,0.3040795
0,0.2763002
0,0.28399646
0,0.29203036
0,0.27537945
0,0.28156862
0,0.2769031
0,0.27700028
0,0.28138515
0,0.26637182
0,0.30527687
0,0.28454486
0,0.28962246
0,0.2817035
0,0.2872582
0,0.26913843
0,0.28108057
0,0.2763747
0,0.2817692
0,0.2748888
0,0.2767643
0,0.28148052
0,0.27909195
0,0.27436298
0,0.27190325
0,0.2710901
0,0.2863937
0,0.2749755
0,0.28232437
0,0.27503413
0,0.2803361
0,0.27325433
0,0.27777192
0,0.27179575
0,0.27434075
0,0.27082577
0,0.26200056
0,0.26462254
0,0.26285577
0,0.2643372
0,0.2621829
0,0.26263714
0,0.26892576
0,0.26477253
0,0.27112123
0,0.26595968
0,0.26633254
0,0.2646965
0,0.26508418
0,0.2629747
0,0.26618448
0,0.2629006
0,0.26074943
0,0.26933223
0,0.265848
0,0.26211786
0,0.26222613
0,0.2599567
0,0.2660896
0,0.26773813
0,0.30712163
0,0.28827858
0,0.2819924
0,0.28213844
0,0.27861083
0,0.26922673
0,0.26231682
0,0.271158
0,0.26465985
0,0.2608612
0,0.26057363
0,0.26820844
0,0.26719254
0,0.27078193
0,0.2695905
0,0.27170357
0,0.26400918
0,0.27675688
0,0.28094193
0,0.27702132
0,0.2839694
0,0.2670893
0,0.2752043
0,0.2740078
0,0.25615463
0,0.25727603
0,0.24775621
0,0.26122525
0,0.2522295
0,0.2639451
0,0.27258062
0,0.25969973
0,0.27240533
0,0.2695606
0,0.28339866
0,0.26435882
0,0.27081105
0,0.27339947
0,0.27298906
0,0.27253562
0,0.2578677
0,0.25596344
0,0.26798183
0,0.26668867
0,0.27568522
0,0.27255982
0,0.2717619
0,0.27328876
0,0.28155142
0,0.2744562
0,0.27750185
0,0.27313697
0,0.26779434
0,0.26992205
0,0.26896286
0,0.26700437
0,0.25025693
0,0.25919768
0,0.25843626
0,0.2611838
0,0.25874272
0,0.26126543
0,0.2677788
0,0.2638522
0,0.26961905
0,0.26589632
0,0.27049387
0,0.26505053
0,0.27106157
0,0.26512846
0,0.2640869
0,0.2626568
0,0.25806522
0,0.25995463
0,0.25579473
0,0.26900885
0,0.25844514
0,0.25901726
0,0.26334706
0,0.2596739
0,0.2735579
0,0.26353705
0,0.27589327
0,0.27586254
0,0.27983138
0,0.2786333
0,0.26341426
0,0.26285362
0,0.27101687
0,0.27255192
0,0.26123694
0,0.25867394
0,0.27477863
0,0.27185658
0,0.27829444
0,0.27433088
0,0.2776385
0,0.2756264
0,0.2776999
0,0.27590328
0,0.27837583
0,0.27459884
0,0.26390907
0,0.27034864
0,0.25982076
0,0.2563294
0,0.26436266
0,0.2549443
0,0.26372394
0,0.26515076
0,0.2730892
0,0.25871173
0,0.27525157
0,0.26902753
0,0.27913955
0,0.27326918
0,0.27386287
0,0.27082437
0,0.25948182
0,0.264863
0,0.26674375
0,0.26525643
0,0.2699275
0,0.26478362
0,0.27536112
0,0.26790464
0,0.27216613
0,0.2680535
0,0.27382854
0,0.2667545
0,0.26640072
0,0.26376668
0,0.26511672
0,0.26314548
0,0.2682546
0,0.26350638
0,0.2625801
0,0.26333857
0,0.26135278
0,0.26009956
0,0.26547456
0,0.26099664
0,0.260111
0,0.25949728
0,0.26366115
0,0.25935194
0,0.2629037
0,0.26998746
0,0.2637795
0,0.2598491
0,0.24827051
0,0.2647506
0,0.26143596
0,0.25748292
0,0.26457357
0,0.25935704
0,0.26076743
0,0.2559511
0,0.25956255
0,0.2652255
0,0.26668686
0,0.26926613
0,0.26569
0,0.26970828
0,0.26074743
0,0.2672328
0,0.26957718
0,0.2738992
0,0.27388024
0,0.26335964
0,0.2618915
0,0.2593171
0,0.27039713
0,0.25853562
0,0.27145615
0,0.2697108
0,0.271993
0,0.2701076
0,0.27485955
0,0.27121806
0,0.26685745
0,0.26781845
0,0.2512643
0,0.2609588
0,0.2626371
0,0.26329973
0,0.27489632
0,0.26822063
0,0.25648302
0,0.26270697
0,0.26255828
0,0.26329768
0,0.26040483
0,0.26185238
0,0.2672354
0,0.26418543
0,0.26000223
0,0.2613658
0,0.2590551
0,0.26106414
0,0.2594981
0,0.26006356
0,0.26580283
0,0.26197815
0,0.26631564
0,0.2631449
0,0.27037492
0,0.2641639
0,0.26663536
0,0.25180823
0,0.2540072
0,0.25568098
0,0.26132748
0,0.26032206
0,0.2629639
0,0.2696245
0,0.26637986
0,0.27264643
0,0.26863396
0,0.27365947
0,0.26431495
0,0.26126105
0,0.26353523
0,0.27003175
0,0.26596892
0,0.26252097
0,0.26381332
0,0.26988608
0,0.26087976
0,0.27244246
0,0.2609744
0,0.26946476
0,0.26471192
0,0.27030626
0,0.2649457
0,0.25970796
0,0.26331124
0,0.25787526
0,0.2734859
0,0.2611788
0,0.2622182
0,0.25657216
0,0.25743416
0,0.2551431
0,0.24807277
0,0.26001763
0,0.25291064
0,0.2613452
0,0.26779228
0,0.2569872
0,0.2678663
0,0.26773378
0,0.27223387
0,0.27070007
0,0.27351895
0,0.2600095
0,0.26519436
0,0.25338316
0,0.26256436
0,0.2535145
0,0.2631879
0,0.26603287
0,0.26539594
0,0.2655572
0,0.2617072
0,0.26353517
0,0.26823935
0,0.26499152
0,0.2697734
0,0.2648066
0,0.26335487
0,0.2644141
0,0.26921752
0,0.26551265
0,0.26664856
0,0.26406357
0,0.25304425
0,0.25896493
0,0.26387626
0,0.26143217
0,0.25577292
0,0.2586808
0,0.26367882
0,0.26036835
0,0.26714215
0,0.26517075
0,0.26647645
0,0.26168683
0,0.26640803
0,0.26057747
0,0.2597426
0,0.26037976
0,0.26626906
0,0.24987309
0,0.2538402
0,0.25477582
0,0.25909203
0,0.26643276
0,0.26912156
0,0.2734361
0,0.26264665
0,0.2592682
0,0.26116624
0,0.26704398
0,0.26344803
0,0.27963832
0,0.2645171
0,0.25949192
0,0.25578326
0,0.25380945
0,0.25278673
0,0.2504207
0,0.25034428
0,0.24999964
0,0.2609625
0,0.26249415
0,0.25365344
0,0.26098844
0,0.26782122
0,0.25564462
0,0.26483798
0,0.26468807
0,0.26511472
0,0.26580918
0,0.25153065
0,0.25988966
0,0.26156136
0,0.2618131
0,0.2676042
0,0.26327094
0,0.26005283
0,0.2624622
0,0.26725808
0,0.26302376
0,0.26712
0,0.25737956
0,0.26543203
0,0.26149616
0,0.2634244
0,0.2628076
0,0.262754
0,0.26195067
0,0.2624465
0,0.25985447
0,0.2652593
0,0.26106963
0,0.26103178
0,0.2591876
0,0.2640794
0,0.26084688
0,0.26467127
0,0.2593144
0,0.26327705
0,0.25818497
0,0.26122388
0,0.2573235
0,0.25488093
0,0.26585227
0,0.25852385
0,0.25724307
0,0.26249903
0,0.25615823
0,0.26037392
0,0.2648447
0,0.26620597
0,0.25777295
0,0.25916547
0,0.25477678
0,0.26537752
0,0.2660231
0,0.26166883
0,0.25602877
0,0.2642206
0,0.26501754
0,0.253015
0,0.2543422
0,0.24712622
0,0.25862658
0,0.26634955
0,0.26533416
0,0.26613596
0,0.26622805
0,0.2712933
0,0.2675404
0,0.26925668
0,0.26639783
0,0.25534382
0,0.26052874
0,0.24897662
0,0.2573223
0,0.26035357
0,0.25997576
0,0.2677937
0,0.28302884
0,0.2775577
0,0.27069122
0,0.27382544
0,0.26748347
0,0.27573878
0,0.2674262
0,0.27353185
0,0.26758218
0,0.25502622
0,0.25932047
0,0.26168913
0,0.25992253
0,0.2604258
0,0.26076314
0,0.26602948
0,0.2616518
0,0.26506236
0,0.26052696
0,0.26534617
0,0.26001388
0,0.25951186
0,0.27068087
0,0.26728448
0,0.27188584
0,0.25468135
0,0.26763058
0,0.26049477
0,0.2585284
0,0.26177666
0,0.26745042
0,0.2643698
0,0.2692662
0,0.2655478
0,0.27589726
0,0.26770902
0,0.2784522
0,0.26911703
0,0.27450955
0,0.264314
0,0.2699865
0,0.2517042
0,0.264071
0,0.25383574
0,0.25275284
0,0.25849846
0,0.26180407
0,0.25628048
0,0.25131255
0,0.26569197
0,0.2566635
0,0.25727978
0,0.26675564
0,0.25576514
0,0.26161045
0,0.25451353
0,0.2595385
0,0.24554543
0,0.255269
0,0.25698975
0,0.258093
0,0.26779836
0,0.26280823
0,0.26446307
0,0.27355266
0,0.2732227
0,0.2662002
0,0.2728358
0,0.2654624
0,0.27218178
0,0.2654367
0,0.2655584
0,0.26193318
0,0.25598103
0,0.25862545
0,0.2555676
0,0.25722355
0,0.25931525
0,0.25808644
0,0.26402968
0,0.27089632
0,0.27127972
0,0.26615998
0,0.26879707
0,0.27418658
0,0.2713512
0,0.26515195
0,0.26362115
0,0.26069775
0,0.26299366
0,0.2593499
0,0.26138565
0,0.26898527
0,0.26671302
0,0.26088637
0,0.26369056
0,0.27148223
0,0.272465
0,0.26270267
0,0.26688427
0,0.2593404
0,0.2630573
0,0.25949565
0,0.25745815
0,0.26753896
0,0.26255718
0,0.26017866
0,0.2571789
0,0.26498032
0,0.26275665
0,0.25612763
0,0.25841582
0,0.26402447
0,0.2725615
0,0.2770385
0,0.26958376
0,0.27117124
0,0.2657752
0,0.25892204
0,0.2557205
0,0.27882186
0,0.25942364
0,0.25555164
0,0.25425124
0,0.25118142
0,0.25400332
0,0.26251963
0,0.2566656
0,0.2543102
0,0.25495264
0,0.2501973
0,0.25202045
0,0.25982824
0,0.2578139
0,0.26248848
0,0.2528514
0,0.26062828
0,0.26763442
0,0.26493964
0,0.26475292
0,0.26435238
0,0.26929313
0,0.26658237
0,0.27087155
0,0.26650426
0,0.27177635
0,0.26649457
0,0.2961072
0,0.27600598
0,0.27366635
0,0.26838106
0,0.26182127
0,0.27387622
0,0.26773712
0,0.26939732
0,0.26600334
0,0.2629663
0,0.26766965
0,0.26337162
0,0.27002448
0,0.26330543
0,0.26630497
0,0.26217952
0,0.2685429
0,0.26109496
0,0.26315132
0,0.2707686
0,0.2569262
0,0.26857853
0,0.26643202
0,0.30835313
0,0.27817127
0,0.27426347
0,0.2729
0,0.26539707
0,0.2672698
0,0.2623864
0,0.26546067
0,0.25936252
0,0.26468998
0,0.25828335
0,0.2574977
0,0.25460517
0,0.25168818
0,0.25122026
0,0.24980828
0,0.24919844
0,0.25514892
0,0.25027207
0,0.25555685
0,0.2614565
0,0.2601455
0,0.26486194
0,0.26086566
0,0.26955435
0,0.26380846
0,0.26653647
0,0.2601937
0,0.25531322
0,0.26776612
0,0.26954085
0,0.2589399
0,0.2639434
0,0.2659047
0,0.26558745
0,0.2718186
0,0.2686515
0,0.2752126
0,0.27095816
0,0.27104345
0,0.26916882
0,0.2728537
0,0.26954213
0,0.26890936
0,0.27233705
0,0.27518404
0,0.26969436
0,0.26924306
0,0.26738983
0,0.2738271
0,0.26868364
0,0.2733856
0,0.26806903
0,0.2657103
0,0.26747835
0,0.26655394
0,0.26476684
0,0.2700671
0,0.26594865
0,0.27028722
0,0.2660298
0,0.25341865
0,0.26169217
0,0.26372597
0,0.2613519
0,0.26683894
0,0.26677743
0,0.2692363
0,0.26386383
0,0.2704423
0,0.27281666
0,0.27348334
0,0.27508017
0,0.27278006
0,0.2774854
0,0.26837805
0,0.26373133
0,0.25799742
0,0.25748938
0,0.25746214
0,0.26642033
0,0.26463932
0,0.26965198
0,0.26789007
0,0.2603564
0,0.26352885
0,0.25716034
0,0.2604893
0,0.25557223
0,0.2593769
0,0.26445508
0,0.25785467
0,0.26477003
0,0.25362402
0,0.27331144
0,0.2658683
0,0.2687018
0,0.2649765
0,0.26555896
0,0.26329443
0,0.26635358
0,0.26264137
0,0.25470194
0,0.25843984
0,0.261439
0,0.25920042
0,0.26192996
0,0.26907843
0,0.26535317
0,0.26052186
0,0.26413786
0,0.25804764
0,0.27252594
0,0.26650742
0,0.26998746
0,0.27169284
0,0.26846406
0,0.27250925
0,0.2672798
0,0.27169785
0,0.26615497
0,0.26618913
0,0.27089006
0,0.25599894
0,0.2599114
0,0.2549194
0,0.25672045
0,0.26252773
0,0.27066284
0,0.26883715
0,0.2621881
0,0.26770198
0,0.27274063
0,0.26969662
0,0.2631547
0,0.26153576
0,0.2704056
0,0.26316798
0,0.26018846
0,0.25435042
0,0.25500798
0,0.24606776
0,0.26005632
0,0.25497103
0,0.26417524
0,0.2624385
0,0.26787156
0,0.2594938
0,0.26820529
0,0.2632596
0,0.2574936
0,0.25982535
0,0.25439742
0,0.2540099
0,0.26370564
0,0.25875422
0,0.26612917
0,0.25862506
0,0.26489675
0,0.2607904
0,0.25508735
0,0.25380403
0,0.26159546
0,0.25774404
0,0.2521245
0,0.2540004
0,0.2491112
0,0.25197417
0,0.24775648
0,0.24647631
0,0.24541849
0,0.25304365
0,0.2593915
0,0.25040695
0,0.2566383
0,0.25604108
0,0.2582482
0,0.2599909
0,0.25894323
0,0.2566531
0,0.25890487
0,0.26809356
0,0.26286626
0,0.25919166
0,0.25978273
0,0.25747845
0,0.25818315
0,0.25312263
0,0.2596186
0,0.26006827
0,0.26249433
0,0.26576102
0,0.26070485
0,0.26586914
0,0.26145884
0,0.26686046
0,0.26560637
0,0.2662341
0,0.26206335
0,0.26680985
0,0.26103288
0,0.2622552
0,0.2637294
0,0.26079175
0,0.26953906
0,0.27334422
0,0.2740311
0,0.27204433
0,0.27421245
0,0.27388182
0,0.26789618
0,0.2688648
0,0.261135
0,0.26488104
0,0.26872623
0,0.26654723
0,0.27065057
0,0.25778645
0,0.25653875
0,0.2562565
0,0.26489294
0,0.2579036
0,0.2663736
0,0.26370558
0,0.25636673
0,0.26002404
0,0.26403746
0,0.25785157
0,0.25301537
0,0.2576498
0,0.26149398
0,0.2600499
0,0.27051726
0,0.26064083
0,0.2644602
0,0.261525
0,0.26370442
0,0.25640374
0,0.26238203
0,0.25846407
0,0.2616796
0,0.25833184
0,0.26138318
0,0.25819737
0,0.26049754
0,0.25671652
0,0.25875518
0,0.25252777
0,0.25680697
0,0.24950592
0,0.25585037
0,0.2518135
0,0.25416932
0,0.25053486
0,0.25368434
0,0.2516445
0,0.2579569
0,0.26342857
0,0.24907099
0,0.26159418
0,0.25691792
0,0.29850194
0,0.2725921
0,0.26828417
0,0.26408818
0,0.25179407
0,0.26636
0,0.26102507
0,0.26887968
0,0.26744065
0,0.27332583
0,0.26517314
0,0.25888425
0,0.26432297
0,0.26806778
0,0.26625293
0,0.25818068
0,0.26752198
0,0.26853967
0,0.26374328
0,0.25797132
0,0.2477037
0,0.2500569
0,0.25167775
0,0.24763587
0,0.24994749
0,0.25723302
0,0.26445317
0,0.26333815
0,0.26148334
0,0.2632492
0,0.2593292
0,0.2665026
0,0.26181722
0,0.26311725
0,0.25676984
0,0.2602311
0,0.25204763
0,0.25730076
0,0.25244075
0,0.25584093
0,0.25633493
0,0.25695142
0,0.2565249
0,0.256929
0,0.2548047
0,0.25829256
0,0.2904214
0,0.27036476
0,0.26478148
0,0.26166472
0,0.255546
0,0.26753876
0,0.2522348
0,0.2657046
0,0.25557366
0,0.26660225
0,0.25482386
0,0.26560965
0,0.25769332
0,0.26725304
0,0.25989267
0,0.2606974
0,0.25596723
0,0.25521833
0,0.2640227
0,0.2557529
0,0.24525607
0,0.2599332
0,0.25238612
0,0.25149572
0,0.24775347
0,0.25936455
0,0.26476792
0,0.26573208
0,0.25747782
0,0.25487137
0,0.25841904
0,0.25229487
0,0.25047544
0,0.25887644
0,0.26273182
0,0.25362763
0,0.2613793
0,0.25238737
0,0.24834317
0,0.25767934
0,0.25529107
0,0.2597983
0,0.26286277
0,0.26324815
0,0.26769722
0,0.26598808
0,0.2682575
0,0.27158967
0,0.26854345
0,0.2733284
0,0.2706946
0,0.2725254
0,0.26272783
0,0.26479352
0,0.27180445
0,0.26729822
0,0.26092997
0,0.2626942
0,0.2639223
0,0.2635699
0,0.26282752
0,0.26383305
0,0.26368183
0,0.26323146
0,0.26143742
0,0.26194957
0,0.26188675
0,0.2607152
0,0.25443697
0,0.2582056
0,0.2522403
0,0.25619596
0,0.25095242
0,0.25494447
0,0.25629997
0,0.25623685
0,0.25052914
0,0.25397503
0,0.253978
0,0.25488696
0,0.25276697
0,0.2542738
0,0.2545175
0,0.254276
0,0.25266948
0,0.25314194
0,0.2501076
0,0.25163025
0,0.2503544
0,0.26263788
0,0.25521594
0,0.25408527
0,0.2516791
0,0.2620276
0,0.25410035
0,0.2630702
0,0.2546736
0,0.25740817
0,0.25737628
0,0.27585298
0,0.25259593
0,0.25286877
0,0.25463673
0,0.2606926
0,0.25629267
0,0.25071782
0,0.2451573
0,0.25962496
0,0.25363797
0,0.28309527
0,0.26421365
0,0.26752445
0,0.25941002
0,0.26287472
0,0.25910515
0,0.26218456
0,0.3066606
0,0.2806165
0,0.26867303
0,0.31330687
0,0.27790013
0,0.27668154
0,0.27203634
0,0.2691029
0,0.27185512
0,0.26763844
0,0.340901
0,0.2994273
0,0.28291503
0,0.32738537
0,0.28463602
0,0.27864224
0,0.29605132
0,0.2777239
0,0.26849574
0,0.26907215
0,0.26372784
0,0.2624279
0,0.25950527
0,0.30753365
0,0.2748562
0,0.27033114
0,0.26570153
0,0.2734699
0,0.26350853
0,0.2623565
0,0.25517163
0,0.25696984
0,0.25171015
0,0.3136396
0,0.27942148
0,0.28133783
0,0.26916867
0,0.27621114
0,0.26481614
0,0.27211863
0,0.2655529
0,0.27082282
0,0.26124266
0,0.31805322
0,0.2777336
0,0.28399906
0,0.26332405
0,0.26494792
0,0.2539902
0,0.25344074
0,0.2520025
0,0.25020814
0,0.24938941
0,0.25757268
0,0.25134772
0,0.25332806
0,0.25001985
0,0.26020092
0,0.25032508
0,0.25899968
0,0.24877407
0,0.2580635
0,0.24684031
0,0.25612363
0,0.24570511
0,0.25470126
0,0.25347644
0,0.25791526
0,0.25356236
0,0.25850555
0,0.25067234
0,0.25882915
0,0.26134843
0,0.26002
0,0.2608499
0,0.26227698
0,0.26213905
0,0.26110187
0,0.2546565
0,0.25817165
0,0.24889617
0,0.25385687
0,0.25871423
0,0.25947115
0,0.25928032
0,0.25764057
0,0.2655515
0,0.26009062
0,0.2571777
0,0.25677687
0,0.25182545
0,0.25426757
0,0.25584075
0,0.25491828
0,0.24889424
0,0.25225392
0,0.24649501
0,0.26518294
0,0.25489432
0,0.25611383
0,0.25116986
0,0.25762936
0,0.2529313
0,0.26339683
0,0.25693503
0,0.26592508
0,0.25691846
0,0.25503165
0,0.25464255
0,0.25330785
0,0.2498266
0,0.27198583
0,0.25819913
0,0.27440625
0,0.26056862
0,0.2688087
0,0.26259676
0,0.26717174
0,0.25708526
0,0.26421633
0,0.25819856
0,0.25341502
0,0.2514855
0,0.2592333
0,0.25680867
0,0.26164052
0,0.25269037
0,0.26065937
0,0.25233886
0,0.2592519
0,0.24791719
0,0.25742552
0,0.25573772
0,0.25933844
0,0.25882667
0,0.29635555
0,0.26408806
0,0.2698182
0,0.2662149
0,0.2662645
0,0.26047257
0,0.26153153
0,0.24856585
0,0.25558302
0,0.25570473
0,0.28010398
0,0.2674531
0,0.26468697
0,0.2627321
0,0.2688373
0,0.2630481
0,0.26209617
0,0.3023604
0,0.2756406
0,0.2697431
0,0.28927177
0,0.26761565
0,0.26569363
0,0.24977148
0,0.25604957
0,0.25212893
0,0.2544566
0,0.30010027
0,0.29462028
0,0.2757284
0,0.27984908
0,0.26813567
0,0.2764174
0,0.26400083
0,0.27233562
0,0.26279518
0,0.259898
0,0.2769605
0,0.27554733
0,0.26219875
0,0.2730169
0,0.25689042
0,0.26748046
0,0.25874949
0,0.2560752
0,0.25863394
0,0.25451297
0,0.25204965
0,0.25013503
0,0.25059342
0,0.2523046
0,0.25337332
0,0.2710865
0,0.25575814
0,0.25430596
0,0.24956849
0,0.2592938
0,0.25681776
0,0.26562414
0,0.26460937
0,0.26527432
0,0.2657224
0,0.26603335
0,0.26530272
0,0.26622322
0,0.26853523
0,0.26703954
0,0.26710144
0,0.2659129
0,0.26132804
0,0.26311052
0,0.25079408
0,0.25809014
0,0.25446808
0,0.25830725
0,0.26329058
0,0.26127568
0,0.26152793
0,0.26377624
0,0.26217225
0,0.26226982
0,0.26982027
0,0.26421198
0,0.26275945
0,0.26197493
0,0.256627
0,0.26031837
0,0.25516737
0,0.2574394
0,0.25344434
0,0.25692207
0,0.2569456
0,0.25764355
0,0.26022795
0,0.25868663
0,0.25540486
0,0.25659597
0,0.25156248
0,0.2540924
0,0.25644356
0,0.25524667
0,0.26070088
0,0.26067746
0,0.2541396
0,0.25571704
0,0.24662393
0,0.25068048
0,0.2472777
0,0.24924994
0,0.25076422
0,0.25020903
0,0.25162247
0,0.2501175
0,0.2510678
0,0.24934138
0,0.25053602
0,0.24891587
0,0.25041148
0,0.24907447
0,0.2484523
0,0.24808097
0,0.24325848
0,0.24477324
0,0.24952567
0,0.24612401
0,0.2407705
0,0.24268146
0,0.24173798
0,0.2572938
0,0.24606413
0,0.2561182
0,0.2506854
0,0.2470668
0,0.253596
0,0.25824618
0,0.24628471
0,0.26006618
0,0.2552969
0,0.26111382
0,0.2566826
0,0.2608236
0,0.26116824
0,0.26367354
0,0.2630068
0,0.26513192
0,0.26579624
0,0.26632068
0,0.26374328
0,0.26613858
0,0.2654752
0,0.26551145
0,0.26171613
0,0.2643331
0,0.25960058
0,0.260025
0,0.26294097
0,0.2749929
0,0.2693775
0,0.26790574
0,0.27984047
0,0.28522515
0,0.27155244
0,0.26927224
0,0.26648524
0,0.26543307
0,0.26099426
0,0.26135704
0,0.25505558
0,0.2586007
0,0.25362942
0,0.25589705
0,0.25805086
0,0.25695643
0,0.2584868
0,0.25776187
0,0.2585742
0,0.25665328
0,0.26945317
0,0.2604607
0,0.26173314
0,0.26960754
0,0.25730988
0,0.25641108
0,0.25546
0,0.25378904
0,0.25093699
0,0.25091752
0,0.2524189
0,0.2501868
0,0.2561556
0,0.2504031
0,0.25251797
0,0.24875148
0,0.2457633
0,0.25759107
0,0.25398406
0,0.26450267
0,0.25005662
0,0.26697394
0,0.25464994
0,0.26132622
0,0.25011683
0,0.2588074
0,0.25410536
0,0.26373494
0,0.2681614
0,0.26611742
0,0.26859942
0,0.2803173
0,0.2661216
0,0.2676581
0,0.26690236
0,0.26613414
0,0.26693752
0,0.2632065
0,0.26031387
0,0.26506263
0,0.2600839
0,0.3242556
0,0.28642637
0,0.2787325
0,0.2736395
0,0.2703096
0,0.26825523
0,0.2660638
0,0.26854384
0,0.26461744
0,0.2597362
0,0.29635704
0,0.2708099
0,0.26934916
0,0.26101294
0,0.30661
0,0.2740427
0,0.2702996
0,0.3102847
0,0.28971165
0,0.27800208
0,0.2939841
0,0.2795893
0,0.27100003
0,0.26800194
0,0.26471666
0,0.26285198
0,0.26095244
0,0.29044333
0,0.28079623
0,0.2748707
0,0.26646936
0,0.25814396
0,0.26904017
0,0.2640167
0,0.25957713
0,0.26015085
0,0.2570282
0,0.26816326
0,0.25935474
0,0.26158634
0,0.25738302
0,0.25750855
0,0.25432047
0,0.2535729
0,0.25193986
0,0.24742089
0,0.25043434
0,0.2481431
0,0.26275888
0,0.25602525
0,0.25551352
0,0.25097522
0,0.26138368
0,0.2525312
0,0.26054108
0,0.25425664
0,0.2615354
0,0.2594362
0,0.26302847
0,0.25279278
0,0.26017788
0,0.2568107
0,0.26163515
0,0.25700295
0,0.26234925
0,0.71726096
0,0.73425597
0,0.5664796
0,0.48635238
0,0.41561034
0,0.37211493
0,0.3365566
0,0.30204958
0,0.2654431
0,0.25294915
0,0.23614706
0,0.22336423
0,0.2040099
0,0.18208769
0,0.16544098
0,0.15821683
0,0.15649718
0,0.1545417
0,0.15831117
0,0.16371071
0,0.17380688
0,0.17796937
0,0.19414815
0,0.20578203
0,0.21548383
0,0.22665802
0,0.23033255
0,0.23980786
0,0.23911174
0,0.24535139
0,0.25689209
0,0.25483614
0,0.2557368
0,0.25453395
0,0.25593144
0,0.25433686
0,0.25920922
0,0.25531247
0,0.2579088
0,0.25475028
0,0.25339118
0,0.25433248
0,0.25550544
0,0.2533625
0,0.26163468
0,0.25472483
0,0.2502923
0,0.27534482
0,0.26102036
0,0.27360773
0,0.26584736
0,0.26878843
0,0.2658183
0,0.2722447
0,0.26620534
0,0.27530494
0,0.2810072
0,0.281269
0,0.27514544
0,0.28676203
0,0.28149092
0,0.27759355
0,0.27559286
0,0.2759235
0,0.27658603
0,0.27307078
0,0.25661057
0,0.26645106
0,0.2743413
0,0.2767054
0,0.26199108
0,0.26546144
0,0.26837644
0,0.27358547
0,0.2675224
0,0.28910083
0,0.27702597
0,0.2752102
0,0.2674938
0,0.2764081
0,0.2686796
0,0.28165406
0,0.26596388
0,0.27305314
0,0.2715047
0,0.26791674
0,0.2726242
0,0.28013784
0,0.2682633
0,0.2728103
0,0.33342332
0,0.29056683
0,0.2790253
0,0.27848333
0,0.29983053
0,0.28346863
0,0.28024095
0,0.2848554
0,0.27475488
0,0.27742225
0,0.2670767
0,0.30088165
0,0.2734636
0,0.29536888
0,0.27860907
0,0.29717693
0,0.27422553
0,0.27237815
0,0.28152618
0,0.28172663
0,0.2785416
0,0.26547414
0,0.29484987
0,0.29051718
0,0.27760303
0,0.27225983
0,0.27388123
0,0.27575472
0,0.2648584
0,0.26382142
0,0.3696425
0,0.31858596
0,0.30313823
0,0.3081419
0,0.28518444
0,0.28146783
0,0.28409764
0,0.28054544
0,0.29287416
0,0.29799834
0,0.29919964
0,0.28564382
0,0.29787642
0,0.29411593
0,0.28412887
0,0.29003096
0,0.27849904
0,0.27362952
0,0.28802645
0,0.28507218
0,0.29654095
0,0.28936404
0,0.2920696
0,0.28692636
0,0.2815898
0,0.29204535
0,0.27335012
0,0.27172336
0,0.27112666
0,0.2711633
0,0.27252817
0,0.27179182
0,0.30736604
0,0.3237245
0,0.3029024
0,0.29829252
0,0.28765914
0,0.2853443
0,0.2772867
0,0.27436823
0,0.26645085
0,0.2914867
0,0.2734389
0,0.27627823
0,0.28022188
0,0.27329996
0,0.2787638
0,0.28182426
0,0.29190966
0,0.28997594
0,0.28504255
0,0.28221446
0,0.27065632
0,0.2862566
0,0.28115147
0,0.28447756
0,0.2723934
0,0.26972425
0,0.26776975
0,0.2699549
0,0.26090178
0,0.2624561
0,0.26825994
0,0.26406142
0,0.26721495
0,0.27324566
0,0.2818926
0,0.2702579
0,0.27930063
0,0.2837237
0,0.27914023
0,0.2752343
0,0.27401593
0,0.29471347
0,0.28757325
0,0.28266364
0,0.294469
0,0.27938688
0,0.29982242
0,0.29420516
0,0.28668517
0,0.27926275
0,0.28230068
0,0.28553355
0,0.2824087
0,0.2797327
0,0.28709558
0,0.27672052
0,0.26777282
0,0.2847507
0,0.26841918
0,0.27389824
0,0.2838131
0,0.28267244
0,0.3055642
0,0.29229602
0,0.29310027
0,0.28472435
0,0.28854755
0,0.28558087
0,0.29067028
0,0.27628556
0,0.27116024
0,0.27360424
0,0.26787022
0,0.27173617
0,0.28086525
0,0.27347186
0,0.27871075
0,0.27779746
0,0.28522265
0,0.27122116
0,0.27310804
0,0.27044326
0,0.28829828
0,0.279746
0,0.28962618
0,0.28774068
0,0.27623585
0,0.27405995
0,0.26695582
0,0.27502742
0,0.26530206
0,0.2806356
0,0.28166804
0,0.2793434
0,0.27586165
0,0.27983472
0,0.27555722
0,0.27408955
0,0.2720825
0,0.2865997
0,0.2781916
0,0.27701294
0,0.2758085
0,0.27284604
0,0.26946682
0,0.27399176
0,0.2680424
0,0.2699187
0,0.2689911
0,0.2702866
0,0.26109764
0,0.26815403
0,0.28490615
0,0.2792023
0,0.280634
0,0.27328107
0,0.27413973
0,0.26580337
0,0.26507854
0,0.27621874
0,0.26725706
0,0.27673605
0,0.27239954
0,0.27018028
0,0.2709817
0,0.273023
0,0.27822548
0,0.2797696
0,0.26897463
0,0.28194785
0,0.2730296
0,0.28022948
0,0.27683577
0,0.27298233
0,0.27318722
0,0.27229112
0,0.26074785
0,0.26423997
0,0.26434314
0,0.2661324
0,0.2767332
0,0.28349063
0,0.28950632
0,0.28196877
0,0.27670214
0,0.27938598
0,0.2740792
0,0.2723636
0,0.2925003
0,0.28242612
0,0.27996778
0,0.27568233
0,0.2771867
0,0.27883404
0,0.28578004
0,0.2842475
0,0.27521265
0,0.2677989
0,0.2674906
0,0.2668671
0,0.28550422
0,0.27365884
0,0.27133688
0,0.2698593
0,0.26868314
0,0.277518
0,0.2624279
0,0.28471306
0,0.27244166
0,0.28398398
0,0.2796377
0,0.28327033
0,0.2870669
0,0.292669
0,0.2790248
0,0.27807173
0,0.2705861
0,0.2855261
0,0.2823776
0,0.27577212
0,0.27283883
0,0.27326176
0,0.28654626
0,0.2771565
0,0.28040618
0,0.2698409
0,0.26881537
0,0.26843172
0,0.27412143
0,0.27479655
0,0.27417266
0,0.27166533
0,0.3950485
0,0.3246809
0,0.31865442
0,0.29695728
0,0.28451082
0,0.28872728
0,0.27903008
0,0.2795399
0,0.2878129
0,0.2799644
0,0.27336484
0,0.27552688
0,0.26379964
0,0.27877417
0,0.28253162
0,0.27916893
0,0.2744177
0,0.27409354
0,0.26760238
0,0.27395746
0,0.26198477
0,0.271054
0,0.2753117
0,0.29175547
0,0.2742759
0,0.27360266
0,0.2623294
0,0.2627622
0,0.2663859
0,0.27610612
0,0.42968035
0,0.33689728
0,0.30998334
0,0.28987592
0,0.29659286
0,0.29983312
0,0.28790134
0,0.2835712
0,0.2797552
0,0.2814264
0,0.2754757
0,0.2789943
0,0.27277574
0,0.2727616
0,0.27461392
0,0.28987807
0,0.27833045
0,0.27347568
0,0.3838728
0,0.32423693
0,0.30002576
0,0.29514855
0,0.29559094
0,0.28424138
0,0.29735035
0,0.2827076
0,0.27652624
0,0.27508578
0,0.27478367
0,0.27141386
0,0.26490548
0,0.27756235
0,0.26559475
0,0.27237886
0,0.26372504
0,0.26573616
0,0.26297405
0,0.2644694
0,0.26792246
0,0.27654445
0,0.27412096
0,0.2696495
0,0.26098055
0,0.26408628
0,0.25569013
0,0.2648647
0,0.25463086
0,0.27420172
0,0.2664685
0,0.26461717
0,0.26694855
0,0.26405886
0,0.27403253
0,0.26804358
0,0.26599565
0,0.27191037
0,0.2632129
0,0.28114325
0,0.26516527
0,0.27305436
0,0.26508865
0,0.26843596
0,0.27568877
0,0.27202588
0,0.27136806
0,0.2835478
0,0.27289718
0,0.29112822
0,0.2840813
0,0.27882645
0,0.2793286
0,0.27942163
0,0.2799791
0,0.27979583
0,0.27198297
0,0.27212825
0,0.26512468
0,0.26697838
0,0.40373468
0,0.3403635
0,0.31682342
0,0.32684442
0,0.30476782
0,0.2946818
0,0.28764692
0,0.2935511
0,0.28336263
0,0.28502685
0,0.27133024
0,0.30193207
0,0.27716464
0,0.2728596
0,0.26925346
0,0.2772098
0,0.27718055
0,0.27199206
0,0.26984558
0,0.2805287
0,0.28196627
0,0.28039962
0,0.2816586
0,0.2773467
0,0.31296209
0,0.29573378
0,0.29250202
0,0.29288664
0,0.27499357
0,0.2741787
0,0.2738366
0,0.27671707
0,0.2772369
0,0.27605638
0,0.29495642
0,0.29620373
0,0.29192784
0,0.29024458
0,0.30163628
0,0.2922417
0,0.28722128
0,0.28568995
0,0.272205
0,0.2812663
0,0.27172184
0,0.27868456
0,0.27353156
0,0.27382094
0,0.2906313
0,0.2915631
0,0.27158996
0,0.27908716
0,0.2710122
0,0.27238828
0,0.2741694
0,0.27237505
0,0.277054
0,0.27000758
0,0.28624815
0,0.2733089
0,0.2722577
0,0.27524486
0,0.27028918
0,0.26501963
0,0.26491082
0,0.27415586
0,0.39313132
0,0.31804502
0,0.3186178
0,0.31067577
0,0.3251941
0,0.2976883
0,0.31097937
0,0.29330334
0,0.28677088
0,0.28411514
0,0.27693495
0,0.27745363
0,0.2724617
0,0.27859056
0,0.28429514
0,0.2806238
0,0.27807114
0,0.2831145
0,0.27462554
0,0.28683734
0,0.2802021
0,0.27817675
0,0.26761377
0,0.2742174
0,0.26477847
0,0.28377292
0,0.27138484
0,0.2752823
0,0.26686198
0,0.27285632
0,0.26774135
0,0.26809084
0,0.27330393
0,0.28175178
0,0.27156505
0,0.2698302
0,0.27365428
0,0.27626333
0,0.27436373
0,0.8957497
0,0.72103554
0,0.61569244
0,0.50939465
0,0.461516
0,0.3773804
0,0.35471213
0,0.49334386
0,0.42300585
0,0.3332295
0,0.27341318
0,0.21018247
0,0.17432088
0,0.167336
0,0.14781441
0,0.14033966
0,0.13382928
0,0.12760426
0,0.12875
0,0.12663206
0,0.12946934
0,0.13466641
0,0.13856928
0,0.14572918
0,0.15900019
0,0.16402647
0,0.18209669
0,0.20065051
0,0.21731922
0,0.23562323
0,0.2813382
0,0.27307734
0,0.2753147
0,0.26891476
0,0.2797525
0,0.26309973
0,0.2694621
0,0.27628404
0,0.2781751
0,0.26592717
0,0.27039644
0,0.27216586
0,0.2853691
0,0.2688115
0,0.27151507
0,0.28061184
0,0.269438
0,0.26460072
0,0.2678739
0,0.2596739
0,0.25967494
0,0.25815827
0,0.27084622
0,0.28115407
0,0.29795444
0,0.2829617
0,0.27747452
0,0.27407885
0,0.26698083
0,0.27489373
0,0.2727658
0,0.2710638
0,0.2742623
0,0.28578502
0,0.29267475
0,0.29052687
0,0.29270312
0,0.28143817
0,0.30102077
0,0.2779248
0,0.27992555
0,0.26459435
0,0.26359332
0,0.25929803
0,0.26168323
0,0.2551023
0,0.25667092
0,0.2535454
0,0.25383428
0,0.2551926
0,0.2540325
0,0.25151026
0,0.25159085
0,0.24831721
0,0.24956557
0,0.24737169
0,0.2485865
0,0.24565107
0,0.24725161
0,0.2447059
0,0.24650216
0,0.24674787
0,0.24645568
0,0.24850588
0,0.24623391
0,0.2531852
0,0.24775551
0,0.24838631
0,0.24530618
0,0.25594464
0,0.2588919
0,0.25864685
0,0.2512051
0,0.24773103
0,0.26077807
0,0.25896665
0,0.2618861
0,0.26086497
0,0.26259357
0,0.26182985
0,0.26339713
0,0.263714
0,0.26431018
0,0.26257002
0,0.2635097
0,0.2566675
0,0.26131988
0,0.25728148
0,0.270053
0,0.249554
0,0.2580691
0,0.25313526
0,0.25777397
0,0.25361308
0,0.2572205
0,0.2559765
0,0.2578887
0,0.2564632
0,0.25796872
0,0.25569516
0,0.2567498
0,0.25493526
0,0.26051033
0,0.255708
0,0.25653356
0,0.25548416
0,0.25548074
0,0.2507907
0,0.25307572
0,0.251442
0,0.25793812
0,0.25264746
0,0.2530018
0,0.25559363
0,0.2708139
0,0.2611861
0,0.25721473
0,0.25453472
0,0.25410208
0,0.24860297
0,0.24997677
0,0.25394663
0,0.25029203
0,0.246561
0,0.24744815
0,0.25887305
0,0.25111943
0,0.26028413
0,0.26073456
0,0.26396176
0,0.26600027
0,0.267127
0,0.26780033
0,0.2676829
0,0.2694244
0,0.26491734
0,0.26713693
0,0.26205763
0,0.2651733
0,0.26074025
0,0.26439917
0,0.26846996
0,0.2715511
0,0.27117088
0,0.26877096
0,0.2627925
0,0.2653867
0,0.2745119
0,0.2686261
0,0.26758665
0,0.26695508
0,0.26144388
0,0.26384786
0,0.25917932
0,0.26421177
0,0.26352817
0,0.26349658
0,0.26635075
0,0.26398084
0,0.2649212
0,0.26345792
0,0.26334995
0,0.26264623
0,0.26233342
0,0.26155052
0,0.26310965
0,0.26104823
0,0.25678086
0,0.25821647
0,0.25922772
0,0.25904882
0,0.2549598
0,0.26767367
0,0.26139802
0,0.26008555
0,0.2585581
0,0.25823173
0,0.25717062
0,0.25675562
0,0.25268495
0,0.2542407
0,0.2541575
0,0.25417465
0,0.2494887
0,0.2631375
0,0.25228366
0,0.25346875
0,0.25268176
0,0.25276428
0,0.3001274
0,0.2708501
0,0.26689434
0,0.26155874
0,0.25813928
0,0.25609952
0,0.2659299
0,0.25722387
0,0.24945201
0,0.2510947
0,0.24986814
0,0.24898359
0,0.25662464
0,0.25113946
0,0.25583726
0,0.250869
0,0.2615618
0,0.25251392
0,0.2628603
0,0.25811136
0,0.2637714
0,0.25465938
0,0.26179773
0,0.253489
0,0.25691858
0,0.26107916
0,0.2556562
0,0.2618429
0,0.26042655
0,0.26382753
0,0.26289746
0,0.26421094
0,0.2628748
0,0.26466256
0,0.2648414
0,0.26497337
0,0.26570272
0,0.2649758
0,0.2649119
0,0.26504332
0,0.26501888
0,0.26450333
0,0.25654495
0,0.26089585
0,0.25903922
0,0.26058757
0,0.2593301
0,0.26063076
0,0.26194865
0,0.2617481
0,0.2619117
0,0.2614429
0,0.2578267
0,0.2597872
0,0.27119252
0,0.26580715
0,0.2613699
0,0.26171342
0,0.2566541
0,0.25832954
0,0.25424847
0,0.25765297
0,0.2529052
0,0.25984073
0,0.25801727
0,0.25729504
0,0.25751117
0,0.25678536
0,0.2514526
0,0.2571964
0,0.25554237
0,0.26563013
0,0.25610274
0,0.2575264
0,0.24412814
0,0.2495914
0,0.25663507
0,0.25280312
0,0.2585688
0,0.25364152
0,0.26448858
0,0.2559891
0,0.26526493
0,0.25673795
0,0.26559374
0,0.25654095
0,0.26521274
0,0.25586796
0,0.26040664
0,0.25356162
0,0.25242284
0,0.25316304
0,0.25586843
0,0.25061205
0,0.2635715
0,0.2636841
0,0.26921007
0,0.2677824
0,0.27029955
0,0.26889685
0,0.2624612
0,0.26546946
0,0.26707825
0,0.2664095
0,0.26732987
0,0.26715687
0,0.25624737
0,0.26244512
0,0.25830516
0,0.26211512
0,0.26378503
0,0.263146
0,0.26919648
0,0.26577532
0,0.26606607
0,0.26518646
0,0.26524714
0,0.2639434
0,0.26477638
0,0.26381364
0,0.25971124
0,0.2613976
0,0.25766122
0,0.2597147
0,0.25677577
0,0.25834015
0,0.2545391
0,0.25645995
0,0.25783753
0,0.25740808
0,0.25764504
0,0.25707152
0,0.25752038
0,0.25705105
0,0.2578286
0,0.2568289
0,0.25391027
0,0.25473037
0,0.2524365
0,0.25319427
0,0.24998677
0,0.251563
0,0.25230262
0,0.2517628
0,0.26464
0,0.256913
0,0.26757225
0,0.26996565
0,0.2731832
0,0.26289034
0,0.27200794
0,0.26634294
0,0.25630257
0,0.25520408
0,0.26085678
0,0.2551764
0,0.2605288
0,0.25491124
0,0.27085847
0,0.2580858
0,0.2633501
0,0.25587
0,0.2695531
0,0.2573834
0,0.26759776
0,0.25762138
0,0.26361775
0,0.25960547
0,0.2537357
0,0.2512073
0,0.25705305
0,0.25126994
0,0.2514521
0,0.26451567
0,0.26564914
0,0.26628554
0,0.26840326
0,0.26808456
0,0.2688934
0,0.26908386
0,0.26897734
0,0.2680311
0,0.26104906
0,0.27264112
0,0.2578139
0,0.26438415
0,0.26020575
0,0.25426927
0,0.26165894
0,0.26278114
0,0.2538143
0,0.26044878
0,0.26193905
0,0.2626119
0,0.26472047
0,0.26382858
0,0.26384133
0,0.26448274
0,0.26090118
0,0.2622364
0,0.25910816
0,0.26140994
0,0.2574074
0,0.25877935
0,0.25554
0,0.25783497
0,0.25464594
0,0.25837833
0,0.25976288
0,0.25858006
0,0.25965062
0,0.25857285
0,0.2548351
0,0.25648957
0,0.26338896
0,0.25967398
0,0.25336495
0,0.25638765
0,0.26268148
0,0.25869197
0,0.2697649
0,0.26175344
0,0.27236384
0,0.26310995
0,0.27266818
0,0.2630355
0,0.27335036
0,0.26300228
0,0.26761818
0,0.26119497
0,0.26705316
0,0.2719819
0,0.25398624
0,0.25777036
0,0.2626235
0,0.26075438
0,0.26424235
0,0.25774255
0,0.27019507
0,0.2590756
0,0.2681089
0,0.25846523
0,0.26954502
0,0.25887358
0,0.27173007
0,0.25951713
0,0.26381204
0,0.25673947
0,0.24569073
0,0.24886821
0,0.25389254
0,0.24992758
0,0.26192632
0,0.2529922
0,0.26283324
0,0.26404044
0,0.26978877
0,0.26831105
0,0.2695874
0,0.26884282
0,0.26861802
0,0.2683293
0,0.25978574
0,0.25998276
0,0.25887424
0,0.26249745
0,0.2634156
0,0.26503342
0,0.26073
0,0.26291567
0,0.26023924
0,0.2651846
0,0.26418176
0,0.25878242
0,0.2625592
0,0.27660096
0,0.26770875
0,0.26666686
0,0.26068988
0,0.26260564
0,0.25867093
0,0.26051193
0,0.25745496
0,0.25923568
0,0.26087564
0,0.25976473
0,0.26317912
0,0.26174033
0,0.27522713
0,0.2702024
0,0.26546884
0,0.2636685
0,0.26017833
0,0.26006907
0,0.25579387
0,0.25603944
0,0.2591281
0,0.25784284
0,0.26652932
0,0.2594063
0,0.273332
0,0.26173162
0,0.27535895
0,0.2740223
0,0.26740387
0,0.26055762
0,0.26858214
0,0.25948444
0,0.26666382
0,0.2582466
0,0.25418767
0,0.253634
0,0.25951794
0,0.26725557
0,0.2653915
0,0.25696892
0,0.2670281
0,0.2580856
0,0.27029052
0,0.2574398
0,0.26935843
0,0.25861835
0,0.26704514
0,0.2571179
0,0.2635809
0,0.26556012
0,0.25406784
0,0.2623954
0,0.26115784
0,0.26388866
0,0.26541203
0,0.2589167
0,0.25900432
0,0.26213768
0,0.26455724
0,0.26455784
0,0.26558405
0,0.26643512
0,0.2669468
0,0.26866907
0,0.26495665
0,0.26499927
0,0.25156674
0,0.2583661
0,0.26391044
0,0.26196396
0,0.2544221
0,0.25855893
0,0.2737599
0,0.26577485
0,0.2702462
0,0.2655307
0,0.26568437
0,0.26444972
0,0.2639098
0,0.26276883
0,0.25545377
0,0.25804707
0,0.25885558
0,0.2580863
0,0.2561318
0,0.24595024
0,0.25359005
0,0.25329491
0,0.26153287
0,0.26249596
0,0.27066442
0,0.26137805
0,0.27108705
0,0.26200932
0,0.25553283
0,0.25577605
0,0.26233262
0,0.25689435
0,0.25050765
0,0.25278023
0,0.2594127
0,0.25896528
0,0.26726288
0,0.25879684
0,0.267956
0,0.25876898
0,0.26778454
0,0.26957446
0,0.27156335
0,0.26350814
0,0.26967728
0,0.25970846
0,0.26421386
0,0.25764838
0,0.251074
0,0.25065827
0,0.25584108
0,0.26091525
0,0.2660462
0,0.26638076
0,0.26320592
0,0.26551107
0,0.2625653
0,0.26535553
0,0.2677934
0,0.26760814
0,0.26389462
0,0.2657617
0,0.26254162
0,0.26474226
0,0.2563233
0,0.26153725
0,0.26343948
0,0.26428726
0,0.26664934
0,0.26499712
0,0.2616622
0,0.26280665
0,0.2652661
0,0.2636082
0,0.26568094
0,0.2636468
0,0.26588422
0,0.26360837
0,0.2601267
0,0.33865625
0,0.28944504
0,0.28114104
0,0.27133968
0,0.2678843
0,0.2624752
0,0.2618293
0,0.26298073
0,0.26606643
0,0.26847225
0,0.26256981
0,0.25905916
0,0.25893134
0,0.26092297
0,0.25809067
0,0.25128904
0,0.2548101
0,0.25235528
0,0.25757295
0,0.2518729
0,0.26393557
0,0.25916243
0,0.25667602
0,0.26776704
0,0.25921297
0,0.25357756
0,0.2645278
0,0.25869668
0,0.25549537
0,0.255241
0,0.2519383
0,0.24769883
0,0.24842295
0,0.24578255
0,0.24694002
0,0.24334618
0,0.24600548
0,0.2541003
0,0.25378603
0,0.25106773
0,0.24897319
0,0.26043603
0,0.25144032
0,0.2645706
0,0.2537987
0,0.25348195
0,0.24998178
0,0.24957037
0,0.24752949
0,0.25370112
0,0.24823813
0,0.25395814
0,0.24840055
0,0.25790957
0,0.2612683
0,0.25906083
0,0.26299992
0,0.2660673
0,0.26536676
0,0.26730725
0,0.26653755
0,0.26514706
0,0.26624736
0,0.25380543
0,0.26155216
0,0.25936326
0,0.26204878
0,0.25979236
0,0.2621161
0,0.26423562
0,0.2640668
0,0.2654856
0,0.2638402
0,0.2657249
0,0.2644625
0,0.26733938
0,0.25497085
0,0.25863042
0,0.26043293
0,0.25769424
0,0.2610092
0,0.25723952
0,0.25956476
0,0.25778186
0,0.25907913
0,0.27260327
0,0.2648745
0,0.26445344
0,0.26780024
0,0.26437283
0,0.26284173
0,0.26263928
0,0.26108456
0,0.25879648
0,0.25879988
0,0.25275752
0,0.25694516
0,0.25298864
0,0.25778872
0,0.26764786
0,0.26054615
0,0.26021004
0,0.25771782
0,0.26845267
0,0.25983363
0,0.2542679
0,0.25489587
0,0.25121164
0,0.2528037
0,0.2590784
0,0.25440073
0,0.25034592
0,0.25130647
0,0.2574601
0,0.25237507
0,0.25910768
0,0.25317296
0,0.26688954
0,0.2560774
0,0.2665722
0,0.2563813
0,0.26681626
0,0.25591728
0,0.2667575
0,0.25610396
0,0.26090404
0,0.26471198
0,0.27050847
0,0.26818684
0,0.26043907
0,0.26519993
0,0.2677547
0,0.26686049
0,0.26972124
0,0.26800203
0,0.2698421
0,0.25685754
0,0.2665754
0,0.26549974
0,0.27195376
0,0.2680402
0,0.26414096
0,0.2657473
0,0.25637275
0,0.2510122
0,0.25635666
0,0.25921598
0,0.25711176
0,0.26005945
0,0.26280174
0,0.2616283
0,0.2665513
0,0.26327276
0,0.26485056
0,0.26328227
0,0.26755545
0,0.26420602
0,0.26041204
0,0.26247463
0,0.25360835
0,0.26203495
0,0.2567147
0,0.25861996
0,0.26267385
0,0.26016828
0,0.26096955
0,0.2604602
0,0.25518918
0,0.25737354
0,0.25952202
0,0.25804493
0,0.2598003
0,0.2585677
0,0.25363815
0,0.2683394
0,0.25646523
0,0.26897335
0,0.25744972
0,0.2580478
0,0.257468
0,0.2577612
0,0.25185588
0,0.25419617
0,0.2662415
0,0.25917575
0,0.25776708
0,0.2553366
0,0.25484356
0,0.2533107
0,0.24890776
0,0.25061172
0,0.25700533
0,0.2576546
0,0.25987223
0,0.2547871
0,0.26682085
0,0.25742325
0,0.26674306
0,0.2638155
0,0.27124438
0,0.2599768
0,0.27028015
0,0.259085
0,0.2632862
0,0.25723678
0,0.25458428
0,0.2517669
0,0.25546128
0,0.25117105
0,0.25486195
0,0.25079945
0,0.25985673
0,0.2532671
0,0.2628508
0,0.26430327
0,0.25994924
0,0.26634213
0,0.26622444
0,0.2669043
0,0.25763783
0,0.263511
0,0.2529368
0,0.2602576
0,0.2570057
0,0.26113102
0,0.26138982
0,0.26337123
0,0.2692032
0,0.2663006
0,0.26540998
0,0.26486742
0,0.25926736
0,0.2512613
0,0.25394005
0,0.25670362
0,0.25978482
0,0.26040965
0,0.2515752
0,0.25768352
0,0.25329587
0,0.25673068
0,0.25882384
0,0.2590901
0,0.2606133
0,0.25979722
0,0.2616335
0,0.25969347
0,0.2629385
0,0.26188684
0,0.25533542
0,0.25643802
0,0.2544255
0,0.25489753
0,0.25632912
0,0.26660797
0,0.2546124
0,0.25529155
0,0.26194248
0,0.2566393
0,0.25599673
0,0.25369164
0,0.2489908
0,0.2507424
0,0.253526
0,0.25138834
0,0.25477117
0,0.251979
0,0.25068784
0,0.24970903
0,0.24625927
0,0.24763414
0,0.25329232
0,0.24925083
0,0.25988665
0,0.25180003
0,0.26089475
0,0.25261608
0,0.26430032
0,0.25509003
0,0.26291177
0,0.25399715
0,0.26407638
0,0.26556835
0,0.2632165
0,0.26501757
0,0.25498062
0,0.2615202
0,0.25749058
0,0.26099005
0,0.26262444
0,0.26277047
0,0.26465526
0,0.2635639
0,0.2591372
0,0.26188654
0,0.26192212
0,0.26179278
0,0.25722882
0,0.26001513
0,0.25612333
0,0.2592535
0,0.251586
0,0.25721827
0,0.25825354
0,0.25858954
0,0.25908548
0,0.26522222
0,0.26152313
0,0.28373063
0,0.26391286
0,0.2638474
0,0.2603576
0,0.2616092
0,0.26186487
0,0.26059902
0,0.2556257
0,0.25828964
0,0.25213528
0,0.2547273
0,0.25468263
0,0.25455692
0,0.25147182
0,0.25254494
0,0.25202695
0,0.25199667
0,0.25104466
0,0.25137684
0,0.25207415
0,0.25122663
0,0.2599956
0,0.25379977
0,0.25123268
0,0.25051764
0,0.25706077
0,0.25153092
0,0.2580879
0,0.2529906
0,0.26578882
0,0.25438914
0,0.26094133
0,0.2535399
0,0.25926307
0,0.2635807
0,0.26819155
0,0.267831
0,0.26714307
0,0.26710737
0,0.25598273
0,0.2622768
0,0.26149097
0,0.26344237
0,0.26717275
0,0.26576197
0,0.26936117
0,0.2666025
0,0.2728728
0,0.26814026
0,0.27604595
0,0.2701312
0,0.26535812
0,0.2657395
0,0.2644079
0,0.2657488
0,0.2523083
0,0.25918642
0,0.25856808
0,0.26097962
0,0.27264634
0,0.26938796
0,0.2634473
0,0.26358452
0,0.26022023
0,0.2610029
0,0.26235625
0,0.26124716
0,0.26545393
0,0.26230285
0,0.2597986
0,0.25973022
0,0.25546476
0,0.26937744
0,0.25909176
0,0.25927722
0,0.2552409
0,0.25618622
0,0.25376457
0,0.25424808
0,0.25567332
0,0.25486544
0,0.25626853
0,0.25622046
0,0.25697264
0,0.25475553
0,0.2520328
0,0.252824
0,0.24424426
0,0.25039408
0,0.24613869
0,0.24850641
0,0.24615394
0,0.25208452
0,0.25166506
0,0.25194705
0,0.25162995
0,0.25036743
0,0.2504722
0,0.25092795
0,0.26380086
0,0.25549087
0,0.25327945
0,0.25180292
0,0.24864207
0,0.2490164
0,0.25695696
0,0.25158656
0,0.26036614
0,0.25330615
0,0.26337084
0,0.25503603
0,0.2587707
0,0.2530162
0,0.25690064
0,0.25227764
0,0.26135817
0,0.25354293
0,0.25730938
0,0.25311092
0,0.2503919
0,0.2535392
0,0.25545448
0,0.25011277
0,0.25012672
0,0.24927153
0,0.25845885
0,0.26140538
0,0.2647603
0,0.26592532
0,0.26661542
0,0.26667523
0,0.2659318
0,0.2670473
0,0.27088162
0,0.26912913
0,0.26660687
0,0.26735878
0,0.26213565
0,0.26451278
0,0.26478133
0,0.265046
0,0.26503158
0,0.26981562
0,0.2667402
0,0.2679754
0,0.26169398
0,0.26394624
0,0.2636623
0,0.26378018
0,0.2598193
0,0.26182786
0,0.2534498
0,0.25840437
0,0.2554221
0,0.2604723
0,0.2718455
0,0.26525643
0,0.26397675
0,0.26033354
0,0.2610211
0,0.26043436
0,0.27186227
0,0.2639208
0,0.2626362
0,0.26098266
0,0.2562546
0,0.25875568
0,0.2541995
0,0.25599974
0,0.2629612
0,0.2593292
0,0.2586539
0,0.25691786
0,0.25796524
0,0.25626194
0,0.26779583
0,0.25970224
0,0.2696661
0,0.27160892
0,0.26903066
0,0.2614029
0,0.2628152
0,0.25909883
0,0.26278502
0,0.2617382
0,0.2648806
0,0.2568191
0,0.26746202
0,0.25775596
0,0.2627981
0,0.2703931
0,0.27959055
0,0.26329586
0,0.27027518
0,0.2701385
0,0.26846114
0,0.25868565
0,0.25321722
0,0.25790986
0,0.25882924
0,0.26384225
0,0.26693633
0,0.26929605
0,0.27016136
0,0.26893333
0,0.26987505
0,0.26859546
0,0.26916212
0,0.26231733
0,0.27586752
0,0.27526793
0,0.2692302
0,0.26855415
0,0.2641849
0,0.27658162
0,0.26545638
0,0.26680338
0,0.26713046
0,0.26085502
0,0.2638818
0,0.2628224
0,0.26702723
0,0.26364097
0,0.26728427
0,0.2635611
0,0.26551458
0,0.26234138
0,0.25875518
0,0.25795943
0,0.2510738
0,0.25551453
0,0.25178343
0,0.2544022
0,0.25849295
0,0.25677896
0,0.2568156
0,0.25703493
0,0.25632828
0,0.2551254
0,0.2543638
0,0.26244113
0,0.25918862
0,0.25579318
0,0.2527425
0,0.2522705
0,0.24848424
0,0.24943084
0,0.2583762
0,0.2537122
0,0.25365272
0,0.2518518
0,0.2579926
0,0.25232208
0,0.25298572
0,0.25012293
0,0.25637847
0,0.25267377
0,0.26643723
0,0.25484297
0,0.26036024
0,0.25268865
0,0.25329316
0,0.26122442
0,0.26286328
0,0.26521266
0,0.26276186
0,0.2644373
0,0.28322744
0,0.27209634
0,0.2729867
0,0.26921195
0,0.26765263
0,0.26676688
0,0.2695879
0,0.26669595
0,0.2644358
0,0.26443696
0,0.25697628
0,0.26145086
0,0.26468816
0,0.26304328
0,0.26154193
0,0.25606614
0,0.26355898
0,0.2611158
0,0.26469517
0,0.2614928
0,0.26541597
0,0.26188403
0,0.26546654
0,0.26922804
0,0.26303494
0,0.2616031
0,0.2542788
0,0.25624713
0,0.2561012
0,0.25572312
0,0.2602722
0,0.2628169
0,0.2633122
0,0.2578983
0,0.27238256
0,0.27138937
0,0.26714924
0,0.26689535
0,0.26815352
0,0.26040974
0,0.25743434
0,0.2611694
0,0.25622404
0,0.253473
0,0.2531289
0,0.26192844
0,0.26044703
0,0.25445932
0,0.25340647
0,0.2509236
0,0.25315842
0,0.26044133
0,0.25812638
0,0.2526151
0,0.25526932
0,0.2625881
0,0.2539228
0,0.26135495
0,0.2646989
0,0.26557532
0,0.26741505
0,0.26725987
0,0.27577412
0,0.27545357
0,0.27800062
0,0.27221704
0,0.27752978
0,0.27432635
0,0.2779253
0,0.27278504
0,0.25778076
0,0.26396722
0,0.2554769
0,0.26098517
0,0.26366624
0,0.26351446
0,0.26969633
0,0.26621106
0,0.27210295
0,0.26753432
0,0.27229893
0,0.26747626
0,0.266413
0,0.26560634
0,0.27069727
0,0.26585227
0,0.26731676
0,0.26422292
0,0.2557671
0,0.259202
0,0.25974786
0,0.25904495
0,0.26552945
0,0.26075023
0,0.2605375
0,0.2593248
0,0.2647693
0,0.2599599
0,0.2765773
0,0.26444772
0,0.2690305
0,0.26285172
0,0.26433262
0,0.2599181
0,0.25442976
0,0.25546965
0,0.2574564
0,0.2582279
0,0.25384146
0,0.25391653
0,0.2628705
0,0.2572804
0,0.26341626
0,0.2569721
0,0.26154304
0,0.25648907
0,0.26080894
0,0.25619525
0,0.25591263
0,0.2567275
0,0.24914943
0,0.2505731
0,0.262177
0,0.25456625
0,0.2729003
0,0.25937155
0,0.27356997
0,0.26036924
0,0.27919877
0,0.2627236
0,0.27534193
0,0.26229525
0,0.27451462
0,0.26025677
0,0.26922232
0,0.26853243
0,0.2609686
0,0.26526922
0,0.268475
0,0.26761982
0,0.27465707
0,0.27008712
0,0.27616924
0,0.27149034
0,0.27918166
0,0.27148932
0,0.27762577
0,0.2708998
0,0.27709037
0,0.27054712
0,0.256846
0,0.2628737
0,0.25485554
0,0.25369912
0,0.26077175
0,0.26076025
0,0.2685871
0,0.26486456
0,0.26892677
0,0.26666057
0,0.27178636
0,0.26576844
0,0.27808776
0,0.26898786
0,0.27537933
0,0.27024522
0,0.2691607
0,0.26475146
0,0.262936
0,0.2611058
0,0.2645551
0,0.26073197
0,0.26775652
0,0.26617324
0,0.26956946
0,0.26744786
0,0.26939455
0,0.26268056
0,0.25902128
0,0.2687107
0,0.26019207
0,0.25812596
0,0.2594817
0,0.2567996
0,0.2573048
0,0.25559083
0,0.25673178
0,0.25446475
0,0.26086313
0,0.2550646
0,0.27235684
0,0.25945303
0,0.26352212
0,0.25670823
0,0.2731547
0,0.25895804
0,0.27171648
0,0.25923744
0,0.26940694
0,0.257892
0,0.26876518
0,0.26794854
0,0.27250683
0,0.27108353
0,0.2781814
0,0.2726624
0,0.2796714
0,0.2733902
0,0.27988788
0,0.27372682
0,0.2802033
0,0.27498117
0,0.27675664
0,0.27666533
0,0.2638747
0,0.26912436
0,0.27051556
0,0.26835233
0,0.2696741
0,0.26785865
0,0.3439821
0,0.29725167
0,0.29808632
0,0.28403535
0,0.28570044
0,0.27657384
0,0.29225084
0,0.277236
0,0.27834672
0,0.27237627
0,0.26248378
0,0.26472092
0,0.26306877
0,0.26327705
0,0.27057913
0,0.265376
0,0.2713923
0,0.2658881
0,0.26689687
0,0.26325318
0,0.26516387
0,0.2624264
0,0.26902047
0,0.2629253
0,0.2653504
0,0.26146975
0,0.26195142
0,0.2602521
0,0.26037994
0,0.2590805
0,0.2641866
0,0.2594959
0,0.25590566
0,0.25608176
0,0.26225662
0,0.2573433
0,0.26393512
0,0.25774613
0,0.25858352
0,0.25975066
0,0.25475127
0,0.25371084
0,0.24628642
0,0.24910966
0,0.24789067
0,0.24792796
0,0.26989272
0,0.25633955
0,0.2725623
0,0.25877115
0,0.27684596
0,0.260473
0,0.27756602
0,0.2613881
0,0.26897857
0,0.2580568
0,0.26692525
0,0.2673356
0,0.25586125
0,0.26441842
0,0.27203485
0,0.26862535
0,0.2800309
0,0.27393
0,0.2809617
0,0.27423292
0,0.258502
0,0.26547244
0,0.27292398
0,0.26884273
0,0.2761833
0,0.2705996
0,0.27540272
0,0.27016726
0,0.25955907
0,0.26378956
0,0.26173058
0,0.26396993
0,0.27259767
0,0.2665285
0,0.28802297
0,0.27295452
0,0.27931717
0,0.2713144
0,0.2749374
0,0.26888102
0,0.2648131
0,0.26420408
0,0.26993388
0,0.26702148
0,0.26255968
0,0.26382452
0,0.2636865
0,0.26204243
0,0.26750466
0,0.2625126
0,0.2686226
0,0.26300642
0,0.26870722
0,0.26252782
0,0.25984782
0,0.25873035
0,0.27370438
0,0.2633657
0,0.26290023
0,0.25917017
0,0.25620684
0,0.25526989
0,0.2536485
0,0.26646605
0,0.27710703
0,0.2640185
0,0.28208303
0,0.26466718
0,0.28203443
0,0.26540402
0,0.2832317
0,0.26833528
0,0.2782953
0,0.26397824
0,0.26690927
0,0.25876394
0,0.2655296
0,0.25712472
0,0.27999207
0,0.28461784
0,0.2879461
0,0.2682328
0,0.27346337
0,0.2621111
0,0.27587217
0,0.27202538
0,0.2805071
0,0.2738239
0,0.2707368
0,0.2711677
0,0.2638767
0,0.2675512
0,0.26496965
0,0.26668257
0,0.27496582
0,0.27015173
0,0.27741066
0,0.27156553
0,0.26827407
0,0.2730693
0,0.26810065
0,0.2673904
0,0.27054375
0,0.27299622
0,0.26794875
0,0.2670765
0,0.25845733
0,0.2622624
0,0.26108664
0,0.26165873
0,0.2694308
0,0.26430917
0,0.2721207
0,0.26558045
0,0.28393143
0,0.26952806
0,0.27511957
0,0.27825534
0,0.28971452
0,0.27242294
0,0.2769237
0,0.26777714
0,0.26368463
0,0.26143083
0,0.25855565
0,0.2581131
0,0.27631146
0,0.2630129
0,0.27939358
0,0.26623282
0,0.28116825
0,0.26618093
0,0.27895755
0,0.2645175
0,0.2800509
0,0.26435494
0,0.292506
0,0.26848188
0,0.25651932
0,0.2671932
0,0.25795552
0,0.25487557
0,0.27050707
0,0.25809947
0,0.29916456
0,0.26947916
0,0.28183353
0,0.27574968
0,0.28302303
0,0.2761588
0,0.2840066
0,0.27679634
0,0.27836215
0,0.27448517
0,0.2653606
0,0.26931638
0,0.27002463
0,0.26849598
0,0.27597773
0,0.27076274
0,0.28071633
0,0.2775787
0,0.28351653
0,0.28356096
0,0.28678504
0,0.27696967
0,0.27249184
0,0.27062672
0,0.2724873
0,0.26921278
0,0.2580949
0,0.2629484
0,0.2622018
0,0.26308778
0,0.27605107
0,0.26785493
0,0.28177306
0,0.27082324
0,0.28073385
0,0.2705683
0,0.27602285
0,0.26907516
0,0.27940848
0,0.26962933
0,0.27018058
0,0.26642
0,0.26677763
0,0.26445028
0,0.26502582
0,0.2629105
0,0.26294282
0,0.26109856
0,0.26932788
0,0.27385634
0,0.28467813
0,0.2699474
0,0.28578338
0,0.27054298
0,0.28893235
0,0.27245456
0,0.2692227
0,0.27579173
0,0.26185647
0,0.27224198
0,0.26265478
0,0.27091792
0,0.28054753
0,0.27106288
0,0.28328374
0,0.26802322
0,0.28190675
0,0.26697353
0,0.27865517
0,0.28090474
0,0.28190723
0,0.26798445
0,0.27710187
0,0.26576948
0,0.2775721
0,0.26422343
0,0.2720425
0,0.2617046
0,0.2750346
0,0.26216194
0,0.27086017
0,0.25985396
0,0.26660654
0,0.28684264
0,0.28541553
0,0.26780033
0,0.2760632
0,0.263354
0,0.25870943
0,0.25526172
0,0.25830808
0,0.25293213
0,0.2579297
0,0.2645817
0,0.2612905
0,0.26488712
0,0.27410623
0,0.270079
0,0.27480048
0,0.27135095
0,0.2705592
0,0.2697858
0,0.27076074
0,0.2692621
0,0.26790798
0,0.2676444
0,0.26352045
0,0.26594576
0,0.2822264
0,0.27157253
0,0.27180222
0,0.26922795
0,0.27292955
0,0.2681293
0,0.26310453
0,0.26347244
0,0.27002457
0,0.2710608
0,0.26928496
0,0.2670121
0,0.2647369
0,0.26329672
0,0.26486742
0,0.2618115
0,0.2679813
0,0.26220587
0,0.26805362
0,0.26668677
0,0.26968
0,0.26308396
0,0.2748908
0,0.27705896
0,0.2737994
0,0.26522383
0,0.26059303
0,0.2588874
0,0.25378895
0,0.27705055
0,0.26094607
0,0.2594085
0,0.2751172
0,0.26238412
0,0.2766641
0,0.26368237
0,0.27740797
0,0.26401806
0,0.2771245
0,0.26378495
0,0.271603
0,0.2655465
0,0.2715406
0,0.26243252
0,0.24949868
0,0.25242618
0,0.25879067
0,0.2535859
0,0.26889935
0,0.25703546
0,0.2709903
0,0.25892538
0,0.27302307
0,0.2596168
0,0.27338636
0,0.2658555
0,0.28344452
0,0.2640165
0,0.26921034
0,0.25843957
0,0.2535085
0,0.26210675
0,0.26937816
0,0.2579342
0,0.27439678
0,0.27250367
0,0.27516827
0,0.27068588
0,0.27428
0,0.27047193
0,0.2734456
0,0.27012736
0,0.27658966
0,0.27098694
0,0.26891714
0,0.2726623
0,0.26202318
0,0.26568574
0,0.2618516
0,0.26442719
0,0.27127218
0,0.27359602
0,0.27352664
0,0.27335697
0,0.27195475
0,0.26832193
0,0.27568787
0,0.26907787
0,0.2739342
0,0.26840684
0,0.26497418
0,0.2649938
0,0.27013052
0,0.26639387
0,0.25933385
0,0.2613462
0,0.2773066
0,0.2676745
0,0.2805871
0,0.26954684
0,0.28364152
0,0.2724575
0,0.27843973
0,0.2690918
0,0.2791115
0,0.26838633
0,0.27483836
0,0.26706737
0,0.2782969
0,0.2675586
0,0.27775115
0,0.266611
0,0.273004
0,0.2647788
0,0.27975994
0,0.27790147
0,0.2762211
0,0.26685253
0,0.27985588
0,0.2669968
0,0.27425826
0,0.26532984
0,0.261195
0,0.25932416
0,0.26614434
0,0.25991276
0,0.26262134
0,0.2580241
0,0.27267358
0,0.2612081
0,0.2748873
0,0.27039537
0,0.27499586
0,0.26358163
0,0.2736037
0,0.2625967
0,0.26830852
0,0.25973475
0,0.25420657
0,0.25348055
0,0.2563614
0,0.2655744
0,0.257716
0,0.26578873
0,0.27345574
0,0.2601738
0,0.27251488
0,0.25919834
0,0.26837695
0,0.2678478
0,0.2751804
0,0.27113542
0,0.26422578
0,0.2681532
0,0.25902987
0,0.2669901
0,0.2674212
0,0.26026377
0,0.2660676
0,0.2655156
0,0.28117222
0,0.27247587
0,0.277168
0,0.27070734
0,0.29172415
0,0.27654266
0,0.29293856
0,0.27763572
0,0.28184885
0,0.2740463
0,0.26382858
0,0.26558033
0,0.25851452
0,0.26221675
0,0.2791493
0,0.26840872
0,0.25980213
0,0.26200405
0,0.25522727
0,0.25894833
0,0.267234
0,0.26654753
0,0.27150282
0,0.26536137
0,0.27165624
0,0.2649093
0,0.25887415
0,0.26009658
0,0.2651543
0,0.2610365
0,0.27344337
0,0.26451954
0,0.27515656
0,0.2758559
0,0.27994114
0,0.26904947
0,0.2778089
0,0.2662166
0,0.2783159
0,0.2682361
0,0.2736247
0,0.26361948
0,0.26482546
0,0.25945595
0,0.2658317
0,0.2692353
0,0.2639832
0,0.2592442
0,0.28152162
0,0.26355937
0,0.26430058
0,0.2681334
0,0.27367327
0,0.27204433
0,0.2871935
0,0.26688313
0,0.26897216
0,0.25936314
0,0.25049302
0,0.2612669
0,0.2603761
0,0.2643715
0,0.26841217
0,0.2681098
0,0.27236104
0,0.26964328
0,0.272701
0,0.26978487
0,0.27143395
0,0.26956037
0,0.27477032
0,0.26992154
0,0.26604977
0,0.26706287
0,0.25735712
0,0.2619906
0,0.26422542
0,0.26304474
0,0.25705612
0,0.26069692
0,0.258766
0,0.2603101
0,0.2651189
0,0.26243782
0,0.26472846
0,0.26223764
0,0.27283868
0,0.270446
0,0.26010054
0,0.26183257
0,0.25529444
0,0.258301
0,0.26731086
0,0.26274142
0,0.2770723
0,0.26601583
0,0.28087857
0,0.26858523
0,0.28517234
0,0.27431855
0,0.28470436
0,0.2709715
0,0.27747524
0,0.26744553
0,0.26319492
0,0.26176476
0,0.2655456
0,0.26542106
0,0.27703887
0,0.26477522
0,0.27772775
0,0.26513675
0,0.27763706
0,0.27964714
0,0.28296143
0,0.2684531
0,0.27726242
0,0.26506215
0,0.25457054
0,0.2562036
0,0.25260788
0,0.25274265
0,0.26019463
0,0.2557481
0,0.26651096
0,0.2645076
0,0.26934475
0,0.2586563
0,0.26915553
0,0.25730634
0,0.26756233
0,0.2668924
0,0.27204016
0,0.2693676
0,0.26874375
0,0.26924172
0,0.26447228
0,0.2667078
0,0.26478264
0,0.26644292
0,0.27420086
0,0.26950538
0,0.2718296
0,0.26898775
0,0.27170724
0,0.26820537
0,0.27173895
0,0.26981437
0,0.27061555
0,0.26735917
0,0.26009908
0,0.26493618
0,0.2606552
0,0.26188573
0,0.25895938
0,0.2599936
0,0.27131504
0,0.2645552
0,0.27727476
0,0.26791015
0,0.26898724
0,0.2659313
0,0.2753196
0,0.26659888
0,0.27782694
0,0.2675256
0,0.27711675
0,0.26762795
0,0.2617365
0,0.26156214
0,0.26812223
0,0.2726768
0,0.27783918
0,0.26751012
0,0.27671522
0,0.27672547
0,0.27986705
0,0.2675556
0,0.2767626
0,0.26564693
0,0.27398008
0,0.26359892
0,0.26805794
0,0.26099047
0,0.25133955
0,0.25518432
0,0.26079848
0,0.25536996
0,0.2684469
0,0.2585864
0,0.27155071
0,0.2596639
0,0.2695771
0,0.2593333
0,0.27097666
0,0.25919417
0,0.268436
0,0.25804526
0,0.2624745
0,0.25501794
0,0.2535928
0,0.25084335
0,0.25658008
0,0.26138598
0,0.26536807
0,0.2654852
0,0.2730126
0,0.26950082
0,0.27109113
0,0.2696262
0,0.26601407
0,0.26881284
0,0.26416886
0,0.26642048
0,0.259577
0,0.26445428
0,0.25576335
0,0.2625059
0,0.25537708
0,0.26123843
0,0.26111764
0,0.26370168
0,0.2674116
0,0.2649605
0,0.27693945
0,0.26885968
0,0.2632554
0,0.26409912
0,0.2642384
0,0.2632733
0,0.25887087
0,0.26086423
0,0.253006
0,0.25924295
0,0.26607805
0,0.2618757
0,0.27414235
0,0.2652802
0,0.27684125
0,0.2674959
0,0.27717894
0,0.26697564
0,0.28083813
0,0.268023
0,0.27425826
0,0.26566684
0,0.25888228
0,0.35133037
0,0.29824218
0,0.28278276
0,0.28765035
0,0.2730065
0,0.28090435
0,0.26903343
0,0.26873714
0,0.2632737
0,0.26741996
0,0.2621054
0,0.29021007
0,0.26881507
0,0.27302548
0,0.26423773
0,0.25762326
0,0.25740692
0,0.27470547
0,0.272484
0,0.2643176
0,0.2599378
0,0.27236992
0,0.26015452
0,0.2701249
0,0.25973055
0,0.26942745
0,0.26308197
0,0.2649877
0,0.25724432
0,0.25764894
0,0.26286137
0,0.25376987
0,0.26199695
0,0.26153937
0,0.26468018
0,0.26269385
0,0.2645359
0,0.26776096
0,0.26861802
0,0.26976424
0,0.27254328
0,0.27199206
0,0.2688201
0,0.2704236
0,0.2680931
0,0.2669464
0,0.2777325
0,0.2586104
0,0.26329887
0,0.2605311
0,0.26181585
0,0.26423976
0,0.26370707
0,0.2654193
0,0.26380146
0,0.26470652
0,0.26308146
0,0.27615625
0,0.2670433
0,0.2789285
0,0.26901773
0,0.2747418
0,0.26691478
0,0.26151466
0,0.2614608
0,0.26856226
0,0.2626369
0,0.2775342
0,0.26613715
0,0.27697396
0,0.2660376
0,0.27669442
0,0.26557514
0,0.27600053
0,0.26453915
0,0.26657015
0,0.26002535
0,0.27177563
0,0.26087606
0,0.25511616
0,0.2549337
0,0.2633671
0,0.2554622
0,0.26848307
0,0.25977328
0,0.27316752
0,0.2597784
0,0.2699694
0,0.26344457
0,0.27458227
0,0.26058635
0,0.2657128
0,0.25732076
0,0.26840943
0,0.26790097
0,0.25819027
0,0.26440093
0,0.26389736
0,0.2664564
0,0.2693304
0,0.26823622
0,0.30229038
0,0.2806646
0,0.2801435
0,0.2739285
0,0.2762919
0,0.27121326
0,0.2736055
0,0.2700045
0,0.26365983
0,0.26528823
0,0.2601548
0,0.26260248
0,0.2587933
0,0.26199928
0,0.27602133
0,0.2672489
0,0.27083334
0,0.26633638
0,0.2689239
0,0.26623142
0,0.26044485
0,0.26157418
0,0.2656995
0,0.26288402
0,0.29941848
0,0.27537608
0,0.2699984
0,0.2665683
0,0.26912552
0,0.26449767
0,0.26567355
0,0.2662784
0,0.27842364
0,0.27082485
0,0.2805503
0,0.26815516
0,0.27935717
0,0.27238742
0,0.27164653
0,0.2644422
0,0.26037392
0,0.25905946
0,0.2699858
0,0.26048553
0,0.27325204
0,0.26212564
0,0.26913637
0,0.27122456
0,0.27724466
0,0.26458785
0,0.27651626
0,0.2637764
0,0.27513957
0,0.26283252
0,0.27162954
0,0.26100382
0,0.25668776
0,0.25490642
0,0.24785486
0,0.24977219
0,0.26337528
0,0.2539257
0,0.2564393
0,0.25142983
0,0.25341418
0,0.26050296
0,0.26059783
0,0.25331658
0,0.264826
0,0.26538312
0,0.26614013
0,0.26692915
0,0.25691307
0,0.26349273
0,0.25838363
0,0.263023
0,0.2628254
0,0.26407248
0,0.26319012
0,0.263748
0,0.27089357
0,0.26692775
0,0.2739132
0,0.27746928
0,0.26510265
0,0.2658224
0,0.26040012
0,0.26279914
0,0.25341344
0,0.25910172
0,0.26047832
0,0.26032582
0,0.25640166
0,0.2586975
0,0.26326075
0,0.26046228
0,0.27140623
0,0.26386258
0,0.27861625
0,0.26725006
0,0.2818129
0,0.26996347
0,0.27986246
0,0.26833925
0,0.26073167
0,0.26100177
0,0.27043608
0,0.26232126
0,0.27646658
0,0.41780213
0,0.3201864
0,0.29703775
0,0.3034986
0,0.28156677
0,0.28326383
0,0.27217075
0,0.2811782
0,0.26776022
0,0.27389377
0,0.26373744
0,0.2647742
0,0.25943756
0,0.268048
0,0.25920835
0,0.2653111
0,0.2582012
0,0.27145216
0,0.25938618
0,0.26443148
0,0.25662318
0,0.2658966
0,0.26771346
0,0.27403384
0,0.2605726
0,0.26696658
0,0.26829767
0,0.2686856
0,0.26948863
0,0.26546434
0,0.26781368
0,0.276198
0,0.26747638
0,0.27293694
0,0.27226883
0,0.27055627
0,0.26924503
0,0.27276984
0,0.2690113
0,0.26574275
0,0.26615977
0,0.26572824
0,0.26519105
0,0.25857857
0,0.26250723
0,0.26208153
0,0.26337177
0,0.26721758
0,0.27574617
0,0.30703208
0,0.28152937
0,0.2797047
0,0.2729147
0,0.27434582
0,0.26867285
0,0.27060878
0,0.25591975
0,0.2602197
0,0.2605816
0,0.25659934
0,0.25843298
0,0.2592955
0,0.25885138
0,0.266323
0,0.26182246
0,0.276015
0,0.26723486
0,0.27947825
0,0.2684573
0,0.26017076
0,0.26107496
0,0.27055562
0,0.26313835
0,0.26113072
0,0.26017123
0,0.27298254
0,0.26349437
0,0.26274157
0,0.2720459
0,0.27854696
0,0.26597896
0,0.27998593
0,0.26580894
0,0.2797127
0,0.2658855
0,0.2769289
0,0.27623138
0,0.2780399
0,0.269064
0,0.26130468
0,0.25915077
0,0.26664913
0,0.25878534
0,0.27504987
0,0.2614794
0,0.27007443
0,0.2601467
0,0.26468584
0,0.2570407
0,0.2701275
0,0.2587799
0,0.2686548
0,0.25796393
0,0.26454747
0,0.26130944
0,0.2566429
0,0.2534827
0,0.26019987
0,0.26546448
0,0.27401614
0,0.27007136
0,0.27227908
0,0.27266148
0,0.27314857
0,0.27139983
0,0.2683624
0,0.27277082
0,0.27241254
0,0.27152494
0,0.26919433
0,0.26923358
0,0.25937736
0,0.26574045
0,0.26769388
0,0.25860712
0,0.26106334
0,0.26436144
0,0.26677123
0,0.2656569
0,0.265195
0,0.26532984
0,0.26703653
0,0.26481658
0,0.2784189
0,0.26871473
0,0.26059464
0,0.26258793
0,0.25685948
0,0.25900966
0,0.25317577
0,0.2601435
0,0.27804038
0,0.26604962
0,0.28350896
0,0.28285915
0,0.28893396
0,0.27409947
0,0.28587526
0,0.27107567
0,0.28159612
0,0.27992573
0,0.27957633
0,0.26942274
0,0.26040334
0,0.2733912
0,0.26978615
0,0.26267484
0,0.27511212
0,0.26324233
0,0.27738407
0,0.26375738
0,0.27753705
0,0.26479608
0,0.2758475
0,0.26297528
0,0.27523047
0,0.27279
0,0.27367833
0,0.2620306
0,0.26734084
0,0.26882094
0,0.26663658
0,0.26835534
0,0.2751773
0,0.27148828
0,0.27723473
0,0.2720422
0,0.27716833
0,0.27214262
0,0.2775445
0,0.27816126
0,0.27913976
0,0.27426028
0,0.27542567
0,0.272141
0,0.25775635
0,0.26691726
0,0.26615846
0,0.26492888
0,0.2722007
0,0.2680419
0,0.2707787
0,0.26732206
0,0.27056065
0,0.26576024
0,0.27488893
0,0.26768827
0,0.2730441
0,0.2662074
0,0.26567334
0,0.26682878
0,0.25171143
0,0.25884748
0,0.25851962
0,0.2572895
0,0.26252097
0,0.2578246
0,0.2636759
0,0.25898644
0,0.2631707
0,0.25799668
0,0.2630469
0,0.26102376
0,0.27044424
0,0.26016432
0,0.25861698
0,0.26446864
0,0.27513954
0,0.2614959
0,0.25960907
0,0.26606834
0,0.27787337
0,0.2638788
0,0.27760747
0,0.2626498
0,0.27830252
0,0.2621596
0,0.27528572
0,0.27123103
0,0.27479824
0,0.27162984
0,0.26372084
0,0.26795745
0,0.27025345
0,0.26890203
0,0.28432158
0,0.27443245
0,0.2819989
0,0.27412865
0,0.28626177
0,0.27581716
0,0.28014502
0,0.27335727
0,0.27795085
0,0.27255094
0,0.27925065
0,0.27156052
0,0.26057777
0,0.26473808
0,0.26197013
0,0.263438
0,0.27043632
0,0.26585016
0,0.27492172
0,0.2673245
0,0.27458024
0,0.2671891
0,0.27316028
0,0.2668433
0,0.2706823
0,0.26494914
0,0.26735878
0,0.27404326
0,0.26082656
0,0.26153955
0,0.2630395
0,0.26451948
0,0.26797605
0,0.27312693
0,0.26981744
0,0.26372316
0,0.26327643
0,0.26092502
0,0.26836467
0,0.26144934
0,0.26728255
0,0.26106617
0,0.2627573
0,0.25880596
0,0.25405043
0,0.25432527
0,0.25581107
0,0.2543063
0,0.25940347
0,0.25459015
0,0.25194526
0,0.26218778
0,0.2655456
0,0.2612943
0,0.2664295
0,0.25751248
0,0.26156214
0,0.25637627
0,0.26631594
0,0.25647792
0,0.25454417
0,0.25134647
0,0.26172352
0,0.25263378
0,0.2692105
0,0.26625752
0,0.2739687
0,0.27141646
0,0.28045008
0,0.27308968
0,0.28350487
0,0.26926893
0,0.28729662
0,0.27687943
0,0.26090026
0,0.26614988
0,0.25650683
0,0.26173714
0,0.26119497
0,0.26250547
0,0.27313408
0,0.268863
0,0.2795391
0,0.27555847
0,0.2804081
0,0.27096847
0,0.27611238
0,0.27029708
0,0.27517775
0,0.27231154
0,0.27017012
0,0.2669055
0,0.26410496
0,0.25285456
0,0.260631
0,0.25922078
0,0.26668555
0,0.26162568
0,0.26816332
0,0.26337335
0,0.27361733
0,0.26474324
0,0.2697855
0,0.26210952
0,0.2723794
0,0.2578669
0,0.26082018
0,0.25707126
0,0.25355354
0,0.253701
0,0.2577772
0,0.25356272
0,0.26109883
0,0.25456408
0,0.25604236
0,0.25210342
0,0.267478
0,0.25556743
0,0.26211545
0,0.25428486
0,0.26232243
0,0.25365046
0,0.25613636
0,0.2513121
0,0.24217536
0,0.24552217
0,0.26643437
0,0.26412842
0,0.27412024
0,0.26890823
0,0.2798966
0,0.27171955
0,0.27958277
0,0.27186325
0,0.28268954
0,0.27346542
0,0.27717894
0,0.27076212
0,0.26188168
0,0.25707406
0,0.25073868
0,0.25704113
0,0.27121165
0,0.26434872
0,0.27441847
0,0.26644814
0,0.2759762
0,0.26694438
0,0.27505624
0,0.26721877
0,0.27395076
0,0.26733726
0,0.25869277
0,0.26040465
0,0.25421587
0,0.25655234
0,0.2608285
0,0.25831518
0,0.26598448
0,0.25979784
0,0.2616416
0,0.2586554
0,0.26122102
0,0.26164097
0,0.25740042
0,0.26887688
0,0.26400992
0,0.25914925
0,0.27270037
0,0.26125503
0,0.25366956
0,0.25411302
0,0.25661808
0,0.25335845
0,0.25729302
0,0.2532479
0,0.26097283
0,0.25410652
0,0.2621697
0,0.25403896
0,0.26162344
0,0.2532092
0,0.2606026
0,0.26952767
0,0.26166487
0,0.2716142
0,0.26024914
0,0.26485765
0,0.26984692
0,0.2678583
0,0.26752305
0,0.26761627
0,0.27064395
0,0.26817143
0,0.30763057
0,0.28228894
0,0.2895404
0,0.27791777
0,0.2864474
0,0.2757798
0,0.28076735
0,0.27370074
0,0.26346454
0,0.26596984
0,0.26814896
0,0.26712543
0,0.2784102
0,0.2690535
0,0.27828604
0,0.26988235
0,0.27594823
0,0.2685948
0,0.27626207
0,0.26798144
0,0.2798993
0,0.27332497
0,0.27096027
0,0.26664597
0,0.2617248
0,0.26253042
0,0.26296937
0,0.2610792
0,0.26247606
0,0.26001742
0,0.2681298
0,0.26160672
0,0.2666755
0,0.2620889
0,0.27508742
0,0.26403347
0,0.26779288
0,0.26184708
0,0.26224944
0,0.25938416
0,0.2524779
0,0.25468794
0,0.25600082
0,0.2541538
0,0.26035717
0,0.25542554
0,0.25673145
0,0.25419444
0,0.26720643
0,0.25709534
0,0.25222278
0,0.25155893
0,0.26142666
0,0.25492868
0,0.25712827
0,0.25461912
0,0.25840747
0,0.25413215
0,0.25363925
0,0.24922673
0,0.25052541
0,0.24873517
0,0.25860497
0,0.2513427
0,0.2619324
0,0.26283166
0,0.27683505
0,0.27017143
0,0.27349234
0,0.27221894
0,0.25974914
0,0.26508036
0,0.2675844
0,0.25561744
0,0.26950225
0,0.26690826
0,0.27665177
0,0.27209547
0,0.27930325
0,0.27322274
0,0.27470952
0,0.27049595
0,0.27916554
0,0.2746434
0,0.27838546
0,0.27179638
0,0.26114318
0,0.26470393
0,0.26270255
0,0.26779526
0,0.28664473
0,0.27358302
0,0.26841927
0,0.26679614
0,0.26786193
0,0.2651114
0,0.2738842
0,0.2690522
0,0.27856535
0,0.2693234
0,0.27042553
0,0.26586848
0,0.26623803
0,0.26391315
0,0.26463193
0,0.2615834
0,0.2688969
0,0.26275557
0,0.26887226
0,0.26899138
0,0.27432954
0,0.26603714
0,0.2776899
0,0.2656116
0,0.26238328
0,0.27091128
0,0.2669285
0,0.2618709
0,0.25682622
0,0.2564827
0,0.2600761
0,0.25636163
0,0.26542422
0,0.25795898
0,0.26267114
0,0.25786978
0,0.26272875
0,0.26001063
0,0.27454805
0,0.26156837
0,0.26834986
0,0.2599276
0,0.2689359
0,0.2602509
0,0.2486783
0,0.25135428
0,0.2631742
0,0.26533657
0,0.27532473
0,0.2611331
0,0.27562279
0,0.2628335
0,0.27501154
0,0.26139295
0,0.27473268
0,0.26042745
0,0.27397466
0,0.2796491
0,0.2808333
0,0.27563804
0,0.2742853
0,0.2734379
0,0.27240068
0,0.27154326
0,0.26707175
0,0.262827
0,0.27248198
0,0.26917312
0,0.27315202
0,0.27004248
0,0.27528158
0,0.27212086
0,0.26094353
0,0.26576397
0,0.26690227
0,0.2663858
0,0.26120326
0,0.2646502
0,0.27094898
0,0.2674561
0,0.2710119
0,0.26882285
0,0.2713292
0,0.26791954
0,0.2716368
0,0.26806784
0,0.2722525
0,0.26711613
0,0.27028754
0,0.2666319
0,0.2684877
0,0.26709995
0,0.26606396
0,0.26447707
0,0.25987208
0,0.26205534
0,0.2701705
0,0.26483783
0,0.26870155
0,0.26430258
0,0.2675274
0,0.26421684
0,0.26597497
0,0.26741564
0,0.25988498
0,0.26063102
0,0.26004237
0,0.25919434
0,0.25857142
0,0.2687296
0,0.26755515
0,0.26248285
0,0.26409015
0,0.26016626
0,0.27590355
0,0.26376048
0,0.2799889
0,0.26619604
0,0.28117684
0,0.26682538
0,0.27617207
0,0.26491514
0,0.28006428
0,0.26560098
0,0.27260187
0,0.26233715
0,0.2779225
0,0.263661
0,0.29255995
0,0.2690678
0,0.28627378
0,0.26694995
0,0.2682165
0,0.2598284
0,0.27426928
0,0.27079058
0,0.27280638
0,0.27117655
0,0.25991023
0,0.26551348
0,0.26674694
0,0.26695156
0,0.2682315
0,0.2673714
0,0.26440606
0,0.26601282
0,0.27392304
0,0.2701643
0,0.27692556
0,0.27097967
0,0.26927182
0,0.26828447
0,0.26457307
0,0.26516008
0,0.25635993
0,0.26218307
0,0.26306936
0,0.25419617
0,0.25970232
0,0.2595244
0,0.2671542
0,0.2636723
0,0.2696983
0,0.2639315
0,0.27122024
0,0.26464915
0,0.27231723
0,0.26460364
0,0.26532808
0,0.2617836
0,0.2552903
0,0.2572105
0,0.25455728
0,0.25544792
0,0.26245978
0,0.25764194
0,0.2636568
0,0.26912975
0,0.27624935
0,0.26441705
0,0.26896253
0,0.26122922
0,0.27083924
0,0.26122534
0,0.27208075
0,0.26165283
0,0.26413497
0,0.2582731
0,0.2622464
0,0.25746652
0,0.27271557
0,0.26007825
0,0.26883438
0,0.258746
0,0.27687883
0,0.26135474
0,0.27501544
0,0.26132575
0,0.27407518
0,0.25998238
0,0.2685615
0,0.2684032
0,0.25557286
0,0.2759401
0,0.27164358
0,0.26997218
0,0.2753648
0,0.27144462
0,0.27680826
0,0.2713834
0,0.2772074
0,0.27106738
0,0.27633587
0,0.27545443
0,0.27752328
0,0.27080685
0,0.27036288
0,0.2675459
0,0.2523783
0,0.26008588
0,0.27774101
0,0.2674277
0,0.27363136
0,0.26711133
0,0.27347463
0,0.2775118
0,0.27838138
0,0.26892745
0,0.2672424
0,0.2638133
0,0.27133223
0,0.27568144
0,0.26827192
0,0.26361695
0,0.2570922
0,0.25768086
0,0.25559038
0,0.25526726
0,0.26168135
0,0.25697246
0,0.26338044
0,0.2570249
0,0.26261953
0,0.25689444
0,0.26423848
0,0.2566555
0,0.26327217
0,0.2564345
0,0.25746247
0,0.25310355
0,0.25585747
0,0.2626006
0,0.2699811
0,0.25817648
0,0.260505
0,0.25412872
0,0.2735886
0,0.25817117
0,0.27383497
0,0.26990345
0,0.28068098
0,0.27337205
0,0.27732772
0,0.27331463
0,0.27446645
0,0.2715518
0,0.26985866
0,0.2698032
0,0.28054738
0,0.27340317
0,0.27395076
0,0.27189305
0,0.277508
0,0.27199286
0,0.28054687
0,0.27281296
0,0.28045422
0,0.2721905
0,0.2738564
0,0.26955572
0,0.259763
0,0.26279444
0,0.26166186
0,0.26358885
0,0.27310964
0,0.26903683
0,0.27605608
0,0.2680753
0,0.2730784
0,0.26854408
0,0.27594092
0,0.26768115
0,0.27378693
0,0.2662192
0,0.27232608
0,0.26555458
0,0.2581321
0,0.25949883
0,0.25681293
0,0.25759196
0,0.26374775
0,0.25903776
0,0.26548037
0,0.25968447
0,0.256507
0,0.25677976
0,0.26310802
0,0.25697386
0,0.26768693
0,0.25878826
0,0.25777146
0,0.25483721
0,0.25089622
0,0.25080127
0,0.25241005
0,0.2501593
0,0.25950527
0,0.25213322
0,0.25927126
0,0.25267047
0,0.25346074
0,0.26032507
0,0.260495
0,0.25347218
0,0.26307777
0,0.26426724
0,0.27332255
0,0.2691817
0,0.25810885
0,0.26138628
0,0.26627204
0,0.26603568
0,0.27424413
0,0.26941967
0,0.28576428
0,0.27474
0,0.28699896
0,0.27538633
0,0.28326896
0,0.27390563
0,0.27375558
0,0.26951876
0,0.27135852
0,0.2679634
0,0.25421122
0,0.26039702
0,0.2636454
0,0.2616459
0,0.2691351
0,0.26458153
0,0.27126056
0,0.2649376
0,0.2739743
0,0.2661517
0,0.2666768
0,0.2631381
0,0.26959708
0,0.26372495
0,0.27057302
0,0.26355803
0,0.2560872
0,0.25767425
0,0.26003605
0,0.25791514
0,0.2663688
0,0.25939322
0,0.26625085
0,0.25963077
0,0.26450706
0,0.25874248
0,0.26522204
0,0.25819236
0,0.26652423
0,0.25855967
0,0.26029167
0,0.256339
0,0.25190148
0,0.25413316
0,0.26177207
0,0.25360003
0,0.25947195
0,0.252844
0,0.26212943
0,0.26409557
0,0.2631584
0,0.26552275
0,0.26718292
0,0.26695117
0,0.26451242
0,0.2661546
0,0.2595883
0,0.27861008
0,0.25682855
0,0.26424655
0,0.2682715
0,0.26642668
0,0.2591378
0,0.2637336
0,0.27210483
0,0.26742867
0,0.27527487
0,0.26954883
0,0.26017967
0,0.26423934
0,0.26827037
0,0.26616168
0,0.2587181
0,0.26228815
0,0.26629496
0,0.264561
0,0.27274966
0,0.26769656
0,0.27755368
0,0.26913875
0,0.27685788
0,0.26874
0,0.2763582
0,0.268525
0,0.27453578
0,0.25642312
0,0.2619967
0,0.26066473
0,0.25439093
0,0.2572989
0,0.26579785
0,0.26064005
0,0.26825514
0,0.26211983
0,0.2693212
0,0.26242417
0,0.26538917
0,0.26109433
0,0.26888892
0,0.2616524
0,0.27097076
0,0.26266015
0,0.26573616
0,0.26038307
0,0.25715283
0,0.25609922
0,0.25295198
0,0.26392952
0,0.26738706
0,0.25846443
0,0.2647031
0,0.25666267
0,0.26335543
0,0.2604894
0,0.26696593
0,0.26962498
0,0.2715185
0,0.26038986
0,0.26578826
0,0.25841427
0,0.2502922
0,0.25149232
0,0.2635399
0,0.24849537
0,0.25988185
0,0.25365874
0,0.25918442
0,0.26403496
0,0.27676052
0,0.27748504
0,0.27182975
0,0.27333426
0,0.26496527
0,0.26893955
0,0.25772023
0,0.26505232
0,0.2637943
0,0.2554844
0,0.25919542
0,0.25253454
0,0.2579003
0,0.2506327
0,0.2568946
0,0.26113656
0,0.25975412
0,0.26386303
0,0.25964996
0,0.25208133
0,0.25288662
0,0.25809556
0,0.24892657
0,0.25623095
0,0.2518102
0,0.25086656
0,0.25317982
0,0.2572096
0,0.25191334
0,0.25990036
0,0.26670098
0,0.26151937
0,0.2695912
0,0.26334235
0,0.27041975
0,0.26398286
0,0.2653505
0,0.26224175
0,0.25694016
0,0.25822952
0,0.26117805
0,0.2589555
0,0.26609257
0,0.26033902
0,0.26799256
0,0.26075038
0,0.2684985
0,0.25998044
0,0.26829413
0,0.27185276
0,0.2742145
0,0.2640659
0,0.2651571
0,0.25978494
0,0.24657227
0,0.25115478
0,0.26028037
0,0.25386462
0,0.26177132
0,0.26554936
0,0.26718146
0,0.26883626
0,0.269827
0,0.27056843
0,0.26887482
0,0.27064002
0,0.2642413
0,0.2578224
0,0.25899792
0,0.26486653
0,0.25933757
0,0.26503503
0,0.2646815
0,0.26682064
0,0.26413968
0,0.26699588
0,0.2699516
0,0.26866195
0,0.26673183
0,0.25762695
0,0.26167873
0,0.25394621
0,0.25997368
0,0.26245886
0,0.25661263
0,0.2513595
0,0.24914947
0,0.2577795
0,0.25357938
0,0.25927955
0,0.25734335
0,0.2500848
0,0.2543314
0,0.25808433
0,0.26806659
0,0.2638481
0,0.2718324
0,0.25614658
0,0.26327434
0,0.26206633
0,0.25441352
0,0.25847337
0,0.25448522
0,0.25767574
0,0.26642057
0,0.26229775
0,0.27037704
0,0.2757524
0,0.27100247
0,0.26632106
0,0.2719243
0,0.2656803
0,0.27340183
0,0.26556054
0,0.2685859
0,0.26851434
0,0.2683926
0,0.2684332
0,0.2701597
0,0.27151227
0,0.27607793
0,0.2783172
0,0.28853473
0,0.28102538
0,0.2838972
0,0.28303742
0,0.28210455
0,0.27899662
0,0.29421365
0,0.27900994
0,0.27862966
0,0.2755079
0,0.2737978
0,0.27240765
0,0.28419232
0,0.27528697
0,0.28634033
0,0.27244553
0,0.28769156
0,0.2768532
0,0.29889566
0,0.28110635
0,0.27867863
0,0.28390858
0,0.27773598
0,0.28245258
0,0.273137
0,0.28297698
0,0.2878573
0,0.27215615
0,0.2826487
0,0.27453268
0,0.29714257
0,0.28373837
0,0.2798798
0,0.28845823
0,0.29317567
0,0.28961098
0,0.3002725
0,0.29213458
0,0.28661558
0,0.27763152
0,0.2776828
0,0.28208435
0,0.2956881
0,0.28345275
0,0.29290587
0,0.27915698
0,0.2879381
0,0.276335
0,0.28779185
0,0.279155
0,0.27780855
0,0.27996323
0,0.27669504
0,0.26960316
0,0.26899555
0,0.27496222
0,0.27722135
0,0.2698134
0,0.28407073
0,0.27313635
0,0.28786513
0,0.28648794
0,0.3323997
0,0.29528844
0,0.30278188
0,0.28661224
0,0.2843399
0,0.28680253
0,0.2779394
0,0.30156797
0,0.28053075
0,0.29454887
0,0.2932076
0,0.2895498
0,0.29293233
0,0.27986598
0,0.29351717
0,0.2879981
0,0.289634
0,0.2798433
0,0.29374394
0,0.28213477
0,0.28338468
0,0.278638
0,0.27888608
0,0.27539733
0,0.27014568
0,0.27233267
0,0.28095803
0,0.26992556
0,0.29202914
0,0.27553898
0,0.28737977
0,0.2737912
0,0.28528786
0,0.2769503
0,0.2966426
0,0.28354633
0,0.28954554
0,0.2761653
0,0.28403434
0,0.2810629
0,0.28347
0,0.28544196
0,0.28888446
0,0.28011274
0,0.29216063
0,0.28582302
0,0.2953968
0,0.28975794
0,0.29963785
0,0.28777826
0,0.28309473
0,0.27581114
0,0.2786652
0,0.28102672
0,0.28006884
0,0.27747437
0,0.27010834
0,0.27362624
0,0.2848868
0,0.2722181
0,0.2716876
0,0.2724464
0,0.28957647
0,0.27371117
0,0.2859437
0,0.27701932
0,0.26975742
0,0.27036905
0,0.2784199
0,0.2697349
0,0.27309668
0,0.2667418
0,0.27628723
0,0.29496515
0,0.28414777
0,0.28410065
0,0.29597327
0,0.2812771
0,0.29944128
0,0.2829728
0,0.30826527
0,0.28589594
0,0.29233766
0,0.28528464
0,0.27834827
0,0.28153053
0,0.27887
0,0.27742592
0,0.285922
0,0.2788956
0,0.28708366
0,0.27602196
0,0.2712678
0,0.26929852
0,0.29745668
0,0.28177437
0,0.3288532
0,0.29738742
0,0.30388182
0,0.2886593
0,0.28620934
0,0.27598077
0,0.2827109
0,0.2727307
0,0.28297964
0,0.27164307
0,0.2820267
0,0.28537712
0,0.27675927
0,0.2726837
0,0.2770435
0,0.27776495
0,0.2909076
0,0.27770376
0,0.29017353
0,0.29333594
0,0.2843686
0,0.28294206
0,0.2952919
0,0.29573917
0,0.28367758
0,0.282793
0,0.3428436
0,0.31837583
0,0.30896574
0,0.28483105
0,0.300627
0,0.28779772
0,0.31065232
0,0.3002898
0,0.29252538
0,0.29438105
0,0.27834117
0,0.2748725
0,0.27059487
0,0.281698
0,0.269842
0,0.2793681
0,0.28695226
0,0.27818906
0,0.30100894
0,0.27826178
0,0.28898343
0,0.28333393
0,0.29739544
0,0.28199282
0,0.2909822
0,0.27526438
0,0.27414036
0,0.27356625
0,0.27108607
0,0.2750028
0,0.30037197
0,0.2865919
0,0.2821133
0,0.2836396
0,0.28979674
0,0.2835129
0,0.2840997
0,0.28119743
0,0.28190234
0,0.28122517
0,0.2868617
0,0.28531954
0,0.28027418
0,0.28350273
0,0.27922964
0,0.27786723
0,0.29890138
0,0.2811147
0,0.30814102
0,0.28375086
0,0.289521
0,0.28194353
0,0.28961718
0,0.28054553
0,0.29393473
0,0.27790922
0,0.29630297
0,0.28242776
0,0.27354872
0,0.2744242
0,0.2817056
0,0.2749934
0,0.28446913
0,0.29645172
0,0.2979633
0,0.28384957
0,0.29449117
0,0.28654644
0,0.296603
0,0.2828873
0,0.30104738
0,0.2831451
0,0.28278363
0,0.27564844
0,0.27186322
0,0.27089313
0,0.28075117
0,0.280286
0,0.26575652
0,0.26834404
0,0.26784086
0,0.2672986
0,0.26551062
0,0.27157217
0,0.3155236
0,0.2855114
0,0.2998423
0,0.27985328
0,0.28207198
0,0.27768442
0,0.27910164
0,0.27527514
0,0.2742906
0,0.28467104
0,0.2958607
0,0.28141415
0,0.2904947
0,0.29003027
0,0.29603696
0,0.28715962
0,0.27653992
0,0.27529448
0,0.28472456
0,0.28086224
0,0.27800134
0,0.27861223
0,0.2777592
0,0.27815807
0,0.28169465
0,0.26902765
0,0.2677883
0,0.2816255
0,0.29444364
0,0.2788743
0,0.29712704
0,0.28581935
0,0.2939346
0,0.2845062
0,0.2897386
0,0.27659807
0,0.27315584
0,0.27877063
0,0.27955317
0,0.27091497
0,0.28645715
0,0.27680555
0,0.40056834
0,0.3196158
0,0.3272864
0,0.30498314
0,0.31123802
0,0.28803203
0,0.32530513
0,0.28963256
0,0.31149846
0,0.29303822
0,0.28595045
0,0.28489116
0,0.27740836
0,0.28203762
0,0.28455222
0,0.28356782
0,0.2694629
0,0.27454743
0,0.29446736
0,0.28476524
0,0.302021
0,0.28836718
0,0.29729646
0,0.28632337
0,0.279801
0,0.2767012
0,0.27544498
0,0.27651894
0,0.27458778
0,0.27197018
0,0.27807894
0,0.2750824
0,0.2888497
0,0.27807125
0,0.30460346
0,0.28537583
0,0.2951611
0,0.29077646
0,0.31679994
0,0.2902506
0,0.28936127
0,0.28473806
0,0.2842412
0,0.2903766
0,0.28334293
0,0.28181115
0,0.28193122
0,0.2751734
0,0.2784865
0,0.27300626
0,0.3003028
0,0.27418092
0,0.2896734
0,0.2849631
0,0.30889368
0,0.28862417
0,0.28517905
0,0.28153068
0,0.27350318
0,0.27813366
0,0.27307773
0,0.2682994
0,0.2815223
0,0.27423736
0,0.27578032
0,0.2724394
0,0.38167915
0,0.33665237
0,0.33370987
0,0.30829903
0,0.30597022
0,0.29454044
0,0.28549972
0,0.28840417
0,0.28850967
0,0.28275344
0,0.28079477
0,0.27958065
0,0.26992503
0,0.273954
0,0.29610246
0,0.28650832
0,0.2951868
0,0.28383973
0,0.29417792
0,0.28374726
0,0.29795334
0,0.28155258
0,0.2821538
0,0.27693865
0,0.2727824
0,0.27221507
0,0.27092642
0,0.2677803
0,0.2920042
0,0.27724907
0,0.387411
0,0.31873184
0,0.3245044
0,0.3036711
0,0.3307842
0,0.2984202
0,0.3184593
0,0.29423016
0,0.2791575
0,0.27687964
0,0.2786911
0,0.27453086
0,0.28186718
0,0.27931118
0,0.28577748
0,0.27207735
0,0.2853843
0,0.28355092
0,0.29934588
0,0.28596374
0,0.284423
0,0.28426236
0,0.29426715
0,0.2816453
0,0.273541
0,0.2710527
0,0.26770917
0,0.27010527
0,0.27679467
0,0.27412742
0,0.40248993
0,0.32610175
0,0.3239021
0,0.2962931
0,0.28499156
0,0.290978
0,0.3154835
0,0.28810436
0,0.29358047
0,0.2779278
0,0.29691735
0,0.27754092
0,0.2827137
0,0.27193582
0,0.29741082
0,0.2969284
0,0.27961406
0,0.27676073
0,0.29292858
0,0.27913705
0,0.30227312
0,0.29122192
0,0.31715456
0,0.28541908
0,0.28898084
0,0.27431124
0,0.27760932
0,0.27363816
0,0.26351357
0,0.27655637
0,0.2737314
0,0.2796228
0,0.29057378
0,0.29543364
0,0.30262023
0,0.28772274
0,0.3083516
0,0.28458065
0,0.31308356
0,0.29134887
0,0.28190544
0,0.28007942
0,0.2657994
0,0.2714254
0,0.26566294
0,0.2653846
0,0.2658146
0,0.26797488
0,0.28988174
0,0.28139755
0,0.28238246
0,0.276962
0,0.29011968
0,0.2809275
0,0.30781537
0,0.28272262
0,0.28607115
0,0.2800538
0,0.28507316
0,0.28151342
0,0.27504572
0,0.27252907
0,0.4247856
0,0.33434644
0,0.34074238
0,0.31044137
0,0.309515
0,0.29625592
0,0.31260028
0,0.2928155
0,0.29705325
0,0.2815412
0,0.2783103
0,0.28531715
0,0.27409688
0,0.27522978
0,0.27393475
0,0.27657455
0,0.2897896
0,0.28226593
0,0.27888572
0,0.27572992
0,0.27275538
0,0.26603353
0,0.26698607
0,0.26471022
0,0.2965526
0,0.28856665
0,0.2853672
0,0.2814288
0,0.27898172
0,0.28440925
0,0.28009516
0,0.28435415
0,0.2780279
0,0.28301635
0,0.27434236
0,0.2729005
0,0.28694612
0,0.2811337
0,0.29252994
0,0.2791283
0,0.29780167
0,0.28440866
0,0.27940002
0,0.27515942
0,0.2757163
0,0.2840777
0,0.28943613
0,0.27753034
0,0.27089867
0,0.2694905
0,0.37644687
0,0.31988868
0,0.31667435
0,0.2932237
0,0.3158273
0,0.29359114
0,0.2852438
0,0.28059182
0,0.28608447
0,0.27778584
0,0.2837604
0,0.2811656
0,0.2837939
0,0.27626044
0,0.27189523
0,0.27710518
0,0.28822333
0,0.28159007
0,0.2967204
0,0.28283706
0,0.29804832
0,0.29125273
0,0.3086186
0,0.2866058
0,0.27697894
0,0.27904513
0,0.27566338
0,0.28143674
0,0.2719125
0,0.2820778
0,0.27205053
0,0.27968106
0,0.29725018
0,0.29454157
0,0.28489482
0,0.28117
0,0.2915161
0,0.27706158
0,0.27748248
0,0.2703394
0,0.2764065
0,0.27547947
0,0.28010803
0,0.26971626
0,0.27117935
0,0.26049206
0,0.28360337
0,0.27431887
0,0.2656208
0,0.27747375
0,0.2843181
0,0.27641127
0,0.29164612
0,0.28729588
0,0.28554738
0,0.27712587
0,0.2802069
0,0.27797207
0,0.2800863
0,0.28764477
0,0.29749146
0,0.28542086
0,0.30043373
0,0.28267628
0,0.29924065
0,0.2868068
0,0.29854482
0,0.293797
0,0.29874355
0,0.28766516
0,0.286827
0,0.28112212
0,0.2921886
0,0.28509325
0,0.2783958
0,0.27165538
0,0.26707804
0,0.27756673
0,0.29620767
0,0.2755039
0,0.28684646
0,0.28523698
0,0.27700585
0,0.279679
0,0.2788424
0,0.2765921
0,0.27647635
0,0.27314848
0,0.27402875
0,0.27129954
0,0.2681189
0,0.268141
0,0.27013037
0,0.27664465
0,0.3052269
0,0.29097298
0,0.28121868
0,0.27964172
0,0.3027616
0,0.29055312
0,0.307388
0,0.28981844
0,0.28208435
0,0.28077304
0,0.28586274
0,0.2786973
0,0.29068995
0,0.2825241
0,0.29749808
0,0.27863106
0,0.295062
0,0.28205794
0,0.2932971
0,0.27627447
0,0.30941674
0,0.28139874
0,0.27735555
0,0.27539626
0,0.27831033
0,0.2782786
0,0.26763955
0,0.27795848
0,0.2749761
0,0.27994797
0,0.28875294
0,0.28612298
0,0.29842526
0,0.28312567
0,0.29310635
0,0.27819487
0,0.28778177
0,0.27371252
0,0.29441494
0,0.28141144
0,0.26642933
0,0.27662852
0,0.27652174
0,0.27338985
0,0.27626148
0,0.269584
0,0.28458443
0,0.28200987
0,0.29821798
0,0.27792367
0,0.30189437
0,0.2791429
0,0.31584394
0,0.29446602
0,0.3035307
0,0.28099734
0,0.2870465
0,0.28400356
0,0.27665743
0,0.2787461
0,0.3007726
0,0.28240055
0,0.29134458
0,0.2838393
0,0.30271003
0,0.28307542
0,0.29700378
0,0.28100288
0,0.29310513
0,0.28828213
0,0.35557076
0,0.29870245
0,0.28850025
0,0.28883052
0,0.27769536
0,0.27340254
0,0.2881852
0,0.2832832
0,0.29617113
0,0.28516778
0,0.27944487
0,0.27683648
0,0.29374474
0,0.2850054
0,0.31177592
0,0.28486374
0,0.29801774
0,0.28480616
0,0.27454692
0,0.27376255
0,0.26675317
0,0.27322534
0,0.2689727
0,0.26973873
0,0.27725413
0,0.28036332
0,0.2937697
0,0.28815106
0,0.3063671
0,0.29451588
0,0.29677603
0,0.2918623
0,0.28938088
0,0.2938295
0,0.2713952
0,0.27698132
0,0.2716337
0,0.26986068
0,0.27548507
0,0.27694827
0,0.39095524
0,0.34427088
0,0.34556207
0,0.3161019
0,0.32092002
0,0.2933209
0,0.30879098
0,0.28450072
0,0.28584963
0,0.27405605
0,0.26286432
0,0.2825191
0,0.26424372
0,0.2703489
0,0.2692941
0,0.2727163
0,0.29517105
0,0.27891737
0,0.29284015
0,0.28599483
0,0.33367208
0,0.302087
0,0.2875717
0,0.28349498
0,0.28083885
0,0.28652295
0,0.2766284
0,0.27668616
0,0.27170968
0,0.2694682
0,0.30240446
0,0.2799469
0,0.32223096
0,0.30712792
0,0.31281868
0,0.29250154
0,0.3131437
0,0.28599355
0,0.30962354
0,0.28368145
0,0.27392828
0,0.27500725
0,0.26974276
0,0.274098
0,0.2625533
0,0.26692456
0,0.28647068
0,0.27487886
0,0.2735397
0,0.27118194
0,0.28981403
0,0.28219855
0,0.31113848
0,0.2916212
0,0.31128708
0,0.2976059
0,0.2932347
0,0.28658214
0,0.5972082
0,0.4692738
0,0.40181494
0,0.34540543
0,0.34558174
0,0.3092679
0,0.34554008
0,0.30563316
0,0.31256178
0,0.2861178
0,0.2779707
0,0.3802339
0,0.28239083
0,0.2298117
0,0.19521365
0,0.17034025
0,0.16118406
0,0.1527468
0,0.14748001
0,0.14577523
0,0.15930891
0,0.16197704
0,0.16284885
0,0.1715106
0,0.18080561
0,0.19456755
0,0.20993528
0,0.21943025
0,0.22897752
0,0.23658873
0,0.28005573
0,0.2672172
0,0.26977128
0,0.26877376
0,0.27789623
0,0.2767761
0,0.30064926
0,0.2871359
0,0.304765
0,0.29255834
0,0.28163263
0,0.27759996
0,0.30706307
0,0.29424623
0,0.3009561
0,0.28456378
0,0.27955738
0,0.26954556
0,0.29277045
0,0.2781249
0,0.29964817
0,0.28062975
0,0.27395323
0,0.2704491
0,0.2957868
0,0.28178123
0,0.29852888
0,0.2806624
0,0.2771427
0,0.2769671
0,0.28257236
0,0.281835
0,0.27310747
0,0.2703842
0,0.26718023
0,0.27007633
0,0.27476397
0,0.28259233
0,0.29273012
0,0.2837929
0,0.29891697
0,0.28795078
0,0.30400646
0,0.28543937
0,0.30217966
0,0.3085578
0,0.2932763
0,0.2792084
0,0.28065863
0,0.27611747
0,0.27215132
0,0.2806097
0,0.29397678
0,0.27917936
0,0.29623803
0,0.27731833
0,0.291675
0,0.28462338
0,0.30831552
0,0.28524303
0,0.27697092
0,0.2767921
0,0.28366518
0,0.27471408
0,0.3153265
0,0.28594467
0,0.2807844
0,0.27978736
0,0.3222088
0,0.29445246
0,0.30062604
0,0.28728116
0,0.310067
0,0.28908268
0,0.27669942
0,0.28350487
0,0.29633677
0,0.28139865
0,0.27795908
0,0.27068126
0,0.2707457
0,0.27127987
0,0.2920549
0,0.28195277
0,0.29524544
0,0.28093818
0,0.30525795
0,0.28939512
0,0.29809818
0,0.28410184
0,0.29508576
0,0.282102
0,0.2984645
0,0.2822257
0,0.28366894
0,0.27654865
0,0.27458462
0,0.27359018
0,0.27144933
0,0.2742785
0,0.29185
0,0.27727017
0,0.30332544
0,0.2860666
0,0.30099392
0,0.2916741
0,0.29741928
0,0.2872299
0,0.30200213
0,0.28612822
0,0.28275773
0,0.2829773
0,0.27659366
0,0.2792319
0,0.27766097
0,0.27137652
0,0.29205018
0,0.27452257
0,0.2880221
0,0.2731914
0,0.27989444
0,0.27085865
0,0.29174024
0,0.27326417
0,0.28734666
0,0.2814319
0,0.2790376
0,0.2746063
0,0.26501775
0,0.26415148
0,0.26606867
0,0.27217644
0,0.26210615
0,0.27505317
0,0.28955722
0,0.2759347
0,0.29361066
0,0.2839609
0,0.30011666
0,0.28708652
0,0.28488356
0,0.2812689
0,0.28998798
0,0.27796304
0,0.2787863
0,0.2729745
0,0.2749715
0,0.2696571
0,0.2957127
0,0.276751
0,0.29871836
0,0.29327774
0,0.3116947
0,0.30278054
0,0.3125839
0,0.28688353
0,0.3106156
0,0.28566307
0,0.28104126
0,0.27322647
0,0.28409103
0,0.2865491
0,0.28398776
0,0.27836508
0,0.302472
0,0.28406212
0,0.3000188
0,0.28259704
0,0.31005546
0,0.28717202
0,0.3012983
0,0.29275578
0,0.3050794
0,0.28500688
0,0.28117877
0,0.2795725
0,0.27477768
0,0.27027085
0,0.2756531
0,0.27026963
0,0.41166428
0,0.32892865
0,0.33512127
0,0.31007856
0,0.31751853
0,0.29636768
0,0.32025814
0,0.29872066
0,0.30182454
0,0.28260174
0,0.2783803
0,0.27119404
0,0.27007303
0,0.26996726
0,0.29082063
0,0.27668184
0,0.30040354
0,0.29042903
0,0.28029767
0,0.2845922
0,0.29048872
0,0.27209198
0,0.31442663
0,0.28641045
0,0.2901097
0,0.27797452
0,0.271273
0,0.2710882
0,0.26750973
0,0.27620727
0,0.26942754
0,0.27420786
0,0.29927415
0,0.28387704
0,0.30315343
0,0.2933633
0,0.3250526
0,0.3013259
0,0.31738257
0,0.29069823
0,0.28502452
0,0.27660376
0,0.27714407
0,0.27999216
0,0.27867377
0,0.27558044
0,0.29809582
0,0.28843507
0,0.30374333
0,0.2891449
0,0.30112556
0,0.2806058
0,0.28938326
0,0.27449793
0,0.29218936
0,0.27917022
0,0.29865152
0,0.30167344
0,0.29746366
0,0.28934303
0,0.28574017
0,0.28268662
0,0.28517804
0,0.28232577
0,0.3011619
0,0.28717366
0,0.27954346
0,0.27528822
0,0.304825
0,0.2826526
0,0.2984614
0,0.2923129
0,0.28429428
0,0.2830124
0,0.28133628
0,0.27921483
0,0.30260652
0,0.29358944
0,0.2965462
0,0.28646207
0,0.29814503
0,0.29456115
0,0.2963281
0,0.30306926
0,0.3045717
0,0.29529426
0,0.29194173
0,0.2834673
0,0.27851418
0,0.27632424
0,0.27540764
0,0.2697577
0,0.26692456
0,0.2689817
0,0.28242564
0,0.29509056
0,0.2764544
0,0.2890395
0,0.27307227
0,0.27278018
0,0.31251177
0,0.29475766
0,0.30403984
0,0.28613573
0,0.28932142
0,0.284377
0,0.27809694
0,0.2786938
0,0.29142964
0,0.29299405
0,0.2694971
0,0.27065763
0,0.27399328
0,0.27038166
0,0.29972544
0,0.2832507
0,0.3089623
0,0.28298068
0,0.30175743
0,0.2803331
0,0.276747
0,0.27128032
0,0.2726422
0,0.2837207
0,0.2815332
0,0.28097486
0,0.30016455
0,0.28636184
0,0.29151207
0,0.28057885
0,0.29167005
0,0.28533354
0,0.30153313
0,0.294407
0,0.3067012
0,0.2929296
0,0.28830725
0,0.28544536
0,0.27958658
0,0.2703983
0,0.44033986
0,0.35042775
0,0.33626717
0,0.3150311
0,0.3190584
0,0.29776004
0,0.29961595
0,0.28856263
0,0.2921679
0,0.27286378
0,0.28294554
0,0.2715399
0,0.2703043
0,0.26680925
0,0.26645228
0,0.2641494
0,0.2824496
0,0.2818011
0,0.29762265
0,0.28172207
0,0.2944557
0,0.27920192
0,0.28479236
0,0.27141932
0,0.26762438
0,0.26919502
0,0.27014095
0,0.27173865
0,0.26986
0,0.2703144
0,0.2696248
0,0.2743682
0,0.2905565
0,0.27720368
0,0.30299735
0,0.28247678
0,0.3273107
0,0.31605005
0,0.31432557
0,0.2966103
0,0.30212823
0,0.28510624
0,0.2957715
0,0.28266945
0,0.27862886
0,0.2685842
0,0.26997796
0,0.4008372
0,0.33452797
0,0.30830023
0,0.3037169
0,0.29238433
0,0.309422
0,0.29347184
0,0.2991578
0,0.2804403
0,0.294101
0,0.28423196
0,0.29153848
0,0.2801611
0,0.27537438
0,0.27753818
0,0.269163
0,0.27020416
0,0.26930085
0,0.2726934
0,0.2928694
0,0.27822453
0,0.3137122
0,0.2832274
0,0.31736076
0,0.2938193
0,0.30775416
0,0.28661266
0,0.28726768
0,0.2823841
0,0.27491003
0,0.28310877
0,0.2931318
0,0.27228063
0,0.30390885
0,0.28156444
0,0.2822448
0,0.2808909
0,0.28692776
0,0.2787598
0,0.2905808
0,0.27546304
0,0.30793533
0,0.28187034
0,0.28319868
0,0.27329117
0,0.26886752
0,0.2761221
0,0.26859167
0,0.27469665
0,0.3103487
0,0.2863177
0,0.30206153
0,0.2933811
0,0.3073244
0,0.2872629
0,0.29109576
0,0.284362
0,0.30189434
0,0.2873006
0,0.2867214
0,0.28179815
0,0.27718222
0,0.27717185
0,0.2775683
0,0.2717966
0,0.29110336
0,0.27947953
0,0.27507153
0,0.2746098
0,0.286037
0,0.27829945
0,0.298684
0,0.28802812
0,0.2957972
0,0.27858645
0,0.2717687
0,0.26806182
0,0.26775283
0,0.2730364
0,0.28503892
0,0.26940143
0,0.2851602
0,0.27031928
0,0.2987816
0,0.28608838
0,0.32557458
0,0.2975824
0,0.31069967
0,0.29412782
0,0.2805954
0,0.28217098
0,0.2768929
0,0.27387908
0,0.26803303
0,0.27320367
0,0.2871033
0,0.27543578
0,0.33239532
0,0.2930584
0,0.31135795
0,0.2917902
0,0.3054378
0,0.28888676
0,0.28562775
0,0.27745846
0,0.28490394
0,0.27826217
0,0.26968715
0,0.27239507
0,0.2834761
0,0.27538398
0,0.27577788
0,0.2730866
0,0.28820866
0,0.27251142
0,0.28283125
0,0.26994237
0,0.28417134
0,0.27905717
0,0.28776106
0,0.2820972
0,0.28696963
0,0.27812257
0,0.27069774
0,0.28700453
0,0.27585027
0,0.27746734
0,0.27689424
0,0.27779338
0,0.26895645
0,0.27257562
0,0.2824402
0,0.27600226
0,0.29055837
0,0.28002304
0,0.28386825
0,0.27307746
0,0.27286896
0,0.2726245
0,0.27484667
0,0.26810852
0,0.2683251
0,0.27720675
0,0.29281333
0,0.27951372
0,0.38853827
0,0.3156549
0,0.3283666
0,0.29947433
0,0.31495643
0,0.29117802
0,0.31601676
0,0.29003233
0,0.2832624
0,0.2818345
0,0.28247058
0,0.2750858
0,0.27866045
0,0.27139792
0,0.2954114
0,0.2948266
0,0.29193574
0,0.28247985
0,0.2958902
0,0.27709687
0,0.28588358
0,0.27304018
0,0.29474872
0,0.27480388
0,0.28128055
0,0.27709594
0,0.27348194
0,0.2675669
0,0.27844143
0,0.2736813
0,0.28733984
0,0.27640244
0,0.2945094
0,0.28035393
0,0.293139
0,0.2797203
0,0.32374087
0,0.30493465
0,0.31169942
0,0.29105982
0,0.28439254
0,0.29236606
0,0.28448397
0,0.28170562
0,0.27431417
0,0.27174854
0,0.28387263
0,0.27282974
0,0.30257815
0,0.2806086
0,0.31257263
0,0.28468627
0,0.29936174
0,0.2796295
0,0.29986346
0,0.28807077
0,0.27642903
0,0.2664678
0,0.27466276
0,0.27412033
0,0.29162732
0,0.278564
0,0.4453957
0,0.33943146
0,0.34914005
0,0.31307185
0,0.32168105
0,0.29705048
0,0.3090414
0,0.2930628
0,0.2962894
0,0.28672725
0,0.2853551
0,0.28081143
0,0.275088
0,0.28453067
0,0.28385186
0,0.27553037
0,0.2931407
0,0.28021273
0,0.3019477
0,0.2835073
0,0.29057354
0,0.27397317
0,0.29589638
0,0.28148353
0,0.28775206
0,0.27983573
0,0.26398045
0,0.273791
0,0.271252
0,0.26731226
0,0.29067627
0,0.27405885
0,0.26964417
0,0.27070254
0,0.35980952
0,0.29995474
0,0.3199156
0,0.29959694
0,0.30338067
0,0.2865419
0,0.28166008
0,0.28663486
0,0.2776177
0,0.279657
0,0.28262174
0,0.27581072
0,0.2918186
0,0.28229815
0,0.30248654
0,0.2882972
0,0.28643814
0,0.28731734
0,0.396121
0,0.35861072
0,0.31826982
0,0.31601456
0,0.33090928
0,0.31582174
0,0.30324817
0,0.3029669
0,0.28910768
0,0.29724857
0,0.4653833
0,0.35179332
0,0.34655905
0,0.31639102
0,0.2942352
0,0.283809
0,0.27731577
0,0.2495891
0,0.24426696
0,0.21210246
0,0.19835097
0,0.18864198
0,0.18187489
0,0.1808239
0,0.18722199
0,0.18804751
0,0.19658917
0,0.19588459
0,0.20881881
0,0.21093212
0,0.24002412
0,0.23064893
0,0.24367025
0,0.23835874
0,0.25400963
0,0.25397927
0,0.2649571
0,0.25881922
0,0.26654232
0,0.26453483
0,0.27167723
0,0.26950693
0,0.29532135
0,0.2850486
0,0.2950971
0,0.28460532
0,0.3168652
0,0.2909909
0,0.28077745
0,0.27528447
0,0.4217536
0,0.3350283
0,0.312622
0,0.29711798
0,0.29126748
0,0.28365213
0,0.28274456
0,0.2840158
0,0.34109086
0,0.29352793
0,0.30678394
0,0.29085743
0,0.2852482
0,0.27838647
0,0.2785024
0,0.2743399
0,0.290462
0,0.30146098
0,0.28023064
0,0.27505222
0,0.27017725
0,0.26794836
0,0.26519465
0,0.2741815
0,0.30125928
0,0.27422932
0,0.29568973
0,0.28319782
0,0.27843294
0,0.27750129
0,0.30827218
0,0.29849026
0,0.27904043
0,0.28854364
0,0.27660596
0,0.27303848
0,0.27972943
0,0.27536917
0,0.2732012
0,0.26827395
0,0.28616357
0,0.27207822
0,0.2928948
0,0.27556932
0,0.29037842
0,0.2735515
0,0.28936836
0,0.27706757
0,0.29445642
0,0.28072813
0,0.27662125
0,0.27421167
0,0.27423644
0,0.27179724
0,0.28464258
0,0.28966272
0,0.2959465
0,0.28125027
0,0.29072264
0,0.29681394
0,0.29962784
0,0.28326702
0,0.30797473
0,0.28550285
0,0.30003244
0,0.28265798
0,0.28481385
0,0.2798406
0,0.2758546
0,0.27513513
0,0.28130594
0,0.28117597
0,0.2886641
0,0.2927098
0,0.29575175
0,0.28915665
0,0.30332142
0,0.2813655
0,0.27802712
0,0.27111062
0,0.2807142
0,0.26984307
0,0.27365395
0,0.27470306
0,0.27477092
0,0.28110018
0,0.2774901
0,0.2820824
0,0.30315295
0,0.2833222
0,0.30526757
0,0.28369004
0,0.30861577
0,0.29570183
0,0.3179444
0,0.29029626
0,0.29365364
0,0.28439945
0,0.28287816
0,0.28060657
0,0.2727309
0,0.2754113
0,0.29711887
0,0.2781107
0,0.29602596
0,0.28213176
0,0.30638048
0,0.2944508
0,0.3082
0,0.28731328
0,0.30453014
0,0.29555166
0,0.2830365
0,0.28829622
0,0.2958421
0,0.2859651
0,0.28199938
0,0.27706155
0,0.26672354
0,0.27276066
0,0.375377
0,0.3096968
0,0.31368044
0,0.2956881
0,0.3031131
0,0.28905183
0,0.33797213
0,0.30790114
0,0.3148187
0,0.29742974
0,0.28180045
0,0.28043297
0,0.27641597
0,0.27016214
0,0.26172185
0,0.2713154
0,0.2905839
0,0.27661407
0,0.28795043
0,0.2769969
0,0.27473003
0,0.27608925
0,0.2817359
0,0.26976886
0,0.27049124
0,0.27027366
0,0.27804235
0,0.27168334
0,0.2696598
0,0.2771914
0,0.28615847
0,0.28260493
0,0.28155378
0,0.29172242
0,0.29992673
0,0.2708035
0,0.27142203
0,0.2744485
0,0.29212502
0,0.27942738
0,0.27623928
0,0.27094346
0,0.2678781
0,0.2810061
0,0.27062282
0,0.2777479
0,0.29263523
0,0.27714083
0,0.2703144
0,0.2668446
0,0.2644257
0,0.26227587
0,0.32694665
0,0.29542717
0,0.31645223
0,0.29210258
0,0.3084891
0,0.28928864
0,0.28491697
0,0.27793783
0,0.28982383
0,0.27250835
0,0.29366106
0,0.28198552
0,0.29656848
0,0.27415046
0,0.31325063
0,0.29014182
0,0.29381964
0,0.27445725
0,0.2933595
0,0.27698073
0,0.282278
0,0.27836215
0,0.27498722
0,0.27088052
0,0.29795215
0,0.28226507
0,0.2963894
0,0.27891505
0,0.29075
0,0.28016496
0,0.27251342
0,0.2693647
0,0.29215932
0,0.27883992
0,0.289537
0,0.2971332
0,0.2773039
0,0.27438137
0,0.28220823
0,0.2654663
0,0.28619543
0,0.27598348
0,0.3134749
0,0.28677723
0,0.27663672
0,0.28434646
0,0.2903379
0,0.2872186
0,0.28669533
0,0.28245738
0,0.2926106
0,0.28845602
0,0.2823695
0,0.2756554
0,0.27660504
0,0.2830331
0,0.28584695
0,0.283553
0,0.30079892
0,0.28615475
0,0.29812175
0,0.28489065
0,0.30411097
0,0.28654283
0,0.28660843
0,0.27558854
0,0.27196872
0,0.28394955
0,0.2725202
0,0.2766513
0,0.26810336
0,0.26178184
0,0.28858945
0,0.27901176
0,0.29318705
0,0.28045017
0,0.28064167
0,0.2755042
0,0.2950515
0,0.28380254
0,0.29587007
0,0.28445098
0,0.28227365
0,0.27859157
0,0.27779725
0,0.27245322
0,0.27085692
0,0.27362263
0,0.30060154
0,0.27943924
0,0.29057848
0,0.32771668
0,0.29388973
0,0.2826384
0,0.29962716
0,0.37650323
0,0.3418221
0,0.303498
0,0.29271072
0,0.2861737
0,0.28090852
0,0.27723446
0,0.27119082
0,0.26841483
0,0.27278566
0,0.27632788
0,0.28460306
0,0.28713736
0,0.27423003
0,0.27860063
0,0.29623088
0,0.2843097
0,0.30056578
0,0.28671724
0,0.28340325
0,0.27620983
0,0.28212395
0,0.27373904
0,0.2898796
0,0.28939003
0,0.30281714
0,0.28798053
0,0.30198854
0,0.28298756
0,0.3063053
0,0.28911653
0,0.28957728
0,0.28290135
0,0.2933335
0,0.27882513
0,0.28372857
0,0.27670306
0,0.27244097
0,0.2677063
0,0.27043024
0,0.27449572
0,0.26437318
0,0.26329425
0,0.29556906
0,0.27369738
0,0.2988933
0,0.28812593
0,0.31184834
0,0.30248412
0,0.30928358
0,0.29974604
0,0.28821766
0,0.2855584
0,0.27913627
0,0.27890337
0,0.31556457
0,0.28783506
0,0.29746553
0,0.2883931
0,0.30393964
0,0.28376257
0,0.30673587
0,0.2871918
0,0.30975926
0,0.28451115
0,0.2987669
0,0.28413314
0,0.27804902
0,0.2750025
0,0.27689186
0,0.26814353
0,0.27214953
0,0.27184254
0,0.27431843
0,0.27324435
0,0.30366176
0,0.2873804
0,0.2784613
0,0.285398
0,0.30253667
0,0.28382733
0,0.2924117
0,0.2803727
0,0.26738137
0,0.27768803
0,0.2703931
0,0.2755914
0,0.28785968
0,0.2747133
0,0.30474398
0,0.2949827
0,0.30595058
0,0.28406355
0,0.30396634
0,0.29674843
0,0.30856302
0,0.2884624
0,0.27782118
0,0.27322438
0,0.2739249
0,0.2820588
0,0.2712538
0,0.27605984
0,0.30102754
0,0.27841944
0,0.2703668
0,0.27700174
0,0.27301884
0,0.2722626
0,0.3356427
0,0.3042532
0,0.28953916
0,0.2826438
0,0.3113832
0,0.28686297
0,0.28495172
0,0.28180468
0,0.28319678
0,0.28095794
0,0.28220892
0,0.27443618
0,0.27725938
0,0.27134597
0,0.2894787
0,0.2771112
0,0.31224668
0,0.28569442
0,0.31085682
0,0.28502375
0,0.27674007
0,0.2874112
0,0.28056258
0,0.27663258
0,0.27737194
0,0.2712881
0,0.3037223
0,0.28762582
0,0.31825832
0,0.29111165
0,0.27675346
0,0.27251473
0,0.2707273
0,0.269928
0,0.28715673
0,0.2716368
0,0.27337432
0,0.27088755
0,0.27341098
0,0.27070498
0,0.26753694
0,0.2684957
0,0.3075419
0,0.29194668
0,0.30295154
0,0.29385716
0,0.3185833
0,0.2944283
0,0.30936918
0,0.2866719
0,0.28062862
0,0.27869684
0,0.2884588
0,0.27608764
0,0.26961765
0,0.26810145
0,0.27371672
0,0.275846
0,0.26784885
0,0.27908093
0,0.29483473
0,0.27889004
0,0.3084555
0,0.2950814
0,0.28707987
0,0.28515932
0,0.27011505
0,0.27673268
0,0.27017373
0,0.27567145
0,0.2742241
0,0.27066612
0,0.26813856
0,0.27036273
0,0.26095423
0,0.27449864
0,0.29140553
0,0.28521872
0,0.31838843
0,0.52602077
0,0.39383426
0,0.34081897
0,0.34739465
0,0.30987936
0,0.28916052
0,0.28662503
0,0.28047183
0,0.2818523
0,0.28450006
0,0.27787897
0,0.2980065
0,0.28553575
0,0.28195217
0,0.27098382
0,0.29236072
0,0.27190316
0,0.3054427
0,0.27380484
0,0.2658833
0,0.25650552
0,0.2478951
0,0.2469131
0,0.26120675
0,0.2565679
0,0.28025314
0,0.27212176
0,0.29470122
0,0.2985903
0,0.31094524
0,0.29240432
0,0.32762283
0,0.29461157
0,0.32072157
0,0.30175227
0,0.30456668
0,0.29060254
0,0.28534862
0,0.28642425
0,0.2973953
0,0.2892478
0,0.28253645
0,0.277041
0,0.308139
0,0.28789896
0,0.31408942
0,0.29518417
0,0.31648412
0,0.28716388
0,0.3161624
0,0.28447834
0,0.29017875
0,0.27893198
0,0.27546772
0,0.27125674
0,0.2741037
0,0.28427416
0,0.30435786
0,0.2839399
0,0.3015003
0,0.28295958
0,0.3104032
0,0.29922843
0,0.30882362
0,0.30121693
0,0.3158081
0,0.28886294
0,0.289975
0,0.28209814
0,0.27827203
0,0.27702534
0,0.27050093
0,0.27700746
0,0.26916593
0,0.27626473
0,0.30073646
0,0.27827778
0,0.28087622
0,0.27774122
0,0.29513296
0,0.2752465
0,0.278177
0,0.27386752
0,0.27185717
0,0.27649772
0,0.29184052
0,0.27814516
0,0.2757003
0,0.27797166
0,0.29356268
0,0.28096786
0,0.2969115
0,0.28058478
0,0.3066594
0,0.2866929
0,0.30865178
0,0.2905411
0,0.31612334
0,0.2990081
0,0.28614518
0,0.27799842
0,0.2832233
0,0.27368262
0,0.27280882
0,0.27304357
0,0.269343
0,0.27538213
0,0.29746464
0,0.28043264
0,0.30248663
0,0.2810191
0,0.29224506
0,0.28057712
0,0.28191546
0,0.29449278
0,0.27776158
0,0.27602863
0,0.27372143
0,0.27589414
0,0.27280426
0,0.27086383
0,0.26905707
0,0.26838848
0,0.2921007
0,0.275173
0,0.3045186
0,0.30409035
0,0.30484036
0,0.29490802
0,0.31364754
0,0.28764546
0,0.27724534
0,0.2777154
0,0.2762988
0,0.27987346
0,0.2831901
0,0.27240488
0,0.4220525
0,0.35565108
0,0.34137353
0,0.3168795
0,0.3221686
0,0.30172062
0,0.28754708
0,0.28115767
0,0.2966151
0,0.28030258
0,0.28761077
0,0.2764178
0,0.27975678
0,0.287547
0,0.2795708
0,0.27020547
0,0.29813376
0,0.28218764
0,0.2810432
0,0.27828276
0,0.29427558
0,0.27705857
0,0.2933315
0,0.27622548
0,0.29085317
0,0.27876022
0,0.2763026
0,0.27065024
0,0.27933264
0,0.27143788
0,0.2729811
0,0.27403542
0,0.29272565
0,0.27618495
0,0.32835045
0,0.29091468
0,0.3589645
0,0.30882633
0,0.3301221
0,0.30339408
0,0.31659785
0,0.2967412
0,0.28204358
0,0.286077
0,0.28056777
0,0.28084072
0,0.27411464
0,0.27660075
0,0.29721507
0,0.28085902
0,0.29554877
0,0.2846659
0,0.27436948
0,0.27224028
0,0.29637483
0,0.294327
0,0.29659703
0,0.2844889
0,0.31288576
0,0.28816074
0,0.28079724
0,0.28819555
0,0.27837625
0,0.27506688
0,0.29523268
0,0.27809432
0,0.28060168
0,0.27801144
0,0.27380502
0,0.2776937
0,0.3051449
0,0.27963272
0,0.27591735
0,0.2698206
0,0.27786678
0,0.27250832
0,0.27473146
0,0.27300337
0,0.2964183
0,0.2846362
0,0.30969834
0,0.28727615
0,0.30715752
0,0.29575473
0,0.30885953
0,0.28752223
0,0.2820278
0,0.2815249
0,0.2962
0,0.29415664
0,0.27112007
0,0.27259073
0,0.27697644
0,0.277218
0,0.3095155
0,0.28366423
0,0.2830767
0,0.27636266
0,0.28828636
0,0.27533516
0,0.2984843
0,0.2795017
0,0.30087796
0,0.2847336
0,0.2882029
0,0.28472862
0,0.28652743
0,0.27527353
0,0.27264673
0,0.27720326
0,0.29944888
0,0.2771108
0,0.27457082
0,0.27330536
0,0.29153267
0,0.27360785
0,0.29958642
0,0.27712563
0,0.2873234
0,0.2816848
0,0.2768553
0,0.2789141
0,0.2704487
0,0.26594067
0,0.27257052
0,0.2792472
0,0.29593208
0,0.27702242
0,0.31327742
0,0.28724375
0,0.28169683
0,0.27327093
0,0.27277097
0,0.27474016
0,0.29287672
0,0.28175065
0,0.2797134
0,0.2784499
0,0.27393958
0,0.2712847
0,0.28535536
0,0.27306753
0,0.41703832
0,0.3876753
0,0.33281708
0,0.3117362
0,0.31928888
0,0.3016489
0,0.30957517
0,0.29078197
0,0.30144787
0,0.28462756
0,0.27128217
0,0.2703172
0,0.27075905
0,0.27297634
0,0.26649764
0,0.27238846
0,0.28437316
0,0.2739617
0,0.28589603
0,0.27834505
0,0.28695175
0,0.27868578
0,0.2831268
0,0.27296466
0,0.2923498
0,0.2732636
0,0.2726572
0,0.2698458
0,0.27526274
0,0.2749134
0,0.29852745
0,0.2862616
0,0.4099564
0,0.328757
0,0.418915
0,0.33789083
0,0.33042693
0,0.30292022
0,0.3070088
0,0.29348603
0,0.29492548
0,0.28410387
0,0.27283895
0,0.2706448
0,0.26631406
0,0.2656836
0,0.26330587
0,0.26264334
0,0.28000247
0,0.27107823
0,0.295614
0,0.28033596
0,0.28747323
0,0.28958872
0,0.2987558
0,0.28600925
0,0.2786893
0,0.27227506
0,0.3220769
0,0.28823322
0,0.28151375
0,0.2774608
0,0.27602646
0,0.27864134
0,0.26731142
0,0.2816826
0,0.29999366
0,0.2832702
0,0.29406336
0,0.28301153
0,0.28968287
0,0.28245163
0,0.29277256
0,0.28861588
0,0.27650118
0,0.27419052
0,0.26355368
0,0.27065942
0,0.28231663
0,0.27769724
0,0.2778306
0,0.27417466
0,0.2868155
0,0.27902615
0,0.28168386
0,0.27271783
0,0.2918507
0,0.29791766
0,0.28353983
0,0.27598166
0,0.27438053
0,0.27336916
0,0.27046216
0,0.27075028
0,0.284421
0,0.27515903
0,0.29732406
0,0.2806
0,0.3124281
0,0.28298375
0,0.31658792
0,0.2956017
0,0.30265024
0,0.28652066
0,0.28264365
0,0.27751303
0,0.27630883
0,0.27292705
0,0.27841482
0,0.27191004
0,0.31282565
0,0.2932323
0,0.2985673
0,0.2868106
0,0.28112596
0,0.27907088
0,0.27148554
0,0.27788883
0,0.28686106
0,0.28335747
0,0.29362547
0,0.2856128
0,0.30280238
0,0.28483945
0,0.28809786
0,0.28146997
0,0.29467732
0,0.28180295
0,0.28115782
0,0.28019637
0,0.29598823
0,0.28222775
0,0.30407056
0,0.28461194
0,0.30029732
0,0.2838368
0,0.27929252
0,0.27939206
0,0.27244544
0,0.27571106
0,0.285559
0,0.27462164
0,0.2761961
0,0.27156374
0,0.2932634
0,0.2852399
0,0.3466822
0,0.30241197
0,0.28652197
0,0.2787631
0,0.29051033
0,0.2887605
0,0.2805278
0,0.27249432
0,0.27200502
0,0.2721699
0,0.288713
0,0.2722574
0,0.29315236
0,0.27597025
0,0.29676926
0,0.28079113
0,0.34888703
0,0.30152935
0,0.31463265
0,0.2968746
0,0.3019579
0,0.2915936
0,0.27185443
0,0.27496734
0,0.26987436
0,0.2696568
0,0.2703662
0,0.26843098
0,0.27973932
0,0.270971
0,0.29541755
0,0.2815923
0,0.27287456
0,0.27019012
0,0.29836565
0,0.28202826
0,0.2785322
0,0.27698553
0,0.27240404
0,0.26860577
0,0.283019
0,0.29963613
0,0.29251218
0,0.27847975
0,0.29704916
0,0.27806178
0,0.29915524
0,0.2835285
0,0.28247076
0,0.27516407
0,0.3006827
0,0.27924782
0,0.2770855
0,0.28427154
0,0.27460462
0,0.26962858
0,0.26854625
0,0.26976618
0,0.29489586
0,0.27984464
0,0.3010551
0,0.28790632
0,0.30697802
0,0.27984214
0,0.33311528
0,0.29596254
0,0.2904866
0,0.2864078
0,0.28762054
0,0.2789871
0,0.27302167
0,0.27590027
0,0.26818928
0,0.26898324
0,0.28549197
0,0.27399436
0,0.28292242
0,0.2777214
0,0.29578424
0,0.27943468
0,0.2956984
0,0.27842233
0,0.30101076
0,0.31195527
0,0.30942336
0,0.29204997
0,0.2871692
0,0.2846667
0,0.2777675
0,0.27247995
0,0.2967847
0,0.28074703
0,0.28326806
0,0.27691135
0,0.29841757
0,0.28067213
0,0.33165815
0,0.28975788
0,0.3453377
0,0.30651265
0,0.2932652
0,0.2849124
0,0.2865242
0,0.2863056
0,0.27393943
0,0.2732854
0,0.28339258
0,0.27479583
0,0.2972504
0,0.2796085
0,0.31872362
0,0.28831208
0,0.2948907
0,0.27995518
0,0.2907858
0,0.28386042
0,0.2801729
0,0.27232823
0,0.28449422
0,0.27681485
0,0.28720358
0,0.27390587
0,0.30531877
0,0.28418618
0,0.30915874
0,0.28726828
0,0.29830083
0,0.2894441
0,0.30159745
0,0.2861783
0,0.2954078
0,0.2814085
0,0.27561384
0,0.2705205
0,0.28801826
0,0.279253
0,0.28281805
0,0.2758302
0,0.26822925
0,0.27058962
0,0.29363626
0,0.28252974
0,0.29382864
0,0.2848821
0,0.2923933
0,0.2791866
0,0.2847666
0,0.2887028
0,0.28263828
0,0.2797264
0,0.2760661
0,0.2764688
0,0.29251227
0,0.2814379
0,0.30851057
0,0.28473502
0,0.29792893
0,0.28475252
0,0.29796532
0,0.2842507
0,0.3076626
0,0.2829047
0,0.28825945
0,0.29191995
0,0.28066874
0,0.27744088
0,0.26663926
0,0.27066824
0,0.27497303
0,0.27161467
0,0.2963823
0,0.27500784
0,0.28163826
0,0.28003192
0,0.30884126
0,0.28570765
0,0.28965798
0,0.29355508
0,0.29881895
0,0.28358656
0,0.28758624
0,0.27731284
0,0.27525252
0,0.2766602
0,0.2831539
0,0.2793004
0,0.28199753
0,0.27841216
0,0.29696146
0,0.2859304
0,0.29156506
0,0.27715707
0,0.28581315
0,0.27518818
0,0.28824914
0,0.27866542
0,0.27989915
0,0.28085026
0,0.27416706
0,0.27021006
0,0.28623217
0,0.27189776
0,0.28842804
0,0.2732619
0,0.29549047
0,0.279885
0,0.2754173
0,0.2740553
0,0.29415533
0,0.27964067
0,0.297883
0,0.28585127
0,0.2863981
0,0.27845526
0,0.28733394
0,0.28164023
0,0.27270234
0,0.27116942
0,0.28468823
0,0.27800784
0,0.38418123
0,0.31345657
0,0.31133795
0,0.29154083
0,0.3241266
0,0.29147357
0,0.2896697
0,0.28262916
0,0.2838518
0,0.27514544
0,0.27269334
0,0.27149194
0,0.2702956
0,0.26508683
0,0.26666275
0,0.26881772
0,0.27685514
0,0.26150325
0,0.28867903
0,0.2748661
0,0.27105725
0,0.27018657
0,0.27301168
0,0.26984325
0,0.2711371
0,0.26874444
0,0.2710703
0,0.2689146
0,0.2832742
0,0.2909365
0,0.2956659
0,0.2807421
0,0.2949274
0,0.28772902
0,0.2990572
0,0.28103378
0,0.3006272
0,0.28434268
0,0.2849047
0,0.27817503
0,0.2813974
0,0.2803091
0,0.27004507
0,0.27752733
0,0.32151997
0,0.2878464
0,0.29315916
0,0.28775772
0,0.2946743
0,0.28216353
0,0.28366143
0,0.28152123
0,0.31163058
0,0.28673944
0,0.28054628
0,0.28267854
0,0.2966927
0,0.30050766
0,0.28330886
0,0.2910664
0,0.29941794
0,0.2886295
0,0.30482236
0,0.2896354
0,0.30468568
0,0.289729
0,0.31167635
0,0.29272982
0,0.29998142
0,0.29154414
0,0.2798684
0,0.2849571
0,0.27340606
0,0.2804293
0,0.27135703
0,0.2665602
0,0.4164396
0,0.3331483
0,0.33366698
0,0.30623773
0,0.3065043
0,0.2927232
0,0.31172276
0,0.29919785
0,0.3041125
0,0.2872629
0,0.277567
0,0.27593878
0,0.2888425
0,0.2789262
0,0.2976233
0,0.29131088
0,0.29955503
0,0.28391317
0,0.3008801
0,0.28308222
0,0.29747072
0,0.28426787
0,0.27870077
0,0.27761546
0,0.29182446
0,0.2766355
0,0.27125362
0,0.26898292
0,0.2794342
0,0.27366892
0,0.2942157
0,0.2867007
0,0.3035267
0,0.3036661
0,0.34149376
0,0.30932006
0,0.3175375
0,0.29040337
0,0.31617096
0,0.28728586
0,0.30517855
0,0.28621882
0,0.27905598
1,0.27658412
1,0.28882053
1,0.27721485
1,0.27575555
1,0.28441325
1,0.30313402
1,0.27762833
1,0.29817837
1,0.2914587
1,0.313278
1,0.30223674
1,0.3158358
1,0.29467052
1,0.29957548
1,0.29207522
1,0.93772984
1,0.98377377
0,0.99648106
0,0.9826994
0,0.975873
0,0.9580353
0,0.9234753
0,0.8762098
0,0.84137285
0,0.7770395
0,0.74992895
0,0.67695963
0,0.6448001
0,0.55063725
0,0.4868322
0,0.4046151
0,0.33104813
0,0.27913418
0,0.22680959
0,0.1955813
0,0.20749836
0,0.17660914
0,0.14919622
0,0.14121175
0,0.1490955
0,0.13343203
0,0.13922764
0,0.13277704
0,0.13435909
0,0.12517981
0,0.13209301
0,0.25342456
0,0.26413283
0,0.26917312
0,0.26339555
0,0.2674279
0,0.28559652
0,0.26441512
0,0.2997105
0,0.2696042
0,0.28995508
0,0.27735457
0,0.29072317
0,0.26740828
0,0.28078058
0,0.2622134
0,0.26266015
0,0.25537378
0,0.2623711
0,0.26300114
0,0.25959
0,0.2622797
0,0.2585511
0,0.2533856
0,0.25298762
0,0.25725982
0,0.27580306
0,0.2552022
0,0.25581747
0,0.25896877
0,0.27298537
0,0.26457506
0,0.26325828
0,0.26231286
0,0.2521251
0,0.2579372
0,0.25385326
0,0.25653455
0,0.27381575
0,0.26409027
0,0.2785769
0,0.26712206
0,0.27938494
0,0.26835093
0,0.27803087
0,0.26806828
0,0.292379
0,0.27296305
0,0.26750627
0,0.26418495
0,0.26832977
0,0.26816833
0,0.26929888
0,0.26316655
0,0.27804565
0,0.2660611
0,0.27846602
0,0.2669074
0,0.29026547
0,0.27058944
0,0.28191414
0,0.27257562
0,0.27923155
0,0.2669129
0,0.26311585
0,0.2603988
0,0.25083968
0,0.2584232
0,0.25098565
0,0.25304538
0,0.2786599
0,0.2617727
0,0.2751659
0,0.2663723
0,0.28879622
0,0.28054196
0,0.29667032
0,0.273794
0,0.2872854
0,0.2806673
0,0.26600704
0,0.27315718
0,0.26685077
0,0.2707258
0,0.2931885
0,0.279605
0,0.29337305
0,0.28644547
0,0.29647547
0,0.2727167
0,0.2899257
0,0.26851088
0,0.28630278
0,0.26612365
0,0.27691892
0,0.2723347
0,0.27085093
0,0.2699199
0,0.26397103
0,0.26669118
0,0.2607733
0,0.25335935
0,0.2736228
0,0.25728056
0,0.2738571
0,0.25682545
0,0.27650338
0,0.25802284
0,0.2795964
0,0.26942268
0,0.27782637
0,0.27097526
0,0.25931096
0,0.26367995
0,0.2616448
0,0.26647818
0,0.2788627
0,0.26860383
0,0.28137845
0,0.27451727
0,0.28506798
0,0.27227834
0,0.28291216
0,0.2711767
0,0.28168377
0,0.27004546
0,0.27614984
0,0.26770902
0,0.25665703
0,0.25929207
0,0.26360255
0,0.26354107
0,0.27563223
0,0.26420215
0,0.28744686
0,0.26968968
0,0.28547767
0,0.27091423
0,0.2804877
0,0.26759428
0,0.28067383
0,0.26664525
0,0.27218473
0,0.2635165
0,0.25307572
0,0.25523123
0,0.25886685
0,0.2656893
0,0.28607854
0,0.27075356
0,0.28121516
0,0.27668235
0,0.27969077
0,0.2767978
0,0.2731779
0,0.2745352
0,0.2772304
0,0.26424396
0,0.26799718
0,0.26990902
0,0.26534158
0,0.25827107
0,0.2591354
0,0.2663366
0,0.28497845
0,0.26446086
0,0.28483284
0,0.2750984
0,0.28761244
0,0.27697834
0,0.2885956
0,0.27785462
0,0.2853142
0,0.26544774
0,0.26831478
0,0.2571811
0,0.2522879
0,0.24915384
0,0.26659524
0,0.26672068
0,0.28074357
0,0.27014613
0,0.28347248
0,0.2712806
0,0.28073207
0,0.2705018
0,0.28352922
0,0.27101603
0,0.28269532
0,0.2749627
0,0.26948416
0,0.26552245
0,0.25166854
0,0.25701278
0,0.26541182
0,0.26016498
0,0.2763903
0,0.26504833
0,0.2795476
0,0.266814
0,0.28404385
0,0.25850788
0,0.27912262
0,0.2701952
0,0.27169287
0,0.2634987
0,0.26225215
0,0.25911364
0,0.26506865
0,0.25838694
0,0.26543728
0,0.25830445
0,0.2734282
0,0.26139113
0,0.27004516
0,0.260669
0,0.27403498
0,0.26154855
0,0.27520138
0,0.26230696
0,0.2714529
0,0.2714254
0,0.26529604
0,0.25903538
0,0.25935486
0,0.2651291
0,0.25401232
0,0.2629774
0,0.26260808
0,0.25475115
0,0.24892652
0,0.24825057
0,0.2759807
0,0.26791376
0,0.273665
0,0.25943407
0,0.28307015
0,0.27276608
0,0.26447356
0,0.2671186
0,0.2640307
0,0.25450292
0,0.27995124
0,0.25886297
0,0.2507482
0,0.24814238
0,0.2535506
0,0.2570106
0,0.2762962
0,0.26634407
0,0.2622673
0,0.2631674
0,0.27588528
0,0.2675103
0,0.26070067
0,0.26278815
0,0.2594766
0,0.26083678
0,0.27899054
0,0.27193734
0,0.2856044
0,0.27212685
0,0.30610096
0,0.27306765
0,0.28831592
0,0.2735651
0,0.28744042
0,0.27237323
0,0.28048617
0,0.2697263
0,0.2574666
0,0.36825645
0,0.2996955
0,0.28496957
0,0.29562315
0,0.27705732
0,0.29003564
0,0.2737945
0,0.2871555
0,0.27093613
0,0.28497657
0,0.26941723
0,0.28548652
0,0.2773136
0,0.28081095
0,0.26754075
0,0.2635052
0,0.27051717
0,0.26032224
0,0.26840052
0,0.27946723
0,0.27481434
0,0.28422645
0,0.26868105
0,0.2827548
0,0.2674206
0,0.29329905
0,0.26700914
0,0.2885539
0,0.27804866
0,0.28669697
0,0.27832413
0,0.2577292
0,0.2626916
0,0.2546771
0,0.26338947
0,0.2835905
0,0.2729449
0,0.29117778
0,0.27808082
0,0.29412913
0,0.27953714
0,0.2954769
0,0.2751928
0,0.28955948
0,0.27763945
0,0.27619067
0,0.27173048
0,0.2650458
0,0.25652438
0,0.2609882
0,0.26665875
0,0.28412363
0,0.27198243
0,0.29952544
0,0.27857995
0,0.29729018
0,0.27919322
0,0.29444706
0,0.27715868
0,0.28842962
0,0.26777527
0,0.27118924
0,0.26691693
0,0.255714
0,0.2597123
0,0.25835055
0,0.25883833
0,0.29054487
0,0.2704871
0,0.28530496
0,0.27048787
0,0.28689498
0,0.29128078
0,0.29327953
0,0.2750701
0,0.2833915
0,0.29397863
0,0.27301598
0,0.26763645
0,0.26061532
0,0.25977677
0,0.26699358
0,0.25967062
0,0.2768355
0,0.26399148
0,0.28535688
0,0.26718357
0,0.2606485
0,0.26902303
0,0.27836955
0,0.26423505
0,0.28570026
0,0.2730647
0,0.27088103
0,0.2736241
0,0.2710054
0,0.2733213
0,0.25988168
0,0.25834373
0,0.28365755
0,0.2750645
0,0.28009862
0,0.2704605
0,0.28982532
0,0.27899814
0,0.2955815
0,0.2809799
0,0.290321
0,0.27936268
0,0.26743796
0,0.26521984
0,0.2658628
0,0.25808185
0,0.28192824
0,0.27180406
0,0.2899912
0,0.2817112
0,0.2961593
0,0.26953602
0,0.29050365
0,0.27080977
0,0.29966933
0,0.27353567
0,0.28644454
0,0.2750425
0,0.26509744
0,0.26658556
0,0.26763955
0,0.2698488
0,0.28400677
0,0.27147532
0,0.28816018
0,0.27936795
0,0.29090485
0,0.27515113
0,0.28789505
0,0.2739981
0,0.2865827
0,0.27312234
0,0.28106093
0,0.27005383
0,0.26022235
0,0.26825216
0,0.26076007
0,0.26073077
0,0.27717766
0,0.26559588
0,0.29250616
0,0.27316788
0,0.2851443
0,0.2706874
0,0.28316554
0,0.26960626
0,0.2819176
0,0.27310672
0,0.27854288
0,0.26739854
0,0.26695192
0,0.26204735
0,0.2592823
0,0.26812848
0,0.27716026
0,0.2645411
0,0.27899027
0,0.26486194
0,0.27803305
0,0.2643935
0,0.27628452
0,0.27411982
0,0.28637442
0,0.27885792
0,0.27767637
0,0.27803108
0,0.2628606
0,0.26999906
0,0.26670906
0,0.2696494
0,0.28701937
0,0.2780692
0,0.2936307
0,0.281022
0,0.29465407
0,0.28129354
0,0.3278073
0,0.28228968
0,0.29353943
0,0.27112088
0,0.2735464
0,0.26163608
0,0.25872588
0,0.26402003
0,0.2606792
0,0.26406455
0,0.28628105
0,0.2737602
0,0.287401
0,0.26508
0,0.2852852
0,0.2634106
0,0.28476855
0,0.27503768
0,0.2833601
0,0.27860975
0,0.27163053
0,0.2737743
0,0.26853287
0,0.2664874
0,0.2764758
0,0.26888323
0,0.2821698
0,0.2707534
0,0.2736953
0,0.26339102
0,0.26977795
0,0.26442105
0,0.2788577
0,0.2672902
0,0.27631107
0,0.26641998
0,0.26440743
0,0.26268947
0,0.2671553
0,0.2617821
0,0.2556791
0,0.25690818
0,0.27191192
0,0.26611704
0,0.25684485
0,0.25707206
0,0.2699956
0,0.263401
0,0.27542934
0,0.27316037
0,0.27486622
0,0.2650786
0,0.26027647
0,0.2586948
0,0.24637122
0,0.25099912
0,0.25585708
0,0.2627088
0,0.26100335
0,0.258482
0,0.26902553
0,0.2585597
0,0.2785758
0,0.26193488
0,0.27196082
0,0.27034587
0,0.2815413
0,0.26438752
0,0.2581771
0,0.2663206
0,0.2622828
0,0.2547873
0,0.2776688
0,0.258836
0,0.2814838
0,0.27159956
0,0.2861489
0,0.27425447
0,0.28832376
0,0.2642469
0,0.28237662
0,0.26117602
0,0.27706766
0,0.26922607
0,0.2572901
0,0.26257786
0,0.25813335
0,0.26493335
0,0.281046
0,0.26920614
0,0.28035846
0,0.28173944
0,0.28722706
0,0.27500385
0,0.2862557
0,0.2735984
0,0.28512627
0,0.27258757
0,0.27877346
0,0.26997134
0,0.25995788
0,0.26170984
0,0.25607586
0,0.25797924
0,0.27334654
0,0.26289892
0,0.2759223
0,0.26466784
0,0.27697745
0,0.2651426
0,0.27717197
0,0.2716761
0,0.2808936
0,0.26692772
0,0.27421194
0,0.26680487
0,0.25499344
0,0.2711069
0,0.26789182
0,0.26031572
0,0.27602318
0,0.26190284
0,0.27446532
0,0.27235448
0,0.27904215
0,0.26413894
0,0.27536258
0,0.26171982
0,0.27358836
0,0.2708671
0,0.27203766
0,0.2705783
0,0.25776178
0,0.25495246
0,0.2596184
0,0.26290667
0,0.28279695
0,0.27258986
0,0.29925194
0,0.28330538
0,0.3117221
0,0.27541664
0,0.31550917
0,0.28714994
0,0.29494226
0,0.28087172
0,0.2781716
0,0.27780044
0,0.28604224
0,0.2643201
0,0.27537394
0,0.25907782
0,0.2817078
0,0.2707281
0,0.26535672
0,0.26564807
0,0.26148328
0,0.26318437
0,0.2835498
0,0.27045614
0,0.25895366
0,0.26307502
0,0.25911364
0,0.26040012
0,0.24938254
0,0.25637186
0,0.25363132
0,0.25633943
0,0.27286398
0,0.27490988
0,0.27807
0,0.26813936
0,0.28004128
0,0.26789698
0,0.28271315
0,0.26990104
0,0.27856928
0,0.26721403
0,0.2640771
0,0.2612464
0,0.26569155
0,0.2603458
0,0.2592323
0,0.25655124
0,0.2728809
0,0.26109704
0,0.27558264
0,0.2629005
0,0.27596423
0,0.27471384
0,0.27673724
0,0.27528402
0,0.27805978
0,0.26579234
0,0.26201385
0,0.26855224
0,0.25826368
0,0.2715095
0,0.26706988
0,0.2696845
0,0.2714269
0,0.27117005
0,0.27880862
0,0.2637614
0,0.2762418
0,0.26123878
0,0.2900619
0,0.267732
0,0.27262762
0,0.27172232
0,0.26137602
0,0.26683342
0,0.28378972
0,0.26320773
0,0.26940024
0,0.2591987
0,0.2615643
0,0.26454034
0,0.2864044
0,0.27437407
0,0.26819575
0,0.26950315
0,0.28624105
0,0.27464443
0,0.28277746
0,0.26792684
0,0.2665015
0,0.26741838
0,0.26312572
0,0.25438017
0,0.27675393
0,0.2573103
0,0.2794631
0,0.26924014
0,0.28541124
0,0.27309436
0,0.64742184
0,0.5500511
0,0.42802185
0,0.3697147
0,0.3452835
0,0.3112768
0,0.2843582
0,0.27808666
0,0.26835245
0,0.26640645
0,0.27915454
0,0.2668501
0,0.27733368
0,0.2640093
0,0.2717156
0,0.25838006
0,0.26444867
0,0.24734306
0,0.25504702
0,0.24500307
0,0.24356179
0,0.23566623
0,0.23741964
0,0.238456
0,0.28466144
0,0.2597596
0,0.2719788
0,0.26004422
0,0.27371192
0,0.26123488
0,0.2691986
0,0.26113364
0,0.27359694
0,0.26206836
0,0.27655277
0,0.27300242
0,0.27391493
0,0.26298913
0,0.25719848
0,0.25528356
0,0.24978581
0,0.2639786
0,0.28709543
0,0.2754156
0,0.28539118
0,0.26674363
0,0.28968203
0,0.27572855
0,0.27545786
0,0.27274284
0,0.26850224
0,0.26991624
0,0.27096355
0,0.25821292
0,0.26390338
0,0.2535287
0,0.2578632
0,0.24985261
0,0.27598283
0,0.2661535
0,0.2846829
0,0.2715705
0,0.2885791
0,0.28300554
0,0.28655633
0,0.27427113
0,0.28464395
0,0.27257496
0,0.27250347
0,0.267636
0,0.26052648
0,0.26220214
0,0.25965095
0,0.26004457
0,0.25344792
0,0.2583394
0,0.27784047
0,0.27643627
0,0.28759006
0,0.2710955
0,0.28720132
0,0.2708415
0,0.26532724
0,0.26289186
0,0.26327613
0,0.26014298
0,0.2537513
0,0.2557056
0,0.25320703
0,0.2540822
0,0.27528992
0,0.2622
0,0.2812447
0,0.26530167
0,0.28086266
0,0.2657778
0,0.29117617
0,0.26937985
0,0.27810165
0,0.26545814
0,0.26230976
0,0.269089
0,0.25583473
0,0.25526756
0,0.26199245
0,0.2666515
0,0.28786737
0,0.27673957
0,0.2942853
0,0.28215602
0,0.2759569
0,0.27523914
0,0.2943612
0,0.2694342
0,0.2920481
0,0.26935586
0,0.2643543
0,0.25813413
0,0.25511634
0,0.25153437
0,0.28195423
0,0.28197998
0,0.27211154
0,0.2701596
0,0.2693884
0,0.26222956
0,0.27217764
0,0.27490726
0,0.27057576
0,0.26939481
0,0.2773819
0,0.26857382
0,0.28710514
0,0.27127385
0,0.28392714
0,0.27006316
0,0.28794345
0,0.27214375
0,0.28693682
0,0.2719464
0,0.6887123
0,0.61483186
0,0.49494392
0,0.41344628
0,0.3492438
0,0.75490767
0,0.6017711
0,0.53730506
0,0.49807012
0,0.39702564
0,0.3490422
0,0.26491207
0,0.23224704
0,0.17697345
0,0.17306909
0,0.14601056
0,0.14326002
0,0.1323517
0,0.12988965
0,0.12765357
0,0.122146934
0,0.121364936
0,0.12483301
0,0.12586263
0,0.14017676
0,0.14064091
0,0.15877447
0,0.16335645
0,0.18664259
0,0.19387574
0,0.2508519
0,0.2643667
0,0.26413068
0,0.26574284
0,0.2636926
0,0.26927492
0,0.25812387
0,0.2644885
0,0.26442736
0,0.2658616
0,0.2849159
0,0.2735757
0,0.2934147
0,0.27837843
0,0.2952386
0,0.2795523
0,0.29771566
0,0.28606033
0,0.296719
0,0.2809211
0,0.27729604
0,0.27292955
0,0.26168764
0,0.26520115
0,0.26620293
0,0.2636538
0,0.28463298
0,0.2710602
0,0.2886337
0,0.27412948
0,0.2889397
0,0.28012735
0,0.29416803
0,0.27673805
0,0.2900074
0,0.27403864
0,0.27153787
0,0.2669439
0,0.27866662
0,0.2679447
0,0.2645053
0,0.26285404
0,0.27399686
0,0.26453722
0,0.28059828
0,0.26691356
0,0.28398284
0,0.26793036
0,0.28262842
0,0.2681484
0,0.28853598
0,0.26964876
0,0.2625582
0,0.2612416
0,0.2681641
0,0.26074326
0,0.2571981
0,0.25656664
0,0.2867053
0,0.26599833
0,0.29327777
0,0.28134274
0,0.2751988
0,0.26599365
0,0.27064127
0,0.26152048
0,0.28271285
0,0.27568197
0,0.2651823
0,0.25936264
0,0.26500034
0,0.2674791
0,0.28457782
0,0.2768279
0,0.29719767
0,0.28209314
0,0.29961562
0,0.2838863
0,0.3009558
0,0.28821364
0,0.30228385
0,0.28571156
0,0.28658372
0,0.27860188
0,0.26686382
0,0.27000296
0,0.2670306
0,0.26757762
0,0.28533742
0,0.27403557
0,0.2891812
0,0.27607962
0,0.28418833
0,0.28622106
0,0.29406947
0,0.27828225
0,0.29210278
0,0.2772735
0,0.2861818
0,0.27465826
0,0.26683035
0,0.2668613
0,0.27033302
0,0.2656154
0,0.28339556
0,0.26993957
0,0.28740594
0,0.2726679
0,0.28893983
0,0.27291206
0,0.28766406
0,0.27297062
0,0.27672786
0,0.27027702
0,0.27864045
0,0.2680548
0,0.25971526
0,0.26522103
0,0.25858137
0,0.25819004
0,0.28668186
0,0.26763996
0,0.28673267
0,0.2782594
0,0.27652988
0,0.2659584
0,0.2958295
0,0.2713317
0,0.2740368
0,0.26421842
0,0.2688279
0,0.26097566
0,0.2654999
0,0.25869387
0,0.26458338
0,0.25761977
0,0.262522
0,0.25627527
0,0.28297815
0,0.26347396
0,0.28906074
0,0.28224885
0,0.2963984
0,0.28305724
0,0.29391453
0,0.28227934
0,0.2797179
0,0.27702707
0,0.26194298
0,0.26864418
0,0.26641005
0,0.26806897
0,0.2756112
0,0.27209944
0,0.28805998
0,0.27655065
0,0.29389572
0,0.2800388
0,0.2951841
0,0.28092653
0,0.29885504
0,0.28201017
0,0.27310675
0,0.27229518
0,0.2608036
0,0.2649967
0,0.2617436
0,0.26351526
0,0.27973932
0,0.27183372
0,0.28633085
0,0.27325186
0,0.28282946
0,0.2721637
0,0.28610942
0,0.27466485
0,0.2937494
0,0.27633953
0,0.2709531
0,0.267841
0,0.25560206
0,0.26033032
0,0.26158533
0,0.2600641
0,0.28777742
0,0.26952094
0,0.26213735
0,0.26095122
0,0.29093826
0,0.26936546
0,0.26213983
0,0.26014715
0,0.26220244
0,0.2584148
0,0.25867185
0,0.2558857
0,0.2634614
0,0.2572653
0,0.26350597
0,0.25687394
0,0.2559412
0,0.25413057
0,0.26936388
0,0.2663392
0,0.25569037
0,0.2548321
0,0.26531547
0,0.2560651
0,0.27650028
0,0.26084453
0,0.25766528
0,0.2542459
0,0.25969747
0,0.25391585
0,0.25841996
0,0.26607114
0,0.28331515
0,0.27487147
0,0.29791135
0,0.28147668
0,0.29817533
0,0.28274128
0,0.29868603
0,0.28215677
0,0.28940728
0,0.2787984
0,0.2696061
0,0.27039152
0,0.26556966
0,0.26650926
0,0.26262257
0,0.26511878
0,0.274641
0,0.26850566
0,0.2888411
0,0.27522504
0,0.28958166
0,0.27618542
0,0.29046845
0,0.27662474
0,0.28309637
0,0.27405843
0,0.26892596
0,0.26749673
0,0.2620369
0,0.26327175
0,0.28969094
0,0.272572
0,0.29765132
0,0.2767547
0,0.3018509
0,0.27926362
0,0.30240464
0,0.27964288
0,0.29890624
0,0.2782903
0,0.28142756
0,0.2756604
0,0.26593518
0,0.26849645
0,0.2686434
0,0.26336232
0,0.28956765
0,0.27029952
0,0.27082446
0,0.26455027
0,0.26842126
0,0.2623019
0,0.2869073
0,0.27039337
0,0.28658417
0,0.28131157
0,0.27629954
0,0.2655726
0,0.2720157
0,0.2732071
0,0.26701617
0,0.26099443
0,0.28164133
0,0.27431995
0,0.32007626
0,0.29137707
0,0.29920262
0,0.28647637
0,0.29335093
0,0.28185043
0,0.29048952
0,0.28104302
0,0.27472833
0,0.27408046
0,0.27426064
0,0.27214015
0,0.26556805
0,0.2579402
0,0.2805922
0,0.27187604
0,0.28813788
0,0.2754869
0,0.28667313
0,0.27547732
0,0.2866526
0,0.2757039
0,0.29361656
0,0.26778895
0,0.26696378
0,0.26754516
0,0.27133426
0,0.26767796
0,0.26020974
0,0.26372132
0,0.29062337
0,0.27324495
0,0.29767704
0,0.27803153
0,0.30153605
0,0.28057432
0,0.29987025
0,0.2797095
0,0.2787791
0,0.27190065
0,0.27213505
0,0.26780403
0,0.26945505
0,0.26655963
0,0.26883355
0,0.26433188
0,0.36728874
0,0.30153608
0,0.2834094
0,0.27580926
0,0.26475954
0,0.26403505
0,0.2663789
0,0.26502454
0,0.28055227
0,0.26677424
0,0.26091138
0,0.25993842
0,0.25274014
0,0.25482
0,0.2594073
0,0.2563222
0,0.2874036
0,0.2671285
0,0.28687224
0,0.26783788
0,0.28816026
0,0.26770422
0,0.29347962
0,0.27071744
0,0.33695358
0,0.29822642
0,0.2770309
0,0.29144436
0,0.27268195
0,0.26469666
0,0.26500666
0,0.26926678
0,0.28414467
0,0.28550386
0,0.29247084
0,0.28187835
0,0.29353562
0,0.28488666
0,0.28876022
0,0.2800807
0,0.2859615
0,0.2781627
0,0.26354265
0,0.27052945
0,0.26673386
0,0.27933753
0,0.28777486
0,0.27612114
0,0.28315234
0,0.27569306
0,0.2789309
0,0.2728757
0,0.28536543
0,0.27433714
0,0.2895173
0,0.27574632
0,0.2821763
0,0.27264175
0,0.26010498
0,0.26438424
0,0.25956318
0,0.26173165
0,0.25742814
0,0.26088464
0,0.28696668
0,0.27638507
0,0.29687825
0,0.27627105
0,0.29937917
0,0.27783403
0,0.2943984
0,0.27639553
0,0.28020322
0,0.27163276
0,0.26431972
0,0.2629067
0,0.26567087
0,0.26121807
0,0.28545278
0,0.2681637
0,0.29484797
0,0.27246898
0,0.2928779
0,0.27216417
0,0.29285616
0,0.27248803
0,0.27147064
0,0.2637275
0,0.269835
0,0.2620119
0,0.25536707
0,0.25431606
0,0.25793844
0,0.2542504
0,0.27743694
0,0.26083833
0,0.25818896
0,0.26499414
0,0.2823988
0,0.27425903
0,0.28753302
0,0.2783779
0,0.28609395
0,0.27923343
0,0.27317953
0,0.27302787
0,0.25924513
0,0.2673942
0,0.2615204
0,0.26616782
0,0.2601454
0,0.2653232
0,0.27925158
0,0.2719448
0,0.26718616
0,0.26815006
0,0.2803327
0,0.27292368
0,0.29086193
0,0.2773864
0,0.2709421
0,0.27069095
0,0.26233035
0,0.2658015
0,0.2588109
0,0.2621358
0,0.25032023
0,0.2581475
0,0.2620674
0,0.2608245
0,0.2775725
0,0.26666698
0,0.28392056
0,0.2713723
0,0.2884198
0,0.276033
0,0.2677375
0,0.2666515
0,0.26805168
0,0.26497847
0,0.26727045
0,0.26330292
0,0.27483922
0,0.26536244
0,0.2923952
0,0.27271792
0,0.28447756
0,0.27083746
0,0.2747208
0,0.26701427
0,0.28385118
0,0.26869097
0,0.2619279
0,0.26094377
0,0.26267788
0,0.25991502
0,0.26257208
0,0.25947914
0,0.28238174
0,0.266626
0,0.2882434
0,0.27019835
0,0.29196978
0,0.27161816
0,0.2786121
0,0.26726574
0,0.2818226
0,0.26722935
0,0.25834796
0,0.25874227
0,0.26032618
0,0.25670978
0,0.25883803
0,0.2555431
0,0.27983907
0,0.2628445
0,0.6652831
0,0.5906587
0,0.4626801
0,0.38525337
0,0.3703784
0,0.31733108
0,0.31161013
0,0.28440905
0,0.27185735
0,0.26318032
0,0.25677928
0,0.26251712
0,0.25450283
0,0.2585218
0,0.24854033
0,0.2520013
0,0.2572499
0,0.24150388
0,0.24101858
0,0.23194051
0,0.23834057
0,0.23454385
0,0.30255166
0,0.2676799
0,0.2613055
0,0.25714934
0,0.2583819
0,0.25759125
0,0.27083087
0,0.26799223
0,0.28851232
0,0.2772006
0,0.28410703
0,0.27512622
0,0.2919444
0,0.28893045
0,0.28996587
0,0.27831474
0,0.27847323
0,0.2725969
0,0.26602468
0,0.26663226
0,0.27137956
0,0.266714
0,0.27892688
0,0.26940393
0,0.2926395
0,0.27405795
0,0.2940126
0,0.27578616
0,0.29414228
0,0.27661073
0,0.29417822
0,0.2763493
0,0.27643523
0,0.26948574
0,0.26042703
0,0.2614657
0,0.26288363
0,0.26013333
0,0.2819126
0,0.26716828
0,0.28575632
0,0.2689573
0,0.2869194
0,0.27008352
0,0.28892162
0,0.27060756
0,0.28323308
0,0.2688386
0,0.2684653
0,0.27265787
0,0.2711831
0,0.26213086
0,0.2613242
0,0.25801444
0,0.27963513
0,0.2636905
0,0.281258
0,0.26459616
0,0.29870412
0,0.2715218
0,0.28661248
0,0.27838808
0,0.2675931
0,0.2709952
0,0.26605108
0,0.2692239
0,0.27210388
0,0.27098733
0,0.26220632
0,0.267282
0,0.28004256
0,0.27277318
0,0.27468243
0,0.27260235
0,0.2851961
0,0.2762717
0,0.28570718
0,0.27738783
0,0.27678874
0,0.2723468
0,0.26615447
0,0.26842138
0,0.27045238
0,0.26897478
0,0.2699402
0,0.26812163
0,0.29009363
0,0.27500406
0,0.2946539
0,0.27785707
0,0.29608634
0,0.2783927
0,0.29632846
0,0.27889374
0,0.2913298
0,0.27697223
0,0.26695862
0,0.26727167
0,0.26711255
0,0.2649285
0,0.2706485
0,0.265021
0,0.25377125
0,0.25798306
0,0.28106844
0,0.2673936
0,0.28900638
0,0.27203867
0,0.2887522
0,0.2858665
0,0.2892194
0,0.27279228
0,0.2633898
0,0.2625031
0,0.26228914
0,0.25916648
0,0.25975412
0,0.25816268
0,0.2773917
0,0.26242122
0,0.28132734
0,0.26484224
0,0.26159102
0,0.25749755
0,0.2564264
0,0.25401634
0,0.25423807
0,0.2508267
0,0.24378783
0,0.25793317
0,0.25259674
0,0.2611272
0,0.2749178
0,0.27007324
0,0.28101602
0,0.2738214
0,0.27035013
0,0.2711013
0,0.2747778
0,0.27196825
0,0.28136048
0,0.27387795
0,0.27830535
0,0.27361345
0,0.26449007
0,0.26749334
0,0.26894125
0,0.26703498
0,0.2720345
0,0.26862514
0,0.26971546
0,0.26762623
0,0.37006444
0,0.30784076
0,0.2829088
0,0.27967477
0,0.29380062
0,0.27811816
0,0.27875832
0,0.27217722
0,0.2653264
0,0.26518533
0,0.26639307
0,0.26470244
0,0.28673628
0,0.2716557
0,0.29168394
0,0.27434793
0,0.27311844
0,0.26788375
0,0.25339282
0,0.25833297
0,0.27716202
0,0.26502383
0,0.2697329
0,0.26398107
0,0.25674444
0,0.2576768
0,0.2611197
0,0.25820518
0,0.28393415
0,0.26570547
0,0.285777
0,0.268003
0,0.28688574
0,0.26853326
0,0.2779315
0,0.26960778
0,0.27573296
0,0.26413792
0,0.2669782
0,0.25974628
0,0.25342834
0,0.25320143
0,0.2551854
0,0.25214872
0,0.2727143
0,0.25790256
0,0.27738562
0,0.26165146
0,0.281419
0,0.26422438
0,0.2810276
0,0.26463318
0,0.27265206
0,0.27241236
0,0.26593933
0,0.270336
0,0.25838834
0,0.26637214
0,0.25885445
0,0.26540577
0,0.27893397
0,0.2726369
0,0.26289377
0,0.2671857
0,0.27835128
0,0.2718995
0,0.28106633
0,0.27803183
0,0.2941204
0,0.27857268
0,0.26862448
0,0.2695814
0,0.26946312
0,0.26839867
0,0.26884168
0,0.26736867
0,0.28824612
0,0.27375227
0,0.29174525
0,0.28248438
0,0.29699063
0,0.27944505
0,0.29559234
0,0.27929425
0,0.28967133
0,0.27608362
0,0.27308226
0,0.26959288
0,0.26844198
0,0.266204
0,0.26451656
0,0.26304364
0,0.2827611
0,0.26900107
0,0.26609966
0,0.26450574
0,0.28354612
0,0.26987606
0,0.29848328
0,0.27672833
0,0.28429514
0,0.27230898
0,0.26709896
0,0.27175415
0,0.2649494
0,0.26372427
0,0.26043957
0,0.26039532
0,0.27774382
0,0.26516426
0,0.28095
0,0.2670926
0,0.26242334
0,0.26016092
0,0.27700663
0,0.2633813
0,0.2679182
0,0.26069453
0,0.25387633
0,0.2548364
0,0.25298393
0,0.2523452
0,0.2611695
0,0.25401723
0,0.27278963
0,0.2588226
0,0.27057114
0,0.269532
0,0.29033062
0,0.27832058
0,0.28307512
0,0.27803978
0,0.27891526
0,0.2770131
0,0.2614773
0,0.2682501
0,0.26280653
0,0.2664419
0,0.2867601
0,0.27471218
0,0.29217887
0,0.27814114
0,0.29385328
0,0.27924415
0,0.2950437
0,0.28229693
0,0.28680122
0,0.2767752
0,0.2761722
0,0.27204
0,0.2634305
0,0.266183
0,0.26498646
0,0.26563108
0,0.26355782
0,0.26423305
0,0.28537768
0,0.27143055
0,0.29067189
0,0.27520654
0,0.29250532
0,0.27572608
0,0.28084
0,0.27141902
0,0.2702973
0,0.26676822
0,0.27468473
0,0.2666817
0,0.26371714
0,0.26191244
0,0.2802763
0,0.26657292
0,0.28544474
0,0.26896
0,0.2905071
0,0.27088803
0,0.29598907
0,0.27308685
0,0.2833936
0,0.2790243
0,0.2706707
0,0.26382354
0,0.2708417
0,0.26137492
0,0.26552466
0,0.2582966
0,0.27496895
0,0.2715204
0,0.2722006
0,0.2719379
0,0.28108266
0,0.27534983
0,0.2837686
0,0.27702346
0,0.29056883
0,0.2793709
0,0.27686983
0,0.27408302
0,0.27278736
0,0.2715007
0,0.27019316
0,0.26997247
0,0.2799202
0,0.27263746
0,0.28014812
0,0.27287564
0,0.2911374
0,0.3232356
0,0.40964878
0,0.33513534
0,0.32475486
0,0.29864782
0,0.2852748
0,0.28006005
0,0.2755398
0,0.27203223
0,0.27817652
0,0.2709724
0,0.28853092
0,0.27398762
0,0.29084766
0,0.2750651
0,0.2601418
0,0.2631447
0,0.2825268
0,0.2689437
0,0.2808148
0,0.26436284
0,0.2651552
0,0.26280415
0,0.2655977
0,0.26488143
0,0.27726635
0,0.26697502
0,0.28436276
0,0.27043864
0,0.28635317
0,0.27731434
0,0.28995484
0,0.27336532
0,0.5626981
0,0.45538342
0,0.38271305
0,0.34652457
0,0.31079528
0,0.29087758
0,0.29789984
0,0.28875157
0,0.27402866
0,0.26800305
0,0.26286584
0,0.25997898
0,0.27607659
0,0.26215512
0,0.27722403
0,0.2617611
0,0.2672034
0,0.2611971
0,0.26657492
0,0.25326383
0,0.24342257
0,0.24446027
0,0.25273675
0,0.2474668
0,0.2569505
0,0.2611074
0,0.27307662
0,0.2647407
0,0.28791755
0,0.27641195
0,0.26432317
0,0.26914662
0,0.28519538
0,0.27542198
0,0.27774218
0,0.2734663
0,0.26650035
0,0.26787037
0,0.2681277
0,0.26748234
0,0.2673232
0,0.26838827
0,0.2872577
0,0.2731136
0,0.29220086
0,0.27669042
0,0.26267713
0,0.26595658
0,0.26579005
0,0.2640389
0,0.26498115
0,0.26420286
0,0.26490843
0,0.2636456
0,0.26252216
0,0.26433462
0,0.28586766
0,0.2709762
0,0.2894445
0,0.2740607
0,0.28997126
0,0.27389136
0,0.29170513
0,0.27457386
0,0.28704548
0,0.2720556
0,0.27174702
0,0.26596418
0,0.27388024
0,0.2651439
0,0.2619283
0,0.26025355
0,0.2780928
0,0.26481402
0,0.2819335
0,0.26709807
0,0.28307256
0,0.26785904
0,0.28289068
0,0.27606946
0,0.29184926
0,0.2713011
0,0.27023503
0,0.2631096
0,0.2603416
0,0.25698462
0,0.26448053
0,0.2574336
0,0.272706
0,0.25971285
0,0.27475184
0,0.27136615
0,0.27975225
0,0.27401024
0,0.29293945
0,0.279672
0,0.29148433
0,0.2767354
0,0.26777923
0,0.27045774
0,0.27199864
0,0.2705191
0,0.26853192
0,0.26833007
0,0.29212525
0,0.27694628
0,0.30326253
0,0.28254136
0,0.29740587
0,0.28136837
0,0.29896057
0,0.2802111
0,0.27554473
0,0.27131873
0,0.27007428
0,0.26822382
0,0.26710293
0,0.26660773
0,0.2656076
0,0.2656608
0,0.28961992
0,0.27309754
0,0.29021937
0,0.27506775
0,0.29087824
0,0.27538106
0,0.29216826
0,0.27586484
0,0.28681165
0,0.27358815
0,0.26288757
0,0.2645806
0,0.26282683
0,0.26208502
0,0.26007748
0,0.2592549
0,0.25808036
0,0.26923886
0,0.28372443
0,0.26840127
0,0.2876526
0,0.27053538
0,0.29265875
0,0.27313513
0,0.28207716
0,0.26903307
0,0.25831977
0,0.2645223
0,0.26126537
0,0.25771445
0,0.25622997
0,0.25532624
0,0.26450172
0,0.25703
0,0.27828908
0,0.2627297
0,0.28064758
0,0.27183428
0,0.28470612
0,0.2665744
0,0.27529496
0,0.26308903
0,0.2606135
0,0.26746282
0,0.26799774
0,0.26969925
0,0.27065265
0,0.271304
0,0.2989106
0,0.28188533
0,0.29808727
0,0.28251252
0,0.2988909
0,0.27277756
0,0.29522428
0,0.26939097
0,0.27275023
0,0.2712243
0,0.25728807
0,0.26460484
0,0.26534262
0,0.2661745
0,0.28834477
0,0.27418005
0,0.29385287
0,0.27797937
0,0.27349418
0,0.27185464
0,0.29191503
0,0.27677727
0,0.2889614
0,0.27580893
0,0.27509573
0,0.27071986
0,0.25688818
0,0.2621161
0,0.2622962
0,0.26221862
0,0.28094205
0,0.26949862
0,0.2887565
0,0.27222443
0,0.2898274
0,0.27418408
0,0.28927746
0,0.28522602
0,0.28870183
0,0.27401015
0,0.27196103
0,0.26739743
0,0.25704694
0,0.2592723
0,0.25736827
0,0.25764388
0,0.27547374
0,0.26359904
0,0.28125423
0,0.26742208
0,0.2842865
0,0.2684198
0,0.26189697
0,0.26061416
0,0.2722711
0,0.26229733
0,0.2611925
0,0.25844786
0,0.2654681
0,0.2656149
0,0.2679595
0,0.25995845
0,0.2800087
0,0.26396352
0,0.29238325
0,0.26954037
0,0.2937493
0,0.2710915
0,0.26128393
0,0.2642838
0,0.28076148
0,0.26441061
0,0.268237
0,0.25931594
0,0.2622914
0,0.27023447
0,0.26536834
0,0.26874965
0,0.2852973
0,0.27068081
0,0.28826782
0,0.27858672
0,0.29479402
0,0.28181908
0,0.30026054
0,0.28439212
0,0.27409616
0,0.27404344
0,0.26482102
0,0.26492423
0,0.26212266
0,0.26579905
0,0.26135135
0,0.26507694
0,0.28015652
0,0.2719167
0,0.29216483
0,0.27791852
0,0.28864944
0,0.2762048
0,0.2877084
0,0.27587223
0,0.30652183
0,0.28301126
0,0.26513183
0,0.26910055
0,0.26195344
0,0.2642575
0,0.26908323
0,0.2699855
0,0.28006265
0,0.26950878
0,0.28225124
0,0.28025565
0,0.2876401
0,0.27341533
0,0.29130107
0,0.27470022
0,0.2786132
0,0.2810114
0,0.27616778
0,0.26955858
0,0.27108425
0,0.26547748
0,0.2667423
0,0.26250502
0,0.27433848
0,0.26493162
0,0.27725893
0,0.26616138
0,0.29075277
0,0.27119505
0,0.28753078
0,0.27048302
0,0.27667198
0,0.26617464
0,0.2574669
0,0.25792322
0,0.26008284
0,0.25697765
0,0.26185787
0,0.25774366
0,0.28255618
0,0.2649451
0,0.285518
0,0.26393098
0,0.28302965
0,0.26580337
0,0.2638884
0,0.2581129
0,0.26188266
0,0.25567412
0,0.26749778
0,0.25688887
0,0.26887563
0,0.2689378
0,0.26249063
0,0.26776612
0,0.28123266
0,0.26281902
0,0.2802771
0,0.2742176
0,0.28544196
0,0.2767603
0,0.28226343
0,0.27561042
0,0.26836511
0,0.26928836
0,0.25504395
0,0.25903246
0,0.25477275
0,0.26051286
0,0.27540514
0,0.26898935
0,0.2795755
0,0.27108416
0,0.28142968
0,0.27406916
0,0.2843233
0,0.26957777
0,0.27793986
0,0.2602895
0,0.2603879
0,0.26294214
0,0.26558483
0,0.26337737
0,0.26626486
0,0.25318754
0,0.2623642
0,0.26647264
0,0.27910137
0,0.26792994
0,0.27729294
0,0.26799
0,0.2783541
0,0.2671737
0,0.2835051
0,0.2690097
0,0.26136616
0,0.26171973
0,0.26327842
0,0.26775077
0,0.2648544
0,0.27162609
0,0.26668876
0,0.26190504
0,0.26188597
0,0.25797722
0,0.25090122
0,0.2541135
0,0.28792718
0,0.26606214
0,0.2797886
0,0.27659315
0,0.26559815
0,0.26149914
0,0.2608868
0,0.25753725
0,0.2580414
0,0.25482595
0,0.27776346
0,0.26160815
0,0.2648703
0,0.25782385
0,0.25630513
0,0.26388827
0,0.2794747
0,0.2731752
0,0.27699277
0,0.2743457
0,0.2566804
0,0.26537
0,0.25715342
0,0.26431298
0,0.27057973
0,0.26873776
0,0.27869987
0,0.27310878
0,0.27321985
0,0.27080658
0,0.2809664
0,0.27317306
0,0.28243762
0,0.27291542
0,0.2770392
0,0.27130753
0,0.26370853
0,0.26564685
0,0.26733524
0,0.2647593
0,0.27625358
0,0.26897877
0,0.28013784
0,0.2598527
0,0.27489176
0,0.26689464
0,0.2560095
0,0.2604386
0,0.2741148
0,0.26573712
0,0.27109602
0,0.26590258
0,0.25473216
0,0.2648688
0,0.26304883
0,0.2728247
0,0.26721
0,0.2633745
0,0.27327734
0,0.2648928
0,0.28763247
0,0.26948416
0,0.29118413
0,0.27252972
0,0.28748325
0,0.27154374
0,0.27295378
0,0.2655131
0,0.2863563
0,0.28017896
0,0.27067232
0,0.26410064
0,0.26154932
0,0.26621094
0,0.2822627
0,0.27643523
0,0.28803077
0,0.2692622
0,0.2870549
0,0.27488968
0,0.26726758
0,0.26104686
0,0.2795257
0,0.26398435
0,0.25720072
0,0.25617772
0,0.25608748
0,0.25436032
0,0.2754333
0,0.26034254
0,0.28069487
0,0.27437758
0,0.2865481
0,0.2775399
0,0.28988594
0,0.2795725
0,0.2839059
0,0.27772668
0,0.27035427
0,0.26579806
0,0.273707
0,0.27118397
0,0.2712094
0,0.27037928
0,0.28103977
0,0.2735201
0,0.2855688
0,0.2757337
0,0.28243783
0,0.2691453
0,0.2808259
0,0.26314685
0,0.283415
0,0.27681938
0,0.273048
0,0.2704532
0,0.2687386
0,0.26863632
0,0.2669488
0,0.26018536
0,0.27265102
0,0.2601455
0,0.27365068
0,0.26671645
0,0.2739487
0,0.26738527
0,0.27650678
0,0.26814687
0,0.28619173
0,0.26786944
0,0.26898044
0,0.26508084
0,0.26369208
0,0.2625459
0,0.26540044
0,0.2612964
0,0.28107825
0,0.26694995
0,0.28712863
0,0.27112722
0,0.2894358
0,0.28412282
0,0.29271132
0,0.27461112
0,0.28508672
0,0.2707979
0,0.2641592
0,0.26175335
0,0.26111677
0,0.25862512
0,0.2574408
0,0.25576288
0,0.27913356
0,0.262746
0,0.28110564
0,0.26526907
0,0.28375104
0,0.26589167
0,0.2875588
0,0.2672259
0,0.2788607
0,0.27460063
0,0.25855085
0,0.26758888
0,0.2628954
0,0.26090825
0,0.25769588
0,0.26283816
0,0.2766397
0,0.26999718
0,0.28136608
0,0.2740074
0,0.28801775
0,0.2768171
0,0.28741097
0,0.27729762
0,0.28498098
0,0.27584878
0,0.26344046
0,0.26739696
0,0.26916602
0,0.27720216
0,0.2722058
0,0.26921454
0,0.28509912
0,0.27359322
0,0.2823381
0,0.27265656
0,0.2811168
0,0.27175122
0,0.28905174
0,0.2738952
0,0.2748207
0,0.26984903
0,0.26086184
0,0.2634728
0,0.26414967
0,0.2626772
0,0.2566499
0,0.25990734
0,0.28130147
0,0.26791573
0,0.28789654
0,0.2745516
0,0.29012984
0,0.27391207
0,0.28576887
0,0.2723775
0,0.2681596
0,0.26522288
0,0.27562526
0,0.27008393
0,0.26526624
0,0.2630617
0,0.28043258
0,0.2787401
0,0.26841405
0,0.26902476
0,0.28650653
0,0.2702857
0,0.28487748
0,0.2698206
0,0.2857488
0,0.2697043
0,0.26720715
0,0.26207852
0,0.26948828
0,0.2618173
0,0.28376782
0,0.26700288
0,0.28217843
0,0.26643977
0,0.28133723
0,0.26502514
0,0.27989003
0,0.2648742
0,0.2848199
0,0.2663926
0,0.2856274
0,0.26708394
0,0.27098358
0,0.27209812
0,0.27117407
0,0.27159098
0,0.2804494
0,0.27531797
0,0.27660775
0,0.2740979
0,0.2711842
0,0.27070263
0,0.25742307
0,0.26492265
0,0.28445378
0,0.27328768
0,0.28583574
0,0.275156
0,0.26418954
0,0.27701497
0,0.25473598
0,0.26743153
0,0.26320797
0,0.26376078
0,0.28740042
0,0.2755636
0,0.26968554
0,0.2723749
0,0.287283
0,0.273574
0,0.28966063
0,0.27532485
0,0.33943292
0,0.29364377
0,0.27481613
0,0.272189
0,0.2667836
0,0.26424918
0,0.26192734
0,0.259789
0,0.27823234
0,0.26541007
0,0.28367683
0,0.2729817
0,0.28517595
0,0.269694
0,0.26317108
0,0.2614611
0,0.2722536
0,0.26249596
0,0.2517669
0,0.25879255
0,0.26419175
0,0.26259503
0,0.2651429
0,0.25869727
0,0.2732815
0,0.26121002
0,0.27933684
0,0.26294532
0,0.27089095
0,0.259675
0,0.27274582
0,0.26066056
0,0.2687818
0,0.2761777
0,0.25786838
0,0.26606277
0,0.2654326
0,0.26824838
0,0.26568878
0,0.26752442
0,0.27439794
0,0.2715687
0,0.27854618
0,0.27647406
0,0.28007358
0,0.274278
0,0.2792441
0,0.2730132
0,0.26579326
0,0.2636169
0,0.27736834
0,0.26982382
0,0.268645
0,0.26771525
0,0.2722011
0,0.26744795
0,0.2836566
0,0.27153468
0,0.2986928
0,0.27769205
0,0.29104632
0,0.27612156
0,0.2682854
0,0.26649264
0,0.26210383
0,0.2617131
0,0.26908237
0,0.26362076
0,0.27359116
0,0.26428455
0,0.2801768
0,0.26700473
0,0.2812427
0,0.26875257
0,0.28287682
0,0.26898953
0,0.28291324
0,0.26855606
0,0.27402413
0,0.26491848
0,0.2784622
0,0.26577592
0,0.27381408
0,0.2640319
0,0.2696778
0,0.2658176
0,0.28549266
0,0.2672259
0,0.28271276
0,0.26599246
0,0.28027576
0,0.2655419
0,0.2786965
0,0.26467603
0,0.28428668
0,0.26700586
0,0.26313898
0,0.25868282
0,0.26439604
0,0.2675503
0,0.2704968
0,0.27036533
0,0.2768952
0,0.27284762
0,0.27841118
0,0.2737087
0,0.28267145
0,0.27591532
0,0.28463763
0,0.28092036
0,0.26244366
0,0.2725781
0,0.26127827
0,0.26567942
0,0.26450992
0,0.26612207
0,0.26460436
0,0.26618922
0,0.26400772
0,0.2654072
0,0.27206555
0,0.26822913
0,0.30945355
0,0.28193295
0,0.2962912
0,0.27928177
0,0.28815302
0,0.27545473
0,0.2646579
0,0.26526833
0,0.26292744
0,0.26176602
0,0.26035744
0,0.25947326
0,0.2800292
0,0.26710033
0,0.28647164
0,0.26985976
0,0.25988176
0,0.26121014
0,0.2783815
0,0.26552296
0,0.27697375
0,0.26562926
0,0.26144645
0,0.25934258
0,0.25690016
0,0.25593707
0,0.26378298
0,0.25819325
0,0.25530332
0,0.26287362
0,0.27587926
0,0.2612288
0,0.27652237
0,0.26313823
0,0.27864558
0,0.26324108
0,0.2860483
0,0.27686504
0,0.25848588
0,0.27941433
0,0.26229647
0,0.2575223
0,0.26461735
0,0.26680303
0,0.2766229
0,0.27174702
0,0.28063697
0,0.27434596
0,0.27610174
0,0.27677137
0,0.27743217
0,0.2726387
0,0.27497143
0,0.27182013
0,0.2711236
0,0.27549002
0,0.26969278
0,0.2695694
0,0.2685575
0,0.26743025
0,0.27829877
0,0.27054667
0,0.2691638
0,0.26792002
0,0.28747097
0,0.2735919
0,0.29305503
0,0.27665117
0,0.2765098
0,0.2706774
0,0.256041
0,0.26158154
0,0.2612157
0,0.26056752
0,0.26078442
0,0.26030654
0,0.27450782
0,0.2661676
0,0.2825187
0,0.26878735
0,0.2850561
0,0.270135
0,0.28243995
0,0.26866698
0,0.26851952
0,0.26335198
0,0.2672112
0,0.26168415
0,0.25935143
0,0.2580538
0,0.2570346
0,0.25521532
0,0.2743045
0,0.26177028
0,0.27973202
0,0.27960762
0,0.2654596
0,0.2614668
0,0.279321
0,0.26371846
0,0.2637003
0,0.25864244
0,0.2527205
0,0.25204268
0,0.26616213
0,0.25658557
0,0.25342014
0,0.2514256
0,0.26997322
0,0.25708854
0,0.27336115
0,0.26999003
0,0.29855475
0,0.28558078
0,0.27958438
0,0.2767217
0,0.26768422
0,0.2748128
0,0.2717432
0,0.27021047
0,0.26989844
0,0.26947024
0,0.27757362
0,0.27130714
0,0.27979183
0,0.2716509
0,0.27447283
0,0.27006915
0,0.27926478
0,0.2711387
0,0.27327028
0,0.26829448
0,0.2605786
0,0.26305673
0,0.2638899
0,0.26249403
0,0.2592484
0,0.26036346
0,0.2741615
0,0.2653905
0,0.27925706
0,0.2727604
0,0.277359
0,0.2677688
0,0.2854806
0,0.2694271
0,0.2829796
0,0.28029603
0,0.26731318
0,0.2693212
0,0.26592577
0,0.26204175
0,0.26111442
0,0.2589779
0,0.27926213
0,0.2633185
0,0.27852973
0,0.26425192
0,0.284341
0,0.2667909
0,0.2842621
0,0.26657036
0,0.2789425
0,0.26458785
0,0.26186848
0,0.26819846
0,0.2613485
0,0.2729306
0,0.26167226
0,0.2674662
0,0.28168485
0,0.27416697
0,0.28581288
0,0.27638593
0,0.2649834
0,0.2697517
0,0.26115796
0,0.26624194
0,0.2582384
0,0.27529618
0,0.26074663
0,0.265891
0,0.26872423
0,0.2675118
0,0.26868737
0,0.26668
0,0.28053683
0,0.27497074
0,0.28405562
0,0.2735796
0,0.28492892
0,0.27293196
0,0.2812198
0,0.27135476
0,0.3040452
0,0.27898347
0,0.27640912
0,0.2810009
0,0.27348202
0,0.26794425
0,0.26756307
0,0.26345575
0,0.27558511
0,0.26493657
0,0.2752392
0,0.26531518
0,0.28064242
0,0.26767296
0,0.28381404
0,0.2685638
0,0.2723877
0,0.26482233
0,0.2537867
0,0.25659448
0,0.259734
0,0.25618696
0,0.2667594
0,0.25897986
0,0.27969107
0,0.26505348
0,0.289296
0,0.2693868
0,0.2934495
0,0.2714031
0,0.2949655
0,0.27567118
0,0.268903
0,0.26174036
0,0.2768355
0,0.29615086
0,0.29035714
0,0.28247666
0,0.2713214
0,0.28269324
0,0.28774044
0,0.27892396
0,0.29564002
0,0.28155798
0,0.28989616
0,0.27896738
0,0.26775578
0,0.2701031
0,0.266356
0,0.26867157
0,0.25476974
0,0.26294902
0,0.2596702
0,0.26309583
0,0.26674584
0,0.2657406
0,0.28276584
0,0.27136272
0,0.2813999
0,0.27211732
0,0.28247616
0,0.272417
0,0.28802297
0,0.2742465
0,0.2699594
0,0.2672328
0,0.347028
0,0.2956873
0,0.28600347
0,0.2760471
0,0.27367842
0,0.26757118
0,0.26823556
0,0.26362222
0,0.27327457
0,0.26962984
0,0.2660837
0,0.26185298
0,0.27734593
0,0.2648329
0,0.2640293
0,0.26026964
0,0.26038605
0,0.2571805
0,0.25851917
0,0.2569069
0,0.27769953
0,0.26450583
0,0.2835498
0,0.26646736
0,0.28562894
0,0.26756567
0,0.28121275
0,0.26549932
0,0.27802062
0,0.26359496
0,0.29787385
0,0.27504596
0,0.26831633
0,0.2721552
0,0.26437432
0,0.26914084
0,0.28220275
0,0.2742752
0,0.2871359
0,0.27658376
0,0.2666596
0,0.269959
0,0.28628048
0,0.2755319
0,0.28132117
0,0.2766041
0,0.25937396
0,0.26586458
0,0.27428105
0,0.2690877
0,0.26101303
0,0.26838106
0,0.2586757
0,0.26274395
0,0.2764629
0,0.2688507
0,0.28215036
0,0.2759823
0,0.28654996
0,0.2790704
0,0.279723
0,0.27192667
0,0.26450777
0,0.26656553
0,0.26753357
0,0.264739
0,0.2656067
0,0.26359272
0,0.2789169
0,0.26784754
0,0.29140395
0,0.2737316
0,0.2830068
0,0.2712748
0,0.26918292
0,0.26463202
0,0.26558307
0,0.26152283
0,0.2522609
0,0.25645828
0,0.25878167
0,0.25731632
0,0.25893596
0,0.25798455
0,0.28174937
0,0.26539534
0,0.28709626
0,0.26801184
0,0.28791434
0,0.26855263
0,0.28356475
0,0.26751554
0,0.26940164
0,0.26173782
0,0.29207414
0,0.2685776
0,0.26600784
0,0.27131703
0,0.29037517
0,0.26783645
0,0.28689244
0,0.27826518
0,0.2928689
0,0.2814212
0,0.29402775
0,0.28144667
0,0.28750786
0,0.2685848
0,0.2759571
0,0.27373978
0,0.26490885
0,0.26858538
0,0.26120153
0,0.26552323
0,0.25823003
0,0.2639665
0,0.27818203
0,0.27104175
0,0.2816747
0,0.27350894
0,0.28426418
0,0.27503285
0,0.29055807
0,0.28885746
0,0.27364698
0,0.27236804
0,0.27701315
0,0.27128056
0,0.27271074
0,0.26773956
0,0.2702046
0,0.26700044
0,0.2850861
0,0.26122728
0,0.2881277
0,0.27685824
0,0.2915166
0,0.2749913
0,0.2894723
0,0.27440977
0,0.26623797
0,0.2653065
0,0.2565019
0,0.26012313
0,0.26622164
0,0.2616842
0,0.25869295
0,0.2618376
0,0.2843883
0,0.26745993
0,0.29035273
0,0.282278
0,0.30794162
0,0.28016165
0,0.29171982
0,0.2744742
0,0.26486295
0,0.2634084
0,0.26347387
0,0.25928748
0,0.2612243
0,0.26221067
0,0.28277183
0,0.26556322
0,0.2907352
0,0.2692096
0,0.28230968
0,0.26622024
0,0.2857336
0,0.26680744
0,0.26429087
0,0.268951
0,0.26257676
0,0.26757383
0,0.26119995
0,0.26627383
0,0.25999668
0,0.265319
0,0.27890587
0,0.27248117
0,0.28634495
0,0.27675146
0,0.2858778
0,0.27562594
0,0.286014
0,0.2755768
0,0.27569592
0,0.27225485
0,0.2607905
0,0.26576316
0,0.26866764
0,0.26739922
0,0.26895392
0,0.26661542
0,0.27796984
0,0.26918778
0,0.27874732
0,0.27042493
0,0.28570288
0,0.27245778
0,0.2818683
0,0.27144766
0,0.27598187
0,0.26871172
0,0.25769505
0,0.261166
0,0.26369715
0,0.2723203
0,0.26835
0,0.26414564
0,0.26472756
0,0.26169753
0,0.27180347
0,0.26270083
0,0.273134
0,0.26404968
0,0.27966112
0,0.2664419
0,0.26887086
0,0.2635658
0,0.25608748
0,0.25681618
0,0.25862348
0,0.2562204
0,0.2574699
0,0.2562909
0,0.27724257
0,0.2630411
0,0.28083947
0,0.26500112
0,0.28325891
0,0.2652846
0,0.27865294
0,0.27444947
0,0.2693557
0,0.26169765
0,0.2545134
0,0.26439843
0,0.261821
0,0.25743288
0,0.2566501
0,0.2634727
0,0.2574162
0,0.26379028
0,0.25796804
0,0.26333857
0,0.27188966
0,0.26948246
0,0.27847558
0,0.27229962
0,0.2672118
0,0.26914704
0,0.27236804
0,0.269711
0,0.26099786
0,0.2650214
0,0.263046
0,0.2645312
0,0.2718065
0,0.2683781
0,0.27934596
0,0.27113736
0,0.2842578
0,0.27387056
0,0.29029137
0,0.27638444
0,0.26846266
0,0.26761812
0,0.26966396
0,0.26559222
0,0.26873717
0,0.26498193
0,0.2682933
0,0.2646616
0,0.2789686
0,0.26892486
0,0.25942802
0,0.2614267
0,0.26430357
0,0.26140153
0,0.2795989
0,0.2565822
0,0.27522808
0,0.2653241
0,0.2752664
0,0.2661609
0,0.2668684
0,0.26224452
0,0.26444146
0,0.2606435
0,0.28399464
0,0.26994136
0,0.28710315
0,0.26914948
0,0.28855616
0,0.2700886
0,0.2780299
0,0.27664953
0,0.26339322
0,0.26093063
0,0.2606181
0,0.25703046
0,0.2582781
0,0.2539013
0,0.27601677
0,0.26022327
0,0.2858682
0,0.27643973
0,0.29025605
0,0.27974483
0,0.29091823
0,0.28122553
0,0.26976734
0,0.27446502
0,0.2619448
0,0.26737043
0,0.25455266
0,0.2636771
0,0.25770622
0,0.26348066
0,0.2827097
0,0.2730243
0,0.28942564
0,0.27592963
0,0.28833458
0,0.27694634
0,0.28621835
0,0.27544582
0,0.27836236
0,0.27233887
0,0.2723276
0,0.27778342
0,0.27857268
0,0.2717879
0,0.27758607
0,0.27040723
0,0.28258374
0,0.2707625
0,0.28258693
0,0.27038684
0,0.28167436
0,0.26997045
0,0.28476176
0,0.270457
0,0.2748589
0,0.26669577
0,0.2687195
0,0.26356015
0,0.26593503
0,0.26130617
0,0.2633824
0,0.25858176
0,0.27743837
0,0.2631348
0,0.27881238
0,0.2646202
0,0.28820354
0,0.2695216
0,0.29075807
0,0.27010942
0,0.27282426
0,0.2626286
0,0.26317835
0,0.2679861
0,0.26361856
0,0.26848122
0,0.2651582
0,0.2678482
0,0.28661567
0,0.26641655
0,0.26570418
0,0.2692135
0,0.26397148
0,0.26805034
0,0.26324347
0,0.26677614
0,0.26751536
0,0.26788798
0,0.25733596
0,0.26384488
0,0.25930953
0,0.26383144
0,0.25910485
0,0.26305336
0,0.27698854
0,0.27393132
0,0.2836137
0,0.27262428
0,0.28427175
0,0.28747466
0,0.29116368
0,0.2779776
0,0.27157772
0,0.27400997
0,0.25742757
0,0.26460603
0,0.26292703
0,0.26265442
0,0.26667038
0,0.26303697
0,0.2771607
0,0.27769378
0,0.2634188
0,0.2641574
0,0.2789353
0,0.26800832
0,0.27953392
0,0.2802122
0,0.26795864
0,0.26599228
0,0.26755038
0,0.2625433
0,0.26530063
0,0.26137206
0,0.264021
0,0.26019207
0,0.27482238
0,0.2640496
0,0.27961695
0,0.26484004
0,0.275327
0,0.26474008
0,0.28577617
0,0.26732433
0,0.2609662
0,0.262223
0,0.26340172
0,0.25749663
0,0.2597229
0,0.25540093
0,0.25834906
0,0.25432658
0,0.2571846
0,0.25397295
0,0.2809917
0,0.26208678
0,0.26132408
0,0.25560668
0,0.25698966
0,0.2636516
0,0.25604355
0,0.26347128
0,0.27480206
0,0.27060315
0,0.2636844
0,0.26723304
0,0.28348967
0,0.27351323
0,0.2792308
0,0.28387928
0,0.29354042
0,0.2791354
0,0.29414594
0,0.28012553
0,0.28372693
0,0.26425034
0,0.25670442
0,0.26217097
0,0.25650263
0,0.26065713
0,0.25534558
0,0.25931945
0,0.27763686
0,0.26796213
0,0.2829773
0,0.27143294
0,0.29199976
0,0.2757527
0,0.28649765
0,0.27308977
0,0.27369928
0,0.26758963
0,0.26610762
0,0.26302636
0,0.2666499
0,0.2626166
0,0.2608129
0,0.26049095
0,0.25983837
0,0.2588301
0,0.27055854
0,0.26227218
0,0.27251166
0,0.26291603
0,0.27387372
0,0.26330024
0,0.2638968
0,0.26404124
0,0.2590029
0,0.25718993
0,0.2588651
0,0.25553665
0,0.25808364
0,0.2544672
0,0.27885002
0,0.2608565
0,0.28544265
0,0.26425683
0,0.26557374
0,0.2578949
0,0.2750202
0,0.27026403
0,0.26818976
0,0.26880655
0,0.27467495
0,0.2709958
0,0.2744553
0,0.27106202
0,0.2761551
0,0.27193683
0,0.28569067
0,0.27480355
0,0.2901484
0,0.27713585
0,0.29164267
0,0.2864776
0,0.28259692
0,0.2770499
0,0.2678809
0,0.26843727
0,0.256896
0,0.26220727
0,0.26851696
0,0.2546598
0,0.25518522
0,0.2586253
0,0.2757663
0,0.26662847
0,0.28225338
0,0.26981875
0,0.28715476
0,0.27232566
0,0.28500107
0,0.28374824
0,0.28365415
0,0.27362162
0,0.27720806
0,0.2738182
0,0.27417988
0,0.27597135
0,0.27376634
0,0.26689878
0,0.2792382
0,0.26714754
0,0.2588458
0,0.25296718
0,0.26194778
0,0.2580766
0,0.27908784
0,0.26454768
0,0.26791653
0,0.261468
0,0.26523983
0,0.26244032
0,0.26472858
0,0.25851178
0,0.2620855
0,0.2568427
0,0.2612051
0,0.25555408
0,0.2744219
0,0.2596118
0,0.28682706
0,0.26538432
0,0.28712124
0,0.2772425
0,0.31125727
0,0.28685692
0,0.2770183
0,0.275736
0,0.27433738
0,0.27209738
0,0.28726703
0,0.27569118
0,0.2806718
0,0.2736901
0,0.26834214
0,0.2678205
0,0.28532857
0,0.27841425
0,0.2854094
0,0.27393436
0,0.2629796
0,0.2647613
0,0.26138788
0,0.26295152
0,0.26660928
0,0.2634356
0,0.28055468
0,0.26915327
0,0.28372177
0,0.2711945
0,0.28595412
0,0.27152982
0,0.28468066
0,0.27120644
0,0.27770898
0,0.2680419
0,0.25833848
0,0.26022747
0,0.2696633
0,0.26214266
0,0.2672318
0,0.26115936
0,0.27660763
0,0.264351
0,0.27448013
0,0.26449487
0,0.27637926
0,0.26429114
0,0.27742437
0,0.26485452
0,0.27347425
0,0.26304266
0,0.2588864
0,0.25621003
0,0.25613424
0,0.25411227
0,0.25998458
0,0.25877628
0,0.27133226
0,0.26981372
0,0.2759891
0,0.27244288
0,0.25855446
0,0.2668024
0,0.25923604
0,0.26486036
0,0.26741925
0,0.26695937
0,0.2532618
0,0.26270354
0,0.25989982
0,0.26401758
0,0.26027608
0,0.26317403
0,0.26099944
0,0.26383874
0,0.26037034
0,0.26299793
0,0.25963098
0,0.2626602
0,0.2596418
0,0.26316586
0,0.26329952
0,0.26395378
0,0.26013562
0,0.26242775
0,0.25813583
0,0.26101166
0,0.25666517
0,0.25848773
0,0.25430223
0,0.26750305
0,0.25998485
0,0.2693106
0,0.2728461
0,0.27443293
0,0.31200594
0,0.29075837
0,0.30167344
0,0.29811168
0,0.29416713
0,0.28690827
0,0.30342296
0,0.29041442
0,0.29663324
0,0.31020746
0,0.29177645
0,0.27917907
0,0.31339282
0,0.29231343
0,0.3290286
0,0.30197674
0,0.3321934
0,0.30064598
0,0.3036994
0,0.29303113
0,0.2903482
0,0.28252488
0,0.27546832
0,0.28866395
0,0.2744638
0,0.28237498
0,0.27222088
0,0.27039078
0,0.26709554
0,0.26809794
0,0.26895508
0,0.27241397
0,0.30185786
0,0.28433105
0,0.32351133
0,0.3066445
0,0.29521987
0,0.291242
0,0.2865097
0,0.28162512
0,0.28108174
0,0.2754074
0,0.2740905
0,0.278116
0,0.27068523
0,0.27854744
0,0.26713473
0,0.27049604
0,0.28027228
0,0.27386683
0,0.27670696
0,0.27181622
0,0.2800761
0,0.27321133
0,0.27744603
0,0.27190116
0,0.27947617
0,0.27719164
0,0.28382102
0,0.27150026
0,0.30721703
0,0.2843296
0,0.28236765
0,0.2767445
0,0.29118517
0,0.28515577
0,0.29510203
0,0.28853437
0,0.28664997
0,0.2834756
0,0.30459404
0,0.29535714
0,0.29208073
0,0.2911628
0,0.30743104
0,0.29189187
0,0.3126921
0,0.2936313
0,0.31520227
0,0.29967332
0,0.32498318
0,0.2981885
0,0.31097758
0,0.30262136
0,0.2795182
0,0.2804236
0,0.2893152
0,0.28028968
0,0.2823007
0,0.28104982
0,0.31543997
0,0.28957853
0,0.3088728
0,0.30669925
0,0.31326586
0,0.29161102
0,0.2910708
0,0.2809734
0,0.30583185
0,0.29286194
0,0.28164306
0,0.27782014
0,0.27343822
0,0.2725723
0,0.27280164
0,0.27108938
0,0.26882023
0,0.27897713
0,0.29770175
0,0.28042805
0,0.31383064
0,0.28629267
0,0.30508077
0,0.28382593
0,0.29584044
0,0.28329125
0,0.2712435
0,0.27440342
0,0.27187812
0,0.26936993
0,0.26983145
0,0.27254036
0,0.27034447
0,0.2673155
0,0.30474186
0,0.2880741
0,0.3035494
0,0.28547367
0,0.29898843
0,0.27952832
0,0.2915527
0,0.28055045
0,0.28920403
0,0.2740409
0,0.27706355
0,0.27274346
0,0.27863666
0,0.28789264
0,0.2848748
0,0.2827223
0,0.29830846
0,0.2938287
0,0.3041017
0,0.29103723
0,0.30779812
0,0.29621965
0,0.2905475
0,0.29000336
0,0.27957305
0,0.28010765
0,0.27468476
0,0.2806288
0,0.27855372
0,0.2778237
0,0.30206305
0,0.29385492
0,0.30923215
0,0.2947745
0,0.28368226
0,0.28069112
0,0.27966502
0,0.28139594
0,0.28505263
0,0.27821225
0,0.27738142
0,0.2757985
0,0.27035955
0,0.2719596
0,0.27707085
0,0.27474543
0,0.3317496
0,0.3075798
0,0.32400048
0,0.30252513
0,0.29708079
0,0.28929737
0,0.29845202
0,0.287671
0,0.27647367
0,0.27864128
0,0.26957628
0,0.27430817
0,0.27181724
0,0.27380255
0,0.26604363
0,0.2707175
0,0.28743356
0,0.2732098
0,0.28618896
0,0.2742537
0,0.29845566
0,0.28247127
0,0.30599836
0,0.2826643
0,0.28200296
0,0.2813626
0,0.2844403
0,0.27279228
0,0.2747608
0,0.2672239
0,0.27324513
0,0.29023325
0,0.29072157
0,0.27889428
0,0.29655653
0,0.29195642
0,0.29812345
0,0.27776477
0,0.31539363
0,0.31125355
0,0.2814083
0,0.28535032
0,0.28665838
0,0.295281
0,0.3832135
0,0.3225735
0,0.32837108
0,0.3040608
0,0.30902594
0,0.29402614
0,0.30423144
0,0.3148299
0,0.30041155
0,0.28880832
0,0.29412338
0,0.34896198
0,0.3037914
0,0.29626924
0,0.28129283
0,0.28529033
0,0.2810433
0,0.27393985
0,0.2675059
0,0.26020905
0,0.2851682
0,0.26977974
0,0.2855086
0,0.26639894
0,0.29073286
0,0.27838302
0,0.3022931
0,0.28497824
0,0.27101117
0,0.27166197
0,0.26936895
0,0.27369457
0,0.27061138
0,0.2734084
0,0.27018094
0,0.26845452
0,0.28604466
0,0.27344385
0,0.29078683
0,0.28492308
0,0.3018069
0,0.29621288
0,0.29715943
0,0.28126946
0,0.30360344
0,0.28114912
0,0.2887041
0,0.2755971
0,0.2789245
0,0.277032
0,0.2983797
0,0.27796483
0,0.29253468
0,0.279114
0,0.2979361
0,0.28173694
0,0.3267269
0,0.2945222
0,0.28923926
0,0.27637693
0,0.27901506
0,0.28056452
0,0.2771015
0,0.28821036
0,0.28497595
0,0.28663996
0,0.38934878
0,0.3291129
0,0.3278894
0,0.30475265
0,0.30595222
0,0.29312238
0,0.31730542
0,0.3008278
0,0.28367352
0,0.2920538
0,0.28046015
0,0.28289172
0,0.2751001
0,0.28661713
0,0.2794865
0,0.2806546
0,0.30701205
0,0.28584567
0,0.30588478
0,0.28670284
0,0.27707574
0,0.27944362
0,0.27203384
0,0.27511072
0,0.2815054
0,0.27406886
0,0.27381706
0,0.27634445
0,0.27342224
0,0.27177772
0,0.2736832
0,0.27176288
0,0.3049204
0,0.28789908
0,0.2762854
0,0.28528598
0,0.3068952
0,0.28451803
0,0.29093495
0,0.28408116
0,0.28160262
0,0.28796548
0,0.28430223
0,0.2837739
0,0.293164
0,0.27749735
0,0.28613007
0,0.2780591
0,0.2919956
0,0.2752562
0,0.2917632
0,0.2798744
0,0.3294756
0,0.2982438
0,0.29573664
0,0.30744758
0,0.29621693
0,0.2895956
0,0.2870195
0,0.28889617
0,0.28756005
0,0.28432235
0,0.29445043
0,0.30061427
0,0.2935232
0,0.28797224
0,0.30279142
0,0.29994175
0,0.29658306
0,0.29199487
0,0.30310026
0,0.28902313
0,0.2852932
0,0.28933942
0,0.27979133
0,0.2822861
0,0.27665552
0,0.27569106
0,0.2884077
0,0.29685062
0,0.29556632
0,0.28320557
0,0.33480716
0,0.35684386
0,0.3156815
0,0.30593744
0,0.29365706
0,0.28743887
0,0.27874422
0,0.27615207
0,0.28017038
0,0.27457672
0,0.27078068
0,0.2783182
0,0.28906602
0,0.27992266
0,0.29888883
0,0.28419432
0,0.29986894
0,0.2811833
0,0.2784991
0,0.27714878
0,0.2998879
0,0.2840599
0,0.27569193
0,0.2846667
0,0.27814987
0,0.27249858
0,0.28168014
0,0.28521907
0,0.27295423
0,0.26975396
0,0.31989366
0,0.2911348
0,0.3049107
0,0.2881704
0,0.30100304
0,0.2815444
0,0.2932363
0,0.28813314
0,0.2882614
0,0.27625817
0,0.28891507
0,0.27402532
0,0.2782297
0,0.2683059
0,0.28557464
0,0.28111026
0,0.30734086
0,0.29469037
0,0.3032807
0,0.28363818
0,0.31578356
0,0.29422265
0,0.29251033
0,0.2955926
0,0.31237364
0,0.30382425
0,0.29145408
0,0.2902083
0,0.2967883
0,0.2851776
0,0.29376704
0,0.28745663
0,0.30636048
0,0.2920431
0,0.30301085
0,0.28662348
0,0.28494447
0,0.27807465
0,0.2752127
0,0.2804224
0,0.27388486
0,0.27236804
0,0.2834465
0,0.27914432
0,0.2778432
0,0.29561946
0,0.28767723
0,0.2823855
0,0.30055895
0,0.32973394
0,0.29543868
0,0.28915316
0,0.30218858
0,0.2879815
0,0.28033236
0,0.27929166
0,0.28344274
0,0.27556723
0,0.28278935
0,0.27686942
0,0.28496093
0,0.28753546
0,0.5490817
0,0.40730488
0,0.35151008
0,0.3292781
0,0.34399173
0,0.30346507
0,0.30749705
0,0.2886168
0,0.28686026
0,0.28175896
0,0.26903284
0,0.26491874
0,0.27519873
0,0.27273652
0,0.26517144
0,0.32039735
0,0.32727566
0,0.2886953
0,0.2896352
0,0.2693504
0,0.2568156
0,0.25156412
0,0.2563078
0,0.24558923
0,0.24080227
0,0.24667826
0,0.25220722
0,0.33221647
0,0.2919174
0,0.28628504
0,0.32308093
0,0.29982176
0,0.2995305
0,0.2981074
0,0.2955833
0,0.28564498
0,0.28547212
0,0.2796627
0,0.27682248
0,0.27927446
0,0.28195572
0,0.28287473
0,0.27936417
0,0.42357168
0,0.3406518
0,0.31442532
0,0.3065878
0,0.2905307
0,0.28190163
0,0.28135213
0,0.28103554
0,0.27400258
0,0.29620203
0,0.2822982
0,0.29269025
0,0.28112316
0,0.2777488
0,0.2817683
0,0.2852531
0,0.2867396
0,0.27997518
0,0.2825631
0,0.29273388
0,0.28144726
0,0.28364146
0,0.27843103
0,0.2710815
0,0.27247
0,0.29528984
0,0.27979094
0,0.29400945
0,0.28207937
0,0.27926546
0,0.28674603
0,0.29169458
0,0.2769903
0,0.27725565
0,0.27151778
0,0.29864514
0,0.28233472
0,0.3091675
0,0.28197914
0,0.30225718
0,0.27975193
0,0.2810952
0,0.27212244
0,0.27877986
0,0.2692608
0,0.2888512
0,0.27238742
0,0.29170632
0,0.27347437
0,0.28738526
0,0.28220022
0,0.6267349
0,0.5365561
0,0.43754032
0,0.3952999
0,0.4330695
0,0.37261966
0,0.36870825
0,0.32097623
0,0.29494077
0,0.26460794
0,0.23998314
0,0.21451966
0,0.19111393
0,0.17332892
0,0.16742176
0,0.15513028
0,0.20043793
0,0.16205893
0,0.15488659
0,0.1459854
0,0.15358219
0,0.14456391
0,0.14636979
0,0.14333133
0,0.14290614
0,0.14692836
0,0.16199835
0,0.16129102
0,0.16540015
0,0.17348416
0,0.26536977
0,0.2732609
0,0.26878914
0,0.27167863
0,0.30343273
0,0.28094
0,0.30757487
0,0.27537623
0,0.29309168
0,0.27670857
0,0.27987352
0,0.27406195
0,0.27342752
0,0.26720044
0,0.26667422
0,0.2652
0,0.27086928
0,0.26648104
0,0.29060104
0,0.27993095
0,0.31921577
0,0.2866139
0,0.30784866
0,0.28364038
0,0.29951409
0,0.28812057
0,0.28644487
0,0.27611065
0,0.2719583
0,0.27420887
0,0.27381787
0,0.26628602
0,0.27025506
0,0.27536374
0,0.28677538
0,0.3230242
0,0.28654486
0,0.28991
0,0.3097087
0,0.295641
0,0.29031178
0,0.29375875
0,0.28234273
0,0.28927138
0,0.28783372
0,0.28360027
0,0.28161934
0,0.27804032
0,0.298429
0,0.30065972
0,0.284967
0,0.28082252
0,0.295603
0,0.32618132
0,0.30096722
0,0.2931434
0,0.3138727
0,0.29481336
0,0.28373885
0,0.29305354
0,0.28703865
0,0.2976359
0,0.28899345
0,0.28053072
0,0.2847425
0,0.27634093
0,0.29250982
0,0.28158018
0,0.3044028
0,0.29057896
0,0.2933325
0,0.2872106
0,0.34135315
0,0.29707515
0,0.28206128
0,0.27614605
0,0.2829762
0,0.2740678
0,0.27270874
0,0.27329853
0,0.2773039
0,0.27521247
0,0.30060822
0,0.27815345
0,0.30030087
0,0.2867355
0,0.34809726
0,0.31637624
0,0.294201
0,0.29036433
0,0.27241316
0,0.28908098
0,0.28514785
0,0.2834187
0,0.29113346
0,0.27381012
0,0.27581868
0,0.2678005
0,0.29902712
0,0.28577968
0,0.3116728
0,0.31622347
0,0.28931043
0,0.28874454
0,0.30193874
0,0.29392383
0,0.30374086
0,0.29446128
0,0.2811041
0,0.29064116
0,0.2821256
0,0.2853039
0,0.28550762
0,0.28091124
0,0.29606667
0,0.29119372
0,0.30147657
0,0.29406753
0,0.31024033
0,0.29426244
0,0.2997029
0,0.28870878
0,0.29429987
0,0.29712644
0,0.28699937
0,0.28661993
0,0.28960153
0,0.2877122
0,0.3869135
0,0.32189563
0,0.32167366
0,0.30478564
0,0.3197427
0,0.29784206
0,0.3078979
0,0.29725692
0,0.28866342
0,0.28535366
0,0.29515094
0,0.28535905
0,0.27838778
0,0.28415805
0,0.27714744
0,0.27361402
0,0.29301026
0,0.28455275
0,0.29244977
0,0.30963624
0,0.28925765
0,0.28811467
0,0.30314615
0,0.28123662
0,0.282338
0,0.2725793
0,0.27254403
0,0.26918194
0,0.27199748
0,0.2684928
0,0.27149776
0,0.26854268
0,0.29003063
0,0.28331944
0,0.36903313
0,0.3274174
0,0.3334654
0,0.30626708
0,0.32795173
0,0.2975159
0,0.2933342
0,0.2833792
0,0.2894168
0,0.27571633
0,0.2847898
0,0.2765424
0,0.29325706
0,0.276887
0,0.2821813
0,0.27210122
0,0.33841804
0,0.2901549
0,0.29572693
0,0.2768913
0,0.2926415
0,0.28841364
0,0.28406543
0,0.28684524
0,0.28072742
0,0.28223443
0,0.2827025
0,0.28297177
0,0.27783832
0,0.2816658
0,0.30827525
0,0.2887909
0,0.3458019
0,0.30955142
0,0.32065165
0,0.30678263
0,0.30149576
0,0.2932724
0,0.27535897
0,0.27759126
0,0.29165608
0,0.28005108
0,0.29813632
0,0.30505604
0,0.3027347
0,0.6296306
0,0.4798494
0,0.40401673
0,0.3949016
0,0.34491572
0,0.31705305
0,0.2887916
0,0.2708651
0,0.2476837
0,0.23260936
0,0.21852553
0,0.19808047
0,0.18969099
0,0.183267
0,0.17998445
0,0.19063348
0,0.1844595
0,0.18071534
0,0.167878
0,0.18202221
0,0.16279565
0,0.16515857
0,0.15793544
0,0.16618517
0,0.17265838
0,0.17591272
0,0.1861582
0,0.19901969
0,0.22131829
0,0.2325617
0,0.28261566
0,0.4024459
0,0.33034363
0,0.35175547
0,0.31287578
0,0.32239726
0,0.30066955
0,0.3242603
0,0.30128086
0,0.3039885
0,0.29377595
0,0.28423235
0,0.28716752
0,0.2914483
0,0.286246
0,0.289962
0,0.28241536
0,0.44260812
0,0.3441611
0,0.31164727
0,0.28057066
0,0.26847234
0,0.24338579
0,0.22694565
0,0.20640807
0,0.20551631
0,0.20048074
0,0.20005451
0,0.20110811
0,0.20630823
0,0.21636172
0,0.2563042
0,0.26270324
0,0.3060079
0,0.27135202
0,0.26613706
0,0.2562853
0,0.2554744
0,0.24812001
0,0.25380737
0,0.24801661
0,0.2504321
0,0.25340056
0,0.26537374
0,0.26481745
0,0.2759328
0,0.27548525
0,0.27767238
0,0.2737636
0,0.29487076
0,0.28504086
0,0.30963963
0,0.28710622
0,0.30038098
0,0.28000474
0,0.29971012
0,0.27913028
0,0.28418192
0,0.2767239
0,0.27966878
0,0.27427226
0,0.27123135
0,0.26578182
0,0.27943897
0,0.26772258
0,0.3028938
0,0.31486133
0,0.29361534
0,0.29036364
0,0.31894788
0,0.29603067
0,0.31047663
0,0.29339558
0,0.27823353
0,0.2830933
0,0.28921148
0,0.29177195
0,0.28983212
0,0.293158
0,0.29900223
0,0.29199246
0,0.3061827
0,0.29404825
0,0.29568753
0,0.29177725
0,0.30085847
0,0.2923259
0,0.28953275
0,0.30265075
0,0.29551542
0,0.28906772
0,0.2867986
0,0.44502023
0,0.35114372
0,0.31806442
0,0.32876384
0,0.30442208
0,0.30580008
0,0.29712018
0,0.3042436
0,0.29286736
0,0.3046602
0,0.29237455
0,0.28792077
0,0.2831878
0,0.26776832
0,0.29025885
0,0.27709058
0,0.2684344
0,0.26659283
0,0.26701912
0,0.27289978
0,0.2674171
0,0.33489525
0,0.28388414
0,0.28376868
0,0.26620933
0,0.30698183
0,0.27556145
0,0.28883326
0,0.27106765
0,0.26841056
0,0.28477404
0,0.2746666
0,0.2782567
0,0.27541623
0,0.276069
0,0.26911688
0,0.27568614
0,0.29131466
0,0.27705878
0,0.3068107
0,0.28296736
0,0.29696268
0,0.2864979
0,0.29296514
0,0.2902969
0,0.2783435
0,0.28069472
0,0.28633013
0,0.2896495
0,0.2749605
0,0.27817035
0,0.40887085
0,0.33312201
0,0.3121357
0,0.30813694
0,0.32783714
0,0.3039569
0,0.31531912
0,0.29528844
0,0.30166772
0,0.28785855
0,0.2888035
0,0.28418365
0,0.28466842
0,0.28621227
0,0.28402528
0,0.29069903
0,0.29917312
0,0.29894486
0,0.30392203
0,0.28746697
0,0.29625332
0,0.27920717
0,0.2970461
0,0.27686492
0,0.2727746
0,0.27270123
0,0.2714596
0,0.27138045
0,0.2691439
0,0.26576287
0,0.2700514
0,0.27614796
0,0.38667917
0,0.3178245
0,0.3220737
0,0.29382393
0,0.31815302
0,0.28894955
0,0.28676125
0,0.28909633
0,0.28549713
0,0.29369053
0,0.28235278
0,0.27784798
0,0.28100187
0,0.27080488
0,0.27485067
0,0.283019
0,0.26930267
0,0.26535004
0,0.28885606
0,0.28313366
0,0.28090304
0,0.2988008
0,0.2777757
0,0.28439796
0,0.27317023
0,0.2767122
0,0.26812348
0,0.2731069
0,0.2659293
0,0.2719563
0,0.30117223
0,0.2854629
0,0.31523573
0,0.3013866
0,0.30627164
0,0.30049583
0,0.31753567
0,0.30893305
0,0.33820742
0,0.30772722
0,0.29909098
0,0.3028899
0,0.29860747
0,0.28643796
0,0.2834518
0,0.2867857
0,0.28128374
0,0.2900895
0,0.28885716
0,0.29335043
0,0.3187029
0,0.2925482
0,0.31202668
0,0.3011947
0,0.30414882
0,0.29319018
0,0.27987394
0,0.2781193
0,0.2787605
0,0.28540385
0,0.28081426
0,0.28059453
0,0.3132438
0,0.29091406
0,0.2835279
0,0.27779517
0,0.2843869
0,0.28003561
0,0.299016
0,0.2810117
0,0.28710458
0,0.28389397
0,0.2942709
0,0.28135017
0,0.27790046
0,0.27829108
0,0.2867419
0,0.2939939
0,0.29257286
0,0.310598
0,0.28563458
0,0.28673533
0,0.2763475
0,0.28378335
0,0.30105048
0,0.2874
0,0.30742145
0,0.2997935
0,0.28472418
0,0.2935867
0,0.3306285
0,0.30244023
0,0.2865229
0,0.28814495
0,0.31758085
0,0.30150983
0,0.31145987
0,0.29691416
0,0.3074245
0,0.29003856
0,0.30679357
0,0.2932929
0,0.30238602
0,0.2928673
0,0.29184005
0,0.28544292
0,0.2914523
0,0.28409734
0,0.2952563
0,0.2875041
0,0.39103764
0,0.32332346
0,0.31833613
0,0.30153093
0,0.31768745
0,0.3152776
0,0.31441438
0,0.3041712
0,0.28706825
0,0.29185194
0,0.3016085
0,0.28766167
0,0.28978348
0,0.29381222
0,0.29156172
0,0.27347025
0,0.29104683
0,0.27583575
0,0.28150412
0,0.26507396
0,0.27081674
0,0.25247526
0,0.26022455
0,0.24823016
0,0.24747807
0,0.24620476
0,0.2500429
0,0.25386176
0,0.2645115
0,0.25944626
0,0.30098408
0,0.2813016
0,0.26572886
0,0.27448907
0,0.27570716
0,0.26936105
0,0.27998585
0,0.2899997
0,0.28651622
0,0.2804422
0,0.29081511
0,0.2753782
0,0.28256398
0,0.2747189
0,0.27948314
0,0.2799876
0,0.27571648
0,0.27628848
0,0.30219012
0,0.2864837
0,0.3184346
0,0.30354723
0,0.34616727
0,0.31494352
0,0.3231235
0,0.31058747
0,0.28840503
0,0.30864054
0,0.2871242
0,0.28616446
0,0.28922778
0,0.30052957
0,0.3264314
0,0.32347712
0,0.3102921
0,0.29489535
0,0.35521516
0,0.30657324
0,0.30931655
0,0.28537968
0,0.3102614
0,0.30796692
0,0.30285177
0,0.27982926
0,0.2796277
0,0.2714599
0,0.26425654
0,0.26897538
0,0.27930698
0,0.27005
0,0.28126302
0,0.26948622
0,0.28212222
0,0.2738828
0,0.28022206
0,0.2746264
0,0.29087514
0,0.27872324
0,0.28519815
0,0.27598864
0,0.26992318
0,0.2975441
0,0.28072345
0,0.27547362
0,0.2990398
0,0.2822127
0,0.32143265
0,0.30639935
0,0.2927189
0,0.29381904
0,0.305967
0,0.29773837
0,0.30899286
0,0.31141245
0,0.29422763
0,0.289275
0,0.27909127
0,0.28087553
0,0.27739695
0,0.27411085
0,0.30375096
0,0.2915613
0,0.3078461
0,0.29040587
0,0.288644
0,0.2831846
0,0.27470124
0,0.29441178
0,0.27945608
0,0.2805517
0,0.2701408
0,0.27719942
0,0.27276835
0,0.27656153
0,0.276675
0,0.28642976
0,0.30413744
0,0.28923434
0,0.3106329
0,0.30105743
0,0.30494535
0,0.2908764
0,0.31704
0,0.29440212
0,0.29028723
0,0.28603473
0,0.3074565
0,0.29317635
0,0.29736724
0,0.2854265
0,0.28420123
0,0.2887822
0,0.28724164
0,0.28513017
0,0.29553357
0,0.2874591
0,0.30166262
0,0.28970605
0,0.30048302
0,0.29753926
0,0.29729724
0,0.29697394
0,0.29126307
0,0.29342487
0,0.28999954
0,0.28020236
0,0.29942062
0,0.28141677
0,0.2778678
0,0.2797312
0,0.30980387
0,0.28694493
0,0.2865725
0,0.2808085
0,0.28422296
0,0.28549412
0,0.28672943
0,0.2804066
0,0.2819602
0,0.2735689
0,0.42615125
0,0.33118227
0,0.30770975
0,0.29032087
0,0.32385343
0,0.3034229
0,0.32089683
0,0.29273763
0,0.3365008
0,0.30027735
0,0.3241278
0,0.30435085
0,0.2951428
0,0.28763714
0,0.30532345
0,0.2811071
0,0.28064507
0,0.27944034
0,0.27458498
0,0.2845985
0,0.26947004
0,0.270788
0,0.2955596
0,0.28451008
0,0.28686363
0,0.28363922
0,0.29300654
0,0.28719023
0,0.27228305
0,0.27567336
0,0.27775854
0,0.28526348
0,0.2792547
0,0.29592964
0,0.32074058
0,0.30041397
0,0.30623102
0,0.30342755
0,0.33301657
0,0.3044871
0,0.3574722
0,0.32341155
0,0.32321382
0,0.29603517
0,0.28448692
0,0.28266555
0,0.2828362
0,0.27848995
0,0.288193
0,0.28101045
0,0.31345928
0,0.28783652
0,0.33277616
0,0.2919507
0,0.28892565
0,0.281848
0,0.28003022
0,0.27067536
0,0.2913701
0,0.27444375
0,0.26764187
0,0.27115464
0,0.2701263
0,0.26996776
0,0.27042633
0,0.27086666
0,0.26910883
0,0.28429183
0,0.28075406
0,0.27767578
0,0.30036604
0,0.28482214
0,0.28062496
0,0.27695543
0,0.3004798
0,0.2829012
0,0.27903372
0,0.2768929
0,0.27268428
0,0.26688045
0,0.27227873
0,0.27374622
0,0.28246844
0,0.2921298
0,0.29029447
0,0.29318738
0,0.27976093
0,0.3007971
0,0.28875953
0,0.30016837
0,0.29042754
0,0.30521894
0,0.2919233
0,0.3069008
0,0.2913244
0,0.2908828
0,0.28543776
0,0.29238534
0,0.3948073
0,0.3229365
0,0.3209474
0,0.3043627
0,0.3163841
0,0.28877088
0,0.31943613
0,0.29238394
0,0.3277628
0,0.29423475
0,0.3056306
0,0.2817379
0,0.2794896
0,0.2875633
0,0.27307624
0,0.27951568
0,0.2741907
0,0.2826091
0,0.29588714
0,0.28702885
0,0.31207073
0,0.29655814
0,0.30471972
0,0.30018872
0,0.30570313
0,0.29638425
0,0.304294
0,0.2934301
0,0.28606203
0,0.2826349
0,0.2855377
0,0.28852633
0,0.29717284
0,0.29368663
0,0.29007873
0,0.28252378
0,0.31370428
0,0.28980717
0,0.30391902
0,0.29424268
0,0.3121911
0,0.2979124
0,0.3089358
0,0.3013995
0,0.28548327
0,0.2873754
0,0.2893723
0,0.29172182
0,0.2901157
0,0.2921368
0,0.29571688
0,0.29088986
0,0.31707916
0,0.29772937
0,0.33268976
0,0.31882465
0,0.3038502
0,0.29303312
0,0.30300447
0,0.2830432
0,0.2702043
0,0.27301726
0,0.2712632
0,0.2672648
0,0.267167
0,0.27439517
0,0.2829623
0,0.28389856
0,0.31491733
0,0.28857744
0,0.31239906
0,0.28601202
0,0.30588102
0,0.30046773
0,0.28647012
0,0.28536397
0,0.27767265
0,0.28164953
0,0.27239904
0,0.2859947
0,0.27328196
0,0.2869375
0,0.30352703
0,0.2879916
0,0.30494717
0,0.28476954
0,0.27969384
0,0.2810064
0,0.30244017
0,0.29155624
0,0.29708573
0,0.29524702
0,0.29339418
0,0.3017908
0,0.29425317
0,0.28794706
0,0.31946015
0,0.30742347
0,0.31368768
0,0.29842427
0,0.30409822
0,0.28985947
0,0.29986638
0,0.28527507
0,0.29693916
0,0.283989
0,0.29529795
0,0.28639418
0,0.30273622
0,0.29402903
0,0.29371953
0,0.2991984
0,0.3464261
0,0.31931695
0,0.31189588
0,0.29453862
0,0.6597872
0,0.58429813
0,0.49637216
0,0.4182577
0,0.393417
0,0.3327242
0,0.27309868
0,0.23406267
0,0.19653314
0,0.17419128
0,0.2208949
0,0.17492196
0,0.15724272
0,0.14464366
0,0.1407772
0,0.1364454
0,0.13379225
0,0.13354222
0,0.14638527
0,0.13989048
0,0.14973809
0,0.14908825
0,0.14967872
0,0.15582998
0,0.1609258
0,0.17401727
0,0.18056719
0,0.1933811
0,0.20830636
0,0.2210431
0,0.3011376
0,0.3083509
0,0.2901761
0,0.29022187
0,0.3073914
0,0.29030174
0,0.30620134
0,0.29389924
0,0.29855347
0,0.28416464
0,0.29195353
0,0.29217768
0,0.27739474
0,0.28647843
0,0.2733403
0,0.27435732
0,0.30172154
0,0.2834518
0,0.35347068
0,0.3069869
0,0.329008
0,0.30364153
0,0.30545396
0,0.32864356
0,0.3067685
0,0.29565272
0,0.2933519
0,0.2866732
0,0.2863946
0,0.28807732
0,0.29549208
0,0.29189435
0,0.3799767
0,0.31674445
0,0.33975476
0,0.29907122
0,0.33575514
0,0.29766807
0,0.28918242
0,0.29414213
0,0.27905294
0,0.2725777
0,0.26159307
0,0.259655
0,0.25637934
0,0.25853866
0,0.26326552
0,0.2618904
0,0.27659702
0,0.27462316
0,0.29371318
0,0.27164674
0,0.30426574
0,0.2756049
0,0.2870507
0,0.28692394
0,0.27758604
0,0.2843172
0,0.29299372
0,0.29074174
0,0.29345098
0,0.2895857
0,0.31866083
0,0.30420327
0,0.31823298
0,0.29636163
0,0.28968054
0,0.28592893
0,0.30289406
0,0.2863848
0,0.30257067
0,0.28705314
0,0.29404208
0,0.2888712
0,0.2821361
0,0.27762693
0,0.30835322
0,0.3007142
0,0.3380096
0,0.31313878
0,0.3312207
0,0.3041647
0,0.345505
0,0.30205238
0,0.31843755
0,0.2918082
0,0.2955603
0,0.28394344
0,0.28275433
0,0.27440825
0,0.284647
0,0.27448124
0,0.28166634
0,0.27695233
0,0.29683366
0,0.28199977
0,0.3008421
0,0.29112864
0,0.2994725
0,0.2782256
0,0.26923442
0,0.26888528
0,0.28042197
0,0.27158344
0,0.28070253
0,0.27257958
0,0.28704777
0,0.29061925
0,0.28781563
0,0.27876043
0,0.3840106
0,0.3134136
0,0.3463851
0,0.30534542
0,0.32286543
0,0.29165733
0,0.3077978
0,0.29314777
0,0.2880772
0,0.29802638
0,0.29130062
0,0.286161
0,0.27815175
0,0.2942772
0,0.27860367
0,0.28274384
0,0.29948953
0,0.28838724
0,0.28524366
0,0.283238
0,0.30157298
0,0.29153582
0,0.3049872
0,0.28988576
0,0.28515467
0,0.27860436
0,0.27161375
0,0.28124776
0,0.2790038
0,0.2749682
0,0.28677705
0,0.28351057
0,0.3037252
0,0.29379004
0,0.2928734
0,0.28885144
0,0.3157405
0,0.30299646
0,0.2843887
0,0.2893909
0,0.29323703
0,0.2816439
0,0.29035008
0,0.28071448
0,0.29596016
0,0.28234544
0,0.2966977
0,0.28731015
0,0.28879535
0,0.2775292
0,0.30800778
0,0.28899932
0,0.29013976
0,0.2778279
0,0.2963859
0,0.2874992
0,0.2890013
0,0.2790413
0,0.28421316
0,0.28637567
0,0.27873376
0,0.27697694
0,0.28764713
0,0.2862129
0,0.309738
0,0.28244606
0,0.28624317
0,0.27862272
0,0.30449378
0,0.27952263
0,0.29413247
0,0.2770306
0,0.26987988
0,0.27082664
0,0.27188274
0,0.27608973
0,0.27589172
0,0.28168735
0,0.28283304
0,0.28764245
0,0.3118262
0,0.29718548
0,0.2831585
0,0.28569528
0,0.27746013
0,0.28313726
0,0.29857403
0,0.31414387
0,0.30508104
0,0.29395568
0,0.28727266
0,0.2944574
0,0.2792949
0,0.2878294
0,0.3380846
0,0.30429175
0,0.30973378
0,0.29238167
0,0.3175687
0,0.29647318
0,0.31433094
0,0.2910915
0,0.3182057
0,0.30009118
0,0.2941079
0,0.2963225
0,0.28717327
0,0.28323025
0,0.28952917
0,0.28178713
0,0.28059134
0,0.27892536
0,0.2815932
0,0.27740335
0,0.28550768
0,0.27437735
0,0.69628906
0,0.6454812
0,0.52003014
0,0.43384433
0,0.39411032
0,0.33054432
0,0.28881264
0,0.24782383
0,0.2306014
0,0.2038831
0,0.19075699
0,0.17870173
0,0.18417886
0,0.16454071
0,0.17593174
0,0.15668704
0,0.16061638
0,0.14794035
0,0.14523956
0,0.14223091
0,0.13992332
0,0.14122747
0,0.14823645
0,0.1552011
0,0.16928862
0,0.17909916
0,0.20464204
0,0.21088941
0,0.24186823
0,0.23813157
0,0.32466078
0,0.3092175
0,0.31661773
0,0.30506572
0,0.29825088
0,0.29896948
0,0.28299907
0,0.2881714
0,0.28184754
0,0.28132856
0,0.27439952
0,0.28028512
0,0.3048332
0,0.29078838
0,0.38486975
0,0.35108572
0,0.32226145
0,0.30962077
0,0.30588832
0,0.28941914
0,0.28453207
0,0.28132105
0,0.2700764
0,0.27506652
0,0.27345502
0,0.27383158
0,0.2665025
0,0.2737583
0,0.28065473
0,0.27874267
0,0.28854978
0,0.28340435
0,0.30532378
0,0.29219955
0,0.296242
0,0.28929472
0,0.2844735
0,0.28465056
0,0.28805968
0,0.28270096
0,0.28420317
0,0.28448403
0,0.32016656
0,0.2903991
0,0.3228747
0,0.29604077
0,0.3252811
0,0.2921037
0,0.2870661
0,0.27807793
0,0.2941036
0,0.2773965
0,0.29940176
0,0.28573617
0,0.29040223
0,0.27714005
0,0.27656382
0,0.28344977
0,0.31152123
0,0.28776282
0,0.28744313
0,0.2838975
0,0.31421348
0,0.283565
0,0.31496775
0,0.2940235
0,0.30669948
0,0.28977698
0,0.28461406
0,0.29319742
0,0.29211456
0,0.29444155
0,0.28874567
0,0.28496808
0,0.3046858
0,0.29834828
0,0.28577626
0,0.29286984
0,0.30645618
0,0.29848674
0,0.31762505
0,0.29895326
0,0.2819226
0,0.2806979
0,0.31991488
0,0.29372728
0,0.3942635
0,0.32831573
0,0.31922758
0,0.30274114
0,0.3276401
0,0.2973254
0,0.29075307
0,0.28196394
0,0.3060293
0,0.289236
0,0.2952989
0,0.29322705
0,0.28196028
0,0.27795961
0,0.27830446
0,0.2860102
0,0.27841753
0,0.27254456
0,0.27214095
0,0.2692927
0,0.37333524
0,0.30825776
0,0.301687
0,0.2808075
0,0.29577738
0,0.278816
0,0.29127774
0,0.2800014
0,0.2814001
0,0.272029
0,0.29573157
0,0.27597815
0,0.27980804
0,0.28393337
0,0.27653474
0,0.2709664
0,0.29163903
0,0.27687198
0,0.30276352
0,0.27917343
0,0.3007477
0,0.28179532
0,0.3332132
0,0.29623246
0,0.32027057
0,0.29641742
0,0.29046398
0,0.27695367
0,0.2705469
0,0.27305266
0,0.27379844
0,0.27205306
0,0.30197057
0,0.2806244
0,0.30656114
0,0.28049508
0,0.2749022
0,0.27279216
0,0.29275048
0,0.29271057
0,0.2868669
0,0.29199824
0,0.2802066
0,0.28224468
0,0.27739173
0,0.27750042
0,0.28337744
0,0.2810429
0,0.3786954
0,0.3355078
0,0.30476937
0,0.30012193
0,0.30319327
0,0.30056968
0,0.3062337
0,0.28988683
0,0.27919126
0,0.28876707
0,0.29218662
0,0.29036832
0,0.29303744
0,0.28991148
0,0.2937285
0,0.28748694
0,0.2940139
0,0.28423226
0,0.32704285
0,0.29918623
0,0.31130672
0,0.29342258
0,0.30519554
0,0.2856701
0,0.2774779
0,0.28149217
0,0.27928576
0,0.28316277
0,0.2810524
0,0.2783134
0,0.27903995
0,0.27705783
0,0.30280077
0,0.2985819
0,0.31817013
0,0.30903116
0,0.31561255
0,0.2998385
0,0.32103002
0,0.29409826
0,0.29942846
0,0.29413792
0,0.2902864
0,0.28123882
0,0.27620474
0,0.26954535
0,0.30284667
0,0.28311595
0,0.29960293
0,0.28682798
0,0.31641522
0,0.2884249
0,0.31443906
0,0.28437713
0,0.29607567
0,0.29134712
0,0.27431902
0,0.2829383
0,0.27858135
0,0.2822329
0,0.28751835
0,0.28572655
0,0.3058197
0,0.30831704
0,0.3037646
0,0.29100823
0,0.31549624
0,0.2977402
0,0.3021393
0,0.2934421
0,0.29158998
0,0.28913504
0,0.29227957
0,0.28333336
0,0.27360958
0,0.2790755
0,0.2851603
0,0.27921438
0,0.2957578
0,0.2902706
0,0.28386077
0,0.29237604
0,0.28633583
0,0.2878656
0,0.2936677
0,0.28195736
0,0.28684777
0,0.28190902
0,0.28164858
0,0.27756926
0,0.29431623
0,0.28103074
0,0.2844462
0,0.2839326
0,0.2915554
0,0.28734833
0,0.30328998
0,0.2925188
0,0.2829819
0,0.2761959
0,0.29614815
0,0.28054446
0,0.28029275
0,0.2975364
0,0.28012013
0,0.27799425
0,0.29026425
0,0.29151794
0,0.28212065
0,0.28210106
0,0.30497962
0,0.28551784
0,0.31915516
0,0.29504728
0,0.32004312
0,0.28956077
0,0.3002342
0,0.2880158
0,0.29484034
0,0.2971036
0,0.2786913
0,0.29056907
0,0.2840495
0,0.2906394
0,0.2966214
0,0.29198003
0,0.30941945
0,0.29167372
0,0.30892992
0,0.29148608
0,0.30237302
0,0.3104123
0,0.29351935
0,0.28644902
0,0.27508524
0,0.28587076
0,0.30219525
0,0.28586757
0,0.28862047
0,0.28199628
0,0.28807914
0,0.2831762
0,0.36953628
0,0.3106328
0,0.30125636
0,0.39094692
0,0.3235561
0,0.30755818
0,0.32705396
0,0.32977402
0,0.3004876
0,0.28700766
0,0.28705725
0,0.2803225
0,0.27899554
0,0.28447807
0,0.29441023
0,0.27672058
0,0.29241192
0,0.2798583
0,0.28292832
0,0.27405697
0,0.28273913
0,0.2679697
0,0.27086958
0,0.26735187
0,0.2670006
0,0.26701117
0,0.2727302
0,0.2651059
0,0.26737624
0,0.26605248
0,0.28051388
0,0.2749479
0,0.34522095
0,0.30206817
0,0.32177582
0,0.2999407
0,0.30030286
0,0.28434902
0,0.2884962
0,0.2795165
0,0.32696843
0,0.2931269
0,0.29404655
0,0.28886786
0,0.291529
0,0.2854491
0,0.2745636
0,0.2755967
0,0.29517305
0,0.27559638
0,0.29488683
0,0.29744133
0,0.29939786
0,0.29215956
0,0.30434865
0,0.31477934
0,0.3004822
0,0.29549426
0,0.29486525
0,0.2906273
0,0.29008704
0,0.2790556
0,0.2897828
0,0.28860432
0,0.29841948
0,0.2912789
0,0.28232428
0,0.28074297
0,0.2992076
0,0.29832894
0,0.3082855
0,0.294262
0,0.29488733
0,0.28918207
0,0.29050875
0,0.28642568
0,0.28338784
0,0.28026062
0,0.2933547
0,0.28250024
0,0.30220935
0,0.2888712
0,0.30979416
0,0.29705465
0,0.32271016
0,0.2978208
0,0.29512346
0,0.2872501
0,0.28898236
0,0.28044525
0,0.28826278
0,0.2782403
0,0.2792473
0,0.27801567
0,0.29553205
0,0.2800071
0,0.3011941
0,0.29001072
0,0.29347327
0,0.28034788
0,0.29998916
0,0.29401514
0,0.28599617
0,0.27822596
0,0.2772367
0,0.27114305
0,0.2718243
0,0.27897155
0,0.30212313
0,0.2818816
0,0.30281112
0,0.2903879
0,0.28164312
0,0.27703154
0,0.31542978
0,0.3028275
0,0.2833579
0,0.28373915
0,0.28503782
0,0.2730697
0,0.30198333
0,0.28153262
0,0.29201132
0,0.29470274
0,0.29569992
0,0.28861225
0,0.2903724
0,0.29488376
0,0.30472094
0,0.2999566
0,0.29712993
0,0.28914887
0,0.30571643
0,0.29256245
0,0.2783859
0,0.2846153
0,0.28372058
0,0.28457385
0,0.28966329
0,0.2821255
0,0.28640276
0,0.2801166
0,0.3047624
0,0.28651676
0,0.2999849
0,0.28506815
0,0.30798468
0,0.2888273
0,0.28954214
0,0.2799568
0,0.27378237
0,0.28505066
0,0.28688693
0,0.2810403
0,0.28090823
0,0.27809823
0,0.27918136
0,0.29119396
0,0.28686282
0,0.27549908
0,0.28028372
0,0.27220213
0,0.294849
0,0.2766245
0,0.29193032
0,0.28978544
0,0.29207394
0,0.28715062
0,0.29190513
0,0.2876688
0,0.29114994
0,0.2896168
0,0.28449887
0,0.27413696
0,0.29516417
0,0.27689174
0,0.31639114
0,0.29379472
0,0.30838668
0,0.29171646
0,0.27983254
0,0.28371495
0,0.27191514
0,0.27200076
0,0.2753095
0,0.28178626
0,0.27947336
0,0.2803952
0,0.28542662
0,0.28532556
0,0.30478075
0,0.2935908
0,0.29284248
0,0.28604847
0,0.28871858
0,0.2829171
0,0.28764665
0,0.28516623
0,0.29484332
0,0.29116777
0,0.3093964
0,0.3014522
0,0.29535225
0,0.29072288
0,0.31417248
0,0.2965846
0,0.29427227
0,0.28937665
0,0.3007077
0,0.2849365
0,0.31590432
0,0.29930708
0,0.3093699
0,0.28925443
0,0.28891045
0,0.29099974
0,0.28329954
0,0.2850406
0,0.2762084
0,0.27224413
0,0.27366433
0,0.28421625
0,0.29128522
0,0.27989843
0,0.29787505
0,0.2784937
0,0.29345503
0,0.2764107
0,0.27709553
0,0.27884167
0,0.2877764
0,0.27376688
0,0.2734068
0,0.26720735
0,0.2781563
0,0.26794758
0,0.29384205
0,0.28012842
0,0.28815135
0,0.27738562
0,0.2882497
0,0.27728432
0,0.30095428
0,0.29284722
0,0.2833293
0,0.28285965
0,0.27782002
0,0.29344618
0,0.28565058
0,0.29217482
0,0.286098
0,0.28809
0,0.31651527
0,0.28382224
0,0.31533924
0,0.29399654
0,0.28047422
0,0.2903071
0,0.2919585
0,0.2912442
0,0.28385213
0,0.28616005
0,0.2769055
0,0.2830416
0,0.27575508
0,0.2864132
0,0.28191847
0,0.28449434
0,0.29737994
0,0.28739735
0,0.31463337
0,0.29121423
0,0.3035018
0,0.29506636
0,0.2921694
0,0.2917724
0,0.28700942
0,0.2885731
0,0.28720638
0,0.27861422
0,0.2876228
0,0.28292227
0,0.2812568
0,0.27687094
0,0.29925793
0,0.28777346
0,0.29657543
0,0.28943622
0,0.31087336
0,0.28504422
0,0.29943568
0,0.30852655
0,0.28858027
0,0.28343716
0,0.27864692
0,0.2755612
0,0.27455717
0,0.27756298
0,0.30117333
0,0.2863263
0,0.29781732
0,0.28264937
0,0.29297724
0,0.27984363
0,0.29198974
0,0.289957
0,0.28536904
0,0.28475884
0,0.27258798
0,0.28258222
0,0.27332318
0,0.28066176
0,0.28108346
0,0.27973372
0,0.2782135
0,0.2859995
0,0.2750084
0,0.27784398
0,0.27230927
0,0.293426
0,0.28497353
0,0.28969008
0,0.28403297
0,0.28891367
0,0.28324285
0,0.27967286
0,0.27661157
0,0.26913723
0,0.27478862
0,0.28125963
0,0.27382067
0,0.27420607
0,0.28890958
0,0.27789584
0,0.2885951
0,0.27885497
0,0.30905104
0,0.2980135
0,0.2965828
0,0.2842947
0,0.29396823
0,0.28096613
0,0.29016003
0,0.2988235
0,0.29130247
0,0.28349227
0,0.29619268
0,0.28477436
0,0.2934707
0,0.28023833
0,0.3076547
0,0.28873122
0,0.29163817
0,0.27838844
0,0.28606454
0,0.28377256
0,0.27806884
0,0.2761801
0,0.28748897
0,0.27918038
0,0.27585727
0,0.27008733
0,0.27205744
0,0.27135286
0,0.26920885
0,0.27038407
0,0.28185266
0,0.2784905
0,0.27545556
0,0.27299255
0,0.28574395
0,0.27515277
0,0.2791605
0,0.2691464
0,0.26788896
0,0.26337513
0,0.27503937
0,0.2806806
0,0.27435538
0,0.277491
0,0.28401676
0,0.2810314
0,0.28470406
0,0.286115
0,0.2897345
0,0.28364515
0,0.28811198
0,0.29226506
0,0.27699438
0,0.3676575
0,0.30964273
0,0.3088465
0,0.3066844
0,0.45050797
0,0.35742894
0,0.31475952
0,0.32517985
0,0.30558154
0,0.2955369
0,0.27792883
0,0.28242338
0,0.2988681
0,0.2845117
0,0.27919054
0,0.2764402
0,0.28519338
0,0.2839742
0,0.2787652
0,0.27705038
0,0.2715611
0,0.29276872
0,0.27001113
0,0.28016505
0,0.26895645
0,0.28540584
0,0.27225882
0,0.2694729
0,0.27243382
0,0.27986792
0,0.27662584
0,0.27829018
0,0.27610302
0,0.27387843
0,0.27975234
0,0.28812036
0,0.2767996
0,0.29119182
0,0.27695954
0,0.29252884
0,0.29878432
0,0.28834927
0,0.27654418
0,0.2960078
0,0.27857924
0,0.28799194
0,0.27821293
0,0.2793085
0,0.27490547
0,0.27528703
0,0.2803448
0,0.2766896
0,0.28977865
0,0.28011495
0,0.27099508
0,0.28254747
0,0.27524996
0,0.27561235
0,0.26850247
0,0.28377905
0,0.28893578
0,0.27657363
0,0.28364465
0,0.27624843
0,0.27972496
0,0.2752119
0,0.29141107
0,0.28301957
0,0.28672406
0,0.32462394
0,0.29900107
0,0.31567028
0,0.29727715
0,0.4099347
0,0.3401954
0,0.35433522
0,0.3253163
0,0.31986815
0,0.2990038
0,0.3008042
0,0.2911622
0,0.29416198
0,0.28683865
0,0.31628653
0,0.2931186
0,0.31273544
0,0.28778744
0,0.28464442
0,0.27506727
0,0.2866037
0,0.26916096
0,0.266901
0,0.2548519
0,0.25477988
0,0.24882121
0,0.25082842
0,0.24897364
0,0.2593421
0,0.2546498
0,0.26254597
0,0.26499778
0,0.29528219
0,0.2843848
0,0.30748442
0,0.2934844
0,0.2924606
0,0.28507185
0,0.27710187
0,0.27265704
0,0.29600653
0,0.28423178
0,0.28786138
0,0.28150967
0,0.28600934
0,0.2790437
0,0.28090447
0,0.27719107
0,0.2791032
0,0.2837238
0,0.28367463
0,0.27442017
0,0.2971663
0,0.2765096
0,0.2845766
0,0.27354673
0,0.2758123
0,0.2721278
0,0.26862893
0,0.27038297
0,0.281576
0,0.27324936
0,0.2697007
0,0.27329183
0,0.29239732
0,0.2768469
0,0.2709588
0,0.27633378
0,0.28456026
0,0.28688702
0,0.27677873
0,0.2778655
0,0.27709463
0,0.27813786
0,0.28999424
0,0.2863979
0,0.29002845
0,0.28693137
0,0.29335743
0,0.28728896
0,0.29528454
0,0.28513104
0,0.299381
0,0.28472373
0,0.2973089
0,0.29240325
0,0.28759554
0,0.29367828
0,0.29720342
0,0.28320062
0,0.29167438
0,0.2853602
0,0.2859576
0,0.29176992
0,0.28660655
0,0.28707057
0,0.3095581
0,0.2904951
0,0.29512486
0,0.28562805
0,0.28505397
0,0.28032884
0,0.2749666
0,0.27080792
0,0.28152403
0,0.27594364
0,0.2771216
0,0.27034572
0,0.27533615
0,0.26933002
0,0.2807657
0,0.27402106
0,0.28036544
0,0.27360332
0,0.27164653
0,0.27435797
0,0.2767452
0,0.27815872
0,0.27019966
0,0.28878212
0,0.27701673
0,0.30216056
0,0.2828729
0,0.2827402
0,0.2739351
0,0.29274315
0,0.27955458
0,0.28382054
0,0.27174526
0,0.27620563
0,0.2896002
0,0.29033762
0,0.2829498
0,0.2858448
0,0.2771733
0,0.27924216
0,0.27532083
0,0.27656102
0,0.2777522
0,0.2805183
0,0.27637687
0,0.2797158
0,0.27658692
0,0.27929643
0,0.2790918
0,0.27744812
0,0.29985684
0,0.2833744
0,0.28507754
0,0.27852383
0,0.28053147
0,0.27612516
0,0.27859
0,0.27416176
0,0.2982953
0,0.27634004
0,0.30333441
0,0.28374326
0,0.2841272
0,0.2832497
0,0.3156554
0,0.28952843
0,0.3118033
0,0.28869238
0,0.2890074
0,0.2793004
0,0.28983933
0,0.27807373
0,0.28400445
0,0.27478376
0,0.28665796
0,0.2764746
0,0.27712378
0,0.27192265
0,0.29783037
0,0.28691927
0,0.287816
0,0.28142983
0,0.27712142
0,0.27071235
0,0.28185797
0,0.2761657
0,0.2711637
0,0.27700377
0,0.27272728
0,0.27239412
0,0.29461443
0,0.28461337
0,0.2857615
0,0.27315757
0,0.27294952
0,0.2678348
0,0.2798048
0,0.27608982
0,0.27244866
0,0.28412092
0,0.27495056
0,0.27165258
0,0.26652113
0,0.29058793
0,0.2787472
0,0.28646058
0,0.27591884
0,0.27996257
0,0.2864515
0,0.28918976
0,0.294957
0,0.29174992
0,0.2955219
0,0.28681022
0,0.28340453
0,0.28076822
0,0.28580415
0,0.28624377
0,0.28676617
0,0.28198692
0,0.2909043
0,0.29730672
0,0.2908016
0,0.28441042
0,0.2710158
0,0.28019053
0,0.2953962
0,0.28724706
0,0.31111312
0,0.29073507
0,0.3032548
0,0.29153454
0,0.28660417
0,0.2820549
0,0.29732183
0,0.29161263
0,0.28822696
0,0.28049347
0,0.28705496
0,0.28195903
0,0.30091676
0,0.2841992
0,0.2922176
0,0.2859994
0,0.30166963
0,0.28763795
0,0.289056
0,0.28797424
0,0.2849249
0,0.2850122
0,0.2778011
0,0.27785727
0,0.28762037
0,0.28384608
0,0.2907373
0,0.28143826
0,0.28918797
0,0.27573565
0,0.30848396
0,0.2827263
0,0.2928769
0,0.2818294
0,0.28124258
0,0.27782553
0,0.27497777
0,0.26967216
0,0.27168155
0,0.27138636
0,0.26805004
0,0.27401215
0,0.2816949
0,0.27016252
0,0.30044493
0,0.28617084
0,0.2943326
0,0.28117782
0,0.3047765
0,0.29178378
0,0.3189705
0,0.28653568
0,0.2989185
0,0.27955115
0,0.2816742
0,0.275665
0,0.28459725
0,0.28640425
0,0.30570185
0,0.29359633
0,0.28276998
0,0.28768352
0,0.3011382
0,0.2894805
0,0.30086732
0,0.29241127
0,0.2938917
0,0.2947519
0,0.2963244
0,0.29218513
0,0.29490685
0,0.28618044
0,0.2858337
0,0.2805245
0,0.28536505
0,0.28395635
0,0.3099411
0,0.28846958
0,0.3125007
0,0.3156951
0,0.30180746
0,0.29020792
0,0.2936477
0,0.28796154
0,0.2818279
0,0.3233369
0,0.2980558
0,0.29781055
0,0.28622332
0,0.28469318
0,0.2836817
0,0.28505588
0,0.2869306
0,0.2782138
0,0.29297137
0,0.2814204
0,0.27699202
0,0.27697024
0,0.27552804
0,0.2728826
0,0.27565825
0,0.2764403
0,0.27704653
0,0.2859641
0,0.28558472
0,0.28537926
0,0.28656647
0,0.29011863
0,0.28186905
0,0.28064632
0,0.2915601
0,0.28003573
0,0.29796034
0,0.29859337
0,0.28731894
0,0.3069206
0,0.2937706
0,0.28069288
0,0.27645776
0,0.27455586
0,0.27343413
0,0.27044752
0,0.26717204
0,0.27391332
0,0.26861185
0,0.29276398
0,0.28242904
0,0.28253254
0,0.29822144
0,0.28753018
0,0.28384188
0,0.2827052
0,0.27565807
0,0.27850878
0,0.2895644
0,0.281785
0,0.28389516
0,0.2820205
0,0.2981609
0,0.2879637
0,0.31929752
0,0.2981416
0,0.31753528
0,0.31323877
0,0.30229324
0,0.28998742
0,0.2835387
0,0.28468764
0,0.28064388
0,0.27764866
0,0.2769032
0,0.28501278
0,0.28352752
0,0.27747408
0,0.2866361
0,0.28146464
0,0.30454558
0,0.29291016
0,0.29007387
0,0.2800826
0,0.2974639
0,0.28317264
0,0.2738659
0,0.29006416
0,0.2778595
0,0.27438694
0,0.28210926
0,0.28170732
0,0.27881342
0,0.2831386
0,0.28353015
0,0.2785043
0,0.30422372
0,0.28192264
0,0.30461678
0,0.29624608
0,0.29458472
0,0.27985027
0,0.27983773
0,0.27629787
0,0.2813921
0,0.28141454
0,0.27766997
0,0.2750256
0,0.27898902
0,0.26963362
0,0.27590203
0,0.2727663
0,0.2846494
0,0.27093568
0,0.29207394
0,0.28337446
0,0.27287343
0,0.27925777
0,0.27297243
0,0.2853282
0,0.27220723
0,0.27589676
0,0.2756619
0,0.27623364
0,0.28015593
0,0.27714905
0,0.30903053
0,0.2880022
0,0.3021938
0,0.29328948
0,0.32129923
0,0.29577896
0,0.3015701
0,0.28794745
0,0.28978574
0,0.28695363
0,0.28932598
0,0.28993317
0,0.28627518
0,0.28174827
0,0.2739875
0,0.27375853
0,0.28695136
0,0.27738443
0,0.33144763
0,0.29487112
0,0.29978567
0,0.28561917
0,0.30532053
0,0.29927614
0,0.2947666
0,0.28696415
0,0.2893491
0,0.30730888
0,0.29417557
0,0.28695384
0,0.30556172
0,0.2839802
0,0.2999973
0,0.2899314
0,0.2977951
0,0.29980528
0,0.2886576
0,0.3095335
0,0.29257703
0,0.28092584
0,0.28169104
0,0.26584995
0,0.27613437
0,0.2676544
0,0.28051937
0,0.26887685
0,0.26704562
0,0.26496214
0,0.2720746
0,0.2650787
0,0.2835401
0,0.2731712
0,0.28203067
0,0.28446582
0,0.27649945
0,0.27958578
0,0.27348542
0,0.27835155
0,0.29047576
0,0.3025419
0,0.28678018
0,0.2939316
0,0.28215605
0,0.2818512
0,0.29441422
0,0.29258314
0,0.29335642
0,0.28494126
0,0.29232582
0,0.28759837
0,0.2731819
0,0.28536144
0,0.2843549
0,0.2881509
0,0.29974568
0,0.2902816
0,0.42700222
0,0.35381457
0,0.33142507
0,0.31054345
0,0.31228673
0,0.29730713
0,0.3024153
0,0.29155234
0,0.2985744
0,0.2888651
0,0.27810505
0,0.2753372
0,0.27924025
0,0.2732439
0,0.28076106
0,0.27348372
0,0.27703306
0,0.271262
0,0.28967613
0,0.27866802
0,0.2812877
0,0.27082673
0,0.2868702
0,0.2770085
0,0.28289175
0,0.27597776
0,0.27204618
0,0.28375715
0,0.2750211
0,0.27608955
0,0.28741744
0,0.27461335
0,0.2793412
0,0.2824225
0,0.29231396
0,0.29060766
0,0.28392175
0,0.2787026
0,0.2868571
0,0.28486362
0,0.28063813
0,0.27234727
0,0.28072238
0,0.27045578
0,0.27531976
0,0.26738307
0,0.27571803
0,0.27844444
0,0.27401915
0,0.27552223
0,0.27913857
0,0.28366113
0,0.29864067
0,0.28616807
0,0.3060217
0,0.29182652
0,0.28771102
0,0.28428397
0,0.2785587
0,0.29206672
0,0.27931556
0,0.2793861
0,0.2742058
0,0.27507448
0,0.28423828
0,0.2790129
0,0.3015165
0,0.29500583
0,0.2998297
0,0.28600934
0,0.29379064
0,0.29463804
0,0.30504864
0,0.29221535
0,0.30527464
0,0.2876233
0,0.2852402
0,0.2795333
0,0.28395557
0,0.28634673
0,0.27892324
0,0.2822131
0,0.28533033
0,0.2908117
0,0.28482738
0,0.2866578
0,0.2881582
0,0.29153103
0,0.28504717
0,0.28709567
0,0.29261088
0,0.27818918
0,0.28407794
0,0.28360918
0,0.27547094
0,0.28073478
0,0.28823438
0,0.27334023
0,0.28790528
0,0.28273034
0,0.2909629
0,0.2789329
0,0.29320005
0,0.27905232
0,0.27736777
0,0.2680079
0,0.27481672
0,0.27691138
0,0.28563935
0,0.28210977
0,0.2802063
0,0.28576547
0,0.28175807
0,0.28490046
0,0.2797249
0,0.2837467
0,0.27476946
0,0.27734166
0,0.27259517
0,0.2757982
0,0.27613902
0,0.2749056
0,0.2889443
0,0.288388
0,0.29330444
0,0.2882489
0,0.3035399
0,0.28990358
0,0.34948438
0,0.3097764
0,0.3487584
0,0.3220955
0,0.3264172
0,0.3003458
0,0.2919539
0,0.288131
0,0.28613344
0,0.28255042
0,0.29356277
0,0.2810009
0,0.2864532
0,0.28492403
0,0.29162332
0,0.27971408
0,0.28853068
0,0.2850357
0,0.27940434
0,0.28250635
0,0.28289747
0,0.27756277
0,0.27406266
0,0.2730495
0,0.28639194
0,0.29255092
0,0.28258577
0,0.27472082
0,0.28269958
0,0.27376908
0,0.28895062
0,0.2945323
0,0.28004947
0,0.29325333
0,0.33109838
0,0.29648075
0,0.29733846
0,0.28519315
0,0.27870223
0,0.28672987
0,0.27580515
0,0.27364317
0,0.2732516
0,0.28524667
0,0.29521233
0,0.27528247
0,0.28621605
0,0.29077724
0,0.27734032
0,0.2885682
0,0.28578857
0,0.28256896
0,0.29017258
0,0.29905617
0,0.28330952
0,0.28721654
0,0.27557573
0,0.2829146
0,0.27150425
0,0.29515445
0,0.2860622
0,0.28631234
0,0.27156222
0,0.2797687
0,0.28608343
0,0.28086603
0,0.28008553
0,0.2773378
0,0.27765363
0,0.2888378
0,0.27515027
0,0.2756588
0,0.30109674
0,0.28767923
0,0.29848826
0,0.28886837
0,0.282574
0,0.2772223
0,0.28701997
0,0.27712727
0,0.28438285
0,0.27574787
0,0.28771636
0,0.27580664
0,0.28207132
0,0.27700502
0,0.2927317
0,0.2769029
0,0.2811272
0,0.28500673
0,0.27575096
0,0.2967729
0,0.27992517
0,0.29411316
0,0.29774076
0,0.2848596
0,0.29301995
0,0.303875
0,0.30524388
0,0.288812
0,0.2885032
0,0.29216602
0,0.28277186
0,0.278757
0,0.27630743
0,0.28563213
0,0.2737347
0,0.27289724
0,0.28038478
0,0.2693285
0,0.27211732
0,0.26581535
0,0.28455794
0,0.2687555
0,0.27725682
0,0.27423328
0,0.28813174
0,0.28300214
0,0.27964744
0,0.28404537
0,0.28584066
0,0.2945545
0,0.2802975
0,0.28002217
0,0.27523872
0,0.2810509
0,0.27035144
0,0.27844006
0,0.28183886
0,0.27754378
0,0.30153146
0,0.28908563
0,0.29499155
0,0.28782174
0,0.2732143
0,0.2752177
0,0.28758353
0,0.28309
0,0.41784495
0,0.3206392
0,0.32255462
0,0.29744998
0,0.30883792
0,0.29302502
0,0.29783118
0,0.2837778
0,0.2946657
0,0.28819996
0,0.2837497
0,0.28045875
0,0.27858752
0,0.28292748
0,0.3051416
0,0.28909367
0,0.28582686
0,0.2846657
0,0.3027582
0,0.28434485
0,0.28653172
0,0.2903432
0,0.26858383
0,0.2681524
0,0.2835209
0,0.28110546
0,0.27920604
0,0.2849102
0,0.27645576
0,0.27350402
0,0.27205244
0,0.2655148
0,0.2667035
0,0.26625475
0,0.2866505
0,0.284762
0,0.29066527
0,0.27364776
0,0.27926016
0,0.28293645
0,0.27237284
0,0.27433175
0,0.2733902
0,0.26934212
0,0.26571846
0,0.2757324
0,0.2723193
0,0.27850127
0,0.2687746
0,0.27733606
0,0.2996197
0,0.2893483
0,0.30376303
0,0.29221407
0,0.29863924
0,0.29004785
0,0.29185227
0,0.2911804
0,0.28171486
0,0.27767214
0,0.27957547
0,0.27468508
0,0.27779275
0,0.28190362
0,0.27433208
0,0.27255458
0,0.29519692
0,0.2790755
0,0.28951776
0,0.28194883
0,0.26931214
0,0.2745538
0,0.27945516
0,0.2734498
0,0.2689721
0,0.27251843
0,0.27927804
0,0.27530903
0,0.27715617
0,0.28111714
0,0.30405858
0,0.29694337
0,0.28523305
0,0.2754724
0,0.29013133
0,0.2920589
0,0.28514242
0,0.2942998
0,0.30046728
0,0.29452002
0,0.2873615
0,0.2785506
0,0.2766021
0,0.2727434
0,0.27565584
0,0.28600413
0,0.28352192
0,0.28718784
0,0.28539103
0,0.2715083
0,0.28205916
0,0.2676123
0,0.27712888
0,0.28507793
0,0.28353423
0,0.28521726
0,0.3027681
0,0.2881297
0,0.28220525
0,0.285612
0,0.283435
0,0.2813099
0,0.2865203
0,0.29415745
0,0.27888077
0,0.27905256
0,0.28521
0,0.27887163
0,0.28499323
0,0.2830004
0,0.28742057
0,0.28865308
0,0.28167355
0,0.277132
0,0.2734476
0,0.2764297
0,0.2712116
0,0.27171057
0,0.39407387
0,0.3200957
0,0.31576246
0,0.2950783
0,0.3249436
0,0.29932544
0,0.30260682
0,0.29057083
0,0.2966203
0,0.28121284
0,0.35880944
0,0.30349356
0,0.2988875
0,0.2882416
0,0.28849724
0,0.27760682
0,0.28767282
0,0.27501088
0,0.2919261
0,0.2913763
0,0.28880367
0,0.27592036
0,0.29298007
0,0.28564325
0,0.30428204
0,0.2877023
0,0.3093706
0,0.29005048
0,0.2914472
0,0.2768534
0,0.28061786
0,0.27119616
0,0.2741218
0,0.2771391
0,0.34802097
0,0.3060071
0,0.3103206
0,0.30103397
0,0.300959
0,0.29087207
0,0.2883134
0,0.28592792
0,0.28945974
0,0.2882706
0,0.2799919
0,0.27031043
0,0.27256507
0,0.2681777
0,0.28043732
0,0.27592495
0,0.27155486
0,0.2783365
0,0.3192655
0,0.2962596
0,0.28537467
0,0.2866661
0,0.27900591
0,0.27751726
0,0.50535864
0,0.39382675
0,0.3403989
0,0.32094386
0,0.3014783
0,0.29499164
0,0.3049473
0,0.28759274
0,0.28519514
0,0.2821681
0,0.3063864
0,0.28329808
0,0.29048136
0,0.2899606
0,0.29150724
0,0.2764877
0,0.27871737
0,0.26966414
0,0.27670228
0,0.267838
0,0.2696675
0,0.27361533
0,0.27388486
0,0.27158833
0,0.2855457
0,0.28743514
0,0.321401
0,0.32272658
0,0.29391542
0,0.27957383
0,0.2955709
0,0.27996477
0,0.30590877
0,0.28193268
0,0.28904745
0,0.27854657
0,0.26572013
0,0.27330756
0,0.28642544
0,0.2852023
0,0.28185576
0,0.2740362
0,0.29201233
0,0.27157277
0,0.2808291
0,0.2775333
0,0.27685657
0,0.27649784
0,0.27180377
0,0.27825257
0,0.276866
0,0.28052405
0,0.28136694
0,0.2850649
0,0.28959852
0,0.28037155
0,0.28077114
0,0.29006737
0,0.29017618
0,0.28060672
0,0.27924424
0,0.27546766
0,0.2814454
0,0.27563003
0,0.27764538
0,0.2739338
0,0.2869735
0,0.28122094
0,0.29510048
0,0.28486782
0,0.28674755
0,0.29337144
0,0.28125548
0,0.27990893
0,0.2757312
0,0.27207094
0,0.2782227
0,0.28079545
0,0.27455544
0,0.288525
0,0.288947
0,0.28925648
0,0.2735928
0,0.27624664
0,0.2983917
0,0.28930128
0,0.3036594
0,0.28706193
0,0.31044754
0,0.2893989
0,0.2946093
0,0.29995036
0,0.293157
0,0.29876685
0,0.30089226
0,0.29220766
0,0.2936384
0,0.2768861
0,0.28305382
0,0.2827667
0,0.28730175
0,0.2775538
0,0.29621384
0,0.28529328
0,0.32254067
0,0.29709333
0,0.29698476
0,0.28810406
0,0.27949387
0,0.2714008
0,0.2766185
0,0.28571942
0,0.2793767
0,0.28741732
0,0.27674314
0,0.27763686
0,0.2931237
0,0.27713776
0,0.29427525
0,0.28732538
0,0.28653947
0,0.28234774
0,0.3033703
0,0.2865139
0,0.28694943
0,0.2808436
0,0.27828577
0,0.27687046
0,0.28346556
0,0.27801076
0,0.27314374
0,0.27418348
0,0.28003082
0,0.27596614
0,0.28130922
0,0.2830716
0,0.28330824
0,0.28577346
0,0.28428304
0,0.28628808
0,0.282113
0,0.27867424
0,0.27251312
0,0.27255216
0,0.28890038
0,0.2888178
0,0.29035425
0,0.28837276
0,0.2885724
0,0.28375542
0,0.28836727
0,0.27820268
0,0.32195237
0,0.298638
0,0.30276328
0,0.29047045
0,0.28187808
0,0.29635188
0,0.28865933
0,0.30227372
0,0.29663163
0,0.2900776
0,0.29774475
0,0.30558062
0,0.2946293
0,0.28559524
0,0.29575875
0,0.29979965
0,0.30407953
0,0.28770086
0,0.28677082
0,0.29463935
0,0.28992462
0,0.27575526
0,0.27900484
0,0.2898037
0,0.28231162
0,0.28728178
0,0.2851149
0,0.27681452
0,0.28477836
0,0.27936354
0,0.29324982
0,0.2858023
0,0.29336482
0,0.2905698
0,0.29210904
0,0.29644534
0,0.28575096
0,0.27834827
0,0.30088636
0,0.28673705
0,0.28310668
0,0.28555888
0,0.28779024
0,0.29016328
0,0.29483446
0,0.2887941
0,0.2943079
0,0.28855035
0,0.29110795
0,0.28239858
0,0.3045697
0,0.28996587
0,0.27842492
0,0.27638423
0,0.27371627
0,0.28503278
0,0.2753545
0,0.27779326
0,0.27732033
0,0.2731221
0,0.27087137
0,0.27400672
0,0.28512278
0,0.2828202
0,0.31042367
0,0.28972924
0,0.30186653
0,0.2974759
0,0.29764956
0,0.28140205
0,0.28649348
0,0.2801461
0,0.2841336
0,0.27761412
0,0.3022933
0,0.29435453
0,0.28771368
0,0.28703052
0,0.33108717
0,0.2897563
0,0.31779033
0,0.29702127
0,0.28434816
0,0.27885854
0,0.28656983
0,0.28275278
0,0.28394365
0,0.27052498
0,0.2825048
0,0.26915413
0,0.2862084
0,0.29700097
0,0.29177415
0,0.27871007
0,0.2854479
0,0.2947226
0,0.28064972
0,0.28181213
0,0.2881812
0,0.27153987
0,0.2766232
0,0.27953312
0,0.27528173
0,0.2752963
0,0.2744092
0,0.2939364
0,0.29371506
0,0.28784707
0,0.30342042
0,0.28759328
0,0.2969212
0,0.2853672
0,0.2973343
0,0.28292018
0,0.2756789
0,0.2781913
0,0.2803121
0,0.2748263
0,0.28312492
0,0.27956074
0,0.28022102
0,0.27394414
0,0.2797784
0,0.28141737
0,0.2844897
0,0.27998015
0,0.28001708
0,0.28368852
0,0.29724348
0,0.29219142
0,0.29017645
0,0.28887472
0,0.2820245
0,0.28426293
0,0.2741625
0,0.28151157
0,0.2771755
0,0.28707793
0,0.28969812
0,0.27748743
0,0.28392
0,0.29323435
0,0.2844947
0,0.28551108
0,0.29682508
0,0.27737364
0,0.27799195
0,0.26934263
0,0.2688985
0,0.2849869
0,0.28164437
0,0.28063273
0,0.27364936
0,0.2751304
0,0.2808032
0,0.2765045
0,0.2795816
0,0.27637783
0,0.2721244
0,0.28342506
0,0.29131266
0,0.2918488
0,0.2840861
0,0.2860886
0,0.30759743
0,0.2784036
0,0.28160262
0,0.27906492
0,0.29588783
0,0.28693795
0,0.29860687
0,0.28945583
0,0.32322642
0,0.2949008
0,0.3023612
0,0.29266593
0,0.29679146
0,0.3101135
0,0.29901755
0,0.2867845
0,0.28522474
0,0.28323993
0,0.27730587
0,0.2990399
0,0.29732227
0,0.29116967
0,0.31294143
0,0.29234558
0,0.29968166
0,0.30396426
0,0.2931025
0,0.28079835
0,0.28056493
0,0.273269
0,0.27474782
0,0.2700411
0,0.27277422
0,0.26977476
0,0.27602008
0,0.2849202
0,0.30397427
0,0.28589404
0,0.30135965
0,0.29710472
0,0.29427773
0,0.29099825
0,0.28777263
0,0.2957331
0,0.27967533
0,0.27970985
0,0.2745629
0,0.27395752
0,0.2742168
0,0.2833268
0,0.28060493
0,0.28647837
0,0.27806923
0,0.27137837
0,0.2796914
0,0.27910691
0,0.27430892
0,0.2868226
0,0.27274856
0,0.27726448
0,0.2959408
0,0.2869731
0,0.27879062
0,0.27613187
0,0.26874453
0,0.28098974
0,0.2798431
0,0.28367326
0,0.2933243
0,0.29312348
0,0.34646755
0,0.30816728
0,0.32104295
0,0.30240193
0,0.31000137
0,0.30242568
0,0.3142122
0,0.29882154
0,0.29375228
0,0.286161
0,0.28801954
0,0.2852757
0,0.2945982
0,0.28283364
0,0.30056554
0,0.28928632
0,0.30438748
0,0.29045302
0,0.29212275
0,0.28180557
0,0.27377728
0,0.27307132
0,0.27646816
0,0.27661836
0,0.27628934
0,0.2807263
0,0.28279436
0,0.2752587
0,0.2746219
0,0.27628237
0,0.28080624
0,0.27828255
0,0.30685392
0,0.28388473
0,0.29931623
0,0.29110014
0,0.3002496
0,0.28231323
0,0.28317705
0,0.29166
0,0.27786615
0,0.28935757
0,0.27606905
0,0.27639803
0,0.27541012
0,0.27359536
0,0.28968415
0,0.27983057
0,0.29000863
0,0.274958
0,0.28687745
0,0.27808824
0,0.2839169
0,0.276811
0,0.27162203
0,0.27781153
0,0.26983565
0,0.28053224
0,0.28090972
0,0.26977435
0,0.29059798
0,0.27246222
0,0.28098908
0,0.27415
0,0.29578808
0,0.30191797
0,0.29783797
0,0.2986615
0,0.30235413
0,0.2837112
0,0.28255877
0,0.27002847
0,0.2879961
0,0.27416766
0,0.2726594
0,0.27895233
0,0.28904563
0,0.29812494
0,0.2859529
0,0.28679416
0,0.29097334
0,0.2825799
0,0.30151704
0,0.28995124
0,0.29669037
0,0.28854382
0,0.29415396
0,0.28345746
0,0.2818431
0,0.2774401
0,0.2808039
0,0.2766989
0,0.29131994
0,0.28830916
0,0.3056289
0,0.28966647
0,0.29315278
0,0.2967448
0,0.34490466
0,0.29936835
0,0.30691463
0,0.29177025
0,0.28492188
0,0.29333156
0,0.29055697
0,0.2887104
0,0.2835256
0,0.2904169
0,0.2838765
0,0.2899239
0,0.29182974
0,0.28899372
0,0.29175204
0,0.27714077
0,0.28795877
0,0.29362702
0,0.27954257
0,0.28482702
0,0.27614933
0,0.27085373
0,0.27417457
0,0.2818749
0,0.2987619
0,0.28664955
0,0.28709492
0,0.28407022
0,0.28984013
0,0.27329627
0,0.286831
0,0.2697051
0,0.2701683
0,0.27324054
0,0.28707275
0,0.28817642
0,0.27692747
0,0.2774383
0,0.27207574
0,0.28728613
0,0.26986656
0,0.275012
0,0.28657296
0,0.28244933
0,0.28515792
0,0.2785805
0,0.272767
0,0.2826095
0,0.2721044
0,0.28641632
0,0.29017493
0,0.2802564
0,0.28812125
0,0.28425553
0,0.2907537
0,0.2801006
0,0.28539577
0,0.28329664
0,0.2893816
0,0.27950948
0,0.28826082
0,0.27741504
0,0.29702112
0,0.28478855
0,0.2889424
0,0.28225768
0,0.2828196
0,0.27873743
0,0.27711627
0,0.2876682
0,0.2792476
0,0.2890975
0,0.28334537
0,0.29548505
0,0.28522113
0,0.27590623
0,0.295143
0,0.29321992
0,0.28930274
0,0.27561882
0,0.29608288
0,0.29261464
0,0.2800189
0,0.28326297
0,0.2752289
0,0.28468522
0,0.27710646
0,0.26936805
0,0.27376536
0,0.26573634
0,0.2780189
0,0.2768274
0,0.28314158
0,0.27342576
0,0.2861206
0,0.27395913
0,0.28755262
0,0.29529306
0,0.28310743
0,0.27526107
0,0.30148584
0,0.29575312
0,0.27976528
0,0.28602841
0,0.27868488
0,0.28293943
0,0.2807806
0,0.27778944
0,0.2743931
0,0.27454454
0,0.31774637
0,0.2981892
0,0.29452378
0,0.28391019
0,0.28941798
0,0.28018025
0,0.2866292
0,0.28904614
0,0.27424905
0,0.27895108
0,0.3023783
0,0.31326187
0,0.30455816
0,0.29237545
0,0.3082872
0,0.30087233
0,0.27949056
0,0.27934957
0,0.28520876
0,0.28520632
0,0.27870712
0,0.27872062
0,0.28281137
0,0.2794328
0,0.2834171
0,0.27440694
0,0.28478447
0,0.2733938
0,0.29162037
0,0.28661713
0,0.29191524
0,0.28230178
0,0.29242796
0,0.29319257
0,0.29671323
0,0.2930552
0,0.2921813
0,0.2776955
0,0.2875895
0,0.28852195
0,0.28441924
0,0.28868517
0,0.2855157
0,0.27297875
0,0.30232257
0,0.28917265
0,0.28514475
0,0.28587994
0,0.2868262
0,0.2728722
0,0.27518535
0,0.28691116
0,0.27428418
0,0.29378602
0,0.27813303
0,0.2732726
0,0.2759145
0,0.28500357
0,0.28183103
0,0.27883837
0,0.28048357
0,0.2829633
0,0.27728787
0,0.27666467
0,0.2874668
0,0.284626
0,0.29041097
0,0.28616223
0,0.2759731
0,0.27561995
0,0.28987414
0,0.28818816
0,0.2892408
0,0.2928955
0,0.2880638
0,0.2818301
0,0.2935504
0,0.27976108
0,0.27437437
0,0.27333465
0,0.29345742
0,0.27769947
0,0.28906104
0,0.27867985
0,0.27923417
0,0.28221387
0,0.30862275
0,0.28446892
0,0.27228767
0,0.27722406
0,0.2903508
0,0.28499478
0,0.29784274
0,0.28503338
0,0.29691726
0,0.29232168
0,0.2839353
0,0.2911142
0,0.28517348
0,0.28569162
0,0.28443792
0,0.2920061
0,0.2809748
0,0.28784055
0,0.27802923
0,0.29079083
0,0.28357294
0,0.28212163
0,0.29710674
0,0.27815703
0,0.30588043
0,0.29065105
0,0.29931328
0,0.28263405
0,0.28237575
0,0.29051316
0,0.27797893
0,0.26919264
0,0.2696293
0,0.28280678
0,0.2754335
0,0.2764776
0,0.2950828
0,0.283095
0,0.2763109
0,0.27675262
0,0.27536717
0,0.28420356
0,0.2859966
0,0.29320577
0,0.28143057
0,0.27892658
0,0.27311212
0,0.27858207
0,0.2735361
0,0.2816568
0,0.27210796
0,0.28915465
0,0.29662558
0,0.31091425
0,0.29153836
0,0.3668516
0,0.30808726
0,0.2927856
0,0.29339427
0,0.28805536
0,0.28631935
0,0.2782567
0,0.2694021
0,0.27487096
0,0.2754813
0,0.2801468
0,0.29984522
0,0.2814022
0,0.29237247
0,0.27787614
0,0.2924566
0,0.28585958
0,0.29068562
0,0.28217775
0,0.28856483
0,0.29206812
0,0.28730053
0,0.2915956
0,0.29121515
0,0.2782423
0,0.2824339
0,0.28300834
0,0.28253737
0,0.28246227
0,0.28655407
0,0.292969
0,0.29110292
0,0.28819084
0,0.28712118
0,0.289539
0,0.28750506
0,0.2895992
0,0.28336236
0,0.27602378
0,0.2770843
0,0.2669367
0,0.2731645
0,0.2741517
0,0.27417302
0,0.28416476
0,0.2738487
0,0.2758329
0,0.27774194
0,0.26621345
0,0.27786052
0,0.27455953
0,0.27852786
0,0.280899
0,0.28144592
0,0.2812743
0,0.27354684
0,0.27450544
0,0.27876353
0,0.28392938
0,0.2763646
0,0.2745884
0,0.27248377
0,0.2806525
0,0.26832348
0,0.27890554
0,0.26836532
0,0.27482507
0,0.28942552
0,0.27635762
0,0.27950728
0,0.2781916
0,0.27217004
0,0.28401384
0,0.27336767
0,0.27408713
0,0.2911926
0,0.27660584
0,0.29536077
0,0.28941277
0,0.29425448
0,0.28323326
0,0.29730397
0,0.27910855
0,0.2930162
0,0.27722052
0,0.28253043
0,0.2881293
0,0.28935257
0,0.2798209
0,0.27855226
0,0.28538716
0,0.2919703
0,0.28575674
0,0.28878033
0,0.28439274
0,0.29020253
0,0.2939301
0,0.29131225
0,0.28735673
0,0.28475496
0,0.28882203
0,0.28875652
0,0.28339395
0,0.28303638
0,0.28883356
0,0.28494865
0,0.28563407
0,0.29715317
0,0.29573557
0,0.28360754
0,0.28656146
0,0.28736952
0,0.2799782
0,0.27625594
0,0.28391942
0,0.28007206
0,0.2810192
0,0.27368113
0,0.2779503
0,0.26805288
0,0.2808582
0,0.2719516
0,0.2841587
0,0.2800483
0,0.28190514
0,0.28272825
0,0.27511194
0,0.27543995
0,0.27577838
0,0.28080508
0,0.2732787
0,0.2779155
0,0.28012696
0,0.27194238
0,0.268694
0,0.27098283
0,0.28236994
0,0.27544782
0,0.28079447
0,0.2874333
0,0.27364394
0,0.3128524
0,0.2949421
0,0.30843905
0,0.30434364
0,0.30658096
0,0.2998485
0,0.30045924
0,0.2942415
0,0.28754142
0,0.2952859
0,0.28058565
0,0.27551076
0,0.30160877
0,0.28793114
0,0.2849709
0,0.2735972
0,0.35415402
0,0.2955756
0,0.31781423
0,0.29672542
0,0.28947544
0,0.2765015
0,0.27661768
0,0.28055742
0,0.30569458
0,0.2860953
0,0.2719262
0,0.279942
0,0.2768192
0,0.2862686
0,0.28512147
0,0.2782793
0,0.3008987
0,0.29212606
0,0.284936
0,0.28849882
0,0.28112316
0,0.27725345
0,0.2846572
0,0.30505005
0,0.29357204
0,0.2876755
0,0.28525022
0,0.2780327
0,0.2752342
0,0.27310348
0,0.27222642
0,0.27523455
0,0.2771646
0,0.27612108
0,0.2767024
0,0.27687886
0,0.2851443
0,0.27505884
0,0.29056382
0,0.27801937
0,0.30645964
0,0.2883615
0,0.28753752
0,0.27896416
0,0.2914298
0,0.27718198
0,0.27989027
0,0.27267447
0,0.33951905
0,0.2989909
0,0.28465086
0,0.29341292
0,0.29657257
0,0.29567915
0,0.29233906
0,0.29418668
0,0.2781375
0,0.28280562
0,0.2851147
0,0.27388367
0,0.27692658
0,0.28784043
0,0.279787
0,0.2852575
0,0.28212103
0,0.2814414
0,0.27075222
0,0.3003094
0,0.29969084
0,0.28801164
0,0.278341
0,0.2743796
0,0.28593236
0,0.2808281
0,0.27379563
0,0.2673578
0,0.28649694
0,0.28489706
0,0.27071562
0,0.27900034
0,0.27063844
0,0.27774867
0,0.26510656
0,0.2741947
0,0.28624704
0,0.28559488
0,0.28978163
0,0.2847195
0,0.2849761
0,0.28678557
0,0.2851413
0,0.27775395
0,0.29921514
0,0.29278997
0,0.28838885
0,0.29933915
0,0.29396772
0,0.28257272
0,0.28770047
0,0.2814266
0,0.28584382
0,0.28653052
0,0.28471902
0,0.29988092
0,0.28779498
0,0.29047692
0,0.28064296
0,0.27459705
0,0.28148916
0,0.28319147
0,0.27966803
0,0.2745107
0,0.27107435
0,0.2658805
0,0.2819909
0,0.27038828
0,0.27723283
0,0.2776562
0,0.29743624
0,0.27965865
0,0.277764
0,0.28380522
0,0.29331985
0,0.2786449
0,0.30888158
0,0.2951775
0,0.29313356
0,0.279794
0,0.28820115
0,0.28743806
0,0.2984579
0,0.29114172
0,0.28087124
0,0.28167737
0,0.2794494
0,0.2869619
0,0.28274533
0,0.27884707
0,0.29127178
0,0.2859282
0,0.27149653
0,0.27535784
0,0.28622082
0,0.2783042
0,0.2794153
0,0.2765934
0,0.26578528
0,0.29298714
0,0.28620657
0,0.27798116
0,0.28330338
0,0.2762866
0,0.28783163
0,0.27741063
0,0.29945722
0,0.287423
0,0.2865355
0,0.28282443
0,0.28513852
0,0.29830685
0,0.2930167
0,0.28537253
0,0.2938655
0,0.28501156
0,0.28393462
0,0.27582887
0,0.27499947
0,0.27550334
0,0.278439
0,0.27275783
0,0.28134322
0,0.28295794
0,0.28039548
0,0.2930156
0,0.2842538
0,0.27536687
0,0.29883274
0,0.28236872
0,0.29363975
0,0.29771066
0,0.28752345
0,0.27618602
0,0.28264496
0,0.28292853
0,0.27891052
0,0.2907542
0,0.29289287
0,0.28087568
0,0.2955463
0,0.2865667
0,0.27662995
0,0.2739225
0,0.27459627
0,0.28569832
0,0.2818515
0,0.27409354
0,0.269637
0,0.27890682
0,0.28521034
0,0.28029248
0,0.28290018
0,0.27591965
0,0.31029582
0,0.30085498
0,0.30608115
0,0.3003397
0,0.29164243
0,0.2855661
0,0.289631
0,0.28196353
0,0.27568117
0,0.28038433
0,0.28778937
0,0.282764
0,0.28553846
0,0.28261063
0,0.29436484
0,0.28554285
0,0.2711124
0,0.27676767
0,0.27573317
0,0.2713364
0,0.28232363
0,0.27775308
0,0.28536344
0,0.2768269
0,0.28187406
0,0.28237066
0,0.28311226
0,0.2901476
0,0.29546884
0,0.28996587
0,0.28239492
0,0.29033348
0,0.31061038
0,0.295225
0,0.28508413
0,0.276237
0,0.2885356
0,0.27346942
0,0.2754173
0,0.27206984
0,0.27984548
0,0.27316433
0,0.2756944
0,0.27079394
0,0.26966
0,0.27879456
0,0.2765024
0,0.26688033
0,0.27251086
0,0.27486536
0,0.27665007
0,0.28125358
0,0.27218968
0,0.27323076
0,0.27944648
0,0.28583965
0,0.27377537
0,0.2924741
0,0.27556723
0,0.27722585
0,0.2843189
0,0.2773621
0,0.30147135
0,0.2809635
0,0.27351204
0,0.2790604
0,0.28032383
0,0.27512765
0,0.269049
0,0.28414303
0,0.29071537
0,0.28282744
0,0.2916219
0,0.27895516
0,0.28248104
0,0.2750432
0,0.2672369
0,0.27326062
0,0.29296583
0,0.28558525
0,0.286444
0,0.2808626
0,0.28399
0,0.27445763
0,0.27788013
0,0.27565137
0,0.28060344
0,0.27156478
0,0.2755515
0,0.2938033
0,0.28755555
0,0.28039855
0,0.28005543
0,0.27601096
0,0.28455132
0,0.2882072
0,0.2854368
0,0.27839154
0,0.28237662
0,0.28424284
0,0.2868904
0,0.28397903
0,0.28644216
0,0.31480613
0,0.29046938
0,0.2878615
0,0.28889284
0,0.27727267
0,0.27532738
0,0.2791313
0,0.2733015
0,0.281366
0,0.2964472
0,0.2787235
0,0.28859684
0,0.29930013
0,0.29808384
0,0.29208127
0,0.28012574
0,0.28469697
0,0.29591456
0,0.28358373
0,0.28091612
0,0.28315893
0,0.27700743
0,0.26421073
0,0.28247648
0,0.27596682
0,0.27474493
0,0.27542987
0,0.26915267
0,0.27205417
0,0.27143317
0,0.27043083
0,0.28108385
0,0.2797084
0,0.27455196
0,0.27781543
0,0.2888359
0,0.27913976
0,0.29120246
0,0.28315377
0,0.2728792
0,0.27827978
0,0.27876636
0,0.2776373
0,0.2930448
0,0.28826943
0,0.28950703
0,0.28719306
0,0.27270412
0,0.27159306
0,0.27650535
0,0.29582426
0,0.28844595
0,0.28732195
0,0.29584867
0,0.29922038
0,0.2967373
0,0.28044853
0,0.28944984
0,0.28701517
0,0.28579113
0,0.28387362
0,0.2847157
0,0.2923269
0,0.29145142
0,0.28816006
0,0.29384777
0,0.28389493
0,0.28395122
0,0.27668726
0,0.28480867
0,0.27471834
0,0.2796698
0,0.28245136
0,0.28601104
0,0.28943884
0,0.2781365
0,0.28288576
0,0.27464914
0,0.27527755
0,0.27997985
0,0.28443804
0,0.27477366
0,0.27397776
0,0.27869228
0,0.27299142
0,0.2741815
0,0.288451
0,0.28026775
0,0.2802262
0,0.2857981
0,0.2775063
0,0.2717262
0,0.27062672
0,0.27195925
0,0.27422243
0,0.27640444
0,0.27606905
0,0.2852431
0,0.27978066
0,0.28897497
0,0.27640253
0,0.28737742
0,0.28529164
0,0.27725917
0,0.28169718
0,0.2751386
0,0.2702785
0,0.270057
0,0.27817568
0,0.29214847
0,0.27552018
0,0.2736547
0,0.28926614
0,0.2819289
0,0.2727376
0,0.286634
0,0.2722077
0,0.27314213
0,0.27258357
0,0.28905243
0,0.28548798
0,0.2917693
0,0.2856839
0,0.27046603
0,0.27542454
0,0.27898124
0,0.2760592
0,0.28268635
0,0.28870302
0,0.27357543
0,0.2830425
0,0.27435425
0,0.28615972
0,0.29025203
0,0.2768436
0,0.27962455
0,0.3859813
0,0.3294677
0,0.3072465
0,0.2945332
0,0.2933791
0,0.304684
0,0.3027507
0,0.29134414
0,0.2864612
0,0.28325203
0,0.2784755
0,0.28678322
0,0.2842875
0,0.2940807
0,0.28230804
0,0.28418463
0,0.27923247
0,0.27780104
0,0.26823926
0,0.26705316
0,0.2723122
0,0.26606023
0,0.26693955
0,0.2683515
0,0.27065238
0,0.27415282
0,0.26916406
0,0.27432385
0,0.26999053
0,0.27711964
0,0.27026516
0,0.29615512
0,0.28247648
0,0.29312578
0,0.2834415
0,0.29991075
0,0.2976096
0,0.28446725
0,0.27686182
0,0.27874646
0,0.28421912
0,0.2926208
0,0.28806016
0,0.27870107
0,0.27789268
0,0.2842091
0,0.27777365
0,0.2792676
0,0.27618763
0,0.29364523
0,0.2868904
0,0.30261967
0,0.2855736
0,0.2887164
0,0.28050193
0,0.28550944
0,0.28557572
0,0.28098133
0,0.29624826
0,0.29871157
0,0.2898258
0,0.2921823
0,0.28688073
0,0.2864638
0,0.28401887
0,0.2837376
0,0.29153785
0,0.28689742
0,0.2734469
0,0.28844294
0,0.2824343
0,0.28363332
0,0.2864094
0,0.2844368
0,0.27533054
0,0.2789826
0,0.27251709
0,0.2712205
0,0.2835224
0,0.28086632
0,0.2836465
0,0.29183337
0,0.2834029
0,0.28122795
0,0.2726502
0,0.276133
0,0.2802262
0,0.27210352
0,0.27981216
0,0.2769774
0,0.27575126
0,0.27902797
0,0.2805025
0,0.27365386
0,0.2756174
0,0.2741239
0,0.27777594
0,0.2706308
0,0.27694228
0,0.2693849
0,0.2766889
0,0.27346203
0,0.27285692
0,0.26828313
0,0.27858865
0,0.27794835
0,0.27394414
0,0.30324033
0,0.29112345
0,0.2976865
0,0.28796685
0,0.2961575
0,0.28235322
0,0.28165194
0,0.27563214
0,0.2871836
0,0.28155625
0,0.2807345
0,0.2848625
0,0.28516743
0,0.27590737
0,0.2804619
0,0.27795386
0,0.2880186
0,0.27563775
0,0.28713208
0,0.28030077
0,0.2797886
0,0.28119573
0,0.28288594
0,0.27844012
0,0.28107402
0,0.27230752
0,0.2803435
0,0.29128462
0,0.28214467
0,0.28970882
0,0.28310832
0,0.286638
0,0.28058273
0,0.2829436
0,0.2861274
0,0.2727377
0,0.28930977
0,0.28421372
0,0.28368834
0,0.27238983
0,0.29078403
0,0.2926677
0,0.27984118
0,0.29040408
0,0.2782864
0,0.26944327
0,0.30090034
0,0.28365296
0,0.29224306
0,0.28452978
0,0.28189388
0,0.28471
0,0.2762111
0,0.27785945
0,0.27692488
0,0.2961856
0,0.65059185
0,0.50131786
0,0.43086904
0,0.38066787
0,0.35881016
0,0.32594073
0,0.30822378
0,0.29096374
0,0.29222825
0,0.27800637
0,0.2721992
0,0.26901007
0,0.26257944
0,0.25789702
0,0.24323162
0,0.23756592
0,0.22808746
0,0.2111982
0,0.20486218
0,0.20298313
0,0.1969335
0,0.20470388
0,0.20966588
0,0.22267626
0,0.23482008
0,0.24439526
0,0.24495916
0,0.2607915
0,0.25336733
0,0.26076972
0,0.27242276
0,0.28381363
0,0.26861054
0,0.26904503
0,0.27319518
0,0.2830065
0,0.27946612
0,0.2811512
0,0.27921864
0,0.27221403
0,0.2934883
0,0.29079655
0,0.28310823
0,0.28982428
0,0.28528976
0,0.28958294
0,0.29249057
0,0.2872535
0,0.28890708
0,0.27432635
0,0.28363755
0,0.28173214
0,0.283798
0,0.28749508
0,0.2828223
0,0.2700042
0,0.27151495
0,0.27607685
0,0.27610248
0,0.2648757
0,0.27530465
0,0.27918088
0,0.2767658
0,0.26656958
0,0.26789385
0,0.27554134
0,0.26958632
0,0.27681568
0,0.2792758
0,0.28933167
0,0.27711242
0,0.27700314
0,0.2803452
0,0.2851536
0,0.2787809
0,0.2775074
0,0.27087212
0,0.27603146
0,0.28111103
0,0.27438122
0,0.2737053
0,0.27342376
0,0.27621293
0,0.2866655
0,0.27172205
0,0.2771499
0,0.28802767
0,0.2769241
0,0.2849363
0,0.27512935
0,0.28399292
0,0.28267628
0,0.28689736
0,0.28164932
0,0.27024218
0,0.2806867
0,0.2876624
0,0.28027454
0,0.28523865
0,0.2745352
0,0.27095824
0,0.28006926
0,0.28582492
0,0.27404535
0,0.28058463
0,0.28253078
0,0.26785222
0,0.26716006
0,0.28951368
0,0.28412694
0,0.28882128
0,0.2748049
0,0.28740257
0,0.29301468
0,0.28857183
0,0.29545763
0,0.29380813
0,0.2938121
0,0.30085853
0,0.2918415
0,0.29269424
0,0.27670255
0,0.28708193
0,0.2722781
0,0.27439192
0,0.26676682
0,0.2694272
0,0.26456758
0,0.27702555
0,0.29683763
0,0.2895189
0,0.2925337
0,0.28582463
0,0.28686813
0,0.28339446
0,0.28486344
0,0.28976965
0,0.28310502
0,0.28102538
0,0.28318873
0,0.27932206
0,0.29521614
0,0.2786472
0,0.28241453
0,0.27917647
0,0.27732778
0,0.28211516
0,0.2885628
0,0.27558994
0,0.27444422
0,0.2699466
0,0.2789328
0,0.27970824
0,0.27554855
0,0.27490717
0,0.27148384
0,0.28981665
0,0.27380684
0,0.27001414
0,0.26971048
0,0.27921572
0,0.27143368
0,0.27166703
0,0.2687902
0,0.29440692
0,0.2909486
0,0.28404072
0,0.29182002
0,0.29119733
0,0.28260803
0,0.27292344
0,0.26925862
0,0.28496525
0,0.28810814
0,0.27671963
0,0.27613285
0,0.26759103
0,0.2747304
0,0.27989915
0,0.282094
0,0.2845218
0,0.2806698
0,0.2696599
0,0.27162674
0,0.2718301
0,0.26526442
0,0.2752782
0,0.2780969
0,0.28105038
0,0.27977845
0,0.2825977
0,0.27395874
0,0.28046942
0,0.27905178
0,0.28637657
0,0.27516782
0,0.27635798
0,0.27963528
0,0.28455874
0,0.2801891
0,0.28170332
0,0.28395966
0,0.31114864
0,0.29880035
0,0.30191007
0,0.29809442
0,0.29166034
0,0.28480688
0,0.2861098
0,0.28053898
0,0.28494757
0,0.28404158
0,0.27883098
0,0.28142652
0,0.28784394
0,0.27957582
0,0.27928308
0,0.27557644
0,0.27662212
0,0.2826904
0,0.28297162
0,0.276227
0,0.27157664
0,0.27164343
0,0.2910144
0,0.27944803
0,0.27790922
0,0.27434483
0,0.2750952
0,0.27155948
0,0.2854381
0,0.27582622
0,0.27678216
0,0.27387798
0,0.29337752
0,0.2785666
0,0.2857121
0,0.2760314
0,0.28401366
0,0.2914483
0,0.27987424
0,0.28219327
0,0.27129313
0,0.27493706
0,0.27621248
0,0.27191254
0,0.3053094
0,0.2801888
0,0.28826025
0,0.27029502
0,0.26642048
0,0.2772225
0,0.2783959
0,0.2906618
0,0.2918294
0,0.30211854
0,0.29984555
0,0.28612396
0,0.28447324
0,0.28445393
0,0.2703353
0,0.26690507
0,0.28290752
0,0.27010474
0,0.29187503
0,0.28837267
0,0.2822609
0,0.28299043
0,0.2941914
0,0.2861548
0,0.2906603
0,0.27538016
0,0.27805784
0,0.2781663
0,0.28013197
0,0.27765936
0,0.27469337
0,0.27688986
0,0.27849635
0,0.28238466
0,0.2895069
0,0.28307807
0,0.28274766
0,0.27962154
0,0.2910814
0,0.2817535
0,0.28984487
0,0.28631234
0,0.2825645
0,0.28308073
0,0.28673667
0,0.29078773
0,0.2874536
0,0.28030086
0,0.27492437
0,0.273974
0,0.27071542
0,0.27073747
0,0.27708554
0,0.2777992
0,0.26692292
0,0.27110016
0,0.27278054
0,0.26996857
0,0.276708
0,0.27156562
0,0.2778832
0,0.2761477
0,0.2746619
0,0.27069542
0,0.2693054
0,0.26746815
0,0.27073053
0,0.27133542
0,0.27108607
0,0.27812928
0,0.2852139
0,0.2954102
0,0.29333884
0,0.29436934
0,0.2785177
0,0.29276624
0,0.2804426
0,0.2891127
0,0.28553516
0,0.29002103
0,0.27505535
0,0.280729
0,0.2693415
0,0.28586075
0,0.27117565
0,0.26624253
0,0.26276466
0,0.2759929
0,0.27392438
0,0.269512
0,0.26862332
0,0.2729027
0,0.2639345
0,0.2717378
0,0.2778747
0,0.27639824
0,0.26942077
0,0.27312097
0,0.26318288
0,0.26961845
0,0.26076844
0,0.27247652
0,0.28083158
0,0.28040293
0,0.27729073
0,0.27464724
0,0.27499643
0,0.27288875
0,0.27337876
0,0.2759852
0,0.28447562
0,0.28908163
0,0.27984837
0,0.27505407
0,0.27454588
0,0.2712359
0,0.27671078
0,0.27118853
0,0.27080598
0,0.27265513
0,0.27847567
0,0.2799591
0,0.27559814
0,0.2708481
0,0.3058007
0,0.29771525
0,0.29750928
0,0.30977532
0,0.29249397
0,0.28072748
0,0.27676198
0,0.2713671
0,0.26740113
0,0.28950515
0,0.27551436
0,0.28579995
0,0.29482418
0,0.293308
0,0.27931803
0,0.292177
0,0.28987268
0,0.28559887
0,0.2927256
0,0.28615978
0,0.28613973
0,0.29281116
0,0.29239148
0,0.27495602
0,0.2910137
0,0.29306096
0,0.2868885
0,0.28844437
0,0.27903008
0,0.28507516
0,0.28685352
0,0.28393838
0,0.27162945
0,0.28918493
0,0.27682355
0,0.27806795
0,0.26727855
0,0.27721906
0,0.26569363
0,0.28094193
0,0.27113464
0,0.2740831
0,0.28486344
0,0.28678116
0,0.2701392
0,0.28282118
0,0.2781217
0,0.28064853
0,0.27961847
0,0.27582917
0,0.28977495
0,0.27880615
0,0.27938074
0,0.27522904
0,0.28016177
0,0.27826563
0,0.28575173
0,0.28076205
0,0.27835047
0,0.2728693
0,0.28777474
0,0.27557915
0,0.27545103
0,0.27164438
0,0.27684286
0,0.27139103
0,0.2716662
0,0.27776185
0,0.2733692
0,0.26947317
0,0.27397466
0,0.26955345
0,0.27340344
0,0.27729702
0,0.26976505
0,0.27904674
0,0.27134323
0,0.27979708
0,0.28110382
0,0.27678046
0,0.27144027
0,0.2793071
0,0.2807128
0,0.28692248
0,0.27461395
0,0.27056196
0,0.29594526
0,0.29152507
0,0.2933575
0,0.28118515
0,0.28939292
0,0.28948247
0,0.28082383
0,0.2823558
0,0.28912607
0,0.2861024
0,0.28562748
0,0.27223366
0,0.2839078
0,0.27376524
0,0.28325078
0,0.28002936
0,0.2932932
0,0.28786057
0,0.27399403
0,0.28667876
0,0.28182212
0,0.28369606
0,0.28007928
0,0.28185806
0,0.27870223
0,0.28122368
0,0.29139993
0,0.28577256
0,0.2860332
0,0.28343207
0,0.28872886
0,0.2795746
0,0.27848232
0,0.27535835
0,0.28912058
0,0.27768975
0,0.2803981
0,0.28364354
0,0.2821711
0,0.29744267
0,0.29120246
0,0.2819461
0,0.28662604
0,0.2776455
0,0.2750938
0,0.27634293
0,0.27880004
0,0.2820127
0,0.27195308
0,0.27951005
0,0.27691868
0,0.2800286
0,0.27252245
0,0.2750482
0,0.33527428
0,0.29317075
0,0.28405863
0,0.27896586
0,0.281777
0,0.28964108
0,0.29863006
0,0.2892861
0,0.29402736
0,0.28269958
0,0.27324995
0,0.2776591
0,0.2814362
0,0.28331986
0,0.2918371
0,0.27547824
0,0.28042254
0,0.28544086
0,0.27178243
0,0.27256805
0,0.26957032
0,0.26474282
0,0.2697391
0,0.27476794
0,0.27841482
0,0.28783226
0,0.2706512
0,0.2720951
0,0.29267213
0,0.2880606
0,0.29292947
0,0.28564256
0,0.28908113
0,0.29300958
0,0.28744698
0,0.28360987
0,0.3044624
0,0.27844068
0,0.28312096
0,0.2797643
0,0.27888295
0,0.27763775
0,0.2831322
0,0.27813038
0,0.27080292
0,0.27826118
0,0.2827276
0,0.29096684
0,0.28559798
0,0.28471735
0,0.28514844
0,0.2790978
0,0.28763673
0,0.28328446
0,0.275484
0,0.27855057
0,0.28129897
0,0.27603856
0,0.27606705
0,0.2725016
0,0.27422726
0,0.27527496
0,0.27970648
0,0.27338228
0,0.26984346
0,0.27335253
0,0.2727043
0,0.27845412
0,0.27334836
0,0.27470797
0,0.27590817
0,0.27942136
0,0.2684779
0,0.2723458
0,0.26522112
0,0.26609004
0,0.2695644
0,0.2658426
0,0.2704631
0,0.26903543
0,0.2678605
0,0.27448374
0,0.27346757
0,0.2749855
0,0.28473118
0,0.27043214
0,0.28075254
0,0.26917282
0,0.2745865
0,0.26999456
0,0.28604302
0,0.2747516
0,0.2807791
0,0.28847355
0,0.28613514
0,0.2880514
0,0.27970216
0,0.28077424
0,0.28419328
0,0.29227322
0,0.2872182
0,0.28057605
0,0.29191118
0,0.28324533
0,0.28427368
0,0.27980125
0,0.28586912
0,0.28390315
0,0.29429495
0,0.28806633
0,0.2950235
0,0.2927957
0,0.28403616
0,0.28547183
0,0.29913455
0,0.28475243
0,0.28078496
0,0.28834236
0,0.29108602
0,0.28628883
0,0.28337476
0,0.28699693
0,0.280816
0,0.2909766
0,0.27963173
0,0.28139648
0,0.27889767
0,0.27092683
0,0.2740961
0,0.27218568
0,0.28661665
0,0.28162834
0,0.28152546
0,0.26472446
0,0.2792421
0,0.28222063
0,0.27765754
0,0.27846196
0,0.27657723
0,0.27295017
0,0.27263954
0,0.27192006
0,0.27333578
0,0.2742399
0,0.26678625
0,0.28093442
0,0.28283522
0,0.27408773
0,0.27241468
0,0.27838877
0,0.27227053
0,0.2696187
0,0.2724858
0,0.2677561
0,0.27694282
0,0.26869336
0,0.2675959
0,0.27436724
0,0.27267745
0,0.28357026
0,0.2687625
0,0.27278224
0,0.2637028
0,0.2695369
0,0.26062664
0,0.2621208
0,0.29434615
0,0.27668485
0,0.27839932
0,0.28484675
0,0.28375572
0,0.2714404
0,0.2755996
0,0.27147713
0,0.28124827
0,0.28790152
0,0.28353673
0,0.28753597
0,0.286671
0,0.28225055
0,0.28877813
0,0.28217387
0,0.28202873
0,0.27380672
0,0.28454146
0,0.29349622
0,0.28105205
0,0.28173015
0,0.2850669
0,0.28232276
0,0.28121677
0,0.28733128
0,0.2832284
0,0.279502
0,0.27459964
0,0.28009495
0,0.27302304
0,0.27926332
0,0.28594387
0,0.2779342
0,0.27811575
0,0.27508238
0,0.27132705
0,0.28194574
0,0.28321227
0,0.2805173
0,0.27824405
0,0.27994883
0,0.2723314
0,0.27733257
0,0.27147272
0,0.27288282
0,0.2839549
0,0.2792617
0,0.2846664
0,0.28038126
0,0.27629632
0,0.2818851
0,0.2843833
0,0.27553916
0,0.27664608
0,0.2765592
0,0.2725314
0,0.2715823
0,0.27790615
0,0.27570936
0,0.27107626
0,0.27865714
0,0.26645464
0,0.26725483
0,0.26156515
0,0.27413586
0,0.26794285
0,0.27609783
0,0.28603828
0,0.28549987
0,0.28112078
0,0.2829586
0,0.27954322
0,0.28528807
0,0.28500354
0,0.2717813
0,0.2766911
0,0.27587864
0,0.27604333
0,0.27529156
0,0.28356925
0,0.27705944
0,0.279994
0,0.2732156
0,0.2872436
0,0.26983264
0,0.27670437
0,0.27792892
0,0.2854733
0,0.27941778
0,0.284358
0,0.28407484
0,0.27648512
0,0.28127477
0,0.2822616
0,0.2824663
0,0.28059107
0,0.29278377
0,0.28319928
0,0.28022292
0,0.29194352
0,0.28513512
0,0.2760169
0,0.27473345
0,0.2755937
0,0.28197572
0,0.28076437
0,0.28367963
0,0.27438983
0,0.2722888
0,0.2762623
0,0.27156243
0,0.2768108
0,0.2704984
0,0.27110848
0,0.2678107
0,0.268973
0,0.26598474
0,0.27097902
0,0.27771205
0,0.28929046
0,0.27867365
0,0.2714812
0,0.2687186
0,0.27284032
0,0.29215404
0,0.27328256
0,0.27466843
0,0.2661924
0,0.27692947
0,0.2650421
0,0.26462385
0,0.28655142
0,0.28186747
0,0.2682536
0,0.28621355
0,0.28560236
0,0.27662966
0,0.28516933
0,0.28699508
0,0.28671885
0,0.2730854
0,0.2851019
0,0.29055437
0,0.28627202
0,0.28411216
0,0.28884178
0,0.3197107
0,0.30844358
0,0.30026606
0,0.29635274
0,0.28320643
0,0.2862083
0,0.27992085
0,0.30104798
0,0.29110688
0,0.28213418
0,0.28113812
0,0.30250314
0,0.29151943
0,0.2938298
0,0.27912343
0,0.28968942
0,0.28132105
0,0.2807684
0,0.2830975
0,0.27952704
0,0.28259373
0,0.27554744
0,0.27974182
0,0.27669978
0,0.27959418
0,0.28260723
0,0.27656236
0,0.27512622
0,0.27298146
0,0.27975678
0,0.27422392
0,0.27569804
0,0.27403125
0,0.27730304
0,0.27666965
0,0.27441105
0,0.2709256
0,0.2713916
0,0.27335718
0,0.3549961
0,0.30291376
0,0.29280582
0,0.28207943
0,0.2839038
0,0.29152375
0,0.2864761
0,0.28100592
0,0.27101174
0,0.28510228
0,0.27054
0,0.2847271
0,0.2790648
0,0.27649218
0,0.27230915
0,0.26763603
0,0.27528998
0,0.2686497
0,0.2947696
0,0.28546736
0,0.2768176
0,0.28987432
0,0.29181066
0,0.29555956
0,0.3012474
0,0.29150832
0,0.29001418
0,0.27620313
0,0.27715674
0,0.2790838
0,0.29257017
0,0.28458655
0,0.29064098
0,0.28954569
0,0.29048252
0,0.2784394
0,0.29499272
0,0.27368852
0,0.27936816
0,0.28726503
0,0.28911275
0,0.27994344
0,0.29029983
0,0.29052025
0,0.28085977
0,0.2877563
0,0.2777414
0,0.3053586
0,0.29320967
0,0.28818873
0,0.27980813
0,0.27709574
0,0.27797705
0,0.28334993
0,0.27936086
0,0.27398095
0,0.27289003
0,0.2756429
0,0.27059585
0,0.29816335
0,0.28699693
0,0.28349194
0,0.2844174
0,0.2814141
0,0.27843845
0,0.27828598
0,0.27216595
0,0.27047092
0,0.27190638
0,0.27738357
0,0.26868868
0,0.26740476
0,0.27052283
0,0.27198547
0,0.2683321
0,0.2782054
0,0.26809236
0,0.27006257
0,0.26946977
0,0.28571504
0,0.27506927
0,0.26789486
0,0.28533095
0,0.295059
0,0.27492788
0,0.27434146
0,0.2840412
0,0.28609103
0,0.2773931
0,0.28483483
0,0.2920979
0,0.28939337
0,0.2898526
0,0.2903432
0,0.28484023
0,0.27579507
0,0.2775536
0,0.28605178
0,0.32656136
0,0.30323115
0,0.29806134
0,0.2976309
0,0.29070297
0,0.28902715
0,0.28482118
0,0.2800163
0,0.27935675
0,0.28136656
0,0.27289653
0,0.28332043
0,0.27794525
0,0.28289995
0,0.29739654
0,0.28531632
0,0.29144686
0,0.28339553
0,0.2858061
0,0.28324583
0,0.28778264
0,0.27817503
0,0.28269273
0,0.2738859
0,0.27928433
0,0.2766407
0,0.28361747
0,0.286185
0,0.29005316
0,0.29236048
0,0.28489324
0,0.2876861
0,0.28370374
0,0.29008308
0,0.27954444
0,0.27243268
0,0.28199884
0,0.28220093
0,0.27475336
0,0.26862955
0,0.27339616
0,0.2668743
0,0.27135324
0,0.26891583
0,0.28169015
0,0.28448367
0,0.2795185
0,0.28525177
0,0.28584194
0,0.2936125
0,0.27387017
0,0.27830037
0,0.28510052
0,0.29372388
0,0.2881238
0,0.28593913
0,0.2968643
0,0.30502185
0,0.2876093
0,0.28633702
0,0.29127905
0,0.27621993
0,0.2872114
0,0.29426417
0,0.27703384
0,0.27750722
0,0.26986778
0,0.27247754
0,0.27136675
0,0.2814609
0,0.2801158
0,0.28411397
0,0.27628067
0,0.2757179
0,0.27246958
0,0.27094594
0,0.2738236
0,0.27530062
0,0.27081448
0,0.27140257
0,0.27510464
0,0.27238202
0,0.2697356
0,0.27351168
0,0.26824847
0,0.2728213
0,0.27388686
0,0.2739139
0,0.26366308
0,0.26527587
0,0.2743871
0,0.27875647
0,0.276395
0,0.27418384
0,0.27451783
0,0.27275756
0,0.29138792
0,0.28956965
0,0.28118417
0,0.2724071
0,0.27825892
0,0.28013033
0,0.27616593
0,0.2837867
0,0.2770236
0,0.26831517
0,0.2803351
0,0.27075145
0,0.27321276
0,0.27449334
0,0.2725794
0,0.2780945
0,0.2732329
0,0.26484707
0,0.2733528
0,0.2829754
0,0.2738639
0,0.26986355
0,0.27021852
0,0.26698846
0,0.2725089
0,0.2722937
0,0.2784054
0,0.28013128
0,0.2824624
0,0.28239435
0,0.27465567
0,0.28020468
0,0.2862117
0,0.2788512
0,0.27801192
0,0.28929287
0,0.28022265
0,0.2815936
0,0.28458756
0,0.27809432
0,0.29485306
0,0.2801892
0,0.28267735
0,0.28123292
0,0.27749163
0,0.28208038
0,0.30204767
0,0.28389284
0,0.29090166
0,0.28302643
0,0.2734821
0,0.28515854
0,0.28284314
0,0.28281766
0,0.27641428
0,0.282478
0,0.29944918
0,0.28715843
0,0.2955997
0,0.2953082
0,0.29321736
0,0.2915407
0,0.28512582
0,0.29140237
0,0.2737727
0,0.2823843
0,0.2978717
0,0.2777108
0,0.27030566
0,0.27225417
0,0.26438516
0,0.2682612
0,0.2763135
0,0.26624754
0,0.2659442
0,0.27275926
0,0.28183421
0,0.28315717
0,0.26883045
0,0.27672273
0,0.27483377
0,0.2848949
0,0.27869198
0,0.2841271
0,0.27845675
0,0.2783153
0,0.2751461
0,0.28093597
0,0.27533367
0,0.2766734
0,0.30355006
0,0.28660232
0,0.2849702
0,0.28538445
0,0.28336522
0,0.28310493
0,0.28208038
0,0.28141487
0,0.2803426
0,0.2845729
0,0.27946907
0,0.28047806
0,0.27377278
0,0.28192234
0,0.2751941
0,0.27280977
0,0.27106306
0,0.2744834
0,0.27340305
0,0.2707622
0,0.26849928
0,0.27725205
0,0.2915049
0,0.29082784
0,0.2981145
0,0.28586084
0,0.29217735
0,0.28403232
0,0.27512196
0,0.28561822
0,0.2996983
0,0.28075126
0,0.28949878
0,0.28137264
0,0.30214527
0,0.29625732
0,0.27865565
0,0.27960753
0,0.2745544
0,0.28048146
0,0.26819825
0,0.27705675
0,0.28159586
0,0.28662097
0,0.28177738
0,0.27580354
0,0.27719307
0,0.29128274
0,0.27612615
0,0.286276
0,0.28193316
0,0.28000748
0,0.28137934
0,0.2747056
0,0.28250295
0,0.29400894
0,0.2928362
0,0.2837458
0,0.28836966
0,0.28928757
0,0.28788206
0,0.2920196
0,0.29091668
0,0.28954914
0,0.28636014
0,0.28645694
0,0.2815888
0,0.2835685
0,0.27761403
0,0.28550136
0,0.29111117
0,0.2810875
0,0.28178424
0,0.27709326
0,0.27366018
0,0.27832526
0,0.27826828
0,0.27441096
0,0.27650115
0,0.27816775
0,0.2732258
0,0.28133893
0,0.27372548
0,0.2865066
0,0.2799024
0,0.2748931
0,0.27993074
0,0.27731174
0,0.2761943
0,0.2807119
0,0.2723323
0,0.27373263
0,0.27373654
0,0.27855003
0,0.28560793
0,0.27408236
0,0.27562556
0,0.27534288
0,0.27340955
0,0.2850053
0,0.27093026
0,0.28021386
0,0.2668465
0,0.2824648
0,0.2740068
0,0.2683031
0,0.2794609
0,0.27841482
0,0.27263173
0,0.26922232
0,0.27903286
0,0.27801397
0,0.2670883
0,0.28073972
0,0.29083404
0,0.27376768
0,0.27135804
0,0.26662588
0,0.27670294
0,0.27823532
0,0.27649096
0,0.28380445
0,0.2831039
0,0.2788532
0,0.2771516
0,0.2687381
0,0.27794212
0,0.27092335
0,0.2780286
0,0.28592783
0,0.27888477
0,0.28325087
0,0.28312147
0,0.2688627
0,0.28962195
0,0.29335618
0,0.28134286
0,0.2759446
0,0.27978858
0,0.28251842
0,0.27691466
0,0.2808312
0,0.28417686
0,0.2841881
0,0.28160545
0,0.2792317
0,0.28760925
0,0.27906585
0,0.2789546
0,0.28036484
0,0.27454925
0,0.2784061
0,0.28080034
0,0.27964008
0,0.27773884
0,0.28812808
0,0.28408587
0,0.28243616
0,0.29196241
0,0.28859368
0,0.28668946
0,0.28944638
0,0.28340802
0,0.30715
0,0.28356358
0,0.28477177
0,0.27972752
0,0.2786355
0,0.28781942
0,0.2808649
0,0.27216962
0,0.27588713
0,0.27990788
0,0.27255556
0,0.27267215
0,0.2729342
0,0.26614752
0,0.2657717
0,0.26311067
0,0.27141288
0,0.27403435
0,0.27558616
0,0.27700615
0,0.28162706
0,0.288416
0,0.27552402
0,0.27604637
0,0.27368492
0,0.2645369
0,0.26784286
0,0.26048535
0,0.26163292
0,0.27296105
0,0.27415416
0,0.27495775
0,0.27452752
0,0.28389135
0,0.28105727
0,0.2794078
0,0.27471474
0,0.27977142
0,0.2788796
0,0.27506432
0,0.27026364
0,0.27172005
0,0.2628081
0,0.26528397
0,0.2701662
0,0.27445313
0,0.2765521
0,0.2722876
0,0.2789754
0,0.2861711
0,0.28465635
0,0.29081315
0,0.28647393
0,0.28729454
0,0.2856812
0,0.290762
0,0.2814414
0,0.28168073
0,0.27776814
0,0.29060262
0,0.29668966
0,0.28650174
0,0.28990686
0,0.27806678
0,0.2772543
0,0.29187393
0,0.28815958
0,0.27651522
0,0.2792168
0,0.28839868
0,0.27767763
0,0.2722388
0,0.2760462
0,0.28935423
0,0.28127807
0,0.28818443
0,0.2811889
0,0.27295786
0,0.27139688
0,0.2717796
0,0.26884604
0,0.27455327
0,0.281561
0,0.28060088
0,0.2842863
0,0.47031024
0,0.36661983
0,0.33561298
0,0.33613583
0,0.304465
0,0.2890202
0,0.28280392
0,0.28609794
0,0.28260174
0,0.28041235
0,0.2849297
0,0.28718567
0,0.2834559
0,0.27228343
0,0.27630854
0,0.27162975
0,0.27426553
0,0.27522904
0,0.26894313
0,0.270513
0,0.2919036
0,0.28418437
0,0.272128
0,0.2639802
0,0.26991075
0,0.26017755
0,0.2719153
0,0.2703554
0,0.2781779
0,0.28033847
0,0.2772058
0,0.28133658
0,0.27609393
0,0.28425938
0,0.28246158
0,0.27790692
0,0.28517807
0,0.27590954
0,0.28594604
0,0.2777725
0,0.27496973
0,0.28013042
0,0.28353179
0,0.27654952
0,0.27861342
0,0.2741055
0,0.27638257
0,0.28663677
0,0.28080195
0,0.29923025
0,0.29053375
0,0.28660646
0,0.2829094
0,0.29340544
0,0.27838692
0,0.27979898
0,0.2783453
0,0.27859363
0,0.28059056
0,0.27397466
0,0.2864592
0,0.27480006
0,0.28616944
0,0.28009737
0,0.2769436
0,0.27153352
0,0.26887104
0,0.28676435
0,0.28283748
0,0.2848875
0,0.2780392
0,0.2713167
0,0.28282836
0,0.2975649
0,0.29272428
0,0.27414382
0,0.29058415
0,0.27392107
0,0.29857764
0,0.29190853
0,0.27521127
0,0.27966604
0,0.3903815
0,0.31133983
0,0.31331104
0,0.2973452
0,0.2804926
0,0.28638247
0,0.27647376
0,0.2819398
0,0.292452
0,0.28216082
0,0.288842
0,0.2806469
0,0.27871367
0,0.28931266
0,0.29432052
0,0.28172305
0,0.2834241
0,0.27247456
0,0.27432847
0,0.28053823
0,0.27510488
0,0.28089005
0,0.28011635
0,0.27431542
0,0.27453333
0,0.267323
0,0.2739235
0,0.2737917
0,0.28465086
0,0.27824464
0,0.2865963
0,0.27517658
0,0.2818717
0,0.27347606
0,0.27170637
0,0.2772733
0,0.28999522
0,0.28388616
0,0.27554846
0,0.29571986
0,0.2875963
0,0.29637137
0,0.29630837
0,0.29031858
0,0.2964685
0,0.27980697
0,0.28466755
0,0.2883215
0,0.2752116
0,0.27117303
0,0.28748152
0,0.29974043
0,0.2830933
0,0.28806815
0,0.28589717
0,0.28097913
0,0.2719042
0,0.28543058
0,0.2796033
0,0.26949236
0,0.2809222
0,0.282589
0,0.28227684
0,0.27884775
0,0.28394508
0,0.28440362
0,0.27938575
0,0.27741045
0,0.30633014
0,0.28631818
0,0.28577352
0,0.28913912
0,0.27679917
0,0.27848324
0,0.28554985
0,0.27524006
0,0.28108808
0,0.27961376
0,0.27939436
0,0.27912232
0,0.28200066
0,0.27445468
0,0.28484336
0,0.27938688
0,0.2820208
0,0.27569544
0,0.28467697
0,0.27844694
0,0.28142837
0,0.27522305
0,0.27900043
0,0.28774706
0,0.27836326
0,0.2882744
0,0.2850394
0,0.29114875
0,0.28467327
0,0.30069423
0,0.28316754
0,0.29075396
0,0.28414592
0,0.28621864
0,0.28636542
0,0.27583832
0,0.2777353
0,0.28551435
0,0.29586118
0,0.28831962
0,0.28729874
0,0.28510928
0,0.4334362
0,0.347945
0,0.32675105
0,0.31357175
0,0.3018564
0,0.2892164
0,0.28578418
0,0.27335793
0,0.29453635
0,0.28906086
0,0.29203328
0,0.28962767
0,0.28112665
0,0.28576514
0,0.27383944
0,0.27734473
0,0.2693714
0,0.26770815
0,0.27767015
0,0.27271065
0,0.26953915
0,0.26301166
0,0.26454735
0,0.2732138
0,0.2745094
0,0.27440435
0,0.27617878
0,0.27437785
0,0.2814942
0,0.28749794
0,0.27997825
0,0.28739837
0,0.2864775
0,0.28054678
0,0.29559022
0,0.28471288
0,0.28521577
0,0.2901712
0,0.2893834
0,0.281506
0,0.28496274
0,0.27878496
0,0.27706382
0,0.27517822
0,0.27938426
0,0.28044483
0,0.27619094
0,0.2743801
0,0.278291
0,0.27953094
0,0.27983192
0,0.27632594
0,0.27385435
0,0.2718121
0,0.28420904
0,0.28003016
0,0.2742383
0,0.27208993
0,0.27024707
0,0.27403075
0,0.28411692
0,0.27486327
0,0.2760229
0,0.275816
0,0.27597442
0,0.27655268
0,0.28060123
0,0.28182313
0,0.28288063
0,0.28004986
0,0.27304727
0,0.27212137
0,0.2684999
0,0.26750973
0,0.27739915
0,0.28227904
0,0.27106622
0,0.2775974
0,0.28613338
0,0.29419962
0,0.2746133
0,0.28745878
0,0.29428902
0,0.29334307
0,0.28230533
0,0.28952134
0,0.30007714
0,0.29701823
0,0.29079762
0,0.27737904
0,0.28296283
0,0.2806304
0,0.2906197
0,0.2783327
0,0.27534482
0,0.27851313
0,0.27296597
0,0.26623675
0,0.27821997
0,0.27630574
0,0.275012
0,0.2794231
0,0.26762435
0,0.2785115
0,0.27082568
0,0.27548346
0,0.2759006
0,0.27531293
0,0.28039655
0,0.28045237
0,0.28746754
0,0.27973768
0,0.28788218
0,0.2793459
0,0.28241724
0,0.27854636
0,0.2772603
0,0.27451032
0,0.27868852
0,0.27881035
0,0.27542168
0,0.27799907
0,0.28283024
0,0.27475208
0,0.2757045
0,0.28176275
0,0.2772199
0,0.27274886
0,0.27290043
0,0.26991713
0,0.27953407
0,0.28031036
0,0.2885352
0,0.27760875
0,0.27470857
0,0.27118745
0,0.27111393
0,0.28411442
0,0.27906078
0,0.27188733
0,0.31885034
0,0.30240968
0,0.29081875
0,0.28831047
0,0.28011954
0,0.27424693
0,0.2814919
0,0.28674203
0,0.28535858
0,0.28872624
0,0.3398586
0,0.293098
0,0.3004787
0,0.2802421
0,0.29802656
0,0.29315218
0,0.2934746
0,0.28642538
0,0.30654153
0,0.2840704
0,0.2765216
0,0.26802552
0,0.28214362
0,0.27156883
0,0.27560028
0,0.27546173
0,0.277094
0,0.2802823
0,0.2704236
0,0.2734968
0,0.267008
0,0.27503732
0,0.27089378
0,0.28165507
0,0.26992318
0,0.27720025
0,0.2869941
0,0.28831336
0,0.28799725
0,0.27918315
0,0.2701681
0,0.2809254
0,0.28400445
0,0.2893367
0,0.2772742
0,0.28351808
0,0.2818509
0,0.28006455
0,0.2769771
0,0.28175905
0,0.28253445
0,0.27521315
0,0.27770224
0,0.27100617
0,0.29426393
0,0.28263712
0,0.2851629
0,0.2911207
0,0.28222334
0,0.29526794
0,0.29286093
0,0.27982205
0,0.28374538
0,0.29346886
0,0.28257197
0,0.29441023
0,0.28694612
0,0.29740563
0,0.28712693
0,0.27587688
0,0.27561128
0,0.27377728
0,0.2767639
0,0.27694857
0,0.29110572
0,0.28358933
0,0.27668014
0,0.27981555
0,0.27358776
0,0.2769876
0,0.28031757
0,0.26828054
0,0.27703097
0,0.2769799
0,0.27051148
0,0.27462545
0,0.28469735
0,0.2841374
0,0.28994897
0,0.28064135
0,0.27487898
0,0.270098
0,0.26671684
0,0.27136004
0,0.2702205
0,0.2770024
0,0.26678228
0,0.2718399
0,0.26964802
0,0.283603
0,0.2875038
1,0.28898343
1,0.28367794
1,0.27876222
1,0.28562388
1,0.28792077
1,0.2727436
1,0.2792714
1,0.28799543
1,0.27851868
1,0.28928462
1,0.278488
1,0.28451008
1,0.27659312
1,0.28938374
1,0.27824295
0,0.8394203
0,0.93565863
0,0.84188193
0,0.80179983
0,0.75845313
0,0.6771008
0,0.5929284
0,0.47758067
0,0.38823777
0,0.33147702
0,0.26656643
0,0.21401839
0,0.17872018
0,0.15931983
0,0.14124724
0,0.13060838
0,0.12518166
0,0.12053455
0,0.119265154
0,0.12180164
0,0.121430956
0,0.12557699
0,0.1263322
0,0.13054234
0,0.13969094
0,0.155249
0,0.16704325
0,0.18822865
0,0.19752456
0,0.20622323
0,0.2643287
0,0.2631008
0,0.2559074
0,0.26086965
0,0.27345023
0,0.2668907
0,0.2725582
0,0.2608475
0,0.2555442
0,0.24938424
0,0.26261368
0,0.26027358
0,0.26290938
0,0.2619202
0,0.26802987
0,0.25710344
0,0.2623562
0,0.2508201
0,0.26347205
0,0.26045126
0,0.26177016
0,0.25050408
0,0.25785768
0,0.24754335
0,0.25758344
0,0.25712618
0,0.25807256
0,0.2575602
0,0.24835588
0,0.25380087
0,0.24933077
0,0.25237587
0,0.26087144
0,0.25693068
0,0.24744904
0,0.25169933
0,0.25370634
0,0.25314176
0,0.25446343
0,0.25292623
0,0.26297683
0,0.2554427
0,0.25538236
0,0.25320658
0,0.2532946
0,0.25196135
0,0.25192952
0,0.25059468
0,0.25121886
0,0.2497631
0,0.25002995
0,0.24875903
0,0.24948852
0,0.24792236
0,0.24340412
0,0.24446292
0,0.24612376
0,0.24483055
0,0.24595119
0,0.25942144
0,0.25154117
0,0.24853918
0,0.2480208
0,0.2453717
0,0.24566442
0,0.25385544
0,0.25310543
0,0.2571597
0,0.2508111
0,0.2458807
0,0.25310627
0,0.2560248
0,0.24983026
0,0.25544474
0,0.2646782
0,0.2608076
0,0.25317213
0,0.25743425
0,0.25098255
0,0.25531077
0,0.25943324
0,0.24794911
0,0.24735413
0,0.25241545
0,0.25822422
0,0.26080593
0,0.26226005
0,0.2591524
0,0.25118518
0,0.25391504
0,0.25793168
0,0.25618374
0,0.258758
0,0.25646275
0,0.26224947
0,0.2565839
0,0.2487406
0,0.25158623
0,0.25577962
0,0.2534022
0,0.24588305
0,0.24921553
0,0.25653914
0,0.25253013
0,0.25469667
0,0.2524781
0,0.26249838
0,0.25542855
0,0.26263353
0,0.25558972
0,0.25592726
0,0.25313535
0,0.26308683
0,0.255112
0,0.25578976
0,0.25246558
0,0.25265932
0,0.24990293
0,0.2520811
0,0.25996503
0,0.25507742
0,0.2622087
0,0.25661227
0,0.2520595
0,0.25227702
0,0.24933337
0,0.25080833
0,0.25819674
0,0.252906
0,0.2601967
0,0.25421435
0,0.26454034
0,0.25763655
0,0.26296696
0,0.25628048
0,0.25118205
0,0.25128752
0,0.26227623
0,0.25393105
0,0.25935003
0,0.26400414
0,0.26281208
0,0.26590952
0,0.26474854
0,0.25596917
0,0.25054392
0,0.24946333
0,0.24539523
0,0.24524254
0,0.25193867
0,0.2569182
0,0.24684268
0,0.2558008
0,0.246146
0,0.2552366
0,0.25595716
0,0.25862485
0,0.25810796
0,0.24967253
0,0.25495064
0,0.25794548
0,0.2568532
0,0.25449452
0,0.2548014
0,0.24689952
0,0.25227144
0,0.24495444
0,0.24974091
0,0.24280363
0,0.25137886
0,0.25281808
0,0.25138482
0,0.2575531
0,0.25335178
0,0.25932643
0,0.26565453
0,0.26115772
0,0.2574547
0,0.25797862
0,0.2552579
0,0.2559925
0,0.25329158
0,0.2549184
0,0.2516462
0,0.25389662
0,0.25042662
0,0.2530711
0,0.2603954
0,0.26140738
0,0.2650785
0,0.25922936
0,0.26432702
0,0.259063
0,0.26387402
0,0.25901398
0,0.2540057
0,0.25485972
0,0.26112312
0,0.25624612
0,0.25099537
0,0.2523389
0,0.2591923
0,0.25431737
0,0.24982539
0,0.25213447
0,0.24776947
0,0.24877776
0,0.25615066
0,0.25628954
0,0.25944132
0,0.25368646
0,0.2588049
0,0.25328746
0,0.25796685
0,0.25322616
0,0.24848916
0,0.24891087
0,0.25489068
0,0.25008422
0,0.24444807
0,0.24622403
0,0.24103223
0,0.24344952
0,0.23910084
0,0.24159782
0,0.24776249
0,0.2553364
0,0.25379053
0,0.24850819
0,0.25242743
0,0.24783488
0,0.25129336
0,0.2570783
0,0.25495481
0,0.25986385
0,0.26769552
0,0.26576155
0,0.2608224
0,0.26347464
0,0.25862882
0,0.25183544
0,0.25322416
0,0.25824708
0,0.25465247
0,0.2593736
0,0.25509194
0,0.2629537
0,0.2558644
0,0.25984335
0,0.25540143
0,0.2483258
0,0.25054392
0,0.24499549
0,0.24722657
0,0.25287798
0,0.25977954
0,0.24826267
0,0.24901104
0,0.25403187
0,0.24928865
0,0.25378263
0,0.24962763
0,0.2539553
0,0.24895024
0,0.25294667
0,0.25817493
0,0.25564316
0,0.24942273
0,0.25202906
0,0.24692994
0,0.25103143
0,0.24567182
0,0.2499563
0,0.2442367
0,0.24853161
0,0.2426701
0,0.2581337
0,0.25366113
0,0.2530026
0,0.24516197
0,0.2490468
0,0.25252005
0,0.26801553
0,0.26155326
0,0.2569108
0,0.258151
0,0.25425303
0,0.2567207
0,0.25297627
0,0.2547278
0,0.25168875
0,0.2549895
0,0.25124356
0,0.2530163
0,0.26124772
0,0.25654733
0,0.2521157
0,0.2533101
0,0.2607617
0,0.2560333
0,0.2521739
0,0.2529273
0,0.2602152
0,0.2551095
0,0.26149565
0,0.25561473
0,0.26134095
0,0.2556366
0,0.2503916
0,0.25095677
0,0.25752854
0,0.25278577
0,0.25816384
0,0.25242195
0,0.25856167
0,0.2674941
0,0.26416078
0,0.26663268
0,0.2597244
0,0.2547832
0,0.24925573
0,0.25906906
0,0.2591359
0,0.26236898
0,0.26122728
0,0.26331237
0,0.26208022
0,0.26387575
0,0.2620271
0,0.25735202
0,0.25936794
0,0.26141745
0,0.26017177
0,0.2510226
0,0.26131988
0,0.26077157
0,0.2599722
0,0.25083897
0,0.2555841
0,0.24754645
0,0.267266
0,0.26114258
0,0.25867128
0,0.24939898
0,0.25334293
0,0.25563413
0,0.25670353
0,0.24604869
0,0.25046843
0,0.25343686
0,0.25264135
0,0.26597983
0,0.2571644
0,0.25728545
0,0.25453165
0,0.2550452
0,0.25282192
0,0.2540099
0,0.2516839
0,0.25256324
0,0.25094754
0,0.25138846
0,0.24937372
0,0.25113976
0,0.24933624
0,0.24991074
0,0.24779858
0,0.24882872
0,0.2580312
0,0.2540492
0,0.24988541
0,0.2536473
0,0.25984517
0,0.25821152
0,0.2630618
0,0.25606892
0,0.2622867
0,0.2549953
0,0.26141626
0,0.26482797
0,0.2701986
0,0.26918146
0,0.2670998
0,0.26894847
0,0.26439366
0,0.25680056
0,0.2610357
0,0.2643718
0,0.25256693
0,0.25048453
0,0.25586027
0,0.26059493
0,0.25945625
0,0.26244327
0,0.26110306
0,0.26333326
0,0.26101163
0,0.2522171
0,0.24539563
0,0.24478573
0,0.25048962
0,0.24427576
0,0.24898991
0,0.24320234
0,0.2480965
0,0.2528605
0,0.25154847
0,0.24506235
0,0.24852455
0,0.25187278
0,0.24964745
0,0.25221235
0,0.2496465
0,0.2523929
0,0.2498884
0,0.25237858
0,0.24937643
0,0.25223055
0,0.24932364
0,0.2519042
0,0.24857499
0,0.25082615
0,0.25842825
0,0.2543703
0,0.2502637
0,0.25492278
0,0.2603688
0,0.2547252
0,0.2611245
0,0.25523877
0,0.26156265
0,0.2556439
0,0.26140863
0,0.25679204
0,0.25152445
0,0.25147623
0,0.24702093
0,0.2588263
0,0.26166767
0,0.2537635
0,0.259708
0,0.2532717
0,0.25872535
0,0.25225148
0,0.25897127
0,0.26284108
0,0.2703126
0,0.26840094
0,0.26607552
0,0.26768908
0,0.2543529
0,0.25212705
0,0.2569444
0,0.2607109
0,0.24969858
0,0.2481918
0,0.25332254
0,0.24706936
0,0.2525962
0,0.248216
0,0.25242975
0,0.2559577
0,0.25497848
0,0.257954
0,0.25664866
0,0.24859296
0,0.25235355
0,0.25583392
0,0.25402507
0,0.24659064
0,0.2504039
0,0.243603
0,0.2480927
0,0.25200468
0,0.2403118
0,0.24889229
0,0.24744974
0,0.24995826
0,0.24854283
0,0.25085545
0,0.24861757
0,0.25223687
0,0.24951948
0,0.25105634
0,0.25420043
0,0.25145847
0,0.2545415
0,0.25340974
0,0.2608567
0,0.2556311
0,0.26208696
0,0.25596568
0,0.26580298
0,0.2575182
0,0.24968685
0,0.2514889
0,0.24754778
0,0.24865898
0,0.24514581
0,0.25124863
0,0.25635383
0,0.2511088
0,0.25734589
0,0.2516305
0,0.24761324
0,0.2581657
0,0.26205137
0,0.26414797
0,0.25263903
0,0.26173702
0,0.26080966
0,0.26412892
0,0.2622519
0,0.26963937
0,0.25369313
0,0.26195952
0,0.26053002
0,0.25253308
0,0.24620777
0,0.24590611
0,0.25470164
0,0.24685395
0,0.25555027
0,0.2587301
0,0.26105052
0,0.26218897
0,0.26302847
0,0.26302204
0,0.2599101
0,0.2512044
0,0.26078644
0,0.2694811
0,0.26054037
0,0.26960638
0,0.2619682
0,0.25582287
0,0.25663596
0,0.25799263
0,0.25560832
0,0.25701502
0,0.25490102
0,0.26745433
0,0.25846365
0,0.26970688
0,0.25991204
0,0.25980923
0,0.25630096
0,0.33463925
0,0.2848635
0,0.27632642
0,0.27166498
0,0.26667607
0,0.25969478
0,0.26315024
0,0.25717282
0,0.25679094
0,0.25330466
0,0.25359583
0,0.26178464
0,0.256659
0,0.2567378
0,0.25427723
0,0.26224625
0,0.25580344
0,0.2624765
0,0.25585294
0,0.26444897
0,0.25636867
0,0.26283175
0,0.2560987
0,0.2528486
0,0.2536644
0,0.24923627
0,0.25380647
0,0.2585825
0,0.25321513
0,0.2486028
0,0.24751128
0,0.25530696
0,0.25051346
0,0.25648654
0,0.2510113
0,0.24636014
0,0.24628608
0,0.24265818
0,0.25397322
0,0.25542268
0,0.24966171
0,0.24441044
0,0.25497285
0,0.24449076
0,0.2596985
0,0.26002303
0,0.26216707
0,0.2597905
0,0.2516767
0,0.25513157
0,0.26387188
0,0.2606737
0,0.26307324
0,0.27597314
0,0.25805175
0,0.25975317
0,0.26672745
0,0.26442245
0,0.26419097
0,0.26118642
0,0.26277417
0,0.25968865
0,0.26171595
0,0.24785079
0,0.24975218
0,0.25209916
0,0.26097193
0,0.2559388
0,0.25867185
0,0.2707447
0,0.2647478
0,0.25959373
0,0.25057185
0,0.26733792
0,0.2621201
0,0.25675574
0,0.25659472
0,0.2534189
0,0.2563791
0,0.2527318
0,0.259717
0,0.2639875
0,0.26023707
0,0.2660991
0,0.2610597
0,0.2656258
0,0.26093078
0,0.2549568
0,0.256912
0,0.2628475
0,0.25846642
0,0.25292817
0,0.2597011
0,0.2524094
0,0.25449777
0,0.2519005
0,0.25468725
0,0.25904027
0,0.25605038
0,0.2604488
0,0.25653613
0,0.2608394
0,0.25678247
0,0.25071952
0,0.25219563
0,0.2580546
0,0.25393382
0,0.26771554
0,0.25794446
0,0.260452
0,0.25544968
0,0.29475024
0,0.26860836
0,0.2675444
0,0.26375875
0,0.26355183
0,0.2673968
0,0.26326504
0,0.25704485
0,0.2589329
0,0.26383194
0,0.26071244
0,0.26762176
0,0.2621081
0,0.2555099
0,0.25728965
0,0.26287723
0,0.26298738
0,0.26516625
0,0.25987455
0,0.26378548
0,0.2588684
0,0.26247558
0,0.2599611
0,0.26255962
0,0.2580388
0,0.26157457
0,0.27625006
0,0.26808193
0,0.26105675
0,0.2524615
0,0.25296375
0,0.24644445
0,0.2491136
0,0.24349993
0,0.24688065
0,0.25154924
0,0.24854185
0,0.24257699
0,0.24548551
0,0.25027326
0,0.24788491
0,0.25178388
0,0.25281763
0,0.25318936
0,0.25992522
0,0.26074573
0,0.2526599
0,0.25389987
0,0.24954334
0,0.25114098
0,0.25775522
0,0.25453177
0,0.24908061
0,0.24961549
0,0.25601763
0,0.2518415
0,0.24561484
0,0.24818
0,0.25838232
0,0.25186902
0,0.2502636
0,0.24910697
0,0.24768497
0,0.24752219
0,0.25236472
0,0.2641773
0,0.25959736
0,0.2688093
0,0.26281464
0,0.2559837
0,0.2480915
0,0.25925794
0,0.2569486
0,0.26227838
0,0.25849175
0,0.26263934
0,0.2585924
0,0.2566358
0,0.25588048
0,0.26123244
0,0.25740466
0,0.26156893
0,0.25693458
0,0.26124564
0,0.27183783
0,0.26674995
0,0.26071215
0,0.26342583
0,0.26019996
0,0.25548282
0,0.25442448
0,0.25826505
0,0.2553561
0,0.24787755
0,0.24987204
0,0.2438316
0,0.24661486
0,0.25128707
0,0.24871032
0,0.2526472
0,0.25049707
0,0.2527706
0,0.2498236
0,0.25425124
0,0.26999888
0,0.25981766
0,0.26554346
0,0.25943086
0,0.25414798
0,0.2552964
0,0.26527762
0,0.26243058
0,0.25464693
0,0.25460455
0,0.24969947
0,0.26146942
0,0.25124067
0,0.25165436
0,0.25781488
0,0.25277933
0,0.24771558
0,0.24903816
0,0.25513056
0,0.25086755
0,0.25663364
0,0.25207904
0,0.25690004
0,0.25225383
0,0.25675797
0,0.26185855
0,0.26004523
0,0.25832734
0,0.2625878
0,0.2540983
0,0.25744715
0,0.26144648
0,0.258942
0,0.263999
0,0.25968957
0,0.2633026
0,0.25917464
0,0.26381308
0,0.27444494
0,0.26903984
0,0.26295042
0,0.25464204
0,0.25707722
0,0.26100418
0,0.2717008
0,0.26659
0,0.2606211
0,0.26392666
0,0.25807258
0,0.25122982
0,0.2526271
0,0.24719082
0,0.24990012
0,0.25534213
0,0.25169966
0,0.2490173
0,0.24897939
0,0.24357748
0,0.24641229
0,0.25177824
0,0.24376862
0,0.25128
0,0.24840437
0,0.25256738
0,0.2490482
0,0.2553019
0,0.24989668
0,0.2528985
0,0.24843442
0,0.25190112
0,0.24966516
0,0.2517679
0,0.24761619
0,0.25000286
0,0.24573007
0,0.2495895
0,0.24510083
0,0.24731481
0,0.24358587
0,0.24658388
0,0.25374037
0,0.25009462
0,0.2564593
0,0.2513462
0,0.25695124
0,0.25203377
0,0.25709713
0,0.25266466
0,0.24649075
0,0.2441677
0,0.25160834
0,0.24827853
0,0.2536992
0,0.2490628
0,0.25353193
0,0.24836014
0,0.25297812
0,0.24795783
0,0.252597
0,0.24713446
0,0.25164568
0,0.25936463
0,0.2563533
0,0.26008284
0,0.25759274
0,0.2498335
0,0.25331128
0,0.2579087
0,0.25536144
0,0.2524997
0,0.25286222
0,0.25719887
0,0.25368574
0,0.25763163
0,0.25347176
0,0.25701287
0,0.2524734
0,0.2558364
0,0.25341117
0,0.2465735
0,0.24773915
0,0.24208747
0,0.25545558
0,0.24768497
0,0.24684009
0,0.25128248
0,0.2473941
0,0.251973
0,0.2580431
0,0.25570723
0,0.25000286
0,0.26147774
0,0.2507016
0,0.25367004
0,0.2588789
0,0.25574517
0,0.24935675
0,0.25178474
0,0.24575719
0,0.2552233
0,0.25701308
0,0.25414872
0,0.25759447
0,0.25420785
0,0.25768432
0,0.25970626
0,0.26425925
0,0.2571367
0,0.25958747
0,0.25524583
0,0.24749805
0,0.24972805
0,0.25379178
0,0.2509389
0,0.2439819
0,0.24631234
0,0.25107613
0,0.2594932
0,0.25674438
0,0.2562116
0,0.25696418
0,0.25215206
0,0.25635538
0,0.25131875
0,0.25394332
0,0.25037047
0,0.25316203
0,0.24967645
0,0.2520043
0,0.25923988
0,0.25525096
0,0.26140174
0,0.2563579
0,0.25103095
0,0.25230497
0,0.25838938
0,0.25433755
0,0.2599955
0,0.2543515
0,0.26017895
0,0.25422487
0,0.24953566
0,0.2492219
0,0.24416894
0,0.24673602
0,0.25964162
0,0.26250085
0,0.25129893
0,0.25013018
0,0.25632095
0,0.26087677
0,0.2650276
0,0.25422338
0,0.24865161
0,0.25784698
0,0.26390004
0,0.26377296
0,0.26544753
0,0.25451276
0,0.25237417
0,0.2483879
0,0.25366712
0,0.257478
0,0.26130965
0,0.26139766
0,0.26137102
0,0.26224473
0,0.26014984
0,0.2644006
0,0.26019529
0,0.26180357
0,0.259177
0,0.26072836
0,0.25791872
0,0.25973377
0,0.26684484
0,0.26210135
0,0.258397
0,0.2594748
0,0.25648552
0,0.2572814
0,0.2607214
0,0.2581993
0,0.25539073
0,0.2597555
0,0.2594286
0,0.2576319
0,0.25421453
0,0.25533795
0,0.2601471
0,0.26057264
0,0.25442505
0,0.25545847
0,0.26186395
0,0.25684556
0,0.2520266
0,0.25322407
0,0.2643578
0,0.25846398
0,0.26317394
0,0.26511887
0,0.2656233
0,0.2586716
0,0.2632666
0,0.25718063
0,0.25157803
0,0.25217825
0,0.24766126
0,0.24903767
0,0.24519481
0,0.24683596
0,0.25793803
0,0.25123185
0,0.2568638
0,0.26201883
0,0.26096871
0,0.26891634
0,0.26519388
0,0.2566975
0,0.26057604
0,0.2539859
0,0.24793464
0,0.24790166
0,0.24299471
0,0.2437603
0,0.24022609
0,0.25196633
0,0.2635164
0,0.26190513
0,0.2642192
0,0.25346625
0,0.25688097
0,0.24980882
0,0.25387976
0,0.2614555
0,0.25849822
0,0.25016153
0,0.2542428
0,0.25715294
0,0.26702344
0,0.26249596
0,0.26006567
0,0.25008586
0,0.25430375
0,0.2560131
0,0.25703573
0,0.25725684
0,0.25507483
0,0.25650975
0,0.25403094
0,0.25662827
0,0.25411502
0,0.25568926
0,0.25369534
0,0.2553965
0,0.25283554
0,0.25501904
0,0.2525909
0,0.25264904
0,0.25132924
0,0.2614855
0,0.25376645
0,0.25428766
0,0.25212792
0,0.2524414
0,0.2534318
0,0.25300545
0,0.25088224
0,0.2508133
0,0.24885431
0,0.2491898
0,0.26186714
0,0.26900303
0,0.25674272
0,0.25452772
0,0.26174548
0,0.2545316
0,0.26144636
0,0.25378054
0,0.25065154
0,0.26068902
0,0.25033918
0,0.24928008
0,0.2465935
0,0.26078537
0,0.2504808
0,0.24885389
0,0.25616845
0,0.24977359
0,0.2598645
0,0.25359756
0,0.24763432
0,0.24693482
0,0.2540604
0,0.24782991
0,0.2545759
0,0.24857472
0,0.2440015
0,0.2546301
0,0.24529545
0,0.24451008
0,0.24028733
0,0.23987071
0,0.24752077
0,0.25230375
0,0.25250125
0,0.24560176
0,0.25412413
0,0.25580758
0,0.25457478
0,0.24604307
0,0.25038534
0,0.2534484
0,0.25242585
0,0.24406016
0,0.24813421
0,0.24088472
0,0.24585453
0,0.23956062
0,0.24402893
0,0.24797705
0,0.24769104
0,0.25048858
0,0.24869423
0,0.26035887
0,0.2529458
0,0.25384983
0,0.25112376
0,0.25259545
0,0.25643882
0,0.25484794
0,0.25101382
0,0.25247607
0,0.24914761
0,0.25082266
0,0.24843296
0,0.25417718
0,0.24924985
0,0.25023448
0,0.24813144
0,0.24951854
0,0.2577932
0,0.25269452
0,0.24881858
0,0.24977386
0,0.2567867
0,0.2525156
0,0.25826424
0,0.2537261
0,0.24816675
0,0.24954914
0,0.25619653
0,0.25151452
0,0.25707072
0,0.25179368
0,0.24604273
0,0.24792643
0,0.24439546
0,0.24577735
0,0.25642237
0,0.24998498
0,0.24617401
0,0.24741349
0,0.2428629
0,0.2546709
0,0.25449833
0,0.24971272
0,0.2539595
0,0.2598837
0,0.25743842
0,0.26264584
0,0.25852585
0,0.26302785
0,0.26268142
0,0.26901025
0,0.26163876
0,0.2643227
0,0.25898945
0,0.26682177
0,0.259531
0,0.2521671
0,0.2536395
0,0.25832585
0,0.25427547
0,0.24765092
0,0.25013074
0,0.25520316
0,0.25173032
0,0.24570036
0,0.2480811
0,0.25328222
0,0.2497411
0,0.2544523
0,0.25169268
0,0.25485837
0,0.25101256
0,0.2548598
0,0.26154506
0,0.258681
0,0.25281933
0,0.25582013
0,0.2564506
0,0.25663874
0,0.25093082
0,0.25364757
0,0.25905526
0,0.25586414
0,0.26008505
0,0.25610748
0,0.2613681
0,0.25648516
0,0.2608099
0,0.25622115
0,0.25952414
0,0.25549585
0,0.25994
0,0.25494313
0,0.25888824
0,0.25435954
0,0.26443347
0,0.25605497
0,0.25983334
0,0.25497854
0,0.25837716
0,0.25329098
0,0.24790591
0,0.24904405
0,0.2430058
0,0.2559571
0,0.25503138
0,0.26107275
0,0.25832534
0,0.2524082
0,0.25550574
0,0.25043896
0,0.2533671
0,0.25961226
0,0.25568947
0,0.25038216
0,0.25339466
0,0.24841608
0,0.25195554
0,0.24678177
0,0.25077614
0,0.2563505
0,0.25367942
0,0.2583702
0,0.25466588
0,0.24926892
0,0.25103435
0,0.24624579
0,0.24892288
0,0.25790462
0,0.2529176
0,0.25815415
0,0.25432956
0,0.24863137
0,0.2502631
0,0.24495333
0,0.24758737
0,0.2423907
0,0.24952227
0,0.25333685
0,0.24913885
0,0.25430807
0,0.24987336
0,0.25451812
0,0.26070446
0,0.25939372
0,0.26356956
0,0.26112527
0,0.26566824
0,0.26278234
0,0.26628667
0,0.26245034
0,0.26575157
0,0.26198855
0,0.2655734
0,0.26144028
0,0.2648379
0,0.26113158
0,0.26415867
0,0.260568
0,0.2530833
0,0.25576377
0,0.25989422
0,0.25665766
0,0.26088226
0,0.25768545
0,0.25050873
0,0.26471105
0,0.2627504
0,0.3041874
0,0.29098618
0,0.28654423
0,0.28196377
0,0.27012783
0,0.26955515
0,0.26356557
0,0.2653078
0,0.2598956
0,0.26152688
0,0.25679052
0,0.27007207
0,0.25945115
0,0.2604183
0,0.2558223
0,0.24732032
0,0.24997121
0,0.25315952
0,0.2608772
0,0.2571943
0,0.26371104
0,0.25962347
0,0.2650368
0,0.26041356
0,0.26555866
0,0.2714431
0,0.26930574
0,0.26342547
0,0.2667108
0,0.26119167
0,0.2800429
0,0.26527467
0,0.26728293
0,0.26153594
0,0.26380038
0,0.25875434
0,0.2615888
0,0.26118025
0,0.26176092
0,0.25723585
0,0.26461744
0,0.25764015
0,0.287836
0,0.26699513
0,0.2669763
0,0.26107547
0,0.26263005
0,0.25755376
0,0.2596939
0,0.2556219
0,0.25798064
0,0.25408038
0,0.25637484
0,0.25295192
0,0.25534457
0,0.2521303
0,0.25407305
0,0.26151267
0,0.2568644
0,0.26376426
0,0.25785723
0,0.26407048
0,0.26527658
0,0.26655972
0,0.26023942
0,0.26529467
0,0.25880364
0,0.26432383
0,0.25861442
0,0.26391932
0,0.2575008
0,0.26599795
0,0.2578086
0,0.26268166
0,0.26204765
0,0.26346302
0,0.25676894
0,0.26096123
0,0.25543362
0,0.26037806
0,0.26469225
0,0.26290956
0,0.26651108
0,0.2638229
0,0.25672352
0,0.25996283
0,0.26502845
0,0.26223364
0,0.2740181
0,0.2655079
0,0.26869455
0,0.26469827
0,0.26748607
0,0.26323903
0,0.26696554
0,0.26273164
0,0.26602072
0,0.26180047
0,0.26535988
0,0.26164952
0,0.2641785
0,0.2609093
0,0.26356488
0,0.25978026
0,0.26261088
0,0.27067325
0,0.26670656
0,0.26190874
0,0.26362717
0,0.25914088
0,0.26194367
0,0.257919
0,0.263144
0,0.25723892
0,0.26028153
0,0.2554515
0,0.2587149
0,0.25426525
0,0.25756076
0,0.25342068
0,0.25629804
0,0.26734215
0,0.26130372
0,0.26582193
0,0.26172408
0,0.2667213
0,0.2648067
0,0.26719725
0,0.27425164
0,0.27032495
0,0.26465586
0,0.26974282
0,0.26359758
0,0.26635903
0,0.26559123
0,0.26625043
0,0.26113755
0,0.2536339
0,0.2558437
0,0.25409302
0,0.2538452
0,0.24846506
0,0.25170672
0,0.24658257
0,0.24985288
0,0.2551466
0,0.25275308
0,0.25920066
0,0.2547131
0,0.2474589
0,0.25020057
0,0.25386137
0,0.2506905
0,0.24455158
0,0.24688162
0,0.2516021
0,0.2490399
0,0.25245777
0,0.25303128
0,0.2538056
0,0.26482207
0,0.25830033
0,0.26331007
0,0.25919688
0,0.25321335
0,0.25902447
0,0.26228046
0,0.25811508
0,0.25161603
0,0.26449266
0,0.25259212
0,0.25382805
0,0.24848247
0,0.2498637
0,0.24562286
0,0.24848166
0,0.24417953
0,0.2490454
0,0.2540357
0,0.25054213
0,0.25550795
0,0.2510669
0,0.24507825
0,0.24719374
0,0.24826589
0,0.25732815
0,0.24623676
0,0.24748278
0,0.25245804
0,0.24812846
0,0.26170626
0,0.2621482
0,0.2590451
0,0.26664123
0,0.26078635
0,0.2545431
0,0.25580263
0,0.24974823
0,0.25229162
0,0.25124145
0,0.25155705
0,0.24710865
0,0.24987912
0,0.24547513
0,0.24916063
0,0.25462282
0,0.251951
0,0.25661054
0,0.25317296
0,0.24637759
0,0.24935728
0,0.2544591
0,0.25121227
0,0.24494575
0,0.24800958
0,0.25288442
0,0.25116438
0,0.25459617
0,0.25109345
0,0.25427765
0,0.2509732
0,0.25367755
0,0.2509196
0,0.25339755
0,0.24936165
0,0.25282753
0,0.24858679
0,0.25176027
0,0.2485046
0,0.25135285
0,0.24837255
0,0.2512209
0,0.24765706
0,0.26536012
0,0.25282156
0,0.25376433
0,0.25941363
0,0.25478998
0,0.26023942
0,0.25513333
0,0.24969813
0,0.25093278
0,0.25982943
0,0.25404966
0,0.25889355
0,0.253183
0,0.25808463
0,0.2534327
0,0.24691962
0,0.2485296
0,0.24347045
0,0.24555336
0,0.24092148
0,0.25404462
0,0.24359782
0,0.245446
0,0.25100628
0,0.2575473
0,0.25850463
0,0.2514407
0,0.25513846
0,0.25982243
0,0.2574772
0,0.26451266
0,0.2600421
0,0.25291738
0,0.25567842
0,0.24910504
0,0.25264972
0,0.24667288
0,0.25145158
0,0.25570115
0,0.2535525
0,0.24704117
0,0.2510169
0,0.24469995
0,0.24933523
0,0.2582743
0,0.25594327
0,0.2482536
0,0.25143352
0,0.25540534
0,0.25311458
0,0.24590068
0,0.24990861
0,0.24367562
0,0.24719472
0,0.25160858
0,0.24981128
0,0.25329098
0,0.25068125
0,0.2537522
0,0.2577345
0,0.26055413
0,0.25430682
0,0.26695147
0,0.25663683
0,0.25718275
0,0.2529905
0,0.25469387
0,0.25123927
0,0.26393998
0,0.2539286
0,0.2551408
0,0.26224267
0,0.25758576
0,0.2615785
0,0.25734946
0,0.26381886
0,0.25870878
0,0.26378828
0,0.25803307
0,0.26293433
0,0.2687443
0,0.26660332
0,0.25959444
0,0.26428354
0,0.25780895
0,0.25163117
0,0.25232485
0,0.24765693
0,0.24914671
0,0.2565085
0,0.25121313
0,0.25719428
0,0.25150084
0,0.2461595
0,0.24750908
0,0.24277575
0,0.25496784
0,0.25499246
0,0.26013047
0,0.25820276
0,0.25205937
0,0.25530976
0,0.26139683
0,0.25790945
0,0.25166836
0,0.2537595
0,0.25902897
0,0.2553934
0,0.2597196
0,0.25601286
0,0.25987947
0,0.2556724
0,0.26001275
0,0.25571305
0,0.24886698
0,0.25185412
0,0.25622624
0,0.2530061
0,0.25671485
0,0.25290832
0,0.25683165
0,0.25308692
0,0.25628048
0,0.2588426
0,0.2581551
0,0.25470975
0,0.24649714
0,0.24899778
0,0.25289607
0,0.24997811
0,0.2424968
0,0.24604276
0,0.24973291
0,0.24732955
0,0.2538628
0,0.25995496
0,0.26119304
0,0.26447678
0,0.25932178
0,0.25430834
0,0.254703
0,0.2612722
0,0.25662947
0,0.25141585
0,0.25340217
0,0.26207396
0,0.25618115
0,0.2617481
0,0.25685275
0,0.2621653
0,0.26069376
0,0.25300127
0,0.25280446
0,0.24829426
0,0.24977863
0,0.2537268
0,0.2469398
0,0.25501338
0,0.25119656
0,0.25605026
0,0.27773517
0,0.2673817
0,0.25971588
0,0.25143236
0,0.25172073
0,0.25637937
0,0.26212633
0,0.24938022
0,0.26048988
0,0.24855834
0,0.24889332
0,0.25343034
0,0.24899368
0,0.25293913
0,0.24895355
0,0.25244516
0,0.24809773
0,0.25141415
0,0.2622936
0,0.2569297
0,0.25052574
0,0.253426
0,0.248037
0,0.25621605
0,0.24859534
0,0.2555962
0,0.24793781
0,0.26211226
0,0.26028466
0,0.25564724
0,0.24787018
0,0.25037017
0,0.248562
0,0.24945346
0,0.25403237
0,0.2513083
0,0.25729653
0,0.25267106
0,0.26111737
0,0.2539993
0,0.25670624
0,0.2522621
0,0.2547402
0,0.25150228
0,0.25396743
0,0.2503767
0,0.25321272
0,0.26000404
0,0.2574303
0,0.25232363
0,0.25375372
0,0.25006074
0,0.251585
0,0.25913802
0,0.25433496
0,0.26081055
0,0.2555772
0,0.26107877
0,0.2601401
0,0.25173637
0,0.2519138
0,0.2579688
0,0.25283337
0,0.2584102
0,0.25301284
0,0.25761458
0,0.2530279
0,0.25736797
0,0.2630703
0,0.25014964
0,0.25024584
0,0.24449727
0,0.2469269
0,0.25178784
0,0.25842914
0,0.2567967
0,0.26181203
0,0.2583544
0,0.2623448
0,0.26074103
0,0.26366526
0,0.2589952
0,0.25285825
0,0.25378165
0,0.24902594
0,0.2507587
0,0.26104447
0,0.25409108
0,0.24928325
0,0.25067586
0,0.25733632
0,0.25451797
0,0.2589542
0,0.25297466
0,0.25809827
0,0.25285104
0,0.2576983
0,0.26279083
0,0.26079077
0,0.26487586
0,0.2519859
0,0.26596507
0,0.26248214
0,0.25481182
0,0.24807973
0,0.2579843
0,0.2469497
0,0.24670921
0,0.25204033
0,0.24644926
0,0.25155032
0,0.25679624
0,0.2551847
0,0.24821591
0,0.25231263
0,0.25609222
0,0.25446194
0,0.25147438
0,0.2533148
0,0.2570115
0,0.25469694
0,0.25737637
0,0.25453392
0,0.2569512
0,0.25839615
0,0.25861177
0,0.25524467
0,0.25135958
0,0.25105008
0,0.25416467
0,0.2554844
0,0.25541836
0,0.2521757
0,0.2541527
0,0.25114354
0,0.25305298
0,0.2505715
0,0.2530875
0,0.24951167
0,0.25241616
0,0.24876404
0,0.2512757
0,0.24808902
0,0.25061935
0,0.25811675
0,0.25400478
0,0.26036412
0,0.2668265
0,0.26908585
0,0.26001266
0,0.2678423
0,0.25923792
0,0.26385042
0,0.2619313
0,0.26492888
0,0.2574544
0,0.26287103
0,0.25592145
0,0.25095433
0,0.25114608
0,0.2473456
0,0.258272
0,0.24876168
0,0.2582881
0,0.24879958
0,0.25788656
0,0.2527308
0,0.24901882
0,0.2600516
0,0.2617022
0,0.26148686
0,0.2639345
0,0.2626969
0,0.26445794
0,0.26312077
0,0.25392896
0,0.26066372
0,0.26196176
0,0.2603223
0,0.27345487
0,0.2645751
0,0.25442493
0,0.2587429
0,0.24955288
0,0.25487676
0,0.25995094
0,0.25785244
0,0.26160142
0,0.25870678
0,0.25984973
0,0.2584137
0,0.25948602
0,0.25688067
0,0.25835577
0,0.25657207
0,0.25793052
0,0.25594944
0,0.25719967
0,0.25518352
0,0.25656343
0,0.2540502
0,0.25558895
0,0.25333336
0,0.2548188
0,0.2519385
0,0.2545023
0,0.25116688
0,0.25341466
0,0.25040248
0,0.25256854
0,0.26008996
0,0.25602728
0,0.25183856
0,0.25331083
0,0.259701
0,0.25915092
0,0.24965249
0,0.25117984
0,0.25794727
0,0.25328052
0,0.24839765
0,0.25018236
0,0.24558762
0,0.24717864
0,0.24381675
0,0.25580427
0,0.25015774
0,0.24928214
0,0.2546248
0,0.2548465
0,0.25740322
0,0.25208867
0,0.25635117
0,0.2514884
0,0.25591
0,0.26121664
0,0.25918302
0,0.26303992
0,0.2603384
0,0.26364928
0,0.2604442
0,0.2530602
0,0.2558835
0,0.26003698
0,0.26244146
0,0.25216115
0,0.25659025
0,0.25946483
0,0.256217
0,0.25976455
0,0.25627065
0,0.25796348
0,0.2553804
0,0.25889313
0,0.25539002
0,0.24864599
0,0.25123653
0,0.26308897
0,0.2555188
0,0.25831082
0,0.2538247
0,0.25710523
0,0.26032525
0,0.25904402
0,0.2539854
0,0.2565145
0,0.25225377
0,0.2548591
0,0.25091335
0,0.25360513
0,0.26025376
0,0.26229137
0,0.26906303
0,0.26145956
0,0.26619157
0,0.2602452
0,0.26469624
0,0.2588661
0,0.25307214
0,0.25347763
0,0.24909523
0,0.25005913
0,0.246288
0,0.24816765
0,0.25489545
0,0.25148326
0,0.24616612
0,0.24715292
0,0.25413147
0,0.2601937
0,0.25984457
0,0.26379657
0,0.26155767
0,0.2653966
0,0.2625534
0,0.26571226
0,0.26293916
0,0.26748556
0,0.26404905
0,0.2663793
0,0.25309783
0,0.26212963
0,0.270744
0,0.26792154
0,0.26357803
0,0.2658055
0,0.26232764
0,0.2665739
0,0.26205543
0,0.25402644
0,0.25724646
0,0.2609985
0,0.2584761
0,0.261534
0,0.25883856
0,0.2614408
0,0.25819367
0,0.26015517
0,0.25701663
0,0.2601277
0,0.25703165
0,0.2494361
0,0.2522285
0,0.24556953
0,0.2494394
0,0.2538985
0,0.25570315
0,0.24628642
0,0.25078288
0,0.2538633
0,0.25151405
0,0.25437808
0,0.2512232
0,0.25500336
0,0.2517007
0,0.25406918
0,0.25078878
0,0.25334957
0,0.2539605
0,0.2541628
0,0.25052366
0,0.25292194
0,0.24928093
0,0.25163668
0,0.2594775
0,0.25527823
0,0.25503013
0,0.2539703
0,0.26028645
0,0.25527346
0,0.25042218
0,0.25250328
0,0.24867804
0,0.25358093
0,0.26179978
0,0.26637733
0,0.25442648
0,0.2542148
0,0.2598229
0,0.2551853
0,0.24992073
0,0.25044966
0,0.24706198
0,0.24765652
0,0.26211268
0,0.25351542
0,0.2590857
0,0.25698358
0,0.25989753
0,0.26497588
0,0.26268545
0,0.265716
0,0.265731
0,0.25563943
0,0.24930632
0,0.24822201
0,0.2438291
0,0.2439008
0,0.25038218
0,0.25512838
0,0.25537178
0,0.25835338
0,0.25776088
0,0.25951108
0,0.2581736
0,0.2591238
0,0.25847867
0,0.24868385
0,0.2543749
0,0.24553755
0,0.25198814
0,0.25423533
0,0.25441265
0,0.25574327
0,0.25520545
0,0.2568138
0,0.26650843
0,0.26043057
0,0.2583465
0,0.25664482
0,0.255472
0,0.25435945
0,0.2538807
0,0.256154
0,0.25450835
0,0.25379825
0,0.25336602
0,0.252925
0,0.25242296
0,0.25221413
0,0.2516601
0,0.25055107
0,0.25059462
0,0.24972233
0,0.24967256
0,0.24891931
0,0.24937184
0,0.2480769
0,0.24825655
0,0.24712402
0,0.24703479
0,0.24589539
0,0.24628764
0,0.25589865
0,0.25004175
0,0.2579344
0,0.25083354
0,0.24780412
0,0.24723765
0,0.25537696
0,0.24942885
0,0.25703418
0,0.26097807
0,0.2511242
0,0.24906933
0,0.24601991
0,0.24515331
0,0.25332263
0,0.2474455
0,0.25437316
0,0.24789914
0,0.25460678
0,0.24925627
0,0.2450185
0,0.24438821
0,0.25181827
0,0.24702607
0,0.25347206
0,0.2464494
0,0.25363776
0,0.25701734
0,0.24706635
0,0.24496444
0,0.24136217
0,0.25147998
0,0.24387798
0,0.24121237
0,0.23856354
0,0.23800476
0,0.23544486
0,0.24606287
0,0.23689449
0,0.2361048
0,0.24393925
0,0.24777035
0,0.2490809
0,0.25155127
0,0.25118357
0,0.2525649
0,0.2523685
0,0.26830262
0,0.25831795
0,0.25680205
0,0.25451422
0,0.25527096
0,0.25335953
0,0.33014098
0,0.28286216
0,0.2729713
0,0.26529324
0,0.2613945
0,0.2572333
0,0.25543755
0,0.25294897
0,0.2518238
0,0.2502404
0,0.25012067
0,0.2481897
0,0.24837795
0,0.247535
0,0.24724168
0,0.25692847
0,0.2554366
0,0.26098722
0,0.2642535
0,0.25519451
0,0.26264554
0,0.25382107
0,0.26186493
0,0.26354238
0,0.2688284
0,0.25991455
0,0.2645537
0,0.25411093
0,0.2658171
0,0.26467368
0,0.26365298
0,0.25260177
0,0.25965783
0,0.24935398
0,0.26147887
0,0.26021677
0,0.25050712
0,0.2571658
0,0.25890797
0,0.25067833
0,0.2566715
0,0.24683002
0,0.2443337
0,0.25326118
0,0.25552037
0,0.25617263
0,0.24721454
0,0.24958861
0,0.2431991
0,0.2581572
0,0.24607243
0,0.25110394
0,0.25348374
0,0.2529695
0,0.2580408
0,0.25987607
0,0.25738594
0,0.25666028
0,0.25601992
0,0.2548574
0,0.25404263
0,0.25396964
0,0.25751108
0,0.25414744
0,0.25263482
0,0.25116706
0,0.25136235
0,0.24961038
0,0.24956013
0,0.24836694
0,0.24831083
0,0.24717008
0,0.2560655
0,0.26059303
0,0.26372215
0,0.26527
0,0.2566644
0,0.252479
0,0.2507179
0,0.25903848
0,0.2624109
0,0.25131246
0,0.2599088
0,0.26236343
0,0.25695553
0,0.25135866
0,0.24834141
0,0.24655312
0,0.2545885
0,0.26046863
0,0.2607859
0,0.25077218
0,0.24706209
0,0.24527119
0,0.24325213
0,0.24177594
0,0.25093517
0,0.25431713
0,0.2564456
0,0.2475105
0,0.24393536
0,0.25251654
0,0.24345021
0,0.25198352
0,0.24284148
0,0.24451943
0,0.2495762
0,0.25256738
0,0.24268065
0,0.2507445
0,0.25203162
0,0.24375239
0,0.2494154
0,0.24143839
0,0.24769482
0,0.24386092
0,0.24787101
0,0.25765064
0,0.2532021
0,0.25466084
0,0.25261483
0,0.25424534
0,0.25195518
0,0.25403005
0,0.25127938
0,0.25282058
0,0.2501998
0,0.2520705
0,0.2530085
0,0.2524772
0,0.25443313
0,0.26433966
0,0.2542931
0,0.25412956
0,0.25031504
0,0.25206408
0,0.25867593
0,0.26499566
0,0.2582804
0,0.25611755
0,0.2508347
0,0.25132376
0,0.24752113
0,0.25149968
0,0.24643989
0,0.248127
0,0.24447763
0,0.24651457
0,0.2529124
0,0.24638343
0,0.25350624
0,0.24908319
0,0.25467747
0,0.24906224
0,0.25466606
0,0.24890785
0,0.25441492
0,0.24804632
0,0.24360229
0,0.25445172
0,0.25539464
0,0.24794288
0,0.24342187
0,0.24468876
0,0.25408003
0,0.25903854
0,0.2568244
0,0.25909615
0,0.25763643
0,0.24942355
0,0.24469805
0,0.24288175
0,0.2494252
0,0.25381795
0,0.25388128
0,0.25669253
0,0.2562177
0,0.25774908
0,0.2562235
0,0.26961192
0,0.260893
0,0.25065
0,0.2543479
0,0.25922352
0,0.2561063
0,0.24738333
0,0.2515241
0,0.25432655
0,0.25343242
0,0.26782444
0,0.25820807
0,0.2633735
0,0.25831622
0,0.25839305
0,0.2553882
0,0.25643402
0,0.26483193
0,0.25909677
0,0.25586697
0,0.25646588
0,0.25348872
0,0.25436032
0,0.25156412
0,0.25279123
0,0.25437438
0,0.2536904
0,0.25013825
0,0.2517994
0,0.24890095
0,0.2508121
0,0.24720888
0,0.2503294
0,0.24690257
0,0.2533045
0,0.2581181
0,0.25377315
0,0.24930927
0,0.25013682
0,0.25759152
0,0.252244
0,0.26307112
0,0.25458947
0,0.2595123
0,0.2534029
0,0.25857368
0,0.25725543
0,0.24904554
0,0.25462824
0,0.25707212
0,0.25098312
0,0.25627393
0,0.26072234
0,0.26954347
0,0.25671956
0,0.259759
0,0.263032
0,0.2506786
0,0.2487234
0,0.25438812
0,0.2476264
0,0.25340047
0,0.25736555
0,0.26153755
0,0.25088465
0,0.25513753
0,0.2627988
0,0.25939545
0,0.26149783
0,0.25921124
0,0.26051584
0,0.25842288
0,0.2603054
0,0.25834945
0,0.24915224
0,0.2535127
0,0.24560063
0,0.25023532
0,0.25322643
0,0.25285292
0,0.24466021
0,0.25849944
0,0.25553647
0,0.25397992
0,0.2548629
0,0.25324014
0,0.26361662
0,0.25671896
0,0.25682482
0,0.254469
0,0.25518313
0,0.27334952
0,0.26166767
0,0.257606
0,0.2570783
0,0.25422725
0,0.25327656
0,0.25228384
0,0.25507388
0,0.25137284
0,0.25189933
0,0.24953263
0,0.2502898
0,0.24827968
0,0.24921629
0,0.24751945
0,0.24786076
0,0.25698075
0,0.25525934
0,0.2611715
0,0.25383672
0,0.2615243
0,0.25374505
0,0.26101568
0,0.25299817
0,0.2502874
0,0.248197
0,0.24667014
0,0.24990897
0,0.25693667
0,0.25984117
0,0.2622182
0,0.25220478
0,0.2466168
0,0.25576407
0,0.24843341
0,0.2468709
0,0.2552812
0,0.25773224
0,0.25413436
0,0.2610671
0,0.26149616
0,0.2612518
0,0.25144443
0,0.25773326
0,0.24850552
0,0.25520453
0,0.25687337
0,0.2476504
0,0.24346198
0,0.2520199
0,0.25312936
0,0.25483733
0,0.2549224
0,0.2567229
0,0.25665167
0,0.24684916
0,0.25228953
0,0.2560169
0,0.25457567
0,0.2581611
0,0.25609916
0,0.25677648
0,0.2560005
0,0.25654837
0,0.25561178
0,0.25662914
0,0.25584528
0,0.2559271
0,0.25500417
0,0.25503314
0,0.25404188
0,0.25417343
0,0.25319198
0,0.25356832
0,0.25315788
0,0.25253543
0,0.25227007
0,0.2516197
0,0.2598846
0,0.2546822
0,0.25373963
0,0.25227702
0,0.25122803
0,0.2507073
0,0.24939646
0,0.24914823
0,0.24846861
0,0.24749717
0,0.24673703
0,0.25107676
0,0.26751843
0,0.25498036
0,0.2626724
0,0.2646267
0,0.2663134
0,0.2670163
0,0.25715822
0,0.27503866
0,0.2626929
0,0.25582182
0,0.26285198
0,0.25370017
0,0.24979818
0,0.24750686
0,0.2452391
0,0.2433697
0,0.24217483
0,0.24084952
0,0.250143
0,0.2429254
0,0.24109861
0,0.24961238
0,0.24222958
0,0.23972677
0,0.23785675
0,0.24702261
0,0.25325277
0,0.25356
0,0.24453533
0,0.25161582
0,0.2530964
0,0.2540812
0,0.2549802
0,0.25513637
0,0.25486276
0,0.25443697
0,0.25439003
0,0.2540771
0,0.25404456
0,0.25409338
0,0.25346807
0,0.2535269
0,0.2529235
0,0.25257197
0,0.25297573
0,0.24834861
0,0.25063896
0,0.25163677
0,0.25115892
0,0.2509898
0,0.25113016
0,0.25155753
0,0.25175545
0,0.25149152
0,0.2506134
0,0.24997818
0,0.24973676
0,0.24969178
0,0.24917008
0,0.24857086
0,0.24851595
0,0.2482989
0,0.24756168
0,0.24742742
0,0.24715726
0,0.24658982
0,0.25655833
0,0.24975397
0,0.24786448
0,0.24682672
0,0.2561085
0,0.26619184
0,0.26486665
0,0.26625463
0,0.25521106
0,0.26264998
0,0.25275034
0,0.26038072
0,0.25123093
0,0.25948012
0,0.24853338
0,0.2600319
0,0.24990503
0,0.25751337
0,0.259276
0,0.26086384
0,0.26095682
0,0.2517592
0,0.26884168
0,0.2646196
0,0.26391497
0,0.25841817
0,0.25056377
0,0.25819144
0,0.2585591
0,0.2606962
0,0.24859086
0,0.25675675
0,0.25801423
0,0.24911976
0,0.25433594
0,0.24631527
0,0.2523626
0,0.24440688
0,0.25507393
0,0.25494325
0,0.25508192
0,0.2561776
0,0.25616
0,0.25765693
0,0.25653687
0,0.25683963
0,0.25562623
0,0.25654924
0,0.25903
0,0.2578022
0,0.25595698
0,0.2565906
0,0.25411412
0,0.25529146
0,0.25258082
0,0.25385082
0,0.25225794
0,0.25328255
0,0.25174823
0,0.25274876
0,0.25033623
0,0.251858
0,0.25018585
0,0.25594553
0,0.25098965
0,0.25237378
0,0.26021323
0,0.2554915
0,0.2513602
0,0.25220793
0,0.25977647
0,0.25431013
0,0.26099002
0,0.2555586
0,0.27007085
0,0.25891134
0,0.26381552
0,0.25717118
0,0.25199628
0,0.2513982
0,0.24737072
0,0.24830174
0,0.2552366
0,0.25050205
0,0.2563923
0,0.25084156
0,0.24698411
0,0.25759232
0,0.25802058
0,0.2563912
0,0.24828003
0,0.24850294
0,0.25404498
0,0.25943887
0,0.26310194
0,0.26471874
0,0.25127274
0,0.25033435
0,0.25577214
0,0.24973033
0,0.25442788
0,0.2490473
0,0.25317127
0,0.24789056
0,0.25208914
0,0.24625626
0,0.2628753
0,0.26571357
0,0.26066822
0,0.2513068
0,0.25461808
0,0.24768744
0,0.25194505
0,0.2559972
0,0.25420403
0,0.24703866
0,0.25156876
0,0.24456088
0,0.24912038
0,0.25319007
0,0.25203952
0,0.25504488
0,0.24589007
0,0.24219511
0,0.25024998
0,0.24188152
0,0.2461477
0,0.26134184
0,0.25355107
0,0.25586826
0,0.25242347
0,0.25500676
0,0.2514259
0,0.25703618
0,0.25209516
0,0.25401875
0,0.250713
0,0.25285208
0,0.25011125
0,0.251999
0,0.24901356
0,0.25160444
0,0.24870746
0,0.2504338
0,0.25854635
0,0.25436792
0,0.26127338
0,0.2562333
0,0.26237157
0,0.2563258
0,0.2522993
0,0.25169668
0,0.26022583
0,0.25386348
0,0.2509043
0,0.25026923
0,0.24743202
0,0.24711262
0,0.25530878
0,0.24961871
0,0.24667723
0,0.24625297
0,0.24385683
0,0.24812263
0,0.2536976
0,0.25876164
0,0.24857679
0,0.25737262
0,0.25916323
0,0.26122424
0,0.25028536
0,0.2586781
0,0.25907314
0,0.25033045
0,0.24550655
0,0.24422689
0,0.24055885
0,0.250539
0,0.2413848
0,0.24433175
0,0.24953695
0,0.25358763
0,0.2574277
0,0.25236917
0,0.25490698
0,0.24601467
0,0.25636965
0,0.2563895
0,0.25591755
0,0.2564311
0,0.25629777
0,0.25640076
0,0.25628704
0,0.25711417
0,0.2558283
0,0.25592357
0,0.25502756
0,0.25522202
0,0.25406265
0,0.25417563
0,0.25780696
0,0.2557822
0,0.25353122
0,0.25431722
0,0.2529905
0,0.2534509
0,0.25171787
0,0.25263175
0,0.25093135
0,0.25214365
0,0.24985234
0,0.251001
0,0.2491433
0,0.2500067
0,0.2651112
0,0.2556958
0,0.25198677
0,0.2516144
0,0.25949177
0,0.2528454
0,0.26042157
0,0.26409906
0,0.25413865
0,0.25212792
0,0.25924492
0,0.2520356
0,0.24826153
0,0.24765582
0,0.2557886
0,0.2597751
0,0.24975832
0,0.25860107
0,0.2592613
0,0.26180324
0,0.2506531
0,0.24840802
0,0.25515667
0,0.24748793
0,0.24357523
0,0.2527362
0,0.2441656
0,0.24212809
0,0.26085183
0,0.2555027
0,0.2491407
0,0.25498652
0,0.25497016
0,0.25980678
0,0.25714457
0,0.25784636
0,0.25613227
0,0.2571013
0,0.25553453
0,0.25602388
0,0.25406203
0,0.2546463
0,0.25337029
0,0.25393328
0,0.25296727
0,0.25385526
0,0.25246155
0,0.25259143
0,0.2515832
0,0.251676
0,0.25100496
0,0.2507749
0,0.25013787
0,0.2504594
0,0.25007635
0,0.25056136
0,0.24936523
0,0.24989314
0,0.2481221
0,0.24900223
0,0.24786599
0,0.2483107
0,0.25821403
0,0.251454
0,0.26267487
0,0.26478836
0,0.25551772
0,0.25286958
0,0.2609467
0,0.25309047
0,0.2607971
0,0.2538895
0,0.2603128
0,0.25282547
0,0.24919474
0,0.2585986
0,0.2604028
0,0.26539463
0,0.26348218
0,0.2651167
0,0.2636458
0,0.26511472
0,0.25309688
0,0.250326
0,0.25683364
0,0.2597752
0,0.25976077
0,0.26183748
0,0.24989444
0,0.25805774
0,0.25826794
0,0.28374258
0,0.26856875
0,0.25648844
0,0.2603102
0,0.26146945
0,0.26005843
0,0.26136363
0,0.26012567
0,0.25495276
0,0.2566817
0,0.2580186
0,0.25998974
0,0.25953496
0,0.25792181
0,0.25847095
0,0.2567358
0,0.2574549
0,0.25574672
0,0.25639492
0,0.25920254
0,0.2569741
0,0.25508177
0,0.2553243
0,0.26430666
0,0.25804344
0,0.25469548
0,0.25535274
0,0.2530473
0,0.25317493
0,0.2507463
0,0.25065368
0,0.25325733
0,0.25132415
0,0.26408568
0,0.25500384
0,0.26224542
0,0.25515622
0,0.2625583
0,0.2556958
0,0.251602
0,0.2510581
0,0.24806382
0,0.24764594
0,0.25609434
0,0.24970272
0,0.2577129
0,0.26116258
0,0.251532
0,0.2476495
0,0.25270864
0,0.24791925
0,0.25567102
0,0.25929803
0,0.24989252
0,0.25772002
0,0.25886053
0,0.26134285
0,0.2657957
0,0.25425175
0,0.24896574
0,0.24718285
0,0.2536816
0,0.2574666
0,0.24668135
0,0.25545534
0,0.2557086
0,0.24799767
0,0.2539485
0,0.24648075
0,0.25299457
0,0.2604005
0,0.24752071
0,0.25500253
0,0.25563237
0,0.24703379
0,0.25277713
0,0.2554974
0,0.25569615
0,0.24658452
0,0.25196934
0,0.2543702
0,0.25453755
0,0.25569108
0,0.25528777
0,0.2561916
0,0.25458592
0,0.25555313
0,0.25104076
0,0.25378767
0,0.25344306
0,0.25436786
0,0.25343594
0,0.2536227
0,0.2556931
0,0.2541015
0,0.26427862
0,0.2573982
0,0.2550531
0,0.25377905
0,0.25298095
0,0.25158402
0,0.2519149
0,0.2506472
0,0.25011384
0,0.2499102
0,0.24988344
0,0.25163686
0,0.25047976
0,0.2497955
0,0.24954101
0,0.24895978
0,0.24887928
0,0.24728191
0,0.2473599
0,0.25676557
0,0.26087508
0,0.25257674
0,0.25399056
0,0.25362283
0,0.2604031
0,0.26258394
0,0.26412392
0,0.2540654
0,0.25054008
0,0.25821567
0,0.26044524
0,0.25084427
0,0.24785985
0,0.2454281
0,0.25394785
0,0.2562921
0,0.24772406
0,0.25540423
0,0.2470608
0,0.24443571
0,0.25257415
0,0.25505283
0,0.25615942
0,0.24698049
0,0.25357825
0,0.25513044
0,0.25619477
0,0.25671288
0,0.25659788
0,0.25679696
0,0.25652003
0,0.2620186
0,0.25906405
0,0.25787565
0,0.25754514
0,0.25627816
0,0.25605714
0,0.2556455
0,0.2555816
0,0.25491044
0,0.25459087
0,0.2539096
0,0.2539903
0,0.26253632
0,0.25724664
0,0.2555745
0,0.25482804
0,0.2533421
0,0.25376034
0,0.25283918
0,0.25251138
0,0.25201342
0,0.25110266
0,0.2501946
0,0.24958521
0,0.24926963
0,0.24907663
0,0.24855138
0,0.24784866
0,0.2478393
0,0.25994062
0,0.2516181
0,0.26264435
0,0.2644627
0,0.2660623
0,0.2562196
0,0.26329425
0,0.26563093
0,0.26570565
0,0.27932942
0,0.27145678
0,0.27191246
0,0.26983908
0,0.26995936
0,0.2577118
0,0.2652295
0,0.26475665
0,0.26598158
0,0.25455585
0,0.2625731
0,0.25202325
0,0.25750962
0,0.24973215
0,0.2582246
0,0.25904068
0,0.2614239
0,0.26404852
0,0.26367274
0,0.25222126
0,0.25929633
0,0.2592238
0,0.2607695
0,0.26162264
0,0.2638139
0,0.26186717
0,0.25165007
0,0.26689655
0,0.26251194
0,0.2603263
0,0.2601965
0,0.25838283
0,0.25856578
0,0.25736278
0,0.25758338
0,0.25602406
0,0.25674438
0,0.2547558
0,0.25590336
0,0.25472546
0,0.24939992
0,0.25116026
0,0.25304556
0,0.252253
0,0.25325924
0,0.2513158
0,0.2567861
0,0.25251067
0,0.25337908
0,0.25152498
0,0.2524216
0,0.25059792
0,0.25591803
0,0.2509947
0,0.25192973
0,0.26055038
0,0.25436524
0,0.25108072
0,0.25135195
0,0.2486237
0,0.24949744
0,0.25130135
0,0.2606076
0,0.26186553
0,0.2543443
0,0.25965676
0,0.25275204
0,0.25912142
0,0.25192103
0,0.25829154
0,0.25159097
0,0.25727257
0,0.25126645
0,0.2575897
0,0.2612779
0,0.26479843
0,0.2651098
0,0.26329064
0,0.264535
0,0.26307064
0,0.2613746
0,0.26199266
0,0.26343718
0,0.2618798
0,0.263156
0,0.26116154
0,0.2627552
0,0.26136345
0,0.26995254
0,0.26410198
0,0.26481986
0,0.26234812
0,0.26254934
0,0.2615541
0,0.26226932
0,0.26014015
0,0.26115286
0,0.25937897
0,0.2596825
0,0.25811356
0,0.25817806
0,0.25767758
0,0.25789347
0,0.25638065
0,0.2571371
0,0.25559622
0,0.2562046
0,0.25505581
0,0.25516826
0,0.2534414
0,0.25449812
0,0.25252306
0,0.26459202
0,0.2564387
0,0.2555702
0,0.2537164
0,0.2532095
0,0.251641
0,0.25181308
0,0.25033665
0,0.25037983
0,0.24956308
0,0.24928312
0,0.24815822
0,0.24815501
0,0.2473709
0,0.24802355
0,0.2468393
0,0.24660493
0,0.24598761
0,0.24516726
0,0.24451952
0,0.2442395
0,0.24353974
0,0.24705562
0,0.24402957
0,0.2466604
0,0.24433026
0,0.24353728
0,0.25641936
0,0.24892612
0,0.25633997
0,0.259537
0,0.26063308
0,0.26251784
0,0.26310635
0,0.26450908
0,0.26421085
0,0.26511455
0,0.2641023
0,0.2654254
0,0.26430088
0,0.2650061
0,0.25371414
0,0.2606367
0,0.25058553
0,0.25798592
0,0.25900656
0,0.26047748
0,0.26046237
0,0.26208887
0,0.26105973
0,0.2627841
0,0.268691
0,0.26637203
0,0.2640746
0,0.26417127
0,0.26244974
0,0.30914798
0,0.28072768
0,0.27469173
0,0.2702846
0,0.26758406
0,0.26852575
0,0.26825386
0,0.26429793
0,0.27441224
0,0.26611632
0,0.26393312
0,0.26183426
0,0.26077446
0,0.25937167
0,0.25925964
0,0.2581893
0,0.25766748
0,0.2574553
0,0.25727603
0,0.25634408
0,0.26088405
0,0.25784418
0,0.2591425
0,0.25727978
0,0.25580132
0,0.25527546
0,0.2542703
0,0.25376576
0,0.2527767
0,0.2530666
0,0.2514643
0,0.25410536
0,0.25483894
0,0.2520503
0,0.25560778
0,0.25192493
0,0.26583803
0,0.25594398
0,0.2522456
0,0.2512667
0,0.24867573
0,0.24832873
0,0.24712282
0,0.24685787
0,0.24558206
0,0.24577144
0,0.24646801
0,0.24541548
0,0.24468268
0,0.24406351
0,0.24844676
0,0.2569415
0,0.2491582
0,0.2576839
0,0.26041692
0,0.26202416
0,0.26378074
0,0.26425308
0,0.265341
0,0.26544923
0,0.2656082
0,0.2650321
0,0.26580566
0,0.26498216
0,0.26555356
0,0.26533368
0,0.2652108
0,0.26460865
0,0.26465896
0,0.26394808
0,0.26415542
0,0.26324353
0,0.26354966
0,0.26247507
0,0.26235458
0,0.2621294
0,0.2616475
0,0.26100087
0,0.26136312
0,0.26033497
0,0.26078764
0,0.26004308
0,0.26066503
0,0.25971
0,0.25945324
0,0.25887507
0,0.25825104
0,0.25799814
0,0.25783956
0,0.26870307
0,0.26137435
0,0.26034257
0,0.26997554
0,0.2621065
0,0.2605613
0,0.25847703
0,0.2686202
0,0.2718194
0,0.2629394
0,0.26005188
0,0.25802165
0,0.25684616
0,0.25538594
0,0.2545616
0,0.25389388
0,0.25257683
0,0.2516442
0,0.25090048
0,0.25132814
0,0.25017703
0,0.24952595
0,0.24910405
0,0.2482552
0,0.24796197
0,0.2579049
0,0.2511929
0,0.24957825
0,0.24794137
0,0.24657616
0,0.25580472
0,0.25945973
0,0.26173943
0,0.25932038
0,0.26292083
0,0.26456952
0,0.26918808
0,0.2673446
0,0.26698858
0,0.2681826
0,0.2666634
0,0.26719648
0,0.2665066
0,0.26779118
0,0.26631364
0,0.2660164
0,0.26523674
0,0.26491708
0,0.26505545
0,0.26903895
0,0.2663844
0,0.26571247
0,0.26495433
0,0.26464292
0,0.2640314
0,0.2633442
0,0.26289386
0,0.26233852
0,0.26189575
0,0.26215595
0,0.26154462
0,0.26108596
0,0.26018977
0,0.2599467
0,0.25930884
0,0.2590551
0,0.25842842
0,0.25800207
0,0.25725782
0,0.25755772
0,0.25649455
0,0.26348945
0,0.24796113
0,0.25339705
0,0.25379017
0,0.25401834
0,0.25469324
0,0.25415224
0,0.25339344
0,0.25747904
0,0.25478873
0,0.25383264
0,0.25264043
0,0.25203624
0,0.2512067
0,0.25071934
0,0.25052977
0,0.25570187
0,0.25228763
0,0.25110036
0,0.24967222
0,0.24923958
0,0.24788065
0,0.2474549
0,0.24687816
0,0.25026584
0,0.24806589
0,0.24972609
0,0.2513637
0,0.2522759
0,0.24958178
0,0.2476915
0,0.24678181
0,0.24576208
0,0.2497635
0,0.2472815
0,0.24534617
0,0.24442382
0,0.24370642
0,0.2541599
0,0.25869662
0,0.25965202
0,0.2619607
0,0.26671305
0,0.26583087
0,0.26554567
0,0.2668281
0,0.2655769
0,0.26605383
0,0.265808
0,0.2659903
0,0.2653862
0,0.26536974
0,0.26565325
0,0.26512346
0,0.2647696
0,0.2647764
0,0.26455635
0,0.26411358
0,0.26382458
0,0.26360765
0,0.26370355
0,0.2632479
0,0.2630836
0,0.26304615
0,0.2623398
0,0.26189032
0,0.26535952
0,0.262437
0,0.26156625
0,0.26130205
0,0.26029152
0,0.25938553
0,0.26268038
0,0.2594517
0,0.2638281
0,0.26026294
0,0.2594196
0,0.27000087
0,0.26199725
0,0.2603203
0,0.25901562
0,0.25837213
0,0.25676164
0,0.25623676
0,0.25544304
0,0.25808698
0,0.2550376
0,0.25427267
0,0.25578701
0,0.25333455
0,0.25217932
0,0.25116643
0,0.2512072
0,0.25033906
0,0.25056913
0,0.25005493
0,0.25001004
0,0.24854496
0,0.2600577
0,0.25200513
0,0.25099868
0,0.2491675
0,0.24837287
0,0.24667972
0,0.24609208
0,0.25557595
0,0.2491797
0,0.25717518
0,0.25106525
0,0.2575753
0,0.25045407
0,0.26163986
0,0.25186554
0,0.2583356
0,0.26176542
0,0.26362413
0,0.2645433
0,0.26361448
0,0.25792286
0,0.26161206
0,0.26346695
0,0.26249543
0,0.2638504
0,0.26662737
0,0.2659827
0,0.2647265
0,0.2611463
0,0.26217028
0,0.26286423
0,0.26665998
0,0.26449493
0,0.2625789
0,0.31011748
0,0.27979812
0,0.27524614
0,0.26912373
0,0.26823345
0,0.27476278
0,0.2688239
0,0.26381704
0,0.26475888
0,0.26036835
0,0.26176137
0,0.26921746
0,0.264555
0,0.259149
0,0.26454642
0,0.25813264
0,0.26014462
0,0.2553246
0,0.2578711
0,0.25388506
0,0.25645202
0,0.2523184
0,0.2552638
0,0.2548449
0,0.2561907
0,0.25132897
0,0.25374255
0,0.25043657
0,0.25319377
0,0.24918121
0,0.24142325
0,0.25402617
0,0.26266322
0,0.26188073
0,0.25705677
0,0.26073527
0,0.26733232
0,0.2653515
0,0.2596952
0,0.2628899
0,0.2581321
0,0.26106098
0,0.26147196
0,0.25168267
0,0.25293857
0,0.25722536
0,0.25442103
0,0.25741246
0,0.25312427
0,0.26098472
0,0.25450295
0,0.258678
0,0.25330433
0,0.25717774
0,0.2525608
0,0.2557106
0,0.25144374
0,0.2551585
0,0.25035298
0,0.25413543
0,0.25025463
0,0.25334448
0,0.25957704
0,0.25637165
0,0.26128903
0,0.26889974
0,0.2661447
0,0.26091185
0,0.2634939
0,0.25921312
0,0.26194745
0,0.25835922
0,0.2609108
0,0.26201457
0,0.2624719
0,0.2583645
0,0.26124936
0,0.25737658
0,0.2598069
0,0.26087907
0,0.2609034
0,0.2673667
0,0.2632689
0,0.25877216
0,0.25973517
0,0.25528735
0,0.2574628
0,0.25364414
0,0.25594
0,0.25235996
0,0.27013966
0,0.2569041
0,0.25847852
0,0.25322145
0,0.25530443
0,0.25100708
0,0.2530398
0,0.25989652
0,0.2553406
0,0.26107448
0,0.25742108
0,0.26171094
0,0.2564432
0,0.26090515
0,0.25335222
0,0.26197726
0,0.25577235
0,0.26076037
0,0.25513655
0,0.25964442
0,0.25376996
0,0.2584178
0,0.2532787
0,0.2585751
0,0.2526638
0,0.25892282
0,0.25241897
0,0.2578822
0,0.25182623
0,0.2566202
0,0.26120022
0,0.25943062
0,0.2635505
0,0.26077607
0,0.27172175
0,0.26453394
0,0.26713508
0,0.26272175
0,0.26587692
0,0.27275103
0,0.25826225
0,0.25993073
0,0.26512048
0,0.2607292
0,0.26353246
0,0.25956604
0,0.2626408
0,0.25885785
0,0.2619367
0,0.26628202
0,0.26483268
0,0.2592214
0,0.25202388
0,0.2532735
0,0.25776726
0,0.25385195
0,0.25769365
0,0.25362772
0,0.26101393
0,0.25453097
0,0.25777885
0,0.25330988
0,0.2563981
0,0.25202703
0,0.25509593
0,0.25091583
0,0.25423396
0,0.2498335
0,0.253789
0,0.24923173
0,0.2532017
0,0.25931302
0,0.2570854
0,0.26143157
0,0.26182228
0,0.26426685
0,0.27147967
0,0.267919
0,0.26221877
0,0.26512876
0,0.26073396
0,0.26396036
0,0.2596528
0,0.2633178
0,0.25836912
0,0.2622506
0,0.25724033
0,0.26130325
0,0.25596216
0,0.26051003
0,0.25494602
0,0.25997794
0,0.25412908
0,0.25896192
0,0.25699246
0,0.25985116
0,0.25379455
0,0.25879526
0,0.25297707
0,0.25791392
0,0.31055552
0,0.28075382
0,0.2783563
0,0.27657107
0,0.27361637
0,0.2687545
0,0.26915583
0,0.26537272
0,0.26670823
0,0.26411623
0,0.2648311
0,0.26241824
0,0.263449
0,0.26081616
0,0.26221886
0,0.26028153
0,0.26163533
0,0.25915968
0,0.26152477
0,0.25955594
0,0.25996998
0,0.2584309
0,0.25947285
0,0.25720888
0,0.25834462
0,0.2644124
0,0.26097512
0,0.25815234
0,0.258749
0,0.25672075
0,0.2561864
0,0.2544429
0,0.27693933
0,0.26135147
0,0.25935704
0,0.25666276
0,0.25568435
0,0.2645101
0,0.25696737
0,0.25450745
0,0.25286433
0,0.25100535
0,0.25077552
0,0.24931283
0,0.2485232
0,0.24772833
0,0.24657056
0,0.24659364
0,0.24584042
0,0.24533637
0,0.24507727
0,0.24476437
0,0.2445034
0,0.24439825
0,0.25394252
0,0.25782785
0,0.25005868
0,0.25802344
0,0.26198822
0,0.2627004
0,0.2641062
0,0.2638861
0,0.2582313
0,0.26695237
0,0.26629063
0,0.2658801
0,0.26594532
0,0.26448423
0,0.2645125
0,0.26368353
0,0.26389575
0,0.26397908
0,0.265697
0,0.26517597
0,0.2639053
0,0.2627306
0,0.26229897
0,0.26208982
0,0.2618773
0,0.26099417
0,0.2605871
0,0.26404616
0,0.26115385
0,0.26064086
0,0.25953284
0,0.25905955
0,0.25874895
0,0.25840813
0,0.25752705
0,0.26573285
0,0.25983363
0,0.2589736
0,0.25743815
0,0.25697365
0,0.25574753
0,0.25540623
0,0.2647728
0,0.2587185
0,0.25563195
0,0.25520587
0,0.25357294
0,0.25327456
0,0.25213924
0,0.25203818
0,0.2504961
0,0.25127542
0,0.26110676
0,0.2546221
0,0.25185817
0,0.2517078
0,0.24965979
0,0.24954748
0,0.24804994
0,0.24776413
0,0.24713376
0,0.24681094
0,0.254668
0,0.24934039
0,0.24764745
0,0.24723598
0,0.24517548
0,0.24490017
0,0.24589755
0,0.24483116
0,0.25493336
0,0.24839063
0,0.2558196
0,0.25949484
0,0.2610511
0,0.2635517
0,0.26317275
0,0.26519343
0,0.2639092
0,0.26566333
0,0.26422837
0,0.26560098
0,0.26401928
0,0.26545814
0,0.26369864
0,0.2646187
0,0.26270267
0,0.26324236
0,0.26126504
0,0.2628103
0,0.2688641
0,0.2652742
0,0.26252478
0,0.26304138
0,0.25013745
0,0.25714
0,0.26080117
0,0.2596112
0,0.25622386
0,0.25858954
0,0.25715697
0,0.25790197
0,0.25664073
0,0.25763106
0,0.25623226
0,0.2572046
0,0.2552027
0,0.25601652
0,0.25434986
0,0.25931293
0,0.2591899
0,0.25739914
0,0.2547974
0,0.2558234
0,0.2532052
0,0.25396895
0,0.25134453
0,0.25240666
0,0.25088438
0,0.25174078
0,0.24995431
0,0.25030968
0,0.24854694
0,0.24995431
0,0.2479997
0,0.24882999
0,0.24707432
0,0.24757417
0,0.24611455
0,0.24819797
0,0.25668013
0,0.2511198
0,0.2676571
0,0.25600845
0,0.26181677
0,0.25477147
0,0.2625726
0,0.25440416
0,0.26117772
0,0.25275907
0,0.25941303
0,0.26223612
0,0.2631926
0,0.26446483
0,0.26418796
0,0.26580417
0,0.26461735
0,0.2659218
0,0.26431823
0,0.27716735
0,0.27173185
0,0.26958093
0,0.26658356
0,0.2662943
0,0.2640278
0,0.26421586
0,0.2682784
0,0.26522574
0,0.26790136
0,0.2652223
0,0.26319194
0,0.2641454
0,0.2614696
0,0.26143852
0,0.25975263
0,0.26036355
0,0.25875565
0,0.2591528
0,0.25812057
0,0.25193158
0,0.25440007
0,0.2562705
0,0.25584838
0,0.2563101
0,0.25469065
0,0.25592107
0,0.25383338
0,0.25503868
0,0.2530201
0,0.258151
0,0.2535618
0,0.25416768
0,0.25199378
0,0.2523659
0,0.25063726
0,0.2510678
0,0.24917673
0,0.2612349
0,0.25621587
0,0.2575801
0,0.25217977
0,0.25208527
0,0.249217
0,0.24917704
0,0.24704602
0,0.24737838
0,0.2562324
0,0.24985333
0,0.25818607
0,0.25097352
0,0.25854632
0,0.25675556
0,0.2654071
0,0.2632996
0,0.26608017
0,0.27008784
0,0.27186653
0,0.2684513
0,0.4100048
0,0.33370993
0,0.31202105
0,0.29927686
0,0.29094929
0,0.28596005
0,0.27656755
0,0.27829072
0,0.28204802
0,0.27794713
0,0.27131733
0,0.27175614
0,0.32639873
0,0.29815826
0,0.28784174
0,0.2834166
0,0.2790602
0,0.28915542
0,0.273449
0,0.27447024
0,0.27136937
0,0.2729054
0,0.26630297
0,0.26922154
0,0.37098193
0,0.309463
0,0.3045988
0,0.2880564
0,0.2778092
0,0.27260843
0,0.28839907
0,0.27378678
0,0.27881613
0,0.27829042
0,0.26925552
0,0.2762842
0,0.26604116
0,0.26272318
0,0.27085635
0,0.2726508
0,0.2638964
0,0.26012358
0,0.25857106
0,0.26836672
0,0.2704902
0,0.26159924
0,0.26963747
0,0.25992954
0,0.25754026
0,0.25493172
0,0.25412077
0,0.26197484
0,0.25604266
0,0.26411423
0,0.25581115
0,0.25264084
0,0.26174146
0,0.2644974
0,0.26631084
0,0.25656322
0,0.26383772
0,0.2765289
0,0.25957373
0,0.2655186
0,0.273906
0,0.25934008
0,0.2541599
0,0.26148596
0,0.26317698
0,0.26441467
0,0.25803658
0,0.26787627
0,0.27137896
0,0.2683115
0,0.2671083
0,0.26760083
0,0.2781206
0,0.27046546
0,0.29222354
0,0.27854738
0,0.2788116
0,0.2734206
0,0.26014405
0,0.2644273
0,0.2691424
0,0.26636988
0,0.2686955
0,0.26898834
0,0.26521382
0,0.264751
0,0.2636523
0,0.26244134
0,0.26219156
0,0.29682568
0,0.27458376
0,0.27112344
0,0.27446672
0,0.2677204
0,0.2651415
0,0.26282683
0,0.26190126
0,0.26032573
0,0.26465252
0,0.2627282
0,0.26077262
0,0.25886488
0,0.25851405
0,0.25690117
0,0.2565978
0,0.25515255
0,0.2549502
0,0.26458162
0,0.26914525
0,0.2711519
0,0.2676043
0,0.26095223
0,0.25880975
0,0.27164054
0,0.2607644
0,0.2681147
0,0.27080563
0,0.26080474
0,0.2576693
0,0.25457639
0,0.26348665
0,0.2664481
0,0.26784265
0,0.2585734
0,0.2548221
0,0.25296855
0,0.2507002
0,0.26161867
0,0.25296718
0,0.26144266
0,0.25311083
0,0.25061116
0,0.24906152
0,0.24754944
0,0.24631721
0,0.25630376
0,0.24893865
0,0.25750858
0,0.26135653
0,0.26297715
0,0.26381135
0,0.2761434
0,0.2813969
0,0.27342632
0,0.27110583
0,0.2698271
0,0.2684704
0,0.27208057
0,0.27438167
0,0.27037016
0,0.26848572
0,0.2679021
0,0.26677114
0,0.2661464
0,0.26523274
0,0.26941308
0,0.259981
0,0.26298144
0,0.26235083
0,0.26271638
0,0.27394965
0,0.26649728
0,0.27384531
0,0.2676315
0,0.26552704
0,0.26376677
0,0.2632815
0,0.26390687
0,0.26237634
0,0.2614411
0,0.2659676
0,0.25774
0,0.25885153
0,0.29382655
0,0.2712634
0,0.2676318
0,0.26419464
0,0.2624299
0,0.26044014
0,0.25961962
0,0.26874045
0,0.26186863
0,0.25906485
0,0.2695552
0,0.2605501
0,0.26949278
0,0.26117167
0,0.2589957
0,0.26750034
0,0.27086353
0,0.27167588
0,0.27339658
0,0.2628228
0,0.2820243
0,0.27625883
0,0.27613825
0,0.26495782
0,0.26494375
0,0.25930032
0,0.26760906
0,0.269396
0,0.271082
0,0.26130903
0,0.25735432
0,0.26494208
0,0.26832333
0,0.25805384
0,0.2662737
0,0.25666732
0,0.26517698
0,0.2657985
0,0.2676491
0,0.30440718
0,0.28381395
0,0.27868024
0,0.27687064
0,0.2737604
0,0.27727392
0,0.26247984
0,0.26795977
0,0.26733616
0,0.25730747
0,0.26849794
0,0.26720822
0,0.26580748
0,0.26681244
0,0.26604694
0,0.27809712
0,0.2701833
0,0.26920778
0,0.2714235
0,0.26854497
0,0.265697
0,0.26729912
0,0.26424167
0,0.2650394
0,0.26268554
0,0.26305583
0,0.26164454
0,0.26258323
0,0.26060143
0,0.26198766
0,0.25899947
0,0.26087597
0,0.2686193
0,0.26366052
0,0.25660667
0,0.26444337
0,0.26025996
0,0.2609692
0,0.25821108
0,0.26460472
0,0.25851303
0,0.25971854
0,0.26741397
0,0.26240608
0,0.26937497
0,0.26307926
0,0.2672785
0,0.26211417
0,0.26837304
0,0.2619799
0,0.26879466
0,0.2613888
0,0.25697747
0,0.25716934
0,0.2641108
0,0.25982246
0,0.26500374
0,0.27045593
0,0.26911932
0,0.27266365
0,0.27048618
0,0.2739113
0,0.27059317
0,0.2736585
0,0.27103427
0,0.2792073
0,0.27370986
0,0.2648187
0,0.2667606
0,0.2710755
0,0.26711082
0,0.27113655
0,0.26748905
0,0.27113542
0,0.2570248
0,0.26690266
0,0.26477057
0,0.25731987
0,0.27611417
0,0.26066136
0,0.26321155
0,0.26706076
0,0.27009055
0,0.2597033
0,0.2611194
0,0.26563308
0,0.26235303
0,0.265262
0,0.2621272
0,0.26451427
0,0.27513874
0,0.26991805
0,0.26462516
0,0.26706713
0,0.26241946
0,0.26488152
0,0.2602159
0,0.26288942
0,0.25883704
0,0.26272506
0,0.2583717
0,0.2736364
0,0.26194423
0,0.26850936
0,0.27164236
0,0.26750728
0,0.27194595
0,0.26758814
0,0.2721436
0,0.26730123
0,0.26028046
0,0.26741982
0,0.26891172
0,0.2650838
0,0.26930407
0,0.26527134
0,0.2640177
0,0.26241452
0,0.25670844
0,0.2587261
0,0.253395
0,0.25797713
0,0.26305225
0,0.2590222
0,0.26421466
0,0.26001102
0,0.26460186
0,0.2599301
0,0.253841
0,0.26672783
0,0.26525736
0,0.25974342
0,0.2639403
0,0.26928115
0,0.26740184
0,0.26102152
0,0.26428297
0,0.26942736
0,0.2665211
0,0.25999328
0,0.26326597
0,0.25790024
0,0.261135
0,0.25617063
0,0.25950783
0,0.2543082
0,0.25756788
0,0.25107533
0,0.25644988
0,0.26258716
0,0.26024905
0,0.26492766
0,0.26102552
0,0.25479624
0,0.25730595
0,0.26357627
0,0.25927788
0,0.25786713
0,0.2581661
0,0.26676646
0,0.26046515
0,0.26387542
0,0.25956345
0,0.26244646
0,0.25846434
0,0.26206693
0,0.25796738
0,0.26076058
0,0.2681792
0,0.2643721
0,0.2708548
0,0.26599413
0,0.2606639
0,0.26237553
0,0.25850838
0,0.26076165
0,0.2679324
0,0.26368004
0,0.25855318
0,0.26013392
0,0.26707894
0,0.2729429
0,0.2724428
0,0.26547757
0,0.27511537
0,0.26629105
0,0.26089418
0,0.26576045
0,0.26839218
0,0.2632048
0,0.2569429
0,0.25837615
0,0.25296766
0,0.2554762
0,0.25082266
0,0.25341943
0,0.25938147
0,0.25669304
0,0.26571736
0,0.2592574
0,0.2676649
0,0.27137786
0,0.26805753
0,0.26223385
0,0.26452827
0,0.27030376
0,0.26658782
0,0.2603745
0,0.2626452
0,0.2682003
0,0.26373586
0,0.2686507
0,0.26371464
0,0.25799587
0,0.2599918
0,0.25446352
0,0.25730404
0,0.2629993
0,0.26384503
0,0.25511593
0,0.258032
0,0.2517744
0,0.2557615
0,0.25054303
0,0.25470418
0,0.26012066
0,0.25955674
0,0.2625216
0,0.25906968
0,0.2631989
0,0.25967672
0,0.25259742
0,0.25478014
0,0.26180026
0,0.25729334
0,0.2604329
0,0.26756772
0,0.2650476
0,0.26000193
0,0.26302525
0,0.2580096
0,0.2607564
0,0.26730263
0,0.26447412
0,0.26957718
0,0.26915607
0,0.27116022
0,0.28125978
0,0.2766368
0,0.26962146
0,0.26257333
0,0.26322696
0,0.2575807
0,0.25951666
0,0.25529626
0,0.25736535
0,0.26390964
0,0.25991815
0,0.2656598
0,0.26049405
0,0.2554505
0,0.25694925
0,0.2631375
0,0.25842676
0,0.26402003
0,0.2590142
0,0.2638807
0,0.26916182
0,0.2571658
0,0.2572245
0,0.26263165
0,0.25788414
0,0.26250577
0,0.25723588
0,0.2622094
0,0.25701076
0,0.26144788
0,0.25990194
0,0.26177576
0,0.26692206
0,0.2643034
0,0.26869047
0,0.2652233
0,0.26862106
0,0.26430404
0,0.2702484
0,0.26948252
0,0.26410347
0,0.26265958
0,0.2663919
0,0.2623864
0,0.2558816
0,0.2586531
0,0.25285852
0,0.2554411
0,0.25082177
0,0.25359365
0,0.25970525
0,0.26114795
0,0.25439093
0,0.25489748
0,0.25035325
0,0.25199252
0,0.2586037
0,0.25480053
0,0.25965312
0,0.25610748
0,0.26052502
0,0.27039868
0,0.27095726
0,0.26082343
0,0.27448317
0,0.26176748
0,0.26416656
0,0.26884058
0,0.264599
0,0.2727354
0,0.26184696
0,0.2678998
0,0.26427
0,0.26214686
0,0.26900783
0,0.25803342
0,0.26093805
0,0.26513776
0,0.26226914
0,0.26547143
0,0.2624177
0,0.26580855
0,0.262443
0,0.2552075
0,0.25984168
0,0.2628678
0,0.26002073
0,0.26383883
0,0.26017535
0,0.26421168
0,0.2599691
0,0.26289135
0,0.2592245
0,0.2629052
0,0.2581686
0,0.262469
0,0.2689888
0,0.26617354
0,0.26036277
0,0.26320994
0,0.2578888
0,0.26506475
0,0.25937408
0,0.2616229
0,0.2563068
0,0.25959453
0,0.25398928
0,0.26260385
0,0.25518245
0,0.258021
0,0.2637306
0,0.2613901
0,0.26616213
0,0.2626663
0,0.26664308
0,0.26305634
0,0.2665315
0,0.2797108
0,0.27236685
0,0.26682335
0,0.2571672
0,0.25869873
0,0.25241402
0,0.26641104
0,0.26434675
0,0.26114243
0,0.26468292
0,0.2601144
0,0.26524946
0,0.26053834
0,0.264637
0,0.26421562
0,0.26909417
0,0.2623195
0,0.26348162
0,0.25978276
0,0.25152713
0,0.26522064
0,0.2621942
0,0.26953304
0,0.26486665
0,0.2712662
0,0.26598656
0,0.27169397
0,0.26552334
0,0.27123955
0,0.2646167
0,0.25911823
0,0.25949317
0,0.2666634
0,0.26096225
0,0.2681774
0,0.2621017
0,0.26817968
0,0.2621612
0,0.27586982
0,0.2756289
0,0.27382153
0,0.2712324
0,0.2719609
0,0.26425326
0,0.2577175
0,0.25733334
0,0.25213215
0,0.26437163
0,0.25345057
0,0.2547287
0,0.26105365
0,0.25605044
0,0.26153517
0,0.25502828
0,0.26125613
0,0.25592086
0,0.26130107
0,0.25536507
0,0.27151465
0,0.26822397
0,0.26672876
0,0.27064475
0,0.26747787
0,0.2709333
0,0.26767042
0,0.27053034
0,0.26786253
0,0.27026314
0,0.26695907
0,0.25888604
0,0.2618557
0,0.2549389
0,0.25906247
0,0.26371315
0,0.26564905
0,0.2568503
0,0.2588942
0,0.26403633
0,0.2608705
0,0.27686492
0,0.26636237
0,0.25760454
0,0.25973326
0,0.2637441
0,0.26887208
0,0.25665233
0,0.2587659
0,0.25284427
0,0.2552683
0,0.26059005
0,0.25785792
0,0.26076296
0,0.26843232
0,0.2650902
0,0.26082614
0,0.26234475
0,0.2694312
0,0.26463553
0,0.25973248
0,0.2610879
0,0.26771227
0,0.2711499
0,0.26140124
0,0.26201475
0,0.25767496
0,0.26249054
0,0.25660118
0,0.2587181
0,0.2651607
0,0.26104897
0,0.26657292
0,0.2619796
0,0.26693532
0,0.27323005
0,0.26341218
0,0.26177648
0,0.26624078
0,0.2718332
0,0.27083296
0,0.26356283
0,0.25760645
0,0.27127057
0,0.25802478
0,0.25748646
0,0.25323254
0,0.25341263
0,0.2616272
0,0.266037
0,0.26596203
0,0.26906297
0,0.26761347
0,0.25931346
0,0.2641564
0,0.25723696
0,0.2623003
0,0.26663077
0,0.26576743
0,0.26858672
0,0.26619035
0,0.26811218
0,0.26658034
0,0.25846595
0,0.2617739
0,0.26567814
0,0.27526623
0,0.26028386
0,0.26322654
0,0.25503778
0,0.2596383
0,0.26323232
0,0.2616024
0,0.26401335
0,0.2623411
0,0.26460677
0,0.2625355
0,0.2639938
0,0.26242098
0,0.26412746
0,0.26162076
0,0.26328862
0,0.26107064
0,0.26225677
0,0.2594375
0,0.2614594
0,0.2597875
0,0.26840293
0,0.26177704
0,0.26238582
0,0.27030772
0,0.26470625
0,0.2608916
0,0.26180655
0,0.26979905
0,0.26490325
0,0.2620006
0,0.26119736
0,0.26347938
0,0.26139668
0,0.2586285
0,0.25870603
0,0.26710853
0,0.2608542
0,0.26844427
0,0.2620867
0,0.25716174
0,0.2572012
0,0.25962183
0,0.26757386
0,0.26928473
0,0.26124552
0,0.25714073
0,0.26649967
0,0.2683757
0,0.26017123
0,0.26652256
0,0.25787684
0,0.2568208
0,0.25395074
0,0.25121891
0,0.25029454
0,0.25919184
0,0.25204468
0,0.2600608
0,0.26308286
0,0.2543291
0,0.266444
0,0.26755506
0,0.25673217
0,0.25324517
0,0.2501695
0,0.25839764
0,0.26062664
0,0.26255274
0,0.263495
0,0.25359866
0,0.2591626
0,0.25083798
0,0.25711533
0,0.25997192
0,0.26074907
0,0.26173243
0,0.26127955
0,0.26228258
0,0.26219922
0,0.2619648
0,0.2610574
0,0.2661964
0,0.26188153
0,0.26224187
0,0.26705924
0,0.26335275
0,0.26145807
0,0.26141658
0,0.25971505
0,0.25964367
0,0.25766063
0,0.2577824
0,0.2570499
0,0.25779247
0,0.25637016
0,0.2556598
0,0.26633546
0,0.2586866
0,0.2571139
0,0.25578427
0,0.25462347
0,0.25383765
0,0.2633944
0,0.2665339
0,0.26910043
0,0.26036796
0,0.2570105
0,0.2553916
0,0.2528665
0,0.26720247
0,0.2665429
0,0.25863507
0,0.25852793
0,0.26737016
0,0.2565756
0,0.25390935
0,0.25780368
0,0.25427237
0,0.26050434
0,0.26396993
0,0.26169842
0,0.25445312
0,0.25648412
0,0.261741
0,0.2633084
0,0.25425747
0,0.26041597
0,0.2627563
0,0.26325133
0,0.26401022
0,0.2648807
0,0.265514
0,0.26418397
0,0.2653199
0,0.26433676
0,0.2652622
0,0.26394063
0,0.26533943
0,0.26445815
0,0.26488495
0,0.26364645
0,0.26971892
0,0.2650263
0,0.26535457
0,0.26384717
0,0.26813555
0,0.2533921
0,0.26029608
0,0.26897603
0,0.2650339
0,0.26712766
0,0.26493055
0,0.26248887
0,0.26621294
0,0.2622509
0,0.26193243
0,0.26037908
0,0.2602643
0,0.25932562
0,0.25936013
0,0.25803635
0,0.2581901
0,0.27259701
0,0.2634935
0,0.26050472
0,0.25891808
0,0.26804498
0,0.2609672
0,0.25795266
0,0.27237627
0,0.27171114
0,0.26347592
0,0.25913423
0,0.25861368
0,0.25562444
0,0.25372493
0,0.25268018
0,0.25606987
0,0.25230238
0,0.2516198
0,0.2501413
0,0.26040894
0,0.25765398
0,0.26555255
0,0.26671585
0,0.2686324
0,0.27385077
0,0.27196866
0,0.26044092
0,0.26715243
0,0.2570307
0,0.26385775
0,0.26529282
0,0.25535545
0,0.25192755
0,0.2594621
0,0.26095277
0,0.26216638
0,0.26317504
0,0.26357728
0,0.26350343
0,0.26416796
0,0.2641409
0,0.264121
0,0.26440158
0,0.26338702
0,0.2630211
0,0.26266468
0,0.26264876
0,0.2635787
0,0.26311514
0,0.26194975
0,0.26546603
0,0.26262653
0,0.26136515
0,0.2605316
0,0.2673937
0,0.2624591
0,0.2607359
0,0.26019743
0,0.25947115
0,0.25829613
0,0.25654122
0,0.25660157
0,0.26686034
0,0.26036826
0,0.25817895
0,0.2578224
0,0.2716779
0,0.262579
0,0.26988629
0,0.26321357
0,0.26233935
0,0.2704219
0,0.2608327
0,0.25966397
0,0.2609481
0,0.26878557
0,0.26978096
0,0.2732442
0,0.27284524
0,0.26385096
0,0.2696705
0,0.27306083
0,0.26138642
0,0.2595552
0,0.25531217
0,0.2654427
0,0.2554745
0,0.2652923
0,0.2717393
0,0.27237967
0,0.27133462
0,0.27275902
0,0.27120206
0,0.2613195
0,0.25631657
0,0.26462218
0,0.26606286
0,0.2572021
0,0.25313124
0,0.25103536
0,0.25860947
0,0.2617321
0,0.26290992
0,0.26517895
0,0.26527253
0,0.27166066
0,0.2736129
0,0.27040797
0,0.26807052
0,0.26826453
0,0.2661868
0,0.26717559
0,0.2650367
0,0.27131695
0,0.2663913
0,0.26676425
0,0.26430717
0,0.27061743
0,0.26437396
0,0.2645615
0,0.26201084
0,0.26152086
0,0.25977153
0,0.26184094
0,0.2606851
0,0.26088628
0,0.25866425
0,0.2616051
0,0.26955763
0,0.26452327
0,0.27175558
0,0.26605108
0,0.27199227
0,0.26560238
0,0.27696872
0,0.267965
0,0.27326095
0,0.26683983
0,0.2716056
0,0.26546213
0,0.26046807
0,0.26496398
0,0.26889512
0,0.26272044
0,0.25782654
0,0.2582296
0,0.254144
0,0.25542855
0,0.25168684
0,0.26420128
0,0.26540023
0,0.25908867
0,0.26652423
0,0.27103716
0,0.2686303
0,0.26164776
0,0.26636633
0,0.25963256
0,0.26429072
0,0.25862333
0,0.26279834
0,0.26775986
0,0.2661773
0,0.2587222
0,0.26256165
0,0.2663718
0,0.26532426
0,0.25767276
0,0.26169848
0,0.26551965
0,0.26318133
0,0.26630765
0,0.26464048
0,0.25582367
0,0.25956848
0,0.26269537
0,0.26167014
0,0.2635644
0,0.26219544
0,0.2641356
0,0.26173198
0,0.2641303
0,0.26074913
0,0.26370615
0,0.26091582
0,0.26312202
0,0.260551
0,0.2644794
0,0.2620648
0,0.26359376
0,0.26066706
0,0.26234794
0,0.25963438
0,0.26131347
0,0.259259
0,0.26010182
0,0.2580917
0,0.25927633
0,0.25700957
0,0.25869948
0,0.26751852
0,0.2618388
0,0.2588276
0,0.25849283
0,0.25787786
0,0.25696772
0,0.2552167
0,0.2660906
0,0.2575609
0,0.2568594
0,0.25414756
0,0.2543582
0,0.2520364
0,0.2607464
0,0.25387746
0,0.2645949
0,0.274278
0,0.27299407
0,0.27238977
0,0.26268488
0,0.25762397
0,0.2556069
0,0.2643398
0,0.25630757
0,0.26342377
0,0.25584924
0,0.26217183
0,0.2596187
0,0.26344725
0,0.2667701
0,0.26592037
0,0.26892614
0,0.26724613
0,0.257582
0,0.26380184
0,0.25561014
0,0.26127017
0,0.26336688
0,0.26340398
0,0.26472557
0,0.26936287
0,0.26713097
0,0.26612246
0,0.26587036
0,0.265073
0,0.2653917
0,0.26478592
0,0.26459017
0,0.26366854
0,0.26486155
0,0.26356876
0,0.2582024
0,0.26128438
0,0.2614211
0,0.26318812
0,0.2622614
0,0.26153582
0,0.26101542
0,0.26078895
0,0.26079363
0,0.2596877
0,0.25948316
0,0.2593185
0,0.25931635
0,0.2585357
0,0.2585064
0,0.2579041
0,0.25747907
0,0.25741106
0,0.25783104
0,0.2567249
0,0.26679423
0,0.25968865
0,0.2690499
0,0.27165216
0,0.26357234
0,0.27154115
0,0.2739301
0,0.27498353
0,0.26514307
0,0.27263537
0,0.27416557
0,0.26423967
0,0.2716718
0,0.26190513
0,0.2584594
0,0.26748323
0,0.2601217
0,0.25672927
0,0.2544044
0,0.25319403
0,0.2624401
0,0.26175475
0,0.2557487
0,0.2669788
0,0.25695232
0,0.25349584
0,0.25168332
0,0.25962222
0,0.26347873
0,0.25443372
0,0.2620997
0,0.2638399
0,0.2544401
0,0.25059792
0,0.25414565
0,0.24879703
0,0.24789676
0,0.2557912
0,0.25847998
0,0.26068452
0,0.2660362
0,0.26508868
0,0.27824157
0,0.27022994
0,0.26782802
0,0.27198198
0,0.26744837
0,0.28053543
0,0.269894
0,0.26920402
0,0.2666573
0,0.26644945
0,0.26502484
0,0.26492137
0,0.26312664
0,0.2686999
0,0.26439887
0,0.2646902
0,0.26200098
0,0.26262376
0,0.250479
0,0.2579489
0,0.25683892
0,0.25828388
0,0.25723568
0,0.25942802
0,0.25769502
0,0.25898945
0,0.2576439
0,0.25846562
0,0.2567736
0,0.25806114
0,0.26697648
0,0.26090866
0,0.2747047
0,0.2685336
0,0.26142657
0,0.26037064
0,0.25651836
0,0.25617394
0,0.25392976
0,0.25495672
0,0.26219505
0,0.25686085
0,0.25387186
0,0.25857472
0,0.2532855
0,0.26462218
0,0.25503495
0,0.2652281
0,0.26058364
0,0.26683053
0,0.26674423
0,0.2589717
0,0.26482433
0,0.26795608
0,0.25630155
0,0.26585498
0,0.26589054
0,0.2676516
0,0.25636172
0,0.25435773
0,0.2604621
0,0.2577968
0,0.26086006
0,0.25386152
0,0.26047608
0,0.25290284
0,0.2586041
0,0.26210937
0,0.2613249
0,0.26384968
0,0.2615093
0,0.26437703
0,0.26387203
0,0.2649049
0,0.26300576
0,0.26469252
0,0.26217365
0,0.2682664
0,0.26376885
0,0.26424256
0,0.2629813
0,0.26345646
0,0.26095834
0,0.2618988
0,0.26273856
0,0.262385
0,0.2592527
0,0.26053342
0,0.26881742
0,0.26431617
0,0.25982478
0,0.26070282
0,0.26891828
0,0.2636157
0,0.25962862
0,0.26023072
0,0.26817393
0,0.2627693
0,0.25844753
0,0.25879988
0,0.26594204
0,0.26019192
0,0.25625458
0,0.2569548
0,0.264904
0,0.27009666
0,0.2703055
0,0.26273006
0,0.25683787
0,0.26634258
0,0.2565111
0,0.2556189
0,0.251832
0,0.25250387
0,0.24895515
0,0.30993775
0,0.27054724
0,0.26524657
0,0.2575295
0,0.26637194
0,0.25564817
0,0.25435802
0,0.26166534
0,0.26467803
0,0.26464432
0,0.25687703
0,0.26205117
0,0.25942114
0,0.26227927
0,0.26543015
0,0.2753733
0,0.27114707
0,0.2678634
0,0.25887474
0,0.26231647
0,0.25436255
0,0.25912133
0,0.25203976
0,0.25774366
0,0.26082176
0,0.24636741
0,0.25627106
0,0.25749266
0,0.25999352
0,0.25952226
0,0.26122952
0,0.2600478
0,0.26203838
0,0.26658797
0,0.2638192
0,0.26156086
0,0.26324832
0,0.26025233
0,0.2614189
0,0.25972837
0,0.26052648
0,0.25862062
0,0.2592198
0,0.25800198
0,0.25966835
0,0.25771543
0,0.258502
0,0.2621008
0,0.26073462
0,0.2581615
0,0.25805175
0,0.25683156
0,0.2570218
0,0.25583595
0,0.2559222
0,0.2549441
0,0.2555872
0,0.26553896
0,0.2698663
0,0.26105908
0,0.25830033
0,0.25467756
0,0.26468167
0,0.26815775
0,0.26119986
0,0.25782895
0,0.25566557
0,0.25377864
0,0.2630017
0,0.25532135
0,0.25322044
0,0.25109112
0,0.25045824
0,0.24910979
0,0.25880995
0,0.2515554
0,0.2599543
0,0.26253662
0,0.25424227
0,0.2502664
0,0.25962552
0,0.26134422
0,0.2638194
0,0.26449248
0,0.256602
0,0.33107197
0,0.27929866
0,0.27809423
0,0.26383078
0,0.2670669
0,0.26731357
0,0.26576886
0,0.26644483
0,0.2651714
0,0.26555878
0,0.2646617
0,0.26389885
0,0.2644015
0,0.26361153
0,0.26326996
0,0.2630816
0,0.26272386
0,0.26284018
0,0.26268935
0,0.26207533
0,0.26165432
0,0.26503864
0,0.26145768
0,0.26203734
0,0.2605572
0,0.26105762
0,0.25923517
0,0.26009104
0,0.25796035
0,0.25937074
0,0.2574145
0,0.2585308
0,0.2560119
0,0.25270358
0,0.25327525
0,0.25529617
0,0.2534452
0,0.24821444
0,0.25030988
0,0.25240466
0,0.26218528
0,0.25709912
0,0.2662834
0,0.25928962
0,0.26713312
0,0.26000512
0,0.26704794
0,0.27128908
0,0.26014256
0,0.26899815
0,0.27333283
0,0.26347503
0,0.26288414
0,0.26949877
0,0.26253393
0,0.25870776
0,0.26487118
0,0.25799698
0,0.2533175
0,0.2529383
0,0.26012644
0,0.26541045
0,0.25462046
0,0.25373152
0,0.2602561
0,0.25414422
0,0.26573116
0,0.2715638
0,0.2747421
0,0.27245784
0,0.26982155
0,0.26026008
0,0.26397055
0,0.2559183
0,0.26041728
0,0.2537746
0,0.25895166
0,0.25160527
0,0.25802132
0,0.26125
0,0.26047248
0,0.261789
0,0.26083425
0,0.2623939
0,0.2612222
0,0.26199552
0,0.26072222
0,0.2621941
0,0.26055875
0,0.2614037
0,0.26032168
0,0.2612702
0,0.25926265
0,0.26063356
0,0.25908998
0,0.25996414
0,0.25801942
0,0.2639178
0,0.25931334
0,0.26010045
0,0.25794667
0,0.25785106
0,0.2572755
0,0.25786403
0,0.25704306
0,0.2572108
0,0.25616735
0,0.25615817
0,0.26580226
0,0.25982064
0,0.2574943
0,0.2567769
0,0.26586857
0,0.25892696
0,0.25674644
0,0.25495836
0,0.26437548
0,0.25731096
0,0.25536606
0,0.26462784
0,0.2569598
0,0.26622358
0,0.25771117
0,0.26624587
0,0.25730774
0,0.27048004
0,0.25848258
0,0.2554375
0,0.2573573
0,0.2531824
0,0.26204562
0,0.25468823
0,0.25188082
0,0.2610972
0,0.2639056
0,0.25575045
0,0.2626361
0,0.265356
0,0.2549283
0,0.25255445
0,0.24966641
0,0.24825564
0,0.2463447
0,0.255824
0,0.25863647
0,0.26156
0,0.26253513
0,0.26414174
0,0.26370227
0,0.2655794
0,0.24781923
0,0.24849288
0,0.2544469
0,0.26951805
0,0.26262948
0,0.25385317
0,0.25810185
0,0.27266157
0,0.26409712
0,0.26543164
0,0.2635347
0,0.26411626
0,0.26140186
0,0.26288185
0,0.2600086
0,0.26137868
0,0.25866234
0,0.259846
0,0.258596
0,0.25997698
0,0.27135298
0,0.27610922
0,0.2657114
0,0.26447105
0,0.2607103
0,0.260544
0,0.2692335
0,0.26244134
0,0.25940678
0,0.26433748
0,0.25939566
0,0.25951508
0,0.26705682
0,0.26120338
0,0.26238087
0,0.27034882
0,0.27135107
0,0.26317948
0,0.2695248
0,0.26168433
0,0.32413217
0,0.29391265
0,0.28688756
0,0.2729602
0,0.2761085
0,0.27701145
0,0.27458268
0,0.27553356
0,0.2734388
0,0.27422184
0,0.27154103
0,0.27315035
0,0.26029038
0,0.27321512
0,0.26945588
0,0.2706784
0,0.26592243
0,0.26814717
0,0.26879257
0,0.2583237
0,0.2535797
0,0.26689792
0,0.26427963
0,0.26549134
0,0.26558343
0,0.25606868
0,0.27715886
0,0.2738649
0,0.2690436
0,0.2682611
0,0.26551208
0,0.26477355
0,0.26399705
0,0.26388615
0,0.26266626
0,0.2619884
0,0.2607386
0,0.2615422
0,0.2609626
0,0.26084432
0,0.26012728
0,0.25974604
0,0.25892788
0,0.25898963
0,0.26693526
0,0.26165414
0,0.26532862
0,0.26068354
0,0.25398594
0,0.2668796
0,0.26014203
0,0.2576497
0,0.25705346
0,0.25628024
0,0.25539708
0,0.26595914
0,0.2683281
0,0.27181846
0,0.2732703
0,0.27464473
0,0.27987817
0,0.27750406
0,0.27578172
0,0.2652132
0,0.2608087
0,0.26790926
0,0.2699267
0,0.27052712
0,0.2716327
0,0.27155685
0,0.27258685
0,0.27527896
0,0.2737713
0,0.26208344
0,0.2683845
0,0.25902823
0,0.2547116
0,0.2625549
0,0.25389588
0,0.26149416
0,0.25283307
0,0.24973412
0,0.2578991
0,0.26241493
0,0.26270938
0,0.2640511
0,0.2648274
0,0.2647417
0,0.26470482
0,0.2639994
0,0.26408166
0,0.263592
0,0.26358005
0,0.2745256
0,0.26737922
0,0.26521042
0,0.26378438
0,0.26252264
0,0.2612962
0,0.24994002
0,0.25585788
0,0.25616106
0,0.25656262
0,0.25709885
0,0.2572651
0,0.25697178
0,0.25669828
0,0.25702107
0,0.26563475
0,0.2597045
0,0.25890023
0,0.25835738
0,0.26803312
0,0.27189898
0,0.26271445
0,0.26042014
0,0.25825873
0,0.2564749
0,0.26677665
0,0.2822777
0,0.27593717
0,0.26557717
0,0.27154884
0,0.2730065
0,0.26245922
0,0.2697385
0,0.2705511
0,0.26149526
0,0.25713482
0,0.26560363
0,0.26755074
0,0.25890186
0,0.25446963
0,0.25282088
0,0.26160315
0,0.26458403
0,0.25514308
0,0.26381105
0,0.25420818
0,0.25167736
0,0.2593312
0,0.26205707
0,0.26331094
0,0.264994
0,0.2655334
0,0.26625463
0,0.26830134
0,0.26769596
0,0.27189058
0,0.26835066
0,0.26788422
0,0.26811075
0,0.26665023
0,0.26593262
0,0.2602852
0,0.26173797
0,0.26225585
0,0.2628386
0,0.25779748
0,0.26146546
0,0.2665722
0,0.26348603
0,0.2631524
0,0.26246852
0,0.26241577
0,0.26211408
0,0.26109433
0,0.26074225
0,0.25991452
0,0.2602257
0,0.2598556
0,0.2593897
0,0.25888285
0,0.25886327
0,0.25838286
0,0.25809428
0,0.25782758
0,0.26305866
0,0.25913894
0,0.25770646
0,0.2676283
0,0.27113667
0,0.26282364
0,0.2653504
0,0.2710467
0,0.2628789
0,0.27035132
0,0.27324712
0,0.2739697
0,0.2752597
0,0.27525052
0,0.2763643
0,0.26466995
0,0.27196133
0,0.26164824
0,0.25857046
0,0.25536716
0,0.26491892
0,0.2669327
0,0.26906163
0,0.2591551
0,0.2558922
0,0.2635162
0,0.2664426
0,0.2591973
0,0.2654233
0,0.25628296
0,0.25698465
0,0.25267118
0,0.25022957
0,0.2615877
0,0.262729
0,0.254021
0,0.26106608
0,0.25277942
0,0.26252815
0,0.26738265
0,0.26556835
0,0.2662251
0,0.27651662
0,0.25904727
0,0.2641849
0,0.26448432
0,0.2640622
0,0.26561376
0,0.26395038
0,0.2637797
0,0.26343545
0,0.2633701
0,0.26211393
0,0.26766655
0,0.2642025
0,0.26350063
0,0.26206538
0,0.26200783
0,0.27176806
0,0.2651751
0,0.26369873
0,0.26259658
0,0.26165503
0,0.26029792
0,0.26020262
0,0.2598803
0,0.25905305
0,0.2587096
0,0.25799286
0,0.25706145
0,0.25895178
0,0.2671862
0,0.2727046
0,0.2686841
0,0.26465178
0,0.26585415
0,0.26249644
0,0.2686651
0,0.26344395
0,0.26592517
0,0.27147427
0,0.2681112
0,0.26347563
0,0.26476464
0,0.26690528
0,0.2638633
0,0.266453
0,0.2645338
0,0.2724276
0,0.2650052
0,0.27600893
0,0.27071488
0,0.2639787
0,0.26250893
0,0.26028413
0,0.25931516
0,0.26818982
0,0.26123732
0,0.26922017
0,0.26229653
0,0.26974255
0,0.27320006
0,0.2628475
0,0.27154204
0,0.26125914
0,0.34591118
0,0.28980044
0,0.27778137
0,0.26887098
0,0.2750776
0,0.26317382
0,0.27620617
0,0.26158515
0,0.25938195
0,0.25452775
0,0.26396602
0,0.2550175
0,0.26668897
0,0.26095906
0,0.2561052
0,0.26245466
0,0.2554904
0,0.26202232
0,0.25525492
0,0.2616563
0,0.26454097
0,0.2645949
0,0.2566066
0,0.2617283
0,0.26546395
0,0.26824188
0,0.26776546
0,0.27740598
0,0.27171496
0,0.26889974
0,0.27939993
0,0.269953
0,0.26986486
0,0.26717377
0,0.26682013
0,0.27019912
0,0.26704207
0,0.26491952
0,0.26511276
0,0.26308146
0,0.2627792
0,0.264413
0,0.25754017
0,0.25298014
0,0.2577314
0,0.2572484
0,0.25811166
0,0.2571005
0,0.25786096
0,0.25690818
0,0.25713864
0,0.2561359
0,0.256631
0,0.25521314
0,0.25574997
0,0.26687855
0,0.26043627
0,0.2685707
0,0.2724161
0,0.26928592
0,0.262413
0,0.2592778
0,0.2685641
0,0.26995593
0,0.26163006
0,0.269179
0,0.27173996
0,0.27220383
0,0.26259044
0,0.25917414
0,0.26732093
0,0.25869316
0,0.26641023
0,0.26853326
0,0.26190504
0,0.2574008
0,0.2497688
0,0.26129144
0,0.25411493
0,0.26288888
0,0.25438324
0,0.25226244
0,0.25990793
0,0.25312462
0,0.26060605
0,0.2633019
0,0.25410995
0,0.26162654
0,0.26302934
0,0.2643225
0,0.2538631
0,0.26109523
0,0.262392
0,0.2629126
0,0.26354203
0,0.2688138
0,0.26542783
0,0.26522052
0,0.26445383
0,0.2648713
0,0.26363766
0,0.2636916
0,0.26260197
0,0.26237532
0,0.26195052
0,0.2776964
0,0.2667178
0,0.26566964
0,0.26399446
0,0.2635027
0,0.2513426
0,0.2577478
0,0.25729534
0,0.2586097
0,0.25718802
0,0.2582455
0,0.25722036
0,0.25769073
0,0.25684255
0,0.25669223
0,0.25650898
0,0.25658062
0,0.25617942
0,0.2559883
0,0.26633716
0,0.25945762
0,0.2580043
0,0.26197672
0,0.25758153
0,0.27215636
0,0.26043996
0,0.25866368
0,0.26751286
0,0.27060398
0,0.27200127
0,0.27286303
0,0.27387634
0,0.26374993
0,0.25880107
0,0.25684974
0,0.26486155
0,0.26813146
0,0.2588968
0,0.25572592
0,0.26386866
0,0.26636437
0,0.25690523
0,0.2644975
0,0.25642464
0,0.253134
0,0.26221463
0,0.27371857
0,0.25932404
0,0.25470147
0,0.25178298
0,0.24947374
0,0.2587794
0,0.25862843
0,0.2624258
0,0.26360118
0,0.2540004
0,0.26120913
0,0.25183904
0,0.2590371
0,0.26119924
0,0.26194558
0,0.262936
0,0.2632133
0,0.27472153
0,0.2675511
0,0.2671989
0,0.26513556
0,0.2648408
0,0.26377764
0,0.26315376
0,0.2625136
0,0.2617281
0,0.26079363
0,0.26007605
0,0.25997835
0,0.25989336
0,0.25860003
0,0.2592107
0,0.25880334
0,0.25807953
0,0.25833428
0,0.2578251
0,0.25750786
0,0.25644058
0,0.25653306
0,0.2565811
0,0.25635976
0,0.25653926
0,0.2560386
0,0.255692
0,0.25115785
0,0.26401553
0,0.26009607
0,0.2677075
0,0.26014894
0,0.25747946
0,0.26742828
0,0.27087775
0,0.27249455
0,0.26249653
0,0.25954768
0,0.2568563
0,0.2559164
0,0.2649154
0,0.25757557
0,0.26581618
0,0.25739428
0,0.26585898
0,0.26869878
0,0.27045625
0,0.26095545
0,0.27513316
0,0.26228848
0,0.26887
0,0.259529
0,0.2607066
0,0.25610116
0,0.25316373
0,0.2518587
0,0.26044676
0,0.25704113
0,0.25129947
0,0.25526398
0,0.26022157
0,0.25257614
0,0.26054844
0,0.26307333
0,0.2639423
0,0.26588476
0,0.2653622
0,0.2566837
0,0.2731269
0,0.2578258
0,0.3548715
0,0.30233717
0,0.2888542
0,0.2941976
0,0.28102902
0,0.27715132
0,0.2726485
0,0.2714789
0,0.2714352
0,0.26923528
0,0.26622275
0,0.26658857
0,0.2700513
0,0.26649287
0,0.2649051
0,0.26548672
0,0.26820716
0,0.26569077
0,0.263468
0,0.26350775
0,0.26201347
0,0.26225215
0,0.26146945
0,0.26047015
0,0.260097
0,0.26005027
0,0.24893762
0,0.25495926
0,0.2561574
0,0.25699595
0,0.25576976
0,0.2560208
0,0.25562242
0,0.2668906
0,0.2601132
0,0.25832772
0,0.25732994
0,0.25586355
0,0.2664286
0,0.26929173
0,0.26127848
0,0.2584283
0,0.25642627
0,0.2656237
0,0.27340975
0,0.26181948
0,0.25821295
0,0.25545132
0,0.25376245
0,0.8835923
0,0.79042375
0,0.66846097
0,0.569286
0,0.4900787
0,0.43186733
0,0.38543564
0,0.33766535
0,0.27780905
0,0.2459051
0,0.22128393
0,0.19034606
0,0.16862155
0,0.15506926
0,0.1432992
0,0.13711154
0,0.13325426
0,0.13163787
0,0.13177724
0,0.13537663
0,0.13727248
0,0.14468838
0,0.15616824
0,0.17038165
0,0.18555453
0,0.20148553
0,0.21093673
0,0.22455592
0,0.23230189
0,0.24281573
0,0.2648314
0,0.26399025
0,0.26222023
0,0.26296595
0,0.26154387
0,0.26203245
0,0.26112092
0,0.26159346
0,0.26059765
0,0.26150724
0,0.26072156
0,0.26114574
0,0.2593615
0,0.26443347
0,0.26012984
0,0.26053762
0,0.25822312
0,0.25942618
0,0.2571555
0,0.25743616
0,0.2553115
0,0.25714415
0,0.25467968
0,0.25609967
0,0.2647583
0,0.25930256
0,0.26665354
0,0.26072446
0,0.25657588
0,0.25704566
0,0.26405966
0,0.25878918
0,0.2543979
0,0.2553637
0,0.25188452
0,0.26355496
0,0.2645136
0,0.2691915
0,0.25760856
0,0.26710656
0,0.26769224
0,0.259291
0,0.26431385
0,0.268582
0,0.2771925
0,0.26348287
0,0.26667038
0,0.25959396
0,0.26376638
0,0.26791748
0,0.26552483
0,0.2579752
0,0.26266453
0,0.26643074
0,0.26456937
0,0.26748636
0,0.2768148
0,0.2611793
0,0.26468712
0,0.25570035
0,0.26042002
0,0.26360494
0,0.26295826
0,0.2648388
0,0.26444694
0,0.26532367
0,0.26265395
0,0.26489708
0,0.26240367
0,0.263833
0,0.26224968
0,0.2634328
0,0.26197368
0,0.262449
0,0.26578465
0,0.26383168
0,0.26193684
0,0.26200444
0,0.26046854
0,0.26084763
0,0.25894856
0,0.2600187
0,0.26895747
0,0.26264012
0,0.2600566
0,0.25915143
0,0.25224036
0,0.25587127
0,0.26539627
0,0.26032728
0,0.2679866
0,0.26157823
0,0.25731075
0,0.2568678
0,0.2539163
0,0.25873223
0,0.26424155
0,0.26864192
0,0.2699425
0,0.26175585
0,0.26742256
0,0.27071148
0,0.2600609
0,0.26750815
0,0.26901522
0,0.26566523
0,0.25766632
0,0.26637536
0,0.25605252
0,0.265161
0,0.2673347
0,0.2689808
0,0.25728163
0,0.2546515
0,0.2613703
0,0.25420457
0,0.26086038
0,0.25859165
0,0.27381897
0,0.25920832
0,0.26401177
0,0.2661281
0,0.2650365
0,0.26737326
0,0.26614118
0,0.27131084
0,0.2672904
0,0.2576665
0,0.26159093
0,0.2641928
0,0.2622737
0,0.2642089
0,0.26452932
0,0.26543453
0,0.26387897
0,0.26509267
0,0.26323792
0,0.26507822
0,0.27351198
0,0.26857218
0,0.2649768
0,0.26837486
0,0.26382634
0,0.26504073
0,0.26604962
0,0.26407838
0,0.26115936
0,0.26274234
0,0.26323077
0,0.2627232
0,0.2596068
0,0.2602628
0,0.258456
0,0.2602779
0,0.25796783
0,0.25896877
0,0.26519883
0,0.2619588
0,0.2694676
0,0.26469374
0,0.25989062
0,0.25004312
0,0.268978
0,0.26159617
0,0.25834143
0,0.25890604
0,0.26599014
0,0.26105016
0,0.2565847
0,0.25719032
0,0.25390846
0,0.25453484
0,0.26168454
0,0.25647447
0,0.25266308
0,0.26388422
0,0.265023
0,0.26942322
0,0.25768912
0,0.2689519
0,0.25679368
0,0.26646218
0,0.2661609
0,0.25872242
0,0.2641712
0,0.26823962
0,0.26728547
0,0.25925466
0,0.26387575
0,0.2674714
0,0.26652104
0,0.2697046
0,0.26778468
0,0.2704209
0,0.2677995
0,0.26991624
0,0.2671959
0,0.26976416
0,0.26641017
0,0.2585479
0,0.26192254
0,0.2548856
0,0.2625126
0,0.26463
0,0.26291972
0,0.25514886
0,0.25897342
0,0.25184408
0,0.25695297
0,0.2605568
0,0.25973615
0,0.262091
0,0.26008567
0,0.26243585
0,0.26040158
0,0.26176313
0,0.25960258
0,0.26151413
0,0.25845987
0,0.26009724
0,0.2577669
0,0.2586649
0,0.2646279
0,0.2625824
0,0.2587998
0,0.25941992
0,0.2575774
0,0.26823112
0,0.2715991
0,0.2641318
0,0.2718002
0,0.2638419
0,0.26050425
0,0.25931114
0,0.2675847
0,0.26076227
0,0.25751355
0,0.25502837
0,0.2642323
0,0.26924166
0,0.2704226
0,0.2619227
0,0.2682359
0,0.27177876
0,0.2601642
0,0.25815934
0,0.25477117
0,0.25405824
0,0.27056447
0,0.26928028
0,0.26946566
0,0.2701411
0,0.26982138
0,0.27103102
0,0.2700546
0,0.28233844
0,0.27393836
0,0.27307227
0,0.27120966
0,0.27073458
0,0.26922616
0,0.2635191
0,0.2658354
0,0.25652868
0,0.26220575
0,0.26427686
0,0.25322023
0,0.2614824
0,0.26180717
0,0.26350218
0,0.26325506
0,0.26465532
0,0.2677172
0,0.26564494
0,0.2639996
0,0.27033547
0,0.26553905
0,0.26600564
0,0.25291148
0,0.2603432
0,0.25935328
0,0.2671159
0,0.26239288
0,0.37048674
0,0.30613518
0,0.28989518
0,0.2878852
0,0.27527422
0,0.27011374
0,0.2675231
0,0.2639972
0,0.26792684
0,0.26531523
0,0.27410004
0,0.2646221
0,0.26309782
0,0.26032776
0,0.26900068
0,0.27260903
0,0.2642151
0,0.26092792
0,0.25968435
0,0.2691035
0,0.26089263
0,0.25864455
0,0.26844072
0,0.25955978
0,0.26879796
0,0.2599533
0,0.2584287
0,0.25582552
0,0.2656101
0,0.26806515
0,0.25839552
0,0.25924724
0,0.26572
0,0.25648794
0,0.26408777
0,0.25537214
0,0.2641695
0,0.25483945
0,0.26345864
0,0.26505864
0,0.26666003
0,0.26120013
0,0.2657854
0,0.26699552
0,0.26777905
0,0.25712034
0,0.2637966
0,0.26492673
0,0.25544006
0,0.26216722
0,0.26373947
0,0.25389445
0,0.26081967
0,0.2627611
0,0.26340193
0,0.2642953
0,0.26456866
0,0.26449117
0,0.2640735
0,0.26811835
0,0.26509494
0,0.26449567
0,0.26351798
0,0.26275465
0,0.2592723
0,0.26056108
0,0.2647397
0,0.2619209
0,0.26148742
0,0.26004225
0,0.2596812
0,0.25856775
0,0.25821245
0,0.25721213
0,0.25734448
0,0.2564749
0,0.2570105
0,0.25635347
0,0.25610524
0,0.2557912
0,0.26568207
0,0.25903547
0,0.25734255
0,0.25589588
0,0.25554684
0,0.25394297
0,0.2539573
0,0.25318393
0,0.25258553
0,0.2516215
0,0.251782
0,0.26146713
0,0.26647022
0,0.25757536
0,0.26638344
0,0.26910794
0,0.25999632
0,0.25690708
0,0.26464295
0,0.26138654
0,0.2739683
0,0.2607041
0,0.26729366
0,0.25804526
0,0.26577207
0,0.27161345
0,0.25908008
0,0.26598176
0,0.2559418
0,0.2634208
0,0.26485962
0,0.26577953
0,0.2560944
0,0.2525433
0,0.2585541
0,0.26182726
0,0.25281137
0,0.26019692
0,0.26198423
0,0.26732638
0,0.26603734
0,0.26538536
0,0.26514807
0,0.26531035
0,0.26259235
0,0.26425716
0,0.26313856
0,0.26445067
0,0.26293933
0,0.2635164
0,0.262413
0,0.26687336
0,0.2626503
0,0.2634994
0,0.2615695
0,0.25301808
0,0.2571604
0,0.25816703
0,0.25742978
0,0.25872397
0,0.26249322
0,0.26008242
0,0.2591876
0,0.2591835
0,0.25936812
0,0.259061
0,0.2684545
0,0.26127955
0,0.25941092
0,0.25866345
0,0.26155695
0,0.25847447
0,0.26743868
0,0.27079707
0,0.26211637
0,0.27060676
0,0.27197376
0,0.27468273
0,0.27472463
0,0.2759081
0,0.2761582
0,0.26582295
0,0.27157703
0,0.27260214
0,0.27815595
0,0.26578847
0,0.27144676
0,0.26229718
0,0.26839542
0,0.2600203
0,0.2557959
0,0.26460093
0,0.26580963
0,0.2576153
0,0.26223594
0,0.2663819
0,0.26686496
0,0.26940942
0,0.27995923
0,0.26348838
0,0.26777574
0,0.26990762
0,0.26811805
0,0.2693502
0,0.26858738
0,0.2582656
0,0.26337057
0,0.2649173
0,0.2647921
0,0.26622668
0,0.26565972
0,0.2662499
0,0.26522046
0,0.26539567
0,0.2645269
0,0.2649152
0,0.26386616
0,0.26381615
0,0.2631311
0,0.262809
0,0.2623243
0,0.26367307
0,0.2618821
0,0.2624452
0,0.26123524
0,0.26298997
0,0.2608408
0,0.26126403
0,0.25881606
0,0.26115668
0,0.25898278
0,0.2644791
0,0.2648609
0,0.27285606
0,0.27365732
0,0.26658088
0,0.27251628
0,0.26476094
0,0.26183945
0,0.26100612
0,0.2681401
0,0.26209736
0,0.26870805
0,0.26287878
0,0.2740298
0,0.27510577
0,0.26368967
0,0.27216336
0,0.27258343
0,0.27466553
0,0.26311263
0,0.2716557
0,0.27080867
0,0.27337265
0,0.27224693
0,0.26307917
0,0.2580165
0,0.26642793
0,0.26720735
0,0.2694955
0,0.25860262
0,0.25525096
0,0.2632072
0,0.26495618
0,0.26665923
0,0.26798835
0,0.2679099
0,0.26906016
0,0.2736596
0,0.27097312
0,0.27470693
0,0.2713949
0,0.27010936
0,0.26961353
0,0.26849064
0,0.26802874
0,0.26714125
0,0.2668867
0,0.2666154
0,0.2664656
0,0.26540747
0,0.26489007
0,0.2594188
0,0.2622079
0,0.2613436
0,0.26215237
0,0.27258837
0,0.266562
0,0.269351
0,0.26568016
0,0.26373377
0,0.26395267
0,0.26209563
0,0.26419148
0,0.26125765
0,0.26102948
0,0.25993827
0,0.25922552
0,0.25871834
0,0.25843325
0,0.25759402
0,0.25845408
0,0.27292615
0,0.26311192
0,0.2598963
0,0.26887113
0,0.2615993
0,0.2593834
0,0.26594052
0,0.2705783
0,0.27280912
0,0.27433372
0,0.28349936
0,0.2792171
0,0.26743335
0,0.26338813
0,0.2608476
0,0.26998872
0,0.27094573
0,0.26151532
0,0.26857904
0,0.26012367
0,0.25679034
0,0.26546735
0,0.25680155
0,0.25480366
0,0.2634063
0,0.2667869
0,0.2679123
0,0.25901052
0,0.26014006
0,0.26534453
0,0.26264685
0,0.25654426
0,0.25296474
0,0.26171505
0,0.26348537
0,0.25495318
0,0.2517333
0,0.24961907
0,0.25765908
0,0.2609628
0,0.26731786
0,0.27062282
0,0.26757243
0,0.2673812
0,0.2664867
0,0.2665309
0,0.2650144
0,0.26518005
0,0.2644156
0,0.2641838
0,0.26412824
0,0.2636305
0,0.263259
0,0.26260003
0,0.26265654
0,0.26171032
0,0.26067296
0,0.26004794
0,0.26019868
0,0.26018068
0,0.2601577
0,0.2600853
0,0.25994995
0,0.26664913
0,0.2616638
0,0.26039454
0,0.26533374
0,0.26063174
0,0.25967154
0,0.25873476
0,0.25752538
0,0.25664452
0,0.26690218
0,0.27621606
0,0.2646823
0,0.26101893
0,0.2588956
0,0.26827472
0,0.25998247
0,0.26848108
0,0.25968522
0,0.2571311
0,0.26544866
0,0.2579944
0,0.2655485
0,0.25776434
0,0.2539144
0,0.25279996
0,0.25036484
0,0.26086718
0,0.25283635
0,0.2619159
0,0.26373935
0,0.26599085
0,0.25561786
0,0.2636293
0,0.2642192
0,0.25524345
0,0.26026562
0,0.26401132
0,0.2636004
0,0.26569504
0,0.26398677
0,0.26581886
0,0.2637077
0,0.26607314
0,0.2630043
0,0.25798246
0,0.25974184
0,0.26241615
0,0.26049304
0,0.26281306
0,0.25971156
0,0.26198402
0,0.25874153
0,0.26096675
0,0.25869915
0,0.25008032
0,0.25421515
0,0.24641442
0,0.25433296
0,0.25591066
0,0.25450727
0,0.2564749
0,0.2569842
0,0.2579633
0,0.2549688
0,0.25682908
0,0.2546713
0,0.25615805
0,0.26234055
0,0.26983216
0,0.25913736
0,0.25871465
0,0.26583332
0,0.25951314
0,0.2659717
0,0.27039668
0,0.25913635
0,0.2576971
0,0.25612664
0,0.2652668
0,0.26598763
0,0.269637
0,0.26259705
0,0.2685237
0,0.26776037
0,0.2707319
0,0.25877887
0,0.25673413
0,0.2572991
0,0.25372458
0,0.26125947
0,0.26494643
0,0.25404957
0,0.26288047
0,0.26364318
0,0.26563624
0,0.255431
0,0.25269127
0,0.25996882
0,0.25160238
0,0.25928742
0,0.26195428
0,0.262352
0,0.26422212
0,0.26344162
0,0.26444775
0,0.26297957
0,0.26409143
0,0.2521411
0,0.25928164
0,0.2571973
0,0.26040074
0,0.2587279
0,0.2606039
0,0.26564127
0,0.26325965
0,0.2609183
0,0.26222742
0,0.2596408
0,0.26773497
0,0.2613945
0,0.2618605
0,0.25922722
0,0.26052004
0,0.25829887
0,0.25867185
0,0.25723267
0,0.2583197
0,0.2613599
0,0.2594748
0,0.2566727
0,0.25809488
0,0.2554832
0,0.2565035
0,0.26548147
0,0.2603565
0,0.2566734
0,0.25706086
0,0.25421396
0,0.25489223
0,0.25259238
0,0.25903448
0,0.25329107
0,0.2542176
0,0.25149572
0,0.26309183
0,0.25915354
0,0.25581503
0,0.26322138
0,0.25646788
0,0.25235188
0,0.26278022
0,0.2635709
0,0.25648722
0,0.25220695
0,0.26270467
0,0.25288102
0,0.26273808
0,0.25279728
0,0.25197965
0,0.25875133
0,0.26315516
0,0.26352614
0,0.2661537
0,0.27644145
0,0.27131954
0,0.26858327
0,0.2689875
0,0.26639256
0,0.2676562
0,0.26996502
0,0.26855892
0,0.26617742
0,0.2668927
0,0.26529327
0,0.26477125
0,0.26361603
0,0.2697308
0,0.26503086
0,0.265602
0,0.2632556
0,0.26402196
0,0.2621766
0,0.26251277
0,0.26040974
0,0.26180214
0,0.26058933
0,0.26157683
0,0.26481095
0,0.26312086
0,0.26111364
0,0.26094303
0,0.2593638
0,0.26003376
0,0.25760663
0,0.2586257
0,0.2672139
0,0.2616524
0,0.25886098
0,0.2581609
0,0.2535871
0,0.2550514
0,0.2647679
0,0.26966426
0,0.25963393
0,0.25833902
0,0.25538537
0,0.25519174
0,0.25265902
0,0.2634048
0,0.26025376
0,0.25651962
0,0.25373706
0,0.2638952
0,0.266528
0,0.258129
0,0.2546117
0,0.2535272
0,0.2617385
0,0.2652753
0,0.25742903
0,0.26474884
0,0.26634672
0,0.25739467
0,0.25383344
0,0.26331663
0,0.26470682
0,0.2659189
0,0.26707506
0,0.2566787
0,0.26337832
0,0.26442662
0,0.2566216
0,0.2621979
0,0.2619963
0,0.2643626
0,0.26444203
0,0.26506105
0,0.26500273
0,0.2648454
0,0.2642288
0,0.2681744
0,0.26577199
0,0.26591474
0,0.2645564
0,0.26441512
0,0.26308665
0,0.26267898
0,0.2610709
0,0.26176542
0,0.260323
0,0.26050803
0,0.25940815
0,0.25909242
0,0.25803226
0,0.25770473
0,0.25732124
0,0.25720587
0,0.2566565
0,0.25633237
0,0.25495136
0,0.2551952
0,0.25507912
0,0.25473568
0,0.25409755
0,0.264729
0,0.25723812
0,0.25559238
0,0.2527564
0,0.26307628
0,0.25629497
0,0.2545044
0,0.2632156
0,0.2563939
0,0.26499268
0,0.26875603
0,0.2693228
0,0.27125537
0,0.2601204
0,0.2674561
0,0.26662165
0,0.25847512
0,0.25446194
0,0.25177053
0,0.25019675
0,0.2603252
0,0.26274577
0,0.26474962
0,0.2659652
0,0.25632206
0,0.2526912
0,0.2504817
0,0.24919505
0,0.2587642
0,0.26084372
0,0.26256958
0,0.26353812
0,0.26430398
0,0.26410425
0,0.2702244
0,0.26677945
0,0.26663542
0,0.276771
0,0.2698908
0,0.2667523
0,0.26676077
0,0.26464772
0,0.26531276
0,0.26358515
0,0.26377365
0,0.26080126
0,0.26224294
0,0.28064534
0,0.26900774
0,0.2662685
0,0.26531267
0,0.26220053
0,0.26224795
0,0.26098973
0,0.26179528
0,0.25838172
0,0.2598493
0,0.25926772
0,0.2597053
0,0.25847888
0,0.25954154
0,0.25774556
0,0.25902686
0,0.2577316
0,0.26329714
0,0.25743276
0,0.2588982
0,0.25697917
0,0.2572478
0,0.26702064
0,0.2608272
0,0.26966637
0,0.26305845
0,0.2602492
0,0.25929758
0,0.26802787
0,0.26106793
0,0.2690399
0,0.26165393
0,0.2584557
0,0.2679121
0,0.27028382
0,0.27251554
0,0.27362165
0,0.2841778
0,0.2678656
0,0.27402297
0,0.2746351
0,0.26916018
0,0.26168612
0,0.2590123
0,0.26647928
0,0.26931435
0,0.25931683
0,0.2676466
0,0.25809684
0,0.25817865
0,0.2531182
0,0.25248104
0,0.25058863
0,0.24998508
0,0.25903803
0,0.2526211
0,0.2604997
0,0.2639159
0,0.26531807
0,0.26696396
0,0.25627658
0,0.26372224
0,0.26462367
0,0.26593316
0,0.2663259
0,0.26728138
0,0.26652345
0,0.2665324
0,0.26617283
0,0.27972376
0,0.284196
0,0.27389538
0,0.27096152
0,0.2694421
0,0.26688895
0,0.27239177
0,0.26715153
0,0.26652294
0,0.26445073
0,0.26450974
0,0.26296788
0,0.26331562
0,0.2727192
0,0.267095
0,0.2642656
0,0.26391524
0,0.26192164
0,0.27308807
0,0.26953644
0,0.26504788
0,0.26295623
0,0.26155964
0,0.26194292
0,0.2600415
0,0.2589168
0,0.25814596
0,0.25718027
0,0.26762578
0,0.26079664
0,0.25992486
0,0.25733635
0,0.26701635
0,0.25960457
0,0.25667632
0,0.25581887
0,0.2540619
0,0.25328025
0,0.25203586
0,0.26043794
0,0.2538727
0,0.26351088
0,0.26643154
0,0.2579065
0,0.2649846
0,0.25695607
0,0.2531403
0,0.25722426
0,0.25106493
0,0.2506018
0,0.24816662
0,0.24791268
0,0.25641984
0,0.2607296
0,0.2617629
0,0.26422587
0,0.26431718
0,0.2598329
0,0.26254767
0,0.26230112
0,0.2630348
0,0.26447505
0,0.26771766
0,0.26615664
0,0.265242
0,0.265761
0,0.26406673
0,0.26427853
0,0.26284608
0,0.26309696
0,0.26234066
0,0.26242906
0,0.26113677
0,0.27305484
0,0.2651807
0,0.2639623
0,0.2620958
0,0.26201895
0,0.26056853
0,0.26101935
0,0.25881854
0,0.25963584
0,0.25799167
0,0.2585389
0,0.2577566
0,0.25834006
0,0.25661427
0,0.25693035
0,0.25595734
0,0.25677347
0,0.2662443
0,0.2598489
0,0.26814708
0,0.26082513
0,0.25774184
0,0.25713664
0,0.25542465
0,0.2555885
0,0.26433975
0,0.2688989
0,0.27420428
0,0.26306558
0,0.25854716
0,0.25692043
0,0.26452458
0,0.2567352
0,0.2643099
0,0.26842424
0,0.25833064
0,0.2559309
0,0.2534418
0,0.2526061
0,0.26007667
0,0.26506764
0,0.25484914
0,0.2582709
0,0.26243004
0,0.27106404
0,0.25755924
0,0.2668097
0,0.26572508
0,0.26775414
0,0.25759107
0,0.26494402
0,0.26475525
0,0.25606722
0,0.26153457
0,0.25895953
0,0.26173693
0,0.26413956
0,0.26775274
0,0.26653075
0,0.26533562
0,0.26574618
0,0.26351032
0,0.2643772
0,0.26281026
0,0.25737253
0,0.25975704
0,0.26382586
0,0.2603161
0,0.2652866
0,0.261475
0,0.26227006
0,0.26056528
0,0.26126504
0,0.25990987
0,0.26467052
0,0.26123235
0,0.2609686
0,0.2591378
0,0.25910082
0,0.2598193
0,0.26399347
0,0.25989828
0,0.2595285
0,0.25848594
0,0.2505615
0,0.26466012
0,0.25859493
0,0.26109728
0,0.26470017
0,0.258522
0,0.257318
0,0.2549888
0,0.2654295
0,0.26825455
0,0.27725717
0,0.26337862
0,0.2605354
0,0.25695547
0,0.25798008
0,0.2538994
0,0.26399636
0,0.25547308
0,0.25468192
0,0.2514881
0,0.26214018
0,0.26429793
0,0.26804066
0,0.2575982
0,0.26590842
0,0.2665578
0,0.26880544
0,0.28024563
0,0.26430476
0,0.2576993
0,0.25527585
0,0.25150764
0,0.25060794
0,0.24768434
0,0.24755597
0,0.25613806
0,0.25037405
0,0.25740752
0,0.25042173
0,0.25725508
0,0.24969833
0,0.24553216
0,0.2552063
0,0.25699577
0,0.2601906
0,0.25976008
0,0.26193658
0,0.26114705
0,0.26289892
0,0.2611361
0,0.27084234
0,0.27218494
0,0.2674092
0,0.2639173
0,0.26394713
0,0.27249524
0,0.26634938
0,0.26242095
0,0.2625548
0,0.25972277
0,0.26036584
0,0.25807583
0,0.25858983
0,0.25646293
0,0.25753576
0,0.25503546
0,0.25672415
0,0.2547003
0,0.25536743
0,0.25355783
0,0.254765
0,0.25240603
0,0.25905818
0,0.25326627
0,0.25463265
0,0.2625275
0,0.25772575
0,0.2643145
0,0.2698584
0,0.25829557
0,0.25782147
0,0.26326206
0,0.2574911
0,0.26351416
0,0.2570873
0,0.26327944
0,0.26728985
0,0.2559133
0,0.26528552
0,0.26850572
0,0.25261456
0,0.26135615
0,0.25423875
0,0.26063904
0,0.26401073
0,0.26398775
0,0.25954384
0,0.26285493
0,0.2695937
0,0.2655394
0,0.26135448
0,0.2626483
0,0.26521453
0,0.26294136
0,0.25507388
0,0.2584314
0,0.26231396
0,0.26034224
0,0.26227155
0,0.26017195
0,0.26290485
0,0.2613949
0,0.26239115
0,0.27181566
0,0.26674157
0,0.26216525
0,0.26313803
0,0.26011965
0,0.26159889
0,0.2589746
0,0.26129273
0,0.269109
0,0.26423636
0,0.2715014
0,0.2661245
0,0.2663147
0,0.2636568
0,0.2706915
0,0.26508084
0,0.27569842
0,0.26668072
0,0.2720604
0,0.2658671
0,0.27087814
0,0.26488212
0,0.26973224
0,0.27378264
0,0.26149765
0,0.26137793
0,0.26649493
0,0.28354517
0,0.2760252
0,0.26783928
0,0.27218315
0,0.26531512
0,0.27007452
0,0.26846468
0,0.25944513
0,0.2598019
0,0.2650157
0,0.26914692
0,0.2719492
0,0.2746192
0,0.27167815
0,0.26465353
0,0.2705652
0,0.2731902
0,0.26971287
0,0.2616253
0,0.26564118
0,0.27048832
0,0.2680653
0,0.27200833
0,0.26771376
0,0.2620629
0,0.26477662
0,0.26377735
0,0.26447198
0,0.26942396
0,0.26573163
0,0.26966032
0,0.26568374
0,0.2698921
0,0.26556537
0,0.2694681
0,0.2651207
0,0.26789036
0,0.26386726
0,0.2561326
0,0.25873664
0,0.26324007
0,0.25997093
0,0.26420224
0,0.2646431
0,0.26596245
0,0.26731235
0,0.26698884
0,0.26293868
0,0.2650917
0,0.26356524
0,0.26482147
0,0.261144
0,0.26340157
0,0.25981787
0,0.26140776
0,0.2694371
0,0.26482168
0,0.271343
0,0.26584455
0,0.27243316
0,0.26576406
0,0.27184042
0,0.26578254
0,0.27120987
0,0.2667763
0,0.27192667
0,0.26503503
0,0.27046067
0,0.26401255
0,0.27031735
0,0.26305795
0,0.25846246
0,0.25507113
0,0.26311582
0,0.26857916
0,0.25882852
0,0.2574482
0,0.25406247
0,0.2537606
0,0.25095558
0,0.2621911
0,0.26386622
0,0.25507766
0,0.2622736
0,0.25588468
0,0.26186064
0,0.2745322
0,0.26867506
0,0.27113128
0,0.26863095
0,0.27085856
0,0.2696781
0,0.26891753
0,0.26709676
0,0.2585448
0,0.26670593
0,0.25672445
0,0.26056552
0,0.26467073
0,0.26261157
0,0.265492
0,0.26320702
0,0.26624587
0,0.26174605
0,0.26526356
0,0.26248804
0,0.2650244
0,0.26206985
0,0.2664214
0,0.2731066
0,0.26951137
0,0.26562935
0,0.2678513
0,0.2738971
0,0.2696472
0,0.2637986
0,0.26626986
0,0.260964
0,0.26403007
0,0.25929242
0,0.26237476
0,0.27261892
0,0.2721688
0,0.2643616
0,0.2768571
0,0.27377197
0,0.2692852
0,0.26175943
0,0.26308644
0,0.26849854
0,0.26423004
0,0.2637672
0,0.26277128
0,0.25787076
0,0.25962687
0,0.26594862
0,0.2620808
0,0.25669736
0,0.26917663
0,0.2738756
0,0.26533943
0,0.2684987
0,0.2633511
0,0.2673131
0,0.27325952
0,0.27025506
0,0.27561006
0,0.27134976
0,0.2640601
0,0.26753074
0,0.27455145
0,0.26990446
0,0.26379567
0,0.26685536
0,0.27127326
0,0.26731506
0,0.26159498
0,0.2640531
0,0.2593998
0,0.2620733
0,0.25737134
0,0.26032794
0,0.2561366
0,0.2591872
0,0.25505546
0,0.25782073
0,0.26438767
0,0.27254024
0,0.26047385
0,0.2613721
0,0.265589
0,0.26165712
0,0.26688004
0,0.27313694
0,0.26002532
0,0.2605189
0,0.26489642
0,0.26045138
0,0.2647371
0,0.260452
0,0.2631716
0,0.2590978
0,0.2610554
0,0.25812235
0,0.26230752
0,0.2692326
0,0.2665143
0,0.2939759
0,0.2774534
0,0.26803216
0,0.26893857
0,0.26274595
0,0.26222086
0,0.2587587
0,0.26147527
0,0.25722918
0,0.26024294
0,0.25608376
0,0.25899062
0,0.25525308
0,0.257688
0,0.25390872
0,0.25461426
0,0.26321933
0,0.2642001
0,0.25743902
0,0.26942003
0,0.25859877
0,0.25884148
0,0.25480294
0,0.2550688
0,0.26258922
0,0.2583011
0,0.26486567
0,0.25889492
0,0.26476678
0,0.2584908
0,0.26362178
0,0.25724295
0,0.26255387
0,0.25684273
0,0.26272807
0,0.26130652
0,0.26379797
0,0.25660092
0,0.26134545
0,0.2559066
0,0.2609778
0,0.25453764
0,0.2599667
0,0.2536097
0,0.25929648
0,0.2634961
0,0.26221627
0,0.26542345
0,0.26336017
0,0.26592684
0,0.26302636
0,0.25566632
0,0.26005736
0,0.26220143
0,0.26088226
0,0.26463485
0,0.2623378
0,0.26502588
0,0.26232618
0,0.26448163
0,0.26650763
0,0.26553905
0,0.2624475
0,0.26444435
0,0.2611769
0,0.26295874
0,0.2605301
0,0.26224464
0,0.26984608
0,0.26542923
0,0.27518713
0,0.26748475
0,0.27394232
0,0.26723847
0,0.26243445
0,0.25256655
0,0.25485837
0,0.26828378
0,0.26179594
0,0.26095435
0,0.26735878
0,0.26407796
0,0.2581051
0,0.26933113
0,0.25955042
0,0.25994632
0,0.25656587
0,0.26796678
0,0.2575726
0,0.25774142
0,0.25337946
0,0.26518497
0,0.26500794
0,0.2702411
0,0.26934212
0,0.26211762
0,0.2692913
0,0.2715491
0,0.26921642
0,0.27281582
0,0.26876512
0,0.2717998
0,0.2678856
0,0.2681438
0,0.26727322
0,0.2686117
0,0.26680857
0,0.26958188
0,0.26602733
0,0.26929298
0,0.26536864
0,0.26851487
0,0.26495683
0,0.2678268
0,0.26407492
0,0.26387852
0,0.26229724
0,0.26524353
0,0.26202777
0,0.26464185
0,0.2618927
0,0.26424178
0,0.26125643
0,0.26371288
0,0.2611634
0,0.25931975
0,0.25907555
0,0.26083648
0,0.25835997
0,0.26028487
0,0.25758058
0,0.25957453
0,0.25766528
0,0.2587635
0,0.2562143
0,0.25772196
0,0.25564137
0,0.256651
0,0.25160983
0,0.25454494
0,0.25132433
0,0.25349063
0,0.25079364
0,0.25257707
0,0.25046137
0,0.2634615
0,0.25460395
0,0.25446928
0,0.25185877
0,0.252718
0,0.2606023
0,0.25523227
0,0.2522726
0,0.2564425
0,0.25026426
0,0.25614354
0,0.2593164
0,0.25376663
0,0.26103672
0,0.2542039
0,0.25921085
0,0.2533193
0,0.2593357
0,0.25275126
0,0.25974986
0,0.2532868
0,0.26426455
0,0.25466472
0,0.26037467
0,0.25295123
0,0.2588265
0,0.25189862
0,0.26575652
0,0.25442937
0,0.25939825
0,0.2523048
0,0.25727782
0,0.261882
0,0.26009023
0,0.27507657
0,0.26610982
0,0.2668609
0,0.26369464
0,0.26564702
0,0.27190882
0,0.2683498
0,0.27461547
0,0.2696306
0,0.26421374
0,0.26640984
0,0.26145202
0,0.26281136
0,0.2592041
0,0.26132527
0,0.25840643
0,0.25995174
0,0.26741228
0,0.26266804
0,0.26888102
0,0.26356795
0,0.25919357
0,0.24966055
0,0.26191676
0,0.26365548
0,0.26788458
0,0.26334798
0,0.25820908
0,0.2692072
0,0.2585775
0,0.26910675
0,0.25788352
0,0.25794414
0,0.25366655
0,0.25227582
0,0.250432
0,0.26294455
0,0.2641438
0,0.2684203
0,0.25769082
0,0.2662978
0,0.26666698
0,0.26987252
0,0.26961684
0,0.27121934
0,0.27041605
0,0.27180296
0,0.2703427
0,0.27251005
0,0.27016243
0,0.26089677
0,0.266202
0,0.2688117
0,0.2723987
0,0.27163276
0,0.2689199
0,0.25910568
0,0.2638847
0,0.26580524
0,0.26477456
0,0.26589742
0,0.26436067
0,0.26618868
0,0.2644051
0,0.265629
0,0.2646109
0,0.2652291
0,0.2635695
0,0.26400083
0,0.27476928
0,0.26770058
0,0.26517662
0,0.26442152
0,0.2631124
0,0.26301503
0,0.26170912
0,0.26148087
0,0.2601086
0,0.26075354
0,0.2589952
0,0.25925592
0,0.2580426
0,0.2588178
0,0.2575709
0,0.25830305
0,0.25700194
0,0.25742593
0,0.25634113
0,0.25678676
0,0.2622958
0,0.2662721
0,0.27058065
0,0.26314902
0,0.259399
0,0.25871363
0,0.26095048
0,0.2576604
0,0.25522238
0,0.25462797
0,0.2632107
0,0.2676799
0,0.2585826
0,0.25643247
0,0.25374922
0,0.2634072
0,0.25456187
0,0.25359547
0,0.25067097
0,0.25078824
0,0.25872973
0,0.2527146
0,0.25991407
0,0.25311357
0,0.25978583
0,0.25287166
0,0.25894845
0,0.26272166
0,0.26271796
0,0.26504272
0,0.26349062
0,0.26570517
0,0.2672989
0,0.26707444
0,0.26454127
0,0.26374465
0,0.26251325
0,0.26946858
0,0.26472276
0,0.26547906
0,0.2621859
0,0.26418146
0,0.26214212
0,0.26381233
0,0.2716245
0,0.2659815
0,0.26311228
0,0.26369232
0,0.26596963
0,0.26367217
0,0.26090825
0,0.26202822
0,0.25878617
0,0.2603615
0,0.2580637
0,0.25938648
0,0.26673317
0,0.26264268
0,0.25931427
0,0.25986812
0,0.25686094
0,0.26869735
0,0.2595934
0,0.25918797
0,0.26678872
0,0.2605769
0,0.25704083
0,0.26783705
0,0.26102626
0,0.27005804
0,0.2707443
0,0.2615551
0,0.258106
0,0.2673625
0,0.26931858
0,0.27207184
0,0.27216396
0,0.28547037
0,0.27737588
0,0.2772994
0,0.26419944
0,0.27146584
0,0.27086666
0,0.2730286
0,0.2707074
0,0.26230752
0,0.26757506
0,0.25943363
0,0.26518878
0,0.2568479
0,0.26388246
0,0.2561107
0,0.26114005
0,0.26669222
0,0.2661462
0,0.26288432
0,0.26624757
0,0.26813638
0,0.26646054
0,0.2685072
0,0.26510754
0,0.27238494
0,0.26738867
0,0.2688299
0,0.26657838
0,0.268111
0,0.2650042
0,0.26611528
0,0.26273537
0,0.26509708
0,0.2631559
0,0.2645033
0,0.26266754
0,0.34280142
0,0.2930561
0,0.29602906
0,0.28087443
0,0.275335
0,0.27016267
0,0.26844123
0,0.27578846
0,0.26845273
0,0.26560917
0,0.26414034
0,0.26226476
0,0.26177633
0,0.270496
0,0.26370326
0,0.2617514
0,0.27168438
0,0.2743444
0,0.27676547
0,0.26710317
0,0.27546856
0,0.26558238
0,0.2743245
0,0.2756485
0,0.27815893
0,0.27842605
0,0.27951062
0,0.26774737
0,0.27499443
0,0.27558646
0,0.26599267
0,0.2617734
0,0.26490724
0,0.26976293
0,0.26190907
0,0.25875556
0,0.2680963
0,0.25878012
0,0.26824364
0,0.26989913
0,0.26140228
0,0.25768304
0,0.2618666
0,0.2548296
0,0.26487756
0,0.256135
0,0.25419563
0,0.2624897
0,0.25480443
0,0.262473
0,0.26497447
0,0.25470766
0,0.25263143
0,0.26015094
0,0.25301117
0,0.25959754
0,0.26312456
0,0.26409036
0,0.26509652
0,0.26492366
0,0.2660027
0,0.25875443
0,0.2636817
0,0.26335946
0,0.2630301
0,0.2638379
0,0.2634182
0,0.26355386
0,0.26379842
0,0.2626402
0,0.2630664
0,0.2626135
0,0.26262316
0,0.26225722
0,0.26172668
0,0.261731
0,0.26101643
0,0.26066864
0,0.26056865
0,0.2629968
0,0.26069775
0,0.26039633
0,0.25933686
0,0.26419023
0,0.26085877
0,0.2649774
0,0.26122212
0,0.2605906
0,0.269858
0,0.2737905
0,0.26505017
0,0.26297805
0,0.27324504
0,0.26436123
0,0.26106158
0,0.25795734
0,0.257281
0,0.26219144
0,0.25725162
0,0.2569589
0,0.25419727
0,0.2542325
0,0.2528932
0,0.25904325
0,0.2649247
0,0.258215
0,0.25464526
0,0.26637676
0,0.26730415
0,0.26979074
0,0.25906947
0,0.26678112
0,0.25659826
0,0.26492813
0,0.26556113
0,0.25775796
0,0.2631778
0,0.25631976
0,0.2614771
0,0.25432843
0,0.25986394
0,0.25322643
0,0.25858176
0,0.26308316
0,0.26198453
0,0.25444427
0,0.25892082
0,0.26243293
0,0.26151064
0,0.25926796
0,0.26086506
0,0.26342112
0,0.26162675
0,0.26917562
0,0.26351973
0,0.26495346
0,0.26274493
0,0.26719582
0,0.2622449
0,0.26364708
0,0.26130846
0,0.26190376
0,0.25985444
0,0.26089427
0,0.25933686
0,0.25956756
0,0.25813222
0,0.2577044
0,0.26776683
0,0.26281708
0,0.259841
0,0.26012227
0,0.26728696
0,0.2683823
0,0.27181023
0,0.26474023
0,0.26044708
0,0.27059835
0,0.2606003
0,0.25950196
0,0.2566082
0,0.2559905
0,0.25422582
0,0.25403488
0,0.25220498
0,0.25263596
0,0.25140482
0,0.251743
0,0.26153937
0,0.2554677
0,0.26341036
0,0.26751086
0,0.2683131
0,0.25963283
0,0.25512096
0,0.25403073
0,0.25128368
0,0.26151377
0,0.26234367
0,0.25576898
0,0.26207888
0,0.2549886
0,0.26166764
0,0.25360054
0,0.26020196
0,0.2528533
0,0.25900292
0,0.26252976
0,0.2617856
0,0.26484948
0,0.26339626
0,0.26628825
0,0.26389608
0,0.26594996
0,0.26400036
0,0.27013624
0,0.26530254
0,0.26662993
0,0.26355287
0,0.2668366
0,0.26325518
0,0.26541418
0,0.2613217
0,0.263769
0,0.27170062
0,0.26803833
0,0.27438244
0,0.26907787
0,0.26378062
0,0.26190773
0,0.27137446
0,0.26689756
0,0.26240784
0,0.2634887
0,0.25955138
0,0.26142463
0,0.25751832
0,0.25976393
0,0.26698285
0,0.26268148
0,0.2576661
0,0.25920993
0,0.25482985
0,0.26749423
0,0.25762957
0,0.26955006
0,0.25857612
0,0.26987487
0,0.2692566
0,0.27892873
0,0.27445382
0,0.26597854
0,0.26983377
0,0.27379137
0,0.27136225
0,0.26290956
0,0.25699213
0,0.2569517
0,0.26191026
0,0.26806465
0,0.2666256
0,0.26059318
0,0.26405472
0,0.25834298
0,0.26265305
0,0.26764685
0,0.2660424
0,0.25882322
0,0.40098986
0,0.3266365
0,0.30307412
0,0.29446718
0,0.28408444
0,0.2714714
0,0.27135673
0,0.2625666
0,0.2649119
0,0.2680668
0,0.26431254
0,0.2672245
0,0.26475722
0,0.26849326
0,0.2637032
0,0.2611888
0,0.27286687
0,0.26890066
0,0.39920914
0,0.32191983
0,0.29757798
0,0.28837687
0,0.27794424
0,0.27579936
0,0.28038684
0,0.27141982
0,0.27802005
0,0.27179167
0,0.26653808
0,0.26703173
0,0.26311594
0,0.26381364
0,0.27069312
0,0.27199823
0,0.27510265
0,0.26872772
0,0.26369482
0,0.26450908
0,0.2709128
0,0.2657076
0,0.27045017
0,0.26534718
0,0.26054367
0,0.26123777
0,0.26783946
0,0.26319918
0,0.25795296
0,0.25909945
0,0.25474584
0,0.26683325
0,0.25706884
0,0.26843512
0,0.26854345
0,0.26171857
0,0.26688698
0,0.26049268
0,0.2663615
0,0.2590412
0,0.26482958
0,0.26953578
0,0.26843485
0,0.27142444
0,0.269629
0,0.27207178
0,0.26972395
0,0.27219415
0,0.27033827
0,0.27162203
0,0.26909143
0,0.26033932
0,0.26461798
0,0.26722187
0,0.26597574
0,0.25689566
0,0.26179957
0,0.260214
0,0.2627211
0,0.2551351
0,0.26102278
0,0.26357996
0,0.263361
0,0.26511374
0,0.2635671
0,0.26597777
0,0.26357237
0,0.26167747
0,0.2625224
0,0.26451725
0,0.26221886
0,0.26512766
0,0.26235273
0,0.269546
0,0.2637174
0,0.2703253
0,0.26356038
0,0.26502705
0,0.27274495
0,0.26709807
0,0.26310146
0,0.2643907
0,0.2605263
0,0.26222664
0,0.25858182
0,0.26073056
0,0.26788104
0,0.26385337
0,0.25865674
0,0.26008293
0,0.25658292
0,0.2582963
0,0.25517622
0,0.25535247
0,0.27822486
0,0.26512048
0,0.27019477
0,0.26420254
0,0.26935977
0,0.27419895
0,0.27316105
0,0.2655504
0,0.25945935
0,0.2702189
0,0.25869524
0,0.26956746
0,0.2704543
0,0.26832527
0,0.26928616
0,0.26206827
0,0.26709294
0,0.26749253
0,0.2731648
0,0.26281714
0,0.265875
0,0.25985444
0,0.26436633
0,0.2690719
0,0.266904
0,0.27064753
0,0.2680358
0,0.2708572
0,0.26754123
0,0.26026434
0,0.2636141
0,0.25694823
0,0.265635
0,0.26766893
0,0.26444164
0,0.26807016
0,0.264294
0,0.2576602
0,0.26013678
0,0.25488776
0,0.2581456
0,0.25189608
0,0.25756368
0,0.251998
0,0.25526762
0,0.26110646
0,0.2581599
0,0.26304215
0,0.25854173
0,0.26330727
0,0.26949134
0,0.26681644
0,0.273239
0,0.26955968
0,0.26268315
0,0.2657356
0,0.26057518
0,0.26377437
0,0.25908706
0,0.2623112
0,0.26841658
0,0.2657789
0,0.26448402
0,0.26459935
0,0.26969656
0,0.26643902
0,0.2704652
0,0.26658434
0,0.25921255
0,0.2617673
0,0.2560334
0,0.25844976
0,0.25337175
0,0.25766164
0,0.26238492
0,0.26406795
0,0.26557532
0,0.26281106
0,0.25495136
0,0.2579736
0,0.26172572
0,0.26901475
0,0.26629496
0,0.26256436
0,0.26412818
0,0.26042175
0,0.26341912
0,0.25948748
0,0.26252422
0,0.25836453
0,0.26106083
0,0.25699553
0,0.26117262
0,0.26591933
0,0.26375282
0,0.26848957
0,0.26475877
0,0.2579234
0,0.26092795
0,0.25486484
0,0.25882703
0,0.26444712
0,0.2613182
0,0.2679911
0,0.26237443
0,0.2564875
0,0.2567611
0,0.25251725
0,0.26587573
0,0.25453568
0,0.26748124
0,0.25578564
0,0.252221
0,0.2601188
0,0.2676011
0,0.26645213
0,0.27138013
0,0.26872727
0,0.2725535
0,0.26981422
0,0.2729511
0,0.270387
0,0.25980747
0,0.2647314
0,0.25768024
0,0.26179898
0,0.26647493
0,0.26515573
0,0.2681773
0,0.26517817
0,0.2574627
0,0.26138183
0,0.26505953
0,0.26309574
0,0.26515692
0,0.2635755
0,0.26611808
0,0.26370475
0,0.26944378
0,0.2648713
0,0.26644266
0,0.26389384
0,0.26543745
0,0.26247033
0,0.2645075
0,0.2623081
0,0.26351333
0,0.2597396
0,0.26190138
0,0.25947896
0,0.2625136
0,0.2596986
0,0.2617116
0,0.25900802
0,0.26073396
0,0.25816467
0,0.2590733
0,0.25710422
0,0.2587388
0,0.25649473
0,0.2582744
0,0.25616476
0,0.2623387
0,0.2572093
0,0.26868463
0,0.25945154
0,0.27224252
0,0.261111
0,0.25973862
0,0.25601166
0,0.25625294
0,0.25299123
0,0.26519212
0,0.26614943
0,0.27093574
0,0.2702081
0,0.26272285
0,0.26741976
0,0.2712947
0,0.26936805
0,0.26259783
0,0.26720038
0,0.27101764
0,0.26944944
0,0.27238214
0,0.27079102
0,0.2733404
0,0.2707475
0,0.27772266
0,0.27233294
0,0.26309538
0,0.26646063
0,0.25867972
0,0.26307908
0,0.26670405
0,0.26520425
0,0.25731924
0,0.26192164
0,0.26543984
0,0.26349288
0,0.26625893
0,0.26374763
0,0.27195743
0,0.26561344
0,0.26790023
0,0.26432258
0,0.26684317
0,0.26343104
0,0.26534715
0,0.2620153
0,0.26491597
0,0.26135242
0,0.25852236
0,0.25866917
0,0.26199707
0,0.25915942
0,0.26239556
0,0.259242
0,0.26113766
0,0.25876805
0,0.26119214
0,0.25813058
0,0.26702535
0,0.2604409
0,0.26072115
0,0.262011
0,0.26114458
0,0.2576045
0,0.27101237
0,0.2605929
0,0.2621145
0,0.25795415
0,0.25409713
0,0.25373507
0,0.2557133
0,0.25306216
0,0.2587625
0,0.2539597
0,0.26613775
0,0.25670737
0,0.25693431
0,0.25379112
0,0.25443402
0,0.25185522
0,0.25256452
0,0.24996273
0,0.2510739
0,0.24914178
0,0.25013062
0,0.25844583
0,0.25361347
0,0.26039982
0,0.25459883
0,0.261066
0,0.25534022
0,0.26095775
0,0.25477397
0,0.2599181
0,0.25374967
0,0.25964263
0,0.25331357
0,0.25932583
0,0.25309086
0,0.25921923
0,0.25202847
0,0.25803056
0,0.2614832
0,0.26117125
0,0.26423508
0,0.26231682
0,0.26403463
0,0.26250306
0,0.2709908
0,0.26483223
0,0.26593146
0,0.26355025
0,0.26502815
0,0.26216546
0,0.2638967
0,0.26126897
0,0.27429888
0,0.26479816
0,0.26552123
0,0.26140514
0,0.26339713
0,0.260215
0,0.26185748
0,0.25890657
0,0.26013103
0,0.25792694
0,0.25999102
0,0.25671956
0,0.25913605
0,0.2560031
0,0.26005238
0,0.25569183
0,0.25855944
0,0.25508574
0,0.25669387
0,0.25364214
0,0.25677246
0,0.25233215
0,0.2601851
0,0.2542911
0,0.26148143
0,0.2544812
0,0.26219302
0,0.25500768
0,0.25685093
0,0.25236803
0,0.25418025
0,0.24993287
0,0.25337976
0,0.24947217
0,0.25078583
0,0.26220208
0,0.25578102
0,0.26175684
0,0.259825
0,0.26304623
0,0.25733992
0,0.26233783
0,0.2566614
0,0.26172847
0,0.25631237
0,0.2610408
0,0.25518316
0,0.26055837
0,0.25496793
0,0.25961345
0,0.25343373
0,0.25897196
0,0.25263822
0,0.25351664
0,0.2498164
0,0.2562715
0,0.25017816
0,0.25598443
0,0.24975397
0,0.25567964
0,0.25905323
0,0.25873384
0,0.26253363
0,0.25490138
0,0.2614592
0,0.25925466
0,0.2617738
0,0.2599311
0,0.26264888
0,0.25988847
0,0.26371828
0,0.25960487
0,0.26186904
0,0.254212
0,0.25883317
0,0.25635976
0,0.2590833
0,0.25625095
0,0.25905597
0,0.25575325
0,0.2588755
0,0.25550792
0,0.25715476
0,0.25405216
0,0.25728104
0,0.25360543
0,0.25692412
0,0.25340247
0,0.25616157
0,0.25252032
0,0.25529444
0,0.2523361
0,0.25399888
0,0.25201797
0,0.2551997
0,0.2514669
0,0.25228453
0,0.25000727
0,0.2564523
0,0.25080016
0,0.25158954
0,0.24839745
0,0.24988693
0,0.24744317
0,0.24828394
0,0.24622464
0,0.24744225
0,0.25593683
0,0.2616359
0,0.2628051
0,0.25581744
0,0.26146603
0,0.25437963
0,0.2604566
0,0.25407118
0,0.25955907
0,0.25303558
0,0.25916144
0,0.2521138
0,0.25815272
0,0.26157898
0,0.26099724
0,0.25338954
0,0.2582652
0,0.26169246
0,0.2608607
0,0.26395652
0,0.26190242
0,0.26742366
0,0.26285896
0,0.26443848
0,0.26153672
0,0.2644964
0,0.26140115
0,0.2642151
0,0.26167503
0,0.2640233
0,0.26081356
0,0.26378268
0,0.2601286
0,0.26308462
0,0.25901535
0,0.261547
0,0.26855096
0,0.26534292
0,0.27122635
0,0.26633486
0,0.25999883
0,0.26240978
0,0.25849718
0,0.26018673
0,0.27155542
0,0.26513964
0,0.2592442
0,0.2609559
0,0.25575617
0,0.25863662
0,0.26424035
0,0.26051903
0,0.25472355
0,0.25768444
0,0.25221953
0,0.26622713
0,0.25936532
0,0.26995033
0,0.26650855
0,0.2625357
0,0.2659355
0,0.26105615
0,0.264542
0,0.27088326
0,0.26786822
0,0.27416024
0,0.26354924
0,0.2614248
0,0.2631389
0,0.2597337
0,0.26236776
0,0.2690293
0,0.26508597
0,0.26050425
0,0.2620224
0,0.2581513
0,0.260619
0,0.26717123
0,0.26348108
0,0.26954404
0,0.27003917
0,0.26062885
0,0.26246387
0,0.2583267
0,0.25981352
0,0.26001924
0,0.25998864
0,0.25453967
0,0.2563251
0,0.25196376
0,0.25551775
0,0.26117852
0,0.25869703
0,0.26273513
0,0.25960717
0,0.26366684
0,0.2596484
0,0.2640121
0,0.27101687
0,0.2680724
0,0.26280275
0,0.26522705
0,0.2716608
0,0.26787767
0,0.27250537
0,0.26877275
0,0.26266873
0,0.27560008
0,0.2636872
0,0.26530942
0,0.25940156
0,0.26201904
0,0.26823205
0,0.2643521
0,0.2694573
0,0.264986
0,0.2592557
0,0.2608052
0,0.26651585
0,0.26272875
0,0.26807317
0,0.26839757
0,0.2702006
0,0.2646655
0,0.2586348
0,0.27071315
0,0.2750247
0,0.2658781
0,0.28031597
0,0.27806723
0,0.27446756
0,0.26707956
0,0.2700046
0,0.27404574
0,0.27186993
0,0.27460453
0,0.27199993
0,0.2750476
0,0.2716636
0,0.2745594
0,0.27085355
0,0.27390715
0,0.27034318
0,0.27319646
0,0.28070486
0,0.2659138
0,0.26795924
0,0.27063316
0,0.2680898
0,0.2694972
0,0.26735848
0,0.27023652
0,0.26689944
0,0.25897527
0,0.2629136
0,0.26601568
0,0.2629273
0,0.2657543
0,0.26295662
0,0.26613465
0,0.26315308
0,0.2664186
0,0.26282096
0,0.26594508
0,0.26220736
0,0.265059
0,0.26700768
0,0.26661652
0,0.26612577
0,0.26653987
0,0.26187652
0,0.25340474
0,0.26656532
0,0.2639933
0,0.26979077
0,0.2682794
0,0.27243242
0,0.27298716
0,0.2634535
0,0.26522297
0,0.27121004
0,0.2661925
0,0.25994924
0,0.26269886
0,0.25744125
0,0.260128
0,0.25536758
0,0.25812283
0,0.2640917
0,0.26014593
0,0.2661283
0,0.2671931
0,0.257808
0,0.25951785
0,0.26418278
0,0.26035812
0,0.26476222
0,0.2715292
0,0.26897708
0,0.26337612
0,0.26575586
0,0.2612593
0,0.26445195
0,0.2598032
0,0.2630046
0,0.2585395
0,0.26188025
0,0.26765776
0,0.26478878
0,0.25963485
0,0.27037373
0,0.2710132
0,0.2668611
0,0.27512452
0,0.26795173
0,0.26091585
0,0.26278007
0,0.2571606
0,0.27194738
0,0.25913852
0,0.2606624
0,0.2663013
0,0.26210862
0,0.2670263
0,0.26267722
0,0.26707077
0,0.263107
0,0.2667496
0,0.26115596
0,0.26553762
0,0.2681331
0,0.26899394
0,0.27417526
0,0.2694051
0,0.26395568
0,0.26561996
0,0.27189767
0,0.26735502
0,0.27305806
0,0.26765662
0,0.26192746
0,0.26361546
0,0.25842202
0,0.26032132
0,0.2613565
0,0.26137325
0,0.261079
0,0.26103106
0,0.25594717
0,0.2582255
0,0.25411636
0,0.25767142
0,0.2537519
0,0.25555053
0,0.25253254
0,0.2545355
0,0.25438178
0,0.25487897
0,0.2516385
0,0.25334007
0,0.24967243
0,0.2520087
0,0.24866807
0,0.25066194
0,0.25745955
0,0.25387195
0,0.24965069
0,0.25102118
0,0.25805157
0,0.2530756
0,0.25935662
0,0.25293076
0,0.2590252
0,0.2527398
0,0.2589534
0,0.26105234
0,0.26231116
0,0.25482756
0,0.25960165
0,0.25317565
0,0.25890884
0,0.25171894
0,0.25822833
0,0.26169017
0,0.26621646
0,0.26649624
0,0.2643414
0,0.26514015
0,0.2634597
0,0.26599777
0,0.26404208
0,0.26602897
0,0.26385388
0,0.265374
0,0.26340073
0,0.26472
0,0.26281273
0,0.26448447
0,0.26194534
0,0.27066064
0,0.26326746
0,0.26449415
0,0.26109764
0,0.2633008
0,0.26453033
0,0.263602
0,0.25995532
0,0.2617986
0,0.2580905
0,0.26009652
0,0.25730437
0,0.2582785
0,0.25570717
0,0.25771993
0,0.25452656
0,0.2572261
0,0.25363603
0,0.25604782
0,0.25283417
0,0.2552372
0,0.25218123
0,0.25441405
0,0.25246522
0,0.2538876
0,0.25056767
0,0.25314847
0,0.24983528
0,0.2515861
0,0.24832557
0,0.25012738
0,0.24765
0,0.24973144
0,0.257692
0,0.25334474
0,0.2591074
0,0.2543505
0,0.2485734
0,0.26053548
0,0.26152867
0,0.25486904
0,0.25973073
0,0.26451474
0,0.26381263
0,0.30372947
0,0.27237093
0,0.27157316
0,0.26701322
0,0.26920044
0,0.26672512
0,0.26857916
0,0.26488823
0,0.26701924
0,0.26764056
0,0.26768208
0,0.26521906
0,0.26610044
0,0.26402107
0,0.26549006
0,0.2638293
0,0.264115
0,0.26142287
0,0.26348963
0,0.26108178
0,0.26289016
0,0.26065272
0,0.26221904
0,0.26044148
0,0.26202786
0,0.25994536
0,0.26137564
0,0.2596089
0,0.26052994
0,0.25871474
0,0.25790387
0,0.2572756
0,0.25284708
0,0.25454345
0,0.25618395
0,0.25492603
0,0.26300603
0,0.25759572
0,0.25717607
0,0.25492474
0,0.2552854
0,0.2554611
0,0.26081505
0,0.25562498
0,0.25536317
0,0.25357264
0,0.25408918
0,0.25175908
0,0.2587051
0,0.2611971
0,0.25630543
0,0.25272202
0,0.25939637
0,0.25250003
0,0.2577889
0,0.26164663
0,0.26681778
0,0.26652643
0,0.2587827
0,0.2638747
0,0.2564021
0,0.26197088
0,0.25617552
0,0.2619235
0,0.25497743
0,0.26500437
0,0.2560576
0,0.26086423
0,0.2542697
0,0.2603765
0,0.2530827
0,0.25906733
0,0.2627228
0,0.26244935
0,0.253525
0,0.25907487
0,0.2620998
0,0.2616475
0,0.26416424
0,0.26285163
0,0.27052644
0,0.26507387
0,0.2666772
0,0.2642586
0,0.2656502
0,0.26283398
0,0.2643089
0,0.26177832
0,0.26362133
0,0.27173445
0,0.26701313
0,0.2538472
0,0.26737484
0,0.2723739
0,0.2718856
0,0.2652294
0,0.26498896
0,0.26065943
0,0.2623313
0,0.25921774
0,0.26094094
0,0.26889002
0,0.26407576
0,0.26015362
0,0.2615215
0,0.2823122
0,0.26933932
0,0.26271346
0,0.26318577
0,0.2696862
0,0.2639663
0,0.25916943
0,0.2693853
0,0.2597737
0,0.27558452
0,0.2729966
0,0.2653848
0,0.25954705
0,0.25889388
0,0.25478408
0,0.2667891
0,0.25700346
0,0.25717276
0,0.25356525
0,0.25388044
0,0.25076565
0,0.26261896
0,0.26380715
0,0.25714102
0,0.26350334
0,0.25738016
0,0.2629173
0,0.26736182
0,0.26640192
0,0.25836432
0,0.2625278
0,0.2553656
0,0.2608656
0,0.26400822
0,0.2630461
0,0.25599635
0,0.26669693
0,0.27178395
0,0.26681024
0,0.2683263
0,0.2655515
0,0.26742196
0,0.26515198
0,0.26669946
0,0.26490384
0,0.26594704
0,0.2624744
0,0.26493713
0,0.26202273
0,0.2638833
0,0.26178646
0,0.26309082
0,0.2713825
0,0.26688245
0,0.262909
0,0.26405337
0,0.27097455
0,0.263815
0,0.26115698
0,0.26244345
0,0.258621
0,0.26030478
0,0.26053843
0,0.26024026
0,0.26832035
0,0.26314905
0,0.25858033
0,0.25897112
0,0.25463673
0,0.25604463
0,0.265304
0,0.27042046
0,0.25941983
0,0.25844812
0,0.25460544
0,0.2544691
0,0.25674224
0,0.25439432
0,0.25151882
0,0.26248378
0,0.26423162
0,0.26271215
0,0.2663642
0,0.25908133
0,0.26442638
0,0.26798993
0,0.26802057
0,0.25980923
0,0.26522073
0,0.26832393
0,0.26695552
0,0.26994115
0,0.26747525
0,0.2736737
0,0.2693604
0,0.25871646
0,0.2641975
0,0.2591373
0,0.2677965
0,0.26754573
0,0.26612744
0,0.26785818
0,0.27325946
0,0.27004772
0,0.26740977
0,0.2611175
0,0.26337057
0,0.26562825
0,0.26410687
0,0.2710364
0,0.26576287
0,0.2673308
0,0.26450306
0,0.2662916
0,0.26384014
0,0.26568207
0,0.26236632
0,0.26392385
0,0.26097932
0,0.2634837
0,0.2602766
0,0.26205418
0,0.25977474
0,0.2612562
0,0.25729188
0,0.25974736
0,0.2685259
0,0.2640694
0,0.26244345
0,0.26178154
0,0.26990628
0,0.26338518
0,0.2590803
0,0.26028806
0,0.26725215
0,0.2626064
0,0.26917112
0,0.2623409
0,0.2687615
0,0.2628873
0,0.25813845
0,0.25868347
0,0.25631693
0,0.25540206
0,0.25288093
0,0.25398695
0,0.26168776
0,0.2609386
0,0.2649416
0,0.27012143
0,0.25808775
0,0.25764546
0,0.27471626
0,0.2732309
0,0.27053633
0,0.26824805
0,0.26818636
0,0.2600658
0,0.26449788
0,0.25851634
0,0.26225257
0,0.26736915
0,0.26558742
0,0.26963305
0,0.26652077
0,0.26956654
0,0.26975524
0,0.26578876
0,0.26508138
0,0.2582465
0,0.26115716
0,0.25492856
0,0.2582423
0,0.26319918
0,0.26449794
0,0.26649353
0,0.26308128
0,0.26644504
0,0.26271445
0,0.2654004
0,0.2619165
0,0.2649349
0,0.27174827
0,0.2682416
0,0.27452832
0,0.26983234
0,0.27493265
0,0.26991382
0,0.2637016
0,0.26579952
0,0.27733335
0,0.26931876
0,0.26300424
0,0.26451546
0,0.26975858
0,0.26524004
0,0.2592505
0,0.26083282
0,0.26658896
0,0.26280063
0,0.27095464
0,0.26438338
0,0.25748694
0,0.2586568
0,0.2645822
0,0.25999504
0,0.25435984
0,0.25612763
0,0.26173478
0,0.2573971
0,0.26249227
0,0.2576263
0,0.26264027
0,0.26801375
0,0.2656155
0,0.27001372
0,0.26755908
0,0.25999808
0,0.264015
0,0.25625372
0,0.26072308
0,0.2550308
0,0.25883391
0,0.26496917
0,0.26220816
0,0.25631428
0,0.2594212
0,0.2597327
0,0.25915447
0,0.25381994
0,0.25685877
0,0.2515431
0,0.25539008
0,0.24935634
0,0.25322813
0,0.24908061
0,0.25294393
0,0.24894676
0,0.25230148
0,0.25859421
0,0.2667496
0,0.2651935
0,0.27135164
0,0.26681966
0,0.2612431
0,0.26400194
0,0.27049857
0,0.26673326
0,0.27220201
0,0.27857915
0,0.26616994
0,0.2666114
0,0.25995925
0,0.2608801
0,0.26822054
0,0.26392376
0,0.25683865
0,0.25639743
0,0.25449735
0,0.24687284
0,0.2494986
0,0.2537968
0,0.25544903
0,0.25675634
0,0.2525021
0,0.25555062
0,0.25379413
0,0.25152576
0,0.24974295
0,0.2535303
0,0.24965864
0,0.2533316
0,0.24916275
0,0.25127777
0,0.24779043
0,0.25112697
0,0.25747916
0,0.26055515
0,0.26241076
0,0.26859555
0,0.2661405
0,0.25992757
0,0.2636921
0,0.25711665
0,0.26144102
0,0.2553366
0,0.2604079
0,0.26665118
0,0.26483372
0,0.25794676
0,0.26187527
0,0.25987956
0,0.2621781
0,0.25347456
0,0.25824952
0,0.25215074
0,0.2574882
0,0.25254208
0,0.2576854
0,0.25217682
0,0.25783587
0,0.25175315
0,0.25715575
0,0.25137722
0,0.25699466
0,0.26147395
0,0.25997803
0,0.25342384
0,0.2569809
0,0.26162264
0,0.25958553
0,0.2632385
0,0.2595933
0,0.26341653
0,0.26085117
0,0.2633252
0,0.260233
0,0.26303434
0,0.26107273
0,0.26232696
0,0.2592838
0,0.261115
0,0.25865886
0,0.25940475
0,0.25764582
0,0.2594717
0,0.26228896
0,0.25032657
0,0.25361785
0,0.25666577
0,0.25997108
0,0.2694363
0,0.25996414
0,0.26097897
0,0.25750622
0,0.25867954
0,0.26670825
0,0.26185322
0,0.25765124
0,0.25817195
0,0.254686
0,0.25631994
0,0.25327465
0,0.25463855
0,0.2516365
0,0.2581761
0,0.2527224
0,0.2534064
0,0.2500087
0,0.2514101
0,0.24850206
0,0.2502513
0,0.24714239
0,0.26020938
0,0.26185703
0,0.25611183
0,0.26205644
0,0.2669921
0,0.26596794
0,0.2702579
0,0.27371356
0,0.26250613
0,0.2663874
0,0.25831732
0,0.2636532
0,0.26801726
0,0.26614764
0,0.25879028
0,0.26301196
0,0.26704973
0,0.2656942
0,0.26843485
0,0.26720518
0,0.25822833
0,0.2628747
0,0.26544812
0,0.26384833
0,0.26572973
0,0.26393646
0,0.26627427
0,0.26375744
0,0.266661
0,0.2636946
0,0.265742
0,0.26252306
0,0.2651537
0,0.2622022
0,0.26468512
0,0.27215838
0,0.26819658
0,0.27435043
0,0.26955616
0,0.26405376
0,0.26508453
0,0.261272
0,0.25755468
0,0.26770532
0,0.2641945
0,0.27108294
0,0.26605096
0,0.26052126
0,0.26186514
0,0.25749248
0,0.25964332
0,0.2554611
0,0.2577514
0,0.25389
0,0.25382614
0,0.2519972
0,0.25424263
0,0.2506867
0,0.25264943
0,0.24957396
0,0.25145286
0,0.25897923
0,0.25494584
0,0.26148668
0,0.25691763
0,0.2620337
0,0.25651485
0,0.26448238
0,0.25724688
0,0.2612905
0,0.25583422
0,0.26098856
0,0.26587996
0,0.26527056
0,0.25827765
0,0.26173794
0,0.26662323
0,0.26504645
0,0.25754574
0,0.2621545
0,0.25541848
0,0.26091024
0,0.26478562
0,0.26372263
0,0.25663564
0,0.26148668
0,0.2543804
0,0.26206097
0,0.25401685
0,0.25942275
0,0.26215208
0,0.26157457
0,0.2651427
0,0.26268527
0,0.2654958
0,0.26354992
0,0.26622117
0,0.26339105
0,0.2656267
0,0.2625971
0,0.2688413
0,0.2632036
0,0.26508942
0,0.26147768
0,0.26345068
0,0.2601272
0,0.2619587
0,0.26956573
0,0.26495302
0,0.27139196
0,0.26543283
0,0.26096362
0,0.2625282
0,0.2582746
0,0.26445994
0,0.25801486
0,0.25851154
0,0.25540796
0,0.25795898
0,0.25461248
0,0.25748658
0,0.25356054
0,0.25583518
0,0.26248935
0,0.25890836
0,0.25386807
0,0.2679288
0,0.2558435
0,0.25689068
0,0.26324925
0,0.26974434
0,0.27300692
0,0.26427153
0,0.2674409
0,0.26183638
0,0.26966652
0,0.27311447
0,0.26874772
0,0.2631118
0,0.26582834
0,0.25984973
0,0.26343617
0,0.25886655
0,0.26296774
0,0.26868987
0,0.27115598
0,0.26228762
0,0.2648752
0,0.25872955
0,0.26222208
0,0.25685212
0,0.26032495
0,0.25537005
0,0.25954765
0,0.25440305
0,0.2583376
0,0.25804108
0,0.2584749
0,0.25405267
0,0.25686496
0,0.26326242
0,0.25972247
0,0.26505053
0,0.26101145
0,0.26628742
0,0.26142776
0,0.26067027
0,0.25893947
0,0.2537745
0,0.2588957
0,0.25218365
0,0.25458005
0,0.2605678
0,0.2569956
0,0.2615618
0,0.26259485
0,0.26364234
0,0.25890955
0,0.26241374
0,0.25719267
0,0.26174018
0,0.25704083
0,0.26156786
0,0.256838
0,0.2659207
0,0.25812528
0,0.26183927
0,0.25676307
0,0.26078832
0,0.25604853
0,0.25906697
0,0.2549819
0,0.25817272
0,0.26500532
0,0.26189595
0,0.25621402
0,0.25894734
0,0.25418663
0,0.25795123
0,0.25263494
0,0.256466
0,0.25190222
0,0.25567853
0,0.25075108
0,0.25438595
0,0.249836
0,0.2538913
0,0.24938864
0,0.25345966
0,0.25870934
0,0.26657137
0,0.26609024
0,0.26082194
0,0.2647717
0,0.2599924
0,0.2636768
0,0.258963
0,0.26270202
0,0.25853983
0,0.26148173
0,0.25755125
0,0.2601714
0,0.25595832
0,0.25957265
0,0.25463265
0,0.2582579
0,0.25466588
0,0.25836614
0,0.25696877
0,0.259125
0,0.25406674
0,0.25768873
0,0.25340858
0,0.2609103
0,0.2540514
0,0.25723085
0,0.25296193
0,0.2568162
0,0.25144747
0,0.25585982
0,0.24992557
0,0.2536262
0,0.26002744
0,0.25708312
0,0.25705796
0,0.25595853
0,0.26157334
0,0.25788608
0,0.2623232
0,0.268942
0,0.26594472
0,0.26032102
0,0.26354253
0,0.25827146
0,0.26241162
0,0.25675574
0,0.26102182
0,0.25600436
0,0.25996616
0,0.254868
0,0.2592425
0,0.253683
0,0.25847164
0,0.25366473
0,0.25792214
0,0.25287104
0,0.25703508
0,0.2527315
0,0.25624964
0,0.25112447
0,0.25556225
0,0.25065336
0,0.25455326
0,0.25008154
0,0.25383157
0,0.24941567
0,0.25187927
0,0.2637853
0,0.25862226
0,0.25231674
0,0.2539142
0,0.25928584
0,0.25622535
0,0.26082912
0,0.25633872
0,0.2618913
0,0.2569741
0,0.26183233
0,0.25637856
0,0.26097926
0,0.25629
0,0.26029423
0,0.25537232
0,0.25999367
0,0.25500503
0,0.25969723
0,0.25456002
0,0.2589618
0,0.25341126
0,0.257659
0,0.2625687
0,0.2612041
0,0.25426108
0,0.25826842
0,0.2528887
0,0.256404
0,0.26175007
0,0.259682
0,0.2638349
0,0.26064235
0,0.26415858
0,0.26120883
0,0.264688
0,0.26125044
0,0.26475665
0,0.26073226
0,0.26404122
0,0.2598851
0,0.2639742
0,0.25934166
0,0.26273245
0,0.2584594
0,0.26237634
0,0.25801533
0,0.26178482
0,0.2571909
0,0.2607244
0,0.26969522
0,0.26520202
0,0.27677223
0,0.2764566
0,0.2755178
0,0.26976922
0,0.27315688
0,0.2677418
0,0.2720098
0,0.26661733
0,0.27123344
0,0.26598364
0,0.27006197
0,0.26447636
0,0.26892167
0,0.26438746
0,0.26810956
0,0.26367086
0,0.2673186
0,0.2628134
0,0.26722395
0,0.26208243
0,0.26544783
0,0.27176315
0,0.26975176
0,0.26310262
0,0.26653084
0,0.25993788
0,0.2642001
0,0.25905234
0,0.26330692
0,0.25762302
0,0.26233366
0,0.2569517
0,0.26197255
0,0.2562076
0,0.261068
0,0.2560884
0,0.26082528
0,0.25501126
0,0.25959352
0,0.25396925
0,0.25915477
0,0.2634954
0,0.26264292
0,0.26607254
0,0.26425922
0,0.25630766
0,0.26013204
0,0.2635139
0,0.26150712
0,0.26356748
0,0.26207143
0,0.26388234
0,0.26144525
0,0.26364955
0,0.26111832
0,0.2638809
0,0.26035625
0,0.2616125
0,0.27033597
0,0.2657609
0,0.26179564
0,0.26316005
0,0.25956744
0,0.26132405
0,0.25767696
0,0.2596116
0,0.25636235
0,0.25898027
0,0.25579762
0,0.2578672
0,0.25464028
0,0.25713938
0,0.26484922
0,0.26042607
0,0.2561734
0,0.25787613
0,0.27002433
0,0.26162973
0,0.2567823
0,0.256978
0,0.26388013
0,0.25813392
0,0.2649092
0,0.26987094
0,0.26860008
0,0.2621141
0,0.25601578
0,0.2552377
0,0.25135782
0,0.26187325
0,0.26304507
0,0.25730747
0,0.26297268
0,0.2570016
0,0.2630132
0,0.25688297
0,0.26202077
0,0.25588107
0,0.26077056
0,0.2660543
0,0.26449296
0,0.26858205
0,0.26569375
0,0.2592423
0,0.262402
0,0.256449
0,0.2596675
0,0.25282392
0,0.25762492
0,0.26357138
0,0.2617475
0,0.25488898
0,0.25760645
0,0.26263484
0,0.25977033
0,0.26413116
0,0.26041177
0,0.26454926
0,0.26065734
0,0.2646192
0,0.27127683
0,0.2718202
0,0.26395383
0,0.2666264
0,0.26086363
0,0.26418343
0,0.26967672
0,0.26700768
0,0.26090017
0,0.2655294
0,0.2697851
0,0.26628098
0,0.27101734
0,0.26702046
0,0.26009446
0,0.26243874
0,0.26758525
0,0.26394498
0,0.268663
0,0.26403475
0,0.26835936
0,0.2638247
0,0.25779432
0,0.26983565
0,0.26936632
0,0.26370206
0,0.25824532
0,0.26915836
0,0.25760674
0,0.25835076
0,0.26373836
0,0.25850928
0,0.2535072
0,0.25432807
0,0.26085272
0,0.2566289
0,0.26221755
0,0.2563183
0,0.27914405
0,0.27364424
0,0.27027264
0,0.2762857
0,0.27114168
0,0.2727754
0,0.26964533
0,0.27184314
0,0.26792574
0,0.26392886
0,0.26533124
0,0.25734532
0,0.26191327
0,0.26516134
0,0.26368827
0,0.26586193
0,0.26376218
0,0.26664138
0,0.26385286
0,0.41721976
0,0.3269064
0,0.30647534
0,0.28946042
0,0.28347135
0,0.28633457
0,0.27810016
0,0.27111185
0,0.27088782
0,0.26572683
0,0.26704404
0,0.27395928
0,0.26932347
0,0.2642879
0,0.26557103
0,0.2614703
0,0.26392758
0,0.27074134
0,0.26654026
0,0.26187062
0,0.2633626
0,0.26980168
0,0.26600626
0,0.26086247
0,0.26264608
0,0.25851712
0,0.26080415
0,0.25673398
0,0.26028743
0,0.25600675
0,0.25659126
0,0.2536202
0,0.25683635
0,0.25333202
0,0.25582936
0,0.26297075
0,0.25923517
0,0.26567733
0,0.2665311
0,0.25793448
0,0.25905195
0,0.25352097
0,0.25550145
0,0.25053763
0,0.25327763
0,0.24946092
0,0.25208807
0,0.25827894
0,0.2547308
0,0.26064417
0,0.2556909
0,0.26101735
0,0.25536254
0,0.2605661
0,0.2553046
0,0.260811
0,0.2546497
0,0.2601346
0,0.2543667
0,0.26553398
0,0.2560111
0,0.26305392
0,0.2550141
0,0.25948185
0,0.25311273
0,0.26963246
0,0.2565788
0,0.26001263
0,0.2634156
0,0.26111698
0,0.2648859
0,0.26174074
0,0.26480076
0,0.26240274
0,0.2654071
0,0.26234078
0,0.26485074
0,0.25092733
0,0.25948703
0,0.25792384
0,0.2607766
0,0.25842118
0,0.2610028
0,0.25830963
0,0.26013818
0,0.25628948
0,0.25901872
0,0.25609168
0,0.25792524
0,0.25527084
0,0.25709856
0,0.25381705
0,0.25600374
0,0.26380688
0,0.26046467
0,0.25511095
0,0.2571396
0,0.25379148
0,0.25589615
0,0.25157538
0,0.254236
0,0.24984458
0,0.2525661
0,0.24846242
0,0.25138676
0,0.2581657
0,0.25477988
0,0.2651068
0,0.2583429
0,0.26261294
0,0.25739196
0,0.2619575
0,0.25688493
0,0.26121548
0,0.2558412
0,0.26096523
0,0.2550356
0,0.2594783
0,0.25562447
0,0.2709639
0,0.25853795
0,0.26289278
0,0.25497302
0,0.25788233
0,0.2522255
0,0.25852132
0,0.2527692
0,0.25693458
0,0.26307943
0,0.26103356
0,0.26533547
0,0.2622719
0,0.25527957
0,0.2584896
0,0.2522657
0,0.25610125
0,0.26160604
0,0.25922844
0,0.26094964
0,0.25931022
0,0.26289344
0,0.25955567
0,0.26274544
0,0.2607733
0,0.2631357
0,0.27087185
0,0.26659822
0,0.2615587
0,0.26160586
0,0.2586138
0,0.2615659
0,0.2575579
0,0.26361847
0,0.25814626
0,0.25944343
0,0.25685903
0,0.2590771
0,0.25557366
0,0.25778526
0,0.25526276
0,0.25660735
0,0.25455296
0,0.25595817
0,0.25368828
0,0.25534105
0,0.25333956
0,0.25529784
0,0.2529278
0,0.25447991
0,0.25193402
0,0.2533146
0,0.25134754
0,0.25242904
0,0.25026712
0,0.25195086
0,0.24961469
0,0.25109172
0,0.2486483
0,0.25046343
0,0.248099
0,0.2492592
0,0.2518918
0,0.2499275
0,0.25790378
0,0.25268903
0,0.2596884
0,0.25363117
0,0.25981846
0,0.25327072
0,0.25877288
0,0.25291264
0,0.25852758
0,0.2526596
0,0.2578579
0,0.26308408
0,0.26135346
0,0.25301325
0,0.2586061
0,0.2521583
0,0.26265794
0,0.26392868
0,0.2626322
0,0.26477912
0,0.26337233
0,0.26561373
0,0.2617823
0,0.25552014
0,0.25827283
0,0.26719084
0,0.261988
0,0.2644377
0,0.26119348
0,0.26404238
0,0.26035547
0,0.26310995
0,0.25971505
0,0.26309183
0,0.25916138
0,0.26197836
0,0.2580011
0,0.26288813
0,0.2692362
0,0.26541078
0,0.26010504
0,0.26168028
0,0.25740495
0,0.26040286
0,0.2559458
0,0.25951102
0,0.25533578
0,0.25821537
0,0.2588381
0,0.25920007
0,0.2549743
0,0.25755832
0,0.25224409
0,0.25572914
0,0.25161162
0,0.2549855
0,0.2504177
0,0.25340185
0,0.2599389
0,0.2573698
0,0.26206174
0,0.25880283
0,0.262545
0,0.25874537
0,0.26213464
0,0.26318142
0,0.26384178
0,0.25880364
0,0.26172972
0,0.25660068
0,0.26002744
0,0.25577757
0,0.25875983
0,0.25417015
0,0.25784916
0,0.26220688
0,0.25982526
0,0.2545742
0,0.2572475
0,0.2523317
0,0.25611454
0,0.25093126
0,0.25478792
0,0.25032237
0,0.2539052
0,0.25857598
0,0.25678137
0,0.26232025
0,0.25817913
0,0.26272628
0,0.2587261
0,0.2632197
0,0.25864395
0,0.26281148
0,0.2582982
0,0.26309636
0,0.2568563
0,0.26205164
0,0.25716534
0,0.26174718
0,0.2568359
0,0.26082945
0,0.2559105
0,0.25967667
0,0.25453714
0,0.25780392
0,0.26025274
0,0.2602378
0,0.25548664
0,0.25823483
0,0.25343645
0,0.256841
0,0.25274566
0,0.24858506
0,0.24759673
0,0.25286254
0,0.24813491
0,0.25209716
0,0.25113872
0,0.2525079
0,0.2595418
0,0.25648457
0,0.26209664
0,0.25780714
0,0.26167527
0,0.25793964
0,0.26277912
0,0.25806752
0,0.26261473
0,0.257673
0,0.2618012
0,0.25691542
0,0.26110956
0,0.25597546
0,0.26000482
0,0.25555512
0,0.25894856
0,0.25456923
0,0.25804508
0,0.26460743
0,0.26208577
0,0.25654355
0,0.25912374
0,0.2538784
0,0.2573615
0,0.26059258
0,0.25891936
0,0.25307938
0,0.25567877
0,0.2513261
0,0.25419167
0,0.2500223
0,0.25337604
0,0.24940665
0,0.26287705
0,0.253108
0,0.25459105
0,0.26075935
0,0.26234803
0,0.26465568
0,0.2595208
0,0.26378796
0,0.25784746
0,0.26258513
0,0.27644262
0,0.27012932
0,0.26198113
0,0.2648585
0,0.2587388
0,0.26194602
0,0.25687796
0,0.2600398
0,0.26030988
0,0.26065528
0,0.25560144
0,0.2570717
0,0.25308362
0,0.24678642
0,0.24856867
0,0.25355554
0,0.24957396
0,0.2540698
0,0.26045153
0,0.2582543
0,0.26303554
0,0.2578723
0,0.26327434
0,0.26038882
0,0.2640324
0,0.26099083
0,0.26409513
0,0.26280418
0,0.26435637
0,0.26064923
0,0.26337746
0,0.26950508
0,0.26618233
0,0.26123834
0,0.26312095
0,0.269542
0,0.2656922
0,0.26568294
0,0.2641603
0,0.26701114
0,0.2648683
0,0.25981966
0,0.26671198
0,0.25970867
0,0.26121417
0,0.25719553
0,0.25933
0,0.25633126
0,0.25777555
0,0.25517648
0,0.25637066
0,0.25411624
0,0.25581297
0,0.25286222
0,0.25449714
0,0.25222176
0,0.25357008
0,0.25109667
0,0.25296804
0,0.25047323
0,0.25186482
0,0.2481074
0,0.25002566
0,0.24789383
0,0.24978577
0,0.24783665
0,0.24849953
0,0.24662663
0,0.24709003
0,0.24405894
0,0.24597903
0,0.24347913
0,0.24448903
0,0.26573208
0,0.25365844
0,0.26038137
0,0.253312
0,0.2599026
0,0.25248063
0,0.25878397
0,0.26126486
0,0.26286122
0,0.25434917
0,0.25988138
0,0.2522813
0,0.25796026
0,0.26141584
0,0.26088786
0,0.2632961
0,0.26247495
0,0.2649073
0,0.26342514
0,0.2649212
0,0.26339138
0,0.2651576
0,0.26220095
0,0.26428765
0,0.26323757
0,0.26477963
0,0.26318252
0,0.26453722
0,0.26289734
0,0.26424292
0,0.2614469
0,0.26294324
0,0.2603722
0,0.26232743
0,0.25885716
0,0.26160592
0,0.25784975
0,0.2602822
0,0.25714087
0,0.25922295
0,0.25638396
0,0.2636339
0,0.25784254
0,0.25923
0,0.25594658
0,0.25753143
0,0.25490928
0,0.2566662
0,0.25154537
0,0.25482884
0,0.25201166
0,0.25421858
0,0.25137305
0,0.2535308
0,0.2506905
0,0.25293398
0,0.26041433
0,0.2559935
0,0.26056913
0,0.25691828
0,0.26248813
0,0.25727987
0,0.26281327
0,0.25768393
0,0.262449
0,0.25693914
0,0.26257554
0,0.25634202
0,0.25939322
0,0.25452453
0,0.26540563
0,0.26649445
0,0.26603547
0,0.25993872
0,0.26234978
0,0.2560905
0,0.2614761
0,0.254388
0,0.2595389
0,0.2643676
0,0.26168248
0,0.25438958
0,0.25899932
0,0.25258476
0,0.25649604
0,0.26127163
0,0.26009768
0,0.26387033
0,0.2786333
0,0.27102932
0,0.26600504
0,0.26904482
0,0.26381886
0,0.26578656
0,0.2745958
0,0.26887673
0,0.26448742
0,0.26532602
0,0.2620445
0,0.26793894
0,0.26198894
0,0.26365975
0,0.26067466
0,0.2618963
0,0.2585052
0,0.2609375
0,0.2583026
0,0.25983858
0,0.25793052
0,0.25902596
0,0.25630057
0,0.26968485
0,0.25988993
0,0.2650173
0,0.25852266
0,0.25845054
0,0.25458074
0,0.25666207
0,0.25358358
0,0.25489748
0,0.2521156
0,0.25672653
0,0.25233552
0,0.254241
0,0.2508817
0,0.25210845
0,0.24934934
0,0.25141755
0,0.24870457
0,0.25092122
0,0.24813321
0,0.26497096
0,0.26378465
0,0.2582695
0,0.26382354
0,0.25750032
0,0.2631096
0,0.26818827
0,0.26743808
0,0.25981233
0,0.26455688
0,0.26785302
0,0.26643583
0,0.25886318
0,0.2632384
0,0.2564142
0,0.2539517
0,0.2631892
0,0.26291326
0,0.25553602
0,0.260071
0,0.2642105
0,0.26286438
0,0.26632726
0,0.26472074
0,0.265694
0,0.26429597
0,0.26656738
0,0.2643239
0,0.26655516
0,0.26433018
0,0.26550773
0,0.2633537
0,0.26591
0,0.26341838
0,0.26495218
0,0.26383582
0,0.26463526
0,0.2715756
0,0.27830267
0,0.2682313
0,0.2668769
0,0.26398778
0,0.26384014
0,0.26143685
0,0.27284467
0,0.26393434
0,0.2633649
0,0.25790906
0,0.25957617
0,0.25789502
0,0.25753927
0,0.25665092
0,0.25667122
0,0.26188007
0,0.2580971
0,0.25602582
0,0.25622144
0,0.2546079
0,0.25445485
0,0.25339398
0,0.2522533
0,0.25172895
0,0.25646475
0,0.25264692
0,0.25213256
0,0.25077158
0,0.25049192
0,0.24965641
0,0.2490894
0,0.2525844
0,0.24957165
0,0.24794279
0,0.24721514
0,0.24527082
0,0.24560976
0,0.2548543
0,0.24738042
0,0.25671887
0,0.24917176
0,0.2566539
0,0.25957894
0,0.2599348
0,0.26265484
0,0.260988
0,0.26352304
0,0.26289004
0,0.2637204
0,0.26388228
0,0.26456258
0,0.263689
0,0.2634903
0,0.26322374
0,0.26303998
0,0.26241192
0,0.26214138
0,0.26192164
0,0.26148936
0,0.26142347
0,0.25939035
0,0.25807905
0,0.25854036
0,0.25884414
0,0.25861323
0,0.25938553
0,0.25841808
0,0.2516266
0,0.2546432
0,0.25622773
0,0.26181805
0,0.25886095
0,0.256397
0,0.25676346
0,0.2558101
0,0.25589514
0,0.25456408
0,0.2548147
0,0.25385273
0,0.25605834
0,0.25547463
0,0.2560911
0,0.2593901
0,0.25669968
0,0.25572535
0,0.2556585
0,0.25491393
0,0.25469342
0,0.2538118
0,0.25447267
0,0.25291833
0,0.25330117
0,0.25224417
0,0.25279373
0,0.25586453
0,0.25347376
0,0.2514565
0,0.25228965
0,0.24981707
0,0.24866024
0,0.24718261
0,0.24860786
0,0.24602398
0,0.24794556
0,0.256025
0,0.25060314
0,0.26923618
0,0.26719606
0,0.25870612
0,0.25324005
0,0.24945511
0,0.25456047
0,0.25854173
0,0.26333052
0,0.25206155
0,0.25157896
0,0.2467771
0,0.2473683
0,0.2653728
0,0.2511082
0,0.25708666
0,0.2506024
0,0.2452541
0,0.24530274
0,0.24099223
0,0.25264317
0,0.25345552
0,0.25784677
0,0.2570231
0,0.2601693
0,0.28210327
0,0.25984558
0,0.26161304
0,0.2635603
0,0.26057065
0,0.2624322
0,0.25942025
0,0.27238968
0,0.263433
0,0.26332894
0,0.26477894
0,0.2628276
0,0.2590402
0,0.26056746
0,0.2566586
0,0.25869823
0,0.25645563
0,0.25786024
0,0.25529245
0,0.25655794
0,0.25428677
0,0.25590605
0,0.2538895
0,0.25783253
0,0.25345626
0,0.25983045
0,0.25427014
0,0.24949306
0,0.24987799
0,0.25182176
0,0.2494304
0,0.26438105
0,0.2543071
0,0.25440025
0,0.2663166
0,0.2577472
0,0.25296164
0,0.25301924
0,0.25961623
0,0.25439817
0,0.24973871
0,0.25066045
0,0.24654026
0,0.2477842
0,0.24469133
0,0.24645321
0,0.25361302
0,0.2492081
0,0.244921
0,0.2564262
0,0.2569473
0,0.26206747
0,0.2501842
0,0.259847
0,0.25915855
0,0.25190803
0,0.24573387
0,0.24577297
0,0.24215801
0,0.25331753
0,0.24340421
0,0.24275096
0,0.24244614
0,0.25117525
0,0.25172117
0,0.2453864
0,0.2512463
0,0.26020253
0,0.2563188
0,0.26443377
0,0.25938982
0,0.25040516
0,0.2540932
0,0.2467313
0,0.2510789
0,0.2550837
0,0.25339037
0,0.24586515
0,0.25044712
0,0.25402516
0,0.2524906
0,0.25992036
0,0.25529626
0,0.25691122
0,0.25412938
0,0.25653848
0,0.25343052
0,0.25568828
0,0.25704622
0,0.26315585
0,0.25548968
0,0.25744328
0,0.25344488
0,0.26699045
0,0.25671157
0,0.25770518
0,0.26393333
0,0.25956488
0,0.26505017
0,0.25371528
0,0.2523216
0,0.2540339
0,0.26098037
0,0.25627968
0,0.26245987
0,0.25703537
0,0.26277867
0,0.2577378
0,0.26347825
0,0.26243475
0,0.2546338
0,0.25404188
0,0.26068395
0,0.2639209
0,0.26468977
0,0.2582351
0,0.26098964
0,0.25577775
0,0.25893167
0,0.25391832
0,0.2598756
0,0.26439086
0,0.26291704
0,0.26587585
0,0.25412616
0,0.26258412
0,0.26185402
0,0.26442727
0,0.2633001
0,0.2651533
0,0.2636378
0,0.25470725
0,0.25954485
0,0.26207608
0,0.2509267
0,0.26330292
0,0.2610889
0,0.26245397
0,0.26142314
0,0.26223198
0,0.26064447
0,0.26202837
0,0.26109856
0,0.26137924
0,0.2604071
0,0.25087517
0,0.26681498
0,0.2515257
0,0.25625917
0,0.2620754
0,0.25886938
0,0.26429978
0,0.26032072
0,0.26508072
0,0.26046062
0,0.25993955
0,0.2577341
0,0.25744218
0,0.25595933
0,0.2564247
0,0.25450808
0,0.25547352
0,0.25382176
0,0.25395814
0,0.2528693
0,0.25339517
0,0.25183707
0,0.25271657
0,0.25099814
0,0.25196078
0,0.26048082
0,0.26032895
0,0.26492396
0,0.25783652
0,0.2647404
0,0.25783864
0,0.2637803
0,0.25704354
0,0.2630542
0,0.25589776
0,0.26198632
0,0.25518844
0,0.25022456
0,0.24977612
0,0.25758317
0,0.2515565
0,0.24777861
0,0.24739838
0,0.25496098
0,0.26316836
0,0.26138085
0,0.2641716
0,0.26276958
0,0.2541396
0,0.25978756
0,0.26205468
0,0.25049326
0,0.24815182
0,0.24404076
0,0.2489711
0,0.25267938
0,0.25649107
0,0.25660735
0,0.2479951
0,0.25395787
0,0.24607177
0,0.25222176
0,0.24423432
0,0.2450367
0,0.24131326
0,0.24763855
0,0.24149495
0,0.24833058
0,0.2517242
0,0.26326168
0,0.25871637
0,0.2569123
0,0.2570297
0,0.25558347
0,0.25601315
0,0.25481117
0,0.26006663
0,0.25569823
0,0.25599238
0,0.25372064
0,0.25464997
0,0.25222036
0,0.25392354
0,0.25237596
0,0.25340757
0,0.25113317
0,0.25207222
0,0.2501211
0,0.2514376
0,0.24908586
0,0.2555918
0,0.25025183
0,0.25154018
0,0.24902014
0,0.26111713
0,0.25210005
0,0.25231767
0,0.24870117
0,0.24963737
0,0.2565819
0,0.2513276
0,0.24798918
0,0.24815387
0,0.24511683
0,0.24560845
0,0.2428814
0,0.24409145
0,0.2512783
0,0.24668644
0,0.24486926
0,0.2548722
0,0.24582607
0,0.24532145
0,0.25203422
0,0.24655148
0,0.2531036
0,0.25738713
0,0.2578733
0,0.2605559
0,0.25970724
0,0.26128718
0,0.24968435
0,0.25921792
0,0.2625431
0,0.2512751
0,0.25569353
0,0.2481505
0,0.25342315
0,0.24601224
0,0.25212535
0,0.2440966
0,0.25043023
0,0.24343163
0,0.2492931
0,0.25283104
0,0.25327203
0,0.25550562
0,0.2540652
0,0.26087356
0,0.25645676
0,0.25734183
0,0.25501758
0,0.2565836
0,0.2547918
0,0.25605664
0,0.25374964
0,0.25954476
0,0.25410402
0,0.2550802
0,0.2523784
0,0.25370353
0,0.25131738
0,0.25247163
0,0.25999445
0,0.25886586
0,0.25988257
0,0.25688392
0,0.25579214
0,0.25548223
0,0.25122312
0,0.25355297
0,0.249051
0,0.25113946
0,0.26289117
0,0.25573462
0,0.25063485
0,0.2516789
0,0.257818
0,0.2528768
0,0.2583512
0,0.2532348
0,0.25806844
0,0.26350796
0,0.2617956
0,0.25552723
0,0.24832161
0,0.2589759
0,0.25816232
0,0.26217273
0,0.25000644
0,0.25995797
0,0.25830737
0,0.26207682
0,0.26019636
0,0.25523612
0,0.25727126
0,0.25047526
0,0.25461203
0,0.25854668
0,0.25858298
0,0.2505728
0,0.25419086
0,0.25776017
0,0.25577667
0,0.2483624
0,0.25246918
0,0.26793277
0,0.26933706
0,0.254117
0,0.2553366
0,0.25878334
0,0.27075964
0,0.2640204
0,0.25888404
0,0.2603878
0,0.2557416
0,0.2580241
0,0.25405046
0,0.2562385
0,0.25261497
0,0.2550707
0,0.26221797
0,0.25828117
0,0.25362176
0,0.25272676
0,0.26068836
0,0.25656196
0,0.25174588
0,0.25294995
0,0.25981674
0,0.25499997
0,0.26078764
0,0.26620692
0,0.25441974
0,0.25428918
0,0.26055956
0,0.2545381
0,0.25947016
0,0.2545451
0,0.24871288
0,0.26078
0,0.25012702
0,0.25019535
0,0.25603408
0,0.25114372
0,0.2464348
0,0.24708897
0,0.24263102
0,0.25468963
0,0.2557922
0,0.2607388
0,0.24889842
0,0.24816586
0,0.2435944
0,0.24435632
0,0.25059423
0,0.24496038
0,0.25122622
0,0.25556922
0,0.25529087
0,0.2579495
0,0.25643802
0,0.25906384
0,0.25709403
0,0.24898382
0,0.25308415
0,0.24597478
0,0.25079203
0,0.24415003
0,0.24988514
0,0.2474621
0,0.25075492
0,0.25460106
0,0.2531983
0,0.24577467
0,0.24987577
0,0.25342762
0,0.25260666
0,0.25502566
0,0.25282592
0,0.25491947
0,0.25259912
0,0.25509655
0,0.25292215
0,0.2591976
0,0.25447452
0,0.25609106
0,0.2529604
0,0.25484768
0,0.25154456
0,0.25322166
0,0.250056
0,0.25222602
0,0.248917
0,0.25091264
0,0.258952
0,0.26063448
0,0.25296965
0,0.25345904
0,0.26040024
0,0.25498104
0,0.26139823
0,0.25548568
0,0.25107595
0,0.2514316
0,0.24850509
0,0.24893598
0,0.25662148
0,0.26219183
0,0.25047472
0,0.25017497
0,0.2473955
0,0.24746822
0,0.25512633
0,0.24942529
0,0.25672826
0,0.26153937
0,0.261617
0,0.26357034
0,0.25244147
0,0.26084664
0,0.25016746
0,0.24786536
0,0.25484344
0,0.25817493
0,0.2584666
0,0.26069757
0,0.25984067
0,0.25079533
0,0.25593698
0,0.25818515
0,0.2577263
0,0.25951597
0,0.25578395
0,0.2533715
0,0.2561532
0,0.2576878
0,0.25733936
0,0.26308194
0,0.25918362
0,0.25926635
0,0.25856012
0,0.25832695
0,0.2570785
0,0.2577208
0,0.2573453
0,0.2570057
0,0.25683382
0,0.2562828
0,0.25632718
0,0.25569263
0,0.25518158
0,0.25477934
0,0.25468868
0,0.25451297
0,0.25398022
0,0.2534392
0,0.25326997
0,0.25272956
0,0.25229633
0,0.25179026
0,0.25181097
0,0.25099975
0,0.25128138
0,0.25101876
0,0.25026307
0,0.24945763
0,0.24910183
0,0.24838881
0,0.24807557
0,0.24763387
0,0.25829828
0,0.2619419
0,0.2644177
0,0.26651123
0,0.2669925
0,0.27259055
0,0.26486534
0,0.25655514
0,0.2527334
0,0.25033784
0,0.25830707
0,0.25035205
0,0.25856638
0,0.24987862
0,0.25833634
0,0.2545491
0,0.25985178
0,0.26163018
0,0.25188094
0,0.24896723
0,0.25603765
0,0.263969
0,0.25099263
0,0.24806428
0,0.25446627
0,0.25686118
0,0.25835684
0,0.2598477
0,0.26076016
0,0.26067019
0,0.26029825
0,0.26092252
0,0.26030564
0,0.26534575
0,0.26166153
0,0.26122156
0,0.26348278
0,0.26144195
0,0.2602409
0,0.2601246
0,0.25915858
0,0.2586561
0,0.257933
0,0.25841087
0,0.2576498
0,0.24688329
0,0.25298735
0,0.2533481
0,0.25398687
0,0.25436085
0,0.2443595
0,0.26062843
0,0.25572664
0,0.2551088
0,0.25452247
0,0.25382572
0,0.25464237
0,0.25327376
0,0.2527778
0,0.2516421
0,0.251435
0,0.2515226
0,0.25193053
0,0.25073862
0,0.25041097
0,0.25984502
0,0.25401288
0,0.25164324
0,0.2506019
0,0.24914163
0,0.25780568
0,0.26156005
0,0.25369534
0,0.24831083
0,0.24829346
0,0.24661016
0,0.2564746
0,0.25935927
0,0.25115952
0,0.2590539
0,0.2620575
0,0.26316708
0,0.26427478
0,0.25422183
0,0.2628725
0,0.25240558
0,0.25963825
0,0.2609252
0,0.2508307
0,0.25781244
0,0.25850183
0,0.24966149
0,0.2560339
0,0.24786599
0,0.26520863
0,0.26067978
0,0.25035295
0,0.2561197
0,0.25675344
0,0.25756186
0,0.25723037
0,0.25804564
0,0.25771955
0,0.25833562
0,0.25734064
0,0.25843403
0,0.25655705
0,0.25625962
0,0.25539598
0,0.255594
0,0.25523654
0,0.25500563
0,0.2599113
0,0.25685757
0,0.25511688
0,0.2548898
0,0.25366208
0,0.25351903
0,0.25254625
0,0.25265864
0,0.2519385
0,0.25227314
0,0.25142375
0,0.25235093
0,0.25167572
0,0.25095493
0,0.25070915
0,0.2503652
0,0.2495778
0,0.24977198
0,0.24842052
0,0.24847133
0,0.24791488
0,0.24819541
0,0.25791866
0,0.25169414
0,0.26090416
0,0.25345075
0,0.26154524
0,0.25406486
0,0.2507909
0,0.25011656
0,0.24713962
0,0.24715023
0,0.2555247
0,0.24950689
0,0.25682718
0,0.25025418
0,0.25705653
0,0.26106122
0,0.2614668
0,0.25761536
0,0.25039935
0,0.26438364
0,0.2509108
0,0.25955072
0,0.24882151
0,0.25750816
0,0.25861844
0,0.26658177
0,0.26626998
0,0.25482813
0,0.25545076
0,0.24934757
0,0.25455946
0,0.24798469
0,0.2526351
0,0.24680796
0,0.24172966
0,0.24174148
0,0.2478872
0,0.25362593
0,0.25454056
0,0.24655223
0,0.25139177
0,0.24456401
0,0.24914321
0,0.24268389
0,0.24776168
0,0.25234482
0,0.25051078
0,0.25404444
0,0.25210175
0,0.26021382
0,0.26489943
0,0.26034215
0,0.25567338
0,0.25673896
0,0.253574
0,0.2546251
0,0.2512639
0,0.2532972
0,0.25002748
0,0.25145918
0,0.24896759
0,0.2508136
0,0.24825762
0,0.25068647
0,0.24823126
0,0.25010946
0,0.25827643
0,0.25373885
0,0.26063058
0,0.2553415
0,0.25119442
0,0.2510028
0,0.2586552
0,0.25417775
0,0.2601324
0,0.2545432
0,0.26018226
0,0.25481024
0,0.2502637
0,0.24977505
0,0.24560106
0,0.24647367
0,0.25337988
0,0.25898188
0,0.24866104
0,0.2581424
0,0.25813618
0,0.25146943
0,0.25613734
0,0.25967893
0,0.25827056
0,0.26160696
0,0.25902507
0,0.25134298
0,0.2550728
0,0.24875155
0,0.25277454
0,0.25692338
0,0.2549562
0,0.24703854
0,0.25548178
0,0.25663272
0,0.2550122
0,0.2575485
0,0.25542265
0,0.25686556
0,0.25510457
0,0.2564091
0,0.2547459
0,0.25724044
0,0.2542441
0,0.2575226
0,0.25368488
0,0.25561634
0,0.2632464
0,0.25893414
0,0.25506356
0,0.25596237
0,0.2632275
0,0.25899264
0,0.26487577
0,0.2597466
0,0.25464326
0,0.2553355
0,0.26155567
0,0.25754946
0,0.26295522
0,0.2582161
0,0.2628438
0,0.26036373
0,0.26328546
0,0.25783405
0,0.26252672
0,0.2571871
0,0.25095204
0,0.25191835
0,0.2576195
0,0.25391352
0,0.24912412
0,0.2499697
0,0.2552904
0,0.2512193
0,0.26122043
0,0.2539632
0,0.25846288
0,0.26411492
0,0.2518534
0,0.25145826
0,0.25676137
0,0.2616758
0,0.26031932
0,0.26448053
0,0.2618623
0,0.25461665
0,0.2583302
0,0.26268664
0,0.26065612
0,0.2638893
0,0.26110575
0,0.25866678
0,0.25870118
0,0.26566675
0,0.26048294
0,0.26527995
0,0.26107103
0,0.2637818
0,0.27786765
0,0.2586723
0,0.2602835
0,0.26232764
0,0.26001084
0,0.26104942
0,0.2583142
0,0.26046285
0,0.25719404
0,0.25863254
0,0.2564132
0,0.2577752
0,0.2551979
0,0.25699776
0,0.25477776
0,0.2564597
0,0.25388667
0,0.25528115
0,0.25239792
0,0.254668
0,0.25161
0,0.25366464
0,0.25073358
0,0.25304165
0,0.2613046
0,0.2575595
0,0.26357594
0,0.25818944
0,0.2639437
0,0.25860956
0,0.25310442
0,0.25350732
0,0.25960582
0,0.26210794
0,0.26401207
0,0.25782302
0,0.26300436
0,0.25676507
0,0.26173252
0,0.2559066
0,0.2610362
0,0.25541735
0,0.2505169
0,0.25097138
0,0.24683483
0,0.24802844
0,0.2552231
0,0.25137636
0,0.24690016
0,0.25784132
0,0.25874236
0,0.25209063
0,0.24704751
0,0.2476448
0,0.24357875
0,0.24406731
0,0.24116865
0,0.24196899
0,0.24934636
0,0.244291
0,0.25074482
0,0.24523513
0,0.2513982
0,0.2554448
0,0.25491112
0,0.24708122
0,0.25180167
0,0.25576818
0,0.25388426
0,0.2568916
0,0.2554769
0,0.25821677
0,0.25642347
0,0.2525546
0,0.2542012
0,0.26158625
0,0.2573473
0,0.24789569
0,0.25250942
0,0.254458
0,0.25278118
0,0.2557194
0,0.25357473
0,0.2553036
0,0.25297782
0,0.25455785
0,0.25297123
0,0.254452
0,0.2519911
0,0.25373292
0,0.2515985
0,0.25270212
0,0.2509038
0,0.25150883
0,0.2496222
0,0.25075832
0,0.25964406
0,0.25431398
0,0.25165907
0,0.25106788
0,0.25405753
0,0.26257667
0,0.25424725
0,0.25277808
0,0.26044878
0,0.25367767
0,0.26060104
0,0.25395587
0,0.2608772
0,0.26606387
0,0.25780132
0,0.25444517
0,0.24895024
0,0.24920782
0,0.24538697
0,0.24622497
0,0.25396094
0,0.2599543
0,0.24712375
0,0.25947052
0,0.24816145
0,0.24802995
0,0.2537493
0,0.25908077
0,0.24796665
0,0.2577957
0,0.246702
0,0.25693968
0,0.24625754
0,0.24548158
0,0.25182107
0,0.25663418
0,0.25588468
0,0.24923503
0,0.25334352
0,0.24764386
0,0.2515781
0,0.2560347
0,0.2551786
0,0.25742203
0,0.25609004
0,0.25789794
0,0.25647593
0,0.24792387
0,0.25244004
0,0.2546317
0,0.25328267
0,0.25515777
0,0.2542815
0,0.25530347
0,0.25372595
0,0.25475642
0,0.2504184
0,0.25288206
0,0.251775
0,0.25239375
0,0.25046298
0,0.25193775
0,0.25028443
0,0.25153273
0,0.24985628
0,0.25060207
0,0.2487894
0,0.2546161
0,0.2609456
0,0.25525936
0,0.26224935
0,0.25531295
0,0.252183
0,0.2516474
0,0.24867502
0,0.24895638
0,0.2464677
0,0.2472879
0,0.25599596
0,0.25053087
0,0.24709207
0,0.24816453
0,0.24443091
0,0.24529952
0,0.25365752
0,0.2485033
0,0.24471097
0,0.24503359
0,0.25304216
0,0.24682637
0,0.24170893
0,0.24239351
0,0.24187903
0,0.24138522
0,0.24933971
0,0.24890843
0,0.24347918
0,0.24246322
0,0.2489275
0,0.25513306
0,0.25403485
0,0.24679476
0,0.25230786
0,0.25626922
0,0.255795
0,0.25817
0,0.260095
0,0.24990213
0,0.25398985
0,0.24674858
0,0.2517486
0,0.2550457
0,0.25410107
0,0.24602325
0,0.2504108
0,0.2549028
0,0.25374293
0,0.2595005
0,0.25643173
0,0.25788015
0,0.26012763
0,0.259532
0,0.25730127
0,0.25885963
0,0.256404
0,0.25794676
0,0.255984
0,0.25717354
0,0.25507897
0,0.2565977
0,0.25479296
0,0.25581893
0,0.2531148
0,0.25429106
0,0.25206017
0,0.25319764
0,0.2616977
0,0.25649676
0,0.25319737
0,0.25400683
0,0.26123413
0,0.25604808
0,0.26268238
0,0.25689125
0,0.25224733
0,0.2529418
0,0.24724805
0,0.2493709
0,0.27106625
0,0.2578219
0,0.26261202
0,0.26640597
0,0.25520262
0,0.25373214
0,0.259176
0,0.26417822
0,0.26261055
0,0.26601622
0,0.26531118
0,0.26797816
0,0.26526368
0,0.2572561
0,0.26174626
0,0.25400823
0,0.25803915
0,0.25229707
0,0.25560024
0,0.2500131
0,0.25459212
0,0.24913627
0,0.25334734
0,0.24798273
0,0.2529268
0,0.25765666
0,0.2560885
0,0.26082507
0,0.25790614
0,0.2504423
0,0.25380892
0,0.25791627
0,0.25545257
0,0.26452857
0,0.25795937
0,0.25007218
0,0.25260517
0,0.2457798
0,0.24918713
0,0.25307035
0,0.2509522
0,0.25387958
0,0.25226316
0,0.2547318
0,0.25149894
0,0.2540397
0,0.2512306
0,0.26523468
0,0.2555778
0,0.25695226
0,0.26875848
0,0.26141247
0,0.2673059
0,0.26163927
0,0.26666012
0,0.26181445
0,0.2667605
0,0.2623242
0,0.2604868
0,0.2590771
0,0.25435954
0,0.25512388
0,0.2518121
0,0.2531157
0,0.25969422
0,0.25633794
0,0.25138032
0,0.25297493
0,0.2594357
0,0.255327
0,0.26031846
0,0.26826748
0,0.25474128
0,0.2554025
0,0.25961807
0,0.2550619
0,0.26089644
0,0.25513065
0,0.2599251
0,0.25459763
0,0.25352255
0,0.26205754
0,0.26134196
0,0.2654335
0,0.25249177
0,0.26243535
0,0.2501303
0,0.249806
0,0.2544752
0,0.24909881
0,0.25451115
0,0.24929012
0,0.2539181
0,0.25944442
0,0.25777525
0,0.2511303
0,0.25483674
0,0.25929803
0,0.2576385
0,0.2508379
0,0.25426823
0,0.24718106
0,0.25164822
0,0.24568693
0,0.24951662
0,0.25425783
0,0.25272754
0,0.24555415
0,0.2493016
0,0.2531716
0,0.25171983
0,0.25435492
0,0.25253433
0,0.2541396
0,0.25231487
0,0.24370576
0,0.24838497
0,0.25103185
0,0.24999544
0,0.2521816
0,0.25025418
0,0.25273946
0,0.25081065
0,0.2524614
0,0.24957217
0,0.25199473
0,0.24927719
0,0.2504561
0,0.25850132
0,0.2551449
0,0.25060827
0,0.2521219
0,0.24803129
0,0.25032628
0,0.2570311
0,0.253782
0,0.24859194
0,0.25053415
0,0.26156855
0,0.25479624
0,0.24879389
0,0.24989569
0,0.25538847
0,0.25211665
0,0.25635466
0,0.25268713
0,0.2461473
0,0.24940227
0,0.2438943
0,0.2467063
0,0.2519189
0,0.2488332
0,0.25350994
0,0.24951297
0,0.2533476
0,0.26060006
0,0.25747973
0,0.26313967
0,0.2561839
0,0.2518181
0,0.25394708
0,0.24892412
0,0.25284848
0,0.25826892
0,0.25471035
0,0.24960862
0,0.2514839
0,0.25139028
0,0.24680725
0,0.25507873
0,0.25626427
0,0.25949967
0,0.2553939
0,0.26056272
0,0.25535592
0,0.25940606
0,0.25487486
0,0.25921273
0,0.25492775
0,0.25920922
0,0.25606215
0,0.25935054
0,0.2540691
0,0.24669914
0,0.25934127
0,0.25752318
0,0.2528269
0,0.25592765
0,0.26200426
0,0.25900665
0,0.26440352
0,0.26079303
0,0.26587862
0,0.26073512
0,0.26564154
0,0.26112792
0,0.25445
0,0.25646484
0,0.25108376
0,0.25355715
0,0.2588908
0,0.25568196
0,0.24982981
0,0.25199765
0,0.26203138
0,0.25561124
0,0.25991067
0,0.25541693
0,0.24889968
0,0.25089478
0,0.2567283
0,0.25405437
0,0.2611499
0,0.25487828
0,0.25819555
0,0.25374877
0,0.2572537
0,0.25082508
0,0.25526747
0,0.264057
0,0.2602047
0,0.2650599
0,0.26063484
0,0.2549769
0,0.25653827
0,0.26227716
0,0.25804016
0,0.25310665
0,0.25448927
0,0.26132244
0,0.25631574
0,0.25159106
0,0.25332013
0,0.2488331
0,0.25081855
0,0.26223093
0,0.2549484
0,0.26970103
0,0.26072913
0,0.26392978
0,0.25812352
0,0.25160965
0,0.25778678
0,0.27289408
0,0.2604109
0,0.2632193
0,0.25729862
0,0.2507529
0,0.25180724
0,0.25343066
0,0.25050282
0,0.2549208
0,0.25106555
0,0.2554363
0,0.26200405
0,0.26473716
0,0.25553957
0,0.2588669
0,0.25300768
0,0.2564813
0,0.25100327
0,0.2547547
0,0.24847792
0,0.27079827
0,0.26530138
0,0.26160797
0,0.25242755
0,0.25597164
0,0.25901064
0,0.2571781
0,0.24882343
0,0.26398307
0,0.25004804
0,0.25387043
0,0.25671402
0,0.26365483
0,0.26062584
0,0.2579861
0,0.2588612
0,0.26069704
0,0.26003405
0,0.2566281
0,0.25852355
0,0.25483897
0,0.25709033
0,0.2534613
0,0.25533688
0,0.2623472
0,0.25791538
0,0.25413695
0,0.25495934
0,0.25158775
0,0.25277105
0,0.2602497
0,0.2554408
0,0.26210245
0,0.256526
0,0.25240707
0,0.2630669
0,0.25374657
0,0.25301674
0,0.26044077
0,0.25459874
0,0.250343
0,0.25066453
0,0.24743669
0,0.25873232
0,0.26007098
0,0.25360146
0,0.24905795
0,0.2485327
0,0.24509235
0,0.24589981
0,0.24399248
0,0.255106
0,0.25790676
0,0.25054026
0,0.24609558
0,0.24573864
0,0.25319964
0,0.2477636
0,0.24377511
0,0.2543422
0,0.24452414
0,0.24350825
0,0.25067326
0,0.24496605
0,0.25129542
0,0.25586084
0,0.25576553
0,0.24738643
0,0.25266892
0,0.25539508
0,0.25519198
0,0.2465021
0,0.2520987
0,0.25501496
0,0.25402355
0,0.24580637
0,0.246644
0,0.2518299
0,0.2525926
0,0.25426143
0,0.25362515
0,0.26534885
0,0.25841594
0,0.25821874
0,0.25607377
0,0.25631183
0,0.25486773
0,0.25485945
0,0.2539444
0,0.25444245
0,0.25327367
0,0.2536784
0,0.25529948
0,0.25393862
0,0.25248867
0,0.25226328
0,0.2513382
0,0.2514655
0,0.2509615
0,0.25027376
0,0.24955852
0,0.24903113
0,0.24872385
0,0.25862715
0,0.2517764
0,0.25051582
0,0.2604408
0,0.27164194
0,0.25799733
0,0.26460025
0,0.265999
0,0.26700717
0,0.2571277
0,0.26387513
0,0.2747972
0,0.2702506
0,0.26969287
0,0.25793377
0,0.26397103
0,0.26699558
0,0.26647735
0,0.25602257
0,0.26419723
0,0.25255305
0,0.24941435
0,0.24622132
0,0.26067185
0,0.2600552
0,0.26114446
0,0.2617997
0,0.26156574
0,0.25116706
0,0.2583496
0,0.25808957
0,0.2593671
0,0.2593241
0,0.2548082
0,0.2569741
0,0.25846687
0,0.25783706
0,0.25861397
0,0.25758258
0,0.25804982
0,0.25685447
0,0.2571816
0,0.25568908
0,0.2559509
0,0.25458983
0,0.25566468
0,0.25326288
0,0.25463486
0,0.25304624
0,0.25449246
0,0.2452639
0,0.2511366
0,0.25028497
0,0.25151378
0,0.24993841
0,0.2510853
0,0.24889168
0,0.25018743
0,0.24931972
0,0.25006512
0,0.2484555
0,0.24904627
0,0.24757986
0,0.24778174
0,0.25663623
0,0.25621888
0,0.2518624
0,0.2606132
0,0.26386032
0,0.26599905
0,0.2561293
0,0.25310105
0,0.2587211
0,0.2520627
0,0.24988067
0,0.24823081
0,0.24638194
0,0.24588467
0,0.25469172
0,0.2479307
0,0.24545726
0,0.2435436
0,0.2427387
0,0.2527713
0,0.25522575
0,0.2477116
0,0.25923467
0,0.25991854
0,0.25982073
0,0.26094386
0,0.2612157
0,0.26214737
0,0.25172356
0,0.25810605
0,0.24856576
0,0.25496823
0,0.2462063
0,0.243016
0,0.2505789
0,0.24277076
0,0.2504464
0,0.2527095
0,0.25412738
0,0.25624
0,0.24644896
0,0.25346103
0,0.25517544
0,0.2556402
0,0.2563819
0,0.25702783
0,0.25677612
0,0.26801366
0,0.26224065
0,0.27400833
0,0.2698782
0,0.26369223
0,0.26258394
0,0.25942114
0,0.26535684
0,0.25940314
0,0.25872067
0,0.25646362
0,0.26164687
0,0.2569811
0,0.25688544
0,0.25526553
0,0.26008886
0,0.2553533
0,0.25561514
0,0.25396717
0,0.25407985
0,0.25210777
0,0.25253913
0,0.25053433
0,0.2513998
0,0.25001505
0,0.2505031
0,0.24867886
0,0.24981613
0,0.24838977
0,0.24863476
0,0.24743116
0,0.2580721
0,0.2500315
0,0.259595
0,0.26187202
0,0.25356784
0,0.26120833
0,0.26369196
0,0.26411805
0,0.25918734
0,0.2526881
0,0.2601861
0,0.26229504
0,0.25248495
0,0.2625508
0,0.2631753
0,0.25309443
0,0.25919688
0,0.26138625
0,0.25077912
0,0.24794073
0,0.244076
0,0.24296367
0,0.25047624
0,0.25469947
0,0.25521576
0,0.25815192
0,0.25788754
0,0.24818571
0,0.25441372
0,0.25678247
0,0.2566735
0,0.26167014
0,0.26365235
0,0.26125014
0,0.24913672
0,0.25587597
0,0.2551797
0,0.25646636
0,0.25512633
0,0.2563147
0,0.25034478
0,0.2648645
0,0.25771064
0,0.25765285
0,0.2554893
0,0.25555235
0,0.25359496
0,0.25405562
0,0.25228298
0,0.2530388
0,0.25605345
0,0.25909024
0,0.25876942
0,0.25567964
0,0.25295502
0,0.25269514
0,0.26136044
0,0.25508994
0,0.26805696
0,0.26965228
0,0.26422036
0,0.25860602
0,0.25424036
0,0.25395912
0,0.26136938
0,0.25465417
0,0.26139137
0,0.25461996
0,0.2613054
0,0.25357324
0,0.2577982
0,0.2628047
0,0.2623668
0,0.25460473
0,0.2602936
0,0.2635629
0,0.26364198
0,0.2661906
0,0.2544224
0,0.25144428
0,0.25298065
0,0.24803832
0,0.24499372
0,0.25413933
0,0.24605215
0,0.25447652
0,0.24560386
0,0.24384053
0,0.25026932
0,0.24352148
0,0.24652582
0,0.24258076
0,0.24984413
0,0.2529507
0,0.25368991
0,0.24517213
0,0.2511894
0,0.25353345
0,0.2540925
0,0.25480196
0,0.25107992
0,0.25364223
0,0.25368676
0,0.25415167
0,0.25424534
0,0.2540389
0,0.25354457
0,0.2533739
0,0.2529952
0,0.2584309
0,0.25631303
0,0.25512114
0,0.25384423
0,0.2536324
0,0.2527365
0,0.25314385
0,0.2520593
0,0.25275016
0,0.25181648
0,0.25210136
0,0.25573632
0,0.25332832
0,0.25182346
0,0.2543496
0,0.26242748
0,0.25522006
0,0.253227
0,0.2518982
0,0.2503867
0,0.25005135
0,0.24894048
0,0.24863896
0,0.24749823
0,0.24719916
0,0.25693673
0,0.25021273
0,0.2485123
0,0.24708483
0,0.2566221
0,0.24914348
0,0.25767705
0,0.26034757
0,0.25204384
0,0.2487247
0,0.25727037
0,0.24890353
0,0.24662727
0,0.24416894
0,0.25299034
0,0.24564733
0,0.2510659
0,0.24451026
0,0.24196067
0,0.25059202
0,0.24258226
0,0.24009986
0,0.24847464
0,0.25113955
0,0.25352708
0,0.25493354
0,0.2527314
0,0.26543343
0,0.2607123
0,0.25985625
0,0.2591974
0,0.25909248
0,0.25823602
0,0.26280013
0,0.25900093
0,0.2562637
0,0.2540599
0,0.25471675
0,0.2548211
0,0.25457075
0,0.25450146
0,0.2545735
0,0.25390178
0,0.25400537
0,0.24794902
0,0.25128
0,0.26120436
0,0.255552
0,0.2547807
0,0.25387818
0,0.25612998
0,0.253967
0,0.25250897
0,0.2527273
0,0.25146315
0,0.25132805
0,0.24991436
0,0.2503243
0,0.24892683
0,0.24918142
0,0.2583872
0,0.25244305
0,0.2604217
0,0.2539118
0,0.26517168
0,0.26648346
0,0.26672682
0,0.25808397
0,0.25300145
0,0.26232174
0,0.25237578
0,0.25088814
0,0.2580523
0,0.2757181
0,0.26845083
0,0.26929063
0,0.25611207
0,0.25418398
0,0.25963816
0,0.26310986
0,0.26896387
0,0.2565237
0,0.25051615
0,0.25948948
0,0.25418252
0,0.26007485
0,0.25990945
0,0.25140703
0,0.25683045
0,0.25960788
0,0.25874215
0,0.26061442
0,0.25912488
0,0.2504107
0,0.2552551
0,0.25741994
0,0.25699905
0,0.25850308
0,0.25757444
0,0.25826457
0,0.25679514
0,0.2580213
0,0.26148632
0,0.2592724
0,0.25676456
0,0.25694516
0,0.25560692
0,0.25590286
0,0.25449145
0,0.25589368
0,0.2538015
0,0.2543318
0,0.25321007
0,0.25344744
0,0.25258926
0,0.25481144
0,0.252136
0,0.25223038
0,0.25091994
0,0.25081336
0,0.24953413
0,0.24984467
0,0.24867678
0,0.24949834
0,0.24839303
0,0.2482963
0,0.25283054
0,0.25398874
0,0.25993073
0,0.2530992
0,0.26134986
0,0.2537327
0,0.26075336
0,0.25411302
0,0.26026577
0,0.2532495
0,0.25319964
0,0.26084417
0,0.25101945
0,0.26030654
0,0.2599819
0,0.26339775
0,0.26247373
0,0.25456354
0,0.2487849
0,0.24742702
0,0.2540404
0,0.2583989
0,0.2477212
0,0.25739476
0,0.2569647
0,0.26047653
0,0.2591263
0,0.25149196
0,0.2560845
0,0.25908306
0,0.26884088
0,0.25430915
0,0.2577566
0,0.26027834
0,0.25837025
0,0.25056195
0,0.25443533
0,0.24696958
0,0.2512678
0,0.24467674
0,0.24951778
0,0.2583924
0,0.25471196
0,0.25627586
0,0.2542355
0,0.25574607
0,0.25369748
0,0.25618663
0,0.25342998
0,0.25531656
0,0.25320166
0,0.2518691
0,0.25129274
0,0.252978
0,0.25140998
0,0.25377008
0,0.25093135
0,0.25228062
0,0.25070372
0,0.25121513
0,0.2610521
0,0.2555184
0,0.25217733
0,0.25196305
0,0.25991377
0,0.25468093
0,0.25095922
0,0.25133732
0,0.25905883
0,0.25347054
0,0.2494165
0,0.2500408
0,0.24691698
0,0.24728365
0,0.24514459
0,0.24609067
0,0.25456885
0,0.24952173
0,0.25645238
0,0.2510051
0,0.2571269
0,0.26163766
0,0.25102943
0,0.2498022
0,0.24580286
0,0.25677085
0,0.25708032
0,0.26128796
0,0.24993823
0,0.25881982
0,0.24754052
0,0.2571258
0,0.25726706
0,0.24972609
0,0.25463912
0,0.24785349
0,0.25319785
0,0.2567744
0,0.25669053
0,0.25951058
0,0.2577492
0,0.26081896
0,0.2581184
0,0.25026026
0,0.25415707
0,0.25708437
0,0.25923166
0,0.24936241
0,0.25262022
0,0.25661883
0,0.25377542
0,0.25629985
0,0.25377008
0,0.24696293
0,0.24981453
0,0.25369182
0,0.2510461
0,0.25368118
0,0.2511259
0,0.25416064
0,0.25141126
0,0.25385585
0,0.26132843
0,0.26318908
0,0.2557409
0,0.25719902
0,0.2631935
0,0.25844523
0,0.25320017
0,0.253867
0,0.24948789
0,0.2585625
0,0.26150003
0,0.25698915
0,0.26180577
0,0.25696972
0,0.2640944
0,0.25712025
0,0.26187673
0,0.25609857
0,0.25079143
0,0.2563454
0,0.25830415
0,0.25397292
0,0.24838686
0,0.25944343
0,0.25916916
0,0.25379232
0,0.25779432
0,0.26907206
0,0.26334447
0,0.26154867
0,0.2503595
0,0.261083
0,0.2595892
0,0.25332648
0,0.25659353
0,0.2618764
0,0.25967646
0,0.2638368
0,0.26166075
0,0.25951067
0,0.25924432
0,0.26268545
0,0.26723215
0,0.26657698
0,0.26134685
0,0.2543488
0,0.25587723
0,0.26509792
0,0.27023315
0,0.25633067
0,0.26146552
0,0.2523018
0,0.25426355
0,0.2588199
0,0.2551146
0,0.25819153
0,0.25444382
0,0.24797428
0,0.25040776
0,0.26669827
0,0.2563254
0,0.24886875
0,0.250525
0,0.25534934
0,0.25631443
0,0.2573551
0,0.25302297
0,0.25614035
0,0.25209394
0,0.25494367
0,0.26162764
0,0.25808698
0,0.25251588
0,0.25923273
0,0.2631542
0,0.25848463
0,0.2526223
0,0.25409973
0,0.25976425
0,0.25562242
0,0.25021535
0,0.25426957
0,0.2483192
0,0.2514078
0,0.25668615
0,0.25372526
0,0.24790493
0,0.24997185
0,0.25553992
0,0.25185743
0,0.25707722
0,0.25313094
0,0.25709364
0,0.25304782
0,0.24691239
0,0.24864896
0,0.25381714
0,0.25052485
0,0.24944626
0,0.24916896
0,0.25379708
0,0.25005698
0,0.2543392
0,0.25037313
0,0.24389473
0,0.25749448
0,0.25599983
0,0.25126237
0,0.25966236
0,0.25725853
0,0.2651726
0,0.26587653
0,0.26182747
0,0.26595494
0,0.26599336
0,0.26758838
0,0.26359028
0,0.2669356
0,0.26239786
0,0.26071715
0,0.25914165
0,0.2529368
0,0.24492617
0,0.26784736
0,0.25919232
0,0.2522135
0,0.25478718
0,0.24891786
0,0.2525095
0,0.25691217
0,0.25439727
0,0.25852117
0,0.25575113
0,0.24881184
0,0.25169846
0,0.26726082
0,0.26216167
0,0.25521514
0,0.25473505
0,0.25760126
0,0.2540503
0,0.25626585
0,0.25350448
0,0.25553876
0,0.2523171
0,0.25401643
0,0.25130862
0,0.25303477
0,0.2565253
0,0.2542549
0,0.2512623
0,0.2524425
0,0.26105255
0,0.25533324
0,0.27075478
0,0.26013792
0,0.2623918
0,0.2570765
0,0.2643276
0,0.25730434
0,0.26431325
0,0.2567823
0,0.26367363
0,0.25708666
0,0.26316172
0,0.25613186
0,0.26289898
0,0.25599438
0,0.26209304
0,0.26558277
0,0.25528625
0,0.2530492
0,0.24923824
0,0.25915968
0,0.24969652
0,0.2599115
0,0.26073396
0,0.26376674
0,0.2632791
0,0.26531205
0,0.26897818
0,0.2573988
0,0.26112717
0,0.2529368
0,0.25815865
0,0.26158103
0,0.26041204
0,0.25200087
0,0.2569401
0,0.2495944
0,0.24497338
0,0.25418603
0,0.25487873
0,0.2469522
0,0.25289652
0,0.25611866
0,0.25528076
0,0.2592684
0,0.25729162
0,0.2587662
0,0.25729588
0,0.25965703
0,0.25793594
0,0.25817755
0,0.2680872
0,0.26661864
0,0.2616037
0,0.25615257
0,0.2564498
0,0.25681612
0,0.25547308
0,0.25574717
0,0.2543241
0,0.25509346
0,0.25317395
0,0.25364998
0,0.2525519
0,0.25885254
0,0.25409344
0,0.25406852
0,0.25272608
0,0.25247705
0,0.2512607
0,0.25106966
0,0.24978317
0,0.25117937
0,0.2589015
0,0.24948303
0,0.25329918
0,0.2508976
0,0.24838302
0,0.24824898
0,0.24571557
0,0.24611305
0,0.2493421
0,0.24596028
0,0.25459278
0,0.25423053
0,0.25978306
0,0.26243508
0,0.26299968
0,0.26405826
0,0.26400092
0,0.26610315
0,0.2651908
0,0.25498915
0,0.26054037
0,0.2624178
0,0.26254305
0,0.2532085
0,0.2586229
0,0.2608395
0,0.26147637
0,0.25145334
0,0.2468531
0,0.255373
0,0.26233178
0,0.2504095
0,0.2562334
0,0.2582193
0,0.25800338
0,0.24936205
0,0.25471658
0,0.25740394
0,0.2570901
0,0.25849384
0,0.2577691
0,0.2484841
0,0.25338745
0,0.25600561
0,0.2550662
0,0.256618
0,0.25512862
0,0.2558206
0,0.25448376
0,0.25542986
0,0.25447595
0,0.2551166
0,0.25381497
0,0.254745
0,0.25351262
0,0.25397253
0,0.2750804
0,0.2623008
0,0.2591732
0,0.25764796
0,0.25489578
0,0.2552017
0,0.2527319
0,0.26103407
0,0.2543943
0,0.25446555
0,0.25149927
0,0.25189617
0,0.26273283
0,0.25473928
0,0.2627951
0,0.25645864
0,0.26343244
0,0.25618252
0,0.25264782
0,0.25219768
0,0.2602809
0,0.25414184
0,0.26122615
0,0.25485456
0,0.25109452
0,0.24568878
0,0.25568476
0,0.2637338
0,0.2523719
0,0.25131562
0,0.24634317
0,0.25657114
0,0.24784677
0,0.25756544
0,0.24807584
0,0.25261202
0,0.2462564
0,0.25651148
0,0.26812226
0,0.26558676
0,0.2679651
0,0.2558757
0,0.24930026
0,0.24650158
0,0.2531909
0,0.26298168
0,0.2590969
0,0.2498249
0,0.2552851
0,0.24724145
0,0.26340035
0,0.24927671
0,0.2546121
0,0.25666648
0,0.25665084
0,0.25334102
0,0.25495148
0,0.2562385
0,0.2555751
0,0.25657055
0,0.25581506
0,0.25720122
0,0.25599766
0,0.2571596
0,0.2560747
0,0.25177383
0,0.25365758
0,0.25541595
0,0.25411725
0,0.25999978
0,0.25569862
0,0.25610906
0,0.25440115
0,0.2548215
0,0.25326884
0,0.2538384
0,0.25893062
0,0.25619692
0,0.2536008
0,0.2541847
0,0.25149903
0,0.2523657
0,0.25535175
0,0.25287756
0,0.25058845
0,0.25083566
0,0.24859495
0,0.24914241
0,0.26984864
0,0.2592269
0,0.26465884
0,0.25654554
0,0.25235453
0,0.2507407
0,0.2585906
0,0.25743228
0,0.25034493
0,0.26036412
0,0.2614165
0,0.2643992
0,0.26465702
0,0.25553688
0,0.25070673
0,0.25977823
0,0.2607312
0,0.25235555
0,0.24846016
0,0.25701642
0,0.2609969
0,0.25141728
0,0.25774255
0,0.24964005
0,0.24595526
0,0.24419333
0,0.2621993
0,0.24936673
0,0.24480873
0,0.24347162
0,0.25019863
0,0.25387233
0,0.25443524
0,0.24778004
0,0.2523379
0,0.2446348
0,0.25022563
0,0.25821704
0,0.2551737
0,0.25651187
0,0.2553094
0,0.2507406
0,0.25164688
0,0.2549597
0,0.25351462
0,0.25487792
0,0.25297916
0,0.25485003
0,0.25317577
0,0.2592523
0,0.2542254
0,0.25498626
0,0.25325742
0,0.2539994
0,0.2525762
0,0.25390723
0,0.25139028
0,0.24805209
0,0.2494066
0,0.2512017
0,0.24959038
0,0.2504074
0,0.24913336
0,0.2501659
0,0.25491124
0,0.25332418
0,0.26117492
0,0.26027614
0,0.25364012
0,0.2530194
0,0.2604752
0,0.26577076
0,0.25564432
0,0.25382957
0,0.2507616
0,0.24978465
0,0.2591331
0,0.25835574
0,0.25171274
0,0.25078985
0,0.25797853
0,0.26255783
0,0.25140035
0,0.25546828
0,0.24899404
0,0.24807478
0,0.2553319
0,0.2544414
0,0.25818962
0,0.26207203
0,0.2510948
0,0.26031768
0,0.2534233
0,0.25039756
0,0.24505317
0,0.25556102
0,0.2555381
0,0.25510582
0,0.24663544
0,0.2560981
0,0.2556524
0,0.24833505
0,0.25315854
0,0.24631062
0,0.25173026
0,0.25541595
0,0.2550945
0,0.24697705
0,0.25145176
0,0.24538577
0,0.25052536
0,0.25369573
0,0.25365984
0,0.25592497
0,0.24420963
0,0.2522415
0,0.25197485
0,0.25438803
0,0.2531735
0,0.2543262
0,0.25343677
0,0.25444964
0,0.2528987
0,0.25378183
0,0.25231448
0,0.25197124
0,0.25087285
0,0.25122234
0,0.25044712
0,0.25104153
0,0.26014662
0,0.25429997
0,0.2514572
0,0.256059
0,0.25151414
0,0.25051683
0,0.24863796
0,0.24844214
0,0.2577082
0,0.26240814
0,0.2636805
0,0.2560346
0,0.26250687
0,0.26545405
0,0.26579133
0,0.2570412
0,0.26234302
0,0.26513916
0,0.26465684
0,0.2562256
0,0.2617681
0,0.25415844
0,0.2635347
0,0.26405278
0,0.26778454
0,0.2669865
0,0.25487012
0,0.26215962
0,0.2559992
0,0.2610408
0,0.26059705
0,0.263405
0,0.26192167
0,0.26269987
0,0.26199332
0,0.25269645
0,0.25760928
0,0.25993004
0,0.25908008
0,0.26088658
0,0.2594307
0,0.25039408
0,0.2555901
0,0.25393292
0,0.25474572
0,0.24689826
0,0.2520069
0,0.25529236
0,0.2543724
0,0.2514424
0,0.25373346
0,0.2573383
0,0.2551064
0,0.25691402
0,0.25468338
0,0.25574455
0,0.25393376
0,0.25521132
0,0.25330892
0,0.24949744
0,0.25017318
0,0.25299212
0,0.2502769
0,0.25200042
0,0.2501703
0,0.252006
0,0.24970864
0,0.25079167
0,0.24837428
0,0.2448319
0,0.25610107
0,0.25171706
0,0.24850468
0,0.24877962
0,0.26220328
0,0.2543048
0,0.2610544
0,0.25484395
0,0.2614188
0,0.24969581
0,0.25880298
0,0.25306612
0,0.2599326
0,0.2537985
0,0.24905306
0,0.25979647
0,0.2615763
0,0.25435773
0,0.26013273
0,0.2546277
0,0.25994882
0,0.2643745
0,0.2634765
0,0.25574717
0,0.26054028
0,0.2650539
0,0.26386726
0,0.25587833
0,0.2606008
0,0.2540135
0,0.24819478
0,0.24865931
0,0.25431335
0,0.24922056
0,0.25412813
0,0.24844347
0,0.2533671
0,0.26603797
0,0.26010278
0,0.25215217
0,0.2555853
0,0.259666
0,0.26550874
0,0.25336224
0,0.25655928
0,0.2593327
0,0.25641856
0,0.24887425
0,0.25232914
0,0.25588292
0,0.2543544
0,0.24805173
0,0.25080892
0,0.2542372
0,0.25261524
0,0.2550625
0,0.25269863
0,0.25522447
0,0.2519619
0,0.25530958
0,0.25203907
0,0.25417382
0,0.25119996
0,0.2540642
0,0.2611965
0,0.257426
0,0.2530503
0,0.25495148
0,0.26857743
0,0.26049277
0,0.2551575
0,0.25608978
0,0.25136462
0,0.25325146
0,0.26019564
0,0.2610485
0,0.25342184
0,0.25419128
0,0.2501634
0,0.25126976
0,0.24754366
0,0.24918647
0,0.2562674
0,0.25216532
0,0.24757452
0,0.24870157
0,0.2552889
0,0.26183417
0,0.2508379
0,0.24600962
0,0.25386643
0,0.2606733
0,0.26484522
0,0.25620025
0,0.24905947
0,0.24912147
0,0.25431567
0,0.24986267
0,0.24364421
0,0.24507877
0,0.25099877
0,0.24636404
0,0.25232527
0,0.24665625
0,0.25217468
0,0.25727504
0,0.25572616
0,0.24959512
0,0.25302288
0,0.24501112
0,0.25086415
0,0.25543517
0,0.25348446
0,0.25862452
0,0.25581643
0,0.2528277
0,0.25307602
0,0.24603848
0,0.25032857
0,0.25266647
0,0.25205544
0,0.24498217
0,0.24829124
0,0.24235344
0,0.24650086
0,0.26292664
0,0.25447235
0,0.25680298
0,0.25336638
0,0.26157126
0,0.25524467
0,0.25703377
0,0.25317547
0,0.255592
0,0.2516181
0,0.25449947
0,0.2508892
0,0.25335208
0,0.26059166
0,0.24704148
0,0.25918818
0,0.25570846
0,0.25601742
0,0.2546742
0,0.2504898
0,0.2516253
0,0.2581295
0,0.2545251
0,0.2607668
0,0.25598118
0,0.25120986
0,0.25418866
0,0.24901558
0,0.24966489
0,0.24621518
0,0.24758591
0,0.25448278
0,0.25014898
0,0.25617692
0,0.2509408
0,0.24557526
0,0.24650855
0,0.24187487
0,0.2547725
0,0.2545638
0,0.24998382
0,0.25383672
0,0.26103777
0,0.25816935
0,0.26843596
0,0.26158285
0,0.26530093
0,0.26063618
0,0.26379177
0,0.25953567
0,0.25294358
0,0.25494084
0,0.2468881
0,0.2511373
0,0.25611755
0,0.2534605
0,0.24721353
0,0.25381243
0,0.24614662
0,0.24925007
0,0.25418404
0,0.25191757
0,0.25364503
0,0.2513329
0,0.24497508
0,0.24821267
0,0.2528768
0,0.25347683
0,0.25467104
0,0.26252773
0,0.25938314
0,0.25467023
0,0.25695434
0,0.25206155
0,0.25534004
0,0.2513744
0,0.2540581
0,0.26077577
0,0.25734922
0,0.26347262
0,0.25882855
0,0.26387608
0,0.25811058
0,0.26341683
0,0.25883326
0,0.26303563
0,0.2585102
0,0.25239837
0,0.25399154
0,0.26026392
0,0.2551929
0,0.26032647
0,0.25573215
0,0.26016444
0,0.2560685
0,0.25490645
0,0.25253898
0,0.25853726
0,0.2536268
0,0.2473069
0,0.24923708
0,0.24452434
0,0.25167915
0,0.25474074
0,0.26095775
0,0.24865618
0,0.2605538
0,0.25883532
0,0.26387614
0,0.2609581
0,0.2538325
0,0.25709593
0,0.26248217
0,0.25960478
0,0.26386148
0,0.2608315
0,0.2539677
0,0.25663918
0,0.26179022
0,0.25864404
0,0.25141892
0,0.25478157
0,0.2584228
0,0.25597617
0,0.2602173
0,0.2574099
0,0.24987437
0,0.25355992
0,0.2577056
0,0.2553893
0,0.2475795
0,0.25200215
0,0.25542015
0,0.26459727
0,0.2503129
0,0.2531978
0,0.25568646
0,0.253405
0,0.25575325
0,0.2527297
0,0.25536436
0,0.25274405
0,0.25481516
0,0.25251144
0,0.2536242
0,0.25061885
0,0.25277707
0,0.26125622
0,0.25598112
0,0.25268847
0,0.25318766
0,0.2613734
0,0.26364535
0,0.25575054
0,0.25856945
0,0.25315928
0,0.252671
0,0.26112282
0,0.25483373
0,0.2601268
0,0.2544726
0,0.25126994
0,0.24650785
0,0.2514202
0,0.24935184
0,0.26255894
0,0.2643679
0,0.2653191
0,0.2562669
0,0.25208423
0,0.26152924
0,0.26257646
0,0.25950277
0,0.26313844
0,0.2652282
0,0.26541862
0,0.26709014
0,0.2550842
0,0.26275298
0,0.26264876
0,0.276434
0,0.25801778
0,0.2644615
0,0.26346344
0,0.25424173
0,0.2589782
0,0.2615947
0,0.25017986
0,0.24760251
0,0.2589976
0,0.248984
0,0.2545218
0,0.24723122
0,0.25289932
0,0.24533232
0,0.25103647
0,0.2538684
0,0.2534023
0,0.25567865
0,0.25582913
0,0.2570355
0,0.25552946
0,0.25676966
0,0.26075363
0,0.2589256
0,0.2571596
0,0.25686923
0,0.25552604
0,0.25548786
0,0.25404832
0,0.25378
0,0.26353523
0,0.25720826
0,0.2550848
0,0.25458008
0,0.2524322
0,0.25711215
0,0.25339606
0,0.2577999
0,0.2531943
0,0.25273314
0,0.25011107
0,0.2508527
0,0.24950953
0,0.24999101
0,0.2588959
0,0.25277203
0,0.26562488
0,0.2560482
0,0.2517011
0,0.26112598
0,0.26256263
0,0.26631296
0,0.25514898
0,0.25359088
0,0.25987607
0,0.25812715
0,0.26104218
0,0.25365227
0,0.24918453
0,0.24764276
0,0.25443855
0,0.24872288
0,0.24522895
0,0.24497397
0,0.24213353
0,0.24187413
0,0.25022823
0,0.25436416
0,0.24553427
0,0.25426227
0,0.25542736
0,0.24720758
0,0.24346393
0,0.25261125
0,0.25441197
0,0.24580882
0,0.24116436
0,0.25009763
0,0.2520274
0,0.2537205
0,0.25532064
0,0.25037152
0,0.25319085
0,0.25474763
0,0.25424945
0,0.2553803
0,0.2547566
0,0.25488648
0,0.25871876
0,0.2507047
0,0.25322425
0,0.2484911
0,0.25142956
0,0.25200617
0,0.25179493
0,0.25199124
0,0.25171542
0,0.25153235
0,0.25109264
0,0.25143757
0,0.25035495
0,0.25638556
0,0.2525665
0,0.2516713
0,0.2501271
0,0.24945228
0,0.24866755
0,0.24819434
0,0.2477972
0,0.25625014
0,0.25004008
0,0.2602509
0,0.26254952
0,0.26399833
0,0.25579014
0,0.26336917
0,0.25411487
0,0.2626963
0,0.25327834
0,0.26120275
0,0.26376227
0,0.26433995
0,0.26547804
0,0.2648609
0,0.26540282
0,0.25462008
0,0.26434928
0,0.2638491
0,0.25297362
0,0.24902625
0,0.2568702
0,0.2482473
0,0.25542817
0,0.25770423
0,0.25849944
0,0.24881063
0,0.25524458
0,0.24673305
0,0.24351808
0,0.25140992
0,0.25332633
0,0.25482738
0,0.25525817
0,0.25655583
0,0.25678244
0,0.25643712
0,0.2569067
0,0.2566499
0,0.25708163
0,0.2571584
0,0.2568361
0,0.25579607
0,0.25537747
0,0.25512314
0,0.25513148
0,0.2545424
0,0.2652305
0,0.25786737
0,0.25667885
0,0.25516856
0,0.2548321
0,0.25365967
0,0.25348502
0,0.251943
0,0.2521699
0,0.2511928
0,0.25160947
0,0.24997722
0,0.25116122
0,0.25086978
0,0.2507306
0,0.2492063
0,0.24947864
0,0.24853942
0,0.26382872
0,0.2692758
0,0.2584634
0,0.26534566
0,0.2577494
0,0.26471692
0,0.2567162
0,0.25251496
0,0.25351706
0,0.26007324
0,0.25360897
0,0.25045127
0,0.24970135
0,0.24701864
0,0.25794166
0,0.26512262
0,0.26600567
0,0.26145235
0,0.25532985
0,0.25064465
0,0.24965705
0,0.25658208
0,0.26091215
0,0.25019896
0,0.25987506
0,0.25980014
0,0.25225937
0,0.25097483
0,0.25810808
0,0.262512
0,0.25165635
0,0.25632802
0,0.25890195
0,0.25810197
0,0.24979372
0,0.2544505
0,0.2577097
0,0.25429696
0,0.26320323
0,0.25869212
0,0.25016057
0,0.26511496
0,0.25062746
0,0.25386196
0,0.2563582
0,0.25387278
0,0.25592342
0,0.25423184
0,0.2568289
0,0.25405627
0,0.2559353
0,0.25357914
0,0.25484994
0,0.25257757
0,0.25444567
0,0.2523734
0,0.253895
0,0.25152257
0,0.25316963
0,0.2509923
0,0.2530339
0,0.26119775
0,0.25613108
0,0.26274177
0,0.25683615
0,0.26339144
0,0.26069236
0,0.25406647
0,0.2536397
0,0.25042528
0,0.24926384
0,0.25766402
0,0.2530709
0,0.25948033
0,0.2541966
0,0.26014745
0,0.25455323
0,0.2600567
0,0.2543138
0,0.24972054
0,0.25031185
0,0.25654706
0,0.2621819
0,0.2613474
0,0.25462002
0,0.24930254
0,0.25995722
0,0.25968143
0,0.2529286
0,0.2472344
0,0.25753808
0,0.24706697
0,0.24635157
0,0.25276548
0,0.24723227
0,0.25299314
0,0.24809536
0,0.25326565
0,0.2520732
0,0.24417996
0,0.2435732
0,0.25011805
0,0.24380663
0,0.25020045
0,0.24374363
0,0.24950239
0,0.24303363
0,0.24834894
0,0.25316873
0,0.2523725
0,0.24474119
0,0.24982722
0,0.25266072
0,0.251391
0,0.24332178
0,0.24803102
0,0.251138
0,0.25009775
0,0.25286302
0,0.25154787
0,0.25337523
0,0.25232658
0,0.25391397
0,0.2517473
0,0.25337484
0,0.25079742
0,0.25312644
0,0.2501773
0,0.25188425
0,0.26076457
0,0.25588334
0,0.25238785
0,0.25336388
0,0.25001138
0,0.25147203
0,0.25968865
0,0.2543808
0,0.25040197
0,0.25618982
0,0.26033795
0,0.25496712
0,0.25098965
0,0.25127718
0,0.26933333
0,0.2572513
0,0.26223502
0,0.26623058
0,0.25467014
0,0.26352823
0,0.26328173
0,0.26598382
0,0.2537977
0,0.2512177
0,0.26089108
0,0.25247565
0,0.24752522
0,0.25774375
0,0.25774992
0,0.26081586
0,0.25966468
0,0.25789234
0,0.25930306
0,0.25154984
0,0.25614798
0,0.24933429
0,0.25686762
0,0.24891388
0,0.25382462
0,0.2575533
0,0.2598679
0,0.25562617
0,0.25637192
0,0.25931904
0,0.25675765
0,0.2502048
0,0.2529345
0,0.24537103
0,0.24951662
0,0.24326555
0,0.24770255
0,0.25177923
0,0.25011322
0,0.2537523
0,0.25161925
0,0.2539847
0,0.24840243
0,0.25280157
0,0.25047866
0,0.2525524
0,0.25070727
0,0.25358883
0,0.25061578
0,0.25583676
0,0.26181668
0,0.2569717
0,0.25304112
0,0.2537356
0,0.26118356
0,0.26111034
0,0.2647808
0,0.2594118
0,0.26511917
0,0.25921178
0,0.26429808
0,0.2585699
0,0.25321978
0,0.2537477
0,0.24980618
0,0.251008
0,0.24743633
0,0.24903834
0,0.25300512
0,0.25080517
0,0.25745854
0,0.25252858
0,0.24789327
0,0.25918284
0,0.25938186
0,0.25373542
0,0.24831012
0,0.25923568
0,0.24835624
0,0.24874961
0,0.24392587
0,0.24509989
0,0.24122886
0,0.26279095
0,0.25706434
0,0.2509515
0,0.25499463
0,0.26517686
0,0.26003438
0,0.2530488
0,0.25607422
0,0.2502968
0,0.25471613
0,0.2594302
0,0.25756755
0,0.26135862
0,0.25810033
0,0.25103015
0,0.2541667
0,0.25787854
0,0.2555978
0,0.259058
0,0.25625286
0,0.24909274
0,0.2522476
0,0.2457056
0,0.24932374
0,0.24312378
0,0.24727823
0,0.25175658
0,0.25014752
0,0.2536556
0,0.2516353
0,0.25453734
0,0.25090608
0,0.25371835
0,0.25087872
0,0.2529865
0,0.24969241
0,0.25216475
0,0.25991496
0,0.25533602
0,0.26266164
0,0.25719997
0,0.26368213
0,0.257415
0,0.2532944
0,0.25949702
0,0.25278422
0,0.2526474
0,0.24915892
0,0.24992491
0,0.24765953
0,0.25933343
0,0.26098293
0,0.2542072
0,0.2604035
0,0.25386605
0,0.24946257
0,0.24960104
0,0.24637951
0,0.24717177
0,0.24389209
0,0.24528587
0,0.24243572
0,0.25986385
0,0.25882742
0,0.2516892
0,0.25767004
0,0.25123352
0,0.25657222
0,0.26533878
0,0.2613636
0,0.2532539
0,0.24722126
0,0.25654706
0,0.24678278
0,0.24492043
0,0.25191003
0,0.25615227
0,0.25650713
0,0.25952712
0,0.25834882
0,0.26012313
0,0.25885245
0,0.2610049
0,0.25952476
0,0.2500364
0,0.25629246
0,0.24737313
0,0.25259343
0,0.24518251
0,0.2512449
0,0.24437177
0,0.25357583
0,0.2545845
0,0.25375158
0,0.2550951
0,0.2541328
0,0.25580004
0,0.25435114
0,0.25526625
0,0.25348124
0,0.25487632
0,0.25298277
0,0.25392467
0,0.25234827
0,0.2529118
0,0.25151056
0,0.25214788
0,0.251059
0,0.25232297
0,0.25025383
0,0.25130305
0,0.24922287
0,0.25013897
0,0.2626683
0,0.25526363
0,0.26181963
0,0.25586677
0,0.26183242
0,0.2554127
0,0.26145133
0,0.2655793
0,0.25916582
0,0.25495827
0,0.24979068
0,0.25995108
0,0.25015393
0,0.26018628
0,0.24948834
0,0.24890086
0,0.24507387
0,0.25500935
0,0.24692445
0,0.24590191
0,0.2414776
0,0.24242792
0,0.24961701
0,0.25432345
0,0.25472948
0,0.2483948
0,0.2526963
0,0.24655496
0,0.2515349
0,0.2565978
0,0.25405416
0,0.25772277
0,0.25487533
0,0.24812771
0,0.2513909
0,0.24444984
0,0.24823591
0,0.25725418
0,0.2528981
0,0.26012847
0,0.25468168
0,0.25673598
0,0.2530245
0,0.25544676
0,0.2519499
0,0.2548888
0,0.2514801
0,0.25417024
0,0.26164764
0,0.25763485
0,0.26405478
0,0.25911036
0,0.25471076
0,0.25565156
0,0.25538948
0,0.25469425
0,0.25565434
0,0.2548645
0,0.25091246
0,0.2525694
0,0.2597396
0,0.25526157
0,0.26159286
0,0.25686887
0,0.26277623
0,0.25717217
0,0.25247544
0,0.2526315
0,0.24924673
0,0.25021973
0,0.25158972
0,0.2503113
0,0.24710973
0,0.2481004
0,0.24560265
0,0.24704026
0,0.25460353
0,0.2507283
0,0.25703958
0,0.25134566
0,0.2574941
0,0.25196025
0,0.24680628
0,0.24777924
0,0.24860302
0,0.24727957
0,0.24281687
0,0.2553451
0,0.25514725
0,0.24987473
0,0.25431257
0,0.2594085
0,0.25790104
0,0.2656994
0,0.26077092
0,0.26404893
0,0.26114345
0,0.25316226
0,0.25657862
0,0.26017597
0,0.25737134
0,0.26134843
0,0.2579211
0,0.25081357
0,0.25391045
0,0.24757129
0,0.2558663
0,0.24764894
0,0.24062297
0,0.25091577
0,0.25023437
0,0.24374637
0,0.24795637
0,0.25275517
0,0.25077897
0,0.25462005
0,0.25265652
0,0.2554095
0,0.25698233
0,0.26832032
0,0.25823432
0,0.25883025
0,0.25452045
0,0.2556987
0,0.25161225
0,0.25344506
0,0.2502646
0,0.25174692
0,0.24532233
0,0.24957338
0,0.2677908
0,0.257602
0,0.2530062
0,0.25342637
0,0.26040828
0,0.25579235
0,0.26192477
0,0.25620824
0,0.25192565
0,0.2529311
0,0.2595113
0,0.25440755
0,0.2500467
0,0.25031906
0,0.24687126
0,0.24825217
0,0.24506076
0,0.24637821
0,0.25603208
0,0.2599314
0,0.24957342
0,0.26051885
0,0.24954684
0,0.24928005
0,0.24475785
0,0.24559124
0,0.24190845
0,0.24367416
0,0.24050413
0,0.2529953
0,0.24670076
0,0.255789
0,0.25723958
0,0.26089337
0,0.2589463
0,0.25149983
0,0.255928
0,0.25966105
0,0.2579106
0,0.25036857
0,0.2548567
0,0.2582911
0,0.25701815
0,0.24899858
0,0.25342512
0,0.256787
0,0.25573435
0,0.24739769
0,0.2573974
0,0.25666484
0,0.25520617
0,0.25673527
0,0.25526825
0,0.26175377
0,0.25739136
0,0.25842804
0,0.25980476
0,0.25875276
0,0.25649047
0,0.25684038
0,0.25478628
0,0.25980982
0,0.2555692
0,0.25566489
0,0.25336057
0,0.25476637
0,0.25207964
0,0.25304526
0,0.26152417
0,0.256825
0,0.25347978
0,0.25456107
0,0.26184592
0,0.2619713
0,0.26522642
0,0.25951934
0,0.26492682
0,0.25895855
0,0.26397657
0,0.26875815
0,0.26766244
0,0.26042703
0,0.26537216
0,0.25822395
0,0.2524615
0,0.2532125
0,0.25861645
0,0.25343817
0,0.24862318
0,0.25015333
0,0.24551633
0,0.24702309
0,0.2429263
0,0.2462418
0,0.24943744
0,0.2472381
0,0.25340486
0,0.24844703
0,0.24954775
0,0.24713777
0,0.24254066
0,0.24388082
0,0.25007075
0,0.2558493
0,0.25518668
0,0.25996786
0,0.25759166
0,0.26163203
0,0.2544527
0,0.24890447
0,0.2588445
0,0.26023117
0,0.25738016
0,0.249598
0,0.25335303
0,0.25155768
0,0.24216469
0,0.24154417
0,0.24384436
0,0.25073972
0,0.24952038
0,0.25339913
0,0.25164485
0,0.25476617
0,0.25264966
0,0.25505343
0,0.25189242
0,0.25509822
0,0.25161412
0,0.25435188
0,0.261862
0,0.25817755
0,0.26448417
0,0.25961268
0,0.25502852
0,0.25625694
0,0.26211315
0,0.2690592
0,0.27107868
0,0.2608529
0,0.26394486
0,0.25763136
0,0.26113102
0,0.25543687
0,0.25961372
0,0.25397584
0,0.25880107
0,0.25331062
0,0.2575762
0,0.25190267
0,0.2565684
0,0.25069213
0,0.25584352
0,0.2502405
0,0.25465092
0,0.26020202
0,0.26130092
0,0.26177213
0,0.2601594
0,0.26335055
0,0.26071468
0,0.26331896
0,0.26051885
0,0.2650141
0,0.26135197
0,0.2637566
0,0.26027256
0,0.26219466
0,0.2590839
0,0.26110113
0,0.2582119
0,0.26029745
0,0.25719032
0,0.25976905
0,0.25657868
0,0.25841156
0,0.2551186
0,0.25796658
0,0.25502583
0,0.25738093
0,0.25400504
0,0.2577484
0,0.253514
0,0.2557442
0,0.25205594
0,0.2545568
0,0.25150895
0,0.2539351
0,0.25046316
0,0.25273395
0,0.24964866
0,0.25197223
0,0.24858186
0,0.2515326
0,0.2480731
0,0.25061125
0,0.24752292
0,0.249857
0,0.24674612
0,0.24907269
0,0.24594772
0,0.24912341
0,0.25627643
0,0.25597522
0,0.26002133
0,0.2549319
0,0.2605106
0,0.25463122
0,0.260002
0,0.2538149
0,0.26016948
0,0.25378054
0,0.25902304
0,0.25289443
0,0.258106
0,0.25234592
0,0.25765336
0,0.25171563
0,0.25727534
0,0.26225546
0,0.26224443
0,0.2550201
0,0.25922564
0,0.25238705
0,0.2567733
0,0.2514708
0,0.25581062
0,0.2509161
0,0.25511512
0,0.24978375
0,0.24914466
0,0.25713632
0,0.2554178
0,0.25974366
0,0.26138097
0,0.26231924
0,0.2587098
0,0.26196933
0,0.25860736
0,0.26195067
0,0.2638198
0,0.2636339
0,0.25906688
0,0.261482
0,0.25762653
0,0.24926734
0,0.2519117
0,0.256479
0,0.25269774
0,0.25069767
0,0.2507397
0,0.24437243
0,0.24709806
0,0.24196558
0,0.24469388
0,0.25034878
0,0.247447
0,0.25224444
0,0.24839655
0,0.25242734
0,0.24925253
0,0.25285158
0,0.24852717
0,0.25273034
0,0.24846081
0,0.25103658
0,0.24763547
0,0.250535
0,0.25756073
0,0.25535882
0,0.26006153
0,0.25622913
0,0.26495767
0,0.25770527
0,0.26164952
0,0.25619584
0,0.26045483
0,0.2566519
0,0.26029858
0,0.25510216
0,0.25974935
0,0.25504205
0,0.25899804
0,0.25386807
0,0.2578624
0,0.25282022
0,0.25705203
0,0.25188223
0,0.25598586
0,0.25150588
0,0.25530782
0,0.25079697
0,0.25425705
0,0.2607371
0,0.2576588
0,0.25177184
0,0.254543
0,0.25990495
0,0.25698856
0,0.26125428
0,0.25731805
0,0.26051626
0,0.25688553
0,0.26723728
0,0.2593543
0,0.26218265
0,0.25711086
0,0.26073894
0,0.26930556
0,0.26512802
0,0.25992367
0,0.2615437
0,0.256202
0,0.2592497
0,0.25439844
0,0.2579916
0,0.25303918
0,0.25700617
0,0.25196227
0,0.2556587
0,0.25096077
0,0.2547864
0,0.25004724
0,0.25372213
0,0.26025578
0,0.25709996
0,0.26239884
0,0.25850797
0,0.26369217
0,0.2588743
0,0.2685086
0,0.26008782
0,0.26466674
0,0.2583561
0,0.25249034
0,0.25283486
0,0.26127025
0,0.2544594
0,0.2600085
0,0.2544706
0,0.25995618
0,0.25557128
0,0.26029545
0,0.2535615
0,0.2590848
0,0.2529929
0,0.25839898
0,0.25170925
0,0.2579631
0,0.25111753
0,0.2614108
0,0.25228727
0,0.25750366
0,0.25102806
0,0.2695039
0,0.25525102
0,0.25920966
0,0.2635925
0,0.26139224
0,0.26385844
0,0.26195273
0,0.26330563
0,0.2618559
0,0.26431888
0,0.2616878
0,0.25260797
0,0.25716618
0,0.25968182
0,0.2587635
0,0.25996166
0,0.2589317
0,0.26059863
0,0.2586383
0,0.2535091
0,0.2556068
0,0.25735033
0,0.25621253
0,0.2577639
0,0.25628823
0,0.25723246
0,0.2556475
0,0.25708354
0,0.2556812
0,0.25256234
0,0.25320825
0,0.2549588
0,0.25371885
0,0.2545906
0,0.25286373
0,0.25349188
0,0.2516823
0,0.25285393
0,0.2507594
0,0.25155953
0,0.25003156
0,0.25053257
0,0.24875468
0,0.24914591
0,0.24780013
0,0.24797069
0,0.2486021
0,0.25288716
0,0.24792689
0,0.24761818
0,0.24592978
0,0.24640763
0,0.25524583
0,0.24931435
0,0.2576608
0,0.2512314
0,0.25867626
0,0.25154787
0,0.25803
0,0.25092635
0,0.25811857
0,0.2506358
0,0.25712398
0,0.25895587
0,0.24985766
0,0.2600409
0,0.26000285
0,0.2545544
0,0.25869885
0,0.26158804
0,0.2612371
0,0.25169432
0,0.25707445
0,0.24742267
0,0.254978
0,0.2578231
0,0.2582444
0,0.26034877
0,0.25953978
0,0.26082787
0,0.2603236
0,0.2614723
0,0.26009488
0,0.2609994
0,0.2601501
0,0.26099753
0,0.25977236
0,0.26067454
0,0.2587579
0,0.2636899
0,0.2634925
0,0.26155558
0,0.25707126
0,0.2583847
0,0.25867546
0,0.25823358
0,0.25740585
0,0.2575585
0,0.25643292
0,0.25636104
0,0.25671974
0,0.25616917
0,0.25535357
0,0.26545036
0,0.25885049
0,0.25713244
0,0.26092
0,0.2566762
0,0.25546095
0,0.25368384
0,0.25478104
0,0.2522278
0,0.2526462
0,0.2513104
0,0.2515722
0,0.25033775
0,0.25070423
0,0.24915554
0,0.24973497
0,0.24853776
0,0.24831025
0,0.24724445
0,0.24724443
0,0.2463836
0,0.25090912
0,0.24727592
0,0.24658597
0,0.24505387
0,0.24451119
0,0.24455768
0,0.2553047
0,0.24729137
0,0.2687387
0,0.263699
0,0.2653913
0,0.2647081
0,0.26440907
0,0.2645115
0,0.26382217
0,0.26438284
0,0.25252372
0,0.25339913
0,0.2574225
0,0.25876993
0,0.25991312
0,0.26001018
0,0.26080945
0,0.26041204
0,0.260017
0,0.26460186
0,0.26167896
0,0.26074702
0,0.25957528
0,0.25930423
0,0.2584568
0,0.25872263
0,0.25751126
0,0.2576692
0,0.25713798
0,0.25735512
0,0.25594744
0,0.25677276
0,0.2551342
0,0.25540015
0,0.2554378
0,0.2632628
0,0.26794744
0,0.2605911
0,0.25699186
0,0.2560202
0,0.25363755
0,0.25401458
0,0.25234538
0,0.25863254
0,0.2535853
0,0.25292316
0,0.26275575
0,0.25498936
0,0.25211307
0,0.25083467
0,0.24880236
0,0.24798086
0,0.2466813
0,0.24619144
0,0.24639115
0,0.24552587
0,0.2554398
0,0.2490354
0,0.25815785
0,0.25084308
0,0.2581777
0,0.251824
0,0.25796956
0,0.2506311
0,0.2571802
0,0.26035702
0,0.2607603
0,0.26238993
0,0.26173124
0,0.26360986
0,0.26272953
0,0.25276455
0,0.25860727
0,0.26258484
0,0.26117566
0,0.26241335
0,0.26154196
0,0.26223022
0,0.26197708
0,0.26233497
0,0.26141024
0,0.26150867
0,0.26099205
0,0.26128286
0,0.26070464
0,0.26054165
0,0.2597661
0,0.26010287
0,0.25863636
0,0.26394448
0,0.25974673
0,0.26142877
0,0.25865766
0,0.25891852
0,0.25739342
0,0.25753233
0,0.25660527
0,0.25664216
0,0.2555128
0,0.25548196
0,0.25633904
0,0.25604224
0,0.25406295
0,0.25477594
0,0.2529986
0,0.25368062
0,0.25218284
0,0.25230515
0,0.25119475
0,0.2520972
0,0.25168258
0,0.25171772
0,0.2505562
0,0.2502956
0,0.248919
0,0.2488995
0,0.24740872
0,0.24807885
0,0.25851807
0,0.2519828
0,0.25023237
0,0.2488594
0,0.24675736
0,0.24806
0,0.25611037
0,0.24972913
0,0.25800535
0,0.25222188
0,0.2588689
0,0.2515305
0,0.25832188
0,0.25129256
0,0.25842977
0,0.26180524
0,0.2623436
0,0.2537969
0,0.25964457
0,0.2697866
0,0.26517
0,0.25693426
0,0.26094767
0,0.252787
0,0.25837088
0,0.26324317
0,0.26257765
0,0.25347683
0,0.2659364
0,0.25378823
0,0.25887585
0,0.26221877
0,0.2602474
0,0.26391146
0,0.2611107
0,0.26029325
0,0.2593805
0,0.26300046
0,0.25971574
0,0.26238048
0,0.25969136
0,0.26290196
0,0.25994816
0,0.26189893
0,0.264588
0,0.25885144
0,0.25809655
0,0.26058343
0,0.25788552
0,0.26019463
0,0.25685194
0,0.25908548
0,0.26095682
0,0.26012582
0,0.25622895
0,0.2584457
0,0.2549851
0,0.26096076
0,0.2556394
0,0.25669777
0,0.25343946
0,0.25456065
0,0.25327098
0,0.2545494
0,0.27497235
0,0.2633625
0,0.2573862
0,0.25768065
0,0.2539595
0,0.265371
0,0.25569573
0,0.2554218
0,0.25150508
0,0.25255984
0,0.24897985
0,0.2504388
0,0.25759017
0,0.25262952
0,0.25930417
0,0.2542385
0,0.25990295
0,0.2599023
0,0.26237178
0,0.2563382
0,0.26635864
0,0.25739285
0,0.26769155
0,0.257971
0,0.26227477
0,0.2556713
0,0.26312783
0,0.25528023
0,0.26007622
0,0.25368863
0,0.2583217
0,0.2517478
0,0.2574321
0,0.25101626
0,0.25743324
0,0.26144993
0,0.26164907
0,0.26404014
0,0.26263982
0,0.26505086
0,0.26294044
0,0.26558304
0,0.26391605
0,0.26566982
0,0.2622767
0,0.26494294
0,0.26184708
0,0.26563546
0,0.26136962
0,0.25299034
0,0.25656214
0,0.26098332
0,0.2576734
0,0.2602327
0,0.25747082
0,0.25997376
0,0.25655425
0,0.28465635
0,0.26636848
0,0.2655822
0,0.2606847
0,0.26246142
0,0.25807282
0,0.25980794
0,0.2567409
0,0.25880143
0,0.25581682
0,0.25679526
0,0.25432345
0,0.2555263
0,0.25335935
0,0.254447
0,0.2569597
0,0.25511482
0,0.2527027
0,0.2531674
0,0.25196242
0,0.25217745
0,0.25015554
0,0.25122312
0,0.2488225
0,0.246318
0,0.24615827
0,0.24783862
0,0.24601804
0,0.24696435
0,0.25565386
0,0.24954592
0,0.25770566
0,0.25142163
0,0.25954512
0,0.25689134
0,0.26082784
0,0.25343278
0,0.25938433
0,0.25217864
0,0.25969213
0,0.2557792
0,0.26011717
0,0.25205544
0,0.2472802
0,0.25739267
0,0.25900772
0,0.26165864
0,0.26145038
0,0.2640846
0,0.2638893
0,0.26986742
0,0.2656071
0,0.2664434
0,0.26412642
0,0.26551178
0,0.26355034
0,0.26486027
0,0.26331255
0,0.26435512
0,0.2629701
0,0.27096537
0,0.26517558
0,0.2540945
0,0.2584837
0,0.26002797
0,0.2594534
0,0.26009905
0,0.25421795
0,0.25786707
0,0.2583054
0,0.2581178
0,0.25868857
0,0.25860986
0,0.26029083
0,0.25852597
0,0.25999385
0,0.25792494
0,0.26348093
0,0.49534678
0,0.3639238
0,0.32493454
0,0.3014927
0,0.28596112
0,0.27704066
0,0.27151057
0,0.27097806
0,0.26501256
0,0.26185447
0,0.26086277
0,0.27074188
0,0.26165983
0,0.25940073
0,0.25805712
0,0.25614798
0,0.26587045
0,0.25784644
0,0.256618
0,0.25419977
0,0.25328937
0,0.2515899
0,0.25191468
0,0.25005
0,0.24994566
0,0.24833994
0,0.24962564
0,0.2581868
0,0.25266773
0,0.26068562
0,0.2523655
0,0.2661585
0,0.25603515
0,0.26204696
0,0.25446475
0,0.2607789
0,0.25617552
0,0.26146573
0,0.2539256
0,0.2607751
0,0.2527868
0,0.25909293
0,0.26228163
0,0.2637205
0,0.25817648
0,0.26175746
0,0.26376957
0,0.263238
0,0.26444247
0,0.26372954
0,0.26537994
0,0.26413038
0,0.2655091
0,0.26424724
0,0.265146
0,0.26548436
0,0.26507205
0,0.26390895
0,0.26400402
0,0.2523854
0,0.25174025
0,0.2564183
0,0.25821397
0,0.2588205
0,0.25957033
0,0.25958562
0,0.26012835
0,0.2607464
0,0.2603552
0,0.2600644
0,0.2593824
0,0.25968865
0,0.25898913
0,0.25886232
0,0.2703842
0,0.26234955
0,0.26079476
0,0.25958133
0,0.25881156
0,0.25805628
0,0.2573637
0,0.25679296
0,0.2561023
0,0.2556326
0,0.25510213
0,0.254217
0,0.25406358
0,0.25449714
0,0.2533583
0,0.2578311
0,0.25496897
0,0.25381222
0,0.25324854
0,0.2518952
0,0.2517814
0,0.25318846
0,0.25223917
0,0.2504595
0,0.25060517
0,0.2540694
0,0.2559122
0,0.2517394
0,0.25048912
0,0.24883963
0,0.2590214
0,0.2517474
0,0.2565455
0,0.2614873
0,0.25416952
0,0.25019938
0,0.24835008
0,0.24682523
0,0.25726417
0,0.25935143
0,0.2620297
0,0.26364207
0,0.2705905
0,0.26824048
0,0.2677964
0,0.26745132
0,0.2671092
0,0.26641423
0,0.27001095
0,0.2675914
0,0.26819086
0,0.26667842
0,0.26992002
0,0.2613692
0,0.26390025
0,0.2639541
0,0.26354665
0,0.2628606
0,0.26372993
0,0.26298875
0,0.26161712
0,0.26170653
0,0.26145685
0,0.26115444
0,0.26067728
0,0.24996558
0,0.25582206
0,0.25685355
0,0.25715604
0,0.25737134
0,0.2576275
0,0.2585458
0,0.25759155
0,0.25677496
0,0.25632864
0,0.25621942
0,0.2559557
0,0.25532264
0,0.26135534
0,0.25716853
0,0.2562415
0,0.25499833
0,0.2543753
0,0.25323966
0,0.25314176
0,0.2516766
0,0.25185332
0,0.2504722
0,0.25093126
0,0.24991295
0,0.2505201
0,0.24910885
0,0.24934371
0,0.24819754
0,0.24798042
0,0.24755515
0,0.24765745
0,0.25720483
0,0.2508216
0,0.24841799
0,0.24788642
0,0.24636759
0,0.2465262
0,0.25561288
0,0.2601906
0,0.26215094
0,0.2541535
0,0.26118773
0,0.25252196
0,0.26027092
0,0.25173143
0,0.25960726
0,0.26166043
0,0.26269543
0,0.25333384
0,0.25497073
0,0.26054826
0,0.2618175
0,0.26323023
0,0.2637764
0,0.26502353
0,0.25372726
0,0.2609935
0,0.2632235
0,0.26379856
0,0.25863877
0,0.26192498
0,0.26226613
0,0.2627723
0,0.2630669
0,0.26320875
0,0.26268998
0,0.26339397
0,0.2621733
0,0.26148203
0,0.2609585
0,0.26059768
0,0.26010332
0,0.2489161
0,0.25542718
0,0.25570425
0,0.26110232
0,0.2577846
0,0.25748697
0,0.2565667
0,0.25655076
0,0.25497973
0,0.25511676
0,0.2543589
0,0.25509623
0,0.2533961
0,0.2528407
0,0.25211057
0,0.25141054
0,0.252926
0,0.25084305
0,0.25026587
0,0.24868669
0,0.2486242
0,0.2480416
0,0.24784279
0,0.24726242
0,0.24691647
0,0.24605201
0,0.2453407
0,0.24478139
0,0.24819008
0,0.2466106
0,0.24564594
0,0.25523308
0,0.25646085
0,0.2597358
0,0.26169127
0,0.26354128
0,0.26401696
0,0.26492387
0,0.26485258
0,0.28220782
0,0.2722434
0,0.2697142
0,0.2688551
0,0.26746666
0,0.26671922
0,0.2657428
0,0.2652426
0,0.26448825
0,0.26436773
0,0.26398602
0,0.25320083
0,0.26023483
0,0.26051196
0,0.26134062
0,0.25620252
0,0.25934675
0,0.26025394
0,0.2652671
0,0.26190156
0,0.26190838
0,0.26118633
0,0.26055703
0,0.26024657
0,0.2604936
0,0.25392932
0,0.2571269
0,0.25697055
0,0.2568931
0,0.26104218
0,0.25823677
0,0.2570876
0,0.256838
0,0.2556979
0,0.2552074
0,0.25073284
0,0.2524422
0,0.25224912
0,0.25199118
0,0.25191435
0,0.25127846
0,0.25095612
0,0.25101283
0,0.250369
0,0.250981
0,0.25616324
0,0.2517587
0,0.2505722
0,0.25062433
0,0.24682738
0,0.24792404
0,0.24774061
0,0.24700576
0,0.25275072
0,0.2488312
0,0.24803415
0,0.2466371
0,0.2459128
0,0.24523239
0,0.24474041
0,0.24383867
0,0.24352339
0,0.24260232
0,0.24260977
0,0.25211143
0,0.25690424
0,0.25929672
0,0.25087956
0,0.2584221
0,0.26067027
0,0.26196334
0,0.26285043
0,0.2636479
0,0.26504946
0,0.2643413
0,0.2638808
0,0.2640788
0,0.26960433
0,0.26595667
0,0.26454237
0,0.2641542
0,0.2641476
0,0.26304612
0,0.25596622
0,0.26031747
0,0.25728717
0,0.25909954
0,0.2592693
0,0.26016268
0,0.25378793
0,0.25920746
0,0.25850454
0,0.25905716
0,0.25834838
0,0.2594097
0,0.24870737
0,0.25437936
0,0.24513042
0,0.25230896
0,0.24222676
0,0.24989489
0,0.25050712
0,0.25243777
0,0.24192949
0,0.24897306
0,0.2538526
0,0.25252947
0,0.25138757
0,0.25223312
0,0.25214678
0,0.25219768
0,0.2548437
0,0.2532991
0,0.25157422
0,0.2518599
0,0.25058162
0,0.2559666
0,0.2422115
0,0.24812306
0,0.24740472
0,0.24820302
0,0.24817069
0,0.24854682
0,0.24763751
0,0.24806194
0,0.25205436
0,0.24916598
0,0.24833174
0,0.24802983
0,0.24730211
0,0.24673639
0,0.255213
0,0.24933845
0,0.247573
0,0.2461166
0,0.24935853
0,0.25673145
0,0.2594709
0,0.2620487
0,0.26262838
0,0.2642954
0,0.26371914
0,0.2662699
0,0.26440695
0,0.2653146
0,0.25803402
0,0.26244512
0,0.25170726
0,0.25970864
0,0.24915464
0,0.25924712
0,0.24423364
0,0.25534105
0,0.24596953
0,0.25476956
0,0.2514138
0,0.2571049
0,0.24669217
0,0.25544998
0,0.24514176
0,0.2539621
0,0.24424312
0,0.25357482
0,0.25369334
0,0.25693914
0,0.2514169
0,0.25743178
0,0.25594667
0,0.25949803
0,0.25838822
0,0.25868976
0,0.24688718
0,0.25837246
0,0.24496515
0,0.2521346
0,0.24164326
0,0.25391045
0,0.2572626
0,0.25555688
0,0.25466335
0,0.25512287
0,0.2540464
0,0.25434834
0,0.2539367
0,0.2536529
0,0.2418469
0,0.24808043
0,0.2493952
0,0.24999544
0,0.25054207
0,0.2611505
0,0.25518188
0,0.25365967
0,0.25435233
0,0.2523084
0,0.2517894
0,0.25169688
0,0.2557437
0,0.25185615
0,0.25192845
0,0.25121042
0,0.25033107
0,0.2486715
0,0.24860036
0,0.24696192
0,0.24721184
0,0.25682908
0,0.24985538
0,0.24795677
0,0.24664915
0,0.25571376
0,0.24859263
0,0.2570421
0,0.24952352
0,0.25740942
0,0.25029722
0,0.25775003
0,0.25010246
0,0.25744665
0,0.2539359
0,0.26310793
0,0.25241423
0,0.25809643
0,0.2553765
0,0.25881442
0,0.25042617
0,0.25593993
0,0.2486826
0,0.25445536
0,0.24697086
0,0.2527546
0,0.2460781
0,0.2522006
0,0.24491672
0,0.2512119
0,0.24412021
0,0.2498645
0,0.24317062
0,0.24903679
0,0.24212241
0,0.24787141
0,0.2411902
0,0.24734999
0,0.24059696
0,0.25684148
0,0.25269654
0,0.2527074
0,0.24367478
0,0.25131726
0,0.24193177
0,0.24548233
0,0.23908475
0,0.25430688
0,0.24132024
0,0.24507566
0,0.23804991
0,0.24238212
0,0.2361854
0,0.24011384
0,0.24445479
0,0.24250509
0,0.24641243
0,0.24379969
0,0.24697393
0,0.24392986
0,0.2519413
0,0.25671244
0,0.2524558
0,0.2582082
0,0.25332204
0,0.25859916
0,0.2651031
0,0.26378882
0,0.2570086
0,0.26067883
0,0.25503358
0,0.2594008
0,0.25416246
0,0.2615055
0,0.2546439
0,0.2585622
0,0.24316093
0,0.2532183
0,0.25037044
0,0.25440243
0,0.25006977
0,0.26611057
0,0.26001114
0,0.26006258
0,0.2543833
0,0.25748852
0,0.25193956
0,0.2558316
0,0.25108984
0,0.2553238
0,0.25030756
0,0.25422513
0,0.24919711
0,0.2527403
0,0.24820502
0,0.25150013
0,0.2471941
0,0.25229013
0,0.24720289
0,0.24968301
0,0.24589777
0,0.24880904
0,0.24471623
0,0.25116107
0,0.24454267
0,0.24697705
0,0.24326143
0,0.24606912
0,0.24177958
0,0.24514669
0,0.24134007
0,0.24335162
0,0.23932035
0,0.24219799
0,0.23778042
0,0.24154101
0,0.24378675
0,0.24289398
0,0.23792824
0,0.23981592
0,0.23538092
0,0.24867596
0,0.23805736
0,0.23913074
0,0.2348547
0,0.24684449
0,0.23703848
0,0.24778607
0,0.23834875
0,0.2486249
0,0.23780689
0,0.24777777
0,0.23684046
0,0.24756336
0,0.24699105
0,0.25100735
0,0.24939187
0,0.2532108
0,0.24055412
0,0.24979247
0,0.23787357
0,0.24764872
0,0.2360125
0,0.24593492
0,0.23461294
0,0.24551316
0,0.23728094
0,0.24646819
0,0.23442417
0,0.24480687
0,0.23342577
0,0.24360456
0,0.23248152
0,0.24840735
0,0.23404793
0,0.24393974
0,0.24220774
0,0.24655962
0,0.24411124
0,0.24720599
0,0.24417406
0,0.24680063
0,0.24381068
0,0.24690317
0,0.24276733
0,0.24632274
0,0.24181403
0,0.24548613
0,0.2413274
0,0.24458918
0,0.2513831
0,0.24888355
0,0.24392384
0,0.25133651
0,0.24812111
0,0.2600688
0,0.24800721
0,0.2487325
0,0.24351126
0,0.24508202
0,0.24069324
0,0.24276716
0,0.23914866
0,0.25024274
0,0.24151699
0,0.24740472
0,0.24011928
0,0.25190306
0,0.24267988
0,0.2536206
0,0.24257086
0,0.25398496
0,0.2535488
0,0.25222927
0,0.24428721
0,0.2543242
0,0.2536602
0,0.2574378
0,0.24477752
0,0.2545961
0,0.24256785
0,0.25295907
0,0.24188808
0,0.24592398
0,0.24880707
0,0.25325373
0,0.24190557
0,0.25128838
0,0.24017961
0,0.24964005
0,0.23874024
0,0.24888025
0,0.24207744
0,0.24407741
0,0.23637486
0,0.24666019
0,0.23613499
0,0.24592076
0,0.24965908
0,0.2506932
0,0.24911633
0,0.25151575
0,0.23884846
0,0.24744646
0,0.23705775
0,0.24529266
0,0.23362364
0,0.24260136
0,0.24206555
0,0.24480087
0,0.2435495
0,0.24633014
0,0.24440564
0,0.2475081
0,0.24470048
0,0.24578837
0,0.24369712
0,0.24481228
0,0.24340704
0,0.24497075
0,0.2435421
0,0.24423163
0,0.24252273
0,0.24340023
0,0.24221002
0,0.25410736
0,0.24621072
0,0.24624929
0,0.24388216
0,0.24370672
0,0.24132428
0,0.2424049
0,0.2507846
0,0.24551502
0,0.24245577
0,0.24292384
0,0.2629469
0,0.25104874
0,0.24039623
0,0.25356576
0,0.24425033
0,0.24427332
0,0.24084844
0,0.25161576
0,0.242138
0,0.257602
0,0.24492921
0,0.255731
0,0.24436364
0,0.2538048
0,0.24348678
0,0.25335732
0,0.24290986
0,0.25282043
0,0.25371647
0,0.25886482
0,0.2453365
0,0.2548108
0,0.24286553
0,0.25265187
0,0.24174698
0,0.25617987
0,0.24228548
0,0.2472467
0,0.23833674
0,0.24872679
0,0.24762622
0,0.25196692
0,0.24221036
0,0.25025618
0,0.23824821
0,0.24765474
0,0.23668393
0,0.24622464
0,0.23617421
0,0.24525154
0,0.23379484
0,0.24367999
0,0.23285569
0,0.24290043
0,0.23173779
0,0.24188161
0,0.24137664
0,0.24547899
0,0.24296008
0,0.25735724
0,0.24843116
0,0.25056535
0,0.24652423
0,0.24876538
0,0.25660652
0,0.2523756
0,0.24788518
0,0.24939996
0,0.24547917
0,0.24837752
0,0.24383077
0,0.2463656
0,0.24316078
0,0.2455128
0,0.25332686
0,0.2493199
0,0.24495788
0,0.24740109
0,0.24383506
0,0.2452934
0,0.24642877
0,0.2454691
0,0.24229755
0,0.2436453
0,0.24082664
0,0.24212652
0,0.23889068
0,0.2509598
0,0.24180418
0,0.25256908
0,0.24281591
0,0.2532729
0,0.24305116
0,0.25337306
0,0.24726349
0,0.2543431
0,0.24350478
0,0.25299367
0,0.24229386
0,0.2519597
0,0.24158339
0,0.25086933
0,0.25156742
0,0.2549061
0,0.24311763
0,0.25165
0,0.24096833
0,0.24942745
0,0.23868483
0,0.24838266
0,0.23840168
0,0.25405073
0,0.2504545
0,0.253971
0,0.24212438
0,0.25018957
0,0.23953076
0,0.24774946
0,0.23738615
0,0.24549665
0,0.2358105
0,0.24372745
0,0.23485617
0,0.24321048
0,0.23372065
0,0.24166639
0,0.2321392
0,0.24947289
0,0.33903554
0,0.2856099
0,0.2606971
0,0.26114818
0,0.24625866
0,0.25549656
0,0.24120241
0,0.24665707
0,0.23594317
0,0.2425928
0,0.24294302
0,0.24429034
0,0.24658109
0,0.24552773
0,0.24397916
0,0.2536521
0,0.24808823
0,0.24690866
0,0.24522066
0,0.24496302
0,0.243879
0,0.24319257
0,0.24242355
0,0.24280435
0,0.24123195
0,0.24204394
0,0.25171715
0,0.25674644
0,0.24782722
0,0.25750384
0,0.24575774
0,0.25468174
0,0.24553783
0,0.2545377
0,0.24567914
0,0.25393584
0,0.24560557
0,0.2539705
0,0.24513504
0,0.25335273
0,0.2446299
0,0.25273404
0,0.24388269
0,0.2572456
0,0.24554677
0,0.2588904
0,0.24585561
0,0.25863004
0,0.24610297
0,0.25372502
0,0.24323215
0,0.25194097
0,0.2426144
0,0.2508333
0,0.24096416
0,0.24981971
0,0.24047841
0,0.24798432
0,0.23902509
0,0.24715124
0,0.2371678
0,0.24606922
0,0.2364235
0,0.24509385
0,0.23966348
0,0.24649756
0,0.23645598
0,0.2447006
0,0.23489545
0,0.24407619
0,0.23410991
0,0.24253082
0,0.23293543
0,0.24072245
0,0.23536023
0,0.241341
0,0.23159741
0,0.23915553
0,0.22949454
0,0.23714499
0,0.2378226
0,0.24006663
0,0.23963222
0,0.2406796
0,0.24043535
0,0.2519796
0,0.25591373
0,0.24858105
0,0.24620923
0,0.24427141
0,0.24338017
0,0.2436813
0,0.24208863
0,0.2521816
0,0.24545142
0,0.25365275
0,0.24605182
0,0.24332862
0,0.24177337
0,0.25149354
0,0.24393079
0,0.25704372
0,0.24653292
0,0.2546206
0,0.24592213
0,0.2537344
0,0.24542741
0,0.25358286
0,0.24510673
0,0.25331903
0,0.24406536
0,0.25281635
0,0.24455711
0,0.25294438
0,0.24352475
0,0.25115627
0,0.24176483
0,0.25057265
0,0.24613905
0,0.25183842
0,0.24184525
0,0.25034627
0,0.24113774
0,0.24871753
0,0.25028867
0,0.25253534
0,0.24144799
0,0.249172
0,0.23958817
0,0.24751873
0,0.23789056
0,0.2456439
0,0.2362931
0,0.24416937
0,0.23552477
0,0.24310283
0,0.23442478
0,0.2426144
0,0.23284091
0,0.24222419
0,0.2326355
0,0.2404829
0,0.23116578
0,0.23971353
0,0.26348415
0,0.2639297
0,0.24385317
0,0.24861845
0,0.2368707
0,0.2426323
0,0.2330552
0,0.23974
0,0.23030147
0,0.23757057
0,0.2385884
0,0.23996304
0,0.2304397
0,0.23718917
0,0.2377644
0,0.23889443
0,0.23892014
0,0.2403387
0,0.23930481
0,0.24078964
0,0.24008039
0,0.24071063
0,0.23951319
0,0.23971441
0,0.2390622
0,0.23968688
0,0.23853312
0,0.24936765
0,0.24226677
0,0.25192747
0,0.2426082
0,0.2520043
0,0.24297732
0,0.2528666
0,0.2541979
0,0.2572849
0,0.24683206
0,0.25562394
0,0.24529453
0,0.2540908
0,0.24371903
0,0.2527108
0,0.24305753
0,0.2522799
0,0.24298269
0,0.25102437
0,0.241508
0,0.24966988
0,0.24077827
0,0.24879335
0,0.2403046
0,0.24847107
0,0.23980598
0,0.24779093
0,0.23891848
0,0.24744415
0,0.24913956
0,0.25063354
0,0.24051143
0,0.24715534
0,0.23858891
0,0.2455833
0,0.23700964
0,0.24388273
0,0.23493195
0,0.24154837
0,0.23388132
0,0.24011606
0,0.23301736
0,0.23944165
0,0.23150824
0,0.23802151
0,0.23084119
0,0.23686957
0,0.22944802
0,0.23520572
0,0.22891682
0,0.23463126
0,0.22791941
0,0.2333388
0,0.23663783
0,0.23641144
0,0.23858489
0,0.23810631
0,0.23910071
0,0.24902283
0,0.24325654
0,0.2515616
0,0.24525331
0,0.253046
0,0.24595022
0,0.25622082
0,0.24766977
0,0.25483218
0,0.2478099
0,0.2543933
0,0.24728453
0,0.25369912
0,0.24714877
0,0.25411505
0,0.24753655
0,0.25505918
0,0.25854856
0,0.2581026
0,0.2501235
0,0.2554767
0,0.24802086
0,0.25382736
0,0.2537887
0,0.2557859
0,0.24809887
0,0.25309974
0,0.24596764
0,0.25113335
0,0.24464986
0,0.24973935
0,0.24382684
0,0.2488971
0,0.24254538
0,0.24749584
0,0.24147643
0,0.24582788
0,0.2401942
0,0.2452435
0,0.24014887
0,0.24441215
0,0.23835655
0,0.2431248
0,0.23734204
0,0.24586184
0,0.2374123
0,0.24262027
0,0.23529409
0,0.2416744
0,0.23670426
0,0.24043629
0,0.23421316
0,0.23906167
0,0.23255016
0,0.23696142
0,0.2314679
0,0.23630404
0,0.23292172
0,0.23647916
0,0.23016313
0,0.24229221
0,0.24211095
0,0.2514905
0,0.24814112
0,0.24448268
0,0.24594958
0,0.24348348
0,0.24534678
0,0.2532879
0,0.24874711
0,0.245489
0,0.24654183
0,0.25478938
0,0.24945189
0,0.25618154
0,0.25069427
0,0.2684189
0,0.25629884
0,0.2604076
0,0.2540506
0,0.2595498
0,0.25333562
0,0.25870585
0,0.25228977
0,0.25760835
0,0.2513159
0,0.25704512
0,0.251043
0,0.25697368
0,0.25287285
0,0.2568026
0,0.25015673
0,0.255326
0,0.2489588
0,0.25404805
0,0.24827662
0,0.2571264
0,0.24993645
0,0.25341898
0,0.24774005
0,0.25238502
0,0.24617451
0,0.25019327
0,0.24484108
0,0.2494707
0,0.24386491
0,0.24820055
0,0.24277288
0,0.2551535
0,0.24493405
0,0.2495905
0,0.244358
0,0.24674708
0,0.24135558
0,0.24526602
0,0.24004015
0,0.24429178
0,0.24934308
0,0.24723846
0,0.2519378
0,0.24864443
0,0.25221443
0,0.24848619
0,0.25266352
0,0.24890728
0,0.25205216
0,0.25899467
0,0.2559031
0,0.25043267
0,0.25294733
0,0.24852021
0,0.25138444
0,0.25799927
0,0.2546435
0,0.26038343
0,0.25595212
0,0.25085893
0,0.2520551
0,0.25818276
0,0.25350425
0,0.25899008
0,0.25401402
0,0.25939944
0,0.25433123
0,0.2610372
0,0.2599998
0,0.26177418
0,0.2554737
0,0.27101672
0,0.25873032
0,0.26176056
0,0.2556145
0,0.26035026
0,0.25392315
0,0.26203293
0,0.25901094
0,0.25944716
0,0.25794595
0,0.26257578
0,0.254037
0,0.25739706
0,0.25230256
0,0.25563863
0,0.2500769
0,0.2532591
0,0.24891469
0,0.2520002
0,0.24738227
0,0.250674
0,0.24616455
0,0.24943392
0,0.24534485
0,0.25688052
0,0.24801572
0,0.24963427
0,0.24485621
0,0.24740838
0,0.24291202
0,0.24571832
0,0.24143507
0,0.24465466
0,0.24008743
0,0.2434119
0,0.238848
0,0.25301257
0,0.2533604
0,0.2493106
0,0.24355933
0,0.2446129
0,0.2500485
0,0.24681816
0,0.25229836
0,0.24747056
0,0.25150353
0,0.25128257
0,0.24221052
0,0.24350636
0,0.24865428
0,0.25531647
0,0.25307396
0,0.24833333
0,0.2515703
0,0.25737295
0,0.2592444
0,0.26126647
0,0.25793415
0,0.26128286
0,0.25742617
0,0.26157933
0,0.256805
0,0.2645025
0,0.25792634
0,0.26152217
0,0.2620651
0,0.2624676
0,0.26426038
0,0.26321343
0,0.25803927
0,0.26109654
0,0.25628948
0,0.25935483
0,0.2548865
0,0.26909202
0,0.25928184
0,0.26089585
0,0.25554812
0,0.25841543
0,0.26949134
0,0.26334536
0,0.2563551
0,0.258628
0,0.2526611
0,0.25605062
0,0.2508238
0,0.25402367
0,0.24907562
0,0.25255793
0,0.24799073
0,0.25159034
0,0.24686256
0,0.25053114
0,0.24579008
0,0.24974895
0,0.24459861
0,0.25452402
0,0.24623825
0,0.24955165
0,0.24361406
0,0.25379595
0,0.24430948
0,0.2474323
0,0.25611475
0,0.25117964
0,0.26032922
0,0.25333738
0,0.24558038
0,0.24798687
0,0.25147077
0,0.24831483
0,0.25197563
0,0.24862055
0,0.25139737
0,0.24797669
0,0.29969084
0,0.26839304
0,0.26498392
0,0.2574012
0,0.25789398
0,0.2639852
0,0.2585092
0,0.26354396
0,0.25838357
0,0.2531422
0,0.2596507
0,0.25218737
0,0.2533228
0,0.25928536
0,0.25977322
0,0.26273838
0,0.2571963
0,0.2623818
0,0.25652996
0,0.265767
0,0.25732532
0,0.26199022
0,0.25654104
0,0.26086745
0,0.25553522
0,0.25988698
0,0.25437278
0,0.2585413
0,0.25362653
0,0.2568816
0,0.25132486
0,0.25592163
0,0.2516687
0,0.25524583
0,0.25213835
0,0.26671678
0,0.25528914
0,0.2572499
0,0.25214857
0,0.25532177
0,0.2504656
0,0.24308774
0,0.24552442
0,0.24948047
0,0.24601255
0,0.24936032
0,0.24523519
0,0.24879912
0,0.25634718
0,0.25253278
0,0.2584234
0,0.2537798
0,0.25942284
0,0.25395408
0,0.2590117
0,0.26415905
0,0.2627999
0,0.25655404
0,0.2603932
0,0.25508472
0,0.25893828
0,0.255703
0,0.25830215
0,0.2529736
0,0.25746706
0,0.25207058
0,0.2587482
0,0.25623313
0,0.25732514
0,0.26302674
0,0.26001906
0,0.25430393
0,0.25677228
0,0.2628318
0,0.25895083
0,0.25325373
0,0.24743624
0,0.25777712
0,0.25519148
0,0.2600995
0,0.25813565
0,0.26151973
0,0.25818282
0,0.2618171
0,0.2585626
0,0.26225767
0,0.2579077
0,0.26088905
0,0.2576552
0,0.26354447
0,0.25854525
0,0.2597884
0,0.25647995
0,0.25881237
0,0.25589234
0,0.26301807
0,0.25743487
0,0.2587405
0,0.25549915
0,0.25686553
0,0.253757
0,0.25621113
0,0.25763044
0,0.25682107
0,0.25318182
0,0.2547079
0,0.2521421
0,0.258891
0,0.2529365
0,0.25439075
0,0.25122997
0,0.25313684
0,0.2505493
0,0.2530935
0,0.24968126
0,0.25147042
0,0.25289237
0,0.26161593
0,0.24556254
0,0.2532214
0,0.24598838
0,0.24876173
0,0.25623485
0,0.25215596
0,0.25800112
0,0.25314364
0,0.25876838
0,0.2533889
0,0.25899175
0,0.26838684
0,0.264825
0,0.25721323
0,0.26123148
0,0.26350862
0,0.2623457
0,0.25517362
0,0.25905746
0,0.25277007
0,0.25742015
0,0.25125292
0,0.25646067
0,0.2520311
0,0.25588995
0,0.25045162
0,0.25503916
0,0.25992164
0,0.25791016
0,0.26127815
0,0.25850806
0,0.26171446
0,0.26300433
0,0.26332262
0,0.2602242
0,0.2625715
0,0.25912043
0,0.26134372
0,0.25916255
0,0.26148885
0,0.25798458
0,0.25963065
0,0.2572163
0,0.25878218
0,0.2570513
0,0.25845698
0,0.25737226
0,0.25585955
0,0.25480267
0,0.25638112
0,0.25420904
0,0.25581944
0,0.25292724
0,0.25503558
0,0.25265473
0,0.25467142
0,0.25251895
0,0.27441484
0,0.25970912
0,0.25883463
0,0.25882715
0,0.25663137
0,0.25055656
0,0.2532668
0,0.24800895
0,0.25146937
0,0.24611323
0,0.26015362
0,0.25275066
0,0.26394913
0,0.26431832
0,0.2578748
0,0.2749067
0,0.26208863
0,0.2666031
0,0.25908938
0,0.26426828
0,0.25697938
0,0.2627636
0,0.25596717
0,0.34064147
0,0.28571135
0,0.28150645
0,0.2672382
0,0.26923385
0,0.2596953
0,0.26338544
0,0.26608065
0,0.26386088
0,0.26626626
0,0.26416174
0,0.26657706
0,0.26805183
0,0.2679506
0,0.2650338
0,0.26687402
0,0.2639959
0,0.26632106
0,0.26338434
0,0.26573923
0,0.270342
0,0.25717682
0,0.25977096
0,0.2623252
0,0.26031452
0,0.2624548
0,0.25953943
0,0.26120096
0,0.2584738
0,0.26223958
0,0.25741407
0,0.25987488
0,0.25671744
0,0.2591314
0,0.25576225
0,0.25799087
0,0.253983
0,0.26135197
0,0.25484794
0,0.25688115
0,0.25282142
0,0.25497782
0,0.2511587
0,0.25356352
0,0.25004208
0,0.25864103
0,0.25133327
0,0.2524646
0,0.24702752
0,0.24989976
0,0.24121255
0,0.24696773
0,0.23804128
0,0.2448749
0,0.2530953
0,0.24967869
0,0.25689682
0,0.25202614
0,0.25789052
0,0.25310227
0,0.25904372
0,0.25322297
0,0.25859112
0,0.2528686
0,0.25848088
0,0.25273746
0,0.25842476
0,0.2521905
0,0.2582647
0,0.25204113
0,0.25759962
0,0.25120088
0,0.25432104
0,0.25013253
0,0.2561089
0,0.25012457
0,0.25575203
0,0.24976188
0,0.25576493
0,0.27060345
0,0.26399955
0,0.26611063
0,0.26339298
0,0.26574638
0,0.2629555
0,0.26504293
0,0.2621186
0,0.2648037
0,0.26130146
0,0.26398826
0,0.26110095
0,0.26344225
0,0.26043057
0,0.2629082
0,0.25926122
0,0.262558
0,0.25861296
0,0.26112577
0,0.2578307
0,0.26052397
0,0.25724536
0,0.26465204
0,0.2587234
0,0.2603413
0,0.25668794
0,0.2686576
0,0.25898618
0,0.259766
0,0.25722086
0,0.2592597
0,0.2547607
0,0.25640455
0,0.2524826
0,0.25477117
0,0.25201863
0,0.2538546
0,0.25048074
0,0.25229374
0,0.24904405
0,0.2509527
0,0.25879914
0,0.2537789
0,0.2501029
0,0.25591546
0,0.24976523
0,0.25093925
0,0.24688296
0,0.24843608
0,0.255589
0,0.2622385
0,0.25059485
0,0.25071308
0,0.25558656
0,0.25095063
0,0.25663906
0,0.2511267
0,0.25629488
0,0.25102338
0,0.25574335
0,0.25027746
0,0.25529352
0,0.24956442
0,0.25484613
0,0.26050353
0,0.2586342
0,0.25304988
0,0.256964
0,0.26135623
0,0.25914794
0,0.26279855
0,0.26000166
0,0.2694989
0,0.2601023
0,0.26356512
0,0.26031682
0,0.25777277
0,0.2577689
0,0.26094982
0,0.26315448
0,0.26262492
0,0.2595302
0,0.2614758
0,0.25868756
0,0.26038826
0,0.2575998
0,0.2597711
0,0.2569059
0,0.25981474
0,0.25597763
0,0.25851032
0,0.3319009
0,0.2888433
0,0.27494207
0,0.27129215
0,0.26432034
0,0.26354468
0,0.25861552
0,0.25930288
0,0.25576583
0,0.25671646
0,0.25337824
0,0.25470164
0,0.2536677
0,0.2536295
0,0.25073886
0,0.25216684
0,0.24905092
0,0.25071472
0,0.24820368
0,0.24943441
0,0.24670525
0,0.24861681
0,0.25654978
0,0.25178388
0,0.2477756
0,0.24913235
0,0.2563771
0,0.2519673
0,0.25900042
0,0.25304845
0,0.25735134
0,0.25136852
0,0.25687268
0,0.25078586
0,0.25688243
0,0.25062418
0,0.25621286
0,0.25422096
0,0.2568761
0,0.2615252
0,0.2594415
0,0.26256737
0,0.26872897
0,0.26685965
0,0.26284048
0,0.2653994
0,0.26195255
0,0.26464817
0,0.26085597
0,0.2639665
0,0.26003015
0,0.26479527
0,0.2601102
0,0.2630955
0,0.25961092
0,0.2630652
0,0.258586
0,0.26153734
0,0.258194
0,0.26140538
0,0.25678787
0,0.26065278
0,0.25657192
0,0.25994238
0,0.25549272
0,0.25903702
0,0.2543442
0,0.25771922
0,0.25368327
0,0.25700423
0,0.8838889
0,0.7801204
0,0.6321863
0,0.54852474
0,0.46598175
0,0.40852377
0,0.3462772
0,0.30618995
0,0.26497057
0,0.23944668
0,0.21732567
0,0.20279102
0,0.18028058
0,0.16413186
0,0.15197009
0,0.14683843
0,0.14880587
0,0.1572078
0,0.15841945
0,0.16201451
0,0.17328183
0,0.182337
0,0.19785908
0,0.21467452
0,0.22748463
0,0.23992844
0,0.2443926
0,0.2434606
0,0.24993663
0,0.24739575
0,0.2614751
0,0.253866
0,0.2588052
0,0.2505236
0,0.2564403
0,0.25309312
0,0.25720337
0,0.26186976
0,0.2603282
0,0.26408008
0,0.26146945
0,0.26496333
0,0.26158357
0,0.2648747
0,0.26134998
0,0.26460335
0,0.2610924
0,0.26344475
0,0.26014343
0,0.26398227
0,0.2707945
0,0.2671919
0,0.26262456
0,0.26425016
0,0.26042262
0,0.26230812
0,0.25848243
0,0.2610919
0,0.25896445
0,0.260395
0,0.25757912
0,0.25947896
0,0.25584403
0,0.2584763
0,0.25491333
0,0.25755292
0,0.25373825
0,0.25715882
0,0.25331923
0,0.2459025
0,0.24828124
0,0.2566564
0,0.2512521
0,0.25439015
0,0.25035724
0,0.25322124
0,0.2493224
0,0.25292096
0,0.24925387
0,0.25200197
0,0.24812442
0,0.26161876
0,0.24639909
0,0.25510618
0,0.25971687
0,0.2547974
0,0.26084083
0,0.25531998
0,0.26107025
0,0.25604987
0,0.2610416
0,0.25530747
0,0.26091918
0,0.2546373
0,0.26067424
0,0.2580605
0,0.2641764
0,0.25584754
0,0.26091176
0,0.25407624
0,0.2642142
0,0.26665416
0,0.26455185
0,0.25046906
0,0.25825676
0,0.25226888
0,0.25784364
0,0.25195011
0,0.2573855
0,0.26188934
0,0.26063427
0,0.26373568
0,0.26207232
0,0.2646882
0,0.26239526
0,0.26461676
0,0.26204464
0,0.26435563
0,0.26202637
0,0.26441744
0,0.26136532
0,0.26365113
0,0.2607057
0,0.2559347
0,0.2576767
0,0.2603835
0,0.25809684
0,0.26043177
0,0.25802922
0,0.24953601
0,0.2533893
0,0.2560021
0,0.25446558
0,0.25736296
0,0.25541803
0,0.2569633
0,0.25469524
0,0.25733098
0,0.25030324
0,0.2549637
0,0.2546398
0,0.25585327
0,0.26275805
0,0.26292968
0,0.2568141
0,0.2685055
0,0.2585568
0,0.25817975
0,0.24871643
0,0.2525339
0,0.24602796
0,0.2494786
0,0.24190322
0,0.24705298
0,0.2568745
0,0.25246197
0,0.2510426
0,0.25023335
0,0.24362461
0,0.2471659
0,0.23792903
0,0.24329509
0,0.25375122
0,0.24860068
0,0.2569854
0,0.2503305
0,0.2493056
0,0.24834065
0,0.25665858
0,0.25018466
0,0.25787365
0,0.2614702
0,0.2620663
0,0.2534015
0,0.25963265
0,0.2671218
0,0.26430142
0,0.26612267
0,0.26972425
0,0.26812938
0,0.2655863
0,0.2667589
0,0.2656367
0,0.26705718
0,0.26409993
0,0.26561168
0,0.26482093
0,0.26542193
0,0.26345804
0,0.26489854
0,0.26273865
0,0.26433548
0,0.26222542
0,0.26566896
0,0.26216084
0,0.26349667
0,0.26106635
0,0.26277992
0,0.2605957
0,0.26199052
0,0.25935757
0,0.2609765
0,0.25867283
0,0.2600432
0,0.25785276
0,0.25974587
0,0.2567328
0,0.25835633
0,0.2558375
0,0.25282383
0,0.25320283
0,0.25518268
0,0.25105143
0,0.25443056
0,0.26333457
0,0.25858974
0,0.24961077
0,0.25362742
0,0.25813988
0,0.26084653
0,0.2526004
0,0.26534697
0,0.2505004
0,0.25333014
0,0.24856658
0,0.25032067
0,0.24421275
0,0.24725515
0,0.24403958
0,0.24667555
0,0.23949775
0,0.24378303
0,0.2533916
0,0.24821311
0,0.25516063
0,0.25023764
0,0.25737497
0,0.25088835
0,0.25753725
0,0.26169413
0,0.26202616
0,0.3457433
0,0.29754493
0,0.28825545
0,0.28021926
0,0.2771173
0,0.27297962
0,0.2717376
0,0.26842546
0,0.26794916
0,0.26641148
0,0.26727465
0,0.26494327
0,0.26527187
0,0.26405692
0,0.26439688
0,0.26281464
0,0.26404816
0,0.26254722
0,0.26433918
0,0.26184258
0,0.26360896
0,0.26086628
0,0.26206577
0,0.26501563
0,0.25997868
0,0.2592269
0,0.2600261
0,0.25878334
0,0.25955638
0,0.255566
0,0.25628513
0,0.25346136
0,0.25511616
0,0.24896154
0,0.24894413
0,0.24674937
0,0.24957302
0,0.24540585
0,0.24857228
0,0.25085115
0,0.24984306
0,0.24455805
0,0.24717018
1,0.99837154
1,0.9983717
1,0.9983719
1,0.99837196
1,0.9983721
1,0.99837214
1,0.9983722
1,0.99837226
1,0.99837226
1,0.9983723
1,0.9983723
1,0.9983723
1,0.9983723
1,0.9983723
1,0.9983723
1,0.9983723
1,0.9983723
1,0.9983723
1,0.9983723
1,0.9983723
1,0.9983723
1,0.9983723
1,0.9983723
1,0.9983723
1,0.9983723
1,0.9983723
1,0.9983723
1,0.9983723
1,0.9983723
1,0.9983723
1,0.9983723
1,0.9983723
1,0.9983723
1,0.9983723
1,0.9983723
1,0.9983723
1,0.9983723
1,0.9983723
1,0.9983723
1,0.9983723
1,0.9983723
1,0.9983723
1,0.9983723
1,0.9983723
1,0.9983723
1,0.9983723
1,0.9983723
1,0.9983723
1,0.9983723
1,0.9983723
1,0.9983723
1,0.9983723
1,0.9983723
1,0.9983723
1,0.9983723
1,0.9983723
1,0.9983723
1,0.9983723
1,0.9983723
1,0.9983723
1,0.9983723
1,0.9983723
1,0.9983723
1,0.9983723
1,0.9983723
1,0.9983723
1,0.9983723
1,0.9983723
1,0.9983723
1,0.9983723
1,0.9983723
1,0.9983723
1,0.9983723
1,0.9983723
1,0.9983723
1,0.9983723
1,0.9983723
1,0.9983723
1,0.9983723
1,0.9983723
1,0.9983723
1,0.9983723
1,0.9983723
1,0.9983723
1,0.9983723
1,0.9983723
1,0.9983723
1,0.9983723
1,0.9983723
1,0.9983723
1,0.9983723
1,0.9983723
1,0.9983723
1,0.9983723
1,0.9983723
1,0.9983723
1,0.9983723
1,0.9983723
1,0.9983723
1,0.9983723
1,0.9983723
1,0.9983723
1,0.9983723
1,0.9983723
1,0.9983723
1,0.9983723
1,0.9983723
1,0.9983723
1,0.9983723
1,0.9983723
1,0.9983723
1,0.9983723
1,0.9983723
1,0.9983723
1,0.9983723
1,0.9983723
1,0.9983723
1,0.9983723
1,0.9983723
1,0.9983723
1,0.9983723
1,0.9983723
1,0.9983723
1,0.9983723
1,0.9983723
1,0.9983723
1,0.9983723
1,0.9983723
1,0.9983723
1,0.9983723
1,0.9983723
1,0.9983723
1,0.9983723
1,0.9983723
1,0.9983723
1,0.9983723
1,0.9983723
1,0.9983723
1,0.9983723
1,0.9983723
1,0.9983723
1,0.9983723
1,0.9983723
1,0.9983723
1,0.9983723
1,0.9983723
1,0.9983723
1,0.9983723
1,0.9983723
1,0.9983723
1,0.9983723
1,0.9983723
1,0.9983723
1,0.9983723
1,0.9983723
1,0.9983723
1,0.9983723
1,0.9983723
1,0.9983723
1,0.9983723
1,0.9983723
1,0.9983723
1,0.9983723
1,0.9983723
1,0.9983723
1,0.9983723
1,0.9983723
1,0.9983723
1,0.9983723
1,0.9983723
1,0.9983723
1,0.9983723
1,0.9983723
1,0.9983723
1,0.9983723
1,0.9983723
1,0.9983723
1,0.9983723
1,0.9983723
1,0.9983723
1,0.9983723
0,0.9983723
0,0.9926747
0,0.9886524
0,0.98915386
0,0.9846718
0,0.98262054
0,0.970864
0,0.9627365
0,0.9366247
0,0.9245591
0,0.88970053
0,0.8841058
0,0.8459688
0,0.8267135
0,0.7798016
0,0.75242823
0,0.70941925
0,0.7287842
0,0.6304518
0,0.6361785
0,0.5675991
0,0.5242018
0,0.44030568
0,0.44623345
0,0.32324728
0,0.2668864
0,0.18993868
0,0.13409913
0,0.12211817
0,0.20700525
0,0.26115063
0,0.27143225
0,0.26210135
0,0.29185176
0,0.26918113
0,0.2970658
0,0.28361326
0,0.30318683
0,0.27587584
0,0.29894704
0,0.2737144
0,0.26884627
0,0.2627283
0,0.2580589
0,0.25594842
0,0.25563446
0,0.25365615
0,0.25321802
0,0.25129527
0,0.28229752
0,0.26152924
0,0.25819212
0,0.25400367
0,0.2919123
0,0.2765219
0,0.2700451
0,0.2609847
0,0.27216953
0,0.27000403
0,0.26245126
0,0.2659605
0,0.26817292
0,0.2562705
0,0.26409984
0,0.26380262
0,0.28574443
0,0.27270982
0,0.29217365
0,0.27641025
0,0.29461467
0,0.2727326
0,0.2912366
0,0.2782013
0,0.27938077
0,0.26136056
0,0.26070258
0,0.2623641
0,0.2650988
0,0.25284413
0,0.2614665
0,0.25535908
0,0.29347813
0,0.25985938
0,0.2976915
0,0.27510145
0,0.30469123
0,0.28013033
0,0.3032109
0,0.28030518
0,0.2743878
0,0.2698504
0,0.26110628
0,0.26647756
0,0.2641251
0,0.26159424
0,0.26409674
0,0.2636922
0,0.2929136
0,0.28329152
0,0.31577703
0,0.2806082
0,0.3062568
0,0.29197398
0,0.30637637
0,0.29356357
0,0.28127897
0,0.27195472
0,0.27824095
0,0.26845375
0,0.26413554
0,0.26178855
0,0.2901535
0,0.28031337
0,0.26828006
0,0.26422644
0,0.29400045
0,0.28192872
0,0.30649754
0,0.2721002
0,0.28955263
0,0.27025014
0,0.26735735
0,0.2619153
0,0.26854387
0,0.26169217
0,0.38920525
0,0.37218004
0,0.3105896
0,0.29107156
0,0.30940473
0,0.34234875
0,0.32621223
0,0.28910527
0,0.29091248
0,0.27195305
0,0.28934795
0,0.26800495
0,0.2657889
0,0.2582742
0,0.26533204
0,0.26592162
0,0.26588932
0,0.26543322
0,0.2563885
0,0.2615792
0,0.28240138
0,0.2694526
0,0.29163483
0,0.27516845
0,0.30004674
0,0.27858117
0,0.28898922
0,0.2748305
0,0.25930318
0,0.25282103
0,0.26011345
0,0.2509862
0,0.2565025
0,0.24706635
0,0.28614703
0,0.26783016
0,0.30507815
0,0.27096355
0,0.28944758
0,0.27412522
0,0.2975668
0,0.2760301
0,0.28227305
0,0.27229634
0,0.3026647
0,0.29056734
0,0.28060782
0,0.27100974
0,0.27758485
0,0.26682672
0,0.29576647
0,0.27301347
0,0.30070826
0,0.28687286
0,0.30448785
0,0.29023415
0,0.30455583
0,0.27878943
0,0.27180725
0,0.26592502
0,0.29225692
0,0.2810902
0,0.26877084
0,0.2632456
0,0.2706513
0,0.26097107
0,0.25816333
0,0.26567242
0,0.26824474
0,0.2759183
0,0.27831852
0,0.2801739
0,0.31061974
0,0.28734228
0,0.28639096
0,0.27994636
0,0.2662387
0,0.26016912
0,0.26800346
0,0.26768786
0,0.26933795
0,0.2572323
0,0.28516817
0,0.27288082
0,0.29380873
0,0.27784902
0,0.2965472
0,0.29386532
0,0.31683844
0,0.28902602
0,0.2830933
0,0.27676222
0,0.2618126
0,0.26615098
0,0.26705384
0,0.25686622
0,0.25740725
0,0.25969738
0,0.29381827
0,0.2681859
0,0.27039018
0,0.25590363
0,0.29449728
0,0.26578054
0,0.32163212
0,0.28188673
0,0.2785213
0,0.27156064
0,0.2572819
0,0.26046357
0,0.26136714
0,0.2598897
0,0.29681852
0,0.28368875
0,0.28457484
0,0.27136597
0,0.3044966
0,0.26979837
0,0.30135578
0,0.27534032
0,0.29158565
0,0.2947073
0,0.2814534
0,0.271299
0,0.2989705
0,0.27368423
0,0.27455905
0,0.26494968
0,0.26250452
0,0.25944185
0,0.28917384
0,0.2777284
0,0.26796848
0,0.27267614
0,0.26360533
0,0.27665666
0,0.29031202
0,0.2679177
0,0.2673755
0,0.25903842
0,0.27168778
0,0.2587025
0,0.28854558
0,0.27652776
0,0.29667196
0,0.27036604
0,0.29620534
0,0.28115544
0,0.3045572
0,0.2847155
0,0.30253217
0,0.2731647
0,0.26663077
0,0.2591467
0,0.3191771
0,0.27966183
0,0.27977332
0,0.27507377
0,0.27444136
0,0.2601949
0,0.29006425
0,0.2745112
0,0.2727638
0,0.2692988
0,0.2942921
0,0.66293555
0,0.47731432
0,0.37916413
0,0.34248638
0,0.31348297
0,0.28970346
0,0.28170857
0,0.27679715
0,0.2746167
0,0.270324
0,0.2690952
0,0.29590976
0,0.27375478
0,0.30162734
0,0.27715018
0,0.3016846
0,0.27377042
0,0.27033296
0,0.25906458
0,0.29263732
0,0.27075195
0,0.255354
0,0.24951038
0,0.2577314
0,0.25280377
0,0.2531186
0,0.25097132
0,0.25322443
0,0.25073922
0,0.2857815
0,0.26610866
0,0.2996058
0,0.27124333
0,0.29629558
0,0.27095348
0,0.28242788
0,0.2766848
0,0.26781398
0,0.27494007
0,0.2651113
0,0.26912072
0,0.26658487
0,0.28470406
0,0.31328171
0,0.30131373
0,0.31645727
0,0.29097524
0,0.2956877
0,0.2717918
0,0.294485
0,0.2797112
0,0.2680043
0,0.25947934
0,0.25556517
0,0.26184726
0,0.2660932
0,0.2558079
0,0.265694
0,0.25282258
0,0.28658816
0,0.27043927
0,0.29115295
0,0.27908966
0,0.2963281
0,0.27777174
0,0.30385804
0,0.28009158
0,0.28109238
0,0.2720869
0,0.26217532
0,0.2701904
0,0.26728183
0,0.26532227
0,0.30104607
0,0.27814418
0,0.30753064
0,0.29207507
0,0.31395534
0,0.29597318
0,0.28554603
0,0.26364753
0,0.29497135
0,0.27353773
0,0.27505213
0,0.25721607
0,0.25753433
0,0.2571154
0,0.25949287
0,0.25667158
0,0.2586061
0,0.25672016
0,0.27255246
0,0.26022336
0,0.29021892
0,0.26697767
0,0.2647607
0,0.27953905
0,0.26632664
0,0.26053324
0,0.25948012
0,0.2653663
0,0.25254625
0,0.2524219
0,0.26347077
0,0.2661272
0,0.2583607
0,0.26433128
0,0.29068336
0,0.26153716
0,0.25926387
0,0.26483923
0,0.28827828
0,0.27496564
0,0.29102767
0,0.26702693
0,0.26643208
0,0.26748234
0,0.2666076
0,0.2669789
0,0.2579363
0,0.2558652
0,0.25164506
0,0.24818943
0,0.27683878
0,0.2663844
0,0.28713727
0,0.27285886
0,0.28932264
0,0.27429622
0,0.27907923
0,0.26028818
0,0.25998092
0,0.26297668
0,0.2661386
0,0.26924258
0,0.2988707
0,0.26712966
0,0.28402016
0,0.27143282
0,0.27000967
0,0.2561963
0,0.2931977
0,0.27473402
0,0.30339727
0,0.27871335
0,0.28947303
0,0.27517575
0,0.2659961
0,0.2653388
0,0.27550924
0,0.27888548
0,0.26931155
0,0.26584038
0,0.29627874
0,0.27041695
0,0.26805407
0,0.27935433
0,0.29943767
0,0.28676915
0,0.30390415
0,0.27955908
0,0.2725673
0,0.26653045
0,0.2611028
0,0.25918716
0,0.25856385
0,0.25614348
0,0.2875704
0,0.26707083
0,0.29570338
0,0.27049378
0,0.26594156
0,0.2603338
0,0.26666293
0,0.2575524
0,0.2843583
0,0.26307783
0,0.27476305
0,0.27106667
0,0.26393184
0,0.2568238
0,0.26595056
0,0.25518876
0,0.26402947
0,0.25506806
0,0.28246313
0,0.26016745
0,0.28814098
0,0.2741085
0,0.29460225
0,0.27960205
0,0.2759479
0,0.2726323
0,0.2720787
0,0.2699285
0,0.26025426
0,0.26435784
0,0.264908
0,0.26466075
0,0.26340544
0,0.26395813
0,0.26315868
0,0.26279175
0,0.2861472
0,0.2724545
0,0.28916973
0,0.27411684
0,0.28044274
0,0.25990203
0,0.26650405
0,0.25255126
0,0.26144952
0,0.2606667
0,0.2595933
0,0.25954238
0,0.26225224
0,0.26054955
0,0.2777482
0,0.26561326
0,0.28161886
0,0.26677847
0,0.29234678
0,0.28286
0,0.27018002
0,0.26546094
0,0.26221886
0,0.27044344
0,0.25489745
0,0.25631437
0,0.25499278
0,0.25407565
0,0.25282755
0,0.25766283
0,0.28439575
0,0.26422262
0,0.2930358
0,0.28505018
0,0.27995142
0,0.26729256
0,0.2885682
0,0.26817757
0,0.26277247
0,0.27488974
0,0.27699322
0,0.26345626
0,0.26986146
0,0.25958928
0,0.287147
0,0.27163297
0,0.29305187
0,0.26913118
0,0.29726678
0,0.267321
0,0.26631117
0,0.26963663
0,0.28456026
0,0.26475814
0,0.26677606
0,0.27238342
0,0.27456605
0,0.26122168
0,0.2658111
0,0.26720974
0,0.26594007
0,0.26747003
0,0.28518546
0,0.26353827
0,0.28574386
0,0.26282114
0,0.2850555
0,0.27474362
0,0.28615746
0,0.27598187
0,0.28181896
0,0.2639344
0,0.26531035
0,0.25566903
0,0.25947255
0,0.25095686
0,0.27625462
0,0.2665435
0,0.28226727
0,0.27053642
0,0.26582363
0,0.26522112
0,0.28071523
0,0.27051458
0,0.28003976
0,0.2700296
0,0.26523674
0,0.26411828
0,0.26022702
0,0.27152178
0,0.27416298
0,0.26663318
0,0.29908478
0,0.27556217
0,0.305387
0,0.27957547
0,0.27028283
0,0.26669082
0,0.28966144
0,0.28306717
0,0.2723713
0,0.26702705
0,0.2585915
0,0.2594254
0,0.2857483
0,0.2796147
0,0.2759514
0,0.2665012
0,0.2929179
0,0.2715238
0,0.2892836
0,0.27105275
0,0.3011771
0,0.29104373
0,0.29878178
0,0.2963821
0,0.28776708
0,0.27334476
0,0.2612673
0,0.26044464
0,0.2594229
0,0.267721
0,0.2650889
0,0.25890943
0,0.2621271
0,0.25630155
0,0.28099868
0,0.26341283
0,0.28684267
0,0.26566657
0,0.27864423
0,0.26362062
0,0.2653569
0,0.2720675
0,0.25449178
0,0.253481
0,0.25814852
0,0.26388106
0,0.26332512
0,0.266029
0,0.2625268
0,0.2658158
0,0.26161063
0,0.25395027
0,0.2759877
0,0.27303806
0,0.2923327
0,0.28551874
0,0.2760512
0,0.26213777
0,0.25868747
0,0.2528241
0,0.2658138
0,0.25340688
0,0.25512803
0,0.26085052
0,0.25633547
0,0.24924327
0,0.27060023
0,0.26388693
0,0.27800018
0,0.2689486
0,0.26452968
0,0.2637353
0,0.25873712
0,0.26119524
0,0.24978948
0,0.2561445
0,0.25264436
0,0.25570312
0,0.2661992
0,0.26109466
0,0.26606205
0,0.26259416
0,0.26642156
0,0.2629889
0,0.28697288
0,0.2805299
0,0.2920162
0,0.27390867
0,0.31804377
0,0.2879815
0,0.2828846
0,0.27279833
0,0.27367646
0,0.26691577
0,0.28939217
0,0.2706888
0,0.29131246
0,0.29105848
0,0.29925984
0,0.27661824
0,0.28433093
0,0.26981577
0,0.2865939
0,0.2687885
0,0.26288155
0,0.26034477
0,0.26383227
0,0.25793672
0,0.26798278
0,0.25786507
0,0.28169602
0,0.26011404
0,0.28884378
0,0.27705786
0,0.2967588
0,0.28404525
0,0.27619424
0,0.26439756
0,0.28114805
0,0.26553804
0,0.25938383
0,0.25873604
0,0.26044124
0,0.263385
0,0.26127696
0,0.25387892
0,0.27667728
0,0.26778463
0,0.2859656
0,0.27407596
0,0.28721654
0,0.27419734
0,0.27950582
0,0.2706476
0,0.27169043
0,0.25649056
0,0.2528024
0,0.2622887
0,0.2583795
0,0.25950095
0,0.26902544
0,0.266589
0,0.27364007
0,0.2671314
0,0.292768
0,0.2731303
0,0.30003446
0,0.27675173
0,0.29590675
0,0.2766142
0,0.26822326
0,0.25524527
0,0.25690362
0,0.2584501
0,0.25656888
0,0.24580856
0,0.27590564
0,0.2728854
0,0.28926295
0,0.26650038
0,0.2928397
0,0.2825629
0,0.27833495
0,0.26870346
0,0.2896701
0,0.28130147
0,0.2812494
0,0.25876108
0,0.25515187
0,0.25603718
0,0.26194054
0,0.25654623
0,0.26206362
0,0.25585127
0,0.2841281
0,0.27507177
0,0.2951746
0,0.27059057
0,0.2911015
0,0.28035846
0,0.291312
0,0.27673835
0,0.26770112
0,0.27236852
0,0.26839063
0,0.2604442
0,0.26337773
0,0.25620976
0,0.279039
0,0.27188417
0,0.2866765
0,0.2652478
0,0.2849161
0,0.26392934
0,0.2648975
0,0.2556645
0,0.27550247
0,0.26893142
0,0.26782453
0,0.26817513
0,0.27441007
0,0.2694974
0,0.2754588
0,0.2755066
0,0.26622927
0,0.26713523
0,0.28120384
0,0.26247326
0,0.28089747
0,0.25936484
0,0.27912652
0,0.25810716
0,0.25918478
0,0.2620628
0,0.26841444
0,0.2762286
0,0.26012608
0,0.2676841
0,0.25944322
0,0.2661083
0,0.274731
0,0.2674921
0,0.27916613
0,0.2681811
0,0.27186483
0,0.2658298
0,0.27799964
0,0.26143652
0,0.28419858
0,0.26840907
0,0.2713335
0,0.26457012
0,0.26852632
0,0.261887
0,0.26890814
0,0.26738036
0,0.29327944
0,0.27717462
0,0.2982945
0,0.28615475
0,0.30938408
0,0.27971232
0,0.30171895
0,0.2875068
0,0.2796615
0,0.26845106
0,0.2627587
0,0.25486588
0,0.26660755
0,0.2573876
0,0.26206678
0,0.2662552
0,0.2649427
0,0.26924062
0,0.26850322
0,0.25821015
0,0.26194248
0,0.25799203
0,0.28150472
0,0.26153567
0,0.2641877
0,0.2664296
0,0.25710595
0,0.26344597
0,0.2621972
0,0.254509
0,0.26577428
0,0.2533793
0,0.28179833
0,0.2729623
0,0.28687975
0,0.27426994
0,0.30051848
0,0.27625546
0,0.29152444
0,0.27938065
0,0.2870387
0,0.26448822
0,0.26803744
0,0.26600933
0,0.27366948
0,0.25612238
0,0.2609492
0,0.2498486
0,0.3030729
0,0.26579347
0,0.26472846
0,0.2628898
0,0.28314847
0,0.26828212
0,0.28233567
0,0.27178425
0,0.27910998
0,0.26841778
0,0.38113135
0,0.35793585
0,0.31882674
0,0.3334076
0,0.32768932
0,0.2880965
0,0.30912206
0,0.2829847
0,0.27243447
0,0.26758793
0,0.2921583
0,0.27391383
0,0.26660135
0,0.2681741
0,0.27145788
0,0.26279914
0,0.2669217
0,0.26028913
0,0.26639757
0,0.26047298
0,0.26534662
0,0.25841078
0,0.25393215
0,0.24890108
0,0.27770737
0,0.2607762
0,0.26925698
0,0.26013446
0,0.2650727
0,0.26801813
0,0.27168155
0,0.27609164
0,0.27181196
0,0.27176914
0,0.26979178
0,0.27050066
0,0.28843743
0,0.27756038
0,0.2925905
0,0.26931465
0,0.2902147
0,0.2778855
0,0.2727799
0,0.2609585
0,0.26415408
0,0.2648866
0,0.26773348
0,0.2657673
0,0.2755356
0,0.27168563
0,0.26661116
0,0.25531974
0,0.25950146
0,0.25141588
0,0.27470398
0,0.26588604
0,0.2620224
0,0.2627114
0,0.28109872
0,0.26862955
0,0.2644918
0,0.26322645
0,0.25830305
0,0.2596705
0,0.26451114
0,0.2670019
0,0.27318907
0,0.26639208
0,0.2810357
0,0.2683989
0,0.29683793
0,0.28592768
0,0.29141572
0,0.26374462
0,0.29463527
0,0.28485054
0,0.3060578
0,0.2906914
0,0.2788094
0,0.27010942
0,0.2643129
0,0.27306166
0,0.2626557
0,0.25582007
0,0.28543943
0,0.26645017
0,0.29147333
0,0.26930746
0,0.29314005
0,0.26973063
0,0.294845
0,0.27089313
0,0.2905258
0,0.27293408
0,0.27393264
0,0.2626362
0,0.26736942
0,0.25833666
0,0.2638691
0,0.25489083
0,0.28225908
0,0.27182522
0,0.29347876
0,0.27839696
0,0.27523533
0,0.26264057
0,0.28458604
0,0.2732814
0,0.28897884
0,0.28024593
0,0.2736236
0,0.26382986
0,0.26611668
0,0.2658521
0,0.27295843
0,0.2567243
0,0.2886833
0,0.2603326
0,0.28400013
0,0.27365527
0,0.28816974
0,0.27305862
0,0.28947237
0,0.2732649
0,0.28052002
0,0.26957408
0,0.26367092
0,0.2628276
0,0.27400655
0,0.26538938
0,0.26241234
0,0.2611188
0,0.2788656
0,0.26636782
0,0.26184666
0,0.25968984
0,0.2766412
0,0.2635236
0,0.27949843
0,0.26496744
0,0.27595764
0,0.2659622
0,0.25453594
0,0.25490645
0,0.2538386
0,0.25136605
0,0.25084692
0,0.25101522
0,0.2854349
0,0.2565465
0,0.29231623
0,0.28083736
0,0.2980157
0,0.27271527
0,0.27354798
0,0.27243078
0,0.28819302
0,0.26527455
0,0.28524226
0,0.27641645
0,0.27574667
0,0.26112545
0,0.2646272
0,0.2654034
0,0.25389636
0,0.25393847
0,0.2686104
0,0.2619741
0,0.28317857
0,0.27476177
0,0.28762642
0,0.274359
0,0.30942032
0,0.268772
0,0.28642032
0,0.2738619
0,0.27883774
0,0.27089238
0,0.27516606
0,0.26911145
0,0.26381466
0,0.26785588
0,0.2720659
0,0.2658894
0,0.26074594
0,0.262031
0,0.25719184
0,0.2698386
0,0.26961133
0,0.2646271
0,0.2724637
0,0.26454237
0,0.26877382
0,0.26323053
0,0.25791025
0,0.25907648
0,0.25451055
0,0.25648955
0,0.25491667
0,0.25508028
0,0.27071163
0,0.26047975
0,0.28003195
0,0.26424405
0,0.2755326
0,0.26526776
0,0.26791936
0,0.26113078
0,0.2694899
0,0.26067284
0,0.25367826
0,0.26524192
0,0.2635528
0,0.25848293
0,0.3825173
0,0.37337
0,0.3197593
0,0.2938587
0,0.3098467
0,0.28095785
0,0.2981832
0,0.2869659
0,0.29327714
0,0.2870761
0,0.27646625
0,0.26561043
0,0.26641908
0,0.25970468
0,0.26389706
0,0.25585663
0,0.25985396
0,0.2532091
0,0.26840916
0,0.2720662
0,0.2847972
0,0.2744659
0,0.26138502
0,0.2670597
0,0.27767742
0,0.27129772
0,0.25982526
0,0.25478232
0,0.24796042
0,0.25411186
0,0.25537673
0,0.25906375
0,0.25719777
0,0.26133904
0,0.2783907
0,0.2715555
0,0.28365687
0,0.27229208
0,0.2855196
0,0.26322654
0,0.27752084
0,0.2593648
0,0.26052195
0,0.2610052
0,0.26848826
0,0.27433687
0,0.2630884
0,0.26314184
0,0.25820524
0,0.24861757
0,0.37571186
0,0.36879453
0,0.31038886
0,0.29202127
0,0.28922904
0,0.2774417
0,0.27960676
0,0.26967174
0,0.27206513
0,0.2654696
0,0.26019233
0,0.25949547
0,0.25619233
0,0.2571531
0,0.26454166
0,0.26241705
0,0.27637807
0,0.26430574
0,0.2763952
0,0.26462263
0,0.25745612
0,0.25761753
0,0.26836076
0,0.25952074
0,0.2539286
0,0.2539059
0,0.25097698
0,0.25249764
0,0.26517695
0,0.2729902
0,0.2988711
0,0.2934665
0,0.28834677
0,0.27988073
0,0.2772708
0,0.27822644
0,0.2611236
0,0.2593495
0,0.2686371
0,0.26183847
0,0.26492342
0,0.26543164
0,0.26457205
0,0.2554967
0,0.26148143
0,0.25394195
0,0.38433033
0,0.3770022
0,0.31767935
0,0.29430062
0,0.28564897
0,0.26826584
0,0.26788083
0,0.26604003
0,0.28125688
0,0.273283
0,0.25791234
0,0.25249574
0,0.2588125
0,0.2503732
0,0.25445288
0,0.2451513
0,0.27119243
0,0.26182488
0,0.2677692
0,0.27324095
0,0.28288144
0,0.270864
0,0.27959058
0,0.26757535
0,0.28192377
0,0.26916003
0,0.2756886
0,0.26895738
0,0.2844933
0,0.2690665
0,0.28423458
0,0.26791787
0,0.2825974
0,0.26845083
0,0.2820463
0,0.26677763
0,0.28102848
0,0.26572472
0,0.27217764
0,0.27352872
0,0.27670008
0,0.26386943
0,0.2705873
0,0.27143008
0,0.27220666
0,0.26248243
0,0.26938435
0,0.27130845
0,0.27044484
0,0.27554455
0,0.2716078
0,0.27225515
0,0.27152783
0,0.26100418
0,0.2705061
0,0.2697153
0,0.27041534
0,0.2694192
0,0.26874048
0,0.25739497
0,0.26559672
0,0.2676944
0,0.26559258
0,0.2664386
0,0.26514378
0,0.26569167
0,0.2843324
0,0.27383226
0,0.2721481
0,0.27553955
0,0.268795
0,0.27963847
0,0.26210496
0,0.26068676
0,0.2610705
0,0.26200747
0,0.26148066
0,0.2772695
0,0.28775954
0,0.2745952
0,0.26913723
0,0.27807364
0,0.28639886
0,0.27327874
0,0.29092643
0,0.27458248
0,0.2834635
0,0.27243334
0,0.28256753
0,0.27547148
0,0.27872
0,0.27068073
0,0.26467675
0,0.26528522
0,0.28923443
0,0.28240547
0,0.28857785
0,0.27241102
0,0.29111338
0,0.28427708
0,0.28136984
0,0.28161818
0,0.28318727
0,0.2822363
0,0.26723537
0,0.26436296
0,0.2601941
0,0.25957882
0,0.25636357
0,0.26715204
0,0.27634025
0,0.25836387
0,0.2778453
0,0.26366574
0,0.27039587
0,0.26046863
0,0.27540675
0,0.26233903
0,0.27285215
0,0.27355653
0,0.27993047
0,0.26362848
0,0.25935006
0,0.26507413
1,0.26599458
1,0.2564393
1,0.26279646
1,0.25501686
1,0.27031508
1,0.269529
1,0.27483
1,0.2714921
1,0.26860482
1,0.26940966
1,0.27086854
1,0.26823637
1,0.26281288
1,0.25464648
1,0.59721404
0,0.97428405
0,0.88404083
0,0.82396084
0,0.7872741
0,0.7278254
0,0.7032957
0,0.6089939
0,0.51656735
0,0.43885836
0,0.3653871
0,0.31137353
0,0.261491
0,0.22165124
0,0.1878016
0,0.17015347
0,0.15849155
0,0.14644732
0,0.14972173
0,0.13426864
0,0.19721232
0,0.188894
0,0.21320234
0,0.16368806
0,0.14359923
0,0.13359791
0,0.13249372
0,0.12562071
0,0.12293178
0,0.12265102
0,0.18920599
0,0.25895908
0,0.27424672
0,0.26392063
0,0.2701636
0,0.2721377
0,0.27302152
0,0.2634182
0,0.27719656
0,0.26428974
0,0.27784234
0,0.26384845
0,0.2735109
0,0.26160815
0,0.25703335
0,0.25520867
0,0.26503697
0,0.26855922
0,0.25834376
0,0.25776112
0,0.2661531
0,0.25712353
0,0.2719487
0,0.2575307
0,0.26774058
0,0.2583867
0,0.27227026
0,0.25721845
0,0.27893278
0,0.26037458
0,0.2587268
0,0.26402396
0,0.25290787
0,0.2493371
0,0.26061854
0,0.25008506
0,0.26569298
0,0.25225848
0,0.35223147
0,0.32519832
0,0.29945078
0,0.27489656
0,0.2963174
0,0.28104165
0,0.28464407
0,0.27448556
0,0.28171957
0,0.27310267
0,0.2886715
0,0.2650352
0,0.28650647
0,0.27169284
0,0.29562324
0,0.27972418
0,0.29167122
0,0.27499387
0,0.32286683
0,0.2807811
0,0.26518276
0,0.26597714
0,0.27817377
0,0.26667404
0,0.26151678
0,0.2859915
0,0.31631884
0,0.2805132
0,0.29164407
0,0.29559436
0,0.27784756
0,0.28359511
0,0.28867787
0,0.2758559
0,0.29334486
0,0.27572733
0,0.2960623
0,0.2857065
0,0.27235603
0,0.26803058
0,0.27726364
0,0.2755753
0,0.2837123
0,0.26845282
0,0.2632593
0,0.25939807
0,0.25783467
0,0.26667455
0,0.2585771
0,0.25652885
0,0.273314
0,0.26088712
0,0.2879672
0,0.2670752
0,0.27547374
0,0.26195455
0,0.27209547
0,0.27202308
0,0.2600708
0,0.2666599
0,0.27786544
0,0.26389313
0,0.2924904
0,0.27755532
0,0.28535366
0,0.28315163
0,0.29180607
0,0.2703075
0,0.26518828
0,0.2680535
0,0.27254167
0,0.25899237
0,0.24847035
0,0.2579341
0,0.26357916
0,0.2771241
0,0.28267357
0,0.2649328
0,0.27622074
0,0.2694463
0,0.27586377
0,0.25969133
0,0.28226548
0,0.2700105
0,0.28527278
0,0.26353323
0,0.26512873
0,0.2648684
0,0.26296532
0,0.26228273
0,0.28502074
0,0.25747463
0,0.27697253
0,0.2700092
0,0.2859287
0,0.2703062
0,0.28655756
0,0.27238563
0,0.29252422
0,0.2734035
0,0.29781604
0,0.2989852
0,0.29818407
0,0.27920344
0,0.26240054
0,0.27334324
0,0.27685958
0,0.26648414
0,0.27698642
0,0.25467333
0,0.27825087
0,0.2636431
0,0.28190815
0,0.2685017
0,0.2740459
0,0.26370975
0,0.2779722
0,0.26376393
0,0.2796915
0,0.26564032
0,0.26136687
0,0.25819144
0,0.26674387
0,0.25902006
0,0.26688802
0,0.25747672
0,0.2749657
0,0.25978532
0,0.27607358
0,0.26104212
0,0.26078895
0,0.2548574
0,0.27845365
0,0.26238993
0,0.26611188
0,0.25724792
0,0.2716244
0,0.25836283
0,0.2769745
0,0.25829968
0,0.26502156
0,0.26393655
0,0.27277923
0,0.26676175
0,0.27564278
0,0.2811583
0,0.2768267
0,0.2821571
0,0.2877692
0,0.275051
0,0.27116087
0,0.26849458
0,0.26644737
0,0.26496726
0,0.26751944
0,0.27068338
0,0.28009516
0,0.25916436
0,0.27825692
0,0.257981
0,0.2791932
0,0.26759607
0,0.28823078
0,0.27340415
0,0.28911746
0,0.27307037
0,0.28151056
0,0.27081546
0,0.2660218
0,0.26408276
0,0.28046274
0,0.2676488
0,0.28410482
0,0.27040592
0,0.28536534
0,0.27065203
0,0.28429785
0,0.2696277
0,0.28451723
0,0.26917446
0,0.27964365
0,0.26694137
0,0.28307307
0,0.27128717
0,0.26604712
0,0.26146734
0,0.2799614
0,0.26745552
0,0.28062138
0,0.26551905
0,0.27587402
0,0.2742551
0,0.28367072
0,0.26868412
0,0.2815994
0,0.26561412
0,0.2753691
0,0.2738724
0,0.26541054
0,0.26124227
0,0.27832478
0,0.26630902
0,0.25917113
0,0.27463707
0,0.279989
0,0.26617712
0,0.27099934
0,0.2610097
0,0.27581793
0,0.26112726
0,0.27527803
0,0.26027277
0,0.25781965
0,0.25631416
0,0.25412986
0,0.25094506
0,0.26734522
0,0.2547854
0,0.26090854
0,0.25179708
0,0.28111768
0,0.2709824
0,0.2694757
0,0.26811695
0,0.26603854
0,0.26635796
0,0.2759635
0,0.269367
0,0.27182242
0,0.26817748
0,0.27855107
0,0.26985884
0,0.27031633
0,0.25603762
0,0.26184955
0,0.25174153
0,0.2714252
0,0.2639721
0,0.29321113
0,0.26859626
0,0.28698963
0,0.2721054
0,0.25972405
0,0.26200527
0,0.26552567
0,0.2514183
0,0.25733674
0,0.25747702
0,0.2569211
0,0.25733545
0,0.28029883
0,0.2671868
0,0.27088973
0,0.25172004
0,0.27627438
0,0.2619748
0,0.28521764
0,0.26909077
0,0.26509678
0,0.27067205
0,0.26818535
0,0.26074278
0,0.259164
0,0.2593748
0,0.26993808
0,0.2588894
0,0.27761042
0,0.26609954
0,0.28097644
0,0.26343617
0,0.27903584
0,0.26243016
0,0.27962732
0,0.267081
0,0.28784415
0,0.27764338
0,0.27028877
0,0.2608391
0,0.26797417
0,0.2576672
0,0.25568482
0,0.26306492
0,0.28234738
0,0.26094413
0,0.2677018
0,0.26775786
0,0.26940098
0,0.26748133
0,0.25795388
0,0.26272202
0,0.28112298
0,0.25900742
0,0.2569589
0,0.2617213
0,0.2542946
0,0.26038393
0,0.2801372
0,0.28708455
0,0.2771261
0,0.27170283
0,0.29986715
0,0.28075993
0,0.29785782
0,0.27913475
0,0.27603602
0,0.27542427
0,0.28105465
0,0.25933468
0,0.25959644
0,0.26256895
0,0.26659665
0,0.27338368
0,0.26681682
0,0.26261905
0,0.26244715
0,0.25915968
0,0.28063256
0,0.26532862
0,0.2855041
0,0.26794916
0,0.29452518
0,0.28283644
0,0.28925455
0,0.27133194
0,0.26812246
0,0.26246336
0,0.26202208
0,0.25846854
0,0.27756536
0,0.26139516
0,0.27967125
0,0.2655091
0,0.28116694
0,0.27502438
0,0.2823261
0,0.26530012
0,0.28146228
0,0.2638077
0,0.27617276
0,0.26177567
0,0.25347704
0,0.25217035
0,0.27166325
0,0.2562396
0,0.25536272
0,0.26200166
0,0.27470306
0,0.25938776
0,0.2759832
0,0.28050724
0,0.28776428
0,0.2838406
0,0.28703052
0,0.2768731
0,0.2762799
0,0.26118305
0,0.26819006
0,0.2554682
0,0.25580853
0,0.26102248
0,0.2531891
0,0.2589715
0,0.27084395
0,0.26417896
0,0.28058404
0,0.26954362
0,0.2731974
0,0.25718838
0,0.27254504
0,0.25495613
0,0.26273587
0,0.2612283
0,0.2589568
0,0.2595695
0,0.25278988
1,0.25720468
1,0.25607932
1,0.26904106
1,0.27689672
1,0.25712326
1,0.2761151
1,0.27889773
1,0.27856517
1,0.26798934
1,0.26786062
1,0.26228657
1,0.25744507
1,0.26865706
1,0.26340857
1,0.27085856
1,0.93846035
1,0.98933816
1,0.95933515
1,0.99623793
1,0.98280895
1,0.9740563
1,0.9580808
0,0.9965705
0,0.982567
0,0.9593862
0,0.945986
0,0.91320497
0,0.88386995
0,0.8550818
0,0.8380132
0,0.77857035
0,0.758609
0,0.7123197
0,0.6840378
0,0.59888655
0,0.5826055
0,0.5257131
0,0.50037026
0,0.45294446
0,0.42540956
0,0.37032762
0,0.33087522
0,0.2910708
0,0.24899134
0,0.22221829
0,0.14650789
0,0.12367035
0,0.12385629
0,0.17565554
0,0.19720504
0,0.20187157
0,0.21844289
0,0.2797023
0,0.36899552
0,0.3415198
0,0.30780786
0,0.3044859
0,0.30614448
0,0.27682444
0,0.2733961
0,0.27260345
0,0.2705723
0,0.26196578
0,0.27275106
0,0.26708627
0,0.27858272
0,0.26004907
0,0.26819938
0,0.2650335
0,0.2658559
0,0.26428056
0,0.26129937
0,0.26074746
0,0.2768392
0,0.26548535
0,0.2597002
0,0.261184
0,0.26150283
0,0.26488423
0,0.2928333
0,0.27465898
0,0.2897015
0,0.27322188
0,0.26915544
0,0.2750069
0,0.2863815
0,0.2722525
0,0.26708648
0,0.2805157
0,0.2837908
0,0.27059612
0,0.2706359
0,0.2748893
0,0.27735034
0,0.2768231
0,0.26723233
0,0.27967224
0,0.29298997
0,0.27767265
0,0.3042229
0,0.29257515
0,0.30485773
0,0.30078578
0,0.29367658
0,0.27774322
0,0.29106027
0,0.27153137
0,0.2818225
0,0.27068296
0,0.27414706
0,0.26274937
0,0.27591085
0,0.26465932
0,0.26959702
0,0.26405302
0,0.28479862
0,0.26864004
0,0.2961328
0,0.2839715
0,0.29225805
0,0.28343305
0,0.2675503
0,0.27261493
0,0.28745508
0,0.28306398
0,0.28537098
0,0.27994883
0,0.27593538
0,0.27325216
0,0.27986848
0,0.2740578
0,0.27991748
0,0.27254045
0,0.29730055
0,0.28281295
0,0.28441614
0,0.27782288
0,0.2770986
0,0.27158102
0,0.25994083
0,0.27696353
0,0.26502424
0,0.26492164
0,0.26551428
0,0.26327068
0,0.27199605
0,0.2648157
0,0.28121635
0,0.26827383
0,0.27834943
0,0.26772103
0,0.2691531
0,0.27511823
0,0.26690212
0,0.27421206
0,0.2656476
0,0.272661
0,0.28472796
0,0.2807668
0,0.2895722
0,0.27152148
0,0.29014337
0,0.2720111
0,0.28831702
0,0.27417138
0,0.28774053
0,0.2700008
0,0.28267175
0,0.26739502
0,0.27221555
0,0.27364615
0,0.26512808
0,0.2720292
0,0.2813791
0,0.2664452
0,0.27692962
0,0.26517862
0,0.28480068
0,0.28228402
0,0.3132068
0,0.2946739
0,0.29723182
0,0.2898025
0,0.28929374
0,0.27478933
0,0.27668205
0,0.27807495
0,0.2652985
0,0.26052967
0,0.27379945
0,0.26103482
0,0.27749255
0,0.2607312
0,0.3006097
0,0.26883954
0,0.2800579
0,0.27348638
0,0.28110734
0,0.26749054
0,0.270311
0,0.26849017
0,0.27176335
0,0.27078405
0,0.2770706
0,0.27162844
0,0.27296096
0,0.2793983
0,0.280376
0,0.27403605
0,0.27944863
0,0.27063683
0,0.27038568
0,0.2681176
0,0.273843
0,0.25677538
0,0.2526466
0,0.25752985
0,0.25222138
0,0.2563667
0,0.26158124
0,0.25975633
0,0.2596715
0,0.26125664
0,0.25854522
0,0.25820413
0,0.26562268
0,0.26063254
0,0.27758026
0,0.26663375
0,0.28158295
0,0.26902592
0,0.27880654
0,0.27824843
0,0.2895418
0,0.2871893
0,0.28514895
0,0.27086374
0,0.28475523
0,0.26888695
0,0.28398767
0,0.3023794
0,0.30243522
0,0.29044473
0,0.2951347
0,0.27589023
0,0.2858993
0,0.26990217
0,0.2778122
0,0.2760857
0,0.27440733
0,0.2742834
0,0.28050596
0,0.26965117
0,0.28366616
0,0.2842166
0,0.28577718
0,0.27301028
0,0.3492974
0,0.3130723
0,0.302864
0,0.28274533
0,0.28831714
0,0.26938155
0,0.27656534
0,0.26300734
0,0.26250014
0,0.26629847
0,0.27056023
0,0.26875445
0,0.27595899
0,0.27069288
0,0.27822444
0,0.26353672
0,0.27387065
0,0.25865218
0,0.27669358
0,0.26940024
0,0.26650313
0,0.2670405
0,0.26458392
0,0.26632124
0,0.2639384
0,0.25355703
0,0.25828466
0,0.26107436
0,0.26400605
0,0.2736044
0,0.2650654
0,0.26365757
0,0.27185717
0,0.27661306
0,0.26491573
0,0.2639647
0,0.26909587
0,0.26482219
0,0.2672275
0,0.26565242
0,0.2668242
0,0.26224846
0,0.26392573
0,0.28294623
0,0.2662698
0,0.2641334
0,0.27964258
0,0.2666644
0,0.28588864
0,0.28142807
0,0.2749115
0,0.2685429
0,0.27834904
0,0.2662224
0,0.2641465
0,0.27151328
0,0.27655533
0,0.26465976
0,0.25936687
0,0.2569718
0,0.2725601
0,0.26369816
0,0.29227757
0,0.28363696
0,0.28927442
0,0.27090546
0,0.2864746
0,0.26815054
0,0.28261778
0,0.26530933
0,0.27204213
0,0.26069105
0,0.2663493
0,0.26834056
0,0.27162635
0,0.26992446
0,0.27760407
0,0.271513
0,0.27105427
0,0.26892176
0,0.2781742
0,0.26212126
0,0.27631426
0,0.2695274
0,0.27167392
0,0.2710302
0,0.26813012
0,0.27904433
0,0.27085304
0,0.26890603
0,0.2752199
0,0.2691544
0,0.28026402
0,0.28189537
0,0.28576702
0,0.27379042
0,0.2788261
0,0.28286764
0,0.28214866
0,0.2846436
0,0.29013824
0,0.2763867
0,0.27264288
0,0.26729536
0,0.2859936
0,0.2727952
0,0.2880431
0,0.2717957
0,0.2880607
0,0.27148923
0,0.28809726
0,0.2730822
0,0.2760864
0,0.28353527
0,0.28361
0,0.26966605
0,0.2809979
0,0.26648822
0,0.26500905
0,0.26028717
0,0.25943848
0,0.26617822
0,0.27072108
0,0.27963737
0,0.28707567
0,0.26713762
0,0.28365076
0,0.2699276
0,0.28332004
0,0.2755886
0,0.28480828
0,0.26590455
0,0.272959
0,0.27092302
0,0.27231976
0,0.28385076
0,0.2779115
0,0.27436292
0,0.26384556
0,0.26775953
0,0.2585811
0,0.264119
0,0.263052
0,0.26424524
0,0.28039986
0,0.27064174
0,0.27976903
0,0.27113372
0,0.27538466
0,0.26927206
0,0.27036998
0,0.2672497
0,0.26790637
0,0.25863242
0,0.26640233
0,0.269405
0,0.2751593
0,0.2566593
0,0.27208763
0,0.25365344
0,0.26848245
0,0.26209775
0,0.27255264
0,0.263686
0,0.27053905
0,0.26457182
0,0.2659638
0,0.25155008
0,0.26220042
0,0.25922525
0,0.28543797
0,0.2671155
0,0.27524957
0,0.2766475
0,0.26472107
0,0.27235726
0,0.27471462
0,0.28154907
0,0.27927488
0,0.27813914
0,0.27434924
0,0.2762091
0,0.2698416
0,0.2740574
0,0.26315412
0,0.2702646
0,0.26534426
0,0.26919353
0,0.2640216
0,0.25769877
0,0.28418493
0,0.2632531
0,0.2844841
0,0.26645124
0,0.26474392
0,0.2580078
0,0.26300594
0,0.25585765
0,0.2737086
0,0.27029625
0,0.27427527
0,0.26113397
0,0.28063703
0,0.2617912
0,0.261267
0,0.2641082
0,0.28436366
0,0.2720814
0,0.26528078
0,0.26710993
0,0.28813884
0,0.2752917
0,0.2765168
0,0.27342921
0,0.27960986
0,0.27692622
0,0.2661055
0,0.26934746
0,0.28980654
0,0.27386376
0,0.2958037
0,0.29798797
0,0.29467183
0,0.26855835
0,0.27426913
0,0.27173316
0,0.28790367
0,0.28621823
0,0.27384272
0,0.2741773
0,0.2625384
0,0.27497137
0,0.27139926
0,0.26683754
0,0.27903417
0,0.27935883
0,0.2840395
0,0.27417344
0,0.28504086
0,0.28387108
0,0.2843484
0,0.26123548
0,0.28895298
0,0.2818865
0,0.2735834
0,0.26877657
0,0.268503
0,0.2744958
0,0.27221233
0,0.27583843
0,0.26958084
0,0.27445146
0,0.29350695
0,0.2771472
0,0.2905095
0,0.27260205
0,0.29062206
0,0.27077737
0,0.2846925
0,0.27958652
0,0.26464778
0,0.2618331
0,0.26236004
0,0.27311504
0,0.27599254
0,0.27447972
0,0.26661944
0,0.26038817
0,0.28001952
0,0.26252246
0,0.28120884
0,0.26342058
0,0.28355247
0,0.26460865
0,0.27735525
0,0.2700735
0,0.2792169
0,0.27359682
0,0.26545858
0,0.26782116
0,0.27241462
0,0.26905707
0,0.27291527
0,0.2611267
0,0.28113937
0,0.25991124
0,0.26967877
0,0.26840165
0,0.27866223
0,0.25968087
0,0.27172428
0,0.26562023
0,0.25822857
0,0.26070613
0,0.25430825
0,0.26989552
0,0.27304772
0,0.2655306
0,0.2560112
0,0.25014192
0,0.25950333
0,0.25698403
0,0.26879287
0,0.2606099
0,0.27287158
0,0.26302424
0,0.2655553
0,0.26060855
0,0.25335884
0,0.26689723
0,0.2651582
0,0.27313367
0,0.2678284
0,0.26119897
0,0.2733675
0,0.2619644
0,0.27184758
0,0.26075363
0,0.2867113
0,0.26599655
0,0.291642
0,0.3073593
0,0.2870781
0,0.2826093
0,0.26397204
0,0.27751747
0,0.27029073
0,0.2778522
0,0.2892626
0,0.27264878
0,0.29069436
0,0.26730084
0,0.2879462
0,0.26856726
0,0.28158325
0,0.26577666
0,0.2812047
0,0.26257804
0,0.2680106
0,0.26958346
0,0.2738729
0,0.26903677
0,0.2819514
0,0.27216196
0,0.28500208
0,0.27755517
0,0.2839296
0,0.27445516
0,0.28229287
0,0.26399833
0,0.29571724
0,0.28661
0,0.2877924
0,0.2663176
0,0.26669818
0,0.2721292
0,0.28004745
0,0.25908867
0,0.2681282
0,0.2546117
0,0.27761325
0,0.26947728
0,0.27841723
0,0.2712603
0,0.28406733
0,0.28590003
0,0.28571293
0,0.277828
0,0.2772955
0,0.2585565
0,0.25897935
0,0.2706127
0,0.26782465
0,0.2636194
0,0.26882178
0,0.27399093
0,0.27884585
0,0.27730346
0,0.2735789
0,0.27702352
0,0.2807551
0,0.27912065
0,0.29422456
0,0.29422462
0,0.3058461
0,0.30275762
0,0.29982904
0,0.29643157
0,0.2847952
0,0.28486043
0,0.27782905
0,0.29994723
0,0.3234871
0,0.3290287
0,0.32539913
0,0.31194624
0,0.32731712
0,0.31107688
0,0.28459108
0,0.2723754
0,0.2874022
0,0.28113955
0,0.27384582
0,0.2638202
0,0.28292337
0,0.2739581
0,0.2654754
0,0.26782942
0,0.26965111
0,0.2706906
0,0.28061256
0,0.26223695
0,0.27935603
0,0.27299747
0,0.2822104
0,0.2724757
0,0.27922598
0,0.27198267
0,0.27111652
0,0.28444675
0,0.26752272
0,0.28277642
0,0.27742815
0,0.27304056
0,0.2823894
0,0.2733577
0,0.2832227
0,0.26182163
0,0.2766811
0,0.2688616
0,0.28205818
0,0.2604448
0,0.28679997
0,0.2739968
0,0.2632593
0,0.2658214
0,0.25609174
0,0.26095545
0,0.26750243
0,0.27391502
0,0.27209964
0,0.26670966
0,0.27732387
0,0.26855096
0,0.27103755
0,0.26482007
0,0.27305377
0,0.2698876
0,0.27331862
0,0.26877412
0,0.26823166
0,0.26353112
0,0.26352632
0,0.26209307
0,0.26182634
0,0.25939423
0,0.26830927
0,0.26098648
0,0.27265778
0,0.2672441
0,0.26448447
0,0.27245298
0,0.2699161
0,0.2753711
0,0.26902968
0,0.26288563
0,0.2777735
0,0.26434788
0,0.26387945
0,0.26018113
0,0.25976515
0,0.26689512
0,0.28122428
0,0.26746422
0,0.28060135
0,0.27589083
0,0.2862451
0,0.26636392
0,0.28062966
0,0.25819057
0,0.25921807
0,0.25354794
0,0.2551414
0,0.26086116
0,0.27069652
0,0.25752658
0,0.276403
0,0.25821298
0,0.27822414
0,0.27202532
0,0.2704662
0,0.26836824
0,0.27997765
0,0.2604581
0,0.27549797
0,0.26929107
0,0.26342496
0,0.26521724
0,0.25857264
0,0.2620306
0,0.26688203
0,0.26454237
0,0.2773021
0,0.26031682
0,0.27546537
0,0.2566
0,0.27383044
0,0.25516278
0,0.28322485
0,0.26974857
0,0.28522834
0,0.2728961
0,0.2648303
0,0.26490355
0,0.26083443
0,0.27226636
0,0.26752
0,0.27491307
0,0.27064833
0,0.27547112
0,0.2792784
0,0.27260274
0,0.27105412
0,0.31819946
0,0.30851454
0,0.30673844
0,0.3033124
0,0.28222352
0,0.27657852
0,0.26816362
0,0.2805921
0,0.28199968
0,0.27313
0,0.2671611
0,0.286429
0,0.27916104
0,0.29272538
0,0.2722937
0,0.27028966
0,0.27416205
0,0.28961816
0,0.27123728
0,0.26883093
0,0.26199433
0,0.2565343
0,0.25430655
0,0.2569258
0,0.26295525
0,0.26158562
0,0.26500764
0,0.2615054
0,0.2781291
0,0.28572986
0,0.26519433
0,0.28319347
0,0.27537194
0,0.28684676
0,0.27670038
0,0.28420305
0,0.27900496
0,0.26873326
0,0.27005967
0,0.27739078
0,0.2742536
0,0.27513167
0,0.27137107
0,0.2846813
0,0.2741114
0,0.2776234
0,0.27218983
0,0.2938415
0,0.27802467
0,0.26553115
0,0.26823318
0,0.2771959
0,0.2589103
0,0.26075363
0,0.26227254
0,0.25687686
0,0.26116857
0,0.25420934
0,0.2580269
0,0.2722915
0,0.26402456
0,0.25608787
0,0.25985682
0,0.2709128
0,0.25779036
0,0.26689804
0,0.26379946
0,0.27898145
0,0.26661333
0,0.26284108
0,0.26532632
0,0.26510432
0,0.2662372
0,0.2652968
0,0.26077405
0,0.27635548
0,0.25325787
0,0.28110024
0,0.26498803
0,0.29174268
0,0.27139246
0,0.29000986
0,0.27063343
0,0.28475183
0,0.26825237
0,0.32957086
0,0.2893512
0,0.28269365
0,0.27010033
0,0.26801255
0,0.2606382
0,0.26158807
0,0.26724318
0,0.2816205
0,0.26479724
0,0.28301173
0,0.26646367
0,0.28716874
0,0.2795021
0,0.28894454
0,0.26884907
0,0.27081934
0,0.2646761
0,0.26508054
0,0.26805934
0,0.26269162
0,0.26691377
0,0.28098616
0,0.27274004
0,0.2855484
0,0.27470705
0,0.27851853
0,0.28606835
0,0.2999585
0,0.28094655
0,0.27418625
0,0.27084622
0,0.27539146
0,0.2690879
0,0.27410308
0,0.2733459
0,0.27385315
0,0.26800784
0,0.2813885
0,0.2698672
0,0.28175396
0,0.2701802
0,0.2740423
0,0.26947016
0,0.2877984
0,0.2721954
0,0.26733336
0,0.2766731
0,0.27398235
0,0.27728742
0,0.28063166
0,0.28185773
0,0.28491336
0,0.2710478
0,0.28167138
0,0.2683451
0,0.28091526
0,0.26789197
0,0.26935086
0,0.26269275
0,0.2823882
0,0.2667597
0,0.26322946
0,0.26020777
0,0.26492703
0,0.27565548
0,0.27105185
0,0.2643812
0,0.28680474
0,0.26828325
0,0.29093716
0,0.26874483
0,0.29114813
0,0.27124652
0,0.29365996
0,0.27219206
0,0.27662578
0,0.26478997
0,0.26231915
0,0.25785202
0,0.25985205
0,0.25461194
0,0.27904782
0,0.26071945
0,0.29076037
0,0.28783053
0,0.3023511
0,0.28810263
0,0.2988634
0,0.28567034
0,0.29642138
0,0.2888554
0,0.2934549
0,0.28081492
0,0.27398017
0,0.27177548
0,0.2729602
0,0.25934196
0,0.27082425
0,0.2671496
0,0.28203666
0,0.25942308
0,0.26070607
0,0.26297295
0,0.28946033
0,0.27176273
0,0.28986102
0,0.28244933
0,0.28077856
0,0.27524015
0,0.28019747
0,0.27258733
0,0.26367447
0,0.26548892
0,0.27280185
0,0.25499764
0,0.28339234
0,0.26991042
0,0.26121134
0,0.26312137
0,0.2745197
0,0.27472785
0,0.28078428
0,0.2678379
0,0.27637658
0,0.27856147
0,0.2636812
0,0.27200064
0,0.2589432
0,0.25922263
0,0.26747784
0,0.27062193
0,0.27853465
0,0.2936608
0,0.30523953
0,0.2916748
0,0.30978
0,0.29961482
0,0.280383
0,0.2703592
0,0.26004937
0,0.268716
0,0.256638
0,0.2672702
0,0.28257176
0,0.26376364
0,0.29184228
0,0.2663669
0,0.27493
0,0.26283213
0,0.2900294
0,0.26560783
0,0.28483883
0,0.2632207
0,0.28099647
0,0.26177433
0,0.2658883
0,0.2661496
0,0.26249424
0,0.26341864
0,0.27422592
0,0.26696426
0,0.2849161
0,0.2722371
0,0.28534687
0,0.2653704
0,0.3297646
0,0.28317374
0,0.294112
0,0.28126132
0,0.2957939
0,0.29401335
0,0.28613856
0,0.28047687
0,0.2856166
0,0.27617323
0,0.2831139
0,0.27285004
0,0.27755696
0,0.2805985
0,0.26975954
0,0.27650356
0,0.28463134
0,0.2593455
0,0.27854735
0,0.27124563
0,0.28840867
0,0.27404857
0,0.2818822
0,0.2679218
0,0.26203242
0,0.26058966
0,0.25523457
0,0.25403583
0,0.26849213
0,0.26363456
0,0.28717738
0,0.26699913
0,0.2898992
0,0.26619306
0,0.27618986
0,0.27363867
0,0.28552732
0,0.2645993
0,0.2630257
0,0.25701112
0,0.27920207
0,0.2708248
0,0.29098907
0,0.28336474
0,0.27762538
0,0.27254552
0,0.29439163
0,0.26971066
0,0.2936774
0,0.27082282
0,0.2921107
0,0.27069217
0,0.28491032
0,0.26378253
0,0.27995303
0,0.26181433
0,0.25440168
0,0.2623052
0,0.26082268
0,0.25085142
0,0.2755535
0,0.2566167
0,0.2831963
0,0.2703607
0,0.2679349
0,0.28119987
0,0.28818318
0,0.26611957
0,0.28264314
0,0.27014574
0,0.27231917
0,0.2766555
0,0.26798064
0,0.26507202
0,0.2851326
0,0.26777273
0,0.28059623
0,0.2745416
0,0.28367546
0,0.26850712
0,0.28380358
0,0.2792213
0,0.28620002
0,0.27062893
0,0.275113
0,0.26280767
0,0.27264225
0,0.26132733
0,0.2587461
0,0.26502773
0,0.27661183
0,0.26417342
0,0.2810731
0,0.26204228
0,0.2849293
0,0.27421257
0,0.27470106
0,0.27489582
0,0.28446373
0,0.2776605
0,0.27000844
0,0.25932166
0,0.2569154
0,0.26209894
0,0.26854682
0,0.26665118
0,0.26825348
0,0.26594007
0,0.2865263
0,0.27528247
0,0.27496397
0,0.27345645
0,0.3030724
0,0.29468456
0,0.29946345
0,0.27081287
0,0.27205417
0,0.2698067
0,0.26950753
0,0.26761836
0,0.2638177
0,0.2630825
0,0.28961903
0,0.26366678
0,0.2854131
0,0.2610281
0,0.26379943
0,0.26188445
0,0.28022313
0,0.27911234
0,0.28633776
0,0.29692385
0,0.28798237
0,0.28786084
0,0.29050583
0,0.27652928
0,0.26987678
0,0.2768375
0,0.28857037
0,0.2616056
0,0.2832656
0,0.25818488
0,0.2601079
0,0.25777993
0,0.27690196
0,0.2758594
0,0.26733997
0,0.2743583
0,0.26742202
0,0.27754432
0,0.261788
0,0.25999853
0,0.25816268
0,0.2604081
0,0.26608455
0,0.26892376
0,0.27942115
0,0.26443
0,0.28090322
0,0.26444578
0,0.28281823
0,0.2655754
0,0.28618774
0,0.26537046
0,0.2631904
0,0.2572933
0,0.25536206
0,0.25080624
0,0.25935927
0,0.27261367
0,0.2735592
0,0.26996687
0,0.27803665
0,0.27232495
0,0.28879222
0,0.2764422
0,0.2884561
0,0.27800792
0,0.2907586
0,0.2778519
0,0.2682959
0,0.27057877
0,0.26834443
0,0.2685313
0,0.27305406
0,0.27093542
0,0.29107323
0,0.28864536
0,0.2768527
0,0.27387547
0,0.28316244
0,0.26250565
0,0.29037082
0,0.26440725
0,0.28621006
0,0.27649918
0,0.26994538
0,0.2616041
0,0.26634517
0,0.27052182
0,0.2760808
0,0.26079142
0,0.28371385
0,0.2736711
0,0.2892208
0,0.26525292
0,0.28682533
0,0.27268293
0,0.27993536
0,0.27762765
0,0.28294003
0,0.27051765
0,0.26649845
0,0.29411674
0,0.29172775
0,0.2843062
0,0.28751293
0,0.28911847
0,0.27328414
0,0.28252268
0,0.29577726
0,0.28604478
0,0.29052863
0,0.28366968
0,0.29591703
0,0.28575826
0,0.2858446
0,0.27103525
0,0.26655143
0,0.26033828
0,0.27082983
0,0.26056096
0,0.27534124
0,0.2828248
0,0.28881904
0,0.26807538
0,0.31347167
0,0.27790558
0,0.28615627
0,0.2689239
0,0.27941296
0,0.27601984
0,0.27689624
0,0.27242175
0,0.27094215
0,0.2705752
0,0.2587823
0,0.2647679
0,0.27303886
0,0.267428
0,0.2711385
0,0.26969135
0,0.28717536
0,0.26195383
0,0.27374494
0,0.26750207
0,0.28801924
0,0.27366433
0,0.27281395
0,0.26878893
0,0.2565935
0,0.251105
0,0.25649172
0,0.28114283
0,0.28857642
0,0.27297214
0,0.28841853
0,0.2868347
0,0.27219862
0,0.2686763
0,0.27444786
0,0.26576746
0,0.27998093
0,0.27884498
0,0.28142127
0,0.26928335
0,0.26057222
0,0.2699426
0,0.273819
0,0.26404005
0,0.26107982
0,0.2579148
0,0.28080964
0,0.2636231
0,0.28041974
0,0.2754412
0,0.28388596
0,0.2676944
0,0.28021255
0,0.27632603
0,0.2779387
0,0.2643208
0,0.2738971
0,0.26066408
0,0.25914788
0,0.2664598
0,0.2912691
0,0.2664984
0,0.2818338
0,0.2641832
0,0.27190158
0,0.2704906
0,0.2803681
0,0.26235932
0,0.2847327
0,0.275076
0,0.2673188
0,0.2702582
0,0.27210313
0,0.25813153
0,0.2556866
0,0.261604
0,0.2743457
0,0.26792568
0,0.27838418
0,0.27026662
0,0.2604713
0,0.2626054
0,0.2754297
0,0.26717874
0,0.2720986
0,0.27191392
0,0.27622685
0,0.2699056
0,0.2713355
0,0.26522636
0,0.26643324
0,0.26515013
0,0.2860243
0,0.2691076
0,0.26782742
0,0.27735198
0,0.29601964
0,0.28891456
0,0.28482682
0,0.28583494
0,0.2941063
0,0.2902821
0,0.2774443
0,0.2999681
0,0.2759146
0,0.27285442
0,0.26980448
0,0.2638148
0,0.28442985
0,0.278124
0,0.29198077
0,0.27039856
0,0.28800133
0,0.27887776
0,0.28964218
0,0.28088954
0,0.2866882
0,0.2750186
0,0.2687119
0,0.2605852
0,0.26328933
0,0.26613373
0,0.28177053
0,0.2630808
0,0.2827871
0,0.2728688
0,0.27800155
0,0.27303848
0,0.28655916
0,0.27596048
0,0.2865013
0,0.2760761
0,0.28675824
0,0.27456695
0,0.2769942
0,0.28149626
0,0.2792468
0,0.27291498
0,0.28463015
0,0.27614954
0,0.4112516
0,0.3727939
0,0.3378694
0,0.30519614
0,0.2995797
0,0.2837207
0,0.28235412
0,0.27320772
0,0.27807155
0,0.269393
0,0.26272073
0,0.27192137
0,0.25978613
0,0.2600377
0,0.25493297
0,0.2560905
0,0.252989
0,0.2533305
0,0.26021996
0,0.2566424
0,0.25116214
0,0.2516491
0,0.25963256
0,0.2551025
0,0.26832238
0,0.25797048
0,0.26284608
0,0.2562356
0,0.26173705
0,0.266142
0,0.26456928
0,0.26734793
0,0.26577383
0,0.25648195
0,0.2814683
0,0.26181933
0,0.27831656
0,0.2716244
0,0.2847549
0,0.27491456
0,0.27376935
0,0.2737799
0,0.2613543
0,0.26684162
0,0.25983843
0,0.26807424
0,0.28490657
0,0.27319536
0,0.26772386
0,0.2724685
0,0.26580676
0,0.2682196
0,0.26624063
0,0.26535007
0,0.27350518
0,0.26669365
0,0.26283446
0,0.25257513
0,0.25586697
0,0.25699714
0,0.26743355
0,0.26125032
0,0.2698005
0,0.26288176
0,0.26121393
0,0.2611604
0,0.27876577
0,0.26649928
0,0.2813469
0,0.26770157
0,0.28993767
0,0.27016327
0,0.26715103
0,0.27395135
0,0.26987875
0,0.26662734
0,0.27612406
0,0.2828004
0,0.266687
0,0.27548915
0,0.2619883
0,0.27060285
0,0.2788093
0,0.26511174
0,0.27279228
0,0.26137286
0,0.28246537
0,0.26553506
0,0.25870144
0,0.25693974
0,0.26277584
0,0.2572261
0,0.26262292
0,0.2558541
0,0.284116
0,0.26207626
0,0.28714594
0,0.27536765
0,0.27162924
0,0.27071294
0,0.28991428
0,0.27785295
0,0.28926098
0,0.2661083
0,0.26305518
0,0.26721925
0,0.25464606
0,0.26222354
0,0.26289883
0,0.26261628
0,0.2828009
0,0.26995996
0,0.28875512
0,0.27483258
0,0.28543013
0,0.27239516
0,0.2893224
0,0.27507153
0,0.25983024
0,0.26293916
0,0.25604934
0,0.25879776
0,0.2612975
0,0.28164944
0,0.28710046
0,0.27135247
0,0.28810534
0,0.28230032
0,0.2802486
0,0.2806332
0,0.29031828
0,0.28439513
0,0.2917675
0,0.2742729
0,0.28420672
0,0.2709881
0,0.26140997
0,0.27373078
0,0.2752688
0,0.26517266
0,0.2825417
0,0.2738458
0,0.29796118
0,0.27371758
0,0.29292327
0,0.27232808
0,0.26750377
0,0.27397373
0,0.2829908
0,0.2688359
0,0.2784067
0,0.2655796
0,0.2618972
0,0.268639
0,0.26506886
0,0.26016486
0,0.2768511
0,0.2723905
0,0.29478753
0,0.28134364
0,0.2772136
0,0.26568982
0,0.29047242
0,0.2671873
0,0.2872135
0,0.26594707
0,0.27135533
0,0.26011872
0,0.25781882
0,0.25337648
0,0.25104952
0,0.248386
0,0.25630423
0,0.2599531
0,0.2634068
0,0.25194344
0,0.2793111
0,0.26910052
0,0.26713085
0,0.26807538
0,0.26619938
0,0.26476505
0,0.26773778
0,0.25510186
0,0.2503928
0,0.256523
0,0.2474627
0,0.2611133
0,0.257545
0,0.25814667
0,0.25984
0,0.2594873
0,0.2590788
0,0.26015562
0,0.27285114
0,0.2652792
0,0.26171046
0,0.26336098
0,0.26433304
0,0.26200998
0,0.2600255
0,0.26094136
0,0.27002594
0,0.26267397
0,0.2797742
0,0.2666454
0,0.27393204
0,0.27454776
0,0.277773
0,0.27958295
0,0.28034106
0,0.26925492
0,0.2911833
0,0.2715191
0,0.26970676
0,0.27521172
0,0.2749949
0,0.2655428
0,0.27210975
0,0.27750194
0,0.28399646
0,0.2799471
0,0.29943287
0,0.28666392
0,0.30829418
0,0.27436182
0,0.30330804
0,0.27868545
0,0.26797324
0,0.27496046
0,0.2857101
0,0.28888676
0,0.26843777
0,0.273885
0,0.27167797
0,0.27874574
0,0.2996991
0,0.29308367
0,0.31681356
0,0.29545268
0,0.30793566
0,0.30693308
0,0.28996706
0,0.2879275
0,0.29423615
0,0.28376308
0,0.27367657
0,0.2775904
0,0.26257566
0,0.2585625
0,0.28421408
0,0.26372105
0,0.2658043
0,0.26718992
0,0.2954794
0,0.27754894
0,0.29389277
0,0.27970868
0,0.2935259
0,0.27908874
0,0.2876911
0,0.33509305
0,0.29231593
0,0.27392712
0,0.27218664
0,0.270202
0,0.2867704
0,0.27304938
0,0.28880128
0,0.27587336
0,0.28979212
0,0.2813381
0,0.2813976
0,0.27273676
0,0.27714494
0,0.26943195
0,0.2625655
0,0.26335183
0,0.25537232
0,0.2588353
0,0.25620747
0,0.25718054
0,0.2634124
0,0.2544845
0,0.27639058
0,0.25446424
0,0.28639483
0,0.27949953
0,0.276249
0,0.26800278
0,0.29199842
0,0.27242646
0,0.26420656
0,0.26350555
0,0.54034054
0,0.586594
0,0.44676068
0,0.37224635
0,0.38384837
0,0.336199
0,0.33240744
0,0.28514457
0,0.2877599
0,0.27846
0,0.28960025
0,0.26403597
0,0.27218086
0,0.24637237
0,0.23703253
0,0.21397713
0,0.19909182
0,0.19219305
0,0.18520984
0,0.18456513
0,0.19798473
0,0.20262942
0,0.21730678
0,0.209666
0,0.21160838
0,0.2197896
0,0.24605918
0,0.2385979
0,0.26000065
0,0.25794786
0,0.2734285
0,0.26235414
0,0.26300627
0,0.26628748
0,0.28224874
0,0.2623769
0,0.30314773
0,0.2748948
0,0.29173025
0,0.27933198
0,0.2706056
0,0.27140966
0,0.26460844
0,0.25676313
0,0.25899583
0,0.26151937
0,0.25837442
0,0.2610405
0,0.25171706
0,0.25960046
0,0.26780677
0,0.26412418
0,0.27905986
0,0.26868922
0,0.29488456
0,0.265023
0,0.29481098
0,0.2662619
0,0.29616776
0,0.2651058
0,0.27454138
0,0.26733485
0,0.2640824
0,0.262634
0,0.25211596
0,0.2578085
0,0.28451455
0,0.25689235
0,0.28712276
0,0.2590566
0,0.2574137
0,0.2681439
0,0.2866424
0,0.2585918
0,0.28552067
0,0.25682563
0,0.28983983
0,0.27764812
0,0.2703001
0,0.2752783
0,0.26060137
0,0.2599918
0,0.26372916
0,0.25889298
0,0.27471626
0,0.2615796
0,0.2864401
0,0.25596362
0,0.26241282
0,0.26113296
0,0.25826526
0,0.46082744
0,0.35169682
0,0.3237578
0,0.29119998
0,0.28899965
0,0.27781057
0,0.28074637
0,0.29523018
0,0.27079433
0,0.28869635
0,0.27853394
0,0.2949741
0,0.27086
0,0.28767642
0,0.26714465
0,0.27249223
0,0.27066016
0,0.2783724
0,0.28246602
0,0.26846713
0,0.26404092
0,0.27101782
0,0.27312073
0,0.2744639
0,0.2691938
0,0.29703555
0,0.2673697
0,0.26459935
0,0.2704936
0,0.28185746
0,0.27171746
0,0.2757593
0,0.26956928
0,0.27283832
0,0.26664525
0,0.2914754
0,0.2743313
0,0.26604843
0,0.25481012
0,0.26545408
0,0.26415285
0,0.26787168
0,0.2629531
0,0.28954086
0,0.27107313
0,0.2990245
0,0.28679958
0,0.3008541
0,0.29474148
0,0.28781334
0,0.27458575
0,0.27408612
0,0.2669662
0,0.2711943
0,0.26766056
0,0.29344973
0,0.28112096
0,0.29985118
0,0.2854417
0,0.2990398
0,0.27588183
0,0.27433535
0,0.26457706
0,0.2830576
0,0.27588412
0,0.27524212
0,0.26358616
0,0.26733178
0,0.26021504
0,0.25683817
0,0.26428854
0,0.26205626
0,0.27022114
0,0.2641482
0,0.26731265
0,0.26447237
0,0.26648828
0,0.28238708
0,0.27472594
0,0.27041095
0,0.27446002
0,0.27047542
0,0.29009154
0,0.28760463
0,0.26923966
0,0.3056808
0,0.27122203
0,0.28980032
0,0.27770174
0,0.29582494
0,0.27863234
0,0.2846827
0,0.2767459
0,0.30019292
0,0.30427256
0,0.2803221
0,0.27784884
0,0.27330774
0,0.2714748
0,0.2612668
0,0.27095068
0,0.2757543
0,0.25968406
0,0.28055495
0,0.27018744
0,0.28697282
0,0.2736015
0,0.3030624
0,0.292063
0,0.30570292
0,0.2808484
0,0.2969486
0,0.28884286
0,0.27177408
0,0.2762023
0,0.26810837
0,0.26341492
0,0.28937098
0,0.27997157
0,0.30158782
0,0.27732065
0,0.30054113
0,0.2920846
0,0.2721381
0,0.267676
0,0.29583138
0,0.28361318
0,0.29400665
0,0.2766623
0,0.2681669
0,0.28550696
0,0.27781183
0,0.26629487
0,0.26966968
0,0.2623402
0,0.29012597
0,0.2669788
0,0.27202088
0,0.26100755
0,0.29060403
0,0.27789858
0,0.27402428
0,0.26342392
0,0.2669478
0,0.2714685
0,0.26068354
0,0.26617745
0,0.2664746
0,0.25882027
0,0.2767353
0,0.2736178
0,0.29199415
0,0.26685825
0,0.2681832
0,0.2697273
0,0.29925594
0,0.26942402
0,0.28812847
0,0.27630955
0,0.27989355
0,0.27301788
0,0.2648419
0,0.26964286
0,0.2635977
0,0.25652677
0,0.28947416
0,0.2677776
0,0.2867985
0,0.27538553
0,0.30305466
0,0.26925167
0,0.2920125
0,0.2774002
0,0.26699802
0,0.26797906
0,0.2725602
0,0.26736432
0,0.26978043
0,0.26581326
0,0.2725687
0,0.26620978
0,0.29381627
0,0.26364207
0,0.28151548
0,0.25825727
0,0.29150265
0,0.2641764
0,0.2901507
0,0.2717872
0,0.2900181
0,0.2635396
0,0.27404794
0,0.2775751
0,0.26460388
0,0.25702736
0,0.25224903
0,0.25484312
0,0.2600011
0,0.2564548
0,0.274641
0,0.26185346
0,0.26343933
0,0.2601467
0,0.26585674
0,0.2582485
0,0.28118908
0,0.2671204
0,0.27456307
0,0.26351902
0,0.26376513
0,0.25799537
0,0.26051077
0,0.26512244
0,0.26104015
0,0.2550089
0,0.2572108
0,0.25222552
0,0.27478132
0,0.26861644
0,0.28284553
0,0.2741496
0,0.29481122
0,0.27062526
0,0.2753666
0,0.26164347
0,0.2618421
0,0.26761103
0,0.2612342
0,0.26436335
0,0.2840826
0,0.26794723
0,0.27530512
0,0.27163306
0,0.2842916
0,0.2778939
0,0.2669609
0,0.26771796
0,0.294581
0,0.27952686
0,0.27231023
0,0.25941455
0,0.26865047
0,0.26502445
0,0.299996
0,0.27912337
0,0.28066343
0,0.27865842
0,0.30050415
0,0.27014232
0,0.29778925
0,0.26704022
0,0.30262092
0,0.2839449
0,0.29484448
0,0.27758703
0,0.2760096
0,0.2811213
0,0.26688614
0,0.2655331
0,0.2674176
0,0.26319474
0,0.28571895
0,0.2688953
0,0.29011488
0,0.27171817
0,0.27166706
0,0.26632208
0,0.28581002
0,0.2588173
0,0.28129542
0,0.26867238
0,0.26127595
0,0.27024686
0,0.2702369
0,0.27534652
0,0.29244223
0,0.2773042
0,0.27208775
0,0.2760318
0,0.28454998
0,0.26712707
0,0.29088205
0,0.27155447
0,0.29337344
0,0.2701873
0,0.28440383
0,0.26892123
0,0.28243378
0,0.28391454
0,0.27209154
0,0.2767344
0,0.29030362
0,0.26793715
0,0.27012238
0,0.28560504
0,0.2838758
0,0.2782987
0,0.2809644
0,0.28612953
0,0.28771466
0,0.28243542
0,0.28780332
0,0.26593262
0,0.26560092
0,0.2854673
0,0.26849562
0,0.2688642
0,0.27494156
0,0.26940352
0,0.29472703
0,0.276233
0,0.26732787
0,0.26857194
0,0.29243118
0,0.2756708
0,0.2970427
0,0.27954713
0,0.26937607
0,0.26852033
0,0.27675673
0,0.25796205
0,0.25687042
0,0.25835904
0,0.28634465
0,0.25909516
0,0.28835925
0,0.27280912
0,0.27321866
0,0.26810732
0,0.29507554
0,0.27398247
0,0.29151374
0,0.2663238
0,0.27156457
0,0.2654175
0,0.26743707
0,0.26161206
0,0.2673981
0,0.2636532
0,0.28700542
0,0.26762673
0,0.29446453
0,0.27925235
0,0.29631257
0,0.273807
0,0.29299343
0,0.27414298
0,0.27306253
0,0.26603594
0,0.27162203
0,0.26882297
0,0.26823112
0,0.27465773
0,0.29018542
0,0.27590585
0,0.2916646
0,0.2855867
0,0.2957165
0,0.28298444
0,0.2753675
0,0.27588147
0,0.29418477
0,0.28130996
0,0.30001935
0,0.28297442
0,0.27802545
0,0.2747956
0,0.27109003
0,0.2713341
0,0.26528156
0,0.26815966
0,0.29456422
0,0.28113174
0,0.3030403
0,0.2734969
0,0.30331627
0,0.2710947
0,0.30018872
0,0.27204946
0,0.2947516
0,0.2774874
0,0.27414954
0,0.2711041
0,0.26604638
0,0.26695374
0,0.26148993
0,0.2632745
0,0.2899371
0,0.2720223
0,0.2707141
0,0.26741737
0,0.29234517
0,0.26186293
0,0.29087195
0,0.27194545
0,0.29198274
0,0.27376908
0,0.27608296
0,0.26847124
0,0.2549001
0,0.2592149
0,0.2673671
0,0.27521703
0,0.29330948
0,0.3018168
0,0.30498478
0,0.27021453
0,0.2951872
0,0.2951672
0,0.28136656
0,0.28751943
0,0.2940202
0,0.2734429
0,0.26670182
0,0.2779923
0,0.28038108
0,0.26714996
0,0.28999642
0,0.27317786
0,0.27765235
0,0.28095105
0,0.30125764
0,0.29293057
0,0.3051629
0,0.28435326
0,0.29602543
0,0.28537783
0,0.29347503
0,0.27685976
0,0.27198374
0,0.28572172
0,0.2719278
0,0.26296663
0,0.2996561
0,0.27381167
0,0.26908302
0,0.27138805
0,0.26515302
0,0.26721543
0,0.26265395
0,0.26869518
0,0.28094724
0,0.2753121
0,0.27759346
0,0.27201715
0,0.26559708
0,0.267926
0,0.26507908
0,0.26242965
0,0.27027267
0,0.26757637
0,0.29998806
0,0.26777172
0,0.26574275
0,0.28203538
0,0.30335355
0,0.27055505
0,0.27825192
0,0.28186965
0,0.2832677
0,0.2727026
0,0.26627633
0,0.26512602
0,0.26564527
0,0.26807398
0,0.25971833
0,0.2677707
0,0.29029593
0,0.27068484
0,0.2623495
0,0.2820126
0,0.2968551
0,0.26564038
0,0.26376656
0,0.26371306
0,0.2705349
0,0.2640763
0,0.2596128
0,0.2589685
0,0.26326224
0,0.2700362
0,0.26800337
0,0.27378222
0,0.3019956
0,0.2774343
0,0.30146658
0,0.30615845
0,0.3118879
0,0.28781265
0,0.30886093
0,0.2820588
0,0.2898327
0,0.28200278
0,0.26347104
0,0.26280308
0,0.26471946
0,0.2681164
0,0.28930745
0,0.26629847
0,0.28797486
0,0.26994282
0,0.27175307
0,0.28528664
0,0.28287724
0,0.27794197
0,0.2967989
0,0.27280605
0,0.27704927
0,0.26468468
0,0.26642224
0,0.27032143
0,0.27519956
0,0.27507478
0,0.29904294
0,0.27018565
0,0.30440658
0,0.2745224
0,0.2687378
0,0.27001116
0,0.294332
0,0.26918063
0,0.2751054
0,0.2600472
0,0.26243633
0,0.26526335
0,0.2594926
0,0.2706694
0,0.27115342
0,0.2670233
0,0.29123035
0,0.26562387
0,0.28388745
0,0.27826935
0,0.30019668
0,0.27221766
0,0.296385
0,0.26683456
0,0.27316272
0,0.27005535
0,0.26429263
0,0.26486006
0,0.26943928
0,0.25457004
0,0.30855432
0,0.27855864
0,0.2982022
0,0.27809605
0,0.2970473
0,0.27670476
0,0.29608902
0,0.275643
0,0.29566285
0,0.26879436
0,0.28721628
0,0.26142514
0,0.26069632
0,0.271592
0,0.26760426
0,0.27284434
0,0.28636882
0,0.28007263
0,0.29400983
0,0.27325195
0,0.27184227
0,0.27497965
0,0.27298853
0,0.2757703
0,0.27101603
0,0.26243708
0,0.2819712
0,0.267574
0,0.2673977
0,0.2606269
0,0.2620888
0,0.26698875
0,0.26295868
0,0.25665992
0,0.25848022
0,0.25437605
0,0.2567781
0,0.26320553
0,0.29079515
0,0.26519564
0,0.27004418
0,0.27304927
0,0.26736438
0,0.27030247
0,0.2657476
0,0.25840175
0,0.26014388
0,0.25644347
0,0.2897049
0,0.26507446
0,0.2644986
0,0.2671907
0,0.28518292
0,0.26322895
0,0.2984052
0,0.26814666
0,0.28355214
0,0.26428503
0,0.26115984
0,0.25593528
0,0.2574647
0,0.2597752
0,0.2789805
0,0.27224624
0,0.30214354
0,0.2789191
0,0.30106533
0,0.27001145
0,0.30177963
0,0.2793472
0,0.2918695
0,0.27845028
0,0.2853525
0,0.27386752
0,0.2654479
0,0.27246845
0,0.2724951
0,0.27867645
0,0.27490735
0,0.26753086
0,0.2911561
0,0.283184
0,0.29809123
0,0.26510054
0,0.29749623
0,0.2629982
0,0.29910946
0,0.26588202
0,0.27570242
0,0.26520932
0,0.2579945
0,0.27088907
0,0.2688655
0,0.26099122
0,0.2878868
0,0.26692593
0,0.26568878
0,0.2711614
0,0.29476184
0,0.27037016
0,0.30442223
0,0.27587384
0,0.30255628
0,0.27409923
0,0.29128152
0,0.26959127
0,0.2772047
0,0.2741854
0,0.27405643
0,0.27505842
0,0.27104968
0,0.27397278
0,0.2738076
0,0.2727241
0,0.2835468
0,0.2645651
0,0.29206744
0,0.26620385
0,0.2676154
0,0.26874912
0,0.26780552
0,0.2684309
0,0.26367974
0,0.26939636
0,0.2943728
0,0.27644497
0,0.29522595
0,0.26870742
0,0.30757257
0,0.28637686
0,0.27346936
0,0.28865767
0,0.27207518
0,0.27129295
0,0.29484162
0,0.27876818
0,0.2732757
0,0.2689824
0,0.27377653
0,0.26691598
0,0.26158333
0,0.27171087
0,0.2619278
0,0.2632272
0,0.28874823
0,0.27025318
0,0.2935315
0,0.2770007
0,0.2957744
0,0.27475172
0,0.29247943
0,0.2759952
0,0.26394758
0,0.27352893
0,0.27551442
0,0.2655757
0,0.25830084
0,0.25955465
0,0.28328305
0,0.2743587
0,0.29586983
0,0.27240422
0,0.29303345
0,0.27146202
0,0.27203286
0,0.26317513
0,0.28078836
0,0.26457682
0,0.25975987
0,0.25723836
0,0.26119497
0,0.25595376
0,0.25996646
0,0.26771483
0,0.2865011
0,0.27631027
0,0.28955096
0,0.27930126
0,0.29898873
0,0.27603045
0,0.2906232
0,0.28002033
0,0.2872126
0,0.28090915
0,0.26412532
0,0.26975214
0,0.26482135
0,0.25643948
0,0.2893024
0,0.26516548
0,0.29469943
0,0.26690647
0,0.29844943
0,0.2801909
0,0.27028102
0,0.27000853
0,0.2860189
0,0.26270688
0,0.26168844
0,0.26398015
0,0.2627915
0,0.26374123
0,0.28409055
0,0.28824708
0,0.26925492
0,0.27264813
0,0.2875086
0,0.27336434
0,0.3455413
0,0.29496533
0,0.30905646
0,0.28612903
0,0.29904595
0,0.29162443
0,0.28265578
0,0.2755207
0,0.2643647
0,0.26513574
0,0.26712635
0,0.27444765
0,0.29540113
0,0.26446357
0,0.28993604
0,0.26143023
0,0.26824945
0,0.26318827
0,0.28599176
0,0.25904575
0,0.28990912
0,0.26967892
0,0.2743579
0,0.26508653
0,0.2665566
0,0.26393816
0,0.2648131
0,0.26045987
0,0.28887662
0,0.26800308
0,0.26983368
0,0.26649427
0,0.28994715
0,0.2681509
0,0.26784307
0,0.26530412
0,0.29131874
0,0.26975486
0,0.2732048
0,0.262981
0,0.26238003
0,0.2691352
0,0.2655595
0,0.27257052
0,0.2844125
0,0.27942526
0,0.27131337
0,0.2622432
0,0.2830809
0,0.27466714
0,0.3011931
0,0.28353876
0,0.3020569
0,0.27981836
0,0.2848348
0,0.29511708
0,0.28764257
0,0.27942872
0,0.27568004
0,0.27297306
0,0.2996016
0,0.27967313
0,0.30361283
0,0.271674
0,0.29946187
0,0.28048643
0,0.3784797
0,0.32928553
0,0.3192254
0,0.28718776
0,0.27944762
0,0.2739803
0,0.27534643
0,0.26958188
0,0.26186046
0,0.26279888
0,0.2877413
0,0.26357332
0,0.26969975
0,0.28679544
0,0.30139065
0,0.2787837
0,0.28376243
0,0.27223974
0,0.28893015
0,0.27831498
0,0.2725116
0,0.26686814
0,0.26967138
0,0.26345944
0,0.28696147
0,0.26897442
0,0.27338675
0,0.26600346
0,0.26801944
0,0.26265636
0,0.28827524
0,0.26094443
0,0.26800138
0,0.2693198
0,0.28711686
0,0.28687587
0,0.27226892
0,0.26613
0,0.2669468
0,0.26095438
0,0.28263006
0,0.27513438
0,0.2834521
0,0.26710054
0,0.30976126
0,0.276048
0,0.30751133
0,0.27726838
0,0.307511
0,0.2801508
0,0.28925344
0,0.2816573
0,0.27870616
0,0.2660313
0,0.29658255
0,0.28285727
0,0.30403516
0,0.27488917
0,0.30545446
0,0.27608907
0,0.2672709
0,0.27209756
0,0.28847396
0,0.27698904
0,0.29908746
0,0.2818928
0,0.28635794
0,0.26747313
0,0.2585973
0,0.26611862
0,0.27019125
0,0.26831493
0,0.2661671
0,0.2673993
0,0.302252
0,0.28067192
0,0.30043474
0,0.27111548
0,0.30182037
0,0.28165483
0,0.27012104
0,0.27232596
0,0.2741847
0,0.2922251
0,0.26696682
0,0.26845
0,0.2708062
0,0.26583079
0,0.29137266
0,0.2731038
0,0.2728967
0,0.26791513
0,0.28931648
0,0.27195224
0,0.2749662
0,0.26874658
0,0.29581076
0,0.28926706
0,0.27854088
0,0.27056417
0,0.270446
0,0.26334807
0,0.2857278
0,0.28386676
0,0.26429534
0,0.2625857
0,0.27274668
0,0.26276195
0,0.28391784
0,0.27764577
0,0.29053384
0,0.27147126
0,0.3014562
0,0.27469906
0,0.28740042
0,0.30032763
0,0.2730906
0,0.2777504
0,0.27096462
0,0.2729302
0,0.3064852
0,0.27510387
0,0.30318773
0,0.28825396
0,0.27586487
0,0.32687908
0,0.32076925
0,0.2853227
0,0.28945708
0,0.2725582
0,0.27195805
0,0.2726772
0,0.2842444
0,0.27543318
0,0.26694956
0,0.26433694
0,0.46577483
0,0.46933734
0,0.40343386
0,0.34457347
0,0.3436061
0,0.30825338
0,0.30928677
0,0.28739217
0,0.27988732
0,0.27235764
0,0.2716273
0,0.27894872
0,0.27217698
0,0.26368123
0,0.28274366
0,0.2565992
0,0.26266578
0,0.25477478
0,0.26048523
0,0.2484344
0,0.25992405
0,0.25429553
0,0.2659151
0,0.2529826
0,0.25430638
0,0.2522619
0,0.26303652
0,0.26928255
0,0.26866293
0,0.2674176
0,0.2924889
0,0.27624652
0,0.29277304
0,0.26784736
0,0.29755095
0,0.27776027
0,0.2906799
0,0.27360857
0,0.29155707
0,0.2736742
0,0.29154155
0,0.27510732
0,0.26764375
0,0.25363946
0,0.2606476
0,0.25748974
0,0.2806558
0,0.26612076
0,0.3000038
0,0.2736015
0,0.27020633
0,0.27509505
0,0.26683986
0,0.26135406
0,0.2897303
0,0.26760656
0,0.28027624
0,0.26582143
0,0.29709467
0,0.2707553
0,0.27739283
0,0.27515474
0,0.29823595
0,0.270671
0,0.30389357
0,0.2875891
0,0.30860084
0,0.27627796
0,0.30820975
0,0.28632483
0,0.26662853
0,0.27125195
0,0.2766423
0,0.27116558
0,0.26123068
0,0.26564202
0,0.29147178
0,0.26449388
0,0.29089713
0,0.2648228
0,0.27052325
0,0.2684191
0,0.28925353
0,0.27335006
0,0.26446122
0,0.26568657
0,0.27207
0,0.27587536
0,0.26173988
0,0.26394293
0,0.2573545
0,0.26048386
0,0.2626087
0,0.26164982
0,0.26287854
0,0.26144254
0,0.2761273
0,0.25609267
0,0.2814221
0,0.26784906
0,0.2754208
0,0.26731902
0,0.29404062
0,0.27420175
0,0.27616036
0,0.26840958
0,0.2714312
0,0.2645602
0,0.2753409
0,0.26453814
0,0.2840558
0,0.27334058
0,0.3005326
0,0.28590313
0,0.29554433
0,0.28699273
0,0.29018077
0,0.27300572
0,0.29668117
0,0.2727706
0,0.2772163
0,0.26626387
0,0.26345068
0,0.25843015
0,0.29478619
0,0.2935417
0,0.27535528
0,0.26588735
0,0.2653417
0,0.27124712
0,0.30200806
0,0.27612716
0,0.26975062
0,0.27313656
0,0.28635123
0,0.2793899
0,0.2641547
0,0.26962516
0,0.25880048
0,0.2652753
0,0.2593502
0,0.25398612
0,0.2546035
0,0.26033306
0,0.28112823
0,0.25954568
0,0.28941822
0,0.26365748
0,0.26068544
0,0.26424745
0,0.26256233
0,0.26383874
0,0.25100327
0,0.24821642
0,0.25602427
0,0.25771922
0,0.26374105
0,0.26162022
0,0.2885034
0,0.2715125
0,0.29603
0,0.2918525
0,0.2820245
0,0.2739777
0,0.28942326
0,0.27655572
0,0.29007852
0,0.27399072
0,0.26699743
0,0.26507208
0,0.26953134
0,0.26409063
0,0.26625574
0,0.2620049
0,0.27835688
0,0.26615664
0,0.28636584
0,0.26954255
0,0.29389906
0,0.272456
0,0.29127505
0,0.27248365
0,0.26890075
0,0.265075
0,0.25826335
0,0.25765762
0,0.27332738
0,0.26561207
0,0.29628992
0,0.2711197
0,0.3037889
0,0.27477494
0,0.29472095
0,0.276931
0,0.30700395
0,0.2791022
0,0.27322495
0,0.27910116
0,0.28473687
0,0.27856106
0,0.2676365
0,0.2839335
0,0.3009848
0,0.27683657
0,0.30859795
0,0.29993212
0,0.3120543
0,0.27973962
0,0.3042743
0,0.27571505
0,0.2808384
0,0.26493463
0,0.2908484
0,0.29187837
0,0.28645384
0,0.27454555
0,0.2729127
0,0.27200186
0,0.2931645
0,0.2671538
0,0.29318443
0,0.2667372
0,0.29311168
0,0.26598993
0,0.28242478
0,0.2617847
0,0.28871775
0,0.27329513
0,0.29060262
0,0.26504138
0,0.27320963
0,0.2697643
0,0.26440343
0,0.27998295
0,0.26722196
0,0.27710176
0,0.29108506
0,0.2754232
0,0.29299605
0,0.2765147
0,0.298471
0,0.29043192
0,0.2991724
0,0.27859977
0,0.28132832
0,0.270557
0,0.27299312
0,0.26507053
0,0.27585492
0,0.2759655
0,0.2696239
0,0.27669698
0,0.2888261
0,0.2709619
0,0.27390042
0,0.27562276
0,0.28738612
0,0.26960304
0,0.28747752
0,0.2702161
0,0.29381084
0,0.27126497
0,0.27149087
0,0.2739549
0,0.2655513
0,0.28207868
0,0.26794267
0,0.2609926
0,0.2911826
0,0.26691362
0,0.31290427
0,0.2866812
0,0.30504817
0,0.27500823
0,0.2838316
0,0.27723324
0,0.26764876
0,0.27835247
0,0.26486108
0,0.27962187
0,0.26188868
0,0.2672523
0,0.3015803
0,0.2801036
0,0.28372914
0,0.2766434
0,0.29878828
0,0.27962548
0,0.28527388
0,0.29012915
0,0.3013549
0,0.2822441
0,0.29711056
0,0.26962027
0,0.26830804
0,0.26688614
0,0.26998645
0,0.2662069
0,0.2691418
0,0.26508635
0,0.288056
0,0.27192312
0,0.2922353
0,0.27431628
0,0.29813492
0,0.2775774
0,0.30644858
0,0.28314057
0,0.2941509
0,0.27606738
0,0.26771525
0,0.26493323
0,0.26638794
0,0.26644737
0,0.28569674
0,0.26873454
0,0.2578504
0,0.27637637
0,0.28709814
0,0.26934642
0,0.28833684
0,0.26916796
0,0.28811854
0,0.27007687
0,0.28435004
0,0.28250688
0,0.2727396
0,0.2666253
0,0.28491127
0,0.26681796
0,0.2857348
0,0.26806903
0,0.2666952
0,0.26070926
0,0.27877855
0,0.26298326
0,0.2627923
0,0.2673428
0,0.29027727
0,0.28021488
0,0.28472018
0,0.27811804
0,0.26640785
0,0.27035943
0,0.27818766
0,0.27334923
0,0.2625767
0,0.26813146
0,0.2611914
0,0.26781034
0,0.31359208
0,0.28428978
0,0.3106216
0,0.27562216
0,0.2673346
0,0.2691942
0,0.2625932
0,0.26524463
0,0.25405368
0,0.25969297
0,0.27742252
0,0.25637227
0,0.29204988
0,0.26317367
0,0.2922396
0,0.27589983
0,0.27635226
0,0.26990426
0,0.29084826
0,0.27310365
0,0.29201454
0,0.26319954
0,0.27484202
0,0.26653618
0,0.25791264
0,0.25962293
0,0.2644854
0,0.28337723
0,0.293614
0,0.27357027
0,0.29717764
0,0.27634755
0,0.31196555
0,0.280782
0,0.29804096
0,0.28695697
0,0.2960145
0,0.27536497
0,0.2827316
0,0.28011474
0,0.26899657
0,0.26423597
0,0.28491056
0,0.26732084
0,0.26156956
0,0.25900647
0,0.28115663
0,0.27736527
0,0.26549327
0,0.2703877
0,0.32465136
0,0.29167947
0,0.30994105
0,0.29412556
0,0.27985933
0,0.27831095
0,0.26813692
0,0.27077615
0,0.26643065
0,0.26888427
0,0.2840511
0,0.273919
0,0.2922097
0,0.2782748
0,0.35073966
0,0.29667443
0,0.2955698
0,0.2839225
0,0.2895126
0,0.27787048
0,0.27074894
0,0.26964104
0,0.27596134
0,0.26967028
0,0.29132694
0,0.26378167
0,0.33940166
0,0.2847283
0,0.27681634
0,0.2759744
0,0.29799843
0,0.27745503
0,0.29985118
0,0.2788001
0,0.26991406
0,0.284257
0,0.30369464
0,0.29055387
0,0.2734302
0,0.28074676
0,0.29825866
0,0.27671853
0,0.29794592
0,0.27619728
0,0.29719496
0,0.2754867
0,0.29751554
0,0.26495266
0,0.2804209
0,0.28132448
0,0.29156664
0,0.27270085
0,0.2669787
0,0.26283568
0,0.28953767
0,0.26900926
0,0.29366225
0,0.271973
0,0.27383402
0,0.26717198
0,0.28957608
0,0.26863965
0,0.2904328
0,0.26882163
0,0.29629162
0,0.27115756
0,0.2899741
0,0.26878524
0,0.26669893
0,0.27052408
0,0.26844165
0,0.27325422
0,0.29026872
0,0.2820202
0,0.29516858
0,0.2810815
0,0.30856606
0,0.27450562
0,0.29384398
0,0.2692501
0,0.29907456
0,0.2696004
0,0.25899896
0,0.26554638
0,0.25738242
0,0.26336288
0,0.26675537
0,0.26489043
0,0.29659176
0,0.2771371
0,0.2917622
0,0.28493223
0,0.30625954
0,0.28312948
0,0.30666247
0,0.27362028
0,0.29535544
0,0.2803901
0,0.28668597
0,0.27463353
0,0.2684865
0,0.26629904
0,0.28264776
0,0.2720769
0,0.2968292
0,0.26451483
0,0.28916958
0,0.26149017
0,0.29291615
0,0.2722202
0,0.2662415
0,0.2632174
0,0.29850373
0,0.60953474
0,0.42783123
0,0.35915577
0,0.3507167
0,0.31005657
0,0.3011398
0,0.2824254
0,0.28377643
0,0.28233498
0,0.2975414
0,0.2749413
0,0.2954499
0,0.28310615
0,0.29939917
0,0.27125606
0,0.2969035
0,0.26802552
0,0.2626522
0,0.261491
0,0.24573493
0,0.2440401
0,0.2626836
0,0.2541621
0,0.2532013
0,0.25728494
0,0.28031942
0,0.26886728
0,0.28417495
0,0.2725656
0,0.27090752
0,0.2754924
0,0.2981008
0,0.2835573
0,0.28430864
0,0.26628542
0,0.25617573
0,0.26388165
0,0.2774874
0,0.2578595
0,0.26143402
0,0.26446432
0,0.28107682
0,0.27080643
0,0.28589484
0,0.27477628
0,0.29507902
0,0.26781514
0,0.29367036
0,0.265226
0,0.26850992
0,0.26863816
0,0.25719905
0,0.25075722
0,0.28621477
0,0.26950166
0,0.29657474
0,0.26464075
0,0.26496193
0,0.26314756
0,0.2596259
0,0.25922582
0,0.28727418
0,0.2573782
0,0.2792946
0,0.2662295
0,0.264441
0,0.26212955
0,0.26873866
0,0.26244473
0,0.2690671
0,0.27252397
0,0.30916408
0,0.2887497
0,0.30699676
0,0.29109612
0,0.30559206
0,0.28162542
0,0.3017079
0,0.27993685
0,0.28107086
0,0.27060902
0,0.26718247
0,0.2612525
0,0.279821
0,0.26343605
0,0.28768152
0,0.2678384
0,0.29091534
0,0.27947396
0,0.2800875
0,0.27666983
0,0.27360758
0,0.27257717
0,0.27114135
0,0.26148614
0,0.28079575
0,0.2730754
0,0.2686478
0,0.26888257
0,0.2685859
0,0.2680839
0,0.28686878
0,0.2636947
0,0.28939304
0,0.264723
0,0.28585705
0,0.27423644
0,0.29125124
0,0.27632114
0,0.29022768
0,0.26661977
0,0.283029
0,0.27359664
0,0.26212275
0,0.2652631
0,0.27487734
0,0.26758468
0,0.29020712
0,0.27408174
0,0.3003762
0,0.267699
0,0.2936515
0,0.27585015
0,0.29330415
0,0.28765252
0,0.26888537
0,0.2808197
0,0.284329
0,0.2722082
0,0.2640143
0,0.27488607
0,0.2649938
0,0.26402935
0,0.2888607
0,0.2752787
0,0.30242348
0,0.270226
0,0.2976915
0,0.2762877
0,0.302753
0,0.2770558
0,0.30378422
0,0.28333065
0,0.2802356
0,0.2689957
0,0.26846358
0,0.26319668
0,0.29441163
0,0.27160075
0,0.29648897
0,0.27276942
0,0.26790535
0,0.2621729
0,0.28181916
0,0.27533853
0,0.29591838
0,0.2939517
0,0.2993623
0,0.27572992
0,0.27667728
0,0.27539068
0,0.2673911
0,0.27072614
0,0.28435808
0,0.27562204
0,0.27289075
0,0.27365455
0,0.2905649
0,0.27779815
0,0.30121568
0,0.2828616
0,0.27687174
0,0.26804742
0,0.28935748
0,0.27864197
0,0.27667463
0,0.29066357
0,0.26403388
0,0.2696244
0,0.301921
0,0.27278754
0,0.2709681
0,0.284593
0,0.29761326
0,0.28759953
0,0.29545885
0,0.27943182
0,0.2936684
0,0.2777261
0,0.3112737
0,0.30063677
0,0.27973422
0,0.27485415
0,0.28010434
0,0.27693984
0,0.28712487
0,0.2660925
0,0.28345945
0,0.27177006
0,0.28435442
0,0.28192133
0,0.2895981
0,0.27336782
0,0.29625243
0,0.27468264
0,0.29406774
0,0.2767292
0,0.26987195
0,0.27659398
0,0.30003083
0,0.27531916
0,0.2966742
0,0.2743658
0,0.2963983
0,0.27376387
0,0.29567537
0,0.27287525
0,0.29373217
0,0.27175266
0,0.29312864
0,0.27267215
0,0.28858778
0,0.26980528
0,0.265138
0,0.2707867
0,0.25786912
0,0.26938346
0,0.2544088
0,0.264231
0,0.28656408
0,0.27572402
0,0.29121074
0,0.27974904
0,0.2608281
0,0.27978534
0,0.28918663
0,0.27834383
0,0.28850013
0,0.2672139
0,0.26911473
0,0.26889282
0,0.26467857
0,0.26537067
0,0.2662535
0,0.26510552
0,0.28196526
0,0.27219188
0,0.29117724
0,0.27582577
0,0.29925784
0,0.2690413
0,0.28538895
0,0.273652
0,0.26745275
0,0.26752377
0,0.26657975
0,0.26904094
0,0.28282636
0,0.27232474
0,0.28486636
0,0.27430317
0,0.25553113
0,0.25082767
0,0.2538007
0,0.2560517
0,0.30328888
0,0.27714962
0,0.29521403
0,0.26582977
0,0.27753922
0,0.2813603
0,0.2640557
0,0.27544263
0,0.27350807
0,0.26616958
0,0.28953403
0,0.2709199
0,0.3093376
0,0.27829722
0,0.29978657
0,0.27839106
0,0.29783592
0,0.28731802
0,0.28851628
0,0.28099617
0,0.27784732
0,0.27113476
0,0.26746002
0,0.26140466
0,0.28668234
0,0.26608333
0,0.29138288
0,0.28073624
0,0.29764703
0,0.27784187
0,0.27593023
0,0.27591947
0,0.29571638
0,0.28601646
0,0.30238718
0,0.28705996
0,0.27942768
0,0.27818924
0,0.29302686
0,0.28486523
0,0.29852042
0,0.2839219
0,0.29943737
0,0.2849712
0,0.31136352
0,0.27661037
0,0.29500687
0,0.28040183
0,0.27495962
0,0.27233583
0,0.29596448
0,0.27910864
0,0.27601045
0,0.27282667
0,0.27063414
0,0.26985353
0,0.29703826
0,0.27681842
0,0.30174613
0,0.26912826
0,0.2652622
0,0.26586905
0,0.29401127
0,0.26347148
0,0.2662963
0,0.26458177
0,0.287631
0,0.2714663
0,0.2690292
0,0.26558602
0,0.28303748
0,0.27135324
0,0.29591337
0,0.27500147
0,0.2996017
0,0.26625836
0,0.29655418
0,0.2748131
0,0.30459252
0,0.27805993
0,0.26991114
0,0.2768086
0,0.2927472
0,0.27318528
0,0.2703977
0,0.26525038
0,0.26548305
0,0.26449054
0,0.2698312
0,0.26143557
0,0.25750488
0,0.25340047
0,0.28178248
0,0.26304802
0,0.28957126
0,0.2675958
0,0.28635025
0,0.2698036
0,0.27249947
0,0.2625886
0,0.25652105
0,0.26569548
0,0.29979834
0,0.28935102
0,0.33221635
0,0.32129246
0,0.31269506
0,0.2937635
0,0.30627388
0,0.2882573
0,0.2900362
0,0.281205
0,0.29632682
0,0.2818349
0,0.29135054
0,0.27962002
0,0.26633424
0,0.26323202
0,0.2659092
0,0.26648346
0,0.28923285
0,0.27437496
0,0.27144662
0,0.27075055
0,0.29238445
0,0.2762284
0,0.29050934
0,0.2763417
0,0.2961038
0,0.27884373
0,0.2893222
0,0.275953
0,0.25927368
0,0.26442936
0,0.27406868
0,0.26725277
0,0.2844456
0,0.28161982
0,0.27069288
0,0.26775986
0,0.29892772
0,0.27563462
0,0.26911005
0,0.2655049
0,0.29379383
0,0.2735434
0,0.28276533
0,0.26992714
0,0.25930804
0,0.26063728
0,0.26981914
0,0.26149747
0,0.25713775
0,0.25687188
0,0.2860951
0,0.27732313
0,0.29768565
0,0.27378967
0,0.27049094
0,0.275181
0,0.27707425
0,0.26547208
0,0.26848656
0,0.27318373
0,0.2601704
0,0.25846598
0,0.2668851
0,0.25798577
0,0.28544432
0,0.2647113
0,0.29052126
0,0.27806646
0,0.2786427
0,0.27555835
0,0.2932471
0,0.27999192
0,0.29003125
0,0.27922168
0,0.279767
0,0.2683486
0,0.25979704
0,0.25357583
0,0.26247945
0,0.2632573
0,0.2869182
0,0.272663
0,0.2858729
0,0.2746248
0,0.29307795
0,0.28161255
0,0.29547572
0,0.27852568
0,0.30204567
0,0.28503913
0,0.2819492
0,0.27426815
0,0.26823345
0,0.26711184
0,0.26811478
0,0.26488096
0,0.26468083
0,0.26293275
0,0.2822938
0,0.2689012
0,0.3026544
0,0.27705085
0,0.3116534
0,0.28274456
0,0.29937065
0,0.27744833
0,0.27796212
0,0.2690023
0,0.25852355
0,0.26004753
0,0.2586412
0,0.26812744
0,0.29315624
0,0.26005745
0,0.29524
0,0.27527857
0,0.26681897
0,0.26284525
0,0.29729477
0,0.27166647
0,0.26459825
0,0.26072398
0,0.26096413
0,0.25672388
0,0.2648522
0,0.26759875
0,0.3036983
0,0.27667913
0,0.2992808
0,0.28410754
0,0.28556776
0,0.28073853
0,0.3044026
0,0.27432796
0,0.29713386
0,0.2818313
0,0.2936768
0,0.2807231
0,0.2711422
0,0.27237684
0,0.25575393
0,0.25372565
0,0.28475654
0,0.27282175
0,0.29535204
0,0.27848363
0,0.29635048
0,0.27951646
0,0.29647937
0,0.27311108
0,0.27635446
0,0.2718832
0,0.27941585
0,0.27850857
0,0.26607394
0,0.26675954
0,0.26603082
0,0.264777
0,0.29212433
0,0.27349937
0,0.2935958
0,0.30762368
0,0.33143076
0,0.30199498
0,0.2996729
0,0.3025296
0,0.29117373
0,0.2751593
0,0.2892194
0,0.2742467
0,0.2720759
0,0.2676302
0,0.27574772
0,0.27811357
0,0.30156004
0,0.27711502
0,0.27077052
0,0.26873994
0,0.25697514
0,0.26983827
0,0.25474226
0,0.2574623
0,0.28364864
0,0.26595882
0,0.26924598
0,0.26208478
0,0.260273
0,0.2686258
0,0.27112624
0,0.27217317
0,0.29802027
0,0.27640396
0,0.30380985
0,0.28509262
0,0.3028078
0,0.2867239
0,0.3060552
0,0.28795403
0,0.27549464
0,0.276132
0,0.28141382
0,0.26511437
0,0.26222467
0,0.26697505
0,0.28761366
0,0.27677837
0,0.29394606
0,0.28093824
0,0.30128023
0,0.2832725
0,0.29874292
0,0.282923
0,0.27818033
0,0.27517697
0,0.3003833
0,0.2813761
0,0.2804694
0,0.27433953
0,0.25711483
0,0.2667298
0,0.2897462
0,0.2766959
0,0.27191758
0,0.2696139
0,0.37695903
0,0.32334015
0,0.31924552
0,0.2932307
0,0.3037202
0,0.2858845
0,0.30459502
0,0.2731754
0,0.27235225
0,0.26812476
0,0.26065475
0,0.26210022
0,0.26648867
0,0.26209527
0,0.30148867
0,0.27698123
0,0.28153628
0,0.2703635
0,0.26625144
0,0.2808879
0,0.29322508
0,0.26247686
0,0.29396984
0,0.26161855
0,0.26706672
0,0.26180837
0,0.27044246
0,0.27466953
0,0.2651386
0,0.26235995
0,0.2647667
0,0.25853837
0,0.25061172
0,0.2521168
0,0.28499097
0,0.2640227
0,0.29159984
0,0.26911914
0,0.2743642
0,0.27586564
0,0.26270494
0,0.26922467
0,0.2699321
0,0.2700918
0,0.26983958
0,0.26977903
0,0.2918096
0,0.27883863
0,0.284257
0,0.26628187
0,0.29198068
0,0.26745477
0,0.2960455
0,0.28048664
0,0.2969547
0,0.2726546
0,0.2669057
0,0.2695663
0,0.25311834
0,0.25581044
0,0.2834902
0,0.27186573
0,0.29432568
0,0.27919596
0,0.29556128
0,0.28067538
0,0.30881968
0,0.27465782
0,0.2946838
0,0.28148678
0,0.2909814
0,0.28012583
0,0.26756638
0,0.2689734
0,0.26667628
0,0.26723412
0,0.2544935
0,0.25111452
0,0.27903354
0,0.26979
0,0.2655661
0,0.25567904
0,0.26290295
0,0.2623342
0,0.28034833
0,0.26923335
0,0.28484994
0,0.27217147
0,0.26336908
0,0.26461828
0,0.26334098
0,0.25199038
0,0.29967338
0,0.2739505
0,0.30186936
0,0.27819794
0,0.30596772
0,0.28003898
0,0.30555964
0,0.28043696
0,0.27818468
0,0.2695956
0,0.27997446
0,0.26919663
0,0.26662636
0,0.2626769
0,0.2600512
0,0.25827017
0,0.28866312
0,0.26892933
0,0.27776295
0,0.26627284
0,0.29419208
0,0.27227193
0,0.29671705
0,0.2731158
0,0.29507643
0,0.2726204
0,0.28078872
0,0.26713663
0,0.26822057
0,0.262348
0,0.26908705
0,0.27056772
0,0.29238635
0,0.2695939
0,0.29483065
0,0.28129786
0,0.29879108
0,0.28357238
0,0.27509788
0,0.28065395
0,0.30359516
0,0.28533217
0,0.2841083
0,0.26769805
0,0.2645056
0,0.26745528
0,0.2682852
0,0.26836473
0,0.29576698
0,0.27845258
0,0.27945656
0,0.2884953
0,0.2771628
0,0.2793393
0,0.30786306
0,0.27252063
0,0.30596933
0,0.27322173
0,0.27726647
0,0.27203512
0,0.27255437
0,0.27538323
0,0.2695508
0,0.26688895
0,0.28914553
0,0.27093804
0,0.26811075
0,0.2677648
0,0.29689148
0,0.269637
0,0.3010514
0,0.2678892
0,0.29595914
0,0.26510042
0,0.2701363
0,0.25619325
0,0.25557232
0,0.25769323
0,0.25672325
0,0.2573303
0,0.2559883
0,0.2588801
0,0.25542057
0,0.2553327
0,0.2849495
0,0.25538754
0,0.29243118
0,0.2705782
0,0.2955047
0,0.27403378
0,0.29193667
0,0.29421318
0,0.28737676
0,0.28521058
0,0.30127084
0,0.276395
0,0.3032962
0,0.2923086
0,0.2991324
0,0.2759932
0,0.2767938
0,0.26514006
0,0.28963733
0,0.2742741
0,0.28954723
0,0.2804801
0,0.2692364
0,0.27316192
0,0.26746294
0,0.2596134
0,0.26616555
0,0.2729954
0,0.2699298
0,0.27007923
0,0.30356094
0,0.2714964
0,0.29332262
0,0.27957305
0,0.29544225
0,0.2697339
0,0.2649744
0,0.2674255
0,0.26694027
0,0.26627165
0,0.26586643
0,0.2656181
0,0.3054591
0,0.28005543
0,0.29353058
0,0.277538
0,0.27461624
0,0.2704409
0,0.28681356
0,0.27284756
0,0.29142866
0,0.2745036
0,0.286047
0,0.272257
0,0.26206076
0,0.26239398
0,0.26142964
0,0.2581512
0,0.27811307
0,0.26543924
0,0.28281426
0,0.26788494
0,0.29609752
0,0.2631614
0,0.30430996
0,0.27635494
0,0.29969975
0,0.27690545
0,0.28399253
0,0.2695387
0,0.2647113
0,0.2616435
0,0.26380613
0,0.27454525
0,0.3254287
0,0.28654912
0,0.30657524
0,0.27831393
0,0.30141315
0,0.27562222
0,0.30100474
0,0.28569394
0,0.29732454
0,0.2843654
0,0.28461125
0,0.26833016
0,0.26150814
0,0.2724497
0,0.2712339
0,0.27069566
0,0.29057726
0,0.27701303
0,0.2944443
0,0.28125742
0,0.29722542
0,0.28160295
0,0.29630664
0,0.2696843
0,0.27214092
0,0.2702573
0,0.26915327
0,0.26792693
0,0.2610459
0,0.26469493
0,0.26490667
0,0.2543882
0,0.28236505
0,0.25877583
0,0.26295662
0,0.26244962
0,0.28208485
0,0.27037215
0,0.28696483
0,0.27242553
0,0.28899765
0,0.27378547
0,0.27446604
0,0.2687106
0,0.27688146
0,0.2682093
0,0.28604135
0,0.27701885
0,0.28996372
0,0.27331904
0,0.28858167
0,0.27224907
0,0.28811648
0,0.2881015
0,0.27010244
0,0.26725304
0,0.29343116
0,0.28367504
0,0.27504566
0,0.26803157
0,0.27533588
0,0.26634383
0,0.2820297
0,0.26814955
0,0.2832234
0,0.26813903
0,0.29424188
0,0.26056904
0,0.28872985
0,0.26865378
0,0.2827136
0,0.26759002
0,0.2882439
0,0.26927093
0,0.2700026
0,0.26212874
0,0.26866335
0,0.27037686
0,0.29293218
0,0.26888847
0,0.2930696
0,0.2698275
0,0.296998
0,0.2815272
0,0.29977906
0,0.28462988
0,0.29986978
0,0.28374362
0,0.27372417
0,0.27425066
0,0.2653397
0,0.25809994
0,0.26516983
0,0.2655097
0,0.2861594
0,0.27408528
0,0.27197826
0,0.27171358
0,0.28396916
0,0.27692807
0,0.2930429
0,0.26615384
0,0.28998226
0,0.27621537
0,0.287584
0,0.27490926
0,0.25957388
0,0.26760694
0,0.25385153
0,0.27218625
0,0.28653976
0,0.2716595
0,0.28958687
0,0.27369127
0,0.28978452
0,0.2738519
0,0.26974767
0,0.26564723
0,0.28212515
0,0.27197686
0,0.28718475
0,0.271075
0,0.25914988
0,0.27110535
0,0.28168833
0,0.2803808
0,0.26881468
0,0.264365
0,0.2862236
0,0.26823193
0,0.2868384
0,0.26901674
0,0.28368384
0,0.28323388
0,0.29502705
0,0.28406915
0,0.27106747
0,0.27473226
0,0.26262873
0,0.273335
0,0.2727071
0,0.2721991
0,0.2662185
0,0.27286664
0,0.29326558
0,0.27995577
0,0.27417174
0,0.27413332
0,0.2731732
0,0.2714705
0,0.29167473
0,0.2666781
0,0.2608284
0,0.25584814
0,0.2662916
0,0.26504177
0,0.2978908
0,0.26713905
0,0.29037192
0,0.27798453
0,0.29436892
0,0.27880025
0,0.298897
0,0.27998394
0,0.29544693
0,0.27843994
0,0.29149613
0,0.27593622
0,0.28117722
0,0.2832125
0,0.2591222
0,0.26407254
0,0.28776184
0,0.2720343
0,0.28841117
0,0.27327725
0,0.28976268
0,0.27377486
0,0.2852528
0,0.27798924
0,0.29030278
0,0.2740616
0,0.2875798
0,0.27252588
0,0.27235472
0,0.26624018
0,0.2577785
0,0.2739703
0,0.2704426
0,0.26423597
0,0.39631572
0,0.35012954
0,0.3349573
0,0.2987942
0,0.30362386
0,0.28173164
0,0.3042665
0,0.2790715
0,0.2820133
0,0.26911333
0,0.26984006
0,0.2621596
0,0.25255522
0,0.25499648
0,0.27218568
0,0.25917882
0,0.29093146
0,0.27796167
0,0.26602748
0,0.270848
0,0.26100177
0,0.27156195
0,0.279087
0,0.27344808
0,0.255165
0,0.26515302
0,0.268385
0,0.2685103
0,0.26958346
0,0.26953378
0,0.2781437
0,0.2720628
0,0.27981126
0,0.2726798
0,0.28142297
0,0.27535337
0,0.28663525
0,0.2756382
0,0.2743397
0,0.2707833
0,0.29041022
0,0.27586365
0,0.26239216
0,0.2658427
0,0.25258064
0,0.26867247
0,0.28632963
0,0.27175424
0,0.29131475
0,0.27557948
0,0.29354405
0,0.27647206
0,0.29309967
0,0.2765879
0,0.2932757
0,0.27652538
0,0.28837118
0,0.273969
0,0.26843727
0,0.26558733
0,0.26469043
0,0.2623172
0,0.28501052
0,0.26869467
0,0.28693986
0,0.27102637
0,0.2890227
0,0.2848981
0,0.28886896
0,0.27218738
0,0.28893548
0,0.27489766
0,0.28352153
0,0.2724592
0,0.26333848
0,0.26036346
0,0.27410686
0,0.26486266
0,0.2813217
0,0.26501408
0,0.2834925
0,0.27022403
0,0.2838977
0,0.26687747
0,0.26628116
0,0.25925025
0,0.2759306
0,0.27252245
0,0.27670285
0,0.26313528
0,0.25931898
0,0.26561522
0,0.26828936
0,0.26808253
0,0.27068058
0,0.27004045
0,0.27879876
0,0.27273703
0,0.28113472
0,0.2740127
0,0.27264947
1,0.27085093
1,0.2942325
1,0.27879927
1,0.2906391
1,0.27906492
1,0.2603163
1,0.2710949
1,0.2685211
1,0.26743093
1,0.26694697
1,0.26625362
1,0.2907794
1,0.27504152
1,0.40420842
1,0.45312476
1,0.96614456
1,0.9935987
1,0.9973491
0,0.9980292
0,0.9943507
0,0.9930181
0,0.9922186
0,0.99031514
0,0.9825302
0,0.9697333
0,0.9498585
0,0.91656435
0,0.89991784
0,0.8615377
0,0.8198815
0,0.7826244
0,0.74505496
0,0.6979267
0,0.68350047
0,0.6240476
0,0.5654075
0,0.53485703
0,0.4684623
0,0.4354858
0,0.41821986
0,0.32555243
0,0.5395141
0,0.577516
0,0.5085535
0,0.4525541
0,0.3109747
0,0.16286555
0,0.1428547
0,0.16362143
0,0.17855422
0,0.20571609
0,0.26204997
0,0.2695383
0,0.26277477
0,0.2588362
0,0.27883482
0,0.27193666
0,0.2783975
0,0.2616172
0,0.2687271
0,0.2660487
0,0.27514324
0,0.2660805
0,0.27477098
0,0.2569848
0,0.27773917
0,0.26276913
0,0.2600908
0,0.26476192
1,0.26584083
1,0.25617608
1,0.2653857
1,0.26576138
1,0.27791
1,0.25951415
1,0.3190348
1,0.34174326
1,0.50452435
1,0.5006013
1,0.5623052
1,0.5372585
1,0.83605826
1,0.95898837
1,0.99299407
1,0.9971285
1,0.99781907
0,0.9980769
0,0.9956857
0,0.9947792
0,0.9912913
0,0.9885899
0,0.9820224
0,0.96874386
0,0.94759065
0,0.91091335
0,0.88948435
0,0.8546369
0,0.82287925
0,0.7825879
0,0.709756
0,0.6431236
0,0.5773077
0,0.5361078
0,0.50670683
0,0.41101307
0,0.40501216
0,0.346276
0,0.38126993
0,0.3527135
0,0.38866434
0,0.35871527
0,0.30695808
0,0.2473429
0,0.16036038
0,0.12351741
0,0.12740155
0,0.17349558
0,0.22120959
0,0.2491128
0,0.27298158
0,0.25996238
0,0.25679395
0,0.25445372
0,0.27418256
0,0.26999763
0,0.282027
0,0.27971205
0,0.2908273
0,0.2814361
0,0.28358522
0,0.27824187
0,0.26015377
0,0.268617
0,0.27130592
0,0.27090016
0,0.32072315
0,0.3638528
0,0.32634228
0,0.30222797
0,0.29560608
0,0.28574482
0,0.2898359
0,0.26872194
0,0.28146327
0,0.27514264
0,0.28982624
0,0.28303778
0,0.35720128
0,0.41268927
0,0.7221882
0,0.9118662
0,0.98433244
0,0.9916243
0,0.97924834
0,0.97421205
0,0.9574478
0,0.93095297
0,0.86836
0,0.776737
0,0.65908843
0,0.5435171
0,0.43668666
0,0.3642783
0,0.28197166
0,0.23676966
0,0.24128804
0,0.2081691
0,0.18473792
0,0.15507063
0,0.1528595
0,0.13890764
0,0.13976501
0,0.12846991
0,0.12408916
0,0.1280999
0,0.13796937
0,0.12819713
0,0.12500048
0,0.122356944
0,0.11868113
0,0.12247902
0,0.18616675
0,0.2566378
0,0.26034534
0,0.2598125
0,0.27925667
0,0.26389706
0,0.28400248
0,0.27725843
0,0.2865998
0,0.2792397
0,0.28499967
0,0.27905723
0,0.26916265
0,0.30031687
0,0.3570696
0,0.46721053
0,0.7095386
0,0.87173545
0,0.96936965
0,0.989511
0,0.9935572
0,0.9941573
0,0.99138415
0,0.9903217
0,0.9860239
0,0.98271555
0,0.9794083
0,0.9743494
0,0.96885276
0,0.96342903
0,0.9255788
0,0.88576996
0,0.7784033
0,0.66951245
0,0.53700006
0,0.40655443
0,0.44439626
0,0.3803398
0,0.30477056
0,0.24961893
0,0.21351354
0,0.18982612
0,0.17784968
0,0.1937833
0,0.20811369
0,0.23913307
0,0.39781564
1,0.47734606
1,0.3533516
1,0.279608
1,0.23086065
1,0.23808214
1,0.4045632
1,0.5568224
1,0.72895527
1,0.8583499
1,0.9380705
1,0.9611311
1,0.97417724
1,0.9785917
1,0.98177254
1,0.98410314
1,0.99207515
1,0.9921531
1,0.9955132
1,0.99691325
1,0.9942062
1,0.99411446
1,0.9933132
1,0.9927104
1,0.99707514
1,0.99534637
1,0.99769974
1,0.99807966
1,0.9963788
1,0.99610764
1,0.9981164
1,0.9969268
1,0.9960321
1,0.9981732
1,0.99652
1,0.99647677
1,0.9982075
1,0.99830127
1,0.99833226
1,0.99680674
1,0.99692947
1,0.9966862
1,0.9960842
1,0.9957073
1,0.9981449
1,0.998276
1,0.99680066
1,0.9966017
1,0.99570835
1,0.99561685
1,0.9958817
1,0.9962022
1,0.99488455
1,0.9947533
1,0.9979877
1,0.99558604
1,0.9957548
1,0.99563545
1,0.9947198
1,0.9979677
1,0.99454236
1,0.9934844
1,0.9979316
1,0.995666
1,0.9953066
1,0.9954987
1,0.99437207
1,0.993378
1,0.9939566
0,0.9977744
0,0.99265826
0,0.993111
0,0.98896027
0,0.9865697
0,0.9858031
0,0.9858339
0,0.98149675
0,0.9805405
1,0.9816413
1,0.9832496
1,0.98154324
1,0.98190004
1,0.9772401
1,0.96504575
1,0.9572746
1,0.9590359
1,0.9617694
1,0.9599034
1,0.9336398
1,0.9281343
1,0.9386171
1,0.9453183
1,0.92249864
1,0.9866173
1,0.97548145
1,0.9751325
1,0.97432154
1,0.96790487
1,0.9882965
1,0.960029
1,0.9535216
1,0.9487179
1,0.9482282
1,0.94930905
1,0.98934484
1,0.97661644
1,0.97863984
1,0.9950462
1,0.9914423
1,0.991113
1,0.9890237
1,0.98746693
1,0.99658585
1,0.9944868
1,0.9940836
1,0.99421865
1,0.99445015
1,0.99786717
1,0.99609566
1,0.99599284
1,0.9957891
1,0.99606365
1,0.99493015
0,0.9978733
0,0.9954869
0,0.99514353
0,0.9947255
0,0.9932588
1,0.99165606
1,0.99239707
1,0.9920743
1,0.99256194
1,0.99109286
1,0.98739755
1,0.98638463
1,0.982291
1,0.964867
1,0.9629682
1,0.96818477
1,0.97070277
1,0.9669361
1,0.95524865
1,0.9537157
1,0.99234164
1,0.9842729
1,0.9796694
1,0.9580926
1,0.9599881
1,0.99360704
1,0.9970897
1,0.99440324
1,0.9975287
1,0.9925997
1,0.9898273
1,0.99397993
1,0.99273235
1,0.9902124
1,0.9899093
1,0.98916453
1,0.9892295
1,0.98884034
1,0.9880247
1,0.9967105
1,0.9949078
1,0.99773455
1,0.9981351
1,0.9965412
1,0.9965073
1,0.99590373
1,0.99594754
1,0.9958478
1,0.99808025
1,0.9964336
1,0.9962602
1,0.9957802
1,0.9958776
1,0.9947737
1,0.994752
1,0.99782455
1,0.9952466
1,0.9939347
1,0.9941302
1,0.99407494
1,0.9935448
1,0.99196947
1,0.99188
1,0.99190515
1,0.9975692
1,0.99546725
1,0.9951889
1,0.9951525
1,0.99792284
1,0.9954406
1,0.99497503
1,0.9927575
1,0.9913376
1,0.9913959
1,0.99176645
1,0.9975266
1,0.99458104
1,0.992985
1,0.99747825
1,0.99447733
1,0.99410045
1,0.99452704
1,0.99462473
1,0.9939926
1,0.99725443
1,0.9942351
0,0.9978261
0,0.9950814
0,0.9946579
0,0.99512833
0,0.99540895
0,0.99501866
0,0.9943838
0,0.99522847
0,0.9939112
0,0.9925828
0,0.99156064
0,0.98309726
0,0.97993916
0,0.9754685
0,0.97120255
0,0.9753184
0,0.97657967
0,0.9730711
0,0.9526854
0,0.95336634
0,0.94161224
0,0.8714724
1,0.83680445
1,0.8693989
1,0.8753549
1,0.88848627
1,0.8749835
1,0.82743305
1,0.81059206
1,0.85296726
1,0.8758119
1,0.91067624
1,0.91914356
1,0.9177736
1,0.91718626
1,0.9353987
1,0.94090426
1,0.98404324
1,0.96522015
1,0.9536361
1,0.9455381
1,0.95059246
1,0.9497253
1,0.95056134
1,0.9550916
1,0.9449458
1,0.9468442
1,0.98617244
1,0.9907212
1,0.9773765
1,0.9768487
1,0.9702021
1,0.9922204
1,0.9852838
1,0.98593384
1,0.98593307
1,0.987348
1,0.9968009
1,0.9978607
1,0.9981685
1,0.9964443
1,0.9957544
1,0.9957229
1,0.99813426
1,0.99656826
1,0.9963571
1,0.99617475
1,0.995082
1,0.9948731
1,0.9950169
1,0.9945821
1,0.9945847
1,0.99437684
1,0.9978975
1,0.99607736
1,0.9960103
1,0.99621886
1,0.9950516
1,0.99493754
1,0.9946782
1,0.9946872
1,0.99328756
1,0.9937769
1,0.9938346
1,0.9977925
1,0.9953311
1,0.99459016
1,0.9918283
1,0.9958931
1,0.9912512
1,0.9910443
1,0.989512
1,0.98270893
1,0.9803116
1,0.9771803
1,0.9751059
1,0.97789633
1,0.9772729
1,0.97907645
1,0.9779322
1,0.97920644
1,0.9770783
1,0.9920158
1,0.98351395
1,0.9825019
1,0.99541
1,0.99242854
1,0.9910827
0,0.9973832
0,0.99261
0,0.99170315
0,0.99048865
0,0.98728293
0,0.97569007
0,0.9675388
0,0.9555038
0,0.933884
0,0.86408335
0,0.83101296
0,0.8490539
0,0.8524054
0,0.81899226
0,0.80580664
0,0.82985514
0,0.8405968
0,0.8200483
0,0.8167527
0,0.77439624
0,0.7926047
0,0.8449889
0,0.80502284
0,0.66906726
0,0.67318153
0,0.5771667
0,0.43076625
0,0.36265248
0,0.28220823
0,0.19130827
0,0.16653717
0,0.15877594
0,0.15710005
0,0.155744
0,0.16325584
0,0.16125996
0,0.16640325
0,0.16130443
0,0.15782985
0,0.1470955
0,0.14273794
0,0.13936014
0,0.13430426
0,0.13280906
0,0.13902016
0,0.13937981
0,0.1412967
0,0.14363573
0,0.14004485
0,0.13763748
0,0.13619186
0,0.1393064
0,0.1354931
0,0.14354907
0,0.14488223
0,0.15098962
0,0.15475814
0,0.16130915
0,0.16891946
0,0.18251756
0,0.19352454
0,0.20797148
0,0.22130111
0,0.23925447
0,0.24893776
0,0.26434675
0,0.26456335
0,0.27175203
0,0.27475768
0,0.27126878
0,0.27066064
0,0.27513278
0,0.2728075
0,0.2717558
0,0.26821214
0,0.25791276
0,0.27853444
0,0.26983386
0,0.2614089
0,0.26853845
0,0.26448998
0,0.28379646
0,0.26987517
0,0.27196664
0,0.26623237
0,0.26191482
0,0.26283324
0,0.2697052
0,0.27402714
0,0.26285413
0,0.2614344
0,0.2715638
0,0.27518642
0,0.26795372
0,0.26412812
0,0.2621701
0,0.25951612
0,0.26606926
0,0.29672045
0,0.2773395
0,0.26851556
0,0.27916026
0,0.28333867
0,0.284437
0,0.28242284
0,0.2804954
0,0.26812223
0,0.27358076
0,0.26344106
0,0.26600093
0,0.2635164
0,0.27320454
0,0.2722805
0,0.2777302
0,0.2642192
0,0.2756845
0,0.26318502
0,0.27346706
0,0.27238426
0,0.2769075
0,0.27394965
0,0.2733518
0,0.2728362
0,0.26055947
0,0.267344
0,0.2688192
0,0.26928675
0,0.27501744
0,0.27083078
0,0.27561417
0,0.26167706
0,0.27766132
0,0.27053586
0,0.2703996
0,0.2685327
0,0.27358058
0,0.2711113
0,0.27091825
0,0.269833
0,0.26222163
0,0.26397148
0,0.26127633
0,0.2627223
0,0.26943168
0,0.27603257
0,0.27503002
0,0.2684502
0,0.27093238
0,0.26603532
0,0.2694847
0,0.26779154
0,0.277786
0,0.26707324
0,0.26555243
0,0.26313546
0,0.2562337
0,0.26878774
0,0.26900238
0,0.26270998
0,0.26994407
0,0.26332653
0,0.2758624
0,0.2641801
0,0.26271656
0,0.25960314
0,0.2571444
0,0.25813618
0,0.26075
0,0.25607896
0,0.25708833
0,0.2541743
0,0.2655104
0,0.25613073
0,0.25943482
0,0.26454446
0,0.26239046
0,0.2664777
0,0.27305436
0,0.2593551
0,0.27277166
0,0.2588049
0,0.2594808
0,0.28247243
0,0.28306413
0,0.28050384
0,0.2667697
0,0.26943064
0,0.28868955
0,0.27556786
0,0.28476146
0,0.27719778
0,0.2795959
0,0.27759776
0,0.27982697
0,0.2788632
0,0.2798288
0,0.27305847
0,0.28146893
0,0.27236754
0,0.27376223
0,0.26915956
0,0.26389942
0,0.26719224
0,0.2686453
0,0.26445222
0,0.2638815
0,0.27354947
0,0.26879895
0,0.26835224
0,0.27186406
0,0.27731308
0,0.2896833
0,0.27477583
0,0.27140674
0,0.26637658
0,0.26138416
0,0.26061386
0,0.26195383
0,0.26270053
0,0.2659354
0,0.26280603
0,0.26997018
0,0.26188344
0,0.2577388
0,0.2566792
0,0.2583436
0,0.26886335
0,0.26196596
0,0.26844025
0,0.26662463
0,0.25976348
0,0.28024969
0,0.2637561
0,0.2634741
0,0.26917073
0,0.2626851
0,0.25757587
0,0.2610077
0,0.25563863
0,0.2677532
0,0.2572106
0,0.27349246
0,0.25915185
0,0.26332864
0,0.26705202
0,0.26588103
0,0.2724309
0,0.27333805
0,0.27186915
0,0.25779358
0,0.26560792
0,0.26241273
0,0.26589763
0,0.25870413
0,0.2635609
0,0.2649959
0,0.26851115
0,0.26638246
0,0.26669148
0,0.26197177
0,0.26440445
0,0.25967592
0,0.26286766
0,0.25145224
0,0.25968248
0,0.25136173
0,0.2577907
0,0.25159302
0,0.2580204
0,0.25544986
0,0.25856268
0,0.27044818
0,0.26807165
0,0.26489136
0,0.2738465
0,0.27288204
0,0.26616076
0,0.26647696
0,0.26373845
0,0.26488578
0,0.26723513
0,0.27300507
0,0.25786555
0,0.26194718
0,0.25770077
0,0.26510492
0,0.26565716
0,0.2680376
0,0.267449
0,0.27315977
0,0.27813452
0,0.273523
0,0.2770751
0,0.27377003
0,0.26962066
0,0.26179385
0,0.26144305
0,0.26119792
0,0.25780714
0,0.26302767
0,0.25764105
0,0.26967034
0,0.2713448
0,0.2717228
0,0.26288486
0,0.26919845
0,0.26926652
0,0.27232373
0,0.29730672
0,0.2917826
0,0.30795056
0,0.29167017
0,0.28968123
0,0.27396396
0,0.28996524
0,0.2794283
0,0.28186613
0,0.27377728
0,0.27434954
0,0.27210185
0,0.27669504
0,0.26990265
0,0.2605683
0,0.26331136
0,0.27146196
0,0.26555568
0,0.2685271
0,0.25969836
0,0.26636717
0,0.2548764
0,0.26452383
0,0.25969964
0,0.2536201
0,0.25827584
0,0.26250014
0,0.26136094
0,0.26633596
0,0.25988644
0,0.264124
0,0.25866818
0,0.2646821
0,0.26754814
0,0.2650719
0,0.2545734
0,0.26059368
0,0.26579624
0,0.26346532
0,0.26693952
0,0.26354977
0,0.26506504
0,0.2632359
0,0.26953286
0,0.2651814
0,0.26699492
0,0.2635286
0,0.2545012
0,0.25826934
0,0.26204434
0,0.25922564
0,0.25057882
0,0.25522193
0,0.25451568
0,0.25906083
0,0.25836706
0,0.2573097
0,0.26356912
0,0.25860593
0,0.26618233
0,0.26194215
0,0.2657291
0,0.25901937
0,0.26323625
0,0.25737503
0,0.2602239
0,0.25600165
0,0.24928619
0,0.2511007
0,0.25386846
0,0.25060302
0,0.26057518
0,0.25378767
0,0.2649105
0,0.2566635
0,0.26000342
0,0.26484835
0,0.26302874
0,0.26622936
0,0.25947922
0,0.26541406
0,0.26413956
0,0.26650995
0,0.26135385
0,0.26715347
0,0.25989863
0,0.26447725
0,0.2765654
0,0.2715027
0,0.25515994
0,0.2638212
0,0.26005614
0,0.26840943
0,0.26373124
0,0.26568064
0,0.2595097
0,0.26400205
0,0.26503557
0,0.25480065
0,0.26171467
0,0.26541469
0,0.25235927
0,0.26063362
0,0.2666913
0,0.264276
0,0.26531634
0,0.26524574
0,0.26051012
0,0.26757014
0,0.2632813
0,0.26379326
0,0.2567892
0,0.25972316
0,0.26209986
0,0.26126438
0,0.25431243
0,0.2577774
0,0.2521109
0,0.2556309
0,0.25697234
0,0.25664833
0,0.26222643
0,0.25970432
0,0.26720145
0,0.261611
0,0.29982233
0,0.26386616
0,0.2724152
0,0.27785975
0,0.27372324
0,0.266621
0,0.25699297
0,0.26310453
0,0.26263115
0,0.25932598
0,0.26696327
0,0.26050672
0,0.26719496
0,0.25991935
0,0.26409003
0,0.27078727
0,0.26603103
0,0.27104855
0,0.26699886
0,0.2618394
0,0.2568198
0,0.2576053
0,0.25354928
0,0.25363344
0,0.2550619
0,0.25138295
0,0.25575644
0,0.25332296
0,0.2643622
0,0.25875202
0,0.25874105
0,0.25455168
0,0.2598893
0,0.25475222
0,0.2564098
0,0.25663057
0,0.2523498
0,0.26297197
0,0.26336107
0,0.26647982
0,0.27447033
0,0.260379
0,0.25940904
0,0.26506567
0,0.25481728
0,0.26263115
0,0.26284656
0,0.2680957
0,0.25921646
0,0.26433605
0,0.25971985
0,0.2637676
0,0.2607236
0,0.26522186
0,0.25382727
0,0.26058874
0,0.251552
0,0.2594259
0,0.25412574
0,0.2593136
0,0.25377244
0,0.2586333
0,0.25712156
0,0.26102364
0,0.2529724
0,0.2582948
0,0.24835345
0,0.26108935
0,0.2513598
0,0.2560213
0,0.24985932
0,0.2547761
0,0.24953829
0,0.25831375
0,0.26070783
0,0.2589787
0,0.2548859
0,0.2574284
0,0.26258203
0,0.2592204
0,0.26525354
0,0.27173156
0,0.26412717
0,0.26154035
0,0.2582398
0,0.25806013
0,0.25556305
0,0.26923966
0,0.26541716
0,0.27611822
0,0.26852024
0,0.26264656
0,0.26384032
0,0.27018782
0,0.31242567
0,0.2898895
0,0.27410957
0,0.26763195
0,0.26840076
0,0.263371
0,0.25511506
0,0.25538847
0,0.25394508
0,0.25280386
0,0.25803033
0,0.25440416
0,0.25710684
0,0.2636142
0,0.25624013
0,0.2533759
0,0.25999594
0,0.25332782
0,0.25641012
0,0.27084985
0,0.254779
0,0.27510473
0,0.25326753
0,0.2633206
0,0.25489312
0,0.26207834
0,0.247695
0,0.2576449
0,0.259155
0,0.26342162
0,0.25642228
0,0.2617576
0,0.25778174
0,0.26067662
0,0.25658634
0,0.2604629
0,0.25343773
0,0.25967592
0,0.25587437
0,0.2602351
0,0.2586257
0,0.2620833
0,0.26368514
0,0.26507476
0,0.25815865
0,0.26123083
0,0.25838885
0,0.26367778
0,0.25697997
0,0.26144883
0,0.25904322
0,0.2632231
0,0.26273125
0,0.26081347
0,0.25557426
0,0.25736973
0,0.25350994
0,0.2555217
0,0.25027817
0,0.25432122
0,0.24682257
0,0.25255656
0,0.24972121
0,0.2514277
0,0.25565115
0,0.26078922
0,0.25863132
0,0.2554994
0,0.25699887
0,0.25448176
0,0.25008923
0,0.25065902
0,0.2567485
0,0.25307667
0,0.25490242
0,0.25234267
0,0.2583728
0,0.25318593
0,0.25466007
0,0.27441743
0,0.257027
0,0.2549827
0,0.2612157
0,0.25425458
0,0.25321558
0,0.26192403
0,0.25117487
0,0.26066452
0,0.2636739
0,0.25737026
0,0.37277454
0,0.3318372
0,0.29904678
0,0.27983215
0,0.26754716
0,0.27227092
0,0.2661974
0,0.2718351
0,0.26501825
0,0.2590416
0,0.2556213
0,0.26251924
0,0.25281608
0,0.26185796
0,0.25830197
0,0.2555509
0,0.25951102
0,0.26230988
0,0.27282736
0,0.27241796
0,0.2559266
0,0.26288527
0,0.25819117
0,0.26156226
0,0.2572825
0,0.2611078
0,0.2525879
0,0.25834054
0,0.25602564
0,0.26066187
0,0.25501394
0,0.2584854
0,0.25330994
0,0.25824204
0,0.25298253
0,0.25613993
0,0.25170776
0,0.26623422
0,0.2617955
0,0.26056764
0,0.25453955
0,0.25682458
0,0.24964027
0,0.25409284
0,0.2530216
0,0.26572824
0,0.25322044
0,0.2561007
0,0.25491786
0,0.2549148
0,0.24632469
0,0.25238335
0,0.24749468
0,0.25009257
0,0.2560742
0,0.25267705
0,0.24467298
0,0.24748003
0,0.24388616
0,0.24618472
0,0.24481861
0,0.2458657
0,0.25142038
0,0.24850737
0,0.2547613
0,0.25499612
0,0.26003808
0,0.26331937
0,0.25733507
0,0.2635261
0,0.25979874
0,0.26422143
0,0.25608194
0,0.26345354
0,0.25078845
0,0.2602418
0,0.25469694
0,0.2514754
0,0.25126475
0,0.2589544
0,0.25805068
0,0.26588887
0,0.26071844
0,0.26351196
0,0.25987157
0,0.2626737
0,0.25376984
0,0.26013973
0,0.25907072
0,0.25094435
0,0.24846438
0,0.25637856
0,0.25101423
0,0.25712943
0,0.2552826
0,0.25888774
0,0.25423953
0,0.25846148
0,0.25414166
0,0.25781044
0,0.2539079
0,0.25695133
0,0.2522863
0,0.25667077
0,0.25819317
0,0.25791892
0,0.2539033
0,0.2680244
0,0.25594017
0,0.26210263
0,0.2501454
0,0.2655663
0,0.26085985
0,0.26177877
0,0.25359115
0,0.25542647
0,0.24661238
0,0.26436716
0,0.2559936
0,0.25573987
0,0.24736683
0,0.25114998
0,0.24523401
0,0.26383746
0,0.25071543
0,0.25213945
0,0.2502846
0,0.26910853
0,0.25087473
0,0.2533705
0,0.24473493
0,0.25026673
0,0.2500848
0,0.24953619
0,0.24907215
0,0.24853687
0,0.2499032
0,0.24849917
0,0.25830853
0,0.25083843
0,0.25075966
0,0.24892461
0,0.25405848
0,0.25003746
0,0.26210088
0,0.2585455
0,0.25952157
0,0.2585718
0,0.2544434
0,0.25024578
0,0.24703051
0,0.26313213
0,0.2567007
0,0.26133284
0,0.25935265
0,0.26361284
0,0.26358986
0,0.26411602
0,0.26296002
0,0.26349616
0,0.25888976
0,0.26074287
0,0.25674644
0,0.25982797
0,0.2527119
0,0.25861782
0,0.25431302
0,0.2576259
0,0.25371772
0,0.2595543
0,0.25756148
0,0.25825566
0,0.25592673
0,0.2582645
0,0.25612682
0,0.25659153
0,0.25788015
0,0.25656497
0,0.25372657
0,0.2698902
0,0.26033306
0,0.2694756
0,0.25576225
0,0.2587372
0,0.25633076
0,0.26613632
0,0.25757772
0,0.26800346
0,0.25804088
0,0.2586799
0,0.25424635
0,0.25417274
0,0.25760984
0,0.25535056
0,0.25884992
0,0.25612134
0,0.25302762
0,0.26266745
0,0.24996836
0,0.26174405
0,0.25279385
0,0.25195324
0,0.25306866
0,0.26236823
0,0.26295137
0,0.26289892
0,0.25291032
0,0.26608035
0,0.25480077
0,0.2722966
0,0.25500596
0,0.25326157
0,0.25386083
0,0.26052904
0,0.2623018
0,0.26818404
0,0.2666013
0,0.2680443
0,0.2605195
0,0.2656704
0,0.2594791
0,0.26285577
0,0.2647937
0,0.2680725
0,0.26644275
0,0.2660987
0,0.25888547
0,0.2627065
0,0.25346193
0,0.25970224
0,0.2539639
0,0.25955492
0,0.25648803
0,0.2621912
0,0.25771677
0,0.26628187
0,0.25877815
0,0.26321885
0,0.25464255
0,0.2585014
0,0.25250143
0,0.257582
0,0.25113705
0,0.25615388
0,0.24599475
0,0.25314984
0,0.24808474
0,0.2533531
0,0.2518695
0,0.254011
0,0.25097904
0,0.25126466
0,0.25307852
0,0.2543658
0,0.25344142
0,0.25438303
0,0.25310245
0,0.26518062
0,0.25571087
0,0.26945892
0,0.26025116
0,0.27016717
0,0.2590182
0,0.2587044
0,0.25504124
0,0.25488707
0,0.2510729
0,0.25351435
0,0.25466037
0,0.25477207
0,0.25218195
0,0.25048903
0,0.25034842
0,0.26072094
0,0.24666204
0,0.26560536
0,0.25882804
0,0.25838876
0,0.2627333
0,0.2551752
0,0.2520115
0,0.2611564
0,0.2612512
0,0.25361386
0,0.26055175
0,0.25229314
0,0.25810122
0,0.26124826
0,0.2561647
0,0.26433024
0,0.25807363
0,0.26633716
0,0.25030994
0,0.27079937
0,0.2641267
0,0.2650525
0,0.2688476
0,0.28409812
0,0.27083653
0,0.27025524
0,0.26549497
0,0.26661035
0,0.26041925
0,0.26552975
0,0.25805658
0,0.26147905
0,0.25510868
0,0.25906405
0,0.26727095
0,0.26344007
0,0.25755617
0,0.26020712
0,0.25556144
0,0.27098733
0,0.2627202
0,0.263214
0,0.25879064
0,0.26390797
0,0.26308045
0,0.2640167
0,0.26372373
0,0.26238948
0,0.26087424
0,0.25990638
0,0.2679303
0,0.27416945
0,0.2670822
0,0.28099725
0,0.27281448
0,0.26583487
0,0.2550131
0,0.25711143
0,0.25078645
0,0.26536372
0,0.2994029
0,0.2855826
0,0.27232882
0,0.278961
0,0.26638678
0,0.27395797
0,0.2584695
0,0.25874978
0,0.2586378
0,0.26142102
0,0.26748788
0,0.25957966
0,0.25434804
0,0.25409096
0,0.2540776
0,0.25501963
0,0.24966073
0,0.24985003
0,0.24636132
0,0.25832298
0,0.24541168
0,0.24754712
0,0.2534392
0,0.2590328
0,0.2591391
0,0.26329887
0,0.2681131
0,0.26752168
0,0.26626527
0,0.26873955
0,0.25911742
0,0.2592366
0,0.26554573
0,0.26420394
0,0.25840682
0,0.26225644
0,0.2578307
0,0.26031175
0,0.2595836
0,0.26657838
0,0.27066678
0,0.27286962
0,0.2649275
0,0.26486337
0,0.25683364
0,0.2655809
0,0.25971174
0,0.26183438
0,0.2592832
0,0.26025894
0,0.26388922
0,0.26506332
0,0.2558967
0,0.25983363
0,0.25647435
0,0.25773868
0,0.25918683
0,0.25791317
0,0.2564264
0,0.25676876
0,0.25176278
0,0.25448686
0,0.25337252
0,0.27334383
0,0.27010348
0,0.2632309
0,0.2608151
0,0.27489018
0,0.25969133
0,0.2596992
0,0.25477538
0,0.25542873
0,0.251833
0,0.2641928
0,0.25426525
0,0.25459665
0,0.250872
0,0.2535543
0,0.25062153
0,0.2740455
0,0.25330314
0,0.25935674
0,0.25261623
0,0.2524015
0,0.24493502
0,0.2480557
0,0.25554845
0,0.25115925
0,0.24690993
0,0.2535133
0,0.24327058
0,0.25209117
0,0.25577992
0,0.2508277
0,0.25174418
0,0.24926327
0,0.24833228
0,0.2577453
0,0.2530747
0,0.24997891
0,0.25003698
0,0.25371978
0,0.2536717
0,0.24948359
0,0.2542211
0,0.25998902
0,0.25785714
0,0.26212108
0,0.25937122
0,0.26204556
0,0.2596798
0,0.26958504
0,0.26002374
0,0.26395184
0,0.25724
0,0.26226777
0,0.25733757
0,0.26287833
0,0.25868657
0,0.2627313
0,0.2583217
0,0.26583454
0,0.2612562
0,0.2644589
0,0.26029202
0,0.26333347
0,0.2580418
0,0.2611012
0,0.25617298
0,0.25957012
0,0.25513276
0,0.2588758
0,0.25973493
0,0.28172565
0,0.2634741
0,0.26532558
0,0.2647727
0,0.26446658
0,0.25671834
0,0.25926623
0,0.25433183
0,0.25676185
0,0.24980167
0,0.2557481
0,0.25422814
0,0.2552552
0,0.25046209
0,0.2536629
0,0.25744742
0,0.2554924
0,0.24943683
0,0.26431856
0,0.25740427
0,0.2580656
0,0.24945933
0,0.25344056
0,0.25368756
0,0.25381738
0,0.25091156
0,0.26343772
0,0.26056063
0,0.26301742
0,0.2567478
0,0.2681217
0,0.25881386
0,0.2725742
0,0.2782973
0,0.27531412
0,0.26503456
0,0.27047974
0,0.26023346
0,0.2613458
0,0.25554028
0,0.25312126
0,0.25392216
0,0.25061595
0,0.2492443
0,0.24798709
0,0.24706374
0,0.25651595
0,0.2508532
0,0.25741273
0,0.25216594
0,0.25886586
0,0.25454292
0,0.25895542
0,0.2547759
0,0.2600279
0,0.25563863
0,0.26046154
0,0.25659728
0,0.2663026
0,0.2543893
0,0.26019174
0,0.25731003
0,0.26055527
0,0.2544759
0,0.2590415
0,0.2519828
0,0.25658065
0,0.25124016
0,0.25176352
0,0.27425334
0,0.26812914
0,0.2624092
0,0.26215357
0,0.255805
0,0.2598991
0,0.24974962
0,0.25476536
0,0.2527789
0,0.25568298
0,0.25412497
0,0.37702993
0,0.2950572
0,0.2833592
0,0.2685753
0,0.27236298
0,0.2606982
0,0.26201835
0,0.2648044
0,0.27557936
0,0.2788452
0,0.27898136
0,0.27325678
0,0.26659095
0,0.2572468
0,0.25848898
0,0.26132345
0,0.27069125
0,0.26203984
0,0.2590568
0,0.2585135
0,0.25662836
0,0.26257175
0,0.25880638
0,0.25552168
0,0.25392246
0,0.25893027
0,0.25430766
0,0.2549759
0,0.2648962
0,0.26304793
0,0.26878086
0,0.25524977
0,0.2646644
0,0.2568066
0,0.2534591
0,0.25111505
0,0.26103362
0,0.25638634
0,0.25177926
0,0.25925636
0,0.26156786
0,0.25067502
0,0.26038927
0,0.25809205
0,0.2639408
0,0.25691628
0,0.26249972
0,0.2613248
0,0.26802927
0,0.25776708
0,0.26256853
0,0.25366047
0,0.26019862
0,0.25641072
0,0.26168665
0,0.25593337
0,0.26014885
0,0.25394464
0,0.2581559
0,0.25517786
0,0.25832757
0,0.25254804
0,0.2571749
0,0.2526349
0,0.25757155
0,0.25676757
0,0.25923485
0,0.25767404
0,0.25882033
0,0.25210023
0,0.25760347
0,0.2519089
0,0.25584653
0,0.24907196
0,0.2530199
0,0.24446209
0,0.25104117
0,0.25314
0,0.2530921
0,0.2570944
0,0.25762737
0,0.2594414
0,0.26110375
0,0.2617324
0,0.25873598
0,0.26173195
0,0.2706429
0,0.26688305
0,0.2784457
0,0.26552585
0,0.27332044
0,0.26415977
0,0.27289072
0,0.26693797
0,0.27346307
0,0.2667934
0,0.2733028
0,0.25721788
0,0.2713574
0,0.26353565
0,0.2596273
0,0.25911942
0,0.2561998
0,0.25328645
0,0.25625977
0,0.25169802
0,0.2518411
0,0.25908318
0,0.26538488
0,0.2601568
0,0.25521785
0,0.25084049
0,0.263159
0,0.2528614
0,0.2641366
0,0.25769687
0,0.2635334
0,0.25867945
0,0.27051368
0,0.2605133
0,0.26634622
0,0.25906193
0,0.26336765
0,0.2513148
0,0.26068613
0,0.25343633
0,0.2607091
0,0.25561064
0,0.25982654
0,0.2539436
0,0.25870687
0,0.25518006
0,0.25917542
0,0.2492328
0,0.2564463
0,0.2504249
0,0.2563696
0,0.25614303
0,0.25755978
0,0.24495581
0,0.2665565
0,0.2576555
0,0.25881058
0,0.25079635
0,0.26835433
0,0.27228603
0,0.26901928
0,0.27565804
0,0.26684272
0,0.26225784
0,0.26144138
0,0.2665652
0,0.27288508
0,0.25913343
0,0.26034927
0,0.2540276
0,0.27163905
0,0.2566158
0,0.25956142
0,0.25598666
0,0.25583467
0,0.26172754
0,0.25761777
0,0.26021782
0,0.25673598
0,0.25969625
0,0.25629285
0,0.2578466
0,0.26404652
0,0.257013
0,0.25534105
0,0.2505609
0,0.26592728
0,0.259047
0,0.2663493
0,0.2610315
0,0.27013245
0,0.26474655
0,0.2586811
0,0.2591628
0,0.25517136
0,0.24961616
0,0.25018105
0,0.25142834
0,0.2507543
0,0.24714947
0,0.26076412
0,0.24674696
0,0.24812518
0,0.24975127
0,0.24783044
0,0.24948789
0,0.24681577
0,0.253329
0,0.2480327
0,0.24602538
0,0.24540596
0,0.2575869
0,0.26623422
0,0.2606191
0,0.26458743
0,0.2568482
0,0.26149827
0,0.25397792
0,0.2600566
0,0.24963468
0,0.24670736
0,0.2595551
0,0.25920442
0,0.2518371
0,0.25729662
0,0.26036462
0,0.26047862
0,0.2636251
0,0.26364967
0,0.25124583
0,0.25729108
0,0.25037232
0,0.25539538
0,0.253509
0,0.25644857
0,0.2540953
0,0.25734833
0,0.26232073
0,0.26014128
0,0.256019
0,0.25796488
0,0.25800645
0,0.25766775
0,0.25794002
0,0.25720242
0,0.25637907
0,0.2583333
0,0.24944128
0,0.25276637
0,0.25184703
0,0.2625621
0,0.2660786
0,0.2586771
0,0.24968456
0,0.25146863
0,0.2488233
0,0.25978634
0,0.2591726
0,0.25341377
0,0.26034623
0,0.25476563
0,0.2551811
0,0.25153702
0,0.24333897
0,0.25754687
0,0.24879836
0,0.24807495
0,0.26332542
0,0.253275
0,0.25200897
0,0.25571096
0,0.25607705
0,0.2601858
0,0.25475737
0,0.26083472
0,0.25564376
0,0.26024744
0,0.25630096
0,0.26042503
0,0.25271487
0,0.26114368
0,0.25339726
0,0.27095562
0,0.25568482
0,0.26057196
0,0.25311515
0,0.26283544
0,0.25827384
0,0.25986266
0,0.25323588
0,0.2569853
0,0.26257396
0,0.2601068
0,0.25356728
0,0.25683892
0,0.2495309
0,0.25429797
0,0.24675025
0,0.25421953
0,0.24792711
0,0.2527492
0,0.2469398
0,0.25538754
0,0.25040355
0,0.26759696
0,0.26619956
0,0.2602004
0,0.26092932
0,0.25767395
0,0.25881717
0,0.25530666
0,0.25358483
0,0.2670014
0,0.2657371
0,0.26279935
0,0.26277652
0,0.25718173
0,0.25899738
0,0.26624548
0,0.26017508
0,0.27788004
0,0.26218864
0,0.25828993
0,0.25708494
0,0.25367275
0,0.25087264
0,0.25043014
0,0.24602415
0,0.24713723
0,0.24931034
0,0.2471615
0,0.24534248
0,0.2597085
0,0.2543789
0,0.26623312
0,0.2575458
0,0.26481932
0,0.25656933
0,0.2618702
0,0.25591204
0,0.2612529
0,0.26796263
0,0.26549974
0,0.25379032
0,0.26070672
0,0.25223058
0,0.25802115
0,0.25923577
0,0.26101032
0,0.2566837
0,0.25863883
0,0.2578525
0,0.25912076
0,0.2519783
0,0.25630978
0,0.2504784
0,0.25972018
0,0.25106463
0,0.25691837
0,0.25154167
0,0.25516734
0,0.2506033
0,0.25417322
0,0.36564094
0,0.32281038
0,0.28511724
0,0.2785085
0,0.26912606
0,0.2667135
0,0.2573725
0,0.25845748
0,0.25356138
0,0.25615737
0,0.24941415
0,0.263218
0,0.25577575
0,0.265649
0,0.25594345
0,0.25455955
0,0.25802562
0,0.25403556
0,0.25122842
0,0.2507071
0,0.2495325
0,0.24884483
0,0.2561131
0,0.25134113
0,0.24933986
0,0.24786355
0,0.25319913
0,0.25950196
0,0.25921866
0,0.26339316
0,0.25661412
0,0.2615824
0,0.25715327
0,0.26140216
0,0.2563562
0,0.26063412
0,0.25596705
0,0.25995165
0,0.25576323
0,0.25006342
0,0.25426143
0,0.2570749
0,0.24446031
0,0.25340572
0,0.25106347
0,0.25738397
0,0.25048992
0,0.25520045
0,0.25834453
0,0.25755587
0,0.25525108
0,0.25813246
0,0.25632733
0,0.25706297
0,0.2508222
0,0.25428748
0,0.25091344
0,0.25379834
0,0.24404408
0,0.26075277
0,0.25189513
0,0.26470357
0,0.255732
0,0.25515345
0,0.2560621
0,0.265349
0,0.25403398
0,0.26669577
0,0.26264194
0,0.25807098
0,0.25756314
0,0.25474125
0,0.24933086
0,0.261152
0,0.25445157
0,0.25245515
0,0.2490873
0,0.2507809
0,0.24400502
0,0.24626927
0,0.3471591
0,0.30213413
0,0.2855435
0,0.27142128
0,0.27400962
0,0.26224455
0,0.26467398
0,0.2570081
0,0.25556415
0,0.25682044
0,0.25222826
0,0.25951552
0,0.25249964
0,0.259044
0,0.24874507
0,0.2574327
0,0.25456887
0,0.25809598
0,0.25629777
0,0.26413262
0,0.2587502
0,0.260828
0,0.258081
0,0.26314065
0,0.2536495
0,0.2584857
0,0.25790477
0,0.25951025
0,0.25629303
0,0.25903514
0,0.25674245
0,0.2582372
0,0.25126815
0,0.25658125
0,0.25178424
0,0.25588742
0,0.25076818
0,0.25546533
0,0.2526596
0,0.25488806
0,0.25713363
0,0.25635886
0,0.24902171
0,0.25388253
0,0.24609615
0,0.25186554
0,0.25402775
0,0.25746188
0,0.2522829
0,0.26502323
0,0.26745182
0,0.2606234
0,0.2533872
0,0.26574463
0,0.2525018
0,0.2651059
0,0.25400683
0,0.2651771
0,0.24937603
0,0.25240916
0,0.39837173
0,0.36474776
0,0.30734065
0,0.30054134
0,0.2782989
0,0.27051693
0,0.26564425
0,0.2606985
0,0.2547287
0,0.2546428
0,0.25610095
0,0.26350138
0,0.26738107
0,0.26864424
0,0.26037863
0,0.25675142
0,0.28490043
0,0.27739292
0,0.25745374
0,0.25628486
0,0.2553442
0,0.26176736
0,0.25480187
0,0.2619326
0,0.25072822
0,0.26058656
0,0.25015986
0,0.25933212
0,0.24860929
0,0.26236552
0,0.25133407
0,0.2575163
0,0.25337097
0,0.25729498
0,0.25370094
0,0.25736937
0,0.25361246
0,0.2577523
0,0.25241283
0,0.25708324
0,0.25347427
0,0.25735208
0,0.25270584
0,0.25594413
0,0.24811712
0,0.25302583
0,0.24891953
0,0.25231847
0,0.247922
0,0.25326502
0,0.24807209
0,0.25581315
0,0.26303458
0,0.25874215
0,0.24905841
0,0.2524014
0,0.26360416
0,0.25691628
0,0.24844499
0,0.26225004
0,0.24882543
0,0.2631586
0,0.25274917
0,0.25292584
0,0.26335564
0,0.25586337
0,0.2540994
0,0.25278506
0,0.254026
0,0.26397362
0,0.2528366
0,0.25303072
0,0.24909653
0,0.24962336
0,0.25812328
0,0.2534442
0,0.26016536
0,0.26455557
0,0.25825492
0,0.26505166
0,0.2548927
0,0.2689901
0,0.25178543
0,0.25592652
0,0.25190768
0,0.24945252
0,0.24758989
0,0.24652892
0,0.24436027
0,0.24367113
0,0.23741817
0,0.2503563
0,0.2524025
0,0.25814316
0,0.25229266
0,0.25778708
0,0.2518982
0,0.27394873
0,0.2614423
0,0.26311493
0,0.24983689
0,0.25803167
0,0.24722458
0,0.25630715
0,0.25488046
0,0.25757536
0,0.2527768
0,0.257185
0,0.2564533
0,0.26048338
0,0.24786149
0,0.26100814
0,0.2517213
0,0.2611658
0,0.24431142
0,0.24307802
0,0.24586053
0,0.25098115
0,0.25645414
0,0.2670363
0,0.2597094
0,0.2594422
0,0.26214865
0,0.25956175
0,0.26835367
0,0.2630036
0,0.25614727
0,0.2679335
0,0.2567348
0,0.26827493
0,0.25496218
0,0.2567178
0,0.2508836
0,0.26495758
0,0.25401884
0,0.25518948
0,0.2493131
0,0.25239846
0,0.24788651
0,0.2521198
0,0.24249353
0,0.25780693
0,0.25224814
0,0.26308528
0,0.2599789
0,0.26734814
0,0.26968628
0,0.26046824
0,0.26190865
0,0.2561756
0,0.26024035
0,0.26523125
0,0.2669132
0,0.2681684
0,0.25994
0,0.25504994
0,0.25104573
0,0.26196036
0,0.25526434
1,0.2515732
1,0.24902648
1,0.25749996
1,0.24628708
1,0.25672007
1,0.2490181
1,0.25909007
1,0.25692222
1,0.26037717
1,0.25067106
1,0.25828633
1,0.26759645
1,0.2637719
1,0.24717158
1,0.24865505
1,0.9333759
0,0.98882556
0,0.94569755
0,0.92515385
0,0.9088665
0,0.8705336
0,0.810193
0,0.7449212
0,0.63774365
0,0.5828289
0,0.4936374
0,0.43297946
0,0.38983008
0,0.33245546
0,0.26588225
0,0.23164392
0,0.18700083
0,0.16555008
0,0.15154803
0,0.14287543
0,0.12649892
0,0.1272442
0,0.12093917
0,0.12377203
0,0.11865387
0,0.12045324
0,0.12023469
0,0.1269383
0,0.13843657
0,0.14793722
0,0.24250351
0,0.26052916
0,0.25709638
0,0.25443137
0,0.2467363
0,0.24869165
0,0.24775958
0,0.24757808
0,0.25255638
0,0.25965244
0,0.2457003
0,0.24773346
0,0.2470734
0,0.24642956
0,0.24207202
0,0.24485262
0,0.23986924
0,0.253206
0,0.2544081
0,0.24839005
0,0.24827157
0,0.24536878
0,0.25190893
0,0.25649467
0,0.25483125
0,0.2589129
0,0.24801794
0,0.25690636
0,0.24879979
0,0.26024705
0,0.25776097
0,0.26003185
0,0.254504
0,0.25915703
0,0.24594595
0,0.2554182
0,0.24528898
0,0.2545102
0,0.24409537
0,0.25325114
0,0.25212115
0,0.25604907
0,0.26539975
0,0.2618479
0,0.2572711
0,0.25882748
0,0.25606042
0,0.2602436
0,0.25350237
0,0.25653723
0,0.24377209
0,0.2517168
0,0.24173099
0,0.2491497
0,0.24652602
0,0.25040945
0,0.2507088
0,0.26287258
0,0.25359297
0,0.2670164
0,0.25316963
0,0.26693827
0,0.25344247
0,0.2689308
0,0.25371793
0,0.25511426
0,0.2557292
0,0.26798847
0,0.25784054
0,0.25608128
0,0.24384715
0,0.24950199
0,0.2527104
0,0.24991755
0,0.26178735
0,0.26533052
0,0.25609186
0,0.2650125
0,0.2606485
0,0.25577942
0,0.24895172
0,0.26176202
0,0.25347385
0,0.2627972
0,0.2487367
0,0.26058814
0,0.2528931
0,0.25055242
0,0.25239748
0,0.25920117
0,0.24482706
0,0.25712508
0,0.2520905
0,0.24805832
0,0.2490799
0,0.25807
0,0.25038442
0,0.25692603
0,0.25335887
0,0.25830233
0,0.251239
0,0.26098955
0,0.2503495
0,0.2577318
0,0.2565071
0,0.2749929
0,0.26935667
0,0.26636875
0,0.25097477
0,0.2593911
0,0.26006663
0,0.26039332
0,0.2557577
0,0.2581981
0,0.25483716
0,0.2576889
0,0.25961745
0,0.26657215
0,0.2538276
0,0.2581044
0,0.2567832
0,0.25803635
0,0.25324723
0,0.2571831
0,0.2582083
0,0.2594238
0,0.26658565
0,0.26110068
0,0.2561737
0,0.2575404
0,0.25385654
0,0.2557272
0,0.25387046
0,0.2581635
0,0.25654215
0,0.2667396
0,0.26862228
0,0.27554655
0,0.5304814
0,0.54781497
0,0.3982036
0,0.3460043
0,0.3111395
0,0.30726326
0,0.28512493
0,0.27430078
0,0.2749736
0,0.26537684
0,0.2558663
0,0.26565662
0,0.2543091
0,0.2644193
0,0.25209272
0,0.25096494
0,0.24567933
0,0.25427654
0,0.25290555
0,0.24464487
0,0.25388253
0,0.25415882
0,0.2449715
0,0.25380528
0,0.24727611
0,0.246419
0,0.2482287
0,0.25754192
0,0.2684766
0,0.2656084
0,0.32725686
0,0.28162158
0,0.26537558
0,0.27084273
0,0.25745022
0,0.26377276
0,0.26209873
0,0.2634855
0,0.25057265
0,0.25835615
0,0.25673798
0,0.24948229
0,0.24521263
0,0.25380746
0,0.24721727
0,0.25462395
0,0.24865851
0,0.25462762
0,0.2676787
0,0.26210245
0,0.26280415
0,0.26178768
0,0.27236983
0,0.26502523
0,0.25954327
0,0.26150694
0,0.257509
0,0.26178053
0,0.25749478
0,0.2592726
0,0.25475058
0,0.25788715
0,0.25215608
0,0.26636717
0,0.25366825
0,0.25698903
0,0.2526703
0,0.2659733
0,0.2543826
0,0.26766786
0,0.2694953
0,0.2756408
0,0.26115534
0,0.27231094
0,0.2596406
0,0.25881654
0,0.25357556
0,0.26577365
0,0.2546069
0,0.25639692
0,0.2660981
0,0.2579121
0,0.26519257
0,0.2585591
0,0.25200197
0,0.25260195
0,0.24833205
0,0.25014663
0,0.24340184
0,0.25787356
0,0.25515258
0,0.26254892
0,0.2537251
0,0.2528405
0,0.2515915
0,0.25008038
0,0.24427831
0,0.2561219
0,0.25382525
0,0.24974002
0,0.24964248
0,0.24698813
0,0.25334328
0,0.25870037
0,0.2469033
0,0.24738981
0,0.24527848
0,0.2575202
0,0.25571844
0,0.26090357
0,0.253962
0,0.27274147
0,0.25331697
0,0.26634434
0,0.25473377
0,0.26042968
0,0.2652697
0,0.2564756
0,0.25087798
0,0.2573104
0,0.25311702
0,0.2571368
0,0.24897994
0,0.25596136
0,0.25029525
0,0.26797572
0,0.25616348
0,0.26084813
0,0.26744172
0,0.26310322
0,0.25487375
0,0.26116976
0,0.2539874
0,0.25719103
0,0.2532905
0,0.25765035
0,0.2517287
0,0.25573057
0,0.25115195
0,0.2697604
0,0.26192546
0,0.26180828
0,0.24930088
0,0.3475595
0,0.30188835
0,0.28331476
0,0.26688302
0,0.27723178
0,0.25903836
0,0.26051456
0,0.25803596
0,0.26776975
0,0.2662765
0,0.26040635
0,0.27332497
0,0.26284736
0,0.26459092
0,0.2595181
0,0.263449
0,0.25837606
0,0.26191702
0,0.2562375
0,0.2591292
0,0.25753605
0,0.2509238
0,0.25094777
0,0.24471778
0,0.24722683
0,0.25323108
0,0.25081807
0,0.24709935
0,0.24734835
0,0.2535105
0,0.24817628
0,0.2519228
0,0.24711347
0,0.2514338
0,0.25696445
0,0.24431847
0,0.25512305
0,0.27875784
0,0.26869237
0,0.26265997
0,0.26447764
0,0.25465605
0,0.26011908
0,0.25094086
0,0.25808433
0,0.25255212
0,0.26044515
0,0.24878608
0,0.26831612
0,0.25318924
0,0.26006955
0,0.2528963
0,0.25832984
0,0.2599948
0,0.26011002
0,0.25476664
0,0.26059672
0,0.2622481
0,0.2733941
0,0.25752422
0,0.26221776
0,0.2754696
0,0.26858968
0,0.25281706
0,0.26970088
0,0.26011717
0,0.26470023
0,0.27684346
0,0.26573303
0,0.2554582
0,0.2619626
0,0.25304678
0,0.25602722
0,0.2536934
0,0.25517046
0,0.25324416
0,0.26527995
0,0.25217628
0,0.26531062
0,0.2516927
0,0.265106
0,0.26318318
0,0.27013588
0,0.25464925
0,0.27288446
0,0.2651617
0,0.25962475
0,0.25538248
0,0.25823194
0,0.25536603
0,0.26401058
0,0.2521622
0,0.263396
0,0.24903874
0,0.25075296
0,0.25017887
0,0.24872723
0,0.24539162
0,0.24608271
0,0.26482126
0,0.26891857
0,0.26178196
0,0.2608004
0,0.28868052
0,0.26573887
0,0.26146504
0,0.26555452
0,0.25819984
0,0.2670471
0,0.25841242
0,0.26377252
0,0.26903704
0,0.26922646
0,0.26357493
0,0.2651779
0,0.26984575
0,0.26690564
0,0.25460944
0,0.26159748
0,0.25428548
0,0.2599165
0,0.25071624
0,0.25701585
0,0.2576928
0,0.2541676
0,0.2626017
0,0.26247004
0,0.2507633
0,0.25775543
0,0.25003275
0,0.2559223
0,0.26182216
0,0.25983655
0,0.2529019
0,0.2564116
0,0.25104702
0,0.25535735
0,0.24880116
0,0.27517343
0,0.25860205
0,0.25870174
0,0.26289755
0,0.2595249
0,0.2571451
0,0.2560308
0,0.26112264
0,0.25773132
0,0.26364896
0,0.25794387
0,0.2621894
0,0.25801712
0,0.3177851
0,0.27647477
0,0.27562076
0,0.27810135
0,0.27417296
0,0.26637408
0,0.2553035
0,0.25950333
0,0.27468202
0,0.27435595
0,0.26011947
0,0.25757602
0,0.24989033
0,0.25082353
0,0.2529751
0,0.25178128
0,0.26161277
0,0.26366273
0,0.26558957
0,0.25618502
0,0.25140843
0,0.25974986
0,0.2507
0,0.26021814
0,0.24914555
0,0.25972405
0,0.2472036
0,0.29213202
0,0.27511337
0,0.2707923
0,0.26509035
0,0.26500577
0,0.26367146
0,0.26334313
0,0.256745
0,0.2600568
0,0.27353916
0,0.26572862
0,0.27445045
0,0.26649857
0,0.27205563
0,0.26550594
0,0.27244475
0,0.2654044
0,0.2706134
0,0.26561975
0,0.2745148
0,0.26579115
0,0.2596517
0,0.2593103
0,0.25953028
0,0.26354638
0,0.25147805
0,0.25425783
0,0.24919264
0,0.25288212
0,0.25053966
0,0.26252398
0,0.26400715
0,0.25972825
0,0.25616643
0,0.26602003
0,0.26527995
0,0.27021518
0,0.25810954
0,0.27205837
0,0.2578618
0,0.26759467
0,0.26684493
0,0.27187172
0,0.25949803
0,0.2565294
0,0.2619967
0,0.25507727
0,0.25262442
0,0.26244086
0,0.26186708
0,0.26000383
0,0.2557706
0,0.2529008
0,0.25506437
0,0.26222226
0,0.27633566
0,0.27154997
0,0.26088873
0,0.267837
0,0.27111652
0,0.27039587
0,0.25564572
0,0.26579487
0,0.2555853
0,0.2633319
0,0.25404775
0,0.25448278
0,0.2692913
0,0.26893702
0,0.26344785
0,0.26721925
0,0.26060855
0,0.2677132
0,0.26302454
0,0.2776718
0,0.27731228
0,0.2724402
0,0.26370215
0,0.2659261
0,0.2606544
0,0.2640545
0,0.2596134
0,0.2626592
0,0.25555158
0,0.26259577
0,0.26650763
0,0.26884484
0,0.26010448
0,0.26301962
0,0.2512787
0,0.25794342
0,0.2644143
0,0.262903
0,0.25500274
0,0.25904775
0,0.25166157
0,0.257636
0,0.24699105
0,0.302565
0,0.26836088
0,0.26917657
0,0.26235613
0,0.26245326
0,0.25722808
0,0.25953037
0,0.25802767
0,0.25901046
0,0.26129335
0,0.26877984
0,0.25764295
0,0.25933617
0,0.25093672
0,0.25540996
0,0.25726885
0,0.2561967
0,0.25317827
0,0.2545418
0,0.25817147
0,0.2610677
0,0.26142296
0,0.2591197
0,0.2609141
0,0.25782263
0,0.26021132
0,0.25699103
0,0.2554741
0,0.2579283
0,0.2593869
0,0.26592347
0,0.25083923
0,0.2635177
0,0.26048604
0,0.25527155
0,0.25389358
0,0.2518031
0,0.25474843
0,0.25189927
0,0.26607114
0,0.26706588
0,0.25830635
0,0.25456896
0,0.245355
0,0.25822058
0,0.24908042
0,0.2590998
0,0.2506289
0,0.24945948
0,0.24656145
0,0.24591717
0,0.24693711
0,0.25810906
0,0.2658675
0,0.26637667
0,0.27371186
0,0.26985538
0,0.2599155
0,0.26471996
0,0.25866467
0,0.26656672
0,0.2757955
0,0.27478847
0,0.2628045
0,0.26534584
0,0.25703958
0,0.2668325
0,0.255871
0,0.26129422
0,0.25301898
0,0.25999102
0,0.24778333
0,0.2562475
0,0.26193398
0,0.26062974
0,0.25168145
0,0.24723794
0,0.25822163
0,0.2584459
0,0.2638767
0,0.2631696
0,0.2653901
0,0.26575017
0,0.2549202
0,0.26054224
0,0.26394534
0,0.26260564
0,0.25660017
0,0.2598032
0,0.26223308
0,0.26202747
0,0.26190433
0,0.26086354
0,0.25687405
0,0.2585131
0,0.2568753
0,0.25713292
0,0.25104663
0,0.25456065
0,0.24982606
0,0.2541559
0,0.25763145
0,0.25756642
0,0.25114048
0,0.25479397
0,0.24665588
0,0.26250646
0,0.24814963
0,0.2522979
0,0.25189152
0,0.25179604
0,0.2593778
0,0.267801
0,0.24947257
0,0.26466227
0,0.26001367
0,0.25939757
0,0.25434956
0,0.2532147
0,0.24382992
0,0.24892773
0,0.24939391
0,0.24785772
0,0.24660094
0,0.24681468
0,0.24586394
0,0.24679205
0,0.24616952
0,0.2459749
0,0.24644923
0,0.25641468
0,0.24874666
0,0.25759125
0,0.24658279
0,0.24617596
0,0.2546897
0,0.25071165
0,0.25408888
0,0.2590348
0,0.24684598
0,0.25704756
0,0.24778457
0,0.26036867
0,0.24886842
0,0.25840443
0,0.24900658
0,0.25895074
0,0.2497255
0,0.25671095
0,0.2594782
0,0.25987503
0,0.25434834
0,0.25829273
0,0.2606831
0,0.2609398
0,0.25316572
0,0.2575163
0,0.26144275
0,0.25639167
0,0.24700883
0,0.25334892
0,0.26003242
0,0.25923443
0,0.26024356
0,0.26622972
0,0.26492205
0,0.26154917
0,0.2628495
0,0.26412547
0,0.2633539
0,0.2602615
0,0.26087618
0,0.26938957
0,0.2547899
0,0.2673097
0,0.25477892
0,0.26851788
0,0.25046825
0,0.25488445
0,0.27754173
0,0.2767081
0,0.27262554
0,0.27577657
0,0.25956738
0,0.26419908
0,0.25960013
0,0.25837812
0,0.25266236
0,0.26797137
0,0.2578202
0,0.2658245
0,0.2569149
0,0.2674404
0,0.26000798
0,0.25565326
0,0.25951234
0,0.26471183
0,0.25844532
0,0.25505292
0,0.2552888
0,0.26244187
0,0.25437543
0,0.26200902
0,0.26726174
0,0.26345345
0,0.25238135
0,0.26123422
0,0.2522923
0,0.26010332
0,0.25047994
0,0.26051864
0,0.25117093
0,0.2585878
0,0.25322732
0,0.26171845
0,0.25229746
0,0.25975752
0,0.2531121
0,0.25936687
0,0.2509719
0,0.26092568
0,0.26914197
0,0.2646271
0,0.26640794
0,0.26436237
0,0.2629385
0,0.2629309
0,0.25919008
0,0.26511028
0,0.25668785
0,0.261354
0,0.25451848
0,0.2583322
0,0.25254345
0,0.24606909
0,0.24799527
0,0.25209412
0,0.24821524
0,0.2536495
0,0.24878909
0,0.25294778
0,0.24992381
0,0.25252092
0,0.25398958
0,0.25456977
0,0.2484441
0,0.25261608
0,0.25537795
0,0.2695369
0,0.2525537
0,0.25863972
0,0.2551891
0,0.25374675
0,0.24512245
0,0.2494596
0,0.25010905
0,0.24935657
0,0.2481363
0,0.24771276
0,0.25323653
0,0.26253214
0,0.2621781
0,0.26674637
0,0.2569632
0,0.26580566
0,0.27008018
0,0.25920537
0,0.2504465
0,0.2543033
0,0.25151458
0,0.2604757
0,0.25711942
0,0.26831463
0,0.2536193
0,0.26208425
0,0.26855782
0,0.26775435
0,0.26988497
0,0.27882895
0,0.26077166
0,0.2662904
0,0.26921445
0,0.26784474
0,0.25752467
0,0.276017
0,0.25495183
0,0.26307297
0,0.25427017
0,0.2603613
0,0.26735887
0,0.26471198
0,0.3126991
0,0.28311518
0,0.28354332
0,0.27559072
0,0.262605
0,0.26597488
0,0.25838363
0,0.26322344
0,0.25700843
0,0.27307746
0,0.27613053
0,0.28128418
0,0.26120114
0,0.26339322
0,0.25379965
0,0.25778726
0,0.25197914
0,0.2674385
0,0.26254445
0,0.2710833
0,0.270676
0,0.26314083
0,0.25214276
0,0.2555785
0,0.24616803
0,0.25329575
0,0.24741773
0,0.25014743
0,0.2465726
0,0.2624468
0,0.25594723
0,0.2522759
0,0.26705548
0,0.25712034
0,0.26055938
0,0.26602414
0,0.27059692
0,0.25942326
0,0.2568886
0,0.25327465
0,0.2531944
0,0.2593532
0,0.25255245
0,0.25908196
0,0.2543577
0,0.26118594
0,0.26045945
0,0.26204813
0,0.2558429
0,0.26342246
0,0.25517398
0,0.25966105
0,0.24740766
0,0.2558726
0,0.25038967
0,0.25621328
0,0.25707224
0,0.26225585
0,0.25278503
0,0.25730237
0,0.2502514
0,0.25713557
0,0.24970339
0,0.2541488
0,0.2747688
0,0.26387125
0,0.2605487
0,0.26405737
0,0.2576222
0,0.25858504
0,0.2570289
0,0.2571915
0,0.25162643
0,0.25484905
0,0.25308564
0,0.25496134
0,0.2551225
0,0.25495464
0,0.2504104
0,0.25305405
0,0.25440648
0,0.2544592
0,0.24460231
0,0.255816
0,0.2649886
0,0.26846406
0,0.26147392
0,0.27485338
0,0.25777483
0,0.26863647
0,0.259267
0,0.26809064
0,0.27484417
0,0.27429822
0,0.25807685
0,0.2571066
0,0.31704092
0,0.2704248
0,0.26469558
0,0.28592625
0,0.28052306
0,0.26657435
0,0.27681124
0,0.27551964
0,0.26439187
0,0.25922003
0,0.2545651
0,0.25310534
0,0.24956504
0,0.26558596
0,0.25451815
0,0.25302762
0,0.24682523
0,0.25828004
0,0.2513261
0,0.25920308
0,0.26316708
0,0.25364614
0,0.2490809
0,0.25734872
0,0.26098254
0,0.26227447
0,0.25320637
0,0.27260903
0,0.27469224
0,0.26863536
0,0.2624809
0,0.26316327
0,0.26403356
0,0.26268762
0,0.26378557
0,0.26222107
0,0.2521512
0,0.26067442
0,0.26029688
0,0.2597002
0,0.24834198
0,0.2548674
0,0.25802046
0,0.25713465
0,0.24717185
0,0.25249845
0,0.2485716
0,0.26311967
0,0.25866795
0,0.26388827
0,0.2570108
0,0.25648275
0,0.25877157
0,0.27264234
0,0.25883144
0,0.25814092
0,0.24707842
0,0.26152334
0,0.25025597
0,0.25180572
0,0.2466597
0,0.24984561
0,0.24399121
0,0.25852302
0,0.282653
0,0.2622859
0,0.42003042
0,0.39350897
0,0.32692116
0,0.30987227
0,0.2819904
0,0.27395013
0,0.2797181
0,0.2646382
0,0.26119378
0,0.26799798
0,0.26028657
0,0.2704819
0,0.25557458
0,0.2636423
0,0.2643296
0,0.26573625
0,0.25953615
0,0.26279435
0,0.2681291
0,0.26569223
0,0.256931
0,0.26311064
0,0.25395018
0,0.2603283
0,0.2499685
0,0.25897518
0,0.2480581
0,0.25587797
0,0.25000468
0,0.26163512
0,0.26428482
0,0.27230364
0,0.27143815
0,0.2671652
0,0.2578783
0,0.2634527
0,0.26536807
0,0.26204205
0,0.26550823
0,0.2762309
0,0.27086672
0,0.27623624
0,0.2609088
0,0.2736022
0,0.2687194
0,0.2629725
0,0.26563606
0,0.27195567
0,0.26092023
0,0.27117303
0,0.25905055
0,0.2604258
0,0.25067326
0,0.25332713
0,0.24751484
0,0.26094106
0,0.25250852
0,0.26421738
0,0.25891653
0,0.26725724
0,0.2513286
0,0.2653901
0,0.257401
0,0.26554903
0,0.25070345
0,0.25218123
0,0.24831243
0,0.25114664
0,0.23973536
0,0.24492739
0,0.2426704
0,0.2553938
0,0.24584998
0,0.24644431
0,0.24456461
0,0.2556397
0,0.25402984
0,0.2500939
0,0.26539615
0,0.2645343
0,0.25320694
0,0.26144615
0,0.2511207
0,0.260602
0,0.26247796
0,0.26760477
0,0.26337138
0,0.2648629
0,0.25836152
0,0.27022842
0,0.25748307
0,0.26157126
0,0.25143567
0,0.25817487
0,0.24740735
0,0.25586885
0,0.24727309
0,0.2596485
0,0.2634436
0,0.26177472
0,0.25078672
0,0.2578279
0,0.2507815
0,0.25642192
0,0.24412158
0,0.25371572
0,0.24371539
0,0.25154456
0,0.2582099
0,0.2571268
0,0.24948047
0,0.25573045
0,0.25200835
0,0.2545859
0,0.2477723
0,0.252398
0,0.2487416
0,0.26272592
0,0.25893962
0,0.2571259
0,0.2497326
0,0.26425165
0,0.255748
0,0.26089263
0,0.2683017
0,0.27158824
0,0.2553617
0,0.2577091
0,0.25402227
0,0.2533726
0,0.2445729
0,0.25146395
0,0.24672611
0,0.24818207
0,0.24042578
0,0.25874555
0,0.25050864
0,0.26119828
0,0.24717131
0,0.27237883
0,0.25457448
0,0.2533305
0,0.24541663
0,0.25772431
0,0.24884595
0,0.24881117
0,0.24106622
0,0.2544007
0,0.25048277
0,0.25860143
0,0.250419
0,0.2524786
0,0.24978255
0,0.25837058
0,0.24837911
0,0.25761628
0,0.25223115
0,0.25891486
0,0.2559868
0,0.26080924
0,0.2678752
0,0.2661655
0,0.25322074
0,0.26201245
0,0.2541679
0,0.26083654
0,0.2531652
0,0.2582913
0,0.25181487
0,0.25611958
0,0.25227305
0,0.25685748
0,0.25063246
0,0.25524116
0,0.2648468
0,0.26081592
0,0.25001183
0,0.2566762
0,0.2503293
0,0.2542792
0,0.26082873
0,0.25776708
0,0.24820103
0,0.25388297
0,0.251593
0,0.25347722
0,0.24445504
0,0.2498068
0,0.24867506
0,0.25190887
0,0.2577462
0,0.2545866
0,0.25043988
0,0.25294822
0,0.24637157
0,0.26454568
0,0.26195097
0,0.25663137
0,0.25243095
0,0.26364383
0,0.27187318
0,0.26761857
0,0.2576736
0,0.25603276
0,0.25980118
0,0.25471872
0,0.24714041
0,0.26063004
0,0.24850686
0,0.26063728
0,0.24717396
0,0.647779
0,0.4446122
0,0.38646126
0,0.3252658
0,0.31608054
0,0.2843138
0,0.28759527
0,0.27058366
0,0.27585173
0,0.26407683
0,0.2682605
0,0.26047438
0,0.26696107
0,0.25464875
0,0.26210096
0,0.25612828
0,0.26140207
0,0.25204375
0,0.26395282
0,0.2549585
0,0.25898248
0,0.25454593
0,0.2604607
0,0.2502398
0,0.2572982
0,0.25516608
0,0.26194972
0,0.25269532
0,0.25876713
0,0.25387502
0,0.25732878
0,0.251888
0,0.2561093
0,0.25749195
0,0.2615111
0,0.2554017
1,0.25788552
1,0.24561109
1,0.2530501
1,0.271775
1,0.27523357
1,0.25426623
1,0.2589256
1,0.25274152
1,0.25589678
1,0.24838097
1,0.24239527
1,0.24638194
1,0.24913493
1,0.25559098
1,0.26451173
0,0.936676
0,0.7459737
0,0.6196829
0,0.53433716
0,0.44779968
0,0.4386343
0,0.3627102
0,0.3175087
0,0.27195472
0,0.2473765
0,0.2248671
0,0.22373618
0,0.20041186
0,0.17872389
0,0.16557588
0,0.15441103
0,0.15198174
0,0.1526501
0,0.15418085
0,0.16172354
0,0.17572004
0,0.19173989
0,0.19656055
0,0.20955409
0,0.21411446
0,0.22763121
0,0.22622018
0,0.23284633
0,0.23951246
0,0.24007492
0,0.25563002
0,0.25810024
0,0.24904427
0,0.26083544
0,0.24944343
0,0.26231268
0,0.2436261
0,0.2557182
0,0.24883066
0,0.25758722
0,0.24650007
0,0.25488743
0,0.24598151
0,0.26458746
0,0.2442381
0,0.26114258
0,0.2481594
0,0.25439447
0,0.24900757
0,0.253977
0,0.34256962
0,0.2967911
0,0.27449873
0,0.2835158
0,0.2654841
0,0.26570293
0,0.25859073
0,0.26042485
0,0.24890208
0,0.25514725
0,0.25200233
0,0.25497
0,0.24462955
0,0.25112984
0,0.2481323
0,0.25205877
0,0.24382022
0,0.25671944
0,0.2582329
0,0.25662598
0,0.25983113
0,0.2573699
0,0.2606914
0,0.25802326
0,0.2572731
0,0.2574604
0,0.2534621
0,0.25415722
0,0.2569834
0,0.26519603
0,0.25279206
0,0.25324914
0,0.2565793
0,0.2647033
0,0.25197145
0,0.2746699
0,0.253343
0,0.25452554
0,0.2604931
0,0.25454417
0,0.4072235
0,0.3763153
0,0.3163072
0,0.30286244
0,0.27832094
0,0.28012323
0,0.26653552
0,0.27082983
0,0.26634574
0,0.26882818
0,0.27549496
0,0.27047104
0,0.2688327
0,0.27307302
0,0.2629697
0,0.27481613
0,0.26048028
0,0.26470968
0,0.25562653
0,0.26086426
0,0.24979346
0,0.25762498
0,0.26673177
0,0.26327807
0,0.27008125
0,0.26521584
0,0.2664481
0,0.27889773
0,0.26257417
0,0.25605085
0,0.25361553
0,0.2571364
0,0.24895532
0,0.24772066
0,0.26023442
0,0.25968483
0,0.24911575
0,0.2549637
0,0.24889523
0,0.25339326
0,0.24447079
0,0.25082552
0,0.24322024
0,0.24876334
0,0.24606094
0,0.24987416
0,0.2575057
0,0.25479722
0,0.27270156
0,0.26102754
0,0.25473326
0,0.27121222
0,0.2520008
0,0.26636484
0,0.25607258
0,0.2701324
0,0.27914163
0,0.27688378
0,0.25948536
0,0.25916427
0,0.2569597
0,0.2661965
0,0.25379997
0,0.27661282
0,0.2597078
0,0.2674423
0,0.25204566
0,0.2535176
0,0.25050086
0,0.25032228
0,0.24999997
0,0.24975397
0,0.24147263
0,0.24583778
0,0.25317776
0,0.2621374
0,0.25458962
0,0.26224825
0,0.24749067
0,0.24945709
0,0.24615164
0,0.25675938
0,0.24906874
0,0.2476567
0,0.2453272
0,0.2556191
0,0.26675376
0,0.26645774
0,0.25895056
0,0.26311567
0,0.25632906
0,0.26708362
0,0.25448617
0,0.26065215
0,0.26712102
0,0.26459217
0,0.2534512
0,0.2602895
0,0.266781
0,0.26477405
0,0.27057502
0,0.26688382
0,0.27184176
0,0.26749974
0,0.271247
0,0.2671806
0,0.2710824
0,0.2663924
0,0.27287185
0,0.2694721
0,0.26490045
0,0.2640179
0,0.25567538
0,0.263225
0,0.2548097
0,0.25828105
0,0.25112492
0,0.2552199
0,0.24701615
0,0.26327842
0,0.25105008
0,0.2549401
0,0.24754106
0,0.25257638
0,0.24836789
0,0.25168106
0,0.24713518
0,0.2686112
0,0.26532203
0,0.2597196
0,0.26329076
0,0.25808412
0,0.26204622
0,0.25746536
0,0.2607162
0,0.25564817
0,0.25951442
0,0.26579493
0,0.25471577
0,0.2529091
0,0.24889375
0,0.2495477
0,0.24314588
0,0.24557778
0,0.24131082
0,0.24425244
0,0.23979838
0,0.24341331
0,0.24226867
0,0.24304558
0,0.24121319
0,0.25295419
0,0.24151036
0,0.2437798
0,0.24543315
0,0.2540108
0,0.24495485
0,0.2546685
0,0.24646704
0,0.2561226
0,0.27708653
0,0.2718265
0,0.2581802
0,0.26296133
0,0.25435555
0,0.25957334
0,0.24418098
0,0.25409207
0,0.24188127
0,0.2521794
0,0.25447693
0,0.26809838
0,0.2583938
0,0.2606801
0,0.25244004
0,0.2619978
0,0.27079356
0,0.2652704
0,0.27370936
0,0.26804134
0,0.2570331
0,0.26082912
0,0.25133938
0,0.26048487
0,0.26332864
0,0.26071286
0,0.27683133
0,0.27412722
0,0.25730988
0,0.26069278
0,0.26490885
0,0.260618
0,0.2496474
0,0.26422867
0,0.253346
0,0.26727602
0,0.26447776
0,0.27173746
0,0.26715726
0,0.26249072
0,0.25348228
0,0.26687196
0,0.2519098
0,0.2547507
0,0.26087424
0,0.26698083
0,0.25144497
0,0.25310186
0,0.2503144
0,0.261571
0,0.26883435
0,0.26891884
0,0.2600413
0,0.2689748
0,0.25610593
0,0.27215755
0,0.25654876
0,0.2539211
0,0.24985208
0,0.25937068
0,0.2660663
0,0.27016765
0,0.25270718
0,0.26268297
0,0.2529398
0,0.26197085
0,0.25001353
0,0.25901982
0,0.24875174
0,0.25753716
0,0.26384032
0,0.26324514
0,0.25658908
0,0.26478112
0,0.2688492
0,0.2675785
0,0.26421085
0,0.2663283
0,0.2627745
0,0.26370707
0,0.24941486
0,0.257401
0,0.27288786
0,0.28726462
0,0.2678293
0,0.26776966
0,0.27032077
0,0.2664062
0,0.26859167
0,0.26498806
0,0.25764304
0,0.2601783
0,0.26362255
0,0.26130757
0,0.2537373
0,0.25940326
0,0.25138292
0,0.26008797
0,0.26197216
0,0.26002544
0,0.26258686
0,0.25997657
0,0.26321304
0,0.26036352
0,0.26196826
0,0.25888732
0,0.2605647
0,0.2585862
0,0.24986298
0,0.27074555
0,0.27082855
0,0.2651651
0,0.2735798
0,0.26453683
0,0.26480094
0,0.26147568
0,0.26063806
0,0.26226723
0,0.24984366
0,0.26470214
0,0.27173063
0,0.26219743
0,0.2611564
0,0.25698057
0,0.27036485
0,0.25904596
0,0.2602666
0,0.25540727
0,0.27613303
0,0.26053193
0,0.269717
0,0.26130256
0,0.27179784
0,0.2717343
0,0.2765872
0,0.26407692
0,0.25538862
0,0.26403075
0,0.25842592
0,0.26824346
0,0.26995242
0,0.26941636
0,0.27217558
0,0.27008125
0,0.26050848
0,0.2562434
0,0.25107506
0,0.2612201
0,0.288765
0,0.27921382
0,0.26300627
0,0.27243078
0,0.25854495
0,0.2649711
0,0.24897106
0,0.25854352
0,0.26486778
0,0.26441902
0,0.26482573
0,0.27449355
0,0.27319977
0,0.27977237
0,0.27430156
0,0.26920643
0,0.26904094
0,0.265564
0,0.2696891
0,0.2643145
0,0.2687403
0,0.26333463
0,0.25184202
0,0.2567086
0,0.25607377
0,0.2687357
0,0.26421377
0,0.2606924
0,0.26229447
0,0.26995337
0,0.2774963
0,0.26505816
0,0.2653497
0,0.26895073
0,0.25453892
0,0.26825577
0,0.2594307
0,0.26924968
0,0.25110203
0,0.25428772
0,0.26751024
0,0.26956958
0,0.2754508
0,0.27373934
0,0.27213383
0,0.26206803
0,0.25515598
0,0.2551759
0,0.25095108
0,0.2505558
0,0.25326094
0,0.24989574
0,0.2523586
0,0.25995553
0,0.2668166
0,0.28525767
0,0.269076
0,0.27099073
0,0.26487038
0,0.26866803
0,0.2604747
0,0.2649749
0,0.25799394
0,0.2644056
0,0.25097477
0,0.25993174
0,0.24829988
0,0.25922972
0,0.26755738
0,0.26434815
0,0.25098255
0,0.26282892
0,0.26856735
0,0.28611195
0,0.276245
0,0.27159494
0,0.25933778
0,0.26371372
0,0.2495119
0,0.26008853
0,0.2633011
0,0.2636331
0,0.24813363
0,0.256754
0,0.24937826
0,0.25483853
0,0.24737258
0,0.2584815
0,0.24327305
0,0.25268748
0,0.25631833
0,0.2566257
0,0.25935593
0,0.2566956
0,0.26108807
0,0.2573031
0,0.25356168
0,0.25645596
0,0.25814053
0,0.25583068
0,0.24892871
0,0.26283926
0,0.25369868
0,0.25463548
0,0.25730062
0,0.26779404
0,0.27733326
0,0.26354092
0,0.25338262
0,0.27232
0,0.2513444
0,0.25312302
0,0.26616052
0,0.26884496
0,0.26744518
0,0.26278555
0,0.27251133
0,0.26030317
0,0.27068448
0,0.27008557
0,0.26433128
0,0.26878232
0,0.27560708
0,0.27772278
0,0.2603551
0,0.29100406
0,0.28777018
0,0.28165272
0,0.2824043
0,0.27665743
0,0.282891
0,0.27875534
0,0.2833399
0,0.29954883
0,0.27676708
0,0.27662373
0,0.26365763
0,0.267304
0,0.2517032
0,0.26048383
0,0.24631892
0,0.25723732
0,0.24954137
0,0.25620833
0,0.2773948
0,0.2661133
0,0.26203653
0,0.26211232
0,0.26186255
0,0.2674898
0,0.2503045
0,0.25781778
0,0.26343006
0,0.2605558
0,0.26395276
0,0.26083905
0,0.26358986
0,0.26102525
0,0.31617463
0,0.28634283
0,0.2795887
0,0.28172538
0,0.26789418
0,0.28046498
0,0.25825545
0,0.2630723
0,0.27481547
0,0.26758853
0,0.28668922
0,0.2793485
0,0.2891777
0,0.29002702
0,0.27409893
0,0.28021812
0,0.25778982
0,0.25925615
0,0.26099586
0,0.25940588
0,0.2639976
0,0.27205867
0,0.25446105
0,0.25432327
0,0.26192775
0,0.26535475
0,0.27233714
0,0.2752991
0,0.27910796
0,0.27955472
0,0.27028373
0,0.26113862
0,0.27115303
0,0.28026864
0,0.26790458
0,0.26943797
0,0.26723537
0,0.2677561
0,0.26114023
0,0.26783353
0,0.2761684
0,0.27316654
0,0.26150888
0,0.26633236
0,0.26951456
0,0.26864704
0,0.2722033
0,0.26850453
0,0.27549943
0,0.2703037
0,0.29007298
0,0.2784346
0,0.28298068
0,0.2751338
0,0.27499202
0,0.27181584
0,0.27321854
0,0.28138304
0,0.27464795
0,0.26863974
0,0.26980585
0,0.26492414
0,0.2679895
0,0.26271686
0,0.25529495
0,0.2565445
0,0.25397757
0,0.26638842
0,0.26366922
0,0.27062917
0,0.26606724
0,0.2667728
0,0.265365
0,0.2599365
0,0.26156247
0,0.26806006
0,0.25318658
0,0.2600595
0,0.25955695
0,0.25552654
0,0.24808669
0,0.2558081
0,0.24874529
0,0.26396525
0,0.25969747
0,0.254322
0,0.255663
0,0.25129768
0,0.263384
0,0.2530058
0,0.26563442
0,0.26170987
0,0.26935035
0,0.26778582
0,0.24960034
0,0.26079378
0,0.27514714
0,0.26444077
0,0.2737896
0,0.26912272
0,0.26182532
0,0.2642904
0,0.27155322
0,0.2738495
0,0.25379613
0,0.26093325
0,0.2525386
0,0.25786152
0,0.2640114
0,0.2634377
0,0.25800902
0,0.25980633
0,0.2635481
0,0.26411334
0,0.2516828
0,0.25684884
0,0.26731977
0,0.2622384
0,0.25484768
0,0.26918373
0,0.26946518
0,0.26361278
0,0.25133964
0,0.25852966
0,0.26270908
0,0.2587504
0,0.26604232
0,0.27015442
0,0.29408085
0,0.28933272
0,0.29188567
0,0.27192986
0,0.27182907
0,0.26340258
0,0.2654385
0,0.2704571
0,0.26771492
0,0.26100892
0,0.26403224
0,0.25914797
0,0.26086566
0,0.26275656
0,0.25356242
0,0.25282076
0,0.25572866
0,0.25176808
0,0.24800853
0,0.24788778
0,0.2637716
0,0.2527187
0,0.25431025
0,0.26384902
0,0.25822094
0,0.2633966
0,0.2584744
0,0.26341036
0,0.25803548
0,0.266356
0,0.2691123
0,0.26680055
0,0.27153
0,0.26303053
0,0.26902968
0,0.26647705
0,0.2694598
0,0.25868025
0,0.26593354
0,0.2641877
0,0.28064978
0,0.27021217
0,0.2709934
0,0.27408835
0,0.2714849
0,0.26926774
0,0.28144616
0,0.27894327
0,0.26223788
0,0.26516834
0,0.26609042
0,0.2639121
0,0.2650301
0,0.25713417
0,0.26439023
0,0.26150575
0,0.26289228
0,0.27142024
0,0.25593835
0,0.2694085
0,0.27614468
0,0.26543844
0,0.26513058
0,0.27189288
0,0.26622528
0,0.27268028
0,0.26651928
0,0.26165307
0,0.25469962
0,0.2769073
0,0.27629343
0,0.275398
0,0.2670689
0,0.26105836
0,0.25529343
0,0.26502845
0,0.27155042
0,0.26147097
0,0.25771064
0,0.25461444
0,0.2494452
0,0.2501293
0,0.25134826
0,0.24930829
0,0.26398027
0,0.26627335
0,0.25268316
0,0.25579083
0,0.26516277
0,0.26485935
0,0.25680986
0,0.26318225
0,0.25426012
0,0.2634625
0,0.26629627
0,0.25455317
0,0.2532503
0,0.25837088
0,0.26836932
0,0.26650488
0,0.25693652
0,0.27182454
0,0.25267836
0,0.25883728
0,0.26477802
0,0.26501158
0,0.26694772
0,0.26392332
0,0.26640603
0,0.26440835
0,0.255828
0,0.25957766
0,0.26203778
0,0.26083067
0,0.26329657
0,0.26190126
0,0.2634616
0,0.26113763
0,0.26711226
0,0.26231417
0,0.26440462
0,0.26111883
0,0.2620266
0,0.25985387
0,0.26078913
0,0.25855318
0,0.26510137
0,0.25965622
0,0.2616578
0,0.26928696
0,0.26473072
0,0.26161885
0,0.26119667
0,0.26950535
0,0.25754684
0,0.26837873
0,0.2626908
0,0.25835156
0,0.26343837
0,0.26563418
0,0.2620803
0,0.25788578
0,0.24980354
0,0.25152403
0,0.25473124
0,0.25254804
0,0.25614217
0,0.2545594
0,0.2673468
0,0.2574139
0,0.26238114
0,0.26047376
0,0.2616041
0,0.2664513
0,0.27469933
0,0.2730186
0,0.26568982
0,0.26994732
0,0.26418194
0,0.2702399
0,0.2698269
0,0.27339903
0,0.27070752
0,0.28854498
0,0.2896495
0,0.28555638
0,0.27247164
0,0.27806118
0,0.26216647
0,0.26666933
0,0.26507908
0,0.26738587
0,0.27888533
0,0.281386
0,0.33281055
0,0.32514602
0,0.31738317
0,0.32167804
0,0.3055087
0,0.29519397
0,0.2773532
0,0.2747066
0,0.2597613
0,0.2647541
0,0.27215376
0,0.27808303
0,0.26821473
0,0.27851853
0,0.26370263
0,0.26394558
0,0.26897743
0,0.26348346
0,0.26092803
0,0.26318994
0,0.25244796
0,0.25645295
0,0.2525632
0,0.26842913
0,0.25896335
0,0.2585464
0,0.26332608
0,0.25971094
0,0.25012684
0,0.25462446
0,0.24602963
0,0.26711103
0,0.25118312
0,0.2644116
0,0.25363657
0,0.25441492
0,0.2576743
0,0.25824994
0,0.24768434
0,0.25175846
0,0.24656937
0,0.24867225
0,0.24577148
0,0.24798985
0,0.24554655
0,0.24618043
0,0.25132105
0,0.25867835
0,0.25609085
0,0.26479194
0,0.27243826
0,0.2623328
0,0.26183438
0,0.25494412
0,0.25394258
0,0.26083416
0,0.25987467
0,0.2635921
0,0.26351735
0,0.26607025
0,0.26061276
0,0.26376233
0,0.3373389
0,0.2876162
0,0.28882855
0,0.26923788
0,0.2629712
0,0.2671703
0,0.26115134
0,0.26531005
0,0.2526168
0,0.26117262
0,0.24987942
0,0.25840658
0,0.25490713
0,0.26076087
0,0.27027866
0,0.2675901
0,0.2708103
0,0.65171576
0,0.4546295
0,0.3859089
0,0.33807522
0,0.3138844
0,0.28844008
0,0.28240028
0,0.39049333
0,0.38082546
0,0.31507722
0,0.29529044
0,0.27569175
0,0.28183827
0,0.26066512
0,0.26099664
0,0.26966864
0,0.25807932
0,0.25412008
0,0.24233875
0,0.23227246
0,0.2260172
0,0.21950573
0,0.22640991
0,0.22513616
0,0.23211537
0,0.23995367
0,0.25470552
0,0.25620696
0,0.25483382
0,0.25250942
0,0.2570678
0,0.24806213
0,0.25229624
0,0.25798318
0,0.2582611
0,0.26162982
0,0.25674546
0,0.24754357
0,0.24917252
0,0.24329096
0,0.24576208
0,0.25388378
0,0.24896123
0,0.24544464
0,0.25681642
0,0.25687087
0,0.26283288
0,0.26076385
0,0.26419467
0,0.2508587
0,0.26755515
0,0.26448756
0,0.26777864
0,0.2516593
0,0.26084095
0,0.26156497
0,0.26677343
0,0.26526746
0,0.2692774
0,0.2623376
0,0.26482752
0,0.25490382
0,0.26115546
0,0.25447866
0,0.2601331
0,0.28608373
0,0.2713008
0,0.26455787
0,0.26588678
0,0.26265576
0,0.27221838
0,0.27838123
0,0.2698846
0,0.260019
0,0.26289567
0,0.25387338
0,0.25880465
0,0.25260237
0,0.2565991
0,0.25023317
0,0.25499648
0,0.25646675
0,0.25687113
0,0.2652004
0,0.27187598
0,0.26456866
0,0.26211798
0,0.26016402
0,0.25884625
0,0.26557365
0,0.2602888
0,0.2516771
0,0.2548351
0,0.26074684
0,0.25703278
0,0.25532618
0,0.25427833
0,0.2707252
0,0.25976548
0,0.24957141
0,0.25215003
0,0.2575552
0,0.25391558
0,0.2476259
0,0.24890946
0,0.25030783
0,0.25118813
0,0.24618402
0,0.25996542
0,0.24939768
0,0.24945511
0,0.254236
0,0.2608543
0,0.25533542
0,0.26349324
0,0.2611636
0,0.26251674
0,0.26620674
0,0.26814127
0,0.27427754
0,0.27109075
0,0.26548296
0,0.26739717
0,0.26636297
0,0.26696914
0,0.2592637
0,0.2637627
0,0.25844166
0,0.26174846
0,0.2587301
0,0.2625053
0,0.25923726
0,0.2632123
0,0.25506234
0,0.2597559
0,0.2560194
0,0.25895593
0,0.25145686
0,0.25756067
0,0.24679683
0,0.26516667
0,0.2589683
0,0.26253363
0,0.25299934
0,0.2574341
0,0.24858128
0,0.2557996
0,0.2507949
0,0.24438961
0,0.25003982
0,0.25241578
0,0.25032482
0,0.25451383
0,0.25004902
0,0.25262868
0,0.24668127
0,0.25115255
0,0.24557884
0,0.24914925
0,0.24785075
0,0.24966909
0,0.24418499
0,0.25877655
0,0.26009616
0,0.25452483
0,0.26619864
0,0.2577792
0,0.26188624
0,0.25617415
0,0.2606544
0,0.26592007
0,0.26337498
0,0.26944542
0,0.26560748
0,0.25850344
0,0.2683009
0,0.26858318
0,0.25861242
0,0.25694397
0,0.2475397
0,0.26403356
0,0.26271695
0,0.27994484
0,0.26787186
0,0.27375135
0,0.27198416
0,0.27040187
0,0.27738497
0,0.27500007
0,0.29062214
0,0.29588112
0,0.2794992
0,0.27734348
0,0.25730863
0,0.2655964
0,0.25543466
0,0.26219875
0,0.2549773
0,0.26051074
0,0.25989962
0,0.26115128
0,0.24917756
0,0.25801033
0,0.2568116
0,0.26320735
0,0.24848086
1,0.25640807
1,0.25750855
1,0.25572547
1,0.25091088
1,0.25664827
1,0.25029615
1,0.25633
1,0.25448522
1,0.2564768
1,0.2439417
1,0.2522903
1,0.24993707
1,0.25289586
1,0.78035563
1,0.91580194
1,0.9918773
1,0.9970176
1,0.9952839
1,0.9966544
1,0.99588186
1,0.99445033
1,0.9906226
1,0.9844323
1,0.99747175
1,0.99805814
1,0.9982126
0,0.9982799
0,0.99773765
0,0.99729115
0,0.9904723
0,0.9856179
0,0.9790082
0,0.9672705
0,0.9400559
0,0.9228519
0,0.89738977
0,0.8783082
0,0.84879375
0,0.8121999
0,0.77865744
0,0.75286233
0,0.7068647
0,0.6701455
0,0.6293225
0,0.5533322
0,0.42373353
0,0.38159943
0,0.30513194
0,0.25397962
0,0.21766067
0,0.19308303
0,0.16872504
0,0.15186287
0,0.12876368
0,0.12124963
0,0.13065007
0,0.19996902
0,0.25401476
0,0.25808936
0,0.27793393
0,0.26547563
0,0.27186984
0,0.26374993
0,0.25563285
0,0.26186588
0,0.256254
0,0.25615263
0,0.25296745
0,0.25411743
0,0.25987938
0,0.2602443
0,0.2505321
0,0.26403672
0,0.2508409
0,0.26431495
0,0.25918147
0,0.2664395
0,0.25606403
0,0.25506377
0,0.26381776
0,0.26839522
0,0.25211614
0,0.2633537
0,0.2586925
0,0.26462135
0,0.26250476
0,0.26506665
0,0.2627268
0,0.26494208
0,0.26397222
0,0.26988056
0,0.26178938
0,0.26455724
0,0.25952518
0,0.2556573
0,0.26930493
0,0.2661161
0,0.25459975
0,0.2606132
0,0.2557311
0,0.25969148
0,0.24448039
0,0.25479054
0,0.2507249
0,0.2562513
0,0.24915986
0,0.2554241
0,0.25594074
0,0.2600725
0,0.25266373
0,0.25758764
0,0.2524699
0,0.26771182
0,0.2663949
0,0.26333055
0,0.2554065
0,0.25772905
0,0.26263124
0,0.26380196
0,0.2583302
0,0.25892118
0,0.25772423
0,0.2572718
0,0.25438648
0,0.2552987
0,0.25609395
0,0.2552125
0,0.2535859
0,0.25457883
0,0.2521766
0,0.2525111
0,0.24769172
0,0.25248185
0,0.24795313
0,0.26022482
0,0.2609759
0,0.2748602
0,0.26771033
0,0.27241588
0,0.25873342
0,0.25707254
0,0.256331
0,0.26222125
0,0.26532283
0,0.2614757
0,0.25603625
0,0.25745028
0,0.24966162
0,0.25368991
0,0.25045475
0,0.25443986
0,0.25410217
0,0.2545975
0,0.26049748
0,0.25733986
0,0.25125936
0,0.2528197
0,0.24883266
0,0.26270032
0,0.26190358
0,0.25757325
0,0.26201022
0,0.25642702
0,0.2537949
0,0.26910266
0,0.2538605
0,0.2651549
0,0.26334062
0,0.25759912
0,0.2614893
0,0.2668096
0,0.2627357
0,0.25657272
0,0.26371437
0,0.26146317
0,0.26123372
0,0.26664984
0,0.26417536
0,0.2681479
0,0.26053357
0,0.25587875
0,0.2647273
0,0.2670964
0,0.2629849
0,0.26674613
0,0.2683709
0,0.26950368
0,0.26415348
0,0.2697077
0,0.26327628
0,0.2556681
0,0.24928214
0,0.2485179
0,0.25681326
0,0.26022124
0,0.2570037
0,0.2604748
0,0.25671133
0,0.2617764
0,0.25725022
0,0.2508725
0,0.25306243
0,0.27011994
0,0.25879988
0,0.26225752
0,0.2759476
0,0.26882812
0,0.2835876
0,0.30237445
0,0.31101128
0,0.31453294
0,0.3167431
0,0.3144582
0,0.2846772
0,0.28659296
0,0.28210896
0,0.2738424
0,0.26813537
0,0.27777326
0,0.26434737
0,0.26504746
0,0.26232952
0,0.26163766
0,0.25643292
0,0.2591261
0,0.26445454
0,0.27151853
0,0.2550491
0,0.25878277
0,0.25325173
0,0.25575924
0,0.2575794
0,0.25909042
0,0.25196853
0,0.2612803
0,0.24915767
0,0.25299844
0,0.27147043
0,0.2606434
0,0.26407027
0,0.2689406
0,0.25962055
0,0.25676084
0,0.2599652
0,0.26080632
0,0.26194054
0,0.267216
0,0.27888858
0,0.28704903
0,0.27222484
0,0.27521476
0,0.2676084
0,0.28045112
0,0.27171585
0,0.27037227
0,0.26528507
0,0.27140778
0,0.265237
0,0.26813895
0,0.2644273
0,0.2561798
0,0.25679037
0,0.2619879
0,0.25733426
0,0.2734067
0,0.26207325
0,0.26535937
0,0.27172711
0,0.2677228
0,0.2657485
0,0.2652717
0,0.25970507
0,0.25161296
0,0.25645038
0,0.2588394
0,0.251827
0,0.25819436
0,0.25883958
0,0.25906864
0,0.26479983
0,0.2758462
0,0.265348
0,0.26311994
0,0.2558867
0,0.25850576
0,0.26400954
0,0.26431084
0,0.25888485
0,0.25899768
0,0.25214162
0,0.25518894
0,0.24957092
0,0.26430014
0,0.26317847
0,0.26395813
0,0.2500373
0,0.26945204
0,0.253711
0,0.25635245
0,0.26006848
0,0.25685802
0,0.25150642
0,0.25336257
0,0.25790986
0,0.2604723
0,0.25380296
0,0.2533368
0,0.24768974
0,0.25996643
0,0.25868762
0,0.26487318
0,0.25499067
0,0.2536478
0,0.25652504
0,0.25738105
0,0.24937737
0,0.2612319
0,0.2593497
0,0.2656831
0,0.26084787
0,0.25524768
0,0.25726864
0,0.25323012
0,0.2553686
0,0.25681517
0,0.2567128
0,0.25183213
0,0.2555131
0,0.26048243
0,0.25694284
0,0.26395684
0,0.25770515
0,0.25296825
0,0.2534926
0,0.25456843
0,0.26389977
0,0.26216346
0,0.26170048
0,0.25782615
0,0.2654548
0,0.25293398
0,0.26318705
0,0.26237443
0,0.4364989
0,0.41816047
0,0.3426796
0,0.31492993
0,0.30051446
0,0.28718892
0,0.2835306
0,0.27588382
0,0.28694943
0,0.27354655
0,0.2746081
0,0.26809272
0,0.26291007
0,0.26276597
0,0.28598526
0,0.2700135
0,0.2702274
0,0.26442727
0,0.26525322
0,0.26128665
0,0.26409
0,0.26012334
0,0.25637177
0,0.2567146
0,0.26387903
0,0.268951
0,0.2651058
0,0.26013175
0,0.2619419
0,0.26879755
0,0.2656781
0,0.2747077
0,0.26118734
0,0.2584852
0,0.27556112
0,0.26125544
0,0.262224
0,0.26175696
0,0.2605052
0,0.2662602
0,0.2563672
0,0.26281005
0,0.26103345
0,0.26605383
0,0.27710608
0,0.2614329
0,0.2610189
0,0.28890947
0,0.2700946
0,0.2619435
0,0.2609109
0,0.2594684
0,0.2592233
0,0.26464772
0,0.2588456
0,0.2542057
0,0.2547283
0,0.2614471
0,0.26301417
0,0.2528285
0,0.26506355
0,0.27498722
0,0.2562037
0,0.2745131
0,0.26239684
0,0.26390052
0,0.25512224
0,0.25989872
0,0.2665919
0,0.26831672
0,0.25948346
0,0.2616144
0,0.25578976
0,0.26488912
0,0.25697535
0,0.26280564
0,0.25201762
0,0.2568401
0,0.26697424
0,0.26942605
0,0.26328862
0,0.26232404
0,0.2772183
0,0.26661286
0,0.27347463
0,0.26665732
0,0.2679858
0,0.27756515
0,0.26008698
0,0.26838586
0,0.25824857
0,0.2587185
0,0.28277314
0,0.28682318
0,0.2866103
0,0.2719648
0,0.27201012
0,0.27828044
0,0.27543065
0,0.26485896
0,0.26175478
0,0.2685276
0,0.259373
0,0.25642157
0,0.26115927
0,0.2557212
0,0.2598349
0,0.2545182
0,0.25400427
0,0.26239926
0,0.26489145
0,0.26879522
0,0.2674139
0,0.26899675
0,0.26527336
0,0.25704747
0,0.25118554
0,0.24982919
0,0.26150867
0,0.26583666
0,0.2630432
0,0.26512706
0,0.27183193
0,0.25705832
0,0.25787652
0,0.26191044
0,0.28019676
0,0.29838187
0,0.27500027
0,0.27390337
0,0.26534733
0,0.26777607
0,0.2746242
0,0.2685726
0,0.25691628
0,0.26149714
0,0.2582401
0,0.25980985
0,0.26712504
0,0.2629256
0,0.2686598
0,0.26449943
0,0.26902628
0,0.28144553
0,0.28919306
0,0.27379355
0,0.27175525
0,0.27693048
0,0.27898327
0,0.26851076
0,0.27227044
0,0.26538125
0,0.25791308
0,0.25962916
0,0.25393447
0,0.26642206
0,0.26489657
0,0.25972617
0,0.26495358
0,0.26991937
0,0.2672794
0,0.26168656
0,0.26777703
0,0.2637217
0,0.25285265
0,0.25414047
0,0.25945988
0,0.25505665
0,0.24902052
0,0.25082043
0,0.2661619
0,0.2671257
0,0.26433188
0,0.25687543
0,0.24984795
0,0.26053235
0,0.24914876
0,0.25981456
0,0.25300956
0,0.26501134
0,0.2661193
0,0.25508854
0,0.27111533
0,0.27241954
0,0.25881132
0,0.25618622
0,0.25828117
0,0.2617758
0,0.25388587
0,0.25262168
0,0.25413316
0,0.26052767
0,0.26440778
0,0.26306382
0,0.2546773
0,0.26308465
0,0.25776044
0,0.27198416
0,0.26154187
0,0.2629274
0,0.25339317
0,0.26938942
0,0.258966
0,0.26439673
0,0.26987767
0,0.26496863
0,0.25964162
0,0.2630731
0,0.25383756
0,0.2579684
0,0.26894695
0,0.27024102
0,0.26008633
0,0.24982695
0,0.2548408
0,0.26744613
0,0.257003
0,0.25751328
0,0.26703563
0,0.26077968
0,0.26339874
0,0.25980893
0,0.2654298
0,0.25994375
0,0.26899394
0,0.27878436
0,0.27302435
0,0.26779744
0,0.25842655
0,0.25784957
0,0.27236408
0,0.27262506
0,0.25652012
0,0.26820174
0,0.25304773
0,0.26744476
0,0.4465448
0,0.428532
0,0.34396532
0,0.3225215
0,0.3020724
0,0.28180233
0,0.29118842
0,0.28974375
0,0.27798808
0,0.2775543
0,0.28220603
0,0.27714512
0,0.26170874
0,0.27335677
0,0.2669351
0,0.25895667
0,0.2611613
0,0.25512323
0,0.2581741
0,0.26189113
0,0.2487319
0,0.25857192
0,0.26931885
0,0.26811284
0,0.26143134
0,0.26945034
0,0.2535666
0,0.2681219
0,0.2609106
0,0.24988675
0,0.2495074
0,0.24678704
0,0.2562403
0,0.26077864
0,0.2563261
1,0.2613578
1,0.25685978
1,0.26037228
1,0.27192318
1,0.26582733
1,0.2698139
1,0.2654454
1,0.2705065
1,0.26557642
1,0.269772
1,0.2685753
1,0.26057452
1,0.2655049
1,0.39790565
1,0.35776612
1,0.8443842
0,0.9549965
0,0.9733897
0,0.97825336
0,0.94452435
0,0.9053828
0,0.84581447
0,0.7458297
0,0.65293336
0,0.54706275
0,0.4560875
0,0.407506
0,0.32718718
0,0.27453777
0,0.23547527
0,0.2012514
0,0.17354283
0,0.15150148
0,0.13691306
0,0.13288839
0,0.12651333
0,0.12385211
0,0.119809136
0,0.11885875
0,0.119282894
0,0.1201625
0,0.12301363
0,0.12757893
0,0.1349063
0,0.14506571
0,0.20202175
0,0.24653319
0,0.25133723
0,0.24910283
0,0.24810521
0,0.24937068
0,0.24295709
0,0.24750721
0,0.25940418
0,0.26083526
0,0.26054442
0,0.2530759
0,0.26479647
0,0.26693937
0,0.25598562
0,0.25841215
0,0.25502113
0,0.25574622
0,0.25196016
0,0.2537942
0,0.2577277
0,0.26486945
0,0.2604194
0,0.25709322
0,0.26704422
0,0.25325277
0,0.25573996
0,0.24957745
0,0.25796357
0,0.25456467
0,0.25415793
0,0.25338596
0,0.2580929
0,0.25511155
0,0.24910899
0,0.25041032
0,0.24459916
0,0.2469612
0,0.24967276
0,0.24975953
0,0.24234615
0,0.25012958
0,0.252551
0,0.24793062
0,0.25548142
0,0.25519437
0,0.24429151
0,0.25060928
0,0.24659096
0,0.25000405
0,0.24746056
0,0.2549496
0,0.25760928
0,0.24928486
0,0.2531853
0,0.24646401
0,0.25643012
0,0.2634428
0,0.2585508
0,0.25653577
0,0.25588605
0,0.25296283
0,0.25317568
0,0.25091037
0,0.25700617
0,0.25132197
0,0.2494649
0,0.2594961
0,0.26239997
0,0.25436968
0,0.2573002
0,0.26326966
0,0.25592303
0,0.26515457
0,0.25377956
0,0.2537874
0,0.2528013
0,0.25050732
0,0.2500268
0,0.24874751
0,0.24751388
0,0.25105354
0,0.25671935
0,0.26496547
0,0.24935916
0,0.2534151
0,0.25903657
0,0.255139
0,0.25075698
0,0.24746223
0,0.24686442
0,0.25524274
0,0.25479236
0,0.25230697
0,0.24165949
0,0.24697872
0,0.24380498
0,0.25739393
0,0.25798184
0,0.25676695
0,0.25556773
0,0.25158793
0,0.2617302
0,0.24757066
0,0.25399914
0,0.2584927
0,0.2516238
0,0.25685453
0,0.25377405
0,0.26269975
0,0.2557551
0,0.25844514
0,0.24992223
0,0.25661045
0,0.2480777
0,0.26375642
0,0.2573922
0,0.2661682
0,0.25664228
0,0.25867102
0,0.2708651
0,0.26197916
0,0.2496716
0,0.26167053
0,0.25282288
0,0.254102
0,0.24880098
0,0.25463188
0,0.25260717
0,0.263468
0,0.25158104
0,0.25697255
0,0.25477389
0,0.25185305
0,0.25006735
0,0.24899633
0,0.24960643
0,0.24901043
0,0.24718532
0,0.24731347
0,0.2482764
0,0.25058913
0,0.24900018
0,0.2464942
0,0.24696262
0,0.2602516
0,0.25071526
0,0.2535543
0,0.25814915
0,0.25496227
0,0.25408766
0,0.2532224
0,0.25443304
0,0.2544822
0,0.24740784
0,0.25865448
0,0.24893017
0,0.25502846
0,0.25556177
0,0.25930387
0,0.2592832
0,0.25409475
0,0.25563636
0,0.24804203
0,0.25091928
0,0.25990587
0,0.25712842
0,0.25390112
0,0.25970823
0,0.25438184
0,0.24918637
0,0.25418043
0,0.25185594
0,0.250355
0,0.26057562
0,0.25292826
0,0.25164393
0,0.24987343
0,0.25061092
0,0.2504162
0,0.25452852
0,0.2612247
0,0.25955325
0,0.26362243
0,0.25783926
0,0.262425
0,0.2608393
0,0.26046467
0,0.25852033
0,0.25632837
0,0.2545068
0,0.26424107
0,0.25703967
0,0.25817913
0,0.25559452
0,0.26694942
0,0.2834945
0,0.2723292
0,0.26864186
0,0.26645774
0,0.26820433
0,0.26343086
0,0.25468427
0,0.2637261
0,0.26245394
0,0.26644775
0,0.25657934
0,0.26013097
0,0.25920573
0,0.26076117
0,0.2576113
0,0.2545381
0,0.26151633
0,0.25817937
0,0.26089537
0,0.2692624
0,0.25685912
0,0.26483807
0,0.2551737
0,0.26396936
0,0.26327834
0,0.25995722
0,0.25875744
0,0.26511574
0,0.2548352
0,0.25658616
0,0.2578336
0,0.2573821
0,0.257827
0,0.26535234
0,0.26557133
0,0.26670435
0,0.26149166
0,0.2667886
0,0.2532824
0,0.26422855
0,0.33151817
0,0.29968098
0,0.27712235
0,0.26904702
0,0.26100215
0,0.2674381
0,0.2608944
0,0.25582173
0,0.26349452
0,0.25577366
0,0.25391877
0,0.25585267
0,0.25252482
0,0.25953797
0,0.25210035
0,0.25572175
0,0.24695602
0,0.25319007
0,0.25209478
0,0.25348428
0,0.24404708
0,0.2556449
0,0.25392443
0,0.25780413
0,0.25239244
0,0.25336328
0,0.254212
0,0.25235966
0,0.2702668
0,0.25940236
0,0.25076684
0,0.25170788
0,0.25498033
0,0.2524051
0,0.25002804
0,0.25091684
0,0.24747391
0,0.251896
0,0.25322995
0,0.26083252
0,0.2479733
0,0.25482532
0,0.26673418
0,0.29560348
0,0.27655467
0,0.27237788
0,0.2581282
0,0.26779902
0,0.25900683
0,0.26443812
0,0.26552606
0,0.26544967
0,0.25977212
0,0.25883612
0,0.27779832
0,0.29122186
0,0.2744976
0,0.27971357
0,0.2611997
0,0.26701874
0,0.2565642
0,0.2557956
0,0.25915098
0,0.2622915
0,0.26720208
0,0.2763084
0,0.26817888
0,0.2689587
0,0.26892704
0,0.25937375
0,0.261485
0,0.26150766
0,0.25288066
0,0.25187632
0,0.25153354
0,0.25261438
0,0.25120777
0,0.25556538
0,0.24867573
0,0.26665747
0,0.24928686
0,0.26423714
0,0.26382408
0,0.26499844
0,0.2886784
0,0.3041518
0,0.29975304
0,0.29996055
0,0.30043864
0,0.29903024
0,0.2811254
0,0.291101
0,0.274573
0,0.2743039
0,0.26676795
0,0.2620235
0,0.2718921
0,0.26344278
0,0.26336443
0,0.26801988
0,0.26096433
0,0.25914055
0,0.25625277
0,0.25866178
0,0.2588686
0,0.2646072
0,0.26504454
0,0.2604337
0,0.25894085
0,0.26470977
0,0.26026848
0,0.27038026
0,0.25490928
0,0.2573327
0,0.25177237
0,0.2514154
0,0.25543028
0,0.25594735
0,0.2553834
0,0.25672826
0,0.25795588
0,0.26357728
0,0.26012313
0,0.26527622
0,0.25864333
0,0.26472262
0,0.25600713
0,0.2603835
0,0.2600136
0,0.26978108
0,0.25981304
0,0.2584164
0,0.25548887
0,0.25503486
0,0.25121298
0,0.25279665
0,0.25177914
0,0.2566123
0,0.2514721
0,0.2526016
0,0.24889211
0,0.2624081
0,0.2593912
0,0.25683373
0,0.2532673
0,0.25390926
0,0.25032327
0,0.25100473
0,0.24936014
0,0.25596452
0,0.24901383
0,0.2514977
0,0.25801244
0,0.25690722
0,0.24934703
0,0.24937336
0,0.24595365
0,0.24785203
0,0.24396595
0,0.27844298
0,0.27484205
0,0.2636752
0,0.26799157
0,0.26473665
0,0.25394312
0,0.26384947
0,0.26549816
0,0.2608921
0,0.25401312
0,0.26147085
0,0.27246335
0,0.26108027
0,0.25649822
0,0.2572456
0,0.26186773
0,0.27403054
0,0.26457858
0,0.26089612
0,0.25933394
0,0.27056614
0,0.26364356
0,0.2680335
0,0.26267973
0,0.25835213
0,0.25904098
0,0.25579047
0,0.2693546
0,0.2664242
0,0.2627719
0,0.2692
0,0.2617775
0,0.25794294
0,0.26004285
0,0.25860575
0,0.2561431
0,0.26187304
0,0.25624195
0,0.2579485
0,0.2631815
0,0.26969588
0,0.2672902
0,0.279366
0,0.2765839
0,0.2748533
0,0.2747902
0,0.26917082
0,0.26082975
0,0.26049864
0,0.25752738
0,0.2611086
0,0.26085392
0,0.25764102
0,0.26178804
0,0.25571698
0,0.26157823
0,0.2564756
0,0.2516926
0,0.25217503
0,0.24881804
0,0.25416127
0,0.25520545
0,0.25103247
0,0.25251877
0,0.25104034
0,0.26072046
0,0.27088043
0,0.26426092
0,0.26177073
0,0.26989907
0,0.26843998
0,0.26480585
0,0.27035677
0,0.26821914
0,0.26328626
0,0.25655618
0,0.26673633
0,0.2693608
0,0.26244214
0,0.26162788
0,0.25839052
0,0.2637442
0,0.25814277
0,0.2690882
0,0.28266189
0,0.277591
0,0.26796472
0,0.25791702
0,0.25785267
0,0.2644013
0,0.2627089
0,0.26259717
0,0.2676987
0,0.2601125
0,0.2570802
0,0.25608778
0,0.26308203
0,0.2588904
0,0.26278815
0,0.25301358
0,0.25780568
0,0.27109298
0,0.2622816
0,0.25275168
0,0.2615523
0,0.2625341
0,0.2644077
0,0.25794387
0,0.2520892
0,0.25343928
0,0.25876537
0,0.25099072
0,0.26516825
0,0.2548995
0,0.25992918
0,0.25173736
0,0.26383775
0,0.25679722
0,0.26539683
0,0.26507887
0,0.26102754
0,0.26664895
0,0.26765648
0,0.25847024
0,0.26191336
0,0.25803578
0,0.25481737
0,0.26916894
0,0.26795042
0,0.2607951
0,0.25944886
0,0.26193398
0,0.2551853
0,0.2557379
0,0.25192747
0,0.25189346
0,0.25494984
0,0.27200076
0,0.27537355
0,0.27895257
0,0.27878955
0,0.28445807
0,0.27767017
0,0.26205587
0,0.27948543
0,0.268633
0,0.26858947
0,0.28723362
0,0.27814496
0,0.267653
0,0.26416853
0,0.26791674
0,0.2610314
0,0.25138855
0,0.25486135
0,0.2586256
0,0.26414755
0,0.26777855
0,0.26553804
0,0.26394844
0,0.2618795
0,0.26565045
0,0.26444015
0,0.259484
0,0.26655945
0,0.25811777
0,0.26712766
0,0.2813206
0,0.27529544
0,0.2802006
0,0.271362
0,0.2593987
0,0.27375185
0,0.25765753
0,0.2626139
0,0.2603575
0,0.26034352
0,0.25517717
0,0.263385
0,0.2557602
0,0.25756907
0,0.2533657
0,0.250187
0,0.24754143
0,0.25185522
0,0.24915326
0,0.25208142
0,0.26409847
0,0.25720245
0,0.25453976
0,0.26477438
0,0.25773817
0,0.2765225
0,0.296569
0,0.2809742
0,0.27634397
0,0.27286088
0,0.26064062
0,0.26021728
0,0.2810868
0,0.28169498
0,0.28035432
0,0.28839722
0,0.2843954
0,0.28589508
0,0.27213323
0,0.26494223
0,0.26877198
0,0.25926375
0,0.26002625
0,0.2551466
0,0.2690941
0,0.26792255
0,0.25827098
0,0.25646657
0,0.25149226
0,0.25614902
0,0.24818593
0,0.25276488
0,0.24532962
0,0.2503772
0,0.24622688
0,0.24946846
0,0.24815932
0,0.25654826
0,0.25044912
0,0.25165027
0,0.254972
0,0.27344176
0,0.2567642
0,0.2698635
0,0.26546857
0,0.25885072
0,0.2514225
0,0.2525718
0,0.24615003
0,0.24892358
0,0.24667798
0,0.24860483
0,0.28180707
0,0.26228362
0,0.2601743
0,0.2556107
0,0.25526932
0,0.25202525
0,0.25366974
0,0.25443524
0,0.247621
0,0.24924394
0,0.2482007
0,0.25275284
0,0.24553542
0,0.25131923
0,0.24523072
0,0.25108165
0,0.25278383
0,0.25391278
0,0.24507108
0,0.24994047
0,0.2743731
0,0.2611315
0,0.2609605
0,0.26370168
0,0.25326863
0,0.24882
0,0.258777
0,0.26446164
0,0.24950387
0,0.25655386
0,0.2474607
0,0.25821605
0,0.25974798
0,0.25530913
0,0.24922416
0,0.25379193
0,0.24509713
0,0.24779479
0,0.25779405
0,0.25731397
0,0.25892118
0,0.25503972
0,0.2490939
0,0.24947163
0,0.24930605
0,0.2542533
0,0.25367624
0,0.25014615
0,0.24930243
0,0.24815114
0,0.24662584
0,0.24571076
0,0.24435341
0,0.25407225
0,0.25105676
0,0.25465006
0,0.25157076
0,0.25353304
0,0.25124133
0,0.2530271
0,0.25875422
0,0.25498
0,0.26083335
0,0.2624369
0,0.2712653
0,0.26170525
0,0.25532538
0,0.2561967
0,0.25435865
0,0.26016006
0,0.26133946
0,0.2605569
0,0.25430402
0,0.2547547
0,0.247976
0,0.25627276
0,0.2740703
0,0.2593575
0,0.25044212
0,0.251888
0,0.24572894
0,0.24689254
0,0.2548101
0,0.2548223
0,0.2643263
0,0.25587016
0,0.25580436
0,0.2656811
0,0.27943775
0,0.26711115
0,0.26915267
0,0.26373032
0,0.26302066
0,0.2590923
0,0.26070824
0,0.2658403
0,0.3019681
0,0.30586484
0,0.30239156
0,0.29095715
0,0.29446542
0,0.29037514
0,0.28570104
0,0.29864475
0,0.2928727
0,0.29613653
0,0.2754074
0,0.2724961
0,0.2668392
0,0.26855344
0,0.2650969
0,0.26696858
0,0.25684118
0,0.25871664
0,0.25986055
0,0.25592127
0,0.2598004
0,0.25986823
0,0.26319063
0,0.25744563
0,0.26475805
0,0.26460865
0,0.25456995
0,0.25391388
0,0.253133
0,0.2512442
0,0.26291603
0,0.25313464
0,0.26136363
0,0.25976393
0,0.26444855
0,0.26040304
0,0.26716384
0,0.26160318
0,0.26255986
0,0.2690744
0,0.2657201
0,0.26413724
0,0.25587833
0,0.27145225
0,0.25569776
0,0.26120725
0,0.2536263
0,0.25380197
0,0.25542048
0,0.25873604
0,0.2569427
0,0.2543731
0,0.25996742
0,0.2578859
0,0.2518525
0,0.2519483
0,0.25418192
0,0.25591886
0,0.25155255
0,0.2534834
0,0.24883823
0,0.25064486
0,0.25089228
0,0.2529397
0,0.2684432
0,0.26445353
0,0.281232
0,0.28647533
0,0.30261326
0,0.29334575
0,0.27715304
0,0.27376094
0,0.26399252
0,0.2617101
0,0.25720525
0,0.25649604
0,0.255031
0,0.25368863
0,0.25446558
0,0.2649937
0,0.27039564
0,0.2794581
0,0.26224843
0,0.26275128
0,0.2768345
0,0.2736813
0,0.27943572
0,0.27804244
0,0.27004227
0,0.26169154
0,0.2602081
0,0.2625956
0,0.2588521
0,0.25506115
0,0.25874606
0,0.2613369
0,0.2880618
0,0.29841068
0,0.2684714
0,0.27245206
0,0.26735938
0,0.26420426
0,0.26077688
0,0.25875837
0,0.26469174
0,0.25899145
0,0.25652823
0,0.26141763
0,0.25742078
0,0.25672454
0,0.25183117
0,0.25766286
0,0.2520532
0,0.25242698
0,0.2564599
0,0.2542836
0,0.2596827
0,0.25522634
0,0.24623865
0,0.25398272
0,0.24971795
0,0.2530492
0,0.24505913
0,0.24755694
0,0.2553191
0,0.25993642
0,0.25267237
0,0.25171068
0,0.25383878
0,0.25446263
0,0.2555234
0,0.2617704
0,0.25755644
0,0.26210517
0,0.26870131
0,0.28149384
0,0.3522294
0,0.33189404
0,0.29784128
0,0.29567567
0,0.302888
0,0.30831912
0,0.30099824
0,0.29683647
0,0.3167571
0,0.33448234
0,0.30955896
0,0.31155702
0,0.28900707
0,0.28023815
0,0.2761431
0,0.2719387
0,0.27274847
0,0.27128065
0,0.281739
0,0.28847286
0,0.3001744
0,0.29938313
0,0.2770024
0,0.27198434
0,0.26192257
0,0.25805467
0,0.2602207
0,0.25532863
0,0.26398742
0,0.26139998
0,0.25857523
0,0.25920674
0,0.2588048
0,0.26332653
0,0.25266844
0,0.25278822
0,0.2514837
0,0.25045475
0,0.2571433
0,0.28649595
0,0.26564848
0,0.2634428
0,0.2565141
0,0.2657612
0,0.2624241
0,0.26136473
0,0.26387283
0,0.268446
0,0.2555957
0,0.26134986
0,0.2538045
0,0.25776553
0,0.25899416
0,0.26039112
0,0.2683227
0,0.2676217
0,0.25930756
0,0.25809318
0,0.25587508
0,0.2524304
0,0.2718848
0,0.2783358
0,0.27041298
0,0.26883036
0,0.28052542
0,0.27684534
0,0.26789027
0,0.27692378
0,0.27201352
0,0.26077414
0,0.27231336
0,0.2722113
0,0.26497188
0,0.26720458
0,0.2734348
0,0.2657341
0,0.26129162
0,0.260617
0,0.2579079
0,0.25684738
0,0.26278365
0,0.2640653
0,0.2652554
0,0.2587505
0,0.25439996
0,0.26346865
0,0.25629997
0,0.2538827
0,0.26190796
0,0.2587096
0,0.26657492
0,0.2564777
0,0.25920033
0,0.2537865
0,0.25146663
0,0.24981338
0,0.2512805
0,0.2564296
0,0.24623547
0,0.2522244
0,0.24801953
0,0.25102606
0,0.25034547
0,0.25628605
0,0.24608162
0,0.255871
0,0.24449264
0,0.24892741
0,0.2494703
0,0.25510693
0,0.2536242
0,0.2519417
0,0.2564726
0,0.25304583
0,0.25752467
0,0.25361064
0,0.25091988
0,0.25056198
0,0.25477684
0,0.25615135
0,0.2523301
0,0.25034475
0,0.25091246
0,0.24623325
0,0.25489756
0,0.25489336
0,0.24746023
0,0.24711257
0,0.24708408
0,0.24707052
0,0.25454047
0,0.25916034
0,0.2561698
0,0.2627511
0,0.2705718
0,0.2630808
0,0.26622957
0,0.2563852
0,0.25378117
0,0.26396567
0,0.255229
0,0.2573285
0,0.24901979
0,0.2627762
0,0.25361812
0,0.25504148
0,0.25840577
0,0.2593189
0,0.25363395
0,0.24733184
0,0.25153252
0,0.25936362
0,0.2610343
0,0.2731831
0,0.27531224
0,0.27585912
0,0.28808403
0,0.2753046
0,0.28024888
0,0.26658276
0,0.259928
0,0.25856578
0,0.26382282
0,0.25590616
0,0.25427517
0,0.25154805
0,0.2515079
0,0.26022226
0,0.26158786
0,0.25861496
0,0.25586373
0,0.26818857
0,0.25892767
0,0.26644108
0,0.264337
0,0.2651346
0,0.2588656
0,0.25796232
0,0.2600578
0,0.25795993
0,0.26482198
0,0.2593649
0,0.26149157
0,0.2600934
0,0.26287574
0,0.26871124
0,0.2674839
0,0.25952303
0,0.26470217
0,0.2628543
0,0.2566756
0,0.26026514
0,0.25885266
0,0.25929728
0,0.25178304
0,0.25601855
0,0.25968072
0,0.25903207
0,0.25416344
0,0.2621199
0,0.25505102
0,0.26092383
0,0.2557533
0,0.26081896
0,0.25723135
0,0.26247793
0,0.25456938
0,0.256154
0,0.259482
0,0.2561381
0,0.25629884
0,0.26451233
0,0.26401457
0,0.26587555
0,0.25678563
0,0.26108652
0,0.24969128
0,0.25322038
0,0.25061688
0,0.25013995
0,0.2477795
0,0.2571219
0,0.25114617
0,0.25691757
0,0.25664702
0,0.2629047
0,0.256614
0,0.25305635
0,0.27443635
0,0.2625027
0,0.25513566
0,0.25267217
0,0.2582191
0,0.25245622
0,0.25181276
0,0.2539269
0,0.26455352
0,0.26035935
0,0.27000844
0,0.25658876
0,0.2694313
0,0.26494163
0,0.2647787
0,0.25930697
0,0.2520088
0,0.25361252
0,0.25870562
0,0.26552185
0,0.2549463
0,0.26036346
0,0.2534366
0,0.25888816
0,0.2546449
0,0.25524014
0,0.25177032
0,0.25351498
0,0.24810858
0,0.26404616
0,0.25195295
0,0.25160223
0,0.2504405
0,0.2523233
0,0.2455943
0,0.25489435
0,0.259563
0,0.25424254
0,0.24497795
0,0.24831642
0,0.2443373
0,0.25939083
0,0.251565
0,0.24844827
0,0.2442237
0,0.24468604
0,0.2459894
0,0.24928592
0,0.2555345
0,0.25441346
0,0.24262
0,0.25176996
0,0.25519976
0,0.2530507
0,0.25053182
0,0.25266722
0,0.25120854
0,0.2507729
0,0.24880917
0,0.24983196
0,0.24685645
0,0.24758448
0,0.25992393
0,0.2524726
0,0.2510113
0,0.24923752
0,0.2458745
0,0.24604797
0,0.25280544
0,0.25909644
0,0.25101882
0,0.24912341
0,0.25158802
0,0.25244454
0,0.2472477
0,0.25115174
0,0.2545335
0,0.26511055
0,0.26032498
0,0.263249
0,0.27396035
0,0.2690373
0,0.25423622
0,0.25651422
0,0.24925911
0,0.2521676
0,0.24932845
0,0.25083512
0,0.24363507
0,0.24822353
0,0.24454542
0,0.24836798
0,0.24513204
0,0.24812722
0,0.24013545
0,0.24781026
0,0.25598896
0,0.25315526
0,0.24934961
0,0.24936263
0,0.24139272
0,0.2458201
0,0.24429736
0,0.24592057
0,0.24413368
0,0.2490033
0,0.24998294
0,0.25759125
0,0.25321233
0,0.25450218
0,0.24780644
0,0.24731103
0,0.24717316
0,0.2599887
0,0.25086558
0,0.25310686
0,0.25172505
0,0.26707727
0,0.2551511
0,0.25684324
0,0.24657305
0,0.25092733
0,0.24817279
0,0.25715756
0,0.24988961
0,0.25192207
0,0.24908012
0,0.25236294
0,0.25403076
0,0.2541408
0,0.2460004
0,0.24813457
0,0.24906614
0,0.25620323
0,0.25758666
0,0.25311768
0,0.24887928
0,0.24917948
0,0.25010848
0,0.2492572
0,0.24902523
0,0.2492808
0,0.24865614
0,0.2468474
0,0.24036886
0,0.24640578
0,0.24736993
0,0.24563593
0,0.24542052
0,0.25114286
0,0.24998274
0,0.25266126
0,0.25559196
0,0.26020703
0,0.24654648
0,0.24695645
0,0.24606475
0,0.25092334
0,0.24658279
0,0.2553381
0,0.24278006
0,0.25512692
0,0.2469255
0,0.2501039
0,0.24529219
0,0.26832518
0,0.2603477
0,0.26099443
0,0.25649935
0,0.25518999
0,0.25135687
0,0.25218797
0,0.24580221
0,0.25019917
0,0.24844499
0,0.2498223
0,0.25194517
0,0.25075296
0,0.25754163
0,0.25284776
0,0.2532082
0,0.25763226
0,0.25035155
0,0.25882104
0,0.24908757
0,0.25419462
0,0.24796619
0,0.25154608
0,0.2578364
0,0.2620271
0,0.255623
0,0.2531201
0,0.25298148
0,0.26581216
0,0.2530089
0,0.2502797
0,0.2474542
0,0.2521769
0,0.24958543
0,0.25299627
0,0.2513437
0,0.25335884
0,0.25181648
0,0.25293186
0,0.2489827
0,0.2637117
0,0.25019416
0,0.25239775
0,0.2457916
0,0.2495164
0,0.24799967
0,0.24938451
0,0.24935621
0,0.24887304
0,0.24562855
0,0.24793597
0,0.25184408
0,0.25585216
0,0.26611277
0,0.25641337
0,0.26220697
0,0.255413
0,0.25400212
0,0.25063184
0,0.24800922
0,0.25209564
0,0.24614017
0,0.2470617
0,0.24932547
0,0.25432682
0,0.246689
0,0.24589375
0,0.24572432
0,0.25634155
0,0.25013718
0,0.25397524
0,0.24932374
0,0.25139216
0,0.2476074
0,0.2599096
0,0.2596721
0,0.26661357
0,0.24999294
0,0.24760346
0,0.2541122
0,0.25263742
0,0.2517342
0,0.2609514
0,0.2505195
0,0.25125846
0,0.25308555
0,0.2613126
0,0.24570529
0,0.24871843
0,0.24394292
0,0.25058272
0,0.2413729
0,0.24999219
0,0.2401887
0,0.2433205
0,0.24755956
0,0.25101563
0,0.24483086
0,0.24421068
0,0.2515073
0,0.25132477
0,0.24812555
0,0.2546741
0,0.25615218
0,0.24846551
0,0.2441647
0,0.24832694
0,0.24400751
0,0.26214802
0,0.27604485
0,0.27139482
0,0.2599973
0,0.2575398
0,0.25172183
0,0.25053176
0,0.24272895
0,0.25108054
0,0.24654455
0,0.2579509
0,0.25261715
0,0.2557008
0,0.24911976
0,0.25317168
0,0.24787833
0,0.25232548
0,0.25589687
0,0.25665492
0,0.2548426
0,0.25109756
0,0.25193772
0,0.24943513
0,0.24562365
0,0.24614657
0,0.24589945
0,0.24469043
0,0.24081798
0,0.24755108
0,0.24695025
0,0.25326484
0,0.24926536
0,0.2581099
0,0.24476823
0,0.25507444
0,0.2491484
0,0.25095952
0,0.24420065
0,0.24848393
0,0.24588087
0,0.25283644
0,0.24537832
0,0.24836023
0,0.25480422
0,0.2555401
0,0.25402427
0,0.25272566
0,0.2476606
0,0.24928062
0,0.24965535
0,0.25381073
0,0.24550663
0,0.24758677
0,0.24620506
0,0.24677223
0,0.24158837
0,0.24438384
0,0.24494368
0,0.24444227
0,0.24942525
0,0.2556246
0,0.24821755
0,0.24757133
0,0.24419978
0,0.24397345
0,0.24388742
0,0.25083995
0,0.24630855
0,0.24941294
0,0.24041934
0,0.24719012
0,0.23891512
0,0.24851604
0,0.24677649
0,0.24864593
0,0.24781455
0,0.2496806
0,0.25531814
0,0.2601874
0,0.25042164
0,0.25246722
0,0.2527446
0,0.2518217
0,0.24907513
0,0.25065038
0,0.24460417
0,0.24919046
0,0.24274763
0,0.24643755
0,0.24609901
0,0.25259852
0,0.24931301
0,0.24893242
0,0.25494552
0,0.25355873
0,0.2509052
0,0.2502733
0,0.24817392
0,0.24829227
0,0.25132778
0,0.24856907
0,0.24760647
0,0.24801703
0,0.24688771
0,0.2574753
0,0.246924
0,0.25097492
0,0.24680388
0,0.25081396
0,0.24506941
0,0.24997436
0,0.2397546
0,0.25192854
0,0.24958539
0,0.2520179
0,0.25200513
0,0.25264516
0,0.25796402
0,0.26063454
0,0.2559681
0,0.25883964
0,0.25938058
0,0.26126304
0,0.25237325
0,0.26504564
0,0.2498704
0,0.25231987
0,0.25762963
0,0.25428927
0,0.24447976
0,0.24893378
0,0.24544996
0,0.25220624
0,0.24500652
0,0.24650638
0,0.24599881
0,0.2467788
0,0.24603148
0,0.24781959
0,0.24949548
0,0.24723937
0,0.24638334
0,0.24552406
0,0.2424315
0,0.23919208
0,0.2445914
0,0.24763392
0,0.24658793
0,0.2438845
0,0.23699462
0,0.24550796
0,0.23999642
0,0.24504808
0,0.24587518
0,0.25067288
0,0.23764591
0,0.24428686
0,0.23919721
0,0.24346249
0,0.24021521
0,0.24520572
0,0.24835677
0,0.25389704
0,0.25174427
0,0.25013325
0,0.25397804
0,0.2599581
0,0.2581139
0,0.25301564
0,0.25083506
0,0.24324067
0,0.23930179
0,0.2421152
0,0.2475479
0,0.2513842
0,0.25584203
0,0.25528032
0,0.2611746
0,0.25746864
0,0.26084372
0,0.26178953
0,0.25618714
0,0.2574762
0,0.25673795
0,0.26109245
0,0.27350774
0,0.27084547
0,0.2526429
0,0.25121427
0,0.24475063
0,0.2510877
0,0.2557069
0,0.25823462
0,0.24835102
0,0.2575102
0,0.2547225
0,0.253257
0,0.24958998
0,0.2492781
0,0.25377822
0,0.2616188
0,0.25254083
0,0.25271207
0,0.25153413
0,0.2514653
0,0.2537825
0,0.25191703
0,0.249511
0,0.26061395
0,0.25601047
0,0.26557523
0,0.25768045
0,0.2579036
0,0.25540662
0,0.25498125
0,0.24995737
0,0.25213376
0,0.25030753
0,0.2512739
0,0.24756166
0,0.24997792
0,0.24912561
0,0.24920729
0,0.24997999
0,0.24927053
0,0.24536225
0,0.25276574
0,0.24785298
0,0.24720599
0,0.24421775
0,0.2448732
0,0.24553038
0,0.24590144
0,0.25194517
0,0.26078174
0,0.2575121
0,0.25589982
0,0.25441816
0,0.25859204
0,0.25384495
0,0.26063973
0,0.24913934
0,0.2524951
0,0.25112554
0,0.25257558
0,0.25046262
0,0.25152373
0,0.2586238
0,0.2549165
0,0.25195256
0,0.2583513
0,0.24712214
0,0.24995612
0,0.24213131
0,0.24671905
0,0.24165092
0,0.2449387
0,0.24422643
0,0.2455529
0,0.24433045
0,0.2502813
0,0.24096781
0,0.244302
0,0.24143699
0,0.242921
0,0.24606808
0,0.25023302
0,0.2506738
0,0.2525399
0,0.24522232
0,0.2461611
0,0.24318175
0,0.24372779
0,0.258824
0,0.2510381
0,0.25027514
0,0.25268748
0,0.25555623
0,0.25914347
0,0.25932094
0,0.26289326
0,0.25440013
0,0.2615333
0,0.24971488
0,0.25752467
0,0.2573175
0,0.2544015
0,0.25234812
0,0.2534621
0,0.24416927
0,0.25209263
0,0.2488667
0,0.24879402
0,0.25737795
0,0.25210634
0,0.25251606
0,0.25014162
0,0.24610658
0,0.25096488
0,0.25011152
0,0.25892845
0,0.26149935
0,0.25361198
0,0.25228366
0,0.25456074
0,0.25407478
0,0.25631347
0,0.25061533
0,0.2633753
0,0.25067958
0,0.25900462
0,0.2506511
0,0.27155343
0,0.25100026
0,0.25598422
0,0.26011625
0,0.25786325
0,0.25036758
0,0.25955915
0,0.25447443
0,0.25464877
0,0.27409396
0,0.26828066
0,0.25869945
0,0.2582078
0,0.2535966
0,0.26941347
0,0.25246704
0,0.26354033
0,0.26088482
0,0.25585046
0,0.25634742
0,0.25300094
0,0.2525642
0,0.26366624
0,0.26324245
0,0.2598803
0,0.25143683
0,0.25086322
0,0.24631199
0,0.24729696
0,0.2540711
0,0.2494445
0,0.2593843
0,0.25601178
0,0.2504916
0,0.2534963
0,0.25486544
0,0.25413537
0,0.24596445
0,0.25114876
0,0.25405887
0,0.2557295
0,0.25252032
0,0.2530901
0,0.24810912
0,0.25037938
0,0.24851203
0,0.24962072
0,0.24967016
0,0.2501067
0,0.25212654
0,0.25135088
0,0.25316486
0,0.2508018
0,0.2507868
0,0.25020057
0,0.25555244
0,0.2549341
0,0.25486532
0,0.25078806
0,0.2581253
0,0.25612864
0,0.25066963
0,0.2486239
0,0.24317856
0,0.2605772
0,0.24752674
0,0.24693482
0,0.24875663
0,0.2508248
0,0.24983089
0,0.2508153
0,0.26241255
0,0.2563895
0,0.25072417
0,0.2570267
0,0.25684574
0,0.27730468
0,0.26636237
0,0.2652053
0,0.26448023
0,0.2570458
0,0.254142
0,0.25163183
0,0.24548031
0,0.2533392
0,0.24895924
0,0.24723238
0,0.25297847
0,0.253393
0,0.26436457
0,0.25876448
0,0.26037467
0,0.26092958
0,0.27757788
0,0.2699777
0,0.25894964
0,0.26405114
0,0.26285052
0,0.2569762
0,0.25111657
0,0.25777274
0,0.25732124
0,0.2638423
0,0.26268676
0,0.2626582
0,0.25343394
0,0.25873852
0,0.25813118
0,0.25955558
0,0.24998516
0,0.2564303
0,0.24826312
0,0.2546267
0,0.25102043
0,0.26215723
0,0.24946068
0,0.25558093
0,0.24371733
0,0.25362355
0,0.2527934
0,0.2551969
0,0.24984364
0,0.2555479
0,0.24927849
0,0.25336674
0,0.25781325
0,0.25626895
0,0.25570452
0,0.25854054
0,0.25626832
0,0.25657716
0,0.25378588
0,0.26709172
0,0.25934917
0,0.25861076
0,0.25447652
0,0.25532582
0,0.2591712
0,0.26763204
0,0.25759187
0,0.25775692
0,0.2543262
0,0.25894895
0,0.24676672
0,0.25165778
0,0.24422027
0,0.24922547
0,0.24723877
0,0.25006905
0,0.24406411
0,0.24836852
0,0.24040139
0,0.2571545
0,0.25451
0,0.251597
0,0.2444727
0,0.25886893
0,0.2564171
0,0.25424796
0,0.24913776
0,0.24989998
0,0.26173908
0,0.25402245
0,0.24679758
0,0.26361346
0,0.2504939
0,0.25152552
0,0.24938865
0,0.2587193
0,0.25894636
0,0.2627247
0,0.24639061
0,0.25815392
0,0.257059
0,0.25077513
0,0.2634754
0,0.26355413
0,0.27082276
0,0.27097377
0,0.27551123
0,0.2719652
0,0.26906288
0,0.2739186
0,0.26100522
0,0.2700486
0,0.32184443
0,0.29010534
0,0.30372593
0,0.273118
0,0.27583075
0,0.27791417
0,0.27046725
0,0.269315
0,0.26334643
0,0.26551673
0,0.2605443
0,0.26321185
0,0.25975585
0,0.26663822
0,0.25854823
0,0.26610905
0,0.3060668
0,0.27211687
0,0.2663723
0,0.26664627
0,0.25989816
0,0.26210088
0,0.24947338
0,0.25052226
0,0.25564834
0,0.25998425
0,0.26463315
0,0.2610481
0,0.26581597
0,0.26306012
0,0.33228385
0,0.2976585
0,0.3308341
0,0.30063185
0,0.30458826
0,0.27321786
0,0.27982843
0,0.27224493
0,0.26796725
0,0.2634666
0,0.25892
0,0.25794283
0,0.25719044
0,0.2564847
0,0.2743529
0,0.2735519
0,0.26158845
0,0.25858483
0,0.25571492
0,0.26459956
0,0.26001054
0,0.25959757
0,0.25259036
0,0.25223354
0,0.2505337
0,0.25121954
0,0.2570454
0,0.25112286
0,0.24913992
0,0.25867102
0,0.26834193
0,0.270853
0,0.2547683
0,0.26537392
0,0.2589409
0,0.26883027
0,0.2687106
0,0.25509566
0,0.24916397
0,0.2572374
0,0.25248167
0,0.26160216
0,0.2572814
0,0.260533
0,0.38947052
0,0.38548258
0,0.31195113
0,0.28577885
0,0.2702357
0,0.27173594
0,0.26541778
0,0.26966694
0,0.27643427
0,0.273888
0,0.27023324
0,0.26727548
0,0.2551981
0,0.25366095
0,0.2552066
0,0.26261356
0,0.2547924
0,0.24755779
0,0.2535958
0,0.2552182
0,0.24695982
0,0.25321865
0,0.24642329
0,0.2523674
0,0.25179076
0,0.2577275
0,0.24726386
0,0.26451856
0,0.25270692
0,0.2559714
0,0.26153955
0,0.26736873
0,0.26149914
0,0.2588862
0,0.24901558
0,0.25253853
0,0.25136834
0,0.25169715
0,0.26508218
0,0.25609928
0,0.2553523
0,0.2530391
0,0.24642123
0,0.24809718
0,0.26065457
0,0.2525681
0,0.41845992
0,0.4245405
0,0.35433462
0,0.31127378
0,0.3038828
0,0.293619
0,0.27739337
0,0.26199022
0,0.2650754
0,0.273277
0,0.26589268
0,0.26819208
0,0.2554669
0,0.26625013
0,0.26115707
0,0.26374048
0,0.32027596
0,0.27935925
0,0.27009305
0,0.27156967
0,0.26619026
0,0.2663878
0,0.25219116
0,0.26005918
0,0.28095534
0,0.26200286
0,0.26055524
0,0.2629087
0,0.26863387
0,0.2652621
0,0.26316994
0,0.26205242
0,0.26733658
0,0.26344323
0,0.2677302
0,0.2638055
0,0.25731948
0,0.27211165
0,0.2602747
0,0.26091352
0,0.25612265
0,0.25758532
0,0.25973165
0,0.25867778
0,0.2489949
0,0.25361234
0,0.25221926
0,0.26429364
0,0.2602993
0,0.25995046
0,0.37474304
0,0.35045573
0,0.39879683
0,0.34026787
0,0.309597
0,0.28987354
0,0.3002682
0,0.2735246
0,0.26404718
0,0.26621073
0,0.26896966
0,0.27217397
0,0.27558815
0,0.26404226
0,0.26579157
0,0.2586306
0,0.26148382
0,0.26654533
0,0.33613884
0,0.2976293
0,0.2755796
0,0.26824963
0,0.27928185
0,0.27656928
0,0.26504922
0,0.2589834
0,0.25338516
0,0.2575917
0,0.25098535
0,0.25440168
0,0.264684
0,0.27924365
0,0.36715892
0,0.33503357
0,0.28816408
0,0.28586242
0,0.27249923
0,0.27751622
0,0.28041515
0,0.26794848
0,0.2592075
0,0.26923302
0,0.25505337
0,0.26962268
0,0.26499006
0,0.27366492
0,0.39298543
0,0.37357932
0,0.3181555
0,0.29786977
0,0.28460425
0,0.28246462
0,0.30846134
0,0.27988905
0,0.27193302
0,0.2685477
0,0.2579245
0,0.26099724
0,0.25547427
0,0.2583028
0,0.24984007
0,0.25901031
0,0.38172996
0,0.36217868
0,0.29922804
0,0.28989017
0,0.26841494
0,0.27178654
0,0.27829444
0,0.26723894
0,0.26440075
0,0.2608047
0,0.2593642
0,0.25748852
0,0.24953789
0,0.25761935
0,0.2521494
0,0.26531172
0,0.26069894
0,0.26732254
0,0.34260687
0,0.31361818
0,0.35678908
0,0.30362883
0,0.28557193
0,0.27879682
0,0.270741
0,0.2635579
0,0.255397
0,0.25570533
0,0.25369552
0,0.25736016
0,0.25657013
0,0.25524783
0,0.24559046
0,0.25093305
0,0.3392085
0,0.3107132
0,0.2817356
0,0.28433338
0,0.2646376
0,0.27970022
0,0.26348838
0,0.27077627
0,0.2793548
0,0.27169698
0,0.2584958
0,0.26558718
0,0.4062289
0,0.39390504
0,0.3228767
0,0.3040355
0,0.2831113
0,0.27969077
0,0.32566044
0,0.28211597
0,0.27356306
0,0.27637115
0,0.26786557
0,0.26673847
0,0.2646282
0,0.27047995
0,0.26364273
0,0.2675988
0,0.25496066
0,0.26480848
0,0.2599715
0,0.26236132
0,0.3384416
0,0.30458942
0,0.32394835
0,0.2794371
0,0.26514366
0,0.28135893
0,0.2648624
0,0.2648989
0,0.2685397
0,0.2682473
0,0.26497737
0,0.2761682
0,0.401341
0,0.39023134
0,0.33838147
0,0.30952197
0,0.28430367
0,0.2820796
0,0.2743505
0,0.2680078
0,0.26717386
0,0.26398307
0,0.26449507
0,0.27535012
0,0.26448423
0,0.26156312
0,0.2561791
0,0.27200574
0,0.39889684
0,0.38411352
0,0.44010958
0,0.38059515
0,0.3199144
0,0.3034472
0,0.29324162
0,0.28308657
0,0.26436198
0,0.27389655
0,0.25511542
0,0.25702116
0,0.25045604
0,0.26331642
0,0.261638
0,0.26863965
0,0.26562282
0,0.27086255
0,0.26457787
0,0.2623382
0,0.31875896
0,0.28255716
0,0.26438832
0,0.2696473
0,0.2576674
0,0.27159998
0,0.26952356
0,0.27080148
0,0.26882747
0,0.27152294
0,0.2602515
0,0.26956084
0,0.2640509
0,0.269748
0,0.3540358
0,0.32279518
0,0.28639492
0,0.28296727
0,0.3074563
0,0.28375632
0,0.28368688
0,0.2787592
0,0.26167202
0,0.2692158
0,0.2600726
0,0.26242757
0,0.2548789
0,0.25846842
0,0.25200033
0,0.27552566
0,0.3523837
0,0.32088688
0,0.28774786
0,0.27997074
0,0.27096102
0,0.27880496
0,0.2709648
0,0.27197406
0,0.26829252
0,0.26633224
0,0.25550133
0,0.26888183
0,0.26390013
0,0.27098486
0,0.26662564
0,0.26613715
0,0.25607276
0,0.26188025
0,0.26091745
0,0.25738966
0,0.2486217
0,0.25223565
0,0.25492865
0,0.2526906
0,0.24967052
0,0.25413865
0,0.2495119
0,0.25816536
0,0.25046673
0,0.26059863
0,0.2497905
0,0.249113
0,0.24198183
0,0.26020536
0,0.2574152
0,0.25525528
0,0.28968742
0,0.26105928
0,0.25912684
0,0.26433513
0,0.25232074
0,0.26015916
0,0.25197613
0,0.26575932
0,0.41002372
0,0.40314192
0,0.32595098
0,0.3065247
0,0.38001865
0,0.33687642
0,0.30384192
0,0.29051262
0,0.2768457
0,0.27415988
0,0.26960889
0,0.26719874
0,0.25560462
0,0.26060456
0,0.2544915
0,0.24900152
0,0.24811329
0,0.25335765
0,0.24835978
0,0.25414872
0,0.24547552
0,0.25108674
0,0.24703352
0,0.2506629
0,0.23997983
0,0.24794787
0,0.24326725
0,0.24798441
0,0.247607
0,0.24987772
0,0.24746946
0,0.2496907
0,0.2614249
0,0.25721455
0,0.2513711
0,0.25034305
0,0.24738333
0,0.248064
0,0.26697293
0,0.25500518
0,0.25484252
0,0.26238692
0,0.25220156
0,0.2507614
0,0.24648714
0,0.2610134
0,0.2572715
0,0.26483724
0,0.2552741
0,0.2518731
0,0.24776903
0,0.24701601
0,0.24573396
0,0.24589048
0,0.24490663
0,0.25557286
0,0.2477125
0,0.25685215
0,0.25577667
0,0.25343817
0,0.24947226
0,0.25706285
0,0.24956232
0,0.26139647
0,0.39233667
0,0.37703922
0,0.31065232
0,0.32392302
0,0.36411628
0,0.31061524
0,0.31274498
0,0.281339
0,0.28933707
0,0.28546852
0,0.26731524
0,0.26854852
0,0.28521284
0,0.2789986
0,0.27164927
0,0.26822373
0,0.3870762
0,0.3676951
0,0.42239776
0,0.36341766
0,0.3750771
0,0.30133194
0,0.26297083
0,0.2471021
0,0.23438242
0,0.22371164
0,0.21158193
0,0.21818085
0,0.21481399
0,0.22656047
0,0.25824323
0,0.2698452
0,0.35735732
0,0.33483997
0,0.35929543
0,0.2955298
0,0.24450783
0,0.21757258
0,0.2036967
0,0.19853432
0,0.19958223
0,0.21245588
0,0.21384856
0,0.22206038
0,0.2294433
0,0.24269696
0,0.26506948
0,0.2589014
0,0.2590916
0,0.25563085
0,0.25384304
0,0.26133975
0,0.2547125
0,0.25191537
0,0.25442168
0,0.2619156
0,0.2539167
0,0.25249222
0,0.249746
0,0.24906938
0,0.24330033
0,0.2553757
0,0.25310132
0,0.26419857
0,0.25162178
0,0.25928584
0,0.25791097
0,0.26138896
0,0.26264176
0,0.26554686
0,0.26851863
0,0.2663431
0,0.26124582
0,0.26353118
0,0.26800278
0,0.26736522
0,0.26936606
0,0.26806957
0,0.2662401
0,0.26675695
0,0.2565191
0,0.26139048
0,0.25107497
0,0.25806972
0,0.24923564
0,0.25605333
0,0.26466644
0,0.2610251
0,0.2643644
0,0.26796982
0,0.26497018
0,0.2629261
0,0.25642702
0,0.25923663
0,0.255506
0,0.2575079
0,0.25361726
0,0.25651368
0,0.24983156
0,0.25413823
0,0.25598535
0,0.26666275
0,0.26017582
0,0.25852138
0,0.26075616
0,0.25701252
0,0.2758565
0,0.27474827
0,0.25915813
0,0.26957804
0,0.264414
0,0.26140317
0,0.26994637
0,0.25071213
0,0.24712402
0,0.24990521
0,0.26083535
0,0.25456923
0,0.24748376
0,0.24987262
0,0.24854544
0,0.25932178
0,0.24892402
0,0.24839103
0,0.2467165
0,0.24225308
0,0.24479361
0,0.2513657
0,0.25061172
0,0.25142774
0,0.25826687
0,0.26244357
0,0.25583902
0,0.26179492
0,0.25704473
0,0.26184827
0,0.2462156
0,0.25950196
0,0.25265685
0,0.26200217
0,0.24805477
0,0.2558489
0,0.25763574
0,0.25905594
0,0.261858
0,0.26199597
0,0.2615775
0,0.26344335
0,0.25308555
0,0.2574916
0,0.25416398
0,0.24517529
0,0.23989777
0,0.2488824
0,0.2533703
0,0.25946686
0,0.25219285
0,0.25603822
0,0.2507046
0,0.26621673
0,0.2571617
0,0.2681594
0,0.2618148
0,0.25919777
0,0.25287932
0,0.25502864
0,0.261761
0,0.25704244
0,0.25613457
0,0.2565343
0,0.25394765
0,0.2579306
0,0.2678597
0,0.27037168
0,0.26237464
0,0.27024
0,0.2725444
0,0.2736777
0,0.26816788
0,0.2593495
0,0.2645914
0,0.26868358
0,0.25886172
0,0.2560852
0,0.2589837
0,0.25750798
0,0.25635085
0,0.26314014
0,0.25615427
0,0.25319573
0,0.2461655
0,0.26060054
0,0.24847044
0,0.25740853
0,0.25642624
0,0.26077336
0,0.25227833
0,0.25324517
0,0.2604607
0,0.25450438
0,0.2544866
0,0.25879118
0,0.25253552
0,0.2588403
0,0.2538631
0,0.25865692
0,0.2564425
0,0.260097
0,0.2608343
0,0.26099765
0,0.2557382
0,0.2587406
0,0.2604329
0,0.2598634
0,0.24895087
0,0.25561896
0,0.2728621
0,0.2762049
0,0.26177177
0,0.26273197
0,0.271769
0,0.25597206
0,0.25540712
0,0.2573175
0,0.25434873
0,0.25577703
0,0.25143594
0,0.2540634
0,0.24947177
0,0.25412726
0,0.25001585
0,0.260224
0,0.26046243
0,0.25622234
0,0.25603345
0,0.25576887
0,0.25359556
0,0.2643413
0,0.25775602
0,0.2664187
0,0.2578817
0,0.25584212
0,0.25196573
0,0.2624652
0,0.2576208
0,0.25379527
0,0.24982117
0,0.25481156
0,0.26170647
0,0.25477144
0,0.26975197
0,0.25869736
0,0.26167282
0,0.2682267
0,0.2586199
0,0.25860894
0,0.26065236
0,0.2535001
0,0.24760921
0,0.258501
0,0.2555606
0,0.25034106
0,0.25260106
0,0.24878676
0,0.2530323
0,0.24753812
0,0.25319216
0,0.24723661
0,0.2564864
0,0.260317
0,0.26209408
0,0.2626111
0,0.26445073
0,0.2637802
0,0.2556233
0,0.2608879
0,0.2571788
0,0.261439
0,0.2665952
0,0.26798698
0,0.26979798
0,0.2652618
0,0.25819546
0,0.25949255
0,0.26138636
0,0.26003203
0,0.2490314
0,0.25502402
0,0.26266447
0,0.26090991
0,0.26084363
0,0.2738461
0,0.265239
0,0.26183397
0,0.25471565
0,0.26789123
0,0.26248205
0,0.25928164
0,0.25990868
0,0.2573018
0,0.25344566
0,0.26542473
0,0.25509351
0,0.2554462
0,0.24795082
0,0.2624035
0,0.25802124
0,0.2562055
0,0.26101023
0,0.25620374
0,0.25736797
0,0.26532888
0,0.27197942
0,0.25473207
0,0.2544726
0,0.25311273
0,0.25199485
0,0.251193
0,0.25634757
0,0.2529306
0,0.25918388
0,0.25387177
0,0.2532202
0,0.2512024
0,0.2512468
0,0.24839316
0,0.24956201
0,0.24798432
0,0.2549929
0,0.24933207
0,0.24515949
0,0.24569105
0,0.24539529
0,0.24306016
0,0.24666628
0,0.24430335
0,0.24622276
0,0.25447905
0,0.25855565
0,0.2606651
0,0.26075557
0,0.26249525
0,0.2518952
0,0.26129717
0,0.2620841
0,0.26398793
0,0.2560764
0,0.26204702
0,0.26595306
0,0.26434222
0,0.2680216
0,0.2654209
0,0.2627376
0,0.26534426
0,0.2532211
0,0.25950187
0,0.2555583
0,0.26017132
0,0.2611564
0,0.26467043
0,0.252904
0,0.25830004
0,0.2598846
0,0.2595296
0,0.25356585
0,0.25852785
0,0.24822152
0,0.2561888
0,0.2504749
0,0.25450996
0,0.25469288
0,0.25549155
0,0.25506175
0,0.25550237
0,0.2494909
0,0.25204548
0,0.25187245
0,0.25219154
0,0.2505487
0,0.2518292
0,0.25021514
0,0.25121057
0,0.25432864
0,0.26306996
0,0.25613573
0,0.2660049
0,0.2530523
0,0.2540902
0,0.25548086
0,0.26430953
0,0.27918908
0,0.2637214
0,0.25464082
0,0.25553352
0,0.25782347
0,0.26501402
0,0.25697437
0,0.25630757
0,0.2474492
0,0.24961424
0,0.25184128
0,0.26027316
0,0.25263476
0,0.26251915
0,0.2501558
0,0.26698467
0,0.25884837
0,0.26532993
0,0.26603547
0,0.25686723
0,0.25572556
0,0.26230735
0,0.25741765
0,0.25189492
0,0.2551213
0,0.26309076
0,0.25626203
0,0.2732693
0,0.2596256
0,0.2639007
0,0.2630687
0,0.25348496
0,0.25937
0,0.26105505
0,0.25396138
0,0.2595635
0,0.25527087
0,0.25255898
0,0.2504149
0,0.25591663
0,0.2568745
0,0.24922986
0,0.24899463
0,0.2541475
0,0.25883144
0,0.24747048
0,0.24934025
0,0.2532138
0,0.2544103
0,0.25575686
0,0.2532295
0,0.2569029
0,0.25602004
0,0.26757398
0,0.2603855
0,0.27801853
0,0.2650718
0,0.27351168
0,0.2647717
0,0.26200902
0,0.2590911
0,0.26776236
0,0.25595
0,0.2565655
0,0.2576028
0,0.26630306
0,0.25428602
0,0.25609466
0,0.25552714
0,0.2536336
0,0.254601
0,0.25305983
0,0.25293022
0,0.25119796
0,0.25060734
0,0.26041052
0,0.26593703
0,0.25698224
0,0.25519782
0,0.25360912
0,0.25171772
0,0.25004098
0,0.24867018
0,0.24456346
0,0.24584623
0,0.25583926
0,0.24599425
0,0.24532896
0,0.25018835
0,0.24646056
0,0.24895844
0,0.26845467
0,0.2629298
0,0.26701948
0,0.25982627
0,0.26309976
0,0.26109618
0,0.2655037
0,0.26237065
0,0.2639572
0,0.2525604
0,0.26125237
0,0.26043224
0,0.2624814
0,0.25438794
0,0.25955832
0,0.24891917
0,0.26711488
0,0.2715924
0,0.27144998
0,0.3057685
0,0.28571826
0,0.2738805
0,0.286766
0,0.2839071
0,0.28001803
0,0.27232796
0,0.27003685
0,0.2593049
0,0.26320156
0,0.26813793
0,0.2642572
0,0.26608223
0,0.26363587
0,0.2588916
0,0.2608406
0,0.2709252
0,0.27666253
0,0.30248982
0,0.2853542
0,0.27679056
0,0.27067107
0,0.27712497
0,0.26959428
0,0.2615799
0,0.27214053
0,0.26104298
0,0.2743171
0,0.2566464
0,0.25930226
0,0.26577282
0,0.26381633
0,0.2517772
0,0.26446757
0,0.25129202
0,0.26821062
0,0.26853156
0,0.26033324
0,0.2658566
0,0.25853333
0,0.26454973
0,0.26773417
0,0.29004723
0,0.28060415
0,0.27337894
0,0.26895043
0,0.25735193
0,0.25591448
0,0.26115698
0,0.26663178
0,0.2661188
0,0.27404344
0,0.26212877
0,0.26344356
0,0.2653762
0,0.26694784
0,0.25821793
0,0.26522103
0,0.25745153
0,0.2671766
0,0.2574452
0,0.26277488
0,0.25248635
0,0.25444964
0,0.24469137
0,0.2560612
0,0.24927607
0,0.25547436
0,0.2506203
0,0.27019215
0,0.25521636
0,0.25938836
0,0.2580711
0,0.2585071
0,0.2581467
0,0.25896794
0,0.25139216
0,0.2560486
0,0.24550071
0,0.25399798
0,0.24242713
0,0.249851
0,0.26175198
0,0.25733498
0,0.2542269
0,0.27162755
0,0.27160078
0,0.2652685
0,0.25879067
0,0.27124918
0,0.26067746
0,0.27009192
0,0.25474387
0,0.2508604
0,0.24667758
0,0.25015706
0,0.2600622
0,0.25401476
0,0.25059015
0,0.25037107
0,0.24852335
0,0.24880052
0,0.24828456
0,0.25913656
0,0.2542325
0,0.25153765
0,0.24671996
0,0.258296
0,0.25506306
0,0.26155686
0,0.25260073
0,0.2509585
0,0.27022666
0,0.26137206
0,0.2516354
0,0.2601694
0,0.24825364
0,0.25777707
0,0.25403818
0,0.24826697
0,0.24881636
0,0.25785732
0,0.24832244
0,0.2645873
0,0.25157985
0,0.25902426
0,0.26217264
0,0.2644086
0,0.2562874
0,0.26028633
0,0.25577667
0,0.2592875
0,0.24963652
0,0.2566177
0,0.33175045
0,0.2969391
0,0.27646175
0,0.2741834
0,0.2629967
0,0.25441444
0,0.26025245
0,0.26302
0,0.25268108
0,0.25692335
0,0.24766184
0,0.25909305
0,0.25834963
0,0.2584954
0,0.26604635
0,0.26519504
0,0.2688555
0,0.274283
0,0.28162518
0,0.2975586
0,0.27558598
0,0.2887265
0,0.27591154
0,0.29232186
0,0.27612966
0,0.2920866
0,0.2804873
0,0.2740772
0,0.27885792
0,0.2711703
0,0.27849597
0,0.26521578
0,0.274043
0,0.2861719
0,0.27408528
0,0.2858412
0,0.2969276
0,0.30417314
0,0.3287609
0,0.32293314
0,0.2957737
0,0.2818289
0,0.2847124
0,0.27198926
0,0.27332243
0,0.28713453
0,0.2798033
0,0.28703496
0,0.28547716
0,0.27761704
0,0.2852654
0,0.3007772
0,0.3174002
0,0.3253865
0,0.31626904
0,0.30213502
0,0.28435975
0,0.2841181
0,0.27914461
0,0.2895582
0,0.2861204
0,0.27725902
0,0.28514755
0,0.2816461
0,0.2837492
0,0.31929225
0,0.2913308
0,0.29658967
0,0.30098096
0,0.29016015
0,0.2963803
0,0.28263342
0,0.29260796
0,0.28280008
0,0.27761307
0,0.27308637
0,0.26815334
0,0.26510897
0,0.26385128
0,0.28037336
0,0.26619065
0,0.2877651
0,0.27189538
0,0.28720835
0,0.26883537
0,0.266342
0,0.28286603
0,0.2781979
0,0.26960194
0,0.27903238
0,0.26424026
0,0.26473922
0,0.25608644
0,0.25713775
0,0.2536508
0,0.25769615
0,0.25380528
0,0.2535129
0,0.2548968
0,0.25852916
0,0.25019467
0,0.25175986
0,0.26265857
0,0.25511277
0,0.2677785
0,0.2608509
0,0.25101876
0,0.25261778
0,0.26851246
0,0.26780173
0,0.28102988
0,0.29646963
0,0.2708174
0,0.27419198
0,0.26445317
0,0.27157372
0,0.266708
0,0.2745429
0,0.2720818
0,0.26531547
0,0.26864535
0,0.26781875
0,0.26869327
0,0.26892382
0,0.2761487
0,0.28764212
0,0.26869476
0,0.27059588
0,0.2576233
0,0.26413205
0,0.2584448
0,0.26236832
0,0.26418048
0,0.26378578
0,0.2650301
0,0.26374704
0,0.2515262
0,0.25740942
0,0.25234637
0,0.25772095
0,0.26977956
0,0.27994546
0,0.2566489
0,0.2630948
0,0.26594257
0,0.2621304
0,0.25045025
0,0.26703393
0,0.25239924
0,0.26762858
0,0.26549748
0,0.261482
0,0.27515244
0,0.26531523
0,0.257684
0,0.25796437
0,0.2602229
0,0.25897956
0,0.26026383
0,0.25765932
0,0.26062787
0,0.25685665
0,0.25389996
0,0.2556904
0,0.24768148
0,0.25140822
0,0.25165427
0,0.26481703
0,0.2566137
0,0.26524535
0,0.2577452
0,0.25392514
0,0.25443128
0,0.25295725
0,0.26531228
0,0.27697784
0,0.26342532
0,0.26778454
0,0.2593426
0,0.26479128
0,0.2617364
0,0.26790506
0,0.27067053
0,0.27620012
0,0.27680564
0,0.28849578
0,0.26841843
0,0.27457786
0,0.26385188
0,0.26758525
0,0.26042816
0,0.27100983
0,0.25806686
0,0.2627781
0,0.25803503
0,0.2663271
0,0.25430706
0,0.2595247
0,0.25175065
0,0.25835514
0,0.2546019
0,0.26769134
0,0.25214788
0,0.26132298
0,0.25417724
0,0.25951248
0,0.25313216
0,0.25680426
0,0.26322144
0,0.27135202
0,0.27623776
0,0.29020134
0,0.26251394
0,0.27666423
0,0.26091912
0,0.26231325
0,0.25546297
0,0.27364206
0,0.26457506
0,0.27294338
0,0.25952655
0,0.27222586
0,0.26564083
0,0.266039
0,0.2750114
0,0.26536644
0,0.26652023
0,0.27702963
0,0.26131043
0,0.2742219
0,0.2534413
0,0.25743985
0,0.25494102
0,0.25560892
0,0.2534624
0,0.25272498
0,0.25489867
0,0.25261247
0,0.2493078
0,0.26478672
0,0.26580548
0,0.2735223
0,0.27186465
0,0.26132455
0,0.27122217
0,0.26187453
0,0.27123243
0,0.259836
0,0.26680082
0,0.2579917
0,0.26460168
0,0.25533715
0,0.25744757
0,0.26384062
0,0.2503157
0,0.26422495
0,0.2562881
0,0.2630371
0,0.25992298
0,0.26460195
0,0.2644418
0,0.2664816
0,0.27094084
0,0.2695957
0,0.26005164
0,0.2661619
0,0.2640702
0,0.26666257
0,0.26504216
0,0.26667476
0,0.25773534
0,0.2621271
0,0.25463092
0,0.26141286
0,0.25559327
0,0.2603115
0,0.25942206
0,0.26093197
0,0.25366077
0,0.25188717
0,0.25113907
0,0.2502438
0,0.25217992
0,0.25508946
0,0.25295627
0,0.25624993
0,0.26601633
0,0.2624465
0,0.25633043
0,0.25863042
0,0.25459102
0,0.2623313
0,0.24927157
0,0.2542573
0,0.2535167
0,0.25469795
0,0.2496785
0,0.2665038
0,0.2550261
0,0.25670406
0,0.24752764
0,0.2613707
0,0.25463113
0,0.2546915
0,0.25197992
0,0.24260259
0,0.24435528
0,0.24882063
0,0.24314745
0,0.24711637
0,0.25019327
0,0.26114938
0,0.25383148
0,0.25247034
0,0.24911611
0,0.2635051
0,0.25445452
0,0.25604397
0,0.26238936
0,0.2551483
0,0.25260416
0,0.25265577
0,0.24418774
0,0.24691398
0,0.24449493
0,0.25567612
0,0.25010428
0,0.25831538
0,0.2529974
0,0.26044247
0,0.25667953
0,0.25740263
0,0.25307694
0,0.26032737
0,0.25431705
0,0.26054412
0,0.2510608
0,0.25892383
0,0.24510293
0,0.25563705
0,0.24728534
0,0.27105203
0,0.26307613
0,0.26427576
0,0.2547471
0,0.26028505
0,0.25344858
0,0.26027277
0,0.2484458
0,0.2590516
0,0.2493231
0,0.25036624
0,0.25425193
0,0.25734484
0,0.25245398
0,0.2563243
0,0.2526854
0,0.25721845
0,0.2487197
0,0.25520673
0,0.25332445
0,0.25009444
0,0.24748912
0,0.2532852
0,0.25014514
0,0.2534881
0,0.24704786
0,0.25209942
0,0.25008065
0,0.25297293
0,0.25294065
0,0.25341555
0,0.26252994
0,0.25685814
0,0.26520905
0,0.25845996
0,0.2552822
0,0.25517544
0,0.2633443
0,0.25695756
0,0.24899201
0,0.25207692
0,0.24702467
0,0.2608719
0,0.25903958
0,0.25547326
0,0.24706441
0,0.25004518
0,0.25903603
0,0.25423503
0,0.26123184
0,0.26647723
0,0.2670152
0,0.25860614
0,0.25721526
0,0.25406006
0,0.2613726
0,0.25463188
0,0.2617794
0,0.2555907
0,0.25063917
0,0.25341564
0,0.2596587
0,0.2526354
0,0.25802898
0,0.25171682
0,0.2504729
0,0.26036817
0,0.2531658
0,0.26097897
0,0.25672343
0,0.25742796
0,0.25972173
0,0.25586593
0,0.25870422
0,0.26240468
0,0.2611681
0,0.2638242
0,0.2511714
0,0.25953332
0,0.25833896
0,0.26017848
0,0.25127923
0,0.25892365
0,0.25157455
0,0.25713748
0,0.2527091
0,0.25698066
0,0.25490418
0,0.25812614
0,0.24954227
0,0.25112876
0,0.25209072
0,0.25496387
0,0.2543923
0,0.2553792
0,0.24739084
0,0.25257933
0,0.262834
0,0.25784227
0,0.24746625
0,0.2533623
0,0.25198904
0,0.25435486
0,0.24954957
0,0.25227055
0,0.24370776
0,0.24938762
0,0.25282547
0,0.25349638
0,0.25892913
0,0.25505677
0,0.25255644
0,0.24847917
0,0.24320367
0,0.24755383
0,0.2466371
0,0.24756685
0,0.24293949
0,0.24596958
0,0.24820119
0,0.24906641
0,0.24568488
0,0.24721016
0,0.24117187
0,0.2550129
0,0.24928851
0,0.24803057
0,0.24947289
0,0.2619569
0,0.25558463
0,0.2619715
0,0.25313747
0,0.26097974
0,0.25027442
0,0.2594742
0,0.24898903
0,0.2583383
0,0.25223964
0,0.24811365
0,0.24797322
0,0.2596542
0,0.25190064
0,0.25807694
0,0.2512144
0,0.257647
0,0.25200114
0,0.25676903
0,0.26421836
0,0.26265055
0,0.25888908
0,0.26002964
0,0.2594235
0,0.26059335
0,0.2498535
0,0.25630262
0,0.25022322
0,0.25563344
0,0.25246078
0,0.25504047
0,0.24878499
0,0.2534452
0,0.24807248
0,0.25282258
0,0.25444117
0,0.25487158
0,0.26622814
0,0.26190946
0,0.2532671
0,0.2551487
0,0.24665166
0,0.25113153
0,0.24643084
0,0.24922101
0,0.2466054
0,0.25221565
0,0.2523335
0,0.25195017
0,0.244908
0,0.24937005
0,0.26058096
0,0.25302845
0,0.26344872
0,0.25500613
0,0.25419128
0,0.24769028
0,0.243658
0,0.24660163
0,0.24302389
0,0.24499461
0,0.24228878
0,0.24654926
0,0.25707668
0,0.26058197
0,0.25286794
0,0.2607743
0,0.25416246
0,0.2609317
0,0.26328102
0,0.25576004
0,0.24967451
0,0.25862893
0,0.26260185
0,0.26374662
0,0.2552602
0,0.2625643
0,0.25579864
0,0.26044703
0,0.25873312
0,0.26203328
0,0.26443264
0,0.2631301
0,0.26586056
0,0.27692038
0,0.26156265
0,0.268097
0,0.25770542
0,0.2612789
0,0.25057176
0,0.2613165
0,0.24839592
0,0.25511998
0,0.24985574
0,0.25402617
0,0.2502218
0,0.25504807
0,0.24744207
0,0.2528887
0,0.25072244
0,0.253448
0,0.24997427
0,0.25561628
0,0.24888484
0,0.25250727
0,0.25749558
0,0.25472102
0,0.25159752
0,0.25555244
0,0.26013476
0,0.2571823
0,0.25257424
0,0.25225618
0,0.2544771
0,0.2532173
0,0.2544283
0,0.25581452
0,0.2564119
0,0.25272536
0,0.25486574
0,0.25788274
0,0.24901992
0,0.24926287
0,0.24741533
0,0.24871802
0,0.24560097
0,0.24640794
0,0.24812219
0,0.24674787
0,0.24750161
0,0.25975034
0,0.25318944
0,0.26469523
0,0.2534277
0,0.2625776
0,0.2552404
0,0.26142228
0,0.2500044
0,0.26348186
0,0.24768434
0,0.25789136
0,0.24550818
0,0.2564155
0,0.2476942
0,0.2561477
0,0.24417631
0,0.2542666
0,0.25141516
0,0.2563881
0,0.26746693
0,0.26260364
0,0.25489694
0,0.26006266
0,0.25424322
0,0.2580651
0,0.2535737
0,0.2571419
0,0.24845025
0,0.2515415
0,0.25253546
0,0.25481173
0,0.25399208
0,0.2552705
0,0.25017172
0,0.253448
0,0.24854557
0,0.25280824
0,0.25700778
0,0.2547813
0,0.2576
0,0.25527954
0,0.25379694
0,0.2532215
0,0.24898377
0,0.25140524
0,0.24818668
0,0.25152996
0,0.24627738
0,0.2504938
0,0.24734353
0,0.25326928
0,0.25092307
0,0.25137255
0,0.25755623
0,0.25417736
0,0.24731196
0,0.24953191
0,0.24514976
0,0.24755561
0,0.24659961
0,0.24647482
0,0.24256904
0,0.24543579
0,0.24473776
0,0.3539567
0,0.28471446
0,0.27233955
0,0.26306105
0,0.26863897
0,0.2607006
0,0.26639614
0,0.2520466
0,0.25018477
0,0.24539615
0,0.25734246
0,0.24704643
0,0.26004463
0,0.2530957
0,0.2621385
0,0.24902402
0,0.26000762
0,0.25311723
0,0.25967938
0,0.25817856
0,0.26119784
0,0.25490975
0,0.2645731
0,0.2599422
0,0.26289567
0,0.25594085
0,0.2610378
0,0.2525718
0,0.2600133
0,0.25055468
0,0.25647748
0,0.25524548
0,0.25876588
0,0.2612732
0,0.26088542
0,0.2628472
0,0.26183087
0,0.25845572
0,0.2703968
0,0.257387
0,0.2749104
0,0.26101008
0,0.27210408
0,0.25993055
0,0.2601062
0,0.2559769
0,0.25743997
0,0.2588188
0,0.25654852
0,0.25849596
0,0.25607422
0,0.255585
0,0.26609498
0,0.25424516
0,0.2541959
0,0.25437614
0,0.26353785
0,0.26077136
0,0.25735593
0,0.2569478
0,0.26496017
0,0.2670825
0,0.27678627
0,0.27985474
0,0.2577495
0,0.2637905
0,0.27287173
0,0.2665622
0,0.27056578
0,0.26157343
0,0.2683717
0,0.26376435
0,0.26687512
0,0.26262096
0,0.2658544
0,0.258543
0,0.26394457
0,0.2520458
0,0.26268148
0,0.25899443
0,0.2630959
0,0.25962603
0,0.25489286
0,0.26783788
0,0.2653902
0,0.27297723
0,0.26847315
0,0.25546822
0,0.26241946
0,0.25541404
0,0.264579
0,0.266154
0,0.2649036
0,0.2660985
0,0.264891
0,0.26274663
0,0.26340514
0,0.2574225
0,0.2602208
0,0.26761347
0,0.26313612
0,0.25748608
0,0.2594093
0,0.2544644
0,0.25693485
0,0.25889346
0,0.25795162
0,0.25615382
0,0.25809523
0,0.25862256
0,0.25688177
0,0.25453743
0,0.25470176
0,0.26160356
0,0.26787734
0,0.26022318
0,0.25779802
0,0.25595126
0,0.2550955
0,0.2601735
0,0.25948873
0,0.25122517
0,0.26765627
0,0.26324654
0,0.2587292
0,0.25504395
0,0.25298086
0,0.25591213
0,0.271017
0,0.2726837
0,0.29538253
0,0.27832413
0,0.2627545
0,0.26442438
0,0.2727784
0,0.262843
0,0.26753274
0,0.26695442
0,0.2730601
0,0.26774836
0,0.26974434
0,0.26346454
0,0.269831
0,0.25693616
0,0.2649483
0,0.26392183
0,0.26589864
0,0.2724982
0,0.26873127
0,0.27046952
0,0.26958844
0,0.27085817
0,0.26784983
0,0.26959473
0,0.26705378
0,0.26823813
0,0.26536
0,0.267145
0,0.26917297
0,0.2685325
0,0.26487172
0,0.2608531
0,0.26098692
0,0.2644253
0,0.26143575
0,0.2700995
0,0.26227227
0,0.2548971
0,0.25657183
0,0.25902075
0,0.25734392
0,0.25933027
0,0.26194334
0,0.26125535
0,0.2577599
0,0.2587583
0,0.2558736
0,0.27183464
0,0.26001596
0,0.26469985
0,0.25771636
0,0.26185545
0,0.2619492
0,0.2560115
0,0.25766027
0,0.25778022
0,0.25310388
0,0.25929683
0,0.26393238
0,0.26012084
0,0.25489616
0,0.25515106
0,0.26248905
0,0.25689033
0,0.26749495
0,0.2664245
0,0.26800373
0,0.25919676
0,0.26469278
0,0.25893456
0,0.26425233
0,0.26900595
0,0.26773557
0,0.26589492
0,0.26667637
0,0.25941217
0,0.26481414
0,0.2639215
0,0.26454887
0,0.25675133
0,0.26161277
0,0.25641784
0,0.26050884
0,0.25415802
0,0.25957564
0,0.2839307
0,0.27008507
0,0.2712145
0,0.27111134
0,0.2714979
0,0.26798344
0,0.26554686
0,0.26395616
0,0.2669564
0,0.26462922
0,0.2674605
0,0.26795164
0,0.26737934
0,0.2661345
0,0.2669382
0,0.26987803
0,0.26962826
0,0.26478776
0,0.26646432
0,0.26360005
0,0.2645571
0,0.27677676
0,0.26849598
0,0.27591145
0,0.2696218
0,0.2649629
0,0.25351426
0,0.2569908
0,0.25765052
0,0.25640365
0,0.25523588
0,0.25505129
0,0.25023678
0,0.25182143
0,0.25356606
0,0.25204602
0,0.2698041
0,0.26028788
0,0.26298615
0,0.26836652
0,0.2572958
0,0.25894356
0,0.2608479
0,0.25591058
0,0.26149145
0,0.2651543
0,0.2597221
0,0.26582447
0,0.27266923
0,0.26976395
0,0.26686186
0,0.26792604
0,0.27351925
0,0.2698195
0,0.2614654
0,0.2658614
0,0.274224
0,0.26959276
0,0.27297705
0,0.27015904
0,0.28125903
0,0.27858385
0,0.2649585
0,0.26780173
0,0.27147833
0,0.26759684
0,0.26294228
0,0.26436585
0,0.2569093
0,0.26140776
0,0.26778713
0,0.26382986
0,0.2673161
0,0.26396108
0,0.26711544
0,0.26320297
0,0.25569376
0,0.2585431
0,0.25248784
0,0.2566573
0,0.25043863
0,0.2539699
0,0.2631966
0,0.2641312
0,0.27333045
0,0.28459945
0,0.27235797
0,0.2797058
0,0.30088416
0,0.31281585
0,0.31170848
0,0.31110567
0,0.29605922
0,0.2967989
0,0.28840378
0,0.29044992
0,0.2850192
0,0.27364245
0,0.27699053
0,0.2776918
0,0.2768322
0,0.28328088
0,0.27530465
0,0.28799665
0,0.26486528
0,0.26217744
0,0.26359272
0,0.25792676
0,0.26075724
0,0.25584057
0,0.25821054
0,0.25497872
0,0.25733617
0,0.26367253
0,0.26077244
0,0.26945475
0,0.26698032
0,0.26891583
0,0.26410085
0,0.2675216
0,0.27283692
0,0.27637297
0,0.26355547
0,0.26730418
0,0.2632972
0,0.26586473
0,0.27366582
0,0.27076444
0,0.29342952
0,0.28788725
0,0.27188465
0,0.274722
0,0.26522171
0,0.26690292
0,0.28224725
0,0.27200323
0,0.2722586
0,0.26914424
0,0.26142436
0,0.2657426
0,0.26449823
0,0.2643413
0,0.26462582
0,0.2635788
0,0.25970066
0,0.27243188
0,0.30418485
0,0.2932764
0,0.2831619
0,0.2745421
0,0.27714488
0,0.28605118
0,0.2675099
0,0.2780859
0,0.2745805
0,0.26747853
0,0.258819
0,0.27203324
0,0.26208356
0,0.26123628
0,0.26581576
0,0.26211452
0,0.26780954
0,0.2616729
0,0.27059355
0,0.2769073
0,0.26978138
0,0.26394832
0,0.25708202
0,0.25893715
0,0.26314786
0,0.25949985
0,0.26166937
0,0.2581034
0,0.25826213
0,0.2557454
0,0.25842825
0,0.2547496
0,0.25759125
0,0.25469062
0,0.2500755
0,0.25133845
0,0.26552582
0,0.25613853
0,0.2611173
0,0.25570777
0,0.25757083
0,0.25379843
0,0.25614864
0,0.26291472
0,0.26891518
0,0.27243713
0,0.27701062
0,0.2629308
0,0.27300024
0,0.27152258
0,0.26416394
0,0.26897117
0,0.26830852
0,0.26930088
0,0.27416036
0,0.27112076
0,0.26385877
0,0.26786387
0,0.26109055
0,0.26621175
0,0.25983912
0,0.26969907
0,0.26059166
0,0.2642378
0,0.27006915
0,0.2671213
0,0.2666054
0,0.26592058
0,0.26980454
0,0.2670739
0,0.2709842
0,0.2672449
0,0.27468768
0,0.26950854
0,0.2613713
0,0.26318955
0,0.26767954
0,0.26400658
0,0.26843417
0,0.26360852
0,0.25648412
0,0.25872618
0,0.2685612
0,0.2718688
0,0.27243203
0,0.26457125
0,0.2579841
0,0.26981366
0,0.26815224
0,0.26391897
0,0.26688176
0,0.26244208
0,0.27341565
0,0.27993613
0,0.27337793
0,0.26690307
0,0.26760194
0,0.26249933
0,0.25374866
0,0.25421003
0,0.25964674
0,0.25548595
0,0.25995973
0,0.26591018
0,0.263437
0,0.2703379
0,0.26572773
0,0.27007335
0,0.26467553
0,0.25869635
0,0.26349398
0,0.25647727
0,0.25920844
0,0.26407075
0,0.26640475
0,0.26830778
0,0.2630503
0,0.27160227
0,0.26360568
0,0.267261
0,0.2679114
0,0.27396667
0,0.26480287
0,0.267647
0,0.268065
0,0.2675275
0,0.26408634
0,0.26701313
0,0.27127355
0,0.2665938
0,0.27784
0,0.27493292
0,0.26396212
0,0.2666657
0,0.25871098
0,0.26265067
0,0.26721886
0,0.2708191
0,0.27154317
0,0.26603255
0,0.2720971
0,0.2663645
0,0.26132372
0,0.2625517
0,0.2595804
0,0.27517548
0,0.2608269
0,0.26146385
0,0.2827072
0,0.2922368
0,0.30654177
0,0.3333505
0,0.29985934
0,0.28314307
0,0.27122948
0,0.26763666
0,0.27618694
0,0.2661891
0,0.25903416
0,0.25851533
0,0.2517915
0,0.25330776
0,0.25989717
0,0.25650713
0,0.2606496
0,0.26620007
0,0.2565021
0,0.25464493
0,0.25978783
0,0.26544398
0,0.2632865
0,0.2733231
0,0.25858974
0,0.2657438
0,0.2571885
0,0.2682578
0,0.25364423
0,0.26253277
0,0.2610585
0,0.26772863
0,0.26281032
0,0.26373476
0,0.26052335
0,0.27829704
0,0.2690792
0,0.26713017
0,0.27426177
0,0.26759085
0,0.2567854
0,0.26109368
0,0.25970912
0,0.260215
0,0.2555447
0,0.25803226
0,0.25644293
0,0.25730127
0,0.2559391
0,0.25689393
0,0.2508278
0,0.25354803
0,0.24798131
0,0.25139233
0,0.25658348
0,0.25349432
0,0.2528881
0,0.26213297
0,0.26627642
0,0.25837305
0,0.25974572
0,0.25564817
0,0.25254107
0,0.25251248
0,0.2546168
0,0.25148806
0,0.2497977
0,0.24901171
0,0.24818721
0,0.24738804
0,0.24842681
0,0.24731347
0,0.24735457
0,0.24687013
0,0.24627721
0,0.258673
0,0.26066202
0,0.2635681
0,0.25516608
0,0.26230097
0,0.26668513
0,0.2668133
0,0.25699037
0,0.26329297
0,0.25037804
0,0.2602162
0,0.2617324
0,0.26310152
0,0.26294082
0,0.26450822
0,0.25758052
0,0.26209694
0,0.27620554
0,0.27441072
0,0.261403
0,0.2650378
0,0.25424895
0,0.26018837
0,0.2645248
0,0.26793393
0,0.26352784
0,0.26353082
0,0.26294163
0,0.2637562
0,0.2621793
0,0.26270968
0,0.26105046
0,0.26172403
0,0.25941712
0,0.2604146
0,0.26035115
0,0.26474747
0,0.25188234
0,0.2586733
0,0.25694332
0,0.25901562
0,0.2647947
0,0.26149797
0,0.26671714
0,0.2671087
0,0.27234167
0,0.26529706
0,0.26022908
0,0.25997615
0,0.2534418
0,0.2561194
0,0.24855138
0,0.25346363
0,0.25377378
0,0.25492415
0,0.2544084
0,0.2552717
0,0.24503013
0,0.26012042
0,0.25257123
0,0.2534702
0,0.2592857
0,0.2557743
0,0.26234838
0,0.2570378
0,0.2622548
0,0.25857905
0,0.262303
0,0.25702357
0,0.2634861
0,0.26219615
0,0.2556006
0,0.25487405
0,0.27241954
0,0.25969955
0,0.263339
0,0.2606844
0,0.26358634
0,0.25715494
0,0.25262904
0,0.25302348
0,0.25213283
0,0.25080687
0,0.24444848
0,0.25115418
0,0.24517362
0,0.24681248
0,0.2437483
0,0.24743576
0,0.25302553
0,0.26029304
0,0.2525919
0,0.26169983
0,0.26087305
0,0.2643942
0,0.25990635
0,0.2684805
0,0.25426644
0,0.2635165
0,0.2593507
0,0.26197946
0,0.2570421
0,0.26306403
0,0.25354055
0,0.2596604
0,0.24967302
0,0.2569304
0,0.25386137
0,0.25692713
0,0.24894078
0,0.25552976
0,0.24644506
0,0.26563978
0,0.25124583
0,0.25573838
0,0.26380932
0,0.26045945
0,0.26486573
0,0.26188582
0,0.2522309
0,0.25680888
0,0.24974126
0,0.25404224
0,0.26276636
0,0.26891017
0,0.26830125
0,0.26100376
0,0.26776072
0,0.26164436
0,0.26962292
0,0.25126204
0,0.2647542
0,0.28583223
0,0.26196736
0,0.26089418
0,0.27224132
0,0.2599286
0,0.254944
0,0.2551787
0,0.27671716
0,0.2668315
0,0.26251194
0,0.25857276
0,0.25541118
0,0.26678202
0,0.25732565
0,0.25793052
0,0.24830468
0,0.24998999
0,0.24944766
0,0.26113388
0,0.25299528
0,0.2513516
0,0.2543883
0,0.26098138
0,0.25489712
0,0.26191786
0,0.2573092
0,0.2629202
0,0.2547298
0,0.2634017
0,0.24812165
0,0.259571
0,0.26520208
0,0.26948914
0,0.25329992
0,0.2632895
0,0.2543648
0,0.24913083
0,0.25060382
0,0.2557765
0,0.25320432
0,0.25672725
0,0.25397828
0,0.2726925
0,0.25585938
0,0.2596975
0,0.25654167
0,0.25881517
0,0.2578497
0,0.2623168
0,0.2617954
0,0.2599941
0,0.25137812
0,0.25532565
0,0.26487297
0,0.25915647
0,0.2545359
0,0.256735
0,0.2510793
0,0.264056
0,0.2536001
0,0.25506103
0,0.25643688
0,0.25458387
0,0.25224462
0,0.25781664
0,0.25310782
0,0.25669077
0,0.26760748
0,0.27268538
0,0.2686664
0,0.2845428
0,0.2683702
0,0.26194635
0,0.25710532
0,0.26991343
0,0.26845214
0,0.28016937
0,0.2614955
0,0.27166072
0,0.25539988
0,0.27634764
0,0.2703302
0,0.27118358
0,0.256827
0,0.26565987
0,0.26521778
0,0.26677644
0,0.266343
0,0.26716766
0,0.2571821
0,0.2645429
0,0.25150198
0,0.2601317
0,0.24932988
0,0.25782594
0,0.25821692
0,0.26150432
0,0.25600636
0,0.259521
0,0.25216597
0,0.26372555
0,0.25424618
0,0.25949505
0,0.24936183
0,0.2550902
0,0.24883583
0,0.25410518
0,0.25227678
0,0.2629029
0,0.259346
0,0.25952277
0,0.25578067
0,0.2675551
0,0.25195748
0,0.25531566
0,0.25294578
0,0.25358257
0,0.25224733
0,0.2591839
0,0.2519019
0,0.25294948
0,0.26693004
0,0.26123437
0,0.26052895
0,0.26848522
0,0.28699723
0,0.26905155
0,0.26738137
0,0.26198658
0,0.25285977
0,0.26466557
0,0.25770617
0,0.2707935
0,0.256307
0,0.25534403
0,0.26402587
0,0.25630733
0,0.25380734
0,0.25277755
0,0.2663441
0,0.25778946
0,0.25409082
0,0.26645356
0,0.25608158
0,0.26409703
0,0.2863134
0,0.282998
0,0.27698237
0,0.27402866
0,0.28103775
0,0.27609697
0,0.2781677
0,0.2774515
0,0.26615998
0,0.26850647
0,0.26079673
0,0.2722779
0,0.26807222
0,0.26724258
0,0.26233366
0,0.26443312
0,0.25862923
0,0.26215437
0,0.2629776
0,0.26445344
0,0.25221854
0,0.2585161
0,0.25338542
0,0.26919758
0,0.25558245
0,0.259364
0,0.2591999
0,0.2599633
0,0.25497556
0,0.26866522
0,0.2673071
0,0.28122044
0,0.26765335
0,0.26487437
0,0.26932487
0,0.28323752
0,0.27480945
0,0.2789183
0,0.2803125
0,0.2689992
0,0.2820597
0,0.27083048
0,0.26695275
0,0.26885098
0,0.25907502
0,0.26068562
0,0.27966824
0,0.2966458
0,0.27589774
0,0.27945206
0,0.27866474
0,0.26654434
0,0.26303378
0,0.2588178
0,0.2618928
0,0.2665504
0,0.26633912
0,0.2686289
0,0.26065773
0,0.2671837
0,0.26329452
0,0.26709196
0,0.25643823
0,0.26495618
0,0.2573604
0,0.2517501
0,0.2493194
0,0.25874087
0,0.2594884
0,0.26228556
0,0.265663
0,0.26486987
0,0.26074767
0,0.26329464
0,0.25544515
0,0.2615742
0,0.25749314
0,0.25990027
0,0.25297895
0,0.2571569
0,0.2611246
0,0.26297453
0,0.25450274
0,0.25859404
0,0.2570901
0,0.25842386
0,0.25979078
0,0.2593366
0,0.2536186
0,0.2561892
0,0.24972086
0,0.2537956
0,0.24807505
0,0.25179932
0,0.2491777
0,0.25766367
0,0.25029007
0,0.25264367
0,0.24943057
0,0.25175413
0,0.24751535
0,0.25047183
0,0.2547007
0,0.2532485
0,0.24523592
0,0.24938437
0,0.25314602
0,0.25109765
0,0.24374264
0,0.2580768
0,0.24885218
0,0.2724982
0,0.25970352
0,0.25542745
0,0.25693733
0,0.25231156
0,0.25585672
0,0.2515671
0,0.25359324
0,0.2501731
0,0.26343712
0,0.25368592
0,0.27062425
0,0.26780555
0,0.26385775
0,0.25574362
0,0.25830188
0,0.2701551
0,0.25895256
0,0.26358214
0,0.27295852
0,0.26889616
0,0.27559575
0,0.2660932
0,0.27635714
0,0.28982747
0,0.27994758
0,0.29665983
0,0.27267414
0,0.27838036
0,0.28660944
0,0.27535555
0,0.26495346
0,0.26935497
0,0.26993284
0,0.26643306
0,0.2638681
0,0.26341504
0,0.26871648
0,0.27971467
0,0.28618276
0,0.27309474
0,0.26434427
0,0.2645286
0,0.29086566
0,0.2950263
0,0.29864275
0,0.30430478
0,0.32847086
0,0.33078566
0,0.29802486
0,0.3031327
0,0.2719086
0,0.27445224
0,0.27177683
0,0.2805333
0,0.2624918
0,0.2619271
0,0.25610584
0,0.25623405
0,0.2600233
0,0.25586906
0,0.2512496
0,0.2530517
0,0.245404
0,0.24866724
0,0.2523307
0,0.2532138
0,0.24886003
0,0.26000425
0,0.25699872
0,0.26347125
0,0.25400862
0,0.25254747
0,0.25588006
0,0.26161563
0,0.257167
0,0.2651074
0,0.26033673
0,0.26331624
0,0.25431257
0,0.26205894
0,0.2689259
0,0.290124
0,0.26715782
0,0.2696751
0,0.2635739
0,0.2650171
0,0.25388312
0,0.26066217
0,0.2569514
0,0.2608029
0,0.2554768
0,0.25984463
0,0.2573916
0,0.25523433
0,0.2702206
0,0.28511995
0,0.27023518
0,0.26896542
0,0.27245772
0,0.27001363
0,0.26480418
0,0.28131497
0,0.27467093
0,0.27982697
0,0.2761229
0,0.26948327
0,0.25479168
0,0.2597997
0,0.26911175
0,0.26487234
0,0.26056206
0,0.27104065
0,0.26892203
0,0.27207544
0,0.26904207
0,0.26920074
0,0.27050036
0,0.2633897
0,0.2762901
0,0.26446947
0,0.2662669
0,0.2608513
0,0.2707076
0,0.2713192
0,0.2643211
0,0.2654852
0,0.2646195
0,0.27170166
0,0.2565163
0,0.2674373
0,0.2646066
0,0.2706157
0,0.25934532
0,0.2645829
0,0.27327746
0,0.2605082
0,0.26092854
0,0.2556753
0,0.2550991
0,0.27241558
0,0.2555796
0,0.2640663
0,0.25974047
0,0.26475665
0,0.27405304
0,0.2700581
0,0.25713974
0,0.2660907
0,0.26052383
0,0.26379716
0,0.2734023
0,0.27056473
0,0.2745108
0,0.26975718
0,0.2645606
0,0.26552993
0,0.25642556
0,0.26164892
0,0.26076007
0,0.26281714
0,0.26866293
0,0.26535216
0,0.25798473
0,0.2616557
0,0.2815481
0,0.2724443
0,0.25634116
0,0.26234314
0,0.25992844
0,0.2616184
0,0.25757992
0,0.2603737
0,0.26199695
0,0.26282972
0,0.25816467
0,0.26012415
0,0.26428318
0,0.26157078
0,0.26473176
0,0.26201305
0,0.25392315
0,0.2681632
0,0.2565476
0,0.26984417
0,0.25452018
0,0.25733292
0,0.2542365
0,0.25647134
0,0.25295675
0,0.25441524
0,0.2567796
0,0.25507766
0,0.24793355
0,0.25113797
0,0.2542974
0,0.25232428
0,0.25580996
0,0.25315893
0,0.2564817
0,0.2527812
0,0.25587702
0,0.26338068
0,0.2596916
0,0.25958467
0,0.25864232
0,0.254023
0,0.25983158
0,0.26562253
0,0.2598452
0,0.26495692
0,0.26165658
0,0.26559523
0,0.27148497
0,0.26889166
0,0.25862986
0,0.26832283
0,0.25383052
0,0.26187167
0,0.250918
0,0.25405067
0,0.25305977
0,0.26292515
0,0.26190695
0,0.27410898
0,0.26134434
0,0.2637671
0,0.25735202
0,0.261034
0,0.25520867
0,0.2601689
0,0.25927195
0,0.2604282
0,0.25645283
0,0.25331786
0,0.25308883
0,0.2610681
0,0.2525754
0,0.25557587
0,0.25424793
0,0.2552892
0,0.25230327
0,0.25411564
0,0.261166
0,0.25669324
0,0.2570433
0,0.255631
0,0.25997284
0,0.2558589
0,0.24802329
0,0.25085026
0,0.24804392
0,0.24976692
0,0.25909752
0,0.25731942
0,0.27348542
0,0.25977868
0,0.2750525
0,0.2613149
0,0.26214525
0,0.25694326
0,0.2592291
0,0.25434923
0,0.26781964
0,0.2581333
0,0.25938407
0,0.26630002
0,0.26128533
0,0.26605624
0,0.26147324
0,0.26616454
0,0.26145586
0,0.26587677
0,0.25309372
0,0.2557229
0,0.2554404
0,0.26183167
0,0.2573564
0,0.26477838
0,0.26979467
0,0.26754957
0,0.25840524
0,0.26374874
0,0.26953554
0,0.26915902
0,0.27211607
0,0.26835522
0,0.2577044
0,0.2626629
0,0.26007497
0,0.262482
0,0.25644338
0,0.27367124
0,0.2719549
0,0.26743197
0,0.27115548
0,0.2667159
0,0.26388508
0,0.26881978
0,0.27043486
0,0.266626
0,0.25865322
0,0.26152366
0,0.28245774
0,0.30492857
0,0.28769872
0,0.27766824
0,0.2697497
0,0.26790908
0,0.27279833
0,0.26696545
0,0.26171273
0,0.26385403
0,0.26568246
0,0.26763982
0,0.25639224
0,0.27023333
0,0.25649145
0,0.26151252
0,0.25612763
0,0.25808725
0,0.25443056
0,0.25590613
0,0.25282308
0,0.25483283
0,0.2612097
0,0.25731358
0,0.25117272
0,0.25310543
0,0.25096053
0,0.2525771
0,0.25725627
0,0.25506184
0,0.24773017
0,0.2522475
0,0.2533027
0,0.25132346
0,0.25530687
0,0.25268367
0,0.27593234
0,0.28022313
0,0.28029326
0,0.28053126
0,0.2691622
0,0.27744216
0,0.2621933
0,0.27272105
0,0.26238567
0,0.25757703
0,0.25684825
0,0.26353627
0,0.26166666
0,0.27042365
0,0.2606905
0,0.26598743
0,0.25815687
0,0.26419514
0,0.2598071
0,0.26363292
0,0.257941
0,0.26520476
0,0.25695488
0,0.2626283
0,0.25620967
0,0.2614794
0,0.25485256
0,0.26025468
0,0.26664048
0,0.26998824
0,0.26018482
0,0.26302347
0,0.26568535
0,0.26350138
0,0.2652807
0,0.26355696
0,0.2806466
0,0.2932554
0,0.27997863
0,0.28487647
0,0.27621946
0,0.27049822
0,0.27050593
0,0.28163433
0,0.273861
0,0.26889542
0,0.28301984
0,0.2700198
0,0.27617094
0,0.2911586
0,0.2879494
0,0.27774438
0,0.2729665
0,0.26789188
0,0.2716109
0,0.26234153
0,0.27431893
0,0.26479992
0,0.26817048
0,0.26446122
0,0.26713687
0,0.2720766
0,0.2704967
0,0.2759789
0,0.26710722
0,0.27395135
0,0.27596852
0,0.26513642
0,0.2745594
0,0.26406685
0,0.26236594
0,0.25842586
0,0.2574799
0,0.25910044
0,0.26760057
0,0.25854602
0,0.25710058
0,0.25872827
0,0.25717682
0,0.26372576
0,0.25683692
0,0.26393092
0,0.26814407
0,0.26816177
0,0.26013902
0,0.25453097
0,0.2561763
0,0.26781985
0,0.29128474
0,0.26581365
0,0.26558182
0,0.27021518
0,0.26011047
0,0.27619836
0,0.26141357
0,0.26513153
0,0.2702105
0,0.26700473
0,0.26973438
0,0.266658
0,0.26918235
0,0.26635522
0,0.26905245
0,0.26629636
0,0.26836368
0,0.26515397
0,0.27005073
0,0.26552925
0,0.26715073
0,0.26436523
0,0.26630482
0,0.2632996
0,0.2718603
0,0.26548213
0,0.28436065
0,0.26992184
0,0.26926744
0,0.26359227
0,0.25464326
0,0.25740546
0,0.2602735
0,0.2574464
0,0.26075113
0,0.2577669
0,0.2651519
0,0.26313427
0,0.2629892
0,0.2656555
0,0.2641028
0,0.26005086
0,0.26073313
0,0.25752872
0,0.25855628
0,0.2555975
0,0.2572457
0,0.25454244
0,0.26256725
0,0.25727335
0,0.26868343
0,0.2777027
0,0.26559085
0,0.25980267
0,0.25615174
0,0.25472662
0,0.2497472
0,0.26108733
0,0.25851467
0,0.26895627
0,0.25458562
0,0.26396635
0,0.25277492
0,0.262422
0,0.25541568
0,0.2629103
0,0.25895253
0,0.2640575
0,0.25591338
0,0.26933408
0,0.25910798
0,0.26434165
0,0.2787141
0,0.27145016
0,0.2601133
0,0.26769546
0,0.26377308
0,0.26528347
0,0.2673044
0,0.26677138
0,0.25580937
0,0.26195163
0,0.26946068
0,0.26743212
0,0.26624638
0,0.26654434
0,0.2610511
0,0.2636444
0,0.26368225
0,0.2638635
0,0.25342882
0,0.26086277
0,0.26118186
0,0.26251024
0,0.2512878
0,0.25848848
0,0.25656533
0,0.26699787
0,0.264952
0,0.26288393
0,0.26134375
0,0.26353925
0,0.26066488
0,0.260191
0,0.25900728
0,0.26317185
0,0.26042536
0,0.2589253
0,0.25730154
0,0.25746515
0,0.26765206
0,0.2603621
0,0.25747734
0,0.25620687
0,0.26356366
0,0.25727108
0,0.26079285
0,0.25652397
0,0.26336768
0,0.25826225
0,0.26693633
0,0.25919074
0,0.25615236
0,0.2547491
0,0.25295308
0,0.25191435
0,0.2688072
0,0.2613124
0,0.25570688
0,0.25303918
0,0.24848795
0,0.25046128
0,0.2504039
0,0.24822585
0,0.2583387
0,0.251422
0,0.2501604
0,0.25933433
0,0.2625136
0,0.2643502
0,0.26546934
0,0.26543278
0,0.2669368
0,0.2677764
0,0.25599915
0,0.2641393
0,0.26418528
0,0.26581433
0,0.2657757
0,0.26627445
0,0.26581803
0,0.2661334
0,0.25527114
0,0.2613885
0,0.26654118
0,0.26576075
0,0.26487985
0,0.2640578
0,0.26459917
0,0.26512578
0,0.2536956
0,0.26144922
0,0.24953645
0,0.25842345
0,0.25535455
0,0.2593607
0,0.24866807
0,0.26089042
0,0.27103448
0,0.26534238
0,0.25414142
0,0.66784817
0,0.46344316
0,0.39091647
0,0.3427678
0,0.31614077
0,0.29962954
0,0.28633416
0,0.2891688
0,0.28592187
0,0.2765909
0,0.27049756
0,0.26895943
0,0.28321403
0,0.26878798
0,0.26759467
0,0.26273566
0,0.25929117
0,0.25712296
0,0.25456002
0,0.2523181
0,0.26271564
0,0.2580518
0,0.2542269
0,0.24813785
0,0.2617642
0,0.26523516
0,0.25889528
0,0.26886293
0,0.2607904
0,0.25734335
0,0.2571147
0,0.25455946
0,0.25424138
0,0.24895358
0,0.25155047
0,0.26048836
0,0.27028278
0,0.253479
0,0.25403333
0,0.27349567
0,0.27214658
0,0.27191684
0,0.27240974
0,0.28323695
0,0.2658671
0,0.25915778
0,0.2739046
0,0.32061023
0,0.28317565
0,0.2834391
0,0.2786535
0,0.2748711
0,0.27417696
0,0.2649493
0,0.2694491
0,0.2710775
0,0.27143323
0,0.26820564
0,0.26207542
0,0.2644412
0,0.26617602
0,0.25464857
0,0.26231214
0,0.2630288
0,0.26395535
0,0.26320186
0,0.26406094
0,0.25165582
0,0.2583765
0,0.25875333
0,0.26033738
0,0.2706657
0,0.265245
0,0.26242664
0,0.26295266
0,0.2612097
0,0.26175123
0,0.27032998
0,0.26860732
0,0.45092115
0,0.45454922
0,0.3563619
0,0.32186347
0,0.29800943
0,0.28806445
0,0.27627456
0,0.27132598
0,0.27396148
0,0.2667328
0,0.26194403
0,0.26152685
0,0.2581613
0,0.2580102
0,0.25522336
0,0.2554636
0,0.25768468
0,0.25968498
0,0.25291172
0,0.25432074
0,0.24961697
0,0.25129265
0,0.2679683
0,0.2571237
0,0.27451587
0,0.26128727
0,0.26989043
0,0.2733374
0,0.27146563
0,0.26505238
0,0.2686021
0,0.25886795
0,0.26434854
0,0.2692693
0,0.2673392
0,0.26906157
0,0.26043025
0,0.26738268
0,0.26582193
0,0.2681335
0,0.2663913
0,0.26775646
0,0.2664832
0,0.26835346
0,0.26606518
0,0.26740238
0,0.26044402
0,0.26495174
0,0.2657426
0,0.26620606
0,0.2641368
0,0.2659008
0,0.26713297
0,0.26677355
0,0.26354128
0,0.26494485
0,0.25764754
0,0.253157
0,0.27165708
0,0.26497415
0,0.26804003
0,0.265183
0,0.26238087
0,0.26341894
0,0.26076433
0,0.26396704
0,0.27283916
0,0.2658682
0,0.26171392
0,0.26257622
0,0.26296726
0,0.2607326
0,0.25436243
0,0.2580431
0,0.25467148
0,0.25578874
0,0.25370243
0,0.25523403
0,0.2535888
0,0.25499916
0,0.24991952
0,0.25279328
0,0.24851817
0,0.2516593
0,0.25225663
0,0.2528179
0,0.2500509
0,0.25235417
0,0.24744366
0,0.2505197
0,0.27058628
0,0.26043606
0,0.24957526
0,0.25434446
0,0.26109654
0,0.25983658
0,0.25277203
0,0.25287932
0,0.26038656
0,0.25478593
0,0.27292827
0,0.2600444
0,0.2649561
0,0.25787678
0,0.2637403
0,0.26779613
0,0.2683834
0,0.2603639
0,0.26484323
0,0.25746372
0,0.26295662
0,0.26054412
0,0.26261324
0,0.25805074
0,0.26277733
0,0.2557116
0,0.26079372
0,0.2651217
0,0.2642941
0,0.267134
0,0.27069238
0,0.27195773
0,0.2688907
0,0.2696961
0,0.25576875
0,0.26314443
0,0.2611487
0,0.26539084
0,0.2658421
0,0.26787758
0,0.2663125
0,0.26752356
0,0.26720256
0,0.26743183
0,0.2646489
0,0.265198
0,0.26345032
0,0.26789805
0,0.26249376
0,0.2676058
0,0.25015923
0,0.2600435
0,0.24685517
0,0.25661877
0,0.25756356
0,0.2607885
0,0.25962925
0,0.26040256
0,0.25809693
0,0.2596481
0,0.25776774
0,0.25930586
0,0.25665557
0,0.2588455
0,0.26720706
0,0.273283
0,0.2626737
0,0.27492073
0,0.2636798
0,0.26262245
0,0.2582511
0,0.25936192
0,0.27709907
0,0.27790833
0,0.26271358
0,0.27389988
0,0.26216933
0,0.27341163
0,0.26291797
0,0.2608411
0,0.26807398
0,0.26102525
0,0.26785672
0,0.26046607
0,0.25678915
0,0.25700194
0,0.26399365
0,0.26228032
0,0.36648536
0,0.33137122
0,0.30519342
0,0.2880864
0,0.28488842
0,0.2716372
0,0.2637042
0,0.25994724
0,0.26687455
0,0.25863183
0,0.25481263
0,0.25898466
0,0.26744658
0,0.27425525
0,0.2705536
0,0.27605438
0,0.26806942
0,0.2697003
0,0.2644327
0,0.267383
0,0.2665575
0,0.26811352
0,0.2733481
0,0.27030727
0,0.26716575
0,0.26873156
0,0.27396917
0,0.2707188
0,0.2592693
0,0.2656107
0,0.2630139
0,0.26439148
0,0.25909388
0,0.26252398
0,0.26082376
0,0.26190022
0,0.25968933
0,0.2734609
0,0.26604217
0,0.26455295
0,0.26264176
0,0.262843
0,0.26103875
0,0.2610603
0,0.26000395
0,0.2606768
0,0.2617554
0,0.2610852
0,0.2562136
0,0.26952714
0,0.27582422
0,0.27835026
0,0.26967198
0,0.26669756
0,0.2670025
0,0.2739533
0,0.25342664
0,0.2582154
0,0.26060447
0,0.259518
0,0.25939375
0,0.25444487
0,0.25311223
0,0.2544331
0,0.25320792
0,0.2537783
0,0.25221413
0,0.25279132
0,0.252408
0,0.25274774
0,0.25461897
0,0.26486713
0,0.25635964
0,0.25792983
0,0.25469524
0,0.25568855
0,0.2484025
0,0.2497952
0,0.24897324
0,0.25988668
0,0.2628149
0,0.2549721
0,0.25101024
0,0.26695818
0,0.25447097
0,0.2524132
0,0.2550978
0,0.2506572
0,0.24577047
0,0.24736176
0,0.31772822
0,0.2861073
0,0.27900717
0,0.28483626
0,0.26214063
0,0.2736264
0,0.26034126
0,0.26647297
0,0.26738968
0,0.2681646
0,0.2669971
0,0.26704815
0,0.26086637
0,0.26501933
0,0.26459372
0,0.26510683
0,0.26425526
0,0.26491252
0,0.26453605
0,0.26499733
0,0.2702717
0,0.26689854
0,0.26486275
0,0.2669754
0,0.26560298
0,0.26991552
0,0.26606154
0,0.26469707
0,0.26369604
0,0.26293892
0,0.25953218
0,0.26073694
0,0.26108027
0,0.25974163
0,0.260209
0,0.25965703
0,0.25847146
0,0.25852874
0,0.25691858
0,0.26932076
0,0.25993797
0,0.2646896
0,0.25966617
0,0.25895467
0,0.26908726
0,0.27228323
0,0.26297545
0,0.2634528
0,0.25856215
0,0.2576454
0,0.26798937
0,0.2725303
0,0.26570442
0,0.27187786
0,0.26133716
0,0.25966382
0,0.26812482
0,0.26571265
0,0.25858364
0,0.25727567
0,0.26440635
0,0.25795457
0,0.25378296
0,0.25306663
0,0.2540795
0,0.25162688
0,0.25976163
0,0.2672363
0,0.2510652
0,0.25178838
0,0.24930324
0,0.25064042
0,0.24526417
0,0.2571779
0,0.2652891
0,0.264965
0,0.25564885
0,0.26257885
0,0.26349768
0,0.27015692
0,0.25895044
0,0.26452896
0,0.26296067
0,0.2653674
0,0.25371212
0,0.26120302
0,0.25633043
0,0.26130688
0,0.25087562
0,0.25820926
0,0.2556397
0,0.26529747
0,0.25687942
0,0.26056388
0,0.24946779
0,0.26170737
0,0.30588266
0,0.26311412
0,0.27387115
0,0.26916182
0,0.26312885
0,0.27501723
0,0.2671063
0,0.26622695
0,0.26619995
0,0.26355517
0,0.25414437
0,0.25784656
0,0.2582047
0,0.25844333
0,0.2483789
0,0.2649576
0,0.26593566
0,0.261403
0,0.25975445
0,0.26094484
0,0.2585105
0,0.26824132
0,0.26098147
0,0.2588779
0,0.24905325
0,0.2589855
0,0.25545058
0,0.2555734
0,0.26563448
0,0.25791734
0,0.2568887
0,0.25511482
0,0.25379857
0,0.26345143
0,0.24567404
0,0.25799477
0,0.25321892
0,0.26345736
0,0.2564824
0,0.2647917
0,0.25685465
0,0.25507173
0,0.2628068
0,0.27185658
0,0.25900346
0,0.2669574
0,0.25725496
0,0.2548839
0,0.26271093
0,0.25491226
0,0.26298618
0,0.27150902
0,0.27269226
0,0.27102625
0,0.2589775
0,0.26580614
0,0.26672056
0,0.26738456
0,0.26734748
0,0.26774502
0,0.25645384
0,0.26360804
0,0.2660202
0,0.26566315
0,0.26119924
0,0.26450613
0,0.2782418
0,0.27065584
0,0.26872876
0,0.26782346
0,0.26785034
0,0.2671199
0,0.2665216
0,0.26534143
0,0.25955823
0,0.26195794
0,0.26321298
0,0.2659234
0,0.26842713
0,0.26519653
0,0.2542193
0,0.2669181
0,0.26346695
0,0.26276562
0,0.25691456
0,0.25928888
0,0.25619853
0,0.25834718
0,0.2618741
0,0.2613206
0,0.25982478
0,0.26037756
0,0.25684974
0,0.25733805
0,0.2524615
0,0.25542563
0,0.25582337
0,0.2665325
0,0.25295514
0,0.26623303
0,0.26105285
0,0.25812167
0,0.24955708
0,0.25384948
0,0.25560796
0,0.2686878
0,0.2591134
0,0.25645903
0,0.26342884
0,0.2565217
0,0.2550024
0,0.2667407
0,0.2606056
0,0.26064813
0,0.26420748
0,0.26641378
0,0.26413134
0,0.2581914
0,0.2564803
0,0.26851976
0,0.26975963
0,0.259377
0,0.25764146
0,0.26539224
0,0.24791281
0,0.26146117
0,0.2514363
0,0.26156116
0,0.28017083
0,0.26223952
0,0.26268497
0,0.27144092
0,0.26076457
0,0.26802468
0,0.28358778
0,0.28075117
0,0.25818592
0,0.26658517
0,0.2596403
0,0.26571196
0,0.24772352
0,0.2493351
0,0.24764872
0,0.2566452
0,0.25033233
0,0.26441061
0,0.2517066
0,0.26303694
0,0.2655226
0,0.25903356
0,0.25703657
0,0.2606656
0,0.25215843
0,0.24769227
0,0.25183594
0,0.25583097
0,0.25184128
0,0.25688452
0,0.24990883
0,0.26396695
0,0.24789406
0,0.2567192
0,0.2566328
0,0.25795007
0,0.2513228
0,0.26714236
0,0.27281538
0,0.26540914
0,0.26322562
0,0.27501792
0,0.2591726
0,0.26109442
0,0.2581162
0,0.2632512
0,0.26932532
0,0.26291695
0,0.26233372
0,0.26288974
0,0.25962105
0,0.25732133
0,0.26769996
0,0.26011086
0,0.26439095
0,0.25843742
0,0.2576929
0,0.2663598
0,0.27100003
0,0.2641445
0,0.27246946
0,0.26864463
0,0.25560486
0,0.2683556
0,0.27543005
0,0.28679314
0,0.28428194
0,0.2794908
0,0.26801744
0,0.27194175
0,0.26732796
0,0.27380684
0,0.2669218
0,0.26881638
0,0.2616148
0,0.25623423
0,0.2648015
0,0.26494262
0,0.2767024
0,0.26950508
0,0.2511572
0,0.2601576
0,0.24965462
0,0.26578113
0,0.2663011
0,0.2640869
0,0.26757187
0,0.25397286
0,0.26352966
0,0.26684728
0,0.26718432
0,0.2645229
0,0.26749822
0,0.2637658
0,0.26511863
0,0.26339784
0,0.26624596
0,0.26976416
0,0.26788774
0,0.26831722
0,0.25360855
0,0.26586193
0,0.2682198
0,0.26210004
0,0.26013228
0,0.2607208
0,0.24783894
0,0.25286496
0,0.24918264
0,0.2515933
0,0.24446481
0,0.24906544
0,0.2545921
0,0.25196373
0,0.265316
0,0.2567904
0,0.26222116
0,0.2572158
0,0.26830414
0,0.27041024
0,0.26733494
0,0.26090762
0,0.24923213
0,0.25229362
0,0.26180917
0,0.2579673
0,0.2595707
0,0.25418702
0,0.25385508
0,0.25215164
0,0.25410047
0,0.26513872
0,0.2576972
0,0.2634615
0,0.25431207
0,0.26211733
0,0.26247105
0,0.26467597
0,0.2618049
0,0.26531136
0,0.25683117
0,0.26327232
0,0.29785585
0,0.3134061
0,0.27519697
0,0.27853736
0,0.26479658
0,0.26810175
0,0.26498988
0,0.2662889
0,0.28319854
0,0.2760232
0,0.25971434
0,0.26408148
0,0.25400773
0,0.25941354
0,0.25218502
0,0.24739861
0,0.24718133
0,0.2535416
0,0.26441753
0,0.2603016
0,0.2512553
0,0.25751066
0,0.2571622
0,0.2579386
0,0.26277903
0,0.26010224
0,0.26472107
0,0.26091185
0,0.26886907
0,0.27047113
0,0.25715983
0,0.26902923
0,0.27921507
0,0.2790742
0,0.28312328
0,0.2901559
0,0.3017775
0,0.27825335
0,0.27992427
0,0.27398208
0,0.26152313
0,0.2624948
0,0.2618064
0,0.25819677
0,0.25084955
0,0.25395083
0,0.25727847
0,0.26593664
0,0.25537118
0,0.26823655
0,0.2529163
0,0.2546835
0,0.2574598
0,0.25410235
0,0.26817787
0,0.26216722
0,0.26089492
0,0.2613685
0,0.25948456
0,0.2654201
0,0.26216716
0,0.2562455
0,0.2571687
0,0.26361528
0,0.2583453
0,0.25708428
0,0.25546247
0,0.26713383
0,0.2586512
0,0.26353374
0,0.26321572
0,0.25416082
0,0.595271
0,0.67242867
0,0.50271153
0,0.42775372
0,0.36563012
0,0.3507704
0,0.30941477
0,0.29208657
0,0.2793377
0,0.27170807
0,0.26138088
0,0.25918472
0,0.24574049
0,0.24105221
0,0.22513877
0,0.20639552
0,0.20276913
0,0.19282383
0,0.19383669
0,0.18863904
0,0.20138554
0,0.21047375
0,0.22103089
0,0.23398331
0,0.23259497
0,0.2551649
0,0.24551715
0,0.25714767
0,0.2599043
0,0.26231575
0,0.26464647
0,0.27551132
0,0.2741869
0,0.27252603
0,0.2716906
0,0.2707418
0,0.27283087
0,0.26563615
0,0.26970497
0,0.26700002
0,0.2698223
0,0.26838827
0,0.27042374
0,0.27875733
0,0.2747783
0,0.28338736
0,0.2713687
0,0.27382436
0,0.26697835
0,0.26875246
0,0.27305633
0,0.26839742
0,0.2646628
0,0.26210436
0,0.25785887
0,0.2579849
0,0.26278266
0,0.25931397
0,0.26656055
0,0.26349443
0,0.27016175
0,0.2595189
0,0.27417973
0,0.27215272
0,0.2756826
0,0.2622957
0,0.27490842
0,0.27238557
0,0.26654035
0,0.28135037
0,0.28142732
0,0.26461038
0,0.26565978
0,0.2683477
0,0.26480487
0,0.2713771
0,0.26042497
0,0.254475
0,0.26402843
0,0.26368353
0,0.26751074
0,0.2660309
0,0.26853073
0,0.26669455
0,0.27276078
0,0.2683665
0,0.26985246
0,0.26711708
0,0.2730641
0,0.27400124
0,0.27069426
0,0.2764568
0,0.26587266
0,0.27096045
0,0.26990667
0,0.27159712
0,0.26830927
0,0.26511034
0,0.26542217
0,0.2628335
0,0.2797493
0,0.26749992
0,0.266847
0,0.27988434
0,0.27598113
0,0.26734722
0,0.2726987
0,0.26979637
0,0.26653892
0,0.26708618
0,0.26458335
0,0.2616014
0,0.26999632
0,0.26207516
0,0.26133728
0,0.26864192
0,0.26244947
0,0.25852492
0,0.25853023
0,0.25933206
0,0.2635294
0,0.258254
0,0.2655822
0,0.25729308
0,0.25757772
0,0.2546132
0,0.2538864
0,0.27168566
0,0.27104214
0,0.27056918
0,0.26146227
0,0.28268754
0,0.2649248
0,0.27408025
0,0.26216507
0,0.26147425
0,0.2700992
0,0.27238655
0,0.26499668
0,0.2679304
0,0.26998037
0,0.26850763
0,0.25861755
0,0.26617908
0,0.25619486
0,0.26211187
0,0.2644674
0,0.25712198
0,0.26750132
0,0.26453784
0,0.26569903
0,0.26503262
0,0.2564484
0,0.26282805
0,0.26375955
0,0.2630931
0,0.2653597
0,0.2637976
0,0.26437342
0,0.26435032
0,0.26431033
0,0.2630236
0,0.26318544
0,0.2618206
0,0.25547943
0,0.25866407
0,0.25949287
0,0.2698842
0,0.26472068
0,0.26215973
0,0.26199186
0,0.26024103
0,0.26098964
0,0.26022023
0,0.2755299
0,0.2678385
0,0.26546964
0,0.278089
0,0.2685355
0,0.27819905
0,0.26916403
0,0.27867058
0,0.27630103
0,0.27155408
0,0.28246838
0,0.26854742
0,0.27868748
0,0.27667826
0,0.273506
0,0.26438174
0,0.27739808
0,0.2735119
0,0.2694358
0,0.2711344
0,0.2732868
0,0.27324134
0,0.2707143
0,0.2716903
0,0.26446232
0,0.26895213
0,0.26690966
0,0.26267278
0,0.26416525
0,0.26959503
0,0.26541933
0,0.27389112
0,0.28608122
0,0.2783002
0,0.26773274
0,0.2692865
0,0.27739146
0,0.27038908
0,0.28128132
0,0.27232876
0,0.26170692
0,0.27530864
0,0.27149305
0,0.26712123
0,0.27076763
0,0.26670015
0,0.26790208
0,0.26404226
0,0.26694402
0,0.26380745
0,0.26585454
0,0.26348564
0,0.26495302
0,0.26293963
0,0.26132712
0,0.25982654
0,0.26283702
0,0.26149797
0,0.26552817
0,0.2605581
0,0.26265654
0,0.2589343
0,0.26613253
0,0.27623013
0,0.2683136
0,0.2624264
0,0.26339182
0,0.25949454
0,0.2665668
0,0.25926772
0,0.27659112
0,0.26399204
0,0.26430207
0,0.25847784
0,0.26488823
0,0.2577338
0,0.25920832
0,0.2548291
0,0.2628982
0,0.2588111
0,0.26126048
0,0.26589426
0,0.26073095
0,0.25539175
0,0.2559933
0,0.2634717
0,0.25778043
0,0.26466003
0,0.25967723
0,0.2652805
0,0.26153076
0,0.27631068
0,0.26334253
0,0.26758626
0,0.26193336
0,0.26766777
0,0.26824042
0,0.273332
0,0.26583046
0,0.27362028
0,0.2730067
0,0.27104348
0,0.26656038
0,0.2676855
0,0.2709738
0,0.26806447
0,0.26040736
0,0.2645442
0,0.27087033
0,0.27279994
0,0.28225705
0,0.2827153
0,0.28492635
0,0.29651964
0,0.28364107
0,0.27961305
0,0.28150573
0,0.2730433
0,0.27844027
0,0.2717615
0,0.26134434
0,0.27077907
0,0.25839588
0,0.26093662
0,0.26822644
0,0.26241854
0,0.2818067
0,0.26867425
0,0.26578492
0,0.2635803
0,0.26732165
0,0.26433578
0,0.26866823
0,0.264363
0,0.26471454
0,0.26493916
0,0.2688327
0,0.2663983
0,0.2700691
0,0.26488256
0,0.26482254
0,0.26123613
0,0.2621181
0,0.25748602
0,0.27552027
0,0.26628917
0,0.26528662
0,0.25946227
0,0.37736553
0,0.34331045
0,0.30419272
0,0.2903988
0,0.2797365
0,0.28719836
0,0.27405956
0,0.2661081
0,0.26487145
0,0.2740678
0,0.2661335
0,0.27083144
0,0.26385978
0,0.27288234
0,0.26375642
0,0.2685707
0,0.2671744
0,0.25787365
0,0.26253873
0,0.26524472
0,0.2699781
0,0.27309376
0,0.2836351
0,0.28710213
0,0.27341068
0,0.26274335
0,0.27287552
0,0.27551693
0,0.26314268
0,0.27401945
0,0.2767281
0,0.27060115
0,0.261547
0,0.2684937
0,0.2693731
0,0.2677706
0,0.27169988
0,0.2714915
0,0.27224422
0,0.26714858
0,0.282499
0,0.27228573
0,0.27404085
0,0.2781894
0,0.27799505
0,0.27062842
0,0.273877
0,0.27367213
0,0.2696472
0,0.27146313
0,0.26569661
0,0.26362723
0,0.2676796
0,0.2667069
0,0.2646504
0,0.26269773
0,0.25178188
0,0.25827858
0,0.26673353
0,0.2595149
0,0.26759547
0,0.2632716
0,0.26540664
0,0.27638155
0,0.27738705
0,0.27811596
0,0.27081227
0,0.2679059
0,0.26415008
0,0.26943657
0,0.26789036
0,0.26118147
0,0.25994182
0,0.27034336
0,0.26139504
0,0.26783773
0,0.26251048
0,0.2681438
0,0.28004542
0,0.27994403
0,0.27351075
0,0.2737916
0,0.26965427
0,0.2721701
0,0.26521805
0,0.270597
0,0.26702824
0,0.27464697
0,0.27308854
0,0.277003
0,0.27842888
0,0.27609536
0,0.27464148
0,0.2716341
0,0.276334
0,0.2757989
0,0.26648524
0,0.26806372
0,0.27015123
0,0.26824975
0,0.27813885
0,0.27679795
0,0.27569717
0,0.27081364
0,0.28675756
0,0.27412385
0,0.27637845
0,0.27061728
0,0.2754184
0,0.27521142
0,0.28035927
0,0.2716073
0,0.2694071
0,0.2663422
0,0.2680814
0,0.26623404
0,0.26430792
0,0.26340103
0,0.25597855
0,0.2592261
0,0.25952092
0,0.2601133
0,0.27569565
0,0.28063437
0,0.26931718
0,0.26604322
0,0.2679376
0,0.26881617
0,0.26452726
0,0.28193527
0,0.2811568
0,0.28832218
0,0.28474787
0,0.2774428
0,0.27067003
0,0.2735905
0,0.2871323
0,0.27525908
0,0.28647104
0,0.27652603
0,0.30843833
0,0.2932572
0,0.28608024
0,0.29528907
0,0.28053096
0,0.27318093
0,0.2817784
0,0.26889926
0,0.26458907
0,0.2731262
0,0.27384645
0,0.2634975
0,0.26791608
0,0.27032378
0,0.28631487
0,0.28200188
0,0.26781285
0,0.27590454
0,0.27466002
0,0.27392375
0,0.2787558
0,0.27506384
0,0.2796594
0,0.2823463
0,0.26986712
0,0.27433658
0,0.27281296
0,0.2782691
0,0.27439743
0,0.27434465
0,0.27344376
0,0.27269748
0,0.27177715
0,0.26068404
0,0.26365262
0,0.26907405
0,0.2713307
0,0.27825022
0,0.2762524
0,0.2727541
0,0.27051938
0,0.27053258
0,0.2733109
0,0.2694926
0,0.26860055
0,0.26683193
0,0.26640573
0,0.27284876
0,0.27164882
0,0.2747117
0,0.27425694
0,0.26928824
0,0.27248517
0,0.2572609
0,0.26222232
0,0.26198325
0,0.2652553
0,0.26252857
0,0.26294613
0,0.26522055
0,0.2624491
0,0.26767552
0,0.27941844
0,0.27656955
0,0.26836488
0,0.2697133
0,0.26374844
0,0.2624439
0,0.25936928
0,0.25940725
0,0.258
0,0.26477808
0,0.2696215
0,0.26787007
0,0.27338815
0,0.26512727
0,0.26015112
0,0.26387313
0,0.26249155
0,0.26003566
0,0.26696795
0,0.26034585
0,0.2575639
0,0.25673047
0,0.25932658
0,0.25623766
0,0.26080623
0,0.25625986
0,0.26372793
0,0.26288307
0,0.26261663
0,0.2577443
0,0.26861048
0,0.25890023
0,0.26628196
0,0.2675328
0,0.26866937
0,0.25953943
0,0.267401
0,0.2588337
0,0.26746348
0,0.25858766
0,0.25364062
0,0.2590873
0,0.2621983
0,0.28941512
0,0.28723738
0,0.27963957
0,0.28109753
0,0.27761117
0,0.26233926
0,0.2693613
0,0.2723706
0,0.271316
0,0.25834367
0,0.26537484
0,0.26623636
0,0.27597222
0,0.26211488
0,0.26239112
0,0.264191
0,0.26684034
0,0.2582898
0,0.27186874
0,0.27130148
0,0.27052063
0,0.2788846
0,0.27902105
0,0.26983404
0,0.26934135
0,0.2654403
0,0.26658306
0,0.26371408
0,0.26458952
0,0.26184565
0,0.26322952
0,0.2716064
0,0.26543278
0,0.2732454
0,0.26755908
0,0.2639661
0,0.28307927
0,0.2672096
0,0.2667433
0,0.2622419
0,0.262574
0,0.25953287
0,0.2600933
0,0.2573558
0,0.2577597
0,0.26558685
0,0.26355192
0,0.26042143
0,0.2775768
0,0.26334205
0,0.27242467
0,0.26200292
0,0.27456042
0,0.26399302
0,0.2659922
0,0.27072823
0,0.2678481
0,0.2703663
0,0.26283976
0,0.2878494
0,0.27058694
0,0.2792255
0,0.2842307
0,0.28281835
0,0.2720723
0,0.27349085
0,0.26439676
0,0.2697513
0,0.2607981
0,0.26690093
0,0.25846776
0,0.26471615
0,0.2675525
0,0.26771048
0,0.27517927
0,0.27022287
0,0.2867979
0,0.2791775
0,0.27855623
0,0.27282992
0,0.2727375
0,0.27357316
0,0.27298528
0,0.2692
0,0.27154553
0,0.26774022
0,0.2708293
0,0.25645053
0,0.25777227
0,0.26178986
0,0.26438275
0,0.26536396
0,0.2660376
0,0.25552526
0,0.25801176
0,0.2632687
0,0.26502377
0,0.26164013
0,0.26352456
0,0.2616882
0,0.2630428
0,0.2609902
0,0.26345855
0,0.25747058
0,0.26024145
0,0.25816712
0,0.2594443
0,0.24535461
0,0.25375313
0,0.24901775
0,0.2540663
0,0.24559937
0,0.26374763
0,0.25673163
0,0.2566792
0,0.24899268
0,0.26393008
0,0.25970232
0,0.2590757
0,0.2526229
0,0.25438017
0,0.24967748
0,0.25277314
0,0.26309276
0,0.25630993
0,0.25439048
0,0.2542387
0,0.25218034
0,0.25657073
0,0.24733509
0,0.2501969
0,0.24344154
0,0.24701521
0,0.24314834
0,0.24587204
0,0.24250753
0,0.24638715
0,0.24309096
0,0.2522234
0,0.27862296
0,0.26027977
0,0.256609
0,0.26440185
0,0.25722376
0,0.25374722
0,0.24425507
0,0.25464043
0,0.24713838
0,0.24730948
0,0.24522285
0,0.25609326
0,0.34298274
0,0.30523923
0,0.27481404
0,0.28036755
0,0.25974914
0,0.2678878
0,0.2571816
0,0.26586658
0,0.251574
0,0.260729
0,0.25743452
0,0.26804954
0,0.2542534
0,0.26133662
0,0.2533468
0,0.2608439
0,0.25040695
0,0.25598386
0,0.24649891
0,0.25506318
0,0.24440132
0,0.2569721
0,0.2560776
0,0.26438978
0,0.2765916
0,0.2639079
0,0.2675117
0,0.26598558
0,0.25090048
0,0.25862738
0,0.25214013
0,0.25677598
0,0.2511469
0,0.25524068
0,0.25316367
0,0.25778615
0,0.2510543
0,0.25632423
0,0.250351
0,0.25668842
0,0.25552025
0,0.2571393
0,0.25022602
0,0.25739816
0,0.24711217
0,0.26284602
0,0.2534809
0,0.2541958
0,0.24915585
0,0.25312507
0,0.24933697
0,0.25124392
0,0.25213924
0,0.25101984
0,0.2479285
0,0.2494653
0,0.24952844
0,0.25403872
0,0.2509337
0,0.2507763
0,0.2460979
0,0.24825528
0,0.24097286
0,0.24953298
0,0.246821
0,0.25002483
0,0.24639697
0,0.24784844
0,0.243713
0,0.25558582
0,0.24660733
0,0.25804973
0,0.25083342
0,0.25943732
0,0.24760562
0,0.25797096
0,0.24537681
0,0.25692353
0,0.2444059
0,0.2554785
0,0.24732786
0,0.25662968
0,0.24790983
0,0.25129744
0,0.24154933
0,0.2534355
0,0.2657794
0,0.2625991
0,0.25793245
0,0.2619807
0,0.2608216
0,0.26290798
0,0.25703827
0,0.2570484
0,0.25680393
0,0.2600452
0,0.24687329
0,0.25730008
0,0.2525222
0,0.26856086
0,0.25221515
0,0.25805205
0,0.2518863
0,0.25740317
0,0.25463238
0,0.25731966
0,0.24966314
0,0.2550878
0,0.24877812
0,0.25392082
0,0.2501687
0,0.25757784
0,0.24871726
0,0.25525486
0,0.24561316
0,0.25268412
0,0.2457299
0,0.24708205
0,0.24444829
0,0.24820323
0,0.2545526
0,0.25583068
0,0.25087696
0,0.2642624
0,0.25387955
0,0.25370598
0,0.25092733
0,0.25082135
0,0.25194463
0,0.24982002
0,0.26358804
0,0.25426757
0,0.25385493
0,0.26342013
0,0.25314808
0,0.25174037
0,0.2526015
0,0.26090226
0,0.25332057
0,0.26132503
0,0.25268072
0,0.2734371
0,0.2532356
0,0.26343226
0,0.25690556
0,0.2623711
0,0.25462696
0,0.26124734
0,0.25539836
0,0.26120934
0,0.25448564
0,0.2667175
0,0.25962132
0,0.26638886
0,0.2519546
0,0.2642968
0,0.25338578
0,0.2596634
0,0.25653023
0,0.2605219
0,0.2481745
0,0.25689062
0,0.24549058
0,0.24930695
0,0.24977058
0,0.25787804
0,0.2528685
0,0.25674444
0,0.25299096
0,0.25705197
0,0.25400937
0,0.2569281
0,0.25513607
0,0.25775322
0,0.2531711
0,0.25608423
0,0.25308415
0,0.2559968
0,0.2527491
0,0.25595117
0,0.28143567
0,0.28357986
0,0.2660192
0,0.26513013
0,0.25995412
0,0.2595385
0,0.25666547
0,0.2688223
0,0.26099157
0,0.2599856
0,0.25227702
0,0.25594744
0,0.250993
0,0.2596641
0,0.25160027
0,0.26443252
0,0.2554301
0,0.25527406
0,0.24717851
0,0.25425932
0,0.25775573
0,0.2572424
0,0.2523328
0,0.2521753
0,0.25011635
0,0.26155528
0,0.25143704
0,0.24825895
0,0.25244594
0,0.2502389
0,0.25084382
0,0.24970455
0,0.24088605
0,0.26803544
0,0.2649408
0,0.26739073
0,0.25953385
0,0.2661855
0,0.2683647
0,0.27962214
0,0.26583302
0,0.27059063
0,0.25349468
0,0.25886965
0,0.25087312
0,0.25891048
0,0.25795427
0,0.2614364
0,0.25877097
0,0.26202917
0,0.26332825
0,0.26401207
0,0.25418782
0,0.25541976
0,0.25311813
0,0.2585114
0,0.24867763
0,0.25641283
0,0.2605343
0,0.26283538
0,0.2539549
0,0.25857776
0,0.2601102
0,0.27275893
0,0.25759032
0,0.26014322
0,0.25438297
0,0.25753707
0,0.27426
0,0.26455277
0,0.260051
0,0.26020536
0,0.25743532
0,0.25806606
0,0.25338957
0,0.25571817
0,0.2536638
0,0.2546552
0,0.2574644
0,0.26798728
0,0.26134503
0,0.25861964
0,0.25141305
0,0.2670781
0,0.24814834
0,0.25330693
0,0.24925573
0,0.2622792
0,0.2556009
0,0.26918137
0,0.25379696
0,0.26265693
0,0.2540764
0,0.2531818
0,0.24692276
0,0.25944945
0,0.2538206
0,0.25276014
0,0.25245073
0,0.25033838
0,0.24508259
0,0.27165145
0,0.25998178
0,0.26434374
0,0.25739104
0,0.26378295
0,0.25417593
0,0.26076993
0,0.25063273
0,0.2590987
0,0.24747048
0,0.25830624
0,0.24492581
0,0.2553523
0,0.24768312
0,0.25564516
0,0.25004736
0,0.25294465
0,0.2585801
0,0.2589875
0,0.24585673
0,0.25738257
0,0.25287175
0,0.2609068
0,0.25112706
0,0.25734392
0,0.25312153
0,0.25841781
0,0.25605464
0,0.2589177
0,0.2571619
0,0.25942364
0,0.25054973
0,0.250176
0,0.24429004
0,0.25118044
0,0.24328218
0,0.25028607
0,0.24247946
0,0.2505657
0,0.24774578
0,0.2524999
0,0.24760297
0,0.25056314
0,0.2430543
0,0.24929275
0,0.24515994
0,0.24874426
0,0.24550332
0,0.2598524
0,0.24890113
0,0.25121593
0,0.24405569
0,0.24806517
0,0.24040033
0,0.24593385
0,0.24564081
0,0.24732558
0,0.24768308
0,0.2521341
0,0.2512606
0,0.2534621
0,0.24199827
0,0.24625234
0,0.2553577
0,0.25666294
0,0.26227763
0,0.2659058
0,0.26396418
0,0.25841233
0,0.2558636
0,0.25883386
0,0.2571304
0,0.25499403
0,0.25964108
0,0.2661597
0,0.25409386
0,0.25315663
0,0.25149155
0,0.2532685
0,0.26304865
0,0.26661298
0,0.26448625
0,0.26775745
0,0.2550112
0,0.2644538
0,0.25293726
0,0.26268286
0,0.27212024
0,0.28933346
0,0.33135897
0,0.28794736
0,0.2801077
0,0.26725838
0,0.2634397
0,0.26914257
0,0.2620882
0,0.26651078
0,0.25783733
0,0.26338112
0,0.26624882
0,0.26667574
0,0.2628649
0,0.26583517
0,0.26867002
0,0.2708813
0,0.26418507
0,0.28373355
0,0.26841065
0,0.2732368
0,0.265969
0,0.26889428
0,0.26022437
0,0.26287222
0,0.25347683
0,0.2628192
0,0.25292385
0,0.26075858
0,0.2544054
0,0.25910693
0,0.25749815
0,0.2602047
0,0.25291148
0,0.25652003
0,0.25484768
0,0.27096972
0,0.2564206
0,0.25760952
0,0.2528071
0,0.25471422
0,0.25410306
0,0.2535011
0,0.25309774
0,0.2545921
0,0.2566052
0,0.25393564
0,0.25569412
0,0.2528843
0,0.24959172
0,0.25072125
0,0.24823287
0,0.24953811
0,0.2573236
0,0.2658668
0,0.25584066
0,0.25343865
0,0.25189558
0,0.26128078
0,0.2560685
0,0.25268853
0,0.2501255
0,0.25970167
0,0.24608366
0,0.25807026
0,0.25079763
0,0.25998697
0,0.24672568
0,0.25780043
0,0.24954008
0,0.25870457
0,0.26536107
0,0.26647648
0,0.2530226
0,0.26120925
0,0.25255513
0,0.25983223
0,0.25288194
0,0.2596324
0,0.2509824
0,0.2583705
0,0.2513914
0,0.2583073
0,0.24868847
0,0.26461458
0,0.25369966
0,0.25980085
0,0.25840154
0,0.26041433
0,0.25500414
0,0.25872084
0,0.25145918
0,0.25766885
0,0.24957085
0,0.2574873
0,0.2564482
0,0.25900617
0,0.25616497
0,0.25762326
0,0.259605
0,0.2586931
0,0.25532252
0,0.25605422
0,0.25834718
0,0.25680104
0,0.251175
0,0.25506404
0,0.24470513
0,0.25054517
0,0.25308532
0,0.25321046
0,0.25200513
0,0.2521724
0,0.2538546
0,0.2526973
0,0.24679156
0,0.24934863
0,0.24639162
0,0.2478492
0,0.25015163
0,0.24835089
0,0.247221
0,0.24732038
0,0.24030866
0,0.24361117
0,0.24338825
0,0.2441582
0,0.23985654
0,0.24333206
0,0.24467787
0,0.243564
0,0.25293663
0,0.25949517
0,0.24468872
0,0.2658007
0,0.25387755
0,0.26075494
0,0.25012967
0,0.24757388
0,0.24585913
0,0.2548591
0,0.2478716
0,0.2559258
0,0.24692999
0,0.25590304
0,0.26043388
0,0.25126502
0,0.25056902
0,0.25683308
0,0.24816343
0,0.25891706
0,0.25218752
0,0.26935208
0,0.25851908
0,0.27358937
0,0.26034987
0,0.26343605
0,0.25464123
0,0.27037814
0,0.26768187
0,0.26517877
0,0.25357965
0,0.2582657
0,0.2523306
0,0.25595698
0,0.25498432
0,0.25819498
0,0.25382242
0,0.25612336
0,0.25106984
0,0.25504667
0,0.24491523
0,0.2519025
0,0.25015607
0,0.25358006
0,0.24759743
0,0.25147703
0,0.24673004
0,0.2508718
0,0.24413602
0,0.24963915
0,0.2445314
0,0.2527392
0,0.25197163
0,0.2528018
0,0.25273994
0,0.2517768
0,0.24678145
0,0.2494107
0,0.2479636
0,0.24922745
0,0.2429816
0,0.2578262
0,0.24330084
0,0.24836476
0,0.24031779
0,0.2562216
0,0.2500509
0,0.2472067
0,0.24831982
0,0.2592865
0,0.32549217
0,0.27802014
0,0.26411882
0,0.26004404
0,0.25743306
0,0.25564975
0,0.25337008
0,0.2636106
0,0.25197747
0,0.25172746
0,0.24793588
0,0.2585113
0,0.25238112
0,0.26060715
0,0.25138658
0,0.26250306
0,0.25556034
0,0.2637189
0,0.25292394
0,0.26142722
0,0.2541181
0,0.26425266
0,0.2513573
0,0.25917882
0,0.2529285
0,0.25950602
0,0.25096345
0,0.25925162
0,0.2554383
0,0.26055184
0,0.26401615
0,0.26336178
0,0.25091636
0,0.26936466
0,0.25925025
0,0.2620343
0,0.2508559
0,0.25797662
0,0.25846288
0,0.26549134
0,0.25234258
0,0.2581374
0,0.255231
0,0.2571369
0,0.25203523
0,0.25576913
0,0.24737684
0,0.2537865
0,0.24916685
0,0.2537134
0,0.26643777
0,0.27549616
0,0.26425448
0,0.27458185
0,0.25618497
0,0.27066702
0,0.2585839
0,0.25896034
0,0.25503725
0,0.2556394
0,0.2508441
0,0.2543924
0,0.24767584
0,0.25142276
0,0.24973877
0,0.25931096
0,0.25308082
0,0.25271714
0,0.24945422
0,0.25052145
0,0.24072301
0,0.24592403
0,0.24641399
0,0.24819797
0,0.24559928
0,0.24681275
0,0.24687515
0,0.26139113
0,0.25634757
0,0.25211814
0,0.25289127
0,0.2603778
0,0.24947828
0,0.25913712
0,0.25574163
0,0.2633367
0,0.25918812
0,0.25648412
0,0.25278366
0,0.2616393
0,0.25492907
0,0.261407
0,0.25249156
0,0.28338915
0,0.26172662
0,0.26563334
0,0.25900316
0,0.2642862
0,0.25917614
0,0.2629467
0,0.25564945
0,0.2604031
0,0.25586852
0,0.26025203
0,0.24928544
0,0.25685576
0,0.25822014
0,0.25915784
0,0.25657743
0,0.26151514
0,0.2574564
0,0.2598937
0,0.2540558
0,0.25775033
0,0.2468912
0,0.25504115
0,0.24838868
0,0.2553347
0,0.24872278
0,0.25578758
0,0.25293484
0,0.26596123
0,0.25968078
0,0.25847727
0,0.2574609
0,0.25642166
0,0.25533116
0,0.255896
0,0.25304037
0,0.25528982
1,0.26032856
1,0.256076
1,0.2533852
1,0.25323468
1,0.25439048
1,0.25284588
1,0.24774235
1,0.254278
1,0.2519528
1,0.25361806
1,0.2469391
1,0.24843138
1,0.2586604
1,0.26893657
1,0.25477305
0,0.79299694
0,0.51886594
0,0.4255767
0,0.37617248
0,0.35048965
0,0.3088958
0,0.30271828
0,0.2810154
0,0.28210995
0,0.27637535
0,0.28222346
0,0.26584017
0,0.2728693
0,0.25892836
0,0.26455936
0,0.25985616
0,0.26469606
0,0.27492687
0,0.26641273
0,0.25047803
0,0.25725162
0,0.25116634
0,0.24471204
0,0.24505113
0,0.253137
0,0.2563716
0,0.26241207
0,0.26335636
0,0.27416965
0,0.25678322
0,0.26547647
0,0.25974405
0,0.26577318
0,0.2583934
0,0.26268235
0,0.2621883
0,0.26426828
0,0.25483763
0,0.26024383
0,0.2513366
0,0.25906324
0,0.25217357
0,0.25704747
0,0.25711834
0,0.25805813
0,0.26082194
0,0.2627593
0,0.2507305
0,0.26662424
0,0.25453436
0,0.2573997
0,0.25258902
0,0.25541514
0,0.28872466
0,0.27019036
0,0.2731363
0,0.2558235
0,0.2573958
0,0.25776294
0,0.25012904
0,0.25804606
0,0.25200793
0,0.25388062
0,0.25568935
0,0.25448734
0,0.24994186
0,0.25339228
0,0.25468552
0,0.26292166
0,0.2613175
0,0.25828516
0,0.2552284
0,0.2543483
0,0.2505851
0,0.26202232
0,0.25994986
0,0.25444016
0,0.25626895
0,0.25647986
0,0.25184745
0,0.26097658
0,0.25091228
0,0.26531184
0,0.25678128
0,0.26311606
0,0.25302178
0,0.2615094
0,0.259595
0,0.26633465
0,0.26219103
0,0.2693546
0,0.25699484
0,0.26341838
0,0.25908846
0,0.24889408
0,0.24796024
0,0.25673503
0,0.2507997
0,0.24746032
0,0.2450859
0,0.25335103
0,0.24815173
0,0.26674533
0,0.42342672
0,0.40163052
0,0.3385231
0,0.31386468
0,0.3818295
0,0.32449505
0,0.36021733
0,0.3070646
0,0.29668927
0,0.28410876
0,0.27097255
0,0.2698521
0,0.2626619
0,0.2663012
0,0.25641
0,0.25941986
0,0.252478
0,0.2555607
0,0.2522476
0,0.25854284
0,0.24748997
0,0.24973528
0,0.24355888
0,0.24803911
0,0.24841088
0,0.26187366
0,0.2479181
0,0.25295037
0,0.24757539
0,0.2529532
0,0.24899526
0,0.25305715
0,0.24979506
0,0.25347105
0,0.24608314
0,0.2496282
0,0.24904928
0,0.24926254
0,0.24545272
0,0.2479806
0,0.24307795
0,0.24739194
0,0.2583488
0,0.25236246
0,0.251273
0,0.26826996
0,0.25325122
0,0.26231796
0,0.25399977
0,0.2508016
0,0.24319607
0,0.25577644
0,0.25365794
0,0.26036254
0,0.25203332
0,0.26006863
0,0.26132897
0,0.25260955
0,0.25301042
0,0.25883043
0,0.24917814
0,0.257886
0,0.24829124
0,0.2591337
0,0.25340924
0,0.26004642
0,0.25124565
0,0.25739908
0,0.24929647
0,0.2566406
0,0.24715169
0,0.2551266
0,0.24688764
0,0.2554564
0,0.24866657
0,0.26606014
0,0.25341392
0,0.25712544
0,0.24855468
0,0.2551011
0,0.248275
0,0.26212054
0,0.25438225
0,0.25713184
0,0.2553397
0,0.25719613
0,0.2535397
0,0.2552426
0,0.25730225
0,0.25884926
0,0.2807232
0,0.2838103
0,0.26396966
0,0.2631513
0,0.25349557
0,0.2564833
0,0.25511453
0,0.25498822
0,0.2527899
0,0.25476247
0,0.24773233
0,0.25087857
0,0.25486314
0,0.25566876
0,0.26025003
0,0.25610462
0,0.25599098
0,0.25405824
0,0.25275147
0,0.25414443
0,0.24393536
0,0.24770753
0,0.25011387
0,0.24915455
0,0.24483998
0,0.24655373
0,0.24902838
0,0.24773166
0,0.24729209
0,0.24598512
0,0.24907932
0,0.24581574
0,0.25062704
0,0.24781497
0,0.25107247
0,0.26556483
0,0.25773433
0,0.26334438
0,0.25222853
0,0.26136276
0,0.25449753
0,0.26243097
0,0.2677783
0,0.2551063
0,0.25331634
0,0.25963703
0,0.2601602
0,0.26201347
0,0.25755742
0,0.2619416
0,0.25736848
0,0.25295603
0,0.2514282
0,0.2576008
0,0.24847749
0,0.2667036
0,0.24896456
0,0.25770378
0,0.2536989
0,0.258618
0,0.24781114
0,0.2614418
0,0.2545487
0,0.2589253
0,0.24967007
0,0.25759494
0,0.24927999
0,0.2555421
0,0.2493376
0,0.26099434
0,0.25451016
0,0.25712427
0,0.25230262
0,0.2555794
0,0.250262
0,0.2543695
0,0.25489986
0,0.2553491
0,0.25098357
0,0.25448546
0,0.24839485
0,0.25213382
0,0.25134727
0,0.2528986
0,0.2552358
0,0.2553763
0,0.25414294
0,0.25401196
0,0.2551182
0,0.2643516
0,0.2550165
0,0.26585695
0,0.25563636
0,0.26094157
0,0.25787145
0,0.25588897
0,0.26383594
0,0.26851296
0,0.2590934
0,0.2688716
0,0.2654747
0,0.26950705
0,0.26197448
0,0.2581699
0,0.253102
0,0.2638521
0,0.25208685
0,0.25240612
0,0.25053754
0,0.25274622
0,0.24906757
0,0.26015452
0,0.25244945
0,0.26142928
0,0.25456393
0,0.26223022
0,0.2549204
0,0.26260656
0,0.25028542
0,0.2606848
0,0.24947949
0,0.2596024
0,0.26229036
0,0.26630166
0,0.258555
0,0.26934314
0,0.25619325
0,0.2644413
0,0.2545064
0,0.26082507
0,0.24881469
0,0.26008222
0,0.2545675
0,0.25889885
0,0.25611374
0,0.2592397
0,0.25519046
0,0.2598479
0,0.24800812
0,0.25588027
0,0.24681315
0,0.25411752
0,0.25233042
0,0.25545952
0,0.2505982
0,0.25406107
0,0.2520843
0,0.25926802
0,0.2532399
0,0.25509095
0,0.24702784
0,0.25410262
0,0.25004938
0,0.25277677
0,0.24509306
0,0.2504721
0,0.24243204
0,0.24887758
0,0.25670525
0,0.26360938
0,0.25474215
0,0.25430748
0,0.25300997
0,0.2560172
0,0.24730895
0,0.2505936
0,0.24752142
0,0.24885882
0,0.2477268
0,0.24785554
0,0.2562673
0,0.2621538
0,0.25461954
0,0.25607637
0,0.2486017
0,0.24844463
0,0.24890701
0,0.24745534
0,0.24399199
0,0.25516665
0,0.24922048
0,0.2637517
0,0.25394946
0,0.25046346
0,0.2486926
0,0.2580257
0,0.26903582
0,0.26692882
0,0.25562996
0,0.2627333
0,0.2498745
0,0.24910863
0,0.24571656
0,0.25578436
0,0.24708062
0,0.2566288
0,0.2527628
0,0.2629502
0,0.25373334
0,0.26136422
0,0.25577077
0,0.2599799
0,0.2538658
0,0.2603628
0,0.2563202
0,0.25091818
0,0.25313163
0,0.25736615
0,0.24883364
0,0.2557153
0,0.25008655
0,0.25531974
0,0.25383112
0,0.26077577
0,0.25554106
0,0.25823617
0,0.2443911
0,0.25304237
0,0.24985272
0,0.25390348
0,0.25071135
0,0.2546003
0,0.25261924
0,0.25493652
0,0.24872741
0,0.25383505
0,0.24595556
0,0.25140455
0,0.24896893
0,0.2519906
0,0.24363318
0,0.2501017
0,0.24808261
0,0.25133088
0,0.25504658
0,0.26902074
0,0.25450447
0,0.26909006
0,0.26723102
0,0.25956473
0,0.25398806
0,0.25467554
0,0.255429
0,0.26601845
0,0.25332072
0,0.2648555
0,0.2640722
0,0.25835422
0,0.26687858
0,0.25863156
0,0.25009793
0,0.2528964
0,0.24709083
0,0.24954936
0,0.2448611
0,0.2467523
0,0.24800612
0,0.24691749
0,0.24120067
0,0.24446556
0,0.24095792
0,0.24318852
0,0.23638588
0,0.25971478
0,0.2547122
0,0.26045188
0,0.25089097
0,0.26021978
0,0.2505057
0,0.26067424
0,0.25426066
0,0.2603799
0,0.25511524
0,0.26180893
0,0.2557059
0,0.276241
0,0.2552687
0,0.25187966
0,0.24745534
0,0.25642654
0,0.2472286
0,0.25632712
0,0.25046772
0,0.25833073
0,0.2567763
0,0.26159704
0,0.25785586
0,0.27336732
0,0.25709575
0,0.26301956
0,0.25313053
0,0.25149083
0,0.25089434
0,0.25720406
0,0.25501502
0,0.26184744
0,0.24868482
0,0.25733617
0,0.24541073
0,0.25422406
0,0.25453237
0,0.25637892
0,0.24968842
0,0.25662246
0,0.25475323
0,0.2557469
0,0.2516733
0,0.25593862
0,0.25013512
0,0.25421
0,0.25239548
0,0.25415877
0,0.2631747
0,0.25784144
0,0.2592186
0,0.26812705
0,0.25886852
0,0.25750944
0,0.25506836
0,0.26932797
0,0.25623885
0,0.26722705
0,0.25624862
0,0.25576904
0,0.25327754
0,0.25583902
0,0.2526796
0,0.25167456
0,0.24769592
0,0.2503946
0,0.2495653
0,0.25102353
0,0.24496302
0,0.24711001
0,0.24760202
0,0.24679618
0,0.24327195
0,0.2553047
0,0.24591018
0,0.25696617
0,0.24668224
0,0.27347392
0,0.2580214
0,0.26776683
0,0.25350618
0,0.26643926
0,0.25679314
0,0.26248187
0,0.25667092
0,0.2510704
0,0.24683619
0,0.25561258
0,0.25631183
0,0.25929224
0,0.25912213
0,0.2654461
0,0.25781596
0,0.26443496
0,0.2594646
0,0.26239952
0,0.2612304
0,0.26257804
0,0.25981563
0,0.2634403
0,0.24841231
0,0.25749215
0,0.25376663
0,0.25795007
0,0.24622242
0,0.23941408
0,0.24563865
0,0.25132442
0,0.2498763
0,0.25441355
0,0.2518792
0,0.25524235
0,0.25107327
0,0.2542873
0,0.25115559
0,0.25417113
0,0.24849062
0,0.253224
0,0.25131068
0,0.26372918
0,0.2796256
0,0.27786922
0,0.2646655
0,0.26263455
0,0.25853398
0,0.25990647
0,0.26598385
0,0.25887713
0,0.25896347
0,0.26690754
0,0.2589761
0,0.25699458
0,0.2505133
0,0.25155365
0,0.25075343
0,0.2515388
0,0.2500861
0,0.24979542
0,0.25624722
0,0.2542548
0,0.25188226
0,0.26124173
0,0.2629165
0,0.25518706
0,0.24933836
0,0.25126377
0,0.24792925
0,0.2586925
0,0.25436714
0,0.26151183
0,0.30459872
0,0.29579177
0,0.2675444
0,0.27589807
0,0.2588714
0,0.26599327
0,0.26252577
0,0.26500335
0,0.25426385
0,0.26192126
0,0.2619764
0,0.26370367
0,0.2581625
0,0.2631281
0,0.25934508
0,0.2655288
0,0.25443777
0,0.26050946
0,0.2530061
0,0.25856012
0,0.2648267
0,0.26244962
0,0.2564592
0,0.26014972
0,0.25392732
0,0.2583407
0,0.2522447
0,0.25735924
0,0.25477615
0,0.2611037
0,0.2540979
0,0.25694537
0,0.25368556
0,0.2571589
0,0.25013387
0,0.25388116
0,0.24910915
0,0.2691245
0,0.2643794
0,0.27262166
0,0.2659262
0,0.28084245
0,0.2677937
0,0.2642977
0,0.26174605
0,0.2598527
0,0.25506824
0,0.27107587
0,0.26131728
0,0.26164114
0,0.2538688
0,0.2588607
0,0.2565605
0,0.2594645
0,0.25385475
0,0.25395903
0,0.24994065
0,0.25112703
0,0.24905595
0,0.24935357
0,0.25453484
0,0.25126377
0,0.25480255
0,0.25253814
0,0.24612582
0,0.24794261
0,0.24662589
0,0.24640346
0,0.24975899
0,0.25720575
0,0.2487541
0,0.2613178
0,0.24867156
0,0.26979318
0,0.2540183
0,0.26162824
0,0.25115523
0,0.25919273
0,0.24896298
0,0.25933942
0,0.24851124
0,0.25933057
0,0.2581398
0,0.26037493
0,0.25522137
0,0.25950837
0,0.25266063
0,0.26955268
0,0.26089483
0,0.26232284
0,0.25731456
0,0.2595172
0,0.25525814
0,0.25846252
0,0.25159493
0,0.2593498
0,0.24861178
0,0.25500527
0,0.24990825
0,0.26839784
0,0.25434798
0,0.2574278
0,0.25154456
0,0.24470522
0,0.24215323
0,0.2514588
0,0.25278825
0,0.25322118
0,0.25855958
0,0.26653987
0,0.26148972
0,0.2592574
0,0.25602257
0,0.25571668
0,0.25387788
0,0.25401804
0,0.26107278
0,0.26377678
0,0.26438183
0,0.272731
0,0.2781372
0,0.27310115
0,0.26418835
0,0.26878247
0,0.26869616
0,0.26828417
0,0.2760963
0,0.2714378
0,0.27833408
0,0.27826902
0,0.28028396
0,0.2736402
0,0.27941144
0,0.27771902
0,0.2693541
0,0.27582175
0,0.27027312
0,0.28673875
0,0.26969278
0,0.2858151
0,0.29406083
0,0.2760506
0,0.27477026
0,0.28260356
0,0.26922965
0,0.27568915
0,0.2802646
0,0.27752742
0,0.27203926
0,0.28576702
0,0.28382316
0,0.28467077
0,0.28604156
0,0.27302557
0,0.27770388
0,0.26516873
0,0.26368216
0,0.2724133
0,0.2798502
0,0.2671794
0,0.27008256
0,0.27050784
0,0.27239656
0,0.2748298
0,0.27425912
0,0.27179065
0,0.27084917
0,0.27854764
0,0.274024
0,0.2748469
0,0.27723578
0,0.28032002
0,0.27543435
0,0.27522808
0,0.27996776
0,0.2722673
0,0.26797315
0,0.26667154
0,0.26110104
0,0.26218316
0,0.2617243
0,0.26091346
0,0.27273846
0,0.26498953
0,0.2670622
0,0.26899877
0,0.2639114
0,0.2617011
0,0.26179296
0,0.2690035
0,0.2673927
0,0.2619683
0,0.26484317
0,0.27697253
0,0.2690188
0,0.2697132
0,0.2710606
0,0.27457172
0,0.26739627
0,0.26640183
0,0.26091975
0,0.2622434
0,0.26640034
0,0.26341036
0,0.25851926
0,0.26057702
0,0.26153857
0,0.25594553
0,0.2685487
0,0.25816476
0,0.26579088
0,0.2573494
0,0.25790218
0,0.25319254
0,0.25099084
0,0.2647897
0,0.25803226
0,0.26353025
0,0.26084703
0,0.26942614
0,0.26227555
0,0.2707274
0,0.2679857
0,0.26783118
0,0.2616662
0,0.26534072
0,0.26602766
0,0.26681763
0,0.2698838
0,0.27345744
0,0.26932168
0,0.26807424
0,0.26491603
0,0.26518086
0,0.25501207
0,0.26368532
0,0.25909862
0,0.25093383
0,0.2562901
0,0.2588758
0,0.25502425
0,0.25964227
0,0.25779215
0,0.25938982
0,0.26143378
0,0.2619883
0,0.2664236
0,0.26262894
0,0.26634854
0,0.26292288
0,0.26598826
0,0.2640484
0,0.26284397
0,0.27179098
0,0.25966096
0,0.26423216
0,0.27011874
0,0.26307288
0,0.25867158
0,0.261696
0,0.27349943
0,0.2753587
0,0.26751193
0,0.26682493
0,0.25971213
0,0.2624298
0,0.25527695
0,0.26795697
0,0.26182726
0,0.26106212
0,0.27371237
0,0.2636105
0,0.2535662
0,0.26511854
0,0.26597458
0,0.2740489
0,0.26510832
0,0.26409343
0,0.26686856
0,0.26273182
0,0.2787381
0,0.2700842
0,0.2667019
0,0.258623
0,0.27389747
0,0.26698723
0,0.27053407
0,0.27468047
0,0.26136196
0,0.2754929
0,0.26387253
0,0.27787352
0,0.2636237
0,0.27193493
0,0.26543546
0,0.26727316
0,0.25700843
0,0.26774657
0,0.43866354
0,0.48883468
0,0.3702019
0,0.3325173
0,0.30810168
0,0.29360634
0,0.28988644
0,0.2799497
0,0.2682153
0,0.2682481
0,0.26207635
0,0.26360154
0,0.2585346
0,0.26470947
0,0.2589349
0,0.26054826
0,0.2612316
0,0.24971876
0,0.25352076
0,0.25567296
0,0.2524804
0,0.25790337
0,0.2610924
0,0.25703192
0,0.265202
0,0.27073804
0,0.26552147
0,0.27385387
0,0.2641728
0,0.27979517
0,0.26390758
0,0.27204242
0,0.26184496
0,0.2617803
0,0.26354647
0,0.2584473
0,0.25074667
0,0.25254443
0,0.25298983
0,0.25805786
0,0.2550515
0,0.2657351
0,0.25526053
0,0.26878566
0,0.27864984
0,0.29342958
0,0.28527725
0,0.27257136
0,0.2799865
0,0.28240457
0,0.26507753
0,0.27562365
0,0.26387116
0,0.2726257
0,0.27863368
0,0.26538172
0,0.25541398
0,0.26325265
0,0.26018214
0,0.2634196
0,0.26095074
0,0.263323
0,0.26167038
0,0.27543706
0,0.2586756
0,0.26314867
0,0.2670425
0,0.27133173
0,0.26922476
0,0.26889092
0,0.26131305
1,0.26715192
1,0.26001084
1,0.2616875
1,0.25981143
1,0.26016802
1,0.2519281
1,0.26057506
1,0.25250843
1,0.25521907
1,0.25901288
1,0.25724167
1,0.25821418
1,0.26912767
1,0.25158235
1,0.2593049
1,0.7925594
0,0.93904704
0,0.78510106
0,0.7119299
0,0.6312206
0,0.5822165
0,0.5176953
0,0.47160453
0,0.38290387
0,0.3311944
0,0.2644934
0,0.23409086
0,0.20474122
0,0.16981013
0,0.14934267
0,0.14275391
0,0.13104124
0,0.12549463
0,0.122707315
0,0.12098005
0,0.120449975
0,0.1202471
0,0.12216388
0,0.12722674
0,0.13343744
0,0.14564644
0,0.16471575
0,0.18044147
0,0.19052781
0,0.20740283
0,0.2548794
0,0.26839817
0,0.26218277
0,0.26521155
0,0.25805572
0,0.2687545
0,0.25543073
0,0.26270434
0,0.26687056
0,0.27963278
0,0.27073255
0,0.27601358
0,0.26405412
0,0.26516467
0,0.25813714
0,0.2610626
0,0.25317827
0,0.25742775
0,0.24809541
0,0.2623012
0,0.2606106
0,0.25985524
0,0.25287783
0,0.2674681
0,0.2669919
0,0.26302055
0,0.27279437
0,0.26467952
0,0.2664184
0,0.27293333
0,0.2620298
0,0.27380455
0,0.26703876
0,0.27284992
0,0.2794505
0,0.26791984
0,0.2655658
0,0.27638322
0,0.2625125
0,0.26048902
0,0.26571104
0,0.2695705
0,0.26676255
0,0.2793865
0,0.26188174
0,0.2726264
0,0.2677646
0,0.27173
0,0.2586884
0,0.26748693
0,0.2586723
0,0.25554743
0,0.25891384
0,0.253781
0,0.25324526
0,0.26514325
0,0.26222014
0,0.25903702
0,0.26149935
0,0.25681725
0,0.26324052
0,0.26928547
0,0.26463014
0,0.27169752
0,0.27942905
0,0.2849566
0,0.27424288
0,0.27597347
0,0.27710748
0,0.2717252
0,0.26318562
0,0.265887
0,0.2736063
0,0.2698196
0,0.2726939
0,0.26900515
0,0.26512346
0,0.27216822
0,0.27288786
0,0.26888302
0,0.26996815
0,0.26690024
0,0.2599276
0,0.26291963
0,0.26626563
0,0.26929072
0,0.27344763
0,0.267173
0,0.25813574
0,0.26070583
0,0.26311505
0,0.2709911
0,0.26674977
0,0.2709063
0,0.27062884
0,0.26621902
0,0.2857895
0,0.27199644
0,0.2685136
0,0.26741022
0,0.26609537
0,0.26146182
0,0.2628761
0,0.2594717
0,0.26642874
0,0.25981408
0,0.26540598
0,0.27748638
0,0.28573614
0,0.27949527
0,0.28793243
0,0.26962072
0,0.28033137
0,0.2985693
0,0.3143522
0,0.30593577
0,0.2948729
0,0.2913114
0,0.2761188
0,0.2669129
0,0.264764
0,0.25890553
0,0.26678967
0,0.2569598
0,0.25881737
0,0.26825127
0,0.26062003
0,0.26493832
0,0.25924367
0,0.26852968
0,0.25721735
0,0.26720318
0,0.2559258
0,0.26277733
0,0.25394538
0,0.26163986
0,0.26058146
0,0.26237783
0,0.25926766
0,0.26709312
0,0.25734052
0,0.26212418
0,0.257572
0,0.2600688
0,0.24707313
0,0.25558868
0,0.25309706
0,0.25808844
0,0.25608218
0,0.2581057
0,0.26158014
0,0.26045436
0,0.25880083
0,0.26160124
0,0.25906786
0,0.2613944
0,0.25506872
0,0.2600924
0,0.2539705
0,0.2479771
0,0.24452251
0,0.2514742
0,0.2611237
0,0.26720414
0,0.26178393
0,0.2613063
0,0.25714698
0,0.2719042
0,0.2584557
0,0.25807765
0,0.24960423
0,0.26857904
0,0.26151717
0,0.25955063
0,0.2589425
0,0.26844114
0,0.25798222
0,0.2680562
0,0.25545418
0,0.2713427
0,0.25435486
0,0.25514743
0,0.25157923
0,0.26475433
0,0.26439127
0,0.26215693
0,0.26621327
0,0.2731424
0,0.26764685
0,0.2616555
0,0.26028556
0,0.268265
0,0.26165807
0,0.27346894
0,0.2649966
0,0.26218644
0,0.27837804
0,0.2712918
0,0.26726758
0,0.28183037
0,0.2657426
0,0.26238936
0,0.26144266
0,0.25885448
0,0.25331503
0,0.2606474
0,0.25075492
0,0.26384386
0,0.2864344
0,0.30804393
0,0.30997193
0,0.31068766
0,0.27644604
0,0.27843192
0,0.2687788
0,0.2704108
0,0.25746542
0,0.26894134
0,0.27244082
0,0.26812094
0,0.26441595
0,0.27047506
0,0.26152113
0,0.26736858
0,0.26133662
0,0.26362124
0,0.26082405
0,0.2611661
0,0.2602972
0,0.26387125
0,0.2566961
0,0.26403907
0,0.27169788
0,0.26523226
0,0.26170003
0,0.2761302
0,0.27233392
0,0.28011042
0,0.26896554
0,0.26560247
0,0.253878
0,0.25715268
0,0.26434752
0,0.259113
0,0.25045118
0,0.2543126
0,0.27266225
0,0.28418025
0,0.26623017
0,0.27805173
0,0.2801355
0,0.28692034
0,0.27239782
0,0.28132513
0,0.26386794
0,0.26162675
0,0.25892046
0,0.2566726
0,0.2586242
0,0.2613431
0,0.2563452
0,0.26570508
0,0.262676
0,0.26816458
0,0.27512044
0,0.26582474
0,0.2596556
0,0.25648648
0,0.25546533
0,0.2627416
0,0.2637028
0,0.2551128
0,0.25200874
0,0.26224995
0,0.25596607
0,0.26285574
0,0.25676596
0,0.26637137
0,0.25447744
0,0.26500058
0,0.25929713
0,0.26396418
0,0.26834926
0,0.26881877
0,0.2776011
0,0.27528197
0,0.26826912
0,0.26689148
0,0.2617357
0,0.26438513
0,0.25293222
0,0.2630094
0,0.27317318
0,0.26643875
0,0.25834274
0,0.26499
0,0.2623338
0,0.26632094
0,0.25534812
0,0.2643
0,0.25522003
0,0.25805816
0,0.24864109
0,0.2583312
0,0.25073445
0,0.26989892
0,0.25913233
0,0.25854552
0,0.24841756
0,0.2562752
0,0.25082177
0,0.2600916
0,0.255466
0,0.2599789
0,0.25922003
0,0.25671715
0,0.2524026
0,0.26493496
0,0.25603718
0,0.26618844
0,0.25617522
0,0.25530666
0,0.26033363
0,0.25514698
0,0.24994217
0,0.26210368
0,0.24952878
0,0.2545814
0,0.25260437
0,0.25494006
0,0.24938487
0,0.25036466
0,0.24745926
0,0.24777454
0,0.2553918
0,0.26681688
0,0.256478
0,0.2575436
0,0.25448126
0,0.25102407
0,0.25120652
0,0.2593404
0,0.25909144
0,0.2520639
0,0.25233144
0,0.25938296
0,0.26886147
0,0.2675242
0,0.25635546
0,0.27480486
0,0.2576987
0,0.26261583
0,0.2634417
0,0.26411688
0,0.254105
0,0.2639827
0,0.25651842
0,0.25986332
0,0.2546628
0,0.2598707
0,0.24969141
0,0.2560987
0,0.25152293
0,0.28247747
0,0.2651364
0,0.27037486
0,0.25376105
0,0.25825927
0,0.24922164
0,0.25415865
0,0.2508714
0,0.2653372
0,0.25612015
0,0.27174717
0,0.2599542
0,0.27952933
0,0.27356607
0,0.2691405
0,0.25617793
0,0.2687429
0,0.25235978
0,0.25540647
0,0.25448966
0,0.26544377
0,0.27011
0,0.2604931
0,0.2542703
0,0.25381172
0,0.25124556
0,0.25107154
0,0.2553776
0,0.25626922
0,0.253576
0,0.25168496
0,0.2571299
0,0.26936063
0,0.25501922
0,0.25481313
0,0.25249556
0,0.26029634
0,0.25740764
0,0.2521388
0,0.24715865
0,0.25744563
0,0.24853116
0,0.25739503
0,0.27982995
0,0.27929357
0,0.2645716
0,0.27267253
0,0.25870094
0,0.26897818
0,0.2593868
0,0.26824355
0,0.25634983
0,0.26228708
0,0.25296885
0,0.25996265
0,0.26151645
0,0.2627101
0,0.2578622
0,0.26159823
0,0.26259533
0,0.26240432
0,0.2564657
0,0.2598623
0,0.2569514
0,0.25955877
0,0.25289002
0,0.2597392
0,0.2631731
0,0.26068038
0,0.2636889
0,0.26156986
0,0.26509187
0,0.26230696
0,0.25343174
0,0.25667113
0,0.26265597
0,0.2635066
0,0.25566462
0,0.25838166
0,0.25059375
0,0.25670937
0,0.25384524
0,0.2551698
0,0.25249147
0,0.25459674
0,0.25342342
0,0.25828242
0,0.2503106
0,0.25391582
0,0.2588862
0,0.2582054
0,0.26217845
0,0.25719303
0,0.25342825
0,0.2666058
0,0.25725576
0,0.26678595
0,0.25293428
0,0.25544012
0,0.2508678
0,0.25218716
0,0.2560002
0,0.25750464
0,0.2504826
0,0.27148923
0,0.25861734
0,0.26705647
0,0.2610782
0,0.25616562
0,0.2535039
0,0.26362416
0,0.26296926
0,0.26682898
0,0.25360268
0,0.25334826
0,0.25589523
0,0.26234138
0,0.25594053
0,0.2543051
0,0.26456818
0,0.25523198
0,0.26628983
0,0.2700939
0,0.25763103
0,0.27308068
0,0.26204067
0,0.2626742
0,0.25657806
0,0.2633097
0,0.25614065
0,0.27687228
0,0.26227614
0,0.26646048
0,0.27674046
0,0.27091214
0,0.25830016
0,0.26402894
0,0.25536188
0,0.26160282
0,0.25936434
0,0.2612209
0,0.25892687
0,0.26025972
0,0.25997147
0,0.26347104
0,0.2662849
0,0.26314694
0,0.2556598
0,0.26915532
0,0.25869387
0,0.26923037
0,0.27134472
0,0.27812564
0,0.26404598
0,0.26700217
0,0.2576334
0,0.264074
0,0.2724994
0,0.26883888
0,0.2607939
0,0.27607188
0,0.26566657
0,0.27058166
0,0.2663547
0,0.26573104
0,0.2631559
0,0.27659103
0,0.268853
0,0.26722383
0,0.26731095
0,0.275286
0,0.27207032
0,0.26771647
0,0.26474392
0,0.27078688
0,0.26123658
0,0.25825524
0,0.25547916
0,0.2579812
0,0.25872368
0,0.26693314
0,0.25643373
0,0.2681966
0,0.26689404
0,0.26323864
0,0.26309568
0,0.27966848
0,0.27056843
0,0.26095232
0,0.26157123
0,0.26667333
0,0.26060456
0,0.28353328
0,0.26598498
0,0.27653807
0,0.26606658
0,0.28077793
0,0.26736483
0,0.28198257
0,0.27035013
0,0.27718532
0,0.268428
0,0.29353723
0,0.26635495
0,0.275502
0,0.26907763
0,0.26745597
0,0.26516917
0,0.2683075
0,0.25915366
0,0.26927775
0,0.26360717
0,0.26790395
0,0.2598127
0,0.25971687
0,0.25551388
0,0.25206283
0,0.26808804
0,0.26865312
0,0.27545395
0,0.27123424
0,0.27001446
0,0.2656055
0,0.25793144
0,0.27327895
0,0.25899452
0,0.26977178
0,0.2547222
0,0.26724446
0,0.275473
0,0.26450598
0,0.25865847
0,0.25656587
0,0.2516201
0,0.25247648
0,0.25520453
0,0.25327703
0,0.25515333
0,0.2571105
0,0.25425312
0,0.2723222
0,0.271025
0,0.26496044
0,0.2646683
0,0.2583101
0,0.27022636
0,0.26792964
0,0.26268092
0,0.27002195
0,0.26334465
0,0.26331195
0,0.26399043
0,0.27248654
0,0.27181485
0,0.27635828
0,0.26745537
0,0.26073912
0,0.25925028
0,0.26475218
0,0.26258138
0,0.27622175
0,0.27077708
0,0.27498484
0,0.27297148
0,0.27102527
0,0.26349667
0,0.2664919
0,0.2614351
0,0.26490536
0,0.25721845
0,0.26881075
0,0.26902762
0,0.26769215
0,0.25997797
0,0.26863256
0,0.26043123
0,0.26403895
0,0.25455633
0,0.26265672
0,0.2683203
0,0.2652267
0,0.26228517
0,0.26322287
0,0.25296733
0,0.25843245
0,0.25537893
0,0.2601372
0,0.24764818
0,0.25578946
0,0.25858438
0,0.26437905
0,0.25622246
0,0.2717056
0,0.27176294
0,0.26580772
0,0.2641323
0,0.2632775
0,0.26144493
0,0.26766148
0,0.262959
0,0.26216692
0,0.2609626
0,0.26409775
0,0.25653133
0,0.2618336
0,0.25852817
0,0.26744795
0,0.26662955
0,0.26304325
0,0.26030815
0,0.26442745
0,0.26083416
0,0.25830945
0,0.25524879
0,0.25642854
0,0.25614855
0,0.25883383
0,0.2609594
0,0.26826742
0,0.26574835
0,0.2710999
0,0.26882878
0,0.27382514
0,0.26040834
0,0.25845546
0,0.25248507
0,0.2617847
0,0.25849178
0,0.254688
0,0.25038403
0,0.2661174
0,0.26309097
0,0.26717582
0,0.2701629
0,0.25974876
0,0.26533535
0,0.27518395
0,0.26597488
0,0.27669042
0,0.2750236
0,0.27771854
0,0.26443285
0,0.26914695
0,0.2648186
0,0.25712526
0,0.25519308
0,0.2624835
0,0.25408906
0,0.26549944
0,0.25327173
0,0.26136565
0,0.26435843
0,0.26487443
0,0.26657054
0,0.2680009
0,0.2699233
0,0.256735
0,0.2532852
0,0.26539287
0,0.25750753
0,0.26636022
0,0.26291853
0,0.26387385
0,0.26707828
0,0.26443005
0,0.25524843
0,0.2633436
0,0.26791283
0,0.26414785
0,0.25855485
0,0.2609317
0,0.26244277
0,0.2613482
0,0.26044515
0,0.2535216
0,0.25789043
0,0.2570943
0,0.262071
0,0.2668078
0,0.25525102
0,0.26164865
0,0.25462618
0,0.2743811
0,0.2621937
0,0.26590544
0,0.26242232
0,0.26273164
0,0.2614998
0,0.25953248
0,0.26106277
0,0.25703737
0,0.2607766
0,0.26787013
0,0.2560673
0,0.25552115
0,0.25456807
0,0.25787604
0,0.25668436
0,0.26484624
0,0.26954103
0,0.27465618
0,0.26231474
0,0.2579591
0,0.25750563
0,0.2647803
0,0.27096725
0,0.27120128
0,0.2620806
0,0.2571995
0,0.2662643
0,0.2675593
0,0.2620074
0,0.2726323
0,0.25674272
0,0.25561205
0,0.2575149
0,0.26749834
0,0.2558501
0,0.2636467
0,0.2572908
0,0.2638043
0,0.25386202
0,0.26157883
0,0.26519343
0,0.2804418
0,0.26644507
0,0.27291337
0,0.27242482
0,0.26975822
0,0.27178532
0,0.27255556
0,0.25957248
0,0.2660262
0,0.26669344
0,0.27364436
0,0.26913187
0,0.26704422
0,0.27643037
0,0.2730879
0,0.2695814
0,0.26734307
0,0.25981352
0,0.26691973
0,0.31957215
0,0.2975522
0,0.28311372
0,0.2754268
0,0.26822373
0,0.26650062
0,0.26780707
0,0.26408535
0,0.2629039
0,0.2628621
0,0.26461643
0,0.2609821
0,0.26495275
0,0.2728905
0,0.2672761
0,0.2667294
0,0.2639407
0,0.27134132
0,0.25805128
0,0.27455264
0,0.26718068
0,0.28197205
0,0.27284762
0,0.26991737
0,0.2663966
0,0.26174885
0,0.25976732
0,0.2693485
0,0.26814792
0,0.27190974
0,0.26538292
0,0.26918742
0,0.26675195
0,0.27145904
0,0.27229574
0,0.2612412
0,0.26840082
0,0.2709647
0,0.2649972
0,0.25754446
0,0.26133376
0,0.25447384
0,0.25222582
0,0.26388982
0,0.2565889
0,0.26742184
0,0.26076192
0,0.26613727
0,0.27575818
0,0.2738075
0,0.27219704
0,0.2664476
0,0.27641773
0,0.2701945
0,0.26912427
0,0.2679247
0,0.25930825
0,0.26691827
0,0.25955927
0,0.2660676
0,0.26720646
0,0.26489556
0,0.26221234
0,0.26577023
0,0.26477948
0,0.26647043
0,0.26767892
0,0.27095807
0,0.2676602
0,0.26487103
0,0.26568684
0,0.26246145
0,0.27165052
0,0.268912
0,0.25974184
0,0.27203855
0,0.2702448
0,0.27649054
0,0.26989597
0,0.26488024
0,0.2590329
0,0.26925072
0,0.26575968
0,0.26032487
0,0.25972322
0,0.27203703
0,0.2693864
0,0.27484977
0,0.264523
0,0.2713913
0,0.26065117
0,0.2689573
0,0.26280478
0,0.25986812
0,0.26282188
0,0.2766293
0,0.284331
0,0.2868186
0,0.27854177
0,0.27161834
0,0.2735042
0,0.27729264
0,0.26494548
0,0.26641196
0,0.27098542
0,0.2723062
0,0.26883894
0,0.26359302
0,0.2618558
0,0.25633502
0,0.257289
0,0.26920244
0,0.2588437
0,0.26511565
0,0.2579841
0,0.26861316
0,0.2591367
0,0.2689298
0,0.27157673
0,0.25904834
0,0.26886904
0,0.2668936
0,0.2712345
0,0.26989344
0,0.25859576
0,0.27062148
0,0.2659032
0,0.25631386
0,0.26756346
0,0.27662653
0,0.27058926
0,0.26725304
0,0.26806778
0,0.26698318
0,0.27303773
0,0.275408
0,0.27032977
0,0.26786566
0,0.27150828
0,0.26630992
0,0.27402484
0,0.26694474
0,0.2654642
0,0.2637105
0,0.26104483
0,0.26810086
0,0.26247466
0,0.2710644
0,0.26249158
0,0.2617401
0,0.2605267
0,0.26452953
0,0.25851125
0,0.26030323
0,0.2671326
0,0.2660309
0,0.26862457
0,0.262965
0,0.25923452
0,0.26870647
0,0.25981688
0,0.26338768
0,0.25976896
0,0.25902048
0,0.2616653
0,0.26872694
0,0.25760958
0,0.26508713
0,0.26260474
0,0.25526145
0,0.26681924
0,0.25499025
0,0.25546077
0,0.2513427
0,0.25778085
0,0.26196036
0,0.26090983
0,0.2523128
0,0.2589954
0,0.2536937
0,0.25291112
0,0.25921556
0,0.25007555
0,0.2468233
0,0.24717458
0,0.25568762
0,0.27253988
0,0.25420764
0,0.2591673
0,0.24982677
0,0.25845754
0,0.2634965
0,0.25343153
0,0.25862437
0,0.2590799
0,0.26001614
1,0.26053044
1,0.25955322
1,0.26390576
1,0.2623796
1,0.26142445
1,0.26031104
1,0.2610108
1,0.27151105
1,0.26577416
1,0.26453304
1,0.26576072
1,0.26265123
1,0.25971645
1,0.2637485
1,0.262621
0,0.7946046
0,0.52483433
0,0.4370032
0,0.38262275
0,0.3449209
0,0.33046192
0,0.30313513
0,0.2828878
0,0.27520156
0,0.26228234
0,0.26676366
0,0.25950056
0,0.25774035
0,0.25556922
0,0.25351697
0,0.25388315
0,0.25000656
0,0.24380329
0,0.24675514
0,0.25013834
0,0.24364844
0,0.24112889
0,0.26427445
0,0.25597057
0,0.25175154
0,0.262593
0,0.26576316
0,0.26816073
0,0.26887363
0,0.2659521
0,0.26467025
0,0.25996247
0,0.27079865
0,0.25624427
0,0.26442412
0,0.26435485
0,0.2678514
0,0.26493138
0,0.2673145
0,0.26477548
0,0.26737833
0,0.25857824
0,0.25379187
0,0.25117746
0,0.25003693
0,0.25679404
0,0.24917017
0,0.2545334
0,0.24907722
0,0.25368813
0,0.25752836
0,0.26087227
0,0.26492646
0,0.25658742
0,0.24957977
0,0.254906
0,0.25864458
0,0.26074973
0,0.262558
0,0.25337642
0,0.2589793
0,0.25786352
0,0.25858054
0,0.25441417
0,0.25645885
0,0.25397518
0,0.25579488
0,0.25340512
0,0.25995523
0,0.25898743
0,0.25682262
0,0.25733107
0,0.25697494
0,0.25615728
0,0.25518072
0,0.2531422
0,0.25384578
0,0.25319386
0,0.25441137
0,0.25809357
0,0.2546162
0,0.25349292
0,0.25273576
0,0.2522389
0,0.25360775
0,0.25755185
0,0.27546355
0,0.25921664
0,0.25894725
0,0.2523869
0,0.25183436
0,0.24766745
0,0.2491591
0,0.25758833
0,0.26340237
0,0.25678116
0,0.26421374
0,0.26599777
0,0.2551565
0,0.25710693
0,0.2526709
0,0.25953257
0,0.2638691
0,0.26559725
0,0.2703121
0,0.2688972
0,0.2696813
0,0.2699967
0,0.25886747
0,0.26445946
0,0.2664325
0,0.26030993
0,0.25589916
0,0.25909588
0,0.26576796
0,0.2640119
0,0.2653623
0,0.26242548
0,0.25546026
0,0.25860098
0,0.26232418
0,0.26074335
0,0.2521027
0,0.25809273
0,0.24935898
0,0.25297427
0,0.24848397
0,0.24988054
0,0.24501622
0,0.24795161
0,0.25402015
0,0.25395137
0,0.25942194
0,0.2563412
0,0.26198313
0,0.25655615
0,0.25918087
0,0.25751364
0,0.2600665
0,0.2597694
0,0.25906238
0,0.2601904
0,0.26150486
0,0.25836638
0,0.2602096
0,0.2643897
0,0.26008302
0,0.2777495
0,0.28761813
0,0.27995506
0,0.26972046
0,0.28144336
0,0.26964656
0,0.26406625
0,0.26273504
0,0.25970238
0,0.25941262
0,0.25322235
0,0.25892046
0,0.25736666
0,0.26738912
0,0.25866407
0,0.26163092
0,0.26055542
0,0.25714812
0,0.25645766
0,0.25413224
0,0.25467622
0,0.26445937
0,0.26169518
0,0.2561419
0,0.26891634
0,0.26844025
0,0.26646835
0,0.26870543
0,0.27173865
0,0.26071265
0,0.2733929
0,0.2754625
0,0.26621446
0,0.26878107
0,0.27736974
0,0.2777846
0,0.27232343
0,0.27159363
0,0.27210352
0,0.27109057
0,0.27065477
0,0.2807777
0,0.27141345
0,0.2669147
0,0.26731983
0,0.25818413
0,0.2694489
0,0.26620525
0,0.27485433
0,0.27002338
0,0.26359642
0,0.25521985
0,0.26206133
0,0.28679812
0,0.28154776
0,0.2726484
0,0.2674573
0,0.26680905
0,0.26331982
0,0.26314417
0,0.26907656
0,0.2831423
0,0.2708103
0,0.26755014
0,0.2632282
0,0.26181874
0,0.26196957
0,0.26064256
0,0.26066753
0,0.25931215
0,0.25677377
0,0.25855282
0,0.25408363
0,0.255465
0,0.26043335
0,0.25703263
0,0.25689387
0,0.2555951
0,0.25269556
0,0.2531492
0,0.25803885
0,0.27069935
0,0.25559255
0,0.25550064
0,0.25385466
0,0.2546115
0,0.2519666
0,0.27122822
0,0.26998672
0,0.27835363
0,0.25963128
0,0.26087907
0,0.26989475
0,0.2703824
0,0.26995465
0,0.2745577
0,0.27676168
0,0.27509156
0,0.27680606
0,0.2739582
0,0.27036452
0,0.2713681
0,0.26726472
0,0.25946742
0,0.2669581
0,0.26620236
0,0.26346087
0,0.2652833
0,0.26799092
0,0.25602418
0,0.26918808
0,0.2673697
0,0.27143225
0,0.26960084
0,0.26925036
0,0.2685295
0,0.26879856
0,0.2562276
0,0.2623983
0,0.2627034
0,0.26429808
0,0.26334402
0,0.26333493
0,0.26348597
0,0.26917422
0,0.26692495
0,0.26452348
0,0.2626756
0,0.2634689
0,0.26198548
0,0.26120353
0,0.26028177
0,0.2684808
0,0.27836305
0,0.27132747
0,0.2657603
0,0.27226725
0,0.26503903
0,0.26241124
0,0.2599724
0,0.25743642
0,0.256478
0,0.25382203
0,0.2550803
0,0.2534888
0,0.25521472
0,0.26777905
0,0.268642
0,0.26727226
0,0.27056238
0,0.26323727
0,0.25833666
0,0.25555018
0,0.26430812
0,0.26144466
0,0.26695618
0,0.2604441
0,0.25519282
0,0.2649624
0,0.2658694
0,0.2629287
0,0.2560892
0,0.25473782
0,0.26141047
0,0.2678243
0,0.26950133
0,0.27087414
0,0.25795132
0,0.26692766
0,0.26858264
0,0.26610216
0,0.26835874
0,0.26199448
0,0.26474273
0,0.270393
0,0.26753494
0,0.27044928
0,0.26759636
0,0.26962504
0,0.2699065
0,0.2706708
0,0.2771875
0,0.26542783
0,0.2665102
0,0.2670835
0,0.26430306
0,0.26838848
0,0.26506105
0,0.27303353
0,0.26723245
0,0.2683337
0,0.26529408
0,0.27130458
0,0.26595235
0,0.27190334
0,0.25507182
0,0.2602296
0,0.260446
0,0.263779
0,0.2612267
0,0.2603486
0,0.2602345
0,0.2566766
0,0.25837365
0,0.2593618
0,0.25729364
0,0.25417778
0,0.25447047
0,0.25610256
0,0.25398695
0,0.2613427
0,0.25528747
0,0.25765356
0,0.2558028
0,0.2557175
0,0.26362762
0,0.26479918
0,0.26860735
0,0.27346572
0,0.2612247
0,0.25904036
0,0.27015546
0,0.2574408
0,0.26559243
0,0.25708064
0,0.26572502
0,0.2608907
0,0.2551947
0,0.25570425
0,0.25205225
0,0.25196385
0,0.2517105
0,0.2602701
0,0.2512183
0,0.24980268
0,0.2610337
0,0.25189105
0,0.24900134
0,0.24597237
0,0.2552483
0,0.24919069
0,0.24708568
0,0.2574555
0,0.26114666
0,0.25745356
0,0.26035807
0,0.26634267
0,0.25332707
0,0.25829455
0,0.24913108
0,0.2612362
0,0.24961612
0,0.26078722
0,0.24953914
0,0.25107783
0,0.25633192
0,0.26048338
0,0.26265332
0,0.2611435
0,0.26448736
0,0.26528135
0,0.2665259
0,0.26354846
0,0.27295917
0,0.26246458
0,0.26139647
0,0.25720096
0,0.2577987
0,0.257078
0,0.25599557
0,0.2555666
0,0.2548265
0,0.25483647
0,0.25373223
0,0.25163874
0,0.25171813
0,0.25210068
0,0.25089112
0,0.24965034
0,0.26116687
0,0.26496145
0,0.26785764
0,0.25547186
0,0.25924703
0,0.25537214
0,0.26363719
0,0.25502416
0,0.26436818
0,0.2576456
0,0.25504875
0,0.25241223
0,0.26418313
0,0.25629538
0,0.26323643
0,0.2531082
0,0.25132832
0,0.24726146
0,0.25808707
0,0.24967213
0,0.24896728
0,0.24936923
0,0.25377405
0,0.25869107
0,0.2617115
0,0.25477478
0,0.26171267
0,0.26266605
0,0.26528722
0,0.25812948
0,0.25365013
0,0.24941887
0,0.24728493
0,0.2567642
0,0.24912201
0,0.24581076
0,0.24453986
0,0.25392434
0,0.2570799
0,0.25783756
0,0.26012817
0,0.25825047
0,0.26097825
0,0.2622944
0,0.26163602
0,0.2604777
0,0.26252726
0,0.25720647
0,0.26354647
0,0.27437836
0,0.27635884
0,0.2645857
0,0.26965377
0,0.27764156
0,0.27202258
0,0.26953954
0,0.26590627
0,0.26079458
0,0.26055717
0,0.26205686
0,0.2609159
0,0.2610782
0,0.26107326
0,0.2554776
0,0.25848866
0,0.26056617
0,0.25859326
0,0.25508046
0,0.25549802
0,0.25244123
0,0.25348938
0,0.25475895
0,0.26903877
0,0.25426266
0,0.25633687
0,0.25841266
0,0.2545645
0,0.25431022
0,0.26374507
0,0.25412786
0,0.26391563
0,0.26849905
0,0.2693715
0,0.2560088
0,0.27711326
0,0.2630653
0,0.2579662
0,0.25646725
0,0.27729484
0,0.2610748
0,0.27397504
0,0.26748115
0,0.25796428
0,0.26481837
0,0.25711614
0,0.26419854
0,0.27185965
0,0.2613734
0,0.26577485
0,0.25920874
0,0.26357368
0,0.2670287
0,0.2543214
0,0.2543105
0,0.25948903
0,0.26050463
0,0.2609959
0,0.25545958
0,0.25971395
0,0.26285052
0,0.26755357
0,0.2605972
0,0.26672047
0,0.26502362
0,0.2644832
0,0.26504144
0,0.26409298
0,0.26853597
0,0.2648099
0,0.26430443
0,0.26252097
0,0.26379216
0,0.26737645
0,0.2644306
0,0.2635771
0,0.26393762
0,0.26146773
0,0.25585613
0,0.25787207
0,0.25418377
0,0.25666133
0,0.2588047
0,0.2576383
0,0.25968096
0,0.258193
0,0.2583609
0,0.26873624
0,0.26589757
0,0.2612184
0,0.25723177
0,0.25763464
0,0.25752804
0,0.2552756
0,0.25202745
0,0.25357264
0,0.25338516
0,0.25249952
0,0.25239506
0,0.26275334
0,0.24967425
0,0.26302308
0,0.2553093
0,0.2630861
0,0.25384337
0,0.27113938
0,0.2560535
0,0.26438746
0,0.25998998
0,0.26498872
0,0.25274795
0,0.25414357
0,0.2539463
0,0.25990507
0,0.24863502
0,0.2583394
0,0.25173008
0,0.24746865
0,0.24982025
0,0.25576198
0,0.25128248
0,0.256799
0,0.26530406
0,0.26413596
0,0.25731933
0,0.26382282
0,0.25591594
0,0.26132512
0,0.25283653
0,0.26109496
0,0.2639658
0,0.2645731
0,0.25847712
0,0.2609571
0,0.25148356
0,0.25612643
0,0.25082776
0,0.26636326
0,0.25243494
0,0.25632185
0,0.25283808
0,0.25345245
0,0.25269288
0,0.2528396
0,0.25637046
0,0.25400534
0,0.2517414
0,0.25182787
0,0.25920445
0,0.25476456
0,0.25724897
0,0.25340366
0,0.25484174
0,0.25170663
0,0.25218078
0,0.2498106
0,0.24844214
0,0.25837135
0,0.25736615
0,0.26320255
0,0.2581022
0,0.2529869
0,0.2507864
0,0.26200682
0,0.2564516
0,0.25218564
0,0.25245336
0,0.2484469
0,0.2545177
0,0.25181684
0,0.24913067
0,0.24601752
0,0.24440697
0,0.24278136
0,0.2487144
0,0.24356018
0,0.24891002
0,0.24388984
0,0.24764232
0,0.25404388
0,0.24828416
0,0.24850772
0,0.24250734
0,0.25136003
0,0.24865043
0,0.25401145
0,0.25985378
0,0.25828397
0,0.25889465
0,0.25987157
0,0.24754481
0,0.25558963
0,0.24755396
0,0.25430346
0,0.25195548
0,0.25428548
0,0.24932016
0,0.25395396
0,0.2488472
0,0.25502357
0,0.24917747
0,0.252932
0,0.24478368
0,0.25273967
0,0.25109854
0,0.2540295
0,0.24570586
0,0.25361064
0,0.2425996
0,0.24842495
0,0.24352585
0,0.247808
0,0.2413419
0,0.2567136
0,0.2466224
0,0.24225965
0,0.2423957
0,0.24540967
0,0.2450882
0,0.24603304
0,0.2461372
0,0.25721106
0,0.25737262
0,0.25331154
0,0.2514792
0,0.2505123
0,0.25605917
0,0.2614009
0,0.2575452
0,0.25341383
0,0.2538332
0,0.25028914
0,0.24970844
0,0.24739532
0,0.2458449
0,0.25175518
0,0.24872999
0,0.25517154
0,0.2544366
0,0.25972277
0,0.25409338
0,0.25944874
0,0.25570142
0,0.25275952
0,0.25168696
0,0.25717393
0,0.2513937
0,0.25768545
0,0.2534254
0,0.25030512
0,0.2484253
0,0.25578156
0,0.24884003
0,0.25580335
0,0.25510532
0,0.24866277
0,0.24811196
0,0.27234006
0,0.2614235
0,0.26343182
0,0.25381222
0,0.26973623
0,0.25935492
0,0.2606154
0,0.25489476
0,0.256968
0,0.24960683
0,0.26252744
0,0.24967396
0,0.25553885
0,0.27059814
0,0.266396
0,0.25459117
0,0.25677657
0,0.25223213
0,0.25915414
0,0.25207737
0,0.26655534
0,0.2507645
0,0.25570488
0,0.2645886
0,0.25879198
0,0.24830659
0,0.2488898
0,0.2517316
0,0.24858336
0,0.24949948
0,0.2545175
0,0.24936555
0,0.25043398
0,0.26073983
0,0.27252296
0,0.25578997
0,0.2551511
0,0.24775289
0,0.26090965
0,0.25209293
0,0.25053486
0,0.24849555
0,0.25016797
0,0.24646884
0,0.257628
0,0.2506237
0,0.24907562
0,0.24725023
0,0.25740328
0,0.2507156
0,0.25027207
0,0.24898206
0,0.25724217
0,0.24969172
0,0.2581161
0,0.2584969
0,0.26176938
0,0.25250366
0,0.26904204
0,0.25881338
0,0.26342922
0,0.25702494
0,0.26265723
0,0.25160956
0,0.2583145
0,0.25234365
0,0.26107216
0,0.25538492
0,0.2606643
0,0.2537829
0,0.25821295
0,0.25916606
0,0.2600367
0,0.26298118
0,0.26192155
0,0.25712645
0,0.26065096
0,0.25523707
0,0.25755614
0,0.2487219
0,0.25471395
0,0.251187
0,0.25455865
0,0.25112742
0,0.25341302
0,0.24507752
0,0.25076333
0,0.24241854
0,0.24819915
0,0.2585192
0,0.26914173
0,0.25330013
0,0.25515604
0,0.25271747
0,0.2512702
0,0.25218752
0,0.25128555
0,0.24699399
0,0.25478724
0,0.25069904
0,0.25171867
0,0.24884343
0,0.24973978
0,0.24824217
0,0.24875915
0,0.2493041
0,0.25912055
0,0.25511155
0,0.25763074
0,0.25077325
0,0.25015005
0,0.24665323
0,0.25809172
0,0.24896565
0,0.26276857
0,0.2513204
0,0.26097926
0,0.2503425
0,0.25525346
0,0.25115386
0,0.25280374
0,0.24615113
0,0.24566177
0,0.24376602
0,0.25441572
0,0.24366371
0,0.24429968
0,0.2419744
0,0.24169384
0,0.2440208
0,0.24362418
0,0.24519329
0,0.25408238
0,0.24638975
0,0.24434276
0,0.24207562
0,0.25481942
0,0.24676423
0,0.24914375
0,0.245987
0,0.24398619
0,0.23855954
0,0.23873031
0,0.23981419
0,0.2479666
0,0.24732421
0,0.2523461
0,0.2470825
0,0.25157169
0,0.24022827
0,0.24794787
0,0.24367398
0,0.2509367
0,0.25405094
0,0.25295097
0,0.25619707
0,0.25868672
0,0.25131327
0,0.25367576
0,0.24763119
0,0.25170848
0,0.24642992
0,0.24983904
0,0.24391925
0,0.2673278
0,0.25285488
0,0.26834905
0,0.25495502
0,0.25589412
0,0.26498413
0,0.25800464
0,0.2484951
0,0.25303504
0,0.2488807
0,0.25024042
0,0.24591155
0,0.24875043
0,0.25010517
0,0.249726
0,0.24161085
0,0.24869592
0,0.24178544
0,0.24555962
0,0.24253339
0,0.25457022
0,0.24712835
0,0.25739658
0,0.25136396
0,0.25989896
0,0.25416183
0,0.26108426
0,0.2525771
0,0.2606584
0,0.2527894
0,0.2594518
0,0.2508808
0,0.24581395
0,0.24564673
0,0.25429726
0,0.25037786
0,0.25591493
0,0.2470582
0,0.26000613
0,0.24892914
0,0.24495086
0,0.24184267
0,0.24089056
0,0.24319932
0,0.25291017
0,0.24562253
0,0.2423517
0,0.23947187
0,0.2483248
0,0.24205819
0,0.24952285
0,0.24835987
0,0.25518432
0,0.24977763
0,0.2535036
0,0.25065136
0,0.257682
0,0.25264695
0,0.2543762
0,0.25096673
0,0.25421327
0,0.25103682
0,0.25899222
0,0.24925192
0,0.25284734
0,0.24886635
0,0.2521995
0,0.25080782
0,0.28057855
0,0.24924679
0,0.25472057
0,0.250013
0,0.25853488
0,0.25835773
0,0.26914024
0,0.25283203
0,0.25471035
0,0.25100926
0,0.26660913
0,0.25054455
0,0.2532981
0,0.24402678
0,0.25946164
0,0.2544807
0,0.25319305
0,0.24896114
0,0.2762899
0,0.2559831
0,0.26566276
0,0.25506872
0,0.26789182
0,0.26045465
0,0.2664338
0,0.25704694
0,0.26481235
0,0.25814056
0,0.26779592
0,0.25681862
0,0.25559628
0,0.25040784
0,0.2712503
0,0.25573257
0,0.2632474
0,0.2562086
0,0.2626767
0,0.25808215
0,0.25280377
0,0.25329423
0,0.26184744
0,0.2501727
0,0.2596682
0,0.25215992
0,0.2592408
0,0.25599083
0,0.26035452
0,0.25279328
0,0.25840297
0,0.25003448
0,0.26224256
0,0.2530101
0,0.2600626
0,0.25240055
0,0.25945625
0,0.25616628
0,0.25906152
0,0.27625057
0,0.26691288
0,0.25887525
0,0.2735364
0,0.26204944
0,0.27395943
0,0.2600315
0,0.26380792
0,0.25454843
0,0.25907606
0,0.25546312
0,0.25775623
0,0.25360838
0,0.25650677
0,0.2588058
0,0.26021808
0,0.25932848
0,0.26044813
0,0.26517433
0,0.27222514
0,0.26098344
0,0.2718719
0,0.26230332
0,0.26104793
0,0.25639698
0,0.24603035
0,0.24407108
0,0.24004881
0,0.2509947
0,0.25063804
0,0.25858045
0,0.25566894
0,0.24905297
0,0.25165367
0,0.2518514
0,0.2516254
0,0.25199392
0,0.2504722
0,0.24711327
0,0.26172966
0,0.24950689
0,0.25238234
0,0.25171992
0,0.24966757
0,0.25230208
0,0.2599956
0,0.2574521
0,0.2530847
0,0.26467982
0,0.26824024
0,0.2527489
0,0.26183867
0,0.2581246
0,0.26314038
0,0.27256167
0,0.28949723
0,0.2908102
0,0.28033134
0,0.27449945
0,0.27298516
0,0.26455808
0,0.27264455
0,0.26235697
0,0.2657389
0,0.26919696
0,0.26705587
0,0.25438216
0,0.26220018
0,0.2702703
0,0.26702464
0,0.25297418
0,0.27440295
0,0.2588821
0,0.26350245
0,0.26194233
0,0.27024534
0,0.25912362
0,0.26241255
0,0.26687455
0,0.26382837
0,0.25834373
0,0.27407277
0,0.25925994
0,0.2617352
0,0.25329205
0,0.24675116
0,0.25368792
0,0.25513595
0,0.25295302
0,0.25497764
0,0.24941048
0,0.2532689
0,0.24602485
0,0.25625977
0,0.24563588
0,0.2616851
0,0.24793053
0,0.25171238
0,0.24390194
0,0.24872656
0,0.25570053
0,0.25379023
0,0.24517706
0,0.24841487
0,0.24458082
0,0.2590392
0,0.26162505
0,0.26565868
0,0.25624877
0,0.2644779
0,0.2532963
0,0.26976702
0,0.25769415
0,0.2647031
0,0.2562325
0,0.26409513
0,0.26184425
0,0.26529908
0,0.25952235
0,0.2650698
0,0.26437384
0,0.2666103
0,0.25835732
0,0.26302186
0,0.25587842
0,0.2630244
0,0.27158892
0,0.26791045
0,0.25894397
1,0.26364884
1,0.250829
1,0.26219243
1,0.25448078
1,0.25939
1,0.2520665
1,0.24800278
1,0.26997975
1,0.26321808
1,0.25058314
1,0.25741702
1,0.25113145
1,0.25593492
1,0.24757111
1,0.25412017
0,0.7894122
0,0.5297623
0,0.41645542
0,0.36866263
0,0.3169082
0,0.30085742
0,0.28248972
0,0.27582943
0,0.26204047
0,0.26230237
0,0.25330633
0,0.25618654
0,0.25320798
0,0.2546266
0,0.24775453
0,0.25142115
0,0.24847971
0,0.25012925
0,0.24940038
0,0.24899602
0,0.25351942
0,0.25024387
0,0.2558784
0,0.25662923
0,0.26578143
0,0.2572753
0,0.25004625
0,0.2643334
0,0.2545107
0,0.26507863
0,0.25418437
0,0.26289204
0,0.25262046
0,0.25534567
0,0.25506788
0,0.25056973
0,0.25267193
0,0.2598358
0,0.2601126
0,0.26498172
0,0.25785765
0,0.2634757
0,0.26014802
0,0.2640169
0,0.26275635
0,0.2808434
0,0.29833874
0,0.27991846
0,0.26606426
0,0.268915
0,0.25630984
0,0.266556
0,0.30356476
0,0.268211
0,0.26556033
0,0.26640975
0,0.31647146
0,0.27705133
0,0.26920432
0,0.2683638
0,0.26048434
0,0.2733888
0,0.26985124
0,0.26632532
0,0.2580252
0,0.2709222
0,0.27070215
0,0.2757685
0,0.26306087
0,0.26285604
0,0.25579736
0,0.26048338
0,0.26171854
0,0.26993206
0,0.25780237
0,0.25860894
0,0.2640959
0,0.2737816
0,0.26581883
0,0.26287186
0,0.26238558
0,0.25851983
0,0.2586497
0,0.25566867
0,0.25025994
0,0.2627042
0,0.25687423
0,0.2642548
0,0.2548645
0,0.2641903
0,0.25233942
0,0.26391783
0,0.25430954
0,0.26256683
0,0.25709885
0,0.25705487
0,0.25061697
0,0.2603662
0,0.25942534
0,0.25361148
0,0.25515506
0,0.2607444
0,0.25160524
0,0.25915942
0,0.25752217
0,0.2495212
0,0.25408462
0,0.2581296
0,0.2555773
0,0.25935674
0,0.25454995
0,0.2505406
0,0.24961361
0,0.2549463
0,0.25292537
0,0.25623742
0,0.25539345
0,0.25627413
0,0.25449595
0,0.25574172
0,0.24991326
0,0.25412872
0,0.2518518
0,0.25366402
0,0.28573227
0,0.26722705
0,0.2575563
0,0.27371138
0,0.25676128
0,0.25882283
0,0.25628376
0,0.25627837
0,0.25726587
0,0.26678997
0,0.25394326
0,0.2554305
0,0.2550732
0,0.2548539
0,0.25138542
0,0.26293102
0,0.25164673
0,0.2537807
0,0.2527298
0,0.25175047
0,0.25654334
0,0.2528633
0,0.26229048
0,0.26225805
0,0.25326267
0,0.2561112
0,0.25412104
0,0.2548794
0,0.25068936
0,0.2527254
0,0.2504024
0,0.25549892
0,0.2559386
0,0.25497422
0,0.2506272
0,0.25271684
0,0.24737588
0,0.25051123
0,0.27238485
0,0.26419896
0,0.2578385
0,0.2614287
0,0.25678933
0,0.25755823
0,0.25662255
0,0.2547545
0,0.25279298
0,0.27466774
0,0.25611663
0,0.2554251
0,0.2586359
0,0.2665768
0,0.27507412
0,0.26790524
0,0.26305383
0,0.25800207
0,0.2696751
0,0.27386078
0,0.2612118
0,0.25758603
0,0.2594676
0,0.2642246
0,0.25207222
0,0.2662127
0,0.25086975
0,0.25163987
0,0.24616861
0,0.25709257
0,0.25092652
0,0.25217435
0,0.26073608
0,0.26165456
0,0.25907567
0,0.26205415
0,0.2621424
0,0.2522162
0,0.25367397
0,0.25997102
0,0.24988711
0,0.24628106
0,0.26251268
0,0.26321027
0,0.2600199
0,0.2657029
0,0.26002607
0,0.2645116
0,0.2635553
0,0.25169426
0,0.24497671
0,0.25386968
0,0.25611326
0,0.25795746
0,0.25661382
0,0.26109624
0,0.25272352
0,0.25615343
0,0.2582439
0,0.276347
0,0.25821683
0,0.26407456
0,0.2568459
0,0.25600594
0,0.2556187
0,0.25482687
0,0.2697082
0,0.2634396
0,0.2570548
0,0.25852105
0,0.25617045
0,0.25646484
0,0.25848567
0,0.25556558
0,0.25341874
0,0.2668479
0,0.25885496
0,0.25678977
0,0.2578444
0,0.2555261
0,0.25589952
0,0.25295082
0,0.2689551
0,0.26001072
0,0.25959644
0,0.26842958
0,0.2560334
0,0.2651899
0,0.25154203
0,0.26146707
0,0.24961317
0,0.26019555
0,0.2553664
0,0.26214993
0,0.25470078
0,0.26487002
0,0.26305076
0,0.2540979
0,0.25479272
0,0.26030698
0,0.26250836
0,0.26241714
0,0.25618818
0,0.26134884
0,0.252488
0,0.2594458
0,0.25715113
0,0.24921665
0,0.30425167
0,0.26840636
0,0.26053998
0,0.25406972
0,0.26016515
0,0.26126176
0,0.26338017
0,0.26395246
0,0.2595387
0,0.26095352
0,0.25241545
0,0.2572076
0,0.24989694
0,0.2555368
0,0.24781418
0,0.25343344
0,0.25480318
0,0.2554789
0,0.25227097
0,0.25548685
0,0.25979376
0,0.2578483
0,0.2579944
0,0.2571992
0,0.25725085
0,0.2576341
0,0.25829503
0,0.2574598
0,0.25251833
0,0.25418788
0,0.25016806
0,0.25242886
0,0.24979515
0,0.25406235
0,0.2509221
0,0.25277078
0,0.25579193
0,0.2541673
0,0.25605127
0,0.25439447
0,0.24976005
0,0.24983756
0,0.2530693
0,0.25110367
0,0.24466974
0,0.25834733
0,0.2491266
0,0.25088915
0,0.26115385
0,0.2535562
0,0.2461396
0,0.24746306
0,0.24546923
0,0.25656453
0,0.2504811
0,0.24860813
0,0.25080287
0,0.24879609
0,0.24768558
0,0.25687078
0,0.25163206
0,0.24826539
0,0.2658416
0,0.25253978
0,0.25058824
0,0.25856778
0,0.25401542
0,0.26011726
0,0.2647328
0,0.26608872
0,0.25380555
0,0.25003156
0,0.25086093
0,0.24785052
0,0.24644215
0,0.2538612
0,0.25966147
0,0.25969598
0,0.26227155
0,0.2633576
0,0.25542733
0,0.2636865
0,0.25683075
0,0.26219726
0,0.25097975
0,0.25922814
0,0.25929987
0,0.25974935
0,0.25152734
0,0.25564635
0,0.24846357
0,0.25655842
0,0.2511476
0,0.2612616
0,0.25897568
0,0.26034528
0,0.25470272
0,0.2557358
0,0.25410372
0,0.2552493
0,0.25643957
0,0.25811884
0,0.25329491
0,0.25557148
0,0.24944672
0,0.25241727
0,0.247243
0,0.2533058
0,0.2506506
0,0.2508839
0,0.2568138
0,0.25881612
0,0.25253335
0,0.25571164
0,0.25851634
0,0.25452045
0,0.25280592
0,0.2623042
0,0.24994834
0,0.25212252
0,0.24564594
0,0.24836552
0,0.24183762
0,0.2453637
0,0.2511362
0,0.26081982
0,0.25406903
0,0.25065163
0,0.24959485
0,0.24914907
0,0.24192151
0,0.25453025
0,0.24614324
0,0.25622377
0,0.25231728
0,0.25937223
0,0.26644427
0,0.2675699
0,0.25370634
0,0.26281786
0,0.25364175
0,0.2598786
0,0.25498244
0,0.24922155
0,0.24996665
0,0.2556545
0,0.25447822
0,0.26053527
0,0.26173678
0,0.2608795
0,0.251217
0,0.2796981
0,0.27543142
0,0.27111617
0,0.26483917
0,0.2648235
0,0.2571505
0,0.259879
0,0.26354286
0,0.2669495
0,0.25524077
0,0.25815913
0,0.25191808
0,0.26572767
0,0.2540003
0,0.26246265
0,0.25429887
0,0.25538784
0,0.24965838
0,0.25316772
0,0.25098523
0,0.2527725
0,0.25126764
0,0.2522864
0,0.2551785
0,0.26038617
0,0.25538668
0,0.26692757
0,0.26222906
0,0.25676203
0,0.253651
0,0.2625414
0,0.25723636
0,0.27786186
0,0.27067816
0,0.275967
0,0.2775614
0,0.26796284
0,0.2675052
0,0.26304138
0,0.3214159
0,0.2782181
0,0.2705076
0,0.27319375
0,0.27888468
0,0.28359845
0,0.26351997
0,0.2732184
0,0.2861402
0,0.2839159
0,0.2834457
0,0.27622417
0,0.27711892
0,0.28637403
0,0.27427018
0,0.27249724
0,0.27389082
0,0.26724756
0,0.27676424
0,0.27900764
0,0.27880058
0,0.27575764
0,0.27886933
0,0.27045655
0,0.2781172
0,0.27536544
0,0.27301615
0,0.2676529
0,0.2759949
0,0.26726827
0,0.2674519
0,0.26882252
0,0.26760486
0,0.2683232
0,0.28641427
0,0.27404562
0,0.2925558
0,0.28215408
0,0.27971193
0,0.27464482
0,0.27212194
0,0.26720822
0,0.27067852
0,0.26578853
0,0.26537615
0,0.2652817
0,0.262477
0,0.25806165
0,0.27531636
0,0.2715079
0,0.27201757
0,0.27554286
0,0.2770917
0,0.27567643
0,0.28333616
0,0.27579167
0,0.26748317
0,0.27519655
0,0.26902583
0,0.2727006
0,0.26889372
0,0.26046413
0,0.26391533
0,0.25893447
0,0.26695874
0,0.25569752
0,0.25965783
0,0.2711784
0,0.27499366
0,0.27343625
0,0.26875857
0,0.27248636
0,0.27798116
0,0.28461784
0,0.28387785
0,0.27495727
0,0.27625388
0,0.27123907
0,0.26908898
0,0.267477
0,0.26606047
0,0.26867086
0,0.26969472
0,0.26628405
0,0.27644345
0,0.2678292
0,0.27994883
0,0.283772
0,0.27502614
0,0.26912034
0,0.2776038
0,0.27653563
0,0.2755945
0,0.27282435
0,0.2717296
0,0.2814028
0,0.2731692
0,0.28054878
0,0.273164
0,0.26718876
0,0.2676815
0,0.2685772
0,0.26790863
0,0.2693244
0,0.26661497
0,0.26181653
0,0.26105124
0,0.26325366
0,0.2615938
0,0.26288387
0,0.26363897
0,0.2633545
0,0.27224872
0,0.27089575
0,0.26776892
0,0.26531088
0,0.27052975
0,0.26035598
0,0.26716202
0,0.25832397
0,0.26376054
0,0.2715861
0,0.2750474
0,0.27043214
0,0.26483008
0,0.2732832
0,0.27022278
0,0.2757656
0,0.27799773
0,0.2784775
0,0.28071484
0,0.27954972
0,0.26956624
0,0.26010734
0,0.2669188
0,0.25701138
0,0.26455444
0,0.26511008
0,0.26394972
0,0.25990954
0,0.27279407
0,0.26806232
0,0.27032086
0,0.27330065
0,0.2734843
0,0.26270127
0,0.27143362
0,0.27556074
0,0.27771944
0,0.27545258
0,0.26544923
0,0.27022913
0,0.26851642
0,0.27037853
0,0.27249303
0,0.26673728
0,0.26322013
0,0.262987
0,0.27586046
0,0.283482
0,0.2760662
0,0.2741608
0,0.2690417
0,0.26632497
0,0.2701079
0,0.2647948
0,0.264279
0,0.27109528
0,0.2703157
0,0.26827672
0,0.26772782
0,0.26715487
0,0.276172
0,0.27001688
0,0.27263442
0,0.27267784
0,0.2755354
0,0.2710668
0,0.2736733
0,0.28094748
0,0.26574674
0,0.28828475
0,0.2855689
0,0.27517396
0,0.27097034
0,0.2739796
0,0.28502637
0,0.29055783
0,0.27566975
0,0.27098146
0,0.26778775
0,0.26485997
0,0.25776392
0,0.2656916
0,0.2584496
0,0.25437963
0,0.2569772
0,0.2527769
0,0.256896
0,0.26798797
0,0.2512183
0,0.26253042
0,0.25834814
0,0.25307766
0,0.25444755
0,0.24902563
0,0.24545485
0,0.25452572
0,0.24431352
0,0.24776767
0,0.24728534
0,0.25631085
0,0.24484894
0,0.25363168
0,0.24491419
0,0.24316043
0,0.24413747
0,0.24013874
0,0.24331686
0,0.24916959
0,0.24821134
0,0.25212646
0,0.25163585
0,0.26575485
0,0.25387114
0,0.25598985
0,0.26006904
0,0.2575001
0,0.25024694
0,0.25328007
0,0.25601473
0,0.2573306
0,0.29738474
0,0.27093983
0,0.2634593
0,0.26080456
0,0.2615263
0,0.26303783
0,0.27263364
0,0.26169088
0,0.25893417
0,0.25642446
0,0.25086194
0,0.25390795
0,0.2657787
0,0.25659525
0,0.2517283
0,0.25190648
0,0.25509727
0,0.25549954
0,0.24517298
0,0.24829766
0,0.2420715
0,0.24545443
0,0.24305646
0,0.25965834
0,0.24586135
0,0.25706434
0,0.25564
0,0.2547479
0,0.25244465
0,0.25181267
0,0.24840571
0,0.2562583
0,0.25964126
0,0.2624725
0,0.26396787
0,0.26700726
0,0.27122486
0,0.26693362
0,0.26574183
0,0.26915607
0,0.267825
0,0.269568
0,0.26500988
0,0.27713767
0,0.28059652
0,0.2843452
0,0.27517068
0,0.26697698
0,0.28081307
0,0.2778542
0,0.2738386
0,0.27029544
0,0.27681643
0,0.2929057
0,0.27963173
0,0.27334398
0,0.28429213
0,0.2846061
0,0.27941748
0,0.28280947
0,0.28471184
0,0.28377596
0,0.2903965
0,0.2814603
0,0.2815033
0,0.2948651
0,0.28018156
0,0.27228248
0,0.27957085
0,0.2791836
0,0.2847025
0,0.2664855
0,0.27833563
0,0.27353007
0,0.27283943
0,0.27368388
0,0.2755211
0,0.27236396
0,0.27640882
0,0.28906685
0,0.27833733
0,0.2786209
0,0.28572226
0,0.27705878
0,0.27448338
0,0.29155228
0,0.27753943
0,0.27656028
0,0.2927845
0,0.28483012
0,0.2897619
0,0.29141885
0,0.28347582
0,0.27851146
0,0.26988187
0,0.2713142
0,0.27733287
0,0.2737272
0,0.27708307
0,0.273791
0,0.26757014
0,0.2871318
0,0.27488047
0,0.27007532
0,0.27812755
0,0.27395788
0,0.27452382
0,0.27299613
0,0.26531795
0,0.26576248
0,0.27750096
0,0.26678336
0,0.27404574
0,0.26596916
0,0.28585652
0,0.27408254
0,0.27680022
0,0.27220866
0,0.27727103
0,0.27790976
0,0.27696943
0,0.28931648
0,0.26956713
0,0.28283697
0,0.2716899
0,0.2860669
0,0.27084735
0,0.26553214
0,0.26319408
0,0.26347396
0,0.27673435
0,0.26747677
0,0.27362597
0,0.26326364
0,0.26817277
0,0.2791879
0,0.2841065
0,0.27788377
0,0.27037218
0,0.27343193
0,0.2762167
0,0.27408537
0,0.27426198
0,0.28142345
0,0.27340013
0,0.27421802
0,0.29021096
0,0.28472856
0,0.279493
0,0.27688563
0,0.27313012
0,0.27721184
0,0.27128008
0,0.27829564
0,0.2852389
0,0.27638534
0,0.26844916
0,0.28461042
0,0.28755394
0,0.2833505
0,0.2808194
0,0.27406973
0,0.27190033
0,0.27452654
0,0.28647542
0,0.2738526
0,0.2816673
0,0.28127006
0,0.28443417
0,0.29211757
0,0.29816276
0,0.29978737
0,0.30427262
0,0.28898266
0,0.28953084
0,0.27900428
0,0.29116938
0,0.28040278
0,0.28496572
0,0.27751297
0,0.282748
0,0.28402668
0,0.29847488
0,0.28326008
0,0.2954027
0,0.28022918
0,0.28376088
0,0.27324152
0,0.2744222
0,0.27660963
0,0.3773757
0,0.32805207
0,0.3041437
0,0.2927556
0,0.29111406
0,0.2764595
0,0.29743615
0,0.31227884
0,0.29779288
0,0.2965247
0,0.29465526
0,0.29029673
0,0.28514892
0,0.2896578
0,0.26922765
0,0.26716325
0,0.28159067
0,0.2718117
0,0.28590485
0,0.27596813
0,0.27744994
0,0.28183383
0,0.27244148
0,0.27146336
0,0.2774727
0,0.27256146
0,0.27195603
0,0.2725315
0,0.279302
0,0.28687078
0,0.27831325
0,0.2799568
0,0.28965163
0,0.28263792
0,0.27828947
0,0.27565548
0,0.27850106
0,0.29413322
0,0.27285114
0,0.267446
0,0.25835893
0,0.25887433
0,0.27045032
0,0.2641982
0,0.26003906
0,0.25565714
0,0.26268756
0,0.26553476
0,0.25884226
0,0.2650126
0,0.25354746
0,0.26204896
0,0.26103932
0,0.26736137
0,0.2582868
0,0.26912317
0,0.26015604
0,0.26791483
0,0.26298335
0,0.2719329
0,0.26451522
0,0.25496706
0,0.25630194
0,0.26197672
0,0.25249007
0,0.27134192
0,0.25845924
0,0.24975508
0,0.24827622
0,0.26583406
0,0.25792134
0,0.25224578
0,0.24732567
0,0.25561622
0,0.24952047
0,0.26138055
0,0.24987978
0,0.24746421
0,0.24619047
0,0.25208125
0,0.24857174
0,0.25291798
0,0.28095648
0,0.26591364
0,0.29494166
0,0.27459133
0,0.25916353
0,0.26192424
0,0.25926426
0,0.25837296
0,0.25830123
0,0.26338258
0,0.25842705
0,0.258026
0,0.25656343
0,0.25620738
0,0.25015634
0,0.24641532
0,0.25172797
0,0.2521918
0,0.25255677
0,0.25281483
0,0.24841927
0,0.26044524
0,0.24893527
0,0.25019938
0,0.24492264
0,0.2628859
0,0.2515101
0,0.2615665
0,0.25049245
0,0.26492313
0,0.26173437
0,0.26581198
0,0.26662824
0,0.26780164
0,0.25468048
0,0.26679793
0,0.25582013
0,0.25171596
0,0.24721472
0,0.25973737
0,0.25428006
0,0.24902639
0,0.25489685
0,0.26289928
0,0.27782187
0,0.27768642
0,0.27309754
0,0.25884068
0,0.26199284
0,0.25654352
0,0.25255322
0,0.2584987
0,0.26086158
0,0.26047868
0,0.25261095
0,0.25754672
0,0.26573253
0,0.2614121
0,0.25638244
0,0.2613762
0,0.25879678
0,0.24764311
0,0.25280383
0,0.25438812
0,0.25359866
0,0.25987718
0,0.26635894
0,0.260126
0,0.2636369
0,0.26064447
0,0.25698653
0,0.26280063
0,0.2588323
0,0.25704575
0,0.25349557
0,0.26481226
0,0.2532774
0,0.25842083
0,0.2593539
0,0.2551467
0,0.25539926
0,0.25443792
0,0.264105
0,0.2668483
0,0.25463903
0,0.26514614
0,0.2575315
0,0.26584232
0,0.26732787
0,0.2693858
0,0.26377505
0,0.26827952
0,0.2654578
0,0.26961568
0,0.2653269
0,0.2576493
0,0.25497
0,0.26263192
0,0.25488183
0,0.25171953
0,0.2569496
0,0.25233364
0,0.2655526
0,0.28064618
0,0.26250455
0,0.26706746
0,0.2610095
0,0.26508966
0,0.25672808
0,0.2613462
0,0.25610292
0,0.26135823
0,0.24975522
0,0.27357283
0,0.2529351
0,0.26145276
0,0.25652876
0,0.2537057
0,0.2473023
0,0.2566806
0,0.24977997
0,0.25482586
0,0.24941021
0,0.25441033
0,0.2534575
0,0.2670536
0,0.2694419
0,0.26349398
0,0.26166487
0,0.26077974
0,0.26496464
0,0.26576576
0,0.26557848
0,0.272421
0,0.26166943
0,0.27893022
0,0.27167058
0,0.26665744
0,0.25588027
0,0.2573053
0,0.2620386
0,0.25718993
0,0.25425616
0,0.25459936
0,0.26363382
0,0.2584945
0,0.2623004
0,0.26573834
0,0.26023006
0,0.25714013
0,0.26118657
0,0.2713923
0,0.26448616
0,0.27432594
0,0.27800027
0,0.26322207
0,0.25494695
0,0.2647983
0,0.26254925
0,0.26862082
0,0.28707483
0,0.27730554
0,0.27063426
0,0.27246946
0,0.26335642
0,0.26950487
0,0.25740507
0,0.25481716
0,0.26246426
0,0.25369322
0,0.25668824
0,0.25247625
0,0.25956887
0,0.26253945
0,0.25447115
0,0.2627126
0,0.25551906
0,0.25133473
0,0.25182313
0,0.24730262
0,0.2499639
0,0.24526624
0,0.24667086
0,0.24482888
0,0.25147757
0,0.26210812
0,0.25294092
0,0.25744453
0,0.252729
0,0.26931706
0,0.25712553
0,0.25920767
0,0.2585515
0,0.25904346
0,0.25234014
0,0.25584555
0,0.26207793
0,0.27076226
0,0.25610802
0,0.2629639
0,0.26032212
0,0.26086798
0,0.25701508
0,0.25998843
0,0.25449193
0,0.25565723
0,0.25152266
0,0.25386617
0,0.25197732
0,0.25484103
0,0.25579754
0,0.2554104
0,0.25374362
0,0.25482553
0,0.25083566
0,0.2527551
0,0.24808483
0,0.25062168
0,0.24669866
0,0.25970048
0,0.24567285
0,0.24974206
0,0.25146863
0,0.25011805
0,0.24678935
0,0.26526457
0,0.26300305
0,0.26249754
0,0.26656348
0,0.26984933
0,0.26447445
0,0.25719464
0,0.26262435
0,0.255058
0,0.2512914
0,0.26097086
0,0.25226456
0,0.25024837
0,0.2566218
0,0.250923
0,0.25736278
0,0.27764252
0,0.25795427
0,0.26659536
0,0.25747362
0,0.267857
0,0.25679186
0,0.2625544
0,0.25319603
0,0.26358047
0,0.26271814
0,0.26388568
0,0.25713947
0,0.2507431
0,0.25537014
0,0.26295474
0,0.26819348
0,0.28251287
0,0.2768845
0,0.27012062
0,0.26000434
0,0.26260957
0,0.26791155
0,0.26859805
0,0.27064773
0,0.27022892
0,0.27006418
0,0.26672775
0,0.26316857
0,0.26158136
0,0.2614936
0,0.2529259
0,0.26254937
0,0.2629883
0,0.26622695
0,0.27185765
0,0.26017737
0,0.26086092
0,0.26846838
0,0.26399696
0,0.26202407
0,0.2602673
0,0.26832756
0,0.2649468
0,0.26377323
0,0.27004647
0,0.26469946
0,0.25939375
0,0.27293962
0,0.26135474
0,0.25751802
0,0.27026853
0,0.25818923
0,0.25633654
0,0.26583487
0,0.2676314
0,0.26247606
0,0.27154443
0,0.27592272
0,0.28029063
0,0.27534226
0,0.26538765
0,0.26553115
0,0.25996238
0,0.26993617
0,0.27804622
0,0.28244457
0,0.27691278
0,0.2747069
0,0.27450225
0,0.26513726
0,0.2592014
0,0.2664515
0,0.26588225
0,0.26225576
0,0.25899246
0,0.25883964
0,0.25780272
0,0.25618914
0,0.26226503
0,0.25824863
0,0.26038945
0,0.2578345
0,0.26001614
0,0.26564983
0,0.2633231
0,0.26251194
0,0.2642742
0,0.2670076
0,0.26862893
0,0.26845336
0,0.26457143
0,0.27394423
0,0.26590365
0,0.2642003
0,0.27075818
0,0.25683865
0,0.25919867
0,0.2514041
0,0.25535077
0,0.26598856
0,0.25913626
0,0.2530073
0,0.25575894
0,0.25889933
0,0.26047054
0,0.26748848
0,0.26428437
0,0.26588398
0,0.2597102
0,0.25911272
0,0.2675267
0,0.2698246
0,0.27268133
0,0.26385295
0,0.2636348
0,0.25897253
0,0.26788467
0,0.27503133
0,0.26768652
0,0.2665777
0,0.27114782
0,0.26054412
0,0.27583754
0,0.27232122
0,0.27248573
0,0.26947927
0,0.26541653
0,0.26095903
0,0.27207366
0,0.25818503
0,0.26609915
0,0.25905675
0,0.27709195
0,0.26371253
0,0.27927828
0,0.27636582
0,0.27291158
0,0.26954636
0,0.27634248
0,0.2684423
0,0.27042246
0,0.258689
0,0.26383892
0,0.2693974
0,0.2671464
0,0.25944304
0,0.2635742
0,0.26630273
0,0.2661477
0,0.2573407
0,0.26171467
0,0.25523838
0,0.25937146
0,0.2532445
0,0.24785239
0,0.24442792
0,0.2530419
0,0.2522607
0,0.25538543
0,0.25524226
0,0.25723448
0,0.25845987
0,0.25919843
0,0.25981304
0,0.26364955
0,0.2542844
0,0.2600834
0,0.25313348
0,0.25669134
0,0.2883572
0,0.27985463
0,0.27429956
0,0.28492445
0,0.2759756
0,0.26949596
0,0.2644525
0,0.26444703
0,0.27376768
0,0.2666263
0,0.26989445
0,0.26278004
0,0.2734609
0,0.26316425
0,0.26479593
0,0.26083007
0,0.2661471
0,0.26638559
0,0.26176697
0,0.27121317
0,0.26157823
0,0.270091
0,0.26151723
0,0.2685666
0,0.26209393
0,0.27152884
0,0.2690005
0,0.27967736
0,0.2774254
0,0.27533272
0,0.2769797
0,0.27567467
0,0.27706674
0,0.27531797
0,0.27508
0,0.28339824
0,0.27738258
0,0.26481467
0,0.27221182
0,0.270427
0,0.27052304
0,0.25913286
0,0.26359653
0,0.2648701
0,0.26947954
0,0.2693247
0,0.2686198
0,0.2705494
0,0.26292545
0,0.2664513
0,0.28625584
0,0.2781061
0,0.27327222
0,0.27087963
0,0.25883645
0,0.26684982
0,0.25868297
0,0.2597223
0,0.26346475
0,0.2739954
0,0.27163187
0,0.2652498
0,0.26532614
0,0.26154426
0,0.2642456
0,0.2616549
0,0.26505974
0,0.25987312
0,0.2708158
0,0.26188958
0,0.26525852
0,0.26029763
0,0.26019546
0,0.27328414
0,0.27208185
0,0.27156746
0,0.27528387
0,0.2657612
0,0.26973653
0,0.26573116
0,0.27318755
0,0.26114732
0,0.26458395
0,0.26813316
0,0.26327989
0,0.2673094
0,0.26661763
0,0.2602014
0,0.26917514
0,0.27632627
0,0.28185663
0,0.26391655
0,0.27180746
0,0.25912142
0,0.2706995
0,0.27319336
0,0.29151687
0,0.28190228
0,0.2714202
0,0.27057084
0,0.29976645
0,0.2879086
0,0.28280538
0,0.26648673
0,0.2804764
0,0.27268437
0,0.2749169
0,0.27163503
0,0.27073574
0,0.25816017
0,0.2689758
0,0.26654202
0,0.27298716
0,0.25737983
0,0.2606319
0,0.2710361
0,0.25695834
0,0.26208606
0,0.26179945
0,0.26905644
0,0.26401114
0,0.2646745
0,0.26232564
0,0.2622018
0,0.26189852
0,0.26531816
0,0.26129934
0,0.26094258
0,0.25974393
0,0.25980353
0,0.26485527
0,0.2607108
0,0.2650983
0,0.26625407
0,0.2599347
0,0.25872618
0,0.25740334
0,0.2648826
0,0.25811154
0,0.25681698
0,0.25768873
0,0.26152536
0,0.25740516
0,0.2564071
0,0.25423345
0,0.25342807
0,0.25252256
0,0.25203112
0,0.25601804
0,0.25275204
0,0.2626135
0,0.26751065
0,0.26730862
0,0.25885466
0,0.27275103
0,0.27088377
0,0.27798885
0,0.27490988
0,0.26604253
0,0.259278
0,0.25922525
0,0.26985818
0,0.26016855
0,0.25592002
0,0.29533488
0,0.27814132
0,0.27821332
0,0.27530235
0,0.26687905
0,0.27469376
0,0.2750569
0,0.27487665
0,0.27588573
0,0.26282418
0,0.26265153
0,0.2616011
0,0.27405256
0,0.26265582
0,0.2668852
0,0.2603714
0,0.27493384
0,0.25834462
0,0.26911432
0,0.27100283
0,0.27437967
0,0.27426273
0,0.26014307
0,0.2690634
0,0.2566059
0,0.2531512
0,0.2631086
0,0.26194376
0,0.26719072
0,0.25561586
0,0.2645345
0,0.27118707
0,0.26982725
0,0.26588988
0,0.27510208
0,0.26905552
0,0.26298234
0,0.265725
0,0.26726994
0,0.2641092
0,0.26449525
0,0.2650041
0,0.26633233
0,0.2667231
0,0.27666077
0,0.26602784
0,0.27467203
0,0.2657046
0,0.27579135
0,0.26509032
0,0.26536924
0,0.26051742
0,0.2723236
0,0.2686911
0,0.26307675
0,0.26131177
0,0.26591474
0,0.25946346
0,0.26260534
0,0.2619894
0,0.2637
0,0.2582383
0,0.26183265
0,0.25601345
0,0.26016626
0,0.2550735
0,0.254745
0,0.26278418
0,0.2610969
0,0.2698632
0,0.2694371
0,0.2699917
0,0.26176864
0,0.26712054
0,0.2736761
0,0.27996862
0,0.27686167
0,0.26428333
0,0.26626077
0,0.26850447
0,0.26604983
0,0.26776198
0,0.2741592
0,0.2744056
0,0.27155873
0,0.27239308
0,0.27347624
0,0.27159682
0,0.26064417
0,0.25379243
0,0.25762343
0,0.2629542
0,0.255423
0,0.25973037
0,0.25265658
0,0.25989
0,0.26403505
0,0.2718746
0,0.2572649
0,0.2613182
0,0.2699476
0,0.26403305
0,0.28377587
0,0.28451207
0,0.2790996
0,0.28184167
0,0.28913876
0,0.27447063
0,0.26969615
0,0.2655804
0,0.26925036
0,0.2818512
0,0.27358502
0,0.27071846
0,0.26633447
0,0.2671771
0,0.2636878
0,0.26043034
0,0.26288778
0,0.25926903
0,0.26286674
0,0.26313737
0,0.26376742
0,0.25883383
0,0.25852758
0,0.25599074
0,0.26188368
0,0.2570934
0,0.25609303
0,0.25859523
0,0.26945242
0,0.2630579
0,0.27389577
0,0.2716825
0,0.26611546
0,0.27228838
0,0.27081257
0,0.27105966
0,0.2686184
0,0.27015218
0,0.26298153
0,0.26049626
0,0.27155533
0,0.26183143
0,0.25818953
0,0.26720852
0,0.26891595
0,0.26647922
0,0.2593307
0,0.2527841
0,0.25965294
0,0.26547033
0,0.25921103
0,0.2617036
0,0.26683104
0,0.26986736
0,0.2792233
0,0.2733421
0,0.2595716
0,0.25322407
0,0.25901267
0,0.26305717
0,0.27308932
0,0.2660258
0,0.26714307
0,0.269235
0,0.2663896
0,0.2856632
0,0.2765854
0,0.2703047
0,0.2757164
0,0.26881504
0,0.2659457
0,0.2691146
0,0.2779248
0,0.26807618
0,0.27991453
0,0.26849505
0,0.27360028
0,0.26905072
0,0.27153024
0,0.26470357
0,0.2660164
0,0.2615607
0,0.26538596
0,0.26178613
0,0.2648738
0,0.26030102
0,0.25751647
0,0.2566268
0,0.259113
0,0.27338004
0,0.26556188
0,0.26369244
0,0.2743191
0,0.27054232
0,0.26552376
0,0.26164538
0,0.26707444
0,0.26000625
0,0.26650113
0,0.2606849
0,0.2560213
0,0.26761168
0,0.27249688
0,0.26159242
0,0.26014405
0,0.2567794
0,0.2630275
0,0.27205443
0,0.26598012
0,0.27062395
0,0.26093835
0,0.25746396
0,0.2666342
0,0.25875565
0,0.25487584
0,0.25528574
0,0.24862087
0,0.2491298
0,0.2502888
0,0.25878543
0,0.2530391
0,0.25004625
0,0.2587695
0,0.2509602
0,0.25843674
0,0.2687012
0,0.2622253
0,0.26959145
0,0.28288093
0,0.27440998
0,0.27306506
0,0.270647
0,0.2723247
0,0.25814766
0,0.25906146
0,0.2613358
0,0.26966715
0,0.27644578
0,0.2659742
0,0.25546354
0,0.27354422
0,0.2678118
0,0.2704754
0,0.2663737
0,0.26684588
0,0.27185312
0,0.26752722
0,0.2540677
0,0.2617565
0,0.26577067
0,0.26000836
0,0.26118338
0,0.26623163
0,0.26417965
0,0.27897444
0,0.29340258
0,0.2712413
0,0.2689752
0,0.26417467
0,0.2619256
0,0.2593145
0,0.258162
0,0.27096972
0,0.26323828
0,0.26855415
0,0.26148173
0,0.2684725
0,0.26103956
0,0.26272404
0,0.2599932
0,0.2616809
0,0.2714946
0,0.27460274
0,0.27668095
0,0.27087042
0,0.26259416
0,0.25689796
0,0.27054918
0,0.26365077
0,0.26029736
0,0.25829062
0,0.27025053
0,0.263792
0,0.2727722
0,0.27378568
0,0.2725711
0,0.27147034
0,0.2608244
0,0.2736464
0,0.27126473
0,0.25900328
0,0.2599178
0,0.26645896
0,0.2671625
0,0.25856808
0,0.27167788
0,0.26637462
0,0.2788926
0,0.274171
0,0.27147043
0,0.2845278
0,0.274559
0,0.2742171
0,0.2716115
0,0.26729983
0,0.2597784
0,0.26857316
0,0.2666634
0,0.26336762
0,0.25394532
0,0.26886192
0,0.26752123
0,0.2685988
0,0.26741102
0,0.26360837
0,0.26634938
0,0.26326644
0,0.2634985
0,0.26396194
0,0.2725434
0,0.25997487
0,0.26248056
0,0.25858754
0,0.26973298
0,0.26766393
0,0.26628405
0,0.27178767
0,0.26464975
0,0.27313823
0,0.27188385
0,0.2656151
0,0.26308903
0,0.26026198
0,0.25971487
0,0.32059568
0,0.28157052
0,0.27288452
0,0.27060068
0,0.26968592
0,0.28580236
0,0.2705599
0,0.27067307
0,0.27384087
0,0.26595524
0,0.27657524
0,0.26480028
0,0.2705175
0,0.2619661
0,0.27261296
0,0.26287168
0,0.27207902
0,0.2772288
0,0.29892388
0,0.30918822
0,0.3001866
0,0.3002104
0,0.32721865
0,0.32154635
0,0.2994568
0,0.29424268
0,0.2947227
0,0.3051431
0,0.28930843
0,0.28298327
0,0.27858767
0,0.2780383
0,0.28329247
0,0.2758975
0,0.27720127
0,0.27718934
0,0.27115315
0,0.280041
0,0.26614285
0,0.27264953
0,0.26991853
0,0.25713408
0,0.27423587
0,0.2665674
0,0.2657924
0,0.26974472
0,0.28307542
0,0.2707901
0,0.27835596
0,0.2715508
0,0.26895973
0,0.26672173
0,0.25456747
0,0.26878706
0,0.27324855
0,0.27498183
0,0.2728718
0,0.26653394
0,0.26581752
0,0.26926708
0,0.27284893
0,0.267004
0,0.26745552
0,0.26368466
0,0.26370156
0,0.2690859
0,0.26910156
0,0.27398285
0,0.27035427
0,0.26671946
0,0.26824576
0,0.26696452
0,0.26248842
0,0.2613704
0,0.26042596
0,0.2586489
0,0.2694811
0,0.2639199
0,0.26032647
0,0.2677894
0,0.26995724
0,0.26311216
0,0.26232445
0,0.25882405
0,0.2671834
0,0.25936303
0,0.26064923
0,0.28397012
0,0.27525833
0,0.2752488
0,0.2691454
0,0.27931345
0,0.26540738
0,0.26110476
0,0.27056107
0,0.27032983
0,0.26207894
0,0.257226
0,0.25684318
0,0.26496583
0,0.25865436
0,0.26481816
0,0.25767615
0,0.25363094
0,0.26029664
0,0.26432908
0,0.27106118
0,0.273638
0,0.2760823
0,0.27700645
0,0.27362183
0,0.27480036
0,0.2721247
0,0.272443
0,0.26991805
0,0.27107012
0,0.2726261
0,0.25994578
0,0.2668459
0,0.2751671
0,0.2679057
0,0.2779071
0,0.27308607
0,0.28058335
0,0.27433467
0,0.2701912
0,0.26587564
0,0.26523045
0,0.2628058
0,0.26819134
0,0.26265252
0,0.26178515
0,0.2593554
0,0.26012206
0,0.26201987
0,0.2595151
0,0.25730476
0,0.25816292
0,0.2592257
0,0.25902367
0,0.25973493
0,0.25711307
0,0.26945034
0,0.2610818
0,0.2677241
0,0.2603057
0,0.27085838
0,0.2610899
0,0.2623993
0,0.25774822
0,0.2586819
0,0.26572397
0,0.26850992
0,0.25970095
0,0.2555013
0,0.26660702
0,0.26675928
0,0.26832452
0,0.26906878
0,0.26985773
0,0.26434112
0,0.27020374
0,0.2748351
0,0.27941173
0,0.27309415
0,0.2744032
0,0.26398876
0,0.2676542
0,0.26144364
0,0.26507738
0,0.2676328
0,0.25566155
0,0.2739486
0,0.26777607
0,0.26952618
0,0.26701453
0,0.28520483
0,0.2776475
0,0.28303137
0,0.27867442
0,0.28713375
0,0.29540804
0,0.27809
0,0.2742036
0,0.27742004
0,0.283926
0,0.27522826
0,0.2780993
0,0.28442702
0,0.28304318
0,0.27551144
0,0.27362585
0,0.2804157
0,0.27423975
0,0.2790017
0,0.2691589
0,0.269231
0,0.26513293
0,0.27957353
0,0.27077273
0,0.2753431
0,0.26598668
0,0.26154727
0,0.26428583
0,0.2611027
0,0.2603477
0,0.26059043
0,0.25790596
0,0.26261237
0,0.27074406
0,0.2592748
0,0.2671959
0,0.26767015
0,0.25950956
0,0.2616252
0,0.25665328
0,0.2686125
0,0.25774464
0,0.26342985
0,0.25789702
0,0.2656792
0,0.26754206
0,0.26815048
0,0.25839606
0,0.25917408
0,0.26649204
0,0.2661164
0,0.26227635
0,0.25815463
0,0.25559014
0,0.26496616
0,0.26639825
0,0.26220128
0,0.25364307
0,0.25373766
0,0.26048487
0,0.26671016
0,0.264248
0,0.2539424
0,0.26119554
0,0.26467666
0,0.26368836
0,0.2663353
0,0.25433838
0,0.26371464
0,0.2520007
0,0.25983205
0,0.26433748
0,0.2679121
0,0.26463386
0,0.262754
0,0.26228538
0,0.26665014
0,0.27585116
0,0.27059284
0,0.26747432
0,0.2594619
0,0.26506236
0,0.25647894
0,0.25788447
0,0.26141605
0,0.25776887
0,0.27159938
0,0.2627125
0,0.26044813
0,0.25927275
0,0.24975899
0,0.25268808
0,0.25306964
0,0.25538102
0,0.25744513
0,0.25774556
0,0.25372243
0,0.26026794
0,0.2662618
0,0.2736469
0,0.2634282
0,0.25948346
0,0.260495
0,0.26630083
0,0.25663418
0,0.2579662
0,0.2540211
0,0.25131607
0,0.25759912
0,0.26278955
0,0.26413283
0,0.25421044
0,0.25863546
0,0.25167322
0,0.2583838
0,0.26554555
0,0.25333753
0,0.26028123
0,0.25045455
0,0.25864184
0,0.24993837
0,0.25826836
0,0.25361156
0,0.24787709
0,0.2495087
0,0.25602046
0,0.24608226
0,0.25384548
0,0.25242707
0,0.25626522
0,0.24525896
0,0.2533026
0,0.24851288
0,0.25298786
0,0.246961
0,0.2527869
0,0.25295582
0,0.2549156
0,0.25357518
0,0.2549433
0,0.25349206
0,0.25486368
0,0.25207767
0,0.25353068
0,0.25212234
0,0.25650513
0,0.2542036
0,0.2537961
0,0.26420733
0,0.25933817
0,0.25346014
1,0.25475162
1,0.2501599
1,0.2556575
1,0.2502192
1,0.25095123
1,0.25015628
1,0.26121742
1,0.25486663
1,0.25277916
1,0.25368634
1,0.2518713
1,0.24388364
1,0.24705252
1,0.26224414
1,0.26668012
1,0.8831082
0,0.97725296
0,0.90525675
0,0.87807477
0,0.8451261
0,0.80105805
0,0.7363548
0,0.67031485
0,0.58042586
0,0.48604277
0,0.4003649
0,0.34791505
1,0.30028808
1,0.2626299
1,0.23783636
1,0.20220779
1,0.17770554
1,0.1550232
1,0.1341002
1,0.1264442
1,0.122762814
1,0.124835424
1,0.12498283
1,0.12260064
1,0.121309936
1,0.12306894
1,0.13006234
0,0.7994365
0,0.97327477
0,0.9874338
0,0.97081184
0,0.94929135
0,0.925001
0,0.8869724
0,0.8259804
0,0.76872313
0,0.6824427
0,0.629192
0,0.526229
0,0.4649635
0,0.41072163
0,0.3417348
0,0.2849228
0,0.24188712
0,0.21072592
0,0.17536709
0,0.15745063
0,0.13290393
0,0.124777116
0,0.12152739
0,0.12056808
0,0.11719156
0,0.11766173
0,0.117435716
0,0.120470695
0,0.12662257
0,0.13448149
0,0.19219777
0,0.24912247
0,0.25856414
0,0.25725207
0,0.25471276
0,0.26169613
0,0.25509545
0,0.25368187
0,0.25945625
0,0.25020358
0,0.25585544
0,0.24787115
0,0.25599527
0,0.25030032
0,0.2493029
0,0.24228671
0,0.2503884
0,0.24587902
0,0.24848557
0,0.2447532
0,0.25055674
0,0.25303307
0,0.25001574
0,0.24583822
0,0.2505866
0,0.24528024
0,0.2500433
0,0.25298953
0,0.2522858
0,0.24918975
0,0.250847
0,0.25355163
0,0.25170973
0,0.25089425
0,0.2459819
0,0.24328753
0,0.24069275
0,0.2478023
0,0.24721491
0,0.24978693
0,0.24892505
0,0.2453505
0,0.25160217
0,0.2532486
0,0.254971
0,0.25530216
0,0.25585613
0,0.2498377
0,0.25516334
0,0.2595474
0,0.27138558
0,0.26551813
0,0.2620131
0,0.26121935
0,0.25472537
0,0.2541943
0,0.25023246
0,0.24934806
0,0.2523689
0,0.2513245
0,0.24767509
0,0.24950789
0,0.24660604
0,0.24166064
0,0.24830379
0,0.2509534
0,0.25061145
0,0.252027
0,0.2515091
0,0.2503095
0,0.2506366
0,0.24503931
0,0.24913609
0,0.25399816
0,0.25586164
0,0.2478342
0,0.25468394
0,0.2539455
0,0.2517828
0,0.25811875
0,0.26392475
0,0.2601115
0,0.2547566
0,0.24694262
0,0.24850799
0,0.2438803
0,0.24547106
0,0.25372308
0,0.25495383
0,0.24861802
0,0.24802461
0,0.24561414
0,0.2651476
0,0.25470626
0,0.25283536
0,0.24645826
0,0.24913974
0,0.2488307
0,0.25433066
0,0.25031254
0,0.25332403
0,0.250663
0,0.24666283
0,0.24490224
0,0.24893206
0,0.24292025
0,0.24747273
0,0.2424274
0,0.24086718
0,0.24689582
0,0.2466141
0,0.24135263
0,0.24636377
0,0.24645577
0,0.24569017
0,0.248085
0,0.25141585
0,0.24403502
0,0.24085265
0,0.24014062
0,0.23769587
0,0.23899652
0,0.2453677
0,0.24660002
0,0.25009525
0,0.24530879
0,0.25053388
0,0.24826561
0,0.25059295
0,0.25238678
0,0.2576443
0,0.2533604
0,0.24875994
0,0.24861763
0,0.24458118
0,0.24573165
0,0.24788359
0,0.24641532
0,0.24288282
0,0.24381858
0,0.24532415
0,0.2554289
0,0.24576436
0,0.24448524
0,0.24850152
0,0.25930646
0,0.25855494
0,0.2502238
0,0.25072983
0,0.24699105
0,0.26279262
0,0.42852068
0,0.40204895
0,0.33393332
0,0.3088318
0,0.2859511
1,0.27424812
1,0.2656139
1,0.26571858
1,0.26903942
1,0.26437056
1,0.26085886
1,0.2560288
1,0.25828624
1,0.25967517
1,0.25229493
1,0.25113478
1,0.272254
1,0.290006
1,0.26845998
1,0.26483038
1,0.8835632
0,0.9775906
0,0.9146234
0,0.8775374
0,0.8292495
0,0.75261915
0,0.6506072
0,0.56326514
0,0.46664676
0,0.3829834
0,0.33879596
0,0.27858603
0,0.24623357
0,0.20590293
0,0.17565747
0,0.15098517
0,0.13615085
0,0.1258159
0,0.11904883
0,0.116554774
0,0.116143905
0,0.117331095
0,0.12119019
0,0.12905496
0,0.13285196
0,0.14436872
0,0.16061577
0,0.17247319
0,0.18827951
0,0.20045938
0,0.24915832
0,0.24980442
0,0.2501791
0,0.25177202
0,0.25047258
0,0.2456816
0,0.24749884
0,0.24278969
0,0.24585234
0,0.25191313
0,0.24468772
0,0.24654311
0,0.24268298
0,0.25188497
0,0.25048903
0,0.25326556
0,0.25108162
0,0.25390753
0,0.2503785
0,0.24831456
0,0.251479
0,0.25372037
0,0.25460234
0,0.2551979
0,0.25129354
0,0.2600064
0,0.25508583
0,0.25581068
0,0.2535427
0,0.2591424
0,0.2511928
0,0.2527879
0,0.24673294
0,0.25632283
0,0.25904322
0,0.25866354
0,0.26062423
0,0.25638214
0,0.26496565
0,0.2579879
0,0.25150058
0,0.25386298
0,0.25228193
0,0.25252536
0,0.25196752
0,0.25284624
0,0.24747506
0,0.24979922
0,0.24733734
0,0.25346553
0,0.25033534
0,0.25144884
0,0.25246677
0,0.25750434
0,0.2572069
0,0.2577743
0,0.2537611
0,0.2562265
0,0.25792998
0,0.25256842
0,0.25849622
0,0.2629637
0,0.2573229
0,0.2686846
0,0.2672776
0,0.26259625
0,0.26547563
0,0.2766433
0,0.26264933
0,0.26074326
0,0.25553846
0,0.25599888
0,0.2705398
0,0.26194713
0,0.26010296
0,0.2526721
0,0.2547136
0,0.2539955
0,0.2514431
0,0.24841337
0,0.24358474
0,0.25316313
0,0.25747094
0,0.25337857
0,0.2447468
0,0.24476153
0,0.25283942
0,0.25085098
0,0.24846108
0,0.24843821
0,0.24898706
0,0.2522649
0,0.24614154
0,0.25166237
0,0.24594498
0,0.2511547
0,0.24891804
0,0.25150397
0,0.24539624
0,0.2445455
0,0.25115988
0,0.25058922
0,0.25154582
0,0.24538198
0,0.2562564
0,0.25276867
0,0.25276604
0,0.25175384
0,0.24953583
0,0.24489531
0,0.24584855
0,0.24702382
0,0.2452706
0,0.2514041
0,0.24902059
0,0.25656015
0,0.25032508
0,0.24883676
0,0.25509712
0,0.26063278
0,0.2514848
0,0.25470585
0,0.25334102
0,0.24904244
0,0.2462806
0,0.24567609
0,0.24839574
0,0.25858918
0,0.24852414
0,0.2556234
0,0.25528514
0,0.25029024
0,0.25042394
0,0.2518684
0,0.25686896
0,0.25149873
0,0.26000673
0,0.26845
0,0.2673247
0,0.25416586
0,0.256019
0,0.25443402
0,0.26034865
0,0.2711029
0,0.25699964
0,0.25471097
0,0.2556814
0,0.2535304
0,0.25264615
0,0.25601327
0,0.25742525
0,0.25702518
0,0.2557555
0,0.2509279
0,0.24847497
0,0.25057054
0,0.24398004
0,0.24483527
0,0.24218307
0,0.24584004
0,0.24279544
0,0.24904752
0,0.2474979
0,0.24951318
0,0.245522
0,0.2444649
0,0.24643958
0,0.24639003
0,0.24565533
0,0.24263176
0,0.24013315
0,0.2506107
0,0.24968448
0,0.24789764
0,0.25021634
0,0.24363089
0,0.25980243
0,0.2574843
0,0.25092652
0,0.25355437
0,0.24425253
0,0.24672358
0,0.25177908
0,0.25291362
0,0.25640348
0,0.254902
0,0.25102052
0,0.2547479
0,0.2534533
0,0.253721
0,0.2452486
0,0.25885049
0,0.24819362
0,0.25192916
0,0.24773863
0,0.24623127
0,0.2477097
0,0.24462813
0,0.25199836
0,0.24697618
0,0.24420395
0,0.24749227
0,0.24792446
0,0.24375801
0,0.24308376
0,0.24108313
0,0.24664423
0,0.24673028
0,0.24592029
0,0.25155014
0,0.25604343
0,0.256144
0,0.25095063
0,0.25460815
0,0.25321412
0,0.24928953
0,0.26276296
0,0.2581907
0,0.2567046
0,0.24672176
0,0.25055602
0,0.25266734
0,0.25472438
0,0.2521273
0,0.24825019
0,0.24607049
0,0.24088062
0,0.2526889
0,0.25047785
0,0.26918957
0,0.28292722
0,0.26093483
0,0.2510469
0,0.24897777
0,0.24837545
0,0.25018844
0,0.26002607
0,0.25498888
0,0.24908414
0,0.25510055
0,0.26104096
0,0.25967067
0,0.2556672
0,0.25874016
0,0.25410774
0,0.2578026
0,0.26281816
0,0.25544754
0,0.25176525
0,0.24679981
0,0.2471013
0,0.24773934
0,0.25436157
0,0.25442994
0,0.25609174
0,0.25210154
0,0.25259772
0,0.25563902
0,0.25427282
0,0.24991903
0,0.24404362
0,0.24477668
0,0.24363884
0,0.24955332
0,0.24147537
0,0.24753395
0,0.2535628
0,0.2512012
0,0.245747
0,0.24623188
0,0.24678907
0,0.24856725
0,0.25602493
0,0.25762174
0,0.2497033
0,0.2447622
0,0.26190907
0,0.2624479
0,0.25383717
0,0.26365298
0,0.25503317
0,0.2546295
0,0.25834343
0,0.25861964
0,0.26583898
0,0.26113784
0,0.25687686
0,0.26134416
0,0.2611512
0,0.2601221
0,0.25855747
0,0.2537579
0,0.2499483
0,0.25168213
0,0.24762186
0,0.25745475
0,0.25564557
0,0.2551187
0,0.25350675
0,0.24923743
0,0.24911436
0,0.25188348
0,0.25202692
0,0.24722053
0,0.2509897
0,0.24704222
0,0.25300103
0,0.25508735
0,0.2541384
0,0.25340858
0,0.2560422
0,0.25355506
0,0.2515881
0,0.25655305
0,0.2602351
0,0.25463197
0,0.25519338
0,0.26541007
0,0.25803348
0,0.2598491
0,0.25324437
0,0.25645646
0,0.25554347
0,0.25347298
0,0.26104566
0,0.2578583
0,0.26072302
0,0.25994375
0,0.25992745
0,0.25508523
0,0.25439477
0,0.25456616
0,0.24690136
0,0.24625915
0,0.24357386
0,0.24771412
0,0.24324825
0,0.24420589
0,0.24435183
0,0.25164345
0,0.2444346
0,0.24303918
0,0.24724439
0,0.25982693
0,0.25592667
0,0.25765488
0,0.24782237
0,0.2485606
0,0.24886483
0,0.25313714
0,0.25022417
0,0.2534999
0,0.25537342
0,0.25533098
0,0.2543794
0,0.2602126
0,0.25305134
0,0.25533533
0,0.25656942
0,0.2549609
0,0.25006315
0,0.25805
0,0.2541416
0,0.25570306
0,0.26551357
0,0.26486027
0,0.26581004
0,0.2600023
0,0.25539768
0,0.26247308
0,0.25839022
0,0.26100242
0,0.25807673
0,0.25459924
0,0.2583406
0,0.25901988
0,0.258382
0,0.25405517
0,0.24933337
0,0.25518966
0,0.25838453
0,0.26127312
0,0.2695415
0,0.26007727
0,0.2593283
0,0.25908586
0,0.25855878
0,0.2584866
0,0.2504749
0,0.25356326
0,0.24685614
0,0.25115702
0,0.25012422
0,0.26306447
0,0.26312834
0,0.25660276
0,0.25763765
0,0.25640208
0,0.24745357
0,0.24647091
0,0.2473444
0,0.24508803
0,0.24955466
0,0.25797477
0,0.24798505
0,0.2569264
0,0.249629
0,0.25622678
0,0.2546951
0,0.25837442
0,0.2580274
0,0.25322643
0,0.24961424
0,0.26404285
0,0.25713897
0,0.2585221
0,0.25041738
0,0.25003022
0,0.24992502
0,0.2606735
0,0.2583332
0,0.25872254
0,0.2503639
0,0.25941455
0,0.25327945
0,0.24900347
0,0.24689163
0,0.24727717
0,0.24862531
0,0.24978657
0,0.25684106
0,0.2529402
0,0.2568737
0,0.25503656
0,0.25287318
0,0.26965567
0,0.2593145
0,0.2558699
0,0.26786166
0,0.2631849
0,0.32842904
0,0.2876717
0,0.27216983
0,0.26940435
0,0.26415688
0,0.25768483
0,0.2602103
0,0.2594524
0,0.25853255
0,0.25297645
0,0.25402454
0,0.25563344
0,0.25030622
0,0.2534773
0,0.25318512
0,0.2534345
0,0.24993055
0,0.25247377
0,0.25187162
0,0.24834654
0,0.25277898
0,0.25322258
0,0.25222397
0,0.25192323
0,0.2523614
0,0.25340417
0,0.25084665
0,0.25064015
0,0.25597718
0,0.2517776
0,0.24419013
0,0.25155813
0,0.2532322
0,0.25497523
0,0.25875363
0,0.25224167
0,0.25408933
0,0.25003392
0,0.26449126
0,0.2561756
0,0.2518215
0,0.24857739
0,0.24825387
0,0.24687284
0,0.24401553
0,0.24881911
0,0.24274372
0,0.24794617
0,0.24330996
0,0.24210237
0,0.2525608
0,0.2503222
0,0.24682339
0,0.24914904
0,0.25149068
0,0.2619837
0,0.26276648
0,0.2622213
0,0.26176828
0,0.2604828
0,0.26269206
0,0.27268645
0,0.264711
0,0.26384836
0,0.26307705
0,0.2624005
0,0.25813583
0,0.25980085
0,0.26245448
0,0.26037404
0,0.25699586
0,0.25322875
0,0.25673544
0,0.25138935
0,0.25655413
0,0.24758758
0,0.24758874
0,0.25103387
0,0.2507886
0,0.24574323
0,0.25070032
0,0.2504142
0,0.25989518
0,0.25461808
0,0.2507197
0,0.25212502
0,0.25176868
0,0.2516285
0,0.25591892
0,0.25728264
0,0.26156744
0,0.25648895
0,0.26215515
0,0.25567296
0,0.25600225
0,0.25692388
0,0.25864056
0,0.25761896
0,0.2468086
0,0.25245172
0,0.2489748
0,0.26147637
0,0.26372325
0,0.25454322
0,0.24972716
0,0.25592506
0,0.25246137
0,0.2548114
0,0.2560711
0,0.25000232
0,0.25669393
0,0.25644937
0,0.2505625
0,0.24895403
0,0.25330707
0,0.2521605
0,0.2578701
0,0.2682844
0,0.2503467
0,0.25916958
0,0.24871378
0,0.25100213
0,0.25025344
0,0.25790766
0,0.25607932
0,0.26095307
0,0.26391137
0,0.25687587
0,0.26081127
0,0.25145662
0,0.25454834
0,0.26264215
0,0.26839823
0,0.2579363
0,0.25781953
0,0.25848955
0,0.25652137
0,0.25788277
0,0.25564072
0,0.26068994
0,0.25579438
0,0.27292946
0,0.26090065
0,0.2591097
0,0.2564722
0,0.25102645
0,0.25766972
0,0.2498316
0,0.2512068
0,0.25101432
0,0.26325014
0,0.26429617
0,0.2564934
0,0.25604978
0,0.25263813
0,0.25186753
0,0.25779617
0,0.2640309
0,0.25927502
0,0.26073664
0,0.25837377
0,0.26558176
0,0.26481003
0,0.25670186
0,0.26148957
0,0.26414034
0,0.26064646
0,0.26478475
0,0.25903833
0,0.253727
0,0.25107452
0,0.24880348
0,0.25170317
0,0.24941619
0,0.24377532
0,0.2594611
0,0.25562847
0,0.2536649
0,0.25887242
0,0.25888914
0,0.25653315
0,0.2658385
0,0.25779656
0,0.26309052
0,0.2589052
0,0.2647672
0,0.25985017
0,0.26375946
0,0.27204293
0,0.26748323
0,0.2617856
0,0.26484114
0,0.25458178
0,0.26184267
0,0.2564934
0,0.2652674
0,0.25629
0,0.25517517
0,0.25287
0,0.25965783
0,0.253665
0,0.2576497
0,0.26650587
0,0.25731844
0,0.25345373
0,0.27329713
0,0.26905733
0,0.26405635
0,0.27677682
0,0.26785392
0,0.26067773
0,0.26189482
0,0.26888323
0,0.26280978
0,0.26056617
0,0.25902262
0,0.25496745
0,0.25400096
0,0.25530443
0,0.25391883
0,0.24412493
0,0.25416985
0,0.24753381
0,0.24847049
0,0.24352148
0,0.25225836
0,0.25720719
0,0.25246233
0,0.25671843
0,0.26359
0,0.25914055
0,0.2634442
0,0.2606444
0,0.25629845
0,0.25897774
0,0.26290628
0,0.26003906
0,0.25645733
0,0.2508298
0,0.25801468
0,0.245715
0,0.25551242
0,0.2526204
0,0.25706068
0,0.25854284
0,0.26254
0,0.25448078
0,0.258895
0,0.25701335
0,0.25247878
0,0.25568426
0,0.25782833
0,0.25885686
0,0.26032454
0,0.25708154
0,0.26343477
0,0.26705167
0,0.26559877
0,0.25506443
0,0.25932857
0,0.25935656
0,0.25878635
0,0.25055233
0,0.25545502
0,0.2494986
0,0.2530903
0,0.24740331
0,0.25297466
0,0.2452125
0,0.2502438
0,0.24708657
0,0.2502738
0,0.24504577
0,0.2529775
0,0.24604374
0,0.24944976
0,0.2453075
0,0.26523328
0,0.2522171
0,0.26623055
0,0.25577852
0,0.25805894
0,0.248838
0,0.27237996
0,0.25582224
0,0.26609027
0,0.27115774
0,0.27051896
0,0.26134127
0,0.25953695
0,0.2529203
0,0.25254583
0,0.25157773
0,0.25950715
0,0.25093934
0,0.26044863
0,0.26369712
0,0.2576288
0,0.2616838
0,0.26602608
0,0.26384085
0,0.26697978
0,0.2649579
0,0.26644415
0,0.265101
0,0.256898
0,0.2601595
0,0.2628869
0,0.25065437
0,0.25989202
0,0.26270965
0,0.26338056
0,0.26108697
0,0.2628987
0,0.26255718
0,0.2649492
0,0.26152983
0,0.26284692
0,0.2602858
0,0.26404068
0,0.2602216
0,0.26192293
0,0.27028674
0,0.26534852
0,0.27721867
0,0.27063313
0,0.2753547
0,0.2694802
0,0.27867633
0,0.27010006
0,0.2646437
0,0.26400596
0,0.25960478
0,0.2614444
0,0.26251462
0,0.2623915
0,0.2633913
0,0.26265472
0,0.25788835
0,0.2513316
0,0.2627253
0,0.26382476
0,0.26976928
0,0.26418382
0,0.2607453
0,0.26648498
0,0.26060385
0,0.2674935
0,0.25786507
0,0.25835595
0,0.26552573
0,0.26005203
0,0.26674938
0,0.26159316
0,0.26646802
0,0.2608772
0,0.25553522
0,0.26674876
0,0.270039
0,0.27251104
0,0.271909
0,0.26203698
0,0.2583928
0,0.25739187
0,0.2620465
0,0.2563048
0,0.26536006
0,0.27163997
0,0.26884577
0,0.26102313
0,0.26950592
0,0.2597829
0,0.31668663
0,0.27260062
0,0.2773806
0,0.2763861
0,0.26807776
0,0.2621172
0,0.2795527
0,0.2645718
0,0.27107558
0,0.27040082
0,0.2588318
0,0.26683626
0,0.2551388
0,0.26452842
0,0.25164574
0,0.26245442
0,0.25059348
0,0.25852573
0,0.24814479
0,0.26100206
0,0.25763777
0,0.25973943
0,0.253406
0,0.25859264
0,0.2516713
0,0.2571526
0,0.25176305
0,0.25645012
0,0.25474322
0,0.25643873
0,0.25204417
0,0.25690427
0,0.24952671
0,0.26430172
0,0.2560658
0,0.2569349
0,0.2556654
0,0.25756845
0,0.25255963
0,0.25506842
0,0.26485136
0,0.2594304
0,0.2541966
0,0.2582001
0,0.24881224
0,0.26593938
0,0.25075796
0,0.25177187
0,0.25028384
0,0.25068066
0,0.24855763
0,0.2588981
0,0.24990182
0,0.2599302
0,0.24495308
0,0.24712835
0,0.24306016
0,0.24463326
0,0.24942346
0,0.2466795
0,0.2490853
0,0.25662655
0,0.25254136
0,0.26591364
0,0.2647584
0,0.25364512
0,0.24774164
0,0.25634906
0,0.25408706
0,0.25796872
0,0.25232154
0,0.25758758
0,0.2591813
0,0.26088703
0,0.26232573
0,0.26333326
0,0.262109
0,0.25257263
0,0.24692462
0,0.25548762
0,0.2570705
0,0.25758973
0,0.25111142
0,0.24819905
0,0.2628831
0,0.25836584
0,0.25739294
0,0.25942668
0,0.2609962
0,0.27941197
0,0.26574984
0,0.26461387
0,0.26481134
0,0.2609088
0,0.26386786
0,0.26015934
0,0.2549693
0,0.25714022
0,0.2550065
0,0.2553648
0,0.26441976
0,0.25727522
0,0.37132466
0,0.32876578
0,0.29717007
0,0.29297617
0,0.276322
0,0.26960778
0,0.26602793
0,0.2734898
0,0.25767925
0,0.27934018
0,0.26283544
0,0.26614946
0,0.25928217
0,0.2675958
0,0.25764668
0,0.2658181
0,0.25594455
0,0.2539533
0,0.25111485
0,0.26105762
0,0.25615853
0,0.25341934
0,0.26070625
0,0.2572046
0,0.26198682
0,0.25537848
0,0.25099814
0,0.26059952
0,0.26295683
0,0.26480722
0,0.2686394
0,0.26620963
0,0.26604712
0,0.2655741
0,0.2651411
0,0.27225086
0,0.26762822
0,0.26917818
0,0.26685655
0,0.26550695
0,0.2710901
0,0.26335433
0,0.2679145
0,0.26444045
0,0.26836777
0,0.2641808
0,0.2553307
0,0.2682815
0,0.26355496
0,0.26209578
0,0.26265284
0,0.2613724
0,0.25357732
0,0.25744757
0,0.2627211
0,0.2596552
0,0.25848496
0,0.25815555
0,0.26916453
0,0.2621748
0,0.27044636
0,0.26419833
0,0.2619078
0,0.2608222
0,0.25776434
0,0.27110404
0,0.2603832
0,0.26842126
0,0.2622798
0,0.25834024
0,0.2617059
0,0.26786968
0,0.26020497
0,0.25657198
0,0.25049263
0,0.2514756
0,0.2515586
0,0.25040203
0,0.25631183
0,0.25281498
0,0.2499394
0,0.24973541
0,0.24856097
0,0.25876182
0,0.24693504
0,0.2553998
0,0.24398117
0,0.24631812
0,0.24008422
0,0.24494636
0,0.23886545
0,0.24125251
0,0.24730742
0,0.25421
0,0.2664283
0,0.26363674
0,0.26794058
0,0.26525754
0,0.2525221
0,0.25950772
0,0.25405002
0,0.2611476
0,0.2619163
0,0.26716265
0,0.26449054
0,0.2634987
0,0.25100425
0,0.25714272
0,0.24623825
0,0.25366074
0,0.26098803
0,0.25862512
0,0.25234255
0,0.25562984
0,0.25783333
0,0.2573601
0,0.25906348
0,0.2574306
0,0.2610258
0,0.25818807
0,0.25856605
0,0.27297932
0,0.27150637
0,0.28519452
0,0.26867187
0,0.28459242
0,0.27720472
0,0.27764332
0,0.2879262
0,0.28428972
0,0.271141
0,0.27507374
0,0.286006
0,0.281724
0,0.2803736
0,0.28207606
0,0.28524876
0,0.2790978
0,0.28723362
0,0.28001562
0,0.28096542
0,0.27217484
0,0.27519664
0,0.2580145
0,0.27117518
0,0.26524368
0,0.27140626
0,0.2850946
0,0.2763875
0,0.27586445
0,0.27504662
0,0.27763408
0,0.2766747
0,0.28337744
0,0.26601017
0,0.264688
0,0.26896423
0,0.2786058
0,0.26842013
0,0.27438968
0,0.2782407
0,0.26667023
0,0.27668786
0,0.26911092
0,0.26692066
0,0.26629826
0,0.27183646
0,0.26053825
0,0.27033105
0,0.26984006
0,0.2635156
0,0.27400684
0,0.269008
0,0.27539238
0,0.2792624
0,0.28080258
0,0.27473634
0,0.2678784
1,0.25914404
1,0.2717749
1,0.2572573
1,0.27389726
1,0.26932046
1,0.27436468
1,0.27063966
1,0.27772883
1,0.27547154
1,0.26547226
1,0.2672307
1,0.27221498
1,0.25789502
1,0.26924062
1,0.2662862
0,0.8832087
0,0.6732086
0,0.5854066
0,0.4976391
0,0.45404127
0,0.39470932
0,0.35891765
0,0.31870192
0,0.3009183
0,0.27487466
0,0.2556715
0,0.22165212
0,0.19897537
0,0.17443183
0,0.15544245
0,0.14872225
0,0.14316703
0,0.1456176
0,0.15003489
0,0.15679388
0,0.16621237
0,0.18073921
0,0.18949667
0,0.20808852
0,0.21845908
0,0.22574152
0,0.23756042
0,0.2395673
0,0.24809885
0,0.24842119
0,0.2766643
0,0.2746883
0,0.26953325
0,0.27797142
0,0.27063277
0,0.27415508
0,0.26860029
0,0.27292517
0,0.2676362
0,0.26141012
0,0.26279184
0,0.2686929
0,0.27622116
0,0.26300415
0,0.26370716
0,0.26840243
0,0.26415974
0,0.2718789
0,0.26734322
0,0.2701378
0,0.26480716
0,0.27091864
0,0.26451042
0,0.26892087
0,0.27418983
0,0.26170152
0,0.2726581
0,0.28227535
0,0.26890796
0,0.27128252
0,0.2755613
0,0.26110896
0,0.2605882
0,0.2541091
0,0.2654622
0,0.26436284
0,0.25897068
0,0.2636423
0,0.25827858
0,0.2566885
0,0.2551434
0,0.24986209
0,0.25114805
0,0.246509
0,0.24991335
0,0.25720304
0,0.2631901
0,0.26162308
0,0.2669876
0,0.25757885
0,0.25564063
0,0.25933036
0,0.25801688
0,0.25877324
0,0.25312623
0,0.25724193
0,0.2690169
0,0.2520189
0,0.2515373
0,0.24964692
0,0.25947383
0,0.27912524
0,0.26505193
0,0.25588888
0,0.2669803
0,0.25449058
0,0.25896144
0,0.25274718
0,0.2564563
0,0.25289384
0,0.25622922
0,0.26256627
0,0.25900948
0,0.26477242
0,0.25992
0,0.2689736
0,0.26180577
0,0.29013652
0,0.26969972
0,0.2716822
0,0.26403096
0,0.26675606
0,0.2604395
0,0.2652886
0,0.25919104
0,0.26739043
0,0.25916442
0,0.26386446
0,0.25775942
0,0.2628482
0,0.25653517
0,0.2526748
0,0.25188434
0,0.26164478
0,0.253185
0,0.25885066
0,0.26414394
0,0.27280456
0,0.2697934
0,0.2665742
0,0.26841852
0,0.25756332
0,0.2735004
0,0.27059639
0,0.2720123
0,0.2713283
0,0.26951194
0,0.26525116
0,0.2668278
0,0.2604993
0,0.26799315
0,0.27496687
0,0.26983264
0,0.25900024
0,0.26424557
0,0.26205534
0,0.26426786
0,0.2628122
0,0.26426578
0,0.26191592
0,0.26354972
0,0.26089048
0,0.2625822
0,0.26066193
0,0.2672015
0,0.27717686
0,0.26895913
0,0.26408517
0,0.26429883
0,0.2670556
0,0.26439908
0,0.26107153
0,0.2628119
0,0.25958622
0,0.26257342
0,0.2578049
0,0.25971112
0,0.258248
0,0.25890455
0,0.25663048
0,0.2575287
0,0.2512523
0,0.25722465
0,0.25371274
0,0.2548409
0,0.25283825
0,0.2542035
0,0.25176767
0,0.25875476
0,0.26882768
0,0.260261
0,0.25558636
0,0.26884294
0,0.25839776
0,0.2592309
0,0.25740552
0,0.2551821
0,0.26224586
0,0.2560605
0,0.26240423
0,0.25516802
0,0.25874683
0,0.25388578
0,0.2607961
0,0.26441288
0,0.26331353
0,0.25526273
0,0.26131445
0,0.26491758
0,0.2539683
0,0.26365718
0,0.25351536
0,0.26183417
0,0.26189178
0,0.26419815
0,0.2641483
0,0.2670566
0,0.26767346
0,0.26758006
0,0.2661447
0,0.26773134
0,0.26581573
0,0.26696205
0,0.2651151
0,0.26637107
0,0.25408334
0,0.26116005
0,0.26377818
0,0.26344225
0,0.250468
0,0.25888228
0,0.2626475
0,0.26335415
0,0.25741974
0,0.26544586
0,0.2634616
0,0.26323617
0,0.26487604
0,0.26367983
0,0.2588256
0,0.26330858
0,0.26106682
0,0.26116708
0,0.2602776
0,0.2604602
0,0.2537865
0,0.25766474
0,0.25689936
0,0.25774324
0,0.25319806
0,0.2559321
0,0.2761913
0,0.26484022
0,0.2543399
0,0.2681133
0,0.2616427
0,0.2633639
0,0.2512493
0,0.26400223
0,0.25361022
0,0.255792
0,0.26424015
0,0.25897974
0,0.2510435
0,0.25560457
0,0.26202443
0,0.26832548
0,0.26741707
0,0.26682642
0,0.2579668
0,0.2679805
0,0.27068466
0,0.27269384
0,0.25647876
0,0.2562892
0,0.2619607
0,0.25740635
0,0.24788071
0,0.2500365
0,0.25757498
0,0.25284642
0,0.25762314
0,0.25290483
0,0.25829148
0,0.25320274
0,0.2581686
0,0.26367226
0,0.2625565
0,0.26714045
0,0.25871703
0,0.26594955
0,0.2718674
0,0.27413633
0,0.25717637
0,0.26490617
0,0.2666886
0,0.26722664
0,0.26536036
0,0.2667452
0,0.26528218
0,0.2666593
0,0.2620192
0,0.2646191
0,0.27290428
0,0.26792142
0,0.27546299
0,0.26988357
0,0.26478425
0,0.26583216
0,0.26198784
0,0.26297593
0,0.26087868
0,0.26648638
0,0.26716176
0,0.26460132
0,0.26058435
0,0.2619337
0,0.27013287
0,0.2687161
0,0.26221043
0,0.26262125
0,0.2585684
0,0.2629691
0,0.2696905
0,0.2638498
0,0.27323917
0,0.2650187
0,0.2568077
0,0.25925905
0,0.25551108
0,0.268006
0,0.25853214
0,0.26848137
0,0.26229477
0,0.25942206
0,0.2550457
0,0.25510302
0,0.25223076
0,0.25360844
0,0.2622534
0,0.26799437
0,0.26793882
0,0.2600679
0,0.26613852
0,0.25758666
0,0.2534124
0,0.25305593
0,0.2608708
0,0.25498006
0,0.2652962
0,0.26010075
0,0.2642306
0,0.2566633
0,0.25081736
0,0.26083335
0,0.2649278
0,0.25722864
0,0.29434565
0,0.33034033
0,0.3205536
0,0.3309053
0,0.29981157
0,0.3184409
0,0.29305384
0,0.2874598
0,0.28957805
0,0.28167114
0,0.27688172
0,0.27550706
0,0.27118564
0,0.27168128
0,0.257582
0,0.26604986
0,0.26839924
0,0.26783535
0,0.27323037
0,0.27018985
0,0.2601352
0,0.26556957
0,0.27489328
0,0.2632687
0,0.25998053
0,0.26403782
0,0.26227927
0,0.26289228
0,0.25773326
0,0.26338655
0,0.25909278
0,0.2624881
0,0.2699655
0,0.26487166
0,0.28223357
0,0.2825848
0,0.28075346
0,0.28263554
0,0.2682594
0,0.26716536
0,0.27404118
0,0.26679093
0,0.25893846
0,0.26185074
0,0.2558816
0,0.25748727
0,0.25030115
0,0.25389054
0,0.24909921
0,0.25293544
0,0.2505371
0,0.257041
0,0.25216684
0,0.26586568
0,0.26713467
0,0.26133052
0,0.26582605
0,0.25857192
0,0.26497027
0,0.25822496
0,0.26454252
0,0.27038392
0,0.2696954
0,0.26091072
0,0.26616168
0,0.25859192
0,0.26452085
0,0.25733015
0,0.2564453
0,0.25395566
0,0.26057625
0,0.26456264
0,0.2649481
0,0.26766703
0,0.26000476
0,0.26633558
0,0.2549232
0,0.26509792
0,0.25566253
0,0.2633912
0,0.251918
0,0.26159924
0,0.25400588
0,0.2616333
0,0.26150566
0,0.2649209
0,0.25695333
0,0.2629433
0,0.25393716
0,0.2614665
0,0.2567381
0,0.26204908
0,0.24884759
0,0.2615915
0,0.25385472
0,0.25914747
0,0.25961962
0,0.26150075
0,0.2545981
0,0.26069283
0,0.2741919
0,0.26605195
0,0.25768498
0,0.26112843
0,0.25913534
0,0.2609775
0,0.25372908
0,0.25797763
0,0.25200188
0,0.2576147
0,0.2548421
0,0.2608021
0,0.25411674
0,0.25618857
0,0.25221768
0,0.2545574
0,0.24873285
0,0.2529691
0,0.25074705
0,0.25290832
0,0.24868166
0,0.25117898
0,0.24469052
0,0.26020327
0,0.2635129
0,0.25734556
0,0.24824381
0,0.2510547
0,0.24793765
0,0.2491492
0,0.24115598
0,0.24549532
0,0.2603812
0,0.25162804
0,0.25543934
0,0.25075376
0,0.25849998
0,0.26656178
0,0.25216746
0,0.26302794
0,0.2633146
0,0.26962534
0,0.2790869
0,0.2755476
0,0.26802704
0,0.27324083
0,0.28099582
0,0.27452546
0,0.2614036
0,0.26722217
0,0.2588898
0,0.26441696
0,0.2606057
0,0.26399112
0,0.25031942
0,0.2599911
0,0.25732553
0,0.26105028
0,0.25429687
0,0.26234177
0,0.26033634
0,0.2619122
0,0.276084
0,0.26831642
0,0.2818782
0,0.27586144
0,0.26820368
0,0.26725706
0,0.26950017
0,0.26643565
0,0.26604852
0,0.26438117
0,0.2602452
0,0.26129186
0,0.25346255
0,0.25699812
0,0.2533909
0,0.27148348
0,0.26421058
0,0.26169556
0,0.25720733
0,0.25764322
0,0.2646711
0,0.2586445
0,0.2655726
0,0.2606907
0,0.2658748
0,0.27072504
0,0.26482484
0,0.27111012
0,0.269557
0,0.26173177
0,0.26613912
0,0.2589594
0,0.27394307
0,0.26069492
0,0.26690042
0,0.2810375
0,0.26241648
0,0.2592886
0,0.26525116
0,0.25729653
0,0.25124347
0,0.26263815
0,0.26394176
0,0.26716256
0,0.26501235
0,0.26722652
0,0.26991007
0,0.27059945
0,0.2658989
0,0.28352094
0,0.2745366
0,0.27624044
0,0.28438964
0,0.2787347
0,0.27023673
0,0.2707128
0,0.28041553
0,0.27522388
0,0.2725932
0,0.27126086
0,0.27024442
0,0.27066642
0,0.26781127
0,0.2681321
0,0.26182956
0,0.2645562
0,0.27427098
0,0.28655222
0,0.2610744
0,0.2662521
0,0.26015964
0,0.27352333
0,0.2781592
0,0.2755495
0,0.27149722
0,0.28170842
0,0.28338322
0,0.27286983
0,0.265394
0,0.2652592
0,0.25901642
0,0.26065502
0,0.25057796
0,0.25563708
0,0.25208738
0,0.25633848
0,0.25596705
0,0.2668879
0,0.26238245
0,0.25962523
0,0.25262257
0,0.254048
0,0.24856363
0,0.25165156
0,0.25327143
0,0.2525964
0,0.2540135
0,0.25241646
0,0.25130516
0,0.2508257
0,0.24818207
0,0.25304395
0,0.24642567
0,0.2880777
0,0.28073594
0,0.28303757
0,0.2605633
0,0.26884124
0,0.25682744
0,0.25466427
0,0.2584131
0,0.26316613
0,0.2616757
0,0.26576424
0,0.2633933
0,0.25670233
0,0.26181403
0,0.24826214
0,0.25478032
0,0.26118302
0,0.2539995
0,0.26680395
0,0.25691003
0,0.26305124
0,0.25939697
0,0.26381415
0,0.25986102
0,0.2672237
0,0.27389497
0,0.28479624
0,0.26491106
0,0.26766104
0,0.25838524
0,0.2667483
0,0.2625635
0,0.26249322
0,0.2603819
0,0.26305017
0,0.26202402
0,0.2736557
0,0.2621994
0,0.26349157
0,0.2580847
0,0.26010746
0,0.26654756
0,0.26236767
0,0.2686181
0,0.263361
0,0.2578012
0,0.27043754
0,0.26987416
0,0.26405382
0,0.25804457
0,0.25917682
0,0.26404577
0,0.25999513
0,0.26486713
0,0.26092774
0,0.26530755
0,0.2601403
0,0.26520944
0,0.25951228
0,0.26418197
0,0.25849128
0,0.26322737
0,0.25858223
0,0.2521165
0,0.25307333
0,0.25899503
0,0.2543828
0,0.24896114
0,0.25106224
0,0.25615487
0,0.2513446
0,0.26855364
0,0.25628024
0,0.2492256
0,0.2606192
0,0.25927028
0,0.2639145
0,0.26132193
0,0.26518208
0,0.2619442
0,0.26593626
0,0.2647807
0,0.26749012
0,0.26363033
0,0.266671
0,0.2623567
0,0.2647357
0,0.26165542
0,0.2642323
0,0.26452065
0,0.26515847
0,0.25967178
0,0.26281163
0,0.26575494
0,0.26409638
0,0.2654745
0,0.26518652
0,0.25993067
0,0.26194125
0,0.2569102
0,0.26617903
0,0.26943785
0,0.2665726
0,0.27115092
0,0.2674093
0,0.26079813
0,0.26461264
0,0.2520755
0,0.26828322
0,0.2645998
0,0.26219586
0,0.2645075
0,0.26101494
0,0.25004965
0,0.25490716
0,0.2649076
0,0.26339716
0,0.2581292
0,0.26868483
0,0.2595053
0,0.25814185
0,0.25816646
0,0.26012558
0,0.2526331
0,0.2541364
0,0.25210893
0,0.25169694
0,0.2504612
0,0.25069642
0,0.25184605
0,0.25038663
0,0.24863724
0,0.24908026
0,0.24685408
0,0.24687879
0,0.24340852
0,0.24477777
0,0.24267961
0,0.26203707
0,0.2491923
0,0.26179576
0,0.25542647
0,0.26184928
0,0.25351676
0,0.2620031
0,0.25835213
0,0.26292247
0,0.25855866
0,0.26277512
0,0.25903443
0,0.28820673
0,0.26760954
0,0.2690058
0,0.25384784
0,0.26193988
0,0.25791153
0,0.26527596
0,0.25855765
0,0.2623295
0,0.25718445
0,0.263323
0,0.25756815
0,0.26133293
0,0.25716105
0,0.2649179
0,0.25369596
0,0.25986362
0,0.2604262
0,0.25948316
0,0.25468898
0,0.25880125
0,0.25470084
0,0.2578667
0,0.26964957
0,0.26307076
0,0.2675422
0,0.26364243
0,0.26627937
0,0.2624523
0,0.2591405
0,0.26272795
0,0.26455075
0,0.2607745
0,0.25327826
0,0.2564681
0,0.25336522
0,0.25435525
0,0.25551388
0,0.25959983
0,0.2503033
0,0.2544301
0,0.2582108
0,0.2563693
0,0.2604012
0,0.2675204
0,0.25380972
0,0.25551715
0,0.2584224
0,0.2589692
0,0.26046285
0,0.26823565
0,0.2700987
0,0.26107013
0,0.26206377
0,0.25742614
0,0.26496324
0,0.26806614
0,0.26401058
0,0.27468562
0,0.26697013
0,0.27073964
0,0.2663021
0,0.26982042
0,0.26380605
0,0.27036336
0,0.25277826
0,0.26604396
0,0.27385476
0,0.2855119
0,0.27403215
0,0.2737799
0,0.2663364
0,0.26922956
0,0.2583573
0,0.26531562
0,0.2614597
0,0.26534995
0,0.26424646
0,0.26973572
0,0.26293424
0,0.26784214
0,0.27481642
0,0.2699189
0,0.2615458
0,0.2649172
0,0.25329795
0,0.25993904
0,0.2563094
0,0.2595255
0,0.25532663
0,0.2594795
0,0.25542265
0,0.25830892
0,0.2519323
0,0.25638083
0,0.26995936
0,0.2798754
0,0.26487753
0,0.26486674
0,0.26900405
0,0.26393953
0,0.25243866
0,0.257024
0,0.25127283
0,0.25492868
0,0.25066754
0,0.25405616
0,0.25609994
0,0.25518215
0,0.2657107
0,0.2597155
0,0.26163658
0,0.2581099
0,0.2517161
0,0.2535308
0,0.2530432
0,0.25247556
0,0.2542475
0,0.2526512
0,0.25114
0,0.25117406
0,0.26909092
0,0.25752607
0,0.25370073
0,0.26540098
0,0.26439258
0,0.25641987
0,0.2554337
0,0.2523921
0,0.256974
0,0.25063708
0,0.25626048
0,0.26263845
0,0.25264207
0,0.26204938
0,0.2599531
0,0.26752767
0,0.2547651
0,0.26275432
0,0.25320956
0,0.26315868
0,0.24891368
0,0.25869793
0,0.25637692
0,0.2609644
0,0.25570667
0,0.26128095
0,0.2703092
0,0.2665597
0,0.26243448
0,0.26404986
0,0.26201972
0,0.2632078
0,0.27390552
0,0.28826287
0,0.27331862
0,0.27073357
0,0.2645083
0,0.26585248
0,0.26083627
0,0.26223657
0,0.26462153
0,0.26224744
0,0.27294552
0,0.26706085
0,0.2612244
0,0.26212403
0,0.2702022
0,0.27621067
0,0.26355347
0,0.26358125
0,0.2599909
0,0.26045707
0,0.25731868
0,0.2587459
0,0.2550735
0,0.25729626
0,0.2534245
0,0.2558493
0,0.26261157
0,0.2756884
0,0.27125454
0,0.26927853
0,0.2703258
0,0.2820017
0,0.26478562
0,0.264409
0,0.25855696
0,0.262463
0,0.25498307
0,0.27121088
0,0.28391322
0,0.28237626
0,0.2766083
0,0.26822218
0,0.27160063
0,0.26418805
0,0.26444674
0,0.26141816
0,0.2646351
0,0.259852
0,0.26414746
0,0.2591932
0,0.26027477
0,0.2588951
0,0.25194874
0,0.2567946
0,0.25625175
0,0.25449273
0,0.25951278
0,0.2589617
0,0.2661908
0,0.2571478
0,0.2563848
0,0.26399714
0,0.26342043
0,0.26728103
0,0.25428513
0,0.26410565
0,0.26255718
0,0.27401984
0,0.26685008
0,0.2633751
0,0.27434573
0,0.2699932
0,0.25704867
0,0.26374826
0,0.25348178
0,0.26103786
0,0.25875464
0,0.26142547
0,0.25939354
0,0.2618632
0,0.2546108
0,0.26032704
0,0.25868633
0,0.26147857
0,0.25568545
0,0.26191637
0,0.25951588
0,0.26057106
0,0.25455087
0,0.2589867
0,0.25045037
0,0.26606578
0,0.25518087
0,0.2605244
0,0.25506923
0,0.25741827
0,0.25431567
0,0.25615767
0,0.24974349
0,0.25346643
0,0.25022063
0,0.25486767
0,0.25536352
0,0.25470102
0,0.2503827
0,0.2529353
0,0.24863476
0,0.25119638
0,0.25591874
0,0.2538166
0,0.24573515
0,0.24959673
0,0.24487607
0,0.24737176
0,0.24174482
0,0.24527875
0,0.24402632
0,0.24519336
0,0.24827883
0,0.24643931
0,0.24477832
0,0.24922664
0,0.24841864
0,0.25761968
0,0.24859032
0,0.25860885
0,0.24665676
0,0.247979
0,0.24674696
0,0.25721285
0,0.25894114
0,0.26274124
0,0.25302634
0,0.26715785
0,0.2504529
0,0.2601221
0,0.26541266
0,0.26817968
0,0.2650465
0,0.2661595
0,0.25266516
0,0.2603504
0,0.24845931
0,0.25687316
0,0.25838357
0,0.24937238
0,0.25870076
0,0.25984526
0,0.2507005
0,0.26246053
0,0.25471497
0,0.25221854
0,0.245294
0,0.25505772
0,0.24975114
0,0.25450733
0,0.2555287
0,0.25835025
0,0.25721985
0,0.2716035
1,0.26805842
1,0.26285902
1,0.26061004
1,0.2616597
1,0.25916797
1,0.25866264
1,0.25758785
1,0.25600293
1,0.2551038
1,0.25531918
1,0.25476837
1,0.2678367
1,0.2552481
1,0.25558093
1,0.2546737
0,0.8785601
0,0.634001
0,0.51880556
0,0.44211435
0,0.38391373
0,0.33971828
0,0.32062486
0,0.29158634
0,0.2757523
0,0.27692175
0,0.2637813
0,0.2606044
0,0.25563395
0,0.25305498
0,0.25441653
0,0.24601194
0,0.24084671
0,0.23364025
0,0.2281281
0,0.21846901
0,0.22555551
0,0.22290729
0,0.23423196
0,0.24522515
0,0.24954592
0,0.25528347
0,0.2591878
0,0.2510476
0,0.2583996
0,0.2614903
0,0.27270716
0,0.27156258
0,0.27844432
0,0.27220044
0,0.27017823
0,0.26904
0,0.26697633
0,0.2690623
0,0.27036452
0,0.27246606
0,0.28098089
0,0.2718464
0,0.26916593
0,0.27059376
0,0.2674002
0,0.26465437
0,0.26395342
0,0.26490194
0,0.2677532
0,0.26404735
0,0.26371354
0,0.2632258
0,0.26299655
0,0.25101706
0,0.25752476
0,0.2551119
0,0.25764725
0,0.25224662
0,0.24847338
0,0.2643134
0,0.25945365
0,0.24813728
0,0.26477152
0,0.25909564
0,0.25618753
0,0.25642958
0,0.25576377
0,0.27885014
0,0.2631411
0,0.26148927
0,0.25911763
0,0.2531971
0,0.2539782
0,0.27589726
0,0.26100037
0,0.2543291
0,0.2544364
0,0.250161
0,0.26200923
0,0.25135154
0,0.2513307
0,0.24750312
0,0.24841738
0,0.24579619
0,0.2567744
0,0.2616532
0,0.2639473
0,0.25497442
0,0.27397087
0,0.2592998
0,0.2644784
0,0.26101822
0,0.2643648
0,0.27385005
0,0.2704205
0,0.2616428
0,0.2668709
0,0.27200893
0,0.26817992
0,0.27040035
0,0.26982918
0,0.2593976
0,0.263835
0,0.26652783
0,0.25966355
0,0.25500757
0,0.27304718
0,0.36204845
0,0.30385002
0,0.29202455
0,0.2885771
0,0.28087416
0,0.27512425
0,0.27458024
0,0.2701266
0,0.26388302
0,0.2654166
0,0.2671321
0,0.26859874
0,0.27379715
0,0.26746854
0,0.2675804
0,0.26490843
0,0.26565644
0,0.26423022
0,0.25369126
0,0.25839654
0,0.26026002
0,0.25965706
0,0.26086593
0,0.25915346
0,0.25988305
0,0.25891322
0,0.25925052
0,0.26073357
0,0.2635665
0,0.2598215
0,0.25879297
0,0.25917196
0,0.2563924
0,0.2604224
0,0.26946124
0,0.26165885
0,0.2560209
0,0.2558416
0,0.25604415
0,0.26594257
0,0.26982662
0,0.2609981
0,0.2576465
0,0.2560616
0,0.25221083
0,0.2493666
0,0.25275147
0,0.2506245
0,0.25194588
0,0.25169945
0,0.251798
0,0.25072604
0,0.24947836
0,0.25506306
0,0.2517961
0,0.2516242
0,0.2501769
0,0.24913412
0,0.24835221
0,0.24777412
0,0.2600023
0,0.2551735
0,0.24664827
0,0.25307855
0,0.25444612
0,0.2601973
0,0.3107615
0,0.28412163
0,0.2798536
0,0.27646646
0,0.26112938
0,0.2675511
0,0.26862815
0,0.2631388
0,0.26752764
0,0.26722217
0,0.2682442
0,0.2608218
0,0.28157935
0,0.27153817
0,0.27117574
0,0.26924902
0,0.26562434
0,0.26842472
0,0.26749212
0,0.26696095
0,0.2674451
0,0.2659421
0,0.26668617
0,0.26649028
0,0.25302678
0,0.2607076
0,0.26251066
0,0.26229504
0,0.26411325
0,0.26782265
0,0.26475424
0,0.26295447
0,0.26309976
0,0.2657691
0,0.2639676
0,0.26133728
0,0.266466
0,0.26127246
0,0.26369077
0,0.25939494
0,0.26070395
0,0.26641133
0,0.26231033
0,0.25887904
0,0.26075056
0,0.25757873
0,0.25880775
0,0.26726174
0,0.26206058
0,0.25866762
0,0.26166067
0,0.25723064
0,0.28030616
0,0.2898116
0,0.2769344
0,0.28276443
0,0.27026272
0,0.26236865
0,0.2622385
0,0.257617
0,0.25757354
0,0.2821589
0,0.266124
0,0.2697793
0,0.27654913
0,0.2730851
0,0.26588476
0,0.26425508
0,0.27547464
0,0.2613413
0,0.2701789
0,0.2686729
0,0.2729624
0,0.27028552
0,0.2623908
0,0.26801825
0,0.2640607
0,0.26168796
0,0.25810906
0,0.26324576
0,0.25704366
0,0.2621
0,0.25154677
0,0.2584106
0,0.2637656
0,0.26213935
0,0.26576528
0,0.25856286
0,0.25349557
0,0.25837782
0,0.26226214
0,0.260305
0,0.2535547
0,0.25719902
0,0.2610086
0,0.2591554
0,0.2579504
0,0.25862682
0,0.2627693
0,0.25961578
0,0.2664595
0,0.2607812
0,0.264266
0,0.25986773
0,0.25159365
0,0.25508508
0,0.25854787
0,0.2558232
0,0.26532486
0,0.2581313
0,0.2605862
0,0.25707126
0,0.24884412
0,0.2515216
0,0.24500193
0,0.25291798
0,0.24229386
0,0.24679403
0,0.25627282
0,0.25130606
0,0.24753885
0,0.2577149
0,0.25146073
0,0.26356354
0,0.25580335
0,0.26327243
0,0.2528089
0,0.26228324
0,0.25511268
0,0.26295123
0,0.25992426
0,0.27723378
0,0.26105696
0,0.2672419
0,0.25888756
0,0.277423
0,0.27568144
0,0.2722485
0,0.26615512
0,0.26724932
0,0.25859526
0,0.26794788
0,0.2581775
0,0.262913
0,0.2548713
0,0.26108935
0,0.25343633
0,0.2667672
0,0.2522097
0,0.2591846
0,0.25062352
0,0.25679895
0,0.25243095
0,0.2566831
0,0.2627127
0,0.2605344
0,0.25086907
0,0.25170642
0,0.2592367
0,0.25791144
0,0.25146723
0,0.2560359
0,0.24653122
0,0.25251868
0,0.2434913
0,0.24923837
0,0.2549863
0,0.25346583
0,0.25919384
0,0.2556763
0,0.25924164
0,0.26686272
0,0.26610288
0,0.26010874
0,0.26540655
0,0.25915557
0,0.2621751
0,0.2572711
0,0.2742353
0,0.26106223
0,0.2616637
0,0.2599661
0,0.26039237
0,0.27541304
0,0.26822358
0,0.26379517
0,0.26248467
0,0.2580274
0,0.25929347
0,0.25559345
0,0.26724154
0,0.25710902
0,0.25890747
0,0.25414726
0,0.26940134
0,0.2750664
0,0.27755484
0,0.2736706
0,0.2719271
0,0.275473
0,0.26684183
0,0.26995865
0,0.2636799
0,0.26755783
0,0.26223978
0,0.266248
0,0.26067078
0,0.26505715
0,0.258528
0,0.26330265
0,0.25863546
0,0.26277396
0,0.26357153
0,0.2624057
0,0.2582599
0,0.26218778
0,0.26368883
0,0.2679044
0,0.25963962
0,0.26240644
0,0.25698966
0,0.26156846
0,0.2554116
0,0.2593951
0,0.2543226
0,0.2579846
0,0.2533329
0,0.25692347
0,0.2523174
0,0.25565252
0,0.26467177
0,0.2693975
0,0.25767013
0,0.25905213
0,0.26445955
0,0.26003766
0,0.26395038
0,0.25964493
0,0.2524547
0,0.2546106
0,0.25902513
0,0.2552454
0,0.25150517
0,0.2486512
0,0.25631374
0,0.257822
0,0.25962698
0,0.25561416
0,0.25924125
0,0.25552002
0,0.2516267
0,0.2532811
0,0.25770313
0,0.25404033
0,0.26915926
0,0.2786441
0,0.2568878
0,0.25766873
0,0.2531934
0,0.25292733
0,0.25345746
0,0.2507001
0,0.25447738
0,0.2604807
0,0.2702944
0,0.27653262
0,0.26651978
0,0.2692522
0,0.26553676
0,0.25735453
0,0.27003253
0,0.2681637
0,0.27391142
0,0.27109808
0,0.26596925
0,0.2689196
0,0.26960245
0,0.2686674
0,0.2767035
0,0.2696169
0,0.26458246
0,0.26758257
0,0.26679754
0,0.27192882
0,0.26388478
0,0.27064675
0,0.26233456
0,0.2656501
0,0.25693586
0,0.26214945
0,0.2583338
0,0.26198405
0,0.26679164
0,0.26474878
0,0.25562567
0,0.26009056
0,0.25168425
0,0.25853628
0,0.2675924
0,0.26264462
0,0.2563061
0,0.2593146
0,0.26742277
0,0.26198205
0,0.26539037
0,0.25950906
0,0.26389334
0,0.26044098
0,0.2562912
0,0.26788977
0,0.2647716
0,0.26030016
0,0.26351148
0,0.2630739
0,0.26033515
0,0.26041177
0,0.2619918
0,0.25774086
0,0.26003033
0,0.26106983
0,0.26416725
0,0.27872956
0,0.26878753
0,0.2626984
0,0.26328897
0,0.25813463
0,0.2606814
0,0.25624
0,0.25820917
0,0.26561671
0,0.26125294
0,0.26705587
0,0.26243657
0,0.25703576
0,0.2597968
0,0.25523973
0,0.269988
0,0.27531713
0,0.29342118
0,0.28898153
0,0.28634688
0,0.28161255
0,0.30423862
0,0.30831483
0,0.30723712
0,0.30006185
0,0.2811107
0,0.28084245
0,0.27090067
0,0.27430364
0,0.26604557
0,0.2801385
0,0.27580222
0,0.27435586
0,0.27682427
0,0.2737688
0,0.26539382
0,0.25847015
0,0.25824532
0,0.27382967
0,0.36623308
0,0.30636245
0,0.2927468
0,0.30568194
0,0.2792813
0,0.2777637
0,0.2669175
0,0.26906082
0,0.27165473
0,0.268773
0,0.27593186
0,0.27078703
0,0.26273468
0,0.2705089
0,0.27365577
0,0.26812023
0,0.25912082
0,0.2653293
0,0.26743767
0,0.26395407
0,0.2557876
0,0.27004802
0,0.25476044
0,0.2588685
0,0.26186118
0,0.26075447
0,0.25702125
0,0.25839773
0,0.2618385
0,0.258722
0,0.260652
0,0.26823232
0,0.25414628
0,0.25519255
0,0.26017195
0,0.25518104
0,0.25105977
0,0.25322855
0,0.25553212
0,0.2518927
0,0.25493652
0,0.26233944
0,0.25843513
0,0.2536926
0,0.25540859
0,0.26147875
0,0.25794503
0,0.26480392
0,0.26109663
0,0.27442914
0,0.26652366
0,0.2691248
0,0.25636223
0,0.26731217
0,0.2796751
0,0.27261758
0,0.27027977
0,0.26811022
0,0.26202387
0,0.26471508
0,0.25355947
0,0.25903648
0,0.261746
0,0.26153958
0,0.25249314
0,0.26192805
0,0.2557121
0,0.25876212
0,0.26555195
0,0.26438183
0,0.25840402
0,0.25974688
0,0.2593541
0,0.2585375
0,0.26395825
0,0.2813376
0,0.27380556
0,0.26746407
0,0.27017218
0,0.26853198
0,0.28638437
0,0.28462967
0,0.27257448
0,0.2678078
0,0.27944052
0,0.27853736
0,0.27290148
0,0.26882717
0,0.2593181
0,0.2592238
0,0.26251382
0,0.25853646
0,0.26286185
0,0.2591737
0,0.26191708
0,0.2575864
0,0.26046103
0,0.2567694
0,0.25987086
0,0.2746654
0,0.2659138
0,0.26010603
0,0.26432368
0,0.26881987
0,0.27533758
0,0.2624681
0,0.28018662
0,0.27952838
0,0.27441716
0,0.2790785
0,0.2724358
0,0.2740641
0,0.27231598
0,0.27372658
0,0.267226
0,0.2705135
0,0.26894283
0,0.27049932
0,0.26419157
0,0.26855975
0,0.2729424
0,0.27199897
0,0.27044892
0,0.2711077
0,0.26285976
0,0.26746842
0,0.25981572
0,0.26858562
0,0.25930336
0,0.2719262
0,0.2603966
0,0.2664377
0,0.25396293
0,0.26232585
0,0.25510728
0,0.26142684
0,0.2598769
0,0.26240838
0,0.2662424
0,0.26448375
0,0.4472877
0,0.3643496
0,0.31989002
0,0.30066776
0,0.27984595
0,0.27790296
0,0.26454398
0,0.26677102
0,0.26800117
0,0.26991788
0,0.26812723
0,0.26585546
0,0.25722227
0,0.26097888
0,0.26315045
0,0.26177952
0,0.27459544
0,0.28114048
0,0.27346042
0,0.2672897
0,0.26681572
0,0.26358855
0,0.26400578
0,0.26167646
0,0.26199937
0,0.27221885
0,0.2620894
0,0.26556367
0,0.27405083
0,0.26879367
0,0.2786608
0,0.28191003
0,0.28160012
0,0.26965845
0,0.28338778
0,0.28548738
0,0.28710026
0,0.2713883
0,0.26087964
0,0.2712783
0,0.27415887
0,0.27425063
0,0.26269373
0,0.2626994
0,0.25525746
0,0.25470346
0,0.25079587
0,0.25165904
0,0.24716578
0,0.2602592
0,0.2522747
0,0.26125064
0,0.25677285
0,0.26355395
0,0.25961703
0,0.26524934
0,0.25769234
0,0.26486927
0,0.26734027
0,0.2705339
0,0.2716592
0,0.2705727
0,0.27132693
0,0.2672318
0,0.2724549
0,0.27018914
0,0.27162012
0,0.27224922
0,0.27241614
0,0.26882577
0,0.28672078
0,0.27425614
0,0.2734092
0,0.28768817
0,0.27603862
0,0.27204174
0,0.2616099
0,0.26448518
0,0.26663458
0,0.26504105
0,0.2700201
0,0.2651525
0,0.26641506
0,0.2637301
0,0.2653729
0,0.2638142
0,0.2529622
0,0.25797224
0,0.2606623
0,0.25927997
0,0.25090858
0,0.25567558
0,0.25812998
0,0.25841966
0,0.24782196
0,0.25308588
0,0.255377
0,0.25586954
0,0.2589512
0,0.25645733
0,0.25749102
0,0.25698557
0,0.26960865
0,0.26205707
0,0.26008
0,0.25696737
0,0.26276058
0,0.25669828
0,0.26885304
0,0.25845337
0,0.27305534
0,0.2605648
0,0.25997064
0,0.2709536
0,0.26322442
0,0.257362
0,0.25824597
0,0.2546058
0,0.25519654
0,0.26433602
0,0.2704138
0,0.27322412
0,0.27538392
0,0.27607277
0,0.28253505
0,0.2750759
0,0.27269506
0,0.27105927
0,0.2680993
0,0.2686479
0,0.26165476
0,0.26630464
0,0.26191714
0,0.2685205
0,0.25936887
0,0.2642552
0,0.25756845
0,0.26164827
0,0.25545323
0,0.26394033
0,0.2656215
0,0.26364514
0,0.266977
0,0.27069616
0,0.27008966
0,0.26884404
0,0.269312
0,0.2667132
0,0.25750735
0,0.26088354
0,0.26444972
0,0.26748753
0,0.26744837
0,0.26404774
0,0.2656213
0,0.26183906
0,0.26442596
0,0.2618665
0,0.25310203
0,0.26772702
0,0.2539878
0,0.2567172
0,0.25156772
0,0.2548699
0,0.2533837
0,0.2575029
0,0.25821236
0,0.25620523
0,0.25285316
0,0.25339544
0,0.27438632
0,0.2608324
0,0.26119134
0,0.2641809
0,0.26142883
0,0.25727946
0,0.25236812
0,0.25191367
0,0.24813706
0,0.2484278
0,0.24600585
0,0.24734454
0,0.26070285
0,0.25580573
0,0.24623543
0,0.25821736
0,0.26422176
0,0.27680978
0,0.26310763
0,0.26918715
0,0.27590236
0,0.2748867
0,0.2574142
0,0.26569635
0,0.25850976
0,0.26416525
0,0.26279166
0,0.26553246
0,0.26918668
0,0.26772228
0,0.27024296
0,0.26860896
0,0.2704348
0,0.26908502
0,0.2729532
0,0.26855788
0,0.27631146
0,0.27054965
0,0.27172366
0,0.2799893
0,0.2746259
0,0.2715193
0,0.2713773
0,0.26895896
0,0.27268815
0,0.2679318
0,0.26877
0,0.2655623
0,0.2562396
0,0.2601913
0,0.2550612
0,0.25811443
0,0.26142195
0,0.27266195
0,0.26716602
0,0.2763728
0,0.2693933
0,0.2701162
0,0.2677937
0,0.26293784
0,0.26391968
0,0.2711373
0,0.26580232
0,0.2671045
0,0.2643999
0,0.28244776
0,0.26547396
0,0.2741342
0,0.26745957
0,0.2615283
0,0.27265835
0,0.26138127
0,0.26148033
0,0.25731695
0,0.25969297
0,0.2740673
0,0.26408756
0,0.27266932
0,0.27684784
0,0.27342507
0,0.26692516
0,0.2700296
0,0.2634764
0,0.26758254
0,0.25691056
0,0.26397473
0,0.26278806
0,0.26576975
0,0.26069352
0,0.26482368
0,0.25909063
0,0.26338258
0,0.25770015
0,0.26217857
0,0.2673088
0,0.2642814
0,0.2587871
0,0.25892383
0,0.2562412
0,0.26046902
0,0.26350912
0,0.2620381
0,0.25637528
0,0.25928673
0,0.25724033
0,0.25871965
0,0.26938626
0,0.26423013
0,0.26932648
0,0.263903
0,0.2677274
0,0.2629315
0,0.26780835
0,0.27388686
0,0.27120316
0,0.26479703
0,0.26895908
0,0.2675435
0,0.26839373
0,0.26242924
0,0.2677228
0,0.26122543
0,0.2621689
0,0.2594323
0,0.2636527
0,0.2581253
0,0.26280367
0,0.2716892
0,0.26781225
0,0.26300457
0,0.2653979
0,0.27094257
0,0.2566221
0,0.25631016
0,0.26007837
0,0.2652527
0,0.25779766
0,0.26535562
0,0.26300383
0,0.26713327
0,0.25485155
0,0.26888618
0,0.26373506
0,0.26768723
0,0.27483892
0,0.25969058
0,0.26728377
0,0.26896328
0,0.27820718
0,0.2730558
0,0.27392066
0,0.2729658
0,0.26160318
0,0.26698047
0,0.26172802
0,0.267167
0,0.2595014
0,0.2654985
0,0.2569456
0,0.26351655
0,0.2709718
0,0.26832414
0,0.26532456
0,0.26690236
0,0.2608603
0,0.26533005
0,0.25290203
0,0.2613252
0,0.25380033
0,0.25971827
0,0.2514282
0,0.25905535
0,0.2531141
0,0.2587332
0,0.2646796
0,0.26320073
0,0.25558892
0,0.26072285
0,0.26526302
0,0.2633721
0,0.26714858
0,0.26688468
0,0.2630443
0,0.2635124
0,0.26721472
0,0.2641787
0,0.26702872
0,0.2567712
0,0.26535395
0,0.2619676
0,0.2549721
0,0.25740436
0,0.24739003
0,0.25379708
0,0.25898686
0,0.26206344
0,0.25338507
0,0.27030283
0,0.26584312
0,0.26329738
0,0.25491586
0,0.2574686
0,0.2616374
0,0.25792104
0,0.26053172
0,0.25710732
0,0.2595636
0,0.25593835
0,0.2582543
0,0.2701126
0,0.26310274
0,0.2574542
0,0.2667302
0,0.25774255
0,0.25263563
0,0.25665766
0,0.26775795
0,0.26076218
0,0.2587333
0,0.25540224
0,0.26723042
0,0.2587802
0,0.2558272
0,0.25311127
0,0.25103197
0,0.2600692
0,0.24910125
0,0.25923175
0,0.2660689
0,0.2656088
0,0.27021056
0,0.2685391
0,0.26303378
0,0.2654719
0,0.25661066
0,0.26564303
0,0.27383423
0,0.2691085
0,0.25551802
0,0.26693738
0,0.2514838
0,0.25865674
0,0.26476228
0,0.26281026
0,0.25334573
0,0.25913635
0,0.26527837
0,0.2664022
0,0.26909897
0,0.26436374
0,0.25468066
0,0.2587588
0,0.2657272
0,0.26185998
0,0.26680014
0,0.26230425
0,0.2745993
0,0.26530904
0,0.2562296
0,0.26180542
0,0.2606172
0,0.26958677
0,0.25354612
0,0.2566159
0,0.24776076
0,0.2525844
0,0.26023245
0,0.26655656
0,0.2646598
0,0.2679759
0,0.26644015
0,0.26039568
0,0.2626372
0,0.2597188
0,0.2516061
0,0.25343043
0,0.25569183
0,0.26948798
0,0.2638743
0,0.25808668
0,0.261573
0,0.25672698
0,0.25037295
0,0.25290883
0,0.25618407
0,0.2520355
0,0.25732583
0,0.25332427
0,0.25193238
0,0.26044062
0,0.2632557
0,0.264635
0,0.25790748
0,0.26442373
0,0.25765166
0,0.27184582
0,0.25465068
0,0.26278427
0,0.25542745
0,0.26087642
0,0.25047156
0,0.25886664
0,0.24886742
0,0.25681427
0,0.376748
0,0.3101985
0,0.2746066
0,0.27797955
0,0.26756263
0,0.2686641
0,0.2555665
0,0.26157352
0,0.25695214
0,0.25959462
0,0.2694542
0,0.26713395
0,0.25297493
0,0.25850308
0,0.26462978
0,0.27154982
0,0.26091185
0,0.2623575
0,0.26676255
0,0.26169446
0,0.26596928
0,0.26067835
0,0.2528785
0,0.25690836
0,0.2522012
0,0.25450093
0,0.2613175
0,0.26846707
0,0.26830348
0,0.2618399
0,0.2647886
0,0.25871655
0,0.2723946
0,0.26173097
0,0.26529282
0,0.2588061
0,0.2639321
0,0.25741118
0,0.2622124
0,0.25658998
0,0.25269243
0,0.25216672
0,0.25363466
0,0.25155714
0,0.24768656
0,0.24837725
0,0.2456722
0,0.24683179
0,0.24107642
0,0.24729785
0,0.24154007
0,0.2469551
0,0.24108317
0,0.25404143
0,0.24658394
0,0.2570657
0,0.25091675
0,0.2509062
0,0.26898122
0,0.26607603
0,0.2542383
0,0.25735396
0,0.25401703
0,0.2709488
0,0.26044068
0,0.26495638
0,0.2582772
0,0.26425418
0,0.25655314
0,0.26107794
0,0.25411606
0,0.25950763
0,0.2525205
0,0.25919226
0,0.25545248
0,0.25989428
0,0.2560969
0,0.26009473
0,0.2528004
0,0.2590222
0,0.25724697
0,0.2648096
0,0.25720033
0,0.26261875
0,0.25544795
0,0.27561614
0,0.26228815
0,0.26539874
0,0.2542997
0,0.25891426
0,0.25426805
0,0.2589518
0,0.25482085
0,0.25730672
0,0.25097224
0,0.25418136
0,0.2738704
0,0.2825649
0,0.27419186
0,0.26935846
0,0.27421424
0,0.27162904
0,0.27270782
0,0.27163863
0,0.26356584
0,0.27342767
0,0.283448
0,0.26936996
0,0.26183796
0,0.26197448
0,0.25707123
0,0.25799105
0,0.2686497
0,0.2605644
0,0.25780323
0,0.26647213
0,0.26038352
0,0.2699671
0,0.25481576
0,0.25546026
0,0.2600864
0,0.25592968
0,0.24734677
0,0.25089094
0,0.24820985
0,0.24956544
0,0.24672958
0,0.26276425
0,0.25291458
0,0.25178882
0,0.24733943
0,0.24880011
0,0.2530419
0,0.25990197
0,0.26057726
0,0.26331154
0,0.2608323
0,0.26399955
0,0.26101348
0,0.26755023
0,0.27530417
0,0.275429
0,0.26616046
0,0.27354658
0,0.26516902
0,0.28450727
0,0.28036296
0,0.2749027
0,0.27856362
0,0.27898115
0,0.26828194
0,0.269793
0,0.26446888
0,0.2702637
0,0.27372938
0,0.26908252
0,0.26092646
0,0.26408434
0,0.25950223
0,0.2623477
0,0.27524102
0,0.2686623
0,0.27454177
0,0.2699664
0,0.2583398
0,0.26303327
0,0.2540876
0,0.26088744
0,0.26161313
0,0.26205492
0,0.25580043
0,0.26443312
0,0.26670277
0,0.26542425
0,0.25893947
0,0.26092684
0,0.25988817
0,0.26015523
0,0.2530116
0,0.2572156
0,0.2510921
0,0.2546658
0,0.2596473
0,0.2582469
0,0.27230653
0,0.26915002
0,0.266832
0,0.26212126
0,0.27042568
0,0.28142756
0,0.26987094
0,0.2650535
0,0.2679118
0,0.27980682
0,0.28552407
0,0.2698023
0,0.2678034
0,0.26571754
0,0.26378104
0,0.2581288
0,0.26045796
0,0.25582305
0,0.25767413
0,0.25387445
0,0.27126572
0,0.2757263
0,0.26484844
0,0.25944066
0,0.2598518
0,0.26638323
0,0.2617239
0,0.26677123
0,0.2603531
0,0.26498252
0,0.26125634
0,0.2655951
0,0.27105644
0,0.26897937
0,0.2681782
0,0.26826307
0,0.26101196
0,0.2662659
0,0.2607916
0,0.2637582
0,0.25817016
0,0.2739079
0,0.26163998
0,0.26461938
0,0.25902605
0,0.26244405
0,0.27153024
0,0.26647705
0,0.25915986
0,0.2622475
0,0.25678122
0,0.26020843
0,0.2549535
0,0.25854853
0,0.2573229
0,0.25794116
0,0.25398326
0,0.2563814
0,0.25189853
0,0.2551703
0,0.2615578
0,0.26319078
0,0.26707223
0,0.2680578
0,0.26380455
0,0.2611336
0,0.26735187
0,0.2614864
0,0.26020658
0,0.25796574
0,0.2630812
0,0.25839835
0,0.2535741
0,0.25420535
0,0.2593073
0,0.2551885
0,0.2587814
0,0.25439963
0,0.25220641
0,0.2552667
0,0.25799945
0,0.25296673
0,0.25801083
0,0.2528433
0,0.24978729
0,0.26013848
0,0.25920865
0,0.2667241
0,0.2626883
0,0.25584516
0,0.25913617
0,0.26395243
0,0.2616349
0,0.26541772
0,0.26198435
0,0.26614687
0,0.2616517
0,0.26490155
0,0.2650402
0,0.265126
0,0.2610436
0,0.26377317
0,0.39053527
0,0.30012423
0,0.41033497
0,0.36333513
0,0.31833768
0,0.29968324
0,0.2834001
0,0.27885455
0,0.2803345
0,0.2732064
0,0.26565027
0,0.2672298
0,0.26829842
0,0.26588887
0,0.25992486
0,0.26235768
0,0.2544243
0,0.2588242
0,0.26637477
0,0.2620509
0,0.26565316
0,0.26204798
0,0.26194525
0,0.27253672
0,0.26789007
0,0.26405254
0,0.25549075
0,0.27632743
0,0.27237126
0,0.28252143
0,0.275274
0,0.26863104
0,0.27014664
0,0.26403835
0,0.2660863
0,0.2583678
0,0.26298326
0,0.25916255
0,0.25564662
0,0.2554595
0,0.25924534
0,0.25665137
0,0.25992867
0,0.25633729
0,0.2586443
0,0.25765395
0,0.57127273
0,0.54402155
0,0.43882102
0,0.36249945
0,0.3404823
0,0.3177972
0,0.29534262
0,0.28308794
0,0.27701482
0,0.26638934
0,0.27876166
0,0.2840127
0,0.26849928
0,0.26963037
0,0.27292064
0,0.2692418
0,0.25637612
0,0.2524148
0,0.239883
0,0.23857376
0,0.24390899
0,0.25037426
0,0.24427207
0,0.2489162
0,0.26152766
0,0.25746268
0,0.2626054
0,0.2612039
0,0.25707045
0,0.26021877
0,0.27150303
0,0.26911137
0,0.26033068
0,0.26283288
0,0.26689228
0,0.26313287
0,0.26894155
0,0.27168354
0,0.2606529
0,0.2620528
0,0.26868144
0,0.26295316
0,0.25534195
0,0.24822016
0,0.24915482
0,0.25317594
0,0.24745083
0,0.2520018
0,0.25693476
0,0.25424498
0,0.25847286
0,0.27282122
0,0.26609024
0,0.26239818
0,0.25212032
0,0.2689412
0,0.26676852
0,0.26072523
0,0.25613564
0,0.25554854
0,0.24720307
0,0.24951626
0,0.25362608
0,0.25088143
0,0.25459236
0,0.2623487
0,0.25835776
0,0.25310633
0,0.25696054
0,0.2524306
0,0.2542872
0,0.26123783
0,0.2522894
0,0.24447604
0,0.2520551
0,0.26328298
0,0.2570449
0,0.2522747
0,0.2542556
0,0.25291362
0,0.25282654
0,0.25820425
0,0.25581542
0,0.26069197
0,0.25628516
0,0.26078287
0,0.25574327
0,0.26020527
0,0.255325
0,0.26002562
0,0.25493574
0,0.26007396
0,0.2660803
0,0.26420724
0,0.25940338
0,0.26654097
0,0.27295274
0,0.28117135
0,0.2679262
0,0.26929063
0,0.271609
0,0.26634985
0,0.25944504
0,0.2760052
0,0.2723845
0,0.26606062
0,0.27133015
0,0.26493046
0,0.27064332
0,0.26512438
0,0.2754168
0,0.26554212
0,0.26022264
0,0.26045138
0,0.26526588
0,0.27133098
0,0.26902
0,0.26866743
0,0.2614027
0,0.2729003
0,0.2587844
0,0.25910944
0,0.2523237
0,0.25426385
0,0.26800615
0,0.25884682
0,0.25291738
0,0.25384477
0,0.25901726
0,0.2651552
0,0.2517549
0,0.25261605
0,0.25779596
0,0.2641802
0,0.2506677
0,0.2519343
0,0.24584657
0,0.2598508
0,0.25753242
0,0.2528626
0,0.2569927
0,0.26270512
0,0.25000846
0,0.2621328
0,0.25157616
0,0.26499072
0,0.27564776
0,0.2706807
0,0.26274925
0,0.26956216
0,0.27395448
0,0.2706707
0,0.27643654
0,0.27155963
0,0.2606634
0,0.26815343
0,0.27246985
0,0.2687346
0,0.26317883
0,0.26497614
0,0.25541377
0,0.26174858
0,0.2563707
0,0.2604302
0,0.26641217
0,0.26340896
0,0.2724007
0,0.26936492
0,0.2629082
0,0.26366138
0,0.25734636
0,0.2604374
0,0.27105585
0,0.2689927
0,0.28587002
0,0.2742872
0,0.2597997
0,0.2735965
0,0.3275884
0,0.28745204
0,0.28173175
0,0.27344853
0,0.27247238
0,0.26790097
0,0.27227786
0,0.28048763
0,0.2762164
0,0.27085888
0,0.28189442
0,0.27960032
0,0.2740122
0,0.26649278
0,0.28264272
0,0.2678234
0,0.26824203
0,0.26189187
0,0.26778612
0,0.2727369
0,0.26643017
0,0.26132774
0,0.26255053
0,0.26840195
0,0.25381118
0,0.25386125
0,0.25749344
0,0.2543961
0,0.2573401
0,0.25822753
0,0.2579476
0,0.26418048
0,0.2604931
0,0.26985452
0,0.26411366
0,0.2725428
0,0.27583048
0,0.27358305
0,0.2783155
0,0.27398536
0,0.2619186
0,0.26776958
0,0.27705118
0,0.27291045
0,0.2656394
0,0.28001747
0,0.26609948
0,0.26901513
0,0.29788947
0,0.28015456
0,0.27741155
0,0.277516
0,0.27759987
0,0.27209905
0,0.27723467
0,0.27144054
0,0.28006083
0,0.2726489
0,0.2911227
0,0.27704462
0,0.26673305
0,0.27498832
0,0.26323804
0,0.26591557
0,0.25937206
0,0.26392487
0,0.25761002
0,0.27182898
0,0.27048308
0,0.2539143
0,0.25989065
0,0.26400474
0,0.28736368
0,0.29519868
0,0.32526043
0,0.30779096
0,0.29467168
0,0.28234592
0,0.2812137
0,0.27233532
0,0.2739036
0,0.27108905
0,0.27135316
0,0.2716875
0,0.27116978
0,0.2699469
0,0.25950056
0,0.26044896
0,0.2642825
0,0.2605173
0,0.2640231
0,0.2599277
0,0.2637352
0,0.25949556
0,0.2628706
0,0.28552863
0,0.27274755
0,0.27684593
0,0.30391032
0,0.2968899
0,0.28208968
0,0.2715758
0,0.27405196
0,0.27889827
0,0.27150327
0,0.2748824
0,0.2687517
0,0.26143795
0,0.26084796
0,0.27263647
0,0.26650947
0,0.25936767
0,0.26139057
0,0.2658664
0,0.26254565
0,0.26934642
0,0.26644433
0,0.26824772
0,0.27418983
0,0.26726416
0,0.2700704
0,0.2732366
0,0.26501805
0,0.26742324
0,0.26231065
0,0.2655185
0,0.2617803
0,0.26432312
0,0.293278
0,0.28352734
0,0.28977358
0,0.278438
0,0.28117204
0,0.27283567
0,0.28495842
0,0.27747154
0,0.26747787
0,0.27260625
0,0.2643592
0,0.26407248
0,0.26469928
0,0.26684052
0,0.2591302
0,0.2773411
0,0.27331626
0,0.2775384
0,0.26371214
0,0.26316845
0,0.2684231
0,0.26253885
0,0.29288828
0,0.29164112
0,0.27206045
0,0.26678178
0,0.2700077
0,0.2624704
0,0.25700328
0,0.26213527
0,0.2663896
0,0.27158305
0,0.2632892
0,0.26276186
0,0.26548827
0,0.269574
0,0.29219612
0,0.29430267
0,0.28306878
0,0.28584644
0,0.27827758
0,0.27682427
0,0.2733494
0,0.27283525
0,0.26973444
0,0.27153823
0,0.26823995
0,0.26935974
0,0.2717011
0,0.27025422
0,0.26799792
0,0.26817456
0,0.26550862
0,0.26620302
0,0.26482147
0,0.26564676
0,0.2643452
0,0.26671544
0,0.25483972
0,0.26104528
0,0.2609696
0,0.2620487
0,0.26124853
0,0.26233673
0,0.26159286
0,0.26422372
0,0.26071143
0,0.26151285
0,0.26032123
0,0.26700845
0,0.27371287
0,0.27168685
0,0.27467963
0,0.26816708
0,0.27160195
0,0.28185144
0,0.2799846
0,0.27465478
0,0.28486285
0,0.28930175
0,0.2777787
0,0.30961284
0,0.2871553
0,0.2898121
0,0.27442363
0,0.27077362
0,0.2779677
0,0.27264875
0,0.29237396
0,0.29420793
0,0.28572282
0,0.28450087
0,0.2640629
0,0.264253
0,0.2628181
0,0.2769029
0,0.27492386
0,0.27084264
0,0.27696326
0,0.26819846
0,0.27397177
0,0.28699893
0,0.27186212
0,0.2832397
0,0.38708866
0,0.32882783
0,0.303712
0,0.29672801
0,0.30073893
0,0.29531536
0,0.27250624
0,0.2694756
0,0.27773482
0,0.26540786
0,0.2691149
0,0.27135053
0,0.2708961
0,0.26944613
0,0.25715104
0,0.2677995
0,0.25754803
0,0.26460958
0,0.26654753
0,0.27392843
0,0.27061793
0,0.2709489
0,0.26652637
0,0.26849777
0,0.26635918
0,0.26711902
0,0.26793984
0,0.27204943
0,0.2640951
0,0.2722112
0,0.26237175
0,0.2653626
0,0.2619249
0,0.26527357
0,0.26092598
0,0.26271158
0,0.25990897
0,0.26641914
0,0.26190987
0,0.26393247
0,0.2614482
0,0.2621685
0,0.25888878
0,0.26467174
0,0.25978684
0,0.2610339
0,0.25872013
0,0.27081633
0,0.26163027
0,0.27361467
0,0.2668797
0,0.26388294
0,0.25900427
0,0.2595553
0,0.26653317
0,0.2627998
0,0.2577232
0,0.25831646
0,0.26498654
0,0.26112777
0,0.26607284
0,0.26863083
0,0.25653592
0,0.26223212
0,0.2939737
0,0.28409532
0,0.2782971
0,0.26891568
0,0.26215118
0,0.2611509
0,0.26597536
0,0.2652896
0,0.2667799
0,0.2614297
0,0.2653088
0,0.25879592
0,0.26382864
0,0.25721374
0,0.26995352
0,0.25934333
0,0.26297882
0,0.2614483
0,0.26324624
0,0.26658192
0,0.2646953
0,0.26891693
0,0.26608306
0,0.2688895
0,0.26566166
0,0.27917278
0,0.26701733
0,0.26441827
0,0.2637613
0,0.26694053
0,0.2695361
0,0.27305618
0,0.266774
0,0.26764393
0,0.2776687
0,0.27069142
0,0.2572561
0,0.26122814
0,0.25885516
0,0.2716728
0,0.26408407
0,0.26634476
0,0.26101208
0,0.2628314
0,0.2709586
0,0.26487166
0,0.27209944
0,0.27554333
0,0.27816594
0,0.26978943
0,0.2605283
0,0.26195908
0,0.25234005
0,0.2709322
0,0.2703153
0,0.27889472
0,0.26399505
0,0.26389608
0,0.2699224
0,0.2630984
0,0.28055575
0,0.26708043
0,0.25994495
0,0.2672682
0,0.2688716
0,0.27268574
0,0.27249736
0,0.26394805
0,0.26898405
0,0.2614089
0,0.2563618
0,0.2550655
0,0.2633275
0,0.2565631
0,0.263238
0,0.25710768
0,0.26388305
0,0.25727895
0,0.26304588
0,0.25602582
0,0.26164597
0,0.2666245
0,0.26558796
0,0.26954696
0,0.27911377
0,0.266861
0,0.26808608
0,0.27016938
0,0.26845542
0,0.27010942
0,0.26771894
0,0.2676223
0,0.266898
0,0.26859236
0,0.2667191
0,0.26854983
0,0.26602185
0,0.2675392
0,0.26578584
0,0.26767412
0,0.2650519
0,0.26726565
0,0.26833484
0,0.26747492
0,0.2654083
0,0.27904797
0,0.25962484
0,0.26029912
0,0.26192558
0,0.2641051
0,0.27038494
0,0.26695612
0,0.26505366
0,0.2782347
0,0.2673892
0,0.26918516
0,0.26488543
0,0.25954312
0,0.26049012
0,0.2613672
0,0.2594322
0,0.26073718
0,0.27429017
0,0.2655523
0,0.26094493
0,0.26356733
0,0.27165344
0,0.2654754
0,0.3698703
0,0.30203474
0,0.29539865
0,0.29305455
0,0.2752975
0,0.2716713
0,0.26423213
0,0.2634872
0,0.26895913
0,0.26417467
0,0.2694801
0,0.2733502
0,0.2726536
0,0.26653808
0,0.26906973
0,0.27395505
0,0.26011413
0,0.26009107
0,0.26608917
0,0.26003513
0,0.26503912
0,0.2637868
0,0.26581886
0,0.2720999
0,0.26915786
0,0.26276058
0,0.2664601
0,0.2589263
0,0.2639137
0,0.2678599
0,0.2564323
0,0.26529694
0,0.26495594
0,0.26783186
0,0.27166918
0,0.27205515
0,0.26862028
0,0.27086
0,0.26728925
0,0.2692272
0,0.26565745
0,0.26761457
0,0.2788904
0,0.27275458
0,0.26769075
0,0.26884302
0,0.25971198
0,0.2645259
0,0.2623545
0,0.27323562
0,0.2782774
0,0.27272722
0,0.26594028
0,0.26778096
0,0.26376733
0,0.26500905
0,0.26054916
0,0.2625486
0,0.2708418
0,0.26609004
0,0.27403653
0,0.2677548
0,0.26267555
0,0.26368898
0,0.25888515
0,0.26057783
0,0.25717467
0,0.25859222
0,0.25526515
0,0.2603115
0,0.26702428
0,0.26160687
0,0.2541783
0,0.2569273
0,0.24864483
0,0.25351173
0,0.24533807
0,0.25116667
0,0.2680328
0,0.2733778
0,0.270985
0,0.26916683
0,0.2703
0,0.26224846
0,0.26822436
0,0.26445797
0,0.26689827
0,0.25993055
0,0.25409904
0,0.2541188
0,0.24687585
0,0.24994074
0,0.26254833
0,0.25378326
0,0.26004386
0,0.25314704
0,0.2594438
0,0.2534519
0,0.25914568
0,0.25376764
0,0.25889054
0,0.26443782
0,0.26233962
0,0.25535265
0,0.2634784
0,0.265869
0,0.25248468
0,0.26316017
0,0.26150075
0,0.25899538
0,0.25872985
0,0.2630618
0,0.25906575
0,0.26234195
0,0.25953293
0,0.2625343
0,0.25984323
0,0.26761684
0,0.26116905
0,0.26428297
0,0.2597663
0,0.26250926
0,0.2524028
0,0.25963172
0,0.2554395
0,0.2598443
0,0.25776666
0,0.26055798
0,0.2559311
0,0.25938982
0,0.2552844
0,0.262677
0,0.26333827
0,0.26312578
0,0.2672356
0,0.26326743
0,0.26759326
0,0.26049158
0,0.25553468
0,0.27189222
0,0.269109
0,0.264232
0,0.25686106
0,0.26946217
0,0.25623304
0,0.26893762
0,0.26729083
0,0.27377862
0,0.27219504
0,0.26463318
0,0.2664615
0,0.26187766
0,0.2540571
0,0.25580555
0,0.25939998
0,0.25528818
0,0.25680456
0,0.2549618
0,0.25900877
0,0.2556872
0,0.26339516
0,0.26993206
0,0.2536379
0,0.266285
0,0.26372418
0,0.25871688
0,0.26012272
0,0.27068043
0,0.2747348
0,0.26189473
0,0.2809983
0,0.28518924
0,0.2952505
0,0.336546
0,0.3089153
0,0.29668254
0,0.28122303
0,0.28011963
0,0.27101827
0,0.27351272
0,0.26643118
0,0.27081627
0,0.26679155
0,0.27091205
0,0.28901312
0,0.29229903
0,0.29212126
0,0.305281
0,0.2995623
0,0.2914463
0,0.29862
0,0.3138226
0,0.29153728
0,0.2838758
0,0.27338794
0,0.27228594
0,0.2784459
0,0.2802775
0,0.2835014
0,0.27815703
0,0.26673615
0,0.268118
0,0.2607175
0,0.26326117
0,0.2707712
0,0.26189375
0,0.27645808
0,0.27481687
0,0.27344885
0,0.26854235
0,0.2727325
0,0.26683727
0,0.26471114
0,0.27966824
0,0.26299146
0,0.27563298
0,0.27066642
0,0.27134734
0,0.27630135
0,0.26637328
0,0.26801965
0,0.28476787
0,0.2729078
0,0.2661779
0,0.26869687
0,0.26241335
0,0.26742014
0,0.26075768
0,0.26339772
0,0.27364028
0,0.26677093
0,0.27219525
0,0.25784656
0,0.25878114
0,0.26084718
0,0.26646084
0,0.2650601
0,0.2581746
0,0.26050907
0,0.25271043
0,0.26075524
0,0.2545018
0,0.25696352
0,0.2527685
0,0.25542122
0,0.26397398
0,0.25919
0,0.26455176
0,0.26022512
0,0.2674762
0,0.26008147
0,0.26489395
0,0.25839508
0,0.26377973
0,0.25784612
0,0.26267475
0,0.25662386
0,0.2619094
0,0.25530976
0,0.2663047
0,0.26848522
0,0.26651168
0,0.25902495
0,0.2922815
0,0.26758268
0,0.2714179
0,0.27427247
0,0.27188635
0,0.26189387
0,0.26786542
0,0.27219597
0,0.2774488
0,0.26269075
0,0.27617103
0,0.261761
0,0.26406795
0,0.26757982
0,0.26733738
0,0.2603215
0,0.26257607
0,0.26968122
0,0.26597655
0,0.26872462
0,0.2593572
0,0.2667609
0,0.26316255
0,0.2689918
0,0.2667827
0,0.26667947
0,0.26358134
0,0.2648943
0,0.26303878
0,0.25951475
0,0.26314008
0,0.25507224
0,0.2569278
0,0.27672938
0,0.26770654
0,0.26889506
0,0.26450685
0,0.2638687
0,0.25974533
0,0.25670925
0,0.2567197
0,0.24955699
0,0.25263065
0,0.25557885
0,0.24680555
0,0.25348836
0,0.26235947
0,0.25838307
0,0.25474203
0,0.42556036
0,0.34657133
0,0.324212
0,0.2935697
0,0.29399252
0,0.27573344
0,0.28163794
0,0.26771054
0,0.26437354
0,0.26932177
0,0.27521
0,0.2775494
0,0.2658993
0,0.2704012
0,0.2627187
0,0.26744255
0,0.26116222
0,0.26623842
0,0.25972524
0,0.26985767
0,0.2714002
0,0.2702527
0,0.2725637
0,0.27479455
0,0.2632947
0,0.26903826
0,0.26059565
0,0.2648595
0,0.2862656
0,0.2788532
0,0.28238353
0,0.27411142
0,0.27434084
0,0.27494082
0,0.27558324
0,0.2707966
0,0.2715291
0,0.26859277
0,0.25908718
0,0.2641203
0,0.2526323
0,0.2607085
0,0.2535916
0,0.26287523
0,0.2660637
0,0.28187072
0,0.27292424
0,0.2681176
0,0.26895258
0,0.26703534
0,0.26022252
0,0.2793285
0,0.27024695
0,0.26635477
0,0.2556327
0,0.2655901
0,0.27625665
0,0.28636596
0,0.29480952
0,0.29756585
0,0.29428476
0,0.27757987
0,0.27437785
0,0.2709111
0,0.26723605
0,0.2634706
0,0.252435
0,0.27464238
0,0.2727272
0,0.2669135
0,0.27817377
0,0.2846979
0,0.2742208
0,0.27737287
0,0.28332368
0,0.26835424
0,0.2663903
0,0.2611349
0,0.256404
0,0.25481012
0,0.25568146
0,0.25371546
0,0.25854963
0,0.25389978
0,0.25656432
0,0.26876053
0,0.26191384
0,0.25696594
0,0.26598442
0,0.27107924
0,0.27265704
0,0.27197728
0,0.2740942
0,0.2733979
0,0.26568815
0,0.270201
0,0.27596813
0,0.27398095
0,0.2631388
0,0.26860303
0,0.27072892
0,0.26871878
0,0.26293534
0,0.26706237
0,0.256139
0,0.2626537
0,0.26802778
0,0.2644581
0,0.2679516
0,0.26930797
0,0.26826778
0,0.26734933
0,0.26417518
0,0.26705828
0,0.26675105
0,0.26450297
0,0.25505742
0,0.25999275
0,0.26297277
0,0.26123485
0,0.2623534
0,0.27735856
0,0.27012083
0,0.26774254
0,0.25932524
0,0.2646272
0,0.25622243
0,0.25834838
0,0.26234728
0,0.27344528
0,0.25825164
0,0.2598546
0,0.25942674
0,0.26920882
0,0.253392
0,0.2566092
0,0.26785216
0,0.26036245
0,0.25913218
0,0.2589168
0,0.25711158
0,0.25701103
0,0.2674791
0,0.2742258
0,0.2584808
0,0.2578846
0,0.26688027
0,0.25865498
0,0.26677713
0,0.2588047
0,0.25528374
0,0.25375935
0,0.25480565
0,0.25210652
0,0.26106972
0,0.25816754
0,0.25522763
0,0.25588742
0,0.2617871
0,0.27637997
0,0.27005357
0,0.26151285
0,0.2658038
0,0.256737
0,0.25206316
0,0.2507778
0,0.25513208
0,0.26056528
0,0.2629194
0,0.26900145
0,0.2596779
0,0.26542658
0,0.26442406
0,0.26939383
0,0.26574823
0,0.26665196
0,0.2698546
0,0.26813063
0,0.26618785
0,0.26619324
0,0.26299906
0,0.26447287
0,0.2533191
0,0.25973633
0,0.30635494
0,0.26658556
0,0.27336976
0,0.26898748
0,0.25856304
0,0.26173052
0,0.25105882
0,0.25866598
0,0.25748697
0,0.26586977
0,0.26578504
0,0.26318374
0,0.27235752
0,0.2651451
0,0.26986492
0,0.2638736
0,0.27356327
0,0.26467693
0,0.26112014
0,0.2600132
0,0.25862813
0,0.26952338
0,0.26063713
0,0.26106864
0,0.26885122
0,0.26489002
0,0.27473137
0,0.26359114
0,0.27269512
0,0.27390742
0,0.27544615
0,0.28734127
0,0.26852804
0,0.27448165
0,0.26331326
0,0.2599594
0,0.26169872
0,0.2569497
0,0.26458576
0,0.2693181
0,0.27371356
0,0.26441455
0,0.2640482
0,0.28255677
0,0.26365855
0,0.26042554
0,0.25533226
0,0.25317302
0,0.26166645
0,0.26467344
0,0.26601595
0,0.26967898
0,0.26271823
0,0.26838958
0,0.26767337
0,0.26830262
0,0.2675955
0,0.26887593
0,0.26692307
0,0.26813903
0,0.26255062
0,0.266763
0,0.26500764
0,0.27289426
0,0.26696014
0,0.26665354
0,0.25531656
0,0.25236878
0,0.25786978
0,0.26000857
0,0.2642126
0,0.26265344
0,0.26739398
0,0.26477903
0,0.2629638
0,0.26333645
0,0.26128665
0,0.26180634
0,0.26133394
0,0.2654397
0,0.26116735
0,0.26073158
0,0.2598597
0,0.27598965
0,0.26393035
0,0.2623422
0,0.27085865
0,0.2681306
0,0.28090546
0,0.2864929
0,0.28185153
0,0.27025118
0,0.26507273
0,0.2614445
0,0.27538592
0,0.27889666
0,0.2596193
0,0.25953275
0,0.2614483
0,0.26289985
0,0.2579883
0,0.25627875
0,0.2544412
0,0.26422969
0,0.2693381
0,0.27193063
0,0.2619888
0,0.25920552
0,0.2550134
0,0.25378805
0,0.26420686
0,0.27132383
0,0.26153308
0,0.26697922
0,0.25705603
0,0.26439634
0,0.26124117
0,0.26520857
0,0.25629434
0,0.2631068
0,0.26628107
0,0.26825914
0,0.26256776
0,0.26549795
0,0.25461373
0,0.2622299
0,0.25714466
0,0.2609836
0,0.25528955
0,0.25996307
0,0.2542807
0,0.2578654
0,0.24766266
0,0.25501317
0,0.24739875
0,0.25532672
0,0.25102282
0,0.25859967
0,0.26310152
0,0.26002648
0,0.2523353
0,0.25721496
0,0.26644367
0,0.2618963
0,0.25172788
0,0.2689301
0,0.25629377
0,0.26822105
0,0.27277738
0,0.26393712
0,0.27351552
0,0.26924157
0,0.2694601
0,0.27457082
0,0.27789226
0,0.27079538
0,0.27760744
0,0.27025893
0,0.2557498
0,0.25801057
0,0.2713564
0,0.27732798
0,0.28044584
0,0.26832867
0,0.27390438
0,0.26494995
0,0.2591056
0,0.26776442
0,0.39481434
0,0.3148907
0,0.30260924
0,0.2924675
0,0.28621724
0,0.27099332
0,0.2795377
0,0.28105658
0,0.27940193
0,0.26544875
0,0.27222547
0,0.28155696
0,0.2599167
0,0.27765557
0,0.2742496
0,0.27709648
0,0.26062983
0,0.2698082
0,0.27101332
0,0.26836056
0,0.27522293
0,0.27004048
0,0.27176246
0,0.27190268
0,0.27031606
0,0.26858428
0,0.26957843
0,0.27917993
0,0.27408832
0,0.27429396
0,0.27054772
0,0.2683794
0,0.26714677
0,0.27805126
0,0.26997173
0,0.2719865
0,0.2683839
0,0.26748443
0,0.27302754
0,0.26755694
0,0.26638487
0,0.28155816
0,0.27182028
0,0.26740873
0,0.27942383
0,0.268924
0,0.2679608
0,0.26657733
0,0.264952
0,0.28830817
0,0.27096316
0,0.2706557
0,0.27936617
0,0.28291216
0,0.27090633
0,0.27684194
0,0.26753822
0,0.27429235
0,0.28184578
0,0.2835598
0,0.29753166
0,0.2748043
0,0.27139905
0,0.27727994
0,0.27963272
0,0.2821983
0,0.2826133
0,0.2678961
0,0.27609164
0,0.27616817
0,0.26654938
0,0.2611624
0,0.29431304
0,0.28060022
0,0.26946723
0,0.27281356
0,0.268277
0,0.26111144
0,0.2655286
0,0.2680681
0,0.2710011
0,0.26003394
0,0.25721258
0,0.2671185
0,0.27412996
0,0.2717548
0,0.26098266
0,0.266175
0,0.27942392
0,0.27314347
0,0.2717845
0,0.27600998
0,0.2738074
0,0.27140987
0,0.27150178
0,0.26995593
0,0.25825793
0,0.26427668
0,0.26057407
0,0.2633246
0,0.26396036
0,0.26412004
0,0.26453635
0,0.26561224
0,0.26473477
0,0.26437458
0,0.26505435
0,0.26398745
0,0.26818573
0,0.26460195
0,0.26387635
0,0.26442903
0,0.2564626
0,0.2642481
0,0.26130256
0,0.26112902
0,0.26045716
0,0.25258598
0,0.2620967
0,0.25913286
0,0.2580283
0,0.25745985
0,0.25813583
0,0.2720717
0,0.2617498
0,0.2607545
0,0.25822195
0,0.2574086
0,0.2564491
0,0.26879078
0,0.26330858
0,0.25931618
0,0.26742667
0,0.290264
0,0.2795656
0,0.26782277
0,0.26422912
0,0.27155888
0,0.2680575
0,0.2611788
0,0.268718
0,0.27135602
0,0.26092932
0,0.25839472
0,0.25550708
0,0.25392896
0,0.26576483
0,0.26930103
0,0.26550138
0,0.2686535
0,0.25844505
0,0.25616628
0,0.25254133
0,0.2780419
0,0.25993684
0,0.2685561
0,0.26805323
0,0.2694604
0,0.25817108
0,0.25521132
0,0.26203462
0,0.26551798
0,0.25684765
0,0.26291096
0,0.26694158
0,0.26625565
0,0.2612799
0,0.2816191
0,0.27630955
0,0.27224445
0,0.25842276
0,0.26431045
0,0.26340434
0,0.26570833
0,0.26270992
0,0.26422578
0,0.26303527
0,0.26374647
0,0.25700456
1,0.2665991
1,0.26614332
1,0.27537563
1,0.26666087
1,0.2651871
1,0.26330385
1,0.2665888
1,0.26164842
1,0.25597864
1,0.26836282
1,0.26342252
1,0.26048464
1,0.26791915
1,0.26455417
1,0.26197934
0,0.8817317
0,0.6597391
0,0.5775895
0,0.5623604
0,0.4910035
0,0.44218305
0,0.3913918
0,0.3325542
0,0.30054834
0,0.24780571
0,0.21474558
0,0.20188874
0,0.17536463
0,0.15786956
0,0.14660576
0,0.14468537
0,0.14109428
0,0.13588059
0,0.13611647
0,0.147281
0,0.15639453
0,0.16755103
0,0.17689052
0,0.18897204
0,0.20886186
0,0.2164479
0,0.24066715
0,0.24580711
0,0.2521611
0,0.26716235
0,0.27635002
0,0.2744864
0,0.27319154
0,0.27204213
0,0.26990673
0,0.2803063
0,0.27226475
0,0.27078137
0,0.2716226
0,0.2709681
0,0.2682071
0,0.26653534
0,0.2658724
0,0.26566276
0,0.26660848
0,0.26513413
0,0.26452872
0,0.27581516
0,0.26778227
0,0.27583706
0,0.26827642
0,0.27364576
0,0.2702599
0,0.26614788
0,0.26415673
0,0.26243448
0,0.26129493
0,0.29124993
0,0.28379312
0,0.2887831
0,0.2712946
0,0.26779723
0,0.27531177
0,0.26616606
0,0.2695124
0,0.2635473
0,0.27157843
0,0.26496848
0,0.27605274
0,0.26490766
0,0.28452852
0,0.27818933
0,0.25772423
0,0.2705349
0,0.2717196
0,0.26290432
0,0.25994766
0,0.26936907
0,0.26018205
0,0.25770962
0,0.26783466
0,0.25833887
0,0.2601896
0,0.25785387
0,0.26870078
0,0.26094142
0,0.25945136
0,0.25539023
0,0.2524098
0,0.2516354
0,0.25340536
0,0.2613127
0,0.25321165
0,0.25137645
0,0.2606267
0,0.2527589
0,0.26189324
0,0.2643658
0,0.27203965
0,0.27257752
0,0.27016008
0,0.28330854
0,0.26260737
0,0.28477243
0,0.2741294
0,0.27163714
0,0.26922852
0,0.26922175
0,0.26873997
0,0.26799035
0,0.26913142
0,0.28132337
0,0.2645745
0,0.2661305
0,0.2649998
0,0.26484907
0,0.26507202
0,0.2640205
0,0.26712415
0,0.26497987
0,0.28042
0,0.27016214
0,0.2664298
0,0.2655901
0,0.26621264
0,0.2655485
0,0.26470718
0,0.26330802
0,0.2603788
0,0.26152325
0,0.27122745
0,0.2641976
0,0.26225668
0,0.26104096
0,0.26968956
0,0.26462814
0,0.26112744
0,0.2606878
0,0.27060238
0,0.26273543
0,0.27191937
0,0.2802261
0,0.26819873
0,0.2696156
0,0.25862283
0,0.26597553
0,0.2755352
0,0.2649172
0,0.26982322
0,0.302091
0,0.29331648
0,0.29170436
0,0.27608585
0,0.28174195
0,0.2726207
0,0.2772753
0,0.2643249
0,0.26015022
0,0.25938332
0,0.256643
0,0.25639904
0,0.27699363
0,0.25668404
0,0.2545638
0,0.2525005
0,0.2611121
0,0.26336196
0,0.27373633
0,0.2731299
0,0.261255
0,0.2674977
0,0.269352
0,0.25741044
0,0.26400223
0,0.2733571
0,0.28280112
0,0.27500698
0,0.277505
0,0.27171522
0,0.26962322
0,0.2771967
0,0.27152053
0,0.26390797
0,0.26659828
0,0.26580304
0,0.26479527
0,0.2650422
0,0.2684484
0,0.26537216
0,0.27581537
0,0.26199734
0,0.2665832
0,0.25749886
0,0.26069862
0,0.25629845
0,0.25951248
0,0.25505972
0,0.25957808
0,0.25435778
0,0.2592013
0,0.26428103
0,0.27493897
0,0.28071967
0,0.28364465
0,0.28200847
0,0.2825165
0,0.27145207
0,0.2812186
0,0.2617867
0,0.2623928
0,0.26872033
0,0.26357126
0,0.25506637
0,0.25909084
0,0.2516062
0,0.25450382
0,0.24873348
0,0.25278914
0,0.26309067
0,0.2677231
0,0.272462
0,0.27403498
0,0.27420047
0,0.26497558
0,0.26405033
0,0.27235287
0,0.25909635
0,0.25916427
0,0.25074694
0,0.2648429
0,0.266424
0,0.2585821
0,0.25031307
0,0.25191516
0,0.26110646
0,0.25381804
0,0.24595153
0,0.24798165
0,0.2588741
0,0.26978183
0,0.26711047
0,0.25759408
0,0.26392567
0,0.25642458
0,0.26277396
0,0.26544875
0,0.25229913
0,0.261476
0,0.24618304
0,0.25909066
0,0.2558941
0,0.26092383
0,0.26417902
0,0.26541585
0,0.2576285
0,0.26199278
0,0.261322
0,0.2640288
0,0.2526628
0,0.2602487
0,0.26053637
0,0.262772
0,0.26409915
0,0.26375195
0,0.2622202
0,0.26559222
0,0.26299292
0,0.2637115
0,0.27451888
0,0.3605494
0,0.30936164
0,0.29469323
0,0.28190655
0,0.27676383
0,0.2706979
0,0.26949775
0,0.26555964
0,0.26523423
0,0.2623983
0,0.2628675
0,0.26584062
0,0.26319584
0,0.26028013
0,0.26224256
0,0.25857586
0,0.25900552
0,0.2697641
0,0.27944964
0,0.26563823
0,0.29018432
0,0.27058214
0,0.2662795
0,0.26994058
0,0.27965632
0,0.26492155
0,0.26245666
0,0.2703249
0,0.2626166
0,0.25882873
0,0.2736491
0,0.27123576
0,0.26271716
0,0.25860673
0,0.26807842
0,0.25716802
0,0.25932765
0,0.26495767
0,0.26845562
0,0.2526665
0,0.25341567
0,0.26065254
0,0.25513682
0,0.26259458
0,0.26631168
0,0.26617667
0,0.25812972
0,0.26450944
0,0.2561832
0,0.26154822
0,0.26412234
0,0.26438898
0,0.266552
0,0.26463303
0,0.26641777
0,0.2653381
0,0.26714203
0,0.31240353
0,0.28522012
0,0.2774054
0,0.2753643
0,0.26499453
0,0.26928282
0,0.27039218
0,0.26847032
0,0.25883043
0,0.26555103
0,0.26243514
0,0.26363948
0,0.27323207
0,0.26807663
0,0.3664212
0,0.28746054
0,0.28240207
0,0.2783191
0,0.27553862
0,0.27097026
0,0.26580465
0,0.2651504
0,0.2584803
0,0.26154035
0,0.25606883
0,0.2625081
0,0.26948562
0,0.26377133
0,0.26521537
0,0.26281756
0,0.2704753
0,0.27469507
0,0.26472723
0,0.2630774
0,0.2645655
0,0.27311745
0,0.27228072
0,0.26947546
0,0.271642
0,0.27483422
0,0.25954077
0,0.2602167
0,0.25536126
0,0.27056372
0,0.2667681
0,0.26059356
0,0.26526228
0,0.2715277
0,0.26824892
0,0.27134034
0,0.26856714
0,0.2602932
0,0.2650967
0,0.25797048
0,0.2626894
0,0.2671889
0,0.26579925
0,0.25809428
0,0.2653439
0,0.26733485
0,0.28418037
0,0.26359034
0,0.26636103
0,0.26771346
0,0.26609161
0,0.27378616
0,0.26759943
0,0.2684853
0,0.26504412
0,0.2642064
0,0.26327825
0,0.26810265
0,0.26917216
0,0.26832548
0,0.27130583
0,0.2681917
0,0.25504583
0,0.2624014
0,0.26045302
0,0.26769888
0,0.26148558
0,0.26677588
0,0.26088676
0,0.26330692
0,0.26605523
0,0.26365483
0,0.253715
0,0.2608508
0,0.26816964
0,0.2741231
0,0.27569106
0,0.27130732
0,0.2626531
0,0.263667
0,0.26642746
0,0.26212838
0,0.26911566
0,0.26268718
0,0.2759324
0,0.27945355
0,0.29904178
0,0.29775125
0,0.2744241
0,0.2816234
0,0.27739766
0,0.28656146
0,0.26872024
0,0.2659346
0,0.25630224
0,0.2567772
0,0.25387272
0,0.26583478
0,0.26660284
0,0.25879842
0,0.26482776
0,0.2653936
0,0.26721683
0,0.26260173
0,0.25566337
0,0.25327116
0,0.26204544
0,0.26943475
0,0.26707342
0,0.27069417
0,0.2681581
0,0.270833
0,0.27321872
0,0.27628392
0,0.27115294
0,0.27045164
0,0.26810524
0,0.26941815
0,0.2582754
0,0.275442
0,0.25668883
0,0.26329038
0,0.2787256
0,0.26988396
0,0.26861662
0,0.26796094
0,0.2704696
0,0.2672411
0,0.26439953
0,0.2647753
0,0.26519018
0,0.2639776
0,0.2653387
0,0.2637818
0,0.2673406
0,0.2649328
0,0.2600557
0,0.3396086
0,0.29097238
0,0.28796858
0,0.28671086
0,0.2787586
0,0.2703711
0,0.27907306
0,0.27854934
0,0.28450862
0,0.2700469
0,0.2781801
0,0.28281063
0,0.28242338
0,0.27991095
0,0.26942098
0,0.27549002
0,0.26636866
0,0.27279398
0,0.2765813
0,0.25971338
0,0.2710394
0,0.26062554
0,0.26298732
0,0.2588509
0,0.26781127
0,0.2607086
0,0.27369097
0,0.27155516
0,0.26340577
0,0.2688867
0,0.2705931
0,0.2597423
0,0.25617406
0,0.27153853
0,0.2697075
0,0.270005
0,0.2633553
0,0.26679528
0,0.2691226
0,0.2688061
0,0.2687435
0,0.26762882
0,0.26861924
0,0.2679249
0,0.26776657
0,0.2678897
0,0.26732093
0,0.26754916
0,0.25745302
0,0.26317346
0,0.26405105
0,0.26553681
0,0.26511112
0,0.2662329
0,0.26604208
0,0.26262078
0,0.26345736
0,0.26373863
0,0.2638861
0,0.26785517
0,0.26053536
0,0.2789168
0,0.27237636
0,0.2580478
0,0.2646632
0,0.26740006
0,0.26409674
0,0.26007125
0,0.26097912
0,0.25956583
0,0.25963297
0,0.26955926
0,0.26262778
0,0.26239997
0,0.2619224
0,0.27255434
0,0.2638285
0,0.2608989
0,0.25930005
0,0.26916972
0,0.26098108
0,0.2697475
0,0.26193422
0,0.26058584
0,0.2708548
0,0.2744453
0,0.27539903
0,0.26611418
0,0.2613878
0,0.25842902
0,0.25598714
0,0.25644013
0,0.2555772
0,0.25318375
0,0.26352513
0,0.26647994
0,0.25735104
0,0.27604285
0,0.27220994
0,0.27257627
0,0.2610798
0,0.25313845
0,0.2521421
0,0.25108248
0,0.25968984
0,0.25582024
0,0.25062263
0,0.24990003
0,0.25781846
0,0.25263345
0,0.25923467
0,0.25240204
0,0.2628013
0,0.26490742
0,0.26394093
0,0.26912937
0,0.26534247
0,0.27265227
0,0.26812705
0,0.2681976
0,0.26617002
0,0.26713693
0,0.2657415
0,0.26972505
0,0.26574054
0,0.26591745
0,0.63461065
0,0.44644248
0,0.37919694
0,0.34067866
0,0.31395712
0,0.29740414
0,0.28552267
0,0.28112838
0,0.27349913
0,0.28040263
0,0.27176136
0,0.2752063
0,0.26744142
0,0.2615345
0,0.2620772
0,0.2519488
0,0.25500548
0,0.2493537
0,0.2512883
0,0.24599496
0,0.24927457
0,0.2540108
0,0.2521059
0,0.25066653
0,0.25101042
0,0.24635093
0,0.250976
0,0.24632435
0,0.25262806
0,0.25547847
0,0.2514788
0,0.24497272
0,0.2641624
0,0.25486824
0,0.26317328
0,0.2780011
0,0.2684486
0,0.2728601
0,0.26072732
0,0.26878256
0,0.27335975
0,0.2555566
0,0.25388265
0,0.26310575
0,0.26420113
0,0.26834154
0,0.2704745
0,0.2556705
0,0.26455852
0,0.25502554
0,0.26271775
0,0.2540417
0,0.26091984
0,0.24629782
0,0.25632808
0,0.26170373
0,0.26351056
0,0.26621735
0,0.2651444
0,0.26636705
0,0.2660975
0,0.2662521
0,0.26692963
0,0.26743835
0,0.2636144
0,0.2648554
0,0.26302066
0,0.27541837
0,0.26885405
0,0.26686636
0,0.26640376
0,0.26882857
0,0.264616
0,0.26486635
0,0.27855933
0,0.26901805
0,0.26473424
0,0.2648055
0,0.26408577
0,0.2636006
0,0.2608628
0,0.2670612
0,0.26198018
0,0.26268002
0,0.25970578
0,0.2594283
0,0.26997077
0,0.26364264
0,0.27158412
0,0.26334292
0,0.2609515
0,0.26351944
0,0.27580276
0,0.26437116
0,0.26111966
0,0.26945293
0,0.27469403
0,0.26468465
0,0.26125047
0,0.25854623
0,0.2674654
0,0.25450066
0,0.25556365
0,0.25418222
0,0.25298032
0,0.25209856
0,0.25109282
0,0.26104534
0,0.25455385
0,0.2519937
0,0.25128672
0,0.2549223
0,0.25278598
0,0.2551765
0,0.25065938
0,0.26119176
0,0.25202844
0,0.2604998
0,0.2526583
0,0.26356155
0,0.26511264
0,0.26577133
0,0.26797423
0,0.26059806
0,0.26500893
0,0.25958493
0,0.2530312
0,0.25980198
0,0.26300186
0,0.26305574
0,0.26354024
0,0.26884457
0,0.2666638
0,0.26533476
0,0.2660747
0,0.27075905
0,0.26769763
0,0.25794384
0,0.2628503
0,0.26306093
0,0.2638442
0,0.25250113
0,0.26065567
0,0.26010373
0,0.26145545
0,0.26111656
0,0.2613003
0,0.25426397
0,0.25844222
0,0.2593388
0,0.260215
0,0.2785383
0,0.26893264
0,0.2647404
0,0.26414058
0,0.25672606
0,0.26299983
0,0.26066402
0,0.26272264
0,0.25907528
0,0.2715027
0,0.26824957
0,0.28156087
0,0.2851196
0,0.28462207
0,0.2645115
0,0.25761867
0,0.2754972
0,0.27671397
0,0.27739945
0,0.26663217
0,0.27486327
0,0.2808259
0,0.280772
0,0.28258523
0,0.28213203
0,0.2745411
0,0.26596174
0,0.27452832
0,0.28330666
0,0.28597388
0,0.2826113
0,0.26822698
0,0.26402634
0,0.2702655
0,0.26477396
0,0.2710801
0,0.27558234
0,0.2865013
0,0.2695033
0,0.26374188
0,0.2738108
0,0.2897826
0,0.2798134
0,0.29696277
0,0.27344555
0,0.27486145
0,0.27296183
0,0.27740952
0,0.27299467
0,0.27161825
0,0.2720325
0,0.2718384
0,0.2859726
0,0.2807573
0,0.2765882
0,0.27240023
0,0.27679536
0,0.27405694
0,0.27613977
0,0.28701058
0,0.3021104
0,0.29331827
0,0.28565803
0,0.29134235
0,0.28395218
0,0.2817417
0,0.31758657
0,0.3081942
0,0.28885707
0,0.27980784
0,0.2713693
0,0.283844
0,0.2776582
0,0.27629048
0,0.27467212
0,0.27166182
0,0.28195468
0,0.28374618
0,0.2743289
0,0.26273647
0,0.2648445
0,0.27367944
0,0.2698862
0,0.27919674
0,0.26967743
0,0.27464244
0,0.27239165
0,0.2640045
0,0.26260626
0,0.25887892
0,0.26102957
0,0.25758886
0,0.25709167
0,0.25468472
0,0.26523107
0,0.26726574
0,0.26236343
0,0.2700252
0,0.27159876
0,0.2606756
0,0.26558277
0,0.26781225
0,0.27482685
0,0.2947362
0,0.273266
0,0.2739861
0,0.2636728
0,0.26817155
0,0.31950283
0,0.28822863
0,0.28501004
0,0.2774663
0,0.26647663
0,0.2794719
0,0.2885038
0,0.27682203
0,0.26684013
0,0.26841852
0,0.26503152
0,0.26517233
0,0.27169925
0,0.2678698
0,0.2705079
0,0.26914626
0,0.27768075
0,0.27661806
0,0.26576045
0,0.25686222
0,0.2634226
0,0.26166016
0,0.25857547
0,0.25305396
0,0.2597257
0,0.25842026
0,0.2615436
0,0.25626624
0,0.2598752
0,0.25916296
0,0.26162228
0,0.27383423
0,0.2571135
0,0.28292614
0,0.2703471
0,0.2655727
0,0.26818556
0,0.26220354
0,0.26291987
0,0.27077323
0,0.26666135
0,0.27303103
0,0.27015975
0,0.28062004
0,0.270871
0,0.2737693
0,0.26735672
0,0.27303904
0,0.27326536
0,0.26312137
0,0.2647394
0,0.2595957
0,0.27097338
0,0.2708255
0,0.26421735
0,0.26878443
0,0.2630162
0,0.25658777
0,0.26263997
0,0.25508854
0,0.2681815
0,0.26755014
0,0.28580353
0,0.27502248
0,0.2654152
0,0.26914707
0,0.26109037
0,0.26555932
0,0.2591878
0,0.26467934
0,0.27092707
0,0.2692544
0,0.26098418
0,0.26471502
0,0.25863513
0,0.2531493
0,0.25251168
0,0.25820982
0,0.25268272
0,0.258042
0,0.25211325
0,0.2587932
0,0.26257464
0,0.26157364
0,0.266092
0,0.25710547
0,0.26542726
0,0.26823208
0,0.26857382
0,0.2642778
0,0.27039438
0,0.2646323
0,0.26758134
0,0.26292032
0,0.26499167
0,0.26382884
0,0.2569119
0,0.2589572
0,0.26327023
0,0.26952738
0,0.25255072
0,0.2674676
0,0.25848046
0,0.26782942
0,0.2641002
0,0.2699197
0,0.26592562
0,0.26082313
0,0.26415908
0,0.2586215
0,0.25338733
0,0.26774162
0,0.25559536
0,0.26540497
0,0.26238993
0,0.26701197
0,0.25578764
0,0.2649302
0,0.27811557
0,0.26195696
0,0.27165315
0,0.2792495
0,0.27996016
0,0.27612236
0,0.26728138
0,0.27408558
0,0.26473057
0,0.27043426
0,0.2717301
0,0.2699255
0,0.27446333
0,0.28524575
0,0.26940432
0,0.2711879
0,0.2647274
0,0.26702848
0,0.2610792
0,0.2642585
0,0.26558307
0,0.2652439
0,0.25887904
0,0.2627878
0,0.25726336
0,0.2610055
0,0.2550821
0,0.259761
0,0.2689857
0,0.26413697
0,0.26623803
0,0.26400232
0,0.25808516
0,0.24799412
0,0.2648964
0,0.25955468
0,0.26484576
0,0.2609216
0,0.2554409
0,0.26138294
0,0.26892412
0,0.27339232
0,0.27052605
0,0.26606685
0,0.25881246
0,0.26999858
0,0.26859206
0,0.27259466
0,0.26849726
0,0.27429095
0,0.26786238
0,0.26208356
0,0.26457557
0,0.26130918
0,0.2518967
0,0.25776106
0,0.26050103
0,0.26730278
0,0.3128033
0,0.27846742
0,0.28128085
0,0.29908496
0,0.2679509
0,0.2754049
0,0.26909232
0,0.2616814
0,0.25205076
0,0.2561718
0,0.26045048
0,0.26769596
0,0.26175815
0,0.26254675
0,0.25898954
0,0.25440288
0,0.24847178
0,0.24854392
0,0.25415647
0,0.2599188
0,0.2676274
0,0.25621307
0,0.25802982
0,0.26381588
0,0.2595437
0,0.2643949
0,0.26221478
0,0.26393405
0,0.25825694
0,0.26290947
0,0.256675
0,0.2501593
0,0.2625706
0,0.2609066
0,0.2555081
0,0.26077676
0,0.2544409
0,0.26011762
0,0.2440284
0,0.25580624
0,0.25201967
0,0.25677404
0,0.25128332
0,0.26630288
0,0.25470936
0,0.25773695
0,0.2522984
0,0.2637751
0,0.2644295
0,0.26665717
0,0.26761392
0,0.26349714
0,0.26595086
0,0.26463372
0,0.26705748
0,0.2795278
0,0.25424778
0,0.25821152
0,0.24603273
0,0.2520714
0,0.24226224
0,0.26102516
0,0.2631816
0,0.2575625
0,0.26069784
0,0.25722605
0,0.2556373
0,0.2541337
0,0.25747326
0,0.25548705
0,0.25784522
0,0.2658748
0,0.2615626
0,0.25750333
0,0.2573931
0,0.25477147
0,0.2511438
0,0.26237604
0,0.2592441
0,0.25482005
0,0.25584602
0,0.2536656
0,0.2672727
0,0.25946483
0,0.26153374
0,0.2730095
0,0.27006942
0,0.27065745
0,0.263592
0,0.25803486
0,0.26938137
0,0.25953192
0,0.35046032
0,0.30132005
0,0.27093446
0,0.27645642
0,0.27332598
0,0.27603135
0,0.25383234
0,0.26535308
0,0.26963952
0,0.26798964
0,0.26012483
0,0.2642483
0,0.25804746
0,0.26239583
0,0.2565266
0,0.27671745
0,0.26080033
0,0.27094445
0,0.259256
0,0.2643323
0,0.26596287
0,0.25370798
0,0.26204786
0,0.26093724
0,0.26364243
0,0.26208273
0,0.2536755
0,0.26006937
0,0.2577711
0,0.2593835
0,0.26218557
0,0.25918505
0,0.26160467
0,0.26063406
0,0.26128066
0,0.27064404
0,0.2641525
0,0.26298025
0,0.26347938
0,0.26077792
0,0.2520921
0,0.2571386
0,0.25847858
0,0.25768125
0,0.25324973
0,0.26524588
0,0.25032508
0,0.25558206
0,0.24565248
0,0.24984056
0,0.2525321
0,0.25038847
0,0.25602326
0,0.2630983
0,0.26607642
0,0.2687904
0,0.25063005
0,0.25292757
0,0.25370437
0,0.2576604
0,0.2546978
0,0.25138965
0,0.2520309
0,0.26002908
0,0.26027468
0,0.2524082
0,0.2634119
0,0.2646118
0,0.24834207
0,0.24852654
0,0.24096684
0,0.25462642
0,0.24527387
0,0.2548202
0,0.2567056
0,0.2593621
0,0.26323542
0,0.26423585
0,0.26667973
0,0.26452252
0,0.2686143
0,0.26627186
0,0.2596214
0,0.26222622
0,0.2664442
0,0.26828438
0,0.2862037
0,0.2828844
0,0.2632178
0,0.26609346
0,0.26765487
0,0.26392302
0,0.25634792
0,0.26159784
0,0.26399752
0,0.26057547
0,0.2636801
0,0.26042536
0,0.25245944
0,0.26828155
0,0.2695987
0,0.26431087
0,0.25555462
0,0.26859146
0,0.2648195
0,0.2755494
0,0.25722593
0,0.25817874
0,0.2616296
0,0.26883215
0,0.26526722
0,0.2710853
0,0.28087795
0,0.26651573
0,0.26737735
0,0.2609052
0,0.26087555
0,0.26717234
0,0.26285648
0,0.26810417
0,0.26299652
0,0.25772095
0,0.25813198
0,0.2542869
0,0.26761842
0,0.25711116
0,0.26777354
0,0.25742078
0,0.26908153
0,0.2635972
0,0.25967717
0,0.2652024
0,0.2592768
0,0.25484633
0,0.25448203
0,0.25227007
0,0.26339424
0,0.26314333
0,0.25818998
0,0.26280132
0,0.2669243
0,0.2695251
0,0.27046925
0,0.26837492
0,0.27087
0,0.26885584
0,0.27158427
0,0.26791674
0,0.259255
0,0.26218897
0,0.2549684
0,0.26109037
0,0.2647652
0,0.26254338
0,0.26183188
0,0.26214185
0,0.26538676
0,0.26298082
0,0.26546475
0,0.26297593
0,0.25520098
0,0.25980085
0,0.2522314
0,0.25800043
0,0.26972377
0,0.25628993
0,0.2701161
0,0.26959297
0,0.26725
0,0.2636636
0,0.25375003
0,0.25860435
0,0.24937378
0,0.264636
0,0.2510884
0,0.24750079
0,0.26502123
0,0.25766474
0,0.24935567
0,0.2535342
0,0.24515164
0,0.24920769
0,0.24305883
0,0.24781382
0,0.26145133
0,0.2670303
0,0.27347982
0,0.26181218
0,0.2605096
0,0.2672888
0,0.28381667
0,0.26795736
0,0.2795916
0,0.28151047
0,0.28073078
0,0.27808654
0,0.2695245
0,0.27293608
0,0.2544905
0,0.26941085
0,0.26074463
0,0.25520593
0,0.2561124
0,0.2532888
0,0.263639
0,0.25755978
0,0.26323384
0,0.26723304
0,0.272141
0,0.28110003
0,0.27683544
0,0.281449
0,0.278088
0,0.27559975
0,0.27486223
0,0.27240193
0,0.2617827
0,0.2656967
0,0.26402634
0,0.2650539
0,0.25642884
0,0.26149553
0,0.26447707
0,0.26414606
0,0.27197978
0,0.26637006
0,0.26736945
0,0.26532072
0,0.26678976
0,0.26539093
0,0.25629994
0,0.2604762
0,0.27613255
0,0.27718934
0,0.26596683
0,0.26942688
0,0.26768422
0,0.26481503
0,0.26756164
0,0.26662245
0,0.25432643
0,0.25853598
0,0.24925715
0,0.2634121
0,0.26243028
0,0.27094266
0,0.26518953
0,0.26235068
0,0.26139894
0,0.25958133
0,0.2597078
0,0.25787184
0,0.26080254
0,0.2925998
0,0.27114606
0,0.27676016
0,0.26713896
0,0.2631864
0,0.261505
0,0.25961697
0,0.25843418
0,0.2565988
0,0.25566623
0,0.2546438
0,0.26512727
0,0.26830238
0,0.26139224
0,0.25741574
0,0.2675489
0,0.25860745
0,0.26213762
0,0.256497
0,0.2551738
0,0.2530542
0,0.25216526
0,0.26258424
0,0.2543495
0,0.25610933
0,0.25458997
0,0.26184845
0,0.26085943
0,0.25790146
0,0.2589146
0,0.25395578
0,0.25150666
0,0.26018912
0,0.2551354
0,0.2615403
0,0.25468227
0,0.26136208
0,0.27530047
0,0.26963416
0,0.25959626
0,0.27596548
0,0.29094622
0,0.27736413
0,0.27348703
0,0.2716655
0,0.27055994
0,0.26866254
0,0.25693825
0,0.2632798
0,0.27555028
0,0.26814914
0,0.26950112
0,0.266933
0,0.26719353
0,0.26747414
0,0.25492048
0,0.26061252
0,0.26754427
0,0.2635924
0,0.26455945
0,0.2531607
0,0.2596475
0,0.26123643
0,0.26397625
0,0.2619326
0,0.26180655
0,0.26098108
0,0.2614501
0,0.26142707
0,0.25092354
0,0.2435412
0,0.24183658
0,0.25911942
0,0.25883
0,0.25555268
0,0.26765805
0,0.27787894
0,0.27716136
0,0.2656647
0,0.26357722
0,0.27024913
0,0.25323308
0,0.2675791
0,0.25601593
0,0.26789713
0,0.2722265
0,0.2603047
0,0.26442486
0,0.2572886
0,0.24750091
0,0.24853803
0,0.2455101
0,0.2584551
0,0.26536024
0,0.2566464
0,0.25402626
0,0.25200677
0,0.26066324
0,0.2624981
0,0.27159432
0,0.25348344
0,0.25463086
0,0.26243144
0,0.2547148
0,0.26183575
0,0.25229976
0,0.25934204
0,0.26273274
0,0.2764328
0,0.27200845
0,0.25958306
0,0.2660313
0,0.26938522
0,0.29000178
0,0.28013387
0,0.27743652
0,0.27034882
0,0.2693714
0,0.27056664
0,0.2984087
0,0.2839418
0,0.2860727
0,0.28295648
0,0.27360395
0,0.27973175
0,0.28040284
0,0.27946007
0,0.2723664
0,0.27838808
0,0.26568115
0,0.26020417
0,0.2685923
0,0.2565745
0,0.30145782
0,0.2686927
0,0.26769698
0,0.26257095
0,0.25688294
0,0.2619069
0,0.2736578
0,0.26809743
0,0.26186666
0,0.26565364
0,0.26602086
0,0.26453188
0,0.25687966
0,0.26107013
0,0.2585141
0,0.26041275
0,0.262528
0,0.27275923
0,0.26679313
0,0.2698468
0,0.2672246
0,0.2707293
0,0.27184045
0,0.26646307
0,0.26930192
0,0.26562354
0,0.26493165
0,0.262412
0,0.26238373
0,0.26059327
0,0.24914609
0,0.25453755
0,0.2463528
0,0.25126323
0,0.25821704
0,0.25531667
0,0.25463295
0,0.25813144
0,0.25758618
0,0.25556627
0,0.25613102
0,0.26723036
0,0.259793
0,0.265961
0,0.27205184
0,0.2621375
0,0.25929603
0,0.2570993
0,0.24445245
0,0.26264942
0,0.25839415
0,0.26434734
0,0.26797268
0,0.2630252
0,0.26289248
0,0.25628468
0,0.28246132
0,0.26311874
0,0.2611485
0,0.2558461
0,0.25380304
0,0.2548713
0,0.25176933
0,0.25142616
0,0.24525855
0,0.24741983
0,0.2575212
0,0.25051177
0,0.25961274
0,0.2617551
0,0.2555031
0,0.27735338
0,0.27061254
0,0.2694527
0,0.26367956
0,0.2784349
0,0.27287832
0,0.27029604
0,0.2693702
0,0.2721238
0,0.27107766
0,0.26738137
0,0.26755702
0,0.26501665
0,0.26048222
0,0.26529452
0,0.26431832
0,0.26164427
0,0.26578915
0,0.26208577
0,0.2633304
0,0.26334277
0,0.26319802
0,0.2603304
0,0.2566219
0,0.2577669
0,0.26230213
0,0.25857997
0,0.26335925
0,0.25962538
0,0.2604219
0,0.25896326
0,0.25929236
0,0.258719
0,0.25897992
0,0.25695613
0,0.25720352
0,0.25580162
0,0.257586
0,0.27180117
0,0.2636995
0,0.25922814
0,0.24894355
0,0.26305684
0,0.25801855
0,0.25726146
0,0.26721382
0,0.27236295
0,0.2635072
0,0.25816745
0,0.26841843
0,0.2716778
0,0.26201698
0,0.2680309
0,0.27322233
0,0.27125394
0,0.26237467
0,0.26910046
0,0.2599986
0,0.26601222
0,0.2703083
0,0.2693234
0,0.24987058
0,0.2512138
0,0.25115034
0,0.25986934
0,0.25304165
0,0.2600684
0,0.26410055
0,0.2631904
0,0.25557128
0,0.26152572
0,0.25454843
0,0.26101774
0,0.2662975
0,0.26432595
0,0.25521114
0,0.25980783
0,0.25312606
0,0.24891849
0,0.24660511
0,0.25398117
0,0.25920758
0,0.2619526
0,0.26192
0,0.2609196
0,0.2621092
0,0.26178837
0,0.26300308
0,0.26239887
0,0.2635261
0,0.26084295
0,0.25098345
0,0.25642326
0,0.25797787
0,0.25794294
0,0.25819343
0,0.25753552
0,0.25440034
0,0.25582603
0,0.24708278
0,0.25227576
0,0.25336784
0,0.255291
0,0.255236
0,0.25892475
0,0.2568245
0,0.255873
0,0.25232467
0,0.25384948
0,0.25393355
0,0.2551538
0,0.2583843
0,0.25522432
0,0.26597452
0,0.264625
0,0.2591395
0,0.26920468
0,0.2685694
0,0.2713364
0,0.25341213
0,0.26722503
0,0.2591172
0,0.25487077
0,0.26301166
0,0.2706639
0,0.2623748
0,0.26194286
0,0.26234925
0,0.25517434
0,0.25423187
0,0.26077378
0,0.2535843
0,0.24431662
0,0.24704418
0,0.25566596
0,0.24965762
0,0.24700134
0,0.25932387
0,0.2619646
0,0.26382104
0,0.26300046
0,0.26453766
0,0.26322287
0,0.25338382
0,0.2588008
0,0.26121715
0,0.26299936
0,0.2642076
0,0.2622282
0,0.2529248
0,0.26816213
0,0.25378913
0,0.26203656
0,0.25484183
0,0.2570576
0,0.24895719
0,0.2547106
0,0.25671974
0,0.25594574
0,0.25820622
0,0.25637457
0,0.25828382
0,0.25694975
0,0.24868442
0,0.25661546
0,0.25871792
0,0.26153672
0,0.2510882
0,0.2555101
0,0.27972558
0,0.27046198
0,0.25774145
0,0.28023276
0,0.2559167
0,0.2566843
0,0.24873117
0,0.2509397
0,0.259034
0,0.25438794
0,0.25414243
0,0.25331563
0,0.2652147
0,0.26748323
0,0.24935809
0,0.26281285
0,0.2570722
0,0.25470906
0,0.2529365
0,0.2615426
0,0.25094798
0,0.25063288
0,0.26273376
0,0.25341365
0,0.25539127
0,0.2635967
0,0.2578012
0,0.26294488
0,0.24812979
0,0.25962943
0,0.27247876
0,0.25624976
0,0.26630023
0,0.25465667
0,0.2667754
0,0.25428957
0,0.25713375
0,0.26557338
0,0.26628047
0,0.2644131
0,0.26664102
0,0.2570749
0,0.255993
0,0.25939023
0,0.26334003
0,0.2625015
0,0.25438705
0,0.25920573
0,0.2577095
0,0.26004633
0,0.25178927
0,0.26227143
0,0.2620744
0,0.26140282
0,0.2557671
0,0.25878477
0,0.25087732
0,0.26101053
0,0.26259482
0,0.26607868
0,0.26383594
0,0.2630973
0,0.27808696
0,0.26609525
0,0.26631832
0,0.26385587
0,0.26279554
0,0.26072717
0,0.25460932
0,0.25682262
0,0.25763255
0,0.25754178
0,0.25779477
0,0.26132372
0,0.25942042
0,0.2678684
0,0.26206902
0,0.2600332
0,0.2596572
0,0.25756854
0,0.25845113
0,0.25694656
0,0.25608513
0,0.25574717
0,0.2571063
0,0.26129743
0,0.25750738
0,0.25488386
0,0.24919622
0,0.25092533
0,0.25215825
0,0.2518022
0,0.25317982
0,0.25127202
0,0.2622172
0,0.26660317
0,0.25773397
0,0.2694423
0,0.25932157
0,0.25581795
0,0.25459504
0,0.25194535
0,0.26325846
0,0.26565683
0,0.26732677
0,0.27240783
0,0.27160576
0,0.27702376
0,0.2675434
0,0.26913366
0,0.27401888
0,0.27171454
0,0.27219728
0,0.25881076
0,0.26588637
0,0.2541091
0,0.2521861
0,0.24781305
0,0.25409818
0,0.26898316
0,0.25490582
0,0.26162007
0,0.2638409
0,0.26267162
0,0.24921513
0,0.26466417
0,0.26311567
0,0.26195064
0,0.25905746
0,0.26539922
0,0.26442835
0,0.262334
0,0.25330427
0,0.2571396
0,0.2599447
0,0.26213548
0,0.26184285
0,0.25900355
0,0.25259304
0,0.2594188
0,0.26724446
0,0.26136938
0,0.26128694
0,0.260893
0,0.2597914
0,0.27227178
0,0.26579785
0,0.2603371
0,0.2495655
0,0.2521029
0,0.2587435
0,0.26453966
0,0.2608218
0,0.26795033
0,0.2637238
0,0.25827283
0,0.25806195
0,0.2718354
0,0.26159316
0,0.26775712
0,0.2607678
0,0.26681143
0,0.2595968
0,0.25850263
0,0.2562996
0,0.26240072
0,0.28437224
0,0.28139096
0,0.29384348
0,0.31547165
0,0.30264258
0,0.30266473
0,0.3290776
0,0.32418662
0,0.33085227
0,0.3327823
0,0.294766
0,0.2903723
0,0.28553447
0,0.28463382
0,0.29042375
0,0.28416553
0,0.28226507
0,0.27967894
0,0.30445015
0,0.29515243
0,0.29071885
0,0.30116123
0,0.29582036
0,0.28286797
0,0.27192086
0,0.26531303
0,0.25958434
0,0.26897088
0,0.28149256
0,0.27737984
0,0.29536435
0,0.30346966
0,0.29282036
0,0.29500324
0,0.2732031
0,0.29445195
0,0.29865727
0,0.30318075
0,0.387495
0,0.33262667
0,0.32195193
0,0.30119917
0,0.30254257
0,0.30367067
0,0.28351372
0,0.27686477
0,0.28455397
0,0.27370256
0,0.26799747
0,0.26571226
0,0.2595245
0,0.27648264
0,0.26858094
0,0.28578892
0,0.27003872
0,0.27785861
0,0.27049172
0,0.2982932
0,0.28681305
0,0.27243605
0,0.27875447
0,0.27739725
0,0.26886076
0,0.2640804
0,0.2600067
0,0.25901982
0,0.2513872
0,0.26884338
0,0.25303108
0,0.25584456
0,0.25564843
0,0.26447922
0,0.26811522
0,0.27193692
0,0.26391304
0,0.2711525
0,0.27208745
0,0.27430773
0,0.2685376
0,0.2741718
0,0.27303642
0,0.275557
0,0.26960376
0,0.27608308
0,0.26275048
0,0.26886997
0,0.25891423
0,0.266355
0,0.27738371
0,0.27269542
0,0.27057868
0,0.25988525
0,0.26454276
0,0.27757984
0,0.2728936
0,0.2775506
0,0.27534452
0,0.27416262
0,0.27075845
0,0.2616146
0,0.2555568
0,0.2794345
0,0.27174467
0,0.25806022
0,0.26272434
0,0.26344803
0,0.26217508
0,0.2743357
0,0.25486064
0,0.26609582
0,0.26191676
0,0.26554862
0,0.26495016
0,0.27809906
0,0.28928325
0,0.27951372
0,0.27654237
0,0.26989597
0,0.26663896
0,0.26575905
0,0.26512188
0,0.26395226
0,0.26600227
0,0.26301417
0,0.27065462
0,0.2530461
0,0.25757742
0,0.25735107
0,0.2602411
0,0.25771254
0,0.2833957
0,0.2724723
0,0.2636717
0,0.26168558
0,0.2689357
0,0.26471007
0,0.26945055
0,0.2607412
0,0.25599852
0,0.25612423
0,0.25368702
0,0.2624868
0,0.27398503
0,0.27076516
0,0.27421662
0,0.262816
0,0.2580603
0,0.27112937
0,0.2635982
0,0.26728538
0,0.26216018
0,0.25506803
0,0.26337656
0,0.26841837
0,0.2579852
0,0.25359866
0,0.25123793
0,0.25853512
0,0.2577639
0,0.2613661
0,0.2525433
0,0.25821579
0,0.26375902
0,0.26273543
0,0.48169753
0,0.41584244
0,0.34885788
0,0.32141542
0,0.2925743
0,0.28525725
0,0.28065816
0,0.2875674
0,0.28268993
0,0.27424222
0,0.26304898
0,0.2648817
0,0.2674576
0,0.27554828
0,0.2684394
0,0.2646955
0,0.2657401
0,0.2658458
0,0.26392496
0,0.26060826
0,0.27139595
0,0.2627525
0,0.26135346
0,0.25934476
0,0.25972533
0,0.25760165
0,0.2598403
0,0.25660652
0,0.25908026
0,0.2561232
0,0.258226
0,0.27374494
0,0.2629156
0,0.26514214
0,0.26115054
0,0.2589545
0,0.25943452
0,0.26727998
0,0.2610381
0,0.26853147
0,0.25937325
0,0.26695028
0,0.26264215
0,0.2666232
0,0.26097518
0,0.26571277
0,0.26038647
0,0.26478526
0,0.25888807
0,0.2643412
0,0.25875086
0,0.25422776
0,0.2558501
0,0.26106545
0,0.26585382
0,0.27091637
0,0.2720667
0,0.27446172
0,0.2736038
0,0.26472324
0,0.25917265
0,0.26347047
0,0.25788453
0,0.26140293
0,0.2604722
0,0.24939942
0,0.26124552
0,0.26065153
0,0.25722793
0,0.25926623
0,0.2510465
0,0.25713632
0,0.261168
0,0.26013404
0,0.25012663
0,0.25602072
0,0.2530441
0,0.26887825
0,0.2566276
0,0.26149914
0,0.26172358
0,0.27090582
0,0.2656195
0,0.27729335
0,0.2693957
0,0.26528516
0,0.26558575
0,0.26182818
0,0.26723906
0,0.2615776
0,0.2619587
0,0.25885358
0,0.264398
0,0.26115057
0,0.2564362
0,0.2562591
0,0.25740305
0,0.25551063
0,0.25413063
0,0.2530598
0,0.255423
0,0.2535369
0,0.25427958
0,0.26421884
0,0.25649053
0,0.26598236
0,0.25929824
0,0.26662257
0,0.2702934
0,0.26263714
0,0.265204
0,0.2581645
0,0.25661817
0,0.26769823
0,0.26684123
0,0.27204943
0,0.2721491
0,0.25944105
0,0.25806442
0,0.26288572
0,0.26954606
0,0.2699282
0,0.26280868
0,0.25501135
0,0.2543742
0,0.2503444
0,0.2498643
0,0.25803056
0,0.2799915
0,0.2725204
0,0.26120105
0,0.26930657
0,0.2574143
0,0.2662074
0,0.254632
0,0.25032228
0,0.25960448
0,0.24561422
0,0.26200345
0,0.25937626
0,0.25168547
0,0.25949648
0,0.25295493
0,0.2568313
0,0.25002533
0,0.25539485
0,0.24873401
0,0.24045627
0,0.24169263
0,0.25230923
0,0.25142545
0,0.24752098
0,0.25472507
0,0.25461024
0,0.2516958
0,0.24496189
0,0.2434599
0,0.24926762
0,0.25344026
0,0.25267497
0,0.25963065
0,0.25589892
0,0.25848627
0,0.26660785
0,0.2851242
0,0.28392282
0,0.27482158
0,0.2691516
0,0.28375533
0,0.31668022
0,0.28557718
0,0.2755931
0,0.27712515
0,0.269244
0,0.26986402
0,0.2618643
0,0.25349656
0,0.25026193
0,0.25506344
0,0.2633638
0,0.2585718
0,0.2737628
0,0.26454908
0,0.27011675
0,0.26440293
0,0.2570271
0,0.24720387
0,0.2489054
0,0.2412974
0,0.25537392
0,0.25426018
0,0.26448914
0,0.25741315
0,0.26288235
0,0.25954273
0,0.2550559
0,0.25438568
0,0.25479648
0,0.26318648
0,0.25034618
0,0.25499475
0,0.247813
0,0.2620257
0,0.2626933
0,0.25640136
0,0.25962806
0,0.2650457
0,0.26376483
0,0.25605977
0,0.2601948
0,0.26463446
0,0.26383856
0,0.2678653
0,0.26470283
0,0.25835055
0,0.26438606
0,0.25519797
0,0.25472513
0,0.25004444
0,0.26152506
0,0.25284532
0,0.25383472
0,0.24932542
0,0.25817764
0,0.24965596
0,0.25388843
0,0.2587235
0,0.25721818
0,0.25375894
0,0.25618672
0,0.24847971
0,0.25411493
0,0.24649377
0,0.25231272
0,0.24783328
0,0.24120076
0,0.24090257
0,0.25044984
0,0.25314194
0,0.26419967
0,0.27259713
0,0.26243073
0,0.26392028
0,0.26994914
0,0.2650185
0,0.27159467
0,0.27257514
0,0.2754641
0,0.257916
0,0.25906602
0,0.27020103
0,0.26241153
0,0.27342707
0,0.2630108
0,0.26255125
0,0.273158
0,0.26496735
0,0.27031726
0,0.2680881
0,0.2706245
0,0.26378447
0,0.25850722
0,0.2584583
0,0.26794276
0,0.2610405
0,0.256741
0,0.25562805
0,0.26291803
0,0.25779593
0,0.25336087
0,0.2512224
0,0.2607461
0,0.25992522
0,0.2660758
0,0.25835478
0,0.2652964
0,0.26963294
0,0.2645534
0,0.25972325
0,0.26386374
0,0.25724265
0,0.2551349
0,0.2611199
0,0.2501261
0,0.25128663
0,0.2593282
0,0.26453125
0,0.25822031
0,0.27420735
0,0.2643138
0,0.26378548
0,0.26243016
0,0.273605
0,0.26566592
0,0.27373084
0,0.26595822
0,0.26951024
0,0.26739314
0,0.25632906
0,0.25897035
0,0.250877
0,0.25518355
0,0.26025474
0,0.24738875
0,0.24717547
0,0.25170374
0,0.24643058
0,0.26271334
0,0.2543695
0,0.2551005
0,0.25162473
0,0.2567436
0,0.25641567
0,0.2549396
0,0.2601615
0,0.25635245
0,0.259069
0,0.2573892
0,0.2615954
0,0.25852254
0,0.260058
0,0.25545883
0,0.2513449
0,0.25129336
0,0.2554669
0,0.25205633
0,0.2569997
0,0.26256087
0,0.26052567
0,0.2655655
0,0.25016868
0,0.2514515
0,0.25367934
0,0.2514338
0,0.25739846
0,0.26306283
0,0.25907984
0,0.25904167
0,0.25829434
0,0.27017692
0,0.26616454
0,0.26452133
0,0.26040736
0,0.27220723
0,0.2629319
0,0.268863
0,0.26447207
0,0.26180568
0,0.25968185
0,0.25224248
0,0.2546205
0,0.26092136
0,0.26805744
0,0.26729387
0,0.27334654
0,0.28825325
0,0.26937398
0,0.28037062
0,0.26921585
0,0.26907048
0,0.26205128
0,0.2677324
0,0.2712145
0,0.27887565
0,0.2762567
0,0.2741032
0,0.2633096
0,0.27235094
0,0.27524376
0,0.27483615
0,0.27371562
0,0.28475752
0,0.28356084
0,0.27291265
0,0.2619009
0,0.26609266
0,0.27653745
0,0.26937485
0,0.28120285
0,0.30553666
0,0.32215726
0,0.3248139
0,0.3056808
0,0.28968623
0,0.2895376
0,0.27490702
0,0.2848282
0,0.2837216
0,0.28124818
0,0.26976162
0,0.26790804
0,0.27947968
0,0.26076287
0,0.2608591
0,0.26356333
0,0.2615483
0,0.2632524
0,0.2581584
0,0.28444034
0,0.26638386
0,0.26869944
0,0.2695949
0,0.2663401
0,0.2592742
0,0.2756784
0,0.27154967
0,0.2669037
0,0.25942323
0,0.27220845
0,0.2707731
0,0.26133752
0,0.25650382
0,0.2576941
0,0.2633806
0,0.26224837
0,0.25415054
0,0.25084448
0,0.2547005
0,0.24662487
0,0.25721157
0,0.2665631
0,0.25392056
0,0.25521475
0,0.26106295
0,0.26746774
0,0.25670815
0,0.25539497
0,0.2566189
0,0.25652418
0,0.26075724
0,0.2547747
0,0.2586145
0,0.2527695
0,0.26130754
0,0.2545183
0,0.26134223
0,0.26535264
0,0.3135868
0,0.31162342
0,0.28800604
0,0.29944587
0,0.28323063
0,0.2819597
0,0.2729761
0,0.27431688
0,0.27147517
0,0.26644638
0,0.26875594
0,0.25861865
0,0.25995845
0,0.26688597
0,0.26262912
0,0.26871744
0,0.263236
0,0.26873726
0,0.2645231
0,0.25656104
0,0.2527757
0,0.25911263
0,0.2571779
0,0.2606935
0,0.25538492
0,0.25971314
0,0.25561416
0,0.26043454
0,0.27043837
0,0.2647908
0,0.2683072
0,0.26585844
0,0.27200738
0,0.26718378
0,0.25893033
0,0.27321628
0,0.27091077
0,0.48672965
0,0.41294727
0,0.34414503
0,0.32374135
0,0.30337462
0,0.29359317
0,0.2844892
0,0.29154715
0,0.27718955
0,0.27606505
0,0.269892
0,0.27516502
0,0.27292907
0,0.26435995
0,0.26896426
0,0.26701552
0,0.25971356
0,0.2589405
0,0.26130706
0,0.26356554
0,0.25139555
0,0.2609533
0,0.2582515
0,0.2469046
0,0.24483694
0,0.25369284
0,0.25713345
0,0.277277
0,0.26488233
0,0.2649986
0,0.27499685
0,0.26700902
0,0.2675404
0,0.25417298
0,0.26863423
0,0.2630136
0,0.26642135
0,0.2806594
0,0.27109846
0,0.265479
0,0.26168674
0,0.26322702
0,0.25886378
0,0.27225316
0,0.26508406
0,0.2669877
0,0.26231286
0,0.2629299
0,0.25966793
0,0.25850642
0,0.2572368
0,0.2687035
0,0.27048847
0,0.26304623
0,0.25803566
0,0.26090598
0,0.2505219
0,0.27002123
0,0.25470638
0,0.26035103
0,0.25052065
0,0.25226858
0,0.27859312
0,0.28435808
0,0.29459187
0,0.30157113
0,0.28879085
0,0.29123855
0,0.3064557
0,0.33487678
0,0.3571842
0,0.34733346
0,0.36529076
0,0.35910785
0,0.38839424
0,0.42856026
0,0.44377494
0,0.39034504
0,0.3390973
0,0.32735324
0,0.29447028
0,0.24203667
0,0.19942611
0,0.19198684
0,0.16860914
0,0.15994152
0,0.15069056
0,0.14450835
0,0.13466112
0,0.1370158
0,0.14053081
0,0.14768857
0,0.1552111
0,0.16267411
0,0.17415203
0,0.18472536
0,0.19105414
0,0.20038319
0,0.2112291
0,0.2266879
0,0.23465921
0,0.25791344
0,0.26121992
0,0.27884018
0,0.2703966
0,0.27144212
0,0.2782952
0,0.27217296
0,0.27328274
0,0.26914856
0,0.26660433
0,0.26782355
0,0.26670033
0,0.26552328
0,0.2546627
0,0.26039743
0,0.25176835
0,0.25859833
0,0.26049575
0,0.2625042
0,0.25995657
0,0.24982333
0,0.24903789
0,0.26586506
0,0.26405722
0,0.2611682
0,0.2684358
0,0.26395047
0,0.2660978
0,0.26330453
0,0.2636442
0,0.24815995
0,0.26547414
0,0.26014712
0,0.2608111
0,0.25876564
0,0.25189447
0,0.26873714
0,0.26393035
0,0.26092026
0,0.2568238
0,0.2531426
0,0.2568869
0,0.25461042
0,0.25892162
0,0.25581136
0,0.25592217
0,0.25464627
0,0.25319514
0,0.2516649
0,0.25447974
0,0.2653408
0,0.2568141
0,0.26847544
0,0.25337043
0,0.25463265
0,0.24610269
0,0.26229334
0,0.25604564
0,0.25218353
0,0.2651202
0,0.2652031
0,0.27024484
0,0.27233478
0,0.26178083
0,0.26507604
0,0.27397984
0,0.27227506
0,0.27830535
0,0.27231994
0,0.26838818
0,0.27970695
0,0.27478832
0,0.2759871
0,0.2628579
0,0.26666597
0,0.2584115
0,0.25300863
0,0.26260522
0,0.26046383
0,0.26570687
0,0.25304055
0,0.25195253
0,0.2583596
0,0.26197714
0,0.27220744
0,0.25787243
0,0.26069224
0,0.25300583
0,0.25731903
0,0.2566687
0,0.25826743
0,0.25173727
0,0.25564235
0,0.40006012
0,0.34029996
0,0.3138206
0,0.29063785
0,0.2861508
0,0.27541876
0,0.27319813
0,0.2795891
0,0.26718518
0,0.28089923
0,0.2705604
0,0.26454806
0,0.2643409
0,0.2606157
0,0.26091304
0,0.2589246
0,0.27490965
0,0.26639202
0,0.26356065
0,0.25867477
0,0.25974703
0,0.25559607
0,0.25874606
0,0.26553905
0,0.26041406
0,0.26741546
0,0.24967106
0,0.2539685
0,0.27056706
0,0.25908932
0,0.2492633
0,0.25985274
0,0.24823357
0,0.25265506
0,0.2438501
0,0.25649884
0,0.24559328
0,0.25800142
0,0.25128287
0,0.25834894
0,0.24400946
0,0.25709894
0,0.243761
0,0.25499353
0,0.26156762
0,0.25107992
0,0.26154822
0,0.25622007
0,0.26512292
0,0.2525659
0,0.25180912
0,0.24756058
0,0.24823464
0,0.24378914
0,0.24528913
0,0.24588734
0,0.24559304
0,0.25328305
0,0.25076404
0,0.25566658
0,0.24281676
0,0.24189089
0,0.24236053
0,0.24076334
0,0.25353864
0,0.25397307
0,0.25268966
0,0.25817248
0,0.2511505
0,0.2544752
0,0.24851088
0,0.25316983
0,0.25422347
0,0.26343057
0,0.261047
0,0.26104668
0,0.26275492
0,0.25885597
0,0.25072396
0,0.25469947
0,0.257818
0,0.2554465
0,0.26971203
0,0.26095343
0,0.26137722
0,0.25694716
0,0.25944117
0,0.25579432
0,0.2504539
0,0.25144958
0,0.25558373
0,0.26298088
0,0.26103792
0,0.2564847
0,0.25770023
0,0.2645383
0,0.261031
0,0.26722854
0,0.26173806
0,0.26752666
0,0.262898
0,0.26693252
0,0.25483724
0,0.26410586
0,0.25915226
0,0.26326784
0,0.25895837
0,0.25340572
0,0.25478494
0,0.26062563
0,0.24779284
0,0.25272268
0,0.25077823
0,0.2477245
0,0.26032692
0,0.25444457
0,0.2526971
0,0.26328227
0,0.2677054
0,0.26672217
0,0.27141875
0,0.25889447
0,0.40479052
0,0.31838635
0,0.3066342
0,0.27945545
0,0.28364968
0,0.27890414
0,0.2777572
0,0.27265966
0,0.26310393
0,0.2556399
0,0.2645655
0,0.2635857
0,0.25779536
0,0.26048028
0,0.25858983
0,0.26064005
0,0.27549535
0,0.26662168
0,0.2684366
0,0.2641267
0,0.2614996
0,0.2614621
0,0.25787413
0,0.2591683
0,0.2636362
0,0.26117668
0,0.26289254
0,0.261525
0,0.2635489
0,0.25504944
0,0.27712947
0,0.26481867
0,0.2710982
0,0.27755558
0,0.27982235
0,0.27924195
0,0.27205124
0,0.27224594
0,0.26766485
0,0.25396147
0,0.26256743
0,0.25894287
0,0.26097968
0,0.25733674
0,0.25948793
0,0.25675464
0,0.25538325
0,0.2547765
0,0.25903824
0,0.25532448
0,0.25126308
0,0.25341627
0,0.25830033
0,0.25395024
0,0.30156484
0,0.28486985
0,0.2749646
0,0.27871907
0,0.26826134
0,0.2619464
0,0.2620744
0,0.2591637
0,0.25830507
0,0.2634727
0,0.2518208
0,0.2621668
0,0.27027053
0,0.2676547
0,0.2770968
0,0.27123466
0,0.2638768
0,0.26684704
0,0.2567452
0,0.26373693
0,0.2692471
0,0.25743288
0,0.25572485
0,0.26068196
0,0.2661506
0,0.26700953
0,0.26979837
0,0.2677399
0,0.26941168
0,0.26633492
0,0.25948364
0,0.26138055
0,0.25505692
0,0.25767955
0,0.26321653
0,0.26081356
0,0.2519571
0,0.2611349
0,0.2656316
0,0.26239398
0,0.26516208
0,0.27552646
0,0.27186596
0,0.27773413
0,0.26388726
0,0.26386783
0,0.26448756
0,0.26403135
0,0.2683728
0,0.26607525
0,0.2519181
0,0.2565113
0,0.25913268
0,0.25490338
0,0.26934758
0,0.2590611
0,0.26143062
0,0.2566678
0,0.24765377
0,0.25301364
0,0.2558317
0,0.26317504
0,0.2552967
0,0.2567985
0,0.25775033
0,0.25464347
0,0.2594203
0,0.27917045
0,0.265883
0,0.26995122
0,0.26377743
0,0.25805053
0,0.26000273
0,0.2536072
0,0.25870237
0,0.26260915
0,0.27303532
0,0.26869336
0,0.26317772
0,0.2605812
0,0.25947416
0,0.26262385
0,0.2701736
0,0.26908278
0,0.2627008
0,0.26493695
0,0.26044923
0,0.25427246
0,0.27666998
0,0.28445986
0,0.27495393
0,0.27650136
0,0.2662005
0,0.26760185
0,0.26371238
0,0.27607685
0,0.2674292
0,0.26543155
0,0.27317572
0,0.26764196
0,0.25906458
0,0.27257764
0,0.25853315
0,0.26312068
0,0.28097102
0,0.2694556
0,0.26096317
0,0.26598114
0,0.26394626
0,0.26175636
0,0.26668867
0,0.262334
0,0.26929766
0,0.26373357
0,0.267213
0,0.26257333
0,0.2548044
0,0.258999
0,0.25366074
0,0.2691282
0,0.25888404
0,0.25803092
0,0.26499602
0,0.25991067
0,0.26340798
0,0.25962275
0,0.25065747
0,0.25496325
0,0.24829213
0,0.25130197
0,0.24532472
0,0.2468903
0,0.25365725
0,0.25227702
0,0.25572425
0,0.25256944
0,0.25664207
0,0.25266695
0,0.24868785
0,0.24949062
0,0.24328673
0,0.2483941
0,0.24339886
0,0.24555275
0,0.2505918
0,0.25787076
0,0.25427157
0,0.2660991
0,0.27555573
0,0.27073643
0,0.2576676
0,0.26588652
0,0.2656361
0,0.26677772
0,0.25606743
0,0.26492572
0,0.25107884
0,0.25963637
0,0.2509664
0,0.24824487
0,0.25268722
0,0.25713995
0,0.24724123
0,0.2572561
0,0.2507569
0,0.25995028
0,0.25709695
0,0.2600376
0,0.25572267
0,0.25916862
0,0.26118642
0,0.2611798
0,0.25088465
0,0.26888955
0,0.26671508
0,0.28827587
0,0.26275492
0,0.26531488
0,0.25924572
0,0.2608339
0,0.26128522
0,0.26069188
0,0.24939284
0,0.25514752
0,0.24812387
0,0.25320032
0,0.24615958
0,0.25169092
0,0.24894933
0,0.24194798
0,0.25374648
0,0.2523148
0,0.25143564
0,0.25254992
0,0.2506306
0,0.25154787
0,0.25365192
0,0.25286826
0,0.25039208
0,0.24561882
0,0.25224382
0,0.24388647
0,0.24634837
0,0.24744655
0,0.2461637
0,0.24652225
0,0.24078369
0,0.25452337
0,0.25287914
0,0.24788198
0,0.24487701
0,0.25632265
0,0.2659003
0,0.25535837
0,0.250069
0,0.2683589
0,0.253017
0,0.26285422
0,0.25992727
0,0.26463047
0,0.25423622
0,0.2857102
0,0.2671472
0,0.25911763
0,0.25852028
0,0.25189897
0,0.2541451
0,0.25002405
0,0.2453701
0,0.24463548
0,0.24749495
0,0.25542706
0,0.25025344
0,0.25611058
0,0.25311184
0,0.24727629
0,0.24970661
0,0.2546742
0,0.25011563
0,0.2553585
0,0.26111412
0,0.26054215
0,0.25989202
0,0.26057702
0,0.25362644
0,0.2591964
0,0.25277713
0,0.25631395
0,0.25134873
0,0.26919663
0,0.25845867
0,0.2602265
0,0.26417258
0,0.28146303
0,0.29210314
0,0.27302948
0,0.27426443
0,0.25934696
0,0.26616788
0,0.2624411
0,0.25706196
0,0.2589146
0,0.25166845
0,0.27415326
0,0.2710062
0,0.282327
0,0.2819307
0,0.2701987
0,0.269379
0,0.28329
0,0.2737981
0,0.27035266
0,0.26767838
0,0.26269183
0,0.26986045
0,0.2635384
0,0.2624009
0,0.26903528
0,0.27847126
0,0.26555523
0,0.25986758
0,0.28056017
0,0.26112384
0,0.25940704
0,0.2570893
0,0.25609967
0,0.25665748
0,0.26535797
0,0.2606307
0,0.26848686
0,0.2831511
0,0.26420578
0,0.26631266
0,0.272883
0,0.26625407
0,0.27055666
0,0.26371586
0,0.26921096
0,0.2627466
0,0.26844484
0,0.26140648
0,0.2629616
0,0.2553564
0,0.26403672
0,0.25862953
0,0.2651509
0,0.2590136
0,0.26468676
0,0.26250848
0,0.26765123
0,0.25796556
0,0.25165167
0,0.27232456
0,0.26096088
0,0.30880696
0,0.31602716
0,0.2974022
0,0.2915565
0,0.29485878
0,0.2914642
0,0.30194926
0,0.28425816
0,0.28684342
0,0.28235635
0,0.27850872
0,0.25856653
0,0.25935817
0,0.2832278
0,0.27542406
0,0.2713828
0,0.27198136
0,0.2760948
0,0.27295786
0,0.26445955
0,0.25735536
0,0.25150242
0,0.2617059
0,0.26160264
0,0.25661427
0,0.26246312
0,0.26392886
0,0.2567886
0,0.26381087
0,0.25374272
0,0.26224676
0,0.2554475
0,0.25369778
0,0.2570922
0,0.24556184
0,0.25338578
0,0.25616202
0,0.26720083
0,0.27400756
0,0.26544264
0,0.26990935
0,0.26449925
0,0.26272845
0,0.24919192
0,0.2548543
0,0.2553307
0,0.26700118
0,0.25951442
0,0.27242187
0,0.2624501
0,0.26020032
0,0.25977394
0,0.26356548
0,0.2601818
0,0.26034665
0,0.26086372
0,0.25738165
0,0.25582224
0,0.25542638
0,0.24426283
0,0.2621576
0,0.2583213
0,0.2549347
0,0.26571643
0,0.2566277
0,0.270898
0,0.2610578
0,0.26418838
0,0.25507212
0,0.27760932
0,0.26718527
0,0.26513544
0,0.25305054
0,0.26731417
0,0.26444474
0,0.25720277
0,0.2570341
0,0.2583254
0,0.26004577
0,0.25244597
0,0.25551867
0,0.27876365
0,0.28800163
0,0.28282675
0,0.29805303
0,0.30083537
0,0.2741697
0,0.27009898
0,0.26335725
0,0.25683343
0,0.25804964
0,0.2626811
0,0.25536335
0,0.2482044
0,0.25679284
0,0.25961185
0,0.26218033
0,0.24788222
0,0.25619516
0,0.25829738
0,0.2592484
0,0.271443
0,0.2651309
0,0.26437858
0,0.26295733
0,0.2756862
0,0.26693383
0,0.264515
0,0.26485506
0,0.2627999
0,0.26188818
0,0.26021367
0,0.25992468
0,0.24713174
0,0.296567
0,0.27023146
0,0.2672468
0,0.27398235
0,0.26581421
0,0.26220024
0,0.26082855
0,0.25848168
0,0.26525328
0,0.2590918
0,0.26938432
0,0.27211675
0,0.26410666
0,0.2714359
0,0.26339588
0,0.2592765
0,0.2577425
0,0.28029233
0,0.29969501
0,0.28674883
0,0.2806572
0,0.27371627
0,0.26819772
0,0.26478347
0,0.42179638
0,0.3422221
0,0.31488028
0,0.29676336
0,0.28842342
0,0.29179126
0,0.29984057
0,0.28377396
0,0.2773663
0,0.26939666
0,0.26951185
0,0.2680902
0,0.2692742
0,0.2669276
0,0.2665145
0,0.26755053
0,0.2588532
0,0.26230898
0,0.26340237
0,0.26874328
0,0.26876852
0,0.26479313
0,0.2663063
0,0.26343337
0,0.26293644
0,0.26368552
0,0.26223496
0,0.25028595
0,0.25869772
0,0.2569064
0,0.27010462
0,0.2727396
0,0.25919402
0,0.2705961
0,0.2773975
0,0.25638765
0,0.25824398
0,0.26829782
0,0.26025778
0,0.26825526
0,0.260251
0,0.26818252
0,0.2721954
0,0.26257908
0,0.25913626
0,0.25624704
0,0.2709515
0,0.26061097
0,0.27051532
0,0.24992584
0,0.2537498
0,0.25198776
0,0.26247945
0,0.2544359
0,0.2635131
0,0.25519726
0,0.2540171
0,0.25237173
0,0.26808944
0,0.2566995
0,0.2545125
0,0.2737966
0,0.27049255
0,0.27018598
0,0.2596345
0,0.25821805
0,0.27278316
0,0.25823626
0,0.25258133
0,0.2614806
0,0.26303342
0,0.2659906
0,0.25959045
0,0.26408124
0,0.26423287
0,0.2542372
0,0.26526043
0,0.25288382
0,0.26011056
0,0.244628
0,0.2553709
0,0.24961777
0,0.2568658
0,0.25918192
0,0.25334942
0,0.25098693
0,0.24962611
0,0.24516878
0,0.25286645
0,0.24543814
0,0.2532993
0,0.25511438
0,0.25672412
0,0.25728258
0,0.26210943
0,0.26609218
0,0.26077014
0,0.25086853
0,0.2562673
0,0.2579388
0,0.2607792
0,0.26015517
0,0.26381615
0,0.25998592
0,0.25909084
0,0.27100247
0,0.2611636
0,0.26554444
0,0.27091664
0,0.26369745
0,0.270964
0,0.2563702
0,0.27436838
0,0.27487427
0,0.27643606
0,0.26664683
0,0.26403213
0,0.26340905
0,0.25979683
0,0.26904124
0,0.2612051
0,0.25988936
0,0.26855505
0,0.25483716
0,0.27021623
0,0.26027235
0,0.25709823
0,0.25723
0,0.25577164
0,0.2549068
0,0.25782272
0,0.30538827
0,0.29401162
0,0.29516658
0,0.29488495
0,0.28957567
0,0.2711716
0,0.28072804
0,0.28563777
0,0.28493416
0,0.2961181
0,0.29457045
0,0.3006067
0,0.2934444
0,0.28087524
0,0.2676752
0,0.27301216
0,0.28766474
0,0.2762244
0,0.2654073
0,0.4073934
0,0.32208318
0,0.3083332
0,0.27996507
0,0.29673082
0,0.28724286
0,0.27892572
0,0.25940797
0,0.26559508
0,0.2672612
0,0.2640328
0,0.2535525
0,0.26015493
0,0.25129256
0,0.2575305
0,0.24819933
0,0.25637302
0,0.28693858
0,0.28708875
0,0.27455372
0,0.26959914
0,0.26430658
0,0.26344237
0,0.2523415
0,0.2723801
0,0.26833788
0,0.2623635
0,0.25830352
0,0.26759803
0,0.2629846
0,0.26379326
0,0.251597
0,0.26876757
0,0.2556064
0,0.2551089
0,0.25499
0,0.24934766
0,0.25248975
0,0.25005215
0,0.25119394
0,0.25307333
0,0.26618475
0,0.25947568
0,0.25781867
0,0.26585466
0,0.25995195
0,0.2550899
0,0.25506997
0,0.25224185
0,0.25192088
0,0.25429282
0,0.25166467
0,0.26500335
0,0.26069796
0,0.26538473
0,0.26324967
0,0.26584643
0,0.25000432
0,0.2603506
0,0.26459154
0,0.27473918
0,0.2787443
0,0.31167078
0,0.31157222
0,0.2977877
0,0.2909186
0,0.28631157
0,0.27566713
0,0.2933434
0,0.27315092
0,0.2721552
0,0.27251387
0,0.29287833
0,0.2881873
0,0.2762661
0,0.27473506
0,0.27431154
0,0.26017204
0,0.265856
0,0.25483564
0,0.27155945
0,0.2571789
0,0.26015598
0,0.26786056
0,0.2680812
0,0.26788008
0,0.25549132
0,0.2614208
0,0.25885049
0,0.27312386
0,0.26891842
0,0.26858938
0,0.27616775
0,0.26798007
0,0.26927477
0,0.25494367
0,0.26736352
0,0.26817557
0,0.27342176
0,0.25534377
0,0.25668377
0,0.25678247
0,0.27339914
0,0.26597267
0,0.27137232
0,0.26374462
0,0.25885722
0,0.25950646
0,0.25790516
0,0.25640655
0,0.25958228
0,0.2692174
0,0.25986478
0,0.26352108
0,0.25812212
0,0.25627312
0,0.25323093
0,0.26324576
0,0.26616472
0,0.26820856
0,0.26379883
0,0.25847816
0,0.25739658
0,0.2599731
0,0.25247234
0,0.252654
0,0.26021612
0,0.2557312
0,0.25432473
0,0.2508515
0,0.25382757
0,0.25060418
0,0.26652336
0,0.2514775
0,0.26315406
0,0.2454917
0,0.2508611
0,0.24780867
0,0.25423747
0,0.24827963
0,0.2502033
0,0.24649101
0,0.24714366
0,0.2537429
0,0.2568931
0,0.25977758
0,0.26069492
0,0.26197228
0,0.25961038
0,0.24948649
0,0.255061
0,0.24645136
0,0.25205675
0,0.25518233
0,0.25555477
0,0.24718638
0,0.2535971
0,0.24677494
0,0.2517637
0,0.2551691
0,0.25674582
0,0.24737962
0,0.25408468
0,0.25662556
0,0.26788083
0,0.2608322
0,0.28045526
0,0.2744714
0,0.26606983
0,0.2624347
0,0.2611107
0,0.26123106
0,0.2574338
0,0.25714394
0,0.26025087
0,0.25982812
0,0.25566196
0,0.2545288
0,0.25460303
0,0.25428355
0,0.26198825
0,0.25704512
0,0.2555385
0,0.25555408
0,0.25338694
0,0.24380039
0,0.24110974
0,0.24636732
0,0.24517357
0,0.24557552
0,0.24859352
0,0.2471117
0,0.25744116
0,0.25297412
0,0.2592119
0,0.25157368
0,0.257258
0,0.25031477
0,0.25878692
0,0.2555833
0,0.26831096
0,0.25469992
0,0.2530699
0,0.26043594
0,0.26003027
0,0.25238097
0,0.25834447
0,0.2612351
0,0.25210536
0,0.2476459
0,0.24628212
0,0.2447161
0,0.2504514
0,0.24427858
0,0.2464824
0,0.2561163
0,0.25413343
0,0.24843287
0,0.2533704
0,0.2556831
0,0.25558147
0,0.24624649
0,0.26271066
0,0.24812987
0,0.26338008
0,0.24993542
0,0.25675982
0,0.26001266
0,0.25782087
0,0.24867904
0,0.36006024
0,0.3120244
0,0.29170403
0,0.29107237
0,0.27488452
0,0.26905087
0,0.26964074
0,0.2625488
0,0.259383
0,0.2613115
0,0.2812826
0,0.25924116
0,0.27019477
0,0.26230365
0,0.25921836
0,0.2623498
0,0.27462277
0,0.2755797
0,0.27654323
0,0.27830967
0,0.28322744
0,0.27491745
0,0.2647551
0,0.26044422
0,0.2594795
0,0.27090263
0,0.26663798
0,0.25947398
0,0.2765929
0,0.2640416
0,0.2695724
0,0.26949203
0,0.2690202
0,0.25919598
0,0.2695568
0,0.2695252
0,0.26967117
0,0.26040524
0,0.2612513
0,0.26610216
0,0.27881813
0,0.275898
0,0.27186653
0,0.27291203
0,0.2701755
0,0.25181755
0,0.26145408
0,0.25725344
0,0.25520146
0,0.2640358
0,0.26338074
0,0.2528646
0,0.25764576
0,0.26294097
0,0.2608853
0,0.26248047
0,0.2547273
0,0.25008494
0,0.2542901
0,0.2486529
0,0.25869745
0,0.26237735
0,0.25783315
0,0.26734895
0,0.2741203
0,0.25645995
0,0.2595117
0,0.27824587
0,0.28141046
0,0.2689957
0,0.26432306
0,0.26209056
0,0.25893417
0,0.25904408
0,0.27382824
0,0.26381958
0,0.26601866
0,0.25599495
0,0.2526049
0,0.24913235
0,0.25545302
0,0.24749272
0,0.2532202
0,0.25619268
0,0.26234835
0,0.25363514
0,0.25630057
0,0.25968882
0,0.25298363
0,0.25812137
0,0.24589077
0,0.24362566
0,0.25028193
0,0.24241944
0,0.24329929
0,0.25089192
0,0.27520916
0,0.25310796
0,0.2572465
0,0.257283
0,0.26620972
0,0.25256145
0,0.25931314
0,0.2561483
0,0.2535822
0,0.25748834
0,0.25399518
0,0.25651842
0,0.26354766
0,0.2584267
0,0.2660767
0,0.28200093
0,0.2635722
0,0.27188382
0,0.2720064
0,0.274314
0,0.27342603
0,0.2566921
0,0.25592917
0,0.25562105
0,0.28724426
0,0.26669145
0,0.2700441
0,0.27350628
0,0.2609735
0,0.2578112
0,0.25604782
0,0.25810915
0,0.25728545
0,0.26507396
0,0.25565025
0,0.25737906
0,0.26099285
0,0.26446655
0,0.25444773
0,0.26544866
0,0.25773725
0,0.2646101
0,0.2681579
0,0.2586141
0,0.26343694
0,0.26551616
0,0.26626158
0,0.25560778
0,0.2585305
0,0.26289606
0,0.27265453
0,0.27247965
0,0.28952035
0,0.2674292
0,0.2754777
0,0.26507953
0,0.26390785
0,0.2649347
0,0.2794343
0,0.25798875
0,0.26404595
0,0.2662132
0,0.26429996
0,0.26726994
0,0.26335692
0,0.2689859
0,0.25690508
0,0.24774072
0,0.26565173
0,0.2637629
0,0.27701408
0,0.26800323
0,0.26370427
0,0.26326433
0,0.27160186
0,0.26358467
0,0.26355496
0,0.26204538
0,0.25794402
0,0.2613358
0,0.26882285
0,0.25930473
0,0.25142127
0,0.24602188
0,0.24894035
0,0.24145454
0,0.24292332
0,0.23696616
0,0.24074158
0,0.24479128
0,0.24152993
0,0.23692195
0,0.2436568
0,0.24497785
0,0.24655008
0,0.27714556
0,0.26037768
0,0.256034
0,0.26458326
0,0.25690225
0,0.25491557
0,0.24444798
0,0.2450889
0,0.2374615
0,0.24717294
0,0.24085385
0,0.23801617
0,0.2409687
0,0.24071044
0,0.23824528
0,0.23913898
0,0.2326005
0,0.23143783
0,0.23082128
0,0.24553707
0,0.24699752
0,0.2552424
0,0.25321865
0,0.24574076
0,0.2561232
0,0.24726541
0,0.2389381
0,0.24740957
0,0.2438771
0,0.24121907
0,0.23271208
0,0.24631166
0,0.25077507
0,0.24696904
0,0.2593434
0,0.26502857
0,0.2649739
0,0.2540088
0,0.24536294
0,0.25931683
0,0.2462722
0,0.24506044
0,0.2519817
0,0.24960409
0,0.23933563
0,0.23983915
0,0.23370798
0,0.23601335
0,0.23648824
0,0.23732823
0,0.23245126
0,0.23299438
0,0.2288181
0,0.24265866
0,0.23802705
0,0.24513395
0,0.26196
0,0.26725435
0,0.2604959
0,0.26003253
0,0.25904974
0,0.25772357
0,0.25667566
0,0.2564781
0,0.2512049
0,0.25366572
0,0.26404133
0,0.25723538
0,0.24707735
0,0.25242805
0,0.24180901
0,0.26168233
0,0.2554563
0,0.25444543
0,0.24445914
0,0.2599649
0,0.24613339
0,0.2608812
0,0.25181335
0,0.2560646
0,0.2650531
0,0.27007735
0,0.25744185
0,0.25928304
0,0.24694258
0,0.2497296
0,0.24987866
0,0.24728079
0,0.245275
0,0.24987745
0,0.24085453
0,0.24193905
0,0.24183959
0,0.25424
0,0.26136276
0,0.26137906
0,0.26462436
0,0.25461212
0,0.27110735
0,0.26786327
0,0.2510886
0,0.26473325
0,0.24623898
0,0.24405661
0,0.24011137
0,0.25180298
0,0.24148439
0,0.25323108
0,0.23925404
0,0.25132993
0,0.24966046
0,0.25489885
0,0.24290885
0,0.25182897
0,0.24463548
0,0.24398884
0,0.23803599
0,0.24030325
0,0.23625578
0,0.25762174
0,0.24053393
0,0.25443178
0,0.24100837
0,0.23930898
0,0.2416795
0,0.24752027
0,0.24106675
0,0.24976033
0,0.24179313
0,0.24223241
0,0.25013566
0,0.24365792
0,0.23671268
0,0.23975353
0,0.23912144
0,0.24459113
0,0.238116
0,0.24377735
0,0.24070165
0,0.25223678
0,0.23996678
0,0.25711006
0,0.24661033
0,0.24906473
0,0.24051093
0,0.25757766
0,0.24293406
0,0.2494095
0,0.24027105
0,0.24758424
0,0.23896101
0,0.23817603
0,0.23433612
0,0.23474114
0,0.23248026
0,0.2480734
0,0.23852491
0,0.24857494
0,0.24184015
0,0.23961467
0,0.23351254
0,0.24853563
0,0.24667129
0,0.25491446
0,0.24046904
0,0.25395542
0,0.24031357
0,0.25225222
0,0.24340874
0,0.25345135
0,0.2525656
0,0.25974366
0,0.25866777
0,0.27252328
0,0.24978751
0,0.25400254
0,0.25015217
0,0.24935308
0,0.24455379
0,0.24971393
0,0.25026238
0,0.25120047
0,0.24264888
0,0.28154704
0,0.27518442
0,0.25921527
0,0.27680147
0,0.25959015
0,0.2540474
0,0.25513673
0,0.25631383
0,0.28154957
0,0.2613263
0,0.2958608
0,0.28582007
0,0.28884825
0,0.27246922
0,0.28773955
0,0.27314478
0,0.26523802
0,0.25360456
0,0.25809205
0,0.2580667
0,0.2578629
0,0.25006405
0,0.24795061
0,0.24688384
0,0.24958214
0,0.24405593
0,0.24352793
0,0.24390844
0,0.24521193
0,0.23878975
0,0.24525213
0,0.23915139
0,0.2560984
0,0.25350076
0,0.26416644
0,0.25975633
0,0.26690808
0,0.24997792
0,0.25213024
0,0.24781986
0,0.24733487
0,0.25349626
0,0.26227143
0,0.24889782
0,0.24631879
0,0.24354354
0,0.24543089
0,0.24032946
0,0.24316026
0,0.23525986
0,0.25113934
0,0.24442826
0,0.254906
0,0.25412115
0,0.25944406
0,0.26600313
0,0.26486263
0,0.24664573
0,0.25832838
0,0.24999817
0,0.25780368
0,0.24652007
0,0.2559833
0,0.2432698
0,0.30331346
0,0.26497716
0,0.26200232
0,0.25045615
0,0.2542023
0,0.24346276
0,0.24579649
0,0.2410077
0,0.24563524
0,0.23668805
0,0.24259329
0,0.2519032
0,0.24700452
0,0.25775236
0,0.25003397
0,0.25743327
0,0.2507542
0,0.24675043
0,0.24786262
0,0.25101805
0,0.46583465
0,0.4064464
0,0.33808637
0,0.2960284
0,0.28643075
0,0.26643217
0,0.26399752
0,0.26547548
0,0.26178777
0,0.24907891
0,0.2533127
0,0.24313213
0,0.25916162
0,0.26348093
0,0.25437805
0,0.2472411
0,0.2582361
0,0.26213205
0,0.29454648
0,0.29546827
0,0.301462
0,0.29910317
0,0.27766
0,0.26444596
0,0.2735421
0,0.28451332
0,0.26098835
0,0.2533788
0,0.2677243
0,0.25178272
0,0.25380597
0,0.26485452
0,0.27051035
0,0.2542645
0,0.2465668
0,0.24276541
0,0.25205335
0,0.24323894
0,0.2643618
0,0.24897252
0,0.2675417
0,0.25723314
0,0.268812
0,0.2503755
0,0.27535847
0,0.25604594
0,0.26394886
0,0.24973541
0,0.2609491
0,0.24700214
0,0.2561153
0,0.24557987
0,0.2566207
0,0.2481602
0,0.24840324
0,0.24931869
0,0.24855666
0,0.2411853
0,0.24421212
0,0.2377183
0,0.24918899
0,0.24065897
0,0.24045528
0,0.23718756
0,0.2419052
0,0.23890871
0,0.25695127
0,0.2440161
0,0.24188319
0,0.24576436
0,0.24360378
0,0.23943381
0,0.2374697
0,0.23174655
0,0.30551815
0,0.27578038
0,0.26474315
0,0.25457755
0,0.26786682
0,0.25450996
0,0.26502776
0,0.25981134
0,0.2692184
0,0.26159176
0,0.2700144
0,0.2562334
0,0.2567869
0,0.24459183
0,0.25018975
0,0.2509306
0,0.26221508
0,0.25557503
0,0.26674363
0,0.25899768
0,0.25485963
0,0.2472789
0,0.25048304
0,0.25108021
0,0.25017753
0,0.2517098
0,0.2502636
0,0.26187113
0,0.25473794
0,0.24418108
0,0.24708454
0,0.24361643
0,0.24669576
0,0.23885486
0,0.24257077
0,0.24011032
0,0.2560605
0,0.24943244
0,0.25806943
0,0.2434195
0,0.24383278
0,0.2373995
0,0.24627315
0,0.23899905
0,0.241636
0,0.23514904
0,0.24061951
0,0.24335772
0,0.24537708
0,0.23648115
0,0.23700982
0,0.23888832
0,0.24869615
0,0.24025625
0,0.23959525
0,0.23859505
0,0.24314377
0,0.2382792
0,0.24261612
0,0.23501591
0,0.2415287
0,0.23592313
0,0.24194022
0,0.2361731
0,0.2461796
0,0.23892741
0,0.24733002
0,0.23581193
0,0.24488886
0,0.23697
0,0.257468
0,0.24642044
0,0.2509387
0,0.25025865
0,0.24612376
0,0.2410334
0,0.24221098
0,0.23496255
0,0.276592
0,0.25473115
0,0.2667986
0,0.25645134
0,0.257822
0,0.25098345
0,0.24700521
0,0.2388388
0,0.25057817
0,0.24242179
0,0.24741797
0,0.24548367
0,0.24310192
0,0.24699664
0,0.24378185
0,0.23980315
0,0.23714262
0,0.23324698
0,0.2358041
0,0.23742414
0,0.23779297
0,0.23271568
0,0.24020283
0,0.23291592
0,0.23297079
0,0.23002309
0,0.23264647
0,0.23766808
0,0.23628132
0,0.23623256
0,0.2445207
0,0.24205452
0,0.24140303
0,0.2336768
0,0.24233808
0,0.23323794
0,0.23756747
0,0.23110858
0,0.23859653
0,0.25920808
0,0.24525
0,0.23616283
0,0.2507768
0,0.236989
0,0.24281792
0,0.24761477
0,0.26370615
0,0.24692151
0,0.24558797
0,0.23848814
0,0.24203725
0,0.23461671
0,0.23842818
0,0.23571385
0,0.25726044
0,0.2509994
0,0.24555984
0,0.24545111
0,0.24736762
0,0.25599447
0,0.25199008
0,0.24075149
0,0.24139276
0,0.23492414
0,0.25147367
0,0.23933983
0,0.24091558
0,0.24028337
0,0.23680991
0,0.24841906
0,0.2373959
0,0.23470937
0,0.24315499
0,0.23642825
0,0.2464162
0,0.25139856
0,0.25367978
0,0.24159445
0,0.24086168
0,0.23924258
0,0.24577908
0,0.24370985
0,0.26141247
0,0.2464573
0,0.24916168
0,0.24956544
0,0.24978094
0,0.24922709
0,0.24869223
0,0.2415086
0,0.24301493
0,0.24481992
0,0.25218096
0,0.24887402
0,0.25969657
0,0.24951059
0,0.2539659
0,0.24247018
0,0.24603282
0,0.24500273
0,0.24239804
0,0.23852658
0,0.2534733
0,0.2531219
0,0.26341504
0,0.25367707
0,0.26083097
0,0.25204682
0,0.2509871
0,0.2533997
0,0.25859305
0,0.2450567
0,0.24316789
0,0.24394092
0,0.25726983
0,0.242257
0,0.2447719
0,0.23984262
0,0.23849986
0,0.25035718
0,0.25324512
0,0.24090913
0,0.24068639
0,0.23382583
0,0.24317645
0,0.23799424
0,0.24370366
0,0.24442887
0,0.2501253
0,0.24858381
0,0.25112084
0,0.24886021
0,0.26369897
0,0.24793097
0,0.25038475
0,0.23876481
0,0.24998194
0,0.2419472
0,0.2476623
0,0.23780257
0,0.24495888
0,0.24377155
0,0.24736008
0,0.23755962
0,0.2495905
0,0.23753326
0,0.24841666
0,0.2407299
0,0.25694907
0,0.24111389
0,0.24128209
0,0.23638994
0,0.24244754
0,0.23621723
0,0.24879397
0,0.24290867
0,0.24947517
0,0.23789081
0,0.24311107
0,0.24504533
0,0.23946474
0,0.23625551
0,0.24005897
0,0.25344238
0,0.26240128
0,0.24545151
0,0.24594623
0,0.24024437
0,0.2450965
0,0.2368816
0,0.24260278
0,0.23606512
0,0.24402814
0,0.24274708
0,0.2519875
0,0.24301332
0,0.25284427
0,0.24192332
0,0.24177593
0,0.23864444
0,0.24400273
0,0.24265821
0,0.24271294
0,0.24377683
0,0.24103193
0,0.24068004
0,0.24286158
0,0.238109
0,0.2387257
0,0.23282921
0,0.24201106
0,0.24062893
0,0.23985904
0,0.23370382
0,0.24327165
0,0.24055688
0,0.24988715
0,0.24323961
0,0.24881437
0,0.23685461
0,0.24503227
0,0.23689988
0,0.24525733
0,0.23608692
0,0.24551289
0,0.24408323
0,0.25818056
0,0.24684934
0,0.26174968
0,0.25823462
0,0.254625
0,0.24266234
0,0.24295336
0,0.238616
0,0.24681266
0,0.2461104
0,0.2582256
0,0.24776745
0,0.2562551
0,0.24383815
0,0.2498805
0,0.24048045
0,0.24051422
0,0.24623878
0,0.25273648
0,0.25698885
0,0.26644632
0,0.25719845
0,0.25444332
0,0.24328166
0,0.24836875
0,0.25161764
0,0.25891072
0,0.25413424
0,0.26149064
0,0.2577129
0,0.25653598
0,0.24804324
0,0.26017168
0,0.25140175
0,0.25881338
0,0.2530762
0,0.25276238
0,0.2443257
0,0.26888695
0,0.25005966
0,0.25402552
0,0.24668628
0,0.25639033
0,0.24672666
0,0.24684349
0,0.24042523
0,0.24100149
0,0.23938864
0,0.24904916
0,0.24321355
0,0.24787343
0,0.24440333
0,0.24274398
0,0.24313377
0,0.23988919
0,0.2401771
0,0.33857358
0,0.28615436
0,0.26705882
0,0.25668567
0,0.2542608
0,0.24616534
0,0.25760347
0,0.2515706
0,0.24373694
0,0.24839397
0,0.24880277
0,0.23974387
0,0.24284413
0,0.23707138
0,0.242621
0,0.24490827
0,0.25129113
0,0.24535209
0,0.25559446
0,0.24633403
0,0.25188652
0,0.24236593
0,0.24945691
0,0.24965301
0,0.2519103
0,0.24744259
0,0.2638428
0,0.25931078
0,0.2566499
0,0.24664648
0,0.25211832
0,0.24721096
0,0.24844268
0,0.24505518
0,0.24438314
0,0.23611812
0,0.25494054
0,0.23865683
0,0.24434224
0,0.24085969
0,0.2381487
0,0.2327139
0,0.48914236
0,0.4537603
0,0.36315948
0,0.3357006
0,0.3142916
0,0.28353372
0,0.27809298
0,0.26099303
0,0.2588264
0,0.25206664
0,0.26206085
0,0.24679363
0,0.24740092
0,0.23989086
0,0.24244988
0,0.25280094
0,0.245647
0,0.24648254
0,0.24761993
0,0.24793708
0,0.25128055
0,0.24772273
0,0.2503834
0,0.24428387
0,0.25298804
0,0.24301091
0,0.26328862
0,0.25172526
0,0.25918582
0,0.24684128
0,0.26430765
0,0.2692566
0,0.25889608
0,0.24927382
0,0.26036942
0,0.2461342
0,0.25700563
0,0.25364882
0,0.25712818
0,0.24530849
0,0.25605977
0,0.25902402
0,0.25753185
0,0.28109908
0,0.27119705
0,0.27336863
0,0.28348878
0,0.27323785
0,0.26184803
0,0.251432
0,0.25332454
0,0.24768825
0,0.26678348
0,0.26011065
0,0.25956675
0,0.24908657
0,0.26820993
0,0.26904196
0,0.26118934
0,0.2605169
0,0.25761405
0,0.24789692
0,0.25263503
0,0.24613881
0,0.26025468
0,0.25449026
0,0.2530717
0,0.25564116
0,0.25340644
0,0.25321272
0,0.2520551
0,0.24860483
0,0.25603366
0,0.25147614
0,0.2521396
0,0.23996057
0,0.24423185
0,0.2452541
0,0.2558294
0,0.24310577
0,0.24509753
0,0.25837266
0,0.2444111
0,0.24381849
0,0.25439933
0,0.25293067
0,0.24764249
0,0.24128097
0,0.2544755
0,0.24063796
0,0.24534066
0,0.24030586
0,0.24539366
0,0.24233466
0,0.24710421
0,0.24045336
0,0.240387
0,0.2453722
0,0.25690204
0,0.24956705
0,0.24426508
0,0.23949991
0,0.2488538
0,0.23959503
0,0.23859602
0,0.25258628
0,0.2422052
0,0.2899244
0,0.2631128
0,0.25848013
0,0.26303554
0,0.25337008
0,0.25118384
0,0.24416003
0,0.25003892
0,0.24088043
0,0.25906962
0,0.25029022
0,0.25290373
0,0.25342795
0,0.25373253
0,0.25493306
0,0.26943186
0,0.2534722
0,0.2557748
0,0.24390386
0,0.2499343
0,0.24510466
0,0.24674158
0,0.24488842
0,0.25861865
0,0.24426416
0,0.24422534
0,0.25864324
0,0.25284716
0,0.24180624
0,0.24725251
0,0.24056038
0,0.25512332
0,0.24006778
0,0.25529146
0,0.24025956
0,0.2560845
0,0.25657716
0,0.24551481
0,0.24544276
0,0.25662154
0,0.24860667
0,0.2578085
0,0.24530107
0,0.2690835
0,0.25024498
0,0.24984547
0,0.24454954
0,0.24461964
0,0.24503165
0,0.26466718
0,0.2547247
0,0.25009945
0,0.26712167
0,0.26312548
0,0.25803494
0,0.24943699
0,0.24869287
0,0.25582376
0,0.25953457
0,0.26412058
0,0.25082535
0,0.25803596
0,0.2528977
0,0.25815108
0,0.25620982
0,0.24819638
0,0.24401982
0,0.25360703
0,0.25007242
0,0.25526845
0,0.2580318
0,0.26726565
0,0.25434202
0,0.25757283
0,0.24847329
0,0.24900784
0,0.24874522
0,0.24340467
0,0.24182181
0,0.24398126
0,0.23913327
0,0.24732728
0,0.23886059
0,0.25251135
0,0.24329509
0,0.24994498
0,0.2522681
0,0.26386574
0,0.27030984
0,0.2595892
0,0.25963774
0,0.2561083
0,0.24967243
0,0.2586693
0,0.24388559
0,0.25401106
0,0.24739312
0,0.26178336
0,0.24656808
0,0.25177443
0,0.2542065
0,0.25264686
0,0.24986611
0,0.2615799
0,0.2509656
0,0.25844467
0,0.24834982
0,0.25124535
0,0.2493705
0,0.24929477
0,0.25536072
0,0.2532696
0,0.24739815
0,0.2600356
0,0.24882281
0,0.25072974
0,0.24264918
0,0.24561545
0,0.2515827
0,0.24774404
0,0.2492494
0,0.24878909
0,0.25804615
0,0.2513881
0,0.24959414
0,0.2588147
0,0.25133133
0,0.2504614
0,0.25034454
0,0.26040557
0,0.2526104
0,0.26022208
0,0.25519872
0,0.26088086
0,0.2529075
0,0.30826086
0,0.27106714
0,0.26735708
0,0.26942143
0,0.25645086
0,0.2566149
0,0.300677
0,0.26665
0,0.26969427
0,0.27182642
0,0.2701031
0,0.26871565
0,0.27008048
0,0.25987586
0,0.26364443
0,0.25004894
0,0.2522409
0,0.26921695
0,0.2710134
0,0.26950705
0,0.30475226
0,0.2905803
0,0.2906808
0,0.28608006
0,0.2882045
0,0.26915723
0,0.28295916
0,0.27550337
0,0.26925623
0,0.2575931
0,0.26014608
0,0.24961379
0,0.25597075
0,0.24811134
0,0.26417127
0,0.27510297
0,0.26321492
0,0.2609559
0,0.27101377
0,0.2588704
0,0.2596004
0,0.25390065
0,0.25619787
0,0.24503255
0,0.25193334
0,0.2501422
0,0.2519076
0,0.24810593
0,0.25159803
0,0.25096753
0,0.25256306
0,0.24934417
0,0.24854721
0,0.24214368
0,0.24465582
0,0.2452296
0,0.2559962
0,0.24402748
0,0.25666767
0,0.2456809
0,0.2568777
0,0.25216955
0,0.259708
0,0.2635748
0,0.27091065
0,0.25673637
0,0.26341584
0,0.24782002
0,0.25858352
0,0.24559285
0,0.26440734
0,0.2502643
0,0.2584191
0,0.25066963
0,0.24783
0,0.24752337
0,0.24423712
0,0.23794788
0,0.2554844
0,0.24774955
0,0.2485342
0,0.24115102
0,0.24822816
0,0.25682482
0,0.25134304
0,0.24608971
0,0.25336188
0,0.24464603
0,0.25256684
0,0.24032371
0,0.24610606
0,0.24130663
0,0.2406767
0,0.23575592
0,0.24202783
0,0.24491042
0,0.24191025
0,0.23742874
0,0.23250638
0,0.23217359
0,0.23811582
0,0.23764998
0,0.24450621
0,0.24758983
0,0.24884866
0,0.2654628
0,0.26085916
0,0.24853891
0,0.25374615
0,0.24148774
0,0.24220613
0,0.24653038
0,0.26259783
0,0.25332147
0,0.25209042
0,0.25925335
0,0.25874472
0,0.24696143
0,0.2497234
0,0.24746081
0,0.24740934
0,0.24803351
0,0.26169518
0,0.24798709
0,0.24131493
0,0.25311655
0,0.24364132
0,0.2436606
0,0.24196321
0,0.24125679
0,0.26228288
0,0.2599862
0,0.25955695
0,0.24653089
0,0.26122636
0,0.25330865
0,0.26058486
0,0.25330347
0,0.26528236
0,0.2539452
0,0.26166326
0,0.2535925
0,0.2608034
0,0.2531455
0,0.26107022
0,0.24927017
0,0.24899611
0,0.24601938
0,0.2599098
0,0.25242284
0,0.2588766
0,0.25122336
0,0.26112178
0,0.2534624
0,0.2576528
0,0.25422165
0,0.24864998
0,0.24317868
0,0.25448337
0,0.24546643
0,0.2434265
0,0.23948203
0,0.24873842
0,0.24322146
0,0.25068882
0,0.2413988
0,0.24219364
0,0.24335979
0,0.24949405
0,0.23918505
0,0.2441526
0,0.2485084
0,0.2585448
0,0.25703776
0,0.25240242
0,0.25258958
0,0.27250272
0,0.25824577
0,0.25839248
0,0.25006208
0,0.26814482
0,0.25534394
0,0.2532577
0,0.25802764
0,0.25935227
0,0.252232
0,0.27280816
0,0.26357874
0,0.2621606
0,0.255105
0,0.24815077
0,0.2519949
0,0.2473955
0,0.24522577
0,0.24741314
0,0.24763355
0,0.24389127
0,0.25168544
0,0.26645142
0,0.26485205
0,0.26223767
0,0.25207844
0,0.25466993
0,0.26042894
0,0.29667553
0,0.3026306
0,0.2948694
0,0.28303963
0,0.2855226
0,0.28060588
0,0.2838536
0,0.27465138
0,0.26946288
0,0.26838773
0,0.27118534
0,0.2625839
0,0.27141443
0,0.261874
0,0.2651949
0,0.24838972
0,0.25767678
0,0.2625463
0,0.2616332
0,0.24757567
0,0.26597098
0,0.25738037
0,0.25948697
0,0.2661447
0,0.2742136
0,0.26264325
0,0.27373317
0,0.26137003
0,0.26242673
0,0.26462302
0,0.26600182
0,0.26188177
0,0.2601949
0,0.24655701
0,0.25377694
0,0.26746002
0,0.2594162
0,0.25384116
0,0.2613784
0,0.24578963
0,0.2629691
0,0.24478155
0,0.25079128
0,0.24690624
0,0.25350487
0,0.2500146
0,0.26950103
0,0.26339272
0,0.30241823
0,0.29024407
0,0.29093122
0,0.27072012
0,0.26553497
0,0.2618916
0,0.25774893
0,0.25554585
0,0.25409946
0,0.25081414
0,0.25048724
0,0.2508265
0,0.2517343
0,0.2589683
0,0.26262376
0,0.24976611
0,0.2513319
0,0.24433325
0,0.25642225
0,0.3111475
0,0.2724807
0,0.26811638
0,0.25955275
0,0.26139683
0,0.25495332
0,0.2501737
0,0.25035602
0,0.24312587
0,0.24432674
0,0.23726013
0,0.25028014
0,0.2484536
0,0.24558507
0,0.2395995
0,0.25110725
0,0.24284683
0,0.2532605
0,0.24651457
0,0.25603214
0,0.25834298
0,0.25479534
0,0.24955124
0,0.25581867
0,0.26947194
0,0.26476464
0,0.2628897
0,0.2515359
0,0.25038096
0,0.27289298
0,0.2597841
0,0.26094452
0,0.25003543
0,0.2566156
0,0.25403503
0,0.25556153
0,0.24522127
0,0.25232974
0,0.2527742
0,0.25425434
0,0.24319457
0,0.25010017
0,0.25177377
0,0.2521853
0,0.24262379
0,0.25294822
0,0.2530053
0,0.25251055
0,0.25404984
0,0.25379384
0,0.24627486
0,0.2506408
0,0.24275534
0,0.24744007
0,0.24176727
0,0.26367262
0,0.25507522
0,0.25323704
0,0.2427855
0,0.24686462
0,0.23840967
0,0.2543659
0,0.2492824
0,0.24903959
0,0.25429517
0,0.24968283
0,0.24056746
0,0.24368268
0,0.24518138
0,0.2493854
0,0.2433226
0,0.243973
0,0.24499118
0,0.24811694
0,0.24188839
0,0.24195233
0,0.23923497
0,0.23965071
0,0.23776561
0,0.24714574
0,0.25362372
0,0.2552091
0,0.24437112
0,0.25390437
0,0.24953958
0,0.2549486
0,0.24532075
0,0.25356472
0,0.24560425
0,0.2501995
0,0.2534552
0,0.25564155
0,0.24506402
0,0.25334626
0,0.24307173
0,0.2512179
0,0.24514088
0,0.25465164
0,0.24707259
0,0.24782391
0,0.26247492
0,0.2588555
0,0.24741076
0,0.2539826
0,0.2531781
0,0.2567901
0,0.25567836
0,0.24580039
0,0.2500391
0,0.25688198
0,0.2559838
0,0.25618947
0,0.25359336
0,0.25492197
0,0.26643082
0,0.25774512
0,0.2483471
0,0.25497067
0,0.24610339
0,0.25585064
0,0.25065666
0,0.25353095
0,0.25500843
0,0.25552008
0,0.24473989
0,0.24934188
0,0.2452586
0,0.25120163
0,0.24582964
0,0.25867188
0,0.24473645
0,0.24458134
0,0.2469007
0,0.25709614
0,0.24253678
0,0.26775363
0,0.25125587
0,0.25736442
0,0.26343772
0,0.2601524
0,0.25083846
0,0.27191177
0,0.25141773
0,0.2700248
0,0.26728967
0,0.2681178
0,0.2539276
0,0.26287723
0,0.2565827
0,0.27086863
0,0.26087597
0,0.2724598
0,0.2791125
0,0.28922796
0,0.27584487
0,0.28291902
0,0.2767434
0,0.27484027
0,0.26585695
0,0.263723
0,0.25698838
0,0.2585135
0,0.24910568
0,0.24890998
0,0.24627966
0,0.25479245
0,0.24693549
0,0.25427645
0,0.24201612
0,0.26649147
0,0.2603927
0,0.2846887
0,0.2789824
0,0.31862205
0,0.32058755
0,0.3557914
0,0.36321056
0,0.45583782
0,0.46825618
0,0.5079427
0,0.5382854
0,0.6195003
0,0.6604523
0,0.6175691
0,0.5756172
0,0.5979223
0,0.5252936
0,0.48955294
0,0.39855334
0,0.3728372
0,0.3053147
0,0.2645719
0,0.22880363
0,0.19168332
0,0.16570884
0,0.1407354
0,0.13101365
0,0.14471966
0,0.14558445
0,0.15444916
0,0.15283118
0,0.1631158
0,0.1638715
0,0.16831496
0,0.1732873
0,0.16408987
0,0.15961537
0,0.16735992
0,0.16144449
0,0.17431542
0,0.17972508
0,0.17389913
0,0.16551028
0,0.16074228
0,0.15937129
0,0.15408182
0,0.14319168
0,0.13923372
0,0.1465132
0,0.14518218
0,0.13432488
0,0.13968742
0,0.13851362
0,0.14109878
0,0.14344318
0,0.14802524
0,0.1447268
0,0.15179431
0,0.1430229
0,0.15817773
0,0.15509951
0,0.15931118
0,0.15749034
0,0.1584586
0,0.15252525
0,0.16063936
0,0.15998413
0,0.16782154
0,0.17598006
0,0.18384278
0,0.19883886
0,0.2136858
0,0.21705116
0,0.2317482
0,0.23092525
0,0.23018512
0,0.23648085
0,0.24361847
0,0.2451513
0,0.2471768
0,0.24757293
0,0.25161457
0,0.2469178
0,0.25196934
0,0.24673209
0,0.25159574
0,0.24217169
0,0.2531422
0,0.24733149
0,0.2489661
0,0.23953822
0,0.25593305
0,0.2476954
0,0.25013557
0,0.2486067
0,0.25596145
0,0.24543482
0,0.24901077
0,0.23974092
0,0.25045663
0,0.24530831
0,0.24805129
0,0.24076045
0,0.26000157
0,0.24321489
0,0.24748413
0,0.24528626
0,0.26075935
0,0.24821547
0,0.2545259
0,0.24250437
0,0.24574554
0,0.24084345
0,0.24359187
0,0.23538724
0,0.2520543
0,0.24560745
0,0.2560399
0,0.24760836
0,0.26146954
0,0.26706532
0,0.26632455
0,0.2654878
0,0.26875865
0,0.2624766
0,0.2671891
0,0.25475356
0,0.24666163
0,0.26039115
0,0.26425752
0,0.2528949
0,0.25052905
0,0.2544539
0,0.2488044
0,0.24247602
0,0.24543315
0,0.24522573
0,0.25351813
0,0.24444968
0,0.25339288
0,0.24614757
0,0.26562485
0,0.25311437
0,0.25903887
0,0.2545114
0,0.2577429
0,0.2541783
0,0.26392958
0,0.25375572
0,0.25422266
0,0.2503603
0,0.25653008
0,0.25286603
0,0.26927763
0,0.2635956
0,0.25094923
0,0.25308064
0,0.2560866
0,0.24911396
0,0.2566565
0,0.24860902
0,0.2527597
0,0.24382684
0,0.24595925
0,0.24076232
0,0.24692614
0,0.23989348
0,0.26816538
0,0.24469547
0,0.25633913
0,0.25048137
0,0.2511521
0,0.24924354
0,0.24983801
0,0.24328789
0,0.24638338
0,0.24279274
0,0.2561598
0,0.25021443
0,0.24893652
0,0.24959795
0,0.24827477
0,0.24207973
0,0.24402498
0,0.23859334
0,0.2415682
0,0.23472461
0,0.39455655
0,0.3715255
0,0.3244213
0,0.29178542
0,0.28853178
0,0.27441975
0,0.2771194
0,0.29422444
0,0.27006936
0,0.2591548
0,0.26649943
0,0.25874853
0,0.26571858
0,0.25968173
0,0.25480866
0,0.24681714
0,0.2578725
0,0.250467
0,0.25923696
0,0.25151205
0,0.2500888
0,0.2486633
0,0.2570055
0,0.24680513
0,0.27180156
0,0.27692297
0,0.26993605
0,0.26072362
0,0.26438323
0,0.25705743
0,0.25946411
0,0.25062513
0,0.24639453
0,0.24499258
0,0.25243488
0,0.24558315
0,0.24533506
0,0.2404383
0,0.24687284
0,0.23650159
0,0.24718294
0,0.2426531
0,0.26066986
0,0.2600644
0,0.2734674
0,0.2723568
0,0.27095905
0,0.26898634
0,0.27544624
0,0.26113296
0,0.2670922
0,0.2588178
0,0.26006863
0,0.25867113
0,0.26676983
0,0.25292888
0,0.25557637
0,0.2533059
0,0.25074992
0,0.2437807
0,0.26012236
0,0.2574479
0,0.26691312
0,0.25174376
0,0.2689992
0,0.25361606
0,0.25503045
0,0.2737037
0,0.29226
0,0.28328368
0,0.27986833
0,0.272585
0,0.26362613
0,0.2576631
0,0.25621414
0,0.24509543
0,0.26133358
0,0.259667
0,0.26529026
0,0.33196786
0,0.3006405
0,0.27306962
0,0.27952972
0,0.27429822
0,0.26261976
0,0.261827
0,0.27921563
0,0.26856166
0,0.27453998
0,0.2633467
0,0.2671091
0,0.2618972
0,0.2649493
0,0.25508058
0,0.28128567
0,0.28897384
0,0.27638373
0,0.28950846
0,0.29850623
0,0.29620335
0,0.28476807
0,0.26144725
0,0.26727277
0,0.25329846
0,0.26723155
0,0.25694188
0,0.2601354
0,0.26702005
0,0.26843232
0,0.27328783
0,0.26764265
0,0.2520647
0,0.26866573
0,0.28416803
0,0.27161446
0,0.25783888
0,0.26007995
0,0.26777416
0,0.26127633
0,0.2503128
0,0.2662662
0,0.25836945
0,0.25694507
0,0.24981378
0,0.25325924
0,0.26350704
0,0.27187943
0,0.27817935
0,0.2668141
0,0.25068092
0,0.26649714
0,0.25264606
0,0.2698393
0,0.26912287
0,0.26026168
0,0.26674315
0,0.26977497
0,0.2668003
0,0.25958326
0,0.25651342
0,0.25920323
0,0.25565696
0,0.258289
0,0.25517225
0,0.28601953
0,0.28091964
0,0.27735776
0,0.27358994
0,0.2619646
0,0.25147852
0,0.26205543
0,0.27953848
0,0.26025933
0,0.2513801
0,0.2600641
0,0.27722976
0,0.26083714
0,0.26034164
0,0.29090628
0,0.26425344
0,0.25641975
0,0.26978672
0,0.25542122
0,0.2570273
0,0.26172516
0,0.25618562
0,0.2601862
0,0.2584871
0,0.26030332
0,0.25629103
0,0.25932717
0,0.2484512
0,0.25573027
0,0.25069672
0,0.24493507
0,0.2480777
0,0.25480482
0,0.26636392
0,0.25000635
0,0.25306207
0,0.26077542
0,0.2503666
0,0.2587726
0,0.25983077
0,0.25760216
0,0.26355085
0,0.25663918
0,0.26903763
0,0.24914218
0,0.25157368
0,0.2566158
0,0.2716322
0,0.2879742
0,0.2687557
0,0.29763868
0,0.30520028
0,0.2950709
0,0.3000351
0,0.297969
0,0.27517644
0,0.28016287
0,0.26183408
0,0.27139854
0,0.26691484
0,0.26195428
0,0.2581244
0,0.2679425
0,0.25511923
0,0.27110335
0,0.26180395
0,0.27451304
0,0.2573069
0,0.25994924
0,0.25115898
0,0.261746
0,0.25068474
0,0.26641056
0,0.25145236
0,0.26191723
0,0.25186902
0,0.25661597
0,0.24479488
0,0.25001493
0,0.2524988
0,0.24859245
0,0.24280947
0,0.25502938
0,0.25327593
0,0.2564119
0,0.244336
0,0.2476575
0,0.24337323
0,0.25274673
0,0.24082074
0,0.25258628
0,0.24707583
0,0.25424522
0,0.24666032
0,0.24277094
0,0.2373164
0,0.24706951
0,0.23880996
0,0.3069787
0,0.26245508
0,0.2535149
0,0.25165218
0,0.26211575
0,0.25091308
0,0.25655922
0,0.25925335
0,0.2607427
0,0.25014067
0,0.25565192
0,0.24673139
0,0.2518393
0,0.2425536
0,0.24892849
0,0.24326134
0,0.24958749
0,0.23959999
0,0.2550444
0,0.24462707
0,0.24838899
0,0.24121852
0,0.24105798
0,0.24277256
0,0.2456155
0,0.25381118
0,0.2540651
0,0.24929827
0,0.2521158
0,0.2462056
0,0.24692366
0,0.24058168
0,0.24465942
0,0.25090626
0,0.25027007
0,0.2592571
0,0.25200412
0,0.24885195
0,0.2485021
0,0.2401339
0,0.23812816
0,0.23712933
0,0.23995604
0,0.23751055
0,0.25100756
0,0.24099195
0,0.2620615
0,0.25224194
0,0.25666067
0,0.24838977
0,0.2617737
0,0.2479396
0,0.2483111
0,0.25393403
0,0.2593781
0,0.28005764
0,0.27125958
0,0.2649792
0,0.26340196
0,0.25158334
0,0.25940862
0,0.2573349
0,0.40577397
0,0.31678233
0,0.30129728
0,0.28632337
0,0.27426958
0,0.27014962
0,0.2742525
0,0.25605157
0,0.2536656
0,0.24825066
0,0.24466111
0,0.23947036
0,0.24987182
0,0.2425247
0,0.24215314
0,0.23874575
0,0.2527
0,0.24929795
0,0.26659778
0,0.25426713
0,0.26824492
0,0.25450066
0,0.24976246
0,0.2478706
0,0.27352163
0,0.25609648
0,0.26203546
0,0.25453874
0,0.25527376
0,0.249226
0,0.2605992
0,0.24545704
0,0.2599777
0,0.24980551
0,0.25021204
0,0.24761495
0,0.24865676
0,0.25652477
0,0.26187828
0,0.24717662
0,0.2606805
0,0.2516727
0,0.25412002
0,0.24540205
0,0.2578527
0,0.24390514
0,0.25120732
0,0.24299186
0,0.2562106
0,0.25020412
0,0.26149452
0,0.25708345
0,0.25135422
0,0.2468996
0,0.2516752
0,0.25035655
0,0.24146146
0,0.24093577
0,0.24567255
0,0.25329277
0,0.2558205
0,0.24243483
0,0.2534151
0,0.24130869
0,0.24746919
0,0.24303378
0,0.2469171
0,0.24141526
0,0.25265506
0,0.25618687
0,0.26089716
0,0.24695843
0,0.2541626
0,0.2473687
0,0.24427971
0,0.23744938
0,0.23415087
0,0.2398076
0,0.2455712
0,0.23463161
0,0.24395567
0,0.24267478
0,0.26026914
0,0.24364948
0,0.25458136
0,0.24469161
0,0.25230202
0,0.24551079
0,0.24465181
0,0.2369414
0,0.24768957
0,0.24978183
0,0.24933836
0,0.24359578
0,0.26975888
0,0.2680881
0,0.28956568
0,0.270152
0,0.26394072
0,0.2662142
0,0.25842568
0,0.26002118
0,0.25468
0,0.24511574
0,0.24914493
0,0.2520724
0,0.2654787
0,0.24665613
0,0.262987
0,0.24765821
0,0.2631436
0,0.25339922
0,0.26215535
0,0.24972421
0,0.24976754
0,0.24189763
0,0.25898057
0,0.24767055
0,0.25736424
0,0.24883792
0,0.24869294
0,0.2526201
0,0.25132552
0,0.25799185
0,0.26309946
0,0.25973368
0,0.25066033
0,0.24345338
0,0.25388822
0,0.2524938
0,0.25901276
0,0.25821573
0,0.26263916
0,0.26476005
0,0.26336882
0,0.25088555
0,0.27225333
0,0.2684064
0,0.26530078
0,0.2551961
0,0.26528263
0,0.26131687
0,0.2617317
0,0.2605918
0,0.2608577
0,0.25758678
0,0.2580394
0,0.2676976
0,0.28770527
0,0.30169806
0,0.2907818
0,0.27185908
0,0.28829542
0,0.29225427
0,0.27688918
0,0.27113697
0,0.272973
0,0.26378128
0,0.27436662
0,0.26347095
0,0.2619756
0,0.2589704
0,0.25771186
0,0.25083452
0,0.26396546
0,0.25634181
0,0.25480264
0,0.2532077
0,0.24269223
0,0.23959155
0,0.24598895
0,0.25835094
0,0.26296595
0,0.24944851
0,0.27215427
0,0.2525153
0,0.26821062
0,0.2508584
0,0.25241143
0,0.24430883
0,0.25709522
0,0.246955
0,0.25757518
0,0.25479317
0,0.25020212
0,0.24352393
0,0.24951085
0,0.24069251
0,0.2522814
0,0.24198921
0,0.25982004
0,0.24279372
0,0.2596187
0,0.2798644
0,0.27540103
0,0.28368634
0,0.2976877
0,0.28043172
0,0.2696744
0,0.26485896
0,0.2549266
0,0.26030883
0,0.25020292
0,0.25229567
0,0.250736
0,0.24666408
0,0.24188387
0,0.26509118
0,0.25858206
0,0.25080222
0,0.24450321
0,0.2401533
0,0.2381815
0,0.23711476
0,0.24532181
0,0.23680867
0,0.2457017
0,0.24856065
0,0.2375021
0,0.24077643
0,0.23975943
0,0.23556834
0,0.24312156
0,0.23322564
0,0.3025034
0,0.25875708
0,0.25230968
0,0.242662
0,0.24790733
0,0.24419506
0,0.24710561
0,0.26301673
0,0.338471
0,0.29009432
0,0.27767187
0,0.2631046
0,0.26021343
0,0.2477644
0,0.25215766
0,0.26055086
0,0.26671067
0,0.25564453
0,0.26329073
0,0.25888872
0,0.26187798
0,0.255102
0,0.25991532
0,0.2579997
0,0.25328204
0,0.24988867
0,0.24968375
0,0.24249649
0,0.24493186
0,0.24296345
0,0.25713742
0,0.25489295
0,0.2550329
0,0.24494597
0,0.25641078
0,0.24859406
0,0.24735168
0,0.24700913
0,0.25307423
0,0.25743642
0,0.25405228
0,0.25343072
0,0.26998025
0,0.26724148
0,0.25477967
0,0.25903907
0,0.24858959
0,0.25429517
0,0.24508387
0,0.2688779
0,0.2606178
0,0.25412992
0,0.25663865
0,0.2489735
0,0.25513682
0,0.2615798
0,0.25506777
0,0.2552844
0,0.2567086
0,0.25039342
0,0.25677747
0,0.2572887
0,0.2549596
0,0.25470698
0,0.255252
0,0.3341351
0,0.28593582
0,0.27002546
0,0.27783322
0,0.25995705
0,0.27043155
0,0.27567697
0,0.26397443
0,0.2572374
0,0.2668646
0,0.2539144
0,0.2541358
0,0.25239545
0,0.2515266
0,0.25289184
0,0.25067905
0,0.2509655
0,0.25188127
0,0.25048965
0,0.24944846
0,0.25506973
0,0.25075066
0,0.24994346
0,0.2515777
0,0.25391135
0,0.26595885
0,0.25827917
0,0.26392016
0,0.2561678
0,0.2629111
0,0.2550724
0,0.26286817
0,0.25711334
0,0.26184744
0,0.2539853
0,0.26296565
0,0.27061158
0,0.42435786
0,0.3978885
0,0.32194436
0,0.28972432
0,0.28596035
0,0.28019
0,0.27472728
0,0.25791335
0,0.2727693
0,0.25715673
0,0.26586452
0,0.25617284
0,0.2503768
0,0.24749655
0,0.259888
0,0.27914548
0,0.26736698
0,0.26136324
0,0.25375634
0,0.25880846
0,0.25406656
0,0.25115877
0,0.28007123
0,0.26312798
0,0.26217636
0,0.25330156
0,0.25924164
0,0.25559327
0,0.25628155
0,0.24914353
0,0.24845292
0,0.25380424
0,0.25305673
0,0.24795891
0,0.25177625
0,0.26331794
0,0.25688124
0,0.26026025
0,0.26717326
0,0.26382586
0,0.26082048
0,0.25297
0,0.26903474
0,0.25165543
0,0.27180228
0,0.2536786
0,0.25049257
0,0.24840437
0,0.253853
0,0.25770617
0,0.25949532
0,0.25094995
0,0.26278493
0,0.25693733
0,0.2627631
0,0.24992295
0,0.25975558
0,0.24846661
0,0.2583078
0,0.24859664
0,0.25699696
0,0.26844606
0,0.25368592
0,0.24947935
0,0.25818306
0,0.2494024
0,0.25774226
0,0.2523047
0,0.25736526
0,0.24896888
0,0.25569862
0,0.2563102
0,0.25747982
0,0.25544596
0,0.2477317
0,0.25656173
0,0.25677037
0,0.25970393
0,0.2582784
0,0.25696445
0,0.43507075
0,0.37920046
0,0.32460955
0,0.29474208
0,0.295667
0,0.27732888
0,0.2759254
0,0.26827037
0,0.2688194
0,0.26847976
0,0.28425312
0,0.2847195
0,0.2837381
0,0.2700994
0,0.26646706
0,0.27608573
0,0.2666997
0,0.26261675
0,0.259731
0,0.26053345
0,0.2622552
0,0.25958726
0,0.25688925
0,0.2645211
0,0.25788677
0,0.3107534
0,0.29921404
0,0.28490302
0,0.306596
0,0.2973432
0,0.29073438
0,0.27874288
0,0.29669836
0,0.2911863
0,0.30591473
0,0.29759538
0,0.28664774
0,0.27258176
0,0.29750797
0,0.2843882
0,0.2783566
0,0.2672831
0,0.30509374
0,0.31887037
0,0.33315003
0,0.3049046
0,0.29793707
0,0.29957682
0,0.3208458
0,0.30415025
0,0.29046598
0,0.3042321
0,0.3109798
0,0.31729925
0,0.34215608
0,0.37174937
0,0.3931272
0,0.37552384
0,0.40631208
0,0.3760652
0,0.34560937
0,0.2941255
0,0.25446182
0,0.21038018
0,0.18525195
0,0.2028844
0,0.17181689
0,0.15573402
0,0.15238667
0,0.15394661
0,0.14991386
0,0.16885373
0,0.17800412
0,0.17585753
0,0.18581545
0,0.2047063
0,0.21032357
0,0.20974693
0,0.2128725
0,0.21284795
0,0.19357571
0,0.19141313
0,0.21944562
0,0.23603064
0,0.26234618
0,0.25036058
0,0.30789515
0,0.3408044
0,0.40402249
0,0.41965145
0,0.48019433
0,0.42538273
0,0.3695992
0,0.30000257
0,0.32622772
0,0.29369795
0,0.24123819
0,0.23231408
0,0.19470575
0,0.17198291
0,0.16440338
0,0.1522567
0,0.15781529
0,0.15732592
0,0.15633017
0,0.14865007
0,0.1460266
0,0.15322314
0,0.14640667
0,0.14485706
0,0.13950954
0,0.13562095
0,0.13632272
0,0.13159664
0,0.13195722
0,0.12977575
0,0.13226178
0,0.13186735
0,0.14183612
0,0.14757127
0,0.15017608
0,0.14786759
0,0.14573413
0,0.14823717
0,0.16190702
0,0.16731417
0,0.17960103
0,0.18592034
0,0.19735636
0,0.20436926
0,0.2153507
0,0.22372186
0,0.23787293
0,0.25495964
0,0.26626506
0,0.2757627
0,0.29585245
0,0.30660254
0,0.29760897
0,0.29464808
0,0.28868446
0,0.2837865
0,0.28605017
0,0.2959035
0,0.3116183
0,0.3039501
0,0.2905158
0,0.28018498
0,0.27988288
0,0.264616
0,0.285296
0,0.2705767
0,0.28867874
0,0.2855979
0,0.27948543
0,0.26877412
0,0.27102715
0,0.26761645
0,0.27695763
0,0.27638006
0,0.27635455
0,0.2727823
0,0.27039146
0,0.2577137
0,0.2649184
0,0.26279342
0,0.26423338
0,0.2669437
0,0.26595232
0,0.26947385
0,0.2664104
0,0.2676144
0,0.26532787
0,0.2567921
0,0.2606576
0,0.25419167
0,0.26892033
0,0.26285642
0,0.27247766
0,0.27037534
0,0.26540402
0,0.2571915
0,0.26554972
0,0.26608798
0,0.2624011
0,0.27057284
0,0.2643056
0,0.25540182
0,0.2574963
0,0.25631243
0,0.25639728
0,0.25432482
0,0.25476003
0,0.25419477
0,0.25423986
0,0.24979068
0,0.25237048
0,0.2562742
0,0.25366732
0,0.24653567
0,0.24965468
0,0.24837872
0,0.27181214
0,0.26770765
0,0.2604194
0,0.2618245
0,0.26158422
0,0.26866862
0,0.25771055
0,0.26239932
0,0.26640385
0,0.25484237
0,0.26354647
0,0.2548004
0,0.2528468
0,0.25952676
0,0.25241745
0,0.25197437
0,0.2488959
0,0.24957432
0,0.25868016
0,0.25168732
0,0.2763938
0,0.2713343
0,0.2688238
0,0.25995705
0,0.254117
0,0.2555752
0,0.25055474
0,0.2564989
0,0.25077453
0,0.2569453
0,0.27542537
0,0.25736207
0,0.26354203
0,0.27476516
0,0.25733027
0,0.25177154
0,0.24831145
0,0.24953379
0,0.2606112
0,0.27075574
0,0.26824835
0,0.27630508
0,0.2727517
0,0.2759991
0,0.29771748
0,0.27511644
0,0.27189976
0,0.26876014
0,0.26883146
0,0.26583534
0,0.2824359
0,0.27469742
0,0.27563548
0,0.279977
0,0.2699712
0,0.2673331
0,0.26369464
0,0.25668228
0,0.25832874
0,0.2604228
0,0.2655395
0,0.27685395
0,0.2695952
0,0.26977918
0,0.26438943
0,0.2605186
0,0.27378955
0,0.2613625
0,0.2594302
0,0.2573813
0,0.26006505
0,0.28391457
0,0.2659788
0,0.27011046
0,0.27488256
0,0.26492313
0,0.2600496
0,0.26171315
0,0.26782927
0,0.28034788
0,0.26918042
0,0.27409375
0,0.26217785
0,0.2691527
0,0.30720955
0,0.27448696
0,0.28183326
0,0.26874834
0,0.27185047
0,0.26373652
0,0.2568986
0,0.25473198
0,0.28540713
0,0.2644838
0,0.2568039
0,0.25589767
0,0.25067967
0,0.2644649
0,0.2633023
0,0.25585082
0,0.27441424
0,0.2557241
0,0.26159877
0,0.26202232
0,0.28595275
0,0.2760418
0,0.27237788
0,0.2689797
0,0.26673326
0,0.2622498
0,0.26319343
0,0.25886336
0,0.26302278
0,0.27072072
0,0.26446706
0,0.26020795
0,0.26011086
0,0.26282272
0,0.2602465
0,0.2665628
0,0.27504662
0,0.27262837
0,0.26243228
0,0.26687813
0,0.26306558
0,0.26098117
0,0.26316765
0,0.27368104
0,0.2853622
0,0.27049342
0,0.2648562
0,0.26466697
0,0.27117747
0,0.26760435
0,0.31890908
0,0.27938485
0,0.2712072
0,0.27130616
0,0.27511358
0,0.2661533
0,0.2950969
0,0.2981875
0,0.28087252
0,0.27536783
0,0.26558256
0,0.26547143
0,0.2700983
0,0.26837492
0,0.2713325
0,0.26065537
0,0.26349768
0,0.2717569
0,0.2704576
0,0.2694376
0,0.27046254
0,0.26423976
0,0.2679366
0,0.25824925
0,0.2544746
0,0.25068915
0,0.25446248
0,0.26174748
0,0.26597095
0,0.25985506
0,0.26279482
0,0.25874126
0,0.26295888
0,0.25393564
0,0.3236345
0,0.27278498
0,0.2738305
0,0.2623592
0,0.26666903
0,0.2617323
0,0.2527759
0,0.25523335
0,0.25831604
0,0.2598667
0,0.26003706
0,0.25468627
0,0.25821716
0,0.25618762
0,0.26093796
0,0.25573403
0,0.25797787
0,0.25761083
0,0.25821528
0,0.25571594
0,0.25738648
0,0.2543685
0,0.25695038
0,0.25445893
0,0.256582
0,0.24851653
0,0.25277728
0,0.2588254
0,0.26794952
0,0.25753278
0,0.27847707
0,0.29013905
0,0.29180938
0,0.2969557
0,0.29014486
0,0.26949453
0,0.27829194
0,0.2965118
0,0.27717707
0,0.26725385
0,0.26342663
0,0.270427
0,0.26882568
0,0.26257008
0,0.26450074
0,0.2757816
0,0.263293
0,0.26281872
0,0.26242962
0,0.2601261
0,0.27563792
0,0.2737381
0,0.30670813
0,0.3218779
0,0.30046317
0,0.28596985
0,0.28762972
0,0.2805511
0,0.3244902
0,0.29536515
0,0.3150814
0,0.29659307
0,0.2914836
0,0.2804352
0,0.28014264
0,0.26632312
0,0.2754234
0,0.26417777
0,0.2696387
0,0.25845996
0,0.26663673
0,0.2673355
0,0.26346454
0,0.25588465
0,0.26531523
0,0.26057044
0,0.2651662
0,0.2669765
0,0.2660933
0,0.25584048
0,0.26228565
0,0.25973117
0,0.25399923
0,0.2499873
0,0.25798747
0,0.24846755
0,0.25690648
0,0.24801616
0,0.25486854
0,0.2459633
0,0.2652971
0,0.26278114
0,0.26175493
0,0.26026055
0,0.27731383
0,0.25685674
0,0.2559891
0,0.25415277
0,0.25234
0,0.24687603
0,0.25352716
0,0.2471445
0,0.26566315
0,0.2554214
0,0.25754642
0,0.25720707
0,0.25053555
0,0.2718852
0,0.25260097
0,0.2530774
0,0.25841358
0,0.2568605
0,0.2639938
0,0.25801867
0,0.25852996
0,0.24889833
0,0.24891289
0,0.24728388
0,0.25135353
0,0.24660219
0,0.25096357
0,0.2488464
0,0.25143495
0,0.24648371
0,0.26116124
0,0.25361136
0,0.25470817
0,0.24714886
0,0.2519683
0,0.25091484
0,0.26241317
0,0.25303796
0,0.25334114
0,0.25073776
0,0.26338112
0,0.26615134
0,0.2590293
0,0.26016665
0,0.25615454
0,0.2534538
0,0.26357192
0,0.259035
0,0.26546553
0,0.26854086
0,0.26651064
0,0.25628406
0,0.25462946
0,0.2472202
0,0.2624643
0,0.2704631
0,0.27725917
0,0.2657128
0,0.2752029
0,0.25651592
0,0.2692768
0,0.26467016
0,0.26778817
0,0.26245546
0,0.26721397
0,0.26015764
0,0.26683646
0,0.26169404
0,0.2650551
0,0.25870684
0,0.26652932
0,0.2641741
0,0.2654974
0,0.25874683
0,0.2631395
0,0.24993537
0,0.25916985
0,0.2538687
0,0.25989679
0,0.25619963
0,0.26005962
0,0.24895532
0,0.2579048
0,0.2486028
0,0.2555354
0,0.25483978
0,0.24660636
0,0.25686646
0,0.25897333
0,0.25274763
0,0.27475634
0,0.27441397
0,0.2665938
0,0.25660527
0,0.2589994
0,0.2624437
0,0.2592852
0,0.25665975
0,0.25694633
0,0.260998
0,0.25805485
0,0.26011074
0,0.2686037
0,0.25946257
0,0.2581307
0,0.2532
0,0.25902635
0,0.259396
0,0.25685188
0,0.2637618
0,0.25711924
0,0.25971863
0,0.26168236
0,0.2522096
0,0.2540313
0,0.25146276
0,0.25168586
0,0.2490454
0,0.26165164
0,0.25266603
0,0.25490537
0,0.2599414
0,0.26424178
0,0.24741948
0,0.24898364
0,0.24584803
0,0.25635302
0,0.2437044
0,0.24525246
0,0.2492472
0,0.25653177
0,0.24686539
0,0.25597313
0,0.24874747
0,0.24818344
0,0.2393624
0,0.2528655
0,0.24104513
0,0.24384154
0,0.24057844
0,0.23887454
0,0.23648807
0,0.24853292
0,0.2388383
0,0.24830763
0,0.2459732
0,0.25037938
0,0.24137472
0,0.248195
0,0.24285808
0,0.2367427
0,0.23494534
0,0.25347617
0,0.24325606
0,0.23980471
0,0.25169927
0,0.25464696
0,0.25367364
0,0.2657028
0,0.27451423
0,0.26333505
0,0.25832245
0,0.2570809
0,0.25347224
0,0.25318432
0,0.2543129
0,0.2824873
0,0.25920486
0,0.2586143
0,0.26491365
0,0.2578907
0,0.26075923
0,0.25710776
0,0.25906357
0,0.25473565
0,0.25017256
0,0.25162518
0,0.26535174
0,0.2565686
0,0.2552107
0,0.2537185
0,0.254378
0,0.26241603
0,0.25363094
0,0.25242597
0,0.24823216
0,0.24990946
0,0.24848206
0,0.24767178
0,0.24985927
0,0.28346834
0,0.28849098
0,0.27163127
0,0.27224842
0,0.27200162
0,0.2647509
0,0.25739372
0,0.25942656
0,0.25329587
0,0.25620255
0,0.26163903
0,0.2503627
0,0.25924328
0,0.26610726
0,0.25403067
0,0.25109223
0,0.26384166
0,0.26764724
0,0.26831236
0,0.28373086
0,0.2744546
0,0.2615956
0,0.25775132
0,0.2537344
0,0.26068243
0,0.2547496
0,0.25868067
0,0.2508892
0,0.2472611
0,0.24356934
0,0.2509059
0,0.24042585
0,0.24985087
0,0.2470417
0,0.24943352
0,0.24705663
0,0.2644093
0,0.2682295
0,0.26482275
0,0.26027688
0,0.2596475
0,0.25590423
0,0.260614
0,0.2470025
0,0.25164217
0,0.24659754
0,0.24970804
0,0.25183213
0,0.26330757
0,0.24739505
0,0.25194892
0,0.24265884
0,0.25776064
0,0.2427983
0,0.24702573
0,0.24688195
0,0.24699011
0,0.25428993
0,0.263954
0,0.25017476
0,0.25031626
0,0.25769612
0,0.2525059
0,0.25257763
0,0.24988988
0,0.24526301
0,0.24911392
0,0.24745835
0,0.2459067
0,0.24713084
0,0.24603422
0,0.24641864
0,0.24345678
0,0.24311987
0,0.25323462
0,0.24322625
0,0.25468382
0,0.25118902
0,0.25746787
0,0.246533
0,0.24585646
0,0.27070573
0,0.25360236
0,0.2503516
0,0.24769059
0,0.24735922
0,0.25714576
0,0.2632677
0,0.25196925
0,0.2462527
0,0.2706186
0,0.2563636
0,0.26123953
0,0.2508008
0,0.25782385
0,0.25545138
0,0.2633744
0,0.26474738
0,0.26407266
0,0.27006832
0,0.271609
0,0.27311942
0,0.26817486
0,0.25915995
0,0.26133975
0,0.26362956
0,0.25366256
0,0.24638113
0,0.24397708
0,0.23917274
0,0.24604118
0,0.23921418
0,0.24788867
0,0.24144119
0,0.26677027
0,0.27524957
0,0.32083163
0,0.2786635
0,0.2641317
0,0.2564903
0,0.2698612
0,0.25744116
0,0.27446043
0,0.27087432
0,0.26704133
0,0.27519187
0,0.28907964
0,0.2968883
0,0.27598777
0,0.2694972
0,0.26853827
0,0.2613111
0,0.27177078
0,0.26353282
0,0.26092336
0,0.25364223
0,0.26231465
0,0.2681247
0,0.25766838
0,0.25368342
0,0.26310277
0,0.2580826
0,0.26492137
0,0.2638416
0,0.28418648
0,0.26620066
0,0.26925603
0,0.26324713
0,0.25600663
0,0.2520735
0,0.26577216
0,0.25653315
0,0.25426677
0,0.24860795
0,0.24673386
0,0.24558163
0,0.25136217
0,0.26777592
0,0.26191437
0,0.2681523
0,0.2542874
0,0.25723803
0,0.25949612
0,0.24763004
0,0.25731462
0,0.24886376
0,0.25607705
0,0.25639647
0,0.25930336
0,0.25906974
0,0.26311854
0,0.25007108
0,0.27830428
0,0.26949155
0,0.26400775
0,0.25280768
0,0.25865796
0,0.2517642
0,0.25444317
0,0.24871333
0,0.25128448
0,0.24503958
0,0.24865855
0,0.25417256
0,0.251328
0,0.24776776
0,0.2485179
0,0.25045922
0,0.25263065
0,0.25736788
0,0.26784128
0,0.25210723
0,0.24642628
0,0.2538026
0,0.26898035
0,0.25442466
0,0.2518252
0,0.26050097
0,0.2638843
0,0.25311813
0,0.25411952
0,0.2574304
0,0.30456597
0,0.26466656
0,0.2752636
0,0.26983517
0,0.26180816
0,0.2671305
0,0.26838914
0,0.25511336
0,0.27038532
0,0.29803085
0,0.27841407
0,0.2663585
0,0.2771097
0,0.28225943
0,0.27755636
0,0.2690099
0,0.26381856
0,0.25817204
0,0.26478544
0,0.25264972
0,0.2509184
0,0.2507387
0,0.25546703
0,0.256408
0,0.259243
0,0.25394642
0,0.25694105
0,0.25390047
0,0.26025832
0,0.26103464
0,0.25890782
0,0.26422644
0,0.26035273
0,0.25068182
0,0.25558615
0,0.26103476
0,0.29230234
0,0.2761642
0,0.26753035
0,0.25800857
0,0.2580571
0,0.24748091
0,0.25290796
0,0.24867655
0,0.2620795
0,0.2473276
0,0.2506966
0,0.2638251
0,0.25534302
0,0.25878713
0,0.26502696
0,0.25555128
0,0.24932273
0,0.25057614
0,0.26714945
0,0.258908
0,0.2613855
0,0.27962607
0,0.26426166
0,0.25946727
0,0.27845997
0,0.28831783
0,0.26758206
0,0.26378635
0,0.2686099
0,0.26274714
0,0.25881603
0,0.26061597
0,0.26441744
0,0.25268623
0,0.25130594
0,0.24334696
0,0.26219958
0,0.25138417
0,0.31866485
0,0.27404216
0,0.26450667
0,0.26156628
0,0.27033654
0,0.28117424
0,0.28627756
0,0.27589393
0,0.26274374
0,0.26240516
0,0.26763254
0,0.25385705
0,0.26337612
0,0.25999328
0,0.25334594
0,0.25567612
0,0.25987223
0,0.27435023
0,0.26021236
0,0.26350418
0,0.27570134
0,0.28971025
0,0.26354304
0,0.25539777
0,0.25202334
0,0.26519266
0,0.25154132
0,0.24923235
0,0.25506416
0,0.24574432
0,0.24455316
0,0.24760452
0,0.2516309
0,0.2621171
0,0.28475058
0,0.26447985
0,0.25524876
0,0.25991204
0,0.26046866
0,0.2538855
0,0.2551613
0,0.25584635
0,0.25503296
0,0.2624774
0,0.25768262
0,0.25782743
0,0.26855418
0,0.25965497
0,0.258966
0,0.2519667
0,0.25009942
0,0.24920693
0,0.25216594
0,0.2465308
0,0.24906018
0,0.24734643
0,0.24815547
0,0.25421345
0,0.258746
0,0.2642025
0,0.2682476
0,0.26054066
0,0.2601624
0,0.25138852
0,0.25770727
0,0.24895559
0,0.26170447
0,0.25385407
0,0.25555634
0,0.26381335
0,0.26938
0,0.25925025
0,0.26660067
0,0.26392493
0,0.2594461
0,0.25974274
0,0.25384623
0,0.25313675
0,0.25327384
0,0.25112438
0,0.2586999
0,0.25382945
0,0.24993484
0,0.2535694
0,0.2549926
0,0.24789728
0,0.256959
0,0.25379473
0,0.24801625
0,0.2494411
0,0.25528058
0,0.2591441
0,0.2701984
0,0.25606856
0,0.24892688
0,0.2509398
0,0.25692594
0,0.25314817
0,0.25944343
0,0.25137538
0,0.24411227
0,0.24348353
0,0.24999742
0,0.24068671
0,0.25869635
0,0.24477585
0,0.24982396
0,0.24139066
0,0.25094223
0,0.25695544
0,0.26318866
0,0.2504339
0,0.24150378
0,0.24857038
0,0.26333648
0,0.2539282
0,0.2525761
0,0.25134656
0,0.25450322
0,0.24771322
0,0.24896906
0,0.25594723
0,0.26064327
0,0.2592362
0,0.25444642
0,0.26461774
0,0.25577277
0,0.2567339
0,0.2540267
0,0.2560837
0,0.25358582
0,0.25231642
0,0.26068652
0,0.24563144
0,0.26112244
0,0.25139457
0,0.26139867
0,0.26007572
0,0.27573034
0,0.26662508
0,0.25899
0,0.2495996
0,0.25990993
0,0.25108674
0,0.25941232
0,0.2545569
0,0.24938837
0,0.25713792
0,0.26122266
0,0.25643843
0,0.26100916
0,0.24653788
0,0.25620508
0,0.25537705
0,0.24886821
0,0.25122708
0,0.24694076
0,0.25175595
0,0.25946346
0,0.24898818
0,0.25651258
0,0.26367128
0,0.26160553
0,0.24961875
0,0.25703683
0,0.25698584
0,0.25776982
0,0.24966252
0,0.25425708
0,0.25042677
0,0.24830148
0,0.24222305
0,0.24983546
0,0.24631676
0,0.24990222
0,0.256896
0,0.26592833
0,0.24803866
0,0.2534982
0,0.25826672
0,0.25378
0,0.2633931
0,0.25685182
0,0.25340635
0,0.25291356
0,0.25364232
0,0.26410064
0,0.25963673
0,0.25046647
0,0.25029606
0,0.25682417
0,0.25680014
0,0.26777798
0,0.2551015
0,0.2618972
0,0.2618657
0,0.26932845
0,0.26630744
0,0.27280056
0,0.26384875
0,0.26455
0,0.26116756
0,0.26550496
0,0.2565921
0,0.26538524
0,0.26155138
0,0.26450175
0,0.25903815
0,0.26388338
0,0.25526708
0,0.25044876
0,0.25117216
0,0.26197544
0,0.26920113
0,0.266626
0,0.27343702
0,0.25620124
0,0.3409313
0,0.29334062
0,0.276262
0,0.27720353
0,0.26531675
0,0.25520352
0,0.2509804
0,0.25659433
0,0.2545655
0,0.25725526
0,0.25111696
0,0.26570153
0,0.2548865
0,0.2573145
0,0.25781825
0,0.2741031
0,0.2610764
0,0.26031625
0,0.25412196
0,0.26164588
0,0.25443155
0,0.25558084
0,0.24911922
0,0.25242797
0,0.24219006
0,0.2599474
0,0.2497097
0,0.26648524
0,0.25079808
0,0.25272313
0,0.24567492
0,0.32605585
0,0.2821225
0,0.2764964
0,0.2559046
0,0.2676761
0,0.2705008
0,0.2705881
0,0.26944575
0,0.2596
0,0.2530062
0,0.26207295
0,0.24717484
0,0.2487234
0,0.24067193
0,0.2436732
0,0.2555647
0,0.2588284
0,0.25268847
0,0.24870782
0,0.24701819
0,0.25841644
0,0.25788262
0,0.26687112
0,0.25230238
0,0.24313043
0,0.24072856
0,0.2484278
0,0.24748172
0,0.24633916
0,0.2506697
0,0.24555747
0,0.24510698
0,0.2471673
0,0.24533567
0,0.24338354
0,0.24752584
0,0.24136586
0,0.24702436
0,0.25047418
0,0.24669893
0,0.24769883
0,0.25481805
0,0.250837
0,0.24457426
0,0.250892
0,0.24557346
0,0.2459088
0,0.2471874
0,0.24551696
0,0.23599517
0,0.24000688
0,0.24659944
0,0.24699858
0,0.2519839
0,0.25174427
0,0.24287657
0,0.24892421
0,0.2553746
0,0.24851026
0,0.24756773
0,0.24512376
0,0.23683861
0,0.24548219
0,0.24319822
0,0.25780055
0,0.24819265
0,0.2530873
0,0.2584064
0,0.2641318
0,0.25074264
0,0.2627767
0,0.2610782
0,0.26260844
0,0.25006083
0,0.25508776
0,0.24739355
0,0.26091656
0,0.26998723
0,0.26609075
0,0.26788104
0,0.27374712
0,0.27802348
0,0.30786255
0,0.29496282
0,0.29989678
0,0.3029247
0,0.28738514
0,0.28546697
0,0.27487656
0,0.26073757
0,0.26037052
0,0.2535321
0,0.25994194
0,0.27368164
0,0.26573187
0,0.27017918
0,0.26026532
0,0.264209
0,0.26085812
0,0.27197084
0,0.26370716
0,0.2528102
0,0.25624847
0,0.25100908
0,0.2591865
0,0.25563177
0,0.26649237
0,0.25756216
0,0.25164986
0,0.26107317
0,0.25067303
0,0.25453722
0,0.26399815
0,0.25473008
0,0.2580062
0,0.2695198
0,0.25228298
0,0.25992596
0,0.2747823
0,0.26099408
0,0.2824412
0,0.29226595
0,0.2765901
0,0.2617791
0,0.26651344
0,0.25723466
0,0.25545096
0,0.26313585
0,0.25602055
0,0.25520027
0,0.25125477
0,0.25331795
0,0.26077968
0,0.26393697
0,0.26545227
0,0.2508938
0,0.24885778
0,0.2516823
0,0.26152647
0,0.2556417
0,0.25468174
0,0.24977946
0,0.2544303
0,0.26607022
0,0.24991758
0,0.24930467
0,0.2512354
0,0.26577306
0,0.266143
0,0.26655096
0,0.26413038
0,0.24933769
0,0.2525787
0,0.24994047
0,0.26386106
0,0.27017137
0,0.27135298
0,0.25119743
0,0.27421835
0,0.27517205
0,0.2666904
0,0.26069376
0,0.26323935
0,0.26331523
0,0.28498396
0,0.28246805
0,0.30876616
0,0.30078125
0,0.306079
0,0.29984173
0,0.31769854
0,0.3074036
0,0.74337304
0,0.8298881
0,0.6913416
0,0.6118732
0,0.52558744
0,0.4299676
0,0.33093423
0,0.25800124
0,0.21871807
0,0.1801235
0,0.16196464
0,0.14972085
0,0.14145671
0,0.13496219
0,0.13206469
0,0.1348333
0,0.13632402
0,0.14079684
0,0.15193848
0,0.16302252
0,0.17662866
0,0.18907821
0,0.20217294
0,0.20564961
0,0.2168484
0,0.22101536
0,0.22575724
0,0.23487103
0,0.24124762
0,0.24150857
0,0.24743511
0,0.23772211
0,0.24593872
0,0.24254836
0,0.25109866
0,0.25040713
0,0.24575368
0,0.25517562
0,0.2539725
0,0.25553846
0,0.25111228
0,0.24762712
0,0.2584337
0,0.2450799
0,0.2548452
0,0.25005484
0,0.2596832
0,0.26432064
0,0.26638255
0,0.26300338
0,0.2535418
0,0.27004096
0,0.26530045
0,0.26228568
0,0.27550244
0,0.28124413
0,0.26780218
0,0.26165855
0,0.2584892
0,0.25252768
0,0.25660598
0,0.26507118
0,0.28807
0,0.30256754
0,0.3636973
0,0.36838222
0,0.32810587
0,0.29706267
0,0.2972639
0,0.2983262
0,0.28301153
0,0.2909108
0,0.28130186
0,0.27137142
0,0.27368107
0,0.27323917
0,0.27478334
0,0.25763312
0,0.26501033
0,0.26973212
0,0.26508206
0,0.2659922
0,0.28580996
0,0.268887
0,0.27343762
0,0.26439965
0,0.28683513
0,0.2689382
0,0.2677103
0,0.2624107
0,0.2618329
0,0.25572565
0,0.26612812
0,0.27814803
0,0.2724018
0,0.26558435
0,0.26972133
0,0.26689613
0,0.2807077
0,0.25994626
0,0.2590476
0,0.2663406
0,0.26369607
0,0.2668195
0,0.2588435
0,0.25549418
0,0.25695518
0,0.2559766
0,0.25685063
0,0.25380346
0,0.25802636
0,0.25396782
0,0.2543648
0,0.2690049
0,0.25398386
0,0.24887675
0,0.25324032
0,0.24926166
0,0.2516375
0,0.24438836
0,0.25961298
0,0.25331137
0,0.2654683
0,0.26146325
0,0.26409364
0,0.25816104
0,0.2570076
0,0.26278096
0,0.25555515
0,0.25202605
0,0.26592642
0,0.25938705
0,0.2647213
0,0.26822823
0,0.26832423
0,0.26245698
0,0.26029152
0,0.26476425
0,0.2554215
0,0.2674069
0,0.261694
0,0.26274365
0,0.2565679
0,0.2555184
0,0.25195497
0,0.25317284
0,0.25088653
0,0.25491452
0,0.24955359
0,0.25145087
0,0.26099095
0,0.2591942
0,0.25539038
0,0.2600199
0,0.2589361
0,0.26569748
0,0.28173366
0,0.2709242
0,0.28067514
0,0.27483937
0,0.26117748
0,0.26213953
0,0.2593868
0,0.26077953
0,0.27851668
0,0.26371378
0,0.26513
0,0.2695585
0,0.26611388
0,0.27087927
0,0.2559408
0,0.26634407
0,0.26593027
0,0.2570914
0,0.26450667
0,0.2626083
0,0.2619259
0,0.2608178
0,0.2783531
0,0.27538958
0,0.2674739
0,0.259602
0,0.25430682
0,0.25525004
0,0.26315266
0,0.3132078
0,0.27882794
0,0.2627916
0,0.26299834
0,0.26395905
0,0.25963065
0,0.26373956
0,0.2714756
0,0.253399
0,0.25516114
0,0.25066048
0,0.24737605
0,0.2441066
0,0.25901058
0,0.24822263
0,0.24661513
0,0.2562046
0,0.2518729
0,0.25273502
0,0.26240012
0,0.2592319
0,0.26544186
0,0.26089612
0,0.26761636
0,0.28080288
0,0.2633134
0,0.2562793
0,0.26385042
0,0.269794
0,0.26839694
0,0.26068276
0,0.2538689
0,0.25624713
0,0.25274864
0,0.24677227
0,0.24620984
0,0.2447769
0,0.24730948
0,0.26035675
0,0.26705924
0,0.26602915
0,0.26559344
0,0.25964782
0,0.279024
0,0.27269182
0,0.26612124
0,0.26422164
0,0.26527175
0,0.2668545
0,0.26426026
0,0.27703723
0,0.26719004
0,0.25898468
0,0.26052052
0,0.25329322
0,0.25297636
0,0.25309333
0,0.25622815
0,0.25260022
0,0.25563312
0,0.2479196
0,0.25317404
0,0.25720552
0,0.25573543
0,0.25390202
0,0.24816814
0,0.24480775
0,0.25107956
0,0.25591594
0,0.25515124
0,0.25197065
0,0.24833846
0,0.25726557
0,0.25459123
0,0.24927932
0,0.24705508
0,0.25603017
0,0.2518171
0,0.2491919
0,0.25265473
0,0.24961495
0,0.24513495
0,0.24767527
0,0.2477181
0,0.24393904
0,0.24681407
0,0.24964413
0,0.2478604
0,0.24914627
0,0.24860528
0,0.24421223
0,0.25729617
0,0.28076777
0,0.260397
0,0.2610166
0,0.28778774
0,0.27704334
0,0.28012976
0,0.2918625
0,0.2928415
0,0.28000236
0,0.2854545
0,0.28327528
0,0.46398154
0,0.46113893
0,0.36966932
0,0.32560903
0,0.310093
0,0.31779248
0,0.2851738
0,0.28607076
0,0.30656543
0,0.3025533
0,0.30582008
0,0.29580286
0,0.2985287
0,0.29418388
0,0.2746942
0,0.2611892
0,0.2654123
0,0.25950423
0,0.25910813
0,0.24119271
0,0.24129932
0,0.23752351
0,0.23364054
0,0.22996637
0,0.23286101
0,0.23786256
0,0.24223138
0,0.2408378
0,0.24669659
0,0.24615206
0,0.2553959
0,0.25307038
0,0.25516963
0,0.25976557
0,0.26100087
0,0.25462008
0,0.2560484
0,0.2614401
0,0.27324608
0,0.28229916
0,0.2673741
0,0.2706678
0,0.2632115
0,0.2596859
0,0.26053953
0,0.26236087
0,0.25700247
0,0.253989
0,0.25345832
0,0.24854238
0,0.24903646
0,0.26934078
0,0.26272333
0,0.25847498
0,0.27214053
0,0.28397438
0,0.27592784
0,0.26845807
0,0.27179
0,0.26791146
0,0.2706274
0,0.2722603
0,0.27095884
0,0.2631526
0,0.26859948
0,0.26895273
0,0.26452428
0,0.2637127
0,0.26129124
0,0.25507566
0,0.24894562
0,0.24798886
0,0.2464371
0,0.24779098
0,0.2563915
0,0.25359935
0,0.2563957
0,0.25569108
0,0.2680958
0,0.27266237
0,0.26810756
0,0.2713306
0,0.281943
0,0.2659305
0,0.26827952
0,0.25731403
0,0.26150796
0,0.25798783
0,0.27123803
0,0.2626712
0,0.26240018
0,0.26361695
0,0.26250032
0,0.26457253
0,0.2617585
0,0.26404843
0,0.26305547
0,0.26316005
0,0.26135963
0,0.25744107
0,0.253475
0,0.26830664
0,0.3454376
0,0.28217205
0,0.27675566
0,0.2769162
0,0.2708038
0,0.26376197
0,0.266133
0,0.26916325
0,0.27012238
0,0.27410823
0,0.2848587
0,0.2669581
0,0.2653372
0,0.2681755
0,0.26369724
0,0.25704274
0,0.2563958
0,0.25575462
0,0.25434718
0,0.25816745
0,0.25081512
0,0.24922638
0,0.25504884
0,0.26245046
0,0.25737536
0,0.25863722
0,0.26729083
0,0.2687303
0,0.25932598
0,0.26664627
0,0.26237425
0,0.260002
0,0.2692935
0,0.26226842
0,0.26893815
0,0.2657851
0,0.269
0,0.26637357
0,0.27377692
0,0.26046556
0,0.26630914
0,0.27134192
0,0.27300027
0,0.2676124
0,0.25689635
0,0.25774643
0,0.25130048
0,0.25330415
0,0.26077753
0,0.26406074
0,0.2765929
0,0.26948863
0,0.2787001
0,0.26895508
0,0.25715476
0,0.25925326
0,0.261418
0,0.2553271
0,0.24910684
0,0.2555369
0,0.2586865
0,0.2623983
0,0.26473373
0,0.38414407
0,0.32454252
0,0.3051425
0,0.27651355
0,0.2710862
0,0.27193135
0,0.26834205
0,0.26183352
0,0.2728164
0,0.28297913
0,0.26596418
0,0.26590747
0,0.2602638
0,0.2501773
0,0.24944106
0,0.26560536
0,0.26334947
0,0.26105723
0,0.25810906
0,0.26456642
0,0.2619884
0,0.25978217
0,0.25993764
0,0.25785202
0,0.2544435
0,0.25569752
0,0.26479432
0,0.26364216
0,0.25627628
0,0.25122213
0,0.25326124
0,0.26387173
0,0.25666893
0,0.2562164
0,0.24807256
0,0.26270854
0,0.2525908
0,0.27084273
0,0.25969964
0,0.27061233
0,0.2605753
0,0.26844653
0,0.2537887
0,0.26424408
0,0.26305476
0,0.25535077
0,0.26254892
0,0.25934786
0,0.26606548
0,0.2693611
0,0.27665696
0,0.27309707
0,0.26427254
0,0.26885942
0,0.2653293
0,0.26181164
0,0.2757245
0,0.26961675
0,0.26077583
0,0.26498723
0,0.25734064
0,0.26260585
0,0.25821403
0,0.25447175
0,0.26970208
0,0.26563284
0,0.26291963
0,0.26250172
0,0.25724974
0,0.25621155
0,0.256012
0,0.2594923
0,0.26286134
0,0.26246867
0,0.2544756
0,0.24933612
0,0.2639739
0,0.26142278
0,0.2552061
0,0.26015076
0,0.25175026
0,0.26769805
0,0.26449683
0,0.27128282
0,0.26301664
0,0.2565234
0,0.2644366
0,0.270017
0,0.28956923
0,0.29782903
0,0.2828846
0,0.27288508
0,0.26951557
0,0.26608148
0,0.2640746
0,0.25490743
0,0.25397572
0,0.24654298
0,0.2570801
0,0.2655197
0,0.25151658
0,0.26352942
0,0.25813958
0,0.25362086
0,0.2535576
0,0.24594279
0,0.2576256
0,0.26510972
0,0.2581775
0,0.26222244
0,0.25439972
0,0.26394796
0,0.25924644
0,0.25213942
0,0.25870928
0,0.25052404
0,0.25369793
0,0.25355676
0,0.2674866
0,0.26524648
0,0.25786573
0,0.27466288
0,0.2611132
0,0.26478928
0,0.25859037
0,0.26290926
0,0.26358452
0,0.25745773
0,0.25917682
0,0.24970804
0,0.2525672
0,0.25603554
0,0.26176828
0,0.27468258
0,0.27139416
0,0.2792901
0,0.26995054
0,0.26561466
0,0.2680592
0,0.2669771
0,0.26651832
0,0.27122405
0,0.272985
0,0.28098226
0,0.27670166
0,0.26750553
0,0.26463747
0,0.26146746
0,0.2558646
0,0.25585723
0,0.24956669
0,0.26517093
0,0.2613633
0,0.25872076
0,0.25987786
0,0.26758188
0,0.27009174
0,0.2719446
0,0.26406562
0,0.265926
0,0.2613376
0,0.28804573
0,0.28771976
0,0.28824654
0,0.2824884
0,0.2705219
0,0.27606
0,0.27895248
0,0.26553214
0,0.25956568
0,0.2627705
0,0.25564307
0,0.25609958
0,0.2654514
0,0.2585633
0,0.2656582
0,0.26101002
0,0.26579165
0,0.25901717
0,0.27151516
0,0.26046035
0,0.2673837
0,0.26100087
0,0.27093616
0,0.2612466
0,0.25832412
0,0.25846964
0,0.2617704
0,0.2610783
0,0.2523559
0,0.25845966
0,0.26026294
0,0.256912
0,0.2609302
0,0.26018748
0,0.2610499
0,0.26000348
0,0.26097015
0,0.25499395
0,0.25839826
0,0.2592844
0,0.2590687
0,0.26253387
0,0.260418
0,0.26991442
0,0.26351693
0,0.26463002
0,0.25589666
0,0.26986676
0,0.26654178
0,0.26920825
0,0.26398233
0,0.2671147
0,0.2638893
0,0.2644559
0,0.26081973
0,0.2591854
0,0.25889975
0,0.2788973
0,0.28167784
0,0.2787217
0,0.26895288
0,0.26838642
0,0.26175222
0,0.26580676
0,0.27417704
0,0.26387337
0,0.32307172
0,0.30843955
0,0.29700038
0,0.29769948
0,0.32258335
0,0.3220992
0,0.31085134
0,0.31199163
0,0.29273832
0,0.2854368
0,0.2861233
0,0.28362113
0,0.27776593
0,0.2657618
0,0.26281983
0,0.26193595
0,0.26585382
0,0.25990367
0,0.25456667
0,0.25335965
0,0.26186684
0,0.26707855
0,0.2665956
0,0.27495885
0,0.2944893
0,0.28732157
0,0.29477206
0,0.2815752
0,0.278982
0,0.2787741
0,0.313331
0,0.30493337
0,0.3041784
0,0.3006129
0,0.28392816
0,0.28847444
0,0.27593443
0,0.2879639
0,0.2687435
0,0.27526754
0,0.2776623
0,0.27236095
0,0.26779985
0,0.26051942
0,0.26208922
0,0.25475886
0,0.25786376
0,0.26247528
0,0.27459767
0,0.2702399
0,0.26626718
0,0.2660408
0,0.2661585
0,0.26722878
0,0.26404017
0,0.26384062
0,0.25917962
0,0.2619166
0,0.27143535
0,0.2650967
0,0.2646064
0,0.2593322
0,0.2724685
0,0.27117395
0,0.27389348
0,0.27323303
0,0.26364326
0,0.26105297
0,0.2887172
0,0.27046105
0,0.27381203
0,0.26692984
0,0.2612628
0,0.2726872
0,0.26049215
0,0.2605656
0,0.26563257
0,0.25789928
0,0.2646335
0,0.2531286
0,0.25063282
0,0.25325787
0,0.24979095
0,0.25146618
0,0.26497412
0,0.2612581
0,0.26534498
0,0.27281886
0,0.2673494
0,0.26850408
0,0.26867846
0,0.27218467
0,0.27028063
0,0.27443117
0,0.27003807
0,0.26379782
0,0.26438317
0,0.26490664
0,0.2642698
0,0.25521883
0,0.2606279
0,0.2607159
0,0.2771642
0,0.27459598
0,0.27163407
0,0.26628786
0,0.2652844
0,0.26000804
0,0.26151726
0,0.26590544
0,0.28068152
0,0.2844955
0,0.30240163
0,0.30676594
0,0.34457892
0,0.37139472
0,0.34233776
0,0.33143082
0,0.29939845
0,0.28766775
0,0.2740245
0,0.27190557
0,0.26926258
0,0.26669848
0,0.26385868
0,0.26087785
0,0.25984973
0,0.26265347
0,0.25910944
0,0.25906625
0,0.25082672
0,0.25577214
0,0.2647443
0,0.2587225
0,0.25700638
0,0.25656262
0,0.267591
0,0.26344743
0,0.27754363
0,0.27346006
0,0.2772082
0,0.27492732
0,0.26634008
0,0.2601314
0,0.26964158
0,0.25979188
0,0.26573512
0,0.26323634
0,0.2764993
0,0.26461706
0,0.2690065
0,0.2625955
0,0.26715255
0,0.26091287
0,0.26150438
0,0.2598657
0,0.25079283
0,0.25627214
0,0.26439816
0,0.25448453
0,0.25235477
0,0.25792724
0,0.26540896
0,0.25759128
0,0.2699576
0,0.27143925
0,0.28678045
0,0.29105288
0,0.28401586
0,0.2801911
0,0.27580222
0,0.27035448
0,0.25974816
0,0.26242217
0,0.2700443
0,0.2644412
0,0.25502965
0,0.25920495
0,0.26279795
0,0.2544596
0,0.26120225
0,0.26364622
0,0.26288858
0,0.2646712
0,0.26329044
0,0.26583385
0,0.25879732
0,0.25378793
0,0.2585277
0,0.25317982
0,0.26893264
0,0.2635543
0,0.2614259
0,0.25497293
0,0.25731975
0,0.26326594
0,0.25963292
0,0.2574677
0,0.2739229
0,0.2641658
0,0.27452016
0,0.2634742
0,0.27135947
0,0.26824945
0,0.274803
0,0.26607808
0,0.26163882
0,0.2568764
0,0.261418
0,0.2572595
0,0.25465044
0,0.26073757
0,0.26131728
0,0.26125386
0,0.2638293
0,0.25898936
0,0.25059873
0,0.24996671
0,0.25037348
0,0.25847653
0,0.24889693
0,0.24900241
0,0.25513664
0,0.24998902
0,0.24857472
0,0.25302953
0,0.2448313
0,0.2530528
0,0.24907954
0,0.24664102
0,0.250877
0,0.2646929
0,0.25740322
0,0.25429833
0,0.25966227
0,0.25278813
0,0.24830814
0,0.258345
0,0.25556365
0,0.26449442
0,0.25171715
0,0.25061497
0,0.25790277
0,0.26219743
0,0.2613045
0,0.25863728
0,0.2645787
0,0.260998
0,0.26485348
0,0.25943416
0,0.26643583
0,0.25783205
0,0.25564355
0,0.26277125
0,0.25023532
0,0.24635777
0,0.25417605
0,0.26732892
0,0.26122442
0,0.26230744
0,0.27201182
0,0.25904974
0,0.26177758
0,0.26001334
0,0.25982386
0,0.26527828
0,0.29134738
0,0.27904955
0,0.2928211
0,0.28450125
0,0.27766645
0,0.2703131
0,0.26757482
0,0.28791922
0,0.2766403
0,0.26838848
0,0.27048042
0,0.2679304
0,0.2589221
0,0.26361847
0,0.25579718
0,0.26508713
0,0.25908977
0,0.26091278
0,0.25937948
0,0.2573683
0,0.2465648
0,0.25547436
0,0.2629078
0,0.29946646
0,0.28297088
0,0.2882575
0,0.27351236
0,0.276727
0,0.27600223
0,0.26970983
0,0.2644742
0,0.25916126
0,0.25774318
0,0.25826907
0,0.26132557
0,0.259169
0,0.25446847
0,0.25790724
0,0.25286618
0,0.25215992
0,0.2554328
0,0.25674945
0,0.24816675
0,0.2512815
0,0.24938308
0,0.25119996
0,0.24806
0,0.2523717
0,0.26289284
0,0.2591695
0,0.2649562
0,0.26110047
0,0.25848436
0,0.25478774
0,0.2586486
0,0.25566405
0,0.25368246
0,0.2586421
0,0.25957713
0,0.25925532
0,0.2625427
0,0.2639336
0,0.25221673
0,0.25368574
0,0.25944945
0,0.2603969
0,0.26631397
0,0.25926772
0,0.25737473
0,0.26358747
0,0.26284692
0,0.25597018
0,0.25080606
0,0.2546668
0,0.24961065
0,0.24866757
0,0.25080052
0,0.25232935
0,0.25413993
0,0.2585847
0,0.25784782
0,0.25512302
0,0.24756202
0,0.24751414
0,0.2472592
0,0.25818455
0,0.26084968
0,0.26584938
0,0.2607192
0,0.26203865
0,0.2566161
0,0.25523943
0,0.26219612
0,0.25176996
0,0.2591542
0,0.26000506
0,0.26215103
0,0.2560755
0,0.26230004
0,0.26722118
0,0.25894067
0,0.26548046
0,0.2740087
0,0.27091995
0,0.26168492
0,0.25883922
0,0.25549057
0,0.2586597
0,0.25945303
0,0.25425664
0,0.25278142
0,0.25090575
0,0.25118545
0,0.25031468
0,0.24973156
0,0.24770397
0,0.2597892
0,0.26880664
0,0.26407003
0,0.27713814
0,0.26570797
0,0.2694067
0,0.27325612
0,0.2774125
0,0.26244825
0,0.27142864
0,0.2855837
0,0.30959907
0,0.3180455
0,0.31442478
0,0.34060985
0,0.35148677
0,0.35080603
0,0.35480744
0,0.31732228
0,0.30333775
0,0.28660598
0,0.29299912
0,0.2756722
0,0.26993412
0,0.26291066
0,0.27658454
0,0.26491225
0,0.2644042
0,0.2534787
0,0.2588114
0,0.25439954
0,0.2531143
0,0.26276544
0,0.25879365
0,0.25249508
0,0.25489223
0,0.26537108
0,0.2695669
0,0.2616122
0,0.26478812
0,0.28766435
0,0.3072827
0,0.33997932
0,0.3286301
0,0.3256138
0,0.2954929
0,0.2717914
0,0.2704328
0,0.26553252
0,0.2761193
0,0.4080765
0,0.33980808
0,0.30355823
0,0.28545666
0,0.27999026
0,0.27688465
0,0.27722672
0,0.27483624
0,0.26997152
0,0.26349407
0,0.26617873
0,0.26055184
0,0.25772712
0,0.25764513
0,0.29796484
0,0.26843885
0,0.26744273
0,0.25792488
0,0.26952928
0,0.2759267
0,0.26490182
0,0.26850426
0,0.26476923
0,0.2689776
0,0.25903443
0,0.2655403
0,0.2574881
0,0.258216
0,0.3144036
0,0.27660826
0,0.27183887
0,0.2724405
0,0.26076818
0,0.26791054
0,0.27014816
0,0.26656893
0,0.26750395
0,0.25920352
0,0.26393944
0,0.27079037
0,0.262084
0,0.25841856
0,0.27093276
0,0.27461946
0,0.2709583
0,0.26737812
0,0.26141745
0,0.2593017
0,0.25655794
0,0.25274387
0,0.24863932
0,0.25259554
0,0.25516817
0,0.2509208
0,0.25023448
0,0.24869761
0,0.25995094
0,0.25828788
0,0.24704292
0,0.2634371
0,0.24893816
0,0.2530127
0,0.2542573
0,0.25531918
0,0.25797334
0,0.25941977
0,0.2579671
0,0.25441852
0,0.25483057
0,0.2605223
0,0.2504133
0,0.2555327
0,0.26008978
0,0.25430107
0,0.24768434
0,0.24941503
0,0.23869045
0,0.24440792
0,0.25171304
0,0.27009305
0,0.25771254
0,0.2585282
0,0.25553176
0,0.2520892
0,0.25241962
0,0.24974519
0,0.24935853
0,0.24667785
0,0.25380164
0,0.24838012
0,0.253452
0,0.25900555
0,0.25733516
0,0.25641856
0,0.2734851
0,0.26789573
0,0.26898137
0,0.26227495
0,0.26366806
0,0.2627962
0,0.26425543
0,0.25530687
0,0.25599
0,0.25504497
0,0.25503984
0,0.2621556
0,0.25215966
0,0.25603285
0,0.25881028
0,0.25814578
0,0.2756524
0,0.26572043
0,0.2596816
0,0.26097342
0,0.25606307
0,0.25297523
0,0.25772002
0,0.2515774
0,0.2457404
0,0.24819723
0,0.24486949
0,0.24641629
0,0.24606599
0,0.2457146
0,0.24506973
0,0.2536691
0,0.25282547
0,0.25416273
0,0.25742614
0,0.25852397
0,0.26266345
0,0.25646466
0,0.26207754
0,0.26397443
0,0.2602926
0,0.26689675
0,0.27061188
0,0.2611646
0,0.26456788
0,0.25657105
0,0.26111665
0,0.25950828
0,0.26175523
0,0.25572202
0,0.27076533
0,0.26828417
0,0.25991005
0,0.25628766
0,0.26401168
0,0.2553697
0,0.2610446
0,0.26544645
0,0.26052612
0,0.26646963
0,0.2596498
0,0.25669268
0,0.26247132
0,0.25777107
0,0.25840992
0,0.25421607
0,0.25244418
0,0.25800884
0,0.25280204
0,0.25269568
0,0.25135303
0,0.25674063
0,0.25572547
0,0.2531147
0,0.24780145
0,0.25086468
0,0.26315147
0,0.2549942
0,0.25462717
0,0.25295195
0,0.2571785
0,0.2519643
0,0.25845572
0,0.25828493
0,0.255497
0,0.253573
0,0.26646608
0,0.26853567
0,0.26134795
0,0.26423642
0,0.26834044
0,0.25794888
0,0.26047367
0,0.25912264
0,0.25540814
0,0.25189492
0,0.2623212
0,0.25956285
0,0.26184085
0,0.26544905
0,0.26155064
0,0.25493687
0,0.26155436
0,0.2592453
0,0.26340804
0,0.25628683
0,0.26407397
0,0.25844204
0,0.25957036
0,0.26308393
0,0.25897864
0,0.2638969
0,0.2609609
0,0.2596419
0,0.25291014
0,0.2590869
0,0.2617024
0,0.2555811
0,0.2508735
0,0.2606433
0,0.2553779
0,0.25969937
0,0.2622632
0,0.27947608
0,0.2527576
0,0.26515487
0,0.26418772
0,0.2688373
0,0.25958875
0,0.26181167
0,0.2617974
0,0.2608108
0,0.25536606
0,0.25506762
0,0.25686595
0,0.25343612
0,0.25023195
0,0.25113612
0,0.24786426
0,0.24730133
0,0.25650057
0,0.25152013
0,0.25607327
0,0.24954093
0,0.61713517
0,0.65727973
0,0.48563173
0,0.39965484
0,0.34371468
0,0.31326094
0,0.30237907
0,0.29085523
0,0.2819375
0,0.27115908
0,0.263868
0,0.2679383
0,0.264731
0,0.26015002
0,0.24793284
0,0.24388708
0,0.22375907
0,0.21948184
0,0.2140731
0,0.20846164
0,0.21215236
0,0.21433572
0,0.2241867
0,0.23381947
0,0.23654301
0,0.24690786
0,0.23862043
0,0.24375671
0,0.2612541
0,0.25735885
0,0.2651134
0,0.26128313
0,0.27369297
0,0.2762159
0,0.28577596
0,0.2709339
0,0.2668797
0,0.27619004
0,0.27054483
0,0.26827648
0,0.268903
0,0.2677605
0,0.26155224
0,0.25998864
0,0.27719915
0,0.26800668
0,0.269334
0,0.26298413
0,0.25896665
0,0.26133168
0,0.25578728
0,0.2601835
0,0.25495952
0,0.2543792
0,0.2523684
0,0.2532228
0,0.25617072
0,0.25257668
0,0.264372
0,0.2721654
0,0.28026187
0,0.2692122
0,0.280565
0,0.29034796
0,0.28017884
0,0.2751739
0,0.26863337
0,0.26545036
0,0.2568986
0,0.25970542
0,0.26302215
0,0.26242405
0,0.2593317
0,0.25740317
0,0.2562853
0,0.2581951
0,0.26083454
0,0.258403
0,0.25592119
0,0.25828826
0,0.26462853
0,0.26116046
0,0.27372736
0,0.2605133
0,0.2694998
0,0.2616755
0,0.26325747
0,0.2567227
0,0.2600722
0,0.25560775
0,0.25664708
0,0.2540358
0,0.26050013
0,0.25749224
0,0.26302832
0,0.25525457
0,0.261092
0,0.25420475
0,0.25044265
0,0.2482682
0,0.3212039
0,0.30952188
0,0.30227703
0,0.2917412
0,0.2845684
0,0.27708045
0,0.2736459
0,0.26609004
0,0.26182854
0,0.25597814
0,0.2600312
0,0.2564521
0,0.26143733
0,0.26374623
0,0.26237497
0,0.2619208
0,0.2505601
0,0.2539452
0,0.25693658
0,0.2598055
0,0.25432086
0,0.2533718
0,0.25756726
0,0.2722523
0,0.2655818
0,0.26065108
0,0.2607995
0,0.2560277
0,0.26094
0,0.26194862
0,0.2646413
0,0.26279268
0,0.2655424
0,0.26056075
0,0.26460457
0,0.26064426
0,0.25729525
0,0.2531459
0,0.25962514
0,0.25557747
0,0.2635357
0,0.26354054
0,0.26372838
0,0.26929733
0,0.27240217
0,0.26292908
0,0.26852685
0,0.2715648
0,0.2743871
0,0.26494533
0,0.26523292
0,0.26420555
0,0.26362693
0,0.2585622
0,0.25993532
0,0.25637224
0,0.2531797
0,0.2561532
0,0.2533127
0,0.25105333
0,0.25987086
0,0.2524441
0,0.26047722
0,0.25406876
0,0.26216602
0,0.25825334
0,0.26223722
0,0.263745
0,0.27124545
0,0.26267534
0,0.2597426
0,0.26386756
0,0.25877452
0,0.26142702
0,0.25295463
0,0.2592857
0,0.2600399
0,0.26839864
0,0.25893602
0,0.26283374
0,0.26437488
0,0.26743916
0,0.26800495
0,0.2656788
0,0.25487974
0,0.2590838
0,0.28525236
0,0.27870885
0,0.2651451
0,0.26144752
0,0.2620875
0,0.2600617
0,0.26036838
0,0.2555842
0,0.25277287
0,0.25347584
0,0.26467025
0,0.2639372
0,0.25677404
0,0.26365218
0,0.25537944
0,0.27561247
0,0.27106503
0,0.26323333
0,0.26085642
0,0.26120588
0,0.26402512
0,0.259425
0,0.2627259
0,0.25893363
0,0.26268527
0,0.25568196
0,0.26280308
0,0.2641216
0,0.27048832
0,0.26961896
0,0.2608815
0,0.25507057
0,0.2560051
0,0.25670344
0,0.26019794
0,0.25616142
0,0.2607649
0,0.2527015
0,0.2538402
0,0.26253483
0,0.26706097
0,0.27866405
0,0.2730825
0,0.2782464
0,0.2684492
0,0.26171184
0,0.26239437
0,0.2655927
0,0.2732205
0,0.26236573
0,0.28800797
0,0.28493124
0,0.2844204
0,0.28752616
0,0.27953148
0,0.27048954
0,0.26623645
0,0.26383215
0,0.25941694
0,0.2623346
0,0.26323542
0,0.2628609
0,0.26917702
0,0.25996935
0,0.26642442
0,0.25806937
0,0.25590774
0,0.2539138
0,0.26007035
0,0.25555527
0,0.26187474
0,0.25929397
0,0.25442493
0,0.25782165
0,0.25260106
0,0.2598954
0,0.25222406
0,0.2630847
0,0.25885525
0,0.2572012
0,0.25731784
0,0.26114878
0,0.27257174
0,0.27364936
0,0.28874776
0,0.27054968
0,0.26543245
0,0.2658281
0,0.26983413
0,0.2731109
0,0.2630931
0,0.25896692
0,0.25664666
0,0.25915936
0,0.25592136
0,0.2543222
0,0.2536936
0,0.25132766
0,0.25564677
0,0.25712907
0,0.25704223
0,0.26234135
0,0.2608432
0,0.25433138
0,0.26042423
0,0.25787932
0,0.26338887
0,0.268931
0,0.28568837
0,0.27004492
0,0.27200332
0,0.27185085
0,0.29255047
0,0.2773118
0,0.274058
0,0.27530664
0,0.2712308
0,0.2676742
0,0.262077
0,0.263954
0,0.2686775
0,0.25884524
0,0.26055926
0,0.2657823
0,0.26484448
0,0.25707746
0,0.264387
0,0.2708425
0,0.2610585
0,0.27172768
0,0.2726155
0,0.26015142
0,0.27202377
0,0.2641545
0,0.2720376
0,0.27913052
0,0.26064146
0,0.25919232
0,0.26327214
0,0.26114556
0,0.26315767
0,0.25933138
0,0.2615914
0,0.26718903
0,0.26107788
0,0.26131183
0,0.26265442
0,0.2583364
0,0.26161855
0,0.2570209
0,0.27835155
0,0.2787648
0,0.28116298
0,0.27667463
0,0.26515406
0,0.26600987
0,0.26719657
0,0.28224152
0,0.27106696
0,0.2785803
0,0.2774833
0,0.28386274
0,0.31005138
0,0.30632156
0,0.3147468
0,0.30013686
0,0.31174454
0,0.29993844
0,0.31985435
0,0.3083488
0,0.3106422
0,0.30628857
0,0.29765052
0,0.27544633
0,0.28825265
0,0.2935769
0,0.28656545
0,0.27752614
0,0.2726959
0,0.27814406
0,0.27608463
0,0.2690117
0,0.26620066
0,0.26605302
0,0.27040884
0,0.27926707
0,0.27900428
0,0.26641497
0,0.275077
0,0.26682833
0,0.28229994
0,0.28345063
0,0.28671244
0,0.2925667
0,0.2887745
0,0.29031068
0,0.30522057
0,0.3001177
0,0.2952277
0,0.29624853
0,0.28484586
0,0.27241018
0,0.274383
0,0.27947682
0,0.27710345
0,0.27799278
0,0.2744638
0,0.27355674
0,0.27117747
0,0.27476686
0,0.29221633
0,0.2791277
0,0.27695096
0,0.2665949
0,0.269171
0,0.27099153
0,0.2667672
0,0.2711552
0,0.27543756
0,0.30266124
0,0.30275613
0,0.30569702
0,0.29135296
0,0.28039137
0,0.28561872
0,0.27699563
0,0.29264927
0,0.30130178
0,0.30378515
0,0.30908388
0,0.32350016
0,0.31246597
0,0.3071057
0,0.30651292
0,0.28951642
0,0.28555033
0,0.27521333
0,0.27338862
0,0.265246
0,0.26819733
0,0.2658873
0,0.29319215
0,0.28412235
0,0.28127795
0,0.27496216
0,0.27440578
0,0.27456227
0,0.2802753
0,0.27686793
0,0.26664382
0,0.26049316
0,0.26432064
0,0.25732532
0,0.27005607
0,0.26314268
0,0.2620423
0,0.25489086
0,0.26552594
0,0.25393936
0,0.25448453
0,0.26049957
0,0.26526198
0,0.2548834
0,0.2654124
0,0.26543996
0,0.2684015
0,0.27532786
0,0.26566637
0,0.2667232
0,0.26225132
0,0.2534556
0,0.25724167
0,0.2844007
0,0.26954365
0,0.27028534
0,0.2624948
0,0.2633455
0,0.25821573
0,0.26079413
0,0.25561416
0,0.277237
0,0.26661828
0,0.2649317
0,0.26296493
0,0.26210237
0,0.2641939
0,0.26679018
0,0.2627673
0,0.26194203
0,0.27179837
0,0.27740836
0,0.2813576
0,0.2715707
0,0.2701879
0,0.26562458
0,0.26858655
0,0.27590153
0,0.27151015
0,0.26536602
0,0.26776016
0,0.2739792
0,0.27133483
0,0.26512715
0,0.26714772
0,0.26120964
0,0.264268
0,0.25991285
0,0.26247308
0,0.27002838
0,0.27244475
0,0.2740945
0,0.2654696
0,0.27551514
0,0.27111882
0,0.28040227
0,0.27472073
0,0.26468232
0,0.2653235
0,0.27139413
0,0.26393932
0,0.26952383
0,0.26336125
0,0.28577936
0,0.26993808
0,0.27498367
0,0.26900336
0,0.27626798
0,0.27230263
0,0.27440625
0,0.29683858
0,0.28852582
0,0.28999543
0,0.28084016
0,0.2793946
0,0.27470523
0,0.2679219
0,0.26989615
0,0.27511328
0,0.2851735
0,0.26757935
0,0.26891068
0,0.27066347
0,0.2797023
0,0.27667657
0,0.2599556
0,0.27053368
0,0.2812956
0,0.2593191
0,0.26480755
0,0.25597617
0,0.2695199
0,0.2562016
0,0.2642347
0,0.2897726
0,0.27217928
0,0.27220458
0,0.2705015
0,0.27377713
0,0.26743573
0,0.26805288
0,0.27700174
0,0.2944248
0,0.2757227
0,0.2856045
0,0.2789655
0,0.2696883
0,0.40777323
0,0.3345905
0,0.30539954
0,0.2916955
0,0.2900994
0,0.28145063
0,0.27037582
0,0.2701096
0,0.27416706
0,0.26744935
0,0.26705942
0,0.26400322
0,0.27268264
0,0.26619363
0,0.26045805
0,0.26358765
0,0.25923452
0,0.2672044
0,0.27446374
0,0.26563546
0,0.2599223
0,0.27326405
0,0.2880124
0,0.27057216
0,0.2734095
0,0.27919984
0,0.26415747
0,0.26189953
0,0.25568056
0,0.2599176
0,0.2530079
0,0.25355533
0,0.24936076
0,0.25163567
0,0.24735314
0,0.2536226
0,0.24882205
0,0.25255126
0,0.25915086
0,0.2572056
0,0.25781006
0,0.2724979
0,0.26745024
0,0.26208732
0,0.26478654
0,0.27594584
0,0.27460396
0,0.27452683
0,0.26893735
0,0.27091676
0,0.27812275
0,0.2664008
0,0.26501024
0,0.2640355
0,0.26253328
0,0.26975614
0,0.27507147
0,0.2827227
0,0.25999385
0,0.267703
0,0.2776535
0,0.29133564
0,0.2816348
0,0.29953998
0,0.2781509
0,0.26581886
0,0.2800555
0,0.27167812
0,0.2664278
0,0.2828311
0,0.26861554
0,0.2822386
0,0.28012648
0,0.27768278
0,0.2693841
0,0.27335072
0,0.26450962
0,0.26821688
0,0.2610684
0,0.26785317
0,0.2703467
0,0.27186558
0,0.27654618
0,0.26991415
0,0.27522358
0,0.27426338
0,0.28296527
0,0.27620602
0,0.2862236
0,0.2821024
0,0.27287814
0,0.30089697
0,0.31133023
0,0.294771
0,0.27663958
0,0.2740642
0,0.26466903
0,0.26554734
0,0.27183217
0,0.26950067
0,0.26430276
0,0.2645997
0,0.2691844
0,0.26844174
0,0.27771807
0,0.26739874
0,0.26201448
0,0.2566142
0,0.27448013
0,0.2817395
0,0.2735009
0,0.2671597
0,0.27102038
0,0.27541843
0,0.27093607
0,0.28713396
0,0.27628142
0,0.27733624
0,0.27412042
0,0.27167994
0,0.27257097
0,0.2669426
0,0.2696446
0,0.25980455
0,0.2643622
0,0.26904735
0,0.265986
0,0.26943347
0,0.2682105
0,0.2734011
0,0.27530912
0,0.27720216
0,0.27101642
0,0.2724048
0,0.28506258
0,0.27224195
0,0.27386364
0,0.2777757
0,0.2757682
0,0.27330428
0,0.27004963
0,0.2781489
0,0.26848269
0,0.26970795
0,0.25427014
0,0.26487395
0,0.2609226
0,0.28112298
0,0.2670866
0,0.27225822
0,0.26498356
0,0.26972386
0,0.26637614
0,0.2713709
0,0.26310733
0,0.25530958
0,0.25972816
0,0.2594752
0,0.33190098
0,0.28785616
0,0.27632195
0,0.27162588
0,0.2766418
0,0.2686683
0,0.2775945
0,0.27655149
0,0.26825732
0,0.27307823
0,0.26347253
0,0.26692638
0,0.26269662
0,0.2708017
0,0.28333452
0,0.29788962
0,0.32511726
0,0.38324046
0,0.36430368
0,0.35353732
0,0.34462574
0,0.3210758
0,0.30954954
0,0.29975605
0,0.29179978
0,0.29463604
0,0.28348085
0,0.2846301
0,0.2831303
0,0.28723106
0,0.2872177
0,0.2817359
0,0.26482907
0,0.2751295
0,0.2585646
0,0.27272114
0,0.2545714
0,0.2627954
0,0.2502473
0,0.24970357
0,0.2536222
0,0.25042573
0,0.26162735
0,0.2723979
0,0.2664901
0,0.25762424
0,0.26467085
0,0.26126748
0,0.26315516
0,0.27140886
0,0.26546037
0,0.27054855
0,0.26512107
0,0.26880512
0,0.26569793
0,0.27359742
0,0.2854388
0,0.27928013
0,0.27133468
0,0.27380928
0,0.26667264
0,0.28397176
0,0.26996422
0,0.28003716
0,0.26850224
0,0.27251086
0,0.2701849
0,0.2723674
0,0.2656485
0,0.26635772
0,0.2729971
0,0.27057722
0,0.26919353
0,0.27004504
0,0.26253602
0,0.26777217
0,0.2754288
0,0.2736228
0,0.28354028
0,0.29490596
0,0.2844465
0,0.2807857
0,0.28029796
0,0.27484554
0,0.26649582
0,0.2762883
0,0.28136057
0,0.27446428
0,0.28798872
0,0.27395353
0,0.27147847
0,0.27024594
0,0.2710123
0,0.26828542
0,0.2692926
0,0.26361254
0,0.2563119
0,0.27853766
0,0.26383194
0,0.27026156
0,0.2697587
0,0.26643154
0,0.28283945
0,0.27600938
0,0.26254
0,0.28063124
0,0.2842827
0,0.2777882
0,0.27713436
0,0.26968038
0,0.2683527
0,0.26477307
0,0.2675919
0,0.27963004
0,0.2707417
0,0.2728531
0,0.26800168
0,0.2587245
0,0.26659068
0,0.27777323
0,0.27138475
0,0.27558795
0,0.28724787
0,0.30238113
0,0.30209422
0,0.2864741
0,0.29640865
0,0.2964156
0,0.28643426
0,0.29303265
0,0.30625343
0,0.3055956
0,0.34322375
0,0.3490699
0,0.32425576
0,0.3251313
0,0.30934474
0,0.2901596
0,0.29176623
0,0.2941473
0,0.29095468
0,0.2821339
0,0.26972565
0,0.27695838
0,0.26502928
0,0.2648751
0,0.26132375
0,0.27384627
0,0.27163628
0,0.26916492
0,0.2773446
0,0.27066714
0,0.2717563
0,0.26984015
0,0.27210307
0,0.2678767
0,0.27109265
0,0.2676454
0,0.2714781
0,0.2836179
0,0.27018133
0,0.28491592
0,0.27985135
0,0.27033806
0,0.27758873
0,0.2796033
0,0.26390386
0,0.26758954
0,0.25667778
0,0.26274872
0,0.26814726
0,0.25985324
0,0.26398224
0,0.26427048
0,0.2636409
0,0.26312536
0,0.254152
0,0.27033812
0,0.26431856
0,0.26879117
0,0.26686123
0,0.26427397
0,0.27565765
0,0.26826572
0,0.2692184
0,0.26836368
0,0.26432297
0,0.2619071
0,0.2737545
0,0.26361945
0,0.26206195
0,0.26020437
0,0.26432118
0,0.2693762
0,0.2878373
0,0.27625865
0,0.2709753
0,0.2595892
0,0.27181602
0,0.25790402
0,0.26184413
0,0.25306734
0,0.25462148
0,0.26539177
0,0.25854677
0,0.26655328
0,0.27883434
0,0.2795131
0,0.28695956
0,0.33270657
0,0.2996515
0,0.30447307
0,0.2934159
0,0.28336507
0,0.28151226
0,0.278728
0,0.26696163
0,0.28217816
0,0.27979535
0,0.27585286
0,0.26699325
0,0.27324864
0,0.27286524
0,0.27312884
0,0.26525095
0,0.26784566
0,0.26961574
0,0.27094218
0,0.26025638
0,0.26680255
0,0.26501498
0,0.27085894
0,0.27210483
0,0.26605722
0,0.25819078
0,0.26217508
0,0.26738745
0,0.27092358
0,0.25784272
0,0.2591401
0,0.26067385
0,0.25948486
0,0.25027826
0,0.25426072
0,0.2587955
0,0.2620772
0,0.25180605
0,0.25418848
0,0.25979272
0,0.2678524
0,0.25916922
0,0.2616079
0,0.26002064
0,0.2700139
0,0.2640104
0,0.27088135
0,0.26484835
0,0.2716407
0,0.2655634
0,0.26484707
0,0.26985547
0,0.25928214
0,0.26058418
0,0.2555969
0,0.27597997
0,0.26450685
0,0.26141524
0,0.2587388
0,0.27122015
0,0.2627537
0,0.263685
0,0.26696107
0,0.26104245
0,0.2544228
0,0.2609835
0,0.42406502
0,0.3588311
0,0.33866218
0,0.32507068
0,0.301276
0,0.28321525
0,0.28368264
0,0.27125397
0,0.27576724
0,0.27082568
0,0.26931274
0,0.27277792
0,0.2694419
0,0.2620437
0,0.26558214
0,0.2585966
0,0.26166928
0,0.25595525
0,0.2671706
0,0.25708604
0,0.26347637
0,0.2666432
0,0.26300654
0,0.25685355
0,0.25975347
0,0.2536223
0,0.26253992
0,0.25394565
0,0.25987226
0,0.267926
0,0.27953804
0,0.26325494
0,0.2617688
0,0.25476992
0,0.2569536
0,0.25654483
0,0.26729605
0,0.2544533
0,0.2562616
0,0.26144975
0,0.26248905
0,0.26468953
0,0.26757386
0,0.2675114
0,0.27740055
0,0.2816691
0,0.2761863
0,0.27148172
0,0.27430505
0,0.26915646
0,0.26923326
0,0.26542264
0,0.2630094
0,0.263113
0,0.2696414
0,0.27206722
0,0.26519966
0,0.27896994
0,0.27670696
0,0.27831498
0,0.2912239
0,0.30104983
0,0.30007353
0,0.31023595
0,0.311392
0,0.2990864
0,0.28146294
0,0.29863164
0,0.29594067
0,0.28075242
0,0.28744364
0,0.28449732
0,0.26961192
0,0.28079942
0,0.2784894
0,0.28847295
0,0.28794286
0,0.30832404
0,0.30168992
0,0.29381707
0,0.28729492
0,0.30316997
0,0.3060083
0,0.33559248
0,0.31084988
0,0.32504395
0,0.30880055
0,0.32627591
0,0.32263562
0,0.30978632
0,0.30625397
0,0.2944152
0,0.28493077
0,0.28026134
0,0.2862538
0,0.2782453
0,0.26993185
0,0.26081312
0,0.2694652
0,0.25774682
0,0.25946724
0,0.26309717
0,0.25860187
0,0.25694045
0,0.25653982
0,0.26063123
0,0.2585764
0,0.26168564
0,0.25848195
0,0.26219636
0,0.25842527
0,0.26360926
0,0.26994136
0,0.27209598
0,0.2754057
0,0.26873794
0,0.2766722
0,0.2859811
0,0.27961683
0,0.2617715
0,0.27140406
0,0.25774544
0,0.25784847
0,0.27687696
0,0.27263084
0,0.26764685
0,0.27265847
0,0.25684562
0,0.26152465
0,0.26063958
0,0.25585875
0,0.26608396
0,0.26790714
0,0.2701911
0,0.2695893
0,0.2630129
0,0.2668881
0,0.26139805
0,0.2546177
0,0.25589505
0,0.2512129
0,0.26464975
0,0.26370242
0,0.2577743
0,0.25637913
0,0.2654599
0,0.26302052
0,0.25699177
0,0.26119
0,0.2659073
0,0.26348412
0,0.25862905
0,0.26811695
0,0.26041064
0,0.2614091
0,0.2557185
0,0.27288762
0,0.26238537
0,0.26548478
0,0.25625923
0,0.26219434
0,0.25417724
0,0.2572444
0,0.25367603
0,0.2549258
0,0.26047426
0,0.25709182
0,0.256622
0,0.25536287
0,0.27125204
0,0.27424878
0,0.26987055
0,0.27949455
0,0.27415994
0,0.2790789
0,0.2728489
0,0.27108264
0,0.2607681
0,0.2594183
0,0.26309142
0,0.27364093
0,0.2571237
0,0.26815063
0,0.27070686
0,0.2756901
0,0.27377895
0,0.2760261
0,0.27038577
0,0.27689585
0,0.2698215
0,0.26027054
0,0.26407903
0,0.2562984
0,0.2693468
0,0.27445212
0,0.27404913
0,0.2746967
0,0.2813416
0,0.27617097
0,0.27268276
0,0.26054564
0,0.2614749
0,0.264515
0,0.30380338
0,0.2808065
0,0.2720327
0,0.271265
0,0.27808407
0,0.27524292
0,0.26745677
0,0.26759768
0,0.27018246
0,0.269113
0,0.2599533
0,0.26432914
0,0.25932544
0,0.26480928
0,0.2607519
0,0.26541036
0,0.24911566
0,0.26155755
0,0.2673088
0,0.26242065
0,0.25823233
0,0.25847605
0,0.25678146
0,0.25711176
0,0.2533221
0,0.2588938
0,0.2548279
0,0.2638179
0,0.25630096
0,0.2571622
0,0.2531418
0,0.2531642
0,0.2516443
0,0.25909826
0,0.2532824
0,0.2639194
0,0.2533256
0,0.2563171
0,0.26228642
0,0.26646993
0,0.25568172
0,0.2593828
0,0.25185183
0,0.25806388
0,0.25469524
0,0.26087785
0,0.2526036
0,0.2617575
0,0.2653436
0,0.25828683
0,0.25617552
0,0.2629618
0,0.2528023
0,0.26298472
0,0.26220658
0,0.26488024
0,0.27842262
0,0.27141207
0,0.28096458
0,0.27075917
0,0.26240718
0,0.27723664
0,0.26758057
0,0.27345872
0,0.26778314
0,0.26800328
0,0.2756625
0,0.29094514
0,0.305396
0,0.33563194
0,0.29290366
0,0.3015459
0,0.27392858
0,0.2809904
0,0.27262193
0,0.26986006
0,0.26507485
0,0.26835346
0,0.264964
0,0.26313123
0,0.26780677
0,0.2630129
0,0.27419597
0,0.28016716
0,0.2800887
0,0.277734
0,0.2825597
0,0.2802389
0,0.2807062
0,0.28302953
0,0.27493197
0,0.2681736
0,0.26334155
0,0.260941
0,0.2697269
0,0.26866993
0,0.27243653
0,0.2827512
0,0.26732627
0,0.26600027
0,0.26072544
0,0.264759
0,0.26831096
0,0.2599076
0,0.26981217
0,0.27079478
0,0.25969613
0,0.26217297
0,0.2578282
0,0.2555709
0,0.25636807
0,0.26139516
0,0.2568776
0,0.27914748
0,0.2615448
0,0.2866525
0,0.28209445
0,0.27586883
0,0.279233
0,0.26932648
0,0.27084574
0,0.2710997
0,0.27347198
0,0.27418455
0,0.27084148
0,0.2636207
0,0.26786777
0,0.2741114
0,0.26289773
0,0.26262543
0,0.26505983
0,0.26086432
0,0.2893605
0,0.30340138
0,0.30463254
0,0.30362368
0,0.28488672
0,0.28228736
0,0.26562485
0,0.27348885
0,0.27651647
0,0.27090436
0,0.26867232
0,0.27118865
0,0.26643166
0,0.2719803
0,0.27666634
0,0.2674971
0,0.26415327
0,0.26500905
0,0.2683074
0,0.26552722
0,0.26218557
0,0.27167195
0,0.2626425
0,0.26320073
0,0.2723817
0,0.26642302
0,0.26126426
0,0.25171238
0,0.2638706
0,0.26879188
0,0.259868
0,0.260168
0,0.28192386
0,0.27113542
0,0.2737034
0,0.27155015
0,0.26209414
0,0.26248008
0,0.26614174
0,0.27811643
0,0.2889653
0,0.30157205
0,0.2987538
0,0.29024523
0,0.2826487
0,0.27691746
0,0.27639472
0,0.27339467
0,0.26292568
0,0.26787132
0,0.25755468
0,0.26069555
0,0.26397908
0,0.26638862
0,0.26588497
0,0.26407376
0,0.27975267
0,0.26633343
0,0.270766
0,0.26532578
0,0.2649547
0,0.26906767
0,0.25568897
0,0.25772607
0,0.26150733
0,0.25809008
0,0.26424256
0,0.2566809
0,0.26521453
0,0.2729624
0,0.27201965
0,0.27939454
0,0.2688981
0,0.26089415
0,0.263055
0,0.2655741
0,0.26269838
0,0.25548124
0,0.262412
0,0.26545107
0,0.26437303
0,0.26378763
0,0.2618901
0,0.26674023
0,0.26157618
0,0.26355293
0,0.25877306
0,0.26361832
0,0.24865802
0,0.26215273
0,0.27186203
0,0.27407476
0,0.26359603
0,0.26366878
0,0.2578734
0,0.26288176
0,0.2577327
0,0.2658447
0,0.2652791
0,0.2646142
0,0.2623184
0,0.26154822
0,0.25475648
0,0.26311734
0,0.26993364
0,0.28967103
0,0.2924214
0,0.3019344
0,0.2748948
0,0.27086326
0,0.26818523
0,0.28227383
0,0.28846192
0,0.28147253
0,0.2758764
0,0.26885876
0,0.2926002
0,0.2728537
0,0.2850512
0,0.2733954
0,0.26787212
0,0.26364613
0,0.2795524
0,0.2774122
0,0.26112956
0,0.27575877
0,0.26969683
0,0.27560002
0,0.28026313
0,0.2827287
0,0.27939945
0,0.28244057
0,0.27188203
0,0.27933675
0,0.27102208
0,0.26277772
0,0.26379567
0,0.26102304
0,0.26285458
0,0.27424955
0,0.2609589
0,0.2679808
0,0.2537436
0,0.25341937
0,0.2669464
0,0.27258724
0,0.26627848
0,0.30182797
0,0.27487132
0,0.26710182
0,0.26587015
0,0.27023238
0,0.2667673
0,0.26992407
0,0.2629029
0,0.26693872
0,0.2607516
0,0.25958127
0,0.25722456
0,0.26401106
0,0.25893104
0,0.27731824
0,0.27502003
0,0.2714073
0,0.26248777
0,0.26539677
0,0.26000056
0,0.2633477
0,0.28382605
0,0.2742055
0,0.2647393
0,0.26724008
0,0.26944697
0,0.27104986
0,0.26043305
0,0.26342082
0,0.25897828
0,0.2602323
0,0.25316763
0,0.26205117
0,0.25931287
0,0.26197448
0,0.28362015
0,0.27046
0,0.27038208
0,0.26458552
0,0.2660159
0,0.26645094
0,0.26553923
0,0.2618529
0,0.26069486
0,0.2594904
0,0.27749193
0,0.6516892
0,0.46547005
0,0.4209479
0,0.37953648
0,0.35422474
0,0.33935884
0,0.3287313
0,0.31375262
0,0.32008824
0,0.3109648
0,0.3115085
0,0.30055356
0,0.30132827
0,0.27708894
0,0.26625752
0,0.2481422
0,0.20993766
0,0.17902356
0,0.16200948
0,0.14648588
0,0.14650378
0,0.15079148
0,0.15383373
0,0.16360901
0,0.18134701
0,0.20261128
0,0.21199442
0,0.22242218
0,0.22314543
0,0.24597934
0,0.28548136
0,0.26758876
0,0.27367496
0,0.26334816
0,0.26790586
0,0.27056316
0,0.27215338
0,0.27335826
0,0.26957652
0,0.2747539
0,0.27108705
0,0.2729611
0,0.2762228
0,0.2770241
0,0.2790464
0,0.26964262
0,0.2714512
0,0.27595747
0,0.2714695
0,0.2715594
0,0.26779154
0,0.27927604
0,0.27285448
0,0.28003863
0,0.28834888
0,0.2760972
0,0.27487785
0,0.27116397
0,0.2673482
0,0.2673331
0,0.2643029
0,0.27695224
0,0.26697505
0,0.27253675
0,0.28596953
0,0.273707
0,0.2680001
0,0.26894322
0,0.26425287
0,0.25234684
0,0.25683448
0,0.27112025
0,0.27673835
0,0.26971173
0,0.28571126
0,0.26957932
0,0.26904425
0,0.2640507
0,0.27152127
0,0.27188057
0,0.27673358
0,0.26854637
0,0.28296763
0,0.26966333
0,0.26569924
0,0.27435333
0,0.2785689
0,0.26228258
0,0.26480362
0,0.27563223
0,0.26827976
0,0.2831846
0,0.27433163
0,0.27587223
0,0.2771775
0,0.28432772
0,0.28155547
0,0.27321124
0,0.26447773
0,0.26112384
0,0.2716743
0,0.25984827
0,0.26630804
0,0.26140657
0,0.26655152
0,0.25756243
0,0.26777983
0,0.25831416
0,0.2684003
0,0.258286
0,0.26372853
0,0.25496668
0,0.2667762
0,0.25635946
0,0.26406392
0,0.26652828
0,0.28308293
0,0.2722058
0,0.2721551
0,0.2700081
0,0.27093512
0,0.2569629
0,0.285768
0,0.2744639
0,0.26980814
0,0.27746972
0,0.27279428
0,0.2752532
0,0.29054022
0,0.27656916
0,0.28015652
0,0.27437556
0,0.2738803
0,0.26831925
0,0.26510432
0,0.29761174
0,0.31961715
0,0.31355175
0,0.34190118
0,0.34854156
0,0.3428171
0,0.32396173
0,0.30126038
0,0.29354835
0,0.2921258
0,0.2816717
0,0.2889708
0,0.28132045
0,0.28803286
0,0.28787485
0,0.2836188
0,0.27201182
0,0.2657322
0,0.26222542
0,0.27037412
0,0.2685233
0,0.27789837
0,0.26529595
0,0.26107267
0,0.27246115
0,0.27723053
0,0.26409912
0,0.26912636
0,0.27644807
0,0.28267524
0,0.27279076
0,0.2776674
0,0.26439327
0,0.27413434
0,0.26224345
0,0.26750505
0,0.27310055
0,0.27069923
0,0.26131478
0,0.27087116
0,0.2612177
0,0.26527575
0,0.2727374
0,0.26835373
0,0.2569283
0,0.26300752
0,0.2644159
0,0.2655872
0,0.26469773
0,0.264042
0,0.2665343
0,0.26487842
0,0.2651977
0,0.6531205
0,0.4599154
0,0.38740298
0,0.34626815
0,0.31716636
0,0.29931533
0,0.30390778
0,0.28873336
0,0.29135424
0,0.2858629
0,0.27588645
0,0.26430765
0,0.2655472
0,0.25761017
0,0.26226488
0,0.27449673
0,0.27686054
0,0.26889402
0,0.27317318
0,0.26392266
0,0.25766182
0,0.2565906
0,0.25264847
0,0.2549541
0,0.25293216
0,0.25666618
0,0.26648515
0,0.28325358
0,0.27635902
0,0.26935247
0,0.27377555
0,0.2674066
0,0.2688076
0,0.26358864
0,0.2734875
0,0.2653381
0,0.26849195
0,0.2727196
0,0.27819532
0,0.26705948
0,0.27533597
0,0.27726242
0,0.27470496
0,0.26616845
0,0.2733603
0,0.27661997
0,0.27702773
0,0.2756347
0,0.27634406
0,0.2721951
0,0.27175543
0,0.27785143
0,0.27439603
0,0.27256536
0,0.27801728
0,0.2838529
0,0.28171232
0,0.27172065
0,0.2623141
0,0.25855348
0,0.26411432
0,0.25612184
0,0.25193202
0,0.25167933
0,0.26023015
0,0.25214463
0,0.25858977
0,0.2634605
0,0.26629245
0,0.25463188
0,0.2612546
0,0.2538277
0,0.25849777
0,0.2619942
0,0.26134264
0,0.26352233
0,0.2649739
0,0.2655292
0,0.27358878
0,0.27820528
0,0.27025664
0,0.26743558
0,0.26391146
0,0.26478153
0,0.26229024
0,0.27493405
0,0.27040225
0,0.27487075
0,0.2663011
0,0.267526
0,0.2660598
0,0.27200398
0,0.26600158
0,0.27526155
0,0.26493648
0,0.2655291
0,0.2611284
0,0.2602476
0,0.2711067
0,0.2794709
0,0.2780165
0,0.27208737
0,0.27693605
0,0.27872556
0,0.27932218
0,0.28111762
0,0.2795141
0,0.26870614
0,0.28036708
0,0.26732433
0,0.27352968
0,0.26649937
0,0.2711978
0,0.2641325
0,0.2584677
0,0.25927997
0,0.27188474
0,0.27252495
0,0.2717663
0,0.2624464
0,0.25772887
0,0.26642966
0,0.26881358
0,0.25906137
0,0.25468618
0,0.2532116
0,0.26608008
0,0.2586479
0,0.25391233
0,0.2639196
0,0.25326365
0,0.26453722
0,0.25622913
0,0.25415504
0,0.26034215
0,0.27751523
0,0.2895647
0,0.267064
0,0.26866937
0,0.26465595
0,0.26602527
0,0.25788698
0,0.26259804
0,0.2588099
0,0.26110527
0,0.26300016
0,0.27819395
0,0.2581193
0,0.26203635
0,0.2544887
0,0.66124594
0,0.45434365
0,0.39081854
0,0.34494406
0,0.31718662
0,0.28953516
0,0.28227636
0,0.26499873
0,0.26618809
0,0.2646752
0,0.26369244
0,0.26131803
0,0.2628945
0,0.26597264
0,0.27933463
0,0.2671915
0,0.26470137
0,0.260345
0,0.2593049
0,0.26031658
0,0.2561007
0,0.25670296
0,0.25583738
0,0.25371045
0,0.26459712
0,0.2577668
0,0.25638753
0,0.25679877
0,0.27201656
0,0.26135507
0,0.27314943
0,0.27653491
0,0.27559522
0,0.29662225
0,0.272468
0,0.26697668
0,0.29018846
0,0.27976495
0,0.28026852
0,0.28090766
0,0.2888533
0,0.2697901
0,0.2736241
0,0.26283073
0,0.25851682
0,0.26509508
0,0.2710874
0,0.27194908
0,0.27077147
0,0.2627104
0,0.257448
0,0.2542249
0,0.25127757
0,0.34659848
0,0.28636038
0,0.27295637
0,0.27841502
0,0.27795792
0,0.27459377
0,0.31356448
0,0.30687582
0,0.29182544
0,0.28184125
0,0.2787314
0,0.27346924
0,0.27389443
0,0.27318582
0,0.2611719
0,0.2650392
0,0.2549621
0,0.25930032
0,0.26445287
0,0.2619094
0,0.27852598
0,0.29548723
0,0.28041247
0,0.28759962
0,0.289039
0,0.27443483
0,0.27546167
0,0.2704761
0,0.27065995
0,0.28000495
0,0.2715915
0,0.2728576
0,0.26920083
0,0.2747839
0,0.28257555
0,0.268809
1,0.25671378
1,0.25809646
1,0.25912893
1,0.26748145
1,0.2617365
1,0.2723727
1,0.27663386
1,0.26397222
1,0.26279393
1,0.26058206
1,0.27336925
1,0.27609506
1,0.26693135
1,0.26038325
1,0.6804998
0,0.9797801
0,0.9069929
0,0.8647713
0,0.83489066
0,0.8048267
0,0.7558689
0,0.6835607
0,0.58637774
0,0.52208376
0,0.43059424
0,0.35445714
0,0.29696086
0,0.24394529
0,0.20636357
0,0.17100824
0,0.16322486
0,0.14531709
0,0.13890365
0,0.14065987
0,0.1292409
0,0.12744182
0,0.12502515
0,0.12320672
0,0.120040976
0,0.1228727
0,0.12549986
0,0.13291322
0,0.1402236
0,0.15184073
0,0.26401392
0,0.2718335
0,0.28167418
0,0.26972383
0,0.27961665
0,0.27117696
0,0.26869148
0,0.26675153
0,0.25469276
0,0.25687551
0,0.27317533
0,0.26390168
0,0.2664416
0,0.26121742
0,0.2622661
0,0.25971386
0,0.26598826
0,0.2610235
0,0.25371248
0,0.25708735
0,0.25988212
0,0.25796565
0,0.25902924
0,0.2719633
0,0.2642904
0,0.27665734
0,0.26640108
0,0.2605081
0,0.27065727
0,0.27155647
0,0.27080902
0,0.2827145
0,0.2682208
0,0.26508722
0,0.26294392
0,0.2723206
0,0.26880065
0,0.28635678
0,0.2711641
0,0.27539372
0,0.28287163
0,0.3052006
0,0.2910031
0,0.2845415
0,0.29075557
0,0.27004802
0,0.27477366
0,0.27695984
0,0.26501614
0,0.25842732
0,0.25787315
0,0.26450115
0,0.26850033
0,0.2574091
0,0.25429535
0,0.25133714
0,0.250585
0,0.24786355
0,0.24761645
0,0.26263
0,0.26697963
0,0.26499742
0,0.25561985
0,0.2615612
0,0.2755377
0,0.2678233
0,0.25753462
0,0.26781464
0,0.2569681
0,0.26174212
0,0.25295833
0,0.2583996
0,0.25075632
0,0.25649986
0,0.2593376
0,0.2597048
0,0.25011718
0,0.25737748
0,0.26246646
0,0.25997233
0,0.2655505
0,0.27828324
0,0.26841968
0,0.26421806
0,0.26347253
0,0.26089907
0,0.2711844
0,0.26693037
0,0.26481092
0,0.2615226
0,0.25089532
0,0.25694823
0,0.24841236
0,0.2666688
0,0.26068977
0,0.2678932
0,0.2645548
0,0.2591076
0,0.25353745
0,0.26757154
0,0.26295337
0,0.26260853
0,0.26160124
0,0.27542844
0,0.2641631
0,0.2717814
0,0.2641302
0,0.2788474
0,0.26585582
0,0.27091327
0,0.26581007
0,0.27051374
0,0.26257238
0,0.27269292
0,0.27822027
0,0.26334372
0,0.2606191
0,0.26605803
0,0.2598845
0,0.26931185
0,0.26074204
0,0.26248106
0,0.26829407
0,0.2561127
0,0.25559753
0,0.26354992
0,0.25653532
0,0.2643265
0,0.25588968
0,0.2612406
0,0.2563416
0,0.2607124
0,0.27729398
0,0.27735382
0,0.2622709
0,0.26690993
0,0.27346486
0,0.28664306
0,0.266739
0,0.2670344
0,0.27405122
0,0.27051592
0,0.26004487
0,0.26220575
0,0.25429878
0,0.2588919
0,0.2517115
0,0.25638628
0,0.24991576
0,0.2593584
0,0.26173308
0,0.2498914
0,0.2761848
0,0.2710881
0,0.28900862
0,0.27196535
0,0.27156883
0,0.2663447
0,0.26704872
0,0.26402643
0,0.26496053
0,0.2608193
0,0.26272178
0,0.2731843
0,0.28829938
0,0.2846729
0,0.2789918
0,0.28236032
0,0.27139878
0,0.26481014
0,0.2755636
0,0.27540597
0,0.2698652
0,0.28005207
0,0.26763242
0,0.2698632
0,0.26540023
0,0.2707927
0,0.26327676
0,0.26865223
0,0.26368418
0,0.25921103
0,0.26513824
0,0.27487627
0,0.263385
0,0.27576146
0,0.26419696
0,0.26959953
0,0.26154867
0,0.25679743
0,0.26852763
0,0.27313748
0,0.2749584
0,0.27471417
0,0.2820777
0,0.27666754
0,0.26627642
0,0.27239716
0,0.2739255
0,0.27282035
0,0.29788712
0,0.29183048
0,0.2915278
0,0.28855
0,0.28772345
0,0.291936
0,0.3051102
0,0.31197867
0,0.30953535
0,0.30960885
0,0.28043053
0,0.27955806
0,0.27098382
0,0.27393466
0,0.27094406
0,0.26848388
0,0.2711468
0,0.27091864
0,0.27060977
0,0.26801094
0,0.2721497
0,0.27104375
0,0.30043858
0,0.31192493
0,0.30301663
0,0.32007867
0,0.29357794
0,0.282308
0,0.28488094
0,0.27469504
0,0.2609245
0,0.2667185
0,0.2657313
0,0.26714945
0,0.26682585
0,0.26860172
0,0.26994953
0,0.26558855
0,0.26267216
0,0.26084524
0,0.24934524
0,0.26653722
0,0.2651909
0,0.2715044
0,0.2630399
0,0.26137924
0,0.2654124
0,0.27040273
0,0.2614711
0,0.25871882
0,0.25668705
0,0.2566208
0,0.2741381
0,0.26099613
0,0.27328244
0,0.2714763
0,0.26113427
0,0.268231
0,0.2592606
0,0.27171156
0,0.27017987
0,0.27031767
0,0.25917488
0,0.2546759
0,0.2572813
0,0.2634107
0,0.2571873
0,0.26354846
0,0.25454292
0,0.25176916
0,0.24958378
0,0.24668565
0,0.2599757
0,0.26505134
0,0.2651082
0,0.26453722
0,0.2676308
0,0.26556817
0,0.28760165
0,0.27661768
0,0.27355102
0,0.27377203
0,0.26992458
0,0.26820263
0,0.26839504
0,0.28794327
0,0.2738205
0,0.27300286
0,0.26914462
0,0.26766732
0,0.3349148
0,0.29390097
0,0.28814247
0,0.28241897
0,0.28212085
0,0.2804497
0,0.31321707
0,0.30310115
0,0.30560866
0,0.30153656
0,0.29652104
0,0.28025162
0,0.2750002
0,0.2710997
0,0.26162022
0,0.27884626
0,0.27065188
0,0.27355707
0,0.29142496
0,0.31129557
0,0.32743245
0,0.35802478
0,0.3433914
0,0.32672104
0,0.31554675
0,0.31105742
0,0.30601478
0,0.31084228
0,0.29482898
0,0.2875922
0,0.29748288
0,0.29577023
0,0.29033798
0,0.28761366
0,0.28476068
0,0.2787843
0,0.2836509
0,0.2803631
0,0.28793916
0,0.2910653
0,0.31442323
0,0.32026157
0,0.29151592
0,0.27861002
0,0.2735457
0,0.2791248
0,0.27530438
0,0.28934857
0,0.26605985
0,0.27562374
0,0.29722294
0,0.29522455
0,0.2761584
0,0.28137398
0,0.27801907
0,0.2866941
0,0.29481745
0,0.28771442
0,0.2776804
0,0.2766558
0,0.27314195
0,0.29066357
0,0.29142317
0,0.276975
0,0.27289265
0,0.27000415
0,0.25964937
0,0.26722607
0,0.2658201
0,0.26524583
0,0.2643457
0,0.27700636
0,0.2682493
0,0.28197864
0,0.27005216
0,0.27243382
0,0.27545807
0,0.27194008
0,0.2681657
0,0.26546252
0,0.26603827
0,0.26551747
0,0.26891112
0,0.2686569
0,0.2659232
0,0.26302356
0,0.26014015
0,0.25953266
0,0.26191935
0,0.2606319
0,0.2582809
0,0.2588973
0,0.2677446
0,0.2909323
0,0.28633538
0,0.2762639
0,0.27951634
0,0.2805565
0,0.28046268
0,0.28299382
0,0.2687833
0,0.27487528
0,0.25358248
0,0.25738972
0,0.25787243
0,0.2695753
0,0.25914055
0,0.26965877
0,0.25982112
0,0.27142856
0,0.2604482
0,0.26757887
0,0.2739704
0,0.2761919
0,0.2800707
0,0.28542778
0,0.2685614
0,0.27235952
0,0.26745048
0,0.27880403
0,0.29714477
0,0.30804598
0,0.27717832
0,0.28314325
0,0.2923697
0,0.2782229
0,0.2821835
0,0.29719824
0,0.27684256
0,0.28175074
0,0.29212525
0,0.2830782
0,0.28057393
0,0.2986622
0,0.28375793
0,0.28472883
0,0.28866425
0,0.29850024
0,0.30333552
0,0.30098104
0,0.3106502
0,0.3053077
0,0.28984532
0,0.28076243
0,0.29154727
0,0.28271496
0,0.28073323
0,0.2748163
0,0.27168205
0,0.26699957
0,0.27091396
0,0.28932804
0,0.2911983
0,0.2909518
0,0.28515723
0,0.3017844
0,0.2850253
0,0.2923226
0,0.2789564
0,0.2770596
0,0.27139124
0,0.29485574
0,0.32162914
0,0.3174321
0,0.34461844
0,0.34205732
0,0.32895124
0,0.34091747
0,0.3287198
0,0.31229866
0,0.30740085
0,0.2923135
0,0.30530936
0,0.30178565
0,0.31840017
0,0.3337833
0,0.32609564
0,0.32070652
0,0.288745
0,0.2857569
0,0.27197132
0,0.26222688
0,0.24964315
0,0.23129776
0,0.22169182
0,0.22440627
0,0.23115157
0,0.22445577
0,0.21936843
0,0.2198748
0,0.22094898
0,0.24403493
0,0.2483105
0,0.24629454
0,0.25844714
0,0.263189
0,0.26472616
0,0.27112436
0,0.26974386
0,0.29242545
0,0.2672482
0,0.27114087
0,0.2735634
0,0.26239246
0,0.25787497
0,0.26468834
0,0.27417722
0,0.27646118
0,0.27207783
0,0.27086884
0,0.26955447
0,0.25956845
0,0.2717893
0,0.28006217
0,0.275073
0,0.27203694
0,0.27141303
0,0.27059722
0,0.27978748
0,0.27127132
0,0.27167198
0,0.268834
0,0.28003716
0,0.2769563
0,0.2712715
0,0.26872617
0,0.27443436
0,0.29330897
0,0.264483
0,0.26825172
0,0.2551964
0,0.25959396
0,0.25926253
0,0.258176
0,0.24828146
0,0.25545937
0,0.25610656
0,0.2585806
0,0.24953748
0,0.25497973
0,0.2633984
0,0.26087683
0,0.25776136
0,0.256848
0,0.25682935
0,0.25555754
0,0.25778648
0,0.2746035
0,0.2634562
0,0.2735832
0,0.25184605
0,0.26760486
0,0.27244318
0,0.27506894
0,0.26455566
0,0.27591014
0,0.2632223
0,0.2694625
0,0.27531254
0,0.2767435
0,0.26263455
0,0.27195182
0,0.273853
0,0.279091
0,0.26764637
0,0.2741808
0,0.2747308
0,0.27471456
0,0.26410872
0,0.26289746
0,0.26863995
0,0.27285394
0,0.2703691
0,0.26427612
0,0.273652
0,0.2758741
0,0.27110323
0,0.29641318
0,0.29499224
0,0.2836524
0,0.27251312
0,0.27978158
0,0.6659125
0,0.74318683
0,0.5878104
0,0.5283679
0,0.4479693
0,0.42969126
0,0.3600457
0,0.31094095
0,0.28511354
0,0.23615941
0,0.194311
0,0.17221779
0,0.16007932
0,0.14620344
0,0.1400074
0,0.1398402
0,0.13216239
0,0.13103202
0,0.12898
0,0.13022804
0,0.1328779
0,0.13889581
0,0.14671855
0,0.15750997
0,0.17806168
0,0.19237559
0,0.19766504
0,0.20967227
0,0.23105891
0,0.23500377
0,0.2778598
0,0.2749508
0,0.27911127
0,0.2891259
0,0.2843909
0,0.2861203
0,0.2710683
0,0.26709542
0,0.27655753
0,0.26723132
0,0.26362655
0,0.2613616
0,0.26647872
0,0.26120132
0,0.27505434
0,0.26421684
0,0.27564374
0,0.2774836
0,0.27572522
0,0.27719077
0,0.26595658
0,0.28060734
0,0.2755768
0,0.27691314
0,0.2639213
0,0.26260418
0,0.26905808
0,0.27548203
0,0.27235422
0,0.26214755
0,0.25640732
0,0.2573067
0,0.25233206
0,0.25154954
0,0.26094136
0,0.2640734
0,0.25974977
0,0.25414473
0,0.24989149
0,0.26204932
0,0.26352268
0,0.27029184
0,0.27472505
0,0.29182068
0,0.30996978
0,0.31055897
0,0.298273
0,0.2873826
0,0.28000596
0,0.2757857
0,0.2721746
0,0.2696662
0,0.27477607
0,0.27357826
0,0.2741999
0,0.2865209
0,0.27527487
0,0.27561358
0,0.27427825
0,0.2686226
0,0.26573974
0,0.26464966
0,0.26291376
0,0.26268998
0,0.2623329
0,0.26229304
0,0.26231286
0,0.26190227
0,0.26100585
0,0.2611408
0,0.27515346
0,0.2672399
0,0.2808141
0,0.26787943
0,0.2828204
0,0.27041513
0,0.26407623
0,0.26150262
0,0.2713342
0,0.26265496
0,0.29658243
0,0.30528542
0,0.3049204
0,0.31871682
0,0.35562584
0,0.31883684
0,0.2911454
0,0.2917004
0,0.31011856
0,0.31639856
0,0.29622397
0,0.3022429
0,0.28043318
0,0.28221965
0,0.2777643
0,0.27878672
0,0.27709296
0,0.266752
0,0.25991258
0,0.2659569
0,0.26842448
0,0.26879537
0,0.27367213
0,0.2718014
0,0.2865749
0,0.31115925
0,0.27941042
0,0.28687626
0,0.2845445
0,0.29721677
0,0.2996378
0,0.3008102
0,0.28718334
0,0.2789895
0,0.2887639
0,0.28635973
0,0.28116
0,0.27492946
0,0.277801
0,0.2814319
0,0.2728886
0,0.28063187
0,0.27215812
0,0.26876888
0,0.27423042
0,0.28011757
0,0.25932044
0,0.26704496
0,0.26747975
0,0.26439455
0,0.26267907
0,0.28916806
0,0.27344567
0,0.3201623
0,0.30239248
0,0.29591474
0,0.27795103
0,0.27212766
0,0.27932572
0,0.2881055
0,0.27123305
0,0.2665309
0,0.2657206
0,0.27811232
0,0.2811779
0,0.28580546
0,0.2878239
0,0.28848293
0,0.27461174
0,0.2803124
0,0.28045243
0,0.28518605
0,0.27935493
0,0.28216982
0,0.28332514
0,0.28809878
0,0.28663674
0,0.27733204
0,0.27852347
0,0.27863514
0,0.277154
0,0.2781758
0,0.26458395
0,0.27292612
0,0.2787729
0,0.28857827
0,0.27704367
0,0.28350613
0,0.26537615
0,0.26128334
0,0.25851095
0,0.25476536
0,0.26315412
0,0.2656041
0,0.26671827
0,0.26924422
0,0.27160916
0,0.27035052
0,0.2815356
0,0.2772848
0,0.2719326
0,0.2611971
0,0.25985613
0,0.26558468
0,0.2534466
0,0.26237822
0,0.26147184
0,0.2639173
0,0.26665702
0,0.2677486
0,0.28207827
0,0.28484538
0,0.2725813
0,0.2712171
0,0.2576912
0,0.27922174
0,0.3050784
0,0.3058031
0,0.2851169
0,0.2949389
0,0.3040109
0,0.3075276
0,0.3095844
0,0.3148251
0,0.28828686
0,0.28047216
0,0.2716834
0,0.27550605
0,0.2664489
0,0.26571503
0,0.27219132
0,0.2688208
0,0.26242426
0,0.26234066
0,0.25915486
0,0.26693556
0,0.24976575
0,0.25603834
0,0.2558572
0,0.25695574
0,0.25423115
0,0.25501078
0,0.26385224
0,0.2622147
0,0.26291206
0,0.2593265
0,0.3860854
0,0.32943368
0,0.3364992
0,0.31880224
0,0.30290613
0,0.296274
0,0.2814272
0,0.2850155
0,0.26322788
0,0.2756273
0,0.2616618
0,0.27328452
0,0.27017865
0,0.27223176
0,0.28531522
0,0.26659718
0,0.28854206
0,0.28681722
0,0.28225675
0,0.28469586
0,0.277873
0,0.26613525
0,0.26950642
0,0.269798
0,0.25815725
0,0.28061423
0,0.37901193
0,0.3291454
0,0.3164537
0,0.29551712
0,0.28964528
0,0.28360525
0,0.29492575
0,0.27065825
0,0.2858619
0,0.2923257
0,0.28259605
0,0.27677652
0,0.2665586
0,0.2691118
0,0.25640455
0,0.26186496
0,0.26554686
0,0.26762298
0,0.26549718
0,0.26489133
0,0.26269504
0,0.26277408
0,0.26118043
0,0.2612069
0,0.26498282
0,0.26083046
0,0.2723411
0,0.26573187
0,0.2642369
0,0.27410173
0,0.26507992
0,0.26233324
0,0.2489912
0,0.25876337
0,0.27173454
0,0.2896768
0,0.2710052
0,0.26813298
0,0.27770966
0,0.2806651
0,0.2922001
0,0.30342934
0,0.30054274
0,0.28401044
0,0.28654584
0,0.27159923
0,0.28439593
0,0.3107574
0,0.29500723
0,0.29138267
0,0.28901708
0,0.2809209
0,0.2825984
0,0.27845633
0,0.26657483
0,0.26956835
0,0.26099285
0,0.2908574
0,0.28236654
0,0.28764674
0,0.28159764
0,0.27669838
0,0.29106954
0,0.30275652
0,0.32185954
0,0.32573462
0,0.30277357
0,0.29240966
0,0.32467574
0,0.31729373
0,0.36826274
0,0.3590979
0,0.31217363
0,0.29899263
0,0.27723038
0,0.27532083
0,0.27055222
0,0.26871315
0,0.26532578
0,0.2651113
0,0.27605873
0,0.26608828
0,0.26349
0,0.26031247
0,0.25940588
0,0.25797743
0,0.25547707
0,0.25455275
0,0.2568946
0,0.25461248
0,0.25476927
0,0.26994422
0,0.28499696
0,0.27045038
0,0.26529092
0,0.27137485
0,0.26412678
0,0.27675518
0,0.28032824
0,0.27999887
0,0.26229978
0,0.2732287
0,0.30899864
0,0.31883636
0,0.34863353
0,0.34303498
0,0.31234756
0,0.2984757
0,0.28016892
0,0.27123192
0,0.2747446
0,0.27703646
0,0.27694753
0,0.2642702
0,0.27727488
0,0.26320517
0,0.27218494
0,0.2596054
0,0.25826874
0,0.28252527
0,0.27639052
0,0.27860403
0,0.27347133
0,0.27683297
0,0.27803448
0,0.27270195
0,0.26184797
0,0.26573962
0,0.278159
0,0.29127854
0,0.3385313
0,0.362865
0,0.3621234
0,0.3918967
0,0.35607055
0,0.36117673
0,0.34347525
0,0.33210614
0,0.3172385
0,0.31165585
0,0.31229
0,0.288692
0,0.27806386
0,0.27147678
0,0.26022142
0,0.25612056
0,0.25888205
0,0.2556117
0,0.24951626
0,0.24123673
0,0.239533
0,0.23587543
0,0.20000587
0,0.19258402
0,0.19034602
0,0.19300519
0,0.19767101
0,0.20914999
0,0.21602727
0,0.2274919
0,0.23999852
0,0.26585326
0,0.29733214
0,0.29143754
0,0.27378863
0,0.28328133
0,0.28033644
0,0.2883299
0,0.28074923
0,0.26980287
0,0.27640864
0,0.2819389
0,0.27628854
0,0.27766755
0,0.2954301
0,0.29301453
0,0.2848543
0,0.27404287
0,0.2651193
0,0.26252145
0,0.26997185
0,0.27680334
0,0.27513242
0,0.2806881
0,0.29817605
0,0.2918286
0,0.28190613
0,0.27992412
0,0.292417
0,0.28280857
0,0.2977894
0,0.30742973
0,0.3296961
0,0.3325906
0,0.32026917
0,0.3139285
0,0.29430148
0,0.28744447
0,0.28088948
0,0.28003898
0,0.2763427
0,0.28411442
0,0.27593628
0,0.27915278
0,0.2798039
0,0.29205197
0,0.28421083
0,0.2802288
0,0.2925423
0,0.30085185
0,0.2950954
0,0.28176028
0,0.27599967
0,0.2861968
0,0.27393702
0,0.2711159
0,0.26463008
0,0.26545107
0,0.26733494
0,0.2653869
0,0.263059
0,0.26207966
0,0.27384892
0,0.2757861
0,0.29691708
0,0.32118183
0,0.3262905
0,0.35536623
0,0.38003382
0,0.40902403
0,0.3789781
0,0.36783078
0,0.3361199
0,0.33409092
0,0.30581442
0,0.28072727
0,0.28223205
0,0.28217837
0,0.27958813
0,0.27763936
0,0.266263
0,0.2548837
0,0.24128866
0,0.22647274
0,0.21118294
0,0.21194819
0,0.20409872
0,0.2041328
0,0.21369125
0,0.21602157
0,0.2301796
0,0.23015544
0,0.24199985
0,0.25069544
0,0.25471294
0,0.2625163
0,0.2665247
0,0.27089125
0,0.26179242
0,0.25730667
0,0.28359583
0,0.28790542
0,0.31017742
0,0.30071577
0,0.28486145
0,0.27899763
0,0.27460462
0,0.27099037
0,0.2595463
0,0.2637244
0,0.26846462
0,0.2666126
0,0.2660065
0,0.26644853
0,0.2656351
0,0.26681316
0,0.26934275
0,0.26631734
0,0.2643044
0,0.26218557
0,0.28196496
0,0.29094297
0,0.2980476
0,0.30417642
0,0.2829558
0,0.2751849
0,0.27031997
0,0.2673531
0,0.26413482
0,0.26374105
0,0.26209876
0,0.27706116
0,0.2797019
0,0.28419298
0,0.28089517
0,0.27092513
0,0.26673988
0,0.2636768
0,0.27110147
0,0.2652227
0,0.27993307
0,0.26847798
0,0.2744936
0,0.2645316
0,0.26322156
0,0.27195877
0,0.27337924
0,0.27629384
0,0.29557845
0,0.31833914
0,0.33725584
0,0.3723286
0,0.39819095
0,0.41407177
0,0.42571586
0,0.46812323
0,0.40588045
0,0.38803864
0,0.366169
0,0.3716671
0,0.3463347
0,0.32427508
0,0.32594526
0,0.2877388
0,0.23774302
0,0.20615515
0,0.16220096
0,0.14636382
0,0.1350191
0,0.12601371
0,0.12678699
0,0.1268694
0,0.12565534
0,0.13198167
0,0.13044007
0,0.1331969
0,0.13773146
0,0.14579408
0,0.15906243
0,0.16685767
0,0.18397488
0,0.20645507
0,0.21233207
0,0.22117251
0,0.23195449
0,0.25099063
0,0.2489275
0,0.26818544
0,0.27186614
0,0.29486275
0,0.30168277
0,0.29598245
0,0.32472658
0,0.31172532
0,0.3078732
0,0.30552915
0,0.29898122
0,0.28829217
0,0.29229495
0,0.29375675
0,0.29202273
0,0.2897983
0,0.2848654
0,0.28896376
0,0.2877272
0,0.2648284
0,0.2527667
0,0.24349801
0,0.23772418
0,0.2438477
0,0.27803707
0,0.29660606
0,0.2858436
0,0.28187948
0,0.27614653
0,0.2801512
0,0.26168445
0,0.24842861
0,0.2546278
0,0.24797091
0,0.26803115
0,0.27437901
0,0.267425
0,0.2662208
0,0.26974198
0,0.26296067
0,0.26435417
0,0.27977285
0,0.27818128
0,0.28535756
0,0.30215374
0,0.29880896
0,0.28422362
0,0.27879444
0,0.2874368
0,0.29650173
0,0.282227
0,0.28177115
0,0.29133916
0,0.28204778
0,0.2804645
0,0.27577898
0,0.2711457
0,0.27887344
0,0.27487257
0,0.26325592
0,0.26298192
0,0.2453667
0,0.24123882
0,0.23210737
0,0.24423379
0,0.23813035
0,0.23463815
0,0.216524
0,0.21625869
0,0.22114076
0,0.2204378
0,0.2238702
0,0.225433
0,0.23375571
0,0.25914523
0,0.277839
0,0.28463462
0,0.2924184
0,0.26031312
0,0.25390166
0,0.23837307
0,0.21707377
0,0.2054643
0,0.20261815
0,0.19937953
0,0.20825318
0,0.19592436
0,0.18186216
0,0.17266624
0,0.16085239
0,0.1596004
0,0.15215649
0,0.15228032
0,0.14724542
0,0.14485641
0,0.15071566
0,0.14913256
0,0.14606307
0,0.14911301
0,0.15167993
0,0.14539166
0,0.14523056
0,0.15393353
0,0.15914193
0,0.1548132
0,0.15665977
0,0.17131793
0,0.1766935
0,0.18189223
0,0.18691662
0,0.18068746
0,0.18221994
0,0.19991098
0,0.20929463
0,0.22930068
0,0.24057196
0,0.2403973
0,0.23622815
0,0.25121883
0,0.24708901
0,0.23724365
0,0.2200944
0,0.23896281
0,0.24079788
0,0.22403222
0,0.20715313
0,0.19887973
0,0.18062584
0,0.19691652
0,0.18824352
0,0.18900563
0,0.1794521
0,0.19129807
0,0.18920922
0,0.20321283
0,0.22229972
0,0.2182548
0,0.24551468
0,0.2374669
0,0.2150316
0,0.23047346
0,0.23740056
0,0.24506484
0,0.2628933
0,0.23796551
0,0.24060972
0,0.20433915
0,0.17331165
0,0.15775988
0,0.15038463
0,0.15261452
0,0.16346319
0,0.14834388
0,0.13988735
0,0.128921
0,0.12498828
0,0.12058378
0,0.1203577
0,0.1195761
0,0.12069715
0,0.12867892
0,0.13405336
0,0.15160738
0,0.18850729
0,0.1848411
0,0.18261538
0,0.182814
0,0.1888812
0,0.17547894
0,0.16817786
0,0.16159724
0,0.16135903
0,0.16574882
0,0.18168691
0,0.17994028
0,0.18902464
0,0.19894579
0,0.21549629
0,0.23008879
0,0.24395409
0,0.22635913
0,0.21396273
0,0.19584997
0,0.1773348
0,0.163576
0,0.16171953
0,0.16682006
0,0.1836854
0,0.18374969
0,0.1795658
0,0.20127639
0,0.20314589
0,0.1983614
0,0.18961309
0,0.19191608
0,0.1950949
0,0.18235607
0,0.17089835
0,0.17699449
0,0.1776765
0,0.19432567
0,0.17550023
0,0.19415356
0,0.186306
0,0.37994894
0,0.38433868
0,0.32027483
0,0.30057237
0,0.26609477
0,0.24511307
0,0.20253325
0,0.16988534
0,0.15586375
0,0.14628153
0,0.1326757
0,0.13145174
0,0.1304278
0,0.12528284
0,0.12871374
0,0.13152212
0,0.13719165
0,0.12996566
0,0.1298599
0,0.12929833
0,0.12989941
0,0.1310279
0,0.13487248
0,0.14544754
0,0.15504663
0,0.16494825
0,0.17133988
0,0.1857583
0,0.19233008
0,0.20932648
0,0.25537884
0,0.25664565
0,0.2676803
0,0.27802798
0,0.26420382
0,0.27251464
0,0.28238475
0,0.2816181
0,0.3045991
0,0.31491676
0,0.352324
0,0.3400972
0,0.3177196
0,0.3128005
0,0.32607555
0,0.30968362
0,0.31530848
0,0.330041
0,0.34260377
0,0.35399207
0,0.36245754
0,0.3676074
0,0.38957638
0,0.3816123
0,0.3468506
0,0.30722228
0,0.66054523
0,0.72509074
0,0.84198606
0,0.7968535
0,0.6986073
0,0.57902664
0,0.42438707
0,0.33168763
0,0.23888412
0,0.18545766
0,0.16356753
0,0.15747671
0,0.14675966
0,0.14129311
0,0.13601722
0,0.13591067
0,0.15072303
0,0.15073645
0,0.16210479
0,0.16586031
0,0.15702108
0,0.14763215
0,0.14925009
0,0.14410423
0,0.1419317
0,0.14597708
0,0.14739613
0,0.14375365
0,0.1444433
0,0.14752604
0,0.15498467
0,0.17094079
0,0.20414971
0,0.20489967
0,0.19330142
0,0.17787953
0,0.16551961
0,0.15627466
0,0.14755085
0,0.14714058
0,0.14165677
0,0.13879113
0,0.1341182
0,0.13287595
0,0.13647622
0,0.14587522
0,0.1550427
0,0.16612609
0,0.17975616
0,0.18868223
0,0.1934631
0,0.20875585
0,0.22014698
0,0.22989717
0,0.23177707
0,0.23547775
0,0.2388567
0,0.24291228
0,0.2593011
0,0.29077032
0,0.30578738
0,0.30073938
0,0.31795195
0,0.3060879
0,0.30909917
0,0.32032895
0,0.34513786
0,0.35650593
0,0.39500302
0,0.39965123
0,0.39433295
0,0.37344232
0,0.34224954
0,0.32139218
0,0.30077928
0,0.2864903
0,0.27541655
0,0.25241384
0,0.28230214
0,0.3164956
0,0.2875721
0,0.2725428
0,0.24427767
0,0.19673117
0,0.15776044
0,0.14710861
0,0.14173304
0,0.13317412
0,0.1337732
0,0.13048118
0,0.13216057
0,0.13231649
0,0.14161898
0,0.14001812
0,0.13970083
0,0.14508018
0,0.14765589
0,0.15801932
0,0.1618767
0,0.17189126
0,0.17350085
0,0.18653624
0,0.19691691
0,0.21604949
0,0.2279025
0,0.23438363
0,0.23938738
0,0.24774583
0,0.26426435
0,0.2637781
0,0.2726282
0,0.27401263
0,0.28689247
0,0.29633024
0,0.28410035
0,0.28003022
0,0.26829955
0,0.26200444
0,0.26950893
0,0.28341568
0,0.2663962
0,0.27143857
0,0.27037904
0,0.26475608
0,0.26988214
0,0.26300642
0,0.25642958
0,0.2588018
0,0.25361487
0,0.26595873
0,0.25676244
0,0.25946358
0,0.26350582
0,0.26997778
0,0.26653838
0,0.2601388
0,0.26615062
0,0.27074963
0,0.26720062
0,0.26130092
0,0.26439974
0,0.27124974
0,0.27122635
0,0.27539334
0,0.27468747
0,0.27490455
0,0.2740529
0,0.2768645
0,0.2903241
0,0.29174635
0,0.27674553
0,0.27811298
0,0.27281922
0,0.26282173
0,0.264164
0,0.25785768
0,0.25954124
0,0.2547512
0,0.258166
0,0.2643181
0,0.2651296
0,0.2569803
0,0.26518005
0,0.27271274
0,0.26231664
0,0.27204365
0,0.26337388
0,0.26985943
0,0.27530304
0,0.26951718
0,0.27445868
0,0.26971287
0,0.28081876
0,0.30847844
0,0.29617247
0,0.28864312
0,0.29238728
0,0.2860141
0,0.27613083
0,0.2765274
0,0.28052822
0,0.29220447
0,0.28897288
0,0.281277
0,0.2715589
0,0.28464493
0,0.2798593
0,0.2729438
0,0.27628452
0,0.26923433
0,0.27646774
0,0.26777828
0,0.2900821
0,0.29842636
0,0.32605413
0,0.310882
0,0.28316176
0,0.27851892
0,0.28661612
0,0.2958851
0,0.29703265
0,0.28124508
0,0.2831709
0,0.28332812
0,0.2852047
0,0.2855014
0,0.28222728
0,0.27515376
0,0.27851832
0,0.28057402
0,0.30479598
0,0.32084817
0,0.3449807
0,0.34134156
0,0.30436817
0,0.2981007
0,0.28494495
0,0.2824247
0,0.27717322
0,0.27594638
0,0.28726226
0,0.27903906
0,0.2734817
0,0.27521232
0,0.26524797
0,0.2592182
0,0.2632925
0,0.26573685
0,0.2642875
0,0.26721728
0,0.25721148
0,0.26613092
0,0.27948934
0,0.27519023
0,0.27665722
0,0.26138198
0,0.27648875
0,0.26950973
0,0.26573086
0,0.2683016
0,0.2736311
0,0.26950032
0,0.27481678
0,0.26944605
0,0.2856185
0,0.28680786
0,0.29635835
0,0.2924886
0,0.2888278
0,0.2775945
0,0.28234038
0,0.27580306
0,0.2820432
0,0.2752605
0,0.2847999
0,0.27965316
0,0.30541563
0,0.31808624
0,0.30755472
0,0.3074682
0,0.29907158
0,0.30151072
0,0.29911402
0,0.29540706
0,0.29091883
0,0.29532772
0,0.3091838
0,0.29893476
0,0.27579534
0,0.27367032
0,0.2738438
0,0.2807935
0,0.27521768
0,0.27724287
0,0.27495068
0,0.26550707
0,0.26776442
0,0.27347183
0,0.28442216
0,0.28245145
0,0.27375665
0,0.2810935
0,0.27429387
0,0.2636665
0,0.26257193
0,0.27943373
0,0.31410253
0,0.30530477
0,0.31817392
0,0.32848722
0,0.34433374
0,0.33658
0,0.32713598
0,0.31115496
0,0.30992684
0,0.31270695
0,0.3145556
0,0.3205701
0,0.32755488
0,0.3446719
0,0.33206832
0,0.34356552
0,0.33608067
0,0.33750904
0,0.30814672
0,0.2932808
0,0.24972188
0,0.2222112
0,0.21016997
0,0.19300823
0,0.17396663
0,0.17255475
0,0.17036939
0,0.169273
0,0.16746657
0,0.16784091
0,0.17239732
0,0.17553858
0,0.18289469
0,0.20177075
0,0.21754901
0,0.22002287
0,0.21506087
0,0.21766683
0,0.22259784
0,0.2288063
0,0.24990137
0,0.25323674
0,0.26960665
0,0.25984278
0,0.2660505
0,0.28342178
0,0.28003922
0,0.27875486
0,0.28372294
0,0.27915215
0,0.28836885
0,0.29691517
0,0.31762072
0,0.32410064
0,0.3200298
0,0.29896092
0,0.28999445
1,0.30028358
1,0.2766935
1,0.29603785
1,0.30662754
1,0.30389324
1,0.29603934
1,0.29168773
1,0.3109713
1,0.31210315
1,0.3128595
1,0.31576842
1,0.31059125
1,0.31114656
1,0.3168811
1,0.31105468
1,0.9502346
1,0.9926774
1,0.9973417
0,0.9980443
0,0.99099946
0,0.98664457
0,0.9804073
0,0.97200304
0,0.95634395
0,0.9308044
0,0.9087866
0,0.9079243
0,0.8766658
0,0.8634508
0,0.8373182
0,0.81386554
0,0.7711405
0,0.7511463
0,0.7559221
0,0.7314735
0,0.7402694
0,0.71263313
0,0.71172404
0,0.7114506
0,0.7502654
0,0.7751131
0,0.77568924
0,0.7572779
0,0.7548717
0,0.7496196
0,0.60324574
0,0.41109043
0,0.26103586
0,0.29813024
0,0.27712762
0,0.26761362
0,0.20246683
0,0.16772467
0,0.15146682
0,0.14295886
0,0.13301851
0,0.13739777
0,0.12641262
0,0.12410816
0,0.13515645
0,0.13804175
0,0.14638183
0,0.1470849
0,0.14728068
0,0.14983864
0,0.15554617
0,0.15643793
0,0.15194423
0,0.1628469
0,0.17709252
0,0.17813067
0,0.16603938
0,0.16188289
0,0.16358076
0,0.16434547
0,0.18521485
0,0.22500224
0,0.20316239
0,0.19090028
0,0.2041195
0,0.2041674
0,0.18429257
0,0.16869947
0,0.15814935
0,0.15412638
0,0.15438838
0,0.1445571
0,0.1458321
0,0.1473757
0,0.1461979
0,0.14924671
0,0.15232146
0,0.1568918
0,0.15602271
0,0.15847422
0,0.15438622
0,0.1629574
0,0.14939861
0,0.15102743
0,0.14902228
0,0.14966568
0,0.14098504
0,0.1440198
0,0.1496516
0,0.16371521
0,0.17070912
0,0.19054274
0,0.20431654
0,0.22646387
0,0.2299273
0,0.23684946
0,0.24454065
0,0.2451513
0,0.2581421
0,0.2634304
0,0.26125157
0,0.27096543
0,0.25816515
0,0.26293686
0,0.2719803
0,0.27793956
0,0.3066588
0,0.3191627
0,0.35322097
0,0.3677114
0,0.32608813
0,0.31638974
0,0.29758334
0,0.29254326
0,0.28763196
0,0.30090243
0,0.28340632
0,0.27122977
0,0.287031
0,0.28395867
0,0.27212268
0,0.27840498
0,0.27185303
0,0.2720327
0,0.25877792
0,0.26585597
0,0.2668491
0,0.2664502
0,0.27687153
0,0.2756206
0,0.2830695
0,0.29945242
0,0.29628715
0,0.28981125
0,0.3224339
0,0.32938552
0,0.33433735
0,0.33251908
0,0.32729948
0,0.33045053
0,0.33913338
0,0.3317007
0,0.3251767
0,0.3373593
0,0.33087605
0,0.32730103
0,0.3402163
0,0.32434183
0,0.29583433
0,0.28015715
0,0.26902163
0,0.24271564
0,0.2149886
0,0.20330663
0,0.21463023
0,0.21920742
0,0.20627326
0,0.20407918
0,0.23398913
0,0.21864949
0,0.18926923
0,0.18185584
0,0.19667335
0,0.17726322
0,0.16419795
0,0.16151556
0,0.15896824
0,0.15832043
0,0.15665194
0,0.160783
0,0.15930519
0,0.15846519
0,0.16545565
0,0.17149463
0,0.17528467
0,0.17979802
0,0.18827383
0,0.19728862
0,0.20362541
0,0.21438068
0,0.23563607
0,0.25101373
0,0.24733007
0,0.24801642
0,0.27915785
0,0.33517176
0,0.33122832
0,0.32184058
0,0.3353469
0,0.3252508
0,0.31122735
0,0.2953306
0,0.27863184
0,0.27299532
0,0.25760657
0,0.26538524
0,0.24290986
0,0.23040062
0,0.2140922
0,0.20913085
0,0.2123659
0,0.20690551
0,0.20588115
0,0.20682336
0,0.21269429
0,0.20608175
0,0.24814002
0,0.26949456
0,0.30091566
0,0.3271986
0,0.3486528
0,0.35811138
0,0.41528746
0,0.42323944
0,0.38132834
0,0.34328178
0,0.33030194
0,0.2951496
0,0.4082407
0,0.43346182
0,0.4899755
0,0.49797443
0,0.48016635
0,0.42093894
0,0.38961163
0,0.41089684
0,0.348847
0,0.35560137
0,0.3342276
0,0.31832442
0,0.30289203
0,0.27592507
0,0.33040902
0,0.38091063
0,0.4509176
0,0.44551268
0,0.51061153
0,0.5387509
0,0.5730225
0,0.5896911
0,0.47380117
0,0.41476178
0,0.40771303
0,0.3866153
0,0.35960713
0,0.32884765
0,0.31251797
0,0.29934117
0,0.23139678
0,0.19176562
0,0.17675969
0,0.16236438
0,0.1527285
0,0.14913194
0,0.14613739
0,0.14671108
0,0.14310056
0,0.1458498
0,0.14860363
0,0.14929685
0,0.16078022
0,0.16143744
0,0.16759917
0,0.1672101
0,0.1742453
0,0.17903051
0,0.1619472
0,0.15624376
0,0.14786284
0,0.15073615
0,0.14770252
0,0.14536478
0,0.14300987
0,0.1521828
0,0.14931697
0,0.150555
0,0.14777544
0,0.14886513
0,0.14411135
0,0.14901474
0,0.14666237
0,0.1625645
0,0.18117695
0,0.1797152
0,0.16259089
0,0.15294923
0,0.15062326
0,0.15045267
0,0.15329173
0,0.15212226
0,0.1539814
0,0.15931498
0,0.16773988
0,0.17691979
0,0.18436727
0,0.17559817
0,0.17824738
0,0.18709323
0,0.17993301
0,0.18166393
0,0.19673163
0,0.19087592
0,0.17117135
0,0.16441914
0,0.16145176
0,0.15739553
0,0.1618536
0,0.16729477
0,0.16937636
0,0.17606878
0,0.17609213
0,0.18537901
0,0.18947202
0,0.19339354
0,0.16977836
0,0.16030684
0,0.15775445
0,0.15706582
0,0.15890908
0,0.16924798
0,0.17452587
0,0.19064167
0,0.19730248
0,0.21346651
0,0.21878555
0,0.23476727
0,0.235953
0,0.24948242
0,0.2499474
0,0.26021537
0,0.26042876
0,0.29854187
0,0.2810167
0,0.3205079
0,0.32025704
0,0.32039067
0,0.29232767
0,0.28954488
0,0.28048837
0,0.27695084
0,0.2858263
0,0.30484602
0,0.28486267
0,0.30480438
0,0.30496597
0,0.320271
0,0.30618185
0,0.3073298
0,0.29522035
0,0.3005018
0,0.2844088
0,0.28178442
0,0.29013053
0,0.2868834
0,0.2965986
0,0.32922867
0,0.2854811
0,0.3063427
0,0.2840067
0,0.28890634
0,0.27324283
0,0.28849712
0,0.27016917
0,0.26816687
0,0.280041
0,0.28040937
0,0.26882014
0,0.27874967
0,0.2753701
0,0.2977471
0,0.2892895
0,0.29182503
0,0.27687046
0,0.27055368
0,0.27854055
0,0.26774758
0,0.27548826
0,0.2668977
0,0.26191935
0,0.26858807
0,0.27173248
0,0.27696165
0,0.27609724
0,0.2848423
0,0.3010992
0,0.3162303
0,0.34878364
0,0.33777755
0,0.3642059
0,0.37716728
0,0.35144916
0,0.36982828
0,0.33111286
0,0.31499997
0,0.28543606
0,0.28606367
0,0.29133278
0,0.28325742
0,0.28539187
0,0.2757168
0,0.26847255
0,0.27488872
0,0.26113015
0,0.2582626
0,0.2477603
0,0.2373007
0,0.24032447
0,0.24171805
0,0.2402271
0,0.24328227
0,0.24370603
0,0.24920599
0,0.25145927
0,0.25426188
0,0.254139
0,0.25277323
0,0.2663189
0,0.27392176
0,0.3017748
0,0.30577758
0,0.3029097
0,0.3237913
0,0.30703437
0,0.30400977
0,0.2932747
0,0.29477394
0,0.27138793
0,0.26950362
0,0.27824545
1,0.2806977
1,0.2835364
1,0.2880461
1,0.2821886
1,0.27030537
1,0.28060094
1,0.2774779
1,0.281352
1,0.28985077
1,0.2804941
1,0.28265595
1,0.27683514
1,0.27805546
1,0.27455232
1,0.26516193
0,0.94075686
0,0.7492551
0,0.64146394
0,0.54960036
0,0.4629241
0,0.4023831
0,0.38031438
0,0.34491944
0,0.28981206
0,0.27009952
0,0.25033525
0,0.22829725
0,0.18074362
0,0.16693707
0,0.16004416
0,0.15795048
0,0.1539411
0,0.15116723
0,0.14505881
0,0.13853997
0,0.14425068
0,0.15285881
0,0.16064353
0,0.17631882
0,0.15923586
0,0.15101741
0,0.15680729
0,0.15452832
0,0.15693791
0,0.15517092
0,0.29421848
0,0.28505498
0,0.29336235
0,0.26661435
0,0.22591704
0,0.20212841
0,0.19006096
0,0.17879039
0,0.1727742
0,0.17858995
0,0.17525075
0,0.17935075
0,0.18500951
0,0.19093925
0,0.19346705
0,0.20240663
0,0.20583259
0,0.21499658
0,0.22843994
0,0.23633036
0,0.24535924
0,0.25382584
0,0.2795172
0,0.2827771
0,0.28589717
0,0.28492978
0,0.280494
0,0.2813582
0,0.2680806
0,0.26696396
0,0.2707191
0,0.26873842
0,0.27132553
0,0.262992
0,0.26819423
0,0.2724613
0,0.27620354
0,0.2818829
0,0.2925185
0,0.28892827
0,0.30190852
0,0.30501598
0,0.28820416
0,0.27692097
0,0.27696142
0,0.28013954
0,0.2861548
0,0.30507424
0,0.29101825
0,0.28751943
0,0.27237052
0,0.26985595
0,0.26966867
0,0.30470738
0,0.29033425
0,0.29847786
0,0.27064145
0,0.27991942
0,0.2837145
0,0.28931943
0,0.3130519
0,0.3307156
0,0.3161708
0,0.31681764
0,0.31581792
0,0.3129016
0,0.29126617
0,0.28796738
0,0.2830572
0,0.3163706
0,0.32296562
0,0.32280523
0,0.30670848
0,0.29142565
0,0.2945026
0,0.2854054
0,0.29177064
0,0.2816712
0,0.28423506
0,0.29719397
0,0.29892915
0,0.33724105
0,0.33251488
0,0.33681184
0,0.3114822
0,0.30621848
0,0.2976494
0,0.27965987
0,0.28794047
0,0.2870376
0,0.31677485
0,0.32751504
0,0.2923702
0,0.26779717
0,0.23832376
0,0.21594492
0,0.19740452
0,0.18833447
0,0.18184708
0,0.1797403
0,0.18218227
0,0.18292733
0,0.1743028
0,0.17131317
0,0.17386933
0,0.17802176
0,0.18763785
0,0.20267734
0,0.21782596
0,0.22435343
0,0.22988872
0,0.24437042
0,0.25336707
0,0.2605402
0,0.25878757
0,0.26727363
0,0.25481826
0,0.27565476
0,0.2592736
0,0.26663616
0,0.26355585
0,0.26647416
0,0.26759326
0,0.2714996
0,0.301733
0,0.34659058
0,0.29265642
0,0.29091626
0,0.27465916
0,0.28497517
0,0.28917
0,0.27954778
0,0.29228526
0,0.2859131
0,0.27263567
0,0.27164343
0,0.2869067
0,0.28246382
0,0.27341968
0,0.27088615
0,0.26443887
0,0.27969056
0,0.2692546
0,0.26695374
0,0.2690634
0,0.27664682
0,0.26626414
0,0.26783305
0,0.26308396
0,0.27517414
0,0.26543874
0,0.26525593
0,0.26468512
0,0.26696223
0,0.25611052
0,0.27180263
0,0.26032662
0,0.2607905
0,0.2638257
0,0.26114935
0,0.2500008
0,0.27346253
0,0.2697401
0,0.26773384
0,0.2639999
0,0.26294783
0,0.28079438
0,0.2670752
0,0.29172534
0,0.2964481
0,0.30094877
0,0.30455172
0,0.29196307
0,0.28345373
0,0.32623336
0,0.33210528
0,0.3051927
0,0.30357924
0,0.31251517
0,0.31455863
0,0.31374326
0,0.30446884
0,0.2771899
0,0.27037743
0,0.27512574
0,0.28150058
0,0.26703912
0,0.27150202
0,0.26104137
0,0.26958638
0,0.28220648
0,0.27521223
0,0.25977784
0,0.2727764
0,0.2587977
0,0.26844445
0,0.26135433
0,0.26582265
0,0.27523863
0,0.27095288
0,0.28425282
0,0.30313832
0,0.30726707
0,0.29349858
0,0.29878202
0,0.30301455
0,0.3080161
0,0.3063254
0,0.3073654
0,0.3179795
0,0.34607264
0,0.35122737
0,0.34828457
0,0.33746618
0,0.33062622
0,0.3266732
0,0.32015046
0,0.32742757
0,0.3522247
0,0.3411223
0,0.33485234
0,0.31038532
0,0.29617545
0,0.270267
0,0.21407792
0,0.20959555
0,0.20257115
0,0.19186771
0,0.17612001
0,0.16660048
0,0.15024687
0,0.1502554
0,0.14494196
0,0.14110027
0,0.14275932
0,0.14781708
0,0.15397502
0,0.15946199
0,0.17262618
0,0.17929073
0,0.20366162
0,0.20329075
0,0.21985547
0,0.20827629
0,0.1987444
0,0.19592984
0,0.19779192
0,0.20809188
0,0.22425348
0,0.23895201
0,0.25213835
0,0.2735235
0,0.29080042
0,0.2940332
0,0.2904911
0,0.2861903
0,0.281956
0,0.30632547
0,0.30555382
0,0.31480035
0,0.28849673
0,0.30113187
0,0.2958474
0,0.2867978
0,0.31119296
0,0.32184538
0,0.32347497
0,0.3001183
0,0.32922277
0,0.3182436
0,0.3190209
0,0.3012497
0,0.30700034
0,0.30784822
0,0.30004886
0,0.29928142
0,0.2830448
0,0.27256048
0,0.26938155
0,0.25640592
0,0.24840046
0,0.26342627
0,0.2584253
0,0.27815133
0,0.27948645
0,0.26558435
0,0.26234895
0,0.25498325
0,0.2713584
0,0.27694008
0,0.27656078
0,0.27321365
0,0.26337397
0,0.27083364
0,0.28518033
0,0.30446967
0,0.2812179
0,0.28866595
0,0.27395675
0,0.27819434
0,0.26879168
0,0.28337416
0,0.28597996
0,0.29131368
0,0.32830817
0,0.32319942
0,0.31145322
0,0.3307347
0,0.32397088
0,0.32327688
0,0.32017782
0,0.31729588
0,0.3224245
0,0.35316193
0,0.37993538
0,0.39730036
0,0.377066
0,0.35086673
0,0.3066608
0,0.2599309
0,0.24193928
0,0.23708609
0,0.22519308
0,0.20983522
0,0.20795178
0,0.20611556
0,0.18489812
0,0.16733366
0,0.15247649
0,0.14437379
0,0.13880739
0,0.14256246
0,0.13719137
0,0.1379337
0,0.13478898
0,0.13846834
0,0.14479563
0,0.15349989
0,0.15393348
0,0.16048063
0,0.17620742
0,0.18922493
0,0.19212833
0,0.20873919
0,0.22212929
0,0.2508094
0,0.25372222
0,0.28260148
0,0.3016379
0,0.3037506
0,0.31702188
0,0.32910752
0,0.3196581
0,0.3154956
0,0.35798055
0,0.3568545
0,0.32442328
0,0.30974483
0,0.30206025
0,0.29704174
0,0.29702535
0,0.30054918
0,0.280606
0,0.28613144
0,0.2590928
0,0.24480902
0,0.24108456
0,0.2330515
0,0.22401366
0,0.2277777
0,0.23033291
0,0.23519269
0,0.25519994
0,0.25778332
0,0.25895736
0,0.26517308
0,0.2787234
0,0.27945024
0,0.2809378
0,0.2834771
0,0.2874036
0,0.31330338
0,0.28861716
0,0.28940955
0,0.30644786
0,0.32428202
0,0.31556138
0,0.31960613
0,0.30854082
0,0.2957698
0,0.30193156
0,0.2859034
0,0.29098552
0,0.30304277
0,0.35066053
0,0.36275533
0,0.34465685
0,0.33126664
0,0.32649562
0,0.31205514
0,0.29250607
0,0.2814737
0,0.27318767
0,0.2624305
0,0.2843924
0,0.27913678
0,0.25858983
0,0.24633181
0,0.21871157
0,0.2041885
0,0.19828868
0,0.20469837
0,0.20308596
0,0.21169798
0,0.22659558
0,0.22805327
0,0.23292366
0,0.22298354
0,0.21929394
0,0.217607
0,0.21524625
0,0.21883377
0,0.23389572
0,0.2468382
0,0.2821049
0,0.2900462
0,0.2890289
0,0.29663116
0,0.27954087
0,0.28908217
0,0.29357612
0,0.30868667
0,0.3184888
0,0.3238716
0,0.3502592
0,0.35162282
0,0.40328568
0,0.42117843
0,0.41983938
0,0.42515618
0,0.45015424
0,0.45019445
0,0.40923128
0,0.38837183
0,0.34629747
0,0.3247046
0,0.30416948
0,0.31293824
0,0.4225883
0,0.51893437
0,0.49219182
0,0.44545802
0,0.4170063
0,0.38031548
0,0.2922454
0,0.25219795
0,0.21924533
0,0.19250081
0,0.1758581
0,0.18053411
0,0.17018808
0,0.1735718
0,0.16914128
0,0.15131807
0,0.1579366
0,0.16135828
0,0.158324
0,0.16058993
0,0.150403
0,0.15612482
0,0.14785488
0,0.14336865
0,0.14129595
0,0.14127718
0,0.15653926
0,0.17358357
0,0.18321586
0,0.19442359
0,0.18165837
0,0.17964499
0,0.18392952
0,0.19678874
0,0.26088244
0,0.31795663
0,0.3761123
0,0.38266465
0,0.42040777
0,0.49566758
0,0.47457933
0,0.4589511
0,0.40890542
0,0.40645918
0,0.41685295
0,0.45317733
0,0.45348376
0,0.43657574
0,0.43779945
0,0.40823424
0,0.39057136
0,0.38559988
0,0.37397823
0,0.35226238
0,0.3972847
0,0.42296696
0,0.45414552
0,0.4246628
0,0.42345816
0,0.4017647
0,0.38799092
0,0.36899796
0,0.39533192
0,0.38416296
0,0.3997207
0,0.399313
0,0.4398339
0,0.50239956
0,0.51561373
0,0.5231577
0,0.5347033
0,0.51581085
0,0.5783883
0,0.5588919
0,0.49412635
0,0.41878605
0,0.44370928
0,0.44212073
0,0.4055215
0,0.3862421
0,0.3628443
0,0.35194296
0,0.30233657
0,0.25691354
0,0.24613403
0,0.2344207
0,0.21203388
0,0.18970653
0,0.18882741
0,0.1863226
0,0.16713585
0,0.15758587
0,0.15238297
0,0.14231668
0,0.141024
0,0.13827388
0,0.13679379
0,0.1324372
0,0.13933092
0,0.14465162
0,0.15072682
0,0.14878707
0,0.14218868
0,0.14240094
0,0.1389699
0,0.13435397
0,0.14107308
0,0.14176686
0,0.13842434
0,0.14083882
0,0.15028697
0,0.16132398
0,0.16967885
0,0.1775829
0,0.18760028
0,0.19516665
0,0.20908405
0,0.22233388
0,0.24300945
0,0.2405484
0,0.23216757
0,0.22414714
0,0.22229654
0,0.22401668
0,0.23933415
0,0.24692819
0,0.2708278
0,0.25876978
0,0.2671444
0,0.28737748
0,0.29185885
0,0.2867352
0,0.29098675
0,0.28230205
0,0.28057554
0,0.2512928
0,0.22294413
0,0.21163155
0,0.20420633
0,0.20018448
0,0.19543044
0,0.1913496
0,0.18581966
0,0.18539399
0,0.19041663
0,0.19771798
0,0.21853052
0,0.2363339
0,0.25453815
0,0.24077296
0,0.22355436
0,0.20830068
0,0.19103815
0,0.18469319
0,0.18203707
0,0.18763608
0,0.19962505
0,0.2057883
0,0.20033865
0,0.19032454
0,0.17878604
0,0.18835467
0,0.18527946
0,0.19268592
0,0.18224224
0,0.18306933
0,0.17049679
0,0.16129397
0,0.160928
0,0.15421623
0,0.16884664
0,0.1603493
0,0.17053726
0,0.16774037
0,0.17913117
0,0.1836037
0,0.1752971
0,0.17603864
0,0.18127473
0,0.17835903
0,0.17035052
0,0.16063936
0,0.16631304
0,0.16581692
0,0.1633057
0,0.15613173
0,0.16785634
0,0.17137972
0,0.16576406
0,0.16149957
0,0.1707543
0,0.18085045
0,0.18562576
0,0.19299895
0,0.18782018
0,0.17803007
0,0.17644913
0,0.17054752
0,0.1777808
1,0.17956954
1,0.17763814
1,0.18156485
1,0.18074083
1,0.19258009
1,0.22055191
1,0.22636467
1,0.21862759
1,0.21967623
1,0.21800649
1,0.24123366
1,0.2966038
1,0.35200572
1,0.34715036
1,0.36072648
1,0.9604647
1,0.8537609
0,0.99184155
0,0.96360654
0,0.9174984
0,0.8640107
0,0.78828967
0,0.7332108
0,0.6834749
0,0.640836
0,0.6216601
0,0.5729313
0,0.5115397
0,0.45403594
0,0.45479986
0,0.44316208
0,0.43706983
0,0.4298422
0,0.38135937
0,0.36566603
0,0.33572915
0,0.3118921
0,0.32903233
0,0.31724703
0,0.3305687
0,0.3330024
0,0.3677027
0,0.372582
0,0.4126525
0,0.39965114
0,0.27948987
0,0.2881093
0,0.31965962
0,0.28980753
0,0.32116094
0,0.31997043
0,0.32228798
0,0.32691532
0,0.31356898
0,0.27023885
0,0.23795961
0,0.24357875
0,0.28711936
0,0.3264289
0,0.32032603
0,0.30015555
0,0.3119135
0,0.32855788
0,0.3309714
0,0.3013111
0,0.29456908
0,0.28374842
0,0.35477433
0,0.45237914
0,0.45058635
0,0.4282283
0,0.4448569
0,0.4565052
0,0.4908063
0,0.50273764
0,0.4844311
0,0.4760445
0,0.5046729
0,0.49016985
0,0.48516664
0,0.46401697
0,0.5062499
0,0.5173706
0,0.5622176
0,0.6098565
0,0.5225321
0,0.4868671
0,0.478429
0,0.47115776
0,0.41723824
0,0.3941594
0,0.3145173
0,0.33071485
0,0.292888
0,0.26040632
0,0.24624038
0,0.23752095
0,0.1935002
0,0.1662852
0,0.16322386
0,0.14593048
0,0.15908715
0,0.15248671
0,0.15147094
0,0.149819
0,0.14065786
0,0.13551511
0,0.13429692
0,0.12954487
0,0.12179059
0,0.12387661
0,0.122037984
0,0.12191612
0,0.13086712
0,0.13707097
0,0.13921943
0,0.14508231
0,0.15732856
0,0.17148839
0,0.18278784
0,0.20302548
0,0.21250221
0,0.23241186
0,0.24017383
0,0.25768587
0,0.2578381
0,0.26539195
0,0.2683198
0,0.2742267
0,0.2660917
0,0.27518666
0,0.28566796
0,0.2888422
0,0.3049205
0,0.2895352
0,0.28628415
0,0.27816045
0,0.30754188
0,0.29892844
0,0.3049226
0,0.30724615
0,0.3731339
0,0.41838428
0,0.39402005
0,0.3935967
0,0.36428773
0,0.34393853
0,0.35844746
0,0.3230195
0,0.3142382
0,0.27708155
0,0.2383738
0,0.2087132
0,0.18929574
0,0.17600097
0,0.16879004
0,0.16564912
0,0.1635732
0,0.15655555
0,0.15944876
0,0.15923427
0,0.1628054
0,0.1703426
0,0.18074347
0,0.18674132
0,0.19690892
0,0.20769703
0,0.2176671
0,0.22646983
0,0.24816617
0,0.25820598
0,0.26250547
0,0.26708415
0,0.284741
0,0.29081494
0,0.29056734
0,0.28684336
0,0.2896692
0,0.30002448
0,0.28165418
0,0.28364167
0,0.2887278
0,0.29898557
0,0.2774146
0,0.28303263
0,0.28048077
0,0.2768656
0,0.27077895
0,0.2721646
0,0.27414113
0,0.2743107
0,0.2740419
0,0.283479
0,0.27767637
0,0.27943268
0,0.27597266
0,0.2758647
0,0.27911147
0,0.2868421
0,0.28739783
0,0.29700714
0,0.307834
0,0.2881406
0,0.30129766
0,0.314384
0,0.31831956
0,0.327171
0,0.3377939
0,0.32993734
0,0.3387882
0,0.34688574
0,0.34807548
0,0.33445877
0,0.32908896
0,0.3165396
0,0.32029507
0,0.31795448
0,0.28918925
0,0.2816218
0,0.27795133
0,0.27293473
0,0.2643054
0,0.24278127
0,0.22868901
0,0.22977316
0,0.2704065
0,0.28424236
0,0.31050527
0,0.3265597
0,0.28528047
0,0.26041967
0,0.2819402
0,0.30256805
0,0.25679034
0,0.21993579
0,0.2117464
0,0.20839874
0,0.26121292
0,0.2851987
0,0.30959684
0,0.31855068
0,0.2614133
0,0.22414409
0,0.21745466
0,0.20859192
0,0.18866852
0,0.17911288
0,0.18357596
0,0.18349737
0,0.18455142
0,0.18137147
0,0.16896504
0,0.18656279
0,0.18579711
0,0.17511778
0,0.15516864
0,0.14335534
0,0.1449895
0,0.14021319
0,0.13105659
0,0.13016447
0,0.13074471
0,0.12501997
0,0.13052848
0,0.13966548
0,0.13265555
0,0.13489056
0,0.13438657
0,0.1396707
0,0.1533351
0,0.14880931
0,0.1533543
0,0.15440646
0,0.15536708
0,0.16297671
0,0.17044684
0,0.17497411
0,0.1841214
0,0.1948271
0,0.20421253
0,0.23528628
0,0.23464997
0,0.2584341
0,0.26681796
0,0.27715695
0,0.2703333
0,0.27660763
0,0.2867396
0,0.2906176
0,0.29832643
0,0.29966524
0,0.34743735
0,0.39169598
0,0.3711296
0,0.3565339
0,0.33105093
0,0.33319178
0,0.34341118
0,0.32073072
0,0.315885
0,0.33094034
0,0.35865477
0,0.41674438
0,0.4841687
0,0.50437784
0,0.5407825
0,0.5215403
0,0.4667587
0,0.39712667
0,0.37938884
0,0.3590516
0,0.35046294
0,0.32486048
0,0.292805
0,0.26292923
0,0.2214018
0,0.21478356
0,0.22368565
0,0.20638545
0,0.20244095
0,0.19278778
0,0.20927519
0,0.20235744
0,0.19787785
0,0.17994072
0,0.20598556
0,0.22314306
0,0.18363412
0,0.17820716
0,0.16667181
0,0.16182545
0,0.16321132
0,0.1630582
0,0.15595615
0,0.14864385
0,0.13981971
0,0.13137007
0,0.1527899
0,0.15250528
0,0.16137967
0,0.15739281
0,0.15037674
0,0.14290045
0,0.13798217
0,0.13061206
0,0.1438861
0,0.14683111
0,0.14616546
0,0.14363186
0,0.15709522
0,0.16591091
0,0.16214953
0,0.15524694
0,0.1532692
0,0.15252537
0,0.15228623
0,0.1489307
0,0.15160647
0,0.15094547
0,0.151606
0,0.15920076
0,0.16806228
0,0.16882737
0,0.16457188
0,0.16581666
0,0.16992202
0,0.17759024
0,0.18242516
0,0.18713066
0,0.20502256
0,0.20665894
0,0.20309682
0,0.20783052
0,0.22295773
0,0.2265698
0,0.23400912
0,0.2446179
0,0.25481123
0,0.25773153
0,0.2674811
0,0.26765716
0,0.31631574
0,0.32146478
0,0.2996017
0,0.30538487
0,0.28845692
0,0.29093215
0,0.2813506
0,0.28631127
0,0.28095815
0,0.27269465
0,0.27591023
0,0.28731015
0,0.27578378
0,0.28461137
0,0.28028008
0,0.28463522
0,0.30389285
0,0.3110952
0,0.3356964
0,0.34197485
0,0.32873586
0,0.31483683
0,0.33129424
0,0.35006317
0,0.33151817
0,0.33088654
0,0.33873928
0,0.34246826
0,0.32622752
0,0.30906206
0,0.28737175
0,0.28396866
0,0.2910813
0,0.29048115
0,0.25622314
0,0.23847839
0,0.23635998
0,0.23521237
0,0.2282152
0,0.21955402
0,0.23085481
0,0.22746605
0,0.2841046
0,0.35590997
0,0.52636623
0,0.6039176
0,0.5851721
0,0.5738572
0,0.5320195
0,0.49141145
0,0.4157762
0,0.37190112
0,0.3422291
0,0.31578723
0,0.324628
0,0.34154543
0,0.31157267
0,0.29693502
0,0.35699037
0,0.41328543
0,0.45639887
0,0.47644284
0,0.46418288
0,0.5739716
0,0.64654815
0,0.6609341
0,0.67492163
0,0.6733309
0,0.7337587
0,0.74740815
0,0.804395
0,0.81352746
0,0.85238165
0,0.84188807
0,0.84896237
0,0.8419011
0,0.8065957
0,0.7581993
0,0.72053874
0,0.6892377
0,0.72500366
0,0.7268877
0,0.6769029
0,0.6727594
0,0.62134504
0,0.94956636
0,0.8575442
0,0.8142034
0,0.80765355
0,0.76552635
0,0.7004757
0,0.6391192
0,0.6505789
0,0.6196425
0,0.54245955
0,0.4827599
0,0.42211017
0,0.37498966
0,0.3132404
0,0.27920327
0,0.27688184
0,0.27909195
0,0.24394406
0,0.20466451
0,0.20770709
0,0.22482951
0,0.20701994
0,0.2010205
0,0.1833147
0,0.17087351
0,0.16142115
0,0.16021353
0,0.17087737
0,0.14454828
0,0.1281768
0,0.1348117
0,0.14795052
0,0.14540735
0,0.1416555
0,0.14567374
0,0.15499137
0,0.16376759
0,0.15824226
0,0.16133927
0,0.16371647
0,0.16608539
0,0.18329905
0,0.17876507
0,0.17773537
0,0.17860052
0,0.1895435
0,0.19206941
0,0.20425229
0,0.2088457
0,0.21949685
0,0.24127878
0,0.2530431
0,0.24489813
0,0.23558223
0,0.23794842
0,0.22950345
0,0.23435363
0,0.24098001
0,0.2394597
0,0.25102627
0,0.27442542
0,0.2845861
0,0.2759306
0,0.26372713
0,0.28115916
0,0.27508003
0,0.28512245
0,0.30103302
0,0.30877233
0,0.32841888
0,0.33077398
0,0.34520268
0,0.35016564
0,0.3357438
0,0.31709266
0,0.28249928
0,0.267997
0,0.251635
0,0.24318053
0,0.21937004
0,0.19948749
0,0.20531799
0,0.20092192
0,0.18397208
0,0.17452586
0,0.1709491
0,0.16202617
1,0.1687792
1,0.17291854
1,0.16420197
1,0.16470736
1,0.17088006
1,0.16549805
1,0.1683057
1,0.17306258
1,0.16784321
1,0.17201336
1,0.17700785
1,0.18558735
1,0.19885859
1,0.21258944
1,0.23640238
1,0.9308313
0,0.9924222
0,0.97234637
0,0.9580965
0,0.93100566
0,0.8937798
0,0.8441012
0,0.78317654
0,0.7275367
0,0.7620489
0,0.734347
0,0.64807177
0,0.5720483
0,0.5046904
0,0.44207484
0,0.4346941
0,0.39425483
0,0.36773634
0,0.31182015
0,0.3123719
0,0.26989868
0,0.27705258
0,0.2800056
0,0.24642447
0,0.24871293
0,0.21494944
0,0.18830582
0,0.1692116
0,0.15435682
0,0.14908946
0,0.14327002
0,0.26699618
0,0.25273287
0,0.24792826
0,0.25506723
0,0.24802035
0,0.23082092
0,0.21200824
0,0.20080206
0,0.20772956
0,0.20623446
0,0.20526606
0,0.21206585
0,0.20593946
0,0.21454662
0,0.22374827
0,0.22303219
0,0.22317941
0,0.2303012
0,0.2387317
0,0.23638713
0,0.27585852
0,0.27090245
0,0.27791372
0,0.28575134
0,0.27478
0,0.26644853
0,0.2722693
0,0.26693645
0,0.2715073
0,0.27454007
0,0.26655766
0,0.2609589
0,0.27489644
0,0.27467546
0,0.27441072
0,0.2785964
0,0.26845762
0,0.27449718
0,0.2796864
0,0.2831892
0,0.2848477
0,0.27849546
0,0.29087317
0,0.30595484
0,0.31837627
0,0.3105799
0,0.30409387
0,0.32530826
0,0.3130192
0,0.30380985
0,0.29378915
0,0.28592023
0,0.28255692
0,0.27743897
0,0.27533615
0,0.27489042
0,0.27244264
0,0.27392164
0,0.28599638
0,0.2787185
0,0.2809834
0,0.28211728
0,0.28252268
0,0.28688133
0,0.30929917
0,0.2958324
0,0.2995561
0,0.29195112
0,0.29747954
0,0.29848146
0,0.28825614
0,0.3017901
0,0.33666685
0,0.31830287
0,0.31883404
0,0.32166228
0,0.36650622
0,0.4093294
0,0.39414686
0,0.390078
0,0.36616087
0,0.34333625
0,0.3162685
0,0.29161578
0,0.2834387
0,0.26557222
0,0.2608382
0,0.23892449
0,0.23994817
0,0.24603875
0,0.2365156
0,0.2166072
0,0.23840636
0,0.22709182
0,0.22206357
0,0.21013582
0,0.23491302
0,0.2565825
0,0.30151078
0,0.33632445
0,0.32497826
0,0.354613
0,0.3345096
0,0.3732435
0,0.35357076
0,0.3481077
0,0.37086186
0,0.4010641
1,0.43241456
1,0.49889055
1,0.5171699
1,0.593193
1,0.671295
1,0.70411676
1,0.7063216
1,0.71106994
1,0.6594872
1,0.6285993
1,0.6159023
1,0.5740155
1,0.5880114
1,0.5519817
1,0.57424027
0,0.9561431
0,0.8948921
0,0.87372136
0,0.83368176
0,0.80988145
0,0.762194
1,0.7180753
1,0.7315339
1,0.7161131
1,0.68649435
1,0.6534909
1,0.6734505
1,0.6802721
1,0.69842565
1,0.7430096
1,0.74998015
1,0.78104335
1,0.8057845
1,0.82145536
1,0.8086961
1,0.81438994
1,0.9785479
1,0.9512535
1,0.9485624
1,0.94860905
1,0.9512893
1,0.9931559
1,0.9849521
1,0.9788189
1,0.95785856
1,0.93140507
1,0.9147575
1,0.8879268
1,0.987957
1,0.995343
1,0.9871027
1,0.9833083
1,0.981133
1,0.9772328
0,0.99681467
0,0.9922451
0,0.9896949
0,0.98700047
0,0.9839081
0,0.985382
0,0.98208314
0,0.98195535
0,0.98233974
0,0.9795283
0,0.97937334
0,0.97796494
0,0.9747834
0,0.97386426
0,0.9724396
0,0.9688206
0,0.9587646
0,0.94101715
0,0.94033736
0,0.94053733
0,0.952962
0,0.950435
0,0.94777465
0,0.9295904
0,0.7957556
0,0.77151763
0,0.77125627
0,0.7809273
0,0.7687021
0,0.7557728
0,0.7627893
0,0.7548338
0,0.76962256
0,0.78222525
0,0.7793218
0,0.76375616
0,0.78460115
0,0.8005502
0,0.77651054
0,0.77013457
0,0.71637356
0,0.7221869
0,0.65644145
0,0.66511273
0,0.65569466
0,0.67028534
0,0.64374423
0,0.62364787
0,0.65677214
0,0.6913066
0,0.70598125
0,0.7506203
0,0.7687138
0,0.80904543
0,0.8303067
0,0.8556038
0,0.8822418
0,0.88218516
0,0.8889582
0,0.892057
0,0.88569564
0,0.8886752
0,0.8751266
0,0.86914814
0,0.8985464
0,0.90083957
1,0.91605014
1,0.9083289
1,0.9151289
1,0.90543026
1,0.92307305
1,0.9210662
1,0.9436111
1,0.9510458
1,0.94826317
1,0.949228
1,0.9488212
1,0.94863486
1,0.948298
1,0.9501471
1,0.95306927
1,0.98636955
1,0.9692904
1,0.9608349
1,0.96549857
0,0.98892844
0,0.97642154
0,0.97254425
0,0.9667339
0,0.9623665
0,0.9679818
0,0.96710694
0,0.9732267
0,0.9710399
0,0.9690288
0,0.96920097
0,0.9694683
0,0.9703974
0,0.96820515
0,0.966487
0,0.97254235
0,0.9735604
0,0.9739516
0,0.97162336
0,0.9710324
0,0.97109276
0,0.9734118
0,0.9727425
0,0.9753629
0,0.9691863
0,0.9619125
1,0.9615057
1,0.96412444
1,0.96314454
1,0.9594528
1,0.9590549
1,0.9578596
1,0.9581614
1,0.96290207
1,0.9606277
1,0.9630861
1,0.96263444
1,0.95871514
1,0.9570929
1,0.95599216
1,0.9619651
1,0.9875079
1,0.974186
1,0.9700793
1,0.9686669
1,0.96885985
1,0.9668098
1,0.9663031
1,0.963648
1,0.96851104
1,0.96951556
1,0.96386
1,0.9623692
1,0.9586548
0,0.9884615
0,0.97688574
0,0.97651416
0,0.9730446
0,0.97318196
0,0.97174364
0,0.9724165
0,0.9706092
0,0.96861327
0,0.96676457
1,0.9668284
1,0.9684391
1,0.9706961
1,0.9667502
1,0.9675099
1,0.9642694
1,0.95598847
1,0.95613813
1,0.95058763
1,0.9474706
1,0.9480154
1,0.9378424
1,0.93675363
1,0.9403087
1,0.9375991
0,0.9867417
0,0.97338194
0,0.97232336
0,0.96799594
0,0.96033317
0,0.9586896
0,0.961109
0,0.96664715
0,0.96477634
0,0.97003937
0,0.97074604
0,0.96867377
0,0.9699014
0,0.97124803
0,0.9701609
0,0.96619207
0,0.96218187
0,0.9687116
0,0.9653213
0,0.96197355
0,0.96476823
0,0.9623312
0,0.96257085
0,0.95893264
0,0.96380794
0,0.9622497
0,0.9659053
0,0.9667808
0,0.9699418
0,0.968222
0,0.9642954
0,0.9652288
0,0.9697047
0,0.967987
1,0.96225244
1,0.96367425
1,0.9591645
1,0.95402884
1,0.94631815
1,0.9457662
1,0.9512839
1,0.95097965
1,0.9435611
1,0.938787
1,0.9349331
1,0.93965
1,0.93826854
1,0.93600893
1,0.9295713
0,0.98480564
0,0.9546672
0,0.9502864
0,0.93336374
0,0.9324143
0,0.92052007
0,0.916145
0,0.9214198
0,0.9147623
0,0.926772
0,0.93695664
0,0.93931043
0,0.9273328
0,0.91758627
0,0.8968744
0,0.9024346
0,0.8897327
0,0.89343506
0,0.88761306
0,0.909465
0,0.91109514
0,0.91044456
0,0.91893184
0,0.9128087
0,0.9168026
0,0.9138228
0,0.9011317
0,0.89055896
0,0.88262856
1,0.8850785
1,0.873231
1,0.85503113
1,0.8473019
1,0.8325479
1,0.81523615
1,0.84549415
1,0.8438581
1,0.85058194
1,0.8378107
1,0.85086536
1,0.85426766
1,0.8730765
1,0.87577975
1,0.8849064
0,0.98048717
0,0.95407635
0,0.94006556
0,0.9347348
0,0.9286712
0,0.9071378
0,0.9089437
0,0.9054828
0,0.89468306
0,0.85710955
0,0.8213531
0,0.8517597
0,0.84907347
0,0.8039439
0,0.7589906
0,0.7609411
0,0.7863069
0,0.7253454
0,0.68291736
0,0.660052
1,0.64311874
1,0.6151079
1,0.6069118
1,0.7094619
1,0.7339085
1,0.7479409
1,0.74528265
1,0.7300224
1,0.6725725
1,0.58592176
1,0.53486514
1,0.5052973
1,0.50712836
1,0.46917218
1,0.4832882
1,0.947064
1,0.8315655
1,0.78033197
1,0.7591711
1,0.98023903
1,0.9944669
1,0.9810065
1,0.97189724
1,0.97065365
1,0.9572699
1,0.9479897
1,0.94019157
1,0.99429613
1,0.99741966
1,0.99241704
1,0.9978795
1,0.99410695
1,0.9923832
1,0.99129593
1,0.988501
1,0.9866735
1,0.9838367
1,0.9853569
1,0.9845366
1,0.98273695
1,0.98190355
1,0.99615
1,0.9977306
1,0.99577886
1,0.99438804
1,0.9949442
0,0.99800456
0,0.994502
0,0.99326795
1,0.9930986
1,0.99212873
1,0.9903591
1,0.9888924
1,0.9880048
1,0.98666567
1,0.9861407
1,0.9835199
1,0.9786461
1,0.9685268
1,0.9634137
1,0.94019747
1,0.9253803
1,0.9094512
1,0.98671484
1,0.9964649
1,0.99781936
1,0.99708384
1,0.9972618
1,0.99821913
1,0.9972303
1,0.9971209
1,0.9981617
1,0.99684024
1,0.996631
1,0.9962308
1,0.9954084
1,0.9977406
1,0.99571437
1,0.99530977
1,0.99505335
1,0.99474037
1,0.99441403
1,0.994477
1,0.99349725
1,0.99335194
1,0.99391866
1,0.9977922
1,0.9961664
1,0.99597347
1,0.9954104
1,0.99807984
1,0.9955312
1,0.9956087
1,0.99613506
1,0.99591446
1,0.995503
1,0.99495596
1,0.9933751
1,0.9931938
1,0.992334
1,0.99652004
1,0.99371564
1,0.99403733
1,0.9944863
1,0.9915343
1,0.98164296
1,0.9800903
1,0.98117185
1,0.995278
1,0.98770845
1,0.9972909
1,0.99337363
1,0.9928333
1,0.9927164
1,0.9921459
1,0.98701274
1,0.9841231
1,0.9800326
1,0.9718826
1,0.94034284
0,0.9949546
0,0.9873225
0,0.98380667
0,0.98013866
0,0.97734505
0,0.97092855
0,0.97061175
0,0.9716468
0,0.96813655
0,0.950685
0,0.94560385
0,0.930799
0,0.91906255
0,0.936001
0,0.94553447
0,0.932859
0,0.9238979
0,0.8803775
1,0.81759644
1,0.7403809
1,0.62452686
1,0.6051986
1,0.56971323
1,0.56541955
1,0.5365015
1,0.4849559
1,0.5078756
1,0.47781172
1,0.41391903
1,0.70687175
1,0.8138257
1,0.8482945
1,0.8945259
1,0.9823279
1,0.9678892
1,0.9915761
0,0.995432
0,0.98618466
0,0.98275024
1,0.97801125
1,0.97601473
1,0.9685261
1,0.96075135
1,0.95552576
1,0.9501407
1,0.9371973
1,0.9272755
1,0.92201084
1,0.90763825
1,0.8922937
1,0.89070326
1,0.88397306
1,0.8867587
1,0.8855432
1,0.99089533
1,0.9755872
1,0.9961057
1,0.9856313
1,0.9823911
1,0.9794053
1,0.97613823
1,0.96649766
1,0.95869267
1,0.9774258
1,0.994651
1,0.9855523
1,0.9812547
1,0.9788284
1,0.97263825
1,0.97458863
1,0.9740974
0,0.9960711
0,0.9914006
0,0.9878617
0,0.9870855
0,0.98233914
0,0.9808777
0,0.9775767
0,0.97843015
0,0.9723332
0,0.9713405
0,0.9726296
0,0.97061527
0,0.9642705
0,0.94138324
0,0.8943485
0,0.820231
0,0.8000411
0,0.7831441
0,0.83579206
0,0.86837494
1,0.8675326
1,0.8629738
1,0.7633283
1,0.720006
1,0.7300395
1,0.7353215
1,0.7606422
1,0.7682419
1,0.9937528
1,0.99813855
1,0.9959109
1,0.995364
1,0.9982701
1,0.99618757
1,0.9959145
1,0.9956866
1,0.9954359
1,0.99530494
1,0.99503726
1,0.9981721
1,0.9983862
1,0.9984507
1,0.9964745
0,0.99840176
0,0.99531084
0,0.994356
0,0.9942376
0,0.9930979
0,0.99201524
0,0.992386
0,0.99107337
0,0.9886641
0,0.9877093
0,0.9858362
0,0.9801966
0,0.97999877
0,0.98402923
0,0.9839048
0,0.9808939
0,0.9831838
0,0.9805203
0,0.97874576
0,0.97180265
1,0.97237045
1,0.97439575
1,0.97266954
1,0.97312945
1,0.9689443
1,0.9598563
1,0.9317925
1,0.8739964
1,0.770471
1,0.83656454
1,0.86105776
1,0.8563335
1,0.872878
1,0.8736726
1,0.8847224
0,0.98414195
0,0.9586507
0,0.942154
0,0.92615545
0,0.9057629
0,0.8984881
0,0.8862442
0,0.9064026
0,0.9241519
0,0.9341759
0,0.91188693
0,0.9013587
0,0.8654003
0,0.84481466
0,0.9052338
0,0.9253662
0,0.9215974
0,0.9316729
0,0.93928117
0,0.937926
0,0.9039526
0,0.92612994
0,0.90359086
0,0.90699035
0,0.8754952
0,0.845757
0,0.8590647
0,0.8449129
0,0.7924233
0,0.73017645
0,0.688509
0,0.67876846
0,0.68195236
0,0.7082331
0,0.69519377
0,0.70085514
0,0.6968379
0,0.61977637
0,0.6385102
0,0.58731556
0,0.5750195
0,0.5467638
0,0.5336052
0,0.5157877
0,0.49260896
0,0.47451618
0,0.41677278
0,0.38256222
0,0.3171548
0,0.30750227
0,0.31178838
1,0.30013752
1,0.2865205
1,0.30207154
1,0.3597526
1,0.41036648
1,0.3797894
1,0.3804052
1,0.40227127
1,0.39863622
1,0.36886013
1,0.33606628
1,0.31308895
1,0.33305344
1,0.3259496
1,0.3296267
1,0.94563353
1,0.8348415
1,0.98915774
1,0.97279495
1,0.9715959
0,0.99638057
0,0.990973
0,0.9902922
0,0.9892314
0,0.98899734
0,0.9832314
0,0.97489303
0,0.96849513
0,0.96672183
0,0.95389104
0,0.9499189
0,0.9548688
0,0.961742
0,0.93880135
0,0.9271252
0,0.9061837
0,0.9048171
0,0.87885356
0,0.8630354
0,0.88281196
0,0.9006281
0,0.8746971
0,0.8699745
0,0.8379671
0,0.8026706
0,0.5646241
0,0.42757565
0,0.37725362
0,0.31269127
0,0.22828843
0,0.18233965
0,0.16521159
0,0.15012357
0,0.14816433
0,0.14586492
0,0.13668175
0,0.1289431
0,0.14225775
0,0.14626385
0,0.14300762
0,0.13826413
0,0.18345739
0,0.27429226
0,0.4566034
0,0.6662066
0,0.7292243
0,0.7567661
0,0.7163293
0,0.6462709
0,0.5656446
0,0.5352862
0,0.4145508
0,0.32328168
0,0.2770432
0,0.22653095
0,0.18139118
0,0.15460071
0,0.13897116
0,0.1391354
0,0.13672116
0,0.13832158
0,0.14129283
0,0.14444956
0,0.15519509
0,0.16001259
0,0.15338689
0,0.14681299
0,0.1440938
0,0.14556102
0,0.155646
0,0.15919143
1,0.24337323
1,0.18749395
1,0.3945724
1,0.6883973
1,0.7112936
1,0.7134975
1,0.7045834
1,0.67013645
1,0.6148581
1,0.6142323
1,0.5400946
1,0.49297652
1,0.7283473
1,0.85203433
1,0.8921422
1,0.98666626
1,0.99482
1,0.987632
1,0.9808244
1,0.9793399
0,0.9965344
1,0.99143946
1,0.9892623
1,0.98832494
1,0.98763156
1,0.9890753
1,0.98761004
1,0.9871733
1,0.98823655
1,0.9880028
1,0.98491067
1,0.97993994
1,0.97125834
1,0.95705533
1,0.96536964
1,0.9670734
0,0.99628896
0,0.9919783
0,0.99169713
0,0.9906188
0,0.98621917
0,0.9827538
0,0.9822398
0,0.98064584
0,0.9734485
0,0.9341727
0,0.9046767
0,0.8933818
0,0.86634874
0,0.76789033
0,0.6499642
0,0.5963081
0,0.5478852
0,0.5092522
0,0.47420278
0,0.44265345
0,0.38503554
0,0.34183854
0,0.26167098
0,0.22350396
0,0.2112197
0,0.21465147
0,0.22574939
0,0.21901368
0,0.18050209
0,0.1431327
0,0.12917523
0,0.12821263
0,0.12551345
0,0.12972909
0,0.12931395
0,0.12872769
0,0.13158841
0,0.13189927
0,0.14160822
0,0.14985614
0,0.18114613
0,0.20181441
0,0.27483565
0,0.42165333
0,0.4777332
0,0.5397178
0,0.5288247
0,0.47553158
1,0.4325342
1,0.37204224
1,0.2808349
1,0.23179777
1,0.16592832
1,0.15130222
1,0.14231314
1,0.1415813
1,0.12869261
1,0.12607767
1,0.16840601
1,0.19897476
1,0.29960114
1,0.42464918
1,0.71199596
0,0.9888723
0,0.9829787
0,0.97893554
0,0.97236806
0,0.9631295
0,0.94273293
0,0.925188
0,0.9291402
0,0.913306
0,0.89126545
0,0.86191154
0,0.8466656
0,0.83065325
0,0.7831537
0,0.75981545
0,0.7241925
0,0.7277024
0,0.6890656
0,0.6644967
0,0.57071
0,0.5272893
0,0.4847999
0,0.48919737
0,0.4368619
0,0.3823519
0,0.40513787
0,0.42422295
0,0.52320814
0,0.50501364
0,0.39140016
0,0.33559906
0,0.27224463
0,0.2509089
1,0.20635195
1,0.18117172
1,0.1546801
1,0.14226523
1,0.14017577
1,0.14180201
1,0.14851746
1,0.14905524
1,0.14906637
1,0.16083033
1,0.24717058
1,0.46754634
1,0.7343795
1,0.8745834
1,0.9343972
1,0.9906609
1,0.95643157
1,0.9345688
1,0.8668157
1,0.7660092
1,0.8084799
1,0.87798333
1,0.93025047
1,0.99321866
1,0.98501015
1,0.9762125
1,0.96909213
1,0.9802355
1,0.9966939
1,0.99801683
1,0.9928832
1,0.9924897
1,0.9914462
1,0.9979602
1,0.99664646
1,0.9965873
1,0.99621344
1,0.9960299
1,0.9982732
1,0.998418
1,0.9984643
1,0.99681836
0,0.9984238
0,0.99675775
0,0.9954169
0,0.99480504
0,0.99410295
0,0.99421895
0,0.99392444
0,0.9932834
0,0.9899004
0,0.98802406
0,0.98586774
0,0.9817037
0,0.9803686
0,0.976889
0,0.9787696
0,0.97794604
0,0.9796177
0,0.9839648
1,0.9865757
1,0.98638946
1,0.97738415
1,0.9749678
1,0.9762572
1,0.9768601
1,0.975381
1,0.9724039
1,0.9509421
1,0.87747467
1,0.83591413
1,0.8255007
1,0.85827756
1,0.86536175
1,0.8711064
1,0.9835332
1,0.95467377
1,0.9909662
1,0.97404355
1,0.9674729
1,0.9621825
0,0.9936479
0,0.98549366
0,0.98560965
0,0.9857903
0,0.9862521
0,0.9868855
0,0.9862417
0,0.98430085
0,0.9768988
0,0.96785975
0,0.9602262
0,0.95298123
0,0.95409846
0,0.9407928
0,0.93416566
0,0.94872236
0,0.9520102
0,0.9412275
0,0.9387789
0,0.9441787
0,0.9472249
0,0.94424117
1,0.9259333
1,0.8895435
1,0.8032168
1,0.67694736
1,0.64815056
1,0.62413484
1,0.54050267
1,0.41596812
1,0.3850726
1,0.3974006
1,0.42938033
1,0.43649244
1,0.49594542
1,0.66031635
1,0.7822566
0,0.97832555
0,0.9520841
0,0.9424192
0,0.9431413
0,0.94167715
0,0.93812793
0,0.92902654
0,0.9262741
0,0.9196392
0,0.9158588
0,0.9190293
0,0.90285206
0,0.9105598
0,0.91030467
0,0.9292329
0,0.92744654
0,0.93734646
0,0.9262239
0,0.89854586
0,0.8530344
0,0.8426931
0,0.8207356
0,0.8036358
0,0.77696896
0,0.7288519
0,0.72222203
0,0.7325548
0,0.7121162
0,0.6054745
0,0.46112967
0,0.39463174
0,0.3471872
0,0.39074397
0,0.41373885
0,0.44607475
0,0.4132689
0,0.4305743
0,0.39525807
0,0.36947724
0,0.35420015
0,0.36676362
0,0.35511464
0,0.3354133
0,0.35957393
0,0.35017896
0,0.35286787
0,0.30308467
0,0.25919583
0,0.23167276
0,0.21126136
0,0.18316682
0,0.19258064
0,0.17603543
0,0.16518772
0,0.1610256
0,0.18107164
0,0.1789129
0,0.17404516
0,0.15753247
0,0.14932959
0,0.14085083
0,0.13439403
0,0.13196453
0,0.12828808
0,0.1342882
0,0.14398494
0,0.14519927
0,0.14596446
0,0.14722927
0,0.14109935
0,0.13528839
0,0.1351081
0,0.1382168
0,0.13903193
0,0.14400914
0,0.1511199
0,0.15863486
0,0.16538179
0,0.16315344
0,0.16409424
0,0.16952449
0,0.1747625
0,0.18508619
0,0.19754846
0,0.22802325
0,0.25241476
0,0.26668012
0,0.2750742
0,0.27187398
0,0.2723791
0,0.2672063
0,0.27156156
0,0.26964596
0,0.2747807
0,0.27173868
0,0.27350807
0,0.27747935
0,0.303648
0,0.33458233
0,0.34299678
0,0.4308896
0,0.46119484
0,0.42621914
0,0.42096987
0,0.4498338
0,0.4430025
0,0.49933136
0,0.5410757
0,0.5760519
0,0.55458015
0,0.5142194
0,0.48673427
0,0.41314286
0,0.32188812
0,0.27206647
0,0.2260218
0,0.20894223
0,0.19938357
0,0.20510325
0,0.20152718
0,0.18226749
0,0.17234167
0,0.15700518
0,0.15508133
0,0.15204257
0,0.14509237
0,0.13678901
0,0.13754486
0,0.13068062
0,0.12849188
0,0.12363655
0,0.124637365
0,0.12388073
0,0.1271718
0,0.13182211
0,0.1323029
0,0.13676426
0,0.14768386
0,0.1578376
0,0.17372328
0,0.1795285
0,0.19022706
0,0.19884802
0,0.21630174
0,0.21571007
0,0.20945877
0,0.2248833
0,0.223535
0,0.22250365
0,0.23434621
0,0.26049462
0,0.26474813
0,0.26945615
0,0.26948225
0,0.29396826
0,0.30142096
0,0.27236047
0,0.26636663
0,0.28893495
0,0.27122492
0,0.26205838
0,0.24884275
0,0.25927263
0,0.24851288
0,0.24756351
0,0.25551534
0,0.24382602
0,0.24894203
0,0.2724063
0,0.28718466
0,0.2964723
0,0.29419556
0,0.28566834
0,0.28958443
0,0.28840122
0,0.28690195
0,0.2780429
0,0.28652194
0,0.28131318
0,0.27415583
0,0.27658138
0,0.2882924
0,0.26837265
0,0.26672804
0,0.27745366
0,0.28171033
0,0.28018776
0,0.28031877
0,0.30447808
0,0.29669794
0,0.30378726
0,0.31028226
0,0.29793662
0,0.3003714
0,0.29664278
0,0.3056961
0,0.2991526
0,0.29494157
0,0.3034049
0,0.30362758
0,0.35610312
0,0.34317133
0,0.34880048
0,0.3399768
0,0.35602957
0,0.35401174
0,0.36502752
0,0.3343171
0,0.32047477
0,0.31065774
0,0.29843992
0,0.29767644
0,0.28078726
0,0.23453301
0,0.21749629
0,0.19735584
0,0.19651319
0,0.18975297
0,0.18593395
0,0.16920325
0,0.18036698
0,0.18516394
0,0.19436233
0,0.18179664
0,0.16123997
0,0.14979522
0,0.13652502
0,0.13405475
0,0.13534847
0,0.13217288
0,0.1326073
0,0.13480511
0,0.14733268
0,0.1489849
0,0.15393159
0,0.16075973
0,0.15335178
0,0.15948193
0,0.16093707
0,0.16347201
0,0.18007462
0,0.19300957
0,0.20002487
0,0.21355066
0,0.20008905
0,0.200519
0,0.20730482
0,0.21215877
0,0.2201983
0,0.23307835
0,0.26631975
0,0.2890396
0,0.30344155
0,0.29474595
0,0.2996215
0,0.28440726
0,0.27713126
0,0.27756268
0,0.28660405
0,0.28331158
0,0.28651333
0,0.29847187
0,0.2968078
0,0.30439764
0,0.3180679
0,0.34533033
0,0.3542897
0,0.36185548
0,0.36026195
0,0.35970044
0,0.36662716
0,0.35405093
0,0.32196957
0,0.3008316
0,0.28824311
0,0.2530699
0,0.24374975
0,0.23019405
0,0.18139455
0,0.15687521
0,0.1448685
0,0.13520476
0,0.12659983
0,0.1262057
0,0.1252377
0,0.1257507
0,0.12987712
0,0.14094332
0,0.15538803
0,0.15651016
0,0.15334886
0,0.15387613
0,0.14768863
0,0.15124299
0,0.1564482
0,0.16503608
0,0.1846699
0,0.20001915
0,0.22680353
0,0.24762586
0,0.2631593
0,0.2753373
0,0.2899149
0,0.29087403
0,0.28477702
0,0.28487355
0,0.27589288
0,0.27961844
0,0.27620944
0,0.2742207
0,0.2700778
0,0.2714514
0,0.27803177
0,0.2758302
0,0.26355052
0,0.26309317
0,0.25667343
0,0.25878367
0,0.25726897
0,0.25771168
0,0.29095134
0,0.28743827
0,0.26901713
0,0.26664335
0,0.2697896
0,0.2697091
0,0.25811782
0,0.26845095
0,0.2699501
0,0.26109487
0,0.25668114
0,0.26466256
0,0.27682707
0,0.2785406
0,0.26964957
0,0.27632827
0,0.27171853
0,0.262633
0,0.25976714
0,0.2597804
0,0.25881654
0,0.25302365
0,0.26017714
0,0.2585858
0,0.27893037
0,0.28086808
0,0.27457651
0,0.26078373
0,0.267466
0,0.2673817
0,0.2615014
0,0.2677426
0,0.27199265
0,0.2632749
0,0.25980848
0,0.26892596
0,0.2668066
0,0.25905228
0,0.27493092
0,0.26437005
0,0.27569458
0,0.27911583
0,0.28293383
0,0.266403
0,0.27948615
0,0.27254716
0,0.26667216
0,0.26553962
0,0.26437265
0,0.26134932
0,0.28284654
0,0.28174233
0,0.27662042
0,0.27080798
0,0.2716906
0,0.26747856
0,0.2683046
0,0.26772574
0,0.2760736
0,0.2701662
0,0.2655193
0,0.263789
0,0.2652148
0,0.2802128
0,0.274014
0,0.27637
0,0.27646443
0,0.27104872
0,0.2723499
0,0.27013713
0,0.2642827
0,0.29854035
0,0.2873292
0,0.28062257
0,0.2673075
0,0.26401925
0,0.26562342
0,0.26029375
0,0.2629072
0,0.27502477
0,0.2664811
0,0.26792264
0,0.26264888
0,0.25908148
0,0.2719877
0,0.26603302
0,0.26252562
0,0.26382402
0,0.26142627
0,0.27102435
0,0.27335235
0,0.27596873
0,0.27356723
0,0.28408793
0,0.2810655
0,0.32447803
0,0.2851983
0,0.28840563
0,0.29271066
0,0.28728536
0,0.28666693
0,0.28665218
0,0.31868193
0,0.28424796
0,0.28805453
0,0.27353385
0,0.27677897
0,0.2751109
0,0.27156654
0,0.2642583
0,0.27054912
0,0.26323408
0,0.2596152
0,0.2648866
0,0.2636202
0,0.27047384
0,0.2787834
0,0.28403914
0,0.27402857
0,0.2709985
0,0.2837498
0,0.2781694
0,0.29217112
0,0.3173898
0,0.3384745
0,0.35419738
0,0.3306576
0,0.3306861
0,0.31947717
0,0.2998886
0,0.31204313
0,0.29528844
0,0.30767542
0,0.32400486
0,0.30686566
0,0.29413456
0,0.30327064
0,0.31379008
0,0.3035971
0,0.2921603
0,0.29492053
0,0.3016798
0,0.2910554
0,0.27952644
0,0.28176117
0,0.2758146
0,0.26829693
0,0.24744673
0,0.23609672
0,0.2340245
0,0.23530382
0,0.24524783
0,0.243368
0,0.2501719
0,0.26183176
0,0.25707644
0,0.27530265
0,0.2745547
0,0.27563554
0,0.2656463
0,0.26193067
0,0.26847032
0,0.26096988
0,0.26476493
0,0.25525466
0,0.26025945
0,0.2515085
0,0.26724988
0,0.27768573
0,0.2782479
0,0.2705605
0,0.29300287
0,0.26773664
0,0.2663772
0,0.2653071
0,0.2589854
0,0.26680583
0,0.2726959
0,0.2858006
0,0.2786183
0,0.29046348
0,0.2916406
0,0.27448156
0,0.26892138
0,0.26051316
0,0.2640467
0,0.27066952
0,0.2698546
0,0.2646801
0,0.26620778
0,0.26667288
0,0.2609351
0,0.25813875
0,0.26141754
0,0.25757557
0,0.26307446
0,0.2603091
0,0.25941536
0,0.2613508
0,0.25496173
0,0.2679075
0,0.26312658
0,0.2580091
0,0.2624954
0,0.25819537
0,0.2604441
0,0.26485658
0,0.26896277
0,0.27465698
0,0.28765994
0,0.30460125
0,0.29555726
0,0.28764576
0,0.27982527
0,0.2984388
0,0.28036463
0,0.27843907
0,0.26863077
0,0.28022093
0,0.26712424
0,0.2739225
0,0.26441032
0,0.25767532
0,0.25696453
0,0.26024833
0,0.25161523
0,0.28672236
0,0.297654
0,0.282114
0,0.28027874
0,0.26608863
0,0.2698332
0,0.26347297
0,0.2692051
0,0.27585387
0,0.2822297
0,0.26958066
0,0.269372
0,0.26199818
0,0.26652506
0,0.26815763
0,0.2732701
0,0.26918498
0,0.2795377
0,0.2734788
0,0.28999296
0,0.279169
0,0.27713412
0,0.28945434
0,0.27321464
0,0.26906544
0,0.27215448
0,0.26458743
0,0.27222547
0,0.2640691
0,0.26034856
0,0.2543362
0,0.25549564
0,0.2547507
0,0.2536044
0,0.2625254
0,0.25750992
0,0.25798428
0,0.25707084
0,0.26427242
0,0.26285616
0,0.2579149
0,0.25896308
0,0.2559025
0,0.2669612
0,0.2593083
0,0.26644525
0,0.25842607
0,0.25826892
0,0.2910568
0,0.27682534
0,0.2691119
0,0.26544812
0,0.26017702
0,0.2607934
0,0.26008803
0,0.2579241
0,0.26451415
0,0.2646801
0,0.2628344
0,0.26402804
0,0.26528966
0,0.26797915
0,0.28053358
0,0.2974433
0,0.28434998
0,0.27426422
0,0.29039785
0,0.29105487
0,0.29356736
0,0.28021908
0,0.26996157
0,0.266555
0,0.26169652
0,0.2627198
0,0.25817657
0,0.26144505
0,0.25685894
0,0.2593877
0,0.2613412
0,0.26030317
0,0.25918818
0,0.2687444
0,0.26085663
0,0.26072672
0,0.2803185
0,0.3023963
0,0.3016236
0,0.30170473
0,0.29076055
0,0.28140137
0,0.27359694
0,0.26866654
0,0.2774508
0,0.27821064
0,0.2728472
0,0.2664495
0,0.27366763
0,0.2856084
0,0.2782969
0,0.27220392
0,0.2872168
0,0.3059587
0,0.30426365
0,0.29976133
0,0.2793126
0,0.28399688
0,0.27507678
0,0.26716024
0,0.28176618
0,0.27554777
0,0.26670542
0,0.26411992
0,0.25939596
0,0.26499602
0,0.27401093
0,0.28067163
0,0.27010277
0,0.27778226
0,0.29312086
0,0.28767028
0,0.2761384
0,0.27054843
0,0.27420893
0,0.2705409
0,0.29439905
0,0.29661718
0,0.30620134
0,0.29220992
0,0.30056438
0,0.28270364
0,0.2744526
0,0.27429137
0,0.2741738
0,0.27649426
0,0.2801717
0,0.29633427
0,0.3023255
0,0.30693638
0,0.28081995
0,0.27168033
0,0.27543768
0,0.27261886
0,0.27452722
0,0.26453134
0,0.26084805
0,0.2716598
0,0.27529922
0,0.27524978
0,0.26818636
0,0.27415568
0,0.28767508
0,0.28560197
0,0.26846385
0,0.2738456
0,0.2640103
0,0.2882774
0,0.2713467
0,0.26937377
0,0.27847308
0,0.27596897
0,0.27406234
0,0.2825857
0,0.28294292
0,0.28399667
0,0.3012275
0,0.31444523
0,0.29027864
0,0.28927925
0,0.28755292
0,0.28532624
0,0.28935292
0,0.29558513
0,0.2785184
0,0.27849403
0,0.2694604
0,0.26561046
0,0.2735512
0,0.26693353
0,0.26696265
0,0.26220822
0,0.26920438
0,0.26838166
0,0.28181162
0,0.28512472
0,0.2787575
0,0.29584885
0,0.281135
0,0.27294117
0,0.2748608
0,0.2676186
0,0.26514316
0,0.26529014
0,0.2757416
0,0.27987483
0,0.2739906
0,0.27888602
0,0.26803154
0,0.26512033
0,0.29733372
0,0.31616974
0,0.30969244
0,0.3182072
0,0.29545492
0,0.30499792
0,0.28539455
0,0.29165456
0,0.27368566
0,0.2795494
0,0.27955693
0,0.2844093
0,0.2764755
0,0.26770392
0,0.2627669
0,0.27080384
0,0.27515084
0,0.2789239
0,0.26375496
0,0.26448208
0,0.2589256
0,0.26652756
0,0.26283768
0,0.26291132
0,0.27126238
0,0.26620814
0,0.26340944
0,0.2725516
0,0.27795637
0,0.27087268
0,0.28759006
0,0.28409526
0,0.2748796
0,0.26871336
0,0.28098798
0,0.27497324
0,0.28413978
0,0.2720842
0,0.2748533
0,0.28407067
0,0.28091964
0,0.27978143
0,0.28255597
0,0.27840036
0,0.2718678
0,0.26492366
0,0.26322812
0,0.2625717
0,0.26514864
0,0.25982988
0,0.25592184
0,0.26128373
0,0.28383824
0,0.29629228
0,0.30967262
0,0.28891927
0,0.29170504
0,0.2941729
0,0.28400075
0,0.28030345
0,0.28138733
0,0.29089242
0,0.28061476
0,0.27670616
0,0.27660438
0,0.27810112
0,0.28544787
0,0.3006896
0,0.28026924
0,0.28612846
0,0.27581567
0,0.27144235
0,0.27536756
0,0.2759866
0,0.26330617
0,0.2836655
0,0.2754569
0,0.27083623
0,0.27793294
0,0.27573934
0,0.26737332
0,0.26595607
0,0.26241115
0,0.26174212
0,0.26470023
0,0.267108
0,0.2672087
0,0.27161384
0,0.3103734
0,0.2793542
0,0.26540446
0,0.27385747
0,0.27522385
0,0.26978672
0,0.28439417
0,0.28882495
0,0.29709345
0,0.30095178
0,0.27120683
0,0.27931777
0,0.28071448
0,0.27623242
0,0.26956475
0,0.26782966
0,0.27876964
0,0.28527242
0,0.2705235
0,0.28384194
0,0.26633465
0,0.27095273
0,0.28131846
0,0.2863045
0,0.27549338
0,0.27018437
0,0.26881564
0,0.26624867
0,0.25506607
0,0.2570665
0,0.2548535
0,0.26797506
0,0.27392644
0,0.31149954
0,0.3299264
0,0.3445439
0,0.3022666
0,0.3083524
0,0.2882434
0,0.28663856
0,0.30326122
0,0.29931498
0,0.2951873
0,0.28871056
0,0.2840915
0,0.2799912
0,0.2679925
0,0.26764312
0,0.26462162
0,0.26587313
0,0.25903457
0,0.26241255
0,0.2625738
0,0.27080408
0,0.2597211
0,0.2700701
0,0.26239696
0,0.25654554
0,0.28062353
0,0.28807223
0,0.27140057
0,0.26119038
0,0.27215707
0,0.25959113
0,0.26856446
0,0.27227658
0,0.270958
0,0.28053793
0,0.27719834
0,0.27638507
0,0.28434598
0,0.27508408
0,0.2834976
0,0.27397665
0,0.27287057
0,0.27470055
0,0.2680682
0,0.262102
0,0.29714122
0,0.31555882
0,0.31394848
0,0.29847714
0,0.30596837
0,0.31100622
0,0.31343946
0,0.31729946
0,0.3118046
0,0.31157717
0,0.31949666
0,0.32780755
0,0.32237998
0,0.30175984
0,0.28364387
0,0.28893661
0,0.28396904
0,0.28740203
0,0.28561944
0,0.29466054
0,0.28496662
0,0.28596961
0,0.29400238
0,0.28595027
0,0.2801776
0,0.2850499
0,0.2689985
0,0.27585784
0,0.2637943
0,0.28346562
0,0.2725219
0,0.2649
0,0.27393156
0,0.27410018
0,0.2646267
0,0.27529457
0,0.26733026
1,0.26432058
1,0.268692
1,0.28262416
1,0.3443221
1,0.34718058
1,0.36759177
1,0.3823689
1,0.37507045
1,0.33582857
1,0.3197799
1,0.3157127
1,0.30164644
1,0.30317068
1,0.30046135
1,0.31331223
1,0.96266633
1,0.9948409
1,0.99784076
1,0.998297
0,0.99841464
0,0.9909329
0,0.98736775
0,0.98196316
0,0.9665332
0,0.9453863
0,0.92958844
0,0.89873654
0,0.8823747
0,0.87777174
0,0.8378868
0,0.82048047
0,0.79431
0,0.78702796
0,0.73754406
0,0.66897285
0,0.63390195
0,0.6150313
0,0.5874449
0,0.5487555
0,0.52384067
0,0.51352173
0,0.62390435
1,0.53216374
1,0.48494807
1,0.48236755
1,0.43633518
1,0.3087745
1,0.18385306
1,0.17979607
1,0.32743347
1,0.29957786
1,0.28703445
1,0.28692132
1,0.29936388
1,0.27594027
1,0.25404134
1,0.2411922
0,0.94720834
0,0.85246754
0,0.7680148
0,0.697344
0,0.62185997
0,0.52292717
0,0.45662495
0,0.4170437
0,0.35164043
0,0.29518932
0,0.2779002
0,0.23799701
0,0.2369003
0,0.2377523
0,0.24699849
0,0.22674929
0,0.19176652
0,0.16045927
0,0.15565749
0,0.15134797
0,0.14237776
0,0.1381012
0,0.1401688
0,0.14272779
0,0.14630105
0,0.14849499
0,0.14148666
0,0.14135969
0,0.13988538
0,0.13787782
0,0.16396077
0,0.16355096
0,0.1650627
0,0.17207474
0,0.18487456
0,0.18813038
0,0.20187636
0,0.2054676
0,0.2100125
0,0.22515287
0,0.2230384
0,0.2278894
0,0.24120149
0,0.25737274
0,0.28037685
0,0.300864
0,0.2935011
0,0.2889239
0,0.2655994
0,0.26777393
0,0.28394404
0,0.29145998
0,0.27958724
0,0.300456
0,0.3258768
0,0.33702904
0,0.35895926
0,0.3492488
0,0.39447853
0,0.42159522
0,0.4457975
0,0.46915448
0,0.53590643
0,0.5762764
0,0.52240324
0,0.47823912
0,0.47269905
0,0.41938773
0,0.43318468
0,0.37409016
0,0.34895283
0,0.3377577
0,0.34073064
0,0.34971938
0,0.3419588
0,0.3396686
0,0.35147905
0,0.346945
0,0.2997819
0,0.2945966
0,0.3077094
0,0.30749956
0,0.28050455
0,0.26007476
0,0.27099314
0,0.29162505
0,0.3008617
0,0.3016331
0,0.23549458
0,0.20032391
0,0.20788267
0,0.21473074
0,0.20381528
0,0.19744428
0,0.19644618
0,0.18903466
0,0.19534902
0,0.17712384
0,0.1784798
0,0.19494162
0,0.20135087
0,0.19141977
0,0.23043847
0,0.23300223
0,0.26652253
0,0.25837576
0,0.28410113
0,0.27214575
0,0.28941637
0,0.28284234
0,0.31794974
0,0.3140462
0,0.33830342
0,0.35821655
0,0.3848418
0,0.40850833
0,0.41632682
0,0.3809322
0,0.435575
0,0.43907866
0,0.40448323
0,0.3773391
0,0.32876137
0,0.28663352
0,0.30440557
0,0.30709615
0,0.31728104
0,0.33335882
0,0.34851396
0,0.34655866
0,0.38347962
0,0.3649208
0,0.33013088
0,0.29991257
0,0.30042788
0,0.30323392
0,0.2668811
0,0.2321634
0,0.24014442
0,0.21428111
0,0.19133548
0,0.1730017
0,0.16924262
0,0.17286582
0,0.17233732
0,0.17812188
0,0.17503847
0,0.17298807
0,0.17308083
0,0.1637937
0,0.16498438
0,0.16402644
0,0.17269462
0,0.17016242
0,0.16036598
0,0.15850984
0,0.17022288
0,0.17332953
0,0.17334448
0,0.1738032
0,0.20894952
0,0.23040877
0,0.24604246
0,0.2761283
0,0.23763882
0,0.22972491
0,0.21264608
0,0.23300835
0,0.23407947
0,0.2125257
0,0.23966958
0,0.24269645
0,0.2865364
0,0.34100813
0,0.3420303
0,0.32538918
0,0.39959463
0,0.42844197
0,0.35177007
0,0.31934136
0,0.2895781
0,0.26328817
0,0.2924444
0,0.3118003
0,0.38098562
0,0.42865297
0,0.4723541
0,0.48327368
0,0.5277211
0,0.5278755
0,0.5130981
0,0.49356982
0,0.49381694
0,0.46562877
0,0.45155662
0,0.44145158
0,0.3806576
0,0.3937393
0,0.33705103
0,0.3012226
0,0.28971332
0,0.30788785
0,0.27824876
0,0.26515338
0,0.27287057
0,0.2914922
0,0.30554917
0,0.29121834
0,0.23595941
0,0.19765925
0,0.17500208
0,0.1504667
0,0.14316672
0,0.13394792
0,0.12896387
0,0.12917286
0,0.12948826
0,0.1292168
0,0.12628329
0,0.12670125
0,0.13603233
0,0.13748185
0,0.13522844
0,0.13476475
0,0.13598615
0,0.13860029
0,0.14652249
0,0.15145394
0,0.1677957
0,0.16821584
0,0.18275097
0,0.19215745
0,0.2113998
0,0.22847918
0,0.24714601
0,0.27773768
0,0.2926607
0,0.29661953
0,0.3260325
0,0.35408923
0,0.3289858
0,0.30998498
0,0.28780553
0,0.27784654
0,0.28007823
0,0.2796208
0,0.27282098
0,0.28617138
0,0.28287724
0,0.29972145
0,0.31989834
0,0.34671754
0,0.32038558
0,0.338534
0,0.30776402
0,0.2984565
0,0.29617003
0,0.2846914
0,0.28441268
0,0.27493706
0,0.27458736
0,0.27417815
0,0.27404428
0,0.2871568
0,0.2825712
0,0.2954625
0,0.30204898
0,0.31949353
0,0.29946598
0,0.29365835
0,0.2818935
0,0.27900735
0,0.26314038
0,0.25090867
0,0.24881797
0,0.24843545
0,0.25075626
0,0.2588382
0,0.25634876
0,0.26990667
0,0.27270147
0,0.27332714
0,0.2779583
0,0.287346
0,0.277854
0,0.2653386
0,0.2582139
0,0.2629614
0,0.2654277
0,0.27959234
0,0.2774249
0,0.27094144
0,0.27152756
0,0.28552717
0,0.32380792
0,0.34601146
0,0.3057628
0,0.29522708
0,0.27294013
0,0.27208585
0,0.2769293
0,0.30520952
0,0.3072975
0,0.3029956
0,0.2976918
0,0.2831297
0,0.29265854
0,0.27823114
0,0.27513778
0,0.27715534
0,0.28269467
0,0.32967904
0,0.34040907
0,0.33588383
0,0.31549877
0,0.31084287
0,0.31613642
0,0.3241876
0,0.28923374
0,0.29606572
0,0.2954626
0,0.29218212
0,0.28851798
0,0.27411202
0,0.27315775
0,0.29006207
0,0.2723737
0,0.2950437
0,0.291668
0,0.28752795
0,0.28373444
0,0.2952314
0,0.2843453
1,0.27909753
1,0.28630757
1,0.28152186
1,0.2780474
1,0.2761914
1,0.28604108
1,0.29862836
1,0.31691444
1,0.31598407
1,0.29632375
1,0.2892199
1,0.30847222
1,0.30951235
1,0.30989408
1,0.30373228
0,0.96162
0,0.86030203
0,0.85573596
0,0.8594847
0,0.86455333
0,0.83717465
0,0.8212439
0,0.78549075
0,0.71914685
0,0.6825413
0,0.64773285
0,0.59374785
0,0.6153147
0,0.620378
0,0.61035943
0,0.5802175
0,0.52167046
0,0.46046433
0,0.47374365
0,0.44016713
0,0.44263664
0,0.40477237
0,0.34983307
0,0.33557695
0,0.30088317
0,0.24451405
0,0.22351712
0,0.21494947
0,0.19019592
0,0.19587213
0,0.17259957
0,0.16247897
0,0.16484807
0,0.15682803
0,0.15653104
0,0.1536434
0,0.15997209
0,0.19042957
0,0.20203507
0,0.20407969
0,0.25899905
0,0.27638328
0,0.2476048
0,0.21003835
0,0.18304762
0,0.16841258
0,0.14834265
0,0.13883801
0,0.13412495
0,0.13258334
0,0.13446619
0,0.13304804
0,0.13188858
0,0.12965804
0,0.12465446
0,0.12508704
0,0.12458022
0,0.12925942
0,0.13308918
0,0.13528015
0,0.14145967
0,0.14674798
0,0.14787017
0,0.15634134
0,0.16528158
0,0.18709655
0,0.19257891
0,0.21472192
0,0.29060358
0,0.2832456
0,0.30165103
0,0.29529142
0,0.3002284
0,0.2881149
0,0.29313108
0,0.2821114
0,0.2812992
0,0.2792535
0,0.27685666
0,0.27291346
0,0.2751618
0,0.27190956
0,0.26241863
0,0.27584383
0,0.2743642
0,0.26840875
0,0.28816667
0,0.2766669
0,0.27414656
0,0.2928885
0,0.28075567
0,0.27421382
0,0.27786717
0,0.27741352
0,0.27182788
0,0.27099928
0,0.27398133
0,0.278865
0,0.29652852
0,0.2963999
0,0.29356298
0,0.28836617
0,0.28268296
0,0.28304893
0,0.29262954
0,0.29146332
0,0.3171549
0,0.32185784
0,0.36684355
0,0.34767723
0,0.33933794
0,0.3131661
0,0.32740933
0,0.31891555
0,0.33811
0,0.33260727
0,0.35878205
0,0.3362717
0,0.33251244
0,0.32492054
0,0.30319875
0,0.2687996
0,0.2463685
0,0.21927375
0,0.20256847
0,0.19000879
0,0.20023334
0,0.19271007
0,0.1811918
0,0.1690404
0,0.16809054
0,0.16980998
0,0.17274928
0,0.17150289
0,0.17285171
0,0.1735638
0,0.18214934
0,0.18656844
0,0.19336498
0,0.19722807
0,0.20341414
0,0.21384045
0,0.22507958
0,0.24277304
0,0.2625585
0,0.27456045
0,0.28260493
0,0.27556825
0,0.28013283
0,0.27242982
0,0.28991902
0,0.27885395
0,0.2856248
0,0.27260366
0,0.28945592
0,0.2802718
0,0.29959473
0,0.30067286
0,0.28825486
0,0.27770954
0,0.27731073
0,0.27625513
0,0.3088282
0,0.28314012
0,0.29292002
0,0.29637548
0,0.30341658
0,0.29819134
0,0.28602448
0,0.27542415
0,0.27352986
0,0.2774361
0,0.27026486
0,0.27127558
0,0.27777672
0,0.27790987
0,0.28540102
0,0.28437197
0,0.28507137
0,0.2851352
0,0.2733872
0,0.27012426
0,0.289222
0,0.32637858
0,0.34424856
0,0.31197864
0,0.318635
0,0.35174716
0,0.32712314
0,0.3111252
0,0.28807604
0,0.2763417
0,0.29226202
0,0.29162315
0,0.29232058
0,0.28630662
0,0.2854982
0,0.28977624
0,0.30219698
0,0.29393718
0,0.28523663
0,0.28236407
0,0.28955385
0,0.28509226
0,0.28395164
0,0.27980542
0,0.2926927
0,0.30389932
0,0.31384122
0,0.3107957
0,0.31295934
0,0.30477735
0,0.34940162
0,0.339615
0,0.32815203
0,0.32330352
0,0.3482758
0,0.3491768
0,0.4386881
0,0.4224916
0,0.3938351
0,0.37524998
0,0.36850432
0,0.34395254
0,0.31822717
0,0.2583396
0,0.23898534
0,0.23595113
0,0.18955953
0,0.16109855
0,0.15543194
0,0.15011604
0,0.15546815
0,0.15647991
0,0.1512222
0,0.14987844
0,0.14302912
0,0.14564532
0,0.14985372
0,0.14968744
0,0.14547333
0,0.13964218
0,0.1355029
0,0.12969577
0,0.13121909
0,0.13842107
0,0.14627904
0,0.14713985
0,0.16140155
0,0.16651578
0,0.17693539
0,0.18753274
0,0.18706624
0,0.18179972
0,0.17729315
0,0.17235744
0,0.17181057
0,0.17173839
0,0.18060537
0,0.18161254
0,0.18707944
0,0.1933172
0,0.2114921
0,0.22931468
0,0.23857816
0,0.24575284
0,0.24978746
0,0.25139207
0,0.2570566
0,0.2667762
0,0.28464124
0,0.28282493
0,0.2854446
0,0.29366532
0,0.2793347
0,0.2678035
0,0.26111698
0,0.26550105
0,0.2766716
0,0.33747524
0,0.30015776
0,0.29021493
0,0.30417
0,0.30099133
0,0.29474214
0,0.29540658
0,0.29735702
0,0.27854586
0,0.3029587
0,0.31830156
0,0.30481994
0,0.28800836
0,0.29269657
0,0.29085967
0,0.33108556
0,0.36618745
0,0.33762637
0,0.32911754
0,0.29351312
0,0.27602416
0,0.2733474
0,0.2764096
0,0.28071448
0,0.2803557
0,0.27904359
0,0.27829516
0,0.27037218
0,0.25883737
0,0.2639146
0,0.26894245
0,0.28892177
0,0.27496424
0,0.27547556
0,0.26150104
0,0.27552685
0,0.27654812
0,0.27930748
0,0.2787587
0,0.27979502
0,0.27551872
0,0.27172768
0,0.27320907
0,0.28456324
0,0.2875726
0,0.312368
0,0.31685564
0,0.37780303
0,0.39145383
0,0.38586053
0,0.3426138
0,0.33388764
0,0.3321431
0,0.30311108
0,0.29398552
0,0.29347414
0,0.28208423
0,0.29137847
0,0.2749873
0,0.2645193
0,0.26419583
0,0.2560984
0,0.26971602
0,0.26432005
0,0.255514
0,0.25885
0,0.25203863
0,0.24908197
0,0.25388578
0,0.2667603
0,0.26400125
0,0.26225448
0,0.26122615
0,0.27278924
0,0.2652469
0,0.2791738
0,0.28603396
0,0.28047115
0,0.27617723
0,0.3096693
0,0.31787184
0,0.33388367
0,0.33650646
0,0.31114542
0,0.30664277
0,0.33947253
0,0.31768048
0,0.3386002
0,0.31035376
0,0.3136122
0,0.3061664
0,0.33643907
0,0.3654308
0,0.3498844
0,0.37273872
0,0.34825268
0,0.30403107
0,0.24980123
0,0.22090867
0,0.20518817
0,0.18632406
0,0.17461236
0,0.16908018
0,0.15964009
0,0.16263366
0,0.16883688
0,0.17051446
0,0.17175433
0,0.48657885
0,0.32620928
0,0.2602695
0,0.21886793
0,0.19510128
0,0.1745276
0,0.16792232
0,0.15912533
0,0.15966782
0,0.16817488
0,0.17433222
0,0.18580288
0,0.1958039
0,0.20950411
0,0.2323979
0,0.24856625
0,0.26046878
0,0.2708925
0,0.28411984
0,0.2783136
0,0.2671565
0,0.26752663
0,0.25905254
0,0.26027355
0,0.26056984
0,0.26507962
0,0.26105437
0,0.26833025
0,0.26826143
0,0.30181104
0,0.29996982
0,0.30373988
0,0.28754926
0,0.28203395
0,0.284672
0,0.2764233
0,0.27793917
0,0.2759504
0,0.2896163
0,0.29478157
0,0.27767044
0,0.26418856
0,0.28153363
0,0.28681937
0,0.2751284
0,0.2735119
0,0.28543603
0,0.27804542
0,0.27083692
0,0.30734122
0,0.30865207
0,0.30218697
0,0.28234544
0,0.27637377
0,0.2800565
0,0.29195032
0,0.2931842
0,0.277746
0,0.26957914
0,0.2843305
0,0.28257716
0,0.30372995
0,0.30320457
0,0.30332857
0,0.30666453
0,0.34921607
0,0.36980122
0,0.36506984
0,0.39841333
0,0.3764176
0,0.36656636
0,0.4179846
0,0.4840302
0,0.5343277
0,0.5522878
0,0.5743592
0,0.5535066
0,0.4600453
0,0.36605763
0,0.26092997
0,0.19145553
0,0.15755871
0,0.14954749
0,0.14407985
0,0.14223272
0,0.14309146
0,0.13630657
0,0.13335478
0,0.12721723
0,0.123601764
0,0.12504551
0,0.12657948
0,0.12862878
0,0.14101928
0,0.14921188
0,0.15027697
0,0.15634666
0,0.16340479
0,0.16763267
0,0.1657242
0,0.17113715
0,0.1897394
0,0.21733686
0,0.24789424
0,0.27622765
0,0.27632147
0,0.2722558
0,0.28894833
0,0.2912484
0,0.3037453
0,0.3137231
0,0.30788288
0,0.301558
0,0.29709655
0,0.31198388
0,0.30533856
0,0.31962046
0,0.29408976
0,0.29231757
0,0.28077167
0,0.28078616
0,0.30644423
0,0.29025292
0,0.29808182
0,0.29759538
0,0.30042753
0,0.31048873
0,0.30828875
0,0.31812644
0,0.28699702
0,0.3047301
0,0.31898275
0,0.2993253
0,0.29340425
0,0.28215733
0,0.28375182
0,0.27378675
0,0.27565727
0,0.29875836
0,0.31964442
0,0.30799472
0,0.29739505
0,0.29709655
0,0.3043093
0,0.31561092
0,0.2831384
0,0.2934146
0,0.29197317
0,0.31237665
0,0.3170664
0,0.31587538
0,0.30169678
0,0.29503486
0,0.30358618
0,0.3145273
0,0.2976879
0,0.29612163
0,0.2779842
0,0.2774325
0,0.29618365
0,0.29281926
0,0.28305697
0,0.27175274
0,0.27211455
0,0.26216033
0,0.2635471
0,0.25675982
0,0.26211867
0,0.27015013
0,0.28967595
0,0.29596564
0,0.31165752
0,0.33245552
0,0.3212896
0,0.3259905
0,0.3481608
0,0.35892984
0,0.34292504
0,0.3571164
0,0.3353245
0,0.3183203
0,0.32060847
0,0.3205548
0,0.33208087
0,0.34566596
0,0.29758444
0,0.25526735
0,0.22725965
0,0.21360712
0,0.19683327
0,0.19617182
0,0.17437755
0,0.16562518
0,0.17377608
0,0.17662407
0,0.16497761
0,0.16369517
0,0.15046062
0,0.16135189
0,0.15655458
0,0.16744845
0,0.16708265
0,0.16422682
0,0.16786896
0,0.17098284
0,0.18123256
0,0.18335423
0,0.19121593
0,0.18939896
0,0.19704114
0,0.2024271
0,0.23878118
0,0.25597006
0,0.27097884
0,0.304235
0,0.35548973
0,0.37682304
0,0.42425266
0,0.4924464
0,0.4714567
0,0.44755435
0,0.40998682
0,0.37425965
0,0.34372655
0,0.3171868
0,0.32334915
0,0.29279286
0,0.30722123
0,0.33498
0,0.39103863
0,0.46863624
0,0.55817926
0,0.57511896
0,0.5286405
0,0.5264166
0,0.48836607
0,0.44505805
0,0.42248055
0,0.3683887
0,0.37586847
0,0.39725146
0,0.4318026
0,0.44712254
0,0.46865097
0,0.4941587
0,0.47616312
0,0.48319295
0,0.5012461
0,0.55470145
0,0.5229562
0,0.52624375
0,0.5298592
0,0.5117513
0,0.522755
0,0.511997
0,0.58075625
0,0.63087785
0,0.57176083
0,0.5238919
0,0.55019474
0,0.59054595
0,0.6047213
0,0.55246294
0,0.5059806
0,0.50251615
0,0.53373444
0,0.54187775
0,0.48504382
0,0.46243224
0,0.4409489
0,0.4345473
0,0.39686608
0,0.38453823
0,0.33310074
0,0.30791444
0,0.30021578
0,0.27050528
0,0.3234366
0,0.3737411
0,0.35286215
0,0.33656478
0,0.34509897
0,0.36976865
0,0.3454705
0,0.35951775
0,0.35219803
0,0.34881005
0,0.39277917
0,0.38694555
0,0.36297524
0,0.35618663
0,0.41632867
0,0.46146667
0,0.5284758
0,0.54972124
0,0.6042837
0,0.65882456
0,0.61407757
0,0.6125761
0,0.59515446
0,0.5876834
0,0.5769384
0,0.6163635
0,0.60473096
0,0.60073894
0,0.56589127
0,0.5821841
0,0.5383134
0,0.4872262
0,0.4996394
0,0.5124393
0,0.5174327
0,0.5149678
0,0.5439945
0,0.61897576
0,0.58212626
0,0.5890194
0,0.61069095
0,0.6161078
0,0.62573266
0,0.6212803
0,0.6162573
0,0.6232538
0,0.6150874
0,0.6515727
0,0.6486045
0,0.6294342
0,0.6294637
0,0.6051637
0,0.6137655
0,0.5805651
0,0.56748855
0,0.56163996
0,0.5574734
0,0.56964374
0,0.54104376
0,0.50044346
0,0.47280863
0,0.47304395
0,0.45988518
0,0.4456976
0,0.40254545
0,0.3495673
0,0.30223066
0,0.26710787
0,0.2668728
0,0.25120366
0,0.22335921
0,0.21807195
0,0.22611469
0,0.21279669
0,0.24037609
0,0.23315988
0,0.21889731
0,0.25323507
0,0.23144242
0,0.24219777
0,0.2581981
0,0.2681673
0,0.27919722
0,0.27586097
0,0.28035653
0,0.27429214
0,0.29778275
0,0.27380255
0,0.29755256
0,0.29504243
0,0.29666537
0,0.30940926
0,0.34033242
0,0.40524265
0,0.34893584
0,0.29499462
0,0.29624954
0,0.26935124
0,0.25062728
0,0.23054647
0,0.21582054
0,0.2129922
0,0.2070107
0,0.241922
0,0.21625558
0,0.19474834
0,0.16327372
0,0.1483239
0,0.13907586
0,0.13441741
0,0.13244906
0,0.13617261
0,0.13279088
0,0.14163052
0,0.16211237
0,0.16420603
0,0.16424546
0,0.17595904
0,0.15418127
0,0.14284198
0,0.13910627
0,0.13740778
0,0.13155651
0,0.13330682
0,0.14245108
0,0.15118824
0,0.14395946
0,0.14337902
0,0.14288284
0,0.14325102
0,0.15393932
0,0.15875888
0,0.16801241
0,0.17825082
0,0.1791635
0,0.19182143
0,0.21423094
0,0.24584273
0,0.2576726
0,0.25962433
0,0.27930412
0,0.3007976
0,0.32258087
0,0.34740552
0,0.37264487
0,0.3949416
0,0.4344844
0,0.42354524
0,0.4201956
0,0.38842323
0,0.32755092
0,0.28206137
0,0.2984868
0,0.28796214
0,0.24831656
0,0.22700322
0,0.2124413
0,0.18818954
0,0.19113098
0,0.19284253
0,0.19163163
0,0.19004658
0,0.17990817
0,0.1844123
0,0.22003032
0,0.25202826
0,0.30336797
0,0.35756487
0,0.40656814
0,0.43525475
0,0.45169175
0,0.4451815
0,0.42966354
0,0.40572283
0,0.36519772
0,0.34628195
0,0.26181164
0,0.2613762
0,0.22510703
0,0.19731033
0,0.18465918
0,0.17035517
0,0.17932595
0,0.19351035
0,0.19244674
0,0.19148494
0,0.19994248
0,0.21232332
0,0.24024145
0,0.24698696
0,0.27195752
0,0.29408702
0,0.3033464
0,0.3605955
0,0.33188763
0,0.48341084
0,0.34342518
0,0.27590868
0,0.23381972
0,0.21975051
0,0.19354816
0,0.17229794
0,0.14572994
0,0.1436243
0,0.1359912
0,0.14472727
0,0.13230845
0,0.12735438
0,0.13285582
0,0.13330394
0,0.12823284
0,0.13126042
0,0.12776533
0,0.13303104
0,0.12785426
0,0.14164022
0,0.14605455
0,0.14603047
0,0.14583728
0,0.15285659
0,0.14659841
0,0.14944372
0,0.1489735
0,0.16779876
0,0.20037287
0,0.26357216
0,0.30133227
0,0.34284067
0,0.31665385
0,0.32344505
0,0.33562848
0,0.3316408
0,0.3261346
0,0.31000623
0,0.2930003
0,0.29958358
0,0.26276672
0,0.24115686
0,0.21694212
0,0.20396286
0,0.19188122
0,0.18123108
0,0.177501
0,0.17708215
0,0.1778898
0,0.1840981
0,0.18248501
0,0.18674432
0,0.1888241
0,0.20619023
0,0.2045606
0,0.19874355
0,0.20872092
0,0.22090243
0,0.23157008
0,0.24162786
0,0.25352472
0,0.27254573
0,0.26573104
0,0.27634853
0,0.2826942
0,0.2888056
0,0.30173814
0,0.3078841
0,0.28205064
0,0.3036489
0,0.2885445
0,0.29748258
0,0.28699622
0,0.2920201
0,0.2944026
0,0.3166989
0,0.30909458
0,0.29636034
0,0.28961158
0,0.2813607
0,0.28361383
0,0.30769727
0,0.2918891
0,0.30216032
0,0.31132263
0,0.3109486
0,0.3041823
0,0.2916893
0,0.27274206
0,0.2831205
0,0.28252912
0,0.2816695
0,0.2818014
0,0.31955245
0,0.31236365
0,0.3164368
0,0.31554607
0,0.29773915
0,0.2982879
0,0.30027005
0,0.2907864
0,0.2867731
0,0.2767669
0,0.27301747
0,0.26113454
0,0.26887658
0,0.27138388
0,0.28034163
0,0.28581545
0,0.2914661
0,0.2800281
0,0.2915339
0,0.27709725
0,0.28763783
0,0.27571332
0,0.26800174
0,0.28674117
0,0.2857577
0,0.29638395
0,0.31392267
0,0.29129878
0,0.30334464
0,0.2960788
0,0.33427292
0,0.35430685
0,0.30581814
0,0.2878351
0,0.28763968
0,0.2867855
0,0.28395718
0,0.27259856
0,0.2890443
0,0.28151205
0,0.27739498
0,0.27871707
0,0.27495962
0,0.28065228
0,0.3015782
0,0.29253992
0,0.30522665
0,0.29279116
0,0.30657652
0,0.31019998
0,0.30708286
0,0.2812502
0,0.2792975
0,0.31543034
0,0.34820476
0,0.3524665
0,0.34824568
0,0.30216855
0,0.31980953
0,0.30484378
0,0.3146967
0,0.30674794
0,0.31087464
0,0.31229457
0,0.32432842
0,0.33864558
0,0.33751732
0,0.34421113
0,0.33161327
0,0.29237947
0,0.29893935
0,0.34038153
0,0.3824654
0,0.4397322
0,0.47840995
0,0.4487349
0,0.4168752
0,0.37553585
0,0.32026833
0,0.32722104
1,0.3055457
1,0.2769523
1,0.25549105
1,0.20579384
1,0.21252707
1,0.20211771
1,0.24160734
1,0.20610997
1,0.19660755
1,0.20349228
1,0.20322323
1,0.18051217
1,0.16725466
1,0.1953299
1,0.21733955
0,0.9401664
0,0.8083823
0,0.73109204
0,0.64358926
0,0.580585
0,0.5504238
0,0.5357852
0,0.49120077
0,0.46880463
0,0.5066159
0,0.52490234
0,0.5011767
0,0.51775306
0,0.49289998
0,0.4669379
0,0.43477252
0,0.4477383
0,0.45208204
0,0.45674363
0,0.40976194
0,0.3836634
0,0.39642638
0,0.39987895
0,0.3703764
0,0.32344577
0,0.32565132
0,0.26049316
0,0.21361484
0,0.19520919
0,0.15411785
0,0.13088378
0,0.12565906
0,0.12354168
0,0.1209958
0,0.12524064
0,0.12214535
0,0.12472703
0,0.13070239
0,0.1366475
0,0.13988517
0,0.14253713
0,0.14882031
0,0.14892638
0,0.1574701
0,0.17449112
0,0.18261503
0,0.17276256
0,0.17557625
0,0.18698642
0,0.19817981
0,0.21558654
0,0.2438119
0,0.27617046
0,0.27670568
0,0.27826217
0,0.29200304
0,0.28156704
0,0.28232545
0,0.26871574
0,0.28601623
0,0.2683016
0,0.26195636
0,0.26212165
0,0.27516067
0,0.2801185
0,0.28487533
0,0.29816356
0,0.2964613
0,0.28365523
0,0.27291384
0,0.28505513
0,0.30047137
0,0.30226827
0,0.3182692
0,0.3366351
0,0.36504626
0,0.41423652
0,0.44003275
0,0.40454674
0,0.36927918
0,0.34153384
0,0.31664255
0,0.2696094
0,0.24896826
0,0.25576332
0,0.28445637
0,0.27935857
0,0.30283153
0,0.29243705
0,0.30687216
0,0.30220556
0,0.2705894
0,0.24051927
0,0.28660923
0,0.2886639
0,0.26533544
0,0.2692462
0,0.24938451
0,0.34114894
0,0.43493155
0,0.45189464
0,0.43574548
0,0.48795623
0,0.47065118
0,0.4713013
0,0.45860782
0,0.47990155
0,0.45567757
0,0.5021812
0,0.455211
0,0.42942506
0,0.39960468
0,0.38503155
0,0.38472086
0,0.38021356
0,0.37070614
0,0.3824922
0,0.39008358
0,0.42262578
0,0.4135177
0,0.40731233
0,0.4165747
0,0.4637951
0,0.4966702
0,0.45535788
0,0.47166157
0,0.49575588
0,0.53060305
0,0.4959446
0,0.474784
0,0.4570567
0,0.42969343
0,0.42136326
0,0.40966874
0,0.47292393
0,0.49734774
0,0.4819241
0,0.5014014
0,0.43246198
0,0.44070902
0,0.3889839
0,0.39234918
0,0.4052165
0,0.4082784
0,0.43285313
0,0.45499426
0,0.41583735
0,0.4171942
0,0.34744248
0,0.33066884
0,0.31065914
0,0.2898826
0,0.2800839
0,0.299177
0,0.25373816
0,0.24867727
0,0.30997393
0,0.36610645
0,0.38923883
0,0.39244333
0,0.3314116
0,0.27327508
0,0.2507138
0,0.2630677
0,0.22412509
0,0.23396595
0,0.21252678
0,0.19784221
0,0.20842922
0,0.21814552
0,0.17624798
0,0.15880737
0,0.13642864
0,0.13102129
0,0.13070975
0,0.1305502
0,0.12707739
0,0.12704079
0,0.1322742
0,0.13303764
0,0.12985554
0,0.12843275
0,0.12914126
0,0.12875979
0,0.12843922
0,0.1307012
0,0.14510544
0,0.1630089
0,0.17107792
0,0.18252201
0,0.20419207
0,0.21524955
0,0.23316832
0,0.24321407
0,0.2804316
0,0.30816957
0,0.32832256
0,0.37413698
0,0.371104
0,0.38558438
0,0.3690212
0,0.343081
0,0.2836762
0,0.30803245
0,0.27471325
0,0.24007164
0,0.19387795
0,0.17784582
0,0.15617184
0,0.14390111
0,0.13543236
0,0.13570018
0,0.1325778
0,0.13499746
0,0.13284373
0,0.13978633
0,0.14268984
0,0.15185519
0,0.15323876
0,0.16438235
0,0.1687792
0,0.18298702
0,0.19048253
0,0.211463
0,0.22620998
0,0.24011597
0,0.24721722
0,0.25748843
0,0.26732653
0,0.27556834
0,0.26600978
0,0.2624062
0,0.27131742
0,0.26356477
0,0.27938053
0,0.28243405
0,0.27977872
0,0.29595703
0,0.3687561
0,0.317868
0,0.3078904
0,0.29993615
0,0.29117057
0,0.27416793
0,0.2773865
0,0.27558494
0,0.27407247
0,0.27684644
0,0.2680719
0,0.2714842
0,0.27172488
0,0.28626224
0,0.27878514
0,0.296452
0,0.28604925
0,0.28274775
0,0.28705615
0,0.2979318
0,0.3330721
0,0.37934798
0,0.4699059
0,0.45425603
0,0.44991663
0,0.42254877
0,0.41409722
0,0.42532575
0,0.5008197
0,0.5649227
0,0.66011274
0,0.6912911
0,0.67940515
0,0.6881653
0,0.6843379
0,0.692212
0,0.65530825
0,0.59944516
0,0.58598065
0,0.57137346
0,0.5429098
0,0.5315465
0,0.574824
0,0.5846988
0,0.55489177
0,0.5534241
0,0.519314
0,0.48013636
0,0.44752747
0,0.47132507
0,0.4972383
0,0.49174967
0,0.5043211
0,0.5216296
0,0.5444158
0,0.5696288
0,0.5312147
0,0.48054367
0,0.41445348
0,0.43063903
0,0.38482594
0,0.395196
0,0.37667948
0,0.36400327
0,0.32755265
0,0.33843368
0,0.31033093
0,0.31098005
0,0.25016975
0,0.2031163
0,0.19931737
0,0.18123518
0,0.15610868
0,0.14816278
0,0.13984479
0,0.13843694
0,0.14018308
0,0.13975602
0,0.14398874
0,0.14934956
0,0.13513274
0,0.13081995
0,0.12413516
0,0.1234707
0,0.12614383
0,0.12732294
0,0.13012744
0,0.14007069
0,0.15112099
0,0.15097307
0,0.15401062
0,0.16719113
0,0.17459962
0,0.18107504
0,0.20155555
0,0.24050684
0,0.265074
0,0.2899222
0,0.28462842
0,0.2661136
0,0.27927044
0,0.28812474
0,0.26751462
0,0.27183622
0,0.26766852
0,0.28264585
0,0.2632331
0,0.25935265
0,0.22832288
0,0.2050132
0,0.1890728
0,0.18343443
0,0.17635225
0,0.17403618
0,0.17147729
0,0.17803156
0,0.18979532
0,0.19821252
0,0.20578496
0,0.21310873
0,0.2201395
0,0.23400801
0,0.23561923
0,0.24581127
0,0.24787906
0,0.24877393
0,0.25388137
0,0.26694053
0,0.2863599
0,0.29538518
0,0.28188968
0,0.27175367
0,0.28443098
0,0.2911619
0,0.29634205
0,0.29634148
0,0.2785041
0,0.27951217
0,0.2713853
0,0.27589136
0,0.2702464
0,0.27509314
0,0.27334395
0,0.27473617
0,0.2776918
0,0.27360123
0,0.27603427
0,0.27873477
0,0.26970696
0,0.27008376
0,0.26632646
0,0.26760963
0,0.26054668
0,0.26482666
0,0.3073853
0,0.30281603
0,0.30522507
0,0.31180274
0,0.30563852
0,0.31333935
0,0.29985097
0,0.29671282
0,0.29358312
0,0.30916893
0,0.30872312
0,0.30843875
0,0.2952814
0,0.29942614
0,0.30267572
0,0.309875
0,0.31087393
0,0.30602896
0,0.2931807
0,0.30341846
0,0.2755121
0,0.28212926
0,0.27635285
0,0.27202818
0,0.27379155
0,0.28532422
0,0.26433966
0,0.27268955
0,0.26887318
0,0.27632663
0,0.27268156
0,0.28237635
0,0.27338916
0,0.27795744
0,0.27603772
0,0.2846282
0,0.2784599
0,0.29696256
0,0.30283877
0,0.2922864
0,0.29784006
0,0.3013245
0,0.28652558
0,0.29225332
0,0.2813465
0,0.28799957
0,0.28213128
0,0.2714678
0,0.27938053
0,0.2772332
0,0.2805182
0,0.27648273
0,0.27075377
0,0.2756944
0,0.28514075
0,0.27638373
0,0.290791
0,0.2866291
0,0.28552026
0,0.27748448
0,0.26937938
0,0.2699773
0,0.27794385
0,0.2920612
0,0.28532207
0,0.27718857
0,0.2792414
0,0.2728404
0,0.27443686
0,0.27210307
0,0.2671634
0,0.26789925
0,0.26029965
0,0.26173988
0,0.26703164
0,0.26403487
0,0.25830066
0,0.2706502
0,0.26890385
0,0.2661691
0,0.2691094
0,0.3752874
0,0.3120585
0,0.29037523
0,0.28502014
0,0.28949437
0,0.27962577
0,0.27063647
0,0.2749028
0,0.26682365
0,0.27308124
0,0.26022512
0,0.25642866
0,0.2566906
0,0.26155823
0,0.26711032
0,0.26596424
0,0.2599301
0,0.26236466
0,0.25823647
0,0.26146698
0,0.27296647
0,0.26675937
0,0.27299902
0,0.2849754
0,0.27033195
0,0.27365217
0,0.26281577
0,0.2631808
0,0.2684312
0,0.2783138
0,0.27603203
0,0.26808873
0,0.2837772
0,0.27182508
0,0.27233818
0,0.2621615
0,0.2674409
0,0.2836116
0,0.30187178
0,0.2783844
0,0.27715057
0,0.28027496
0,0.27571607
0,0.25732216
0,0.26595345
0,0.26926368
0,0.27138966
0,0.263572
0,0.27259907
0,0.26354718
0,0.26649374
0,0.2759851
0,0.27554327
0,0.27610892
0,0.27161825
0,0.27855363
0,0.2759436
0,0.26512095
0,0.28241113
0,0.26873142
0,0.28018504
0,0.33726466
0,0.36108717
0,0.3778062
0,0.39332435
0,0.32191324
0,0.3027764
0,0.31713223
0,0.29733023
0,0.28846473
0,0.27885386
0,0.29813376
0,0.28736785
0,0.26931897
0,0.26862973
0,0.27176356
0,0.26556665
0,0.25697547
0,0.25970995
0,0.26400232
0,0.27392915
0,0.26620516
0,0.26589975
0,0.26718342
0,0.26204717
0,0.26806724
0,0.27648273
0,0.29495034
0,0.29452306
0,0.28480536
0,0.28402966
0,0.27978626
0,0.2845069
0,0.26406315
0,0.35413975
0,0.3061895
0,0.2877847
0,0.28082627
0,0.28177136
0,0.27431694
0,0.2817735
0,0.2896724
0,0.28180608
0,0.27386683
0,0.2652335
0,0.27183452
0,0.27275708
0,0.2780774
0,0.2843959
0,0.28968158
0,0.2814897
0,0.2844731
0,0.2794531
0,0.2726576
0,0.29184547
0,0.28477108
0,0.2812405
0,0.26933992
0,0.27204877
0,0.2720446
0,0.2766698
0,0.28925845
0,0.2808646
0,0.28318185
0,0.2789358
0,0.27396035
0,0.27106246
0,0.2727412
0,0.27156627
0,0.27044883
0,0.2703284
0,0.26423714
0,0.2631593
0,0.26967168
0,0.26534933
0,0.264316
0,0.26313594
0,0.26556346
0,0.2909714
0,0.27956375
0,0.2720474
0,0.28358197
0,0.29235744
0,0.313378
0,0.3063565
0,0.2962745
0,0.29621655
0,0.30862027
0,0.30431628
0,0.2789946
0,0.28872386
0,0.28604585
0,0.29050523
0,0.28849703
0,0.29524675
0,0.28469956
0,0.28271315
0,0.27719632
0,0.2781149
0,0.27757463
0,0.2718467
0,0.27423945
0,0.2775846
0,0.2770005
0,0.2661205
0,0.27658105
0,0.26541093
0,0.26615915
0,0.25867787
0,0.25316024
0,0.27489138
0,0.2672085
0,0.25987405
0,0.2628504
0,0.26688948
0,0.27602875
0,0.27633664
0,0.2586386
0,0.26697835
0,0.2633287
0,0.2794067
0,0.2678464
0,0.2600288
0,0.26199675
0,0.26586738
0,0.25984138
0,0.26777518
0,0.28060415
0,0.2782302
0,0.2746776
0,0.27497286
0,0.26760507
0,0.27415845
0,0.2647427
0,0.26748458
0,0.44337893
0,0.362269
0,0.5119686
0,0.45239002
0,0.3819563
0,0.33959612
0,0.3060995
0,0.2926409
0,0.32245624
0,0.2910266
0,0.27502847
0,0.2727563
0,0.26257902
0,0.26676196
0,0.2519966
0,0.2439384
0,0.24232057
0,0.22262567
0,0.22437003
0,0.22465716
0,0.21444438
0,0.2146985
0,0.2197976
0,0.22175062
0,0.2244707
0,0.23238629
0,0.23553105
0,0.24170949
0,0.25395396
0,0.26458502
0,0.26538953
0,0.26257476
0,0.25767934
0,0.27553552
0,0.2621335
0,0.26251638
0,0.26774582
0,0.2608961
0,0.269474
0,0.27517492
0,0.26300475
0,0.2699505
0,0.2741499
0,0.27374625
0,0.27032596
0,0.27261013
0,0.26998025
0,0.26155317
0,0.27552104
0,0.27553126
0,0.2708342
0,0.26521924
0,0.27259615
0,0.27532727
0,0.27555472
0,0.27403724
0,0.2795989
0,0.2779294
0,0.27413803
0,0.28103307
0,0.2709419
0,0.27590823
0,0.26912692
0,0.2592875
0,0.254528
0,0.26361573
0,0.26124918
0,0.2633509
0,0.27590555
0,0.2708398
0,0.27210888
0,0.28789243
0,0.2819599
0,0.27701893
0,0.2852252
0,0.27672806
0,0.269385
0,0.269153
0,0.26339433
0,0.26456353
0,0.260886
0,0.27217937
0,0.2687075
0,0.2671437
0,0.27354577
0,0.28156078
0,0.2783862
0,0.27355716
0,0.268776
0,0.29389542
0,0.26981387
0,0.26847968
0,0.26407015
0,0.27478904
0,0.27275217
0,0.2672281
0,0.27903906
0,0.28237966
0,0.29244864
0,0.28964338
0,0.26934034
0,0.2825772
0,0.2586615
0,0.2616788
0,0.30112365
0,0.2922387
0,0.28874338
0,0.27745938
0,0.2749639
0,0.26668853
0,0.2752208
0,0.2671794
0,0.2716672
0,0.2651024
0,0.26597384
0,0.27269283
0,0.26680872
0,0.27189556
0,0.266983
0,0.27259058
0,0.26704255
0,0.263719
0,0.2640632
0,0.2589026
0,0.26016572
0,0.29566503
0,0.27271262
0,0.27565023
0,0.27120835
0,0.26324487
0,0.26203412
0,0.268052
0,0.26372743
0,0.25853357
0,0.25875378
0,0.25643912
0,0.26042297
0,0.26030293
0,0.26301417
0,0.29391107
0,0.27141565
0,0.28263003
0,0.2792275
0,0.27580324
0,0.2678305
0,0.2713971
0,0.26845253
0,0.2818041
0,0.27124012
0,0.2754076
0,0.28258774
0,0.27945715
0,0.27140576
0,0.27376184
0,0.27552006
0,0.27549154
0,0.26660353
0,0.27408025
0,0.2662304
0,0.26784176
0,0.27558187
0,0.2749871
0,0.2649818
0,0.27972132
0,0.26573178
0,0.27393693
0,0.2896947
0,0.27590477
0,0.27698484
0,0.2724598
0,0.27390563
0,0.27006915
0,0.27965727
0,0.27164048
0,0.2633851
0,0.27122796
0,0.2645205
0,0.2646965
0,0.26082534
0,0.27326617
0,0.27287635
0,0.27677178
0,0.27548292
0,0.28049546
0,0.27562326
0,0.26785028
0,0.2620699
0,0.2622479
0,0.26555794
0,0.26120132
0,0.26872134
0,0.26151606
0,0.26439017
0,0.25976178
0,0.26865095
0,0.2724106
0,0.26861623
0,0.2693627
0,0.26662406
0,0.27261448
0,0.27993682
0,0.2778205
0,0.2711145
0,0.27014568
0,0.27271962
0,0.26376918
0,0.2659929
0,0.265835
0,0.26446927
0,0.26021698
0,0.27282095
0,0.25969002
0,0.26154187
0,0.27025306
0,0.26483184
0,0.27507704
0,0.2669954
0,0.25974092
0,0.2624135
0,0.26790848
0,0.2564418
0,0.2788679
0,0.269254
0,0.272398
0,0.27643335
0,0.27380848
0,0.27129588
0,0.27623126
0,0.28161436
0,0.30296972
0,0.30338076
0,0.3167876
0,0.28534296
0,0.28336534
0,0.28684375
0,0.28827932
0,0.26786542
0,0.27057198
0,0.274249
0,0.2718741
0,0.27492836
0,0.2702576
0,0.26311553
0,0.26673082
0,0.2613194
0,0.26285782
0,0.25681552
0,0.26240695
0,0.2558408
0,0.25957066
0,0.25050792
0,0.2681936
0,0.2664004
0,0.2637142
0,0.25282818
0,0.25774053
0,0.26360977
0,0.26169172
0,0.2548574
0,0.2568858
0,0.26248646
0,0.25975338
0,0.26344985
0,0.27115247
0,0.27929774
0,0.26635385
0,0.26788348
0,0.26268238
0,0.2642141
0,0.27036226
0,0.2668953
0,0.26504967
0,0.26635236
0,0.27170914
0,0.2713954
0,0.2800513
0,0.29380122
0,0.3011996
0,0.28830037
0,0.29014644
0,0.27885002
0,0.26988015
0,0.26807442
0,0.26236418
0,0.27278382
0,0.2618737
0,0.26463255
0,0.279211
0,0.28470495
0,0.28371483
0,0.27201998
0,0.2643365
0,0.2636742
0,0.27188635
0,0.2752243
0,0.27319574
0,0.26886907
0,0.26606187
0,0.2763233
0,0.2747169
0,0.26560748
0,0.26974896
0,0.27282906
0,0.26979458
0,0.2769772
0,0.27183545
0,0.2639475
0,0.2604654
0,0.2580446
0,0.26298144
0,0.2664186
0,0.26647007
0,0.2583253
0,0.26246884
0,0.25612265
0,0.26284018
0,0.26548418
0,0.2530273
0,0.2584319
0,0.2617009
0,0.26486704
0,0.2634403
0,0.25509313
0,0.26009625
0,0.26186284
0,0.2613353
0,0.2556594
0,0.2581346
0,0.26198092
0,0.26017764
0,0.27128702
0,0.26826626
0,0.2660013
0,0.2624441
0,0.2628246
0,0.25924116
0,0.2616718
0,0.255281
0,0.25896218
0,0.25627935
0,0.25552368
0,0.2577504
0,0.27131498
0,0.27170998
0,0.26513377
0,0.29231396
0,0.27174354
0,0.2656319
0,0.28603473
0,0.3077244
0,0.3000456
0,0.30047202
0,0.30488557
0,0.30043158
0,0.28898826
0,0.28843415
0,0.2956772
0,0.3097859
0,0.30381337
0,0.3106065
0,0.3079913
0,0.30140626
0,0.32890317
0,0.3328271
0,0.36228454
0,0.39166608
0,0.39825195
0,0.38839498
0,0.36620626
0,0.3388857
0,0.31126362
0,0.28637597
0,0.7779145
0,0.86650586
0,0.76506764
0,0.6729336
0,0.6318791
0,0.55512226
0,0.45129803
0,0.38647476
0,0.29495183
0,0.25315362
0,0.1986587
0,0.16614227
0,0.15869558
0,0.15490516
0,0.17031485
0,0.18240768
0,0.23904061
0,0.32783714
0,0.27886358
0,0.2732871
0,0.22996774
0,0.19588888
0,0.17165753
0,0.16388568
0,0.16376513
0,0.15950462
0,0.14964104
0,0.14407718
0,0.14401819
0,0.13902076
0,0.13016567
0,0.13002975
0,0.13461585
0,0.13341409
0,0.13087511
0,0.13253544
0,0.13423623
0,0.13086493
0,0.13808696
0,0.14858644
0,0.15179704
0,0.15418632
0,0.16233945
0,0.17923056
0,0.17023677
0,0.16568227
0,0.1848358
0,0.22464257
0,0.23568928
0,0.26103738
0,0.30681387
0,0.33337232
0,0.31344944
0,0.31170413
0,0.30392644
0,0.31338847
0,0.29159844
0,0.25491413
0,0.23693848
0,0.20480831
0,0.19448172
0,0.18093728
0,0.16794664
0,0.16181096
0,0.14843397
0,0.1449938
0,0.14091788
0,0.14175211
0,0.14528036
0,0.1514765
0,0.1554965
0,0.16347949
0,0.17224245
0,0.18293792
0,0.19666615
0,0.20858063
0,0.21631303
0,0.23070073
0,0.25103185
0,0.25208738
0,0.2513427
0,0.26189417
0,0.2577836
0,0.26406994
0,0.28545094
0,0.2907552
0,0.28533456
0,0.27807614
0,0.2767479
0,0.27475378
0,0.27384794
0,0.27189797
0,0.25454363
0,0.2637119
0,0.26514187
0,0.27505177
0,0.27052107
0,0.2730791
0,0.26345262
0,0.27088064
0,0.2603169
0,0.26377612
0,0.26523197
0,0.2642614
0,0.2508421
0,0.25758928
0,0.26248738
0,0.27179512
0,0.26715735
0,0.26564723
0,0.2624103
0,0.26352248
0,0.2630039
0,0.26143652
0,0.2647891
0,0.27810094
0,0.28372088
0,0.28433782
0,0.27365288
0,0.2683455
0,0.26734373
0,0.26548466
0,0.28932703
0,0.3074368
0,0.28396362
0,0.30728978
0,0.29944807
0,0.3210734
0,0.31320482
0,0.31141812
0,0.3041486
0,0.2985852
0,0.29691693
0,0.29089856
0,0.27510893
0,0.2767332
0,0.26721683
0,0.26395637
0,0.2965837
0,0.28301093
0,0.27066606
0,0.27527303
0,0.2743792
0,0.27858275
0,0.26465088
0,0.2723549
0,0.2772932
0,0.27451763
0,0.2733306
0,0.27365068
0,0.26383772
0,0.2693402
0,0.27062073
0,0.27458072
0,0.26073807
0,0.26370725
0,0.26655203
0,0.26942462
0,0.25687432
0,0.26533172
0,0.26633817
0,0.2683048
0,0.26922077
0,0.26836503
0,0.270125
0,0.27577582
0,0.27043855
0,0.27146026
0,0.267383
0,0.2665736
0,0.25829247
0,0.26318836
0,0.2511337
0,0.25909132
0,0.2488516
0,0.2523439
0,0.2554741
0,0.2576952
0,0.27260375
0,0.2662018
0,0.26395053
0,0.2653018
0,0.27208716
0,0.2656409
0,0.27534518
0,0.2676584
0,0.26571384
0,0.26379696
0,0.27290142
0,0.2665151
0,0.26327407
0,0.2749779
0,0.27496704
0,0.26608223
0,0.27616838
0,0.2653771
0,0.26354396
0,0.26238483
0,0.2689764
0,0.2746607
0,0.26153815
0,0.28062353
0,0.2769549
0,0.26723942
0,0.26768392
0,0.26475993
0,0.25961608
0,0.25705394
0,0.26692608
0,0.27495956
0,0.2618718
0,0.26911506
0,0.2731507
0,0.2766603
0,0.27543956
0,0.2709635
0,0.27339292
0,0.26399833
0,0.2625308
0,0.2708871
0,0.27400014
0,0.27477616
0,0.27142212
0,0.28190395
0,0.27452058
0,0.26875502
0,0.2586456
0,0.2567496
0,0.26192838
0,0.26576242
0,0.25315556
0,0.25246102
0,0.27170685
0,0.26730573
0,0.2873478
0,0.27299947
0,0.27170166
0,0.27280504
0,0.2781382
0,0.27236766
0,0.25869945
0,0.27576107
0,0.27821356
0,0.27196905
0,0.26610476
0,0.27277905
0,0.27735212
0,0.27137944
0,0.27022496
0,0.26867276
0,0.2621519
0,0.26536602
0,0.26016444
0,0.26211178
0,0.2610764
0,0.2626935
0,0.26836318
0,0.2646627
0,0.25905332
0,0.26192892
0,0.26711807
0,0.26403224
0,0.2568319
0,0.26022914
0,0.2573565
0,0.2545612
0,0.26710257
0,0.2649001
0,0.26683912
0,0.27463958
0,0.27477545
0,0.2663522
0,0.26952893
0,0.26360634
0,0.26716113
0,0.2727438
0,0.27047127
0,0.2747839
0,0.27196217
0,0.26930234
0,0.2626988
0,0.2746813
0,0.26922944
0,0.26311836
0,0.2845044
0,0.27705938
0,0.27267808
0,0.27706447
0,0.259579
0,0.26541096
0,0.26010087
0,0.25915858
0,0.26238567
0,0.25661448
0,0.2604381
0,0.266346
0,0.2757753
0,0.2739982
0,0.26946455
0,0.27327356
0,0.27639982
0,0.2753796
0,0.27069217
0,0.26718482
0,0.27767286
0,0.26359537
0,0.2624579
0,0.2568246
0,0.2569157
0,0.26573485
0,0.27428773
0,0.27178216
0,0.26449025
0,0.2771393
0,0.27076706
0,0.27142078
0,0.27683327
0,0.27356723
0,0.28131223
0,0.2758934
0,0.27839386
0,0.2742289
0,0.28062353
0,0.27787268
0,0.2748617
0,0.2802063
0,0.2662928
0,0.2692362
0,0.26068476
0,0.2642917
0,0.27378199
0,0.2706884
0,0.2712066
0,0.26995432
0,0.27065146
0,0.2706892
0,0.27153167
0,0.26902103
0,0.2706997
0,0.26861283
0,0.2582439
0,0.26515636
0,0.27878314
0,0.26805556
0,0.26387945
0,0.264555
0,0.2629935
0,0.26370466
0,0.2708899
0,0.28194073
0,0.27880374
0,0.29031706
0,0.28340003
0,0.28948948
0,0.28144234
0,0.29850334
0,0.30653343
0,0.3023097
0,0.31464452
0,0.28750265
0,0.2697847
0,0.27171803
0,0.27152506
0,0.26680684
0,0.26650858
0,0.2720935
0,0.2653594
0,0.2727228
0,0.277337
0,0.27717277
0,0.28472185
0,0.27027902
0,0.27926266
0,0.26612857
0,0.28039345
0,0.2834701
0,0.2714202
0,0.26572537
0,0.27862114
0,0.2818336
0,0.27011487
0,0.27627867
0,0.27750263
0,0.2640156
0,0.2732305
0,0.27585527
0,0.2675408
0,0.26120335
0,0.26831666
0,0.26917493
0,0.2657717
0,0.2777837
0,0.2746777
0,0.27552193
0,0.26278162
0,0.26786616
0,0.2714632
0,0.2688869
0,0.26016775
0,0.26484177
0,0.2613947
0,0.26479447
0,0.27086064
0,0.27667385
0,0.26793703
0,0.26137692
0,0.28109518
0,0.27510017
0,0.26490548
0,0.28019196
0,0.27736366
0,0.29233518
0,0.2920668
0,0.30459145
0,0.30056515
0,0.28610876
0,0.30285054
0,0.34308204
0,0.30757412
0,0.3153755
0,0.29438993
0,0.29560193
0,0.2823785
0,0.27463067
0,0.26950133
0,0.27649972
0,0.26984733
0,0.27639252
0,0.26785204
0,0.2650312
0,0.26521417
0,0.26360932
0,0.26463646
0,0.25958896
0,0.25669533
0,0.25659716
0,0.2698761
0,0.2601478
0,0.26811403
0,0.2716361
0,0.26893505
0,0.2602652
0,0.26083636
0,0.25719312
0,0.26581922
0,0.27245384
0,0.26455733
0,0.26704893
0,0.27679807
0,0.2777813
0,0.26853538
0,0.28143385
0,0.2761227
0,0.27217954
0,0.26738855
0,0.27956322
0,0.26699588
0,0.26986146
0,0.2608873
0,0.27040705
0,0.276603
0,0.26984936
0,0.26201218
0,0.26354674
0,0.25676164
0,0.2706726
0,0.26909366
0,0.26650843
0,0.26939657
0,0.27886087
0,0.26159158
0,0.26263204
0,0.26817468
0,0.26645058
0,0.26710263
0,0.2749178
0,0.26496604
0,0.26370752
0,0.26746938
0,0.26207212
0,0.270188
0,0.28256503
0,0.27175912
0,0.265856
0,0.26206934
0,0.2725824
0,0.27530548
0,0.27944186
0,0.2610179
0,0.27097672
0,0.25527328
0,0.27272397
0,0.26957124
0,0.2808193
0,0.27481657
0,0.27629897
0,0.26848248
0,0.27763027
0,0.27783918
0,0.26582667
0,0.26479352
0,0.27523378
0,0.28021267
0,0.27855492
0,0.27419612
0,0.2642405
0,0.26503885
0,0.2582977
0,0.25890586
0,0.26451725
0,0.26065668
0,0.26678044
0,0.2604508
0,0.26567334
0,0.28361142
0,0.2770493
0,0.27896908
0,0.2737934
0,0.26456365
0,0.26830554
0,0.2705351
0,0.26853645
0,0.26134598
0,0.2647211
0,0.2649918
0,0.2646775
0,0.25770515
0,0.2614762
0,0.2553746
0,0.26094368
0,0.28189388
0,0.2740052
0,0.26463416
0,0.26758167
0,0.26683614
0,0.27106714
0,0.2748557
0,0.28580916
0,0.2759956
0,0.2724662
0,0.27212515
0,0.2668841
0,0.2672287
0,0.26295078
0,0.2715589
0,0.26399264
0,0.2684583
0,0.26301682
0,0.27397078
0,0.28863904
0,0.27634817
0,0.2900934
0,0.27978238
0,0.272664
0,0.26035243
0,0.2614639
0,0.2647198
0,0.272238
0,0.2660464
0,0.27228624
0,0.2656891
0,0.27504703
0,0.2665968
0,0.27969438
0,0.27228528
0,0.27563062
0,0.28043276
0,0.30278042
0,0.2785186
0,0.28671107
0,0.29197004
0,0.3020934
0,0.29100603
0,0.29098538
0,0.2880642
0,0.28074735
0,0.28791824
0,0.28401366
0,0.28437907
0,0.2768294
0,0.26862627
0,0.2744885
0,0.2782389
0,0.27475712
0,0.27586746
0,0.2731038
0,0.27588016
0,0.26883304
0,0.2629411
0,0.2878067
0,0.28185013
0,0.26980087
0,0.27637893
0,0.2722474
0,0.27388957
0,0.27530274
0,0.30414823
0,0.30550575
0,0.2988269
0,0.3090726
0,0.31122717
0,0.2949016
0,0.2886565
0,0.28215417
0,0.27885953
0,0.2752839
0,0.32387668
0,0.28416544
0,0.2808349
0,0.27495942
0,0.28962108
0,0.28957027
0,0.28128392
0,0.28822467
0,0.2785299
0,0.28281525
0,0.26508883
0,0.30199468
0,0.2863892
0,0.29365978
0,0.2841176
0,0.27471322
0,0.28869274
0,0.2866015
0,0.27714804
0,0.29309058
0,0.28883886
0,0.285466
0,0.27610892
0,0.2683808
0,0.2839245
0,0.28416377
0,0.28853205
0,0.27215177
0,0.28347144
0,0.27100992
0,0.2670698
0,0.27377594
0,0.2777385
0,0.28050646
0,0.2874454
0,0.2740107
0,0.31813905
0,0.34978962
0,0.37519753
0,0.38319978
0,0.3388474
0,0.35026705
0,0.33200777
0,0.3297389
0,0.323891
0,0.30435422
0,0.298598
0,0.29418376
0,0.2928012
0,0.27959496
0,0.28117
0,0.28467384
0,0.27101186
0,0.26264137
0,0.2549381
0,0.2450177
0,0.24017975
0,0.23218109
0,0.2234957
0,0.23740391
0,0.23766889
0,0.24059115
0,0.24565257
0,0.2613707
0,0.2636224
0,0.26029158
0,0.2773085
0,0.27053472
0,0.27730203
0,0.27543664
0,0.27535984
0,0.26932937
0,0.26044464
0,0.30563384
0,0.30756274
0,0.32481638
0,0.28443974
0,0.29681903
0,0.2837868
0,0.28689137
0,0.28858316
0,0.2892137
0,0.2811728
0,0.27317783
0,0.26225516
0,0.26541904
0,0.26671743
0,0.28122744
0,0.27337137
0,0.28335252
0,0.2746872
0,0.27270177
0,0.2589475
0,0.26115328
0,0.26283622
0,0.27660447
0,0.2685237
0,0.27483007
0,0.26786387
0,0.2782371
0,0.26841968
0,0.2736235
0,0.28103846
0,0.2773126
0,0.2871979
0,0.2922106
0,0.27459633
0,0.27950737
0,0.27409026
0,0.28784806
0,0.2772394
0,0.29249176
0,0.27275926
0,0.27531636
0,0.2764372
0,0.2750676
0,0.26821575
0,0.27137992
0,0.27384132
0,0.27317956
0,0.26358163
0,0.2714763
0,0.2619337
0,0.26835296
0,0.27071357
0,0.26928937
0,0.27771863
0,0.274226
0,0.27874193
0,0.30246362
0,0.28569627
0,0.28232235
0,0.27821556
0,0.27844253
0,0.27563792
0,0.27636525
0,0.27378568
0,0.28757766
0,0.27653098
0,0.27586934
0,0.27278432
0,0.26808372
0,0.27142683
0,0.26855707
0,0.2677658
0,0.26591697
0,0.29404142
0,0.29673216
0,0.30165467
0,0.29635775
0,0.3003373
0,0.29221082
0,0.28331137
0,0.27447283
0,0.28214094
0,0.27015388
0,0.27960676
0,0.28526586
0,0.27181572
0,0.26817402
0,0.2810429
0,0.26884532
0,0.27697486
0,0.27869546
0,0.2691066
0,0.2759808
0,0.2781129
0,0.26793754
0,0.2755199
0,0.28768802
0,0.28585765
0,0.30160648
0,0.2790031
0,0.27105418
0,0.2818058
0,0.27708188
0,0.26765066
0,0.27424538
0,0.2630625
0,0.2714628
0,0.26324466
0,0.27184066
0,0.26055533
0,0.27163792
0,0.27203003
0,0.2722846
0,0.27323207
0,0.2630249
0,0.2589673
0,0.25793046
0,0.25418016
0,0.25323752
0,0.26312456
0,0.2672442
0,0.2708596
0,0.27108127
0,0.2702816
0,0.2699188
0,0.2755455
0,0.27330783
0,0.311397
0,0.29119152
0,0.28340605
0,0.28093147
0,0.28131622
0,0.28199995
0,0.27635685
0,0.27580714
0,0.27249247
0,0.28280756
0,0.27447322
0,0.2757343
0,0.27087092
0,0.26954582
0,0.26712972
0,0.26542023
0,0.27584314
0,0.27465177
0,0.26897708
0,0.26713446
0,0.26908207
0,0.28219426
0,0.27928644
0,0.3075691
0,0.28819236
0,0.2953072
0,0.27961445
0,0.27527854
0,0.2769387
0,0.2842727
0,0.2903704
0,0.29858088
0,0.3005239
0,0.32207316
0,0.31567168
0,0.31163827
0,0.30849814
0,0.31460595
0,0.28737795
0,0.2924566
0,0.2792692
0,0.28534892
0,0.2709718
0,0.27717185
0,0.2673326
0,0.2650397
0,0.26288426
0,0.2656661
0,0.26042175
0,0.2619649
0,0.2636245
0,0.26332283
0,0.27597117
0,0.2733474
0,0.26386783
0,0.26972792
0,0.27442464
0,0.28995895
0,0.27371532
0,0.2754295
0,0.27910966
0,0.27864575
0,0.29019338
0,0.27813318
0,0.27768892
0,0.29061237
0,0.27852514
0,0.27830693
0,0.27511024
0,0.28306723
0,0.2892028
0,0.2817974
0,0.28676584
0,0.27785268
0,0.28624162
0,0.29025212
0,0.27768394
0,0.2904395
0,0.27412474
0,0.2766123
0,0.26131222
0,0.27901658
0,0.2879016
0,0.29146886
0,0.27812782
0,0.27432725
0,0.2732562
0,0.27428392
0,0.2749712
0,0.27910432
0,0.29014662
0,0.2859432
0,0.2643769
0,0.27217054
0,0.26952845
0,0.28226605
0,0.27496317
0,0.2807244
0,0.27025157
0,0.28888124
0,0.27166894
0,0.27814776
0,0.2790758
0,0.26842046
0,0.2767901
0,0.28003535
0,0.25962856
0,0.2768192
0,0.27958006
0,0.2793555
0,0.2642766
0,0.27378947
0,0.27850738
0,0.26972464
0,0.26998383
0,0.27909052
0,0.27924088
0,0.28036627
0,0.2711406
0,0.26423422
0,0.26133844
0,0.25993413
0,0.26903486
0,0.27763543
0,0.3433595
0,0.36292547
0,0.31811383
0,0.30822384
0,0.29728553
0,0.3026103
0,0.29089016
0,0.29595977
0,0.2861436
0,0.28380266
0,0.27866063
0,0.27713147
0,0.27923432
0,0.2760662
0,0.27597073
0,0.283024
0,0.2652491
0,0.26954323
0,0.2691477
0,0.2693197
0,0.26815304
0,0.26785356
0,0.26702413
0,0.25878927
0,0.26353455
0,0.26607695
0,0.26569113
0,0.26533502
0,0.26449
0,0.26560748
0,0.26343095
0,0.26617607
0,0.25350758
0,0.25891596
0,0.2545601
0,0.2606757
0,0.25986844
0,0.2675443
0,0.27348202
0,0.26852557
0,0.26409936
0,0.26739988
0,0.27773148
0,0.27684936
0,0.3068234
0,0.28832266
0,0.2879495
0,0.28408656
0,0.27409017
0,0.28006217
0,0.27248654
0,0.2736271
0,0.26717564
0,0.27445644
0,0.3857247
0,0.31049246
0,0.29461572
0,0.28513756
0,0.2832227
0,0.2812331
0,0.3116422
0,0.2964654
0,0.28768188
0,0.2851448
0,0.26234445
0,0.2720614
0,0.26896358
0,0.27286565
0,0.27487704
0,0.26839587
0,0.2606539
0,0.26289418
0,0.34832013
0,0.2871603
0,0.2977997
0,0.28540763
0,0.30768463
0,0.2945012
0,0.353483
0,0.28881985
0,0.29599544
0,0.30319342
0,0.2922191
0,0.27819395
0,0.2833015
0,0.27164763
0,0.3815296
0,0.3063274
0,0.3816186
0,0.3119665
0,0.36163172
0,0.32065636
0,0.32800692
0,0.30691364
0,0.28625557
0,0.28824925
0,0.26793882
0,0.27790296
0,0.2732422
0,0.27497235
0,0.3788714
0,0.3083426
0,0.39449045
0,0.28723317
0,0.30627197
0,0.24035515
0,0.21589608
0,0.19236536
0,0.18396327
0,0.18101946
0,0.1761295
0,0.17876235
0,0.1887253
0,0.1910241
0,0.20019583
0,0.2132292
0,0.2306486
0,0.23850432
0,0.25093925
0,0.2524358
0,0.25313112
0,0.27236268
0,0.26256704
0,0.2610187
0,0.26444295
0,0.2835444
0,0.27552342
0,0.27131096
0,0.2619541
0,0.27681327
0,0.26390797
0,0.26677614
0,0.2655754
0,0.26849368
0,0.2692757
0,0.27061608
0,0.3384909
0,0.28291303
0,0.33400884
0,0.29940987
0,0.28451166
0,0.28413624
0,0.27795267
0,0.27141097
0,0.26162842
0,0.2685017
0,0.4355368
0,0.37728554
0,0.5030676
0,0.39951238
0,0.4608292
0,0.3598541
0,0.32438946
0,0.2985104
0,0.31292236
0,0.2706195
0,0.2604899
0,0.2366952
0,0.22873628
0,0.21599983
0,0.19740815
0,0.19271384
0,0.2926604
0,0.24776511
0,0.35390195
0,0.2654147
0,0.23445554
0,0.21002452
0,0.22646679
0,0.19028145
0,0.17153864
0,0.15555295
0,0.14799047
0,0.13949779
0,0.13697849
0,0.1360931
0,0.14005755
0,0.13601168
0,0.23014271
0,0.19515984
0,0.28813004
0,0.20721966
0,0.16966206
0,0.15366828
0,0.1436806
0,0.13772772
0,0.145896
0,0.13428137
0,0.13387181
0,0.13484466
0,0.1329061
0,0.14402002
0,0.16183458
0,0.17699163
0,0.278757
0,0.24475107
0,0.22487848
0,0.21048905
0,0.25178733
0,0.19465917
0,0.1790982
0,0.17096658
0,0.17245366
0,0.17201598
0,0.17914873
0,0.18495938
0,0.19458799
0,0.20396155
0,0.26980886
0,0.28651896
0,0.28934225
0,0.2893148
0,0.2829672
0,0.30565718
0,0.28721818
0,0.27938983
0,0.2741493
0,0.2634197
0,0.2888749
0,0.28037238
0,0.27200267
0,0.26401985
0,0.26512071
0,0.2699467
0,0.28660226
0,0.27862334
0,0.27456143
0,0.2788419
0,0.27495775
0,0.28234226
0,0.2809645
0,0.2722724
0,0.2752704
0,0.27389985
0,0.30913958
0,0.28168276
0,0.28766423
0,0.28727248
0,0.30063576
0,0.2878017
0,0.28919747
0,0.28728944
0,0.42683214
0,0.3535838
0,0.32544857
0,0.30922216
0,0.37916893
0,0.32472345
0,0.3604312
0,0.327126
0,0.3264479
0,0.32266396
0,0.311587
0,0.3102191
0,0.2772275
0,0.2695505
0,0.26085886
0,0.25245225
0,0.34390733
0,0.26704654
0,0.21684453
0,0.19924842
0,0.18919761
0,0.18286017
0,0.18173234
0,0.18502471
0,0.1970775
0,0.19736166
0,0.20501061
0,0.2133365
0,0.22427629
0,0.24029073
0,0.2582656
0,0.2565421
0,0.38326228
0,0.32159987
0,0.41631627
0,0.3398127
0,0.32437605
0,0.29652572
0,0.3259926
0,0.29112804
0,0.2934716
0,0.2777433
0,0.28033447
0,0.27424583
0,0.2575128
0,0.26691523
0,0.43483567
0,0.36430368
0,0.30548766
0,0.2708993
0,0.25327075
0,0.22908653
0,0.21364899
0,0.19500911
0,0.18308371
0,0.1832321
0,0.18725798
0,0.19175024
0,0.19683933
0,0.20213902
0,0.21168244
0,0.21608026
0,0.24735431
0,0.26401234
0,0.38687193
0,0.3123618
0,0.29571903
0,0.29225114
0,0.3334194
0,0.28633645
0,0.2863193
0,0.2914731
0,0.27113116
0,0.2739338
0,0.27744555
0,0.26562014
0,0.2936657
0,0.29038653
0,0.28821582
0,0.28370908
0,0.29374424
0,0.2838314
0,0.27899033
0,0.2755961
0,0.3234026
0,0.29655215
0,0.33689457
0,0.31741336
0,0.28447807
0,0.2827085
0,0.2874459
0,0.27615815
0,0.2670062
0,0.2799994
0,0.441279
0,0.3705096
0,0.4833988
0,0.37667367
0,0.441315
0,0.3386225
0,0.359855
0,0.29179755
0,0.28622958
0,0.24016443
0,0.21090807
0,0.1908184
0,0.17626289
0,0.17530015
0,0.16554597
0,0.16157901
0,0.16196734
0,0.16407308
0,0.17013536
0,0.17489788
0,0.16735005
0,0.1750916
0,0.16711523
0,0.17628032
0,0.19473754
0,0.20256843
0,0.21014294
0,0.22077066
0,0.22446963
0,0.23863067
0,0.26166043
0,0.27318954
0,0.4258932
0,0.35609144
0,0.33893067
0,0.30038455
0,0.29739082
0,0.29181412
0,0.34029883
0,0.30879027
0,0.29059878
0,0.2898674
0,0.2797361
0,0.26758218
0,0.279657
0,0.26539838
0,0.27816278
0,0.26876563
0,0.2714508
0,0.27576786
0,0.27248707
0,0.2751688
0,0.27376142
0,0.2737434
0,0.2934671
0,0.2761743
0,0.29520416
0,0.27804914
0,0.26511303
0,0.28078994
0,0.28890336
0,0.2819042
0,0.46781656
0,0.3976258
0,0.34272158
0,0.3186336
0,0.31425884
0,0.29257536
0,0.27429894
0,0.2794582
0,0.27895224
0,0.27614883
0,0.289758
0,0.28115228
0,0.27079776
0,0.27216345
0,0.27765408
0,0.26880383
0,0.26152107
0,0.26550037
0,0.40507525
0,0.33045727
0,0.4044406
0,0.3189818
0,0.37290874
0,0.29997635
0,0.31405362
0,0.281618
0,0.26678285
0,0.26027748
0,0.25151944
0,0.24926661
0,0.27736607
0,0.28535345
0,0.26747176
0,0.27019337
0,0.3665182
0,0.57897425
0,0.4225847
0,0.30542168
0,0.24016574
0,0.18367383
0,0.2058635
0,0.1634271
0,0.15463634
0,0.14363572
0,0.13506481
0,0.1336842
0,0.13893504
0,0.14403003
0,0.2470039
0,0.20610566
0,0.17981252
0,0.16936803
0,0.21500924
0,0.16884422
0,0.18767655
0,0.15539545
0,0.16859518
0,0.15031116
0,0.14616734
0,0.14273432
0,0.13803549
0,0.13896751
0,0.13795769
0,0.14546669
0,0.27013904
0,0.3136144
0,0.37964943
0,0.2647016
0,0.3092215
0,0.22889756
0,0.19087304
0,0.16940051
0,0.17357768
0,0.15868239
0,0.15853718
0,0.15254274
0,0.15205699
0,0.15862982
0,0.18408653
0,0.18950072
0,0.1935927
0,0.21038145
0,0.29195902
0,0.24348626
0,0.21513045
0,0.20336992
0,0.18871826
0,0.18171243
0,0.19388919
0,0.1881338
0,0.19587731
0,0.20510638
0,0.20623718
0,0.21823484
0,0.25863123
0,0.27319893
0,0.43123436
0,0.35473493
0,0.32734075
0,0.31322077
0,0.29391736
0,0.27756348
0,0.29540998
0,0.30296624
0,0.30647552
0,0.29212147
0,0.28204235
0,0.28012574
0,0.25932333
0,0.2692297
0,0.44064122
0,0.3847602
0,0.52173567
0,0.40859511
0,0.5357373
0,0.46901825
0,0.5221495
1,0.40852967
1,0.30218908
1,0.22548684
1,0.20171253
1,0.1724787
1,0.15415087
1,0.1465436
1,0.13436773
1,0.13465253
1,0.2622112
1,0.22538552
1,0.38316983
1,0.28090933
1,0.374985
1,0.28108665
0,0.97030526
0,0.8466587
0,0.8100184
0,0.68713254
0,0.61741894
0,0.47300982
0,0.37245592
0,0.31041738
0,0.24568915
0,0.20916194
0,0.4398908
0,0.3561986
0,0.53805953
0,0.4034807
0,0.5411567
0,0.38224727
0,0.3578324
0,0.28807718
0,0.3113653
0,0.24772952
0,0.19509038
0,0.17579502
0,0.15124919
0,0.14516465
0,0.13909075
0,0.13143395
0,0.22708774
0,0.18446258
0,0.15505406
0,0.1421006
0,0.15287054
0,0.1405523
0,0.16316417
0,0.14185558
0,0.16051944
0,0.14704455
0,0.14787126
0,0.14285599
0,0.1473977
0,0.15064034
0,0.17891753
0,0.19889201
0,0.3657423
0,0.31258768
0,0.44302815
0,0.3213772
0,0.41456145
0,0.29678875
0,0.32898107
0,0.23720668
0,0.22884974
0,0.18739133
0,0.17175
0,0.16063614
0,0.14912675
0,0.14866008
0,0.16013747
0,0.15052806
0,0.23867026
0,0.1971645
0,0.29262096
0,0.2048403
0,0.26574805
0,0.17444114
0,0.2036987
0,0.16798848
0,0.16592082
0,0.14854412
0,0.14204067
0,0.1358441
0,0.13066095
0,0.13070364
0,0.13523994
0,0.13545981
0,0.1383672
0,0.13919379
0,0.14032856
0,0.14492829
0,0.1850049
0,0.16004276
0,0.18633507
0,0.16087978
0,0.1719957
0,0.1614071
0,0.16114466
0,0.16431803
0,0.16385818
0,0.17379825
0,0.20207916
0,0.22129446
0,0.2603243
0,0.2678639
0,0.39882153
0,0.31852272
0,0.4107428
0,0.32672125
0,0.3055154
0,0.29156968
0,0.27041873
0,0.27018297
0,0.264685
0,0.27301633
0,0.26170048
0,0.26224634
0,0.26045007
0,0.26128966
0,0.41148865
0,0.34756964
0,0.3364215
0,0.30916998
0,0.40681908
0,0.31514207
0,0.28922513
0,0.26578218
0,0.25079206
0,0.25076902
0,0.23127197
0,0.23655035
0,0.22756323
0,0.23801486
0,0.374151
0,0.34839806
0,0.31128573
0,0.317233
0,0.2811244
0,0.24283029
0,0.20892884
0,0.19062142
0,0.17966929
0,0.15844661
0,0.14729615
0,0.13747965
0,0.1356637
0,0.13129997
0,0.13541439
0,0.13504827
0,0.24522747
0,0.21571077
0,0.23067687
0,0.18608032
0,0.2592301
0,0.179799
0,0.23480405
0,0.18474674
0,0.16359949
0,0.1525185
0,0.15290698
0,0.14130346
0,0.13686475
0,0.14264907
0,0.14381167
0,0.14588745
0,0.14468549
0,0.1475253
0,0.21774544
0,0.17460029
0,0.16243738
0,0.15124623
0,0.14557163
0,0.14425431
0,0.16397175
0,0.15961643
0,0.1595006
0,0.154866
0,0.15404819
0,0.16123769
0,0.19537671
0,0.20241432
0,0.3307315
0,0.28445137
0,0.28953174
0,0.2600318
0,0.36675763
0,0.29631627
0,0.32266018
0,0.28843313
0,0.25391775
0,0.2221999
0,0.21275578
0,0.29168713
0,0.20718725
0,0.17620295
0,0.1570419
0,0.14773032
0,0.1447561
0,0.14186732
0,0.2057884
0,0.1671068
0,0.15379818
0,0.14624402
0,0.14473018
0,0.14022258
0,0.13382173
0,0.13278298
0,0.14438352
0,0.14746237
0,0.14889468
0,0.15524302
0,0.1710601
0,0.18224178
0,0.19134997
0,0.20915394
0,0.30275977
0,0.25628048
0,0.26246005
0,0.26547208
0,0.32201338
0,0.2816234
0,0.31184548
0,0.29470268
0,0.28281322
0,0.27214167
0,0.28118813
0,0.28308517
0,0.2814054
0,0.27678794
0,0.4452545
0,0.37360415
0,0.33932728
0,0.31054306
0,0.3842848
0,0.3135463
0,0.2754193
0,0.2526948
0,0.23869738
0,0.22679137
0,0.2290783
0,0.21408683
0,0.21256638
0,0.22314207
0,0.20909178
0,0.212822
0,0.24424806
0,0.24158704
0,0.24297523
0,0.23796976
0,0.23554626
0,0.23724659
0,0.27972576
0,0.25337106
0,0.2740038
0,0.2579675
0,0.2604295
0,0.25418139
0,0.25632212
0,0.26039064
0,0.2741068
0,0.27188522
0,0.2757735
0,0.2723514
0,0.27392364
0,0.27383474
0,0.35217947
0,0.30124846
0,0.29670855
0,0.29910368
0,0.29255274
0,0.297897
0,0.30023894
0,0.28624648
0,0.28270656
0,0.28871965
0,0.49972332
0,0.43904364
0,0.5518831
0,0.43474406
0,0.35570076
0,0.3189493
0,0.3121158
0,0.2818502
0,0.2513698
0,0.22835964
0,0.21233688
0,0.2013598
0,0.18800893
0,0.18453842
0,0.17835616
0,0.17518532
0,0.17765394
0,0.18704775
0,0.26337692
0,0.2177902
0,0.18983716
0,0.18362592
0,0.22209929
0,0.18861677
0,0.17898835
0,0.17150672
0,0.17245471
0,0.17380954
0,0.17506653
0,0.18543504
0,0.26220116
0,0.27472416
0,0.28506798
0,0.28003794
0,0.29569176
0,0.29835507
0,0.39182872
0,0.34091437
0,0.3792524
0,0.28995034
0,0.27453113
0,0.22387874
0,0.20982541
0,0.19190343
0,0.17992534
0,0.18270545
0,0.18018764
0,0.19628921
0,0.39993605
0,0.33893278
0,0.44068798
0,0.33352897
0,0.4505788
0,0.32297623
0,0.35098383
0,0.24601051
0,0.24265447
0,0.17370166
0,0.1613787
0,0.14589696
0,0.14291885
0,0.13431095
0,0.12870657
0,0.12851503
0,0.12812538
0,0.13235557
0,0.13332069
0,0.13468981
0,0.13107444
0,0.13301985
0,0.13076639
0,0.14037447
0,0.14629105
0,0.15948902
0,0.1886825
0,0.21324956
0,0.21215123
0,0.22378096
0,0.2593116
0,0.2666705
0,0.31338623
0,0.3185044
0,0.44045937
0,0.3568749
0,0.33659074
0,0.3197646
0,0.3746974
0,0.3144589
0,0.33900195
0,0.3092947
0,0.303804
0,0.30570647
0,0.28333828
0,0.28835636
0,0.27866235
0,0.26491144
0,0.23773973
0,0.21775337
0,0.20820886
0,0.20812657
0,0.24077818
0,0.19652784
0,0.22350596
0,0.1909673
0,0.20139517
0,0.18760413
0,0.17989609
0,0.18434182
0,0.18757212
0,0.19619629
0,0.21405843
0,0.23080269
0,0.41267124
0,0.3425842
0,0.42461038
0,0.31627056
0,0.28379273
0,0.2492373
0,0.28260604
0,0.22669917
0,0.22219211
0,0.19566372
0,0.24296756
0,0.19958209
0,0.21847585
0,0.18295544
0,0.17715183
0,0.1682565
0,0.29364634
0,0.24667023
0,0.20900805
0,0.1943836
0,0.18292095
0,0.18619137
0,0.22095402
0,0.2023367
0,0.18180327
0,0.15308413
0,0.14947765
0,0.14474085
0,0.13448732
0,0.13607381
0,0.24739079
0,0.21645202
0,0.3296478
0,0.2312585
0,0.31249267
0,0.19978608
0,0.2403534
0,0.16451316
0,0.1801406
0,0.15634069
0,0.13883662
0,0.13037384
0,0.12450585
0,0.12202517
0,0.11977099
0,0.12513751
0,0.21546356
0,0.19332162
0,0.15945303
0,0.15418462
0,0.20632112
0,0.16104697
0,0.14377101
0,0.14383356
0,0.14730273
0,0.13881205
0,0.14803854
0,0.1374069
0,0.13950127
0,0.13924138
0,0.16504739
0,0.17450257
0,0.32519612
0,0.28735107
0,0.48279095
0,0.39967468
0,0.48468366
0,0.33338302
0,0.25229076
0,0.19771843
0,0.20713264
0,0.15955524
0,0.14767255
0,0.14019434
0,0.13584952
0,0.14895283
0,0.15956847
0,0.16378407
0,0.1538576
1,0.15276654
1,0.1476311
1,0.14476778
1,0.2016928
1,0.17292993
1,0.19909476
1,0.1678575
1,0.15340619
1,0.14727771
1,0.1383575
1,0.13430886
1,0.13006832
1,0.13349584
1,0.13867646
1,0.14405808
0,0.93220806
0,0.84206367
0,0.7325882
0,0.6369237
0,0.68141484
0,0.49342933
0,0.37705204
0,0.31884846
0,0.25709757
0,0.20445116
0,0.17366736
0,0.16603069
0,0.15241764
0,0.15885663
0,0.15450098
0,0.1531482
0,0.2850206
0,0.22648074
0,0.36614707
0,0.26820603
0,0.348106
0,0.23492946
0,0.27117753
0,0.20773949
0,0.20494206
0,0.17039149
0,0.15730456
0,0.14601268
0,0.13229051
0,0.13024846
0,0.1403438
0,0.13770035
0,0.14130948
0,0.140186
0,0.18859844
0,0.1540389
0,0.14954974
0,0.14332266
0,0.13793646
0,0.13988943
0,0.14073072
0,0.14530827
0,0.14697139
0,0.15030302
0,0.14925613
0,0.16218622
0,0.3142325
0,0.2916938
0,0.4432649
0,0.36081284
0,0.5415969
0,0.44634905
0,0.5656537
0,0.43579563
0,0.35893363
0,0.26568514
0,0.233746
0,0.18723959
0,0.16044623
0,0.14386344
0,0.13480124
0,0.13531005
0,0.12650421
0,0.13018762
0,0.15633328
0,0.14044431
0,0.18900745
0,0.15160428
0,0.1419418
0,0.13725147
0,0.15999709
0,0.14656156
0,0.1362466
0,0.1425967
0,0.14935026
0,0.14338143
0,0.15361972
0,0.16274324
0,0.30647057
0,0.2778226
0,0.44382912
0,0.3586165
0,0.3101488
0,0.25304982
0,0.20416813
0,0.18793003
0,0.20662743
0,0.17410007
0,0.17562027
0,0.16575608
0,0.15769191
0,0.15428405
0,0.16287284
0,0.159841
0,0.15727669
0,0.15423405
0,0.15311956
0,0.14781015
0,0.2043519
0,0.17248388
0,0.20959237
0,0.18097302
0,0.20033042
0,0.17300625
0,0.1727285
0,0.1742087
0,0.17306376
0,0.18159425
0,0.21080072
0,0.2275429
0,0.47182533
0,0.43510193
0,0.58089554
0,0.4809749
0,0.56009126
0,0.45595443
0,0.47632474
0,0.3835278
0,0.28821447
0,0.24062693
0,0.19321778
0,0.16655365
0,0.14930956
0,0.14498658
0,0.14425379
0,0.14373152
0,0.25727198
0,0.21328555
0,0.3259808
0,0.22016989
0,0.17338337
0,0.17152795
0,0.21511689
0,0.17138341
0,0.16061938
0,0.1468042
0,0.14572467
0,0.14531149
0,0.14507474
0,0.14411066
0,0.1423107
0,0.14202389
0,0.14575227
0,0.14190991
0,0.13710788
0,0.13650809
0,0.17967054
0,0.15143958
0,0.16968475
0,0.14817926
0,0.14314455
0,0.14401805
0,0.14116946
0,0.13916075
0,0.13611321
0,0.14224452
0,0.15550081
0,0.16539007
0,0.17352045
0,0.1757065
0,0.16606104
0,0.17084214
0,0.1927767
0,0.18811633
0,0.1766935
0,0.17963484
0,0.18038453
0,0.18800114
0,0.20390901
0,0.2136975
0,0.20516448
0,0.20675467
0,0.21130681
0,0.212845
0,0.21980856
0,0.2327248
0,0.25767797
0,0.26461485
0,0.34922594
0,0.29391533
0,0.2824759
0,0.3001193
0,0.3035895
0,0.30288997
0,0.28655618
0,0.2964111
0,0.28539428
0,0.29241824
0,0.277479
0,0.28065777
0,0.45183155
0,0.3814953
0,0.34295422
0,0.33048153
0,0.30820802
0,0.3169665
0,0.29551432
0,0.289849
0,0.2823438
0,0.28504592
0,0.28524634
0,0.28609312
0,0.27497122
0,0.272614
0,0.26598865
0,0.24571818
0,0.34599426
0,0.28304133
0,0.38085958
0,0.26646778
0,0.3023374
0,0.21917245
0,0.2487178
0,0.19551541
0,0.18804803
0,0.16276038
0,0.1533913
0,0.22802947
0,0.2191816
0,0.20224218
0,0.4509935
0,0.3962223
0,0.501299
0,0.33425865
0,0.3970972
0,0.24633996
0,0.28056663
0,0.18225421
0,0.21058409
0,0.20902807
0,0.2058788
0,0.1943082
0,0.18156797
0,0.16687319
0,0.15070581
0,0.13782036
0,0.13472964
0,0.13002208
0,0.24039704
0,0.20638208
0,0.31130672
0,0.23917054
0,0.26584622
0,0.18342578
0,0.19563235
0,0.15643844
0,0.14977325
0,0.14959444
0,0.13793047
0,0.14258878
0,0.15116896
0,0.16716081
0,0.15789044
0,0.1583563
0,0.25291842
0,0.18863067
0,0.16918658
0,0.1519408
0,0.1394172
0,0.13324928
0,0.14668283
0,0.1361366
0,0.14245567
0,0.15311356
0,0.15681542
0,0.16269746
0,0.260808
0,0.20584053
0,0.17426914
0,0.15910695
0,0.15383777
0,0.14615901
0,0.14831434
0,0.14730293
0,0.1897575
0,0.18140839
0,0.19055788
0,0.17340614
0,0.16221626
0,0.14642562
0,0.13997933
0,0.13562307
0,0.13146459
0,0.13963206
0,0.14009565
0,0.14710666
0,0.21657878
0,0.18161553
0,0.2213976
0,0.17153785
0,0.20953545
0,0.18119393
0,0.18692271
0,0.16797756
0,0.16195461
0,0.1506753
0,0.37163287
0,0.3957769
0,0.3163226
0,0.23295636
0,0.40732095
0,0.3020403
0,0.2233395
0,0.17423919
0,0.16400743
0,0.1565
0,0.18159144
0,0.14749265
0,0.15694761
0,0.14416316
0,0.13708654
0,0.13196535
0,0.13334642
0,0.13158852
0,0.12814446
0,0.13462354
0,0.13583943
0,0.14356509
0,0.23795487
0,0.20335987
0,0.30316606
0,0.32899866
0,0.35033518
0,0.31205136
0,0.28882748
0,0.23793471
0,0.22682878
0,0.17714328
0,0.16090688
0,0.15991071
0,0.15059283
0,0.14273515
0,0.26309404
0,0.21477209
0,0.16322598
0,0.14704926
0,0.19147469
0,0.15429032
0,0.14180149
0,0.13664484
0,0.1318575
0,0.12700066
0,0.12176364
0,0.13135739
0,0.13934492
0,0.15463264
0,0.28087327
0,0.24810992
0,0.40667847
0,0.309686
0,0.24163061
0,0.20588098
0,0.2683222
0,0.19427109
0,0.20568796
0,0.16168442
0,0.16271426
0,0.1528176
0,0.14487427
0,0.14048538
0,0.13318856
0,0.12822919
0,0.22738487
0,0.193132
0,0.33682767
0,0.25048974
0,0.19500731
0,0.17019546
0,0.14351575
0,0.13564464
0,0.1300663
0,0.13408853
0,0.13182575
0,0.12826541
0,0.138645
0,0.13624947
0,0.14730795
0,0.15457699
0,0.15881601
0,0.15900464
0,0.24875496
0,0.20399155
0,0.29208645
0,0.25318095
0,0.30301428
0,0.23110136
0,0.2290862
0,0.18812525
0,0.20787929
0,0.18742037
0,0.17798935
0,0.16459821
0,0.16954319
0,0.15963478
0,0.1600746
0,0.15110525
0,0.13905032
0,0.1339592
0,0.19874085
0,0.16896243
0,0.19128934
0,0.16888416
0,0.15947154
0,0.15517247
0,0.15547132
0,0.15368097
0,0.14444585
0,0.14198886
0,0.13946001
0,0.13534287
0,0.22715893
0,0.1935584
0,0.32937223
0,0.26883748
0,0.37402803
0,0.37404937
0,0.39823857
0,0.3271696
0,0.31517315
0,0.23082474
0,0.17653766
0,0.16181582
0,0.14190303
0,0.13251756
0,0.13582426
0,0.13499467
0,0.14585227
0,0.13541192
0,0.13026619
0,0.13280842
0,0.13221096
0,0.12531306
0,0.1319626
0,0.13337824
0,0.14539984
0,0.13938645
0,0.14644273
0,0.14783508
0,0.14865802
0,0.15846469
0,0.15621883
0,0.16213146
0,0.18006153
0,0.18842094
0,0.27550888
0,0.2440469
0,0.27127725
0,0.28666738
0,0.35623762
0,0.37702602
0,0.38472736
0,0.4331197
0,0.4092163
0,0.38559678
0,0.37927362
0,0.36519936
0,0.33829525
0,0.27499253
0,0.41360447
0,0.3059647
0,0.37125587
0,0.23958877
0,0.19229561
0,0.16427523
0,0.14424634
0,0.13631028
0,0.13136967
0,0.12905465
0,0.12839189
0,0.12460683
0,0.12485783
0,0.12977982
0,0.22009929
0,0.19458123
0,0.16420482
0,0.15493268
0,0.15164533
0,0.14361171
0,0.1740226
0,0.150855
0,0.18699701
0,0.17043501
0,0.17002685
0,0.15541366
0,0.14866002
0,0.15863301
0,0.15600789
0,0.15806554
0,0.16652697
0,0.16730437
0,0.16195673
0,0.15028027
0,0.21771455
0,0.17973116
0,0.18298542
0,0.18714944
0,0.21210426
0,0.21957617
0,0.4877992
0,0.47648185
0,0.388711
0,0.34724537
0,0.328245
0,0.28425905
0,0.5051264
0,0.41046536
0,0.3845935
0,0.35781133
0,0.3104333
0,0.28090104
0,0.31880042
0,0.2610637
0,0.23412795
0,0.20720288
0,0.18632281
0,0.17434664
0,0.17101271
0,0.16889663
0,0.16783278
0,0.17628267
0,0.37114808
0,0.32626158
0,0.35565433
0,0.3655986
0,0.36399797
0,0.3104628
0,0.23828621
0,0.20822477
0,0.19838722
0,0.19924155
0,0.20740747
0,0.2037719
0,0.19764303
0,0.19591017
0,0.19129437
0,0.18257445
0,0.31546098
0,0.24058485
0,0.33871585
0,0.23660205
0,0.32514238
0,0.27235603
0,0.24832161
0,0.21419698
0,0.2323803
0,0.21996814
0,0.20155388
0,0.22539319
0,0.2661799
0,0.27886468
0,0.23575388
0,0.2120393
0,0.2280015
0,0.2558788
0,0.2543052
0,0.26151007
0,0.3171953
0,0.24673556
0,0.27017564
0,0.21017464
0,0.20111093
0,0.16678354
0,0.15628405
0,0.14626263
0,0.13745905
0,0.13603349
0,0.1287154
0,0.13974124
0,0.13810945
0,0.13961047
0,0.20382491
0,0.1662601
0,0.1466371
0,0.13956124
0,0.28940955
0,0.2779734
0,0.274146
0,0.2465485
0,0.23623066
0,0.25120908
0,0.17818442
0,0.15546353
0,0.15517804
0,0.14092493
0,0.24100593
0,0.19562574
0,0.20494725
0,0.18013169
0,0.26262593
0,0.2549242
0,0.29109058
0,0.25953394
0,0.24785212
0,0.21617994
0,0.17743205
0,0.16060477
0,0.17182018
0,0.15551582
0,0.1434205
0,0.13574179
0,0.21919847
0,0.17493422
0,0.1500984
0,0.13916893
0,0.17790498
0,0.16364732
0,0.15378235
0,0.14977035
0,0.15564916
0,0.1456062
0,0.13671342
0,0.13726006
0,0.14985889
0,0.15085095
0,0.14660774
0,0.14243542
0,0.13742837
0,0.13954948
0,0.151861
0,0.1572017
0,0.19359133
0,0.17937565
0,0.17078035
0,0.17271534
0,0.18934537
0,0.18316305
0,0.18069473
0,0.20075616
0,0.43468264
0,0.42757517
0,0.30550683
0,0.25813246
0,0.4525585
0,0.35288683
0,0.3087329
0,0.29052365
0,0.32135287
0,0.32965836
0,0.38900068
0,0.41750282
0,0.38588542
0,0.34124458
0,0.32349142
0,0.33269712
0,0.36945012
0,0.3905781
0,0.40243295
0,0.46718952
0,0.48354122
0,0.5017952
0,0.48638836
0,0.4921406
0,0.38494372
0,0.34594128
0,0.33072993
0,0.26768
0,0.22388138
0,0.19301076
0,0.18853986
0,0.19023398
0,0.18838222
0,0.22777468
0,0.19606364
0,0.17829321
0,0.26291418
0,0.18547963
0,0.24132279
0,0.17827016
0,0.19881028
0,0.1578847
0,0.17084962
0,0.1568631
0,0.14957157
0,0.14986616
0,0.14020096
0,0.13702461
0,0.13193645
0,0.13846008
0,0.21436603
0,0.18260388
0,0.28513926
0,0.20347637
0,0.18564768
0,0.17543796
0,0.1545985
0,0.1535727
0,0.15553929
0,0.13893229
0,0.14079134
0,0.14578275
0,0.13626692
0,0.13529088
0,0.1357823
0,0.13600947
0,0.24737203
0,0.21414371
0,0.4257877
0,0.35502604
0,0.2812153
0,0.22127688
0,0.18043804
0,0.1594346
0,0.18271522
0,0.1709407
0,0.15871304
0,0.15334205
0,0.15672486
0,0.15321277
0,0.14549348
0,0.15164572
0,0.2660974
0,0.20389701
0,0.18936396
0,0.18651612
0,0.25489476
0,0.23521465
0,0.2717716
0,0.24885298
0,0.22596018
0,0.22314608
0,0.18467014
0,0.17001846
0,0.14707738
0,0.14853097
0,0.14655918
0,0.14379732
0,0.2702536
0,0.23176213
0,0.24621852
0,0.2111889
0,0.27740157
0,0.23420233
0,0.20614313
0,0.19509049
0,0.18579501
0,0.1632067
0,0.16981205
0,0.18032187
0,0.1773694
0,0.17172998
0,0.1703654
0,0.16344029
0,0.32564214
0,0.26866844
0,0.21976651
0,0.20079899
0,0.23514722
0,0.16931471
0,0.19215775
0,0.15775363
0,0.16456996
0,0.19805796
0,0.20917052
0,0.22653614
0,0.26857573
0,0.33767456
0,0.60246634
0,0.7190906
0,0.61614835
0,0.552799
0,0.6329829
0,0.53885823
0,0.52969813
0,0.4431283
0,0.41213486
0,0.3374516
0,0.30813238
0,0.2827807
0,0.29864073
0,0.30129325
0,0.31239426
0,0.3131395
0,0.33323872
0,0.32952943
0,0.4466301
0,0.3198997
0,0.28921518
0,0.32366645
0,0.31886306
0,0.2743176
0,0.25519818
0,0.22344878
0,0.2828963
0,0.32835895
0,0.36775455
0,0.37448135
0,0.30869967
0,0.2981834
0,0.27889612
0,0.27669632
0,0.25896013
0,0.22778235
0,0.22533228
0,0.22597988
0,0.2826678
0,0.27177882
0,0.25834024
0,0.2754339
0,0.28425574
0,0.28594825
0,0.30021822
1,0.3155171
1,0.32524243
1,0.33194464
1,0.32884067
1,0.3304053
1,0.4470985
1,0.4006651
1,0.4953231
1,0.47664282
1,0.51288164
1,0.5409602
1,0.4853297
1,0.45577183
1,0.4646713
1,0.50672
1,0.9606855
1,0.8678796
1,0.83757955
1,0.78079516
1,0.75446784
1,0.75090384
1,0.75773984
0,0.98214275
0,0.94017076
0,0.9321495
0,0.9125037
0,0.889863
0,0.8950475
0,0.8841021
0,0.87302333
0,0.87604314
0,0.8745659
0,0.8857053
0,0.8897821
0,0.87085986
0,0.91343933
0,0.8889977
0,0.8667123
0,0.86098754
0,0.8541066
0,0.8692217
0,0.87602174
0,0.86597437
0,0.81873363
0,0.7635176
0,0.6814804
0,0.6719514
0,0.6588126
0,0.6609859
0,0.7968001
0,0.6843589
0,0.57654023
0,0.526627
0,0.5912242
0,0.50040615
0,0.5282426
0,0.44712865
0,0.47391257
0,0.41062418
0,0.35544017
0,0.3220937
0,0.34299406
0,0.3617367
0,0.32371008
0,0.30431083
0,0.3138784
0,0.31071377
0,0.43613067
0,0.31111482
0,0.281672
0,0.27981034
0,0.2780553
0,0.26545393
0,0.25774562
0,0.2719676
0,0.32981303
0,0.37031034
0,0.36716267
0,0.36918953
0,0.40457556
0,0.46650484
0,0.4258228
0,0.4244495
0,0.5828417
0,0.5577911
0,0.51124036
0,0.5641836
0,0.56232965
0,0.51604617
0,0.4670553
0,0.41035563
0,0.41377124
0,0.4047341
0,0.35041335
0,0.37506968
0,0.3090993
0,0.26364326
0,0.25665557
0,0.27520818
0,0.27915317
0,0.2993388
0,0.3304265
0,0.3683167
0,0.42914316
0,0.4168663
0,0.34078014
0,0.30632704
0,0.32159886
0,0.30023378
0,0.2762333
0,0.28857142
0,0.33370528
0,0.37568587
0,0.5670559
0,0.47909454
0,0.58662367
0,0.46294165
0,0.37011316
0,0.30438194
0,0.33994824
0,0.2684154
0,0.29127094
0,0.24603528
0,0.2255306
0,0.20876852
0,0.17203061
0,0.15974538
0,0.14583275
0,0.13464555
0,0.24110329
0,0.20033748
0,0.31374055
0,0.21499915
0,0.28384903
0,0.19461139
0,0.16635397
0,0.15611085
0,0.1722651
0,0.16185124
0,0.15894233
0,0.154573
0,0.14933011
0,0.13694736
0,0.14057782
0,0.13526364
0,0.22403543
0,0.18278745
0,0.285388
0,0.18799853
0,0.27320936
0,0.22335686
0,0.16353387
0,0.15143164
0,0.14197798
0,0.13668698
0,0.12696141
0,0.12736748
0,0.12864964
0,0.13560732
0,0.14297333
0,0.15322602
0,0.2647484
0,0.21276197
0,0.17688295
0,0.16339648
0,0.21310838
0,0.16659428
0,0.1548116
0,0.14283769
0,0.13649112
0,0.13957804
0,0.14969166
0,0.1523802
0,0.14559667
0,0.13982439
0,0.15291019
0,0.15518849
0,0.2834924
0,0.22878149
0,0.3412669
0,0.2224997
0,0.29019377
0,0.21367377
0,0.24935167
0,0.17869504
0,0.17748637
0,0.15690784
0,0.14046666
0,0.13794398
0,0.1392817
0,0.13896449
0,0.14863102
0,0.14441109
0,0.26004237
0,0.21135323
0,0.35621214
0,0.31076398
0,0.39503425
0,0.31695724
0,0.2326927
0,0.20254149
0,0.19374718
0,0.16874568
0,0.14990813
0,0.13999648
0,0.1304153
0,0.12981978
0,0.24079631
0,0.20156883
0,0.16374381
0,0.15234765
0,0.1511247
0,0.14014962
0,0.13302043
0,0.12941411
0,0.14833014
0,0.13946766
0,0.14423554
0,0.14725094
0,0.14808097
0,0.14675735
0,0.14196482
0,0.14801945
0,0.30772072
1,0.27942422
1,0.2816453
1,0.30402228
1,0.44331467
1,0.39248058
1,0.44388843
1,0.35091332
1,0.26344937
1,0.21210952
1,0.19801322
1,0.16725479
1,0.15316324
1,0.15549117
1,0.18186115
1,0.18666065
0,0.94670975
0,0.8789602
0,0.7483164
0,0.67835283
0,0.59961057
0,0.5323464
0,0.47715738
0,0.45003867
0,0.41896456
0,0.33490682
0,0.2879513
0,0.2470168
0,0.23933563
0,0.21998422
0,0.2056352
0,0.20303497
0,0.20499727
0,0.21786739
0,0.21820022
0,0.23764735
0,0.37275654
0,0.30930358
0,0.26787883
0,0.22191359
0,0.23539002
0,0.18629469
0,0.16701943
0,0.17120762
0,0.14312975
0,0.15105775
0,0.21083462
0,0.17134786
0,0.29781842
0,0.21683843
0,0.3505129
0,0.2338083
0,0.18993813
0,0.17699052
0,0.21223505
0,0.17612608
0,0.17351429
0,0.14866592
0,0.13919184
0,0.14028062
0,0.13450149
0,0.13160162
0,0.12793905
0,0.12862617
0,0.13238809
0,0.13066664
0,0.18816122
0,0.151439
0,0.1909352
0,0.17609921
0,0.19756997
0,0.17203827
0,0.15207891
0,0.14130677
0,0.14713775
0,0.14804745
0,0.1486258
0,0.14780049
0,0.150729
0,0.1587434
0,0.18847482
0,0.18971007
0,0.17288996
0,0.17543367
0,0.17564285
0,0.17163044
0,0.16561769
0,0.17460518
0,0.18649472
0,0.17491157
0,0.1775212
0,0.17016621
0,0.16587359
0,0.1690006
0,0.31660733
0,0.27583012
0,0.21507281
0,0.2079133
0,0.21093725
0,0.19496064
0,0.2560239
0,0.1907832
0,0.22245058
0,0.16945149
0,0.15590002
0,0.14919849
0,0.14216995
0,0.14044762
0,0.13137366
0,0.13471961
0,0.24636078
0,0.3524062
0,0.24070042
0,0.19068855
0,0.17847256
0,0.210064
0,0.21587516
0,0.18350837
0,0.20460391
0,0.17278984
0,0.17437261
0,0.16158646
0,0.15727307
0,0.15933095
0,0.17611268
0,0.16146803
0,0.40773237
0,0.39554742
0,0.36407182
0,0.37244895
0,0.45378527
0,0.33114713
0,0.41458988
0,0.34592757
0,0.31208512
0,0.24381271
0,0.21380416
0,0.1721492
0,0.16093248
0,0.14919679
0,0.15006225
0,0.16775236
0,0.34143502
0,0.28292504
0,0.45564857
0,0.37165788
0,0.494957
0,0.44602242
0,0.43777853
0,0.32995716
0,0.30923903
0,0.22834285
0,0.21591423
0,0.18068963
0,0.15609533
0,0.15167113
0,0.14545566
0,0.13809134
0,0.2565672
0,0.20679116
0,0.31497207
0,0.20663983
0,0.27918836
0,0.18791796
0,0.22801
0,0.16402653
0,0.15191568
0,0.14270876
0,0.14094757
0,0.13309042
0,0.12677221
0,0.12692967
0,0.12599893
0,0.12812674
0,0.1303977
0,0.13099426
0,0.2178875
0,0.18056269
0,0.28489637
0,0.287445
0,0.2419459
0,0.24794653
0,0.20718308
0,0.1831096
0,0.15932243
0,0.15193212
0,0.1456471
0,0.13878413
0,0.14502312
0,0.1412267
0,0.26261586
0,0.21224019
0,0.1807035
0,0.15916215
0,0.20480093
0,0.15900347
0,0.14602606
0,0.13713206
0,0.14585537
0,0.13470973
0,0.1351397
0,0.13077867
0,0.12757213
0,0.13073191
0,0.13305795
0,0.14014918
0,0.15035313
0,0.16473581
0,0.19295254
0,0.2108024
0,0.21313788
0,0.21914889
0,0.2586003
0,0.2487954
0,0.23814386
0,0.24527325
0,0.26153937
0,0.25827968
0,0.26402405
0,0.2656982
0,0.4964506
0,0.42638308
0,0.34663445
0,0.32177076
0,0.3019282
0,0.29171583
0,0.3092457
0,0.31123984
0,0.35526553
0,0.31126288
0,0.31633
0,0.27453825
0,0.24486785
0,0.22237821
0,0.21369256
0,0.18924613
0,0.39611724
0,0.3824263
0,0.3255245
0,0.3746795
0,0.31923178
0,0.27161512
0,0.25291875
0,0.20911756
0,0.15334335
0,0.14578228
0,0.14933173
0,0.14542706
0,0.14560245
0,0.14397356
0,0.1452913
0,0.13529946
0,0.13145939
0,0.13472961
0,0.20287466
0,0.1627716
0,0.1543497
0,0.15111837
0,0.14471228
0,0.13816994
0,0.14128573
0,0.1440557
0,0.15404601
0,0.15149425
0,0.14634709
0,0.1505578
0,0.17331259
0,0.17321552
0,0.3117911
0,0.26441264
0,0.23042446
0,0.23253728
0,0.21044789
0,0.24106991
0,0.21916789
0,0.20798343
0,0.23455189
0,0.27902988
0,0.23754492
0,0.19619277
0,0.17287374
0,0.15656383
0,0.35025072
0,0.3005128
0,0.26690686
0,0.20768107
0,0.16568007
0,0.15190074
0,0.1362957
0,0.13238344
0,0.13392101
0,0.12471667
0,0.14449473
0,0.14462684
0,0.14371832
0,0.13755625
0,0.14667232
0,0.14841865
0,0.16019623
0,0.15126309
0,0.13933416
0,0.13812466
0,0.13383646
0,0.13542633
0,0.13737541
0,0.1478194
0,0.14755856
0,0.15511091
0,0.1683151
0,0.178879
0,0.20316239
0,0.217482
0,0.26439044
0,0.2785658
0,0.2842548
0,0.27118054
0,0.43716282
0,0.356374
0,0.47458968
0,0.35917923
0,0.32259998
0,0.30534613
0,0.29782224
0,0.28897953
0,0.29416624
0,0.30095398
0,0.30591142
0,0.29292136
0,0.27381906
0,0.2654088
0,0.24903679
0,0.22451748
0,0.32832643
0,0.24968442
0,0.36858964
0,0.2683044
0,0.3308539
0,0.22996767
0,0.1686004
0,0.15889992
0,0.16615205
0,0.15064213
0,0.14355752
0,0.14207886
0,0.13378419
0,0.1367848
0,0.13659608
0,0.14101864
0,0.14065166
0,0.14669783
0,0.15030594
0,0.14848292
0,0.1474499
0,0.15557648
0,0.16056965
0,0.16380262
0,0.17742693
0,0.18727736
0,0.17495781
0,0.17902504
0,0.20008928
0,0.21304324
0,0.4694845
0,0.44375953
0,0.44454297
0,0.41943684
0,0.42424348
0,0.41428903
0,0.405634
0,0.33638427
0,0.30311686
0,0.2943012
0,0.20907278
0,0.17256814
0,0.15684669
0,0.14802973
0,0.1365258
0,0.13856827
0,0.26719442
0,0.22546409
0,0.19658235
0,0.1743176
0,0.25352874
0,0.17380139
0,0.2150654
0,0.16400437
0,0.1477555
0,0.13890304
0,0.13073905
0,0.1343439
0,0.12656985
0,0.12853938
0,0.13728508
0,0.14017768
0,0.26646036
0,0.22744796
0,0.17671214
0,0.1578839
0,0.16017048
0,0.1580067
0,0.21557125
0,0.19669801
0,0.2081954
0,0.23091805
0,0.20595303
0,0.17391503
0,0.15667045
0,0.14665546
0,0.14615579
0,0.15183535
0,0.14636353
0,0.14437349
0,0.23524185
0,0.18055333
0,0.16996984
0,0.15451005
0,0.14276458
0,0.13644454
0,0.13544777
0,0.13895576
0,0.13909456
0,0.14407
0,0.14851221
0,0.15448429
0,0.17116381
0,0.17656335
0,0.18812878
0,0.19141595
0,0.20263043
0,0.21714744
0,0.2479051
0,0.26007694
0,0.2752217
0,0.2882367
0,0.31545547
0,0.29886237
0,0.29622787
0,0.32347086
0,0.31734747
0,0.3344674
0,0.3201374
0,0.33443612
0,0.3166049
0,0.30055702
0,0.280492
0,0.27768734
0,0.2770943
0,0.2847606
0,0.35253918
0,0.33054242
0,0.2878941
0,0.26369622
0,0.23914643
0,0.21778956
0,0.2099643
0,0.20686448
0,0.19621457
0,0.19331497
0,0.32483926
0,0.27007797
0,0.2718558
0,0.27041072
0,0.25498453
0,0.2655012
0,0.3300829
0,0.31251505
0,0.3189079
0,0.28899518
0,0.23375827
0,0.18626568
0,0.1892212
0,0.17841326
0,0.20696501
0,0.21349084
0,0.17119022
0,0.16262138
0,0.26317024
0,0.1993219
0,0.16959603
0,0.1551271
0,0.15364666
0,0.15355197
0,0.15442692
0,0.15118796
0,0.15109056
0,0.14955539
0,0.15851338
0,0.15076189
0,0.14245112
0,0.13650462
0,0.2294837
0,0.18308963
0,0.192124
0,0.19064437
0,0.19302791
0,0.1906603
0,0.17353089
0,0.16186905
0,0.1715735
0,0.15352944
0,0.1505533
0,0.13867894
0,0.13582213
0,0.13498452
0,0.23226431
0,0.18862957
0,0.16820079
0,0.15139818
0,0.20626412
0,0.16140735
0,0.19553737
0,0.15894492
0,0.14415754
0,0.13656178
0,0.1424393
0,0.13149978
0,0.12683627
0,0.12882945
0,0.13047914
0,0.13353373
0,0.13366489
0,0.13963495
0,0.15262735
0,0.16107737
0,0.16384745
0,0.17667241
0,0.21338938
0,0.28342667
0,0.21284589
0,0.19023684
0,0.19979987
0,0.18187967
0,0.1802543
0,0.18864015
0,0.2473496
0,0.25646088
0,0.2583053
0,0.26078463
0,0.26411703
0,0.26139003
0,0.2574823
0,0.27259415
0,0.26865008
0,0.2748661
0,0.28205064
0,0.28260836
0,0.29331353
0,0.28167367
0,0.28169525
0,0.27648196
0,0.2871807
0,0.296192
0,0.27083123
0,0.28893763
0,0.29929793
0,0.28800663
0,0.29360974
0,0.2863472
0,0.30652422
0,0.29092693
0,0.27566996
0,0.29579952
0,0.29851818
0,0.29766622
0,0.2841112
0,0.29569966
0,0.2771054
0,0.27852464
0,0.5065919
0,0.4293066
0,0.5368754
0,0.4009126
0,0.3450458
0,0.3170051
0,0.36266798
0,0.2856622
0,0.2999893
0,0.2582455
0,0.25140586
0,0.24109308
0,0.20103732
0,0.18639722
0,0.16232668
0,0.15638924
0,0.14741915
0,0.14645
0,0.14579104
0,0.14500937
0,0.13450019
0,0.13538405
0,0.1720746
0,0.16952835
0,0.18167661
0,0.16740006
0,0.16931987
0,0.1642857
0,0.15703762
0,0.16044284
0,0.19489655
0,0.20380858
0,0.24549638
0,0.24483576
0,0.260089
0,0.2704652
0,0.3033975
0,0.26725334
0,0.32015795
0,0.28931373
0,0.28460485
0,0.23300819
0,0.21798478
0,0.20468742
0,0.17857583
0,0.16925932
0,0.17325214
0,0.18146348
0,0.3188652
0,0.25749412
0,0.24364148
0,0.27283013
0,0.28105956
0,0.24605529
0,0.21928304
0,0.19381325
0,0.17528853
0,0.15912247
0,0.16025977
0,0.16177727
0,0.15339519
0,0.13944666
0,0.13812502
0,0.13964826
0,0.14422436
0,0.15037543
0,0.16179506
0,0.17624249
0,0.20896214
0,0.20840259
0,0.2685253
0,0.28727648
0,0.72205144
0,0.74011874
0,0.55707455
0,0.52125645
0,0.46971753
0,0.5145505
0,0.530602
0,0.5544064
0,0.58632106
0,0.64202106
0,0.68944514
0,0.6504093
0,0.5027143
0,0.45592132
0,0.42532283
0,0.382534
0,0.35930505
0,0.3249989
0,0.33176702
0,0.3030788
0,0.3243366
0,0.3018264
0,0.5120057
0,0.406327
0,0.4325996
0,0.41779554
0,0.3845196
0,0.3968397
0,0.33707172
0,0.2947385
0,0.279585
0,0.25063705
0,0.26269755
0,0.29119653
0,0.29519725
0,0.32149827
0,0.32844004
0,0.34458503
0,0.34214154
0,0.30565247
0,0.45667607
0,0.39117765
0,0.34715217
0,0.2998063
0,0.3862102
0,0.37277848
0,0.35508063
0,0.29933745
0,0.2716245
1,0.25351056
1,0.21785638
1,0.17096147
1,0.15173249
1,0.13923925
1,0.13001853
1,0.12615333
1,0.12272898
1,0.12258863
1,0.12273463
1,0.12388865
1,0.14339992
1,0.15377568
1,0.15624966
1,0.15283263
0,0.93889546
0,0.7969293
0,0.71283764
0,0.6566175
0,0.67622304
0,0.6952109
0,0.841726
0,0.7342786
0,0.66679525
0,0.6162267
0,0.5963682
0,0.568935
0,0.55048907
0,0.5233565
0,0.54825664
0,0.5397438
0,0.5353379
0,0.48867476
0,0.44488373
0,0.4095178
0,0.3733765
0,0.35152003
0,0.53803295
0,0.44440323
1,0.42332056
1,0.41677415
1,0.5100717
1,0.5048621
1,0.46426567
1,0.44485667
1,0.37475443
1,0.3308986
1,0.32164016
1,0.32119364
1,0.31832442
1,0.30734622
1,0.31020936
1,0.3113571
1,0.55720496
0,0.9670476
0,0.87540674
0,0.82082546
0,0.76849365
0,0.69858646
0,0.7116619
0,0.6768656
0,0.6300696
0,0.5733363
0,0.53104365
0,0.53652465
0,0.47924697
0,0.4978422
0,0.43399423
0,0.4324635
0,0.48663732
0,0.4606516
0,0.4995334
0,0.48907945
0,0.4771155
0,0.45757443
0,0.4552713
0,0.4530802
0,0.48425123
0,0.51402426
0,0.5742632
0,0.60335827
0,0.61371857
0,0.5858129
0,0.48113096
0,0.44627798
0,0.48592737
0,0.47530693
0,0.6050093
0,0.5990357
0,0.57447696
0,0.6208799
0,0.6549599
0,0.6449836
0,0.6182926
0,0.5922754
0,0.4979794
0,0.4626429
0,0.44137356
0,0.40915638
0,0.35012856
0,0.35136178
0,0.27676094
0,0.24639522
0,0.36014602
0,0.31944162
0,0.2937791
0,0.258922
0,0.21382211
0,0.19462767
0,0.19119796
0,0.17627768
0,0.17268978
0,0.15935262
0,0.1515229
0,0.14888375
0,0.15389091
0,0.16901252
0,0.28190678
0,0.21586274
0,0.3314262
0,0.26790333
0,0.22889233
0,0.19595318
0,0.21210471
0,0.1782521
0,0.17078443
0,0.15685463
0,0.14930263
0,0.15853477
0,0.15125237
0,0.15373203
0,0.15137534
0,0.14324278
0,0.19951041
0,0.1517536
0,0.19263189
0,0.15042725
0,0.17343716
0,0.14876868
0,0.1567596
0,0.14011613
0,0.1386878
0,0.13278705
0,0.12793638
0,0.1261535
0,0.1245443
0,0.12643546
0,0.13074265
0,0.13511176
0,0.1410358
0,0.15188803
0,0.16339208
0,0.17170899
0,0.21221432
0,0.20207033
0,0.22426698
0,0.22028002
0,0.22403239
0,0.22324604
0,0.2279252
0,0.24679014
0,0.24989668
0,0.2630884
0,0.44178164
0,0.3550276
0,0.48541805
0,0.362689
0,0.4584113
0,0.36430094
0,0.34555995
0,0.30785778
0,0.28171924
0,0.2675701
0,0.28119195
0,0.26351425
0,0.22096947
0,0.19666208
0,0.17711884
0,0.1719984
0,0.16420211
0,0.16879739
0,0.25483426
0,0.2076689
0,0.181548
0,0.16753614
0,0.1997713
0,0.17743744
0,0.1641996
0,0.1642023
0,0.1587171
0,0.15717293
0,0.16323139
0,0.15724953
0,0.16118209
0,0.16484149
0,0.28010795
0,0.21386361
1,0.30895212
1,0.23275396
1,0.18874606
1,0.1676351
1,0.19092081
1,0.1674464
1,0.14641483
1,0.1419715
1,0.1441837
1,0.14178264
1,0.1421031
1,0.15734114
1,0.2772781
1,0.23544644
1,0.2194065
0,0.9661695
0,0.8686758
0,0.77642494
0,0.82942814
0,0.68470037
0,0.58191466
0,0.47825572
0,0.36672914
0,0.30284643
0,0.3002646
0,0.28179416
0,0.20530164
0,0.17415926
0,0.19648229
0,0.1669974
0,0.17071149
0,0.16075172
0,0.1354617
0,0.12700252
0,0.18453749
0,0.14726111
0,0.16989556
0,0.14798485
0,0.13879502
0,0.13702127
0,0.13274524
0,0.13418719
0,0.13248721
0,0.13759743
0,0.1482633
0,0.28850183
0,0.4256863
0,0.32950345
0,0.45010844
0,0.3545089
0,0.41655502
0,0.3280887
0,0.36169294
0,0.32340792
0,0.27754107
0,0.2521636
0,0.23355182
0,0.2100348
0,0.18891534
0,0.19055645
0,0.32831872
0,0.2584646
0,0.39019823
0,0.26194733
0,0.37523684
0,0.23016869
0,0.2799178
0,0.19173595
0,0.19693312
0,0.16456902
0,0.15789995
0,0.14176798
0,0.13415818
0,0.13066885
0,0.13223088
0,0.12612517
0,0.21608263
0,0.17502174
0,0.27265608
0,0.18736759
0,0.28493574
0,0.22104613
0,0.18170688
0,0.16107215
0,0.16982757
0,0.14669637
0,0.1396438
0,0.13601635
0,0.13135031
0,0.13246857
0,0.12956293
0,0.13399082
0,0.14410205
0,0.14387488
0,0.20996621
0,0.17050995
0,0.15373014
0,0.14970246
0,0.14367989
0,0.14327812
0,0.1383926
0,0.13675918
0,0.14312594
0,0.15243924
0,0.16086973
0,0.17237207
0,0.23442231
0,0.2279833
0,0.26070958
0,0.25343937
0,0.3996642
0,0.32239667
0,0.401261
0,0.31383157
0,0.29514647
0,0.28559187
0,0.3116983
0,0.2842099
0,0.28497046
0,0.28380492
0,0.2704555
0,0.2752787
0,0.26532972
0,0.2718167
0,0.26714137
0,0.26772535
0,0.27581996
0,0.27150354
0,0.35243163
0,0.29787236
0,0.2882618
0,0.2974669
0,0.30375096
0,0.2754073
0,0.2756196
0,0.28257573
0,0.27913618
0,0.27374592
0,0.29296643
0,0.2924066
0,0.3153159
0,0.29877034
0,0.2915886
0,0.29749912
0,0.27683777
0,0.27416953
0,0.2745232
0,0.27522185
0,0.26283365
0,0.2599722
0,0.25539732
0,0.26838052
0,0.2667683
0,0.27684784
0,0.27481422
0,0.27442437
0,0.27761006
0,0.26964083
0,0.39328074
0,0.30891237
0,0.3958475
0,0.33425415
0,0.3716753
0,0.31672022
0,0.29966524
0,0.28314722
0,0.28176397
0,0.28968838
0,0.2812099
0,0.30179432
0,0.28218818
0,0.28615773
0,0.27388775
0,0.2656019
0,0.28447562
0,0.3007249
0,0.29461434
0,0.28739783
0,0.28330106
0,0.2769307
0,0.2816934
0,0.27172783
0,0.27714875
0,0.28219485
0,0.26321444
0,0.27025235
0,0.27874565
0,0.2816613
0,0.29249373
0,0.30050594
0,0.29584834
0,0.29689696
0,0.37984025
0,0.31775615
0,0.34901327
0,0.31789356
0,0.32298893
0,0.31186777
0,0.3017632
0,0.30143985
0,0.27973124
0,0.28726202
0,0.28856507
0,0.28254244
0,0.42369148
0,0.33379084
0,0.4872051
0,0.3701316
0,0.4180992
0,0.32354486
0,0.25297895
0,0.21125485
0,0.20599447
0,0.17841074
0,0.16831963
0,0.16006924
0,0.16047786
0,0.15846501
0,0.16452576
0,0.1714071
0,0.1791818
0,0.19446217
0,0.19751269
0,0.19989587
0,0.22158384
0,0.19321372
0,0.1861101
0,0.17750798
0,0.18161438
0,0.1920581
0,0.20363277
0,0.21416521
0,0.2143089
0,0.22069079
0,0.26252642
0,0.25539595
0,0.2829145
0,0.27858478
0,0.28560543
0,0.29374385
0,0.28621912
0,0.28146604
0,0.26665306
0,0.26702547
0,0.27951136
0,0.269948
0,0.2704317
0,0.27772045
0,0.2688175
0,0.2857684
0,0.4910002
0,0.41190037
0,0.384118
0,0.3522327
0,0.3640566
0,0.3846368
0,0.4506384
0,0.41071254
0,0.3286576
0,0.30807155
0,0.25970796
0,0.24312119
0,0.21554722
0,0.20231858
0,0.18425849
0,0.17767768
0,0.1614584
0,0.15737985
0,0.15582122
0,0.14933853
0,0.1609152
0,0.17364535
0,0.16874635
0,0.16614762
0,0.17012231
0,0.17367989
0,0.18200628
0,0.1884744
0,0.20438772
0,0.225514
0,0.260308
0,0.26940817
0,0.26257107
0,0.2732271
0,0.27169287
0,0.27607697
0,0.38727275
0,0.34169033
0,0.33934158
0,0.33354127
0,0.30584276
0,0.30374798
0,0.30669218
0,0.30434808
0,0.31226212
0,0.3019785
0,0.28807858
0,0.27378595
0,0.27177468
0,0.268388
0,0.311968
0,0.29787734
0,0.29487553
0,0.28972936
0,0.28916478
0,0.2983462
0,0.3259665
0,0.31394193
0,0.29743594
0,0.28899747
0,0.26578897
0,0.26853776
0,0.45182425
0,0.38417858
0,0.30560446
0,0.2649724
0,0.30419302
0,0.28577393
0,0.2892247
0,0.28662723
0,0.26228026
0,0.23924951
0,0.22744955
0,0.2145174
0,0.21102233
0,0.20592949
0,0.20262899
0,0.20252462
0,0.20907679
0,0.21898954
0,0.2905619
0,0.2278296
0,0.29976124
0,0.2236174
0,0.20564292
0,0.18733205
0,0.17506765
0,0.17024972
0,0.17573862
0,0.1752615
0,0.19277562
0,0.20161961
0,0.2843844
0,0.28739354
0,0.2823778
0,0.2800145
0,0.35196337
0,0.26101437
0,0.21103439
0,0.19040747
0,0.17571916
0,0.16765505
0,0.15415826
0,0.15433687
0,0.14801027
0,0.14830631
0,0.15852565
0,0.16426447
0,0.16458823
0,0.17579208
0,0.2191062
0,0.2229761
0,0.3164694
0,0.24546818
0,0.22445318
0,0.21192558
0,0.23312838
0,0.20223932
0,0.19252104
0,0.20040151
0,0.19438812
0,0.20186353
0,0.2100137
0,0.2243766
0,0.23608558
0,0.2587985
0,0.29915977
0,0.29529092
0,0.2920449
0,0.30042872
0,0.27317813
0,0.2763039
0,0.25146013
0,0.25014156
0,0.2653161
0,0.286804
0,0.32637542
0,0.32931998
0,0.33417192
0,0.3324244
0,0.2964959
0,0.29770276
0,0.30379552
0,0.2793389
0,0.28721213
0,0.26710385
0,0.26934874
0,0.25851598
0,0.2607294
0,0.26304588
0,0.27590126
0,0.26776996
0,0.25618643
0,0.2670585
0,0.25524345
0,0.26444414
0,0.24884263
0,0.2435249
0,0.23860684
0,0.24630553
0,0.26260555
0,0.25867873
0,0.2595221
0,0.26175237
0,0.26262715
0,0.25880986
0,0.2904148
0,0.28220844
0,0.28417218
0,0.2867907
0,0.30051386
0,0.3063781
0,0.28761184
0,0.2892412
0,0.2767928
0,0.28047246
0,0.39367366
0,0.30541784
0,0.30953202
0,0.2917752
0,0.34048063
0,0.31262887
0,0.32277557
0,0.3051876
0,0.29458907
0,0.2903738
0,0.30819887
0,0.31488138
0,0.29378384
0,0.3005507
0,0.43603522
0,0.3455427
0,0.3240915
0,0.2976847
0,0.2760279
0,0.2783153
0,0.2856808
0,0.26853704
0,0.24774578
0,0.2518508
0,0.23894815
0,0.24765047
0,0.2401331
0,0.24689342
0,0.24894015
0,0.25721598
0,0.2597269
0,0.2745467
0,0.26325762
0,0.27687684
0,0.27882445
0,0.26136902
0,0.26474866
0,0.269474
0,0.26982924
0,0.29173702
0,0.3510055
0,0.29605514
0,0.2851598
0,0.27888542
0,0.56645036
0,0.7126229
0,0.74266666
0,0.8395987
0,0.8943362
0,0.9231131
0,0.9293743
0,0.94316727
0,0.96730363
0,0.9736705
0,0.9266894
0,0.83749235
0,0.7943537
0,0.6482432
0,0.57737803
0,0.5977623
0,0.4744432
0,0.44137964
0,0.38419774
0,0.38074568
0,0.40726215
0,0.35624346
0,0.31150964
0,0.26526463
0,0.32651114
0,0.33599007
0,0.3472971
0,0.32515037
0,0.23547722
0,0.20398062
0,0.22769967
0,0.20339881
0,0.1966976
0,0.23415981
0,0.28680018
0,0.24100061
0,0.2800676
0,0.27992013
0,0.18499786
0,0.15585168
0,0.15972318
0,0.13722987
0,0.14389522
0,0.14277561
0,0.18907522
0,0.2202159
0,0.17640375
0,0.16288272
0,0.1549871
0,0.16132309
0,0.13756703
0,0.15249214
0,0.16755745
0,0.16060829
0,0.18866476
0,0.23729199
0,0.19257346
0,0.20842855
0,0.16306923
0,0.1629988
0,0.19982123
0,0.22795728
0,0.2910008
0,0.32871407
0,0.20954898
0,0.1669066
0,0.22494222
0,0.22296531
0,0.20643802
0,0.1779288
0,0.27013734
0,0.22526015
0,0.18114458
0,0.14877295
0,0.17693882
0,0.26070824
0,0.27398255
0,0.2384514
0,0.24643163
0,0.20077337
0,0.17129302
0,0.15254606
0,0.16981527
0,0.17640981
0,0.20768134
0,0.24653155
0,0.18503618
0,0.18294027
0,0.22671466
0,0.18552797
0,0.19871968
0,0.17401102
0,0.17364952
0,0.14689739
0,0.13793176
0,0.13450234
0,0.13397859
0,0.12906918
0,0.1427122
0,0.13490768
0,0.1502602
0,0.16669753
0,0.19887236
0,0.16760395
0,0.16726162
0,0.20475721
0,0.36500794
0,0.5797949
0,0.48687556
0,0.40644145
0,0.28619337
0,0.21884514
0,0.25086045
0,0.28113753
0,0.20668332
0,0.17127576
0,0.1529078
0,0.21013346
0,0.2736122
0,0.19225335
0,0.16618587
0,0.35378292
0,0.49450263
0,0.45073724
0,0.6288607
0,0.6655981
0,0.6138362
0,0.4680431
0,0.3264818
0,0.2672287
0,0.40101498
0,0.46527463
0,0.38766965
0,0.34814683
0,0.37539846
0,0.29597178
0,0.21847194
0,0.22851667
0,0.8381814
0,0.9552163
0,0.8713436
0,0.8150937
0,0.8458235
0,0.8106595
0,0.7546925
0,0.65527904
0,0.89181715
0,0.9380928
0,0.8918632
0,0.81078875
0,0.732996
0,0.6929502
0,0.6677923
0,0.771037
0,0.6144431
0,0.5127982
0,0.42645317
0,0.35653067
0,0.29201528
0,0.28692013
0,0.39649928
0,0.4199397
0,0.5421929
0,0.612831
0,0.6331115
0,0.63388944
0,0.45703802
0,0.45198038
0,0.2649252
0,0.21572249
0,0.2870964
0,0.3614031
0,0.34016627
0,0.30800325
0,0.25680688
0,0.4248553
0,0.3055199
0,0.2318893
0,0.23860942
0,0.23594852
0,0.23472263
0,0.1975373
0,0.16633962
0,0.18946438
0,0.43715942
0,0.575426
0,0.4234073
0,0.33865082
0,0.3013564
0,0.2490033
0,0.29935083
0,0.20338131
0,0.183332
0,0.16610317
0,0.25356045
0,0.23060961
0,0.17069735
0,0.18787587
0,0.16118026
0,0.15766391
0,0.1761811
0,0.21870694
0,0.20558809
0,0.17443609
0,0.16797088
0,0.19229767
0,0.17115524
0,0.15896009
0,0.13972943
0,0.1456608
0,0.17495112
0,0.16279842
0,0.25876522
0,0.30254287
0,0.26625407
0,0.24323566
0,0.26303387
0,0.31340018
0,0.20154382
0,0.17418222
0,0.20709427
0,0.29796982
0,0.23131318
0,0.24124153
0,0.22501454
0,0.19633804
0,0.19152097
0,0.17933758
0,0.18362924
0,0.17410043
0,0.15655401
0,0.1723695
0,0.15542482
0,0.13995276
0,0.14887592
0,0.14421691
0,0.15819767
0,0.15236731
0,0.1507229
0,0.15316467
0,0.16466762
0,0.16698186
0,0.18836072
0,0.16752955
0,0.18121415
0,0.17519021
0,0.18652698
0,0.19532332
0,0.15938422
0,0.16278082
0,0.49307686
0,0.7834292
0,0.88616955
0,0.8911181
0,0.88084155
0,0.84599024
0,0.9032763
0,0.8993879
0,0.8626487
0,0.7444825
0,0.97686857
0,0.9862335
0,0.9637526
0,0.9281397
0,0.8579279
0,0.8126186
0,0.81153816
0,0.6821077
0,0.7105912
0,0.6121787
0,0.61436635
0,0.60311157
0,0.5953726
0,0.5656595
0,0.48437127
0,0.46369147
0,0.5140567
0,0.5191755
0,0.5974351
0,0.6277989
0,0.69498765
0,0.7372558
0,0.55539685
0,0.63120645
0,0.58466804
0,0.5663774
0,0.44926056
0,0.42903873
0,0.3394858
0,0.2666913
0,0.14624687
0,0.12545264
0,0.13335353
0,0.13807447
0,0.16178365
0,0.16115518
0,0.16234042
0,0.16116314
0,0.16418086
0,0.14820886
0,0.19620603
0,0.25471324
0,0.35641435
0,0.3388028
0,0.26946914
0,0.29034775
0,0.25486913
0,0.27779928
0,0.20743719
0,0.17759033
0,0.17078815
0,0.16377594
0,0.15211579
0,0.15679203
0,0.1634697
0,0.15204513
0,0.14333823
0,0.1530422
0,0.14681385
0,0.13258325
0,0.15569152
0,0.15491882
0,0.15293638
0,0.15829694
0,0.16444382
0,0.15404285
0,0.16330263
0,0.15351073
0,0.13997713
0,0.13844042
0,0.14774667
0,0.13626878
0,0.13661869
0,0.14141887
0,0.15430787
0,0.16093051
0,0.15399681
0,0.18992741
0,0.29482126
0,0.4269342
0,0.37480268
0,0.49238348
0,0.53427124
0,0.39527264
0,0.4373535
0,0.61269456
0,0.5242996
0,0.40492538
0,0.3156936
0,0.27885014
0,0.30038077
0,0.25973123
0,0.28946143
0,0.25429308
0,0.19637476
0,0.21632677
0,0.24196321
0,0.28486577
0,0.18989477
0,0.16382247
0,0.17790596
0,0.16625738
0,0.14059345
0,0.1735512
0,0.16763839
0,0.1475635
0,0.16650136
0,0.14647527
0,0.16628118
0,0.21741669
0,0.28424716
0,0.24350019
0,0.1911753
0,0.18830991
0,0.24255344
0,0.24531573
0,0.19923986
0,0.20108403
0,0.17130873
0,0.18328327
0,0.1581164
0,0.15078044
0,0.14851768
0,0.14718927
0,0.15835604
0,0.16743164
0,0.18099238
0,0.19172077
0,0.19127442
0,0.15734826
0,0.14235802
0,0.13313796
0,0.18030696
0,0.19850929
0,0.21991529
0,0.24789649
0,0.19987464
0,0.18198776
0,0.1942771
0,0.19695303
0,0.19069621
0,0.15507168
0,0.16201879
0,0.15697661
0,0.1487141
0,0.14054821
0,0.15298666
0,0.14447773
0,0.1368557
0,0.13104199
0,0.13043119
0,0.13284868
0,0.1299943
0,0.13346301
0,0.14150012
0,0.1394032
0,0.14792328
0,0.1455994
0,0.14038686
0,0.13912095
0,0.16167538
0,0.16722764
0,0.1791405
0,0.17664829
0,0.23088282
0,0.21260945
0,0.31965396
0,0.33894286
0,0.3548033
0,0.3359083
0,0.3754721
0,0.42698148
0,0.31506962
0,0.35947785
0,0.3175459
0,0.2952247
0,0.30921978
0,0.32750708
0,0.2677883
0,0.22624484
0,0.17048675
0,0.20197605
0,0.17324981
0,0.14537567
0,0.16241367
0,0.16436796
0,0.203816
0,0.30780464
0,0.27240208
0,0.20489301
0,0.1924357
0,0.15378055
0,0.14779189
0,0.14696348
0,0.143492
0,0.14083382
0,0.1923449
0,0.15051003
0,0.15479155
0,0.14594795
0,0.13142318
0,0.1251597
0,0.123557165
0,0.12296523
0,0.12282779
0,0.12535122
0,0.13153851
0,0.13624273
0,0.14267181
0,0.14887936
0,0.15358678
0,0.16053593
0,0.1709142
0,0.17768541
0,0.20354322
0,0.21467927
0,0.24170215
0,0.27980986
0,0.2776929
0,0.28257766
0,0.28189996
0,0.2779094
0,0.30761957
0,0.29941747
0,0.30314386
0,0.29442775
0,0.3003164
0,0.29720232
0,0.2786208
0,0.27865583
0,0.27731678
0,0.285171
0,0.29928243
0,0.29509494
0,0.2961453
0,0.30830297
0,0.31218395
0,0.31102902
0,0.2940803
0,0.30437604
0,0.2848537
0,0.3034876
0,0.27983925
0,0.27667838
0,0.26915738
0,0.27095696
0,0.26089677
0,0.25471768
0,0.25891733
0,0.25706524
0,0.25321513
0,0.25299203
0,0.25765395
0,0.2591131
0,0.26794854
0,0.26543453
0,0.28780535
0,0.33804014
0,0.30270922
0,0.28472728
0,0.28697863
0,0.3286258
0,0.34711087
0,0.3223778
0,0.33306155
0,0.32363042
0,0.3453512
0,0.38194183
0,0.40366387
0,0.39874825
0,0.41809097
0,0.34536693
0,0.28828245
0,0.25244975
0,0.2350339
0,0.22341503
0,0.20487517
0,0.19890349
0,0.18346871
0,0.17342243
0,0.1721528
0,0.17222397
0,0.17271209
0,0.1776597
0,0.16285327
0,0.16394496
0,0.16353993
0,0.1676269
0,0.17377675
0,0.1813098
0,0.18238352
0,0.18911353
0,0.18609397
0,0.19208966
0,0.2007577
0,0.21050411
0,0.22531098
0,0.24910298
0,0.26297376
0,0.26179868
0,0.27819258
0,0.26988
0,0.26944953
0,0.2712951
0,0.26806793
0,0.27277818
0,0.28256473
0,0.26781717
0,0.26739073
0,0.2718844
0,0.26697916
0,0.25625277
0,0.26865846
0,0.2649699
0,0.2782305
0,0.2774447
0,0.26936597
0,0.2682379
0,0.27420703
0,0.27132204
0,0.26566264
0,0.26697123
0,0.3105899
0,0.33967143
0,0.3266959
0,0.3201277
0,0.3043262
0,0.28124148
0,0.2965304
0,0.3299839
0,0.32919952
0,0.3244088
0,0.31267026
0,0.30557567
0,0.36603096
0,0.40924236
0,0.42635414
0,0.353618
0,0.30583543
0,0.28825775
0,0.26568535
0,0.26144803
0,0.2503121
0,0.23916326
0,0.22689977
0,0.2159957
0,0.20911442
0,0.2110871
0,0.21302666
0,0.2165843
0,0.2223315
0,0.23312244
0,0.23290254
0,0.24262379
0,0.2502863
0,0.25992182
0,0.2653326
0,0.25615478
0,0.26000023
0,0.26821062
0,0.30964786
0,0.30366307
0,0.36267787
0,0.3474971
0,0.35339004
0,0.33681098
0,0.33952373
0,0.3398279
0,0.33921036
0,0.34377238
0,0.34277028
0,0.34103823
0,0.3377945
0,0.3267592
0,0.32031342
0,0.30336294
0,0.2616615
0,0.24637069
0,0.23161393
0,0.22232454
0,0.18622074
0,0.16846675
0,0.16038993
0,0.15609995
0,0.14704165
0,0.13837
0,0.14100677
0,0.13752082
0,0.14143486
0,0.1448256
0,0.15363082
0,0.15774372
0,0.16607417
0,0.17590646
0,0.19236231
0,0.19784015
0,0.20651326
0,0.21945763
0,0.22971132
0,0.2344796
0,0.2390628
0,0.2530832
0,0.25073498
0,0.2568046
0,0.2753264
0,0.2653557
0,0.26032352
0,0.26078615
0,0.28820094
0,0.29198736
0,0.31582487
0,0.30560786
0,0.28065833
0,0.2674719
0,0.29287446
0,0.29651973
0,0.30050159
0,0.31052458
0,0.33897132
0,0.34314364
0,0.33649817
0,0.31667942
0,0.2988572
0,0.28858215
0,0.3035729
0,0.27637193
0,0.28273383
0,0.292984
0,0.28823137
0,0.30108052
0,0.28934726
0,0.28661478
0,0.28098452
0,0.2837522
0,0.30304307
0,0.28263018
0,0.27949354
0,0.2730441
0,0.28138742
0,0.28705168
0,0.26900998
0,0.28022936
0,0.27539372
0,0.25952166
0,0.2636815
0,0.27575096
0,0.27280903
0,0.2730999
0,0.27051756
0,0.26736182
0,0.26598534
0,0.2602296
0,0.26718956
0,0.26548827
0,0.26275846
0,0.2781536
0,0.28413305
0,0.2707332
0,0.27786404
0,0.2732009
0,0.26683053
0,0.279257
0,0.26907086
0,0.26752067
0,0.26769906
0,0.2771498
0,0.2818519
0,0.28191006
0,0.31980014
0,0.33136734
0,0.30597532
0,0.28980812
0,0.2870139
0,0.28401425
0,0.28760263
0,0.27578515
0,0.29704505
0,0.28188503
0,0.27375284
0,0.28796047
0,0.2812158
0,0.27423808
0,0.27597958
0,0.2682226
0,0.27283338
0,0.26894042
0,0.2574488
0,0.26761374
0,0.27513152
0,0.27299276
0,0.28403872
0,0.26944393
0,0.2740225
0,0.27529183
0,0.28059193
0,0.27901855
0,0.27569565
0,0.26255187
0,0.26750937
0,0.26095396
0,0.36437848
0,0.43341056
0,0.36798662
0,0.38640705
0,0.40138474
0,0.41064885
0,0.3892176
0,0.46522635
0,0.48951268
0,0.5365642
0,0.62123656
0,0.79419446
0,0.83190477
0,0.8661184
0,0.87992203
0,0.78138393
0,0.71214217
0,0.56504273
0,0.50236046
0,0.40492943
0,0.2984765
0,0.39592254
0,0.33270758
0,0.27185634
0,0.26250696
0,0.26976517
0,0.29820368
0,0.3200051
0,0.31087404
0,0.3656054
0,0.3839173
0,0.42120224
0,0.4391153
0,0.44720635
0,0.41942537
0,0.36577365
0,0.26925385
0,0.23067324
0,0.2013064
0,0.18883713
0,0.16380794
0,0.19067101
0,0.17499486
0,0.1794976
0,0.21660596
0,0.22454132
0,0.18012485
0,0.17469187
0,0.16494109
0,0.14516409
0,0.14156298
0,0.15099849
0,0.15226403
0,0.13836733
0,0.1425191
0,0.14213265
0,0.14940017
0,0.14508267
0,0.13735352
0,0.1353828
0,0.1327413
0,0.1563794
0,0.15826061
0,0.15771677
0,0.1634888
0,0.18475145
0,0.18024366
0,0.18208857
0,0.18944079
0,0.19336449
0,0.1840191
0,0.2380628
0,0.26586708
0,0.19341995
0,0.1652059
0,0.15378006
0,0.1497588
0,0.14122555
0,0.14211638
0,0.14106001
0,0.13995908
0,0.13994312
0,0.14474045
0,0.14121555
0,0.13377295
0,0.1340145
0,0.13032378
0,0.15171003
0,0.15208408
0,0.18997456
0,0.39161736
0,0.55117023
0,0.62216294
0,0.5950086
0,0.7271644
0,0.7921756
0,0.72410816
0,0.6301451
0,0.5207937
0,0.40494066
0,0.40540934
0,0.4603327
0,0.4576348
0,0.5182149
0,0.5321919
0,0.5693082
0,0.43923026
0,0.33562025
0,0.26469514
0,0.24987987
0,0.48081517
0,0.46970445
0,0.3971243
0,0.5319207
0,0.5681065
0,0.57673883
0,0.4941391
0,0.42896348
0,0.39224148
0,0.351017
0,0.3629993
0,0.43685278
0,0.6059321
0,0.7127969
0,0.74289334
0,0.67297757
0,0.65146816
0,0.5971113
0,0.459013
0,0.4640427
0,0.4296091
0,0.40264535
0,0.31114253
0,0.32654613
0,0.43422547
0,0.42729953
0,0.42398492
0,0.45732814
0,0.43121096
0,0.45588017
0,0.37637094
0,0.33553618
0,0.41782653
0,0.46408814
0,0.42814046
0,0.36475566
0,0.36780372
0,0.30363962
0,0.33065078
0,0.426897
0,0.5039327
0,0.38819492
0,0.50956976
0,0.6265197
0,0.5874251
0,0.54556537
0,0.56450903
0,0.5973394
0,0.6732478
0,0.60943997
0,0.5615486
0,0.4987831
0,0.59932035
0,0.71767354
0,0.6207754
0,0.49129802
0,0.5518471
0,0.64990246
0,0.6472179
0,0.66597295
0,0.55010176
0,0.4996222
0,0.3623531
0,0.32938436
0,0.5243665
0,0.5401362
0,0.47753668
0,0.5136415
0,0.6722745
0,0.692822
0,0.74464417
0,0.79950434
0,0.7293198
0,0.73709625
0,0.6810186
0,0.67211175
0,0.7011186
0,0.62354195
0,0.6351514
0,0.5879282
0,0.6155067
0,0.49467286
0,0.5250014
0,0.43599662
0,0.4954462
0,0.3946856
0,0.6964784
0,0.7822254
0,0.7831485
0,0.7900553
0,0.8148572
0,0.7830977
0,0.6712836
0,0.5566243
0,0.66609657
0,0.6749283
0,0.70373315
0,0.6639506
0,0.6651232
0,0.58190346
0,0.4068888
0,0.35293758
0,0.32851133
0,0.2705687
0,0.33128652
0,0.3783495
0,0.4833951
0,0.58422613
0,0.37533543
0,0.37811947
0,0.29030046
0,0.28067672
0,0.56961536
0,0.6300611
0,0.61893797
0,0.51917243
0,0.8038135
0,0.8654975
0,0.89295757
0,0.91841
0,0.91889495
0,0.82782423
0,0.82247233
0,0.78017545
0,0.71992517
0,0.6757078
0,0.5375532
0,0.48998263
0,0.4309812
0,0.3928872
0,0.40838566
0,0.41609472
0,0.5555668
0,0.5998424
0,0.7046835
0,0.75638926
0,0.670136
0,0.7714344
0,0.7051213
0,0.6073618
0,0.6711948
0,0.6159203
0,0.6357775
0,0.63711196
0,0.8031532
0,0.8083898
0,0.80325586
0,0.7879863
0,0.6471702
0,0.56298137
0,0.44308606
0,0.5537071
0,0.4446936
0,0.6703638
0,0.6493045
0,0.6744704
0,0.60381055
0,0.5828023
0,0.6947212
0,0.6566001
0,0.7884142
0,0.8432498
0,0.7796586
0,0.7402452
0,0.6465409
0,0.554422
0,0.47015154
0,0.43125495
0,0.4641293
0,0.4481226
0,0.35576418
0,0.40565693
0,0.35857147
0,0.32999575
0,0.32874754
0,0.5450264
0,0.42358765
0,0.3375528
0,0.58545107
0,0.7448664
0,0.50306237
0,0.4622062
0,0.45727208
0,0.35321063
0,0.489468
0,0.3871217
0,0.45137525
0,0.38444003
0,0.45831612
0,0.4875932
0,0.51362365
0,0.5639396
0,0.5530666
0,0.39243653
0,0.46145555
0,0.5650445
0,0.4459178
0,0.39320296
0,0.46918258
0,0.6298183
0,0.6468121
0,0.7296183
0,0.8099549
0,0.6833449
0,0.6597096
0,0.6079644
0,0.49810183
0,0.45912004
0,0.6276605
0,0.6934756
0,0.77006173
0,0.81789505
0,0.7950654
0,0.77434
0,0.67020726
0,0.65203404
0,0.70341384
0,0.6216018
0,0.62229
0,0.6699227
0,0.8487656
0,0.8805305
0,0.84404945
0,0.89248836
0,0.8732214
0,0.83283037
0,0.7257128
0,0.8280687
0,0.80182225
0,0.75726986
0,0.66855323
0,0.58428633
0,0.52971876
0,0.4416569
0,0.5019208
0,0.45924628
0,0.45533708
0,0.49406356
0,0.5863472
0,0.63437724
0,0.6679148
0,0.6474209
0,0.55754626
0,0.44163784
0,0.45290983
0,0.43947777
0,0.42845038
0,0.42117062
0,0.52488524
0,0.46829215
0,0.53427714
0,0.5968664
0,0.5540206
0,0.748003
0,0.72877526
0,0.7742074
0,0.7848014
0,0.7707947
0,0.6955807
0,0.72704124
0,0.71572804
0,0.7441826
0,0.75866663
0,0.75005764
0,0.7247877
0,0.6594591
0,0.6420261
0,0.5577264
0,0.6204827
0,0.72760123
0,0.712366
0,0.7980739
0,0.7953001
0,0.7867473
0,0.7533895
0,0.65360826
0,0.6177213
0,0.6773151
0,0.63227844
0,0.68401635
0,0.64790046
0,0.55755913
0,0.5279089
0,0.46789858
0,0.5848024
0,0.7123874
0,0.5751602
0,0.50803936
0,0.44047785
0,0.39998883
0,0.50269544
0,0.49387032
0,0.51718783
0,0.50982594
0,0.65765905
0,0.64629096
0,0.6429738
0,0.63227785
0,0.60697776
0,0.7796624
0,0.789276
0,0.74110496
0,0.80599517
0,0.8254757
0,0.74196947
0,0.85194683
0,0.8821048
0,0.9010182
0,0.89382243
0,0.8884752
0,0.8603519
0,0.757096
0,0.86992186
0,0.9346354
0,0.88863564
0,0.77321947
0,0.7649306
0,0.6694578
0,0.83044857
0,0.8417996
0,0.81358933
0,0.86426824
0,0.81770295
0,0.7453309
0,0.6588023
0,0.5396236
0,0.7909303
0,0.825764
0,0.9335312
0,0.9531674
0,0.9399191
0,0.9212435
0,0.93421346
0,0.94749707
0,0.8972247
0,0.85059786
0,0.86148155
0,0.90594846
0,0.93002915
0,0.9377857
0,0.9245697
0,0.8964097
0,0.85964215
0,0.8791444
0,0.8997921
0,0.8879359
0,0.8602625
0,0.8498484
0,0.80313224
0,0.85025257
0,0.86628413
0,0.869595
0,0.92903894
0,0.9406679
0,0.8871148
0,0.8541793
0,0.8578174
0,0.8307262
0,0.7487571
0,0.68424904
0,0.5675194
0,0.6198478
0,0.82283044
0,0.91121554
0,0.884408
0,0.7507285
0,0.74127686
0,0.69755435
0,0.6865877
0,0.6782739
0,0.6012119
0,0.67163944
0,0.6872734
0,0.73501176
0,0.6021956
0,0.64475465
0,0.47148865
0,0.37401316
0,0.5610093
0,0.592768
0,0.4583874
0,0.37480623
0,0.38679412
0,0.548489
0,0.604927
0,0.63597333
0,0.69088376
0,0.65655434
0,0.59237885
0,0.5623125
0,0.4950135
0,0.4227318
0,0.395954
0,0.35357594
0,0.25819674
0,0.24870045
0,0.3568254
0,0.44153175
0,0.633069
0,0.7225636
0,0.7486764
0,0.78454226
0,0.5694146
0,0.49859783
0,0.5438989
0,0.4385156
0,0.40643227
0,0.3441737
0,0.4890551
0,0.83872175
0,0.72901034
0,0.62655735
0,0.47407213
0,0.43402377
0,0.4492561
0,0.36974266
0,0.40721428
0,0.46619558
0,0.50824034
0,0.52176404
0,0.4392318
0,0.5762199
0,0.66616404
0,0.705306
0,0.75273067
0,0.74859786
0,0.5288281
0,0.49048647
0,0.59176135
0,0.5778676
0,0.4078262
0,0.4013059
0,0.51159376
0,0.52867436
0,0.55933684
0,0.7578124
0,0.57256407
0,0.48257092
0,0.68143237
0,0.69691634
0,0.5950613
0,0.5351716
0,0.49954996
0,0.47111738
0,0.46646854
0,0.44533435
0,0.4317193
0,0.36781648
0,0.3163717
0,0.27660668
0,0.3317072
0,0.5107049
0,0.38927597
0,0.27087963
0,0.48440427
0,0.663625
0,0.6557205
0,0.6580799
0,0.5054072
0,0.4221658
0,0.5057026
0,0.444057
0,0.37041023
0,0.42458302
0,0.31509143
0,0.25757632
0,0.7294697
0,0.9155025
0,0.8071525
0,0.8363343
0,0.7349603
0,0.5778929
0,0.55913574
0,0.5398848
0,0.5047995
0,0.36234164
0,0.2906586
0,0.23922107
0,0.20874716
0,0.18310693
0,0.19877297
0,0.22251166
0,0.2138326
0,0.17885953
0,0.15036367
0,0.13308363
0,0.13385382
0,0.12735802
0,0.1296218
0,0.12656406
0,0.15459614
0,0.1531245
0,0.150161
0,0.14650108
0,0.14286317
0,0.14283746
0,0.1596707
0,0.17943
0,0.18522316
0,0.22278255
0,0.23157719
0,0.20966406
0,0.22255373
0,0.25288627
0,0.27852616
0,0.25978646
0,0.2287362
0,0.1955669
0,0.19196273
0,0.18474194
0,0.17166783
0,0.1694766
0,0.16397019
0,0.16447374
0,0.16374211
0,0.16837639
0,0.17814565
0,0.18618958
0,0.1983588
0,0.20896357
0,0.2141406
0,0.22474094
0,0.24227606
0,0.261162
0,0.25436726
0,0.24692453
0,0.26539522
0,0.26829565
0,0.30551204
0,0.32497147
0,0.31608
0,0.28996238
0,0.2424725
0,0.22777754
0,0.23936816
0,0.23252712
0,0.2123931
0,0.19849789
0,0.20654288
0,0.19072792
0,0.19104017
0,0.1857818
0,0.16685924
0,0.15267767
0,0.153443
0,0.14438236
0,0.14514577
0,0.1431016
0,0.14172515
0,0.13887237
0,0.14152677
0,0.15049213
0,0.18840858
0,0.1606919
0,0.24512535
0,0.29034066
0,0.24023123
0,0.21001375
0,0.70197344
0,0.91640323
0,0.96064097
0,0.9425925
0,0.85384834
0,0.7681669
0,0.5876477
0,0.43978035
0,0.46089023
0,0.42703247
0,0.7048315
0,0.77952063
0,0.8449597
0,0.88097245
0,0.77499723
0,0.7647265
0,0.6575725
0,0.6199248
0,0.58666456
0,0.5291983
0,0.43712613
0,0.35973
0,0.2788564
0,0.3825306
0,0.4234585
0,0.7643991
0,0.62589544
0,0.56011224
0,0.49572647
0,0.44663966
0,0.5612825
0,0.5580655
0,0.534881
0,0.6151562
0,0.45559108
0,0.38384947
0,0.3127855
0,0.2914389
0,0.24467072
0,0.23078957
0,0.21520324
0,0.19640411
0,0.16159894
0,0.13932382
0,0.13293768
0,0.13080022
0,0.12472323
0,0.12781806
0,0.13085751
0,0.13328032
0,0.1320225
0,0.15019429
0,0.14918865
0,0.15335892
0,0.14685231
0,0.15078382
0,0.1449507
0,0.13819842
0,0.13390979
0,0.13601562
0,0.14399646
0,0.16434063
0,0.19207914
0,0.24460553
0,0.2619157
0,0.2702402
0,0.2701127
0,0.27378833
0,0.27417532
0,0.27110547
0,0.26420462
0,0.25415602
0,0.26476622
0,0.2654216
0,0.28278446
0,0.28466618
0,0.2838134
0,0.27758044
0,0.27802905
0,0.26734594
0,0.27529687
0,0.26751152
0,0.2933674
0,0.3074371
0,0.29578292
0,0.30701053
0,0.30922523
0,0.29109204
0,0.27892995
0,0.26989025
0,0.27184397
0,0.27137983
0,0.25951728
0,0.2677305
0,0.26412275
0,0.2626498
0,0.36659226
0,0.5207982
0,0.54556984
0,0.44964653
0,0.65345144
0,0.733896
0,0.72831285
0,0.9410994
0,0.94597566
0,0.9289363
0,0.8987583
0,0.87881875
0,0.91000426
0,0.8636147
0,0.68761146
0,0.53528786
0,0.4310001
0,0.41176847
0,0.3358946
0,0.27385527
0,0.24371003
0,0.22259599
0,0.17504652
0,0.14756113
0,0.1362663
0,0.12889121
0,0.12786445
0,0.122282915
0,0.123096034
0,0.12108838
0,0.12011252
0,0.120838195
0,0.12397623
0,0.12670651
0,0.12799512
0,0.12881409
0,0.13350919
0,0.16779163
0,0.19113483
0,0.21012461
0,0.2306059
0,0.25117898
0,0.280547
0,0.2771426
0,0.29086256
0,0.28396246
0,0.27970973
0,0.28492206
0,0.30768162
0,0.3010224
0,0.29239368
0,0.27425784
0,0.27390486
0,0.26793563
0,0.2916551
0,0.28336352
0,0.29276383
0,0.2746624
0,0.3283804
0,0.2998014
0,0.29543552
0,0.28229916
0,0.26856232
0,0.26522538
0,0.26018065
0,0.25870275
0,0.2745175
0,0.281085
0,0.2672042
0,0.26284945
0,0.27260286
0,0.2854867
0,0.27261865
0,0.25959817
0,0.28028026
0,0.25861236
0,0.26513165
0,0.27514288
0,0.27839014
0,0.26209277
0,0.26319
0,0.2582325
0,0.25829035
0,0.25669685
0,0.25782833
0,0.26792356
0,0.26408675
0,0.27293414
0,0.29977342
0,0.30756214
0,0.29464784
0,0.28332523
0,0.30742142
0,0.3014683
0,0.29498798
0,0.27316505
0,0.28246453
0,0.287834
0,0.26816502
0,0.27220225
0,0.28127155
0,0.28253564
0,0.2676926
0,0.2825426
0,0.26838422
0,0.3094221
0,0.2806533
0,0.27296078
0,0.2687802
0,0.27529103
0,0.28400505
0,0.266124
0,0.2651279
0,0.25713688
0,0.27379614
0,0.27711532
0,0.2893953
0,0.2798633
0,0.29330754
0,0.29382607
0,0.28573188
0,0.27374956
0,0.26291472
0,0.28135335
0,0.27514485
0,0.27592266
0,0.27236652
0,0.27642438
0,0.26959726
0,0.27927724
0,0.31579414
0,0.29501262
0,0.291889
0,0.2749728
0,0.27390337
0,0.26475725
0,0.2670372
0,0.26506558
0,0.26412097
0,0.2832984
0,0.28861383
0,0.27122357
0,0.2749183
0,0.27035567
0,0.28226975
0,0.2600052
0,0.2620907
0,0.25993085
0,0.28280964
0,0.27828726
0,0.29037118
0,0.28045103
0,0.27501056
0,0.27218142
0,0.28387937
0,0.28615376
0,0.27006105
0,0.2632812
0,0.2731497
0,0.26366317
0,0.25839978
0,0.25757164
0,0.26929092
0,0.26013196
0,0.2900888
0,0.2778181
0,0.27431116
0,0.27608508
0,0.2695173
0,0.27504948
0,0.26816034
0,0.25965664
0,0.25461367
0,0.25786728
0,0.27625892
0,0.26037934
0,0.26263577
0,0.26596355
0,0.269454
0,0.26908612
0,0.28136137
0,0.26931223
0,0.28877807
0,0.2731266
0,0.29456565
0,0.30833095
0,0.29274455
0,0.31506962
0,0.3275476
0,0.33879775
0,0.3538839
0,0.35195214
0,0.33845028
0,0.32292584
0,0.31478453
0,0.30342767
0,0.30733323
0,0.3154239
0,0.33459398
0,0.38127586
0,0.34280407
0,0.3058709
0,0.28348175
0,0.2658244
0,0.25571242
0,0.23602907
0,0.2214195
0,0.2030134
0,0.19088393
0,0.18762568
0,0.18111385
0,0.17767642
0,0.17808533
0,0.18050928
0,0.18985422
0,0.19956563
0,0.20123163
0,0.207759
0,0.22250415
0,0.23310246
0,0.25176212
0,0.25781447
0,0.2817298
0,0.28485906
0,0.2851332
0,0.31161955
0,0.31476814
0,0.2986005
0,0.29195607
0,0.30320802
0,0.28590146
0,0.27739602
0,0.25276098
0,0.23357484
0,0.21393676
0,0.18892348
0,0.18461564
0,0.17089546
0,0.1612905
0,0.15704045
0,0.16351254
0,0.15282997
0,0.15320386
0,0.15808754
0,0.17340614
0,0.19594045
0,0.21295233
0,0.21177977
0,0.20559518
0,0.2458208
0,0.27920616
0,0.3126967
0,0.30086455
0,0.32254037
0,0.32864115
0,0.3582094
0,0.43634325
0,0.5384356
0,0.56434375
0,0.5533788
0,0.5171769
0,0.46293914
0,0.5983279
0,0.5378092
0,0.4461969
0,0.3881466
0,0.4001378
0,0.39583153
0,0.3297963
0,0.34394416
0,0.28902513
0,0.30192637
0,0.30818498
0,0.3392722
0,0.36489975
0,0.36534736
0,0.27597576
0,0.25598776
0,0.3027975
0,0.31011453
0,0.27311525
0,0.24781993
0,0.21725856
0,0.21996628
0,0.18500379
0,0.1943415
0,0.1932481
0,0.17169112
0,0.17835218
0,0.1804657
0,0.21390548
0,0.22324654
0,0.2218101
1,0.23887758
1,0.25543535
1,0.23823823
1,0.3096441
1,0.31776276
1,0.26519635
1,0.23269458
1,0.20570584
1,0.17688948
1,0.2616604
1,0.26078203
1,0.2672398
1,0.2639847
1,0.24504597
1,0.27173412
0,0.946981
0,0.81270266
0,0.7497028
0,0.69320035
0,0.6603323
0,0.55485374
0,0.50163877
0,0.46519244
0,0.36704054
0,0.3058034
0,0.29460862
0,0.25241762
0,0.2165643
0,0.19917919
0,0.19261786
0,0.20889345
0,0.19426121
0,0.20762728
0,0.20051885
0,0.1885406
0,0.1805758
0,0.17846031
0,0.18837419
0,0.17552793
0,0.1659859
0,0.16155231
0,0.14839335
0,0.1391473
0,0.15221903
0,0.14406084
0,0.14872889
0,0.14609714
0,0.14415419
0,0.148795
0,0.16311494
0,0.1716298
0,0.1860913
0,0.18216784
0,0.19818205
0,0.20408377
0,0.18566932
0,0.17499463
0,0.1786807
0,0.17885119
0,0.18504386
0,0.19361724
0,0.21210322
0,0.222531
0,0.2349887
0,0.25361246
0,0.2652918
0,0.26244366
0,0.27038398
0,0.27433175
0,0.2761183
0,0.27340516
0,0.27458376
0,0.27122194
0,0.29169282
0,0.3036981
0,0.32873312
0,0.37445313
0,0.3552178
0,0.3568758
0,0.38299292
0,0.3267797
0,0.31062028
0,0.29918244
0,0.30732852
0,0.2835792
0,0.29431358
0,0.27947846
0,0.29739657
0,0.28446117
0,0.2913763
0,0.27422336
0,0.27389714
0,0.2565274
0,0.25595263
0,0.24687788
0,0.25331488
0,0.23996505
0,0.25041637
0,0.23831676
0,0.30077007
0,0.24658827
0,0.22775842
0,0.21653542
0,0.21945111
0,0.23002951
0,0.2523326
0,0.2632339
0,0.27557057
0,0.2755825
0,0.27266034
0,0.27845758
0,0.28340715
0,0.2808256
0,0.28387502
0,0.30274785
0,0.2998163
0,0.31968704
0,0.3012239
0,0.28645456
0,0.29300308
0,0.30000904
0,0.29314455
0,0.27670768
0,0.29071382
0,0.31282517
0,0.3003202
0,0.32653794
0,0.3421991
0,0.3919663
0,0.3732082
0,0.38999382
0,0.39898512
0,0.36060026
0,0.32380906
0,0.30407858
0,0.26128462
0,0.22425894
0,0.20666285
0,0.19120568
0,0.18404672
0,0.17229974
0,0.16306469
0,0.1557796
0,0.15854768
0,0.15551165
0,0.1546388
0,0.16164203
0,0.1671832
0,0.16634351
0,0.17505747
0,0.18555701
0,0.247546
0,0.32068354
0,0.40340218
0,0.44367915
0,0.3805398
0,0.303578
0,0.25016046
0,0.18841383
0,0.16316961
0,0.15345684
0,0.15252262
0,0.16326499
0,0.15556605
0,0.15510161
0,0.16245463
0,0.16369791
0,0.15374947
0,0.13844052
0,0.13058639
0,0.12754783
0,0.13532367
0,0.13370883
0,0.13986441
0,0.13886571
0,0.1361251
0,0.1293169
0,0.12995516
0,0.13079908
0,0.1359293
0,0.13982631
0,0.15573415
0,0.18696749
0,0.22567882
0,0.25190845
0,0.24246033
0,0.24993636
0,0.26380402
0,0.25383335
0,0.26191002
0,0.26925814
0,0.30433655
0,0.2859247
0,0.30156627
0,0.27441138
0,0.2861402
0,0.285327
0,0.33131278
0,0.33332098
0,0.31268123
0,0.31148437
0,0.29377264
0,0.2742844
0,0.27529827
0,0.26407757
0,0.28777346
0,0.29130802
0,0.30804873
0,0.29766646
0,0.29920584
0,0.27983618
0,0.2823224
0,0.2779492
0,0.2768145
0,0.2720514
0,0.27632856
0,0.27105185
0,0.26924428
0,0.26533416
0,0.28959697
0,0.29355633
0,0.2842048
0,0.2780209
0,0.32901964
0,0.3133346
0,0.3022982
0,0.31346247
0,0.3031711
0,0.28619963
0,0.31693158
0,0.30700505
0,0.34876472
0,0.33804062
0,0.38830703
0,0.38005477
0,0.38160273
0,0.32670838
0,0.31463706
0,0.3123855
0,0.30538368
0,0.29564327
0,0.27998728
0,0.25694
0,0.22281197
0,0.21697699
0,0.22517757
0,0.20458041
0,0.20022044
0,0.19984138
0,0.19166085
0,0.18997848
0,0.17810817
0,0.18500972
0,0.18742873
0,0.19044866
0,0.16177538
0,0.15401053
0,0.15189613
0,0.14467685
0,0.14337479
0,0.14163141
0,0.1398822
0,0.13857873
0,0.15005584
0,0.15377037
0,0.15638044
0,0.15728931
0,0.15887475
0,0.15968549
0,0.17354432
0,0.18749903
0,0.19758923
0,0.1968982
0,0.2026439
0,0.21020406
0,0.22708787
0,0.24249914
0,0.26388255
0,0.27476743
0,0.26681197
0,0.26054633
0,0.26606947
0,0.2755063
0,0.27157816
0,0.2774078
0,0.27283946
0,0.28934374
0,0.31028557
0,0.31771126
0,0.4230424
0,0.4234734
0,0.46017292
0,0.4357552
0,0.4310731
0,0.3937833
0,0.36022195
0,0.29881006
0,0.2614525
0,0.23540221
0,0.20782967
0,0.18953471
0,0.17797014
0,0.16982324
0,0.16364938
0,0.14889991
0,0.14783671
0,0.14037773
0,0.13893448
0,0.13383089
0,0.13662443
0,0.14450856
0,0.15994038
0,0.16395211
0,0.16672084
0,0.1717362
0,0.1760222
0,0.17755288
0,0.18206501
0,0.20186841
0,0.232232
0,0.24265236
0,0.27206743
0,0.29086074
0,0.3112958
0,0.27701843
0,0.27775076
0,0.26441085
0,0.27281886
0,0.26004288
0,0.2686137
0,0.26113585
0,0.2779115
0,0.26200765
0,0.3041583
0,0.2792091
0,0.28573102
0,0.29029733
0,0.27681905
0,0.26825082
0,0.2836654
0,0.2663982
0,0.28518718
0,0.28085107
0,0.32451963
0,0.2974932
0,0.38417432
0,0.31815043
0,0.31866097
0,0.29939836
0,0.29547328
0,0.28356764
0,0.27996093
0,0.2714378
0,0.26746112
0,0.2633365
0,0.292579
0,0.2852437
0,0.29134843
0,0.294488
0,0.28780356
0,0.2867279
0,0.28901324
0,0.29479662
0,0.2892677
0,0.2808208
0,0.28324047
0,0.27676556
0,0.2921084
0,0.2869824
0,0.29995248
0,0.28095284
0,0.28506145
0,0.28022784
0,0.2944149
0,0.3309002
0,0.32641342
0,0.29720214
0,0.29441828
0,0.2867933
0,0.2972575
0,0.28152308
0,0.29648384
0,0.28606883
0,0.2802668
0,0.2727619
0,0.31681237
0,0.31058267
0,0.3135564
0,0.28754327
0,0.28483844
0,0.2995873
0,0.29079378
0,0.32350168
0,0.39195287
0,0.43164748
0,0.42307588
0,0.40369475
0,0.4072715
0,0.42466924
0,0.4781427
0,0.46946216
0,0.42876205
0,0.42900965
0,0.3823528
0,0.36288804
0,0.30886182
0,0.24459879
0,0.2272723
0,0.21626352
0,0.21196699
0,0.20365633
0,0.175759
0,0.16111287
0,0.15694122
0,0.14995413
0,0.18849696
0,0.27769628
0,0.33123425
0,0.368166
0,0.3302561
0,0.31042463
0,0.28968427
0,0.2666528
0,0.25469905
0,0.25838363
0,0.2444624
0,0.2951726
0,0.36017776
0,0.3949971
0,0.38535297
0,0.3592334
0,0.33234215
0,0.2995726
0,0.313113
0,0.31390885
0,0.27112305
0,0.22917381
0,0.2363534
0,0.2507843
0,0.28121823
0,0.28124186
0,0.33828408
0,0.35918662
0,0.3848394
0,0.34826806
0,0.3480117
0,0.31913355
0,0.2902224
0,0.26884434
0,0.28618973
0,0.2695827
0,0.29228172
0,0.32206422
0,0.33824503
0,0.3397843
0,0.26717088
0,0.24778369
0,0.2520725
0,0.21590842
0,0.20721784
0,0.17086443
0,0.4317551
0,0.37557986
0,0.3102255
0,0.3198199
0,0.30292538
0,0.25832298
0,0.22219822
0,0.19486706
0,0.18431942
0,0.20621237
0,0.25943726
0,0.27429834
0,0.25170243
0,0.2213173
0,0.31983718
0,0.33356875
0,0.34068868
0,0.33337793
0,0.3443347
0,0.37535027
0,0.4066483
0,0.40704337
0,0.39727932
0,0.3562796
0,0.3328426
0,0.3294975
0,0.41376543
0,0.39799133
0,0.43864572
0,0.4376835
0,0.37421057
0,0.39040497
0,0.3493787
0,0.3259298
0,0.29305547
0,0.28941613
0,0.2744707
0,0.27029267
0,0.21530052
0,0.1761267
0,0.15684663
0,0.15966536
0,0.15855506
0,0.15559101
0,0.15474464
0,0.14613149
0,0.14848822
0,0.14076261
0,0.13782974
0,0.1384376
0,0.14383948
0,0.15751453
0,0.1561548
0,0.15245816
0,0.16918552
0,0.1827195
0,0.17505659
0,0.17747545
0,0.19059034
0,0.19914414
0,0.19869488
0,0.2671299
0,0.3365539
0,0.3484971
0,0.35919738
0,0.34865388
0,0.29565477
0,0.24474631
0,0.18887424
0,0.1781508
0,0.16011897
0,0.14492114
0,0.14751866
0,0.15037829
0,0.16372009
0,0.17187792
0,0.17669089
0,0.17308378
0,0.16662087
0,0.16047451
0,0.16574061
0,0.15428254
0,0.1630936
0,0.16875462
0,0.17072213
0,0.17142044
0,0.16913679
0,0.16755167
0,0.15510696
0,0.14441845
0,0.14327656
0,0.14529642
0,0.14518732
0,0.13839777
0,0.1351939
0,0.14173773
0,0.13921672
0,0.13668677
0,0.13830797
0,0.1379268
0,0.14220124
0,0.1476447
0,0.1486338
0,0.15618654
0,0.17563878
0,0.17440161
0,0.19021638
0,0.19359669
0,0.18923743
0,0.17942496
0,0.2017528
0,0.18573289
0,0.21222746
0,0.2455262
0,0.29049954
0,0.32023874
0,0.33341423
0,0.34371358
0,0.4092351
0,0.42082635
0,0.34211016
0,0.27856043
0,0.28770053
0,0.33922037
0,0.32102215
0,0.31244454
0,0.25476208
0,0.22252363
0,0.21086174
0,0.20737723
0,0.24419701
0,0.23336865
0,0.1979958
0,0.17010675
0,0.2255832
0,0.2693733
0,0.2710203
0,0.26695123
0,0.25898615
0,0.25362465
0,0.26564303
0,0.26910883
0,0.2669107
0,0.29458144
0,0.31352252
0,0.34873873
0,0.32806262
0,0.34212583
0,0.2805743
0,0.26059723
0,0.24786945
0,0.25017586
0,0.24876092
0,0.22303277
0,0.2322053
0,0.2311455
0,0.1939304
0,0.17222318
0,0.19278628
0,0.19128233
1,0.19836624
1,0.20176029
1,0.28599355
1,0.31579646
1,0.37322763
1,0.4491735
1,0.50112045
1,0.46110785
1,0.44714636
1,0.4424451
1,0.41908926
1,0.45982087
1,0.5084183
1,0.5120202
1,0.49005723
0,0.9616608
0,0.8439896
0,0.7949333
0,0.7587608
0,0.6854359
0,0.6585314
0,0.65623975
0,0.6140341
0,0.5702758
0,0.5496788
0,0.5196481
0,0.49023288
0,0.49642912
0,0.4290406
0,0.45407036
0,0.41050968
0,0.38801134
0,0.35465217
0,0.3249484
0,0.3015973
0,0.2849873
0,0.2829772
0,0.26116735
0,0.26136643
0,0.27375913
0,0.27840212
0,0.329181
0,0.30874488
0,0.3174135
0,0.25282392
0,0.19486986
0,0.24538809
0,0.26159894
0,0.24746077
0,0.26382113
0,0.2902924
0,0.3067382
0,0.3422257
0,0.347004
0,0.30239728
0,0.26307628
0,0.22562753
0,0.21219164
0,0.2308223
0,0.25522003
0,0.28164595
0,0.26371726
0,0.2695513
0,0.26546642
0,0.2688115
0,0.28301597
0,0.2915004
0,0.3219871
0,0.27146772
0,0.2663904
0,0.3249028
0,0.33887416
0,0.39113533
0,0.42541468
0,0.41386467
0,0.4577985
0,0.4363585
0,0.4384427
0,0.39323255
0,0.38691038
0,0.34817374
0,0.33397248
0,0.26648226
0,0.28177726
0,0.29022437
0,0.2648622
0,0.2532717
0,0.23941073
0,0.21883854
0,0.20848128
0,0.18468313
0,0.1824477
0,0.16752441
0,0.16180928
0,0.15736751
0,0.15598735
0,0.16116618
0,0.1770705
0,0.19995293
0,0.2059703
0,0.22399144
0,0.22431178
0,0.18850401
0,0.18096049
0,0.16201244
0,0.15071565
0,0.14555497
0,0.14867413
0,0.15086976
0,0.1525113
0,0.15881154
0,0.16479963
0,0.1800647
0,0.20977896
0,0.19758084
0,0.21258612
0,0.21285851
0,0.2051073
0,0.18538313
0,0.16684966
0,0.15416773
0,0.14432444
0,0.14444773
0,0.14477453
0,0.1368696
0,0.14448164
0,0.14761728
0,0.14948651
0,0.14992192
0,0.14265619
0,0.14696503
0,0.14714175
0,0.15179397
0,0.14116488
0,0.15603545
0,0.15937911
0,0.15226543
1,0.15232989
1,0.14929472
1,0.15231179
1,0.1481127
1,0.14911713
1,0.16164492
1,0.16519134
1,0.16494398
1,0.17018971
1,0.15627973
1,0.14840092
1,0.15272486
1,0.15078585
1,0.15719093
1,0.15995765
0,0.93664324
0,0.8324374
0,0.71254426
0,0.61521417
0,0.50044787
0,0.43802208
0,0.3567758
0,0.2696338
0,0.23132661
0,0.19852552
0,0.17589994
0,0.15916784
0,0.16217747
0,0.15437962
0,0.14543623
0,0.14987415
0,0.15258786
0,0.15143609
0,0.14091763
0,0.13039602
0,0.12582621
0,0.12262337
0,0.12332401
0,0.1267712
0,0.13470863
0,0.1617477
0,0.17411512
0,0.17281224
0,0.19139402
0,0.1745448
0,0.31836873
0,0.31647426
0,0.29712895
0,0.2685785
0,0.23630339
0,0.2154788
0,0.20566738
0,0.19979781
0,0.20074919
0,0.19546151
0,0.20902595
0,0.20749944
0,0.21791735
0,0.2127376
0,0.22379532
0,0.22215137
0,0.2071992
0,0.184948
0,0.17002581
0,0.17731415
0,0.18621157
0,0.19105518
0,0.21221267
0,0.1974788
0,0.20354363
0,0.22369866
0,0.26257434
0,0.29910168
0,0.30975756
0,0.2978171
0,0.30496335
0,0.3041679
0,0.30086887
0,0.28512773
0,0.27290875
0,0.2661511
0,0.2707885
0,0.27220055
0,0.27910557
0,0.26899272
0,0.2648051
0,0.26492414
0,0.27976683
0,0.28614855
0,0.29042497
0,0.2995763
0,0.31955382
0,0.33112502
0,0.29741183
0,0.296227
0,0.33575696
0,0.29873493
0,0.2997252
0,0.2927384
0,0.3059924
0,0.31550318
0,0.32609665
0,0.3519887
0,0.37637487
0,0.35816285
0,0.36546206
0,0.3310499
0,0.40837505
0,0.3949736
0,0.39589757
0,0.3636485
0,0.31627443
0,0.33491093
0,0.3711114
0,0.36586988
0,0.30718577
0,0.23650703
0,0.1907052
0,0.16120994
0,0.14329416
0,0.13706532
0,0.1277027
0,0.121955395
0,0.15022704
0,0.16646942
0,0.19372004
0,0.23065345
0,0.23717283
0,0.2432758
0,0.2166559
0,0.1898896
0,0.19536889
0,0.24364887
0,0.21038301
0,0.18403
0,0.18143027
0,0.18549235
0,0.1582888
0,0.1474384
0,0.1610971
0,0.13811223
0,0.13134205
0,0.12328009
0,0.1227026
0,0.12963487
0,0.12900896
0,0.12387193
0,0.13571262
0,0.14160489
0,0.13832693
0,0.13763216
0,0.1373723
0,0.14013709
0,0.15037107
0,0.16137439
0,0.16893667
0,0.17640908
0,0.17810743
0,0.18971251
0,0.18673703
0,0.18327017
0,0.19978562
0,0.2368424
0,0.25803137
0,0.26473594
0,0.2853072
0,0.28977576
0,0.29360136
0,0.30950132
0,0.30527762
0,0.2998865
0,0.29736295
0,0.29357177
0,0.27654055
0,0.26953056
0,0.27292663
0,0.27459276
0,0.28908676
0,0.28140378
0,0.26792789
0,0.2671228
0,0.27937084
0,0.28260058
0,0.29608557
0,0.30942026
0,0.30921397
0,0.3269756
0,0.35863605
0,0.38774773
0,0.41101447
0,0.44426426
0,0.4118498
0,0.36679617
0,0.35927883
0,0.39581376
0,0.36273286
0,0.35469106
0,0.3943835
0,0.3691437
0,0.2782845
0,0.2118585
0,0.17893027
0,0.15026702
0,0.13891993
0,0.13084945
0,0.13054486
0,0.1345967
0,0.13055396
0,0.12983792
0,0.13052869
0,0.13258973
0,0.1341593
0,0.13650645
0,0.14183056
0,0.1477226
0,0.16960745
0,0.17375642
0,0.19834891
0,0.20833042
0,0.22690213
0,0.23976395
0,0.26971164
0,0.2776915
0,0.30279267
0,0.33259508
0,0.3546539
0,0.38470048
0,0.39632335
0,0.41084412
0,0.41348532
0,0.36882463
0,0.33322176
0,0.31217122
0,0.2822065
0,0.2617891
0,0.22752883
0,0.23744468
0,0.21743116
0,0.20088702
0,0.18529402
0,0.17050442
0,0.15780944
0,0.15063092
0,0.15162657
0,0.17525363
0,0.15016118
0,0.1445967
0,0.13835566
0,0.13592629
0,0.1332967
0,0.13431825
0,0.14155468
0,0.13850477
0,0.14944194
0,0.14838263
0,0.15845495
0,0.17134568
0,0.17761894
0,0.1963762
0,0.20133442
0,0.20703854
0,0.20755124
0,0.2175311
0,0.2369191
0,0.24124901
0,0.23800632
0,0.25042707
0,0.25921866
0,0.27519724
0,0.27245706
0,0.28575516
0,0.28543818
0,0.28177506
0,0.28835168
0,0.27541798
0,0.26412824
0,0.2841007
0,0.29280683
0,0.27369654
0,0.27874288
0,0.28331625
0,0.29159012
0,0.30872312
0,0.30947986
0,0.29832378
0,0.3015971
0,0.27910683
0,0.285646
0,0.28214255
0,0.30045062
0,0.30054426
0,0.314539
0,0.30876377
0,0.32402825
0,0.33324337
0,0.37049893
0,0.37174615
0,0.3581099
0,0.3471782
0,0.34600735
0,0.33578378
0,0.32821563
0,0.2951262
0,0.2892606
0,0.2687457
0,0.24429151
0,0.23667361
0,0.21410364
0,0.20185193
0,0.19957633
0,0.20686522
0,0.19119313
0,0.19219205
0,0.20437153
0,0.20459856
0,0.21661754
0,0.2266001
0,0.21694233
0,0.19099893
0,0.17561433
0,0.16400947
0,0.16003211
0,0.15107188
0,0.1482642
0,0.14591937
0,0.14417486
0,0.13807358
0,0.14485623
0,0.14250065
0,0.1394073
0,0.142761
0,0.1413967
0,0.14764248
0,0.15407957
0,0.161571
0,0.16249551
0,0.16677815
0,0.17456463
0,0.18217407
0,0.20747352
0,0.20971496
0,0.21686305
0,0.23247422
0,0.24402563
0,0.25621513
0,0.2761089
0,0.27971897
0,0.28583428
0,0.2735476
0,0.29951775
0,0.30423018
0,0.27985647
0,0.2773643
0,0.30459768
0,0.30287772
0,0.29199883
0,0.2973634
0,0.29292268
0,0.29975036
0,0.37060055
0,0.31131208
0,0.3247166
0,0.31502795
0,0.3082645
0,0.31347147
0,0.33418804
0,0.32883465
0,0.31414032
0,0.30890343
0,0.36197495
0,0.32474545
0,0.2943887
0,0.29912153
0,0.27902
0,0.26846087
0,0.24862298
0,0.24008362
0,0.22579107
0,0.21257168
0,0.20535836
0,0.20072332
0,0.19838691
0,0.19285703
0,0.19698961
0,0.19401604
0,0.20751984
0,0.21652822
0,0.2556703
0,0.26262966
0,0.27849993
0,0.29823261
0,0.2837467
0,0.2847214
0,0.3056653
0,0.29844135
0,0.25776
0,0.22987059
0,0.19555801
0,0.17231873
0,0.17079207
0,0.14771174
0,0.15815361
0,0.16087338
0,0.1621974
0,0.17095464
0,0.18158998
0,0.17162003
0,0.17384599
0,0.19897878
0,0.19193934
0,0.2050434
0,0.20464943
0,0.20243505
0,0.20419475
0,0.200122
0,0.19997261
0,0.18927519
0,0.19510645
0,0.19092447
0,0.20686087
0,0.22691576
0,0.2062863
0,0.18605404
0,0.16272856
0,0.15056549
0,0.14353368
0,0.14376433
0,0.13879262
0,0.146203
0,0.15540655
0,0.1654515
0,0.14918382
0,0.13756754
0,0.15195173
0,0.15406032
0,0.13983832
0,0.1392428
0,0.13069361
0,0.13493305
0,0.13369495
0,0.13648488
0,0.13724133
0,0.13768616
0,0.14559525
0,0.1476418
0,0.14839372
0,0.14878888
0,0.16068573
0,0.16275153
0,0.17446132
0,0.18608098
0,0.19400333
0,0.19809599
0,0.21330824
0,0.20970002
0,0.20950852
0,0.22294974
0,0.22271185
0,0.23886709
0,0.25141072
0,0.27257296
0,0.28752315
0,0.2955458
0,0.2869433
0,0.29706103
0,0.2819624
0,0.269697
0,0.28285587
0,0.28241864
0,0.2646118
0,0.27391404
0,0.26809692
0,0.26155657
0,0.2729021
0,0.2727707
0,0.26387542
0,0.26985818
0,0.27876195
0,0.27748024
0,0.273449
0,0.26373422
0,0.28874522
0,0.2918023
0,0.29976785
0,0.31387565
0,0.315929
0,0.3126132
0,0.31759894
0,0.30715272
0,0.31887904
0,0.28740576
0,0.30477154
0,0.3066364
0,0.31951365
0,0.31711283
0,0.3029741
0,0.30251986
0,0.31241384
0,0.31564358
0,0.32087475
0,0.3374738
0,0.35980487
0,0.35731506
0,0.35362098
0,0.36646178
0,0.36559424
0,0.42785716
0,0.41576403
0,0.3665059
0,0.36965343
0,0.3338408
0,0.32227442
0,0.2654405
0,0.25924605
0,0.24222077
0,0.2708027
0,0.31553307
0,0.25684944
0,0.24930188
0,0.22380933
0,0.21903825
0,0.2616853
0,0.25216487
0,0.25102282
0,0.25702205
0,0.27042416
0,0.27551484
0,0.28486702
0,0.27669412
0,0.25034454
0,0.22357716
0,0.1922875
0,0.2790947
0,0.19144829
0,0.16390412
0,0.24665755
0,0.2436019
0,0.24232475
0,0.23219596
0,0.2249562
0,0.23821194
0,0.23834558
0,0.2340325
0,0.23608047
0,0.23977306
0,0.2396879
0,0.23522648
0,0.23172854
0,0.22679992
0,0.2270715
0,0.23095375
0,0.23697452
0,0.2496959
0,0.26326194
0,0.2710682
0,0.28002733
0,0.27213252
0,0.29116893
0,0.30610928
0,0.3315297
0,0.33609006
0,0.32424888
0,0.35408404
0,0.3285293
0,0.31477386
0,0.30671304
0,0.30381155
0,0.29761603
0,0.2780025
0,0.28175035
0,0.2754841
0,0.28872496
0,0.28209785
0,0.2678374
0,0.2651707
0,0.28074443
0,0.27920145
0,0.27374256
0,0.27371392
0,0.27762833
0,0.2794255
0,0.28924826
0,0.29801792
0,0.3100952
0,0.29595253
0,0.31462565
0,0.2986403
0,0.292009
0,0.29733533
0,0.31873208
0,0.30911985
0,0.32044622
0,0.3328876
0,0.3341502
0,0.31409666
0,0.30306473
0,0.30656037
0,0.30183446
0,0.2830566
0,0.27894014
0,0.27729654
0,0.27325937
0,0.26043785
0,0.23751332
0,0.23121001
0,0.21978705
0,0.22987092
0,0.22135568
0,0.22693533
0,0.22681475
0,0.23144929
0,0.2379369
0,0.2447428
0,0.25580734
0,0.24651839
0,0.2647574
0,0.27656335
0,0.30403498
0,0.3018455
0,0.31347948
0,0.29675
0,0.29865682
0,0.28006485
0,0.29424924
0,0.29388183
0,0.2853729
0,0.30555496
0,0.289617
0,0.27873942
0,0.302949
0,0.32331604
0,0.31934792
0,0.2972764
0,0.28574643
0,0.2882934
0,0.2866337
0,0.32289046
0,0.2975652
0,0.29616132
0,0.2897449
0,0.27584592
0,0.28991944
0,0.29937053
0,0.34468704
0,0.347475
0,0.32080275
0,0.32302755
0,0.30690047
0,0.28420213
0,0.29202887
0,0.28640452
0,0.30482522
0,0.31545624
0,0.32106525
0,0.3105929
0,0.3185045
0,0.3236098
0,0.30713248
0,0.30803087
0,0.30160242
0,0.278124
0,0.2494291
0,0.23367195
0,0.2240706
0,0.21604949
0,0.21700886
0,0.2236682
0,0.23863812
0,0.24005638
0,0.24182706
0,0.23411167
0,0.2511936
0,0.24403985
0,0.24472086
0,0.23747411
0,0.20102367
0,0.19225317
0,0.19546784
0,0.18674806
0,0.1842129
0,0.16627167
0,0.16730063
0,0.1663139
0,0.16791289
0,0.17338608
0,0.16112758
0,0.15289521
0,0.15188716
0,0.14635082
0,0.15328497
0,0.15158203
0,0.1614256
0,0.163354
0,0.1545326
0,0.15458943
0,0.16254711
0,0.15894775
0,0.15594856
0,0.15886056
0,0.16256289
0,0.17752609
0,0.18041031
0,0.18946898
0,0.18848796
0,0.19338347
0,0.19099185
0,0.2018531
0,0.21872322
0,0.22386003
0,0.22675268
0,0.22549747
0,0.23586014
0,0.24580406
0,0.2707649
0,0.28323597
0,0.28354082
0,0.28635854
0,0.29088417
0,0.3038789
0,0.30431113
0,0.30469647
0,0.29231197
0,0.29872665
0,0.27418104
0,0.26581892
0,0.28865093
0,0.26940468
0,0.27964884
0,0.27579528
0,0.40607458
0,0.3539189
0,0.32850018
0,0.3067744
0,0.30935532
0,0.31102616
0,0.30038798
0,0.29287905
0,0.28256124
0,0.27067542
0,0.27468434
0,0.2705683
0,0.26829252
0,0.28355476
0,0.3385483
0,0.33880135
0,0.3158917
0,0.3299673
0,0.29768202
0,0.3131276
0,0.2854937
0,0.2744937
0,0.26896387
0,0.26738998
0,0.24202545
0,0.22310372
0,0.22094962
0,0.21729429
0,0.22306731
0,0.24326332
0,0.27526507
0,0.25880873
0,0.24051246
0,0.22577558
0,0.21588536
0,0.19604146
0,0.19464143
0,0.17916125
0,0.17492795
0,0.18120457
0,0.19160612
0,0.18585229
0,0.19029902
0,0.17745213
0,0.19399849
0,0.19916938
0,0.19982012
0,0.18790951
0,0.18733698
0,0.17764571
0,0.16135925
0,0.16612159
0,0.1688313
0,0.17752035
0,0.16824573
0,0.16902296
0,0.16460365
0,0.17342623
0,0.17459105
0,0.1627596
0,0.16339047
0,0.15050286
0,0.15121247
0,0.14551453
0,0.13280961
0,0.12867601
0,0.12573047
0,0.12463122
0,0.12641145
0,0.12635249
0,0.12607245
0,0.12931094
0,0.1325253
0,0.14133674
0,0.15297051
0,0.16200753
0,0.17420301
0,0.18772578
0,0.19752547
0,0.20653647
0,0.2254409
0,0.23849408
0,0.25343806
0,0.26286522
0,0.2541561
0,0.2615448
0,0.26229078
0,0.26275244
0,0.2630609
0,0.25160226
0,0.2639147
0,0.27099934
0,0.2721654
0,0.26592174
0,0.26334864
0,0.27607498
0,0.25974962
0,0.28510946
0,0.2640583
0,0.26291326
0,0.2687209
0,0.2742597
0,0.27244562
0,0.26977167
0,0.2711805
0,0.2818055
0,0.2684402
0,0.26304182
0,0.26687783
0,0.2609731
0,0.27148318
0,0.28703353
0,0.27490532
0,0.26577476
0,0.2694065
0,0.27627742
0,0.26932025
0,0.26810712
0,0.26922157
0,0.292655
0,0.27635533
0,0.27485356
0,0.27193204
0,0.28023285
0,0.30061194
0,0.2995561
0,0.28132498
0,0.29081354
0,0.27393132
0,0.2742719
0,0.26981604
0,0.25984997
0,0.26264
0,0.2644564
0,0.29512736
0,0.30246618
0,0.28032824
0,0.28285006
0,0.28355548
0,0.29091385
0,0.2990565
0,0.29096705
0,0.28899488
0,0.28721586
0,0.28205183
0,0.2786219
0,0.27194554
0,0.2740026
0,0.2714417
0,0.25929365
0,0.27704212
0,0.27307695
0,0.28965682
0,0.27433932
0,0.29387772
0,0.30358458
0,0.29687944
0,0.28583416
0,0.28847387
0,0.2779478
0,0.27716166
0,0.27177367
0,0.26765075
0,0.26799476
0,0.26791418
0,0.2701392
0,0.2734226
0,0.2640152
0,0.2673574
0,0.2600167
0,0.2567362
0,0.25488278
0,0.2526787
0,0.25117737
0,0.2552243
0,0.25624263
0,0.259676
0,0.25874546
0,0.25808597
0,0.2638233
0,0.25998005
0,0.26201716
0,0.27088973
0,0.29175174
0,0.2730921
0,0.26094264
0,0.2801485
0,0.28561872
0,0.2720128
0,0.262045
0,0.27396008
0,0.26044494
0,0.26951367
0,0.26232955
0,0.273413
0,0.27750552
0,0.26409212
0,0.2614315
0,0.2676059
0,0.26671153
0,0.26896468
0,0.27908763
0,0.27449238
0,0.26541254
0,0.27522093
0,0.2732276
0,0.27290457
0,0.2730705
0,0.27302945
0,0.2631371
0,0.2703745
0,0.277337
0,0.2768913
0,0.2838744
0,0.2871073
0,0.27947947
0,0.27461755
0,0.27707347
0,0.28625703
0,0.28008342
0,0.2877547
0,0.29133198
0,0.2782403
0,0.27419442
0,0.274855
0,0.2718142
0,0.27799916
0,0.27888885
0,0.2859144
0,0.29069108
0,0.29717782
0,0.2998021
0,0.30916676
0,0.3189428
0,0.29996687
0,0.30222502
0,0.28812662
0,0.30049023
0,0.301152
0,0.3000615
0,0.30030182
0,0.28564554
0,0.29011348
0,0.2758111
0,0.2784942
0,0.28110158
0,0.27812114
0,0.26638862
0,0.2705144
0,0.25660872
0,0.2583777
0,0.26749983
0,0.27604836
0,0.2780228
0,0.278124
0,0.26120466
0,0.2864741
0,0.27321672
0,0.27451575
0,0.2762771
0,0.26376784
0,0.2738971
0,0.26079208
0,0.26789355
0,0.25683624
0,0.25365707
0,0.26069534
0,0.25248367
0,0.2645994
0,0.26416323
0,0.27719164
0,0.2602123
0,0.25735113
0,0.264123
0,0.28142646
0,0.29456353
0,0.27881625
0,0.27579513
0,0.27359506
0,0.27296752
0,0.27094513
0,0.28713432
0,0.2823753
0,0.27925095
0,0.2755082
0,0.27066496
0,0.26919472
0,0.27769145
0,0.27161753
0,0.26738885
0,0.26639345
0,0.26373234
0,0.2649193
0,0.27429813
0,0.26631275
0,0.25949535
0,0.2638538
0,0.2629253
0,0.26454645
0,0.26051068
0,0.2695948
0,0.262746
0,0.27195308
0,0.26403767
0,0.27871957
0,0.27453977
0,0.28234506
0,0.2859581
0,0.28937766
0,0.29383215
0,0.2935961
0,0.28161487
0,0.28372502
0,0.3051077
0,0.2791461
0,0.29610553
0,0.28253505
0,0.28882694
0,0.27215376
0,0.2719583
0,0.28494057
0,0.3057621
0,0.30250576
0,0.2796996
0,0.27907458
0,0.27928716
0,0.2724524
0,0.26806512
0,0.26974943
0,0.2602302
0,0.26517516
0,0.26202428
0,0.26855075
0,0.2592336
0,0.2612074
0,0.26499492
0,0.25725973
0,0.25294733
0,0.25962692
0,0.26287186
0,0.271819
0,0.2685176
0,0.26665998
0,0.25903928
0,0.2553491
0,0.26207227
0,0.25622988
0,0.2665082
0,0.25739458
0,0.27863157
0,0.26116744
0,0.2674833
0,0.26443484
0,0.25808126
0,0.259365
0,0.25988185
0,0.26007408
0,0.2665201
0,0.26215056
0,0.33034384
0,0.2839655
0,0.27869147
0,0.2654376
0,0.26764825
0,0.25956693
0,0.25387233
0,0.25744954
0,0.25791794
0,0.25243175
0,0.25249177
0,0.25778168
0,0.26086205
0,0.26069087
0,0.26331756
0,0.26214206
0,0.25989658
0,0.2589737
0,0.25909856
0,0.27010536
0,0.27188125
0,0.2743362
0,0.2766002
0,0.27722546
0,0.28013733
0,0.2793308
0,0.28582492
0,0.2875792
0,0.2863392
0,0.29320264
0,0.2762266
0,0.27988213
0,0.26811376
0,0.27343002
0,0.26559564
0,0.2705844
0,0.26208583
0,0.26159057
0,0.26892707
0,0.2706906
0,0.26230186
0,0.26920685
0,0.26908302
0,0.26887068
0,0.25892654
0,0.25921303
0,0.26512513
0,0.27306792
0,0.2592159
0,0.2714115
0,0.27490404
0,0.2631385
0,0.2828874
0,0.27482545
0,0.26108775
0,0.26900315
0,0.26678985
0,0.26253447
0,0.26458868
0,0.2692746
0,0.26540172
0,0.27255476
0,0.26076388
0,0.26412994
0,0.26247025
0,0.262775
0,0.2614265
0,0.2542671
0,0.26570237
0,0.2633127
0,0.25391904
0,0.25217584
0,0.2555238
0,0.25648758
0,0.26845074
0,0.26578504
0,0.28315878
0,0.2625421
0,0.26102868
0,0.25346488
0,0.24893062
0,0.26121995
0,0.2696245
0,0.26089284
0,0.2586323
0,0.26328343
0,0.2563944
0,0.2722303
0,0.27059653
0,0.2620366
0,0.26944682
0,0.2616051
0,0.25735137
0,0.2557241
0,0.26354966
0,0.25839052
0,0.2575439
0,0.25586167
0,0.26523143
0,0.25890574
0,0.2739873
0,0.26023954
0,0.25561288
0,0.264637
0,0.25407565
0,0.25404704
0,0.26077008
0,0.24899684
0,0.2518818
0,0.26546797
0,0.26282778
0,0.2730415
0,0.26681393
0,0.26922917
0,0.28580877
0,0.2809485
0,0.28046855
0,0.26533246
0,0.26817682
0,0.2686096
0,0.28870505
0,0.2784123
0,0.27845487
0,0.27231643
0,0.27040213
0,0.27222887
0,0.2664473
0,0.26761702
0,0.2645483
0,0.26747215
0,0.26178837
0,0.26684493
0,0.2794999
0,0.26920408
0,0.26603496
0,0.26550177
0,0.2745322
0,0.2678708
0,0.26202852
0,0.2626724
0,0.27591586
0,0.26634756
0,0.26399767
0,0.27315718
0,0.26343733
0,0.26509678
0,0.27146956
0,0.26722187
0,0.26930058
0,0.26658773
0,0.26775366
0,0.26356608
0,0.25899136
0,0.25920308
0,0.25691098
0,0.26790753
0,0.25944716
0,0.25516057
0,0.25477594
0,0.26943186
0,0.2651783
0,0.28893661
0,0.2806182
0,0.26990843
0,0.27833274
0,0.26690587
0,0.27196753
0,0.26278022
0,0.25405705
0,0.25266623
0,0.25072303
0,0.26412848
0,0.26851386
0,0.26072365
0,0.2627456
0,0.26875207
0,0.2542051
0,0.2563086
0,0.27836034
0,0.27436513
0,0.26032668
0,0.2725622
0,0.25791892
0,0.26636103
0,0.27295932
0,0.27134052
0,0.26954854
0,0.2597188
0,0.2641026
0,0.26593253
0,0.26508704
0,0.26948762
0,0.2670762
0,0.26720592
0,0.28306127
0,0.2864668
0,0.27123728
0,0.30355027
0,0.28022727
0,0.27749053
0,0.27209032
0,0.2701597
0,0.26775038
0,0.2709306
0,0.2606706
0,0.26485702
0,0.26386908
0,0.2673686
0,0.27659655
0,0.26773694
0,0.2647076
0,0.2667824
0,0.26328173
0,0.2552281
0,0.27048814
0,0.26380947
0,0.26316836
0,0.2617011
0,0.2716707
0,0.27238443
0,0.26369482
0,0.26812372
0,0.27411014
0,0.27805382
0,0.2787864
0,0.27421823
0,0.27707627
0,0.26825172
0,0.27343625
0,0.26605028
0,0.2602648
0,0.2603432
0,0.2770657
0,0.26610196
0,0.25995943
0,0.33969748
0,0.30670717
0,0.28783867
0,0.27700385
0,0.27367923
0,0.26854402
0,0.2646372
0,0.2543853
0,0.25726008
0,0.25457454
0,0.2693332
0,0.2706901
0,0.2648778
0,0.2578356
0,0.2543911
0,0.25547674
0,0.25334987
0,0.2557619
0,0.2537941
0,0.2618016
0,0.25602585
0,0.26154184
0,0.25871217
0,0.25050694
0,0.25069946
0,0.25569218
0,0.25735518
0,0.25255078
0,0.24962585
0,0.25627413
0,0.25445208
0,0.25779128
0,0.25094756
0,0.25653023
0,0.2525926
0,0.25107238
0,0.24844733
0,0.25055948
0,0.26130497
0,0.2671868
0,0.26470345
0,0.26051486
0,0.25638884
0,0.26256248
0,0.26322526
0,0.26057714
0,0.26208502
0,0.2535582
0,0.2532431
0,0.24820133
0,0.27040812
0,0.2598192
0,0.27338198
0,0.26927072
0,0.26645765
0,0.26224783
0,0.26406375
0,0.2611189
0,0.25794882
0,0.2566753
0,0.25837597
0,0.256305
0,0.25774464
0,0.25479066
0,0.25586018
0,0.25835323
0,0.25875703
0,0.25569394
0,0.25779673
0,0.26576957
0,0.25368732
0,0.25831065
0,0.25752398
0,0.26521036
0,0.27316532
0,0.26624784
0,0.27169544
0,0.26443043
0,0.25818318
0,0.26498988
0,0.2693067
0,0.26839605
0,0.27248704
0,0.26992184
0,0.27477458
0,0.26329705
0,0.27132133
0,0.2584857
0,0.2613451
0,0.26970598
0,0.2715611
0,0.26854965
0,0.27014503
0,0.2685115
0,0.26136076
0,0.25971502
0,0.2549481
0,0.2612342
0,0.25847545
0,0.26851413
0,0.26895818
0,0.2672769
0,0.26719403
0,0.2656031
0,0.26838395
0,0.27303553
0,0.2600182
0,0.25864282
0,0.25503254
0,0.26310384
0,0.26413298
0,0.2638952
0,0.26478738
0,0.26347223
0,0.2735439
0,0.27244392
0,0.26977092
0,0.2690683
0,0.27822548
0,0.26392534
0,0.26657277
0,0.2622506
0,0.26437303
0,0.2608339
0,0.26655778
0,0.26089483
0,0.2636214
0,0.2603045
0,0.26131478
0,0.25925785
0,0.26508662
0,0.2714234
0,0.2703668
0,0.27347597
0,0.2668874
0,0.27863052
0,0.27155572
0,0.27991855
0,0.27303413
0,0.27895766
0,0.26826978
0,0.2622076
0,0.26095554
0,0.26869074
0,0.2556447
0,0.25493914
0,0.2638517
0,0.26735225
0,0.26297814
0,0.2563501
0,0.26170692
0,0.27387917
0,0.30308738
0,0.29289657
0,0.2821903
0,0.26476663
0,0.27658424
0,0.27321938
0,0.2774
0,0.2721752
0,0.27571258
0,0.27824444
0,0.26844522
0,0.28332943
0,0.2860436
0,0.30114096
0,0.31398618
0,0.28939965
0,0.3069804
0,0.31213677
0,0.3129455
0,0.29286152
0,0.2864468
0,0.2787064
0,0.26658753
0,0.26832482
0,0.26026475
0,0.26434532
0,0.25952202
0,0.26367354
0,0.2666688
0,0.26260343
0,0.27159148
0,0.26540065
0,0.2821878
0,0.28308392
0,0.27566662
0,0.270646
0,0.27491772
0,0.25819665
0,0.2701
0,0.2625426
0,0.26461783
0,0.27208623
0,0.26266268
0,0.27615383
0,0.2617222
0,0.37744173
0,0.30434722
0,0.2861407
0,0.2855562
0,0.27303708
0,0.27131614
0,0.26408398
0,0.28149724
0,0.2712765
0,0.2676216
0,0.2613965
0,0.2627735
0,0.26916906
0,0.26463512
0,0.2736202
0,0.27605638
0,0.2777942
0,0.26905733
0,0.2625042
0,0.26258412
0,0.25942206
0,0.27344242
0,0.27073228
0,0.27639616
0,0.2743401
0,0.29984546
0,0.30629933
0,0.29569277
0,0.29617724
0,0.27665085
0,0.27570403
0,0.26616344
0,0.25857118
0,0.26337785
0,0.26499873
0,0.26364294
0,0.27593586
0,0.26470006
0,0.2577443
0,0.27840698
0,0.2696443
0,0.27073535
0,0.26944152
0,0.2731587
0,0.26961023
0,0.27486268
0,0.2677681
0,0.2610426
0,0.26444852
0,0.26633
0,0.26726183
0,0.2681989
0,0.26563606
0,0.25869325
0,0.26250777
0,0.26389998
0,0.26178432
0,0.27468434
0,0.26526037
0,0.2692073
0,0.26976606
0,0.2680074
0,0.2633661
0,0.26430583
0,0.26221737
0,0.27388677
0,0.26354206
0,0.25996432
0,0.2598484
0,0.26083466
0,0.25007644
0,0.2549958
0,0.25404206
0,0.26010194
0,0.25770462
0,0.25069946
0,0.27867275
0,0.26561177
0,0.2607085
0,0.2724999
0,0.27478895
0,0.2762777
0,0.27656558
0,0.28361705
0,0.28627074
0,0.2700548
0,0.26362735
0,0.26775062
0,0.26100037
0,0.2695085
0,0.30586252
0,0.28530127
0,0.27738556
0,0.27837124
0,0.2759228
0,0.26480824
0,0.27068815
0,0.2760902
0,0.2846165
0,0.2777043
0,0.26491913
0,0.25870132
0,0.25543645
0,0.26335636
0,0.26371753
0,0.26147923
0,0.26412725
0,0.255084
0,0.27003238
0,0.26923355
0,0.2676713
0,0.26203084
0,0.26519105
0,0.26714116
0,0.27006522
0,0.2701165
0,0.2786036
0,0.27156392
0,0.26266596
0,0.26623315
0,0.2682885
0,0.2667323
0,0.26816925
0,0.277448
0,0.2670166
0,0.2672272
0,0.26544252
0,0.2565204
0,0.25485772
0,0.2595079
0,0.26115513
0,0.26404864
0,0.257298
0,0.25989962
0,0.2673625
0,0.27429184
0,0.26505685
0,0.27556464
0,0.28017795
0,0.2694677
0,0.26544812
0,0.27866787
0,0.26679444
0,0.26001352
0,0.25866416
0,0.277448
0,0.26372287
0,0.25626603
0,0.25661245
0,0.25797898
0,0.25472882
0,0.2560997
0,0.258739
0,0.26987728
0,0.2726085
0,0.28281945
0,0.28183228
0,0.28534004
0,0.26937824
0,0.27644688
0,0.27635238
0,0.2665305
0,0.27461347
0,0.26904246
0,0.27205932
0,0.2686421
0,0.26530954
0,0.2593921
0,0.26995292
0,0.27545428
0,0.2612327
0,0.25818807
0,0.2545116
0,0.26410732
0,0.2554679
0,0.2574419
0,0.26507348
0,0.271544
0,0.2598347
0,0.2700486
0,0.26474458
0,0.26703498
0,0.27760303
0,0.26804522
0,0.2706104
0,0.26879472
0,0.26578394
0,0.25805748
0,0.2649076
0,0.2686143
0,0.26283628
0,0.26475117
0,0.25657672
0,0.27285576
0,0.26922476
0,0.26608065
0,0.25316998
0,0.25922668
0,0.2594953
0,0.26378605
0,0.26235485
0,0.26049542
0,0.28671083
0,0.28175977
0,0.27441984
0,0.27274424
0,0.26731557
0,0.2812395
0,0.26974767
0,0.26870772
0,0.26439178
0,0.26204306
0,0.25742403
0,0.27015284
0,0.26440647
0,0.27224994
0,0.26367354
0,0.27262595
0,0.26384732
0,0.2708559
0,0.27430287
0,0.26284903
0,0.26113158
0,0.25943872
0,0.26856777
0,0.27226096
0,0.26794636
0,0.26273966
0,0.2764423
0,0.27580768
0,0.2833048
0,0.30151752
0,0.27262777
0,0.26622668
0,0.2726369
0,0.26080438
0,0.26873052
0,0.25322425
0,0.2528378
0,0.26148322
0,0.25369424
0,0.25083897
0,0.24885496
0,0.25959623
0,0.2514006
0,0.26023522
0,0.26162687
0,0.26497343
0,0.2670739
0,0.27067345
0,0.26778233
0,0.2673103
0,0.26050204
0,0.26824057
0,0.26236907
0,0.25335705
0,0.25864342
0,0.26645508
0,0.25977033
0,0.26639837
0,0.26012582
0,0.2603608
0,0.25187874
0,0.25646916
0,0.25171122
0,0.25572565
0,0.33777672
0,0.28877234
0,0.27877143
0,0.28305185
0,0.27628496
0,0.26886803
0,0.26136884
0,0.2629994
0,0.25984424
0,0.28035694
0,0.26461065
0,0.26089534
0,0.27309972
0,0.27333188
0,0.26144153
0,0.25915247
0,0.26553354
0,0.25763565
0,0.257511
0,0.26504755
0,0.25878575
0,0.27440158
0,0.26300484
0,0.25791356
0,0.25235045
0,0.25271583
0,0.25988033
0,0.2541084
0,0.2522346
0,0.26119372
0,0.2540466
0,0.26267305
0,0.2556245
0,0.26343143
0,0.2660065
0,0.26909035
0,0.2625966
0,0.2706277
0,0.28361288
0,0.26897576
0,0.27169025
0,0.2698036
0,0.27048895
0,0.28108096
0,0.27321205
0,0.26930714
0,0.26382974
0,0.2666139
0,0.26705766
0,0.26732847
0,0.26906133
0,0.27336675
0,0.2752241
0,0.26109818
0,0.26547757
0,0.28938717
0,0.28150415
0,0.26525384
0,0.25472137
0,0.2628095
0,0.26331556
0,0.2655623
0,0.26534852
0,0.26355633
0,0.26417086
0,0.2665947
0,0.2659826
0,0.25900266
0,0.2556513
0,0.25704348
0,0.26415652
0,0.27822432
0,0.27627113
0,0.28198248
0,0.27114692
0,0.2664338
0,0.2653027
0,0.2563758
0,0.25785103
0,0.25696263
0,0.2677175
0,0.28557232
0,0.29093438
0,0.28864837
0,0.28342265
0,0.28328502
0,0.2867029
0,0.2680446
0,0.27293646
0,0.28355077
0,0.26789996
0,0.26800907
0,0.26296777
0,0.27058876
0,0.27184328
0,0.27317667
0,0.27242664
0,0.26502696
0,0.2612955
0,0.25729254
0,0.26608545
0,0.26386318
0,0.28061333
0,0.2764113
0,0.34174305
0,0.3053695
0,0.28249338
0,0.28321207
0,0.27249688
0,0.2755277
0,0.2737943
0,0.279265
0,0.27436373
0,0.26332855
0,0.2689134
0,0.28377232
0,0.2915736
0,0.30150557
0,0.30025232
0,0.30681318
0,0.29997528
0,0.32117817
0,0.32141408
0,0.31699413
0,0.31546682
0,0.31818393
0,0.30500764
0,0.29302055
0,0.28462836
0,0.2787747
0,0.27380154
0,0.27111253
0,0.2714757
0,0.2696046
0,0.26753312
0,0.2662671
0,0.25805634
0,0.26525858
0,0.26502192
0,0.26250187
0,0.26308998
0,0.2645456
0,0.26339844
0,0.26154718
0,0.26042205
0,0.2608601
0,0.25577766
0,0.25845
0,0.26398814
0,0.2622459
0,0.26048905
0,0.2763626
0,0.27630845
0,0.26730797
0,0.26248685
0,0.26064977
0,0.25833046
0,0.25828516
0,0.24512562
0,0.2521275
0,0.26126105
0,0.25801483
0,0.25372538
0,0.2542064
0,0.25280768
0,0.25396428
0,0.2483297
0,0.25105968
0,0.25941235
0,0.2649781
0,0.26737326
0,0.25925162
0,0.26457217
0,0.26780847
0,0.2565344
0,0.2684614
0,0.26500496
0,0.26959297
0,0.27311575
0,0.26091582
0,0.25542444
0,0.26433367
0,0.2508304
0,0.26192
0,0.26263225
0,0.25382048
0,0.25945917
0,0.26965493
0,0.27664608
0,0.27364966
0,0.28613418
0,0.26735786
0,0.26767254
0,0.27919325
0,0.2641025
0,0.26843297
0,0.27777603
0,0.27089822
0,0.2680404
0,0.26858962
0,0.27797082
0,0.2714307
0,0.2676553
0,0.27436364
0,0.2681074
0,0.26083654
0,0.25591666
0,0.24891831
0,0.25504613
0,0.2641278
0,0.26505053
0,0.2832044
0,0.2693851
0,0.26662385
0,0.25313166
0,0.25932047
0,0.25862366
0,0.25557628
0,0.2506492
0,0.25063798
0,0.25991544
0,0.25986588
0,0.25713903
0,0.26778883
0,0.2605157
0,0.2790579
0,0.29652908
0,0.27525586
0,0.26850867
0,0.26994088
0,0.2737202
0,0.27636114
0,0.27711985
0,0.27146065
0,0.26417595
0,0.2614196
0,0.25735763
0,0.26139894
0,0.2564847
0,0.25129473
0,0.25155464
0,0.24941869
0,0.26882547
0,0.25679052
0,0.25357386
0,0.25404587
0,0.26124862
0,0.2542035
0,0.2524654
0,0.24968025
0,0.24879523
0,0.25751358
0,0.26131034
0,0.26592895
0,0.26691183
0,0.25642672
0,0.24783762
0,0.2617246
0,0.26885876
0,0.26367983
0,0.2648567
0,0.2646885
0,0.26441893
0,0.26581815
0,0.29434884
0,0.27650458
0,0.27311718
0,0.27029812
0,0.26838598
0,0.2721983
0,0.26737866
0,0.26600105
0,0.26424772
0,0.26911077
0,0.26563764
0,0.26646888
0,0.26322943
0,0.26248989
0,0.26236472
0,0.255236
0,0.25988677
0,0.25386852
0,0.24971657
0,0.2545061
0,0.2580602
0,0.25647995
0,0.25564072
0,0.25655824
0,0.26049766
0,0.25819582
0,0.26264963
0,0.25811875
0,0.25840625
0,0.26843596
0,0.27017024
0,0.2731654
0,0.26416174
0,0.27208284
0,0.25260526
0,0.25667784
0,0.25440603
0,0.2641925
0,0.25733823
0,0.25550082
0,0.26499575
0,0.25627166
0,0.25472483
0,0.26483798
0,0.26628602
0,0.26885614
0,0.26858187
0,0.26973155
0,0.2711447
0,0.265217
0,0.26806554
0,0.27049544
0,0.27369326
0,0.2760773
0,0.2592597
0,0.25922784
0,0.263664
0,0.25781053
0,0.26571524
0,0.2568199
0,0.25621966
0,0.26378864
0,0.26391378
0,0.25529453
0,0.2617048
0,0.26810807
0,0.28143185
0,0.26243097
0,0.2805938
0,0.27478272
0,0.27037168
0,0.26908144
0,0.26721886
0,0.26807427
0,0.27678967
0,0.26484522
0,0.27293122
0,0.26928937
0,0.26731128
0,0.2674776
0,0.26369724
0,0.2734308
0,0.26599255
0,0.27462718
0,0.2706849
0,0.26871645
0,0.27946156
0,0.2832783
0,0.2734182
0,0.2731936
0,0.26696342
0,0.26569772
0,0.26305133
0,0.27508417
0,0.27600777
0,0.2623041
0,0.26002422
0,0.25587127
0,0.2675106
0,0.2696445
0,0.27265933
0,0.26386774
0,0.2607696
0,0.26978892
0,0.266516
0,0.2661315
0,0.27077532
0,0.26342937
0,0.25519514
0,0.26623264
0,0.26969746
0,0.2643633
0,0.27028444
0,0.27067274
0,0.26495314
0,0.2687218
0,0.26911163
0,0.2725987
0,0.25980765
0,0.26088876
0,0.25386608
0,0.2538248
0,0.25223267
0,0.2606323
0,0.25751767
0,0.2633654
0,0.27595222
0,0.25973183
0,0.25795132
0,0.25041798
0,0.24906197
0,0.24854301
0,0.25502884
0,0.25286868
0,0.25828564
0,0.2605081
0,0.2521583
0,0.2601568
0,0.2585476
0,0.26221895
0,0.26005194
0,0.26116812
0,0.25892913
0,0.2602519
0,0.26210383
0,0.26918113
0,0.2558922
0,0.2595448
0,0.25726438
0,0.25812152
0,0.25730225
0,0.24986236
0,0.24969496
0,0.26030508
0,0.26691768
0,0.2545679
0,0.24769063
0,0.24751803
0,0.25006467
0,0.2517729
0,0.27307117
0,0.2562444
0,0.26048592
0,0.25790697
0,0.25902304
0,0.27207938
0,0.26752302
0,0.26063356
0,0.2674824
0,0.26393098
0,0.2620153
0,0.2685873
0,0.26838115
0,0.2579518
0,0.25490406
0,0.24919933
0,0.24970362
0,0.25024882
0,0.24638113
0,0.250314
0,0.25865814
0,0.26250076
0,0.254516
0,0.25250337
0,0.2496383
0,0.2571155
0,0.2526756
0,0.26106083
0,0.25109747
0,0.26240388
0,0.26169986
0,0.26448056
0,0.25982618
0,0.26689035
0,0.26407903
0,0.26826364
0,0.26620495
0,0.2518846
0,0.2603234
0,0.2617374
0,0.2612135
0,0.25282896
0,0.25774512
0,0.26154885
0,0.27452683
0,0.25660607
0,0.26256624
0,0.26762483
0,0.26245174
0,0.26874253
0,0.25585672
0,0.26039517
0,0.2626668
0,0.26262274
0,0.26457968
0,0.26194447
0,0.25961128
0,0.27213818
0,0.26401457
0,0.26428473
0,0.2615845
0,0.2619313
0,0.26318923
0,0.26289195
0,0.26474932
0,0.25696853
0,0.26708874
0,0.2612182
0,0.26924142
0,0.2627477
0,0.26051757
0,0.25859204
0,0.25615
0,0.2568836
0,0.26744077
0,0.27236256
0,0.27155244
0,0.26273125
0,0.26949775
0,0.27233997
0,0.26032907
0,0.2737761
0,0.27029613
0,0.26220733
0,0.27659532
0,0.2838615
0,0.29443282
0,0.28294864
0,0.28280848
0,0.27215412
0,0.26286873
0,0.27129692
0,0.28007543
0,0.28218594
0,0.27714556
0,0.26455435
0,0.27258632
0,0.2973931
0,0.27410525
0,0.2751532
0,0.27290922
0,0.27412537
0,0.25824863
0,0.26403207
0,0.26866996
0,0.27861223
0,0.27386385
0,0.26943514
0,0.26770952
0,0.2625881
0,0.25805384
0,0.2661802
0,0.25463912
0,0.25979382
0,0.26096395
0,0.25943646
0,0.25336698
0,0.25727108
0,0.25912452
0,0.2694113
0,0.2694815
0,0.26373577
0,0.26656878
0,0.2734658
0,0.26594946
0,0.2645312
0,0.25965858
0,0.2596023
0,0.2589845
0,0.27819476
0,0.26636493
0,0.26340672
0,0.2663211
0,0.2599774
0,0.24970491
0,0.26402348
0,0.26043892
0,0.26870868
0,0.28619203
0,0.27961135
0,0.27121836
0,0.2622498
0,0.25895518
0,0.27038026
0,0.27041644
0,0.2570788
0,0.26871958
0,0.2704402
0,0.27552757
0,0.27420038
0,0.2791555
0,0.26743695
0,0.26547998
0,0.26902497
0,0.2761148
0,0.26198867
0,0.26900327
0,0.27716413
0,0.27438885
0,0.27503943
0,0.27410132
0,0.27203628
0,0.2729373
0,0.26149157
0,0.25401205
0,0.26323274
0,0.26571774
0,0.26229602
0,0.26630786
0,0.26767093
0,0.26858768
0,0.26769978
0,0.26853648
0,0.27019092
0,0.28822038
0,0.29201066
0,0.27950102
0,0.2856536
0,0.2926249
0,0.28457963
0,0.27703786
0,0.27470744
0,0.27145478
0,0.2694488
0,0.26864675
0,0.26804602
0,0.2893107
0,0.27907985
0,0.27540493
0,0.27117
0,0.2687133
0,0.25949225
0,0.26476407
0,0.2632972
0,0.25987297
0,0.2535632
0,0.25236237
0,0.2609066
0,0.27067652
0,0.2636602
0,0.25377297
0,0.26002833
0,0.24931425
0,0.25343427
0,0.25427482
0,0.2552899
0,0.25152373
0,0.2679154
0,0.25896886
0,0.25649455
0,0.2684398
0,0.25994587
0,0.26880166
0,0.26135162
0,0.25876972
0,0.26819587
0,0.27274904
0,0.2661965
0,0.2633392
0,0.25695443
0,0.24827011
0,0.27192882
0,0.27138868
0,0.27418295
0,0.27428362
0,0.27901116
0,0.2757863
0,0.26358885
0,0.26998627
0,0.2700578
0,0.2638592
0,0.26738742
0,0.2720852
0,0.25447676
0,0.25905854
0,0.2539282
0,0.26425365
0,0.28671432
0,0.2636842
0,0.2671035
0,0.25986075
0,0.2651444
0,0.26785013
0,0.26562038
0,0.26844484
0,0.26799476
0,0.25790295
0,0.2569873
0,0.25998318
0,0.26022914
0,0.25364718
0,0.2695611
0,0.26785022
0,0.263873
0,0.26140603
0,0.2607743
0,0.25376454
0,0.25411183
0,0.26394898
0,0.26029572
0,0.27253094
0,0.2630962
0,0.2662628
0,0.2685303
0,0.26914424
0,0.26372826
0,0.25671196
0,0.26209205
0,0.26116896
0,0.25795385
0,0.2591973
0,0.26181528
0,0.26067322
0,0.27087426
0,0.26696387
0,0.27213147
0,0.29112956
0,0.27673137
0,0.2880688
0,0.2662173
0,0.26537746
0,0.2720309
0,0.26437727
0,0.27152982
0,0.26255372
0,0.2598166
0,0.263889
0,0.26656264
0,0.2605527
0,0.2649961
0,0.26227865
0,0.26592344
0,0.25972754
0,0.26553774
0,0.25924778
0,0.26315063
0,0.2574086
0,0.26178476
0,0.2668415
0,0.26694733
0,0.26009572
0,0.26531494
0,0.27178365
0,0.25961348
0,0.25425708
0,0.26168194
0,0.2654136
0,0.26295123
0,0.2570778
0,0.25097054
0,0.24970742
0,0.2575644
0,0.26147774
0,0.25420064
0,0.2509881
0,0.2641899
0,0.2735182
0,0.27544057
0,0.28659064
0,0.27461404
0,0.27236947
0,0.2680494
0,0.2735506
0,0.2782294
0,0.26711664
0,0.27720088
0,0.2813945
0,0.26935315
0,0.26822132
0,0.26487997
0,0.26502687
0,0.25423995
0,0.2508868
0,0.25501505
0,0.25660253
0,0.26364198
0,0.25714165
0,0.27125
0,0.26346308
0,0.2649886
0,0.26246375
0,0.39744192
0,0.30449927
0,0.2834517
0,0.27864826
0,0.27427042
0,0.25643575
0,0.2631377
0,0.26240993
0,0.2585233
0,0.26376373
0,0.2655199
0,0.26515445
0,0.27365297
0,0.27528203
0,0.26406777
0,0.2617477
0,0.26428643
0,0.27189258
0,0.2595641
0,0.2717235
0,0.27375725
0,0.27424708
0,0.2609946
0,0.28227162
0,0.2776541
0,0.26687306
0,0.25789338
0,0.25652313
0,0.26591083
0,0.26010317
0,0.2646628
0,0.2704519
0,0.2893355
0,0.2683058
0,0.2683533
0,0.27138814
0,0.26145005
0,0.2569684
0,0.26180673
0,0.26495585
0,0.26347458
0,0.26517308
0,0.2705226
0,0.2780991
0,0.2690895
0,0.269859
0,0.268569
0,0.26839942
0,0.26668373
0,0.26801395
0,0.25797665
0,0.27482706
0,0.27687725
0,0.26995322
0,0.26596767
0,0.2719283
0,0.27469218
0,0.26044446
0,0.27347568
0,0.26779875
0,0.26427862
0,0.2645755
0,0.2615163
0,0.27689654
0,0.26925713
0,0.26591766
0,0.26204103
0,0.26406392
0,0.26011872
0,0.2635459
0,0.25871122
0,0.2588053
0,0.25633925
0,0.25776666
0,0.26266518
0,0.25847858
0,0.25856897
0,0.25661817
0,0.2678475
0,0.26024228
0,0.26894176
0,0.26075134
0,0.2672863
0,0.27377307
0,0.27731395
0,0.26585847
0,0.25829327
0,0.2712884
0,0.25383765
0,0.26772374
0,0.25225466
0,0.25265065
0,0.26008716
0,0.26400232
0,0.2583416
0,0.26542667
0,0.26720917
0,0.2579295
0,0.2645166
0,0.25516453
0,0.27254003
0,0.25749564
0,0.26195604
0,0.26489583
0,0.2686428
0,0.25655347
0,0.26060945
0,0.2571171
0,0.26353082
0,0.26361912
0,0.26899347
0,0.26604977
0,0.26249865
0,0.26495042
0,0.26200372
0,0.2638634
0,0.27347606
0,0.26402557
0,0.26634127
0,0.264213
0,0.26786184
0,0.26510468
0,0.26403162
0,0.2622384
0,0.27995038
0,0.2691073
0,0.2755397
0,0.26665294
0,0.28443205
0,0.27162752
0,0.2757412
0,0.2648425
0,0.2726417
0,0.26582438
0,0.27019778
0,0.26361912
0,0.27046075
0,0.2747157
0,0.26187566
0,0.26127246
0,0.25659552
0,0.2679352
0,0.25687623
0,0.25611338
0,0.2611879
0,0.2671035
0,0.25697285
0,0.26723912
0,0.25691596
0,0.26083848
0,0.25276664
0,0.25262815
0,0.27158523
0,0.25966766
0,0.2594711
0,0.26742604
0,0.26514956
0,0.27090925
0,0.2683908
0,0.25521567
0,0.26151964
0,0.26684138
0,0.26496127
0,0.25712436
0,0.27140558
0,0.2696244
0,0.25474185
0,0.2522457
0,0.2489162
0,0.24844773
0,0.25451306
0,0.24887376
0,0.25322676
0,0.25765854
0,0.26153955
0,0.2527663
0,0.26692495
0,0.26543117
0,0.26203606
0,0.26022583
0,0.25655252
0,0.2599452
0,0.257514
0,0.26031527
0,0.26293978
0,0.2735431
0,0.27434218
0,0.26770756
0,0.26130646
0,0.25863343
0,0.2571925
0,0.258649
0,0.2565867
0,0.25855535
0,0.265479
0,0.2606943
0,0.27078098
0,0.26041222
0,0.271604
0,0.25702545
0,0.25713256
0,0.25731832
0,0.25449497
0,0.25675344
0,0.258188
0,0.2572287
0,0.2841854
0,0.26755401
0,0.2713123
0,0.26488292
0,0.27162036
0,0.27723
0,0.2735019
0,0.2807331
0,0.26510322
0,0.26550138
0,0.29364547
0,0.41934896
0,0.33644778
0,0.3099625
0,0.29705256
0,0.2792327
0,0.28366986
0,0.28469113
0,0.2813675
0,0.28040147
0,0.27455106
0,0.26562876
0,0.27008215
0,0.26549917
0,0.26775637
0,0.2713414
0,0.26821083
0,0.27328485
0,0.26927823
0,0.26485738
0,0.27601138
0,0.2726601
0,0.26762757
0,0.2704284
0,0.26709324
0,0.25921196
0,0.2602882
0,0.25571105
0,0.26460525
0,0.25985694
0,0.2610468
0,0.26636744
0,0.26290345
0,0.25776017
0,0.26041168
0,0.26292858
0,0.26125342
0,0.28304994
0,0.3690042
0,0.30903572
0,0.29150006
0,0.30376175
0,0.2944772
0,0.284366
0,0.28377396
0,0.27498645
0,0.2676745
0,0.26618606
0,0.26048917
0,0.26152092
0,0.2586744
0,0.25577277
0,0.2536408
0,0.25994924
0,0.25168145
0,0.25707698
0,0.26535556
0,0.36748725
0,0.62624574
0,0.56219816
0,0.46205437
0,0.38026518
0,0.32328245
0,0.29285997
0,0.27709332
0,0.26904204
0,0.26404074
0,0.25987548
0,0.26372206
0,0.25605193
0,0.25736424
0,0.2671102
0,0.24915807
0,0.2341451
0,0.22613826
0,0.20983578
0,0.20922482
0,0.20994344
0,0.21438484
0,0.22700791
0,0.23657325
0,0.23507127
0,0.24224049
0,0.2543025
0,0.27244923
0,0.26660773
0,0.26342997
0,0.275961
0,0.2630847
0,0.25900802
0,0.2640697
0,0.2673113
0,0.26560694
0,0.26833597
0,0.26451418
0,0.2706376
0,0.28377274
0,0.339003
0,0.5089544
0,0.5694983
0,0.427689
0,0.35670593
0,0.33159748
0,0.30625138
0,0.29694822
0,0.2767543
0,0.2696244
0,0.2677543
0,0.2555049
0,0.2583046
0,0.26022777
0,0.25216728
0,0.2581223
0,0.2486964
0,0.25066626
0,0.24336463
0,0.22521941
0,0.2230447
0,0.22108652
0,0.22742414
0,0.23626454
0,0.25100583
0,0.25386986
0,0.25113657
0,0.2490692
0,0.25289488
0,0.2611452
0,0.25412956
0,0.25860417
0,0.2736833
0,0.25990376
0,0.2548351
0,0.25495872
0,0.24866924
0,0.26244292
0,0.27655506
0,0.28242207
0,0.26720235
0,0.3024345
0,0.2955575
0,0.29263327
0,0.27318984
0,0.27280656
0,0.3694313
0,0.40607122
0,0.318869
0,0.30545002
0,0.3013118
0,0.27731165
0,0.27091178
0,0.27177438
0,0.27779785
0,0.27157593
0,0.26643223
0,0.27299485
0,0.26380068
0,0.2542552
0,0.26462984
0,0.27310002
0,0.2602981
0,0.2813445
0,0.27654302
0,0.26682177
0,0.2566468
0,0.26195097
0,0.2628533
0,0.2508938
0,0.26350418
0,0.25234947
0,0.24880111
0,0.25273395
0,0.24901037
0,0.2641735
0,0.25346544
0,0.25420868
0,0.26019105
0,0.26638067
0,0.27736473
0,0.2718112
0,0.26485774
0,0.28311837
0,0.27304274
0,0.27446932
0,0.27081203
0,0.28573948
0,0.27320674
0,0.28520072
0,0.27441734
0,0.26749375
0,0.25918972
0,0.25816375
0,0.26225546
0,0.26671168
0,0.2786631
0,0.25907448
0,0.26128444
0,0.2545866
0,0.2587506
0,0.27461645
0,0.26554826
0,0.2630025
0,0.2614863
0,0.26408118
0,0.26047093
0,0.26346484
0,0.2596961
0,0.26353619
0,0.2604367
0,0.2642994
0,0.2567902
0,0.26903507
0,0.27254152
0,0.28744453
0,0.26849103
0,0.26942575
0,0.2746259
0,0.28945607
0,0.29053703
0,0.2839578
0,0.29461908
0,0.28716528
0,0.2833109
0,0.29038486
0,0.2878281
0,0.28887832
0,0.28986776
0,0.28194556
0,0.28474283
0,0.2916459
0,0.28161278
0,0.28328854
0,0.29250705
0,0.2845496
0,0.27964893
0,0.2853594
0,0.28013092
0,0.28225365
0,0.2811997
0,0.26587754
0,0.2709476
0,0.26585665
0,0.27143916
0,0.27405322
0,0.2649502
0,0.27247918
0,0.26963484
0,0.26060155
0,0.2664583
0,0.25767213
0,0.25936514
0,0.2541028
0,0.2605789
0,0.2546801
0,0.26074022
0,0.25230542
0,0.2585402
0,0.270091
0,0.2721354
0,0.27626765
0,0.2693872
0,0.26998907
0,0.26603028
0,0.25798818
0,0.26163995
0,0.26627073
0,0.2639097
0,0.2654065
0,0.26295882
0,0.25439426
0,0.257816
0,0.26303008
0,0.26035133
0,0.263586
0,0.25481397
0,0.25969347
0,0.24736363
0,0.25615495
0,0.25466087
0,0.25236166
0,0.24423446
0,0.25866905
0,0.266219
0,0.26031655
0,0.26974347
0,0.26336804
0,0.2706901
0,0.26486042
0,0.2609141
0,0.25958043
0,0.26699382
0,0.25954172
0,0.2574565
0,0.2682161
0,0.26049462
0,0.25807074
0,0.27098203
0,0.26070774
0,0.2676166
0,0.27279037
0,0.26144576
0,0.2806785
0,0.2637041
0,0.25969282
0,0.2716817
0,0.27334356
0,0.26205114
0,0.25753707
0,0.25892466
0,0.2657929
0,0.25628865
0,0.25355476
0,0.25089425
0,0.25120068
0,0.26376697
0,0.25421482
0,0.26009277
0,0.25009668
0,0.2713867
0,0.25668985
0,0.2529634
0,0.25008836
0,0.2760705
0,0.25848618
0,0.264136
0,0.26549795
0,0.26403922
0,0.26666072
0,0.26897192
0,0.25584638
0,0.2752138
0,0.2630564
0,0.2722623
0,0.268324
0,0.25586677
0,0.25762597
0,0.27341247
0,0.2807536
0,0.27136353
0,0.26866713
0,0.2653644
0,0.2815709
0,0.2703525
0,0.26356307
0,0.2805432
0,0.2602705
0,0.26302573
0,0.2622044
0,0.27618712
0,0.26683044
0,0.26402533
0,0.26462469
0,0.26374123
0,0.31897613
0,0.28269678
0,0.2881448
0,0.28563765
0,0.27352783
0,0.26729554
0,0.26518553
0,0.27213362
0,0.26725978
0,0.26923862
0,0.26307726
0,0.25909963
0,0.27073306
0,0.25442052
0,0.26123658
0,0.25545588
0,0.26654974
0,0.26790422
0,0.27210954
0,0.27343935
0,0.26796424
0,0.27404994
0,0.2634317
0,0.25874096
0,0.27077344
0,0.2762756
0,0.26968703
0,0.26003158
0,0.2580647
0,0.26317367
0,0.28264245
0,0.2734565
0,0.26361176
0,0.2696139
0,0.26147434
0,0.26513794
0,0.30695516
0,0.27482867
0,0.28255138
0,0.274061
0,0.26070502
0,0.2604384
0,0.25633267
0,0.26329577
0,0.25483382
0,0.25947204
0,0.25251612
0,0.26628223
0,0.26586702
0,0.26724318
0,0.25797683
0,0.26072294
0,0.26532525
0,0.26168907
0,0.26073
0,0.26000434
0,0.26462838
0,0.26352656
0,0.26519126
0,0.26097983
0,0.2788961
0,0.2646862
0,0.26773584
0,0.26184246
0,0.25751686
0,0.26282728
0,0.26202065
0,0.2587612
0,0.25554278
0,0.2703586
0,0.26847008
0,0.25679633
0,0.26721773
0,0.27616265
0,0.27861896
0,0.29459572
0,0.28142256
0,0.328733
0,0.294741
0,0.29716504
0,0.2997223
0,0.29318315
0,0.29954058
0,0.2929671
0,0.28068483
0,0.27127084
0,0.2687082
0,0.26007184
0,0.26101595
0,0.2658278
0,0.27235237
0,0.2846096
0,0.2683245
0,0.27219746
0,0.26632357
0,0.2683264
0,0.2738822
0,0.26862547
0,0.2620391
0,0.28018975
0,0.2654669
0,0.26797706
0,0.26786184
0,0.26495552
0,0.2670304
0,0.28767574
0,0.26743802
0,0.26862147
0,0.27267122
0,0.2605109
0,0.26782465
0,0.264595
0,0.2576132
0,0.2604258
0,0.25614786
0,0.26021993
0,0.26834813
0,0.26280317
0,0.26706904
0,0.26245514
0,0.28288776
0,0.2735682
0,0.2820534
0,0.28194055
0,0.27617115
0,0.2810169
0,0.27483124
0,0.2795887
0,0.29626167
0,0.28859276
0,0.29551584
0,0.2897556
0,0.27915177
0,0.2855445
0,0.26588392
0,0.26490653
0,0.28023183
0,0.28582335
0,0.27677396
0,0.26937586
0,0.26330155
0,0.25874987
0,0.26241097
0,0.26683563
0,0.25580797
0,0.26846096
0,0.264134
0,0.26239878
0,0.26093596
0,0.2605824
0,0.27136794
0,0.26347974
0,0.2863093
0,0.27852446
0,0.2710241
0,0.27176026
0,0.26408583
0,0.2609857
0,0.2699653
0,0.2587795
0,0.26000005
0,0.25550082
0,0.25608307
0,0.25498644
0,0.2527542
0,0.25750843
0,0.267473
0,0.26465484
0,0.2696614
0,0.26127157
0,0.27113786
0,0.2679287
0,0.2714082
0,0.26761422
0,0.26391488
0,0.28075764
0,0.26370063
0,0.28794786
0,0.26803544
0,0.2563716
0,0.26499045
0,0.26251864
0,0.25456703
0,0.26021084
0,0.2612258
0,0.25336838
0,0.2602706
0,0.25888997
0,0.26347047
0,0.26049238
0,0.2633872
0,0.2608072
0,0.26338553
0,0.2610399
0,0.26578602
0,0.26089185
0,0.27304572
0,0.26635447
0,0.2657521
0,0.25559047
0,0.26061302
0,0.26925957
0,0.27757034
0,0.27857402
0,0.28151643
0,0.27323768
0,0.26920646
0,0.27498308
0,0.27879244
0,0.2598944
0,0.26114362
0,0.26823297
0,0.2614903
0,0.25772384
0,0.26158687
0,0.27118507
0,0.25319192
0,0.2654514
0,0.27012378
0,0.2628805
0,0.27245384
0,0.2712046
0,0.2740428
0,0.2724986
0,0.27024996
0,0.2629151
0,0.2705876
0,0.27159542
0,0.25889972
0,0.2651465
0,0.25845647
0,0.26445174
0,0.25656256
0,0.2624408
0,0.2596761
0,0.26271117
0,0.28571057
0,0.29169545
0,0.26828855
0,0.2707418
0,0.27205205
0,0.26312217
0,0.25760674
0,0.26309156
0,0.2698487
0,0.26877058
0,0.2763881
0,0.2703841
0,0.27011684
0,0.2644791
0,0.26904383
0,0.2654499
0,0.26844007
0,0.2642965
0,0.26705596
0,0.26384223
0,0.27389556
0,0.26088148
0,0.28492886
0,0.28803322
0,0.27530682
0,0.2792095
0,0.27140597
0,0.2707788
0,0.26665857
0,0.27925283
0,0.2740861
0,0.27336925
0,0.26751554
0,0.30587432
0,0.27846944
0,0.28258753
0,0.26636493
0,0.26376873
0,0.2625883
0,0.26550457
0,0.26342723
0,0.2592381
0,0.27652174
0,0.26587704
0,0.2730878
0,0.26500773
0,0.29281214
0,0.2807345
0,0.28505006
0,0.27038288
0,0.28368583
0,0.27457196
0,0.27378428
0,0.29009193
0,0.29460943
0,0.28803924
0,0.28642997
0,0.2824275
0,0.26895997
0,0.273523
0,0.27520305
0,0.27495566
0,0.26479754
0,0.25826952
0,0.2664888
0,0.28169486
0,0.27641836
0,0.27210748
0,0.27563685
0,0.27235603
0,0.27125773
0,0.28838244
0,0.27786648
0,0.27415332
0,0.27446502
0,0.27183387
0,0.27620542
0,0.28797284
0,0.27578783
0,0.27310446
0,0.26792246
0,0.26254112
0,0.2734517
0,0.26066577
0,0.2652703
0,0.26165214
0,0.26273358
0,0.24840073
0,0.257198
0,0.25472867
0,0.25904992
0,0.25909165
0,0.25879452
0,0.26507923
0,0.26148173
0,0.26058584
0,0.26204666
0,0.27464047
0,0.2812308
0,0.27561104
0,0.33804289
0,0.29688182
0,0.3046913
0,0.2978217
0,0.30140287
0,0.30313292
0,0.282752
0,0.286089
0,0.27262476
0,0.29769447
0,0.2867175
0,0.28499207
0,0.28121212
0,0.26964533
0,0.29013458
0,0.2796475
0,0.28001237
0,0.29167017
0,0.28477427
0,0.26863402
0,0.28869385
0,0.28833303
0,0.26869878
0,0.2612237
0,0.26347438
0,0.27470627
0,0.2711668
0,0.27461517
0,0.2795234
0,0.26370975
0,0.2678873
0,0.2694523
0,0.284264
0,0.27729854
0,0.27769879
0,0.27700612
0,0.27257118
0,0.26962212
0,0.28478867
0,0.2805881
0,0.2803238
0,0.28193578
0,0.26446187
0,0.26692235
0,0.2661027
0,0.26729396
0,0.26772487
0,0.28066072
0,0.2715711
0,0.26930657
0,0.26035067
0,0.26521862
0,0.26171273
0,0.26084083
0,0.26639688
0,0.2622941
0,0.26638132
0,0.26548827
0,0.2750695
0,0.27099797
0,0.2846519
0,0.31093302
0,0.30093494
0,0.3090371
0,0.31928727
0,0.33072096
0,0.33944646
0,0.33903426
0,0.3404291
0,0.34408692
0,0.35616732
0,0.3722366
0,0.3531237
0,0.3620262
0,0.34371498
0,0.3301451
0,0.29822025
0,0.2807347
0,0.24614199
0,0.22126275
0,0.20977825
0,0.19651113
0,0.18227853
0,0.17657162
0,0.16814843
0,0.16417448
0,0.16494115
0,0.17938228
0,0.17897093
0,0.17685026
0,0.18302952
0,0.18024069
0,0.17987756
0,0.17848572
0,0.18092313
0,0.18583302
0,0.19462024
0,0.20993896
0,0.2181502
0,0.23287414
0,0.2715546
0,0.28809667
0,0.2783156
0,0.29095927
0,0.28080955
0,0.288972
0,0.28430766
0,0.31309208
0,0.3062463
0,0.29895225
0,0.28910828
0,0.29069132
0,0.27892575
0,0.27471074
0,0.26147738
0,0.25870925
0,0.2638003
0,0.26541096
0,0.26545593
0,0.26768693
0,0.27942055
0,0.2725632
0,0.26251712
0,0.2700821
0,0.30814832
0,0.26973546
0,0.27110574
0,0.28747752
0,0.28069425
0,0.28090593
0,0.27121454
0,0.28021532
0,0.2647095
0,0.27402738
0,0.2677463
0,0.2750612
0,0.2687124
0,0.29021135
0,0.27379316
0,0.27274698
0,0.2777111
0,0.27375174
0,0.26644573
0,0.26191208
0,0.27125195
0,0.27688783
0,0.2775087
0,0.27619293
0,0.27779824
0,0.28304946
0,0.2708127
0,0.26743844
0,0.2736154
0,0.27716509
0,0.26208714
0,0.26566508
0,0.2705435
0,0.27075818
0,0.27532473
0,0.27887556
0,0.29252532
0,0.29029113
0,0.30000326
0,0.30221698
0,0.29912522
0,0.3049866
0,0.28998712
0,0.304169
0,0.28993702
0,0.2855728
0,0.28208685
0,0.2817665
0,0.2681388
0,0.27030545
0,0.27398065
0,0.26601872
0,0.27118662
0,0.3028176
0,0.2903707
0,0.30228618
0,0.2737829
0,0.26715034
0,0.27996567
0,0.27790987
0,0.2729616
0,0.26876175
0,0.26926455
0,0.2811769
0,0.27774495
0,0.27204582
0,0.27259755
0,0.26765963
0,0.2717276
0,0.2542173
0,0.26640582
0,0.2645511
0,0.27564016
0,0.29278108
0,0.26791033
0,0.26225704
0,0.27664882
0,0.26979354
0,0.33695567
0,0.30619252
0,0.28112522
0,0.27473563
0,0.275856
0,0.2955133
0,0.27248573
0,0.2671682
0,0.2660061
0,0.2721944
0,0.28711453
0,0.29331005
0,0.30108932
0,0.28310293
0,0.2871606
0,0.28718805
0,0.29122704
0,0.28539485
0,0.28001216
0,0.28847265
0,0.272794
0,0.27069923
0,0.28076664
0,0.26505858
0,0.26906803
0,0.27015758
0,0.26786056
0,0.26466095
0,0.27218267
0,0.2652981
0,0.26421633
0,0.26735064
0,0.27190056
0,0.28148285
0,0.2668259
0,0.2689149
0,0.26157913
0,0.25971937
0,0.25660625
0,0.26300123
0,0.26931375
0,0.26077
0,0.27304488
0,0.3056399
0,0.27289137
0,0.2994574
0,0.27437368
0,0.2688917
0,0.27120388
0,0.25737473
0,0.2520299
0,0.26826808
0,0.26670724
0,0.26249763
0,0.26592174
0,0.260886
0,0.2668606
0,0.266069
0,0.2669324
0,0.26127163
0,0.2643365
0,0.26645944
0,0.265135
0,0.2687322
0,0.26742604
0,0.28460178
0,0.27303478
0,0.26464733
0,0.2662736
0,0.2734685
0,0.26310185
0,0.26564848
0,0.26531327
0,0.25746015
0,0.2630077
0,0.2680811
0,0.27627122
0,0.27985626
0,0.2710131
0,0.26499352
0,0.26914203
0,0.25902823
0,0.27807972
0,0.27200964
0,0.26723102
0,0.26959282
0,0.28421903
0,0.26086769
0,0.27465177
0,0.2625701
0,0.26146227
0,0.26624036
0,0.26207554
0,0.26993862
0,0.27297843
0,0.27004546
0,0.2677838
0,0.26972505
0,0.27306297
0,0.27759948
0,0.28359076
0,0.27969226
0,0.28689468
0,0.27805737
0,0.27182132
0,0.26913866
0,0.26763186
0,0.25215226
0,0.26523
0,0.26619932
0,0.25927773
0,0.268111
0,0.27011177
0,0.26728675
0,0.26420724
0,0.26186937
0,0.2665794
0,0.26261562
0,0.25967148
0,0.26217383
0,0.26546976
0,0.2677339
0,0.25827226
0,0.2598829
0,0.25523287
0,0.27055684
0,0.26029745
0,0.27025518
0,0.268303
0,0.2729993
0,0.282888
0,0.2929975
0,0.29522792
0,0.28781042
0,0.29165664
0,0.28894347
0,0.2811861
0,0.28779584
0,0.27718648
0,0.28344706
0,0.2710328
0,0.2812266
0,0.27280575
0,0.2641495
0,0.26533765
0,0.25933093
0,0.2816239
0,0.27781376
0,0.2744261
0,0.27346772
0,0.29259127
0,0.27048087
0,0.26815593
0,0.2601404
0,0.26264817
0,0.26985607
0,0.27486393
0,0.26369646
0,0.26310152
0,0.28501335
0,0.26928675
0,0.2702915
0,0.2667572
0,0.26578045
0,0.2716375
0,0.2659341
0,0.26578122
0,0.2766148
0,0.25963828
0,0.26934937
0,0.2669336
0,0.27668142
0,0.27950373
0,0.2702989
0,0.26350176
0,0.26456654
0,0.25941172
0,0.26386133
0,0.2581627
0,0.26177478
0,0.254948
0,0.26024592
0,0.26501906
0,0.2651725
0,0.26707867
0,0.273121
0,0.25877044
0,0.25538912
0,0.26279768
0,0.2683131
0,0.25646693
0,0.25968483
0,0.26415125
0,0.26123023
0,0.26434857
0,0.2582064
0,0.26779518
0,0.32324058
0,0.28658816
0,0.2933164
0,0.28876558
0,0.28375813
0,0.27718204
0,0.2791706
0,0.27299872
0,0.27662537
0,0.27025306
0,0.26893628
0,0.2670039
0,0.28363633
0,0.2702525
0,0.27720594
0,0.27465194
0,0.27433923
0,0.28238025
0,0.26656014
0,0.26619184
0,0.26913893
0,0.26237687
0,0.2567965
0,0.25812584
0,0.25413442
0,0.25688303
0,0.2619681
0,0.27460426
0,0.28044233
0,0.30626407
0,0.28740877
0,0.27533662
0,0.27877626
0,0.2697001
0,0.27162457
0,0.26570672
0,0.26682305
0,0.2607312
0,0.26456693
0,0.2703506
0,0.27094567
0,0.27326772
0,0.2613947
0,0.27369913
0,0.26662266
0,0.27164373
0,0.2660595
0,0.25996166
0,0.26513284
0,0.25790468
0,0.26209396
0,0.27356488
0,0.26829794
0,0.2714197
0,0.2670782
0,0.2739304
0,0.26504877
0,0.26977354
0,0.268891
0,0.27753055
0,0.2708597
0,0.2724203
0,0.2663504
0,0.25760227
0,0.2627887
0,0.26543787
0,0.26196995
0,0.27641177
0,0.2671041
0,0.2675949
0,0.25787768
0,0.26177198
0,0.2588467
0,0.2608705
0,0.26230735
0,0.26498646
0,0.27146772
0,0.2658868
0,0.2713439
0,0.2663311
0,0.26588947
0,0.26879016
0,0.26260445
0,0.26418412
0,0.26831502
0,0.26743266
0,0.25533435
0,0.28812212
0,0.25796857
0,0.26647007
0,0.26933447
0,0.2587733
0,0.26590794
0,0.26779193
0,0.26993966
0,0.25955576
0,0.26651227
0,0.26066753
0,0.26658863
0,0.27164128
0,0.27441183
0,0.268693
0,0.27231607
0,0.26348135
0,0.25683236
0,0.25743222
0,0.25231892
0,0.2540386
0,0.25282103
0,0.2630711
0,0.25199613
0,0.26385528
0,0.26194736
0,0.2568583
0,0.27457282
0,0.26075417
0,0.26321933
0,0.2674185
0,0.26359645
0,0.26751122
0,0.26424062
0,0.2675024
0,0.26661652
0,0.26678753
0,0.2748866
0,0.26085982
0,0.2624238
0,0.265529
0,0.26154363
0,0.26508376
0,0.2755368
0,0.2698915
0,0.26579487
0,0.26794714
0,0.2641596
1,0.25841027
1,0.26629868
1,0.26835263
1,0.26762533
1,0.2664615
1,0.27647358
1,0.27115446
1,0.26514277
1,0.26613283
1,0.2714281
1,0.2687124
1,0.27455097
1,0.28174722
1,0.28332156
1,0.278023
0,0.94023275
0,0.76491046
0,0.6708454
0,0.5879245
0,0.5335222
0,0.46206516
0,0.41117215
0,0.35867172
0,0.29104382
0,0.2431551
0,0.20624097
0,0.17633478
0,0.15931259
0,0.15143262
0,0.14177695
0,0.13437094
0,0.13181815
0,0.12769958
0,0.129929
0,0.13612303
0,0.13718998
0,0.1370881
0,0.14604625
0,0.15755521
0,0.17230369
0,0.1899222
0,0.20673715
0,0.2165088
0,0.23225223
0,0.23683421
0,0.27676842
0,0.2996836
0,0.30094406
0,0.28670013
0,0.27925935
0,0.26763195
0,0.27119517
0,0.26204297
0,0.2655369
0,0.25880134
0,0.2631139
0,0.2567998
0,0.26229683
0,0.26540473
0,0.2501
0,0.24836701
0,0.25566962
0,0.260885
0,0.28421766
0,0.27679452
0,0.2621147
0,0.28415436
0,0.28196168
0,0.27472576
0,0.2702022
0,0.2584022
0,0.2618114
0,0.25908342
0,0.25929528
0,0.25803027
0,0.26287618
0,0.26330072
0,0.25916034
0,0.25452083
0,0.26633084
0,0.26413345
0,0.25916922
0,0.2576638
0,0.27027416
0,0.2657206
0,0.2669688
0,0.2661897
0,0.27502924
0,0.2821615
0,0.28172424
0,0.27500993
0,0.28501093
0,0.27730674
0,0.27912554
0,0.27532154
0,0.26458538
0,0.2670988
0,0.2590725
0,0.2588721
0,0.25434327
0,0.25581008
0,0.25183973
0,0.25453493
0,0.2671038
0,0.27006197
0,0.26482877
0,0.2737796
0,0.2602129
0,0.25919154
0,0.25411
0,0.2670725
0,0.25475588
0,0.2569464
0,0.25182098
0,0.25129327
0,0.2616593
0,0.2459353
0,0.2610658
0,0.26534614
0,0.26491246
0,0.25648722
0,0.26157954
0,0.25415108
0,0.26237965
0,0.26693043
0,0.26798525
0,0.25873047
0,0.263446
0,0.25549394
0,0.25971165
0,0.25312445
0,0.25889012
0,0.2639796
0,0.26691157
0,0.25299302
0,0.25896844
0,0.27538344
0,0.30291507
0,0.30844826
0,0.31371072
0,0.3173273
0,0.30201057
0,0.29317087
0,0.29379568
0,0.28243503
0,0.2747923
0,0.26862103
0,0.26874158
0,0.26810235
0,0.2645396
0,0.2716527
0,0.2762527
0,0.2727587
0,0.2782865
0,0.2819261
0,0.27845785
0,0.29020518
0,0.28451765
0,0.2787258
0,0.28493077
0,0.27355987
0,0.2949135
0,0.2756563
0,0.2862129
0,0.27295792
0,0.26600242
0,0.2645842
0,0.27066323
0,0.28108934
0,0.27975523
0,0.27146065
0,0.29483053
0,0.28199822
0,0.27585715
0,0.26791352
0,0.27106014
0,0.2634591
0,0.26942736
0,0.26975325
0,0.27251983
0,0.27703294
0,0.27210107
0,0.26158398
0,0.25851834
0,0.26428354
0,0.26387107
0,0.26854777
0,0.27079052
0,0.26928443
0,0.27289587
0,0.27088377
0,0.26905307
0,0.2686987
0,0.26562807
0,0.2581359
0,0.2609659
0,0.26253602
0,0.27573717
0,0.28140724
0,0.28183866
0,0.2621739
0,0.27920285
0,0.27068174
0,0.26715165
0,0.26726636
0,0.26144767
0,0.2623505
0,0.2591711
0,0.25749448
0,0.25715604
0,0.258718
0,0.25939596
0,0.26293707
0,0.25827172
0,0.25506184
0,0.25469133
0,0.26830015
0,0.26032838
0,0.25381145
0,0.25401643
0,0.24990964
0,0.28623638
0,0.26801553
0,0.27615887
0,0.26553866
0,0.28379965
0,0.27233297
0,0.27422768
0,0.27613786
0,0.27453408
0,0.26713845
0,0.27238342
0,0.2630435
0,0.27192855
0,0.2670117
0,0.2768424
0,0.26042593
0,0.26689887
0,0.25737855
0,0.26415828
0,0.26669067
0,0.26758903
0,0.2575388
0,0.2627466
0,0.27639356
0,0.25801358
0,0.2656142
0,0.26384866
0,0.26124322
0,0.26253122
0,0.26956582
0,0.26590726
0,0.28844643
0,0.27292752
0,0.2729127
0,0.25322145
0,0.26133856
0,0.2608657
0,0.26205283
0,0.26373628
0,0.26285392
0,0.27294648
0,0.26810956
0,0.26438093
0,0.26313612
0,0.26191336
0,0.26585928
0,0.26061666
0,0.262122
0,0.26050913
0,0.25974348
0,0.26811525
0,0.26238114
0,0.27451566
0,0.26555514
0,0.26057407
0,0.26249203
0,0.2583419
0,0.26168725
0,0.2753201
0,0.26626614
0,0.27919352
0,0.2725121
0,0.27541316
0,0.2654482
0,0.27043846
0,0.2631831
0,0.26903388
0,0.256097
0,0.26556024
0,0.2699157
0,0.2716136
0,0.29941434
0,0.28455293
0,0.27098963
0,0.2626388
0,0.25956994
0,0.26563653
0,0.25780475
0,0.26389977
0,0.269553
0,0.27001283
0,0.27323908
0,0.27017915
0,0.27109265
0,0.27481964
0,0.26193243
0,0.27243477
0,0.2703662
0,0.2674906
0,0.25875962
0,0.26200998
0,0.2650172
0,0.26747853
0,0.27037624
0,0.27338198
0,0.2594916
0,0.2775297
0,0.26117492
0,0.262953
0,0.26440778
0,0.26372778
0,0.26373485
0,0.27274075
0,0.25560352
0,0.26053777
0,0.26695502
0,0.2748107
0,0.26571652
0,0.26332498
0,0.27557945
0,0.27600652
0,0.26781473
0,0.26344958
0,0.2566543
0,0.27249894
0,0.27834356
0,0.2680093
0,0.29391488
0,0.27106562
0,0.28016755
0,0.26715168
0,0.2642223
0,0.2597543
0,0.2698659
0,0.2719836
0,0.27458474
0,0.27838275
0,0.26585278
0,0.27524763
0,0.28169033
0,0.28843537
0,0.30229303
0,0.29118636
0,0.2827628
0,0.3201632
0,0.28394288
0,0.3093046
0,0.28676435
0,0.2844927
0,0.28165892
0,0.2775959
0,0.278017
0,0.27710477
0,0.27595097
0,0.27754632
0,0.28128272
0,0.26953664
0,0.27330095
0,0.27113202
0,0.28083202
0,0.2727006
0,0.26213306
0,0.26674268
0,0.26256803
0,0.26505685
0,0.26589254
0,0.26606822
0,0.27881983
0,0.26347223
0,0.2688267
0,0.26989552
0,0.25676787
0,0.2621653
0,0.25164777
0,0.2472848
0,0.27277893
0,0.26805794
0,0.2691956
0,0.26687822
0,0.2763783
0,0.28172132
0,0.2717452
0,0.26822028
0,0.2664697
0,0.2617223
0,0.26189905
0,0.27426264
0,0.26557428
0,0.26319417
0,0.25984433
0,0.2633579
0,0.26038817
0,0.26240095
0,0.2595782
0,0.25995222
0,0.25787497
0,0.2575009
0,0.25430557
0,0.25772074
0,0.2556203
0,0.2665386
0,0.27089125
0,0.27544624
0,0.26489195
0,0.26153234
0,0.26201826
0,0.27184042
0,0.2633303
0,0.25962
0,0.26731318
0,0.2581203
0,0.25567412
0,0.2971394
0,0.27456698
0,0.25973827
0,0.2719481
0,0.27734175
0,0.28961998
0,0.2815274
0,0.28477865
0,0.2861916
0,0.26961404
0,0.2759549
0,0.26346606
0,0.26872376
0,0.25914037
0,0.2663878
0,0.26939562
0,0.26990196
0,0.27276266
0,0.2706612
0,0.27540752
0,0.27026883
0,0.2648447
0,0.27032006
0,0.27047318
0,0.26810834
0,0.27261522
0,0.27003297
0,0.26933998
0,0.26825488
0,0.27610174
0,0.27384058
0,0.27662212
0,0.27217427
0,0.271337
0,0.26893166
0,0.26685414
0,0.26511496
0,0.26198664
0,0.27699965
0,0.26522177
0,0.2780433
0,0.26265672
0,0.2630007
0,0.2611822
0,0.26324087
0,0.2817642
0,0.27078426
0,0.26611808
0,0.27750722
0,0.27255103
0,0.27713558
0,0.27501714
0,0.27875963
0,0.26866907
0,0.27740666
0,0.28129154
0,0.26855084
0,0.27133292
0,0.29496843
0,0.2749873
0,0.267961
0,0.26374665
0,0.2584308
0,0.27162036
0,0.2771245
0,0.26409277
0,0.26038134
0,0.2590909
0,0.2532323
0,0.25505692
0,0.2465648
0,0.24358283
0,0.26012397
0,0.25290444
0,0.2676017
0,0.26743853
0,0.26939
0,0.27356964
0,0.27471966
0,0.27344897
0,0.2729922
0,0.27798674
0,0.27664113
0,0.2621267
0,0.26320148
0,0.26564607
0,0.26800144
0,0.25892845
0,0.26672563
0,0.26581207
0,0.26685017
0,0.26570117
0,0.26693586
0,0.26699966
0,0.2682329
0,0.27386847
0,0.26783437
0,0.29762053
0,0.28344384
0,0.30769482
0,0.2939265
0,0.2755684
0,0.26803386
0,0.26963145
0,0.26844147
0,0.30120653
0,0.30136323
0,0.31800702
0,0.30121663
0,0.3209853
0,0.30593222
0,0.30579072
0,0.3059757
0,0.2845831
0,0.28138152
0,0.28466192
0,0.27446496
0,0.27997398
0,0.28205484
0,0.2712422
0,0.27185047
0,0.27088135
0,0.2686358
0,0.28025335
0,0.27572992
0,0.27902123
0,0.27012408
0,0.27480894
0,0.2660087
0,0.2617874
0,0.26338744
0,0.28299913
0,0.2933878
0,0.2873292
0,0.27672988
0,0.26392588
0,0.27387735
0,0.26339483
0,0.2606022
0,0.27096847
0,0.25815326
0,0.26780957
0,0.25910693
0,0.2551836
0,0.254274
0,0.26291272
0,0.25631663
0,0.26369745
0,0.2711452
0,0.26530316
0,0.26941195
0,0.26481646
0,0.27061734
0,0.2681934
0,0.26935697
0,0.2711749
0,0.25605097
0,0.26404884
0,0.26782253
0,0.26578122
0,0.27380353
0,0.2576708
0,0.26553163
0,0.2644228
0,0.26649135
0,0.26300144
0,0.26784217
0,0.26485312
0,0.2663298
0,0.26632455
0,0.258301
0,0.2611512
0,0.2644688
0,0.26189953
0,0.26399288
0,0.26185733
0,0.26405454
0,0.2610195
0,0.26303813
0,0.27958325
0,0.27610704
0,0.27104282
0,0.26941466
0,0.26350862
0,0.2654421
0,0.2604532
0,0.26391876
0,0.25861517
0,0.26132384
0,0.27041155
0,0.26450735
0,0.27988473
0,0.2807207
0,0.28331023
0,0.27211952
0,0.2756331
0,0.27224913
0,0.28116527
0,0.27175426
0,0.27402812
0,0.28358588
0,0.2783294
0,0.2707144
0,0.2632279
0,0.2591237
0,0.27220717
0,0.26544565
0,0.27616638
0,0.2662003
0,0.28113768
0,0.2723136
0,0.27064276
0,0.26499844
0,0.25751323
0,0.2689797
0,0.2656931
0,0.26444542
0,0.2607342
0,0.25906834
0,0.26220474
0,0.27742133
0,0.27053767
0,0.26254886
0,0.2668409
0,0.26209083
0,0.26906186
0,0.27721962
0,0.27027053
0,0.2727587
0,0.26889673
0,0.26667863
0,0.27216944
0,0.27186313
0,0.26852012
0,0.26166877
0,0.26521546
0,0.2680857
0,0.25478107
0,0.26778865
0,0.2717664
0,0.26666817
0,0.2756386
0,0.26304284
0,0.25974885
0,0.25423062
0,0.25752732
0,0.26240322
0,0.26051795
0,0.2631595
0,0.25807542
0,0.26241753
0,0.26050556
0,0.2650239
0,0.26283574
0,0.26784983
0,0.26155338
0,0.26462892
0,0.26230752
0,0.2639832
0,0.27107573
0,0.260869
0,0.29252917
0,0.2664927
0,0.258416
0,0.25759134
0,0.26094192
0,0.25290015
0,0.24895746
0,0.25421712
0,0.25443283
0,0.25531155
0,0.38274947
0,0.30837306
0,0.30464092
0,0.29952043
0,0.28933913
0,0.29719993
0,0.2856918
0,0.274556
0,0.27684093
0,0.26858672
0,0.26307186
0,0.27014655
0,0.27004546
0,0.26276597
0,0.2717813
0,0.2641609
0,0.26313543
0,0.26181132
0,0.2651476
0,0.259952
0,0.26584938
0,0.27245456
0,0.26995257
0,0.26544932
0,0.26751918
0,0.27295268
0,0.2695986
0,0.26105446
0,0.26508594
0,0.2687206
0,0.26715213
0,0.26664644
0,0.2659585
0,0.26796108
0,0.2661788
0,0.26816392
0,0.26949418
0,0.2697127
0,0.27978867
0,0.28246072
0,0.26501787
0,0.27433488
0,0.2884287
0,0.30260792
0,0.28885943
0,0.27350396
0,0.27103662
0,0.26957905
0,0.26621112
0,0.29131496
0,0.27305987
0,0.28048924
0,0.26989698
0,0.26442844
0,0.26426733
0,0.27672738
0,0.26724663
0,0.26612473
0,0.27375606
0,0.26597372
0,0.25900713
0,0.2606384
0,0.2585233
0,0.27387357
0,0.25672728
0,0.26263744
0,0.25994927
0,0.25292957
0,0.25389642
0,0.26693615
0,0.25365037
0,0.25986484
0,0.2572006
0,0.25563812
0,0.26013058
0,0.25056288
0,0.25219357
0,0.2524842
0,0.25514752
0,0.24867591
0,0.24986388
0,0.27139935
0,0.26804397
0,0.25968808
0,0.2606109
0,0.2572618
0,0.25571355
0,0.2675916
0,0.26117828
0,0.26231563
0,0.2660443
0,0.2718087
0,0.27080458
0,0.28883347
0,0.27965075
0,0.27703577
0,0.27393532
0,0.26737633
0,0.27240396
0,0.2707178
0,0.25976586
0,0.2669662
0,0.26700395
0,0.2569824
0,0.2705001
0,0.26770934
0,0.26663852
0,0.27352703
0,0.29641148
0,0.2684353
0,0.27086097
0,0.2621903
0,0.26451892
0,0.25669324
0,0.2611134
0,0.26260617
0,0.26220918
0,0.26350915
0,0.26381573
0,0.2702041
0,0.2772075
0,0.27111158
0,0.28377405
0,0.26135632
0,0.2667493
0,0.2647057
0,0.26298988
0,0.25759503
0,0.2900224
0,0.2721533
0,0.28129175
0,0.27278283
0,0.27114904
0,0.28266865
0,0.28542542
0,0.2873181
0,0.2893426
0,0.27116218
0,0.2692542
0,0.26512906
0,0.26449224
0,0.26207554
0,0.25921196
0,0.25589588
0,0.25896558
0,0.27223897
0,0.2811875
0,0.273413
0,0.2718383
0,0.26553524
0,0.26404238
0,0.26061928
0,0.27424327
0,0.28412122
0,0.2719473
0,0.26903558
0,0.264827
0,0.26360217
0,0.2707064
0,0.2788491
0,0.28139096
0,0.26790777
0,0.27395913
0,0.25536135
0,0.2679578
0,0.26610366
0,0.27299985
0,0.26465902
0,0.26867685
0,0.2653689
0,0.27038136
0,0.2717138
0,0.27102473
0,0.26439157
0,0.2648732
0,0.25854355
0,0.27038753
0,0.27653244
0,0.26789448
0,0.2775378
0,0.2704345
0,0.27242354
0,0.27391636
0,0.26594272
0,0.26760402
0,0.26745242
0,0.26753396
0,0.27256447
0,0.2742999
0,0.28008297
0,0.27557674
0,0.2955033
0,0.27891943
0,0.28885275
0,0.27544308
0,0.27777988
0,0.2819706
0,0.2909716
0,0.28628388
0,0.27859524
0,0.28222334
0,0.27473927
0,0.27448592
0,0.27063033
0,0.25979215
0,0.2670652
0,0.26225963
0,0.3478171
0,0.3103923
0,0.31179956
0,0.2925126
0,0.28175113
0,0.2876606
0,0.27826306
0,0.2695377
0,0.26937798
0,0.2645897
0,0.2640322
0,0.26091194
0,0.2614331
0,0.25868776
0,0.27110395
0,0.26106864
0,0.2600305
0,0.26776257
0,0.26159683
0,0.25886312
0,0.25833035
0,0.2520656
0,0.25688305
0,0.25344867
0,0.2548857
0,0.25945634
0,0.2575312
0,0.2589899
0,0.25574595
0,0.25553575
0,0.24728741
0,0.2519735
0,0.2539598
0,0.26031888
0,0.25468108
0,0.25237092
0,0.25098822
0,0.25656596
0,0.26236334
0,0.26330155
0,0.25449196
0,0.2511301
0,0.2661481
0,0.2607264
0,0.25566873
0,0.26734355
0,0.25723952
0,0.24994467
0,0.24995205
0,0.2640994
0,0.2806376
0,0.25902298
0,0.26636973
0,0.26516378
0,0.26693887
0,0.2566187
0,0.26334077
0,0.2562976
0,0.27402583
0,0.26688707
0,0.25584915
0,0.26001862
0,0.2624225
0,0.2618598
0,0.26499322
0,0.27458233
0,0.27542663
0,0.26868135
0,0.26814672
0,0.2680195
0,0.26476538
0,0.26390713
0,0.26469052
0,0.26253033
0,0.26451522
0,0.26017994
0,0.2651359
0,0.2610021
0,0.2629902
0,0.26038992
0,0.26075295
0,0.26966542
0,0.26711944
0,0.26678234
0,0.257774
0,0.255259
0,0.2584287
0,0.25880605
0,0.2806783
0,0.2656583
0,0.25784528
0,0.2579658
0,0.25833726
0,0.26931688
0,0.27696386
0,0.26092142
0,0.27204308
0,0.26244733
0,0.2737816
0,0.2624557
0,0.26127452
0,0.2516498
0,0.2539648
0,0.25189117
0,0.2518818
0,0.2631834
0,0.2510131
0,0.25594327
0,0.25236124
0,0.26047167
0,0.25829896
0,0.26010963
0,0.26561746
0,0.26805645
0,0.27370128
0,0.2680121
0,0.26943994
0,0.27466124
0,0.27192485
0,0.27449447
0,0.28333268
0,0.26917252
0,0.2713192
0,0.27274725
0,0.26426712
0,0.26267412
0,0.2570173
0,0.26303682
0,0.25499952
0,0.25967056
0,0.26149946
0,0.26314527
0,0.26610526
0,0.26851144
0,0.26995206
0,0.26134324
0,0.26444972
0,0.26766992
0,0.2664171
0,0.26792753
0,0.2663229
0,0.26393947
0,0.26942715
0,0.26473448
0,0.2599315
0,0.26246598
0,0.26204124
0,0.30140328
0,0.32357028
0,0.29173622
0,0.29689547
0,0.28037786
0,0.2846033
0,0.28263202
0,0.27227005
0,0.26686075
0,0.26578593
0,0.26179296
0,0.26096466
0,0.25899163
0,0.25666168
0,0.25557882
0,0.2564202
0,0.2549193
0,0.2553623
0,0.25338128
0,0.25484434
0,0.2527295
0,0.25317413
0,0.26226723
0,0.28277028
0,0.26345548
0,0.26485255
0,0.2640491
0,0.25974554
0,0.26745898
0,0.35235387
0,0.32151672
0,0.3058031
0,0.29195338
0,0.27729282
0,0.277003
0,0.26459813
0,0.26118362
0,0.2682796
0,0.25872195
0,0.24934138
0,0.24813612
0,0.2595631
0,0.25107202
0,0.2630266
0,0.2654866
0,0.26903972
0,0.25831074
0,0.26573703
0,0.26331124
0,0.26694325
0,0.26018003
0,0.26693007
0,0.2639346
0,0.265835
0,0.26271722
0,0.26638338
0,0.2739556
0,0.2705544
0,0.26583922
0,0.2670964
0,0.2626113
0,0.26421234
0,0.26531255
0,0.2685265
0,0.26254994
0,0.26386124
0,0.26028773
0,0.26253244
0,0.27415508
0,0.26708472
0,0.2635834
0,0.26336375
0,0.259754
0,0.26172858
0,0.2589133
0,0.26340204
0,0.27358758
0,0.27946165
0,0.2655514
0,0.2670448
0,0.25781283
0,0.2856271
0,0.26728013
0,0.2855764
0,0.27991605
0,0.27258867
0,0.27567017
0,0.28309047
0,0.28555092
0,0.27269003
0,0.2754017
0,0.2706816
0,0.27389067
0,0.2626278
0,0.255051
0,0.25697967
0,0.26346788
0,0.25760153
0,0.26098284
0,0.25795007
0,0.26402837
0,0.2622316
0,0.26058215
0,0.27227834
0,0.25988322
0,0.26671338
0,0.25890544
0,0.26493657
0,0.26709962
0,0.26756972
0,0.26705757
0,0.2565644
0,0.2625988
0,0.26391524
0,0.2650718
0,0.27049178
0,0.26075473
0,0.26418278
0,0.2528587
0,0.2458182
0,0.26846686
0,0.25908306
0,0.26024586
0,0.26200268
0,0.26421878
0,0.26950508
0,0.27057406
0,0.266927
0,0.2652671
0,0.256973
0,0.2589262
0,0.26332557
0,0.26114833
0,0.2660631
0,0.2599012
0,0.2713954
0,0.27427793
0,0.27705845
0,0.26142403
0,0.26953617
0,0.26236722
0,0.26252097
0,0.2620897
0,0.26072302
0,0.28000447
0,0.27939245
0,0.26807725
0,0.27463883
0,0.26398045
0,0.26264206
0,0.26057634
0,0.25790167
0,0.2559734
0,0.25471577
0,0.2645487
0,0.25692505
0,0.24770397
0,0.2735036
0,0.25967783
0,0.2572264
0,0.25628155
0,0.25517783
0,0.25366825
0,0.26213253
0,0.2658804
0,0.26651153
0,0.2703175
0,0.2587802
0,0.2653048
0,0.26068014
0,0.26667255
0,0.27179578
0,0.25938967
0,0.26534158
0,0.26758128
0,0.26763994
0,0.26797464
0,0.28704733
0,0.27965787
0,0.27414382
0,0.27243146
0,0.2619408
0,0.27273136
0,0.26506105
0,0.28020927
0,0.27027497
0,0.27118385
0,0.26909906
0,0.25944698
0,0.2632874
0,0.2648534
0,0.26476648
0,0.26507723
0,0.25651905
0,0.2513881
0,0.25770622
0,0.25897956
0,0.25919384
0,0.25972435
0,0.26410216
0,0.25498724
0,0.25727713
0,0.26048914
0,0.29037002
0,0.2728699
0,0.26716062
0,0.26382408
0,0.2775491
0,0.32777262
0,0.2988713
0,0.28086615
0,0.272953
0,0.2613473
0,0.2756959
0,0.26852277
0,0.26256126
0,0.26136065
0,0.27428713
0,0.27701208
0,0.2648245
0,0.27042404
0,0.26123843
0,0.25275415
0,0.2548629
0,0.2575274
0,0.26559997
0,0.2787547
0,0.2774996
0,0.268768
0,0.27095413
0,0.27421358
0,0.272235
0,0.2735508
0,0.2760741
0,0.27671835
0,0.2734058
0,0.2634883
0,0.27253902
0,0.2707121
0,0.2705731
0,0.27169245
0,0.27265447
0,0.27160308
0,0.26886958
0,0.27002454
0,0.26734298
0,0.26975203
0,0.2572466
0,0.26559362
0,0.25148898
0,0.259828
0,0.25852758
0,0.25732487
0,0.26381925
0,0.26410937
0,0.26452735
0,0.26962844
0,0.26348427
0,0.2605582
0,0.257387
0,0.26208994
0,0.26793095
0,0.28372693
0,0.28327367
0,0.2617258
0,0.2780118
0,0.26995817
0,0.27148166
0,0.27394396
0,0.26922065
0,0.29993707
0,0.27961248
0,0.27281746
0,0.26412702
0,0.2709318
0,0.27206504
0,0.26966414
0,0.27132344
0,0.2669904
0,0.27856237
0,0.26824138
0,0.27108487
0,0.26693887
0,0.27259794
0,0.26592615
0,0.2701209
0,0.2819937
0,0.2776473
0,0.2674516
0,0.27530786
0,0.2788628
0,0.27175683
0,0.28192937
0,0.2794122
0,0.27368447
0,0.27129224
0,0.32681298
0,0.33136162
0,0.3288856
0,0.31904677
0,0.2912642
0,0.28345713
0,0.40987033
0,0.33637917
0,0.3167556
0,0.288718
0,0.2784597
0,0.27429557
0,0.26601258
0,0.26014936
0,0.25816372
0,0.26079196
0,0.2580803
0,0.25964263
0,0.2625548
0,0.27201742
0,0.27142054
0,0.2648727
0,0.2594842
0,0.2617857
0,0.26974726
0,0.2736053
0,0.26912487
0,0.28284398
0,0.27538267
0,0.2790309
0,0.2670687
0,0.2757022
0,0.27253574
0,0.2654748
0,0.25565886
0,0.25103113
0,0.27146462
0,0.27317214
0,0.26874912
0,0.26383477
0,0.25567776
0,0.25569445
0,0.26203147
0,0.25420094
0,0.25540242
0,0.2654175
0,0.26400357
0,0.26311356
0,0.27436203
0,0.27232704
0,0.28156087
0,0.30982628
0,0.29063842
0,0.29288757
0,0.28711417
0,0.2855487
0,0.2776859
0,0.27612385
0,0.269835
0,0.27452826
0,0.26750466
0,0.268933
0,0.2683084
0,0.26549196
0,0.2616874
0,0.26630187
0,0.26229477
0,0.25456432
0,0.2678123
0,0.26041234
0,0.280211
0,0.27351594
0,0.2805492
0,0.27243286
0,0.26526758
0,0.26957792
0,0.26211256
0,0.26536655
0,0.28498533
0,0.3324184
0,0.28852972
0,0.2804053
0,0.27499458
0,0.2641281
0,0.26680553
0,0.26466328
0,0.2589565
0,0.27426043
0,0.27228472
0,0.28033042
0,0.27677673
0,0.2822549
0,0.28125185
0,0.2801394
0,0.29182506
0,0.27632967
0,0.27509493
0,0.27831176
0,0.27572697
0,0.27884737
0,0.2706553
0,0.35362172
0,0.2939992
0,0.28052565
0,0.28531507
0,0.28631604
0,0.28340453
0,0.27283418
0,0.27570543
0,0.2772127
0,0.26510704
0,0.27357656
0,0.27074525
0,0.2626062
0,0.26449215
0,0.25938332
0,0.2643433
0,0.2681655
0,0.2678513
0,0.27093786
0,0.26946723
0,0.2714777
0,0.28697544
0,0.28940395
0,0.2821122
0,0.28302407
0,0.28380817
0,0.27209586
0,0.27902412
0,0.27861825
0,0.2868631
0,0.28138733
0,0.3138921
0,0.28911942
0,0.28053677
0,0.28544146
0,0.28486434
0,0.27379268
0,0.2919173
0,0.28208032
0,0.2704857
0,0.27099296
0,0.271744
0,0.2725253
0,0.26317587
0,0.26583704
0,0.27128744
0,0.28049126
0,0.2809728
0,0.27618885
0,0.26530555
0,0.2667541
0,0.2760337
0,0.26902252
0,0.29526025
0,0.2769464
0,0.27861175
0,0.27224994
0,0.2735186
0,0.2691773
0,0.27107316
0,0.2627617
0,0.26815262
0,0.2757682
0,0.2722489
0,0.26736578
0,0.2617552
0,0.26323032
0,0.26493046
0,0.29437178
0,0.27795556
0,0.27074084
0,0.2727163
0,0.26854917
0,0.26925644
0,0.26667705
0,0.26984936
0,0.2629089
0,0.26439592
0,0.27360773
0,0.26718313
0,0.2631535
0,0.26411772
0,0.2611788
0,0.26372287
0,0.2574347
0,0.27414128
0,0.26291078
0,0.26580107
0,0.27084166
0,0.28062782
0,0.27951154
0,0.27232137
0,0.2763853
0,0.26880956
0,0.27184263
0,0.26618823
0,0.26447237
0,0.2621721
0,0.26676768
0,0.25342286
0,0.26860324
0,0.26314968
0,0.26547414
0,0.27062574
0,0.26907253
0,0.26178727
0,0.27219126
0,0.26226154
0,0.2670716
0,0.27139223
0,0.2766345
0,0.2643528
0,0.26711267
0,0.25554255
0,0.26219055
0,0.27058414
0,0.26687774
0,0.2704062
0,0.26698926
0,0.28098655
0,0.26365143
0,0.2729364
0,0.2672453
0,0.27050903
0,0.26688978
0,0.25923157
0,0.26138017
0,0.26612028
0,0.26863807
0,0.27289516
0,0.2897719
0,0.2805002
0,0.27102
0,0.26694098
0,0.2651207
0,0.26668206
0,0.26170146
0,0.2658737
0,0.25834846
0,0.26492035
0,0.26360384
0,0.2711722
0,0.27929813
0,0.2716828
0,0.26944944
0,0.2917254
0,0.27067852
0,0.2652068
0,0.2602274
0,0.25484532
0,0.25731295
0,0.2595093
0,0.26112244
0,0.2607029
0,0.25782958
0,0.25941637
0,0.25609332
0,0.26971033
0,0.25827459
0,0.26220223
0,0.26848722
0,0.26294762
0,0.25471306
0,0.25661638
0,0.263654
0,0.2639638
0,0.27070516
0,0.2748103
0,0.29974413
0,0.27462202
0,0.27849776
0,0.28065547
0,0.27557626
0,0.26515892
0,0.26906186
0,0.27209806
0,0.2699388
0,0.26226276
0,0.26712048
0,0.26906252
0,0.26808977
0,0.2700579
0,0.2683726
0,0.27030367
0,0.2785397
0,0.26359904
0,0.25724664
0,0.2721499
0,0.27941984
0,0.2685931
0,0.26327318
0,0.2724994
0,0.27323443
0,0.26029736
0,0.2639174
0,0.25484082
0,0.26793975
0,0.25549093
0,0.27028155
0,0.26629883
0,0.26372853
0,0.26591817
0,0.26285255
0,0.25705186
0,0.2584776
0,0.26376832
0,0.2603305
0,0.27592617
0,0.27533215
0,0.2767551
0,0.27862498
0,0.27215725
0,0.26589248
0,0.2559083
0,0.25775486
0,0.26594847
0,0.2593459
0,0.25086728
0,0.2530701
0,0.25782138
0,0.25458616
0,0.25792712
0,0.25581995
0,0.25818264
0,0.26497707
0,0.26159087
0,0.2682153
0,0.2673127
0,0.26088443
0,0.2613111
0,0.2710295
0,0.2611868
0,0.26854882
0,0.2523626
0,0.26160324
0,0.25970903
0,0.26851204
0,0.26195142
0,0.2678812
0,0.2616353
0,0.26086384
0,0.25860304
0,0.26381502
0,0.2816884
0,0.2727483
0,0.27685794
0,0.27292868
0,0.26671493
0,0.2685413
0,0.27952063
0,0.2724464
0,0.2756366
0,0.2716758
0,0.27702945
0,0.27140576
0,0.26349065
0,0.26720375
0,0.2604976
0,0.25173953
0,0.26035807
0,0.28346017
0,0.26843867
0,0.27088988
0,0.2741277
0,0.27308655
0,0.2617642
0,0.26319543
0,0.26743102
0,0.26364645
0,0.25711966
0,0.24973992
0,0.26273072
0,0.26172212
0,0.25312248
0,0.2569854
0,0.26200688
0,0.26542208
0,0.2717836
0,0.2643739
0,0.26737258
0,0.2646885
0,0.26860565
0,0.2619725
0,0.264995
0,0.2712092
0,0.26833943
0,0.26269838
0,0.26693925
0,0.28024787
0,0.27081284
0,0.27254423
0,0.2691776
0,0.2748453
0,0.26885313
0,0.26113093
0,0.2631695
0,0.26911566
0,0.276038
0,0.27626112
0,0.26881456
0,0.26887733
0,0.26356894
0,0.26164168
0,0.27792436
0,0.28042465
0,0.2708615
0,0.26226744
0,0.27537698
0,0.27559692
0,0.27508703
0,0.2654174
0,0.2641913
0,0.26906896
0,0.27943218
0,0.27374852
0,0.26813436
0,0.27208745
0,0.27552798
0,0.26044157
0,0.26059094
0,0.25488764
0,0.25548878
0,0.2770092
0,0.30133274
0,0.30772683
0,0.31260568
0,0.29090053
0,0.2765148
0,0.27820787
0,0.27468473
0,0.27296343
0,0.25698352
0,0.27592385
0,0.2643616
0,0.2691288
0,0.2749215
0,0.27197716
0,0.28833938
0,0.27919883
0,0.26648095
0,0.26907492
0,0.27289066
0,0.25883847
0,0.26595905
0,0.25280085
0,0.26530078
0,0.27224255
0,0.27045438
0,0.27619496
0,0.27657214
0,0.2708056
0,0.27475846
0,0.26837683
0,0.27237105
0,0.26560554
0,0.26626438
0,0.2520383
0,0.26071706
0,0.2695799
0,0.26801243
0,0.26156092
0,0.26339534
0,0.26155394
0,0.26414344
0,0.2608064
0,0.2680303
0,0.26075727
0,0.29260772
0,0.27196047
0,0.279754
0,0.28299484
0,0.27158383
0,0.27642184
0,0.26855215
0,0.26270223
0,0.26255193
0,0.25907975
0,0.25583932
0,0.26472706
0,0.27456138
0,0.26192755
0,0.27296248
0,0.2628253
0,0.25653845
0,0.25558382
0,0.26814955
0,0.25287428
0,0.2591421
0,0.2643286
0,0.25760823
0,0.25396988
0,0.25348333
0,0.26112893
0,0.25498965
0,0.26317376
0,0.26908726
0,0.27025205
0,0.27016756
0,0.26993185
0,0.26960984
0,0.26935676
0,0.26438308
0,0.2672339
0,0.26938897
0,0.28619465
0,0.27696007
0,0.27364898
0,0.27702093
0,0.27273285
0,0.27139717
0,0.27890444
0,0.27535805
0,0.2746624
0,0.27458227
0,0.274024
0,0.27316183
0,0.27121675
0,0.26973888
0,0.26658294
0,0.27284756
0,0.2667142
0,0.27129856
0,0.27591014
0,0.26010945
0,0.26243043
0,0.26814806
0,0.2637367
0,0.25909886
0,0.25961778
0,0.2597464
0,0.2619132
0,0.25978386
0,0.2587021
0,0.26265088
0,0.2636182
0,0.26070964
0,0.25937036
0,0.25896224
0,0.25815982
0,0.25674754
0,0.26408434
0,0.26275542
0,0.25869325
0,0.25696823
0,0.25521034
0,0.26748234
0,0.27539477
0,0.29465172
0,0.27296823
0,0.26512754
0,0.2634688
0,0.2585304
0,0.25689554
0,0.27065602
0,0.26005283
0,0.26854974
0,0.2579415
0,0.2789702
0,0.26233757
0,0.26870996
0,0.27219096
0,0.271521
0,0.27167663
0,0.27370748
0,0.2724434
0,0.27808568
0,0.26604098
0,0.28175354
0,0.28623164
0,0.27715042
0,0.27371392
0,0.272243
0,0.26283237
0,0.27049544
0,0.2716669
0,0.26989597
0,0.27457196
0,0.27227497
0,0.27524862
0,0.34331396
0,0.30254528
0,0.29579893
0,0.29584414
0,0.27981922
0,0.27645758
0,0.27236766
0,0.26328808
0,0.2659445
0,0.26615253
0,0.26769298
0,0.26572117
0,0.27767107
0,0.26917878
0,0.2791979
0,0.27121878
0,0.26834583
0,0.283597
0,0.29349187
0,0.28785324
0,0.275072
0,0.26960677
0,0.2777082
0,0.26872134
0,0.2764193
0,0.26683587
0,0.2748608
0,0.2621417
0,0.2782929
0,0.27938098
0,0.26743296
0,0.26983517
0,0.25831467
0,0.26019087
0,0.2680437
0,0.2547019
0,0.25726902
0,0.27105144
0,0.26433036
0,0.27391142
0,0.27985743
0,0.26874986
0,0.27616978
0,0.26282382
0,0.25994754
0,0.24842797
0,0.26659787
0,0.2512819
0,0.26175737
0,0.25609347
0,0.25603047
0,0.26579812
0,0.26763073
0,0.26976383
0,0.26905233
0,0.25213817
0,0.2633027
0,0.25351155
0,0.27331266
0,0.25976896
0,0.26642302
0,0.26323506
0,0.26647574
0,0.25903332
0,0.26401326
0,0.25474927
0,0.26192433
0,0.26645115
0,0.25994384
0,0.2680266
0,0.2849607
0,0.27933004
0,0.26721677
0,0.27039593
0,0.2704827
0,0.2763867
0,0.27131844
0,0.25896725
0,0.26809898
0,0.27127373
0,0.26901457
0,0.2592864
0,0.26241845
0,0.26645893
0,0.26592326
0,0.26236737
0,0.2702632
0,0.2702746
0,0.26639894
0,0.26618403
0,0.27124387
0,0.27085197
0,0.2654469
0,0.26385042
0,0.2623917
0,0.2507227
0,0.2568548
0,0.25879955
0,0.27542675
0,0.28447697
0,0.28144342
0,0.27324435
0,0.2667367
0,0.28045875
0,0.27946368
0,0.282729
0,0.28651673
0,0.28642255
0,0.28432396
0,0.2892614
0,0.27330688
0,0.27006185
0,0.28915283
0,0.30252415
0,0.28062755
0,0.27430978
0,0.30677995
0,0.32347915
0,0.28665367
0,0.27729866
0,0.26911914
0,0.2646376
0,0.26716378
0,0.26111153
0,0.27952918
0,0.2653833
0,0.26549459
0,0.25997433
0,0.2723777
0,0.28002024
0,0.27818328
0,0.26543173
0,0.27190745
0,0.27332562
0,0.2735954
0,0.27358705
0,0.27323028
0,0.27330244
0,0.26349658
0,0.2632388
0,0.2639509
0,0.26818272
0,0.2734968
0,0.26964942
0,0.26994285
0,0.27040035
0,0.27255353
0,0.27087325
0,0.2684777
0,0.26953125
0,0.26754263
0,0.26852822
0,0.2666201
0,0.27192685
0,0.2671259
0,0.27116835
0,0.2658304
0,0.25672898
0,0.26076356
0,0.26609296
0,0.2752012
0,0.26841515
0,0.27480292
0,0.25887772
0,0.26175794
0,0.26276267
0,0.27200088
0,0.26693505
0,0.26287118
0,0.2749095
0,0.26535636
0,0.26657102
0,0.26188034
0,0.25272423
0,0.24845931
0,0.26654854
0,0.25927588
0,0.27630308
0,0.2773761
0,0.26884815
0,0.26299182
0,0.26224792
0,0.2666837
0,0.270195
0,0.32040355
0,0.2740001
0,0.26863796
0,0.28269404
0,0.27988988
0,0.28838596
0,0.28075472
0,0.2656524
0,0.27328908
0,0.26426703
0,0.26990104
0,0.25694233
0,0.26716986
0,0.2882663
0,0.27682894
0,0.28145882
0,0.2779635
0,0.28565514
0,0.28136465
0,0.27922502
0,0.28892067
0,0.28232062
0,0.2785833
0,0.2776496
0,0.2750819
0,0.26482433
0,0.2654136
0,0.29139903
0,0.29083213
0,0.2768303
0,0.27337345
0,0.26115113
0,0.26119098
0,0.25925794
0,0.2613309
0,0.26268938
0,0.26164743
0,0.27513522
0,0.26137638
0,0.27075797
0,0.26494563
0,0.26136884
0,0.26916406
0,0.26893356
0,0.26316345
0,0.27794874
0,0.28386667
0,0.27258453
0,0.28265202
0,0.27270076
0,0.26486164
0,0.2665221
0,0.26156294
0,0.26099342
0,0.2582173
0,0.26573327
0,0.25852364
0,0.2592632
0,0.28984758
0,0.2806673
0,0.2826555
0,0.28398812
0,0.2691144
0,0.2808655
0,0.26672512
0,0.2713819
0,0.2564163
0,0.2617727
0,0.26768392
0,0.26164252
0,0.25679612
0,0.2664367
0,0.2676798
0,0.26170206
0,0.2576995
0,0.25814143
0,0.26426953
0,0.27421784
0,0.2695201
0,0.26079187
0,0.26868707
0,0.27372926
0,0.2701013
0,0.25575608
0,0.26649752
0,0.2764027
0,0.25938284
0,0.2720921
0,0.26799804
0,0.27191344
0,0.2635002
0,0.26705572
0,0.2707531
0,0.27295905
0,0.2672345
0,0.27024192
0,0.2712785
0,0.27000487
0,0.2887601
0,0.29397815
0,0.29171434
0,0.28217134
0,0.2746638
0,0.27594596
0,0.28499162
0,0.28345817
0,0.28175166
0,0.27934206
0,0.29480216
0,0.2789295
0,0.27939653
0,0.2790225
0,0.26894796
0,0.26913393
0,0.26378086
0,0.2667035
0,0.26078415
0,0.26935452
0,0.2614275
0,0.27079108
0,0.26461554
0,0.26888847
0,0.2577529
0,0.26248088
0,0.25783542
0,0.28528357
0,0.2659743
0,0.27929664
0,0.2613945
0,0.27593994
0,0.2727813
0,0.27830082
0,0.32457474
0,0.2874476
0,0.27847272
0,0.2725404
0,0.26592508
0,0.26087373
0,0.25830415
0,0.26307628
0,0.26716682
0,0.26477996
0,0.27451763
0,0.26786262
0,0.28660303
0,0.27586368
0,0.2750882
0,0.25978124
0,0.2698838
0,0.2630948
0,0.26720068
0,0.25906625
0,0.26499137
0,0.27366444
0,0.26059785
0,0.25821397
0,0.2629087
0,0.25641897
0,0.26237312
0,0.31176347
0,0.28852248
0,0.2862509
0,0.27925536
0,0.2779248
0,0.27952102
0,0.29870397
0,0.2878112
0,0.28860816
0,0.27822262
0,0.28185487
0,0.28042313
0,0.2814515
0,0.27987853
0,0.26808986
0,0.27866024
0,0.27393264
0,0.26621047
0,0.2681335
0,0.26463103
0,0.26970872
0,0.2844573
0,0.2822278
0,0.27066076
0,0.28808305
0,0.27189815
0,0.2786224
0,0.28106207
0,0.27412167
0,0.26805803
0,0.26843053
0,0.26243404
0,0.27697435
0,0.27926102
0,0.27314478
0,0.29062074
0,0.295968
0,0.27714577
0,0.28767622
0,0.27110007
0,0.2687166
0,0.26263142
0,0.26264
0,0.25867084
0,0.27632633
0,0.26502776
0,0.26327243
0,0.27315286
0,0.2826354
0,0.30913633
0,0.3024203
0,0.29613593
0,0.2922009
0,0.2841886
0,0.29323003
0,0.28295395
0,0.27594072
0,0.26517284
0,0.27703393
0,0.2738872
0,0.26559246
0,0.28458342
0,0.27003354
0,0.28453085
0,0.28790918
0,0.2701454
0,0.27576396
0,0.2737226
0,0.26419497
0,0.25680697
0,0.25752598
0,0.26516813
0,0.27655497
0,0.2620143
0,0.26121315
0,0.26474166
0,0.26901215
0,0.27902776
0,0.27810097
0,0.2756728
0,0.27492636
0,0.27327242
0,0.28852272
0,0.2742124
0,0.27626488
0,0.27655447
0,0.28064167
0,0.27178696
0,0.27178273
0,0.27853978
0,0.2760705
0,0.2689853
0,0.26955718
0,0.2787668
0,0.2714583
0,0.2661345
0,0.2856607
0,0.2687373
0,0.26857957
0,0.2649873
0,0.27843478
0,0.2653406
0,0.2672761
0,0.28411454
0,0.27177423
0,0.2649999
0,0.26616928
0,0.262114
0,0.27414188
0,0.26574284
0,0.2787746
0,0.2810722
0,0.2894022
0,0.30146846
0,0.30669957
0,0.2959872
0,0.29760656
0,0.28636667
0,0.28047517
0,0.27967474
0,0.27362105
0,0.26356694
0,0.26310533
0,0.2666296
0,0.26043692
0,0.26124862
0,0.2799324
0,0.26693046
0,0.27314058
0,0.27078798
0,0.27115092
0,0.27537987
0,0.28333226
0,0.2820102
0,0.2852596
0,0.27555484
0,0.26301354
0,0.25638583
0,0.2586221
0,0.25547072
0,0.26543194
0,0.26366884
0,0.2680204
0,0.26138785
0,0.26781958
0,0.51155233
0,0.44337717
0,0.3865788
0,0.35561818
0,0.36885723
0,0.34259903
0,0.3353353
0,0.33053887
0,0.33527282
0,0.33885428
0,0.29864433
0,0.28249332
0,0.2716287
0,0.26410434
0,0.25953937
0,0.24796352
0,0.24307095
0,0.20723684
0,0.17651458
0,0.16213956
0,0.16197129
0,0.16579844
0,0.16595437
0,0.17165715
0,0.17873573
0,0.18719177
0,0.19041441
0,0.2042478
0,0.21400334
0,0.23690127
0,0.27334002
0,0.268201
0,0.2837377
0,0.2915747
0,0.31678754
0,0.35222375
0,0.3793142
0,0.36645785
0,0.35374147
0,0.3558021
0,0.3377939
0,0.32314655
0,0.3083037
0,0.32431588
0,0.30381212
0,0.31795713
0,0.29932645
0,0.27416676
0,0.2644409
0,0.24969326
0,0.2435674
0,0.23923416
0,0.23443915
0,0.22387041
0,0.20059003
0,0.19226678
0,0.18940653
0,0.18448569
0,0.18464248
0,0.18638213
0,0.20015581
0,0.19943096
0,0.20021138
0,0.2114668
0,0.22277974
0,0.23745824
0,0.25261515
0,0.2547554
0,0.28253642
0,0.29921263
0,0.2786165
0,0.28366828
0,0.27681717
0,0.28176376
0,0.28530422
0,0.2863449
0,0.29352468
0,0.2963103
0,0.3036248
0,0.2930018
0,0.29112896
0,0.3878264
0,0.3302372
0,0.32158005
0,0.30935812
0,0.298588
0,0.28250962
0,0.27903843
0,0.30316913
0,0.30520502
0,0.2955997
0,0.28323257
0,0.27880192
0,0.3030878
0,0.31095782
0,0.29218438
0,0.27712792
0,0.30702817
0,0.279098
0,0.2820326
0,0.3075758
0,0.30386138
0,0.29968873
0,0.30410746
0,0.30325663
0,0.29775444
0,0.28967196
0,0.29462692
0,0.2841531
0,0.2747843
0,0.26588672
0,0.2683912
0,0.291741
0,0.28767037
0,0.29200706
0,0.27534527
0,0.2754452
0,0.26992154
0,0.2652813
0,0.27147394
0,0.26114488
0,0.27306965
0,0.2715972
0,0.2779923
0,0.27189833
0,0.26421443
0,0.26772633
0,0.2617857
0,0.282886
0,0.27679732
0,0.26590553
0,0.2745924
0,0.27237535
0,0.27481076
0,0.2717024
0,0.27420932
0,0.2697821
0,0.27278545
0,0.2718158
0,0.27240413
0,0.2701881
0,0.2720359
0,0.26284507
0,0.27113536
0,0.2801835
0,0.27502853
0,0.26931635
0,0.27030516
0,0.27740374
0,0.273048
0,0.2873696
0,0.28111008
0,0.27525148
0,0.29056326
0,0.28714404
0,0.27313566
0,0.26903307
0,0.27019206
0,0.2712603
0,0.27244547
0,0.26321784
0,0.271559
0,0.29601827
0,0.3002451
0,0.29751816
0,0.29424262
0,0.3101661
0,0.31427318
0,0.32375425
0,0.3446116
0,0.34866598
0,0.3537981
0,0.32435846
0,0.32469228
0,0.30433443
0,0.30242205
0,0.31068254
0,0.29706052
0,0.28732082
0,0.2761778
0,0.2652483
0,0.2715835
0,0.27298823
0,0.30170533
0,0.30384448
0,0.3152734
0,0.30699462
0,0.2857278
0,0.27467778
0,0.26067707
0,0.24198017
0,0.24743408
0,0.2559408
0,0.27939618
0,0.26313972
0,0.26073918
0,0.26302987
0,0.26995555
0,0.25870833
0,0.27048138
0,0.2696723
0,0.27623624
0,0.26870218
0,0.27150887
0,0.27700835
0,0.28113413
0,0.31562638
0,0.3020755
0,0.29561916
0,0.29153955
0,0.2989216
0,0.31889582
0,0.3056215
0,0.31394506
0,0.30488917
0,0.2853271
0,0.2768423
0,0.27648285
0,0.27746576
0,0.2774878
0,0.2829386
0,0.27666676
0,0.3035129
0,0.33133137
0,0.32472193
0,0.31202433
0,0.31736514
0,0.3051441
0,0.28432482
0,0.28146598
0,0.26851088
0,0.26589778
0,0.26096505
0,0.26229423
0,0.26681963
0,0.27436724
0,0.27247
0,0.28284568
0,0.27623335
0,0.2694924
0,0.27899113
0,0.26940688
0,0.27473783
0,0.27832392
0,0.27359098
0,0.26067936
0,0.2756744
0,0.31058267
0,0.31521314
0,0.32983923
0,0.3056954
0,0.30085754
0,0.29087368
0,0.292699
0,0.28604895
0,0.2845604
0,0.2903798
0,0.28671476
0,0.27827868
0,0.2845638
0,0.28759232
0,0.2959577
0,0.29704103
0,0.29711518
0,0.32037646
0,0.30424497
0,0.33138713
0,0.33038372
0,0.31742635
0,0.33680323
0,0.3107784
0,0.29744342
0,0.30023187
0,0.3113737
0,0.33126464
0,0.31988358
0,0.3564894
0,0.37958887
0,0.36270472
0,0.3617566
0,0.34239462
0,0.2822269
0,0.24249719
0,0.20565687
0,0.18756378
0,0.17532271
0,0.16137424
0,0.15848224
0,0.1687899
0,0.16675217
0,0.15641238
0,0.15689369
0,0.16005082
0,0.1659139
0,0.16715406
0,0.17509945
0,0.18397243
0,0.20464054
0,0.19734874
0,0.18640539
0,0.18493326
0,0.17347796
0,0.18823223
0,0.18974593
0,0.19832958
0,0.20032224
0,0.1911293
0,0.19637361
0,0.20602308
0,0.23182029
0,0.22460206
0,0.20445302
0,0.20036195
0,0.18549535
0,0.18115644
0,0.17801791
0,0.17923896
0,0.18519647
0,0.18571654
0,0.1874001
0,0.19857125
0,0.21237414
0,0.22231549
0,0.22559018
0,0.2404666
0,0.26062277
0,0.25073192
0,0.26498172
0,0.2667947
0,0.2742728
0,0.26930565
0,0.26281714
0,0.2646849
0,0.27581924
0,0.27190128
0,0.2643857
0,0.27321842
0,0.2827026
0,0.26153558
0,0.27579963
0,0.2831215
0,0.29955512
0,0.29598114
0,0.28843495
0,0.29363644
0,0.29804868
0,0.29523283
0,0.30387148
0,0.29182646
0,0.29131222
0,0.28942007
0,0.2766352
0,0.28002563
0,0.27682328
0,0.28497386
0,0.27781746
0,0.2707547
0,0.2938514
0,0.27885824
0,0.27539113
0,0.2680499
0,0.28159395
0,0.2796464
0,0.27582252
0,0.26699844
0,0.28916228
0,0.285532
0,0.2779798
0,0.2858958
0,0.2950463
0,0.29943338
0,0.29477942
0,0.3137242
0,0.32976058
0,0.30938956
0,0.30709815
0,0.3017489
0,0.3003007
0,0.28761372
0,0.27825257
0,0.2701098
0,0.2749523
0,0.2720493
0,0.27872542
0,0.27411485
0,0.2620084
0,0.2587055
0,0.25876978
0,0.2652267
0,0.2591708
0,0.26417363
0,0.27264982
0,0.26900876
0,0.26847664
0,0.26281592
0,0.2591123
0,0.2596144
0,0.26756886
0,0.2696138
0,0.27219248
0,0.2693094
0,0.27125123
0,0.26915637
0,0.27140525
0,0.26888546
0,0.32182038
0,0.34079513
0,0.30477974
0,0.29648596
0,0.31172007
0,0.29893616
0,0.29180172
0,0.29653564
0,0.31054047
0,0.30133885
0,0.29305404
0,0.2935769
0,0.2920837
0,0.28233585
0,0.28295115
0,0.28641525
0,0.27373558
0,0.26854533
0,0.2735656
0,0.26547274
0,0.27734166
0,0.27934232
0,0.26486197
0,0.2658892
0,0.2912673
0,0.27405432
0,0.2773571
0,0.26746657
0,0.2728779
0,0.266115
0,0.28579924
0,0.3111277
0,0.31736407
0,0.33013612
0,0.3266223
0,0.34218755
0,0.3615875
0,0.3461381
0,0.3378489
0,0.3329606
0,0.3298932
0,0.32882443
0,0.3304268
0,0.3405071
0,0.32275754
0,0.3139926
0,0.3035002
0,0.28236184
0,0.27128232
0,0.2564791
0,0.21823968
0,0.20640083
0,0.20309724
0,0.19814853
0,0.19129248
0,0.19674926
0,0.19544977
0,0.18394417
0,0.183706
0,0.17294806
0,0.17990607
0,0.18276252
0,0.18272683
0,0.17758594
0,0.18258975
0,0.17407703
0,0.16406327
0,0.16344295
0,0.16150248
0,0.16255802
0,0.16876033
0,0.1640128
0,0.16662537
0,0.16203983
0,0.15733843
0,0.1547646
0,0.15653653
0,0.15953588
0,0.16829574
0,0.17661534
0,0.19035858
0,0.1922384
0,0.20551917
0,0.22169563
0,0.23915884
0,0.23995009
0,0.25616944
0,0.2518739
0,0.25935182
0,0.26956207
0,0.27122492
0,0.2646385
0,0.26671922
0,0.27316833
0,0.2701177
0,0.2860773
0,0.27807188
0,0.2856928
0,0.28726143
0,0.306796
0,0.31845212
0,0.3408941
0,0.3462253
0,0.3465112
0,0.33714813
0,0.33210266
0,0.3170611
0,0.2960386
0,0.28353158
0,0.30018902
0,0.30836716
0,0.30548573
0,0.28993016
0,0.2847458
0,0.2725081
0,0.27901468
0,0.275921
0,0.27773806
0,0.2817992
0,0.2871887
0,0.28445926
0,0.26442507
0,0.25960258
0,0.25285056
0,0.25113612
0,0.25125474
0,0.24794565
0,0.25518656
0,0.25185603
0,0.24598196
0,0.25531095
0,0.26284045
0,0.26219478
0,0.2645842
0,0.2647148
0,0.264247
0,0.278359
0,0.27682397
0,0.27700883
0,0.27383325
0,0.27565566
0,0.2774556
0,0.27745733
0,0.30305812
0,0.3048813
0,0.3019902
0,0.2942202
0,0.305992
0,0.32031864
0,0.30987224
0,0.31252867
0,0.30890647
0,0.3089187
0,0.2935165
0,0.30132702
0,0.29264885
0,0.30379826
0,0.32301927
0,0.32253426
0,0.3353442
0,0.34964734
0,0.35683423
0,0.34323257
0,0.3826046
0,0.38099253
0,0.38290495
0,0.4372736
0,0.43444818
0,0.41446206
0,0.4069177
0,0.45520613
0,0.4175527
0,0.4187411
0,0.38270497
0,0.3509139
0,0.30065
0,0.26111004
0,0.2408991
0,0.23476578
0,0.21357428
0,0.21481499
0,0.22056566
0,0.23456079
0,0.20690785
0,0.18877697
0,0.18504871
0,0.16649128
0,0.16882724
0,0.1545017
0,0.14833607
0,0.13913435
0,0.13764536
0,0.13985556
0,0.1308346
0,0.1251554
0,0.12876226
0,0.125273
0,0.1245117
0,0.121280156
0,0.12156481
0,0.12526381
0,0.13728854
0,0.14330448
0,0.14893596
0,0.16056876
0,0.17162704
0,0.18727474
0,0.19856916
0,0.2144288
0,0.23251973
0,0.2441222
0,0.26755983
0,0.26457828
0,0.26565573
0,0.27019045
0,0.26779613
0,0.26454067
0,0.2794658
0,0.272718
0,0.27124918
0,0.2729298
0,0.2784597
0,0.2724843
0,0.26818871
0,0.27417216
0,0.26969206
0,0.26845112
0,0.2634639
0,0.2689514
0,0.27519962
0,0.2741372
0,0.28022322
0,0.27368727
0,0.26553544
0,0.28849712
0,0.28470823
0,0.27014604
0,0.26546428
0,0.26449287
0,0.262704
0,0.27822012
0,0.2723719
0,0.26553443
0,0.27602795
0,0.27788177
0,0.2612306
0,0.26279113
0,0.2725081
0,0.27556655
0,0.29357922
0,0.27623096
0,0.27867126
0,0.27131817
0,0.2729023
0,0.27068403
0,0.27226278
0,0.26280937
0,0.26836762
0,0.2757567
0,0.2753269
0,0.2651451
0,0.25791872
0,0.26172775
0,0.2663544
0,0.26360318
0,0.25528538
0,0.2667363
0,0.2595989
0,0.2704234
0,0.27408528
0,0.28799048
0,0.28055322
0,0.2792503
0,0.27347818
0,0.27503574
0,0.2734522
0,0.26130366
0,0.2855744
0,0.3005305
0,0.28543118
0,0.28185275
0,0.27758962
0,0.28147766
0,0.30728373
0,0.3092888
0,0.30021474
0,0.29779577
0,0.30383292
0,0.3155793
0,0.3114255
0,0.31888488
0,0.29644117
0,0.2964567
0,0.2803778
0,0.27912515
0,0.27442276
0,0.2775381
0,0.28692684
0,0.3433874
0,0.31542698
0,0.30599856
0,0.305737
0,0.29630834
0,0.28493008
0,0.3038541
0,0.30257368
0,0.32408008
0,0.31882927
0,0.3228348
0,0.29077414
0,0.29927304
0,0.27967373
0,0.28580838
0,0.30891824
0,0.31768945
0,0.2986999
0,0.2935514
0,0.28506458
0,0.27555394
0,0.27991182
0,0.26690057
0,0.2603239
0,0.25242797
0,0.27253476
0,0.27947235
0,0.2769967
0,0.27330953
0,0.25609383
0,0.26055822
0,0.25499675
0,0.25683883
0,0.26422542
0,0.2714635
0,0.2684141
0,0.2550997
0,0.2609564
0,0.2603557
0,0.26057875
0,0.24986859
0,0.26046532
0,0.26336214
0,0.26493788
0,0.26966497
0,0.31721303
0,0.27951318
0,0.27681386
0,0.27075982
0,0.26329175
0,0.27440143
0,0.26186532
0,0.2595834
0,0.2729496
0,0.29150528
0,0.2820131
0,0.28467098
0,0.27891752
0,0.28319502
0,0.27340946
0,0.2744205
0,0.28929824
0,0.30121934
0,0.30409452
0,0.29453835
0,0.29408664
0,0.28622165
0,0.2739502
0,0.26320758
0,0.26358864
0,0.26692888
0,0.26656783
0,0.27628484
0,0.26849982
0,0.28695294
0,0.27623528
0,0.28514978
0,0.2716203
0,0.27018538
0,0.2862912
0,0.28125685
0,0.2890324
0,0.27708858
0,0.2751285
0,0.27462915
0,0.28893167
0,0.29100972
0,0.2901858
0,0.28373024
0,0.29456592
0,0.31867293
0,0.29628763
0,0.2942516
0,0.27688363
0,0.27341408
0,0.275175
0,0.2712276
0,0.28871372
0,0.28435156
0,0.27023384
0,0.27889687
0,0.28493604
0,0.2788109
0,0.29045817
0,0.29816982
0,0.28794464
0,0.2833722
0,0.28069434
0,0.28459007
0,0.2791031
0,0.26992214
0,0.27566698
0,0.26776692
0,0.2650589
0,0.2619966
0,0.26610187
0,0.26914564
0,0.26961407
0,0.27503276
0,0.27051544
0,0.2621972
0,0.26561582
0,0.2700019
0,0.2624669
0,0.2679305
0,0.26523617
0,0.2615819
0,0.2651458
0,0.2689335
0,0.26515302
0,0.25744563
0,0.25059673
0,0.25708848
0,0.2728305
0,0.26470625
0,0.2620727
0,0.2505222
0,0.26664066
0,0.27054244
0,0.26508018
0,0.26869336
0,0.2591478
0,0.26920027
0,0.26143062
0,0.2501118
0,0.25594598
0,0.2600756
0,0.26109138
0,0.26578107
0,0.27112788
0,0.2828184
0,0.28148606
0,0.2744784
0,0.26644123
0,0.26690787
0,0.27254102
0,0.2679845
0,0.26133707
0,0.25240016
0,0.2665726
0,0.26304615
0,0.26738212
0,0.26578602
0,0.2589074
0,0.2533857
0,0.26993918
0,0.2827784
0,0.27716452
0,0.2740135
0,0.27565432
0,0.27276796
0,0.2729993
0,0.2781172
0,0.27283362
0,0.28328574
0,0.27370784
0,0.26760507
0,0.2687121
0,0.2634035
0,0.2551523
0,0.2801315
0,0.26045024
0,0.26071072
0,0.2638506
0,0.26219815
0,0.34074518
0,0.3021847
0,0.28510004
0,0.28191343
0,0.27389017
0,0.26587397
0,0.26494884
0,0.25997972
0,0.2606769
0,0.2575836
0,0.25799945
0,0.26314184
0,0.27128547
0,0.27375966
0,0.26517275
0,0.26267278
0,0.2714528
0,0.2713821
0,0.259681
0,0.25545925
0,0.25783524
0,0.25271386
0,0.27133524
0,0.2745899
0,0.26427796
0,0.2676911
0,0.2650838
0,0.27184302
0,0.27681443
0,0.2905325
0,0.29435414
0,0.30142307
0,0.27789438
0,0.2733921
0,0.26588532
0,0.27343413
0,0.26877517
0,0.28343803
0,0.27069166
0,0.2693693
0,0.28725785
0,0.2876956
0,0.28223395
0,0.3053038
0,0.2868732
0,0.29250795
0,0.28821605
0,0.28898364
0,0.28248334
0,0.2848012
0,0.27764463
0,0.27174354
0,0.27710342
0,0.26895088
0,0.27359137
0,0.27573478
0,0.2776494
0,0.2724752
0,0.27094153
0,0.27985993
0,0.28713384
0,0.27251437
0,0.27089012
0,0.26594684
0,0.26829076
0,0.30055803
0,0.2800665
0,0.28246632
0,0.27839473
0,0.26586738
0,0.26723942
0,0.27150658
0,0.28894222
0,0.30411947
0,0.28888577
0,0.27273467
0,0.2768137
0,0.27309385
0,0.2674945
0,0.27591276
0,0.28573054
0,0.30256873
0,0.29177478
0,0.31735477
0,0.2976653
0,0.29799765
0,0.29409605
0,0.28721666
0,0.29105583
0,0.28119314
0,0.27039063
0,0.27106607
0,0.27914318
0,0.28489035
0,0.28353655
0,0.27740934
0,0.26900083
0,0.27420703
0,0.2699013
0,0.26718724
0,0.29164776
0,0.29653564
0,0.28348303
0,0.288385
0,0.28307548
0,0.29286924
0,0.29930058
0,0.29388407
0,0.28305188
0,0.28651327
0,0.27974576
0,0.27096903
0,0.27487823
0,0.2661026
0,0.27010998
0,0.26427564
0,0.27103516
0,0.2762883
0,0.27235103
0,0.26962712
0,0.27779478
0,0.28402364
0,0.29042673
0,0.27158886
0,0.27577877
0,0.27004614
0,0.2691692
0,0.27773473
0,0.2827227
0,0.30403137
0,0.28182098
0,0.27981302
0,0.32091692
0,0.29504314
0,0.28182805
0,0.2917882
0,0.27764213
0,0.27516457
0,0.27009913
0,0.2747828
0,0.2931406
0,0.29097712
0,0.2739798
0,0.28173092
0,0.29325396
0,0.30340138
0,0.28308144
0,0.27944353
0,0.27143943
0,0.2744825
0,0.26654574
0,0.2687075
0,0.2640166
0,0.26613727
0,0.25482807
0,0.25690654
0,0.26848647
0,0.2563661
0,0.2689196
0,0.26861802
0,0.2615014
0,0.2635287
0,0.25493318
0,0.26375243
0,0.25926068
0,0.2794699
0,0.26462477
0,0.2813283
0,0.26068977
0,0.26341233
0,0.25803536
0,0.2594808
0,0.2731367
0,0.27579683
0,0.2767962
0,0.26690307
0,0.26550412
0,0.2810143
0,0.27316925
0,0.28776947
0,0.2842511
0,0.28716832
0,0.27798986
0,0.27452943
0,0.2746962
0,0.27939853
0,0.27994767
0,0.2702668
0,0.27142197
0,0.2680654
0,0.2820949
0,0.27673998
0,0.29489914
0,0.29064497
0,0.2668364
0,0.27475378
0,0.26338434
0,0.28598833
0,0.280021
0,0.27128136
0,0.30227047
0,0.30632213
0,0.28112578
0,0.2832183
0,0.27785587
0,0.2746315
0,0.28747103
0,0.29817662
0,0.28728154
0,0.28091392
0,0.2880255
0,0.27939647
0,0.30831692
0,0.2914599
0,0.2792098
0,0.26640362
0,0.2641161
0,0.25621584
0,0.25700268
0,0.26114616
0,0.27517396
0,0.27173373
0,0.27582687
0,0.27578783
0,0.28099066
0,0.28241467
0,0.26933056
0,0.26534748
0,0.27338603
0,0.2713802
0,0.26407447
0,0.27556893
0,0.27214786
0,0.2823904
0,0.28499702
0,0.29311648
0,0.30362278
0,0.30275494
0,0.30562183
0,0.28564763
0,0.28512827
0,0.2881019
0,0.28878137
0,0.31701645
0,0.3124757
0,0.30452812
0,0.29108065
0,0.28134602
0,0.28081337
0,0.27827317
0,0.2759369
0,0.27001482
0,0.2710558
0,0.277521
0,0.25809655
0,0.27795333
0,0.27077514
0,0.284245
0,0.3121879
0,0.8458083
0,0.6748988
0,0.5974525
0,0.5498754
0,0.56243277
0,0.5569321
0,0.5587938
0,0.4989499
0,0.41232622
0,0.39777622
0,0.32719874
0,0.26536542
0,0.2125706
0,0.17725393
0,0.17299138
0,0.15383062
0,0.14244963
0,0.14030294
0,0.12888934
0,0.13022082
0,0.12911794
0,0.1309307
0,0.13614187
0,0.12798606
0,0.1280942
0,0.13113345
0,0.13369486
0,0.13508905
0,0.14270629
0,0.15987797
0,0.25807485
0,0.25602877
0,0.26043963
0,0.25961563
0,0.26462263
0,0.26232505
0,0.25304836
0,0.26996192
0,0.2690684
0,0.26114574
0,0.26293892
0,0.26107943
0,0.2790364
0,0.2740127
0,0.2781911
0,0.28162232
0,0.3012108
0,0.29181004
0,0.29664847
0,0.28995648
0,0.29125884
0,0.27331945
0,0.27584583
0,0.26615906
0,0.26548195
0,0.2671218
0,0.2754455
0,0.27603188
0,0.25938717
0,0.2664492
0,0.27082697
0,0.2769243
0,0.26519954
0,0.26810777
0,0.27233705
0,0.2687231
0,0.2630431
0,0.2702041
0,0.2854282
0,0.2909034
0,0.28466794
0,0.27645126
0,0.26904604
0,0.28564245
0,0.2786451
0,0.27682617
0,0.27372622
0,0.28224826
0,0.29795894
0,0.29126382
0,0.29057762
0,0.29779613
0,0.28587934
0,0.2843927
0,0.27940857
0,0.28924373
0,0.279821
0,0.28906888
0,0.28585997
0,0.2713368
0,0.26390544
0,0.2583912
0,0.2573846
0,0.25295782
0,0.25455078
0,0.2581479
0,0.26255867
0,0.24859321
0,0.25891936
0,0.25784308
0,0.24922538
0,0.24373995
0,0.25568753
0,0.25918394
0,0.26143843
0,0.27488118
0,0.27372742
0,0.27211466
0,0.2748514
0,0.26713446
0,0.27246264
0,0.2690036
0,0.26602414
0,0.26575845
0,0.2715343
0,0.25896472
0,0.2609756
0,0.27470246
0,0.2641529
0,0.2750963
0,0.26225546
0,0.29943836
0,0.2988883
0,0.2926656
0,0.3068683
0,0.29006964
0,0.2981456
0,0.28995207
0,0.2757104
0,0.28216398
0,0.27320147
0,0.27791172
0,0.26680797
0,0.2750705
0,0.28208974
0,0.277866
0,0.27092677
0,0.27623147
0,0.27854663
0,0.2704668
0,0.26422852
0,0.26388797
0,0.25697905
0,0.26648843
0,0.2629445
0,0.2578805
0,0.26415116
0,0.2570334
0,0.2583983
0,0.24919747
0,0.24882093
0,0.24849105
0,0.25856602
0,0.2656301
0,0.27306032
0,0.28709394
0,0.28429997
0,0.30333018
0,0.30467528
0,0.2881902
0,0.28848705
0,0.3188299
0,0.30795062
0,0.28023568
0,0.27893066
0,0.28855973
0,0.28567398
0,0.31403425
0,0.3091417
0,0.29198876
0,0.28372836
0,0.30156115
0,0.28480744
0,0.28467065
0,0.27741095
0,0.275013
0,0.28468338
0,0.2927511
0,0.3076251
0,0.33028513
0,0.35684946
0,0.33044916
0,0.34360966
0,0.3285451
0,0.31842384
0,0.28887078
0,0.280582
0,0.2930175
0,0.30646956
0,0.3077523
0,0.30879098
0,0.3429366
0,0.33711484
0,0.33280763
0,0.3124054
0,0.30207002
0,0.2865455
0,0.2736835
0,0.24050578
0,0.22154436
0,0.21800075
0,0.19524546
0,0.19520089
0,0.19335197
0,0.18759327
0,0.2160472
0,0.23773515
0,0.2280659
0,0.23509683
0,0.20901605
0,0.19681023
0,0.18059267
0,0.16027008
0,0.15138204
0,0.14833051
0,0.15482622
0,0.15744862
0,0.1631278
0,0.17981799
0,0.22199608
0,0.2363728
0,0.28476807
0,0.28406438
0,0.25206596
0,0.22086279
0,0.17249034
0,0.15877546
0,0.15120628
0,0.14191817
0,0.13382827
0,0.13184817
0,0.13094975
0,0.13011023
0,0.1345486
0,0.1466226
0,0.14814688
0,0.1473452
0,0.15590055
0,0.14770526
0,0.15180472
0,0.15919125
0,0.17071864
0,0.20458986
0,0.18495487
0,0.17969206
0,0.1711209
0,0.16808827
0,0.16324148
0,0.1919552
0,0.17996368
0,0.18731926
0,0.22005904
0,0.21925047
0,0.20683646
0,0.19926532
0,0.19021575
0,0.18430382
0,0.18441941
0,0.18221232
0,0.16552305
0,0.16055517
0,0.16241312
0,0.16103292
0,0.15897219
0,0.15893027
0,0.16809794
0,0.17505287
0,0.17386729
0,0.17675914
0,0.2014685
0,0.20950426
0,0.19988763
0,0.20019293
0,0.2042505
0,0.22128567
0,0.2192144
0,0.2113569
0,0.21512122
0,0.22782783
0,0.2307666
0,0.2420086
0,0.32058814
0,0.37207037
0,0.38356677
0,0.41443458
0,0.45326516
0,0.47930342
0,0.4671379
0,0.48100397
0,0.43859428
0,0.46573782
0,0.40640894
0,0.34557843
0,0.31397408
0,0.27331844
0,0.21186177
0,0.21388184
0,0.18116485
0,0.16098583
0,0.14352566
0,0.13403067
0,0.13426523
0,0.12976779
0,0.14273283
0,0.13360678
0,0.12774606
0,0.13247061
0,0.1279646
0,0.12729542
0,0.1349549
0,0.13097456
0,0.13060188
0,0.12922287
0,0.13624716
0,0.15147422
0,0.14464045
0,0.14993402
0,0.15957607
0,0.17710426
0,0.18657687
0,0.21451269
0,0.23860666
0,0.24930052
0,0.26164648
0,0.26272976
0,0.27577868
0,0.27107096
0,0.2547984
0,0.26989767
0,0.26381707
0,0.26112738
0,0.25475714
0,0.2580565
0,0.26115808
0,0.2565828
0,0.27610227
0,0.27402714
0,0.28450587
0,0.29284534
0,0.31113878
0,0.32382056
0,0.2862877
0,0.27781636
0,0.26640692
0,0.26366198
0,0.2636941
0,0.27639046
0,0.2666101
0,0.26163226
0,0.25442007
0,0.26421985
0,0.25821665
0,0.25518623
0,0.25484866
0,0.25042644
0,0.2681755
0,0.2701488
0,0.2796955
0,0.27049446
0,0.26026747
0,0.27010828
0,0.26098493
0,0.25521374
0,0.2656622
0,0.25677958
0,0.2524788
0,0.25396842
0,0.25288525
0,0.25642923
0,0.25743493
0,0.2488553
0,0.2684833
0,0.2587637
0,0.26147375
0,0.26191399
0,0.27482763
0,0.2619019
0,0.29208013
0,0.30173892
0,0.277439
0,0.28246653
0,0.29349962
0,0.3032916
0,0.28325823
0,0.28122526
0,0.29041356
0,0.27790052
0,0.2712568
0,0.26257575
0,0.25302884
0,0.275481
0,0.26734287
0,0.27572718
0,0.26393434
0,0.26448718
0,0.28693014
0,0.2851426
0,0.2717977
0,0.29409912
0,0.27637315
0,0.28224245
0,0.308183
0,0.2830365
0,0.3032943
0,0.30713677
0,0.295032
0,0.29387566
0,0.27705222
0,0.2775864
0,0.27430743
0,0.27579036
0,0.2824218
0,0.29398984
0,0.28790465
0,0.27879682
0,0.2779454
0,0.28597406
0,0.28203395
0,0.28385127
0,0.29022
0,0.29144377
0,0.29958677
0,0.2925945
0,0.2933706
0,0.31765908
0,0.30200255
0,0.3228083
0,0.31299233
0,0.3428609
0,0.31953648
0,0.31723714
0,0.2945097
0,0.30472508
0,0.2911866
0,0.2821278
0,0.27593523
0,0.27763572
0,0.27169657
0,0.2852466
0,0.26910928
0,0.27097496
0,0.28822285
0,0.30094388
0,0.30234516
0,0.29726768
0,0.2923455
0,0.2791619
0,0.27343816
0,0.26786232
0,0.26191834
0,0.25649843
0,0.27530363
0,0.26792708
0,0.25985906
0,0.27785477
0,0.27019125
0,0.2755746
0,0.29143447
0,0.27996945
0,0.27143016
0,0.27213025
0,0.2814738
0,0.27295274
0,0.27003956
0,0.25970677
0,0.27184606
0,0.29165137
0,0.28630495
0,0.29043987
0,0.27541602
0,0.26921445
0,0.26826772
0,0.2676087
0,0.26601502
0,0.26276767
0,0.26385644
0,0.26006374
0,0.26815465
0,0.2616035
0,0.29298523
0,0.27366623
0,0.30371526
0,0.29908133
0,0.28411564
0,0.28513336
0,0.28398785
0,0.28830466
0,0.27260494
0,0.26747882
0,0.29297447
0,0.32313588
0,0.29675075
0,0.3084571
0,0.29009792
0,0.28899315
0,0.2796472
0,0.28890967
0,0.27773198
0,0.2671752
0,0.27655476
0,0.26874068
0,0.2686609
0,0.2792068
0,0.27049348
0,0.27247077
0,0.27052796
0,0.2730292
0,0.26773208
0,0.27215233
0,0.27089986
0,0.27258632
0,0.2883721
0,0.2775176
0,0.27337205
0,0.27656737
0,0.29378808
0,0.27998036
0,0.27238077
0,0.2754863
0,0.26310012
0,0.2668213
0,0.27274495
0,0.2874239
0,0.27683583
0,0.27307084
0,0.27292663
0,0.27150846
0,0.28193334
0,0.27332985
0,0.26739052
0,0.2852844
0,0.28316277
0,0.27398825
0,0.2723691
0,0.28092209
0,0.28514832
0,0.27948835
0,0.28760785
0,0.31152067
0,0.29179955
0,0.2865909
0,0.31071472
0,0.3046085
0,0.30363008
0,0.29500762
0,0.29001477
0,0.28378788
0,0.28610438
0,0.2733641
0,0.2665563
0,0.28707588
0,0.30733547
0,0.33702138
0,0.30705535
0,0.31193215
0,0.34033066
0,0.35445297
0,0.31186604
0,0.30881533
0,0.31601202
0,0.29833192
0,0.2907831
0,0.2899774
0,0.27521953
0,0.28493267
0,0.26488748
0,0.27282935
0,0.27344385
0,0.2760129
0,0.2735654
0,0.34639794
0,0.3234049
0,0.301769
0,0.3154578
0,0.31198603
0,0.30634844
0,0.31483966
0,0.31598467
0,0.3021265
0,0.2797597
0,0.26922476
0,0.27618146
0,0.27911046
0,0.2817656
0,0.26574817
0,0.26996404
0,0.27172458
0,0.29731038
0,0.28300554
0,0.27029058
0,0.25816786
0,0.26044762
0,0.26108116
0,0.26559672
0,0.26008588
0,0.26963884
0,0.25374445
0,0.27489397
0,0.26355723
0,0.26164466
0,0.265767
0,0.3421773
0,0.28025442
0,0.2948561
0,0.28660026
0,0.31101584
0,0.30515158
0,0.30306023
0,0.3146791
0,0.29408482
0,0.2831201
0,0.2853986
0,0.2760496
0,0.26628765
0,0.2679705
0,0.27531102
0,0.27813998
0,0.27742592
0,0.26963168
0,0.27210063
0,0.26608837
0,0.2774596
0,0.27141076
0,0.2687821
0,0.26455316
0,0.2682518
0,0.28547397
0,0.2647761
0,0.26416108
0,0.26176783
0,0.2606223
0,0.26451215
0,0.27208406
0,0.25968704
0,0.26474115
0,0.30862573
0,0.27755865
0,0.2644358
0,0.2632235
0,0.26410186
0,0.26957408
0,0.26983744
0,0.27663872
0,0.2888601
0,0.32337493
0,0.31128687
0,0.30593798
0,0.3211698
0,0.33454135
0,0.35727033
0,0.38000008
0,0.34529454
0,0.33859813
0,0.32780793
0,0.32046252
0,0.31178135
0,0.29855114
0,0.29539993
0,0.29084945
0,0.2879062
0,0.3017294
0,0.28866073
0,0.29588407
0,0.26919398
0,0.2471249
0,0.2377536
0,0.23614539
0,0.22685277
0,0.20507236
0,0.19174284
0,0.183478
0,0.17909016
0,0.17980547
0,0.18967722
0,0.19940268
0,0.21443924
0,0.23098636
0,0.23831348
0,0.24993949
0,0.26529714
0,0.26992893
0,0.26992908
0,0.2677593
0,0.2598169
0,0.2621525
0,0.27623558
0,0.2673059
0,0.26930076
0,0.2651017
0,0.2692102
0,0.29663604
0,0.2852571
0,0.28414434
0,0.27819407
0,0.27356362
0,0.27666858
0,0.27527535
0,0.27099973
0,0.2795304
0,0.27315506
0,0.2694729
0,0.27268916
0,0.27609873
0,0.27075616
0,0.27495545
0,0.284824
0,0.28823274
0,0.2807548
0,0.27647492
0,0.27564964
0,0.26578277
0,0.27678522
0,0.27440605
0,0.28349635
0,0.27810293
0,0.29641804
0,0.28774107
0,0.29538897
0,0.27958438
0,0.30002123
0,0.27699143
0,0.2753665
0,0.26647332
0,0.2715608
0,0.28837666
0,0.27141133
0,0.27295804
0,0.28508547
0,0.29404467
0,0.34815967
0,0.30336002
0,0.31373116
0,0.29964817
0,0.32128552
0,0.3167782
0,0.32403296
0,0.33137953
0,0.32290503
0,0.32020497
0,0.31926915
0,0.2921907
0,0.29393497
0,0.28296152
0,0.29312044
0,0.3056037
0,0.2815444
0,0.31101248
0,0.28649575
0,0.27525166
0,0.27754426
0,0.28424996
0,0.30022234
0,0.307928
0,0.28647372
0,0.28359303
0,0.26784155
0,0.27520812
0,0.2841006
0,0.28580332
0,0.3156482
0,0.29972762
0,0.29832932
0,0.29496804
0,0.3006123
0,0.2828521
0,0.2799057
0,0.29969248
0,0.28258133
0,0.2781327
0,0.33864042
0,0.29706907
0,0.28192514
0,0.2773862
0,0.26021037
0,0.27394375
0,0.26050937
0,0.28252935
0,0.26799402
0,0.2541778
0,0.25658342
0,0.25299942
0,0.2635143
0,0.2672189
0,0.2599479
0,0.2671284
0,0.2631424
0,0.25693622
0,0.25579154
0,0.26669744
0,0.27986705
0,0.27610043
0,0.27574083
0,0.27378103
0,0.26647016
0,0.27385718
0,0.2659843
0,0.26870078
0,0.27296737
0,0.2782817
0,0.2664329
0,0.27501625
0,0.28186944
0,0.28029555
0,0.26716393
0,0.27638036
0,0.2965696
0,0.30987242
0,0.2921126
0,0.27499434
0,0.27080414
0,0.27906507
0,0.27125883
0,0.2621799
0,0.27353385
0,0.27065852
0,0.27112117
0,0.26393628
0,0.25951752
0,0.25372288
0,0.26217857
0,0.28335065
0,0.279942
0,0.28489614
0,0.26835093
0,0.26270595
0,0.27042562
0,0.2639514
0,0.27334353
0,0.26522875
0,0.27301803
0,0.26538572
0,0.27343675
0,0.2776428
0,0.27508056
0,0.2719481
0,0.2885247
0,0.27155307
0,0.27086
0,0.26019883
0,0.25829583
0,0.25916168
0,0.25483572
0,0.25703388
0,0.25866008
0,0.2662903
0,0.26327863
0,0.2550282
0,0.25892916
0,0.26655656
0,0.2633897
0,0.26088557
0,0.2620087
0,0.2784338
0,0.2799722
0,0.28308004
0,0.290355
0,0.30824304
0,0.3078211
0,0.30708894
0,0.28282422
0,0.27759212
0,0.2943864
0,0.29645506
0,0.2765539
0,0.3064267
0,0.2870319
0,0.28246546
0,0.2711544
0,0.26283658
0,0.2720954
0,0.25889906
0,0.26326385
0,0.2705342
0,0.2597872
0,0.25292376
0,0.254213
0,0.26111484
0,0.26495382
0,0.27627447
0,0.27714628
0,0.26972046
0,0.28296682
0,0.26756683
0,0.26773396
0,0.28085977
0,0.26885477
0,0.26849213
0,0.27029315
0,0.26889136
0,0.26130325
0,0.26358524
0,0.26352972
0,0.2601068
0,0.25432327
0,0.2746326
0,0.27341938
0,0.27020055
0,0.29854923
0,0.2858297
0,0.27261448
0,0.29962704
0,0.2978994
0,0.3115039
0,0.30753678
0,0.2860197
0,0.28605792
0,0.27615294
0,0.27570245
0,0.26631454
0,0.2681443
0,0.26271772
0,0.2704344
0,0.2687851
0,0.27197158
0,0.2759949
0,0.28971255
0,0.2964
0,0.27938595
0,0.28938502
0,0.29636505
0,0.29002255
0,0.2877862
0,0.2669967
0,0.27886823
0,0.26389724
0,0.2767777
0,0.26639438
0,0.2681092
0,0.28311792
0,0.2711918
0,0.28210232
0,0.26636425
0,0.28240418
0,0.29182023
0,0.28239095
0,0.27162126
0,0.27895722
0,0.28386638
0,0.2878631
0,0.2833998
0,0.2701845
0,0.26881438
0,0.27246025
0,0.2650866
0,0.27076665
0,0.26148456
0,0.26717836
0,0.2722258
0,0.25937387
0,0.25470263
0,0.2618832
0,0.2657734
0,0.25825045
0,0.2657916
0,0.26739824
0,0.28210053
0,0.27332196
0,0.26138026
0,0.26691908
0,0.25868648
0,0.26266006
0,0.2554679
0,0.27351105
0,0.27644545
0,0.27169448
0,0.2746117
0,0.27079016
0,0.2766478
0,0.2773332
0,0.276739
0,0.26749495
0,0.27409497
0,0.26816833
0,0.27489892
0,0.2863698
0,0.27495137
0,0.2704857
0,0.2903711
0,0.29828843
0,0.29374424
0,0.27776858
0,0.2764115
0,0.27479997
0,0.2758271
0,0.2693369
0,0.67213094
0,0.7062145
0,0.54585445
0,0.4566557
0,0.41389036
0,0.38777137
0,0.36559457
0,0.4303184
0,0.33575314
0,0.26754412
0,0.23218158
0,0.18539746
0,0.16205372
0,0.14406069
0,0.14498334
0,0.14607197
0,0.1347629
0,0.1289993
0,0.13207343
0,0.13481054
0,0.13282089
0,0.13323809
0,0.13839424
0,0.14555883
0,0.15475443
0,0.16957924
0,0.18202695
0,0.20042573
0,0.2139661
0,0.23702426
0,0.29988405
0,0.3103588
0,0.33497074
0,0.32794192
0,0.31473652
0,0.31638375
0,0.36917457
0,0.34563276
0,0.3382149
0,0.31519794
0,0.32796082
0,0.3159495
0,0.34815845
0,0.35128912
0,0.33942938
0,0.3363577
0,0.3306296
0,0.30258122
0,0.2776058
0,0.25390452
0,0.22817598
0,0.21689366
0,0.18927899
0,0.18448956
0,0.17931028
0,0.17151378
0,0.15801337
0,0.14484182
0,0.14596578
0,0.15208392
0,0.16158274
0,0.16182537
0,0.17268501
0,0.16450763
0,0.15742576
0,0.15437408
0,0.15719359
0,0.16017403
0,0.16359758
0,0.1683788
0,0.1761879
0,0.19733663
0,0.20290454
0,0.2135127
0,0.22244012
0,0.23924303
0,0.24940321
0,0.24942462
0,0.26413384
0,0.27809173
0,0.28705773
0,0.2920943
0,0.2867093
0,0.30693972
0,0.30465192
0,0.30895966
0,0.27563033
0,0.27968928
0,0.27611452
0,0.2682062
0,0.2611981
0,0.27268654
0,0.27697253
0,0.2996268
0,0.2794857
0,0.2838222
0,0.291612
0,0.28381047
0,0.28416902
0,0.27922073
0,0.2707893
0,0.27325806
0,0.28564554
0,0.3173399
0,0.2870261
0,0.29514447
0,0.27767208
0,0.27614826
0,0.2715738
0,0.2824997
0,0.27140972
0,0.28060237
0,0.26625034
0,0.2687347
0,0.26278186
0,0.27487275
0,0.2677469
0,0.2788401
0,0.26385877
0,0.26888445
0,0.26690203
0,0.26605514
0,0.27135804
0,0.26607564
0,0.2619893
0,0.27969125
0,0.3088206
0,0.28314573
0,0.2949259
0,0.28939164
0,0.2738241
0,0.27029255
0,0.27540123
0,0.27016413
0,0.28493765
0,0.26977715
0,0.2845099
0,0.2855565
0,0.30074918
0,0.29616427
0,0.3190878
0,0.38152972
0,0.35192463
0,0.34290773
0,0.31737307
0,0.3113175
0,0.3058446
0,0.30537644
0,0.31930524
0,0.32801
0,0.32650217
0,0.34314632
0,0.3230951
0,0.32163027
0,0.2886966
0,0.2853381
0,0.2879964
0,0.26730132
0,0.24631561
0,0.22905403
0,0.21803287
0,0.2143741
0,0.21512367
0,0.21675682
0,0.22766362
0,0.23610835
0,0.24268496
0,0.24566989
0,0.24826099
0,0.24605139
0,0.25332764
0,0.28720748
0,0.27073103
0,0.28436276
0,0.26861534
0,0.28930643
0,0.29225868
0,0.28635624
0,0.2721992
0,0.27738404
0,0.29018798
0,0.2889466
0,0.27658272
0,0.29274887
0,0.27650258
0,0.2747539
0,0.27186406
0,0.2680058
0,0.27237183
0,0.26677576
0,0.2743323
0,0.27170882
0,0.27476165
0,0.2703728
0,0.25330374
0,0.25960776
0,0.2668507
0,0.26333693
0,0.265198
0,0.261566
0,0.26981035
0,0.26160493
0,0.25749084
0,0.25745997
0,0.2668672
0,0.25988445
0,0.28383628
0,0.28216243
0,0.28883654
0,0.287393
0,0.30240056
0,0.30740336
0,0.29387307
0,0.3074169
0,0.3155005
0,0.30970705
0,0.30673385
0,0.28799552
0,0.28227356
0,0.2800438
0,0.27604145
0,0.27521685
0,0.27265933
0,0.26350063
0,0.25584394
0,0.25348574
0,0.2524709
0,0.2515378
0,0.25689712
0,0.26549134
0,0.27429193
0,0.2610845
0,0.26712584
0,0.28783873
0,0.29390875
0,0.28344196
0,0.2959244
0,0.28282937
0,0.2778566
0,0.27578217
0,0.2897949
0,0.29875824
0,0.28277
0,0.29919922
0,0.28357798
0,0.2798466
0,0.28703192
0,0.2896103
0,0.29780325
0,0.2988733
0,0.28844535
0,0.28221583
0,0.2826299
0,0.2751593
0,0.29841083
0,0.28207266
0,0.29597318
0,0.29822052
0,0.28336823
0,0.29001504
0,0.29947928
0,0.3065829
0,0.38708174
0,0.37114275
0,0.41546097
0,0.37442616
0,0.38980693
0,0.35403103
0,0.35390294
0,0.33740786
0,0.2837847
0,0.26694903
0,0.24102119
0,0.22801192
0,0.2236173
0,0.21256961
0,0.21730351
0,0.20605563
0,0.21925177
0,0.20115261
0,0.19111176
0,0.18429641
0,0.18203774
0,0.17110167
0,0.16429797
0,0.17254542
0,0.1824704
0,0.18730122
0,0.27682105
0,0.34147015
0,0.32952923
0,0.29813033
0,0.30184376
0,0.29228663
0,0.34436235
0,0.3661399
0,0.34430093
0,0.33178812
0,0.3142261
0,0.3046086
0,0.29103357
0,0.26678196
0,0.27499753
0,0.2749527
0,0.27822387
0,0.28200704
0,0.30321705
0,0.29270905
0,0.27283663
0,0.25501406
0,0.24357519
0,0.21599984
0,0.1957657
0,0.18925332
0,0.21848041
0,0.22594957
0,0.20367359
0,0.1975391
0,0.19963941
0,0.21847862
0,0.21008854
0,0.20459747
0,0.18677412
0,0.17548114
0,0.24734533
0,0.19916703
0,0.17139605
0,0.15444182
0,0.14697757
0,0.14609715
0,0.15451069
0,0.1444454
0,0.14728947
0,0.15176445
0,0.15516305
0,0.14771725
0,0.15397882
0,0.1500303
0,0.1440015
0,0.14229907
0,0.13470492
0,0.1337875
0,0.13601708
0,0.1453579
0,0.15143679
0,0.14615937
0,0.14796332
0,0.14373331
0,0.15045258
0,0.16290334
0,0.18496166
0,0.20476095
0,0.20373623
0,0.19646044
0,0.20325236
0,0.196118
0,0.19704331
0,0.22309732
0,0.20017014
0,0.190882
0,0.1877151
0,0.17346805
0,0.16500303
0,0.15355405
0,0.14655398
0,0.13506286
0,0.12690727
0,0.12875766
0,0.12830445
0,0.1285575
0,0.13150807
0,0.13080385
0,0.13677101
0,0.14320779
0,0.1476468
0,0.1590587
0,0.1687297
0,0.18022808
0,0.19414636
0,0.20883964
0,0.22041969
0,0.24081208
0,0.24180962
0,0.2519932
0,0.25752968
0,0.26081863
0,0.26997876
0,0.26924127
0,0.26451728
0,0.26909325
0,0.2594762
0,0.2632838
0,0.25185594
0,0.25341696
0,0.2533625
0,0.25343904
0,0.2533856
0,0.2563453
0,0.25595766
0,0.25750506
0,0.2675746
0,0.26463136
0,0.2963297
0,0.30519745
0,0.3120923
0,0.29570618
0,0.29296544
0,0.29545674
0,0.29457223
0,0.30975798
0,0.31749767
0,0.31405768
0,0.31575555
0,0.31513306
0,0.3335235
0,0.304279
0,0.33139881
0,0.3600188
0,0.36178586
0,0.3909486
0,0.36144695
0,0.34187117
0,0.32266206
0,0.31750017
0,0.29060426
0,0.23865288
0,0.2153841
0,0.1948409
0,0.1859186
0,0.17430298
0,0.16933537
0,0.16431968
0,0.16342866
0,0.15946074
0,0.15487005
0,0.15545192
0,0.15614493
0,0.16243732
0,0.17222025
0,0.17815535
0,0.18679215
0,0.20175171
0,0.21622741
0,0.21569137
0,0.21865584
0,0.23260863
0,0.23724864
0,0.24970715
0,0.25500414
0,0.2676458
0,0.27409223
0,0.26222098
0,0.26461595
0,0.2612298
0,0.27173272
0,0.2639992
0,0.27228245
0,0.27912918
0,0.28608838
0,0.310953
0,0.2965443
0,0.29892576
0,0.28314963
0,0.29283705
0,0.2891917
0,0.2809015
0,0.27907267
0,0.28002763
0,0.29268825
0,0.29430434
0,0.28026122
0,0.2684881
0,0.26659426
0,0.25628775
0,0.26576436
0,0.25784042
0,0.26544386
0,0.26414865
0,0.25971672
0,0.2562035
0,0.2567478
0,0.26085806
0,0.26572326
0,0.2639147
0,0.26265678
0,0.26173693
0,0.25416037
0,0.25879118
0,0.26298413
0,0.25746056
0,0.25548887
0,0.27607754
0,0.2720105
0,0.263789
0,0.2874769
0,0.27382836
0,0.29033306
0,0.2865712
0,0.28873113
0,0.27610245
0,0.27190468
0,0.27956465
0,0.2705335
0,0.27907363
0,0.27131045
0,0.2633913
0,0.26571187
0,0.2586169
0,0.27683878
0,0.2614494
0,0.2657703
0,0.2579471
0,0.25928065
0,0.2754169
0,0.26435563
0,0.25702137
0,0.2582383
0,0.2538827
0,0.25672737
0,0.2535721
0,0.2562968
0,0.26606318
0,0.2666676
0,0.26770046
0,0.2643987
0,0.26530662
0,0.25973156
0,0.25255603
0,0.26765132
0,0.2651148
0,0.256085
0,0.25374916
0,0.27509654
0,0.2685327
0,0.26181382
0,0.26493877
0,0.27476785
0,0.26753432
0,0.27062997
0,0.26926163
0,0.2729883
0,0.26929694
0,0.262654
0,0.26050344
0,0.25310132
0,0.2627206
0,0.26568842
0,0.2617022
0,0.25551298
0,0.26386937
0,0.2652752
0,0.26241282
0,0.25932047
0,0.25857794
0,0.26233834
0,0.25514492
0,0.26048166
0,0.25891623
0,0.26331535
0,0.26883718
0,0.27380708
0,0.26919568
0,0.26617974
0,0.26160198
0,0.26521495
0,0.26012936
0,0.2623449
0,0.258665
0,0.26148972
0,0.2578567
0,0.27264908
0,0.27026212
0,0.26465017
0,0.27321696
0,0.26434544
0,0.26044437
0,0.25950223
0,0.26597404
0,0.26098636
0,0.25313866
0,0.27250102
0,0.2559469
0,0.26167694
0,0.26740155
0,0.26364893
0,0.26820576
0,0.27150884
0,0.25453648
0,0.25707892
0,0.27782303
0,0.2818704
0,0.27157485
0,0.2869476
0,0.29759648
0,0.28104264
0,0.27288517
0,0.2713274
0,0.25382963
0,0.26681805
0,0.2550487
0,0.26157498
0,0.26579088
0,0.26109764
0,0.2733917
0,0.27074367
0,0.27167732
0,0.26491308
0,0.2702022
0,0.25932977
0,0.25166935
0,0.26372644
0,0.26079768
0,0.3086449
0,0.27813593
0,0.26714548
0,0.265964
0,0.27144018
0,0.27983984
0,0.27542803
0,0.27137572
0,0.26325318
0,0.2655304
0,0.25770378
0,0.2571851
0,0.2848906
0,0.26839614
0,0.26953846
0,0.27378342
0,0.26923966
0,0.26243055
0,0.28088313
0,0.2770951
0,0.27078256
0,0.26459286
0,0.26460096
0,0.27298146
0,0.2695793
0,0.27816132
0,0.26426694
0,0.2731747
0,0.26266596
0,0.28876084
0,0.27197
0,0.27308747
0,0.28504816
0,0.26990506
0,0.28041023
0,0.2652744
0,0.2787835
0,0.25859675
0,0.2614017
0,0.25759107
0,0.2559391
0,0.2547085
0,0.2600989
0,0.26380727
0,0.25867715
0,0.26546893
0,0.268818
0,0.2679011
0,0.28501782
0,0.26517862
0,0.285078
0,0.30348766
0,0.2757935
0,0.26131535
0,0.26075387
0,0.26386
0,0.25786453
0,0.26365095
0,0.2562849
0,0.27195194
0,0.27428865
0,0.2686998
0,0.2741645
0,0.27101383
0,0.27162412
0,0.29570904
0,0.28384486
0,0.2862913
0,0.27300054
0,0.25794104
0,0.25583208
0,0.2481566
0,0.26628056
0,0.261188
0,0.26323554
0,0.26142865
0,0.26434
0,0.2754944
0,0.26832637
0,0.26529565
0,0.25729334
0,0.2462155
0,0.2657676
0,0.26074716
0,0.27765092
0,0.28003725
0,0.28524476
0,0.2905253
0,0.26936978
0,0.28035024
0,0.27100182
0,0.26731446
0,0.2648374
0,0.265083
0,0.2644096
0,0.27045417
0,0.27534434
0,0.27656707
0,0.28117588
0,0.27626643
0,0.2887782
0,0.28603792
0,0.2805442
0,0.2692101
0,0.28390434
0,0.29753578
0,0.2967919
0,0.3115743
0,0.3047668
0,0.2973203
0,0.27980238
0,0.2812541
0,0.27020204
0,0.26195168
0,0.26375827
0,0.26768908
0,0.26688865
0,0.2629201
0,0.2500844
0,0.25089112
0,0.2623693
0,0.26640853
0,0.26859456
0,0.26946518
0,0.2742351
0,0.2610658
0,0.26337337
0,0.25774872
0,0.26714152
0,0.27299312
0,0.2704572
0,0.26866534
0,0.27403644
0,0.2609687
0,0.261175
0,0.24755739
0,0.26001108
0,0.2601295
0,0.26431635
0,0.26456484
0,0.33780673
0,0.29319438
0,0.2868219
0,0.28059146
0,0.27780238
0,0.2714912
0,0.27561098
0,0.2708398
0,0.27088282
0,0.2750303
0,0.2747592
0,0.2610924
0,0.2617398
0,0.26148394
0,0.26187426
0,0.25409344
0,0.2573863
0,0.24614534
0,0.25076315
0,0.25663298
0,0.25715554
0,0.25634706
0,0.25717464
0,0.2573486
0,0.26181513
0,0.2531589
0,0.25762737
0,0.28349093
0,0.29061216
0,0.2968885
0,0.29063076
0,0.27711606
0,0.2725908
0,0.2642584
0,0.2664911
0,0.27485502
0,0.27349582
0,0.2770604
0,0.27669504
0,0.26591912
0,0.26367792
0,0.25547832
0,0.2558885
0,0.24804251
0,0.25052118
0,0.25988725
0,0.25348565
0,0.2620295
0,0.27174628
0,0.25192314
0,0.26710182
0,0.26658294
0,0.2581153
0,0.2648527
0,0.26824567
0,0.26307926
0,0.2511373
0,0.24466144
0,0.24662434
0,0.24007207
0,0.25255984
0,0.25758025
0,0.2615738
0,0.24885769
0,0.26128668
0,0.26120886
0,0.26380578
0,0.2647095
0,0.28251407
0,0.2740573
0,0.2715147
0,0.27289203
0,0.2906363
0,0.2911607
0,0.28112334
0,0.2610761
0,0.26926944
0,0.2667825
0,0.27805844
0,0.2708128
0,0.28471923
0,0.27267727
0,0.28942052
0,0.28440195
0,0.29067206
0,0.27707487
0,0.28727216
0,0.28489637
0,0.2806081
0,0.2793846
0,0.2660881
0,0.2692436
0,0.27651355
0,0.26623264
0,0.26342183
0,0.25836977
0,0.2709438
0,0.26922458
0,0.27950293
0,0.27674913
0,0.28530467
0,0.26996207
0,0.27606258
0,0.28577363
0,0.2722385
0,0.28563616
0,0.2973933
0,0.29484624
0,0.2788354
0,0.28318697
0,0.28338334
0,0.26807725
0,0.2904651
0,0.2770696
0,0.26558587
0,0.26226485
0,0.2643715
0,0.2687575
0,0.25771025
0,0.25521803
0,0.26585323
0,0.26582688
0,0.2555508
0,0.26523423
0,0.2708204
0,0.25824222
0,0.26165622
0,0.25976235
0,0.2627093
0,0.2652743
0,0.26391935
0,0.2677359
0,0.2686938
0,0.2682866
0,0.25696206
0,0.2675458
0,0.2639648
0,0.26539946
0,0.2634098
0,0.2642473
0,0.27663028
0,0.2625635
0,0.26640695
0,0.26866814
0,0.26968193
0,0.26841152
0,0.2809983
0,0.27573687
0,0.27034375
0,0.26057413
0,0.25566065
0,0.2580583
0,0.27392328
0,0.26112902
0,0.26196578
0,0.25574043
0,0.25838226
0,0.25871426
0,0.26595783
0,0.25180832
0,0.2557272
0,0.2544791
0,0.25510812
0,0.2587665
0,0.26153418
0,0.24956673
0,0.25277895
0,0.26743966
0,0.2745545
0,0.26323858
0,0.27261978
0,0.26687372
0,0.27723157
0,0.27272958
0,0.2660767
0,0.26154613
0,0.26824585
0,0.2638364
0,0.26553327
0,0.2690516
0,0.2944553
0,0.28899413
0,0.2871411
0,0.26282963
0,0.27218646
0,0.27275822
0,0.27729312
0,0.2592407
0,0.2682617
0,0.27327698
0,0.27109566
0,0.28316873
0,0.3031452
0,0.28815472
0,0.27888906
0,0.27846816
0,0.28017947
0,0.27934626
0,0.26306066
0,0.2593541
0,0.26851234
0,0.2793815
0,0.28451505
0,0.2832966
0,0.29152852
0,0.2985939
0,0.29531482
0,0.28511238
0,0.27883044
0,0.28434423
0,0.29285246
0,0.28091455
0,0.2775041
0,0.30136454
0,0.29041383
0,0.28309983
0,0.28881848
0,0.2780899
0,0.29001167
0,0.2868975
0,0.2772285
0,0.2809916
0,0.2705409
0,0.26689354
0,0.26721594
0,0.26238066
0,0.26095277
0,0.28251
0,0.28488636
0,0.2855799
0,0.27199918
0,0.26614186
0,0.2739134
0,0.26234555
0,0.26486155
0,0.25759777
0,0.25948408
0,0.24648494
0,0.25724095
0,0.2550627
0,0.26831973
0,0.2708095
0,0.26409528
0,0.25577426
0,0.26851508
0,0.26667535
0,0.25610906
0,0.26464918
0,0.2710765
0,0.25737792
0,0.25474623
0,0.251604
0,0.26114482
0,0.26168302
0,0.2532203
0,0.26075634
0,0.25720423
0,0.2600999
0,0.26641962
0,0.28064096
0,0.27359957
0,0.27528906
0,0.2702118
0,0.2515917
0,0.260375
0,0.2618418
0,0.26273885
0,0.26883176
0,0.25828424
0,0.26026145
0,0.2626292
0,0.24952844
0,0.25530368
0,0.25388813
0,0.2538707
0,0.2550909
0,0.25959194
0,0.26044694
0,0.26414597
0,0.2604494
0,0.26562962
0,0.25224027
0,0.25637233
0,0.25545207
0,0.25830367
0,0.25674254
0,0.2562424
0,0.26770732
0,0.26050785
0,0.24910845
0,0.2544213
0,0.29730543
0,0.27218872
0,0.26432946
0,0.26595503
0,0.2614304
0,0.25853372
0,0.25764742
0,0.27081642
0,0.27256382
0,0.2622635
0,0.25843692
0,0.2557418
0,0.26446518
0,0.25624895
0,0.26575586
0,0.27893704
0,0.2731485
0,0.26080072
0,0.267053
0,0.25765005
0,0.26475704
0,0.26747185
0,0.25751886
0,0.25861782
0,0.25454178
0,0.27498534
0,0.2757872
0,0.28719944
0,0.2851566
0,0.28140262
0,0.2817139
0,0.2770833
0,0.27724388
0,0.262146
0,0.26793367
0,0.27010038
0,0.27103043
0,0.2706851
0,0.2582608
0,0.2601005
0,0.25410008
0,0.2644797
0,0.2786888
0,0.27147922
0,0.28263104
0,0.30038828
0,0.2965449
0,0.2837843
0,0.28042096
0,0.26290038
0,0.26745957
0,0.26029253
0,0.25472525
0,0.2621282
0,0.28136408
0,0.26838014
0,0.26299122
0,0.25798133
0,0.25777715
0,0.29964975
0,0.27195376
0,0.26200998
0,0.2565887
0,0.26588336
0,0.29320076
0,0.3135449
0,0.57768416
0,0.7395927
0,0.90190315
0,0.83687663
0,0.7820703
0,0.9164309
0,0.90391827
0,0.92565894
0,0.85488117
0,0.8774132
0,0.98229086
0,0.9466329
0,0.9228203
0,0.8754905
0,0.7703364
0,0.6813768
0,0.60039437
0,0.5451
0,0.4650407
0,0.40881336
0,0.3453526
0,0.30885303
0,0.27490932
0,0.29599956
0,0.20716247
0,0.17418537
0,0.15689872
0,0.13834284
0,0.1295327
0,0.12860411
0,0.12115428
0,0.119753376
0,0.11682734
0,0.122781634
0,0.12771425
0,0.12687543
0,0.12399769
0,0.13520437
0,0.13767493
0,0.16969077
0,0.26567224
0,0.26674846
0,0.26273456
0,0.28359026
0,0.3091077
0,0.30559
0,0.29253852
0,0.3616665
0,0.34969822
0,0.30610797
0,0.4029189
0,0.36896056
0,0.3605507
0,0.43132582
0,0.3975196
0,0.38531756
0,0.61361635
0,0.60651565
0,0.5802047
0,0.57210433
0,0.49372765
0,0.4217843
0,0.39299196
0,0.43819523
0,0.46381786
0,0.36200255
0,0.4400346
0,0.30461904
0,0.26879522
0,0.27470785
0,0.3333865
0,0.31952715
0,0.28374508
0,0.22829588
0,0.25610292
0,0.19803806
0,0.22852105
0,0.1949651
0,0.21168882
0,0.19088991
0,0.1756373
0,0.17329079
0,0.17038238
0,0.40577638
0,0.54058415
0,0.35613036
0,0.35794002
0,0.3298565
0,0.33056304
0,0.54941297
0,0.6008078
0,0.4710903
0,0.36099678
0,0.36170176
0,0.27173328
0,0.2884445
0,0.36576518
0,0.5133422
0,0.5581185
0,0.54964125
0,0.55488944
0,0.46083894
0,0.32255214
0,0.36514422
0,0.3873457
0,0.4465673
0,0.49256036
0,0.41154557
0,0.3009769
0,0.3754642
0,0.35764217
0,0.5073594
0,0.6310617
0,0.78498614
0,0.8343801
0,0.6725566
0,0.5194563
0,0.65823376
0,0.6119362
0,0.51672554
0,0.4354315
0,0.4896004
0,0.538663
0,0.4179816
0,0.35990968
0,0.2664889
0,0.20654866
0,0.16838664
0,0.14662836
0,0.13791755
0,0.13036983
0,0.13167344
0,0.12565166
0,0.1278372
0,0.12828574
0,0.12756366
0,0.1270228
0,0.12235417
0,0.12472097
0,0.12557384
0,0.12118897
0,0.14377026
0,0.17562628
0,0.19561666
0,0.20992821
0,0.2639236
0,0.42155984
0,0.599863
0,0.624261
0,0.47509003
0,0.3804213
0,0.35869113
0,0.3352094
0,0.25297344
0,0.19222197
0,0.18134592
0,0.16537732
0,0.155017
0,0.15285616
0,0.13945584
0,0.13279441
0,0.12631781
0,0.1225146
0,0.1214939
0,0.12585832
0,0.13491765
0,0.13382049
0,0.14329188
0,0.14967352
0,0.16605252
0,0.18394013
0,0.19512056
0,0.20550399
0,0.21001549
0,0.2233012
0,0.2568971
0,0.28755313
0,0.2933752
0,0.28595996
0,0.27975327
0,0.27561375
0,0.2637471
0,0.26657745
0,0.27511707
0,0.27761573
0,0.26499093
0,0.25873092
0,0.26361766
0,0.2815599
0,0.26787767
0,0.2586908
0,0.26123887
0,0.2663351
0,0.26205194
0,0.26264286
0,0.2573499
0,0.3091732
0,0.2927711
0,0.26577523
0,0.31965142
0,0.3547072
0,0.32815272
0,0.3475109
0,0.3278446
0,0.5047343
0,0.4006147
0,0.3588543
0,0.31382906
0,0.29266813
0,0.34369355
0,0.3432497
0,0.51370883
0,0.4361106
0,0.42820713
0,0.33588162
0,0.2562675
0,0.20382234
0,0.17099833
0,0.1803749
0,0.16203125
0,0.23101974
0,0.1684992
0,0.16951814
0,0.19159833
0,0.21304989
0,0.16385634
0,0.15560316
0,0.13930559
0,0.13267101
0,0.12936631
0,0.12919626
0,0.12686554
0,0.12931277
0,0.1301213
0,0.13004985
0,0.131264
0,0.14340769
0,0.15611985
0,0.16654852
0,0.18948418
0,0.21184267
0,0.23679493
0,0.23314448
0,0.23761524
0,0.2388814
0,0.24662487
0,0.25561732
0,0.26988396
0,0.25952083
0,0.25841224
0,0.2649259
0,0.25974324
0,0.26773992
0,0.26344624
0,0.27676255
0,0.28131762
0,0.2961286
0,0.28422228
0,0.27799073
0,0.271443
0,0.27005413
0,0.2656607
0,0.26698753
0,0.26244184
0,0.26463053
0,0.27176452
0,0.26968497
0,0.26454526
0,0.26583937
0,0.2652648
0,0.25019917
0,0.27258867
0,0.26713422
0,0.2607972
0,0.2608212
0,0.25774693
0,0.26754385
0,0.2622422
0,0.26244792
0,0.26352543
0,0.26174405
0,0.25815424
0,0.2543165
0,0.2593542
0,0.24694964
0,0.24975598
0,0.2482512
0,0.2501971
0,0.2522338
0,0.26739717
0,0.2679017
0,0.26861054
0,0.26133958
0,0.26739997
0,0.26058397
0,0.26882112
0,0.26631021
0,0.27262345
0,0.30424184
0,0.2644802
0,0.26590845
0,0.2691159
0,0.25188383
0,0.28532955
0,0.2665287
0,0.2774508
0,0.26402283
0,0.25860435
0,0.25796756
0,0.25326207
0,0.26407158
0,0.2734342
0,0.28030393
0,0.26184985
0,0.26181298
0,0.26839048
0,0.2701133
0,0.2616356
0,0.26144382
0,0.25842738
0,0.26222605
0,0.2629538
0,0.27604762
0,0.2748853
0,0.26225436
0,0.26551774
0,0.2614129
0,0.2741273
0,0.26362458
0,0.2643731
0,0.263039
0,0.2621233
0,0.26482567
0,0.26244578
0,0.2538269
0,0.26020157
0,0.26305467
0,0.2791692
0,0.2676936
0,0.26568705
0,0.251689
0,0.25716144
0,0.25944763
0,0.25823656
0,0.2626896
0,0.26497647
0,0.25318953
0,0.2593266
0,0.26200327
0,0.25838688
0,0.2633111
0,0.25938085
0,0.2519012
0,0.25294977
0,0.27297023
0,0.26099387
0,0.24966565
0,0.2698721
0,0.268693
0,0.26522398
0,0.2674507
0,0.25681016
0,0.26581544
0,0.2686199
0,0.2641014
0,0.2738741
0,0.26622203
0,0.34464955
0,0.30028105
0,0.2862355
0,0.27808207
0,0.29665273
0,0.3056292
0,0.29178542
0,0.30556625
0,0.33971485
0,0.356824
0,0.33417606
0,0.32821888
0,0.3037726
0,0.29039904
0,0.28948942
0,0.29329282
0,0.2825882
0,0.27141926
0,0.26398194
0,0.26283795
0,0.26919502
0,0.26187453
0,0.26477125
0,0.25860032
0,0.2616616
0,0.25780833
0,0.25103527
0,0.26301825
0,0.25674537
0,0.27432972
0,0.28638902
0,0.27132335
0,0.26572767
0,0.26599684
0,0.27169052
0,0.2656489
0,0.26920205
0,0.27271825
0,0.26855463
0,0.27121854
0,0.266054
0,0.2591929
0,0.26092535
0,0.25831982
0,0.259592
0,0.25684974
0,0.268063
0,0.2671108
0,0.27211872
0,0.2565899
0,0.2767691
0,0.2735382
0,0.26242185
0,0.27318054
0,0.26566958
0,0.2533084
0,0.2717664
0,0.2672048
0,0.26740548
0,0.26636893
0,0.26122847
0,0.2667587
0,0.2617864
0,0.2765588
0,0.28134227
0,0.2964874
0,0.27526376
0,0.27479663
0,0.2791929
0,0.2714225
0,0.27685902
0,0.27173218
0,0.27765593
0,0.27244878
0,0.27716863
0,0.27121025
0,0.27756965
0,0.27119
0,0.26820645
0,0.2692093
0,0.2801216
0,0.2939176
0,0.29097807
0,0.27920628
0,0.2706196
0,0.26789224
0,0.25983575
0,0.26134416
0,0.27588946
0,0.2711444
0,0.26332074
0,0.25094238
0,0.25438297
0,0.26062608
0,0.26256356
0,0.25998604
0,0.27832198
0,0.26985162
0,0.26905522
0,0.26645872
0,0.2703699
0,0.2579732
0,0.26246244
0,0.26379472
0,0.27049822
0,0.26645246
0,0.2639652
0,0.25940356
0,0.26034987
0,0.2730392
0,0.2645074
0,0.2716205
0,0.26156598
0,0.2580154
0,0.2588983
0,0.24700412
0,0.24787995
0,0.2605189
0,0.25775465
0,0.26750168
0,0.2596902
0,0.26077837
0,0.28059724
0,0.26311305
0,0.261644
0,0.25599724
0,0.25401106
0,0.26151338
0,0.27139103
0,0.26823756
0,0.28434685
0,0.2937211
0,0.31016025
0,0.28885686
0,0.2936954
0,0.28225744
0,0.27117124
0,0.28271613
0,0.28062823
0,0.25847578
0,0.26932833
0,0.2823655
0,0.27618343
0,0.2724928
0,0.28616777
0,0.30042097
0,0.29083815
0,0.27857304
0,0.279643
0,0.27763027
0,0.27388886
0,0.2692234
0,0.25787356
0,0.25718543
0,0.28302023
0,0.28562918
0,0.28027296
0,0.27377692
0,0.27133015
0,0.28051665
0,0.27277392
0,0.28775367
0,0.27629694
0,0.2708463
0,0.26739398
0,0.26380175
0,0.26521423
0,0.27408224
0,0.26448914
0,0.263206
0,0.27685082
0,0.27403495
0,0.26827747
0,0.2633653
0,0.2657086
0,0.26024017
0,0.25217494
0,0.25455138
0,0.26059225
0,0.26691544
0,0.27180526
0,0.2732053
0,0.26707792
0,0.2561308
0,0.25219986
0,0.24778998
0,0.25105208
0,0.24208777
0,0.2639105
0,0.2696187
0,0.2666942
0,0.27107418
0,0.25825524
0,0.25440305
0,0.2688204
0,0.25744995
0,0.2571545
0,0.24780008
0,0.26155704
0,0.25112358
0,0.25171027
0,0.25848946
0,0.25852138
0,0.25554696
0,0.26734495
0,0.26089337
0,0.2730078
0,0.270209
0,0.29101047
0,0.29505426
0,0.2818481
0,0.2879217
0,0.2720631
0,0.27178222
0,0.2692042
0,0.2565355
0,0.25043917
0,0.25791124
0,0.25783706
0,0.25517723
0,0.26120156
0,0.265594
0,0.25814277
0,0.2472449
0,0.24735008
0,0.25404188
0,0.2531635
0,0.26066947
0,0.27716392
0,0.26910666
0,0.2601562
0,0.29643163
0,0.29355836
0,0.28056556
0,0.28350762
0,0.28080392
0,0.27353176
0,0.26822278
0,0.26748228
0,0.26281154
0,0.2803656
0,0.26451686
0,0.2684777
0,0.26994276
0,0.26968083
0,0.2639586
0,0.26650754
0,0.29681075
0,0.27431008
0,0.27805573
0,0.28347668
0,0.2908683
0,0.29172158
0,0.28248566
0,0.2733709
0,0.27698925
0,0.27992192
0,0.28058848
0,0.28289506
0,0.2821453
0,0.26316792
0,0.2779586
0,0.26403987
0,0.26211277
0,0.2692653
0,0.2511434
0,0.2647534
0,0.2559608
0,0.2645595
0,0.26233456
0,0.2716464
0,0.2585286
0,0.25559172
0,0.2528322
0,0.26253247
0,0.2537906
0,0.25151476
0,0.24890013
0,0.2644124
0,0.25036567
0,0.27294782
0,0.2561392
0,0.25266072
0,0.27077934
0,0.26663318
0,0.2661345
0,0.25624487
0,0.25928333
0,0.26435456
0,0.25576004
0,0.26399964
0,0.25776765
0,0.2675149
0,0.2767177
0,0.27239013
0,0.28046963
0,0.27454114
0,0.26805687
0,0.27221686
0,0.28111345
0,0.2651454
0,0.2571963
0,0.2630723
0,0.2967023
0,0.29259157
0,0.26806697
0,0.2703676
0,0.26592237
0,0.2766595
0,0.27875182
0,0.27592432
0,0.25975308
0,0.26337227
0,0.25039208
0,0.25706798
0,0.2568271
0,0.25865144
0,0.25594085
0,0.28208444
0,0.28322697
0,0.2693503
0,0.26970327
0,0.26379898
0,0.24958824
0,0.2660153
0,0.25466868
0,0.24564126
0,0.25864944
0,0.2533808
0,0.24356465
0,0.26300913
0,0.27125955
0,0.25908977
0,0.27076763
0,0.26983413
0,0.2657739
0,0.26963115
0,0.26205358
0,0.2757287
0,0.27309763
0,0.27621365
0,0.28971457
0,0.2829083
0,0.26725274
0,0.28771803
0,0.27745166
0,0.26684108
0,0.2572693
0,0.2616981
0,0.26935378
0,0.2684393
0,0.27886045
0,0.26966894
0,0.28695732
0,0.2856455
0,0.2957783
0,0.28132057
0,0.29005477
0,0.28536242
0,0.29530606
0,0.28055322
0,0.29625303
0,0.28015
0,0.2801356
0,0.27377403
0,0.285506
0,0.29533735
0,0.27953696
0,0.28525093
0,0.27624843
0,0.2680585
0,0.26770198
0,0.27127203
0,0.28559497
0,0.29113021
0,0.2895269
0,0.29118267
0,0.27618644
0,0.30534837
0,0.29375774
0,0.29967266
0,0.29607612
0,0.30014366
0,0.28094473
0,0.29046047
0,0.29389593
0,0.28470805
0,0.28752148
0,0.26963246
0,0.28756514
0,0.27207878
0,0.26708594
0,0.2783376
0,0.27980942
0,0.2782731
0,0.276792
0,0.28036454
0,0.2660207
0,0.27575982
0,0.28148767
0,0.27771378
0,0.277333
0,0.26625803
0,0.27679786
0,0.3057385
0,0.3106227
0,0.2794444
0,0.27402297
0,0.26664576
0,0.28261578
0,0.38975748
0,0.31066748
0,0.3026894
0,0.29258245
0,0.27383327
0,0.26445532
0,0.26154548
0,0.25523308
0,0.263469
0,0.25404045
0,0.25151214
0,0.25214863
0,0.2651901
0,0.2593963
0,0.36780304
0,0.3192399
0,0.30217534
0,0.2880528
0,0.27172402
0,0.29247773
0,0.27017498
0,0.27203605
0,0.29227263
0,0.270936
0,0.28860673
0,0.28024143
0,0.26407182
0,0.27861524
0,0.2723825
0,0.26898822
0,0.26732346
0,0.2699208
0,0.26572126
0,0.2559948
0,0.27286747
0,0.27553976
0,0.26961526
0,0.26401395
0,0.2638628
0,0.2507266
0,0.26969197
0,0.26582623
0,0.26441634
0,0.2594742
0,0.2608129
0,0.26927185
0,0.26197314
0,0.2610684
0,0.26072496
0,0.27403626
0,0.26635122
0,0.272654
0,0.27719307
0,0.27720374
0,0.27765945
0,0.28038695
0,0.27118668
0,0.25548014
0,0.25707698
0,0.26579413
0,0.26814458
0,0.2548933
0,0.27581114
0,0.27105993
0,0.27371088
0,0.2716001
0,0.27671698
0,0.27960667
0,0.2647269
0,0.26281962
0,0.27342755
0,0.25363564
0,0.268717
0,0.25868088
0,0.25437626
0,0.25116667
0,0.24986683
0,0.25690383
0,0.26044235
0,0.26184237
0,0.26528236
0,0.2720246
0,0.2642874
0,0.27510464
0,0.2596
0,0.24972612
0,0.2602793
0,0.26432854
0,0.26306704
0,0.27221233
0,0.27035004
0,0.2546306
0,0.25917152
0,0.25762537
0,0.26217383
0,0.26328278
0,0.26230875
0,0.25917166
0,0.25991368
0,0.2575526
0,0.2585788
0,0.2729283
0,0.27485397
0,0.2720086
0,0.26652393
0,0.26577717
0,0.2626343
0,0.26011068
0,0.2596
0,0.2471704
0,0.25388682
0,0.25509316
0,0.25471014
0,0.26508883
0,0.27257192
0,0.27203298
0,0.26569214
0,0.2705987
0,0.25791362
0,0.26104742
0,0.2573401
0,0.25756067
0,0.2577077
0,0.2453
0,0.25052553
0,0.2501322
0,0.26154184
0,0.28171554
0,0.2796094
0,0.27763802
0,0.27587953
0,0.2693417
0,0.2712376
0,0.26418194
0,0.2603338
0,0.25591338
0,0.25660318
0,0.24649218
0,0.24535094
0,0.2502767
0,0.25758386
0,0.27110875
0,0.261624
0,0.25805774
0,0.26352206
0,0.26873204
0,0.2670212
0,0.26693708
0,0.26657763
0,0.275538
0,0.27304557
0,0.27864933
0,0.26029375
0,0.2708678
0,0.2776317
0,0.26876074
0,0.2782182
0,0.2669152
0,0.26539707
0,0.25158042
0,0.2673393
0,0.2601095
0,0.2784592
0,0.28235513
0,0.2708633
0,0.2669184
0,0.28787926
0,0.2983364
0,0.28576788
0,0.27127764
0,0.28971028
0,0.301506
0,0.30411753
0,0.30191958
0,0.28182688
0,0.26296955
0,0.26448733
0,0.27026454
0,0.26365173
0,0.26935843
0,0.26091442
0,0.25456297
0,0.25639483
0,0.25241232
0,0.25365627
0,0.2642991
0,0.2578319
0,0.25710076
0,0.2767911
0,0.27126634
0,0.27123496
0,0.26988938
0,0.27203894
0,0.26188168
0,0.25780576
0,0.25250673
0,0.2628885
0,0.24960907
0,0.25020823
0,0.25877184
0,0.26194498
0,0.2498065
0,0.2606269
0,0.26240644
0,0.26509997
0,0.26364863
0,0.26642147
0,0.26405126
0,0.2633709
0,0.25853005
0,0.254308
0,0.2651869
0,0.26527998
0,0.25039494
0,0.25133502
0,0.2555579
0,0.24813801
0,0.25372782
0,0.2577494
0,0.2579658
0,0.26356435
0,0.26696742
0,0.2749019
0,0.27722538
0,0.26238444
0,0.26123196
0,0.2626173
0,0.26213473
0,0.25665924
0,0.25566977
0,0.26103613
0,0.24949333
0,0.26676038
0,0.25777218
0,0.25931558
0,0.261338
0,0.2650783
0,0.26915517
0,0.26296148
0,0.26992783
0,0.26565957
0,0.25826433
0,0.2598616
0,0.25607622
0,0.25775695
0,0.24981065
0,0.24469678
0,0.24913573
0,0.24892928
0,0.24979126
0,0.25124234
0,0.25257897
0,0.25257862
0,0.25110492
0,0.25154924
0,0.25906852
0,0.2556494
0,0.2510177
0,0.27211195
0,0.2674857
0,0.27601296
0,0.27771875
0,0.2661804
0,0.2670947
0,0.28894913
0,0.27593222
0,0.27776954
0,0.27192873
0,0.27660382
0,0.26407126
0,0.27031806
0,0.26757258
0,0.27107394
0,0.27880153
0,0.26535887
0,0.26532504
0,0.2542147
0,0.24906518
0,0.26173458
0,0.2648011
0,0.2719142
0,0.2781781
0,0.28268
0,0.28292426
0,0.27590314
0,0.26895842
0,0.25943768
0,0.26151174
0,0.28015053
0,0.29744774
0,0.29544768
0,0.30735302
0,0.27531046
0,0.26745364
0,0.260532
0,0.2620521
0,0.26863366
0,0.261338
0,0.2579306
0,0.2673626
0,0.26447412
0,0.29064396
0,0.291668
0,0.28770155
0,0.27620465
0,0.26718387
0,0.2691844
0,0.26226592
0,0.28858116
0,0.26811612
0,0.26662922
0,0.2643778
0,0.26293284
0,0.24994288
0,0.26070768
0,0.2660339
0,0.26160005
0,0.2681379
0,0.26707548
0,0.2873367
0,0.26887798
0,0.27812093
0,0.2754258
0,0.27163145
0,0.26973027
0,0.25639328
0,0.25779054
0,0.24903594
0,0.26543295
0,0.2635968
0,0.2546892
0,0.26271462
0,0.2538701
0,0.2576829
0,0.25455213
0,0.2627534
0,0.302052
0,0.28939432
0,0.27129546
0,0.26485336
0,0.2557145
0,0.24831438
0,0.25335085
0,0.25210574
0,0.2758519
0,0.2675995
0,0.27243125
0,0.26570046
0,0.27667096
0,0.27207035
0,0.2921527
0,0.29383305
0,0.28416446
0,0.27412835
0,0.27904397
0,0.26839027
0,0.2708631
0,0.2625245
0,0.2616007
0,0.25616968
0,0.2616215
0,0.25792348
0,0.26411456
0,0.25252414
0,0.26163736
0,0.2598388
0,0.25281283
0,0.2577733
0,0.27552456
0,0.27781534
0,0.27359855
0,0.27605265
0,0.2706505
0,0.27672994
0,0.2935512
0,0.28264663
0,0.28179508
0,0.28242728
0,0.28003678
0,0.27823517
0,0.2833902
0,0.27137905
0,0.27262384
0,0.2640342
0,0.26388207
0,0.25856167
0,0.25933155
0,0.2555126
0,0.25192115
0,0.2744828
0,0.26170075
0,0.27096677
0,0.2628942
0,0.27556893
0,0.26024678
0,0.28169674
0,0.26477408
0,0.25974616
0,0.26498935
0,0.2555333
0,0.25503343
0,0.2638125
0,0.25793114
0,0.25516835
0,0.24933442
0,0.24267444
0,0.24629965
0,0.24423206
0,0.25029966
0,0.25490698
0,0.26098803
0,0.2664513
0,0.25453824
0,0.2700129
0,0.27353168
0,0.26720804
0,0.2572705
0,0.25725824
0,0.25899142
0,0.26630044
0,0.26106972
0,0.26670182
0,0.2803332
0,0.260322
0,0.25469178
0,0.25274864
0,0.26007414
0,0.25804293
0,0.2637331
0,0.26940337
0,0.26018342
0,0.25943837
0,0.26254457
0,0.24876697
0,0.25784692
0,0.25911167
0,0.25131902
0,0.26339108
0,0.2619867
0,0.25099018
0,0.266095
0,0.26374215
0,0.26128232
0,0.2680221
0,0.26348528
0,0.27066743
0,0.2642715
0,0.27438098
0,0.28415048
0,0.30679724
0,0.2970005
0,0.27268082
0,0.2858059
0,0.26511687
0,0.26831523
0,0.2701709
0,0.25691402
0,0.2648889
0,0.27036905
0,0.2734624
0,0.27350977
0,0.26498878
0,0.27279985
0,0.2715561
0,0.2685418
0,0.27803707
0,0.2651341
0,0.26092988
0,0.26111403
0,0.2632438
0,0.26976997
0,0.28507122
0,0.2757322
0,0.2709439
0,0.29076973
0,0.27823055
0,0.2948489
0,0.27845034
0,0.26633415
0,0.26620144
0,0.26877382
0,0.26526973
0,0.25524333
0,0.25888875
0,0.2537898
0,0.25685978
0,0.25676766
0,0.2577599
0,0.2604531
0,0.257933
0,0.25742787
0,0.25095063
0,0.25877756
0,0.2515452
0,0.25883308
0,0.2553382
0,0.25837338
0,0.24752301
0,0.25656205
0,0.25109974
0,0.2673728
0,0.25786865
0,0.29066408
0,0.28104058
0,0.27144006
0,0.26348937
0,0.26398566
0,0.256895
0,0.25811702
0,0.2536316
0,0.2559769
0,0.2562704
0,0.25546846
0,0.26687905
0,0.25951362
0,0.24766754
0,0.25867322
0,0.26353502
0,0.25814036
0,0.26418656
0,0.25790206
0,0.2679375
0,0.2634731
0,0.27739996
0,0.2747384
0,0.26993608
0,0.26161388
0,0.2637945
0,0.2535445
0,0.24981748
0,0.25015205
0,0.2610097
0,0.2659676
0,0.25040016
0,0.25353202
0,0.25663808
0,0.26718068
0,0.26175243
0,0.27314195
0,0.277833
0,0.26453918
0,0.28217426
0,0.2678738
0,0.26431534
0,0.2695567
0,0.2635274
0,0.2588062
0,0.2506584
0,0.25688317
0,0.25265473
0,0.25008252
0,0.25378725
0,0.24744576
0,0.2547073
0,0.24703938
0,0.26029074
0,0.24940754
0,0.25126004
0,0.25901213
0,0.2700276
0,0.2645005
0,0.2731412
0,0.26639915
0,0.27507564
0,0.26962587
0,0.26494968
0,0.2642863
0,0.2566492
0,0.26995122
0,0.26273024
0,0.25956646
0,0.2628008
0,0.25831288
0,0.26438683
0,0.27016306
0,0.25572893
0,0.259899
0,0.26155916
0,0.2576269
0,0.2738239
0,0.26082093
0,0.25149304
0,0.24801652
0,0.26582688
0,0.25614753
0,0.24724339
0,0.25062355
0,0.25469378
0,0.2615111
0,0.2520683
0,0.26182532
0,0.28055623
0,0.2808494
0,0.310294
0,0.27910894
0,0.29343912
0,0.31398702
0,0.29490227
0,0.28988075
0,0.2885237
0,0.2727725
0,0.27178866
0,0.26100785
0,0.26488885
0,0.2582855
0,0.25840145
0,0.26360524
0,0.25899988
0,0.2652687
0,0.26193926
0,0.2531437
0,0.27537745
0,0.31923878
0,0.27343228
0,0.27393627
0,0.26558176
0,0.26895538
0,0.27364534
0,0.27895382
0,0.2564802
0,0.26251045
0,0.25962403
0,0.2617759
0,0.25661153
0,0.25960118
0,0.26517722
0,0.2610818
0,0.25862166
0,0.27654687
0,0.25653324
0,0.27006692
0,0.26798168
0,0.26397172
0,0.25490868
0,0.25677696
0,0.260888
0,0.25884703
0,0.26610112
0,0.2811522
0,0.28384182
0,0.2727986
0,0.2946542
0,0.27570727
0,0.27462354
0,0.2781487
0,0.2772554
0,0.26837397
0,0.26718006
0,0.26245052
0,0.2638302
0,0.25367767
0,0.26206225
0,0.25685173
0,0.2588764
0,0.2767543
0,0.27781326
0,0.26544127
0,0.27926362
0,0.2782809
0,0.26429597
0,0.26234105
0,0.26106066
0,0.26932225
0,0.27512765
0,0.2625789
0,0.26494735
0,0.26207396
0,0.2648165
0,0.26837257
0,0.28640053
0,0.27889696
0,0.26753628
0,0.27907556
0,0.27199924
0,0.27160618
0,0.26288024
0,0.26690432
0,0.25937274
0,0.26460388
0,0.25763083
0,0.2656394
0,0.2736245
0,0.27193695
0,0.27402163
0,0.27230692
0,0.2705034
0,0.26899865
0,0.26504317
0,0.2772698
0,0.26099646
0,0.2653071
0,0.26524213
0,0.2652031
0,0.26001924
0,0.268667
0,0.2592729
0,0.26504478
0,0.27870855
0,0.29195136
0,0.28732148
0,0.26315182
0,0.2582163
0,0.2760254
0,0.2627867
0,0.2529831
0,0.2641785
0,0.2543203
0,0.25268558
0,0.25355154
0,0.25151828
0,0.25925583
0,0.26249024
0,0.28963158
0,0.28262404
0,0.28124362
0,0.28125295
0,0.27879825
0,0.27116567
0,0.26578724
0,0.2682289
0,0.25334755
0,0.27276152
0,0.25707147
0,0.26406053
0,0.257828
0,0.2590643
0,0.2547732
0,0.2758056
0,0.26641983
0,0.2646697
0,0.26408264
0,0.27620095
0,0.26924816
0,0.27945167
0,0.2772625
0,0.2665722
0,0.26781398
0,0.27648056
0,0.2666139
0,0.2597623
0,0.2765307
0,0.26724792
0,0.2718976
0,0.27344272
0,0.27156815
0,0.2720746
0,0.26953313
0,0.2726524
0,0.27251393
0,0.2724478
0,0.26618776
0,0.27393264
0,0.2606065
0,0.25694516
0,0.2656755
0,0.24989766
0,0.2548782
0,0.2664104
0,0.3021653
0,0.310623
0,0.2897456
0,0.32050827
0,0.29086488
0,0.28801632
0,0.26706097
0,0.27562755
0,0.26922354
0,0.25154984
0,0.27159202
0,0.26874846
0,0.2756944
0,0.27000254
0,0.2660758
0,0.27388933
0,0.2675485
0,0.26521257
0,0.26328963
0,0.25249016
0,0.25586355
0,0.26018307
0,0.26517215
0,0.25589043
0,0.2550021
0,0.25885367
0,0.25516275
0,0.25572857
0,0.25431618
0,0.24381864
0,0.24906874
0,0.25118124
0,0.25076038
0,0.25169262
0,0.250121
0,0.2521502
0,0.25110886
0,0.2410923
0,0.24591315
0,0.2478499
0,0.25047478
0,0.24000931
0,0.2530469
0,0.2415004
0,0.255151
0,0.2492816
0,0.25845098
0,0.25024262
0,0.25015545
0,0.24661592
0,0.25559735
0,0.25422448
0,0.25788906
0,0.25151345
0,0.25811523
0,0.2513784
0,0.26086956
0,0.25303438
0,0.25748438
0,0.25316703
0,0.2519811
0,0.25052527
0,0.2572016
0,0.2603461
0,0.26021102
0,0.26390386
0,0.26608586
0,0.2697542
0,0.26509392
0,0.26661697
0,0.2647694
0,0.24999468
0,0.24665546
0,0.25635058
0,0.26016307
0,0.25250247
0,0.2844167
0,0.2596973
0,0.26418906
0,0.26386476
0,0.26207438
0,0.2635808
0,0.26232353
0,0.25255784
0,0.25455886
0,0.25753444
0,0.25673535
0,0.2579431
0,0.25178668
0,0.24478112
0,0.25021255
0,0.24774875
0,0.2551759
0,0.25886586
0,0.2657666
0,0.26059756
0,0.2736832
0,0.26393762
0,0.26125386
0,0.2596652
0,0.26897296
0,0.25054878
0,0.25405088
0,0.25617617
0,0.2642987
0,0.25851598
0,0.2551933
0,0.26640657
0,0.25840142
0,0.25576323
0,0.25292358
0,0.25224027
0,0.26675135
0,0.25792778
0,0.25444275
0,0.2574203
0,0.26499054
0,0.26646894
0,0.26824206
0,0.2630575
0,0.27102047
0,0.27302125
0,0.2819122
0,0.2890009
0,0.27851802
0,0.27331236
0,0.26786518
0,0.27075478
0,0.26092023
0,0.26592416
0,0.2675503
0,0.26864293
0,0.26707146
0,0.26786727
0,0.25615126
0,0.2634877
0,0.25232166
0,0.26124328
0,0.2623577
0,0.26592395
0,0.2548556
0,0.27373677
0,0.26780465
0,0.26686987
0,0.25625652
0,0.2724517
0,0.26649797
0,0.25779128
0,0.26281032
0,0.25430936
0,0.25790852
0,0.27830172
0,0.27860335
0,0.26855558
0,0.26419517
0,0.26739576
0,0.27328166
0,0.26774278
0,0.27683705
0,0.27837768
0,0.26616028
0,0.26319632
0,0.26065958
0,0.27442715
0,0.26695406
0,0.27259207
0,0.26311734
0,0.2580647
0,0.26085734
0,0.258275
0,0.25764504
0,0.2696117
0,0.26046148
0,0.26276988
0,0.25656265
0,0.2644473
0,0.2749549
0,0.25966397
0,0.26783913
0,0.27444732
0,0.2616844
0,0.25835776
0,0.25453883
0,0.27148923
0,0.26882812
0,0.26856604
0,0.26884472
0,0.26936415
0,0.2699708
0,0.26890847
0,0.27020153
0,0.27165985
0,0.2783895
0,0.27343512
0,0.27544728
0,0.27360407
0,0.2767641
0,0.27029487
0,0.2611426
0,0.26717994
0,0.28910288
0,0.2703939
0,0.27155733
0,0.30870768
0,0.2877617
0,0.29795954
0,0.28138846
0,0.2730734
0,0.27270526
0,0.26888502
0,0.26806417
0,0.26426402
0,0.26620787
0,0.26279855
0,0.2793143
0,0.26793277
0,0.26560223
0,0.26213008
0,0.26038146
0,0.26088142
0,0.2599133
0,0.25808084
0,0.2585037
0,0.2582439
0,0.25768992
0,0.25753352
0,0.2562816
0,0.25509936
0,0.2664611
0,0.25821447
0,0.25937027
0,0.24610288
0,0.25454676
0,0.2558002
0,0.26004237
0,0.25437555
0,0.25488076
0,0.262455
0,0.26112294
0,0.25672486
0,0.2603115
0,0.25502592
0,0.25459558
0,0.26359135
0,0.26729104
0,0.2644346
0,0.25791454
0,0.26431194
0,0.25699958
0,0.2526576
0,0.25069606
0,0.25070354
0,0.25973865
0,0.264265
0,0.27031794
0,0.27215764
0,0.27253702
0,0.26911885
0,0.26974386
0,0.2708014
0,0.2599802
0,0.26334846
0,0.2653783
0,0.26778126
0,0.26665732
0,0.2654985
0,0.26609075
0,0.26385358
0,0.26603335
0,0.28395045
0,0.27209842
0,0.26937684
0,0.2677507
0,0.27596122
0,0.2711038
0,0.2799083
0,0.3150583
0,0.30479196
0,0.28646955
0,0.27067354
0,0.27608845
0,0.27573925
0,0.26952806
0,0.26770306
0,0.2648662
0,0.26456252
0,0.2735796
0,0.2638191
0,0.26253575
0,0.25442457
0,0.26254714
0,0.25821373
0,0.25927094
0,0.25723976
0,0.25790462
0,0.24831367
0,0.25307378
0,0.25277653
0,0.26200452
0,0.25568655
0,0.2567632
0,0.26088434
0,0.26165527
0,0.27239937
0,0.26275292
0,0.25441828
0,0.2658814
0,0.267178
0,0.2600813
0,0.25317845
0,0.25505814
0,0.265208
0,0.2552618
0,0.2539836
0,0.26265153
0,0.25902733
0,0.3106958
0,0.28646135
0,0.28162163
0,0.2785363
0,0.27798682
0,0.26987442
0,0.2648971
0,0.26703846
0,0.2608304
0,0.26715538
0,0.25489995
0,0.2638716
0,0.26626822
0,0.26706988
0,0.26472417
0,0.26299566
0,0.2686254
0,0.275755
0,0.27011165
0,0.25412965
0,0.26440084
0,0.2538091
0,0.258141
0,0.2568847
0,0.25065917
0,0.24438722
0,0.25402918
0,0.25698522
0,0.25712237
0,0.26738587
0,0.26481107
0,0.25555503
0,0.2647991
0,0.267647
0,0.2686755
0,0.26781735
0,0.2698636
0,0.26456535
0,0.26373684
0,0.27403495
0,0.26851144
0,0.27546334
0,0.27093238
0,0.2525485
0,0.27579796
0,0.2722981
0,0.26539186
0,0.26308915
0,0.27734953
0,0.27624166
0,0.26743892
0,0.2633846
0,0.26083526
0,0.26963136
0,0.26272365
0,0.26646698
0,0.26254573
0,0.2587139
0,0.2578795
0,0.25579867
0,0.25704914
0,0.2545901
0,0.25538555
0,0.24831502
0,0.2531577
0,0.2517903
0,0.24627957
0,0.27081788
0,0.27248314
0,0.26015756
0,0.26868424
0,0.25297773
0,0.26483685
0,0.24914716
0,0.2516711
0,0.24920303
0,0.26310715
0,0.26312327
0,0.25485197
0,0.32617888
0,0.2922329
0,0.28401327
0,0.28190228
0,0.27631894
0,0.27574906
0,0.26282993
0,0.26436597
0,0.27608383
0,0.27165797
0,0.2599107
0,0.26504004
0,0.26401743
0,0.26735395
0,0.26548833
0,0.267265
0,0.26573616
0,0.29973534
0,0.2774036
0,0.27463275
0,0.276885
0,0.27241188
0,0.26882404
0,0.2697778
0,0.26607588
0,0.27286595
0,0.2562023
0,0.25743073
1,0.27698946
1,0.26949456
1,0.25972295
1,0.2635808
1,0.26090956
1,0.26533374
1,0.2700593
1,0.26515087
1,0.26187435
1,0.25374067
1,0.25564167
1,0.25136963
1,0.2548204
1,0.24673945
1,0.24437706
1,0.9313562
0,0.9885258
0,0.9944835
0,0.99583644
0,0.98614985
0,0.97994053
0,0.9699433
0,0.94844496
0,0.91158634
0,0.8713862
0,0.83048475
0,0.77141154
0,0.7075545
0,0.6804372
0,0.62296367
0,0.546953
0,0.4944309
0,0.41828114
0,0.3634808
0,0.29527077
0,0.26062274
0,0.23450506
0,0.19702339
0,0.1782159
0,0.15482873
0,0.14054947
0,0.12563843
0,0.12378972
0,0.117091924
0,0.118815534
0,0.12573488
0,0.18215868
0,0.251259
0,0.26084936
0,0.25459376
0,0.25897893
0,0.25579986
0,0.24808714
0,0.24834216
0,0.24967168
0,0.25614735
0,0.24983115
0,0.25258386
0,0.2562317
0,0.25552204
0,0.25076684
0,0.25624612
0,0.25683436
0,0.25100434
0,0.25460798
0,0.25861362
0,0.25640103
0,0.25387764
0,0.26352063
0,0.2556507
0,0.25233683
0,0.2581076
0,0.2580721
0,0.258673
0,0.25219822
0,0.25100207
0,0.24083161
0,0.24585073
0,0.2643171
0,0.25134173
0,0.25145054
0,0.2532487
0,0.25116888
0,0.2667721
0,0.2508646
0,0.25547725
0,0.25767988
0,0.25744253
0,0.2594512
0,0.26083636
0,0.24555533
0,0.24654806
0,0.2564063
0,0.25391704
0,0.25578383
0,0.2545638
0,0.2501762
0,0.2627952
0,0.25834656
0,0.27391708
0,0.278331
0,0.27490956
0,0.26675513
0,0.2878703
0,0.28277636
0,0.26621783
0,0.26204285
0,0.24918282
0,0.24981324
0,0.25847328
0,0.26224896
0,0.26835215
0,0.26105422
0,0.26318243
0,0.258728
0,0.25561574
0,0.2596919
0,0.2603947
0,0.26121637
0,0.2554975
0,0.2545471
0,0.26353282
0,0.25097883
0,0.24602334
0,0.24903078
0,0.25169787
0,0.24998365
0,0.2538906
0,0.24732801
0,0.24801661
0,0.24179916
0,0.24404846
0,0.23931254
0,0.24078701
0,0.24222803
0,0.24577843
0,0.2513763
0,0.26370344
0,0.2561179
0,0.24965677
0,0.25548306
0,0.25889876
0,0.25917643
0,0.26553994
0,0.26386476
0,0.26341107
0,0.2637412
0,0.25416115
0,0.25243923
0,0.29093
0,0.26701635
0,0.27027917
0,0.2646914
0,0.26499528
0,0.2494706
0,0.24433604
0,0.23830795
0,0.24398628
0,0.30449417
0,0.28291857
0,0.27455434
0,0.26089862
0,0.25308275
0,0.24840856
0,0.24870326
0,0.24763036
0,0.25189653
0,0.25271744
0,0.26090446
0,0.25748292
0,0.26243642
0,0.25705248
0,0.25121617
0,0.26649287
0,0.27702633
0,0.2632985
0,0.25580707
0,0.25719467
0,0.2648242
0,0.2638256
0,0.26587173
0,0.2641619
0,0.2708293
0,0.26092944
0,0.26903766
0,0.2585284
0,0.25748217
0,0.25944757
0,0.25386062
0,0.2726093
0,0.2634993
0,0.2560359
0,0.2543704
0,0.26389897
0,0.26196575
0,0.26024833
0,0.26136443
0,0.2746249
0,0.26246366
0,0.25694823
0,0.25358772
0,0.25585818
0,0.2618685
0,0.26332608
0,0.25402978
0,0.2595004
0,0.2608193
0,0.25790414
0,0.26300308
0,0.2629317
0,0.25312942
0,0.2585718
0,0.25486067
0,0.26304662
0,0.25119832
0,0.2577693
0,0.24864429
0,0.24909908
0,0.24456276
0,0.26222375
0,0.25355732
0,0.2607796
0,0.24991348
0,0.25564593
0,0.2544282
0,0.25568882
0,0.2653325
0,0.25496432
0,0.25761372
0,0.25753462
0,0.254369
0,0.25780576
0,0.2477856
0,0.25962237
0,0.24407864
0,0.25848994
0,0.2599739
0,0.25493807
0,0.2539521
0,0.25063437
0,0.26530853
0,0.2565414
0,0.25516102
0,0.2517431
0,0.2548284
0,0.25033525
0,0.24126814
0,0.24445619
0,0.24462786
0,0.2505945
0,0.24628888
0,0.2413955
0,0.25581115
0,0.2463619
0,0.25508144
0,0.24823937
0,0.25692979
0,0.2681937
0,0.2668235
0,0.2683044
0,0.28013447
0,0.28050372
0,0.27525634
0,0.27325344
0,0.27172148
0,0.26990885
0,0.2619578
0,0.27552855
0,0.27303147
0,0.2631976
0,0.26073104
0,0.27288252
0,0.2571782
0,0.26189634
0,0.2646098
0,0.26602998
0,0.25346753
0,0.25534186
0,0.2553882
0,0.25710952
0,0.25703168
0,0.25711378
0,0.2546087
0,0.24559072
0,0.24936739
0,0.25234142
0,0.24822745
0,0.25069043
0,0.2481386
0,0.24730796
0,0.24563283
0,0.24898449
0,0.24610008
0,0.24809603
0,0.25671223
0,0.25352734
0,0.24265929
0,0.2468288
0,0.2475946
0,0.23723382
0,0.25545824
0,0.24457079
0,0.24765919
0,0.24692778
0,0.25352493
0,0.24846475
0,0.24869707
0,0.24679811
0,0.2474992
0,0.25122795
0,0.24842802
0,0.2463596
0,0.24735759
0,0.24591766
0,0.25385824
0,0.25955126
0,0.29520994
0,0.26931435
0,0.28404042
0,0.29799798
0,0.27992168
0,0.26938316
0,0.27146018
0,0.27471063
0,0.2667803
0,0.2645335
0,0.2569495
0,0.25759587
0,0.25876164
0,0.2598846
0,0.25399598
0,0.25264725
0,0.24726467
0,0.24587575
0,0.2517007
0,0.25301656
0,0.24805446
0,0.25522158
0,0.25346306
0,0.24568287
0,0.23927374
0,0.25079808
0,0.24919243
0,0.25367644
0,0.25155532
0,0.27428398
0,0.25496733
0,0.2484156
0,0.25965905
0,0.27157193
0,0.24881342
0,0.25453106
0,0.25018856
0,0.2637614
0,0.2579898
0,0.25763232
0,0.24794832
0,0.26568574
0,0.25417212
0,0.24960446
0,0.24608707
0,0.2513987
0,0.25143284
0,0.25410226
0,0.2558509
0,0.26976976
0,0.27124622
0,0.26400122
0,0.28098637
0,0.27059227
0,0.26993233
0,0.27341247
0,0.28587535
0,0.2906476
0,0.27559844
0,0.2745188
0,0.4544396
0,0.3474997
0,0.33393934
0,0.29917747
0,0.28985214
0,0.26998445
0,0.26597357
0,0.26676673
0,0.27158052
0,0.270201
0,0.2900349
0,0.27385366
0,0.26106447
0,0.27458683
0,0.28545102
0,0.27927
0,0.25700516
0,0.2603575
0,0.26165274
0,0.25388244
0,0.25057498
0,0.26812068
0,0.26216084
0,0.2577693
0,0.25392306
0,0.25609472
0,0.2678288
0,0.26640174
0,0.25929305
0,0.25784943
0,0.27732503
0,0.2674646
0,0.2743142
0,0.25763834
0,0.26120868
0,0.26123634
0,0.26098725
0,0.25596294
0,0.25458616
0,0.25192747
0,0.2516815
0,0.24779546
0,0.25702336
0,0.2500162
0,0.2502439
0,0.26876822
0,0.2522761
0,0.25220257
0,0.2625751
0,0.2696399
0,0.25975978
0,0.26257962
0,0.25985974
0,0.27263376
0,0.27154523
0,0.26518735
0,0.2745237
0,0.26458523
0,0.26144332
0,0.26401883
0,0.2865857
0,0.26358855
0,0.27209002
0,0.26668927
0,0.26704857
0,0.26189554
0,0.25081855
0,0.26024228
0,0.28005394
0,0.27632314
0,0.2730379
0,0.27620578
0,0.28003582
0,0.278012
0,0.27948517
0,0.27824813
0,0.2740046
0,0.28193104
0,0.27335072
0,0.2695628
0,0.26019958
0,0.25794438
0,0.2511668
0,0.26250643
0,0.25110447
0,0.25799775
0,0.2682739
0,0.26340342
0,0.26343626
0,0.26669595
0,0.25693184
0,0.26406738
0,0.2717462
0,0.2686137
0,0.26502186
0,0.26680797
0,0.2526259
0,0.26217598
0,0.24892616
0,0.24914743
0,0.25844786
0,0.26116812
0,0.25795344
0,0.27357298
0,0.26328796
0,0.26590994
0,0.26122466
0,0.25823903
0,0.26700342
0,0.26966476
0,0.2611487
0,0.26486158
0,0.2609898
0,0.250665
0,0.25209555
0,0.24861073
0,0.24404559
0,0.24955395
0,0.23834151
0,0.25155964
0,0.23827563
0,0.24374142
0,0.24308552
0,0.24409501
0,0.24494098
0,0.2429253
0,0.24664326
0,0.24564746
0,0.27794012
0,0.28007323
0,0.2734641
0,0.26698852
0,0.27090102
0,0.26411036
0,0.2552023
0,0.28172368
0,0.2711601
0,0.26528308
0,0.25695875
0,0.26118034
0,0.2522914
0,0.25434354
0,0.2524504
0,0.2532445
0,0.2580203
0,0.26557624
0,0.25536564
0,0.25559255
0,0.25086406
0,0.26284295
0,0.2504974
0,0.25245857
0,0.25528228
0,0.2674463
0,0.26227838
0,0.2578237
0,0.2592583
0,0.26029792
0,0.25912777
0,0.26688334
0,0.2605241
0,0.2919182
0,0.27098942
0,0.269191
0,0.25327858
0,0.25426963
0,0.2572691
0,0.261553
0,0.27418166
0,0.2584125
0,0.25341484
0,0.26269385
0,0.26408482
0,0.26550463
0,0.26045784
0,0.25791803
0,0.2571238
0,0.27196133
0,0.2754528
0,0.2609
0,0.26531073
0,0.2552464
0,0.25495255
0,0.26129115
0,0.25623837
0,0.27146348
0,0.2597011
0,0.2649218
0,0.25730383
0,0.26104507
0,0.26717892
0,0.27039587
0,0.2731773
0,0.26769608
0,0.2594251
0,0.26333052
0,0.2601888
0,0.27224594
0,0.26064703
0,0.2719626
0,0.26090273
0,0.26312315
0,0.26719263
0,0.26423505
0,0.2679565
0,0.26474625
0,0.24950176
0,0.25051543
0,0.26098028
0,0.25283417
0,0.255787
0,0.26636243
0,0.26925814
0,0.26406994
0,0.27218315
0,0.2769991
0,0.27101415
0,0.2656931
0,0.25582346
0,0.2633231
0,0.26346773
0,0.2707887
0,0.25083977
0,0.2562487
0,0.25849357
0,0.25611362
0,0.26266563
0,0.2715546
0,0.277731
0,0.27587926
0,0.25808266
0,0.25922394
0,0.24927858
0,0.25228772
0,0.25546917
0,0.2561639
0,0.256938
0,0.25549024
0,0.24943054
0,0.25485536
0,0.25563943
0,0.26213616
0,0.26855388
0,0.27532563
0,0.2647279
0,0.26259595
0,0.26225257
0,0.25651336
0,0.25636894
0,0.25511053
0,0.25557947
0,0.26207542
0,0.2694441
0,0.26514116
0,0.27466002
0,0.2709098
0,0.2634097
0,0.27100143
0,0.26242203
0,0.2600379
0,0.25790346
0,0.26373687
0,0.25037643
0,0.26014885
0,0.25789174
0,0.26164493
0,0.25527263
0,0.2622564
0,0.25431764
0,0.2506284
0,0.26300845
0,0.24693829
0,0.25877354
0,0.25156444
0,0.25996527
0,0.2605693
0,0.2632407
0,0.2524019
0,0.25964832
0,0.26118177
0,0.26653257
0,0.26962957
0,0.28250638
0,0.30173552
0,0.280595
0,0.27176675
0,0.27038726
0,0.25612444
0,0.2621577
0,0.26748767
0,0.26370585
0,0.26226082
0,0.26299125
0,0.26167578
0,0.2618724
0,0.2716959
0,0.2658225
0,0.2625909
0,0.2530489
0,0.26345646
0,0.25862503
0,0.25766215
0,0.2490165
0,0.25596985
0,0.2716485
0,0.2680638
0,0.26038596
0,0.25843665
0,0.25381976
0,0.25425085
0,0.24281475
0,0.2527896
0,0.2601548
0,0.25792512
0,0.24679863
0,0.25017306
0,0.25134745
0,0.2609741
0,0.25543636
0,0.2527145
0,0.2641475
0,0.25402042
0,0.25910297
0,0.24780452
0,0.25475985
0,0.2609234
0,0.24995357
0,0.26155418
0,0.26431
0,0.26481253
0,0.25598595
0,0.25500542
0,0.26465657
0,0.264148
0,0.25158218
0,0.2586368
0,0.25608206
0,0.25913057
0,0.25443786
0,0.25462148
0,0.25073153
0,0.2556547
0,0.2598215
0,0.25920203
0,0.25363782
0,0.25837988
0,0.26344827
0,0.25036368
0,0.249165
0,0.24942225
0,0.2552171
0,0.25204208
0,0.2597239
0,0.2593164
0,0.2637228
0,0.27895507
0,0.2713685
0,0.28313288
0,0.27387094
0,0.2664962
0,0.26697198
0,0.27506673
0,0.25625777
0,0.27023116
0,0.2673842
0,0.25147218
0,0.25753734
0,0.25500944
0,0.24633615
0,0.25410506
0,0.26603714
0,0.2564111
0,0.25653285
0,0.25359184
0,0.2524314
0,0.25085697
0,0.25260934
0,0.2495131
0,0.25213403
0,0.25901234
0,0.2555649
0,0.25361425
0,0.2646411
0,0.26401782
0,0.26414403
0,0.26550835
0,0.25836954
0,0.2626725
0,0.2606337
0,0.27768135
0,0.28312328
0,0.28746268
0,0.28653446
0,0.27621114
0,0.2612694
0,0.26482093
0,0.26968703
0,0.2570463
0,0.26780376
0,0.26895162
0,0.26978418
0,0.26507404
0,0.27038938
0,0.26568732
0,0.2642039
0,0.26675376
0,0.28009188
0,0.2865621
0,0.27295756
0,0.27724755
0,0.2615563
0,0.2637944
0,0.258991
0,0.25997183
0,0.25019756
0,0.25563487
0,0.25297725
0,0.26493022
0,0.2633957
0,0.265015
0,0.26396146
0,0.25781876
0,0.26229957
0,0.25861812
0,0.2503033
0,0.26786715
0,0.2683893
0,0.27691737
0,0.2687553
0,0.2548509
0,0.2634592
0,0.26777685
0,0.26439896
0,0.26925263
0,0.2657746
0,0.2594646
0,0.26592907
0,0.25923628
0,0.26064548
0,0.26510867
0,0.2617212
0,0.25631756
0,0.2563505
0,0.25269675
0,0.25789922
0,0.2633784
0,0.27032954
0,0.2585323
0,0.258772
0,0.26361993
0,0.2589011
0,0.26714292
0,0.2605196
0,0.26767865
0,0.26020703
0,0.2552104
0,0.26651144
0,0.25459382
0,0.26619816
0,0.26493642
0,0.25959876
0,0.26550388
0,0.2585083
0,0.2660868
0,0.25822505
0,0.2707603
0,0.25333932
0,0.25110558
0,0.25636256
0,0.252254
0,0.24147494
0,0.25250563
0,0.25010687
0,0.25255987
0,0.26494816
0,0.25030658
0,0.29551637
0,0.27437985
0,0.2735952
0,0.2690499
0,0.27029228
0,0.26557493
0,0.26830983
0,0.26541036
0,0.26736802
0,0.2663841
0,0.26631382
0,0.26383147
0,0.26436493
0,0.25670797
0,0.26089913
0,0.2550404
0,0.2659643
0,0.26055515
0,0.26081422
0,0.25902766
0,0.26161128
0,0.25956497
0,0.26014942
0,0.26446062
0,0.2719596
0,0.26360536
0,0.26507887
0,0.27404654
0,0.26588485
0,0.261661
0,0.27409023
0,0.30065492
0,0.2763932
0,0.28894907
0,0.2734536
0,0.26689583
0,0.2560169
0,0.2549287
0,0.2671917
0,0.2746163
0,0.28053504
0,0.26577234
0,0.28536376
0,0.27302378
0,0.26583397
0,0.2600069
0,0.25872153
0,0.25410956
0,0.25346798
0,0.2633304
0,0.25309566
0,0.26321897
0,0.2583625
0,0.26670203
0,0.25861615
0,0.2661113
0,0.2577037
0,0.25606847
0,0.25366378
0,0.25497416
0,0.26243815
0,0.26205367
0,0.24879299
0,0.24896763
0,0.25323385
0,0.25918296
0,0.26165608
0,0.2644703
0,0.25724143
0,0.260906
0,0.2572199
0,0.25636235
0,0.26165727
0,0.2617888
0,0.24660273
0,0.25526053
0,0.24235724
0,0.26466873
0,0.25989792
0,0.24665126
0,0.25331408
0,0.2519625
0,0.24573848
0,0.25955462
0,0.2521226
0,0.26760593
0,0.26887983
0,0.27183133
0,0.26944745
0,0.27393237
0,0.26503146
0,0.29751527
0,0.28172648
0,0.28534907
0,0.2823007
0,0.26997367
0,0.28460452
0,0.2691401
0,0.2756454
0,0.2655624
0,0.26047584
0,0.26479158
0,0.25825265
0,0.26083648
0,0.26847613
0,0.27627248
0,0.2787117
0,0.26511335
0,0.2600182
0,0.25732553
0,0.25444382
0,0.24806477
0,0.24944347
0,0.25982112
0,0.26753148
0,0.28629377
0,0.27084953
0,0.2717392
0,0.2550267
0,0.27023333
0,0.310438
0,0.35294342
0,0.3051086
0,0.28532526
0,0.2731609
0,0.2759901
0,0.266971
0,0.27230406
0,0.27006587
0,0.27116364
0,0.26884976
0,0.2685503
0,0.2583776
0,0.263484
0,0.26317376
0,0.2662942
0,0.2541089
0,0.2611116
0,0.25547352
0,0.2848341
0,0.266809
0,0.29291564
0,0.2724319
0,0.285551
0,0.2892514
0,0.27790648
0,0.30841455
0,0.2777973
0,0.29235816
0,0.2666842
0,0.275373
0,0.26944858
0,0.26710284
0,0.26866898
0,0.29779947
0,0.27910748
0,0.28188485
0,0.27245563
0,0.2658013
0,0.2857781
0,0.26857316
0,0.2756713
0,0.26516324
0,0.39729986
0,0.35685626
0,0.31029156
0,0.28943363
0,0.28304353
0,0.293291
0,0.27953923
0,0.26717424
0,0.2719454
0,0.26479897
0,0.25350586
0,0.2619347
0,0.25969866
0,0.25738183
0,0.26640937
0,0.25883856
0,0.2567643
0,0.24779175
0,0.25445127
0,0.25408274
0,0.2536828
0,0.2556977
0,0.2525826
0,0.2590736
0,0.26371512
0,0.2603896
0,0.2555785
0,0.26457682
0,0.2615063
0,0.26411122
0,0.2656272
0,0.26268557
0,0.26750812
0,0.26067778
0,0.25468203
0,0.25810835
0,0.26181638
0,0.26327658
0,0.2601752
0,0.26311946
0,0.2756066
0,0.26537642
0,0.26602557
0,0.26359653
0,0.25622177
0,0.26906046
0,0.26471746
0,0.26200405
0,0.27374235
0,0.26615047
0,0.26063526
0,0.27004465
0,0.26590604
0,0.27450433
0,0.27790633
0,0.2786178
0,0.27363807
0,0.2759611
0,0.27549666
0,0.2557055
0,0.2707126
0,0.29215765
0,0.28635502
0,0.285255
0,0.2729217
0,0.26553485
0,0.26476857
0,0.25952974
0,0.2646902
0,0.27568373
0,0.26698154
0,0.2636667
0,0.274103
0,0.2737816
0,0.26602665
0,0.27617124
0,0.26578182
0,0.27121875
0,0.28472286
0,0.2663871
0,0.26328796
0,0.26946455
0,0.2754783
0,0.26363504
0,0.27690783
0,0.2694505
0,0.28109455
0,0.30453184
0,0.27944773
0,0.2610148
0,0.26995432
0,0.27451193
0,0.27361187
0,0.2705723
0,0.29025933
0,0.28281313
0,0.2776909
0,0.2793998
0,0.28678825
0,0.2746619
0,0.2658923
0,0.26212606
0,0.2718553
0,0.2781314
0,0.2665727
0,0.2730521
0,0.26528424
0,0.26705113
0,0.2654085
0,0.26770413
0,0.26180786
0,0.26658052
0,0.26809883
0,0.26372275
0,0.26680127
0,0.2572211
0,0.27478382
0,0.26046985
0,0.2508188
0,0.26649326
0,0.27702543
0,0.26864463
0,0.27828583
0,0.26666108
0,0.2545151
0,0.257259
0,0.27338767
0,0.2626885
0,0.2802261
0,0.2786219
0,0.28073376
0,0.27486464
0,0.26891428
0,0.2632657
0,0.26126325
0,0.2648961
0,0.2708107
0,0.2632717
0,0.26757604
0,0.27064407
0,0.26235303
0,0.25608727
0,0.26393712
0,0.2575502
0,0.2656061
0,0.2666309
0,0.25214508
0,0.26316682
0,0.25262815
0,0.26553318
0,0.26450464
0,0.2589664
0,0.25813526
0,0.26827317
0,0.2597321
0,0.25902867
0,0.26448998
0,0.2584286
0,0.2754979
0,0.28114504
0,0.27143788
0,0.26564062
0,0.2680353
0,0.2551951
0,0.26968762
0,0.26666245
0,0.2575761
0,0.25101858
0,0.24413574
0,0.25645655
0,0.25882447
0,0.2681758
0,0.26638255
0,0.27901068
0,0.2728987
0,0.3300523
0,0.29267436
0,0.28146625
0,0.28381035
0,0.2990804
0,0.31268364
0,0.29010612
0,0.2806228
0,0.27259538
0,0.27160352
0,0.27675268
0,0.27099362
0,0.2700936
0,0.27895632
0,0.26472068
0,0.2782336
0,0.2829061
0,0.272304
0,0.2679384
0,0.26664913
0,0.26170737
0,0.26166773
0,0.26851255
0,0.27893084
0,0.2665884
0,0.26572385
0,0.261219
0,0.28612843
0,0.27816898
0,0.26809692
0,0.26175493
0,0.27163976
0,0.27488625
0,0.26368567
0,0.26188573
0,0.67031765
0,0.6879897
0,0.55142546
0,0.48703185
0,0.40518978
0,0.36364797
0,0.31478322
0,0.29187757
0,0.27460027
0,0.26147547
0,0.24858773
0,0.2294627
0,0.20648375
0,0.18832156
0,0.1725269
0,0.15842631
0,0.16107711
0,0.15556696
0,0.15893586
0,0.16195154
0,0.16554983
0,0.17375778
0,0.18429106
0,0.1895186
0,0.206918
0,0.22108012
0,0.22938421
0,0.23577644
0,0.24925011
0,0.24782602
0,0.2743727
0,0.2659017
0,0.28587943
0,0.2975024
0,0.28164437
0,0.28939027
0,0.28897536
0,0.2867837
0,0.2760456
0,0.28053892
0,0.2739226
0,0.26173735
0,0.2637111
0,0.27665886
0,0.26916003
0,0.2677548
0,0.2666117
0,0.26661858
0,0.26383463
0,0.27194235
0,0.29942304
0,0.27963418
0,0.27047697
0,0.27628744
0,0.26741093
0,0.2739492
0,0.26225144
0,0.26435253
0,0.28161874
0,0.278413
0,0.2671017
0,0.2643547
0,0.2744996
0,0.2701927
0,0.25947145
0,0.2692238
0,0.27330104
0,0.2669639
0,0.26027027
0,0.26086184
0,0.26991174
0,0.27346006
0,0.26211125
0,0.28349647
0,0.26457024
0,0.27011243
0,0.27086538
0,0.27028397
0,0.27054328
0,0.2713372
0,0.26982465
0,0.27064037
0,0.27700195
0,0.27295902
0,0.26174057
0,0.25555038
0,0.26337335
0,0.2658918
0,0.26534343
0,0.26631978
0,0.27252093
0,0.26839662
0,0.27816823
0,0.27216008
0,0.27304816
0,0.2743493
0,0.26972377
0,0.26867273
0,0.27828613
0,0.27434602
0,0.27441302
0,0.26332393
0,0.25741255
0,0.26492396
0,0.25609726
0,0.26113296
0,0.25987273
0,0.25061676
0,0.30438578
0,0.272462
0,0.26991776
0,0.28209922
0,0.28139028
0,0.2589953
0,0.2728392
0,0.26341397
0,0.27991733
0,0.27024168
0,0.26484808
0,0.28283054
0,0.26833147
0,0.2639907
0,0.27087495
0,0.26535672
0,0.26092678
0,0.25924465
0,0.27121487
0,0.27918693
0,0.264441
0,0.27179754
0,0.26191208
0,0.25933525
0,0.25552523
0,0.2544363
0,0.25248232
0,0.2511882
0,0.24958022
0,0.24935442
0,0.25974923
0,0.2522649
0,0.24977528
0,0.24895705
0,0.25722036
0,0.26126295
0,0.2837245
0,0.27424726
0,0.27423152
0,0.2720254
0,0.2650052
0,0.27002513
0,0.26639253
0,0.26628938
0,0.2587419
0,0.2562673
0,0.26155928
0,0.26371947
0,0.25327384
0,0.2604984
0,0.2608439
0,0.2613303
0,0.26199195
0,0.25369424
0,0.2605109
0,0.25959754
0,0.27252546
0,0.28472337
0,0.27886334
0,0.27089143
0,0.2675429
0,0.26600838
0,0.2654879
0,0.26282465
0,0.30146846
0,0.30249742
0,0.2864072
0,0.2765241
0,0.2717004
0,0.26547208
0,0.26928917
0,0.26555568
0,0.26368627
0,0.26132804
0,0.27258018
0,0.2650185
0,0.26313463
0,0.27229312
0,0.2657129
0,0.26150456
0,0.25999916
0,0.25719658
0,0.26713112
0,0.27005753
0,0.26817152
0,0.27226073
0,0.27806044
0,0.28150108
0,0.27883694
0,0.26819485
0,0.26307112
0,0.25933674
0,0.28643692
0,0.27754623
0,0.2785046
0,0.26487997
0,0.27489462
0,0.26282787
0,0.27980345
0,0.26240343
0,0.25907537
0,0.26652318
0,0.26418543
0,0.26693776
0,0.26975107
0,0.26908046
0,0.27282453
0,0.27061683
0,0.2599769
0,0.26914746
0,0.28947765
0,0.28154275
0,0.30800557
0,0.2999434
0,0.29127675
0,0.28868783
0,0.2815094
0,0.27727494
0,0.2756105
0,0.27437383
0,0.26622352
0,0.2691992
0,0.2687087
0,0.26766208
0,0.280591
0,0.26995686
0,0.27041212
0,0.2666106
0,0.26754105
0,0.26424477
0,0.2700936
0,0.27651086
0,0.27015838
0,0.27654713
0,0.26024678
0,0.2784607
0,0.27026594
0,0.2786251
0,0.27095783
0,0.26023418
0,0.26364967
0,0.2601273
0,0.26480177
0,0.27580133
0,0.2671203
0,0.2717361
0,0.2691029
0,0.2621569
0,0.26194644
0,0.2580246
0,0.25843927
0,0.25490654
0,0.25769466
0,0.25424322
0,0.25493684
0,0.25201368
0,0.25383773
0,0.25883487
0,0.25490946
0,0.25903666
0,0.2504569
0,0.2630797
0,0.25838244
0,0.26269156
0,0.27054375
0,0.26808167
0,0.2589911
0,0.2693458
0,0.2684491
0,0.26172173
0,0.25571662
0,0.26071244
0,0.2646361
0,0.25428963
0,0.26909608
0,0.2674334
0,0.26720533
0,0.25412375
0,0.2639976
0,0.26268798
0,0.25412726
0,0.25224966
0,0.25893977
0,0.25548655
0,0.26260206
0,0.2636059
0,0.26243967
0,0.26249605
0,0.26151285
0,0.25755394
0,0.26433277
0,0.26272023
0,0.28020313
0,0.26454487
0,0.27878156
0,0.2786793
0,0.27094615
0,0.27179867
0,0.2762941
0,0.27051392
0,0.6527671
0,0.65492415
0,0.50304127
0,0.41582415
0,0.36202264
0,0.32109335
0,0.29476848
0,0.28774923
0,0.2817598
0,0.27477926
0,0.2700503
0,0.25495508
0,0.2364985
0,0.23363008
0,0.2217966
0,0.21140943
0,0.19579574
0,0.19338253
0,0.20094635
0,0.20081118
0,0.20430003
0,0.21907605
0,0.22742581
0,0.23977916
0,0.24700719
0,0.25290883
0,0.25621825
0,0.26235577
0,0.26722878
0,0.2695139
0,0.28364918
0,0.27873152
0,0.27370727
0,0.35371068
0,0.30297804
0,0.29076043
0,0.28309673
0,0.28283015
0,0.27730033
0,0.29089624
0,0.2830175
0,0.26853052
0,0.27333114
0,0.27351955
0,0.25475076
0,0.26218942
0,0.2615796
0,0.26190746
0,0.2609831
0,0.26045716
0,0.26032552
0,0.26149866
0,0.26231748
0,0.2613259
0,0.26030582
0,0.25990486
0,0.28377062
0,0.27585086
0,0.27973816
0,0.2809226
0,0.27041975
0,0.26643124
0,0.26381707
0,0.2710683
0,0.264901
0,0.26277363
0,0.271507
0,0.26236787
0,0.2708062
0,0.6669597
0,0.48951647
0,0.43895933
0,0.4358013
0,0.37351543
0,0.34980574
0,0.31199947
0,0.29782504
0,0.28962818
0,0.27553922
0,0.2771051
0,0.2641108
0,0.25525275
0,0.27402756
0,0.26668656
0,0.24828784
0,0.24050638
0,0.21669012
0,0.20390226
0,0.20403634
0,0.20669165
0,0.21355385
0,0.22279234
0,0.23112114
0,0.2607262
0,0.2536085
0,0.25657043
0,0.25883263
0,0.2623125
0,0.26262024
0,0.25998518
0,0.2825946
0,0.28598776
0,0.2752131
0,0.27513903
0,0.2711897
0,0.26856416
0,0.2620297
0,0.2973532
0,0.27669343
0,0.2759612
0,0.2693275
0,0.26815867
0,0.26445392
0,0.26539987
0,0.26976216
0,0.26753896
0,0.3188417
0,0.33364436
0,0.30557376
0,0.28732195
0,0.28879273
0,0.28420404
0,0.28048837
0,0.275533
0,0.26742756
0,0.25899696
0,0.27100548
0,0.2755889
0,0.2779428
0,0.2678318
0,0.26402
0,0.27249232
0,0.2760922
0,0.2734109
0,0.26401243
0,0.274997
0,0.2632773
0,0.26210752
0,0.25727475
0,0.25839177
0,0.26072386
0,0.30804434
0,0.28534997
0,0.2846681
0,0.26905736
0,0.26450628
0,0.26849017
0,0.2709369
0,0.2697302
0,0.25593063
0,0.26485488
0,0.27107558
0,0.26907974
0,0.26005366
0,0.26906747
0,0.2755197
0,0.29007345
0,0.2992543
0,0.28177613
0,0.29943585
0,0.28839505
0,0.2933243
0,0.27915862
0,0.27729076
0,0.2647369
0,0.26904032
0,0.2675412
0,0.26800105
0,0.26680535
0,0.2891723
0,0.26506367
0,0.2801288
0,0.27149278
0,0.26932168
0,0.28427655
0,0.26806983
0,0.2679057
0,0.26366362
0,0.26295042
0,0.2590869
0,0.2609651
0,0.26449302
0,0.26173955
0,0.2620158
0,0.2697866
0,0.2641705
0,0.26164734
0,0.26058853
0,0.25460753
0,0.26767227
0,0.26036996
0,0.26720452
0,0.28525552
0,0.27101246
0,0.26952732
0,0.2778916
0,0.26594806
0,0.26442227
0,0.26014617
0,0.35238442
0,0.2929436
0,0.28828132
0,0.28755948
0,0.2765153
0,0.2794277
0,0.28214243
0,0.26855403
0,0.26614508
0,0.27323055
0,0.26261237
0,0.25977537
0,0.25675926
0,0.25750425
0,0.26605558
0,0.26859584
0,0.26198304
0,0.2581212
0,0.2605199
0,0.265422
0,0.25800225
0,0.27372608
0,0.27125087
0,0.27153242
0,0.27932417
0,0.27236095
0,0.27425063
0,0.27302834
0,0.27187586
0,0.27016228
0,0.27099457
0,0.2576237
0,0.25257403
0,0.28443378
0,0.27018416
0,0.2682621
0,0.26874965
0,0.2665078
0,0.26607943
0,0.26805043
0,0.2724803
0,0.26718146
0,0.26521388
0,0.26459396
0,0.26330242
0,0.2513524
0,0.2582647
0,0.25891963
0,0.25461486
0,0.25243488
0,0.2502157
0,0.24708577
0,0.25350237
0,0.25465667
0,0.24974626
0,0.2631067
0,0.25975952
0,0.25262597
0,0.25614545
0,0.27149087
0,0.26024288
0,0.26759002
0,0.26395968
0,0.2612391
0,0.2611116
0,0.24665534
0,0.2681132
0,0.26210615
0,0.25092822
0,0.24847579
0,0.2517409
0,0.2521707
0,0.2604988
0,0.25353262
0,0.26222402
0,0.2759328
0,0.26778984
0,0.2635883
0,0.25685918
0,0.24787283
0,0.25246495
0,0.25056657
0,0.2588187
0,0.25838393
0,0.2693471
0,0.26337576
0,0.26675498
0,0.27935293
0,0.27516618
0,0.271634
0,0.26248515
0,0.27966496
0,0.27258286
0,0.26620394
0,0.2765684
0,0.28275433
0,0.29578215
0,0.2756284
0,0.28753328
0,0.29628703
0,0.29222777
0,0.28425604
0,0.2757844
0,0.2696705
0,0.2867303
0,0.27820423
0,0.28565893
0,0.27956855
0,0.27540416
0,0.27620453
0,0.27325547
0,0.27101123
0,0.2812849
0,0.27326274
0,0.2696274
0,0.28148103
0,0.2943124
0,0.28294003
0,0.29513556
0,0.27770907
0,0.2829263
0,0.2953913
0,0.29247737
0,0.3142235
0,0.3031785
0,0.28544232
0,0.27452478
0,0.28098556
0,0.27981898
0,0.26917338
0,0.26603156
0,0.2742132
0,0.26375827
0,0.2629978
0,0.2588843
0,0.27853528
0,0.27468097
0,0.26470718
0,0.2619722
0,0.27708572
0,0.277061
0,0.27906126
0,0.2692408
0,0.26244596
0,0.26183224
0,0.25868857
0,0.25548485
0,0.25616136
0,0.2627359
0,0.25538057
0,0.26660785
0,0.25041527
0,0.2627052
0,0.2692852
0,0.27679315
0,0.2724843
0,0.2643222
0,0.2597906
0,0.26965168
0,0.26294863
0,0.27854982
0,0.30140337
0,0.28376597
0,0.2717792
0,0.27409002
0,0.27172604
0,0.27780482
0,0.27247536
0,0.27147096
0,0.259017
0,0.26355082
0,0.25333104
0,0.2729476
0,0.2734199
0,0.26798823
0,0.2676585
0,0.28203326
0,0.27831015
0,0.27305052
0,0.27313146
0,0.2682507
0,0.26855928
0,0.2556116
0,0.2629909
0,0.2764731
0,0.26740536
0,0.26451334
0,0.27588826
0,0.27426758
0,0.26876068
0,0.27627474
0,0.2570041
0,0.27234492
0,0.2649033
0,0.26201874
0,0.28047568
0,0.2824704
0,0.28648102
0,0.27069822
0,0.2679219
0,0.27129734
0,0.27696165
0,0.2795549
0,0.270167
0,0.2776317
0,0.26853237
0,0.26704934
0,0.2923784
0,0.27209008
0,0.26711878
0,0.2740975
0,0.26433828
0,0.27230203
0,0.26251346
0,0.272597
0,0.27361563
0,0.26263678
0,0.27322802
0,0.26226503
0,0.27086872
0,0.27428705
0,0.26592815
0,0.26006973
0,0.28682062
0,0.26689315
0,0.25877678
0,0.25917867
0,0.2573523
0,0.2570189
0,0.253015
0,0.2514696
0,0.2662144
0,0.2699841
0,0.2858556
0,0.27701187
0,0.28992504
0,0.2780799
0,0.27527478
0,0.27355462
0,0.26011488
0,0.26932722
0,0.26771507
0,0.27349958
0,0.26975363
0,0.2682338
0,0.26756683
0,0.26686376
0,0.27153966
0,0.25675437
0,0.2652348
0,0.2820711
0,0.2749178
0,0.27599448
0,0.29230446
0,0.28007418
0,0.28446785
0,0.29710045
0,0.27895883
0,0.2786878
0,0.40324062
0,0.3340512
0,0.2970481
0,0.28589618
0,0.27905875
0,0.29274788
0,0.2770026
0,0.2704634
0,0.26799804
0,0.3179318
0,0.28344342
0,0.35413203
0,0.28637177
0,0.29151917
0,0.2932313
0,0.27766705
0,0.26964578
0,0.31616706
0,0.28209674
0,0.28353867
0,0.27205315
0,0.27142188
0,0.27874887
0,0.26587692
0,0.26401904
0,0.26093778
0,0.25333056
0,0.25600755
0,0.24663655
0,0.25072286
0,0.25267267
0,0.25777242
0,0.25461394
0,0.2516078
0,0.2636541
0,0.26131454
0,0.25944933
0,0.27631807
0,0.27344096
0,0.2745372
0,0.2814023
0,0.2908649
0,0.28206873
0,0.27763906
0,0.2655532
0,0.333866
0,0.2969311
0,0.30876276
0,0.29391003
0,0.28085938
0,0.28364927
0,0.27582115
0,0.2755322
0,0.2642156
0,0.26808593
0,0.26734954
0,0.26732832
0,0.26591983
0,0.2599661
0,0.26574755
0,0.26556697
0,0.25252712
0,0.26224968
0,0.26133502
0,0.26147223
0,0.26192906
0,0.25553685
0,0.2584863
0,0.2593543
0,0.27672946
0,0.2668301
0,0.26407775
0,0.263183
0,0.29122725
0,0.2618913
0,0.27513328
0,0.28322038
0,0.27029538
0,0.26630524
0,0.27383775
0,0.2874671
0,0.27187303
0,0.27745196
0,0.28064594
0,0.2682617
0,0.27873874
0,0.26893896
0,0.27406436
0,0.27633074
0,0.2662415
0,0.2613019
0,0.26988542
0,0.26131564
0,0.25726974
0,0.26659718
0,0.2578704
0,0.26829204
0,0.27150035
0,0.26038545
0,0.2569834
0,0.25457847
0,0.25385082
0,0.25175944
0,0.2504306
0,0.26225698
0,0.263618
0,0.25738648
0,0.26350498
0,0.26594815
0,0.26828668
0,0.26891136
0,0.26121932
0,0.269494
0,0.27136916
0,0.2689954
0,0.2693198
0,0.2564862
0,0.27431786
0,0.25708255
0,0.26270318
0,0.26346284
0,0.2560021
0,0.26558518
0,0.25607416
0,0.2627778
0,0.26164114
0,0.261988
0,0.26188645
0,0.26364416
0,0.26327658
0,0.26649138
0,0.26634067
0,0.26409853
0,0.2570901
0,0.26236185
0,0.2604056
0,0.26041114
0,0.27437174
0,0.26614398
0,0.26287943
0,0.26313648
0,0.26138523
0,0.26538765
0,0.27340785
0,0.26192078
0,0.27345198
0,0.26341859
0,0.27175847
0,0.32006812
0,0.2953138
0,0.29142186
0,0.27819398
0,0.27158126
0,0.27872407
0,0.258094
0,0.26576397
0,0.2717561
0,0.27603942
0,0.27925715
0,0.27825022
0,0.27793524
0,0.2816
0,0.2964481
0,0.28675768
0,0.273321
0,0.26511857
0,0.27443665
0,0.2625368
0,0.2824576
0,0.27531797
0,0.26608828
0,0.27126133
0,0.28112024
0,0.2995983
0,0.29273298
0,0.28451198
0,0.27983618
0,0.28432104
0,0.27152315
0,0.26864922
0,0.26153687
0,0.26722503
0,0.27038726
0,0.2698195
0,0.26031047
0,0.28008428
0,0.2743059
0,0.27131522
0,0.26531714
0,0.2596255
0,0.26588413
0,0.26688772
0,0.25995183
0,0.25625348
0,0.263975
0,0.26451603
0,0.26671937
0,0.28347883
0,0.26465318
0,0.26614797
0,0.26653996
0,0.26336825
0,0.2554232
0,0.2661779
0,0.2655357
0,0.25603136
0,0.26222935
0,0.2639728
0,0.2743317
0,0.27368644
0,0.26167494
0,0.2621661
0,0.25940046
0,0.28149605
0,0.268834
0,0.2668146
0,0.2645598
0,0.2743291
0,0.2561351
0,0.25970253
0,0.2593396
0,0.27779952
0,0.26362497
0,0.25528556
0,0.25867185
0,0.27747625
0,0.26509342
0,0.26143613
0,0.2627356
0,0.27008525
0,0.27007025
0,0.26657963
0,0.25107336
0,0.26052603
0,0.2566904
0,0.2667265
0,0.26252404
0,0.25819394
0,0.27571365
0,0.27516723
0,0.26474974
0,0.26979882
0,0.27288482
0,0.26352966
0,0.2597144
0,0.25593182
0,0.2542421
0,0.24791254
0,0.25011787
0,0.25876808
0,0.26892108
0,0.26666582
0,0.270989
0,0.26213697
0,0.25695944
0,0.26266885
0,0.25789273
0,0.26153833
0,0.26188844
0,0.26771656
0,0.26809475
0,0.27325204
0,0.27091932
0,0.2686418
0,0.25408658
0,0.2618066
0,0.25323835
0,0.2626425
0,0.2632328
0,0.26245332
0,0.25313905
0,0.26191905
0,0.25659126
0,0.2591889
0,0.26197696
0,0.34078124
0,0.2936503
0,0.2946214
0,0.27603224
0,0.27302322
0,0.26362792
0,0.2671373
0,0.26093686
0,0.26187003
0,0.2564105
0,0.27260658
0,0.26580405
0,0.2619883
0,0.26315555
0,0.26126572
0,0.2515345
0,0.25865328
0,0.265868
0,0.29240307
0,0.27194744
0,0.2771965
0,0.26941726
0,0.26439396
0,0.26265135
0,0.2589456
0,0.25947773
0,0.25746486
0,0.26778227
0,0.2854248
0,0.2589915
0,0.25572807
0,0.25525874
0,0.2544673
0,0.26608455
0,0.25823474
0,0.25624904
0,0.25625494
0,0.2538885
0,0.27633852
0,0.28535962
0,0.28131855
0,0.2684027
0,0.2782989
0,0.27796406
0,0.2754746
0,0.26401168
0,0.26810417
0,0.25946432
0,0.26449618
0,0.265772
0,0.26833084
0,0.25928852
0,0.26350644
0,0.2808197
0,0.27319428
0,0.28866434
0,0.2784868
0,0.28756002
0,0.27730256
0,0.27056935
0,0.2738678
0,0.26320064
0,0.26884907
0,0.25483483
0,0.2596686
0,0.26261875
0,0.26032752
0,0.25267848
0,0.26608828
0,0.25743178
0,0.34437597
0,0.30270168
0,0.2967734
0,0.28384307
0,0.2893396
0,0.27104065
0,0.28554788
0,0.26869166
0,0.274098
0,0.26828408
0,0.26314232
0,0.26361135
0,0.2621542
0,0.2613727
0,0.27107665
0,0.25803792
0,0.25731158
0,0.2566146
0,0.25490165
0,0.2673786
0,0.2582296
0,0.25754866
0,0.26109353
0,0.25913078
0,0.26721925
0,0.26243028
0,0.27049333
0,0.25261965
0,0.26476264
0,0.2510913
0,0.25432396
0,0.26761636
0,0.25997996
0,0.26235348
0,0.26618904
0,0.25832385
0,0.2638543
0,0.28190967
0,0.27579674
0,0.27631336
0,0.2794387
0,0.26809636
0,0.27042356
0,0.27864605
0,0.2736945
0,0.25603348
0,0.26345736
0,0.26639298
0,0.26888642
0,0.27212864
0,0.26763076
0,0.26609704
0,0.26984158
0,0.26879615
0,0.2660642
0,0.2765396
0,0.2737612
0,0.27444556
0,0.2681246
0,0.26998988
0,0.29476917
0,0.2894459
0,0.2821113
0,0.27970812
0,0.27037168
0,0.2766249
0,0.29034978
0,0.33442184
0,0.3343658
0,0.3039807
0,0.2985358
0,0.28084153
0,0.28785762
0,0.2781934
0,0.26887733
0,0.27533555
0,0.27158636
0,0.25990313
0,0.2635511
0,0.26455873
0,0.25934243
0,0.26126963
0,0.25424448
0,0.25113514
0,0.25488806
0,0.26178384
0,0.2658526
0,0.27022725
0,0.26139888
0,0.26477894
0,0.27273455
0,0.2766874
0,0.28006342
0,0.2708721
0,0.27082008
0,0.27078846
0,0.27164543
0,0.27727297
0,0.2716476
0,0.2650611
0,0.2719353
0,0.2762331
0,0.2716609
0,0.2746933
0,0.2838946
0,0.28732547
0,0.28544188
0,0.2880981
0,0.309973
0,0.2810635
0,0.2952674
0,0.27353728
0,0.27513206
0,0.26464346
0,0.26836386
0,0.2624044
0,0.27450037
0,0.29555652
0,0.30083796
0,0.28480682
0,0.27893364
0,0.27014157
0,0.26775032
0,0.26016253
0,0.26266873
0,0.27077445
0,0.26665652
0,0.2822751
0,0.27756864
0,0.26025903
0,0.26349205
0,0.26984507
0,0.27890643
0,0.27184802
0,0.26681733
0,0.2719086
0,0.28313357
0,0.28158295
0,0.2719516
0,0.27420747
0,0.26804873
0,0.26796874
0,0.27027103
0,0.26297405
0,0.26216692
0,0.26344976
0,0.2672301
0,0.26337564
0,0.27715927
0,0.2840197
0,0.2790602
0,0.2852372
0,0.29123405
0,0.2764253
0,0.2674633
0,0.26901624
0,0.26570854
0,0.28532994
0,0.267304
0,0.26842812
0,0.27546328
0,0.2768846
0,0.26386875
0,0.26816654
0,0.27284703
0,0.26499712
0,0.26940334
0,0.2713341
0,0.28126466
0,0.26590386
0,0.28358626
0,0.26626804
0,0.28737167
0,0.27058336
0,0.27456635
0,0.26568982
0,0.29195604
0,0.27929622
0,0.27829126
0,0.29577687
0,0.28697038
0,0.2803227
0,0.27802274
0,0.27568543
0,0.2709778
0,0.2606688
0,0.2807396
0,0.28533956
0,0.27986088
0,0.29045585
0,0.30678284
0,0.28489947
0,0.2779448
0,0.27690303
0,0.28329724
0,0.27844036
0,0.27159
0,0.2700537
0,0.26772287
0,0.26961097
0,0.2668409
0,0.27774736
0,0.28749013
0,0.2626712
0,0.3014784
0,0.27895647
0,0.2736288
0,0.26955384
0,0.28289974
0,0.27233317
0,0.26684117
0,0.2697722
0,0.26350573
0,0.26352707
0,0.2624963
0,0.26059356
0,0.28592023
0,0.2683804
0,0.2659521
0,0.26278603
0,0.25956026
0,0.25789872
0,0.25733382
0,0.2671938
0,0.2570231
0,0.25903612
0,0.26660958
0,0.2625264
0,0.26814604
0,0.2710222
0,0.27143207
0,0.27251476
0,0.26146612
0,0.27176794
0,0.27596334
0,0.27074915
0,0.26159683
0,0.2587825
0,0.2641808
0,0.2785838
0,0.29426512
0,0.2843709
0,0.27712908
0,0.28059357
0,0.2768153
0,0.27469742
0,0.27409074
0,0.2728494
0,0.2717559
0,0.26080945
0,0.26516435
0,0.26646307
0,0.2604418
0,0.26510358
0,0.265757
0,0.46420565
0,0.37006468
0,0.32716343
0,0.30324596
0,0.29177672
0,0.29861867
0,0.28273943
0,0.27526063
0,0.27476558
0,0.28385806
0,0.27309972
0,0.2805157
0,0.27180675
0,0.2681249
0,0.26780996
0,0.2645342
0,0.26381496
0,0.2716325
0,0.26844802
0,0.27423653
0,0.271862
0,0.276455
0,0.26759908
0,0.2762419
0,0.26984808
0,0.2779544
0,0.26860642
0,0.26928225
0,0.26489925
0,0.26061562
0,0.27206016
0,0.2656705
0,0.2756369
0,0.26320574
0,0.28405628
0,0.26720673
0,0.27413413
0,0.26893428
0,0.28570125
0,0.27728993
0,0.26739645
0,0.272357
0,0.25240287
0,0.26464945
0,0.25915447
0,0.26726028
0,0.27151406
0,0.41190812
0,0.3217424
0,0.3058797
0,0.29528445
0,0.27605608
0,0.26916668
0,0.27158615
0,0.27638268
0,0.27116057
0,0.26289475
0,0.27162382
0,0.2613959
0,0.26436996
0,0.259425
0,0.2758151
0,0.2723306
0,0.26860547
0,0.27043292
0,0.2749871
0,0.27203315
0,0.26498747
0,0.26917148
0,0.26547068
0,0.2680102
0,0.26430842
0,0.2682048
0,0.26495805
0,0.25743905
0,0.27063146
0,0.27541184
0,0.27894163
0,0.27336088
0,0.28249985
0,0.277579
0,0.272228
0,0.2786897
0,0.28799072
0,0.2764918
0,0.26723292
0,0.26278463
0,0.25969058
0,0.26307204
0,0.26943824
0,0.2566549
0,0.2777325
0,0.29258922
0,0.2909223
0,0.2994557
0,0.30807313
0,0.32792425
0,0.3357464
0,0.3002203
0,0.2990131
0,0.28688484
0,0.28576136
0,0.2768594
0,0.2799938
0,0.28267926
0,0.27645156
0,0.27398247
0,0.27476487
0,0.2706516
0,0.27061754
0,0.26891857
0,0.26887873
0,0.26576796
0,0.28174517
0,0.26858628
0,0.27257022
0,0.26745835
0,0.27168906
0,0.26424515
0,0.27733278
0,0.27690542
0,0.2633628
0,0.2780408
0,0.26843
0,0.27534166
0,0.27019724
0,0.26364735
0,0.26322332
0,0.2696138
0,0.26521632
0,0.25924093
0,0.2771429
0,0.264197
0,0.26504886
0,0.2707249
0,0.26930574
0,0.27181497
0,0.2683182
0,0.25995862
0,0.27548662
0,0.263184
0,0.30029485
0,0.27222413
0,0.2701623
0,0.27456704
0,0.26181388
0,0.26792097
0,0.26108062
0,0.25514144
0,0.2652977
0,0.26582104
0,0.28548452
0,0.26856875
0,0.2610291
0,0.26532093
0,0.25775808
0,0.25472984
0,0.26724193
0,0.26565158
0,0.26762706
0,0.26550168
0,0.2706117
0,0.2737051
0,0.2658245
0,0.26645458
0,0.2683318
0,0.26259494
0,0.2657471
0,0.25413087
0,0.26029325
0,0.2597852
0,0.26071072
0,0.26541558
0,0.26487428
0,0.26510632
0,0.26601043
0,0.28594953
0,0.2868631
0,0.27259424
0,0.27158013
0,0.2659095
0,0.27527365
0,0.2605692
0,0.25500324
0,0.25765312
0,0.26891157
0,0.26026732
0,0.27228847
0,0.26622444
0,0.27597463
0,0.26398084
0,0.27591124
0,0.2623411
0,0.26506957
0,0.27055028
0,0.27398548
0,0.27652442
0,0.28403828
0,0.26838025
0,0.26582593
0,0.25941262
0,0.25998113
0,0.25594252
0,0.25197023
0,0.2612812
0,0.25555286
0,0.2645541
0,0.2561899
0,0.26524338
0,0.25637615
0,0.26592454
0,0.26302227
0,0.26993373
0,0.27165833
0,0.27011815
0,0.27050507
0,0.25898606
0,0.25882155
0,0.26591426
0,0.25844204
0,0.2691879
0,0.2598411
0,0.2637756
0,0.25320223
0,0.26183867
0,0.26252455
0,0.26429254
0,0.26417285
0,0.26284996
0,0.26533097
0,0.26402286
0,0.27516958
0,0.25637603
0,0.26306698
0,0.2615226
0,0.26165828
0,0.2719958
0,0.26865312
0,0.26495522
0,0.26369745
0,0.26244506
0,0.2763891
0,0.27135205
0,0.26067
0,0.26083517
0,0.27373374
0,0.276355
0,0.26812232
0,0.26428238
0,0.26672924
0,0.262596
0,0.2691183
0,0.2689902
0,0.26282567
0,0.26030412
0,0.25838414
0,0.26340237
0,0.2698148
0,0.2607615
0,0.2580133
0,0.25765395
0,0.262143
0,0.26617494
0,0.2627247
0,0.25901324
0,0.26493418
0,0.274748
0,0.2718888
0,0.28389943
0,0.27679744
0,0.26782838
0,0.2646704
0,0.26418543
0,0.2678047
0,0.27918187
0,0.28597838
0,0.2861593
0,0.27846447
0,0.2628848
0,0.26846433
0,0.2728183
0,0.27374834
0,0.2753651
0,0.27347264
0,0.2642509
0,0.26839924
0,0.2674437
0,0.2697006
0,0.2601973
0,0.2851325
0,0.27119988
0,0.2712161
0,0.26830783
0,0.26838553
0,0.26625293
0,0.27757373
0,0.2621504
0,0.26408854
0,0.26314208
0,0.2621097
0,0.26116702
0,0.26176178
0,0.27364805
0,0.27097636
0,0.2647292
0,0.2783799
0,0.2702607
0,0.27660733
0,0.2777583
0,0.26370126
0,0.2616439
0,0.26022914
0,0.26015764
0,0.2704285
0,0.27155632
0,0.2673572
0,0.25917485
0,0.26975062
0,0.2665934
0,0.26031065
0,0.25788993
0,0.2700466
0,0.26576957
0,0.25939074
0,0.25916976
0,0.25648093
0,0.2588469
0,0.26912078
0,0.26171416
0,0.26808074
0,0.2584594
0,0.2559203
0,0.25327718
0,0.25277218
0,0.26252976
0,0.25334662
0,0.25106448
0,0.2500767
0,0.25878066
0,0.25224894
0,0.2603684
0,0.27165166
0,0.25561395
0,0.26644596
0,0.26570508
0,0.266855
0,0.26869765
0,0.27030414
0,0.2692349
0,0.26752895
0,0.26890346
0,0.26872745
0,0.26341218
0,0.26516187
0,0.26521286
0,0.34402338
0,0.30127138
0,0.28833213
0,0.26943436
0,0.27073517
0,0.26971963
0,0.2675541
0,0.2653538
0,0.26438946
0,0.2645585
0,0.26894656
0,0.26676688
0,0.2644494
0,0.26643753
0,0.2650399
0,0.26373085
0,0.2624092
0,0.26260105
0,0.27072138
0,0.256038
0,0.2691754
0,0.2628611
0,0.3620583
0,0.30099142
0,0.28410122
0,0.28714547
0,0.2840196
0,0.28365943
0,0.27344057
0,0.26779404
0,0.27730745
0,0.27776438
0,0.26604432
0,0.26327488
0,0.27006504
0,0.25215864
0,0.262456
0,0.26377586
0,0.27588782
0,0.27685404
0,0.26425564
0,0.26297668
0,0.27223188
0,0.26191583
0,0.2541941
0,0.27062926
0,0.25794026
0,0.2618426
0,0.26280406
0,0.29895723
0,0.28897512
0,0.2701863
0,0.27217427
0,0.27243033
0,0.26275823
0,0.2684583
0,0.26854214
0,0.2626837
0,0.26558474
0,0.25590822
0,0.261561
0,0.25605345
0,0.27014542
0,0.26748273
0,0.26992288
0,0.2618429
0,0.26592883
0,0.2608719
0,0.26420555
0,0.26510867
0,0.26383114
0,0.26727414
0,0.2663922
0,0.26639235
0,0.26510552
0,0.2611856
0,0.2634706
0,0.26549014
0,0.26528057
0,0.26932117
0,0.26607215
0,0.26674268
0,0.27393785
0,0.26691487
0,0.26462254
0,0.26426062
0,0.26328158
0,0.26238438
0,0.253951
0,0.25769165
0,0.2574368
0,0.2611728
0,0.26915446
0,0.2719733
0,0.26490185
0,0.2614363
0,0.26975533
0,0.2623593
0,0.26039404
0,0.2618688
0,0.269197
0,0.26120004
0,0.28060362
0,0.2765974
0,0.2756209
0,0.2700301
0,0.26303783
0,0.25980455
0,0.25623003
0,0.26939082
0,0.27292275
0,0.26115525
0,0.25717956
0,0.25447115
0,0.25165078
0,0.29199055
0,0.2802066
0,0.2703831
0,0.2718573
0,0.27317002
0,0.27202326
0,0.2753116
0,0.27615714
0,0.27353927
0,0.2710853
0,0.2723945
0,0.2755706
0,0.3041349
0,0.29213142
0,0.28288403
0,0.27894968
0,0.27567995
0,0.27384448
0,0.27077127
0,0.2698439
0,0.26937303
0,0.26919353
0,0.2655072
0,0.2659497
0,0.27744505
0,0.27861452
0,0.26383272
0,0.2692138
0,0.26938075
0,0.25588688
0,0.25239152
0,0.25820354
0,0.25434723
0,0.26098895
0,0.25885642
0,0.25908986
0,0.27253255
0,0.26404193
0,0.27480844
0,0.2661503
0,0.280001
0,0.26650202
0,0.25909725
0,0.2577378
0,0.25658682
0,0.27050808
0,0.2595465
0,0.2735435
0,0.27480006
0,0.27337995
0,0.26052096
0,0.26942357
0,0.26097903
0,0.2582131
0,0.2535185
0,0.26215458
0,0.2669495
0,0.26684144
0,0.2684527
0,0.2700987
0,0.25739008
0,0.28189147
0,0.2769777
0,0.2733925
0,0.27154726
0,0.28281128
0,0.27732942
0,0.2789119
0,0.27389482
0,0.27142763
0,0.27082083
0,0.26896173
0,0.2693221
0,0.25997925
0,0.26253945
0,0.26495302
0,0.26019207
0,0.26413646
0,0.2780372
0,0.26964927
0,0.26874372
0,0.26736313
0,0.2716494
0,0.2785046
0,0.26996833
0,0.26077512
0,0.2790812
0,0.29074845
0,0.27404127
0,0.27199414
0,0.28471455
0,0.27292502
0,0.2739432
0,0.32051465
0,0.30409262
0,0.28252858
0,0.28602296
0,0.2851517
0,0.28470385
0,0.28380668
0,0.28047317
0,0.2710776
0,0.2724136
0,0.2650171
0,0.28828928
0,0.28588614
0,0.28308016
0,0.2841962
0,0.26933068
0,0.27720845
0,0.2693993
0,0.26397306
0,0.26686737
0,0.25670624
0,0.255144
0,0.2538259
0,0.2636068
0,0.26572767
0,0.25660777
0,0.2659498
0,0.2675901
0,0.2614317
0,0.26904848
0,0.27333236
0,0.2624839
0,0.2720868
0,0.25849384
0,0.26512083
0,0.26779687
0,0.2721775
0,0.27617756
0,0.2714541
0,0.27339354
0,0.2703745
0,0.2725601
0,0.26284358
0,0.2705111
0,0.26894566
0,0.26873276
0,0.26596978
0,0.2549348
0,0.26057634
0,0.26171753
0,0.26214525
0,0.26158035
0,0.26160243
0,0.26592097
0,0.25370958
0,0.25950938
0,0.2595828
0,0.25983733
0,0.26052734
0,0.26165146
0,0.2609077
0,0.27199954
0,0.27741736
0,0.26755208
0,0.26201662
0,0.264627
0,0.2613425
0,0.26068267
0,0.25965014
0,0.27079678
0,0.26232344
0,0.25965488
0,0.25781643
0,0.2671693
0,0.2736347
0,0.2692334
0,0.2617664
0,0.27034327
0,0.2625535
0,0.25959095
0,0.27165842
0,0.27789968
0,0.26494753
0,0.28277385
0,0.2661492
0,0.27405912
0,0.26236722
0,0.26342118
0,0.2610494
0,0.26538962
0,0.25726292
0,0.25796035
0,0.25404263
0,0.25961903
0,0.26484114
0,0.26607645
0,0.25885496
0,0.271028
0,0.27102837
0,0.26676655
0,0.2688253
0,0.2726614
0,0.26190108
0,0.28273275
0,0.27596813
0,0.271867
0,0.27194402
0,0.2750431
0,0.27254325
0,0.2833991
0,0.2753821
0,0.2724198
0,0.27370286
0,0.27224228
0,0.27210766
0,0.3009332
0,0.30397892
0,0.29301775
0,0.28525022
0,0.2903899
0,0.27909726
0,0.2753463
0,0.27494693
0,0.27793202
0,0.27191547
0,0.25961652
0,0.2655325
0,0.25345832
0,0.2615903
0,0.27449015
0,0.26768917
0,0.28114238
0,0.27634668
0,0.28275383
0,0.27474532
0,0.26844785
0,0.2853825
0,0.2841581
0,0.28443936
0,0.27152666
0,0.27148923
0,0.26436105
0,0.26345223
0,0.2582117
0,0.26940933
0,0.25973523
0,0.26023033
0,0.2590871
0,0.2615821
0,0.28422606
0,0.27032986
0,0.27320072
0,0.275174
0,0.26644546
0,0.26597646
0,0.26937178
0,0.25529328
0,0.26636195
0,0.2589106
0,0.27108175
0,0.27066827
0,0.27557603
0,0.27546936
0,0.27239096
0,0.26211566
0,0.26707867
0,0.2710833
0,0.29497844
0,0.28212416
0,0.27422836
0,0.27002445
0,0.28213534
0,0.27891535
0,0.28345248
0,0.27648056
0,0.27179196
0,0.2793794
0,0.27148205
0,0.28620866
0,0.2785551
0,0.27398285
0,0.2744835
0,0.27132845
0,0.26372465
0,0.2773815
0,0.26909146
0,0.27068108
0,0.27795935
0,0.2716933
0,0.2769553
0,0.26955128
0,0.27245224
0,0.26504344
0,0.27767837
0,0.27345094
0,0.2669426
0,0.26544532
0,0.2744161
0,0.26007944
0,0.26182297
0,0.26539642
0,0.29470333
0,0.2667463
0,0.26624689
0,0.25861958
0,0.25927642
0,0.25778833
0,0.25122458
0,0.27300528
0,0.27153036
0,0.26363844
0,0.26276702
0,0.25946176
0,0.2633759
0,0.26264775
0,0.25880364
0,0.2682637
0,0.2531724
0,0.25471294
0,0.2548468
0,0.2660265
0,0.25653926
0,0.2603465
0,0.26691535
0,0.25853536
0,0.2671007
0,0.26884443
0,0.2617644
0,0.26992327
0,0.27871278
0,0.26811498
0,0.27154645
0,0.26519826
0,0.26952642
0,0.25898415
0,0.26622635
0,0.263754
0,0.26693764
0,0.2800263
0,0.2688334
0,0.2831961
0,0.2762985
0,0.2629004
0,0.2568062
0,0.26506597
0,0.26360765
0,0.26677915
0,0.26587036
0,0.2670472
0,0.26081103
0,0.26400915
0,0.25394464
0,0.25516927
0,0.26168028
0,0.2626641
0,0.2717773
0,0.28544268
0,0.2730628
0,0.29239264
0,0.26555598
0,0.2606402
0,0.25504133
0,0.27544558
0,0.25850326
0,0.261753
0,0.2605845
0,0.261181
0,0.25973243
0,0.25948346
0,0.26109046
0,0.25963476
0,0.25899363
0,0.25924584
0,0.268633
0,0.26156378
0,0.2589278
0,0.26138172
0,0.26758945
0,0.2831349
0,0.26729724
0,0.266766
0,0.26070803
0,0.27100298
0,0.26062122
0,0.25164926
0,0.26506484
0,0.25778398
0,0.2668893
0,0.26821184
0,0.25949565
0,0.2780197
0,0.2648455
0,0.27637386
0,0.2628603
0,0.27310276
0,0.26081935
0,0.25668442
0,0.25046754
0,0.26169834
0,0.25652876
0,0.27081203
0,0.2681814
0,0.2684881
0,0.2692382
0,0.27272692
0,0.27109566
0,0.2717515
0,0.27297628
0,0.27674365
0,0.27463067
0,0.27181092
0,0.28846994
0,0.29010865
0,0.29032454
0,0.28950194
0,0.28133217
0,0.2756736
0,0.27715725
0,0.27120626
0,0.25908783
0,0.26718947
0,0.26706246
0,0.2856838
0,0.27358356
0,0.27431533
0,0.27487656
0,0.26839867
0,0.28403312
0,0.28752714
0,0.2731452
0,0.2743042
0,0.2877231
0,0.27497265
0,0.2703287
0,0.28640288
0,0.2766059
0,0.28231177
0,0.27617532
0,0.28624988
0,0.26816943
0,0.26788387
0,0.26571867
0,0.25825328
0,0.25722545
0,0.26794735
0,0.30631268
0,0.28715262
0,0.26290846
0,0.26032433
0,0.26036677
0,0.25859505
0,0.26192844
0,0.2657679
0,0.51193833
0,0.629437
0,0.6687399
0,0.6999347
0,0.92399806
0,0.9272581
0,0.98426306
0,0.98725504
0,0.956811
0,0.95566106
0,0.9489654
0,0.93518656
0,0.881476
0,0.83390415
0,0.94205296
0,0.93987536
0,0.86386573
0,0.87929183
0,0.9798389
0,0.987792
0,0.9697404
0,0.9346376
0,0.86685705
0,0.9235603
0,0.9636714
0,0.9384288
0,0.854342
0,0.8279098
0,0.86945313
0,0.9104898
0,0.9685148
0,0.9635399
0,0.93270445
0,0.9581832
0,0.9526011
0,0.869824
0,0.67648315
0,0.51278317
0,0.43250057
0,0.35616025
0,0.3183535
0,0.32556632
0,0.2766535
0,0.26006958
0,0.23333754
0,0.26125643
0,0.23508541
0,0.1829387
0,0.13113482
0,0.12974001
0,0.12801583
0,0.12932009
0,0.12739567
0,0.12923683
0,0.12617251
0,0.12652487
0,0.19022796
0,0.30778137
0,0.2041462
0,0.21955475
0,0.18964416
0,0.17343299
0,0.17874965
0,0.27333173
0,0.28857118
0,0.27100936
0,0.26394498
0,0.26813623
0,0.28737724
0,0.26730183
0,0.26642218
0,0.2573522
0,0.2506547
0,0.2495654
0,0.2399377
0,0.23005693
0,0.22848323
0,0.2299598
0,0.23445366
0,0.23470418
0,0.24191685
0,0.24041982
0,0.2421189
0,0.2495902
0,0.26109773
0,0.26247948
0,0.2682812
0,0.26148668
0,0.27309686
0,0.276751
0,0.26393178
0,0.27811986
0,0.25857082
0,0.25932258
0,0.25667384
0,0.26280195
0,0.27119696
0,0.25638384
0,0.27104166
0,0.26793304
0,0.25777337
0,0.28504732
0,0.26906896
0,0.2637628
0,0.25709814
0,0.25946987
0,0.2632197
0,0.25458848
0,0.26205578
0,0.25867593
0,0.26278004
0,0.2936861
0,0.27633452
0,0.2683921
0,0.2691046
0,0.26697007
0,0.262801
0,0.2613672
0,0.26531917
0,0.2621242
0,0.25435856
0,0.2691352
0,0.2641836
0,0.26988456
0,0.28154236
0,0.26613063
0,0.26850477
0,0.26439276
0,0.27074447
0,0.27143347
0,0.26578227
0,0.2594502
0,0.26551467
0,0.25756872
0,0.2594393
0,0.25482756
0,0.25243035
0,0.25492057
0,0.2668051
0,0.26682842
0,0.26364717
0,0.25819528
0,0.26935822
0,0.27052796
0,0.2704341
0,0.26714933
0,0.26498786
0,0.2670992
0,0.27202863
0,0.2710084
0,0.2639827
0,0.26644376
0,0.2509343
0,0.2639554
0,0.25733426
0,0.26168048
0,0.2518282
0,0.25846514
0,0.27410388
0,0.26362255
0,0.26242766
0,0.27126133
0,0.25835457
0,0.2622303
0,0.24979864
0,0.2723176
0,0.26112166
0,0.26517716
0,0.257974
0,0.26078552
0,0.26689053
0,0.27686462
0,0.26151633
0,0.25162598
0,0.2623986
0,0.26031002
0,0.26469445
0,0.26314664
0,0.27186936
0,0.27744988
0,0.27201325
0,0.26631573
0,0.2670315
0,0.2795626
0,0.29192242
0,0.294739
0,0.28583062
0,0.27282983
0,0.28106055
0,0.29028603
0,0.28618443
0,0.28679803
0,0.28265432
0,0.28271756
0,0.2670192
0,0.2626689
0,0.26387668
0,0.27258384
0,0.26695055
0,0.25966454
0,0.26274806
0,0.25874016
0,0.26000148
0,0.2618406
0,0.27062398
0,0.2717746
0,0.27178034
0,0.2652349
0,0.2758804
0,0.26190495
0,0.26083735
0,0.26615757
0,0.2709325
0,0.26924497
0,0.25780252
0,0.26489544
0,0.26170328
0,0.26493362
0,0.25920948
0,0.25643557
0,0.2692715
0,0.2665087
0,0.25565532
0,0.26141948
0,0.25925648
0,0.2620749
0,0.25706342
0,0.2723221
0,0.26869428
0,0.26072672
0,0.25600764
0,0.26087728
0,0.26911876
0,0.26844278
0,0.2687595
0,0.26734915
0,0.2676528
0,0.26069462
0,0.26470685
0,0.2663736
0,0.2702732
0,0.2650783
0,0.26188812
0,0.40870583
0,0.32694837
0,0.33957273
0,0.34633225
0,0.33136204
0,0.50406766
0,0.6680466
0,0.80422753
0,0.89097154
0,0.98772854
0,0.99428713
0,0.9876349
0,0.96635187
0,0.93723226
0,0.88323945
0,0.7946661
0,0.69481444
0,0.5766047
0,0.45806387
0,0.39035007
0,0.30689093
0,0.24998865
0,0.19726907
0,0.1630461
0,0.14163034
0,0.13595027
0,0.1358995
0,0.1276883
0,0.12605608
0,0.12060015
0,0.11937948
0,0.11953565
0,0.121602096
0,0.12242466
0,0.12470272
0,0.1196857
0,0.119236514
0,0.12447945
0,0.13785616
0,0.23629136
0,0.26168326
0,0.25534123
0,0.25323763
0,0.25296825
0,0.27302256
0,0.2690124
0,0.2615879
0,0.2653097
0,0.26572606
0,0.26598403
0,0.25996545
0,0.2586138
0,0.25366235
0,0.2609273
0,0.25521195
0,0.25818354
0,0.25610322
0,0.25755915
0,0.26605365
0,0.26258913
0,0.26643968
0,0.27317378
0,0.26550406
0,0.263985
0,0.2664445
0,0.26182503
0,0.2650737
0,0.26149046
0,0.26515406
0,0.26049477
0,0.27615732
0,0.2700364
0,0.25898328
0,0.25828248
0,0.26286402
0,0.26228002
0,0.27936175
0,0.2632515
0,0.2677302
0,0.2551033
0,0.26164195
0,0.2560488
0,0.26069495
0,0.27066642
0,0.26862523
0,0.26184136
0,0.2644408
0,0.25818896
0,0.25676787
0,0.256231
0,0.26357502
0,0.2526351
0,0.26370886
0,0.2508472
0,0.25845218
0,0.26636901
0,0.2573379
0,0.25514543
0,0.27716315
0,0.2767941
0,0.27660987
0,0.2791273
0,0.2854702
0,0.2774572
0,0.28280458
0,0.2761733
0,0.27254346
0,0.27517045
0,0.27680963
0,0.26292947
0,0.2605744
0,0.26541063
0,0.27661687
0,0.27076316
0,0.2619862
0,0.2656215
0,0.26144677
0,0.27565706
0,0.26138654
0,0.28031144
0,0.26710722
0,0.2666068
0,0.26970282
0,0.25858143
0,0.26661342
0,0.26344827
0,0.2665337
0,0.26347515
0,0.26616654
0,0.2535928
0,0.26190504
0,0.25959128
0,0.26266938
0,0.26495382
0,0.2585729
0,0.26688763
0,0.27050048
0,0.2644192
0,0.26671457
0,0.26133662
0,0.2638732
0,0.2719308
0,0.26797906
0,0.26522407
0,0.26597106
0,0.2621668
0,0.26309934
0,0.27005652
0,0.2651604
0,0.25949287
0,0.27745712
0,0.2612752
0,0.2644685
0,0.25902304
0,0.260009
0,0.27049604
0,0.27459973
0,0.25851038
0,0.2600679
0,0.2608077
0,0.2598352
0,0.24569534
0,0.26750308
0,0.26100942
0,0.25920108
0,0.25960416
0,0.26901037
0,0.26059908
0,0.30398652
0,0.30183268
0,0.30231574
0,0.2796095
0,0.30128366
0,0.28585878
0,0.27349916
0,0.27049857
0,0.26506987
0,0.31982535
0,0.37501863
0,0.31594324
0,0.30835435
0,0.35878634
0,0.35572723
0,0.34511665
0,0.31255797
0,0.33030188
0,0.35100478
0,0.3677814
0,0.35566515
0,0.37641817
0,0.3754136
0,0.38889992
0,0.30112794
0,0.23403844
0,0.199737
0,0.19288598
0,0.17019974
0,0.15983649
0,0.15078329
0,0.14123602
0,0.13793314
0,0.13543788
0,0.1380182
0,0.14259012
0,0.16867298
0,0.18429112
0,0.21013936
0,0.18300363
0,0.17975521
0,0.18153362
0,0.18967882
0,0.20081136
0,0.20693061
0,0.2132961
0,0.22822024
0,0.23149455
0,0.24550883
0,0.2679624
0,0.2659436
0,0.27620286
0,0.27064002
0,0.27466828
0,0.2685621
0,0.2606211
0,0.26706752
0,0.25784492
0,0.26099434
0,0.25807363
0,0.2534822
0,0.2547165
0,0.2540431
0,0.27168265
0,0.27327105
0,0.26181242
0,0.26371086
0,0.2861587
0,0.27731547
0,0.26444542
0,0.26278973
0,0.2543916
0,0.25834224
0,0.26876813
0,0.26064906
0,0.26382986
0,0.25819343
0,0.26127633
0,0.25691876
0,0.25904492
0,0.26921305
0,0.2773598
0,0.2635234
0,0.25863254
0,0.24921387
0,0.26015225
0,0.24827033
0,0.24462542
0,0.2621425
0,0.25747216
0,0.2505657
0,0.25426102
0,0.27702796
0,0.27567306
0,0.2725812
0,0.26488793
0,0.28064957
0,0.47125438
0,0.60045046
0,0.4409235
0,0.37672108
0,0.3424999
0,0.31516358
0,0.2910858
0,0.2840443
0,0.27114353
0,0.2702376
0,0.27009135
0,0.2595615
0,0.25535163
0,0.2659339
0,0.25339597
0,0.24983098
0,0.24015015
0,0.25971144
0,0.24562454
0,0.25949222
0,0.24908184
0,0.25428522
0,0.2630739
0,0.26727164
0,0.25692648
0,0.25572038
0,0.25353014
0,0.25596097
0,0.2623858
0,0.28136107
0,0.28427905
0,0.27373
0,0.28111783
0,0.27417958
0,0.27817705
0,0.2819651
0,0.29865825
0,0.2818224
0,0.2789823
0,0.27151775
0,0.2735818
0,0.26566482
0,0.27862278
0,0.28253156
0,0.27085707
0,0.2642384
0,0.27170986
0,0.2649523
0,0.2637889
0,0.2584083
0,0.37362155
0,0.41841832
0,0.39587235
0,0.45992416
0,0.3993553
0,0.5087044
0,0.66478795
0,0.8578221
0,0.73264575
0,0.6430197
0,0.5351707
0,0.39978203
0,0.30187023
0,0.2222032
0,0.17396683
0,0.15278898
0,0.14465137
0,0.13512202
0,0.13238223
0,0.12805751
0,0.13200572
0,0.1284193
0,0.13099301
0,0.13106093
0,0.13501438
0,0.13722874
0,0.14316812
0,0.15349834
0,0.16865024
0,0.18415555
0,0.19901867
0,0.20238853
0,0.21032143
0,0.21896173
0,0.22736318
0,0.24609925
0,0.25403395
0,0.25498956
0,0.26333457
0,0.25600258
0,0.28798017
0,0.46387714
0,0.43170783
0,0.7148926
0,0.8503467
0,0.93023145
0,0.8834245
0,0.8204845
0,0.9029765
0,0.9013637
0,0.8931915
0,0.92529196
0,0.86352897
0,0.7949058
0,0.7432809
0,0.7046799
0,0.57545364
0,0.6469197
0,0.45088017
0,0.36016744
0,0.41390193
0,0.52322197
0,0.87012684
0,0.9092263
0,0.7125219
0,0.58903396
0,0.57266724
0,0.5847077
0,0.6847919
0,0.70025295
0,0.52453303
0,0.41118395
0,0.52135944
0,0.46603376
0,0.3426616
0,0.31080008
0,0.23192734
0,0.20248678
0,0.17395866
0,0.15266788
0,0.13719055
0,0.13073324
0,0.12621154
0,0.12446597
0,0.118936606
0,0.12129617
0,0.1211416
0,0.123342514
0,0.12089348
0,0.12157737
0,0.12212656
0,0.1241908
0,0.14954369
0,0.1667621
0,0.178675
0,0.19431536
0,0.20593315
0,0.23266652
0,0.259897
0,0.26270965
0,0.25878596
0,0.25119284
0,0.26612496
0,0.26204813
0,0.2558073
0,0.25746495
0,0.26439586
0,0.25997582
0,0.26893178
0,0.26253504
0,0.26761577
0,0.26347512
0,0.26686403
0,0.2644345
0,0.2679393
0,0.27632454
0,0.27066216
0,0.26614434
0,0.26669884
0,0.26801673
0,0.26660746
0,0.25833464
0,0.25317937
0,0.25489983
0,0.27025357
0,0.2572384
0,0.25534856
0,0.25602257
0,0.24858114
0,0.25227636
0,0.24753988
0,0.26044485
0,0.26179647
0,0.2564875
0,0.2598437
0,0.25569263
0,0.28968224
0,0.29376116
0,0.27033573
0,0.27484122
0,0.26837772
0,0.26254076
0,0.26719362
0,0.25900754
0,0.26241398
0,0.26779208
0,0.26289663
0,0.26745078
0,0.31110907
0,0.3089563
0,0.28491032
0,0.28214422
0,0.2840897
0,0.27801728
0,0.27024585
0,0.27177176
0,0.26658452
0,0.26842853
0,0.27306828
0,0.270938
0,0.26536876
0,0.2557527
0,0.25813445
0,0.26349273
0,0.2630604
0,0.264774
0,0.25991303
0,0.26286262
0,0.2638087
0,0.26389107
0,0.25983363
0,0.26258865
0,0.25823912
0,0.26196036
0,0.26884982
0,0.26612636
0,0.26025814
0,0.26553628
0,0.26198184
0,0.26350933
0,0.26190856
0,0.26167402
0,0.2661405
0,0.2627522
0,0.26706836
0,0.26336178
0,0.2695707
0,0.27785945
0,0.28519255
0,0.29273
0,0.28098482
0,0.27242118
0,0.26173872
0,0.26193509
0,0.26486918
0,0.26087084
0,0.26400346
0,0.25998837
0,0.2704672
0,0.27376425
0,0.2686896
0,0.26233447
0,0.26528156
0,0.27172
0,0.27853116
0,0.26512262
0,0.26640543
0,0.26132125
0,0.27308646
0,0.26266965
0,0.26771295
0,0.26023728
0,0.26178712
0,0.25630406
0,0.2649988
0,0.26843014
0,0.2664414
0,0.25910446
0,0.2604455
0,0.6316776
0,0.44612694
0,0.3668103
0,0.33163363
0,0.31385097
0,0.28129703
0,0.2846298
0,0.2745278
0,0.27481964
0,0.26964352
0,0.2773448
0,0.26682508
0,0.26890272
0,0.26259187
0,0.26480818
0,0.27024573
0,0.26613927
0,0.27226505
0,0.27039835
0,0.27379212
0,0.27387813
0,0.2564673
0,0.26902714
0,0.25873905
0,0.2605769
0,0.2570512
0,0.2593713
0,0.26122195
0,0.2607655
0,0.26472533
0,0.26142395
0,0.25732058
0,0.27285883
0,0.2596757
0,0.2620761
0,0.2672729
0,0.2620216
0,0.26162344
0,0.2609676
0,0.25442404
0,0.25686076
0,0.2676546
0,0.26011983
0,0.26560703
0,0.27212724
0,0.2702035
0,0.26404274
0,0.267561
0,0.2619348
0,0.26289698
0,0.2595682
0,0.2615061
0,0.25892648
0,0.25301385
0,0.2704953
0,0.26656166
0,0.270456
0,0.27465782
0,0.26285118
0,0.27830297
0,0.2743288
0,0.26039782
0,0.26246545
0,0.26424867
0,0.2592629
0,0.26238972
0,0.26664463
0,0.2644087
0,0.25527084
0,0.2533691
0,0.25523055
0,0.2516693
0,0.25097403
0,0.24581145
0,0.2562447
0,0.25250843
0,0.25244454
0,0.251041
0,0.24655338
0,0.25254345
0,0.24945126
0,0.2727861
0,0.27615932
0,0.26246914
0,0.27052072
0,0.26643297
0,0.26595375
0,0.26174
0,0.26394933
0,0.26060736
0,0.2615354
0,0.27028787
0,0.2649563
0,0.26114354
0,0.26085445
0,0.25764418
0,0.2590663
0,0.25581187
0,0.2712881
0,0.26032403
0,0.2608841
0,0.25741786
0,0.25784126
0,0.25600567
0,0.2567942
0,0.2654878
0,0.2742053
0,0.26281473
0,0.25861183
0,0.2686455
0,0.26564616
0,0.25847805
0,0.26192635
0,0.2557193
0,0.25245866
0,0.25167638
0,0.25231192
0,0.2598238
0,0.25834796
0,0.26259634
0,0.2566129
0,0.26231074
0,0.25712153
0,0.26424024
0,0.25044346
0,0.26141837
0,0.2586145
0,0.2525708
0,0.25150543
0,0.25782964
0,0.2546066
0,0.24237108
0,0.24627668
0,0.2644663
0,0.25406194
0,0.29356405
0,0.27754536
0,0.2715241
0,0.27149358
0,0.26559103
0,0.26808766
0,0.2547708
0,0.26299742
0,0.2582556
0,0.2602907
0,0.26075524
0,0.2630599
0,0.2621616
0,0.2522385
0,0.26101527
0,0.2621865
0,0.26215747
0,0.26327407
0,0.26340404
0,0.26619944
0,0.26284155
0,0.26406524
0,0.2582612
0,0.2627548
0,0.25425133
0,0.2596152
0,0.25881624
0,0.25413463
0,0.25576946
0,0.25876108
0,0.2571979
0,0.258516
0,0.25675756
0,0.27227274
0,0.26783782
0,0.26424336
0,0.26052654
0,0.2552633
0,0.27885085
0,0.28022227
0,0.2671389
0,0.2667433
0,0.2607393
0,0.25997907
0,0.2638335
0,0.27081963
0,0.2740367
0,0.26458266
0,0.26084438
0,0.26144457
0,0.25802362
0,0.2699772
0,0.25988033
0,0.25764608
0,0.25727493
0,0.25560397
0,0.25063902
0,0.26788634
0,0.25771126
0,0.25661334
0,0.25270045
0,0.26320902
0,0.2646337
0,0.2572137
0,0.26423493
0,0.2673059
0,0.2697688
0,0.26109764
0,0.27843204
0,0.2621447
0,0.2689689
0,0.26874813
0,0.2626221
0,0.25601992
0,0.25886428
0,0.26345974
0,0.2530018
0,0.26126325
0,0.24516162
0,0.25783917
0,0.25845477
0,0.25356853
0,0.25791782
0,0.2612271
0,0.25670743
0,0.2554768
0,0.26025534
0,0.25433016
0,0.24484856
0,0.24511078
0,0.24373394
0,0.25823885
0,0.25224084
0,0.2586371
0,0.2563889
0,0.2471118
0,0.30554643
0,0.27390254
0,0.31190726
0,0.2801408
0,0.28954262
0,0.26906437
0,0.26304218
0,0.26379898
0,0.26535007
0,0.25655687
0,0.2575253
0,0.27064586
0,0.25577217
0,0.25928926
0,0.25613537
0,0.2679536
0,0.25536054
0,0.25597745
0,0.25584388
0,0.25391382
0,0.25141245
0,0.2559579
0,0.2617445
0,0.25779235
0,0.26363882
0,0.25852907
0,0.25390673
0,0.25365415
0,0.26063052
0,0.2555531
0,0.2610207
0,0.25511715
0,0.25324968
0,0.24497293
0,0.255593
0,0.25438407
0,0.25491112
0,0.2820972
0,0.28264216
0,0.30093494
0,0.28611925
0,0.27966484
0,0.27472728
0,0.2735685
0,0.2739235
0,0.2735312
0,0.2825513
0,0.27541053
0,0.27288833
0,0.27347186
0,0.2763861
0,0.2716664
0,0.25749478
0,0.2703834
0,0.26571494
0,0.26656434
0,0.26891595
0,0.27156553
0,0.25974044
0,0.26238087
0,0.25221017
0,0.24688305
0,0.24477954
0,0.2535311
0,0.2657009
0,0.26886153
0,0.26431346
0,0.26348186
0,0.26681483
0,0.26207295
0,0.27348298
0,0.2712619
0,0.26486802
0,0.26422936
0,0.26137307
0,0.26123738
0,0.25742102
0,0.2590492
0,0.25971007
0,0.26957667
0,0.26902008
0,0.26281938
0,0.2590074
0,0.26295078
0,0.25139663
0,0.25496024
0,0.26137793
0,0.32630208
0,0.320134
0,0.28443152
0,0.27268234
0,0.26766524
0,0.27042538
0,0.27471986
0,0.26171392
0,0.27121088
0,0.268828
0,0.2620817
0,0.27900207
0,0.26990196
0,0.29897073
0,0.27556264
0,0.2759901
0,0.26596195
0,0.26970404
0,0.2619231
0,0.25543305
0,0.2660106
0,0.26873335
0,0.2630309
0,0.26567662
0,0.2585541
0,0.26452357
0,0.26772878
0,0.26593262
0,0.27004737
0,0.2682694
0,0.259426
0,0.2649846
0,0.26692197
0,0.26790318
0,0.26948938
0,0.2676451
0,0.2583349
0,0.26210344
0,0.2646616
0,0.2634346
0,0.2564912
0,0.25245425
0,0.2593667
0,0.25180483
0,0.25828868
0,0.25884902
0,0.26049381
0,0.25923732
0,0.26318437
0,0.26470536
0,0.26479903
0,0.2754468
0,0.26845628
0,0.27976114
0,0.27502438
0,0.2878629
0,0.27730677
0,0.2753648
0,0.26961213
0,0.26638594
0,0.26486108
0,0.28341797
0,0.27081367
0,0.26461634
0,0.2629465
0,0.2600908
0,0.2731789
0,0.2667391
0,0.27407637
0,0.26709402
0,0.26741537
0,0.26123756
0,0.25933707
0,0.25687894
0,0.25653458
0,0.2585615
0,0.27905193
0,0.2663053
0,0.2662971
0,0.26985613
0,0.26286367
0,0.25752866
0,0.25644174
0,0.26410565
0,0.26891163
0,0.2682875
0,0.26053825
0,0.26764274
0,0.2616605
0,0.2650645
0,0.2686792
0,0.26569661
0,0.25414237
0,0.2614539
0,0.2550525
0,0.26199895
0,0.2655337
0,0.26394108
0,0.25925863
0,0.26145795
0,0.2758876
0,0.25971177
0,0.25928894
0,0.29137224
0,0.27655053
0,0.2629402
0,0.27055806
0,0.27631876
0,0.27148628
0,0.26564768
0,0.26964623
0,0.3134057
0,0.2792501
0,0.2630643
0,0.27214414
0,0.2673697
0,0.2677945
0,0.25806507
0,0.26812443
0,0.27462718
0,0.26814586
0,0.26326418
0,0.25815856
0,0.2567611
0,0.26044118
0,0.25679296
0,0.28264853
0,0.2649225
0,0.25385243
0,0.2614495
0,0.26060036
0,0.2754586
0,0.27236417
0,0.27452308
0,0.26664335
0,0.2627624
0,0.2622957
0,0.26742005
0,0.26314038
0,0.25665042
0,0.25446865
0,0.26606485
0,0.26347375
0,0.2617334
0,0.26449296
0,0.2664331
0,0.2633572
0,0.26544264
0,0.26229647
0,0.26572648
0,0.26330766
0,0.26808062
0,0.2630536
0,0.26039356
0,0.26194403
0,0.2640658
0,0.258603
0,0.26245528
0,0.27736765
0,0.2832365
0,0.26733097
0,0.25282675
0,0.27100307
0,0.26672527
0,0.2735745
0,0.2673962
0,0.26391363
0,0.26424015
0,0.2582232
0,0.2610902
0,0.2561158
0,0.26835406
0,0.26024562
0,0.2658858
0,0.27370834
0,0.26627827
0,0.25947756
0,0.26158577
0,0.37885946
0,0.30118793
0,0.36285734
0,0.30647254
0,0.29800716
0,0.2827271
0,0.28375402
0,0.27362624
0,0.27239516
0,0.27711618
0,0.2658919
0,0.27598792
0,0.27610156
0,0.27784684
0,0.27133137
0,0.26976547
0,0.2695157
0,0.2645121
0,0.26495194
0,0.25927383
0,0.2641652
0,0.25830898
0,0.2610936
0,0.2558647
0,0.26099536
0,0.2560285
0,0.26911074
0,0.25689325
0,0.26152775
0,0.25508738
0,0.2583643
0,0.25212193
0,0.2552523
0,0.25239316
0,0.25506568
0,0.2799053
0,0.28944415
0,0.42012012
0,0.59434545
0,0.72863346
0,0.9251332
0,0.90323985
0,0.8862377
0,0.964983
0,0.97110945
0,0.9678511
0,0.9712827
0,0.98591006
0,0.9820609
0,0.93203366
0,0.91964674
0,0.9157685
0,0.7726946
0,0.61474955
0,0.4892141
0,0.38272914
0,0.31838125
0,0.2703429
0,0.2167232
0,0.18393679
0,0.1690763
0,0.14653388
0,0.13866444
0,0.13617809
0,0.13000989
0,0.13136017
0,0.12329462
0,0.12704466
0,0.12485353
0,0.123280816
0,0.12625888
0,0.124595694
0,0.12646215
0,0.12632439
0,0.12746291
0,0.13232158
0,0.15956487
0,0.23370293
0,0.25036773
0,0.25445157
0,0.25912425
0,0.25966647
0,0.24951369
0,0.24863698
0,0.25519943
0,0.26295784
0,0.25987417
0,0.26580518
0,0.26233548
0,0.26703298
0,0.25833863
0,0.27068013
0,0.26477236
0,0.26920298
0,0.26052096
0,0.26642004
0,0.26664528
0,0.2787447
0,0.26935363
0,0.26445073
0,0.28380856
0,0.27306658
0,0.27105188
0,0.26415515
0,0.2824272
0,0.2736002
0,0.265093
0,0.25714192
0,0.26482683
0,0.2538884
0,0.2549305
0,0.26012722
0,0.26101366
0,0.2734092
0,0.27861643
0,0.28162742
0,0.26214486
0,0.26019192
0,0.25949922
0,0.2545792
0,0.26440492
0,0.26514363
0,0.2680585
0,0.2667659
0,0.26912633
0,0.26500708
0,0.2683989
0,0.26658437
0,0.26833522
0,0.26686084
0,0.25729617
0,0.26514706
0,0.26124504
0,0.25778654
0,0.2623203
0,0.26079068
0,0.26427212
0,0.27381232
0,0.2686614
0,0.2632962
0,0.2641657
0,0.25756305
0,0.26239792
0,0.25761142
0,0.26063326
0,0.26028326
0,0.25195497
0,0.25499076
0,0.25819537
0,0.2547059
0,0.25772798
0,0.25499654
0,0.27040404
0,0.26754683
0,0.26029643
0,0.25731635
0,0.25192466
0,0.26126528
0,0.26028073
0,0.25542128
0,0.25661254
0,0.2581919
0,0.25633892
0,0.26290476
0,0.2573839
0,0.25345686
0,0.25492167
0,0.2626408
0,0.26710135
0,0.27290428
0,0.26508972
0,0.25793517
0,0.26756215
0,0.26942003
0,0.2608485
0,0.2660705
0,0.26506817
0,0.2711583
0,0.27641636
0,0.27202022
0,0.26220208
0,0.29806298
0,0.2952302
0,0.2829532
0,0.26889965
0,0.27271163
0,0.27280986
0,0.2594544
0,0.2635543
0,0.26557994
0,0.26735073
0,0.28088626
0,0.27410257
0,0.27025235
0,0.27086443
0,0.27956393
0,0.27315646
0,0.2671119
0,0.27018434
0,0.2768695
0,0.26312003
0,0.27447954
0,0.29519966
0,0.28468966
0,0.3036845
0,0.28247976
0,0.28811076
0,0.30436504
0,0.28968075
0,0.29340047
0,0.30068842
0,0.28593028
0,0.2824904
0,0.28799087
0,0.27841678
0,0.27354977
0,0.27226883
0,0.27194008
0,0.27358872
0,0.26854655
0,0.2856472
0,0.2872135
0,0.29341874
0,0.28534392
0,0.28381267
0,0.28195605
0,0.283184
0,0.2899553
0,0.31326216
0,0.29769406
0,0.28888914
0,0.29232544
0,0.29053462
0,0.31495774
0,0.2855169
0,0.3142997
0,0.2880294
0,0.28901303
0,0.27727935
0,0.27968687
0,0.28898942
0,0.28832945
0,0.27283075
0,0.28309616
0,0.28119433
0,0.30560178
0,0.2947831
0,0.28781188
0,0.26800397
0,0.28661284
0,0.28011188
0,0.26901644
0,0.27836168
0,0.27272922
0,0.26345623
0,0.3431994
0,0.3007536
0,0.2927782
0,0.2901302
0,0.29113975
0,0.29099882
0,0.27934992
0,0.2833032
0,0.2725127
0,0.2725514
0,0.26928368
0,0.2647541
0,0.25581408
0,0.25386426
0,0.2617492
0,0.26455352
0,0.26998734
0,0.269717
0,0.26414505
0,0.27050158
0,0.265311
0,0.2556498
0,0.2675213
0,0.26141974
0,0.2624272
0,0.2556064
0,0.26969185
0,0.31112128
0,0.27569535
0,0.28715023
0,0.28081337
0,0.26585037
0,0.2735208
0,0.26694492
0,0.2670739
0,0.26348963
0,0.26579374
0,0.27112505
0,0.26970765
0,0.26356062
0,0.26399085
0,0.25882277
0,0.25123113
0,0.2559759
0,0.2548857
0,0.26676294
0,0.42390782
0,0.37643802
0,0.3178836
0,0.3100323
0,0.33054474
0,0.34802532
0,0.29849273
0,0.28604838
0,0.27236837
0,0.27179387
0,0.26305923
0,0.25547194
0,0.2525756
0,0.2706585
0,0.2684199
0,0.27219746
0,0.2704183
0,0.2596791
0,0.27048108
0,0.25991946
0,0.25574517
0,0.2536976
0,0.31082213
0,0.2917347
0,0.28141245
0,0.2664158
0,0.26979554
0,0.27018872
0,0.31355157
0,0.36035788
0,0.31399253
0,0.29915133
0,0.6170004
0,0.7834326
0,0.6129496
0,0.523548
0,0.5104201
0,0.9276186
0,0.89038885
0,0.8988539
0,0.789711
0,0.6374122
0,0.9799439
0,0.9883034
0,0.94387954
0,0.8897814
0,0.82476157
0,0.7351139
0,0.6501425
0,0.5632571
0,0.46806952
0,0.38726935
0,0.3303967
0,0.28830835
0,0.2463624
0,0.20437832
0,0.17392822
0,0.14987572
0,0.14150858
0,0.13886292
0,0.12805659
0,0.12484618
0,0.120705575
0,0.11731113
0,0.11754787
0,0.11974209
0,0.12380591
0,0.15241718
0,0.16668671
0,0.18874668
0,0.19667122
0,0.20626543
0,0.2580269
0,0.25860247
0,0.27221298
0,0.2556027
0,0.25509694
0,0.2542856
0,0.25244263
0,0.26398325
0,0.2567025
0,0.2546574
0,0.2530606
0,0.25454256
0,0.25505656
0,0.2500955
0,0.26317087
0,0.26546553
0,0.2719487
0,0.25989038
0,0.26666632
0,0.2521914
0,0.25521567
0,0.26404828
0,0.2691183
0,0.26013404
0,0.26575744
0,0.259016
0,0.25278708
0,0.26164666
0,0.2654022
0,0.26722047
0,0.2678902
0,0.2672592
0,0.27294225
0,0.2755737
0,0.27141905
0,0.28042293
0,0.2557106
0,0.26006034
0,0.26405343
0,0.2635097
0,0.27226275
0,0.26717842
0,0.26660073
0,0.2599343
0,0.26305324
0,0.2624309
0,0.2631092
0,0.26174828
0,0.2677513
0,0.2680084
0,0.26655933
0,0.26850075
0,0.26677334
0,0.26365393
0,0.26903787
0,0.2637353
0,0.2683957
0,0.266252
0,0.34196606
0,0.29180592
0,0.28143725
0,0.2732906
0,0.26872784
0,0.2648679
0,0.26385123
0,0.25724113
0,0.2834977
0,0.27075338
0,0.27108902
0,0.2571384
0,0.26512384
0,0.27375725
0,0.26422688
0,0.27661648
0,0.2782003
0,0.26523322
0,0.26315218
0,0.25855556
0,0.25804543
0,0.25054574
0,0.2648569
0,0.2595146
0,0.25867248
0,0.25885072
0,0.267389
0,0.26785228
0,0.25945953
0,0.2664569
0,0.25611603
0,0.26354444
0,0.2560248
0,0.26239768
0,0.2663831
0,0.2581137
0,0.2771433
0,0.27016443
0,0.2707737
0,0.26987332
0,0.25991356
0,0.25757894
0,0.26347846
0,0.26689622
0,0.2672399
0,0.26551947
0,0.26707694
0,0.26566508
0,0.25903535
0,0.26508194
0,0.26426464
0,0.2713834
0,0.2845369
0,0.27133468
0,0.26472056
0,0.26528746
0,0.26512337
0,0.26306438
0,0.2528425
0,0.26320878
0,0.27164185
0,0.26582745
0,0.26042995
0,0.26034364
0,0.2612546
0,0.2597593
0,0.26024824
0,0.25881943
0,0.260896
0,0.26124567
0,0.26004946
0,0.25817335
0,0.25350538
0,0.26758543
0,0.26419657
0,0.25995293
0,0.26073048
0,0.26705742
0,0.26194778
0,0.25831273
0,0.25845107
0,0.25500664
0,0.2603216
0,0.25443417
0,0.25406486
0,0.25282842
0,0.25751
0,0.26283213
0,0.26070142
0,0.26574165
0,0.2815575
0,0.2936854
0,0.27941906
0,0.27958116
0,0.2683044
0,0.27065584
0,0.27347642
0,0.26390028
0,0.26163295
0,0.27102333
0,0.26025778
0,0.27627298
0,0.2765563
0,0.27154997
0,0.27803966
0,0.2728759
0,0.2624723
0,0.26749137
0,0.27016017
0,0.27577487
0,0.26341614
0,0.26767832
0,0.27806526
0,0.2688993
0,0.2873211
0,0.27413398
0,0.2730945
0,0.26883784
0,0.27227208
0,0.26698887
0,0.2680567
0,0.2650365
0,0.2663693
0,0.2569618
0,0.26947775
0,0.25654206
0,0.26204842
0,0.26000106
0,0.26307502
0,0.26263484
0,0.2634702
0,0.26220566
0,0.26502168
0,0.27116114
0,0.26649848
0,0.26200232
0,0.27447662
0,0.27925432
0,0.27004567
0,0.26421577
0,0.26513568
0,0.2594445
0,0.2606114
0,0.2574582
0,0.2582691
0,0.27066347
0,0.2624706
0,0.25847822
0,0.27353063
0,0.2702809
0,0.25521827
0,0.251404
0,0.46037522
0,0.57805127
0,0.624733
0,0.6560594
0,0.50890136
0,0.43800393
0,0.44839075
0,0.56077737
0,0.41627967
0,0.32460138
0,0.2890746
0,0.40812138
0,0.2575794
0,0.20397815
0,0.16015825
0,0.15885663
0,0.13974446
0,0.13304165
0,0.14409947
0,0.18048956
0,0.15019338
0,0.1383359
0,0.18094906
0,0.14901464
0,0.1391511
0,0.13831107
0,0.12915823
0,0.13009535
0,0.14322487
0,0.1774386
0,0.16241117
0,0.17188679
0,0.2988674
0,0.3616904
0,0.25034806
0,0.21016237
0,0.2499811
0,0.35363543
0,0.35350123
0,0.29783377
0,0.2200052
0,0.18210022
0,0.17391147
0,0.16588353
0,0.14627025
0,0.14416604
0,0.14370334
0,0.19550498
0,0.16199808
0,0.1464525
0,0.14167216
0,0.19355243
0,0.4273566
0,0.71280706
0,0.5002953
0,0.33735687
0,0.24094042
0,0.21400484
0,0.16409115
0,0.14603792
0,0.32079947
0,0.31149065
0,0.45670778
0,0.2899674
0,0.20173705
0,0.16766244
0,0.1634268
0,0.15029308
0,0.14216875
0,0.18081354
0,0.14585014
0,0.13715683
0,0.15914415
0,0.17301893
0,0.14364713
0,0.13778754
0,0.13253582
0,0.13092166
0,0.124016196
0,0.12272446
0,0.4223127
0,0.46917573
0,0.34227872
0,0.25994906
0,0.20140797
0,0.16788398
0,0.15359607
0,0.14295855
0,0.1380661
0,0.1311597
0,0.13824289
0,0.13638316
0,0.1393053
0,0.14207749
0,0.14241067
0,0.14774252
0,0.15516147
0,0.16358018
0,0.17451991
0,0.17917843
0,0.18951128
0,0.20613222
0,0.21645094
0,0.22456594
0,0.2263517
0,0.23508531
0,0.24467881
0,0.24820961
0,0.2507302
0,0.25352594
0,0.26218528
0,0.26005694
0,0.25997117
0,0.259097
0,0.25817537
0,0.25748095
0,0.25981674
0,0.2571657
0,0.26806426
0,0.26045862
0,0.25995106
0,0.25694913
0,0.25820524
0,0.2552485
0,0.25532204
0,0.25412726
0,0.25387698
0,0.25555435
0,0.2531613
0,0.24856903
0,0.25145206
0,0.24979202
0,0.24988782
0,0.24764276
0,0.24608581
0,0.2462379
0,0.25771034
0,0.25061
0,0.2495185
0,0.25347444
0,0.24925457
0,0.25843245
0,0.25157446
0,0.25923714
0,0.26280516
0,0.26849452
0,0.26771665
0,0.26740035
0,0.2681669
0,0.26265344
0,0.26668707
0,0.25542513
0,0.2803449
0,0.27505785
0,0.26278585
0,0.2687868
0,0.25757807
0,0.26169646
0,0.26702434
0,0.26200628
0,0.2672239
0,0.25850534
0,0.26433897
0,0.2636603
0,0.26524484
0,0.26314297
0,0.26543602
0,0.28171244
0,0.27341408
0,0.26998806
0,0.26979822
0,0.2694196
0,0.2565918
0,0.26071283
0,0.27269772
0,0.2664366
0,0.26510024
0,0.26262367
0,0.26216438
0,0.2630273
0,0.25743467
0,0.2581341
0,0.25612947
0,0.2556236
0,0.2544436
0,0.25470436
0,0.25728443
0,0.25178486
0,0.2537886
0,0.256037
0,0.24978586
0,0.24811801
0,0.2525176
0,0.25111783
0,0.25328115
0,0.24587174
0,0.2617084
0,0.25265482
0,0.24957718
0,0.26665416
0,0.2528261
0,0.24850936
0,0.25049233
0,0.2539705
0,0.27467707
0,0.275873
0,0.26252183
0,0.2598779
0,0.25363737
0,0.2501354
0,0.26420128
0,0.26710144
0,0.26072678
0,0.26441234
0,0.26894975
0,0.26708978
0,0.25853628
0,0.2792613
0,0.25677943
0,0.2712531
0,0.26171768
0,0.26441836
0,0.2747537
0,0.27365264
0,0.27730516
0,0.28817445
0,0.27866244
0,0.27585816
0,0.26557744
0,0.2707027
0,0.27080196
0,0.26859635
0,0.26985648
0,0.267637
0,0.26932862
0,0.26574296
0,0.256898
0,0.2607668
0,0.27002847
0,0.2650001
0,0.2659645
0,0.26026246
0,0.26385146
0,0.2617694
0,0.25464427
0,0.25856742
0,0.2615159
0,0.27266338
0,0.27334973
0,0.5247272
0,0.36971456
0,0.3371095
0,0.29875523
0,0.31386375
0,0.29751647
0,0.29606676
0,0.28319347
0,0.28668392
0,0.27641368
0,0.27494308
0,0.27304605
0,0.26459023
0,0.26429236
0,0.26037169
0,0.26133245
0,0.26786914
0,0.2626896
0,0.26807082
0,0.27310282
0,0.2686567
0,0.26367667
0,0.2579994
0,0.25892475
0,0.25435326
0,0.25600374
0,0.27270478
0,0.2639083
0,0.26814145
0,0.27061734
0,0.2739393
0,0.25866085
0,0.26843828
0,0.26077864
0,0.2649664
0,0.27477705
0,0.2701171
0,0.2729239
0,0.27096036
0,0.26328778
0,0.27816084
0,0.27542052
0,0.3511608
0,0.29179037
0,0.29063556
0,0.27433336
0,0.27365354
0,0.2644922
0,0.26835823
0,0.27493644
0,0.27307972
0,0.26205105
0,0.26648068
0,0.2583606
0,0.26153255
0,0.27050635
0,0.26509044
0,0.25844392
0,0.26059812
0,0.26536426
0,0.26300186
0,0.2671186
0,0.26355547
0,0.27855414
0,0.26815277
0,0.26124594
0,0.27314785
0,0.2593911
0,0.26075545
0,0.25721756
0,0.27336106
0,0.26886484
0,0.26320398
0,0.25517708
0,0.25275612
0,0.25941354
0,0.2570802
0,0.24951783
0,0.27886415
0,0.27619877
0,0.2720156
0,0.25816745
0,0.25996926
0,0.26213685
0,0.2578323
0,0.2612139
0,0.256779
0,0.26160356
0,0.2564362
0,0.25955483
0,0.27115077
0,0.2653105
0,0.27153194
0,0.27048683
0,0.26171485
0,0.26352972
0,0.25875452
0,0.25028783
0,0.26157302
0,0.2600697
0,0.25457966
0,0.25808817
0,0.26513693
0,0.2611719
0,0.25669265
0,0.25898972
0,0.26610184
0,0.2734534
0,0.2743683
0,0.27889052
0,0.27442136
0,0.27229303
0,0.28031412
0,0.25819588
0,0.268809
0,0.26648647
0,0.26802033
0,0.2749468
0,0.27107796
0,0.2760924
0,0.27724245
0,0.33305445
0,0.2971001
0,0.27869594
0,0.27692527
0,0.2691758
0,0.2682944
0,0.27363724
0,0.268438
0,0.26287797
0,0.26801684
0,0.2726418
0,0.269587
0,0.27786493
0,0.2586398
0,0.25817582
0,0.26010874
0,0.25570035
0,0.26456195
0,0.26118487
0,0.26300216
0,0.25641066
0,0.2689887
0,0.26174137
0,0.2604735
0,0.32540467
0,0.30666783
0,0.2908342
0,0.27898932
0,0.2779538
0,0.28044593
0,0.27684623
0,0.26749325
0,0.2751247
0,0.26601723
0,0.29313648
0,0.28681356
0,0.28433803
0,0.29993406
0,0.2865228
0,0.2719397
0,0.26272514
0,0.27325204
0,0.25944212
0,0.2562972
0,0.25105274
0,0.2524617
0,0.2484449
0,0.25982597
0,0.2602105
0,0.2652573
0,0.26411888
0,0.27122015
0,0.266983
0,0.27019972
0,0.26615858
0,0.2694668
0,0.2702319
0,0.2700182
0,0.26631033
0,0.2681596
0,0.2647459
0,0.2559096
0,0.26433378
0,0.25781864
0,0.2596334
0,0.27369225
0,0.27660114
0,0.26975378
0,0.26101702
0,0.26631612
0,0.25967667
0,0.26983622
0,0.2630903
0,0.26417053
0,0.2627175
0,0.26276138
0,0.25425524
0,0.2484132
0,0.25183034
0,0.26008424
0,0.26418322
0,0.25326315
0,0.25351065
0,0.25880334
0,0.24539204
0,0.25389245
0,0.2521934
0,0.25457102
0,0.25234175
0,0.26532698
0,0.25680888
0,0.2547921
0,0.26427475
0,0.25879803
0,0.25456962
0,0.26539958
0,0.26034722
0,0.25667685
0,0.2535966
0,0.2526102
0,0.26187754
0,0.26672584
0,0.25692558
0,0.26147532
0,0.2552514
0,0.25373206
0,0.26205865
0,0.26613495
0,0.2668893
0,0.26902574
0,0.26889133
0,0.26979685
0,0.2700775
0,0.27009752
0,0.27488637
0,0.27190107
0,0.2707125
0,0.27044702
0,0.25410727
0,0.26406118
0,0.26446056
0,0.26964366
0,0.26861548
0,0.26803833
0,0.26754823
0,0.267161
0,0.26701394
0,0.2672863
0,0.2671048
0,0.26684657
0,0.25982082
0,0.2635829
0,0.26445088
0,0.26449466
0,0.2509849
0,0.24895541
0,0.25675175
0,0.26301935
0,0.26243535
0,0.2655226
0,0.2642391
0,0.27139935
0,0.27007404
0,0.26662046
0,0.26480332
0,0.26564273
0,0.26221249
0,0.26856294
0,0.26613176
0,0.25235608
0,0.3127212
0,0.27872077
0,0.28719437
0,0.2668242
0,0.2662056
0,0.27416953
0,0.26561764
0,0.2739392
0,0.26042175
0,0.26022822
0,0.26752588
0,0.2700774
0,0.2602017
0,0.25854054
0,0.26883158
0,0.26072556
0,0.2588565
0,0.25104794
0,0.2564022
0,0.25437656
0,0.25478774
0,0.26262543
0,0.2581559
0,0.2598751
0,0.25586545
0,0.25423676
0,0.2523567
0,0.24858265
0,0.24484567
0,0.24784617
0,0.25487468
0,0.24454294
0,0.2405795
0,0.24672951
0,0.23947297
0,0.24480243
0,0.24250501
0,0.24085106
0,0.2377673
0,0.2544933
0,0.24671675
0,0.2708075
0,0.25571653
0,0.2612004
0,0.2644173
0,0.2601693
0,0.26819316
0,0.2588229
0,0.28918856
0,0.29544684
0,0.2772499
0,0.27604836
0,0.2643267
0,0.2694392
0,0.2641792
0,0.25580454
0,0.2568555
0,0.25680307
0,0.2635834
0,0.2557636
0,0.2602331
0,0.26051667
0,0.26209238
0,0.25446922
0,0.24430826
0,0.2617934
0,0.24784221
0,0.2495486
0,0.2532201
0,0.25463155
0,0.24857828
0,0.25265777
0,0.255139
0,0.26604593
0,0.2605739
0,0.25896585
0,0.25817317
0,0.25426432
0,0.25684974
0,0.25640365
0,0.24659254
0,0.2620998
0,0.26124433
0,0.3349533
0,0.5877762
0,0.59352744
0,0.44674915
0,0.37773862
0,0.33124775
0,0.31365824
0,0.28279
0,0.2827253
0,0.27171722
0,0.26398742
0,0.25764707
0,0.25178486
0,0.24916553
0,0.24401188
0,0.23277746
0,0.23228861
0,0.23525256
0,0.22275989
0,0.21847667
0,0.21852784
0,0.22147952
0,0.22374529
0,0.22756112
0,0.24012533
0,0.23690273
0,0.24514307
0,0.25745365
0,0.24982624
0,0.2673256
0,0.2688361
0,0.27111995
0,0.26932094
0,0.2707961
0,0.26932797
0,0.2619699
0,0.26535073
0,0.2675532
0,0.25964373
0,0.25659326
0,0.27017075
0,0.26756078
0,0.26676777
0,0.2569955
0,0.26236984
0,0.26422837
0,0.26444823
0,0.26494676
0,0.26367643
0,0.2652242
0,0.26391312
0,0.26400527
0,0.26442996
0,0.26529464
0,0.27058327
0,0.26581097
0,0.26384392
0,0.26382634
0,0.2632419
0,0.24827729
0,0.256038
0,0.25701556
0,0.25156197
0,0.25719458
0,0.25624558
0,0.25601828
0,0.25555462
0,0.24584171
0,0.25247565
0,0.24846247
0,0.24795088
0,0.25167483
0,0.2527224
0,0.26349545
0,0.26761281
0,0.24915272
0,0.25220865
0,0.25468576
0,0.25254318
0,0.25198928
0,0.25181818
0,0.25570124
0,0.2523087
0,0.25132728
0,0.24663302
0,0.25796896
0,0.266867
0,0.26849186
0,0.25892112
0,0.2578785
0,0.2575214
0,0.24484274
0,0.25962552
0,0.25199544
0,0.25304124
0,0.2632895
0,0.25946084
0,0.2652475
0,0.26563233
0,0.25953838
0,0.2647598
0,0.25518614
0,0.2681366
0,0.26607952
0,0.25809672
0,0.2580792
0,0.26356477
0,0.25373793
0,0.2617178
0,0.25504377
0,0.260513
0,0.26144987
0,0.26276496
0,0.26313078
0,0.25769052
0,0.2565771
0,0.25289035
0,0.25809392
0,0.2571678
0,0.25484836
0,0.2578294
0,0.29144827
0,0.27133647
0,0.2690517
0,0.259943
0,0.25793132
0,0.2723758
0,0.26553723
0,0.26697543
0,0.26478153
0,0.25963768
0,0.25981918
0,0.258568
0,0.25811127
0,0.2684828
0,0.25038818
0,0.2539287
0,0.26822212
0,0.27277732
0,0.25864226
0,0.2569231
0,0.268614
0,0.31325406
0,0.2834455
0,0.27438423
0,0.26825413
0,0.26042223
0,0.25767112
0,0.25909102
0,0.2601016
0,0.25628674
0,0.25501668
0,0.2552932
0,0.25350577
0,0.24937184
0,0.2457564
0,0.25269368
0,0.25088635
0,0.2599326
0,0.24719243
0,0.2624489
0,0.25484776
0,0.25752556
0,0.2562039
0,0.262457
0,0.26113403
0,0.2570025
0,0.27917665
0,0.2936748
0,0.27259886
0,0.27672565
0,0.26891014
0,0.25616643
0,0.2682588
0,0.2552182
0,0.25052932
0,0.24611017
0,0.25761905
0,0.2495796
0,0.24674204
0,0.24176762
0,0.25244525
0,0.25451142
0,0.2587813
0,0.25846317
0,0.2532553
0,0.25088167
0,0.25679553
0,0.25713518
0,0.24827586
0,0.25376764
0,0.25616255
0,0.25677735
0,0.2684928
0,0.26159793
0,0.25826785
0,0.25898188
0,0.25951886
0,0.2537272
0,0.25196925
0,0.25289273
0,0.25086808
0,0.25784436
0,0.25616425
0,0.25196484
0,0.2586414
0,0.25545666
0,0.25615937
0,0.25452337
0,0.24929282
0,0.25115415
0,0.2522771
0,0.27143982
0,0.26163784
0,0.27117005
0,0.27360034
0,0.26887912
0,0.26504588
0,0.25930664
0,0.27524072
0,0.2585677
0,0.25912368
0,0.25489122
0,0.24907766
0,0.2493854
0,0.26251736
0,0.26776087
0,0.2695373
0,0.27406636
0,0.27570555
0,0.27268437
0,0.27474117
0,0.27470917
0,0.25929758
0,0.2694855
0,0.26052207
0,0.26512828
0,0.25557104
0,0.26225182
0,0.2558206
0,0.2612063
0,0.2651178
0,0.26603073
0,0.269117
0,0.25518504
0,0.2577804
0,0.2605765
0,0.26974612
0,0.2648997
0,0.25658065
0,0.2619775
0,0.2658106
0,0.2633651
0,0.26677713
0,0.2648303
0,0.25970405
0,0.26741165
0,0.26832622
0,0.26443833
0,0.26653028
0,0.2646979
0,0.26509938
0,0.27258867
0,0.2682095
0,0.2748863
0,0.2586531
0,0.26355213
0,0.26381785
0,0.26007414
0,0.26134306
0,0.258096
0,0.2475074
0,0.25241974
0,0.2523019
0,0.26596203
0,0.25975537
0,0.2608894
0,0.2609973
0,0.25918257
0,0.2614953
0,0.25067395
0,0.25360322
0,0.2554683
0,0.2593805
0,0.25422552
0,0.25978413
0,0.25682342
0,0.27728778
0,0.27193722
0,0.26475444
0,0.27335668
0,0.27356294
0,0.2564844
0,0.26984516
0,0.25944385
0,0.25587854
0,0.2641658
0,0.2681841
0,0.27308372
0,0.26065406
0,0.26787612
0,0.2584922
0,0.2830209
0,0.27616522
0,0.27744573
0,0.27368212
0,0.2732341
0,0.2627999
0,0.26686448
0,0.26483983
0,0.26320007
0,0.25299773
0,0.2541488
0,0.25662148
0,0.26035196
0,0.25052083
0,0.24978228
0,0.25721067
0,0.25835797
0,0.26047295
0,0.26602262
0,0.26661548
0,0.26394612
0,0.2683885
0,0.26447815
0,0.2659341
0,0.26477736
0,0.2541518
0,0.25919282
0,0.2608073
0,0.26009947
0,0.26172405
0,0.25988433
0,0.2523839
0,0.2556263
0,0.2580403
0,0.26012355
0,0.25992128
0,0.2579078
0,0.2515212
0,0.25070587
0,0.24493885
0,0.26080742
0,0.26276028
0,0.25836223
0,0.2547327
0,0.26760963
0,0.27229127
0,0.26393026
0,0.25666076
0,0.2584106
0,0.25811976
0,0.24772601
0,0.2574104
0,0.25241363
0,0.2545512
0,0.24982508
0,0.24862078
0,0.26132548
0,0.25590461
0,0.25266746
0,0.24693246
0,0.2475977
0,0.24326093
0,0.25583258
0,0.26912102
0,0.25928217
0,0.26132813
0,0.26909587
0,0.25318867
0,0.2568025
0,0.2541554
0,0.25212926
0,0.25066257
0,0.25900865
0,0.25311407
0,0.27130997
0,0.2575757
0,0.26236686
0,0.2653817
0,0.26918006
0,0.25723222
0,0.2629273
0,0.25468746
0,0.25998184
0,0.2635657
0,0.26092467
0,0.263947
0,0.26386675
0,0.26439744
0,0.26628128
0,0.254541
0,0.2605262
0,0.2612465
0,0.26218823
0,0.27273136
0,0.26660737
0,0.2666166
0,0.26533905
0,0.2651834
0,0.26383707
0,0.263618
0,0.26343068
0,0.27396375
0,0.26731515
0,0.26865268
0,0.2715129
0,0.27098465
0,0.26638323
0,0.26826808
0,0.26468334
0,0.26235762
0,0.26109594
0,0.2624582
0,0.2719132
0,0.27616483
0,0.26737633
0,0.2665747
0,0.26335624
0,0.27293393
0,0.25904167
0,0.27190116
0,0.2603683
0,0.26224247
0,0.26940444
0,0.26539394
0,0.25351644
0,0.26748556
0,0.25932762
0,0.26870507
0,0.26061165
0,0.25359872
0,0.25442475
0,0.26468244
0,0.2520222
0,0.25345135
0,0.25196692
0,0.28813884
0,0.26902124
0,0.26245296
0,0.2691208
0,0.26282704
0,0.257254
0,0.24948336
0,0.25198263
0,0.2521422
0,0.24585286
0,0.25815272
0,0.2617207
0,0.2646461
0,0.2591496
0,0.26725152
0,0.2667863
0,0.25823122
0,0.25712517
0,0.25196564
0,0.26601985
0,0.26643714
0,0.26793844
0,0.26809987
0,0.26741737
0,0.26809135
0,0.26775295
0,0.26858082
0,0.2672693
0,0.2670974
0,0.26150417
0,0.2648544
0,0.25299034
0,0.2517194
0,0.2570137
0,0.2606756
0,0.26008317
0,0.26277614
0,0.26123327
0,0.26859856
0,0.26608065
0,0.26489145
0,0.27852088
0,0.2698524
0,0.26508003
0,0.2731353
0,0.26602474
0,0.27466258
0,0.28087
0,0.25986928
0,0.26771694
0,0.26820976
0,0.26960066
0,0.26560786
0,0.2616732
0,0.26066485
0,0.2610845
0,0.26150972
0,0.28520164
0,0.26890823
0,0.26797473
0,0.26888978
0,0.26348463
0,0.27207282
0,0.30531958
0,0.28720698
0,0.27233648
0,0.26671678
0,0.26153743
0,0.253359
0,0.24888515
0,0.2579177
0,0.26260132
0,0.26970255
0,0.26904362
0,0.27141818
0,0.272623
0,0.2624202
0,0.26665643
0,0.26996872
0,0.2689685
0,0.2650435
0,0.26959288
0,0.27054128
0,0.26936993
0,0.26077414
0,0.26477253
0,0.26889175
0,0.26596949
0,0.26829457
0,0.26748803
0,0.2682196
0,0.29027492
0,0.27796385
0,0.25970224
0,0.26669255
0,0.26665828
0,0.25584674
0,0.26090634
0,0.25440416
0,0.25184983
0,0.2578949
0,0.2618361
0,0.26317382
0,0.26112306
0,0.26292235
0,0.2550158
0,0.25922382
0,0.25866726
0,0.26484373
0,0.25624314
0,0.2597678
0,0.26955563
0,0.25322393
0,0.26052356
0,0.25702682
0,0.25727484
0,0.26911342
0,0.26205626
0,0.26220936
0,0.25853434
0,0.25703925
0,0.26088673
0,0.2514819
0,0.28500745
0,0.27094012
0,0.26111433
0,0.26440966
0,0.25777185
0,0.25700143
0,0.2566515
0,0.25243348
0,0.252943
0,0.25704208
0,0.25244543
0,0.25264427
0,0.24586454
0,0.24900535
0,0.2471132
0,0.24816008
0,0.2583735
0,0.2523072
0,0.24430323
0,0.2640962
0,0.256467
0,0.2527436
0,0.25116083
0,0.25963658
0,0.25159672
0,0.26735425
0,0.2573446
0,0.26371855
0,0.26576138
0,0.26648623
0,0.2662046
0,0.26720503
0,0.2567121
0,0.26297277
0,0.26256737
0,0.2516254
0,0.258897
0,0.2617054
0,0.261557
0,0.25709364
0,0.25970465
0,0.26047167
0,0.2637352
0,0.26315454
0,0.26153198
0,0.25933
0,0.25967625
0,0.26388687
0,0.2646336
0,0.25082168
0,0.2620757
0,0.25749278
0,0.2536691
0,0.26706383
0,0.25677678
0,0.25199708
0,0.2545906
0,0.26741368
0,0.25671592
0,0.2573407
0,0.25788754
0,0.25665888
0,0.25774637
0,0.2676674
0,0.25617442
0,0.26954618
0,0.26653814
0,0.26013452
0,0.26863104
0,0.26168114
0,0.25746122
0,0.25630522
0,0.25408047
0,0.25315872
0,0.2520138
0,0.25127012
0,0.24968113
0,0.24985427
0,0.2524394
0,0.25104466
0,0.26141167
0,0.26455468
0,0.26534203
0,0.25640348
0,0.27426773
0,0.2531268
0,0.24931216
0,0.25088635
0,0.25227836
0,0.2601589
0,0.26104495
0,0.25441363
0,0.2594097
0,0.2571403
0,0.24957915
0,0.261901
0,0.2610304
0,0.26334938
0,0.268173
0,0.25818002
0,0.25999716
0,0.25223276
0,0.2596239
0,0.26248887
0,0.26427937
0,0.27192402
0,0.26290017
0,0.2651843
0,0.25944185
0,0.26372895
0,0.27083573
0,0.2674605
0,0.26279482
0,0.26388294
0,0.26077577
0,0.26952896
0,0.26250187
0,0.26442653
0,0.26042572
0,0.262015
0,0.25683045
0,0.26334736
0,0.26051444
0,0.26061845
0,0.25854933
0,0.2593081
0,0.25488192
0,0.2686188
0,0.26030144
0,0.2598026
0,0.25368458
0,0.27863333
0,0.2624562
0,0.2753215
0,0.26190764
0,0.26054344
0,0.25623423
0,0.25664827
0,0.25612167
0,0.25554147
0,0.26268402
0,0.25774086
0,0.2642958
0,0.26363698
0,0.26673222
0,0.26560068
0,0.2597377
0,0.25753564
0,0.26348796
0,0.25238338
0,0.25442412
0,0.25249797
0,0.26726818
0,0.2698773
0,0.26899147
0,0.25957218
0,0.25854525
0,0.27088594
0,0.26608697
0,0.2693139
0,0.2606849
0,0.2523998
0,0.26023376
0,0.25424987
0,0.25998
0,0.2639686
0,0.2664144
0,0.2666082
0,0.26879847
0,0.26688084
0,0.25737232
0,0.2634196
0,0.26188946
0,0.26508495
0,0.2679352
0,0.26692712
0,0.27507898
0,0.25860327
0,0.2666898
0,0.26518497
0,0.25561222
0,0.26157534
0,0.24911053
0,0.25770164
0,0.27006316
0,0.2646235
0,0.25560573
0,0.2594665
0,0.2574406
0,0.2602479
0,0.25748494
0,0.24858809
0,0.25489628
0,0.2565718
0,0.2542525
0,0.25678277
0,0.25627032
0,0.25322524
0,0.25293484
0,0.25441065
0,0.25226542
0,0.26484084
0,0.25751126
0,0.25772175
0,0.2581935
0,0.28855532
0,0.26235038
0,0.26180375
0,0.2558798
0,0.2496814
0,0.25083125
0,0.2523539
0,0.25886017
0,0.2561003
0,0.25216678
0,0.2515703
0,0.25178036
0,0.25201392
0,0.25982988
0,0.25346273
0,0.2680416
0,0.25840905
0,0.26972935
0,0.25965795
0,0.26453045
0,0.25656933
0,0.26395905
0,0.25569952
0,0.26138946
0,0.2545903
0,0.2601534
0,0.26405653
0,0.26444054
0,0.26626292
0,0.26502573
0,0.25564906
0,0.27816892
0,0.27149355
0,0.25677896
0,0.2542196
0,0.25958976
0,0.25269532
0,0.30076945
0,0.26499763
0,0.26586613
0,0.26821268
0,0.25845894
0,0.2640415
0,0.26185462
0,0.26435846
0,0.25828108
0,0.25559327
0,0.25667527
0,0.25993982
0,0.25762
0,0.25480664
0,0.25849676
0,0.25372964
0,0.2547387
0,0.2582996
0,0.26026806
0,0.27596727
0,0.2638017
0,0.26443782
0,0.25943345
0,0.2691911
0,0.25822386
0,0.26077873
0,0.256805
0,0.25897452
0,0.25591803
0,0.25800115
0,0.25357535
0,0.24708408
0,0.2538771
0,0.25859958
0,0.2571134
0,0.2574584
0,0.26585945
0,0.27149364
0,0.26699406
0,0.26294392
0,0.2672171
0,0.26276413
0,0.26661766
0,0.26344147
0,0.2607888
0,0.2503246
0,0.26443473
0,0.25855005
0,0.26471823
0,0.26348954
0,0.26492414
0,0.26077175
0,0.26361096
0,0.26094386
0,0.26661086
0,0.2601004
0,0.263628
0,0.25827247
0,0.2617352
0,0.25932077
0,0.26152334
0,0.25614
0,0.25709894
0,0.26389152
0,0.26375154
0,0.260506
0,0.26180685
0,0.25745192
0,0.2606438
0,0.26443946
0,0.2627017
0,0.27797717
0,0.25806308
0,0.2657988
0,0.26266542
0,0.2541445
0,0.25751457
0,0.2526927
0,0.25533116
0,0.26027372
0,0.25747725
0,0.26583543
0,0.2601313
0,0.26255962
0,0.26978838
0,0.26541704
0,0.25993395
0,0.26210263
0,0.25772202
0,0.2606023
0,0.25686705
0,0.25295383
0,0.26262072
1,0.25057283
1,0.25080687
1,0.25674796
1,0.25156087
1,0.26611277
1,0.25540906
1,0.2580403
1,0.2651931
1,0.26029816
1,0.2518006
1,0.24888471
1,0.25049245
1,0.25273287
1,0.37283936
1,0.31685737
0,0.94351566
0,0.94204485
0,0.90167236
0,0.87258697
0,0.81800544
0,0.76508105
0,0.63073456
0,0.5266675
0,0.4492422
0,0.3681319
0,0.3128481
0,0.25626898
0,0.2198771
0,0.1824535
0,0.1606125
0,0.14190671
0,0.12821968
0,0.123342894
0,0.12171296
0,0.11850268
0,0.119427286
0,0.11882523
0,0.1189882
0,0.12406576
0,0.13633625
0,0.15087721
0,0.16607966
0,0.1851955
0,0.2113691
0,0.22812122
0,0.26142728
0,0.2656792
0,0.26177004
0,0.25646517
0,0.26372918
0,0.26648262
0,0.27766445
0,0.2773549
0,0.27104962
0,0.26982513
0,0.26357985
0,0.26642373
0,0.26244226
0,0.26637772
0,0.26091713
0,0.26299468
0,0.2536699
0,0.25382942
0,0.25334546
0,0.24702331
0,0.24533822
0,0.25343174
0,0.25129023
0,0.2562451
0,0.25294012
0,0.25649527
0,0.25271478
0,0.26478207
0,0.25530177
0,0.25811514
0,0.25356537
0,0.2757081
0,0.26994586
0,0.26854983
0,0.26724178
0,0.27838093
0,0.2742437
0,0.2786982
0,0.27443913
0,0.26564676
0,0.2687537
0,0.2613551
0,0.26503354
0,0.31530786
0,0.285333
0,0.26809862
0,0.25926915
0,0.25727403
0,0.26290134
0,0.24989967
0,0.2580669
0,0.25255802
0,0.24888782
0,0.25977775
0,0.24996115
0,0.25612873
0,0.25786936
0,0.26278424
0,0.2585357
0,0.25697857
0,0.25679514
0,0.2627641
0,0.26121494
0,0.2680571
0,0.2635699
0,0.25457838
0,0.25819883
0,0.26141477
0,0.2585465
0,0.27123863
0,0.26141128
0,0.265028
0,0.27073643
0,0.26602727
0,0.2605073
0,0.26561818
0,0.25699678
0,0.26103202
0,0.25677103
0,0.27055055
0,0.26181337
0,0.25192213
0,0.24915758
0,0.25676864
0,0.25292283
0,0.25630665
0,0.2527758
0,0.27177754
0,0.25444308
0,0.26330405
0,0.26078144
0,0.2728653
0,0.26010415
0,0.2731035
0,0.2691101
0,0.26711413
0,0.26984188
0,0.256998
0,0.25849265
0,0.25884432
0,0.25577176
0,0.2579214
0,0.26236352
0,0.25827712
0,0.26335073
0,0.25799578
0,0.26316485
0,0.26431125
0,0.26579943
0,0.2599321
0,0.26435447
0,0.26442182
0,0.26433522
0,0.27298376
0,0.26904655
0,0.26180863
0,0.26761773
0,0.25944322
0,0.26285577
0,0.25909743
0,0.26087454
0,0.266604
0,0.26354423
0,0.25728643
0,0.2662582
0,0.256895
0,0.27106372
0,0.26312095
0,0.2617142
0,0.2546295
0,0.25890884
0,0.25729272
0,0.25682932
0,0.26205692
0,0.25818503
0,0.25182423
0,0.2533054
0,0.2612885
0,0.2663138
0,0.26607895
0,0.26009846
0,0.267049
0,0.2540427
0,0.2605048
0,0.2585561
0,0.2774017
0,0.26619846
0,0.27748942
0,0.2866535
0,0.27662846
0,0.2655513
0,0.27173352
0,0.26710317
0,0.2668205
0,0.25875863
0,0.27845076
0,0.27348447
0,0.270461
0,0.2707962
0,0.28326046
0,0.26572397
0,0.3526387
0,0.3119499
0,0.29024878
0,0.2852622
0,0.2762065
0,0.27579984
0,0.28919554
0,0.27804062
0,0.27373657
0,0.27814928
0,0.29925358
0,0.27879378
0,0.28771913
0,0.28412372
0,0.27392328
0,0.29264963
0,0.2870675
0,0.28088343
0,0.2829107
0,0.2854533
0,0.2727026
0,0.28139532
0,0.26863408
0,0.26804683
0,0.26251453
0,0.26485643
0,0.26359695
0,0.27631357
0,0.26353258
0,0.26376447
0,0.25886664
0,0.26189187
0,0.25664148
0,0.26020342
0,0.25599596
0,0.26217175
0,0.26842508
0,0.2615852
0,0.2761447
0,0.26632544
0,0.2956718
0,0.27350286
0,0.28002033
0,0.2683856
0,0.2759401
0,0.28189638
0,0.2669202
0,0.2740354
0,0.27615434
0,0.26532763
0,0.2588208
0,0.2573518
0,0.26195687
0,0.25639966
0,0.27912918
0,0.26226738
0,0.2660903
0,0.27098486
0,0.2681922
0,0.27697292
0,0.2618669
0,0.27046573
0,0.2574588
0,0.26564485
0,0.26322109
0,0.26696172
0,0.26407468
0,0.26741415
0,0.26420835
0,0.26780435
0,0.26131135
0,0.26966685
0,0.26392373
0,0.2601223
0,0.26336214
0,0.26698032
0,0.26256618
0,0.26391906
0,0.26057106
0,0.2645322
0,0.27275032
0,0.26931268
0,0.2693147
0,0.26863432
0,0.27390516
0,0.2698301
0,0.27597436
0,0.27029765
0,0.2640684
0,0.25596035
0,0.2678181
0,0.26454204
0,0.2561749
0,0.26043802
0,0.25784194
0,0.26053113
0,0.25698647
0,0.2597758
0,0.2655463
0,0.26227227
0,0.25352114
0,0.29227766
0,0.26295358
0,0.37676105
0,0.30277175
0,0.28903732
0,0.28686836
0,0.2757606
0,0.27675804
0,0.26958677
0,0.25440997
0,0.25951698
0,0.26498312
0,0.2604833
0,0.27679363
0,0.2798455
0,0.2841618
0,0.28493723
0,0.28116614
0,0.2655951
0,0.27122203
0,0.26921254
0,0.2683115
0,0.2665212
0,0.26983413
0,0.27852324
0,0.2604812
0,0.26083922
0,0.26434904
0,0.26444876
0,0.26833117
0,0.26098266
0,0.26383695
0,0.27595147
0,0.27717444
0,0.28425094
0,0.27870035
0,0.28256428
0,0.28716943
0,0.28786388
0,0.2861925
0,0.2698255
0,0.26733154
0,0.26172736
0,0.26171494
0,0.26809523
0,0.2635747
0,0.2579205
0,0.259923
0,0.25433967
0,0.258376
0,0.26454973
0,0.27633846
0,0.27890477
0,0.28956252
0,0.30670637
0,0.283662
0,0.2786353
0,0.27993962
0,0.2653626
0,0.26355526
0,0.2605501
0,0.27407163
0,0.27024913
0,0.27261394
0,0.27013206
0,0.26415107
0,0.26668328
0,0.25919583
0,0.26244694
0,0.26663572
0,0.26631117
0,0.2614089
0,0.26467958
0,0.28279638
0,0.29815513
0,0.282049
0,0.27676392
0,0.29256696
0,0.2785674
0,0.27653745
0,0.28606856
0,0.27742767
0,0.2713479
0,0.28856516
0,0.2918647
0,0.27816498
0,0.27985275
0,0.3321971
0,0.31988078
0,0.29390633
0,0.2948406
0,0.28433925
0,0.29360667
0,0.27331796
0,0.27346602
0,0.2727379
0,0.27477744
0,0.27005154
0,0.274535
0,0.26824996
0,0.27567074
0,0.2651109
0,0.25593922
0,0.27233997
0,0.27254167
0,0.26415968
0,0.25854087
0,0.25911224
0,0.26850143
0,0.26151347
0,0.26650155
0,0.25962445
0,0.26612738
0,0.27041268
0,0.27031204
0,0.26147714
0,0.26259825
0,0.27122343
0,0.26891524
0,0.27614865
0,0.2704793
0,0.26130247
0,0.26568025
0,0.26360598
0,0.26666027
0,0.27006245
0,0.27151445
0,0.25983784
0,0.27531406
0,0.2722849
0,0.42054987
0,0.32072115
0,0.30611405
0,0.29861686
0,0.28510296
0,0.28156078
0,0.27426106
0,0.27386168
0,0.26889682
0,0.27001363
0,0.26712477
0,0.2682044
0,0.27590507
0,0.27545813
0,0.27837417
0,0.29304674
0,0.2875737
0,0.2975114
0,0.2905075
0,0.268623
0,0.26647174
0,0.25645143
0,0.25964332
0,0.27542007
0,0.26393542
0,0.2648366
0,0.26150617
0,0.26184395
0,0.25918403
0,0.26151478
0,0.26653868
0,0.26628965
0,0.2710938
0,0.2656222
0,0.25677067
0,0.2596167
0,0.2688746
0,0.26715773
0,0.25850418
0,0.2710931
0,0.26335818
0,0.2742496
0,0.2652553
0,0.261143
0,0.25342762
0,0.2568258
0,0.25475115
0,0.2607331
0,0.25334954
0,0.25213364
0,0.24607317
0,0.25041798
0,0.24978237
0,0.25045708
0,0.2574965
0,0.2627574
0,0.26004872
0,0.25907108
0,0.2719899
0,0.27511284
0,0.2628705
0,0.2548945
0,0.2654991
0,0.2612224
0,0.26867265
0,0.27705562
0,0.30952922
0,0.27271092
0,0.26663813
0,0.26594517
0,0.25584784
0,0.2516941
0,0.26461226
0,0.25839168
0,0.25322577
0,0.25050274
0,0.26157105
0,0.2624706
0,0.26679668
0,0.25681207
0,0.25720757
0,0.2614756
0,0.26047727
0,0.25216317
0,0.26156065
0,0.26613146
0,0.26747572
0,0.26584446
0,0.2618277
0,0.2644178
0,0.26055774
0,0.2641884
0,0.26537633
0,0.26509294
0,0.26128018
0,0.25264055
0,0.26867265
0,0.26374245
0,0.27870846
0,0.2591505
0,0.25591126
0,0.2601815
0,0.27193698
0,0.2759342
0,0.27038616
0,0.27360514
0,0.27424666
0,0.26939964
0,0.2622569
0,0.26751882
0,0.27066094
0,0.2799637
0,0.28239325
0,0.2759818
0,0.27596462
0,0.26708683
0,0.26665536
0,0.26020664
0,0.2567325
0,0.26982918
0,0.26482654
0,0.2583861
0,0.26562107
0,0.27461404
0,0.2593167
0,0.2674335
0,0.26159924
0,0.25946233
0,0.27298415
0,0.27820125
0,0.2972584
0,0.2890075
0,0.2842587
0,0.2713589
0,0.28129572
0,0.27457917
0,0.2793277
0,0.2675158
0,0.25915006
0,0.26944858
0,0.2704332
0,0.26289248
0,0.26837036
0,0.26029667
0,0.26751965
0,0.27311733
0,0.25784317
0,0.27053162
0,0.27004972
0,0.26529527
0,0.2640357
0,0.25799617
0,0.26442403
0,0.25961816
0,0.26134863
0,0.2627496
0,0.26057178
0,0.2703111
0,0.25806177
0,0.2686926
0,0.27149686
0,0.27413955
0,0.26594156
0,0.26800102
0,0.27566838
0,0.27025628
0,0.27567497
0,0.26994547
0,0.2685252
0,0.27277648
0,0.26796603
0,0.27209038
0,0.27864677
0,0.25935963
0,0.25823474
0,0.27942094
0,0.2796376
0,0.26477793
0,0.26518577
0,0.2579921
0,0.25647822
0,0.25930622
0,0.25902295
0,0.26423976
0,0.257036
0,0.26420602
0,0.2566725
0,0.27418774
0,0.27521044
0,0.2819702
0,0.2755396
0,0.27961406
0,0.27716482
0,0.26209712
0,0.27286285
0,0.26515743
0,0.2581885
0,0.25919452
0,0.25485167
0,0.2678298
0,0.28316203
0,0.26714933
0,0.2736559
0,0.27092054
0,0.26935142
0,0.26802713
0,0.26909557
0,0.28164643
0,0.28260922
0,0.27358222
0,0.27721676
0,0.26256824
0,0.26668832
0,0.25797525
0,0.26425314
0,0.2839975
0,0.27490696
0,0.2753463
0,0.27497613
0,0.27412277
0,0.26941997
0,0.2725108
0,0.26770246
0,0.26450306
0,0.26421338
0,0.25712258
0,0.26741084
0,0.27256387
0,0.2589771
0,0.26034984
0,0.25959826
0,0.25336775
0,0.2667891
0,0.2663176
0,0.27385247
0,0.26515758
0,0.26136386
0,0.2609481
0,0.27690098
0,0.26407075
0,0.28166208
0,0.26593688
0,0.2790307
0,0.30295905
0,0.27484044
0,0.2786329
0,0.2677536
0,0.31586277
0,0.29191792
0,0.27456662
0,0.2729428
0,0.2794677
0,0.2784819
0,0.2649951
0,0.2570464
0,0.25477502
0,0.25522184
0,0.24431615
0,0.2433065
0,0.24276659
0,0.24311106
0,0.25008735
0,0.25130796
0,0.27281117
0,0.2589343
0,0.25687698
0,0.25391123
0,0.25893095
0,0.25201258
0,0.2514934
0,0.24987204
0,0.2534572
0,0.26069614
0,0.25307208
0,0.26302472
0,0.25488916
0,0.262013
0,0.2702632
0,0.26665503
0,0.26374614
0,0.27333212
0,0.2611542
0,0.2692279
0,0.26595086
0,0.26766795
0,0.26466626
0,0.26568323
0,0.27048925
0,0.28096583
0,0.26450872
0,0.26785603
0,0.26996428
0,0.26884535
0,0.2566947
0,0.26665553
0,0.2562755
0,0.26067984
0,0.25290498
0,0.25842658
0,0.26369095
0,0.26223564
0,0.26691702
0,0.2554475
0,0.26379943
0,0.26645276
0,0.26242548
0,0.26310182
0,0.26973674
0,0.2641743
0,0.26005775
0,0.26053438
0,0.2532105
0,0.28508776
0,0.2849403
0,0.27384827
0,0.2694803
0,0.2663475
0,0.26811144
0,0.2646537
0,0.26543155
0,0.27392545
0,0.26796815
0,0.2641948
0,0.26464608
0,0.2713732
0,0.261727
0,0.25877687
0,0.2513901
0,0.25670832
0,0.2572262
0,0.26610953
0,0.26246884
0,0.27022862
0,0.37589023
0,0.33871335
0,0.3045882
0,0.28457764
0,0.32150128
0,0.29797712
0,0.28382862
0,0.2839408
0,0.28454998
0,0.26388022
0,0.26476416
0,0.25880364
0,0.27482828
0,0.26532325
0,0.2720734
0,0.2756481
0,0.2771778
0,0.27397114
0,0.26926914
0,0.2712453
0,0.2743663
0,0.2724098
0,0.27259642
0,0.27099445
0,0.2604537
0,0.26928082
0,0.2752455
0,0.27271092
0,0.27314183
0,0.29248455
0,0.2844851
0,0.27895755
0,0.30079505
0,0.2826305
0,0.29004845
0,0.28487942
0,0.28935814
0,0.2789708
0,0.27385968
0,0.2728093
0,0.26944554
0,0.26916435
0,0.2636083
0,0.26629925
0,0.27273977
0,0.26780668
0,0.26749983
0,0.27097195
0,0.26891047
0,0.26770118
0,0.26984698
0,0.2904051
0,0.3136749
0,0.3140912
0,0.29478005
0,0.28862712
0,0.27946714
0,0.27360132
0,0.2770346
0,0.27366236
0,0.26981553
0,0.2689841
0,0.2721255
0,0.26629248
0,0.2655955
0,0.25407135
0,0.260771
0,0.2690517
0,0.29208133
0,0.27539638
0,0.30876657
0,0.28992504
0,0.2810833
0,0.28961608
0,0.28963023
0,0.27944562
0,0.28367838
0,0.28561974
0,0.683636
0,0.63876057
0,0.49961793
0,0.41980767
0,0.35429418
0,0.33352673
0,0.29934675
0,0.2872844
0,0.2771103
0,0.2592643
0,0.25849658
0,0.25099823
0,0.23081873
0,0.21013406
0,0.18973199
0,0.17730106
0,0.16851382
0,0.16691765
0,0.17532761
0,0.1816359
0,0.17985968
0,0.19017631
0,0.1913545
0,0.20069684
0,0.21788576
0,0.24029107
0,0.23528816
0,0.24142936
0,0.25163344
0,0.26149285
0,0.2691861
0,0.27399403
0,0.38322064
0,0.32156193
0,0.3065798
0,0.28489384
0,0.2733907
0,0.27597967
0,0.27358633
0,0.27392772
0,0.27673215
0,0.2758462
0,0.26565737
0,0.26706997
0,0.27821076
0,0.27092475
0,0.27053726
0,0.26069826
0,0.26970258
0,0.27185822
0,0.33705363
0,0.28286245
0,0.27032596
0,0.27690995
0,0.27086058
0,0.26749223
0,0.26552007
0,0.26824278
0,0.26714543
0,0.2696297
0,0.26002073
0,0.26344708
0,0.27123356
0,0.26404834
0,0.37012205
0,0.3020541
0,0.27960986
0,0.2786725
0,0.28669465
0,0.2767906
0,0.28581753
0,0.27651516
0,0.29040027
0,0.2723292
0,0.26686588
0,0.26370847
0,0.2614742
0,0.25926888
0,0.28110495
0,0.28099936
0,0.27553695
0,0.2673878
0,0.26062307
0,0.27376965
0,0.27838773
0,0.26656657
0,0.27690303
0,0.27505234
0,0.28027734
0,0.26449892
0,0.26200563
0,0.2735525
0,0.28714675
0,0.28370473
0,0.27936998
0,0.27007097
0,0.27998775
0,0.2840269
0,0.26605317
0,0.2791336
0,0.27909723
0,0.2755912
0,0.26574802
0,0.27330557
0,0.2748658
0,0.26401967
0,0.26743323
0,0.27564034
0,0.2772077
0,0.2710621
0,0.26988864
0,0.269855
0,0.2635967
0,0.25765726
0,0.25584662
0,0.2602671
0,0.2660203
0,0.2662687
0,0.26592943
0,0.26034552
0,0.26396236
0,0.26354468
0,0.26187402
0,0.26529002
0,0.2625897
0,0.2619268
0,0.2608067
0,0.26351887
0,0.26115835
0,0.26980954
0,0.26279768
0,0.26462978
0,0.2769549
0,0.26536953
0,0.26691365
0,0.2609321
0,0.28334916
0,0.28248864
0,0.26751816
0,0.26293978
0,0.2665754
0,0.2707178
0,0.26949298
0,0.26659587
0,0.2663574
0,0.2706517
0,0.26708248
0,0.25760987
0,0.2704929
0,0.27292347
0,0.27825302
0,0.26381683
0,0.27700695
0,0.2753735
0,0.26871026
0,0.26729283
0,0.27159882
0,0.2561929
0,0.2607821
0,0.25851068
0,0.25685194
0,0.2675607
0,0.2526181
0,0.26230946
0,0.25511473
0,0.2723457
0,0.25789574
0,0.2711381
0,0.2577889
0,0.26334354
0,0.2964899
0,0.27807766
0,0.2625903
0,0.2701973
0,0.26840216
0,0.26677036
0,0.2673911
0,0.27547887
0,0.26479363
0,0.2658346
0,0.2616832
0,0.26260814
0,0.25781748
0,0.26002678
0,0.25452083
0,0.2690033
0,0.2640356
0,0.26162466
0,0.26213953
0,0.2551728
0,0.25912705
0,0.24911872
0,0.25694814
0,0.25806627
0,0.25785524
0,0.268394
0,0.26914832
0,0.29131946
0,0.26723906
0,0.28204998
0,0.27553293
0,0.28898028
0,0.27441305
0,0.2718954
0,0.40470284
0,0.33704394
0,0.42279658
0,0.34897333
0,0.30538043
0,0.29548067
0,0.29922354
0,0.2806777
0,0.2776743
0,0.26914203
0,0.27523646
0,0.27390933
0,0.27929166
0,0.26530215
0,0.27528128
0,0.26221842
0,0.28053027
0,0.27798444
0,0.2752376
0,0.26232475
0,0.32468346
0,0.27934253
0,0.2793594
0,0.279784
0,0.2616125
0,0.2677788
0,0.2566476
0,0.257986
0,0.25129193
0,0.2757002
0,0.2647156
0,0.27091533
0,0.26975843
0,0.26905978
0,0.25692028
0,0.25704893
0,0.2538543
0,0.26317614
0,0.25625923
0,0.24887295
0,0.2554995
0,0.25408608
0,0.26462904
0,0.26041284
0,0.26312178
0,0.26083207
0,0.26746854
0,0.26664066
0,0.25892788
0,0.28797808
0,0.2724979
0,0.26694733
0,0.26309988
0,0.2724494
0,0.26292694
0,0.26118642
0,0.26782554
0,0.27812353
0,0.2756833
0,0.27736288
0,0.2750576
0,0.2713902
0,0.26770595
0,0.27025947
0,0.25975636
0,0.25951687
0,0.30489588
0,0.2780632
0,0.26103702
0,0.2629701
0,0.25757474
0,0.27886063
0,0.27115563
0,0.2686204
0,0.26251036
0,0.26149672
0,0.26475793
0,0.27363715
0,0.26973775
0,0.26348665
0,0.26673093
0,0.2699923
0,0.26371133
0,0.2622363
0,0.25604716
0,0.25774953
0,0.29298323
0,0.2649897
0,0.28948843
0,0.2712605
0,0.27762806
0,0.2630163
0,0.27565318
0,0.27296695
0,0.26224944
0,0.27200577
0,0.38874805
0,0.31995407
0,0.2919533
0,0.314587
0,0.28765553
0,0.28686294
0,0.28247294
0,0.27731034
0,0.26453394
0,0.253596
0,0.2654192
0,0.26378864
0,0.26732132
0,0.255229
0,0.2634615
0,0.25316462
0,0.26270032
0,0.26065594
0,0.2585064
0,0.2593675
0,0.24551848
0,0.25411093
0,0.26933584
0,0.26250607
0,0.26512346
0,0.2616015
0,0.2640136
0,0.2713234
0,0.2727288
0,0.28154534
0,0.2715233
0,0.2764089
0,0.27509987
0,0.26138172
0,0.26481792
0,0.2594252
0,0.25576448
0,0.27156693
0,0.2835193
0,0.26975447
0,0.2629465
0,0.27663445
0,0.26540077
0,0.2757503
0,0.27311552
0,0.269925
0,0.28698024
0,0.27451336
0,0.37784615
0,0.30433244
0,0.28921884
0,0.28616562
0,0.273811
0,0.2815301
0,0.28674608
0,0.27504325
0,0.2695522
0,0.28419733
0,0.27003363
0,0.27629355
0,0.28192943
0,0.27920476
0,0.26791686
0,0.26969552
0,0.26220372
0,0.25517505
0,0.2564759
0,0.25544778
0,0.25543913
0,0.26012257
0,0.27181777
0,0.27411067
0,0.27206743
0,0.27658024
0,0.27900663
0,0.2877156
0,0.27963117
0,0.27923867
0,0.28168106
0,0.27313414
0,0.26906136
0,0.27321294
0,0.26657557
0,0.26637638
0,0.26242548
0,0.26757014
0,0.26967296
0,0.26184395
0,0.26716575
0,0.2562122
0,0.27319464
0,0.26549953
0,0.27243832
0,0.2651703
0,0.27224132
0,0.2810415
0,0.29171485
0,0.28931275
0,0.27955356
0,0.28525499
0,0.27509835
0,0.28295115
0,0.2647355
0,0.2666856
0,0.26588464
0,0.26790735
0,0.27408567
0,0.26850393
0,0.2644223
0,0.2747338
0,0.3847354
0,0.3264927
0,0.3179382
0,0.29952148
0,0.27378327
0,0.28297302
0,0.27347967
0,0.26497853
0,0.26479062
0,0.27275002
0,0.2710243
0,0.27599013
0,0.26747227
0,0.26933616
0,0.27927893
0,0.27310973
0,0.26631674
0,0.2680157
0,0.2706234
0,0.2689904
0,0.2671933
0,0.27238515
0,0.26187146
0,0.25784555
0,0.28081116
0,0.27896902
0,0.2717658
0,0.3500061
0,0.30047062
0,0.3062663
0,0.2856662
0,0.28370318
0,0.26890343
0,0.26201794
0,0.26167613
0,0.27484053
0,0.32428128
0,0.30002645
0,0.2829946
0,0.27635038
0,0.27737635
0,0.2701835
0,0.26622358
0,0.26819384
0,0.2643211
0,0.26668745
0,0.25836995
0,0.25970703
0,0.2655184
0,0.26089805
0,0.27195418
0,0.26503995
0,0.26050374
0,0.25933525
0,0.25307873
0,0.2667287
0,0.28050694
0,0.2754903
0,0.2707668
0,0.27720147
0,0.26950935
0,0.26422
0,0.27407363
0,0.29577473
0,0.27238035
0,0.26761413
0,0.2665954
0,0.26111305
0,0.25398043
0,0.27061233
0,0.26765335
0,0.27248743
0,0.26995638
0,0.27722317
0,0.26796642
0,0.26460767
0,0.26026577
0,0.271855
0,0.28538647
0,0.2770373
0,0.2699795
0,0.28857407
0,0.2653199
0,0.25886735
0,0.273015
0,0.26308462
0,0.27132124
0,0.26965302
0,0.2728796
0,0.27122438
0,0.2685119
0,0.27398786
0,0.27919242
0,0.27284154
0,0.27332556
0,0.27903315
0,0.2658457
0,0.26980674
0,0.260495
0,0.2652546
0,0.25763187
0,0.26278824
0,0.25561708
0,0.26104814
0,0.2691522
0,0.26644352
0,0.2677427
0,0.26545087
0,0.271292
0,0.26655722
0,0.26769236
0,0.2647538
0,0.26734978
0,0.2695784
0,0.26146865
0,0.26696706
0,0.27051675
0,0.27031058
0,0.26758817
0,0.2642621
0,0.26937
0,0.264501
0,0.27497375
0,0.26634872
0,0.2936195
0,0.27797496
0,0.40817988
0,0.33479404
0,0.40706766
0,0.3359328
0,0.37517822
0,0.327948
0,0.3047373
0,0.29299274
0,0.26990426
0,0.282427
0,0.27906662
0,0.2688298
0,0.26562294
0,0.2612033
0,0.26484624
0,0.26887304
0,0.2669115
0,0.2571035
0,0.26547945
0,0.26028597
0,0.24619508
0,0.26240462
0,0.25246954
0,0.25529027
0,0.2529124
0,0.25716862
0,0.2692514
0,0.2683149
0,0.27726808
0,0.2690175
0,0.2682683
0,0.27811834
0,0.27619866
0,0.26448599
0,0.27105993
0,0.25950077
0,0.31075066
0,0.27809048
0,0.2749696
0,0.2873328
0,0.26833066
0,0.26617965
0,0.27402988
0,0.27549413
0,0.26254347
0,0.2721317
0,0.26954746
0,0.28521413
0,0.29341078
0,0.27003914
0,0.27345425
0,0.27132568
0,0.2644566
0,0.27106422
0,0.25933143
0,0.2688581
0,0.26701283
0,0.26777953
0,0.26675305
0,0.27443588
0,0.27587846
0,0.27428865
0,0.26957214
0,0.26460102
0,0.266789
0,0.2648389
0,0.26491988
0,0.26448917
0,0.2566685
0,0.25991616
0,0.27637336
0,0.25704494
0,0.27160528
0,0.26913846
0,0.26546586
0,0.26721337
0,0.26810202
0,0.2585689
0,0.25966033
0,0.24898179
0,0.36054167
0,0.31137165
0,0.29294008
0,0.28513113
0,0.28574628
0,0.288964
0,0.2821594
0,0.28798977
0,0.28319106
0,0.28709936
0,0.27087596
0,0.27730453
0,0.2782321
0,0.28394645
0,0.2698754
0,0.2689546
0,0.26482266
0,0.26328564
0,0.26011983
0,0.27361846
0,0.29319084
0,0.27047884
0,0.2728089
0,0.2786335
0,0.27671105
0,0.26902422
0,0.2679855
0,0.2652194
0,0.25697246
0,0.25908875
0,0.25728717
0,0.24887055
0,0.2544675
0,0.24934943
0,0.24353512
0,0.24253848
0,0.24682266
0,0.24829513
0,0.24673074
0,0.2461878
0,0.24697508
0,0.2450268
0,0.2488173
0,0.2502511
0,0.25999725
0,0.25419754
0,0.2632707
0,0.2673929
0,0.28982282
0,0.26352572
0,0.25408852
0,0.27630916
0,0.25529945
0,0.2516027
0,0.24976309
0,0.24574563
0,0.26290476
0,0.24745238
0,0.25166193
0,0.2537148
0,0.25645828
0,0.25823668
0,0.27536014
0,0.33202374
0,0.28310147
0,0.27664798
0,0.26128754
0,0.2645674
0,0.27463782
0,0.26957676
0,0.2838727
0,0.37264583
0,0.33001927
0,0.30720627
0,0.38707763
0,0.37412193
0,0.3280636
0,0.29516053
0,0.28116032
0,0.28914782
0,0.29217038
0,0.2889708
0,0.2800378
0,0.2748553
0,0.27704176
0,0.2758366
0,0.2661687
0,0.2702373
0,0.28032422
0,0.26767832
0,0.25992936
0,0.25964093
0,0.25935143
0,0.258326
0,0.25741127
0,0.24991228
0,0.25998038
0,0.24985391
0,0.26439127
0,0.25898495
0,0.26880974
0,0.26281038
0,0.26616296
0,0.27505448
0,0.2756807
0,0.27649724
0,0.2728847
0,0.27528968
0,0.256072
0,0.27371004
0,0.27444485
0,0.2749377
0,0.27601177
0,0.27576298
0,0.2556922
0,0.267503
0,0.26985246
0,0.26650843
0,0.2643893
0,0.2632923
0,0.27236202
0,0.2685536
0,0.27070758
0,0.26744938
0,0.27440217
0,0.26379782
0,0.25761053
0,0.26845104
0,0.26186785
0,0.2520975
0,0.25104716
0,0.2710019
0,0.25708953
0,0.27323887
0,0.26773006
0,0.26870131
0,0.25718758
0,0.27559963
0,0.26885098
0,0.26910377
0,0.41536275
0,0.3201432
0,0.30315474
0,0.3042649
0,0.28727123
0,0.27729994
0,0.28523284
0,0.27718854
0,0.27830794
0,0.27539027
0,0.27662393
0,0.2713039
0,0.26773563
0,0.2636188
0,0.25941283
0,0.2630713
0,0.25595143
0,0.2546311
0,0.26486856
0,0.25376827
0,0.25747007
0,0.25498986
0,0.2510921
0,0.254313
0,0.27273756
0,0.26171744
0,0.26508346
0,0.26935065
0,0.25450128
0,0.28366402
0,0.2607067
0,0.2691244
0,0.25769296
0,0.25797713
0,0.2596271
0,0.25345474
0,0.2454842
0,0.26174685
0,0.26192036
0,0.2621352
0,0.26358387
0,0.26525384
0,0.26889372
0,0.27905604
0,0.26402548
0,0.27139464
0,0.2574963
0,0.2633195
0,0.2582067
0,0.26053032
0,0.2669298
0,0.2647251
0,0.26007876
0,0.2555597
0,0.26043716
0,0.2612781
0,0.2717457
0,0.27107742
0,0.2524921
0,0.25407118
0,0.24997932
0,0.26717433
0,0.2600466
0,0.25380078
0,0.26759994
0,0.26380226
0,0.27835876
0,0.27315247
0,0.25420448
0,0.26459453
0,0.25683928
0,0.26307136
0,0.2725757
0,0.261239
0,0.25355524
0,0.2744036
0,0.48190087
0,0.35189036
0,0.31906834
0,0.3650137
0,0.31262416
0,0.40066773
0,0.33901918
0,0.3030748
0,0.2854316
0,0.290972
0,0.26715884
0,0.2752667
0,0.257073
0,0.27557224
0,0.2648927
0,0.2641746
0,0.2511206
0,0.25438273
0,0.24696879
0,0.24574836
0,0.23884523
0,0.24083148
0,0.25307927
0,0.24610652
0,0.23738734
0,0.24965791
0,0.2532429
0,0.2823373
0,0.25823906
0,0.25960734
0,0.2767972
0,0.2572088
0,0.25241393
0,0.2657288
0,0.28890115
0,0.274934
0,0.2761713
0,0.26268214
0,0.33955666
0,0.28991982
0,0.28123376
0,0.2774905
0,0.31446955
0,0.2840318
0,0.2663665
0,0.27510065
0,0.26926988
0,0.26855567
0,0.2702935
0,0.27219844
0,0.25572795
0,0.25285563
0,0.25752172
0,0.26479983
0,0.3295078
0,0.29391253
0,0.27682376
0,0.26705793
0,0.28590977
0,0.28491038
0,0.2699359
0,0.27314603
0,0.27067044
0,0.26014546
0,0.25442007
0,0.25220805
0,0.26819837
0,0.2621495
0,0.25895712
0,0.26499286
0,0.27879578
0,0.26544932
0,0.2709213
0,0.26794836
0,0.26487294
0,0.2582541
0,0.25482747
0,0.26230618
0,0.26279518
0,0.27187246
0,0.27005202
0,0.279129
0,0.29268086
0,0.28134325
0,0.29666567
0,0.28986877
0,0.28342158
0,0.29547453
0,0.29854068
0,0.27590594
0,0.29050583
0,0.2929926
0,0.27399933
0,0.26671478
0,0.6503483
0,0.59641784
0,0.47464675
0,0.3974153
0,0.35817483
0,0.36498195
0,0.3442874
0,0.31194624
0,0.28327507
0,0.26260898
0,0.24926823
0,0.23141909
0,0.22104993
0,0.1931861
0,0.17913453
0,0.17625925
0,0.16675298
0,0.15986207
0,0.1544293
0,0.15484062
0,0.15444744
0,0.16059668
0,0.17014417
0,0.1826573
0,0.1919308
0,0.2073106
0,0.22488679
0,0.2374355
0,0.25168055
0,0.25192222
0,0.2816572
0,0.27745903
0,0.2904441
0,0.26953566
0,0.28450483
0,0.2828046
0,0.30639437
0,0.28830856
0,0.29262534
0,0.29136333
0,0.2720732
0,0.28585887
0,0.27631032
0,0.27490655
0,0.2938578
0,0.2871389
0,0.2735095
0,0.27051046
0,0.28073528
0,0.26812452
0,0.2713854
0,0.27153242
0,0.28313714
0,0.27929208
0,0.2826758
0,0.2699621
0,0.25875852
0,0.263842
0,0.25800568
0,0.26177216
0,0.26066163
0,0.27559784
0,0.26222348
0,0.266484
0,0.25496733
0,0.2750824
0,0.27271765
0,0.27523303
0,0.26679215
0,0.27359268
0,0.27657944
0,0.27310094
0,0.26456335
0,0.2734069
0,0.27324
0,0.27490583
0,0.28007764
0,0.26527438
0,0.26979113
0,0.2709729
0,0.267746
0,0.26969036
0,0.2673307
0,0.25878286
0,0.26680312
0,0.27203277
0,0.28988203
0,0.2984039
0,0.32930386
0,0.3045652
0,0.31924355
0,0.30357108
0,0.28886855
0,0.30267793
0,0.28181162
0,0.28461993
0,0.27394727
0,0.2764422
0,0.41943938
0,0.33464316
0,0.29718062
0,0.29125825
0,0.28290138
0,0.3004879
0,0.28199765
0,0.27683303
0,0.28446883
0,0.27743676
0,0.28879234
0,0.2742712
0,0.2832649
0,0.28457105
0,0.28144187
0,0.27301803
0,0.2816409
0,0.2715587
0,0.2798975
0,0.26938185
0,0.26378587
0,0.27329364
0,0.2582804
0,0.26620355
0,0.28219837
0,0.28879577
0,0.29083076
0,0.2749022
0,0.28230703
0,0.288217
0,0.29796812
0,0.29979178
0,0.29653487
0,0.29843453
0,0.30992475
0,0.3063587
0,0.2825949
0,0.28719267
0,0.28444797
0,0.28926766
0,0.2949808
0,0.30337775
0,0.28724062
0,0.2896421
0,0.27939066
0,0.27937108
0,0.29049492
0,0.28144148
0,0.28063774
0,0.27800685
0,0.27759093
0,0.274228
0,0.26587433
0,0.2650643
0,0.29920805
0,0.28134185
0,0.2912244
0,0.27504244
0,0.27670887
0,0.27883634
0,0.28116027
0,0.29964176
0,0.27705818
0,0.27993047
0,0.2821999
0,0.27635178
0,0.27608496
0,0.30464816
0,0.28439993
0,0.29038838
0,0.2715894
0,0.27920395
0,0.27016583
0,0.27348116
0,0.269263
0,0.2683902
0,0.27695906
0,0.27817607
0,0.2841476
0,0.27604404
0,0.27970994
0,0.27248618
0,0.26505107
0,0.33435744
0,0.2945532
0,0.2928251
0,0.29734075
0,0.28735852
0,0.29553896
0,0.28459385
0,0.29663146
0,0.27269363
0,0.2754569
0,0.27959287
0,0.28081703
0,0.296417
0,0.29063934
0,0.29292148
0,0.28276372
0,0.28078738
0,0.2769293
0,0.28554624
0,0.29347897
0,0.30109522
0,0.2979828
0,0.3088037
0,0.2975012
0,0.296661
0,0.30756816
0,0.29591644
0,0.31004962
0,0.31627986
0,0.3032867
0,0.30690727
0,0.3772751
0,0.33946893
0,0.31046933
0,0.31095693
0,0.29609528
0,0.3026273
0,0.28652647
0,0.27765724
0,0.2702638
0,0.29054993
0,0.27979496
0,0.27641177
0,0.2732714
0,0.2764349
0,0.2730326
0,0.26904967
0,0.26320505
0,0.2662224
0,0.26714438
0,0.2852041
0,0.25975615
0,0.28738955
0,0.27174354
0,0.27333727
0,0.26722577
0,0.2639624
0,0.2736741
0,0.27777278
0,0.27178854
0,0.29817963
0,0.27482197
0,0.27500385
0,0.26912874
0,0.27048126
0,0.28397486
0,0.2781484
0,0.2821409
0,0.27920824
0,0.27019405
0,0.27769265
0,0.26988536
0,0.27312756
0,0.28338662
0,0.27752444
0,0.2597805
0,0.26448438
0,0.2725708
0,0.27133608
0,0.27597305
0,0.2687612
0,0.30156597
0,0.27714962
0,0.28090745
0,0.2761056
0,0.2741497
0,0.26863855
0,0.27005798
0,0.28556743
0,0.2797806
0,0.2746452
0,0.39886165
0,0.31673107
0,0.29962024
0,0.2847194
0,0.26938972
0,0.26781356
0,0.27919072
0,0.28495744
0,0.27915874
0,0.28046197
0,0.27837628
0,0.27999467
0,0.27761427
0,0.27864778
0,0.27192426
0,0.2665198
0,0.25724378
0,0.26991215
0,0.26898018
0,0.2742778
0,0.25729525
0,0.26178795
0,0.26111764
0,0.26209304
0,0.26081356
0,0.25618535
0,0.25572467
0,0.25792122
0,0.26299146
0,0.26514676
0,0.26118314
0,0.27383396
0,0.2658336
0,0.27444845
0,0.27724698
0,0.27495143
0,0.26170054
0,0.2698889
0,0.26152638
0,0.27210796
0,0.2625118
0,0.268734
0,0.27176234
0,0.28709716
0,0.27293694
0,0.27717057
0,0.27670705
0,0.2772398
0,0.2783631
0,0.27415305
0,0.27563685
0,0.27217847
0,0.2678624
0,0.28190994
0,0.3014006
0,0.2867646
0,0.2821175
0,0.28059146
0,0.27830392
0,0.2732516
0,0.2744493
0,0.26494864
0,0.26399046
0,0.25535256
0,0.26380813
0,0.2632796
0,0.26665622
0,0.26797697
0,0.25575942
0,0.2619444
0,0.25365105
0,0.2579112
0,0.26170903
0,0.27027395
0,0.26723027
0,0.26475498
0,0.2695746
0,0.26370373
0,0.26421326
0,0.26560983
0,0.2640703
0,0.2623101
0,0.26453868
0,0.28047663
0,0.26950026
0,0.27528426
0,0.2684226
0,0.26249552
0,0.2622173
0,0.25843865
0,0.26319274
0,0.27785826
0,0.26604763
0,0.27664766
0,0.2708238
0,0.2625548
0,0.26174194
0,0.25682855
0,0.2545184
0,0.26453108
0,0.26974738
0,0.2585331
0,0.2691033
0,0.26966476
0,0.26259273
0,0.25734374
0,0.25867468
0,0.26484457
0,0.2575354
0,0.26418853
0,0.25796816
0,0.26353362
0,0.26806986
0,0.2667687
0,0.25903115
0,0.26412818
0,0.30006132
0,0.27992454
0,0.27541983
0,0.27413586
0,0.2628145
0,0.27220222
0,0.2598748
0,0.26548585
0,0.26760066
0,0.26817018
0,0.2689586
0,0.26716474
0,0.27548945
0,0.25752103
0,0.2538772
0,0.25995523
0,0.26259542
0,0.27293172
0,0.2574331
0,0.26315096
0,0.26783878
0,0.26393023
0,0.2651254
0,0.25702327
0,0.2656605
0,0.26273975
0,0.2632366
0,0.26750416
0,0.26482722
0,0.27178222
0,0.26216313
0,0.2557493
0,0.25946355
0,0.2579556
0,0.2605806
0,0.27069858
0,0.26295373
0,0.2608589
0,0.24999528
0,0.25484896
0,0.25574884
0,0.2555646
0,0.24983276
0,0.25645304
0,0.26554972
0,0.2701595
0,0.262195
0,0.2742638
0,0.26398712
0,0.2596865
0,0.26309034
0,0.26895458
0,0.2609468
0,0.26866126
0,0.2612211
0,0.25760856
0,0.2561308
0,0.2570494
0,0.26621455
0,0.26726472
0,0.27614293
0,0.27224156
0,0.31771335
0,0.27814382
0,0.28194353
0,0.26460782
0,0.27700567
0,0.272148
0,0.26245505
0,0.26715598
0,0.25987554
0,0.26524368
0,0.26220137
0,0.25818855
0,0.26627296
0,0.26547348
0,0.27277598
0,0.26816902
0,0.25964764
0,0.2690264
0,0.27331048
0,0.2902916
0,0.26731786
0,0.27402696
0,0.27164134
0,0.2695892
0,0.2696081
0,0.27250472
0,0.27382228
0,0.2846594
0,0.39549315
0,0.3120181
0,0.30187455
0,0.28661656
0,0.26982918
0,0.27150044
0,0.27135533
0,0.26700678
0,0.2611781
0,0.2620545
0,0.26750895
0,0.26431578
0,0.26420206
0,0.26812145
0,0.26438245
0,0.27777767
0,0.26755893
0,0.27612737
0,0.26755926
0,0.2633763
0,0.26667356
0,0.27612633
0,0.26692787
0,0.26289716
0,0.26565522
0,0.27103195
0,0.26521048
0,0.26650473
0,0.27959427
0,0.26489055
0,0.26211044
0,0.2619093
0,0.27722302
0,0.2778645
0,0.33857915
0,0.30421555
0,0.27283266
0,0.2870784
0,0.29050535
0,0.27483585
0,0.27814928
0,0.2583015
0,0.25915816
0,0.2530058
0,0.25414357
0,0.2653547
0,0.27186882
0,0.2630347
0,0.25252014
0,0.2614936
0,0.2541472
0,0.264245
0,0.2671038
0,0.259007
0,0.27793965
0,0.26968673
0,0.2690741
0,0.26712093
0,0.27415845
0,0.2720855
0,0.32699746
0,0.28031307
0,0.286264
0,0.28214198
0,0.27709582
0,0.2702258
0,0.2606638
0,0.25970626
0,0.26813838
0,0.2629309
0,0.26916003
0,0.27459988
0,0.25911593
0,0.26443717
0,0.26854306
0,0.277798
0,0.27515683
0,0.26968414
0,0.26610687
0,0.27761656
0,0.2699628
0,0.26768982
0,0.26630145
0,0.27232212
0,0.27453634
0,0.2698471
0,0.2826082
0,0.27314165
0,0.27252275
0,0.2741285
0,0.25617918
0,0.26697254
0,0.26335365
0,0.25888816
0,0.26821357
0,0.2785213
0,0.26859906
0,0.26805604
0,0.26340997
0,0.2672721
0,0.25808328
0,0.2576568
0,0.25896108
0,0.2672911
0,0.26080722
0,0.2707918
0,0.2631643
0,0.25969914
0,0.27439827
0,0.27025768
0,0.2741406
0,0.2697665
0,0.27392724
0,0.27010152
0,0.25411332
0,0.2663442
0,0.25923413
0,0.26260516
0,0.26842058
0,0.2647836
0,0.26982582
0,0.2684831
0,0.2605207
0,0.2668428
0,0.25850037
0,0.26556137
0,0.256973
0,0.26396337
0,0.26681867
0,0.26303932
0,0.25615546
0,0.25886175
0,0.25286645
0,0.25549594
0,0.26625547
0,0.27601358
0,0.27127132
0,0.2693427
0,0.26950526
0,0.26366115
0,0.26671964
0,0.27337047
0,0.2810281
0,0.26618493
0,0.28009555
0,0.27845812
0,0.26223695
0,0.26044458
0,0.52528214
0,0.4129704
0,0.3537159
0,0.32779458
0,0.3101915
0,0.29637256
0,0.2849013
0,0.2700092
0,0.26365513
0,0.26989874
0,0.26992974
0,0.26464143
0,0.266582
0,0.25773662
0,0.27545035
0,0.27463242
0,0.2666263
0,0.27159885
0,0.2681976
0,0.29041553
0,0.27006128
0,0.27439916
0,0.26260287
0,0.26610786
0,0.27255124
0,0.2834093
0,0.28490734
0,0.2798488
0,0.26439726
0,0.26934204
0,0.26486155
0,0.26555392
0,0.27074245
0,0.2593845
0,0.25732306
0,0.25986838
0,0.2553985
0,0.2747347
0,0.26035208
0,0.26178256
0,0.26766375
0,0.26487038
0,0.3559134
0,0.3032199
0,0.28192157
0,0.28082645
0,0.28093484
0,0.27950862
0,0.27697548
0,0.27997553
0,0.277069
0,0.27257514
0,0.28016984
0,0.26920345
0,0.2716345
0,0.26539233
0,0.26880765
0,0.26417285
0,0.27169877
0,0.26796052
0,0.26185814
0,0.27476075
0,0.27072826
0,0.2751224
0,0.27559784
0,0.26576024
0,0.2731445
0,0.26390588
0,0.27020535
0,0.2668546
0,0.27012694
0,0.2667133
0,0.26937884
0,0.27770048
0,0.26958662
0,0.26187167
0,0.26458785
0,0.3338269
0,0.28933966
0,0.282107
0,0.36105415
0,0.31026956
0,0.29057822
0,0.29459512
0,0.2801703
0,0.27986792
0,0.2775475
0,0.26978764
0,0.27083135
0,0.25868383
0,0.26630855
0,0.26866877
0,0.25339815
0,0.2632048
0,0.2763807
0,0.2844062
0,0.27853724
0,0.27549773
0,0.27858922
0,0.2726921
0,0.26608604
0,0.2681227
0,0.263057
0,0.26609266
0,0.2617597
0,0.2802982
0,0.26555756
0,0.27913404
0,0.2659748
0,0.2670794
0,0.26038393
0,0.262801
0,0.2627321
0,0.26785797
0,0.26976097
0,0.27623543
0,0.26737526
0,0.26618254
0,0.26346818
0,0.26305252
0,0.2623592
0,0.26186192
0,0.27332538
0,0.26511863
0,0.31068662
0,0.27982062
0,0.26820403
0,0.2668752
0,0.26330206
0,0.26534057
0,0.2672954
0,0.2617321
0,0.2609807
0,0.2531716
0,0.2614181
0,0.25748298
0,0.26237664
0,0.25577763
0,0.26073438
0,0.25986323
0,0.25162336
0,0.25184694
0,0.25839615
0,0.2648064
0,0.27960575
0,0.27434492
0,0.281494
0,0.26652378
0,0.26753253
0,0.26420632
0,0.26501012
0,0.26884845
0,0.25901717
0,0.26712844
0,0.26321405
0,0.2512504
0,0.24729659
0,0.24365564
0,0.25335112
0,0.25916126
0,0.25813273
0,0.24737944
0,0.25460616
0,0.26536137
0,0.26145896
0,0.2642014
0,0.26051116
0,0.2637353
0,0.27328387
0,0.27277234
0,0.26816064
0,0.27344018
0,0.2647622
0,0.26392508
0,0.26077044
0,0.26341566
0,0.27083632
0,0.27020085
0,0.26738793
0,0.25587517
0,0.26883775
0,0.2647936
0,0.27155706
0,0.31085485
0,0.27731884
0,0.29097334
0,0.27167362
0,0.27181423
0,0.26360154
0,0.26388368
0,0.30205098
0,0.28190807
0,0.26778778
0,0.27541578
0,0.2673399
0,0.265222
0,0.26928067
0,0.2746165
0,0.26168114
0,0.26380336
0,0.26774362
0,0.27757013
0,0.2622625
0,0.2659508
0,0.30461663
0,0.2921386
0,0.2756016
0,0.28497943
0,0.31021935
0,0.2857381
0,0.2809091
0,0.27114257
0,0.26468843
0,0.27259046
0,0.2761128
0,0.26835743
0,0.36473727
0,0.3117144
0,0.28190005
0,0.2852761
0,0.27782527
0,0.2672579
0,0.27226996
0,0.265892
0,0.27072027
0,0.264823
0,0.26426965
0,0.26755401
0,0.26371783
0,0.2673981
0,0.2674636
0,0.27293208
0,0.27602795
0,0.2725561
0,0.2601858
0,0.2700173
0,0.27489918
0,0.27046156
0,0.26454592
0,0.26628074
0,0.2618966
0,0.25384286
0,0.26123467
0,0.26231942
0,0.2740375
0,0.2716541
0,0.26008433
0,0.26419306
0,0.26298413
0,0.25144204
0,0.25812927
0,0.26271918
0,0.25725734
0,0.25661817
0,0.27107882
0,0.2629609
0,0.2712951
0,0.26464427
0,0.26226234
0,0.26131898
0,0.26175225
0,0.26361024
0,0.25152862
0,0.26061267
0,0.25695562
0,0.26360172
0,0.24910098
0,0.2643029
0,0.28540385
0,0.26702443
0,0.2644965
0,0.2763315
0,0.26262707
0,0.26365367
0,0.25657105
0,0.25944018
0,0.25795233
0,0.25475436
0,0.26246884
0,0.26616356
0,0.26659417
0,0.26237217
0,0.26567
0,0.26437044
0,0.26616013
0,0.2726619
0,0.273712
0,0.2608988
0,0.26519182
0,0.25695074
0,0.2731386
0,0.2694615
0,0.26761833
0,0.26916292
0,0.26040277
0,0.2658373
0,0.33296192
0,0.27936688
0,0.27051562
0,0.25743893
0,0.2520905
0,0.24919951
0,0.25606024
0,0.26022884
0,0.2642088
0,0.29325697
0,0.29090676
0,0.2848908
0,0.28099918
0,0.27453107
0,0.2731405
0,0.27019307
0,0.2658417
0,0.26028425
0,0.24989542
0,0.2626196
0,0.26820856
0,0.2695912
0,0.2702669
0,0.26604927
0,0.26272044
0,0.26342097
0,0.2774602
0,0.26753554
0,0.2743971
0,0.25535712
0,0.26895168
0,0.26317126
0,0.25981104
0,0.2601204
0,0.2592252
0,0.26321268
0,0.25788128
0,0.26911154
0,0.26998278
0,0.2833299
0,0.2663738
0,0.2717329
0,0.27226987
0,0.25737557
0,0.2564803
0,0.270714
0,0.27441275
0,0.26688048
0,0.27442706
0,0.27866176
0,0.2756547
0,0.26796213
0,0.28808174
0,0.26761085
0,0.2615773
0,0.26857296
0,0.2682271
0,0.26961273
0,0.2737272
0,0.2655199
0,0.26781613
0,0.2684174
0,0.2770703
0,0.27387297
0,0.26576257
0,0.2724725
0,0.26885802
0,0.27863312
0,0.27590898
0,0.27737913
0,0.27667278
0,0.27629972
0,0.272479
0,0.2699375
0,0.2659247
0,0.26645857
0,0.3009595
0,0.27821216
0,0.2779779
0,0.27240866
0,0.25879604
0,0.27412722
0,0.27773887
0,0.2700952
0,0.2678337
0,0.25521418
0,0.2690736
0,0.26335365
0,0.25620818
0,0.26289764
0,0.26020905
0,0.26404962
0,0.25637284
0,0.26959658
0,0.28240496
0,0.272767
0,0.2563065
0,0.25956455
0,0.24854274
0,0.25378138
0,0.25446865
0,0.25418624
0,0.25552586
0,0.26941764
0,0.2654351
0,0.26152858
0,0.25736666
0,0.25956455
0,0.25640923
0,0.32151878
0,0.31642464
0,0.28145766
0,0.27348348
0,0.26640126
0,0.2727865
0,0.26328453
0,0.2701763
0,0.2605529
0,0.26792535
0,0.25883764
0,0.2724286
0,0.27042624
0,0.26681954
0,0.25978753
0,0.25756225
0,0.2694886
0,0.25860476
0,0.25441736
0,0.24637675
0,0.24865043
0,0.2589203
0,0.25527322
0,0.2462487
0,0.2584121
0,0.2655291
0,0.25543305
0,0.2664024
0,0.26966882
0,0.26772237
0,0.2566967
0,0.27351153
0,0.26848173
0,0.27189812
0,0.26959744
0,0.27207193
0,0.2714273
0,0.2690791
0,0.26871988
0,0.26743117
0,0.26715192
0,0.26550588
0,0.2661817
0,0.25914955
0,0.2632085
0,0.26318806
0,0.26326317
0,0.26287556
0,0.26372877
0,0.26940882
0,0.27073187
0,0.30938837
0,0.2868146
0,0.2682909
0,0.28560585
0,0.4034932
0,0.3273924
0,0.31978026
0,0.29335225
0,0.2860974
0,0.2773938
0,0.4036533
0,0.31352288
0,0.31304505
0,0.27948344
0,0.2743784
0,0.2735949
0,0.27708417
0,0.28708088
0,0.26876333
0,0.28035507
0,0.2674406
0,0.2779006
0,0.2648529
0,0.26168543
0,0.27265748
0,0.41832048
0,0.33870816
0,0.29729456
0,0.27955002
0,0.27490684
0,0.27029374
0,0.27402532
0,0.25794238
0,0.26242316
0,0.25779134
0,0.25985122
0,0.25541094
0,0.2545838
0,0.25273323
0,0.25175172
0,0.26080158
0,0.25311807
0,0.26062104
0,0.26818568
0,0.35903883
0,0.29029456
0,0.27992547
0,0.2866173
0,0.27833292
0,0.27546957
0,0.27275196
0,0.26071677
0,0.25972447
0,0.26897997
0,0.25988135
0,0.26328388
0,0.26345864
0,0.2650611
0,0.26878002
0,0.2823854
0,0.26401046
0,0.2673037
0,0.26905882
0,0.265866
0,0.30364305
0,0.2809767
0,0.27390364
0,0.2706665
0,0.26719218
0,0.26634794
0,0.26463985
0,0.26833925
0,0.26400542
0,0.26772574
0,0.27296096
0,0.26593328
0,0.27385387
0,0.27172118
0,0.26495907
0,0.2726596
0,0.2646026
0,0.2672453
0,0.26048997
0,0.26064575
0,0.2625722
0,0.26638347
0,0.3439609
0,0.2992844
0,0.28059366
0,0.28953323
0,0.27782723
0,0.28116328
0,0.27457854
0,0.26731142
0,0.2514451
0,0.27102706
0,0.28983128
0,0.27149928
0,0.26400107
0,0.26109624
0,0.26910713
0,0.2608918
0,0.26178697
0,0.25810477
0,0.24917713
0,0.2504125
0,0.24764648
0,0.26102945
0,0.26402336
0,0.25383556
0,0.24590677
0,0.24936798
0,0.24643594
0,0.24535888
0,0.24937934
0,0.24544507
0,0.24834655
0,0.24745308
0,0.25295755
0,0.24250078
0,0.25363454
0,0.247821
0,0.25440714
0,0.25126043
0,0.2632249
0,0.25302148
0,0.30301592
0,0.27284154
0,0.2785723
0,0.27402905
0,0.28795737
0,0.2916354
0,0.28800994
0,0.28237617
0,0.29175732
0,0.28143838
0,0.27373558
0,0.27677873
0,0.2698471
0,0.27108377
0,0.26017913
0,0.25777474
0,0.2459873
0,0.25030354
0,0.25428602
0,0.25851312
0,0.246599
0,0.2555951
0,0.2488982
0,0.25562906
0,0.255359
0,0.2588663
0,0.26802814
0,0.25665784
0,0.2572641
0,0.25907043
0,0.24944457
0,0.27129108
0,0.2857943
0,0.2713077
0,0.28314134
0,0.2820331
0,0.27407742
0,0.26792368
0,0.26150504
0,0.27662838
0,0.26177713
0,0.25894085
0,0.26506904
0,0.26033774
0,0.26552096
0,0.26093036
0,0.25067008
0,0.252526
0,0.2598606
0,0.25568572
0,0.2671358
0,0.27392724
0,0.263144
0,0.25936314
0,0.26858413
0,0.26347908
0,0.26363719
0,0.2576599
0,0.26337466
0,0.2545873
0,0.26116967
0,0.25852156
0,0.26173654
0,0.25949112
0,0.2722007
0,0.2642116
0,0.26909226
0,0.26146698
0,0.25178763
0,0.2557245
0,0.25828746
0,0.25146618
0,0.2582338
0,0.25279233
0,0.256935
0,0.27291545
0,0.26531518
0,0.27056926
0,0.2677232
0,0.25964272
0,0.26562932
0,0.25427508
0,0.25917688
0,0.25403982
0,0.2672369
0,0.26276478
0,0.26533812
0,0.2567478
0,0.26214072
0,0.26559848
0,0.25945413
0,0.26855797
0,0.26520774
0,0.26337862
0,0.26816523
0,0.2635333
0,0.26324317
0,0.2630675
0,0.25850245
0,0.25931564
0,0.2604801
0,0.2589981
0,0.26657912
0,0.26557815
0,0.25826615
0,0.25852785
0,0.26477784
0,0.28769884
0,0.36098352
0,0.3138793
0,0.28153542
0,0.27306297
0,0.29154742
0,0.28834847
0,0.2815955
0,0.2702073
0,0.27903843
0,0.26642317
0,0.2693592
0,0.2616335
0,0.26603836
0,0.25997537
0,0.26447856
0,0.25837764
0,0.26750198
0,0.27341402
0,0.26848662
0,0.26429424
0,0.2661609
0,0.27255887
0,0.26847285
0,0.26380488
0,0.25467274
0,0.2648523
0,0.26373568
0,0.25675294
0,0.26321742
0,0.27210775
0,0.27623576
0,0.27149546
0,0.2669358
0,0.26794535
0,0.25432318
0,0.2638645
0,0.26105592
0,0.26788747
0,0.26254287
0,0.26641628
0,0.26163965
0,0.2642507
0,0.26593986
0,0.265937
0,0.2621537
0,0.27278963
0,0.26424056
0,0.26471063
0,0.2673499
0,0.2649572
0,0.26269454
0,0.26322234
0,0.34410405
0,0.29413497
0,0.3406882
0,0.29775912
0,0.29827443
0,0.28686792
0,0.27800176
0,0.27679792
0,0.40072635
0,0.3117297
0,0.3957687
0,0.3245625
0,0.29671636
0,0.28717065
0,0.32094932
0,0.2976866
0,0.2883706
0,0.29150367
0,0.27196792
0,0.28462595
0,0.27689797
0,0.27867106
0,0.26766235
0,0.26026967
0,0.25965685
0,0.26737288
0,0.26593903
0,0.26273808
0,0.2576262
0,0.2685666
0,0.25995892
0,0.2633267
0,0.2711029
0,0.2804761
0,0.2768218
0,0.2699204
0,0.27123427
0,0.27376273
0,0.2779756
0,0.26575035
0,0.39328292
0,0.30315116
0,0.29789442
0,0.28022236
0,0.26638097
0,0.27445287
0,0.2642143
0,0.26364854
0,0.26992995
0,0.2594403
0,0.2577327
0,0.25887358
0,0.26029295
0,0.28413215
0,0.26943842
0,0.2606756
0,0.3852943
0,0.31136876
0,0.39115098
0,0.32806647
0,0.364996
0,0.32179177
0,0.32919362
0,0.2997049
0,0.28516734
0,0.28041184
0,0.26737875
0,0.271601
0,0.2708077
0,0.27657127
0,0.2743019
0,0.2750148
0,0.38883522
0,0.3188798
0,0.33567593
0,0.29917306
0,0.27196893
0,0.26719505
0,0.2676116
0,0.26271394
0,0.2613797
0,0.25600198
0,0.25162244
0,0.25878644
0,0.26300207
0,0.26274723
0,0.2617044
0,0.25514117
0,0.26564193
0,0.27039608
0,0.26891834
0,0.2609843
0,0.42962593
0,0.32889292
0,0.30200186
0,0.30299777
0,0.28581247
0,0.27551234
0,0.265681
0,0.26390842
0,0.28128588
0,0.28206766
0,0.294342
0,0.2776406
0,0.28276163
0,0.2840639
0,0.3467589
0,0.2967089
0,0.29309976
0,0.29082507
0,0.29010555
0,0.2715744
0,0.26582372
0,0.26454386
0,0.27070537
0,0.26418668
0,0.26873562
0,0.2628922
0,0.2679473
0,0.2692275
0,0.3596698
0,0.29289538
0,0.35758275
0,0.3154392
0,0.34651765
0,0.31553212
0,0.32078353
0,0.29477304
0,0.2871975
0,0.27977112
0,0.27064258
0,0.27419245
0,0.2672112
0,0.2665021
0,0.4012782
0,0.32548863
0,0.29735324
0,0.28491095
0,0.2852879
0,0.27591103
0,0.27103582
0,0.2704473
0,0.26273668
0,0.26155943
0,0.25742176
0,0.26802745
0,0.25862977
0,0.25864467
0,0.26618737
0,0.26204374
0,0.27020958
0,0.27383223
0,0.27360445
0,0.27665275
0,0.26407814
0,0.2616206
0,0.2720566
0,0.2639301
0,0.26835176
0,0.27229208
0,0.27093118
0,0.27426425
0,0.27327174
0,0.26799634
0,0.27288353
0,0.2640629
0,0.26706186
0,0.2702087
0,0.36053222
0,0.29763055
0,0.28180566
0,0.27908573
0,0.27448156
0,0.26457706
0,0.25123873
0,0.25778076
0,0.26558545
0,0.25598788
0,0.26022267
0,0.25713828
0,0.25995705
0,0.26408842
0,0.26313287
0,0.26465604
0,0.262069
0,0.26382226
0,0.25109774
0,0.25965464
0,0.26333055
0,0.2627426
0,0.26566043
0,0.2635298
0,0.26140243
0,0.28131345
0,0.2700149
0,0.26796842
0,0.2751481
0,0.26803732
0,0.26227513
0,0.26677102
0,0.2781511
0,0.27225956
0,0.2661123
0,0.26445073
0,0.2619435
0,0.26136544
0,0.25779808
0,0.25978062
0,0.26753697
0,0.26188758
0,0.25855163
0,0.25904846
0,0.25955907
0,0.2582296
0,0.25881764
0,0.2627402
0,0.35305637
0,0.29435813
0,0.27075604
0,0.27005482
0,0.2651627
0,0.27722374
0,0.27489042
0,0.27343574
0,0.26297534
0,0.26363707
0,0.25524685
0,0.2542015
0,0.26519188
0,0.25730336
0,0.26715043
0,0.26257104
0,0.2643359
0,0.25722918
0,0.24569039
0,0.2534603
0,0.27977112
0,0.27135476
0,0.26936433
0,0.25921893
0,0.2639906
0,0.27110094
0,0.26742104
0,0.26789483
0,0.26738715
0,0.27279535
0,0.27235463
0,0.26977816
0,0.2673341
0,0.26853925
0,0.2552746
0,0.26682094
0,0.28102663
0,0.27024555
0,0.26552203
0,0.26483214
0,0.26259178
0,0.27469504
0,0.26592538
0,0.2662119
0,0.26417896
0,0.26810628
0,0.2636261
0,0.2634057
0,0.2662396
0,0.26298413
0,0.27781183
0,0.26713476
0,0.263432
0,0.26297063
0,0.27552804
0,0.2659409
0,0.28172806
0,0.2796698
0,0.27880552
0,0.27430815
0,0.28561133
0,0.27121392
0,0.37018555
0,0.3048934
0,0.36913106
0,0.30918062
0,0.30010256
0,0.2944263
0,0.29462248
0,0.28848314
0,0.27317715
0,0.26857227
0,0.2773818
0,0.27079585
0,0.2747235
0,0.27596998
0,0.28566912
0,0.27991953
0,0.27705413
0,0.27752382
0,0.267912
0,0.27497932
0,0.27227393
0,0.26649582
0,0.258662
0,0.25719553
0,0.26337153
0,0.26088324
0,0.26481107
0,0.26822233
0,0.26759085
0,0.26013756
0,0.2645872
0,0.2581667
0,0.2629086
0,0.25576004
0,0.2607956
0,0.2721882
0,0.26686487
0,0.26950574
0,0.2736868
0,0.272526
0,0.26901025
0,0.25863764
0,0.271697
0,0.2695318
0,0.26662835
0,0.26865157
0,0.2656643
0,0.26765326
0,0.26957718
0,0.2691481
0,0.26430172
0,0.26797956
0,0.280383
0,0.271992
0,0.28194672
0,0.2732693
0,0.26797205
0,0.26840323
0,0.2645476
0,0.26512155
0,0.26287168
0,0.2637214
0,0.26054588
0,0.26221186
0,0.27012622
0,0.26509818
0,0.26662257
0,0.2651021
0,0.26056322
0,0.26578763
0,0.26166785
0,0.27405027
0,0.26478004
0,0.26312768
0,0.27023757
0,0.2583689
0,0.2570515
0,0.2582118
0,0.26310003
0,0.2582982
0,0.26718342
0,0.26108742
0,0.25746328
0,0.25658858
0,0.25466403
0,0.30159524
0,0.27468514
0,0.27557987
0,0.2651725
0,0.27298447
0,0.2843629
0,0.26888913
0,0.27296823
0,0.26339793
0,0.37829995
0,0.31782296
0,0.30030507
0,0.28132096
0,0.26973444
0,0.27615672
0,0.2668855
0,0.2717393
0,0.27102798
0,0.27257884
0,0.27587146
0,0.26417804
0,0.27309838
0,0.26758042
0,0.26383606
0,0.2579681
0,0.2639737
0,0.25653267
0,0.2620769
0,0.26485395
0,0.30850083
0,0.28756136
0,0.2788372
0,0.27614006
0,0.27821684
0,0.27507704
0,0.27175486
0,0.27139854
0,0.2842277
0,0.28133407
0,0.27287456
0,0.27756748
0,0.38019565
0,0.31532833
0,0.29712993
0,0.29200003
0,0.32463098
0,0.28613552
0,0.27962407
0,0.27856344
0,0.27580222
0,0.27660432
0,0.2698553
0,0.27340785
0,0.27428874
0,0.27086914
0,0.2678139
0,0.2665416
0,0.2683002
0,0.27041364
0,0.26631406
0,0.26539734
0,0.26266015
0,0.26494864
0,0.2654744
0,0.26299644
0,0.27306166
0,0.27009127
0,0.26431182
0,0.26376975
0,0.2658361
0,0.2714255
0,0.27368346
0,0.27479523
0,0.27598998
0,0.27278802
0,0.2638465
0,0.26244798
0,0.26949063
0,0.2613781
0,0.26853213
0,0.27252135
0,0.2720818
0,0.26910338
0,0.259994
0,0.25814173
0,0.25413173
0,0.2576341
0,0.3827524
0,0.30545333
0,0.3011938
0,0.28008437
0,0.27032351
0,0.31071806
0,0.28630993
0,0.2732518
0,0.2961745
0,0.2814094
0,0.27730286
0,0.27359056
0,0.27746972
0,0.27517045
0,0.2718099
0,0.26078025
0,0.27003032
0,0.27292642
0,0.35312787
0,0.301287
0,0.35527915
0,0.30706957
0,0.32296377
0,0.2958192
0,0.28804758
0,0.28490797
0,0.27020174
0,0.27148384
0,0.27077025
0,0.2622358
0,0.2666254
0,0.2688575
0,0.2570473
0,0.26538125
0,0.264039
0,0.2703888
0,0.25603655
0,0.26438916
0,0.26290098
0,0.26540953
0,0.2632552
0,0.26550707
0,0.2628738
0,0.25396067
0,0.2617413
0,0.26238218
0,0.2606559
0,0.26294228
0,0.27206168
0,0.27846092
0,0.266739
0,0.2666316
0,0.26267824
0,0.26540032
0,0.26040626
0,0.26154178
0,0.25881547
0,0.25984398
0,0.268013
0,0.26388827
0,0.2648944
0,0.2630895
0,0.26986924
0,0.26445428
0,0.27157694
0,0.264905
0,0.27045342
0,0.26460072
0,0.26954666
0,0.27154845
0,0.26750356
0,0.26399097
0,0.26925862
0,0.26373637
0,0.2578226
0,0.25963387
0,0.25492516
0,0.250748
0,0.26081657
0,0.25600109
0,0.25435513
0,0.2651098
0,0.2656043
0,0.2784912
0,0.28450173
0,0.2680682
0,0.27150685
0,0.2631858
0,0.26771766
0,0.25928324
0,0.25422835
0,0.2577401
0,0.26228517
0,0.2588767
0,0.26287085
0,0.25528798
0,0.26563865
0,0.2553529
0,0.25089866
0,0.2597413
0,0.264322
0,0.265653
0,0.26450074
0,0.2700331
0,0.26615393
0,0.2562923
0,0.26191723
0,0.26411316
0,0.26328397
0,0.2644839
0,0.2656209
0,0.26642847
0,0.26387277
0,0.25446764
0,0.2597894
0,0.26297566
0,0.26160273
0,0.26292518
0,0.26222652
0,0.27432102
0,0.26929492
0,0.26661298
0,0.26316586
0,0.26349047
0,0.2610233
0,0.26112142
0,0.2602768
0,0.2606765
0,0.25775495
0,0.25874743
0,0.25275177
0,0.25626054
0,0.26659152
0,0.2611634
0,0.269328
0,0.2635455
0,0.25936893
0,0.25876862
0,0.25544623
0,0.25591633
0,0.259895
0,0.2562853
0,0.26513925
0,0.25897205
0,0.2597426
0,0.25638196
0,0.2566183
0,0.26528162
0,0.26044172
0,0.2571453
0,0.26430467
0,0.26786062
0,0.26832855
0,0.27087656
0,0.26951107
0,0.2609183
0,0.26744434
0,0.25804964
0,0.25225425
0,0.26256067
0,0.26017803
0,0.26506183
0,0.25384593
0,0.26257095
0,0.2555439
0,0.26215705
0,0.2621339
0,0.25396192
0,0.26136073
0,0.252416
0,0.25762647
0,0.26099324
0,0.26053676
0,0.2623193
0,0.26746947
0,0.26638934
0,0.26340896
0,0.27561805
0,0.2663799
0,0.26657656
0,0.2641041
0,0.2637077
0,0.26222622
0,0.26218158
0,0.26080105
0,0.26543492
0,0.2654363
0,0.26145884
0,0.26433548
0,0.260937
0,0.26820257
0,0.26705632
0,0.26245442
0,0.2607993
0,0.2628945
0,0.25966123
0,0.2580219
0,0.2580772
0,0.2668079
0,0.27080905
0,0.26116407
0,0.26144361
0,0.2682024
0,0.2702454
0,0.2608509
0,0.25794864
0,0.25570577
0,0.26462683
0,0.25631365
0,0.26810318
0,0.26715997
0,0.2576542
0,0.25507212
0,0.26256162
0,0.26485938
0,0.26636937
0,0.25826904
0,0.26452208
0,0.25552818
0,0.27592185
0,0.26298088
0,0.25551835
0,0.25326943
0,0.25943232
0,0.2620426
0,0.3856901
0,0.30257356
0,0.29155728
0,0.28418386
0,0.2787652
0,0.27187777
0,0.26997778
0,0.26888555
0,0.26871547
0,0.26715043
0,0.2653361
0,0.2648707
0,0.2637717
0,0.26433605
0,0.2632875
0,0.2479246
0,0.25698656
0,0.2625378
0,0.2604295
0,0.2614003
0,0.26022804
0,0.26028755
0,0.25928932
0,0.26062176
0,0.25913993
0,0.2660394
0,0.26062477
0,0.26084894
0,0.2594953
0,0.26108107
0,0.25729755
0,0.2629156
0,0.25779873
0,0.26218712
0,0.26879388
0,0.26209167
0,0.2590542
0,0.25816363
0,0.25592887
0,0.25589716
0,0.26483917
0,0.25872576
0,0.2674148
0,0.2599134
0,0.25633428
0,0.25573674
0,0.25338146
0,0.24280478
0,0.24699087
0,0.24933597
0,0.25948298
0,0.2655133
0,0.26242292
0,0.26887414
0,0.2591619
0,0.26665384
0,0.2577491
0,0.25478965
0,0.26308665
0,0.26634738
0,0.26748782
0,0.25837702
0,0.25399083
0,0.2515894
0,0.25974458
0,0.26256257
0,0.2536278
0,0.2508768
0,0.24903564
0,0.25724941
0,0.25011447
0,0.24736336
0,0.2562017
0,0.24748403
0,0.2563893
0,0.2580656
0,0.2615535
0,0.26180187
0,0.26381475
0,0.26440483
0,0.2545467
0,0.25715625
0,0.2595029
0,0.2598506
0,0.26115993
0,0.2616321
0,0.26184347
0,0.2614657
0,0.26126078
0,0.2641237
0,0.26195362
0,0.2611505
0,0.26159942
0,0.25968838
0,0.25240132
0,0.24545638
0,0.2511441
0,0.25224543
0,0.25337622
0,0.2532899
0,0.25387976
0,0.25139824
0,0.25653136
0,0.2548752
0,0.2539521
0,0.2642115
0,0.2613637
0,0.26729667
0,0.25882155
0,0.267683
0,0.26965633
0,0.27037486
0,0.2717673
0,0.2614734
0,0.26892042
0,0.27933314
0,0.26388633
0,0.2708925
0,0.26065055
0,0.26772574
0,0.25761935
0,0.2657719
0,0.27331924
0,0.27063426
0,0.25967062
0,0.27036208
0,0.26905188
0,0.27399272
0,0.27267575
0,0.26033908
0,0.26756197
0,0.2571267
0,0.26302066
0,0.25399473
0,0.2652863
0,0.25782922
0,0.26190996
0,0.2635056
0,0.2641049
0,0.25494313
0,0.26053163
0,0.25098953
0,0.2574703
0,0.24918614
0,0.2559058
0,0.2592957
0,0.2600286
0,0.26153845
0,0.2621743
0,0.26214626
0,0.26169026
0,0.26206926
0,0.26090226
0,0.26063478
0,0.2598757
0,0.2598993
0,0.27013904
0,0.2527304
0,0.25729918
0,0.24863093
0,0.25319177
0,0.25249726
0,0.25303552
0,0.29749134
0,0.27090424
0,0.26693568
0,0.26232535
0,0.26122406
0,0.25869277
0,0.26506442
0,0.2700603
0,0.27276275
0,0.26305625
0,0.25210363
0,0.25533134
0,0.2580419
0,0.2551281
0,0.26978248
0,0.26963747
0,0.26445276
0,0.26959258
0,0.25881216
0,0.2729788
0,0.26102263
0,0.25269514
0,0.2644448
0,0.2664942
0,0.26973963
0,0.26966226
0,0.2604565
0,0.25633234
0,0.25072113
0,0.2499866
0,0.24891688
0,0.25739303
0,0.28579396
0,0.2618173
0,0.26195297
0,0.26516187
0,0.2670509
0,0.25583702
0,0.25766796
0,0.26151752
0,0.25342962
0,0.24928509
0,0.24764112
0,0.2452534
0,0.24365634
0,0.2531126
0,0.24505717
0,0.25473368
0,0.25230387
0,0.2579287
0,0.25973797
0,0.25996062
0,0.26003858
0,0.26436338
0,0.26389897
0,0.26210126
0,0.26243386
0,0.26177356
0,0.25786754
0,0.25978437
0,0.26094323
0,0.2599982
0,0.25929374
0,0.258806
0,0.2587768
0,0.25752378
0,0.2577977
0,0.2570251
0,0.2519842
0,0.25409538
0,0.25458607
0,0.25488394
0,0.2587579
0,0.2597033
0,0.257014
0,0.2659091
0,0.25931242
0,0.2564991
0,0.25578624
0,0.2650259
0,0.25872827
0,0.2661435
0,0.26350942
0,0.2571239
0,0.25589204
0,0.26386482
0,0.26796773
0,0.25765142
0,0.26703954
0,0.25779364
0,0.2550599
0,0.2564741
0,0.33646154
0,0.28359708
0,0.27259994
0,0.2653704
0,0.27078128
0,0.2595423
0,0.26758608
0,0.26729402
0,0.2581847
0,0.2752668
0,0.26486734
0,0.2565649
0,0.26484913
0,0.2643845
0,0.25600183
0,0.26132682
0,0.26525277
0,0.2643119
0,0.26552108
0,0.27122587
0,0.2684407
0,0.26706812
0,0.26718765
0,0.27200106
0,0.25845397
0,0.26290655
0,0.26437044
0,0.26292092
0,0.264189
0,0.2750258
0,0.27157098
0,0.27617255
0,0.25948685
0,0.268837
0,0.2663282
0,0.26491708
0,0.27449557
0,0.27030933
0,0.26718125
0,0.2634182
0,0.26393804
0,0.26086172
0,0.2654087
0,0.27137756
0,0.25991327
0,0.2597233
0,0.26415727
0,0.25929406
0,0.2598854
0,0.2689948
0,0.2626822
0,0.2629513
0,0.2602823
0,0.25823963
0,0.25885668
0,0.26675087
0,0.2637913
0,0.2593498
0,0.2577626
0,0.26584762
0,0.24914533
0,0.25252372
0,0.26314455
0,0.25555608
0,0.25557747
0,0.26370642
0,0.26818666
0,0.25811443
0,0.26071855
0,0.2658669
0,0.26980597
0,0.27438226
0,0.27541113
0,0.26182866
0,0.27013573
0,0.25922808
0,0.24598214
0,0.2596982
0,0.2536379
0,0.2505209
0,0.26144284
0,0.2625878
0,0.254568
0,0.2606384
0,0.2641697
0,0.25372413
0,0.25727567
0,0.26053023
0,0.25259706
0,0.2584153
0,0.2508618
0,0.2579391
0,0.25021785
0,0.25686687
0,0.25747973
0,0.25889492
0,0.25038695
0,0.25763503
0,0.2542436
0,0.26748347
0,0.26338878
0,0.26083007
0,0.26193058
0,0.26229617
0,0.26096198
0,0.26389414
0,0.26208586
0,0.2599165
0,0.24987102
0,0.2552705
0,0.25696528
0,0.25614884
0,0.26296714
0,0.25811377
0,0.25853753
0,0.25611988
0,0.256357
0,0.2545882
0,0.2553857
0,0.26959693
0,0.26182303
0,0.258811
0,0.25820807
0,0.25601673
0,0.25875276
0,0.26660362
0,0.25935602
0,0.26862147
0,0.26138678
0,0.26853287
0,0.26177055
0,0.26822773
0,0.27179545
0,0.27237296
0,0.2644576
0,0.25953427
0,0.25792167
0,0.26637074
0,0.26933983
0,0.2698893
0,0.2511163
0,0.26374224
0,0.2566851
0,0.2637771
0,0.25854138
0,0.25921682
0,0.26524657
0,0.25737366
0,0.25484404
0,0.2619778
0,0.26611975
0,0.25722378
0,0.26443297
0,0.26463795
0,0.25591022
0,0.259806
0,0.2561205
0,0.26098883
0,0.2654172
0,0.26469573
0,0.2559132
0,0.26105955
0,0.25230995
0,0.25819102
0,0.26065585
0,0.26091135
0,0.26260522
0,0.26232252
0,0.26382965
0,0.27323547
0,0.25732988
0,0.2604515
0,0.2517331
0,0.25722232
0,0.25953597
0,0.25820696
0,0.2595636
0,0.25805578
0,0.25950646
0,0.25752056
0,0.26535562
0,0.25957152
0,0.26052842
0,0.30027488
0,0.27552575
0,0.26779142
0,0.27149346
0,0.26294708
0,0.2522751
0,0.26999462
0,0.26244578
0,0.26926914
0,0.26660177
0,0.25992194
0,0.259972
0,0.25630412
0,0.2562733
0,0.2540311
0,0.25478736
0,0.26890844
0,0.2548321
0,0.26806447
0,0.25968775
0,0.25559863
0,0.25602442
0,0.25274056
0,0.2530807
0,0.26232097
0,0.2673346
0,0.2677945
0,0.2712136
0,0.26323453
0,0.2697048
0,0.25720942
0,0.25609368
0,0.25630137
0,0.25309548
0,0.24955153
0,0.25068566
0,0.26923928
0,0.26786727
0,0.26613024
0,0.25791517
0,0.3042641
0,0.36939335
0,0.31101206
0,0.28713477
0,0.28812093
0,0.2821034
0,0.27611822
0,0.27741897
0,0.27178636
0,0.26216137
0,0.2768022
0,0.26141062
0,0.26382604
0,0.25606936
0,0.260345
0,0.26334226
0,0.26146945
0,0.2591297
0,0.26079592
0,0.2533829
0,0.25725085
0,0.2715619
0,0.26393712
0,0.2651267
0,0.2621021
0,0.27474016
0,0.26983565
0,0.25947878
0,0.26067844
0,0.26163012
0,0.27020428
0,0.26342738
0,0.2598403
0,0.26056075
0,0.25775155
0,0.25854668
0,0.2566231
0,0.25752148
0,0.2552243
0,0.2682498
0,0.2696462
0,0.26707888
0,0.26076022
0,0.25991842
0,0.26808092
0,0.2611284
0,0.26784176
0,0.26107615
0,0.2682679
0,0.25203323
0,0.25857794
0,0.71343815
0,0.73879933
0,0.5687971
0,0.4920288
0,0.43773583
0,0.3749773
0,0.328024
0,0.2895079
0,0.2528922
0,0.24949957
0,0.24119815
0,0.22027746
0,0.2103025
0,0.18774028
0,0.17244303
0,0.16328727
0,0.16465873
0,0.16168691
0,0.16756125
0,0.17296436
0,0.1777073
0,0.19718572
0,0.20795044
0,0.21757793
0,0.22120963
0,0.22525188
0,0.23050676
0,0.24244468
0,0.23936984
0,0.24919838
0,0.25558636
0,0.2684382
0,0.26400205
0,0.26178044
0,0.2624032
0,0.26113722
0,0.26321858
0,0.27260146
0,0.2562182
0,0.27194008
0,0.27646387
0,0.26780668
0,0.27049646
0,0.26446465
0,0.26498896
0,0.25096524
0,0.25537595
0,0.25611874
0,0.25744137
0,0.26679873
0,0.26560506
0,0.2653167
0,0.26210454
0,0.25943998
0,0.24924804
0,0.25282416
0,0.24877976
0,0.2507212
0,0.25311384
0,0.2628387
0,0.25822958
0,0.26591837
0,0.2587894
0,0.26718447
0,0.27068058
0,0.27333528
0,0.26272637
0,0.25821763
0,0.25606343
0,0.25418445
0,0.25333464
0,0.2578463
0,0.26464576
0,0.2669434
0,0.26914757
0,0.25918907
0,0.26687822
0,0.2714718
0,0.26006684
0,0.27152157
0,0.26910412
0,0.26927194
0,0.2604894
0,0.25545123
0,0.2631364
0,0.26689306
0,0.40148604
0,0.31033358
0,0.337706
0,0.29142058
0,0.35507092
0,0.3083215
0,0.33941102
0,0.30254668
0,0.2801807
0,0.27826905
0,0.2752941
0,0.27633816
0,0.27246916
0,0.2694023
0,0.2684842
0,0.27743897
0,0.27196518
0,0.2683387
0,0.257597
0,0.2727342
0,0.26183224
0,0.26264954
0,0.26303184
0,0.2612112
0,0.26704675
0,0.25396937
0,0.25952983
0,0.2584472
0,0.2603357
0,0.25896826
0,0.26138955
0,0.25914103
0,0.24957494
0,0.25408888
0,0.25608024
0,0.26267585
0,0.25966966
0,0.2671491
0,0.26246938
0,0.27239323
0,0.26529008
0,0.2704519
0,0.26460776
0,0.25912106
0,0.2593945
0,0.2694268
0,0.27503893
0,0.27363583
0,0.26831403
0,0.27193794
0,0.26609403
0,0.27039903
0,0.2632998
0,0.2686656
0,0.26254034
0,0.2680584
0,0.26145506
0,0.26700968
0,0.26170406
0,0.2712025
0,0.2620143
0,0.2670496
0,0.2715628
0,0.2706056
0,0.2634308
0,0.26728773
0,0.2709956
0,0.26973155
0,0.27380309
0,0.26048404
0,0.26948044
0,0.26797906
0,0.26027033
0,0.26383364
0,0.25840732
0,0.2625161
0,0.26133484
0,0.26256043
0,0.25572565
0,0.2604796
0,0.25437257
0,0.2629787
0,0.25448704
0,0.25877783
0,0.26244584
0,0.2616175
0,0.25928017
0,0.26053137
0,0.26366737
0,0.267261
0,0.26611412
0,0.26351234
0,0.26462093
0,0.26275402
0,0.2648317
0,0.26189348
0,0.25301248
0,0.25740334
0,0.25983915
0,0.25863624
0,0.26352996
0,0.2713321
0,0.26584092
0,0.26926678
0,0.26534232
0,0.26253694
0,0.2624682
0,0.25916976
0,0.25963807
0,0.25730237
0,0.2583989
0,0.26709706
0,0.261947
0,0.27358165
0,0.26499072
0,0.26076874
0,0.2603823
0,0.27208948
0,0.2630435
0,0.26978922
0,0.26276046
0,0.26963818
0,0.2619196
0,0.25824213
0,0.25742614
0,0.2656096
0,0.25963485
0,0.26654205
0,0.26176736
0,0.2562337
0,0.26009277
0,0.27023125
0,0.2766511
0,0.26227102
0,0.25982347
0,0.26730248
0,0.2592378
0,0.25498897
0,0.25459942
0,0.2512158
0,0.26202273
0,0.26355678
0,0.245809
0,0.25444928
0,0.26284447
0,0.26509303
0,0.26705033
0,0.26889363
0,0.25790706
0,0.26369002
0,0.25492328
0,0.25956976
0,0.25805116
0,0.27191895
0,0.2568423
0,0.2611349
0,0.26089665
0,0.26179454
0,0.26391384
0,0.26274824
0,0.2635048
0,0.26197788
0,0.26277983
0,0.2615603
0,0.26240283
0,0.2612694
0,0.26954472
0,0.26335
0,0.26342127
0,0.2615391
0,0.26075897
0,0.25982234
0,0.26075736
0,0.25905916
0,0.26374155
0,0.25953797
0,0.27019835
0,0.2631611
0,0.2804436
0,0.2709469
0,0.2733241
0,0.26915786
0,0.26924106
0,0.2625911
0,0.27450934
0,0.26384652
0,0.26314852
0,0.2598955
0,0.2598892
0,0.25745392
0,0.25757796
0,0.26651892
0,0.26048258
0,0.26758814
0,0.26018226
0,0.2673326
0,0.2654383
0,0.26132372
0,0.26874518
0,0.2698985
0,0.26631054
0,0.2592934
0,0.2687309
0,0.25859112
0,0.2573298
0,0.26550785
0,0.25743988
0,0.26482198
0,0.2573441
0,0.25706893
0,0.2641115
0,0.26531303
0,0.26745728
0,0.26756132
0,0.26205018
0,0.25576523
0,0.271933
0,0.25752383
0,0.2683541
0,0.25585958
0,0.25389874
0,0.24933068
0,0.24723546
0,0.24692994
0,0.24529973
0,0.2487032
0,0.27286264
0,0.26640156
0,0.265379
0,0.2645264
0,0.26466957
0,0.26620802
0,0.2689061
0,0.28221536
0,0.2715852
0,0.2688058
0,0.27221575
0,0.2676579
0,0.26731747
0,0.26531118
0,0.26457012
0,0.26353407
0,0.25521106
0,0.2620192
0,0.25386956
0,0.26162267
0,0.2636293
0,0.2691942
0,0.25704753
0,0.26335734
0,0.2538732
0,0.26133275
0,0.25517887
0,0.26082662
0,0.26595876
0,0.2647031
0,0.25417438
0,0.2608428
0,0.2618889
0,0.26240215
0,0.26270896
0,0.26272333
0,0.26289958
0,0.2631951
0,0.26239702
0,0.26776862
0,0.26424685
0,0.26320812
0,0.262241
0,0.2617092
0,0.26089236
0,0.26048175
0,0.2548215
0,0.25753555
0,0.25253427
0,0.2557032
0,0.25599015
0,0.26051596
0,0.25937274
0,0.25824213
0,0.26868793
0,0.26170456
0,0.25973558
0,0.25858992
0,0.25727493
0,0.2569459
0,0.26714295
0,0.2600696
0,0.25853103
0,0.25678512
0,0.26620916
0,0.25924733
0,0.2567702
0,0.26232174
0,0.2574954
0,0.25648066
0,0.25487837
0,0.27139652
0,0.25957736
0,0.27114645
0,0.2605069
0,0.2732686
0,0.2613158
0,0.26957446
0,0.27122656
0,0.2647657
0,0.26345503
0,0.25799742
0,0.25856042
0,0.2546745
0,0.25267372
0,0.26153103
0,0.26893383
0,0.26846975
0,0.25953713
0,0.2655344
0,0.25538012
0,0.2521419
0,0.24939203
0,0.25824597
0,0.26376522
0,0.25352383
0,0.24986698
0,0.25829476
0,0.2500594
0,0.24700834
0,0.2578867
0,0.2584634
0,0.26505935
0,0.26389083
0,0.26329064
0,0.26686972
0,0.26519436
0,0.26339737
0,0.25624907
0,0.26091984
0,0.26129934
0,0.26083544
0,0.26135448
0,0.260408
0,0.26113775
0,0.25954458
0,0.26041856
0,0.25863138
0,0.25946343
0,0.25846907
0,0.25970864
0,0.25782567
0,0.2633982
0,0.2588265
0,0.24871111
0,0.2529869
0,0.2592897
0,0.25580952
0,0.25682554
0,0.26052392
0,0.2576608
0,0.26624218
0,0.2714666
0,0.27323672
0,0.26380938
0,0.27038607
0,0.25936508
0,0.26793554
0,0.2844437
0,0.27722767
0,0.27785814
0,0.2750493
0,0.26536334
0,0.27176782
0,0.26214764
0,0.27451232
0,0.27362302
0,0.2625422
0,0.26918808
0,0.27480826
0,0.2685519
0,0.26020885
0,0.2571055
0,0.26439294
0,0.25700814
0,0.2648976
0,0.25596234
0,0.25324976
0,0.2509396
0,0.260799
0,0.2628545
0,0.26520118
0,0.25560758
0,0.26283816
0,0.25360045
0,0.2509202
0,0.25965986
0,0.2623301
0,0.2520914
0,0.2590946
0,0.25653356
0,0.26050574
0,0.2509608
0,0.25829098
0,0.26017103
0,0.260623
0,0.2717263
0,0.265468
0,0.2777514
0,0.28041968
0,0.26542458
0,0.2658888
0,0.26479617
0,0.26351935
0,0.26216286
0,0.261116
0,0.28016716
0,0.26393554
0,0.27574295
0,0.27300805
0,0.26204315
0,0.26202583
0,0.26122057
0,0.25993747
0,0.26466095
0,0.26531634
0,0.26122695
0,0.25962797
0,0.25380728
0,0.26748207
0,0.26649278
0,0.26126438
0,0.27473745
0,0.26421377
0,0.261526
0,0.2714512
0,0.35774663
0,0.29801318
0,0.29373148
0,0.27854404
0,0.27659816
0,0.2682255
0,0.26325864
0,0.26085025
0,0.26905987
0,0.27123988
0,0.2619642
0,0.2696184
0,0.26058173
0,0.27185416
0,0.2626691
0,0.26918817
0,0.26152343
0,0.26822007
0,0.25903288
0,0.2560248
0,0.2643592
0,0.2562275
0,0.2537243
0,0.2620603
0,0.26490423
0,0.25670364
0,0.26454794
0,0.26911932
0,0.25749177
0,0.2551249
0,0.25048214
0,0.24805255
0,0.2572547
0,0.25966138
0,0.2593891
0,0.2621612
0,0.26346377
0,0.26433805
0,0.26498562
0,0.26409823
0,0.27617094
0,0.2679309
0,0.26815623
0,0.26650006
0,0.26504618
0,0.26392907
0,0.26494792
0,0.2630728
0,0.2635393
0,0.26243672
0,0.25756374
0,0.25937873
0,0.26006138
0,0.2587524
0,0.26471522
0,0.26059502
0,0.26086718
0,0.2587128
0,0.2596472
0,0.25740626
0,0.24776725
0,0.25340462
0,0.2545524
0,0.27166373
0,0.2678528
0,0.26027903
0,0.25906217
0,0.26756415
0,0.27123222
0,0.2613367
0,0.26989406
0,0.27049464
0,0.2628629
0,0.2621415
0,0.25302497
0,0.25309867
0,0.2631178
0,0.26595125
0,0.25837255
0,0.25420138
0,0.2539372
0,0.25104424
0,0.25203604
0,0.2606806
0,0.25343633
0,0.26480862
0,0.26645926
0,0.2568653
0,0.25385994
0,0.24986486
0,0.2604313
0,0.26174065
0,0.25414708
0,0.26559222
0,0.2546516
0,0.2612987
0,0.26418543
0,0.25324833
0,0.26048917
0,0.27715352
0,0.28153995
0,0.27178517
0,0.25949097
0,0.26281154
0,0.26358968
0,0.26288408
0,0.2637767
0,0.26279777
0,0.26369002
0,0.26337427
0,0.2633873
0,0.26595065
0,0.26383355
0,0.26466325
0,0.2687318
0,0.2645369
0,0.2684625
0,0.26377127
0,0.26252016
0,0.26214644
0,0.2608905
0,0.25997478
0,0.25824124
0,0.25834343
0,0.2568203
0,0.25733557
0,0.25633126
0,0.25653175
0,0.2558798
0,0.25559407
0,0.25474682
0,0.25485483
0,0.25407904
0,0.25473216
0,0.2630833
0,0.2576333
0,0.27088284
0,0.26045614
0,0.268453
0,0.27135107
0,0.2669516
0,0.26141173
0,0.25820458
0,0.26801792
0,0.26417497
0,0.26996055
0,0.27107486
0,0.2612229
0,0.2680262
0,0.25949466
0,0.26661986
0,0.26935893
0,0.26002362
0,0.26705214
0,0.25804195
0,0.26687306
0,0.26822028
0,0.26909685
0,0.25804663
0,0.26533115
0,0.26652932
0,0.26824343
0,0.25925666
0,0.259113
0,0.2635434
0,0.27581507
0,0.25964823
0,0.26520303
0,0.26527005
0,0.255257
0,0.2506183
0,0.26255003
0,0.27128094
0,0.2557714
0,0.2685326
0,0.27583775
0,0.28083205
0,0.27617323
0,0.27099663
0,0.27100724
0,0.2677029
0,0.26588482
0,0.2651883
0,0.27801272
0,0.26866487
0,0.2654683
0,0.25546744
0,0.26072824
0,0.26149097
0,0.2606433
0,0.2610109
0,0.25898048
0,0.2606339
0,0.2588469
0,0.2598053
0,0.25739267
0,0.30146262
0,0.2790823
0,0.27128285
0,0.2769926
0,0.26319608
0,0.27272364
0,0.26549757
0,0.26093835
0,0.26186624
0,0.2684399
0,0.26172552
0,0.27010724
0,0.26257703
0,0.25849828
0,0.25801092
0,0.25457898
0,0.255125
0,0.26313522
0,0.25772575
0,0.2652162
0,0.25922233
0,0.25517297
0,0.24446009
0,0.2584454
0,0.2538112
0,0.25112635
0,0.2521991
0,0.26128012
0,0.25518936
0,0.25161
0,0.2518136
0,0.24829926
0,0.25378895
0,0.24874343
0,0.25977603
0,0.26102868
0,0.26521286
0,0.26486337
0,0.24650192
0,0.24677393
0,0.2475143
0,0.2444375
0,0.24755418
0,0.25425473
0,0.2619396
0,0.26088646
0,0.26440454
0,0.2685646
0,0.26737034
0,0.26552773
0,0.2669484
0,0.26515627
0,0.25663975
0,0.2611601
0,0.2526151
0,0.25968242
0,0.25108323
0,0.26467973
0,0.2523626
0,0.25704312
0,0.2613847
0,0.25965524
0,0.34407258
0,0.2941789
0,0.28465635
0,0.27908686
0,0.27411652
0,0.26821202
0,0.26972085
0,0.27654508
0,0.25865644
0,0.27217656
0,0.2671753
0,0.26314
0,0.25850362
0,0.2628529
0,0.26250568
0,0.25959298
0,0.26018524
0,0.2573093
0,0.2597425
0,0.25804964
0,0.25934908
0,0.25658038
0,0.2586914
0,0.2562962
0,0.24696983
0,0.25081262
0,0.25368392
0,0.26293904
0,0.2686458
0,0.2710819
0,0.26666775
0,0.25944185
0,0.26355588
0,0.25724286
0,0.25643575
0,0.26432064
0,0.25792852
0,0.2533358
0,0.26520792
0,0.26796278
0,0.26035362
0,0.26571006
0,0.2576456
0,0.26417834
0,0.27255973
0,0.25994807
0,0.2586479
0,0.25339296
0,0.26436412
0,0.27144015
0,0.2719027
0,0.28152633
0,0.27198088
0,0.27189472
0,0.27375877
0,0.271279
0,0.2622779
0,0.26690215
0,0.25869077
0,0.26316968
0,0.26676375
0,0.26553184
0,0.26824152
0,0.27963686
0,0.26269278
0,0.2556156
0,0.26413643
0,0.2676476
0,0.26737848
0,0.26514772
0,0.256515
0,0.26072374
0,0.26410097
0,0.26222384
0,0.254521
0,0.25961637
0,0.2522057
0,0.25329205
0,0.24879132
0,0.24684115
0,0.25637764
0,0.2550899
0,0.25803253
0,0.2565286
0,0.25938973
0,0.25776654
0,0.24947181
0,0.26462895
0,0.2616521
0,0.25806853
0,0.25949547
0,0.25984845
0,0.25922698
0,0.26703677
0,0.2738272
0,0.27353105
0,0.26687914
0,0.27235213
0,0.2675089
0,0.26120478
0,0.26278916
0,0.25801367
0,0.24800922
0,0.25047436
0,0.25372133
0,0.2615366
0,0.25742033
0,0.2537087
0,0.25445694
0,0.26849237
0,0.26055786
0,0.2553981
0,0.26659083
0,0.26678556
0,0.2609571
0,0.2665098
0,0.26044953
0,0.25483868
0,0.25515795
0,0.26208642
0,0.2675957
0,0.2666553
0,0.26020253
0,0.25385082
0,0.25383088
0,0.2506503
0,0.26592422
0,0.2521255
0,0.25203916
0,0.2575819
0,0.25301674
0,0.24779443
0,0.2484887
0,0.25527242
0,0.25094
0,0.2563172
0,0.2618066
0,0.26074758
0,0.2546614
0,0.25823715
0,0.24879993
0,0.2522871
0,0.24828252
0,0.2536457
0,0.26514122
0,0.26054624
0,0.25317222
0,0.26794133
0,0.2541811
0,0.2632165
0,0.2524042
0,0.25622216
0,0.2594726
0,0.25768217
0,0.25027817
0,0.25424996
0,0.25821015
0,0.25624758
0,0.26131997
0,0.25776973
0,0.2603407
0,0.269041
0,0.27413207
0,0.26417178
0,0.2649781
0,0.26122198
0,0.25142974
0,0.2550319
0,0.25725016
0,0.25474638
0,0.25794998
0,0.25619584
0,0.25271407
0,0.26565233
0,0.2605499
0,0.26732486
0,0.26285332
0,0.25781056
0,0.2594254
0,0.2573335
0,0.26931188
0,0.27044985
0,0.28576425
0,0.28235373
0,0.2778012
0,0.27776322
0,0.26860845
0,0.2626822
0,0.26115155
0,0.26759496
0,0.26135024
0,0.25750393
0,0.256446
0,0.26368567
0,0.26489145
0,0.26765683
0,0.27133864
0,0.2701333
0,0.26281896
0,0.25728378
0,0.2672145
0,0.25661397
0,0.2566148
0,0.2512268
0,0.25236365
0,0.24855933
0,0.2638105
0,0.26239926
0,0.26730478
0,0.26574364
0,0.26920432
0,0.25642145
0,0.2548552
0,0.24961182
0,0.24937113
0,0.25617224
0,0.25067267
0,0.25764734
0,0.2513471
0,0.25697485
0,0.25168794
0,0.2687811
0,0.27024338
0,0.26620257
0,0.273296
0,0.26670924
0,0.26824582
0,0.2657934
0,0.25670025
0,0.26095977
0,0.25338027
0,0.25749478
0,0.2510409
0,0.25603843
0,0.252245
0,0.25868037
0,0.26207817
0,0.25855666
0,0.26151082
0,0.25808817
0,0.27223518
0,0.26261103
0,0.26395813
0,0.2628557
0,0.26822186
0,0.26311007
0,0.26340103
0,0.25990316
0,0.25018772
0,0.25650066
0,0.25755486
0,0.25591698
0,0.25698563
0,0.2491605
0,0.25418162
0,0.25243664
0,0.25549766
0,0.264161
0,0.25963897
0,0.26719442
0,0.26158333
0,0.2682149
0,0.25192556
0,0.25961778
0,0.26840407
0,0.26892027
0,0.26673833
0,0.25880986
0,0.25818166
0,0.25407648
0,0.2553704
0,0.26186317
0,0.25707394
0,0.25864962
0,0.26707235
0,0.2569987
0,0.24479198
0,0.24771911
0,0.2592303
0,0.26066586
0,0.26637685
0,0.25518987
0,0.2547182
0,0.25062245
0,0.2615529
0,0.26177394
0,0.2660856
0,0.26524743
0,0.2575997
0,0.26333597
0,0.2666076
0,0.2761615
0,0.2648064
0,0.27689832
0,0.26183867
0,0.2640448
0,0.2727326
0,0.2664674
0,0.27209157
0,0.26723355
0,0.26917344
0,0.26480708
0,0.26798925
0,0.2632279
0,0.26619136
0,0.26227015
0,0.26117852
0,0.26482907
0,0.2547651
0,0.25748777
0,0.25056225
0,0.2539875
0,0.25657073
0,0.25660518
0,0.25991708
0,0.2565829
0,0.26678455
0,0.272832
0,0.2678685
0,0.26220754
0,0.26335537
0,0.2627115
0,0.26226467
0,0.25814158
0,0.25088343
0,0.25419182
0,0.25565672
0,0.26349342
0,0.25950846
0,0.2666499
0,0.26581785
0,0.2583183
0,0.2586917
0,0.26574442
0,0.26054937
0,0.25655824
0,0.25674555
0,0.26354456
0,0.2584408
0,0.2544044
0,0.24482441
0,0.25812715
0,0.2557547
0,0.2506465
0,0.26068476
0,0.25225383
0,0.24833718
0,0.25727385
0,0.2537111
0,0.25976256
0,0.26460537
0,0.2643936
0,0.26930103
0,0.2685222
0,0.2755945
0,0.25915343
0,0.26170576
0,0.2634952
0,0.2674249
0,0.26517573
0,0.26838744
0,0.25508663
0,0.2544174
0,0.25847092
0,0.2555753
0,0.2609973
0,0.2643622
0,0.26194403
0,0.26513767
0,0.26269493
0,0.25476465
0,0.25889504
0,0.4869281
0,0.3510026
0,0.3268142
0,0.3022648
0,0.292074
0,0.28229472
0,0.27834335
0,0.27653176
0,0.272832
0,0.2677357
0,0.26859978
0,0.2642956
0,0.26485407
0,0.26508072
0,0.263992
0,0.261159
0,0.2639759
0,0.25963175
0,0.26133707
0,0.2582532
0,0.26015598
0,0.2676774
0,0.26502845
0,0.26333633
0,0.30514193
0,0.2741872
0,0.27147368
0,0.26454625
0,0.2643066
0,0.25998968
0,0.2606472
0,0.26709175
0,0.26189268
0,0.25717193
0,0.2586474
0,0.25411564
0,0.26060703
0,0.2541874
0,0.25673947
0,0.2627211
0,0.2700742
0,0.26865467
0,0.262975
0,0.26683858
0,0.261578
0,0.26557708
0,0.25995553
0,0.26571384
0,0.25929666
0,0.26396683
0,0.25881505
0,0.25290906
0,0.2660524
0,0.26388258
0,0.26372817
0,0.25489616
0,0.26517943
0,0.26566154
0,0.25829476
0,0.26174432
0,0.26443
0,0.26347658
0,0.2471013
0,0.24599116
0,0.25738156
0,0.25742462
0,0.26737344
0,0.26437458
0,0.26708716
0,0.27435854
0,0.27075326
0,0.26583034
0,0.2679006
0,0.26346907
0,0.26185232
0,0.26146808
0,0.2536109
0,0.25641856
0,0.24982238
0,0.2538465
0,0.24837518
0,0.2526322
0,0.25942597
0,0.25604934
0,0.2544114
0,0.2547893
0,0.25901088
0,0.25803566
0,0.26066983
0,0.2598787
0,0.2615749
0,0.25790638
0,0.2626463
0,0.26228532
0,0.24634917
0,0.25196466
0,0.25528684
0,0.25356388
0,0.25789118
0,0.25494036
0,0.27213737
0,0.26040375
0,0.2611157
0,0.26908502
0,0.2630701
0,0.27015013
0,0.2649611
0,0.25909692
0,0.26028743
0,0.2666306
0,0.26210368
0,0.268151
0,0.26235476
0,0.27037314
0,0.2635336
0,0.2577636
0,0.24935867
0,0.26140723
0,0.25725287
0,0.2528403
0,0.25422537
0,0.25060627
0,0.25283313
0,0.25999677
0,0.2676274
0,0.25569272
0,0.2557439
0,0.25218898
0,0.25290418
0,0.24953896
0,0.2508323
0,0.25791752
0,0.26456252
0,0.2533198
0,0.26355988
0,0.264102
0,0.2674761
0,0.2682457
0,0.26935974
0,0.26816598
0,0.27099994
0,0.26799354
0,0.25959635
0,0.25323457
0,0.25202924
0,0.25839955
0,0.25208834
0,0.2733301
0,0.25773534
0,0.26219478
0,0.26571843
0,0.26345408
0,0.25527477
0,0.25881964
0,0.25182232
0,0.2573318
0,0.2502388
0,0.25587404
0,0.24947083
0,0.24601
0,0.24528703
0,0.25127122
0,0.25603434
0,0.2449837
0,0.2572424
0,0.2547534
0,0.26082033
0,0.2678735
0,0.26429313
0,0.25963214
0,0.26177192
0,0.25803292
0,0.24997959
0,0.25299096
0,0.25727922
0,0.26885384
0,0.2637157
0,0.26865342
0,0.2769829
0,0.2745837
0,0.26819575
0,0.27173975
0,0.26716602
0,0.27154326
0,0.2700205
0,0.26118287
0,0.2624249
0,0.26802835
0,0.26332384
0,0.268049
0,0.263068
0,0.2680667
0,0.2624752
0,0.25722492
0,0.25879377
0,0.26490992
0,0.26014838
0,0.26510265
0,0.26038164
0,0.26545647
0,0.26052785
0,0.25437254
0,0.2559483
0,0.26185602
0,0.25700143
0,0.26245236
0,0.2679939
0,0.26726672
0,0.2801951
0,0.28454512
0,0.28234494
0,0.28015402
0,0.2782441
0,0.26342127
0,0.2611178
0,0.26527098
0,0.268672
0,0.25639915
0,0.2659208
0,0.25475088
0,0.253326
0,0.25986305
0,0.25327575
0,0.2594728
0,0.26385197
0,0.2691906
0,0.26899493
0,0.2560309
0,0.26433873
0,0.25800335
0,0.26332393
0,0.26313305
0,0.26624745
0,0.2641339
0,0.26651993
0,0.2641134
0,0.25510854
0,0.25919217
0,0.26181918
0,0.2611338
0,0.2645667
0,0.2624529
0,0.26263133
0,0.2611509
0,0.26285976
0,0.2720143
0,0.26633772
0,0.25972697
0,0.26325086
0,0.2603083
0,0.2611548
0,0.25909057
0,0.2535018
0,0.25539643
0,0.26108825
0,0.257607
0,0.2583087
0,0.25695372
0,0.2576993
0,0.25691858
0,0.25690264
0,0.2556466
0,0.2555626
0,0.25579447
0,0.2553182
0,0.26560017
0,0.25935245
0,0.26751286
0,0.26042408
0,0.25737572
0,0.2568894
0,0.25374526
0,0.25379437
0,0.25151947
0,0.25168425
0,0.2614423
0,0.25445244
0,0.25179082
0,0.2522287
0,0.2495745
0,0.26059613
0,0.26294863
0,0.26745376
0,0.25655085
0,0.29649428
0,0.27848998
0,0.2658325
0,0.25890487
0,0.26745817
0,0.25597966
0,0.2655401
0,0.38938737
0,0.3213569
0,0.30066943
0,0.28095588
0,0.27923012
0,0.27798873
0,0.272936
0,0.27336228
0,0.28065038
0,0.26484737
0,0.26708105
0,0.25853276
0,0.26269662
0,0.2650787
0,0.26317298
0,0.2556064
0,0.26034933
0,0.2524773
0,0.25788724
0,0.26078463
0,0.2599372
0,0.26272535
0,0.26088777
0,0.2518741
0,0.2562079
0,0.25947145
0,0.258093
0,0.25994688
0,0.25882813
0,0.2602576
0,0.25709894
0,0.2583323
0,0.25648722
0,0.25806522
0,0.2671979
0,0.2613022
0,0.25829583
0,0.25923815
0,0.25693867
0,0.25763735
0,0.25552204
0,0.25884432
0,0.26822633
0,0.26095682
0,0.256648
0,0.25684664
0,0.25673386
0,0.25579163
0,0.2527567
0,0.25316006
0,0.2506237
0,0.2617882
0,0.26411408
0,0.2570391
0,0.25245857
0,0.24201289
0,0.2456195
0,0.25902194
0,0.25057283
0,0.26583064
0,0.26495728
0,0.25732452
0,0.25206038
0,0.25136092
0,0.26075903
0,0.2646256
0,0.25332823
0,0.26223314
0,0.2525501
0,0.25972316
0,0.26239297
0,0.25417274
0,0.25911278
0,0.2520368
0,0.2588601
0,0.26211992
0,0.26179343
0,0.2638133
0,0.2625206
0,0.26059896
0,0.26115534
0,0.26323155
0,0.26286927
0,0.26374197
0,0.2619657
0,0.2529451
0,0.25730586
0,0.2500996
0,0.25484404
0,0.25351995
0,0.25442106
0,0.25100306
0,0.25341988
0,0.25773826
0,0.2551293
0,0.25917697
0,0.25642484
0,0.2599827
0,0.2572362
0,0.2658151
0,0.2607654
0,0.26466933
0,0.26944697
0,0.25585672
0,0.26656532
0,0.2624831
0,0.25769922
0,0.2604092
0,0.26570335
0,0.28709257
0,0.27758938
0,0.27054107
0,0.26060945
0,0.26165357
0,0.25593454
0,0.25805256
0,0.2641504
0,0.26040226
0,0.26529425
0,0.25053415
0,0.26167798
0,0.25688043
0,0.26286545
0,0.25864464
0,0.25671646
0,0.2557076
0,0.2618719
0,0.25699595
0,0.26286983
0,0.2573703
0,0.25242335
0,0.26919135
0,0.26562238
0,0.25886098
0,0.25339097
0,0.25533867
0,0.26016408
0,0.25453097
0,0.25976384
0,0.25369775
0,0.26963225
0,0.26799354
0,0.26609555
0,0.2697747
0,0.26584014
0,0.2582919
0,0.26132962
0,0.26569116
0,0.26530895
0,0.2681126
0,0.26471117
0,0.27862832
0,0.2685601
0,0.25901744
0,0.26230106
0,0.2668936
0,0.2628045
0,0.26585424
0,0.2634331
0,0.25471914
0,0.2591263
0,0.2535517
0,0.25617507
0,0.2493131
0,0.25514027
0,0.24823597
0,0.33199382
0,0.28930545
0,0.2791389
0,0.27507725
0,0.26955426
0,0.26832977
0,0.265102
0,0.2658876
0,0.2625029
0,0.26366168
0,0.26082584
0,0.2617936
0,0.25940284
0,0.26683995
0,0.26127505
0,0.25116375
0,0.2556802
0,0.2579432
0,0.25649932
0,0.25776616
0,0.25735104
0,0.2582942
0,0.25824183
0,0.26520103
0,0.259718
0,0.25932914
0,0.2573525
0,0.2578164
0,0.26688737
0,0.26123506
0,0.26788256
0,0.26118606
0,0.26841575
0,0.25143668
0,0.26452816
0,0.2591882
0,0.2667418
0,0.25949717
0,0.27001494
0,0.26128203
0,0.267831
0,0.27171278
0,0.26017705
0,0.25823304
0,0.2669062
0,0.27306053
0,0.2711266
0,0.2517227
0,0.26397285
0,0.25777492
0,0.26793244
0,0.26990455
0,0.25838378
0,0.25652277
0,0.2633982
0,0.2673732
0,0.26658833
0,0.258993
0,0.27279204
0,0.26045474
0,0.26467884
0,0.25752077
0,0.25222012
0,0.2521405
0,0.25802204
0,0.26337528
0,0.26229244
0,0.25514126
0,0.25976026
0,0.270064
0,0.26717153
0,0.25739563
0,0.26235542
0,0.2577583
0,0.26074424
0,0.2528578
0,0.25789794
0,0.25122902
0,0.25533924
0,0.25816682
0,0.25881195
0,0.26112625
0,0.2616112
0,0.25245684
0,0.25737092
0,0.26006323
0,0.25799435
0,0.26117176
0,0.25852364
0,0.2610983
0,0.27657583
0,0.26752692
0,0.2635208
0,0.2638416
0,0.26006785
0,0.26108986
0,0.25810003
0,0.2600699
0,0.25310254
0,0.26021785
0,0.25567177
0,0.2575881
0,0.26544455
0,0.26042894
0,0.25639412
0,0.2575286
0,0.25401968
0,0.25528675
0,0.2584253
0,0.25583902
0,0.26556575
0,0.26073387
0,0.26625398
0,0.26022023
0,0.28123695
0,0.26606658
0,0.25896758
0,0.26926997
0,0.2636343
0,0.25870273
0,0.253248
0,0.2659218
0,0.26469174
0,0.2669138
0,0.26629174
0,0.26907322
0,0.2562781
0,0.25430012
0,0.25839084
0,0.2526016
0,0.25877234
0,0.25197396
0,0.25785017
0,0.25197363
0,0.2580534
0,0.26166895
0,0.26266745
0,0.25348374
0,0.25949857
0,0.25429934
0,0.26311168
0,0.26390764
0,0.26073408
0,0.25289184
0,0.2569617
0,0.25067887
0,0.25464106
0,0.2598484
0,0.25799277
0,0.2511802
0,0.25457865
0,0.24794887
0,0.25166783
0,0.2563861
0,0.25455675
0,0.2585444
0,0.25572214
0,0.24916625
0,0.25378633
0,0.25789693
0,0.25425252
0,0.26158404
0,0.26746303
0,0.26373413
0,0.26996794
0,0.26473
0,0.25851095
0,0.26075208
0,0.25530088
0,0.2583394
0,0.2530557
0,0.25685862
0,0.26347584
0,0.24973142
0,0.26122963
0,0.2583936
0,0.2526301
0,0.25554729
0,0.26171216
0,0.25833094
0,0.25264472
0,0.2555649
0,0.25544336
0,0.25556624
0,0.26108512
0,0.25773087
0,0.25119737
0,0.26756707
0,0.25516227
0,0.24581246
0,0.26124784
0,0.25634357
0,0.2588671
0,0.2566658
0,0.2586999
0,0.2566099
0,0.27058557
0,0.2609857
0,0.27184767
0,0.26152885
0,0.2618429
0,0.27146387
0,0.2681659
0,0.27144018
0,0.26836875
0,0.27168077
0,0.26530886
0,0.26072046
0,0.25997376
0,0.2560146
0,0.25687122
0,0.26472157
0,0.263389
0,0.26738867
0,0.26116148
0,0.25700507
0,0.25727424
0,0.26378763
0,0.26243845
0,0.2659737
0,0.26052397
0,0.2554075
0,0.25645295
0,0.26232648
0,0.25680834
0,0.26388487
0,0.26871282
0,0.26839328
0,0.26116708
0,0.26936954
0,0.27230135
0,0.2702241
0,0.2725723
0,0.25905904
0,0.26017866
0,0.2636331
0,0.2561698
0,0.25319883
0,0.26266915
0,0.25250068
0,0.2517183
0,0.24737181
0,0.25852457
0,0.25909722
0,0.26375243
0,0.27422023
0,0.26037237
0,0.26266807
0,0.2595151
0,0.2615193
0,0.26483092
0,0.2631706
0,0.25541347
0,0.24854238
0,0.24818464
0,0.2541665
0,0.2586395
0,0.25745693
0,0.26034415
0,0.25882348
0,0.2607906
0,0.25889277
0,0.260752
0,0.25899392
0,0.2610211
0,0.25882667
0,0.26023665
0,0.25960028
0,0.26106066
0,0.2709516
0,0.2649301
0,0.26227236
0,0.2621229
0,0.26345533
0,0.26203653
0,0.2749812
0,0.27832586
0,0.26751834
0,0.2652944
0,0.2625298
0,0.2617003
0,0.2589854
0,0.259891
0,0.26259652
0,0.26079005
0,0.24665235
0,0.25758597
0,0.2540149
0,0.25637996
0,0.25410724
0,0.2564123
0,0.26833346
0,0.2615693
0,0.25794375
0,0.25789282
0,0.2928242
0,0.27554065
0,0.2756626
0,0.26843446
0,0.27203855
0,0.26428854
0,0.258471
0,0.25907585
0,0.25374746
0,0.25361317
0,0.2526428
0,0.26274312
0,0.25361007
0,0.2633806
0,0.2650879
0,0.2769037
0,0.27165955
0,0.2610857
0,0.25657934
0,0.25419283
0,0.26226658
0,0.25415647
0,0.25055233
0,0.24971804
0,0.24781656
0,0.2529192
0,0.24888548
0,0.25801066
0,0.25999495
0,0.26548275
0,0.25550467
0,0.26224533
0,0.26205763
0,0.25335187
0,0.30303255
0,0.2674898
0,0.25817582
0,0.26476187
0,0.26378834
0,0.26439983
0,0.26168734
0,0.26357874
0,0.3166853
0,0.28506196
0,0.28766844
0,0.27805468
0,0.2722659
0,0.26920286
0,0.26659274
0,0.26743296
0,0.2638745
0,0.2639698
0,0.262237
0,0.26285642
0,0.31725416
0,0.2945271
0,0.278939
0,0.27317476
0,0.26864076
0,0.27766365
0,0.26712874
0,0.26513052
0,0.26202703
0,0.26130635
0,0.25846186
0,0.259979
0,0.25812107
0,0.25774983
0,0.24675868
0,0.25292087
0,0.26375145
0,0.26879144
0,0.25993854
0,0.25790477
0,0.2568861
0,0.26601154
0,0.25781935
0,0.26742342
0,0.25821796
0,0.2561302
0,0.25404704
0,0.2532818
0,0.2626281
0,0.26453105
0,0.2559883
0,0.258235
0,0.2523723
0,0.26605225
0,0.26516354
0,0.2688714
0,0.26843718
0,0.26335955
0,0.3105495
0,0.2863515
0,0.2807961
0,0.2672481
0,0.2706453
0,0.2607738
0,0.2661588
0,0.25698704
0,0.26312372
0,0.25548288
0,0.26146156
0,0.26383513
0,0.26470032
0,0.25598127
0,0.26104113
0,0.26343638
0,0.26343024
0,0.25442275
0,0.27046275
0,0.25560293
0,0.2722939
0,0.2666958
0,0.2651517
0,0.26586223
0,0.26403683
0,0.26431414
0,0.26298618
0,0.26399678
0,0.2566671
0,0.27216905
0,0.26401106
0,0.26400983
0,0.25047722
0,0.25834873
0,0.25786823
0,0.25872752
0,0.2583013
0,0.25922707
0,0.25354475
0,0.26070678
0,0.2574884
0,0.25748098
0,0.26508147
0,0.26017684
0,0.25804213
0,0.25745073
0,0.256
0,0.25621387
0,0.26558733
0,0.25933772
0,0.25653124
0,0.2592832
0,0.25469223
0,0.2551784
0,0.2632198
0,0.25794283
0,0.25459993
0,0.2654771
0,0.26137978
0,0.27209124
0,0.26333758
0,0.25857678
0,0.2652856
0,0.26912233
0,0.2568079
0,0.26671
0,0.2555756
0,0.26622972
0,0.26568925
0,0.26882905
0,0.26758817
0,0.260179
0,0.26416442
0,0.25625533
0,0.251122
0,0.26080492
0,0.250919
0,0.25042087
0,0.25688386
0,0.2607599
0,0.2647264
0,0.25476927
0,0.26419804
0,0.26555234
0,0.2640382
0,0.2553673
0,0.26594195
0,0.25440332
0,0.24900949
0,0.2585606
0,0.2592487
0,0.26193553
0,0.2615756
0,0.2634623
0,0.2619659
0,0.27082992
0,0.26469857
0,0.26534426
0,0.26377302
0,0.26350555
0,0.2621599
0,0.2627236
0,0.2553404
0,0.2590657
0,0.2585974
0,0.259387
0,0.2637787
0,0.2612963
0,0.25963345
0,0.26959378
0,0.26196322
0,0.260866
0,0.25957024
0,0.25866482
0,0.25788692
0,0.25756267
0,0.25637046
0,0.2579377
0,0.245968
0,0.25207162
0,0.25195515
0,0.25256377
0,0.26340586
0,0.25706133
0,0.26697505
0,0.25934675
0,0.25612366
0,0.2574295
0,0.25957924
0,0.25558907
0,0.25458598
0,0.2650209
0,0.26759636
0,0.25946176
0,0.25948456
0,0.26680142
0,0.25666156
0,0.26592395
0,0.26112503
0,0.26744714
0,0.26777753
0,0.2696365
0,0.25810543
0,0.25648257
0,0.25226343
0,0.26337245
0,0.2642939
0,0.25640973
0,0.25916532
0,0.26630464
0,0.25492638
0,0.26373163
0,0.2642444
0,0.2667597
0,0.2554741
0,0.26326853
0,0.26434892
0,0.2552406
0,0.2506057
0,0.25842282
0,0.25989357
0,0.26136672
0,0.26249856
0,0.27389655
0,0.25956327
0,0.2627683
0,0.26202658
0,0.2618824
0,0.26116705
0,0.26115948
0,0.26031747
0,0.2667356
0,0.26395842
0,0.25763583
0,0.25910974
0,0.25883335
0,0.2585179
0,0.2581148
0,0.262756
0,0.25923
0,0.25808322
0,0.25725347
0,0.25675845
0,0.25552204
0,0.25483963
0,0.2666426
0,0.2586003
0,0.25714892
0,0.26129395
0,0.2683724
0,0.33743036
0,0.28779733
0,0.28716376
0,0.28409263
0,0.2749917
0,0.2669747
0,0.27298608
0,0.27445677
0,0.26370138
0,0.27105278
0,0.27256984
0,0.2636928
0,0.27006346
0,0.27128434
0,0.2611572
0,0.25835174
0,0.25516242
0,0.26446518
0,0.25544226
0,0.2535778
0,0.26267847
0,0.26579812
0,0.2669421
0,0.25874367
0,0.26658818
0,0.26821998
0,0.25773868
0,0.2654839
0,0.25574082
0,0.2635545
0,0.25400555
0,0.25514543
0,0.24994606
0,0.2589403
0,0.26085007
0,0.25231263
0,0.2635511
0,0.26351833
0,0.25223285
0,0.26008788
0,0.26133165
0,0.2631695
0,0.26223198
0,0.2639173
0,0.26109952
0,0.2526755
0,0.25813442
0,0.2508191
0,0.25630602
0,0.25975475
0,0.25864652
0,0.26028273
0,0.25972503
0,0.26259935
0,0.24997886
0,0.25717345
0,0.2568605
0,0.25942972
0,0.25788808
0,0.27041495
0,0.26245713
0,0.26253495
0,0.26008138
0,0.26112854
0,0.25835708
0,0.25939217
0,0.2569939
0,0.257657
0,0.261994
0,0.25911942
0,0.25685003
0,0.25752315
0,0.26583984
0,0.26222116
0,0.25708264
0,0.25782156
0,0.26521853
0,0.25998974
0,0.25567424
0,0.25630084
0,0.2528582
0,0.25370213
0,0.26186514
0,0.25740746
0,0.25725034
0,0.25577095
0,0.25203285
0,0.25297904
0,0.24956836
0,0.2517309
0,0.25358197
0,0.2519203
0,0.25997293
0,0.26689565
0,0.26730675
0,0.25956684
0,0.26773328
0,0.27031004
0,0.25646812
0,0.2556294
0,0.2660969
0,0.26125258
0,0.25257227
0,0.2631457
0,0.26226285
0,0.26678184
0,0.2642187
0,0.25646675
0,0.27010047
0,0.26882437
0,0.26103377
0,0.2665821
0,0.2640044
0,0.2562169
0,0.2602511
0,0.2529291
0,0.25810045
0,0.25222728
0,0.24710068
0,0.25680202
0,0.3424359
0,0.30032107
0,0.28493148
0,0.27899283
0,0.27278873
0,0.27086914
0,0.26699185
0,0.27076748
0,0.2652082
0,0.26552296
0,0.26914772
0,0.27505043
0,0.26646236
0,0.27653798
0,0.267316
0,0.26585722
0,0.262896
0,0.27418774
0,0.2644381
0,0.2646343
0,0.26189032
0,0.27306727
0,0.26302814
0,0.26276413
0,0.27002192
0,0.2751707
0,0.27519074
0,0.26754692
0,0.26227194
0,0.26325327
0,0.26876068
0,0.2629361
0,0.26058325
0,0.25966886
0,0.26631743
0,0.26167595
0,0.25674146
0,0.2566048
0,0.26406357
0,0.25938973
0,0.26491252
0,0.2705779
0,0.2813321
0,0.27818787
0,0.26344976
0,0.26211968
0,0.26611567
0,0.2601487
0,0.2535618
0,0.2552483
0,0.25014845
0,0.2514033
0,0.24682613
0,0.27147388
0,0.2539996
0,0.26376688
0,0.26599315
0,0.25922626
0,0.26188725
0,0.2665502
0,0.25345352
0,0.26361126
0,0.2623242
0,0.2565495
0,0.25967976
0,0.26486558
0,0.2626899
0,0.26704043
0,0.26338136
0,0.27016202
0,0.26436144
0,0.27970725
0,0.2677117
0,0.27006832
0,0.27679285
0,0.27464327
0,0.2563251
0,0.26511413
0,0.26146275
0,0.26529762
0,0.25638956
0,0.2536944
0,0.25585672
0,0.2604588
0,0.26873767
0,0.25526452
0,0.25695315
0,0.2504316
0,0.25346518
0,0.24804872
0,0.25278196
0,0.2576557
0,0.25430068
0,0.25905168
0,0.2659478
0,0.26423386
0,0.27006146
0,0.26583776
0,0.25543344
0,0.2620144
0,0.26129696
0,0.26135743
0,0.26684174
0,0.2635834
0,0.2566491
0,0.25944984
0,0.2544649
0,0.25749677
0,0.25248408
0,0.25610414
0,0.25157455
0,0.25559887
0,0.2614594
0,0.25879604
0,0.2635174
0,0.26055396
0,0.26467136
0,0.26149192
0,0.25391877
0,0.26848662
0,0.26549092
0,0.2617151
0,0.25424907
0,0.25680166
0,0.25015253
0,0.25343016
0,0.25872186
0,0.25617403
0,0.24988273
0,0.2538995
0,0.2627632
0,0.26812285
0,0.2648346
0,0.26459944
0,0.26601037
0,0.26010305
0,0.26256546
0,0.25774047
0,0.25988588
0,0.267636
0,0.25879002
0,0.26714662
0,0.26601022
0,0.2591469
0,0.26039073
0,0.25632992
0,0.2618518
0,0.25531003
0,0.25698322
0,0.26317948
0,0.25915548
0,0.25372106
0,0.25603908
0,0.2625212
0,0.26766822
0,0.2661098
0,0.26082608
0,0.26468286
0,0.25782174
0,0.25340885
0,0.25304404
0,0.2585889
0,0.2538854
0,0.24826953
0,0.25379708
0,0.24644709
0,0.24861829
0,0.254241
0,0.25012797
0,0.24459584
0,0.25760892
0,0.25674272
0,0.25087366
0,0.24504279
0,0.24649048
0,0.25299385
0,0.24524438
0,0.25152713
0,0.2469484
0,0.2520815
0,0.2574718
0,0.25599504
0,0.26243976
0,0.26024494
0,0.26409477
0,0.26000944
0,0.2639535
0,0.26038352
0,0.25152355
0,0.25426644
0,0.25832283
0,0.25573745
0,0.25456688
0,0.25430766
0,0.25728858
0,0.2538119
0,0.25738156
0,0.25374156
0,0.25697374
0,0.2535097
0,0.2674191
0,0.2584583
0,0.2600332
0,0.2552919
0,0.25737464
0,0.25378147
0,0.24628897
0,0.24853243
0,0.25179517
0,0.26418248
0,0.25768498
0,0.27559805
0,0.2641924
0,0.2572717
0,0.25844464
0,0.253233
0,0.25478837
0,0.2621678
0,0.25687942
0,0.2522555
0,0.25566253
0,0.25385985
0,0.25302273
0,0.2483017
0,0.2562434
0,0.24912494
0,0.25063902
0,0.25102875
0,0.25052288
0,0.24573247
0,0.24903762
0,0.254408
0,0.25230557
0,0.24646577
0,0.24815759
0,0.2576248
0,0.25230923
0,0.2566078
0,0.26746488
0,0.2628603
0,0.2669788
0,0.263405
0,0.26755673
0,0.2633758
0,0.26760954
0,0.2573051
0,0.2648487
0,0.26119846
0,0.2542416
0,0.26869598
0,0.26598486
0,0.26271233
0,0.26559448
0,0.26225334
0,0.25993672
0,0.259518
0,0.25368565
0,0.25601447
0,0.24996397
0,0.25361606
0,0.25826252
0,0.25680837
0,0.26047873
0,0.2573638
0,0.2536489
0,0.2543601
0,0.25818723
0,0.2551395
0,0.26481354
0,0.2573122
0,0.2607394
0,0.26698568
0,0.25359926
0,0.26543137
0,0.2681992
0,0.2590235
0,0.26092133
0,0.24840248
0,0.25539455
0,0.25288802
0,0.25931028
0,0.2525059
0,0.2569486
0,0.2624087
0,0.25676495
0,0.2628889
0,0.25944373
0,0.263842
0,0.2597331
0,0.26875162
0,0.26137286
0,0.2661209
0,0.2599134
0,0.25885049
0,0.25710368
0,0.25371328
0,0.2541176
0,0.24884412
0,0.25057176
0,0.24686612
0,0.24848501
0,0.25447032
0,0.25139683
0,0.25576994
0,0.25131065
0,0.24604912
0,0.25808564
0,0.25791153
0,0.26314333
0,0.26147863
0,0.26562855
0,0.2626486
0,0.26717323
0,0.26332328
0,0.25631067
0,0.25908893
0,0.25287843
0,0.25750497
0,0.26187554
0,0.2590967
0,0.2630514
0,0.259812
0,0.26359436
0,0.26002723
0,0.26325235
0,0.25939953
0,0.26260263
0,0.26053128
0,0.2527163
0,0.24650298
0,0.25598258
0,0.25492492
0,0.25827017
0,0.25568753
0,0.24837671
0,0.25204673
0,0.2457299
0,0.2495761
0,0.25400117
0,0.25158584
0,0.26082256
0,0.25416887
0,0.26720098
0,0.2574521
0,0.2586498
0,0.25485322
0,0.2569328
0,0.24642013
0,0.25284004
0,0.25005996
0,0.2533914
0,0.25024202
0,0.25269878
0,0.24949811
0,0.25211936
0,0.24901952
0,0.25166422
0,0.2594397
0,0.2551456
0,0.2635496
0,0.2574616
0,0.26325893
0,0.26851058
0,0.25721103
0,0.2518208
0,0.25019336
0,0.25089604
0,0.25852105
0,0.2527714
0,0.2595722
0,0.25427184
0,0.24941476
0,0.24936388
0,0.24588263
0,0.25774857
0,0.24795778
0,0.24806154
0,0.25504196
0,0.26047
0,0.26063818
0,0.25428957
0,0.24894889
0,0.25286508
0,0.25647384
0,0.2509108
0,0.24410486
0,0.24955605
0,0.25325277
0,0.25844085
0,0.25721422
0,0.26215252
0,0.25938368
0,0.25152665
0,0.25526
0,0.25509694
0,0.25581723
0,0.2599944
0,0.25756928
0,0.26133984
0,0.25860482
0,0.26141024
0,0.25881997
0,0.2621508
0,0.2593364
0,0.25637484
0,0.25679022
0,0.28569454
0,0.26719272
0,0.25623566
0,0.25781444
0,0.26030937
0,0.25733298
0,0.24938048
0,0.25318304
0,0.2511658
0,0.25156826
0,0.24516046
0,0.24827006
0,0.25231826
0,0.25051185
0,0.25384477
0,0.25381362
0,0.25619924
0,0.25218797
0,0.25009316
0,0.24944788
0,0.2561232
0,0.25111175
0,0.25383013
0,0.26096597
0,0.2574419
0,0.2630004
0,0.25831592
0,0.26411584
0,0.2633918
0,0.26868722
0,0.26047048
0,0.25374806
0,0.25523618
0,0.26051942
0,0.25652668
0,0.27089348
0,0.2602919
0,0.2549156
0,0.25462833
0,0.24894089
0,0.25057718
0,0.24644555
0,0.2483581
0,0.24469003
0,0.24674827
0,0.25335467
0,0.2516802
0,0.25584745
0,0.25213632
0,0.25669968
0,0.25159007
0,0.24550883
0,0.25750348
0,0.2462364
0,0.2470071
0,0.25613418
0,0.2606793
0,0.25816795
0,0.2517985
0,0.2545651
0,0.24927925
0,0.25267658
0,0.2580731
0,0.2549045
0,0.26005214
0,0.2556888
0,0.24953605
0,0.25140783
0,0.24612406
0,0.24870095
0,0.24405788
0,0.24724646
0,0.24293117
0,0.24666655
0,0.24248359
0,0.2450029
0,0.25828725
0,0.2510309
0,0.24610671
0,0.24727201
0,0.2527146
0,0.2494768
0,0.26128313
0,0.26384243
0,0.2602407
0,0.26505658
0,0.27285984
0,0.26832482
0,0.2591444
0,0.26550573
0,0.26159757
0,0.26517484
0,0.26164064
0,0.25380954
0,0.2566499
0,0.25038537
0,0.26552248
0,0.26399344
0,0.26712093
0,0.26667175
0,0.2629635
0,0.26509765
0,0.27220675
0,0.26762122
0,0.2638332
0,0.26504272
0,0.26072782
0,0.25293067
0,0.25569183
0,0.25947756
0,0.2567321
0,0.24999624
0,0.2544464
0,0.26953822
0,0.2591661
0,0.25060242
0,0.2577596
0,0.24826634
0,0.25647128
0,0.25691864
0,0.25321722
0,0.25898173
0,0.26479223
0,0.26175255
0,0.27340785
0,0.2658278
0,0.26943034
0,0.26406106
0,0.26570007
0,0.26093504
0,0.25530332
0,0.25671118
0,0.25198677
0,0.2536178
0,0.24949184
0,0.25297487
0,0.2481624
0,0.25081545
0,0.24717964
0,0.2498283
0,0.2567628
0,0.24986012
0,0.26282105
0,0.255503
0,0.2652861
0,0.2576786
0,0.2617693
0,0.25712338
0,0.24986334
0,0.25157526
0,0.25622186
0,0.25231004
0,0.25602812
0,0.24538803
0,0.24857983
0,0.25888652
0,0.25697616
0,0.26376638
0,0.26012704
0,0.26552388
0,0.26163357
0,0.26614755
0,0.26215503
0,0.25592774
0,0.26475346
0,0.26583526
0,0.26299053
0,0.2660203
0,0.2619965
0,0.25480875
0,0.25762433
0,0.26290318
0,0.27048126
0,0.27493456
0,0.26094276
0,0.26538405
0,0.26117712
0,0.26404586
0,0.25954705
0,0.2629712
0,0.26132834
0,0.25253764
0,0.25498217
0,0.2588324
0,0.25639307
0,0.25899622
0,0.25667977
0,0.25864694
0,0.25604147
0,0.25848043
0,0.255917
0,0.25802204
0,0.24429347
0,0.25295347
0,0.25066724
0,0.38338768
0,0.30470145
0,0.28879565
0,0.27503255
0,0.27149042
0,0.26362985
0,0.26299527
0,0.2590427
0,0.2640137
0,0.265662
0,0.2607186
0,0.26603234
0,0.2642644
0,0.25654396
0,0.2568086
0,0.25903678
0,0.25623518
0,0.26227447
0,0.25699958
0,0.26049873
0,0.2675708
0,0.26726925
0,0.2597174
0,0.2655111
0,0.25901186
0,0.25305197
0,0.25279537
0,0.2591694
0,0.25369778
0,0.24867795
0,0.25878954
0,0.25201204
0,0.2612488
0,0.26050866
0,0.26486906
0,0.26262242
0,0.25148338
0,0.25759727
0,0.25201187
0,0.25919092
0,0.26245147
0,0.2597525
0,0.25291905
0,0.25815007
0,0.25101933
0,0.26609936
0,0.2538905
0,0.25623423
0,0.26048082
0,0.26905102
0,0.27017748
0,0.2634893
0,0.2653492
0,0.26432425
0,0.2645936
0,0.2623286
0,0.26441512
0,0.25993457
0,0.25182915
0,0.2549216
0,0.25950098
0,0.25615984
0,0.2593265
0,0.2575927
0,0.24898116
0,0.25476655
0,0.24662407
0,0.25053325
0,0.254748
0,0.25186646
0,0.25763065
0,0.25330478
0,0.25704738
0,0.2527325
0,0.2590989
0,0.25293174
0,0.25663182
0,0.2529418
0,0.25619552
0,0.26511
0,0.2599027
0,0.25757837
0,0.2592506
0,0.25354254
0,0.25517175
0,0.26158586
0,0.25739542
0,0.26235327
0,0.25837323
0,0.25786483
0,0.25633228
0,0.25073233
0,0.2549688
0,0.2595924
0,0.2563384
0,0.26041728
0,0.2564006
0,0.25994012
0,0.26678768
0,0.2630576
0,0.2624952
0,0.25154823
0,0.25309765
0,0.25765035
0,0.25442708
0,0.2574973
0,0.2535159
0,0.25800964
0,0.25675693
0,0.25238058
0,0.25191274
0,0.25921208
0,0.2640507
0,0.26057297
0,0.25514886
0,0.25726363
0,0.2639963
0,0.26095536
0,0.25734046
0,0.26418206
0,0.26865962
0,0.26265636
0,0.26645964
0,0.26149976
0,0.26552695
0,0.2698115
0,0.26882726
0,0.2643666
0,0.26106888
0,0.26360434
0,0.2555678
0,0.267236
0,0.266543
0,0.26330757
0,0.2548323
0,0.25521657
0,0.24977906
0,0.2521338
0,0.25704148
0,0.25333527
0,0.25796062
0,0.25468117
0,0.2583028
0,0.25409636
0,0.24728666
0,0.25956148
0,0.25820374
0,0.26363835
0,0.27270874
0,0.27042255
0,0.26631993
0,0.26982453
0,0.26416126
0,0.26837644
0,0.264109
0,0.25715405
0,0.25818697
0,0.26369172
0,0.27175233
0,0.26952943
0,0.26313406
0,0.26698768
0,0.26115265
0,0.2552163
0,0.25597167
0,0.2509214
0,0.2530225
0,0.24903397
0,0.25076756
0,0.24760047
0,0.26031047
0,0.26142296
0,0.25492102
0,0.26140928
0,0.26570717
0,0.26508927
0,0.25737393
0,0.26700372
0,0.26800868
0,0.2569835
0,0.253781
0,0.25928402
0,0.26331812
0,0.26218504
0,0.27028403
0,0.26603994
0,0.26729208
0,0.2652109
0,0.26604712
0,0.26416683
0,0.26581675
0,0.26312307
0,0.25409186
0,0.26290435
0,0.25347987
0,0.25729626
0,0.2690983
0,0.26222906
0,0.25266817
0,0.26834092
0,0.26349986
0,0.26067975
0,0.26214054
0,0.25959474
0,0.2721051
0,0.26264796
0,0.2641394
0,0.2601198
0,0.25984648
0,0.2570479
0,0.2578806
0,0.25520408
0,0.25584015
0,0.25338262
0,0.25477794
0,0.25212374
0,0.25370732
0,0.25213715
0,0.2525772
0,0.2505236
0,0.2597103
0,0.25274014
0,0.25297484
0,0.2529353
0,0.256374
0,0.26208687
0,0.25727758
0,0.26457322
0,0.25704393
0,0.25337702
0,0.25212923
0,0.25974
0,0.25324923
0,0.2506167
0,0.24927309
0,0.24653792
0,0.25716844
0,0.26005864
0,0.25249258
0,0.248166
0,0.2580377
0,0.25903082
0,0.25163394
0,0.2556018
0,0.26036352
0,0.24970326
0,0.24814312
0,0.25469404
0,0.25922358
0,0.24870121
0,0.24725708
0,0.253562
0,0.2580489
0,0.25325733
0,0.25842923
0,0.2479468
0,0.2560815
0,0.25745893
0,0.2483718
0,0.24387309
0,0.25212148
0,0.25328532
0,0.2558061
0,0.2622651
0,0.27287033
0,0.26412824
0,0.26628658
0,0.2617265
0,0.26108393
0,0.26113722
0,0.26310167
0,0.26044175
0,0.26021013
0,0.25373387
0,0.25788406
0,0.2559052
0,0.2567591
0,0.26367468
0,0.25956395
0,0.26806104
0,0.2617727
0,0.2589736
0,0.25803548
0,0.2509909
0,0.25398204
0,0.25658107
0,0.25530437
0,0.2533957
0,0.25437778
0,0.25223044
0,0.25287923
0,0.25077182
0,0.25408983
0,0.25095046
0,0.2509816
0,0.24880877
0,0.25016502
0,0.24784456
0,0.248917
0,0.24670169
0,0.24729438
0,0.25537953
0,0.2544477
0,0.24872091
0,0.25891435
0,0.2501736
0,0.2522691
0,0.24720511
0,0.2585134
0,0.25940788
0,0.26228896
0,0.25218925
0,0.26015127
0,0.25034568
0,0.2586758
0,0.24861845
0,0.25705814
0,0.25827602
0,0.26108137
0,0.26071802
0,0.2655113
0,0.26775295
0,0.2545285
0,0.2599947
0,0.26069796
0,0.25122967
0,0.25898793
0,0.25928017
0,0.2605705
0,0.26027268
0,0.26139662
0,0.26112166
0,0.250537
0,0.2561318
0,0.2584922
0,0.2575193
0,0.25861296
0,0.25801787
0,0.25866655
0,0.2576457
0,0.26277435
0,0.25855172
0,0.25810033
0,0.26186553
0,0.25899374
0,0.2570269
0,0.2558595
0,0.2670179
0,0.2597263
0,0.25800687
0,0.2560808
0,0.26597968
0,0.25806653
0,0.25190005
0,0.25248733
0,0.26932466
0,0.26867607
0,0.26011112
0,0.26718107
0,0.25848198
0,0.25589338
0,0.26455492
0,0.25617144
0,0.2534557
0,0.25209257
0,0.26092702
0,0.264166
0,0.25522032
0,0.2628667
0,0.25478077
0,0.26190302
0,0.2534691
0,0.26077312
0,0.2626702
0,0.25330532
0,0.25036165
0,0.25874162
0,0.26090717
0,0.2513946
0,0.24846162
0,0.2565116
0,0.25903758
0,0.26022723
0,0.26239383
0,0.26229504
0,0.2533093
0,0.24958201
0,0.25717756
0,0.25754508
0,0.2486597
0,0.25488037
0,0.25017166
0,0.2544471
0,0.25109327
0,0.25454932
0,0.25636792
0,0.25677538
0,0.2566696
0,0.25356463
0,0.25636145
0,0.25646466
0,0.2678253
0,0.26283073
0,0.2553366
0,0.25455314
0,0.25575796
0,0.25593388
0,0.25459173
0,0.2545979
0,0.25428793
0,0.25357667
0,0.25337332
0,0.2618093
0,0.25122026
0,0.2649089
0,0.25697294
0,0.25518024
0,0.26451686
0,0.2564809
0,0.25475094
0,0.25254053
0,0.26139733
0,0.25434947
0,0.25248158
0,0.26671618
0,0.27125925
0,0.2588305
0,0.25524023
0,0.26756722
0,0.2668212
0,0.2680736
0,0.25718328
0,0.26397812
0,0.2549704
0,0.26209775
0,0.25320706
0,0.26087406
0,0.2623945
0,0.26383922
0,0.2581529
0,0.25239238
0,0.24881725
0,0.24677649
0,0.24718468
0,0.25482374
0,0.24767853
0,0.2447326
0,0.25268248
0,0.24577431
0,0.25289202
0,0.2556752
0,0.25650057
0,0.2578425
0,0.2577745
0,0.2480935
0,0.2541486
0,0.24592057
0,0.25239265
0,0.25602147
0,0.25165075
0,0.26577368
0,0.25879404
0,0.25895023
0,0.25942364
0,0.25806314
0,0.25668013
0,0.25670242
0,0.25529495
0,0.25539744
0,0.25479335
0,0.2665173
0,0.27012753
0,0.26291615
0,0.2592234
0,0.2636931
0,0.2584082
0,0.25786483
0,0.25546873
0,0.2555689
0,0.26500893
0,0.25852904
0,0.25581878
0,0.25505626
0,0.26425925
0,0.2576887
0,0.25497085
0,0.25421172
0,0.26318368
0,0.25637835
0,0.2636429
0,0.25670925
0,0.25307608
0,0.25337043
0,0.25648156
0,0.2531878
0,0.26162162
0,0.2549002
0,0.2517685
0,0.25147808
0,0.26010987
0,0.25344378
0,0.24916671
0,0.2603036
0,0.25637394
0,0.25154456
0,0.2585635
0,0.25123456
0,0.24788813
0,0.25855088
0,0.2493969
0,0.24804288
0,0.2456558
0,0.25536016
0,0.26041624
0,0.25122955
0,0.24867289
0,0.25686648
0,0.24662894
0,0.25696978
0,0.25767
0,0.25034627
0,0.2608563
0,0.25038224
0,0.25174087
0,0.24653563
0,0.252981
0,0.24606997
0,0.2527252
0,0.2557308
0,0.25603163
0,0.25853103
0,0.25876603
0,0.2602081
0,0.2587617
0,0.25963208
0,0.25840136
0,0.2701421
0,0.26287907
0,0.2615344
0,0.26045024
0,0.25955784
0,0.25914755
0,0.26360017
0,0.26016727
0,0.2712094
0,0.26316282
0,0.26574224
0,0.26391858
0,0.27088958
0,0.25261265
0,0.2572843
0,0.25602663
0,0.2670909
0,0.26390144
0,0.27274698
0,0.2627658
0,0.27203724
0,0.2618832
0,0.26120737
0,0.26018342
0,0.2595543
0,0.25577784
0,0.2560196
0,0.25380647
0,0.25466576
0,0.2562487
0,0.25527188
0,0.25174534
0,0.26416534
0,0.25555328
0,0.2636615
0,0.2662482
0,0.25596613
0,0.25334024
0,0.25414538
0,0.25430954
0,0.25228715
0,0.2537265
0,0.25189003
0,0.2589842
0,0.252645
0,0.26722896
0,0.25653568
0,0.26122448
0,0.2553959
0,0.24934632
0,0.24954034
0,0.25505242
0,0.2538328
0,0.2468787
0,0.24761008
0,0.26948106
0,0.26587462
0,0.26822802
0,0.25731346
0,0.26095775
0,0.26482877
0,0.26242435
0,0.26513144
0,0.2639796
0,0.255431
0,0.27000132
0,0.26768175
0,0.26367724
0,0.265492
0,0.27322733
0,0.26895198
0,0.26435718
0,0.27081335
0,0.26448298
0,0.25507873
0,0.26072726
0,0.25225228
0,0.2605215
0,0.26174483
0,0.25934455
0,0.2521335
0,0.25458467
0,0.26079684
0,0.26820984
0,0.26497722
0,0.26258332
0,0.25276294
0,0.25456348
0,0.25878972
0,0.25364766
0,0.26059723
0,0.25582886
0,0.24924126
0,0.26431367
0,0.25004938
0,0.25330713
0,0.25572067
0,0.24889252
0,0.25384974
0,0.2527701
0,0.25466985
0,0.2514275
0,0.25355998
0,0.25037938
0,0.25299537
0,0.2604464
0,0.2566593
0,0.25239322
0,0.2538633
0,0.26068726
0,0.25670624
0,0.262773
0,0.26564053
0,0.25445262
0,0.25915092
0,0.25148684
0,0.25252858
0,0.24785599
0,0.24933408
0,0.25653931
0,0.25156483
0,0.25729483
0,0.26282254
0,0.250791
0,0.2612108
0,0.26011232
0,0.25329137
0,0.24752688
0,0.24769393
0,0.25000897
0,0.24732792
0,0.25426143
0,0.24855137
0,0.26322258
0,0.25251275
0,0.25686538
0,0.26163387
0,0.26019418
0,0.2527152
0,0.26336306
0,0.2537474
0,0.25684354
0,0.26025632
0,0.25862873
0,0.25080603
0,0.25526932
0,0.2477057
0,0.25322104
0,0.25676283
0,0.25995287
0,0.24915184
0,0.25346357
0,0.24553013
0,0.25122195
0,0.25396034
0,0.24276112
0,0.26226434
0,0.2557497
0,0.25708553
0,0.2554528
0,0.25719783
0,0.25469363
0,0.25569072
0,0.25407025
0,0.2551466
0,0.25359246
0,0.25487232
0,0.2553327
0,0.2549644
0,0.26513487
0,0.25871766
0,0.2605547
0,0.25703928
0,0.25401127
0,0.25411767
0,0.2520266
0,0.25262716
0,0.25054473
0,0.25129974
0,0.25327024
0,0.2516963
0,0.26027504
0,0.25454015
0,0.2732533
0,0.25973806
0,0.2550079
0,0.25308126
0,0.24995352
0,0.24973917
0,0.25738996
0,0.2726523
0,0.266997
0,0.26226413
0,0.2536208
0,0.26271772
0,0.25154635
0,0.25004262
0,0.24716437
0,0.24593763
0,0.24229535
0,0.25614637
0,0.25622484
0,0.24846174
0,0.24413602
0,0.24314788
0,0.24012299
0,0.24045669
0,0.3485171
0,0.2831809
0,0.27773508
0,0.26130864
0,0.26334965
0,0.26340342
0,0.26042894
0,0.2606552
0,0.25861263
0,0.25953937
0,0.25773078
0,0.2588061
0,0.2564184
0,0.25674638
0,0.25557214
0,0.25791627
0,0.25567952
0,0.25605118
0,0.2656742
0,0.25944012
0,0.25717482
0,0.25666338
0,0.25130278
0,0.25329277
0,0.26349676
0,0.2570616
0,0.25501817
0,0.25408813
0,0.25455412
0,0.2531111
0,0.25193948
0,0.25112134
0,0.25055313
0,0.25026774
0,0.24761511
0,0.24840589
0,0.24770948
0,0.24772711
0,0.25804552
0,0.26198867
0,0.264008
0,0.255742
0,0.25319585
0,0.26174322
0,0.2525036
0,0.25375962
0,0.25991395
0,0.2528114
0,0.2684156
0,0.26647997
0,0.26771918
0,0.2584807
0,0.2629262
0,0.2650273
0,0.25355923
0,0.26139122
0,0.25285932
0,0.24924868
0,0.24601158
0,0.25470078
0,0.24680062
0,0.2443934
0,0.2521119
0,0.25589514
0,0.24858363
0,0.25703442
0,0.25731087
0,0.24862006
0,0.25412786
0,0.25826424
0,0.25991037
0,0.25953984
0,0.247898
0,0.24462973
0,0.25119174
0,0.2538563
0,0.25375026
0,0.25967684
0,0.24533348
0,0.2600222
0,0.2548416
0,0.2558663
0,0.2550031
0,0.2549022
0,0.2535204
0,0.254236
0,0.25290477
0,0.25344524
0,0.25239244
0,0.25335383
0,0.2464115
0,0.2501468
0,0.24942386
0,0.24970095
0,0.24877612
0,0.24945292
0,0.24812713
0,0.2486743
0,0.25797096
0,0.25231406
0,0.24944586
0,0.2490931
0,0.26267707
0,0.25411862
0,0.2511092
0,0.2606382
0,0.25307712
0,0.25054276
0,0.25967345
0,0.26297486
0,0.26428366
0,0.25554103
0,0.25122628
0,0.25012657
0,0.26524448
0,0.2641668
0,0.27285463
0,0.25797853
0,0.2526774
0,0.26004055
0,0.25632155
0,0.2500766
0,0.25912306
0,0.2603968
0,0.26178515
0,0.26258406
0,0.25151643
0,0.24772009
0,0.27735123
0,0.26652673
0,0.2643487
0,0.2637593
0,0.2623901
0,0.25286937
0,0.25760645
0,0.25850192
0,0.25857767
0,0.25959074
0,0.25919577
0,0.25897726
0,0.2580475
0,0.25946605
0,0.25793964
0,0.26953736
0,0.26330552
0,0.26136303
0,0.2585512
0,0.25772658
0,0.25680214
0,0.2564875
0,0.2549596
0,0.2548523
0,0.2540258
0,0.2645227
0,0.25825626
0,0.25612754
0,0.2548378
0,0.2557518
0,0.25433767
0,0.2522266
0,0.26204196
0,0.25443324
0,0.2531468
0,0.26222637
0,0.2656486
0,0.2676425
0,0.2584061
0,0.2547307
0,0.25213104
0,0.25025147
0,0.25949872
0,0.2756423
0,0.25882298
0,0.26519138
0,0.25561005
0,0.25219733
0,0.2495002
0,0.2586397
0,0.26167148
0,0.26356626
0,0.26417413
0,0.2549174
0,0.26169872
0,0.25309965
0,0.25954804
0,0.27366075
0,0.2574853
0,0.2570148
0,0.26147595
0,0.263103
0,0.26300022
0,0.2638786
0,0.2728826
0,0.26743716
0,0.25472182
0,0.2606905
0,0.26118693
0,0.2617899
0,0.26165152
0,0.2617849
0,0.25694397
0,0.259281
0,0.25995752
0,0.24981935
0,0.26781243
0,0.26187
0,0.26145825
0,0.26116154
0,0.26049682
0,0.25980878
0,0.3463632
0,0.29353982
0,0.28190246
0,0.2742448
0,0.27380797
0,0.26751012
0,0.26388988
0,0.26210514
0,0.26096714
0,0.25970405
0,0.2630034
0,0.27041644
0,0.2623239
0,0.25942445
0,0.258212
0,0.25629985
0,0.2555591
0,0.25886276
0,0.26654795
0,0.26990005
0,0.28912383
0,0.26868868
0,0.26388624
0,0.26020253
0,0.25724423
0,0.25523832
0,0.26404577
0,0.2564628
0,0.25329396
0,0.252625
0,0.25996542
0,0.26172692
0,0.26467657
0,0.25631604
0,0.26345682
0,0.2555381
0,0.2514801
0,0.24994378
0,0.24765573
0,0.25743774
0,0.26004532
0,0.27634484
0,0.26909146
0,0.2687846
0,0.25798997
0,0.26381207
0,0.26416954
0,0.2548858
0,0.25013098
0,0.2494203
0,0.2535466
0,0.2576442
0,0.2588845
0,0.2508634
0,0.2570382
0,0.24807855
0,0.25519732
0,0.25676847
0,0.2580446
0,0.26258543
0,0.26032886
0,0.2642051
0,0.26107556
0,0.2607528
0,0.2598258
0,0.25970167
0,0.25908998
0,0.25902578
0,0.25873348
0,0.25849903
0,0.25848386
0,0.25783998
0,0.25061724
0,0.253956
0,0.25426272
0,0.25430882
0,0.26640958
0,0.25988996
0,0.25790602
0,0.26699317
0,0.26033273
0,0.2584467
0,0.2678497
0,0.2705495
0,0.2621859
0,0.25878477
0,0.26129767
0,0.25624627
0,0.25520426
0,0.25288257
0,0.25240132
0,0.25115818
0,0.25014588
0,0.24894235
0,0.24861704
0,0.25844112
0,0.26368347
0,0.25467756
0,0.26287833
0,0.26518962
0,0.25700668
0,0.2641024
0,0.26710966
0,0.2568464
0,0.2530979
0,0.26146227
0,0.25233114
0,0.26478824
0,0.25311634
0,0.2501008
0,0.25870356
0,0.26167503
0,0.26235366
0,0.26494688
0,0.25374573
0,0.25031334
0,0.25866598
0,0.260399
0,0.24991527
0,0.2482953
0,0.25903913
0,0.24947387
0,0.25653332
0,0.25896537
0,0.24936825
0,0.24656427
0,0.24286339
0,0.24165693
0,0.24976073
0,0.25347105
0,0.26274723
0,0.24901478
0,0.24406151
0,0.25188988
0,0.25340262
0,0.2551786
0,0.27776232
0,0.26612675
0,0.2633658
0,0.26217312
0,0.26641476
0,0.26253918
0,0.26081273
0,0.25974458
0,0.2586348
0,0.2584952
0,0.25747868
0,0.25734484
0,0.2567967
0,0.25703484
0,0.25130802
0,0.26519257
0,0.25841582
0,0.25718737
0,0.25615942
0,0.2563853
0,0.2549242
0,0.2553779
0,0.25600138
0,0.2663144
0,0.2540635
0,0.2553898
0,0.2518437
0,0.25246522
0,0.25176877
0,0.25679955
0,0.25210014
0,0.262128
0,0.26536107
0,0.25715992
0,0.26505813
0,0.25739652
0,0.26480296
0,0.2568169
0,0.25309056
0,0.2520031
0,0.26005808
0,0.26936033
0,0.25643456
0,0.26571253
0,0.25584015
0,0.2660406
0,0.26520857
0,0.2672709
0,0.25598362
0,0.25312737
0,0.24900427
0,0.2514976
0,0.26866952
0,0.25513673
0,0.2504099
0,0.25961843
0,0.27168903
0,0.2571331
0,0.26194182
0,0.26465055
0,0.25286013
0,0.26133388
0,0.25039607
0,0.24877362
0,0.25458536
0,0.25848582
0,0.24819595
0,0.2566563
0,0.25724012
0,0.2492
0,0.2606971
0,0.24921763
0,0.2554173
0,0.25818056
0,0.25798208
0,0.25957146
0,0.25904605
0,0.26069188
0,0.25950631
0,0.26052365
0,0.26579648
0,0.2632663
0,0.26041147
0,0.2510574
0,0.2545086
0,0.2569618
0,0.25504488
0,0.25751722
0,0.2553805
0,0.2684412
0,0.26002917
0,0.26414022
0,0.2698817
0,0.2635164
0,0.2589736
0,0.25883663
0,0.2563306
0,0.2618007
0,0.25634512
0,0.2562874
0,0.2558166
0,0.25500908
0,0.2544692
0,0.2571456
0,0.2533405
0,0.2536583
0,0.25139222
0,0.25386608
0,0.2534488
0,0.2522645
0,0.24965239
0,0.25010017
0,0.25883818
0,0.253762
0,0.26127443
0,0.25496784
0,0.25143468
0,0.2509646
0,0.2591628
0,0.25352788
0,0.24949233
0,0.24907579
0,0.2461891
0,0.24735323
0,0.2646488
0,0.2644463
0,0.26393646
0,0.26631895
0,0.2652713
0,0.255856
0,0.26128858
0,0.25291446
0,0.2591161
0,0.25141054
0,0.24734977
0,0.24698554
0,0.25615755
0,0.2589252
0,0.2482738
0,0.24922377
0,0.24390885
0,0.2537534
0,0.25521967
0,0.2579124
0,0.2568715
0,0.2592233
0,0.24925667
0,0.25581777
0,0.26817584
0,0.2630046
0,0.26196557
0,0.26170978
0,0.2619209
0,0.26146668
0,0.26000828
0,0.2602826
0,0.26985657
0,0.26344475
0,0.26573673
0,0.27395654
0,0.25887495
0,0.2606888
0,0.2583321
0,0.25856346
0,0.2566611
0,0.25739738
0,0.26433334
0,0.2707946
0,0.26182765
0,0.2647368
0,0.25901797
0,0.2605244
0,0.26802903
0,0.38351092
0,0.30740327
0,0.28877416
0,0.27612695
0,0.2701408
0,0.26419514
0,0.26255828
0,0.2580413
0,0.25735345
0,0.25448745
0,0.25455067
0,0.26315498
0,0.25663322
0,0.26021647
0,0.2553493
0,0.2525492
0,0.25173557
0,0.26541612
0,0.2565646
0,0.26318836
0,0.25626975
0,0.25304547
0,0.2625345
0,0.26415625
0,0.25629875
0,0.26282114
0,0.26603508
0,0.26154298
0,0.26732945
0,0.25584072
0,0.25169647
0,0.25407597
0,0.24908721
0,0.24616198
0,0.2561818
0,0.25752273
0,0.26119304
0,0.25637656
0,0.26611507
0,0.2630447
0,0.26475704
0,0.26323107
0,0.2763319
0,0.2571555
0,0.27255443
0,0.26575387
0,0.25554153
0,0.26543117
0,0.2537791
0,0.25808132
0,0.26039022
0,0.2591575
0,0.26095405
0,0.2591103
0,0.2499971
0,0.25524852
0,0.25721863
0,0.25643197
0,0.2581063
0,0.25676328
0,0.25819027
0,0.25658023
0,0.25809625
0,0.24966185
0,0.25547698
0,0.2559852
0,0.25706497
0,0.2560672
0,0.2655246
0,0.25889632
0,0.25877908
0,0.2568907
0,0.25705686
0,0.2559222
0,0.2556078
0,0.25405917
0,0.25494832
0,0.2530172
0,0.25653723
0,0.25369
0,0.25373623
0,0.25247765
0,0.25273594
0,0.25084797
0,0.262662
0,0.2544312
0,0.25361905
0,0.25194386
0,0.26219645
0,0.2538932
0,0.2526636
0,0.26093742
0,0.25408843
0,0.25158432
0,0.25078166
0,0.2489941
0,0.24851331
0,0.24750197
0,0.25095806
0,0.24707001
0,0.24618065
0,0.24435283
0,0.2441748
0,0.25275657
0,0.24705441
0,0.2547084
0,0.25042057
0,0.24571116
0,0.2447584
0,0.25307715
0,0.247044
0,0.24374576
0,0.24255589
0,0.24063751
0,0.25027227
0,0.26406896
0,0.24940825
0,0.24986719
0,0.24464466
0,0.24118067
0,0.24999557
0,0.2515248
0,0.24383758
0,0.2399819
0,0.24964781
0,0.2513152
0,0.24302891
0,0.25485468
0,0.2544243
0,0.25385144
0,0.33348748
0,0.28685772
0,0.27820757
0,0.2701726
0,0.26660055
0,0.26266783
0,0.26112384
0,0.25903207
0,0.25857592
0,0.2567197
0,0.25713864
0,0.25573874
0,0.25619653
0,0.25510472
0,0.25526267
0,0.25368512
0,0.25452211
0,0.25348023
0,0.253879
0,0.25302553
0,0.2654308
0,0.25696972
0,0.25577623
0,0.26512384
0,0.25748676
0,0.2549266
0,0.25400683
0,0.25297052
0,0.25186673
0,0.25527957
0,0.2550166
0,0.25535363
0,0.25173092
0,0.2656879
0,0.25514475
0,0.2636644
0,0.25481695
0,0.26325405
0,0.2541396
0,0.25224787
0,0.24929188
0,0.25494802
0,0.2596346
0,0.26341423
0,0.26452845
0,0.2556343
0,0.2508005
0,0.249806
0,0.2617608
0,0.2636151
0,0.26295763
0,0.26444796
0,0.26353136
0,0.25434887
0,0.2599646
0,0.26241365
0,0.26204285
0,0.2534752
0,0.25900215
0,0.26109415
0,0.2507645
0,0.25376672
0,0.25644848
0,0.258839
0,0.25896025
0,0.26013735
0,0.2598481
0,0.2607897
0,0.25921124
0,0.24984431
0,0.25502777
0,0.26054755
0,0.25759226
0,0.25861523
0,0.25780886
0,0.25849208
0,0.24637617
0,0.25317413
0,0.2540578
0,0.25482485
0,0.2539676
0,0.2545494
0,0.25315717
0,0.25335944
0,0.2524979
0,0.25272873
0,0.25144088
0,0.25203654
0,0.25100127
0,0.25092432
0,0.24978854
0,0.25045523
0,0.25989258
0,0.2532457
0,0.2615352
0,0.25430107
0,0.25576225
0,0.2523682
0,0.26415765
0,0.26606175
0,0.25553057
0,0.26618794
0,0.2657031
0,0.25716934
0,0.25251243
0,0.25006595
0,0.24786408
0,0.25750515
0,0.2598597
0,0.26236802
0,0.26330793
0,0.25366223
0,0.26030427
0,0.2511514
0,0.2583963
0,0.26031116
0,0.2613134
0,0.25164735
0,0.2585135
0,0.24957351
0,0.24596764
0,0.24342214
0,0.24095702
0,0.24994382
0,0.24253158
0,0.25072014
0,0.2538188
0,0.24500638
0,0.25190827
0,0.25589454
0,0.25694478
0,0.25693208
0,0.25707516
0,0.25749448
0,0.25826615
0,0.24768285
0,0.2540586
0,0.25843444
0,0.256742
0,0.2585487
0,0.2570312
0,0.26272213
0,0.254225
0,0.2555353
0,0.25501117
0,0.25444466
0,0.25418442
0,0.25460798
0,0.26890606
0,0.25938326
0,0.25769594
0,0.25612873
0,0.25553933
0,0.2542867
0,0.2647164
0,0.2569977
0,0.2557243
0,0.25407812
0,0.25354457
0,0.25230193
0,0.25249073
0,0.25121552
0,0.25190967
0,0.26445416
0,0.25604752
0,0.264197
0,0.2576319
0,0.2534674
0,0.25304946
0,0.25022405
0,0.25388855
0,0.24922484
0,0.24964781
0,0.2584354
0,0.2525658
0,0.2486287
0,0.24887718
0,0.2756952
0,0.25830242
0,0.2634026
0,0.2663748
0,0.2594697
0,0.26571307
0,0.25388032
0,0.25140956
0,0.25788453
0,0.26184267
0,0.2616415
0,0.25342864
0,0.24822237
0,0.2471297
0,0.24892189
0,0.2565825
0,0.25709328
0,0.2597585
0,0.2594612
0,0.25029284
0,0.25608972
0,0.25827822
0,0.25783232
0,0.26112255
0,0.2652296
0,0.263102
0,0.26094872
0,0.2661666
0,0.26217422
0,0.2629592
0,0.26042917
0,0.2607296
0,0.24816185
0,0.25466466
0,0.25489414
0,0.25578168
0,0.25585708
0,0.2560338
0,0.2549395
0,0.25572112
0,0.25432682
0,0.26659498
0,0.2584612
0,0.2578984
0,0.2559471
0,0.25661817
0,0.2542769
0,0.2546601
0,0.25280085
0,0.2615879
0,0.2621201
0,0.2570934
0,0.25471863
0,0.25382707
0,0.25153917
0,0.2628894
0,0.26580918
0,0.25758126
0,0.25393882
0,0.2528694
0,0.24995415
0,0.25408012
0,0.26036575
0,0.2537987
0,0.26110253
0,0.25403112
0,0.2610077
0,0.2660746
0,0.25462896
0,0.26305106
0,0.25350812
0,0.2616844
0,0.26261324
0,0.25400394
0,0.26045522
0,0.25275907
0,0.25914484
0,0.26228103
0,0.26281968
0,0.26600868
0,0.25302494
0,0.26295456
0,0.25165817
0,0.24931607
0,0.25535223
0,0.25899118
0,0.26305827
0,0.26508597
0,0.2624603
0,0.26390684
0,0.2632836
0,0.2703131
0,0.26374617
0,0.27619115
0,0.27283755
0,0.2688055
0,0.26545906
0,0.254258
0,0.2580784
0,0.24908963
0,0.24408005
0,0.25363728
0,0.25354844
0,0.2557464
0,0.250259
0,0.25907254
0,0.25593174
0,0.258243
0,0.2560098
0,0.25684
0,0.25544387
0,0.2563751
0,0.2556494
0,0.26408803
0,0.26335418
0,0.2600299
0,0.25658792
0,0.25734174
0,0.25851062
0,0.25707626
0,0.2539392
0,0.2541987
0,0.25249994
0,0.252349
0,0.2544893
0,0.25221315
0,0.26105422
0,0.25693375
0,0.26380438
0,0.25648957
0,0.26895013
0,0.2582796
0,0.25447917
0,0.26345634
0,0.24995182
0,0.25079346
0,0.2591757
0,0.25255036
0,0.259677
0,0.25658533
0,0.2607665
0,0.253641
0,0.25900006
0,0.26408803
0,0.2634641
0,0.26576036
0,0.26466957
0,0.2667287
0,0.26431167
0,0.2555955
0,0.2601931
0,0.2539171
0,0.24787685
0,0.25733534
0,0.25823995
0,0.250438
0,0.25579274
0,0.25966683
0,0.25856414
0,0.26166955
0,0.25955886
0,0.25042534
0,0.25566173
0,0.25900358
0,0.25875795
0,0.24902688
0,0.25681126
0,0.24788982
0,0.25255656
0,0.25963467
0,0.25785592
0,0.25628394
0,0.25563374
0,0.25741696
0,0.255466
0,0.25642803
0,0.25459743
0,0.25600606
0,0.25648126
0,0.25596
0,0.2537307
0,0.25464192
0,0.25354373
0,0.2542534
0,0.26295632
0,0.26139775
0,0.25631756
0,0.2558148
0,0.2531531
0,0.2535797
0,0.25163954
0,0.25268516
0,0.2503406
0,0.2533994
0,0.24968511
0,0.25080314
0,0.25914502
0,0.2541924
0,0.25178027
0,0.25134122
0,0.25060079
0,0.24952833
0,0.262467
0,0.2643821
0,0.25379735
0,0.25199226
0,0.25958994
0,0.25215444
0,0.24832489
0,0.2613138
0,0.26042545
0,0.26762298
0,0.26519752
0,0.2660803
0,0.254061
0,0.26116124
0,0.2576796
0,0.2597821
0,0.26059774
0,0.27040452
0,0.25982654
0,0.26527753
0,0.2599943
0,0.26290587
0,0.26175556
0,0.26303536
0,0.25123653
0,0.25904262
0,0.25839373
0,0.2502224
0,0.25614473
0,0.24814896
0,0.2536263
0,0.25610706
0,0.25639662
0,0.24748403
0,0.25320128
0,0.25555715
0,0.25627136
0,0.25694716
0,0.25721243
0,0.25793412
0,0.2641558
0,0.26010802
0,0.25877032
0,0.25868732
0,0.2575392
0,0.24663395
0,0.25194874
0,0.25314525
0,0.3035573
0,0.27357146
0,0.26672995
0,0.26304227
0,0.25927156
0,0.2579872
0,0.26709732
0,0.2595679
0,0.2677711
0,0.2699088
0,0.26107776
0,0.25884232
0,0.25270572
0,0.25402698
0,0.25321677
0,0.25337136
0,0.26441577
0,0.25637975
0,0.25331515
0,0.25240314
0,0.25040516
0,0.2501137
0,0.2489346
0,0.26277316
0,0.25313714
0,0.26184076
0,0.25297573
0,0.26210448
0,0.2534734
0,0.26230738
0,0.25143048
0,0.2501134
0,0.24700479
0,0.24634227
0,0.2547231
0,0.24818313
0,0.24626543
0,0.24436747
0,0.25313586
0,0.26163626
0,0.24994807
0,0.25781333
0,0.26873305
0,0.25378644
0,0.24979086
0,0.24624062
0,0.25365114
0,0.24526775
0,0.2531286
0,0.2450485
0,0.24768852
0,0.24356931
0,0.25136596
0,0.25295913
0,0.25527823
0,0.25656828
0,0.29300192
0,0.27202335
0,0.26837856
0,0.2702862
0,0.27703002
0,0.2676783
0,0.26515487
0,0.26260266
0,0.26143882
0,0.25968692
0,0.25944984
0,0.2581518
0,0.25786248
0,0.25677967
0,0.25253946
0,0.25420737
0,0.25557795
0,0.26481515
0,0.2592134
0,0.2567191
0,0.25751907
0,0.25491345
0,0.25601357
0,0.25389418
0,0.26053917
0,0.25487578
0,0.2551092
0,0.25296077
0,0.2535973
0,0.25157714
0,0.25174436
0,0.25058162
0,0.25102618
0,0.24956049
0,0.24968985
0,0.24839832
0,0.25983995
0,0.2519972
0,0.25985295
0,0.2618307
0,0.25513387
0,0.25569707
0,0.25225937
0,0.24906842
0,0.25907418
0,0.26122952
0,0.25463215
0,0.2603429
0,0.25290015
0,0.26009443
0,0.2700341
0,0.26637533
0,0.2562984
0,0.25188866
0,0.25991356
0,0.2506636
0,0.25979182
0,0.2609387
0,0.26196736
0,0.26247025
0,0.25243574
0,0.25928056
0,0.2493961
0,0.24833077
0,0.25508255
0,0.2576834
0,0.25914678
0,0.24948896
0,0.24691431
0,0.25394386
0,0.25544918
0,0.24686477
0,0.25833216
0,0.2577369
0,0.26194823
0,0.26365393
0,0.26091397
0,0.26294342
0,0.26074877
0,0.26207057
0,0.25994495
0,0.2598691
0,0.2587092
0,0.25883234
0,0.25899485
0,0.25861594
0,0.25742257
0,0.25766864
0,0.2565798
0,0.2562549
0,0.28200966
0,0.2678195
0,0.2744806
0,0.26629636
0,0.25702944
0,0.26222283
0,0.25853238
0,0.25808337
0,0.25640392
0,0.256634
0,0.25487602
0,0.25529128
0,0.2539712
0,0.25420523
0,0.2531781
0,0.2534646
0,0.2526269
0,0.25292495
0,0.262925
0,0.25651938
0,0.25464746
0,0.2543372
0,0.25187892
0,0.2516919
0,0.2555765
0,0.25251824
0,0.2605329
0,0.2547701
0,0.26201734
0,0.25523606
0,0.25123432
0,0.25044292
0,0.25828132
0,0.26254186
0,0.25238082
0,0.2507542
0,0.2477313
0,0.25473887
0,0.25862086
0,0.2515386
0,0.24787226
0,0.25780413
0,0.2588438
0,0.25137326
0,0.24710914
0,0.2574066
0,0.3025705
0,0.27364606
0,0.2600689
0,0.26628947
0,0.2652056
0,0.26650155
0,0.26433665
0,0.25517607
0,0.24887393
0,0.2543633
0,0.24596877
0,0.25136694
0,0.25377616
0,0.2575515
0,0.25725234
0,0.25925237
0,0.25788328
0,0.24945933
0,0.25371996
0,0.25663406
0,0.26028112
0,0.25939155
0,0.2571248
0,0.25899163
0,0.25852758
0,0.27020106
0,0.26579896
0,0.2631133
0,0.25970423
0,0.25989267
0,0.2556274
0,0.2572824
0,0.25468338
0,0.25659594
0,0.25324607
0,0.25528285
0,0.25207257
0,0.2543994
0,0.25275725
0,0.25379252
0,0.25174543
0,0.2591436
0,0.26329905
0,0.25805765
0,0.26442522
0,0.2583075
0,0.25386718
0,0.25458708
0,0.2618666
0,0.25703982
0,0.26369578
0,0.26169652
0,0.26570773
0,0.2595163
0,0.25349143
0,0.24601327
0,0.2565628
0,0.25229204
0,0.24780764
0,0.24874024
0,0.25563273
0,0.25144735
0,0.25747398
0,0.2641428
0,0.27049267
0,0.25918686
0,0.26218164
0,0.26650617
0,0.25311074
0,0.26386005
0,0.2617188
0,0.2554571
0,0.25964135
0,0.26398334
0,0.2605773
0,0.2772695
0,0.26647007
0,0.2683
0,0.26416296
0,0.266218
0,0.26260808
0,0.25482768
0,0.26012835
0,0.26306298
0,0.25992483
0,0.2530936
0,0.25576296
0,0.2599343
0,0.25695962
0,0.24981262
0,0.2524077
0,0.25715938
0,0.2544311
0,0.2472477
0,0.25063846
0,0.25536335
0,0.25247377
0,0.2673272
0,0.2692401
0,0.26405174
0,0.25854194
0,0.26162198
0,0.25686774
0,0.25856903
0,0.25476548
0,0.25665137
0,0.28054702
0,0.26654592
0,0.25976595
0,0.25966737
0,0.25556636
0,0.25700888
0,0.25442874
0,0.2543685
0,0.26218963
0,0.2573846
0,0.2534189
0,0.2590193
0,0.26313195
0,0.26027977
0,0.2552481
0,0.2614929
0,0.25324553
0,0.25595793
0,0.26112863
0,0.2567553
0,0.26337475
0,0.25707677
0,0.26217914
0,0.25780395
0,0.26695687
0,0.253696
0,0.25055122
0,0.251038
0,0.24761255
0,0.2594085
0,0.2600858
0,0.26460958
0,0.26420778
0,0.25697276
0,0.25117224
0,0.25685623
0,0.25988218
0,0.26386338
0,0.26285896
0,0.255154
0,0.26084885
0,0.26410782
0,0.27027225
0,0.258255
0,0.25110257
0,0.25718486
0,0.27447054
0,0.26940265
0,0.26554796
0,0.25588876
0,0.26246506
0,0.26325828
0,0.2613767
0,0.26682138
0,0.2623447
0,0.25325757
0,0.2692877
0,0.27330104
0,0.26501617
0,0.265222
0,0.2615535
0,0.26269612
0,0.25979713
0,0.2516201
0,0.25416878
0,0.2581897
0,0.25514367
0,0.25909203
0,0.25604516
0,0.25841022
0,0.25467816
0,0.25725526
0,0.25388736
0,0.25644276
0,0.2533502
0,0.25606284
0,0.25264046
0,0.25451097
0,0.2512071
0,0.25439996
0,0.26187164
0,0.25802198
0,0.26985776
0,0.2666098
0,0.2581805
0,0.25912526
0,0.2647269
0,0.25984278
0,0.26565707
0,0.26016954
0,0.25648537
0,0.2571577
0,0.25151363
0,0.25364712
0,0.2596025
0,0.26019946
0,0.2629112
0,0.25780788
0,0.25140944
0,0.25669765
0,0.25973862
0,0.25512186
0,0.25943533
0,0.2543
0,0.24836572
0,0.2494829
0,0.24449824
0,0.24916393
0,0.25373676
0,0.25191775
0,0.2990816
0,0.26799664
0,0.26714218
0,0.26950836
0,0.26481333
0,0.2566572
0,0.25903213
0,0.25279564
0,0.2604868
0,0.27631336
0,0.25399363
0,0.26264906
0,0.2594131
0,0.26282728
0,0.25940606
0,0.25765416
0,0.25774172
0,0.2503037
0,0.2584664
0,0.2592649
0,0.25658777
0,0.24895443
0,0.2520532
0,0.25704935
0,0.25411502
0,0.26405144
0,0.25772417
0,0.25979334
0,0.26681432
0,0.2629868
0,0.26783347
0,0.26335642
0,0.25766796
0,0.2728093
0,0.26014727
0,0.26773396
0,0.2716056
0,0.26639894
0,0.2709175
0,0.26399738
0,0.2576593
0,0.24788733
0,0.24967128
0,0.25287578
0,0.2598078
0,0.25639984
0,0.25161368
0,0.26517877
0,0.25407162
0,0.2551962
0,0.26158965
0,0.24690042
0,0.24836214
0,0.2509646
0,0.24716838
0,0.24997301
0,0.24624266
0,0.24890114
0,0.24456057
0,0.25388598
0,0.24607146
0,0.24822953
0,0.2594665
0,0.25228587
0,0.2467195
0,0.24857521
0,0.25370026
0,0.24941567
0,0.2544864
0,0.2603609
0,0.25900215
0,0.2533977
0,0.24651097
0,0.25829756
0,0.24646322
0,0.25821188
0,0.25734556
0,0.2619304
0,0.25974208
0,0.253686
0,0.25641882
0,0.25035343
0,0.27343208
0,0.26794696
0,0.26319066
0,0.25501198
0,0.2570768
0,0.2619337
0,0.26932266
0,0.2613242
0,0.2596892
0,0.25247285
0,0.2543798
0,0.2485721
0,0.2620932
0,0.25487122
0,0.25423464
0,0.25953695
0,0.26604676
0,0.26352054
0,0.25802654
0,0.25114903
0,0.25264508
0,0.2466106
0,0.25353482
0,0.25592843
0,0.25215057
0,0.2557443
0,0.26253292
0,0.25538537
0,0.25289243
0,0.25596428
0,0.2510377
0,0.2545542
0,0.260415
0,0.257604
0,0.25319234
0,0.255325
0,0.26613894
0,0.24887808
0,0.2547455
0,0.25518775
0,0.24959077
0,0.2549376
0,0.25898898
0,0.25494185
0,0.2602903
0,0.25551936
0,0.24962112
0,0.2508409
0,0.25706244
0,0.25299144
0,0.24727127
0,0.24883597
0,0.2607968
0,0.2755594
0,0.25625098
0,0.26527575
0,0.25203744
0,0.2520935
0,0.25704724
0,0.26241493
0,0.25586137
0,0.25256297
0,0.26820984
0,0.25562376
0,0.2679959
0,0.2557252
0,0.2588792
0,0.26279098
0,0.26038972
0,0.2637602
0,0.25623128
0,0.25117207
0,0.25535068
0,0.26508826
0,0.26434675
0,0.25335473
0,0.24587637
0,0.2556653
0,0.26534957
0,0.26272622
0,0.25924963
0,0.2509593
0,0.25376892
0,0.24749272
0,0.25087652
0,0.255032
0,0.25346136
0,0.24606846
0,0.24990843
0,0.25392327
0,0.25163227
0,0.25454822
0,0.25261313
0,0.255154
0,0.2518481
0,0.25566253
0,0.25215498
0,0.25427815
0,0.2510323
0,0.2531097
0,0.26110306
0,0.25753033
0,0.264704
0,0.2590135
0,0.26466918
0,0.25943717
0,0.26481038
0,0.2601403
0,0.26469985
0,0.2591398
0,0.26413128
0,0.2586305
0,0.26344416
0,0.25972083
0,0.26469842
0,0.25808388
0,0.2524556
0,0.25282058
0,0.25197843
0,0.25093988
0,0.2679476
0,0.25636983
0,0.25073144
0,0.25129113
0,0.257416
0,0.25226086
0,0.25782594
0,0.2524481
0,0.28436604
0,0.27422228
0,0.25894478
0,0.26686367
0,0.26507097
0,0.26699466
0,0.2641861
0,0.25555596
0,0.25963864
0,0.2524356
0,0.25896472
0,0.26086542
0,0.26498953
0,0.2712881
0,0.2643786
0,0.25435394
0,0.25782138
0,0.24966797
0,0.25748396
0,0.2479921
0,0.2533607
0,0.25591356
0,0.25116614
0,0.25580245
0,0.24447383
0,0.2531814
0,0.25280735
0,0.25461885
0,0.25385472
0,0.25505278
0,0.25307894
0,0.2543581
0,0.258807
0,0.25643092
0,0.25482547
0,0.2549609
0,0.25332603
0,0.25874332
0,0.2596812
0,0.2559626
0,0.253567
0,0.2526901
0,0.25637448
0,0.25286213
0,0.2509564
0,0.2506687
0,0.24978206
0,0.24907222
0,0.26235092
0,0.26532805
0,0.2561371
0,0.25350118
0,0.24547607
0,0.24772415
0,0.24694511
0,0.2579406
0,0.26066473
0,0.2637441
0,0.2657556
0,0.25997174
0,0.2635685
0,0.25542983
0,0.2516319
0,0.26381925
0,0.2680603
0,0.26808074
0,0.26645616
0,0.26736167
0,0.25591362
0,0.2523765
0,0.24845856
0,0.24863388
0,0.25599036
0,0.2586627
0,0.26069796
0,0.25056523
0,0.25756952
0,0.24922551
0,0.24603608
0,0.2535576
0,0.25632265
0,0.24766642
0,0.2442088
0,0.2429923
0,0.25114828
0,0.2433147
0,0.25107604
0,0.24332395
0,0.2405174
0,0.24872877
0,0.24122187
0,0.24901518
0,0.25153843
0,0.26383698
0,0.25917745
0,0.25788233
0,0.25746617
0,0.25703746
0,0.26746905
0,0.2605379
0,0.24877289
0,0.25353494
0,0.2533922
0,0.25280356
0,0.25434127
0,0.25286004
0,0.25754073
0,0.25936013
0,0.256603
0,0.2549249
0,0.25404721
0,0.2534954
0,0.2532254
0,0.25324282
0,0.26458833
0,0.2571008
0,0.25526977
0,0.25359952
0,0.25259116
0,0.25340846
0,0.25552776
0,0.2631514
0,0.26149398
0,0.25590894
0,0.2537865
0,0.2525675
0,0.2505335
0,0.2606129
0,0.2615637
0,0.26517245
0,0.25744617
0,0.2640505
0,0.2605431
0,0.25428188
0,0.25102136
0,0.24944726
0,0.24838613
0,0.25728178
0,0.24909078
0,0.24737534
0,0.24511908
0,0.25512886
0,0.25277868
0,0.25822952
0,0.24852192
0,0.25693136
0,0.24785326
0,0.25669602
0,0.25784162
0,0.2606563
0,0.26019514
0,0.26116517
0,0.2602515
0,0.2505372
0,0.2560346
0,0.25818697
0,0.25954643
0,0.2598192
0,0.25890782
0,0.2593558
0,0.26955014
0,0.26376677
0,0.26126033
0,0.2607071
0,0.26499182
0,0.26182175
0,0.25982726
0,0.2490794
0,0.25381586
0,0.25677752
0,0.25572056
0,0.26653036
0,0.25919393
0,0.2587462
0,0.25378045
0,0.25628018
0,0.2585068
0,0.25712278
0,0.25467992
0,0.25552818
0,0.25765073
0,0.25612012
0,0.253683
0,0.2546186
0,0.25635138
0,0.25501823
0,0.26326934
0,0.25852597
0,0.2542222
0,0.2545148
0,0.2618537
0,0.2560574
0,0.26520997
0,0.2577656
0,0.25354528
0,0.25294086
0,0.25009397
0,0.26099232
0,0.26296306
0,0.26638106
0,0.2557674
0,0.26436463
0,0.2647843
0,0.2575905
0,0.26260832
0,0.25529885
0,0.25077823
0,0.26189438
0,0.25176984
0,0.25298664
0,0.2582199
0,0.262812
0,0.25197387
0,0.2505944
0,0.2569568
0,0.25068766
0,0.2466467
0,0.25733995
0,0.24720767
0,0.24662066
0,0.24303326
0,0.24303558
0,0.25956267
0,0.259206
0,0.25882694
0,0.26398993
0,0.25086173
0,0.2578527
0,0.2471555
0,0.24498077
0,0.25152105
0,0.2543711
0,0.25509828
0,0.2502771
0,0.25366995
0,0.2561969
0,0.25541297
0,0.25659028
0,0.25528976
0,0.25664768
0,0.25451928
0,0.25651723
0,0.2543274
0,0.25621697
0,0.25413913
0,0.2554817
0,0.25333422
0,0.2555278
0,0.26375705
0,0.25950187
0,0.25622734
0,0.25721836
0,0.2536703
0,0.25482532
0,0.25021204
0,0.25223723
0,0.25061643
0,0.25174192
0,0.2499469
0,0.2514415
0,0.26004028
0,0.254902
0,0.26236466
0,0.2564451
0,0.26374924
0,0.2569364
0,0.253143
0,0.25279346
0,0.26078874
0,0.26074684
0,0.2644228
0,0.26788548
0,0.2683808
0,0.27070725
0,0.25817308
0,0.2667891
0,0.26647052
0,0.25773606
0,0.2528693
0,0.25114745
0,0.24779034
0,0.25812432
0,0.25065455
0,0.25914386
0,0.2584366
0,0.2623598
0,0.26223782
0,0.26563892
0,0.25333536
0,0.2607411
0,0.26080364
0,0.25216848
0,0.25781617
0,0.2492398
0,0.24555822
0,0.24416101
0,0.2564341
0,0.25714678
0,0.25727794
0,0.25850984
0,0.2579675
0,0.27038014
0,0.26269957
0,0.2660341
0,0.2569365
0,0.25934908
0,0.25813502
0,0.25820136
0,0.25796646
0,0.26207396
0,0.27014682
0,0.26372194
0,0.35436246
0,0.29776663
0,0.27974403
0,0.27345312
0,0.2669108
0,0.26341137
0,0.26028478
0,0.2590228
0,0.2566847
0,0.255797
0,0.2543345
0,0.25428504
0,0.2632714
0,0.25692734
0,0.25439572
0,0.25772786
0,0.2659761
0,0.2685243
0,0.2694954
0,0.2759807
0,0.27345937
0,0.2733887
0,0.27317554
0,0.26237243
0,0.2576387
0,0.26925257
0,0.25759912
0,0.26744872
0,0.25644624
0,0.25496817
0,0.2499058
0,0.24862318
0,0.2574909
0,0.24990669
0,0.25824052
0,0.25055468
0,0.2514432
0,0.2579204
0,0.24965096
0,0.24716662
0,0.25520498
0,0.2482335
0,0.25509915
0,0.24713129
0,0.25461724
0,0.25686055
0,0.25787184
0,0.25881064
0,0.25877044
0,0.2600656
0,0.2752703
0,0.26609823
0,0.26312974
0,0.26259044
0,0.27184573
0,0.26432192
0,0.26096383
0,0.26050258
0,0.25909868
0,0.25809556
0,0.25785604
0,0.2577017
0,0.25639665
0,0.2563732
0,0.25531805
0,0.25549075
0,0.2551362
0,0.25487775
0,0.25442362
0,0.25485712
0,0.25386292
0,0.26517156
0,0.25352338
0,0.25483555
0,0.2558817
0,0.25426623
0,0.2535545
0,0.25347006
0,0.25230697
0,0.25204986
0,0.2510668
0,0.2515757
0,0.24539213
0,0.24880548
0,0.24791943
0,0.24948007
0,0.24832873
0,0.2535231
0,0.2492215
0,0.24875388
0,0.24717237
0,0.2580129
0,0.25532413
0,0.25089645
0,0.24842358
0,0.24864833
0,0.2462415
0,0.24520487
0,0.2546708
0,0.25883326
0,0.26084593
0,0.2626943
0,0.2577384
0,0.25208616
0,0.24835597
0,0.25754672
0,0.2487079
0,0.25696325
0,0.24850509
0,0.24591908
0,0.24382965
0,0.24240524
0,0.24646941
0,0.25325665
0,0.25575185
0,0.24688745
0,0.2437036
0,0.25188428
0,0.24451317
0,0.24156162
0,0.23935692
0,0.24818651
0,0.2508723
0,0.2530788
0,0.25491184
0,0.2556455
0,0.25621945
0,0.25681302
0,0.25701383
0,0.25714463
0,0.25663772
0,0.25655022
0,0.25639167
0,0.2603607
0,0.2575213
0,0.25656128
0,0.25607046
0,0.2554456
0,0.25525728
0,0.25518656
0,0.2558719
0,0.2549621
0,0.2549558
0,0.253979
0,0.2531604
0,0.25312948
0,0.2531327
0,0.25272632
0,0.25279677
0,0.25266165
0,0.2528141
0,0.25208664
0,0.25179976
0,0.2509862
0,0.25130725
0,0.2609271
0,0.27737194
0,0.27232438
0,0.2623937
0,0.26795453
0,0.25995404
0,0.26615825
0,0.2582687
0,0.2645369
0,0.25635076
0,0.2531439
0,0.25154757
0,0.25974053
0,0.25287607
0,0.2493522
0,0.25110564
0,0.2575336
0,0.25100583
0,0.25780532
0,0.26369688
0,0.2630212
0,0.26508
0,0.2535584
0,0.26176488
0,0.25134173
0,0.26060742
0,0.2613195
0,0.25300762
0,0.25859842
0,0.25258008
0,0.2580949
0,0.26098964
0,0.25248674
0,0.2615966
0,0.2604666
0,0.25212646
0,0.26958284
0,0.25854546
0,0.26140752
0,0.25123915
0,0.25583804
0,0.25885072
0,0.2570897
0,0.25181425
0,0.25444812
0,0.25788033
0,0.25581008
0,0.2584654
0,0.24601549
0,0.25383464
0,0.25271842
0,0.2549799
0,0.25329423
0,0.2556849
0,0.25342676
0,0.25725403
0,0.25307938
0,0.256981
0,0.25327855
0,0.24532141
0,0.2583843
0,0.2553812
0,0.25374436
0,0.25470868
0,0.25121137
0,0.24840802
0,0.2583711
0,0.25519925
0,0.2506862
0,0.2524925
0,0.2599421
0,0.25647885
0,0.26190558
0,0.25776625
0,0.26251146
0,0.25754395
0,0.26698318
0,0.2592849
0,0.26339054
0,0.2578313
0,0.26200843
0,0.25683373
0,0.25026575
0,0.25219217
0,0.24695964
0,0.24917659
0,0.25599766
0,0.27428257
0,0.27059358
0,0.26100868
0,0.26301372
0,0.2569965
0,0.26037252
0,0.2547793
0,0.25870776
0,0.25507158
0,0.25800353
0,0.26809832
0,0.26301944
0,0.2715166
0,0.2561047
0,0.25335363
0,0.25636998
0,0.2507501
0,0.2548107
0,0.25990155
0,0.25744286
0,0.2503129
0,0.25389636
0,0.24741893
0,0.25610957
0,0.24753846
0,0.2516109
0,0.24516656
0,0.24587329
0,0.24261539
0,0.24798833
0,0.25232336
0,0.25077635
0,0.25539127
0,0.25272045
0,0.24571465
0,0.24940717
0,0.25278226
0,0.2525272
0,0.25366947
0,0.25195935
0,0.25304502
0,0.25085732
0,0.2633899
0,0.25574073
0,0.259819
0,0.25408503
0,0.2548995
0,0.25214142
0,0.25261647
0,0.26076636
0,0.2555089
0,0.25617415
0,0.25394005
0,0.26136863
0,0.2552066
0,0.2510604
0,0.25598165
0,0.25075883
0,0.2561386
0,0.24957557
0,0.26139727
0,0.26179755
0,0.25576636
0,0.26082304
0,0.2553002
0,0.24932818
0,0.25363365
0,0.2580724
0,0.26064318
0,0.2609239
0,0.2540087
0,0.258362
0,0.25957555
0,0.2600546
0,0.25328937
0,0.25947356
0,0.25209954
0,0.2565094
0,0.25566506
0,0.257081
0,0.2612305
0,0.26364383
0,0.253362
0,0.2577298
0,0.26090816
0,0.2840989
0,0.27147728
0,0.2665184
0,0.2533593
0,0.24871558
0,0.25109532
0,0.25382632
0,0.24648368
0,0.25113863
0,0.2555104
0,0.25423738
0,0.25738758
0,0.25528583
0,0.24701232
0,0.25200015
0,0.2552511
0,0.25510824
0,0.256943
0,0.24703392
0,0.25377482
0,0.25220472
0,0.25494358
0,0.25308874
0,0.2549644
0,0.2522317
0,0.29774642
0,0.27402154
0,0.2799741
0,0.26589492
0,0.25442532
0,0.2651311
0,0.26030672
0,0.26611245
0,0.26075083
0,0.2664258
0,0.26111442
0,0.26609865
0,0.260271
0,0.25440207
0,0.27068824
0,0.25698203
0,0.2572744
0,0.26274493
0,0.2573401
0,0.25656414
0,0.24501279
0,0.24563995
0,0.24839108
0,0.25526887
0,0.25189242
0,0.25764427
0,0.2640927
0,0.26274914
0,0.26748207
0,0.2539521
0,0.25283962
0,0.24694882
0,0.24750827
0,0.25354677
0,0.2596846
0,0.258865
0,0.2520657
0,0.25612336
0,0.28250858
0,0.26669997
0,0.26933584
0,0.2689959
0,0.26873994
0,0.26348174
0,0.2550872
0,0.25661078
0,0.26098248
0,0.2584165
0,0.25649336
0,0.26009488
0,0.26221934
0,0.25861683
0,0.25224113
0,0.2538423
0,0.2583736
0,0.25463632
0,0.2588517
0,0.2544242
0,0.26380464
0,0.25625342
0,0.24928032
0,0.26160648
0,0.2648489
0,0.2578462
0,0.26041475
0,0.25842223
0,0.26050618
0,0.2594885
0,0.25515667
0,0.25179255
0,0.256897
0,0.26220667
0,0.2604923
0,0.2534871
0,0.2578056
0,0.2517335
0,0.255479
0,0.25998157
0,0.25779006
0,0.2614793
0,0.2583714
0,0.26219514
0,0.25975275
0,0.25189924
0,0.25518504
0,0.25885642
0,0.24604449
0,0.24476175
0,0.25471693
0,0.2568725
0,0.25427267
0,0.25741178
0,0.25452083
0,0.2570589
0,0.2541674
0,0.25647002
0,0.2539959
0,0.25738114
0,0.25365785
0,0.255911
0,0.26430094
0,0.25940314
0,0.26608515
0,0.2602809
0,0.255927
0,0.25661728
0,0.25358322
0,0.25459185
0,0.26227903
0,0.2571908
0,0.25214952
0,0.2542922
0,0.25052485
0,0.2522646
0,0.24951613
0,0.250986
0,0.24800657
0,0.26459908
0,0.25309998
0,0.2578588
0,0.26607543
0,0.37946254
0,0.3143384
0,0.28852668
0,0.33197057
0,0.28993532
0,0.27407616
0,0.29044834
0,0.27866608
0,0.26823193
0,0.25898486
0,0.26828352
0,0.2558727
0,0.26935142
0,0.2557386
0,0.25439954
0,0.26384175
0,0.26583755
0,0.264333
0,0.25665992
0,0.25102308
0,0.2504065
0,0.25624102
0,0.2545002
0,0.2579598
0,0.2637006
0,0.26116887
0,0.25373176
0,0.2577822
0,0.26155907
0,0.2598091
0,0.26236466
0,0.25554678
0,0.24991705
0,0.25413764
0,0.25720498
0,0.25641876
0,0.267134
0,0.25960433
0,0.2615131
0,0.25857955
0,0.25997138
0,0.24650982
0,0.25883424
0,0.25457716
0,0.25673988
0,0.2552619
0,0.25642747
0,0.2539809
0,0.26059282
0,0.25969413
0,0.25893143
0,0.48883325
0,0.35800943
0,0.31728634
0,0.30286476
0,0.2876654
0,0.27750978
0,0.26809347
0,0.26958415
0,0.27031562
0,0.26353535
0,0.26908556
0,0.26592553
0,0.26919407
0,0.26220816
0,0.25752315
0,0.2562168
0,0.26298922
0,0.25686842
0,0.25806734
0,0.25481555
0,0.2510222
0,0.2570065
0,0.25085482
0,0.26189095
0,0.25178838
0,0.25196934
0,0.25833768
0,0.25299475
0,0.25325045
0,0.26202786
0,0.26027066
0,0.25393847
0,0.2585108
0,0.25646555
0,0.26306692
0,0.26767847
0,0.26469326
0,0.26765066
0,0.26255068
0,0.25569358
0,0.258934
0,0.2522943
0,0.2566774
0,0.26721525
0,0.2619389
0,0.26560888
0,0.26228058
0,0.25444064
0,0.26111808
0,0.26273125
0,0.26026562
0,0.2522451
0,0.25584093
0,0.2487844
0,0.25765517
0,0.25977704
0,0.2572599
0,0.25998732
0,0.26138327
0,0.25125125
0,0.25454187
0,0.24735102
0,0.2507808
0,0.24556102
0,0.2492317
0,0.243381
0,0.24701597
0,0.25242865
0,0.24952029
0,0.24397625
0,0.253254
0,0.25459725
0,0.2655471
0,0.26005265
0,0.25468162
0,0.25628367
0,0.25173512
0,0.25578168
0,0.25053778
0,0.25314227
0,0.25293034
0,0.25356242
0,0.26393932
0,0.2580048
0,0.2628932
0,0.26180848
0,0.26393276
0,0.26204768
0,0.2536881
0,0.25541702
0,0.25995922
0,0.26040697
0,0.25134015
0,0.2539239
0,0.25844908
0,0.25524685
0,0.26329923
0,0.25695834
0,0.24949935
0,0.25638255
0,0.24753678
0,0.25007325
0,0.25464934
0,0.25176618
0,0.25604343
0,0.25340617
0,0.25626177
0,0.25302547
0,0.26079425
0,0.25495997
0,0.25752792
0,0.33029404
0,0.286877
0,0.2731919
0,0.27165043
0,0.2632122
0,0.25210622
0,0.25370187
0,0.25147504
0,0.25016144
0,0.25278476
0,0.24969599
0,0.25348485
0,0.26041195
0,0.255686
0,0.26216823
0,0.25686556
0,0.26254055
0,0.25761622
0,0.26261866
0,0.25842705
0,0.2630822
0,0.24925564
0,0.25926805
0,0.25392088
0,0.2489427
0,0.2606955
0,0.26557744
0,0.25697824
0,0.25081947
0,0.25103462
0,0.25572312
0,0.25428423
0,0.24718426
0,0.25879705
0,0.25860724
0,0.26300058
0,0.26125488
0,0.25355497
0,0.25834626
0,0.25160763
0,0.25908637
0,0.25091416
0,0.2601719
0,0.2557023
0,0.2575095
0,0.2605987
0,0.2589589
0,0.25081173
0,0.2553407
0,0.24887243
0,0.2531403
0,0.24602468
0,0.2628617
0,0.24954288
0,0.25861275
0,0.2585698
0,0.25662783
0,0.2536917
0,0.25454736
0,0.25802183
0,0.25135654
0,0.2561289
0,0.25537717
0,0.25692558
0,0.25430772
0,0.25606915
0,0.24928695
0,0.2499824
0,0.2555698
0,0.2557065
0,0.25281736
0,0.2553095
0,0.25223103
0,0.25425056
0,0.2551778
0,0.27828938
0,0.26477104
0,0.2614468
0,0.25820574
0,0.25701788
0,0.2573143
0,0.2562265
0,0.2516893
0,0.2526479
0,0.24889728
0,0.25042358
0,0.25830328
0,0.25393364
0,0.24924096
0,0.25035805
0,0.24768472
0,0.25915235
0,0.2495336
0,0.26045465
0,0.25010115
0,0.2501931
0,0.2566062
0,0.26296273
0,0.2620036
0,0.25479472
0,0.2505274
0,0.26053584
0,0.25984874
0,0.2529751
0,0.25872672
0,0.26174223
0,0.2605784
0,0.26407942
0,0.26131532
0,0.2537728
0,0.2572899
0,0.250462
0,0.25457147
0,0.24912503
0,0.2542608
0,0.2554982
0,0.2552686
0,0.24810173
0,0.2522501
0,0.24578846
0,0.25022662
0,0.2440379
0,0.24837199
0,0.253345
0,0.25121874
0,0.2549028
0,0.2525238
0,0.25604188
0,0.2532603
0,0.25562242
0,0.2545521
0,0.25559375
0,0.25460446
0,0.25544894
0,0.24919924
0,0.2572947
0,0.25268072
0,0.25370443
0,0.25102428
0,0.25250036
0,0.25171822
0,0.25205857
0,0.26043418
0,0.25526053
0,0.25166684
0,0.25268596
0,0.26025355
0,0.25472695
0,0.26170692
0,0.25582546
0,0.26259485
0,0.256896
0,0.25184003
0,0.25304937
0,0.24885711
0,0.2500997
0,0.2570506
0,0.24723963
0,0.2460324
0,0.25847754
0,0.24890736
0,0.25322342
0,0.25777677
0,0.2520431
0,0.24778013
0,0.24771532
0,0.2552815
0,0.2601699
0,0.26037532
0,0.26391163
0,0.2630241
0,0.25467575
0,0.2593519
0,0.25217858
0,0.25740457
0,0.26167595
0,0.26272523
0,0.2645291
0,0.26249942
0,0.25395018
0,0.25804964
0,0.25067738
0,0.24552906
0,0.2443911
0,0.2513761
0,0.25134048
0,0.2538223
0,0.24695937
0,0.25290567
0,0.24964257
0,0.25319204
0,0.24668121
0,0.2627088
0,0.25213772
0,0.25474098
0,0.25263318
0,0.25352526
0,0.2564154
0,0.25516167
0,0.25676274
0,0.25507522
0,0.25680894
0,0.28801933
0,0.28141654
0,0.2683807
0,0.267492
0,0.26136506
0,0.26079354
0,0.2570551
0,0.26146945
0,0.25641766
0,0.25708136
0,0.25619853
0,0.25609267
0,0.2533782
0,0.25359684
0,0.2519164
0,0.2525291
0,0.26191175
0,0.25558403
0,0.25243494
0,0.26351604
0,0.2650757
0,0.2584467
0,0.26466435
0,0.25819027
0,0.26435587
0,0.27129164
0,0.26882604
0,0.26133597
0,0.26591176
0,0.25852475
0,0.25320676
0,0.2528167
0,0.25993133
0,0.25357887
0,0.24924539
0,0.24880308
0,0.2463443
0,0.24607137
0,0.2463914
0,0.24614517
0,0.24313979
0,0.24400906
0,0.25219443
0,0.25768536
0,0.26048797
0,0.26244402
0,0.2547545
0,0.25070226
0,0.2459961
0,0.2913365
0,0.26031452
0,0.26603356
0,0.26376733
0,0.2610153
0,0.26091895
0,0.2516426
0,0.25658852
0,0.24863361
0,0.2541505
0,0.24622728
0,0.25299022
0,0.25577322
0,0.25517154
0,0.25258484
0,0.2546595
0,0.25713274
0,0.2564773
0,0.25865313
0,0.26442957
0,0.26748002
0,0.26166767
0,0.2614386
0,0.25907266
0,0.2657676
0,0.26068774
0,0.27167246
0,0.26237646
0,0.2636236
0,0.25942144
0,0.26029304
0,0.26856548
0,0.26272044
0,0.2588288
0,0.25473088
0,0.25483483
0,0.2566374
0,0.25516158
0,0.24611375
0,0.24940531
0,0.2577004
0,0.2634583
0,0.2584681
0,0.25434878
0,0.2611922
0,0.25456148
0,0.2603115
0,0.25358635
0,0.2546045
0,0.25129434
0,0.25156128
0,0.2492743
0,0.2500751
0,0.24814887
0,0.244676
0,0.25524968
0,0.2612951
0,0.26628068
0,0.261106
0,0.25299254
0,0.26280746
0,0.26263425
0,0.26635945
0,0.25423738
0,0.26405138
0,0.25600982
0,0.25281575
0,0.26995292
0,0.25743988
0,0.2509219
0,0.25060213
0,0.25651017
0,0.26095718
0,0.26066688
0,0.27539277
0,0.26637155
0,0.26797894
0,0.26517457
0,0.26872718
0,0.26427907
0,0.26776424
0,0.26327777
0,0.2656768
0,0.27358463
0,0.26917294
0,0.26452512
0,0.25747347
0,0.25944027
0,0.26165664
0,0.2595311
0,0.27265722
0,0.26333475
0,0.26550007
0,0.26098666
0,0.26212743
0,0.25906625
0,0.2659107
0,0.25948858
0,0.26040182
0,0.25758272
0,0.25914273
0,0.25567245
0,0.25780013
0,0.25445905
0,0.26650947
0,0.25721085
0,0.25861338
0,0.25436974
0,0.25612837
0,0.26321095
0,0.2589779
0,0.2661857
0,0.26014885
0,0.25520417
0,0.2518749
0,0.26489055
0,0.2594306
0,0.25415546
0,0.25553158
0,0.26161775
0,0.25709894
0,0.26489982
0,0.25850546
0,0.2629387
0,0.2585507
0,0.2627174
0,0.25798154
0,0.26195982
0,0.26793796
0,0.26534262
0,0.25904974
0,0.25254318
0,0.25322145
0,0.25798082
0,0.26001453
0,0.26105744
0,0.25573984
0,0.26146626
0,0.25568324
0,0.2592421
0,0.2544512
0,0.24832247
0,0.24931288
0,0.25448412
0,0.2562464
0,0.25706077
0,0.25203416
0,0.2560889
0,0.26178634
0,0.25955778
0,0.253195
0,0.25608224
0,0.26106498
0,0.2580547
0,0.25776353
0,0.2565676
0,0.25062603
0,0.2534192
0,0.2583383
0,0.25574574
0,0.24884018
0,0.2522112
0,0.24629642
0,0.24994226
0,0.24391522
0,0.24942057
0,0.2429713
0,0.24716225
0,0.25498694
0,0.25224966
0,0.25518993
0,0.25587526
0,0.25715405
0,0.25372404
0,0.26776513
0,0.25757918
0,0.25426325
0,0.2535619
0,0.25597677
0,0.2522718
0,0.24491899
0,0.24775311
0,0.25125104
0,0.25981018
0,0.2565616
0,0.26270702
0,0.25361976
0,0.25152138
0,0.25367755
0,0.24970296
0,0.2548128
0,0.2603497
0,0.2570611
0,0.25141054
0,0.25345796
0,0.25973833
0,0.25604236
0,0.26185787
0,0.25715393
0,0.25100935
0,0.25279635
0,0.24717823
0,0.2499985
0,0.25609753
0,0.25233102
0,0.25721362
0,0.25375578
0,0.25842798
0,0.25362113
0,0.24833576
0,0.26045442
0,0.25895736
0,0.25367603
0,0.2476239
0,0.25977626
0,0.25837678
0,0.2636875
0,0.26066
0,0.25411874
0,0.2570248
0,0.26250285
0,0.25921395
0,0.26402223
0,0.26016608
0,0.26484856
0,0.26034674
0,0.27613932
0,0.26406878
0,0.2676018
0,0.26208952
0,0.26700142
0,0.26108375
0,0.26858407
0,0.26496476
0,0.266838
0,0.26117796
0,0.25971147
0,0.2571324
0,0.26243097
0,0.25750253
0,0.2509968
0,0.25205204
0,0.2579028
0,0.25338426
0,0.25861388
0,0.25337297
0,0.2587737
0,0.26438132
0,0.26430652
0,0.2572564
0,0.260345
0,0.2651991
0,0.262202
0,0.255739
0,0.25884026
0,0.2532703
0,0.2625875
0,0.25347683
0,0.24667358
0,0.25775605
0,0.25628415
0,0.26045558
0,0.25806132
0,0.2609902
0,0.26283205
0,0.2632713
0,0.25268874
0,0.25928375
0,0.25209016
0,0.25825062
0,0.26061422
0,0.2554349
0,0.25516745
0,0.27009284
0,0.25991344
0,0.26167724
0,0.2633743
0,0.26189718
0,0.25734568
0,0.24859422
0,0.25094515
0,0.25487563
0,0.2626808
0,0.2595496
0,0.25531852
0,0.2578033
0,0.24564882
0,0.25355685
0,0.26220363
0,0.25825801
0,0.26528707
0,0.26078096
0,0.26692235
0,0.2616567
0,0.2561536
0,0.26068452
0,0.2600333
0,0.2588952
0,0.26423308
0,0.26441818
0,0.25597814
0,0.25721928
0,0.25239655
0,0.25993165
0,0.2524292
0,0.25869843
0,0.26246035
0,0.25773284
0,0.26269373
0,0.25835922
0,0.25236934
0,0.26440609
0,0.25278997
0,0.25377315
0,0.24912575
0,0.25541013
0,0.25921115
0,0.25495118
0,0.24894351
0,0.2552114
0,0.25840184
0,0.2544853
0,0.24817044
0,0.24932912
0,0.25518832
0,0.25671646
0,0.25859517
0,0.25407624
0,0.25729293
0,0.25318155
0,0.2569048
0,0.25330338
0,0.25639606
0,0.2519396
0,0.25491107
0,0.2506795
0,0.2539698
0,0.249402
0,0.24247113
0,0.259754
0,0.24457262
0,0.25643504
0,0.25381026
0,0.2603598
0,0.26718765
0,0.25631148
0,0.26208133
0,0.2525657
0,0.25969964
0,0.2506212
0,0.25286067
0,0.24717814
0,0.24933536
0,0.2553463
0,0.2514572
0,0.2565195
0,0.24963786
0,0.25572348
0,0.25135535
0,0.2565719
0,0.25288162
0,0.25656393
0,0.2568039
0,0.25884816
0,0.26421273
0,0.26179582
0,0.25955695
0,0.2603639
0,0.2653231
0,0.26160133
0,0.25537786
0,0.2581467
0,0.26356515
0,0.25996983
0,0.26441902
0,0.26054817
0,0.25897196
0,0.25841954
0,0.2632044
0,0.25958917
0,0.26351663
0,0.25963613
0,0.25289366
0,0.25470236
0,0.26018757
0,0.25604445
0,0.25552323
0,0.2549867
0,0.24978004
0,0.2534172
0,0.2470064
0,0.24992013
0,0.25492445
0,0.2524017
0,0.24601752
0,0.2491789
0,0.24900472
0,0.24915957
0,0.25648972
0,0.26262805
0,0.24940273
0,0.26134315
0,0.25994247
0,0.25408688
0,0.26118162
0,0.25416306
0,0.25982913
0,0.2646311
0,0.2607013
0,0.26552472
0,0.26097614
0,0.25452417
0,0.25699776
0,0.26236814
0,0.25811267
0,0.25237605
0,0.24386229
0,0.25580388
0,0.25375372
0,0.24884528
0,0.25131652
0,0.24677241
0,0.25046977
0,0.24542484
0,0.24899629
0,0.25455248
0,0.25258675
0,0.25674272
0,0.25352526
0,0.26004303
0,0.25518757
0,0.2583289
0,0.2559594
0,0.2587636
0,0.25474265
0,0.25685284
0,0.26093897
0,0.25863078
0,0.32583785
0,0.2846663
0,0.2724576
0,0.2799048
0,0.2661779
0,0.2636568
0,0.25863937
0,0.26921746
0,0.26503742
0,0.26541728
0,0.2630851
0,0.2603496
0,0.27197754
0,0.26279306
0,0.28094152
0,0.26679477
0,0.26068425
0,0.3791634
0,0.310194
0,0.28821886
0,0.28580603
0,0.28404334
0,0.26837453
0,0.26424155
0,0.29996994
0,0.27320963
0,0.26434344
0,0.2619681
0,0.2618635
0,0.25872138
0,0.25340426
0,0.26392135
0,0.25408292
0,0.26484415
0,0.2541666
0,0.2535048
0,0.2609714
0,0.27626374
0,0.264392
0,0.25793472
0,0.2523784
0,0.25876868
0,0.2503975
0,0.26009947
0,0.26012713
0,0.2635046
0,0.25242114
0,0.24955986
0,0.2554817
0,0.25993407
0,0.259083
0,0.25133017
0,0.25611266
0,0.2493123
0,0.25373372
0,0.26874533
0,0.2616406
0,0.2628155
0,0.2497117
0,0.25745615
0,0.25661153
0,0.2482866
0,0.25279328
0,0.2556002
0,0.25452682
0,0.25761586
0,0.2557092
0,0.25790986
0,0.25587624
0,0.2581131
0,0.2560239
0,0.2576453
0,0.2557614
0,0.26141825
0,0.25671294
0,0.2579283
0,0.26753634
0,0.2613477
0,0.2573778
0,0.25819528
0,0.254812
0,0.24957485
0,0.25108144
0,0.252868
0,0.25126335
0,0.36216733
0,0.2957136
0,0.28127602
0,0.28357857
0,0.27128196
0,0.26435727
0,0.2624331
0,0.2701906
0,0.26157206
0,0.25777096
0,0.25702298
0,0.26458356
0,0.25533256
0,0.25386035
0,0.2531384
0,0.24807762
0,0.24987656
0,0.25909552
0,0.25606343
0,0.2521129
0,0.25100675
0,0.2597243
0,0.2628081
0,0.26549214
0,0.26802546
0,0.26804423
0,0.27030253
0,0.269329
0,0.2591733
0,0.2584118
0,0.252478
0,0.24877541
0,0.25347114
0,0.2470886
0,0.25048676
0,0.2453966
0,0.24423765
0,0.2423336
0,0.24199803
0,0.24041547
0,0.23994087
0,0.23834299
0,0.24388109
0,0.2493796
0,0.24281654
0,0.25028202
0,0.2430655
0,0.25046137
0,0.25412872
0,0.2549585
0,0.24701685
0,0.25344315
0,0.26660663
0,0.25954938
0,0.25966078
0,0.25853515
0,0.25850534
0,0.2548822
0,0.2561791
0,0.25549528
0,0.2553686
0,0.25465062
0,0.2682396
0,0.25966033
0,0.2587037
0,0.2568723
0,0.25695693
0,0.25534433
0,0.255236
0,0.25396156
0,0.26669267
0,0.2582634
0,0.26208374
0,0.2576964
0,0.2564482
0,0.25454423
0,0.2548617
0,0.25288138
0,0.2528561
0,0.25117505
0,0.25135687
0,0.24985091
0,0.25005922
0,0.24857357
0,0.24957246
0,0.24782042
0,0.24879698
0,0.25815326
0,0.26709294
0,0.25547534
0,0.2540389
0,0.26144797
0,0.24974886
0,0.25944787
0,0.2641592
0,0.25388804
0,0.253144
0,0.2588082
0,0.2681612
0,0.25416073
0,0.2517704
0,0.2476032
0,0.25270936
0,0.24807076
0,0.24656641
0,0.25352958
0,0.26137805
0,0.25966352
0,0.2515495
0,0.26807988
0,0.26548716
0,0.2632978
0,0.26028895
0,0.2625727
0,0.26204243
0,0.25105372
0,0.24895476
0,0.25835067
0,0.25921032
0,0.25823975
0,0.2632934
0,0.25978792
0,0.24894293
0,0.25412208
0,0.25683016
0,0.25600454
0,0.25808394
0,0.25660625
0,0.25809702
0,0.25678787
0,0.25784174
0,0.26521295
0,0.2561866
0,0.2561041
0,0.25723532
0,0.25468427
0,0.25627708
0,0.2535341
0,0.2558018
0,0.2528211
0,0.25441936
0,0.251958
0,0.24972099
0,0.2499058
0,0.25218338
0,0.25079694
0,0.25269586
0,0.25071993
0,0.25295043
0,0.25003418
0,0.25175765
0,0.249178
0,0.25152293
0,0.2595586
0,0.25972605
0,0.26401806
0,0.2686967
0,0.26843202
0,0.26075667
0,0.25723222
0,0.29019737
0,0.26453874
0,0.2613554
0,0.254724
0,0.2540193
0,0.24931738
0,0.26080585
0,0.26083618
0,0.2774275
0,0.25769258
0,0.2540492
0,0.25969696
0,0.26476577
0,0.2520709
0,0.26221952
0,0.26072326
0,0.25425377
0,0.2585943
0,0.2519609
0,0.2565235
0,0.25055993
0,0.2553075
0,0.253135
0,0.2597003
0,0.26149932
0,0.25937507
0,0.26337805
0,0.2716646
0,0.26783252
0,0.26322788
0,0.2540015
0,0.2604823
0,0.2513644
0,0.25670204
0,0.24989189
0,0.25437582
0,0.2578478
0,0.25493678
0,0.25848582
0,0.26695222
0,0.2545359
0,0.25697866
0,0.2534058
0,0.2529563
0,0.2608993
0,0.26504394
0,0.26133052
0,0.27208218
0,0.27670276
0,0.2630649
0,0.26384884
0,0.2576252
0,0.26544717
0,0.25730607
0,0.25843945
0,0.26556537
0,0.26023963
0,0.265408
0,0.25990534
0,0.2669157
0,0.2614864
0,0.25526476
0,0.256622
0,0.26227266
0,0.25879142
0,0.25229976
0,0.25837943
0,0.2512652
0,0.25298294
0,0.2582164
0,0.26568875
0,0.25156716
0,0.24846683
0,0.24645615
0,0.2598018
0,0.2488002
0,0.2607981
0,0.24892466
0,0.2507925
0,0.24513814
0,0.24709427
0,0.24270883
0,0.25587395
0,0.25570068
0,0.26234168
0,0.2595179
0,0.26449656
0,0.26137364
0,0.254366
0,0.25753304
0,0.2626209
0,0.26221952
0,0.25401327
0,0.26109883
0,0.26273715
0,0.26003936
0,0.2628182
0,0.25911784
0,0.2521401
0,0.25455847
0,0.24754335
0,0.25165725
0,0.26097888
0,0.25109157
0,0.2571389
0,0.26548213
0,0.26194683
0,0.25789204
0,0.2644602
0,0.2578692
0,0.26435727
0,0.26937634
0,0.26453182
0,0.25683182
0,0.25981814
0,0.2555442
0,0.25845516
0,0.25367773
0,0.25688648
0,0.2637004
0,0.26027742
0,0.26510453
0,0.2612858
0,0.26601714
0,0.2611335
0,0.26581195
0,0.27166572
0,0.2754672
0,0.26564142
0,0.25746942
0,0.25833964
0,0.2638368
0,0.25848773
0,0.2682647
0,0.26650986
0,0.26674417
0,0.26016068
0,0.25405526
0,0.2656013
0,0.26449406
0,0.2734187
0,0.26224545
0,0.26870602
0,0.26709354
0,0.26998237
0,0.25706986
0,0.25568405
0,0.2505675
0,0.26608452
0,0.26271832
0,0.266192
0,0.26480523
0,0.26823178
0,0.25467333
0,0.25229177
0,0.24732733
0,0.25742364
0,0.25776005
0,0.26105168
0,0.26075524
0,0.2531201
0,0.25755987
0,0.27206743
0,0.26453257
0,0.2648908
0,0.26249337
0,0.2526283
0,0.257599
0,0.25946873
0,0.25833285
0,0.24966225
0,0.25437573
0,0.25852284
0,0.2528818
0,0.25690317
0,0.2460796
0,0.25945696
0,0.2553013
0,0.26874718
0,0.26426393
0,0.26261222
0,0.2702161
0,0.2646257
0,0.2663431
0,0.26395842
0,0.25914428
0,0.25995195
0,0.25596958
0,0.25809795
0,0.25412908
0,0.2566277
0,0.2530189
0,0.25546458
0,0.2691109
0,0.2627026
0,0.26674488
0,0.26115334
0,0.26742005
0,0.26200205
0,0.2563481
0,0.25693923
0,0.252715
0,0.2578273
0,0.25833485
0,0.25562513
0,0.25607085
0,0.253967
0,0.2619069
0,0.2559524
0,0.26240802
0,0.2564487
0,0.2732832
0,0.26014838
0,0.2604811
0,0.25568518
0,0.25516954
0,0.27521876
0,0.25722376
0,0.25569487
0,0.2610697
0,0.270117
0,0.25576442
0,0.253894
0,0.2549419
0,0.25156224
0,0.25739777
0,0.261732
0,0.26770198
0,0.2667701
0,0.26416475
0,0.2721276
0,0.2769711
0,0.26170075
0,0.26306576
0,0.25532007
0,0.25918117
0,0.26306313
0,0.2652375
0,0.26553917
0,0.26264408
0,0.26537606
0,0.2619367
0,0.26491374
0,0.26095554
0,0.2534171
0,0.25698623
0,0.24971116
0,0.25317484
0,0.26196024
0,0.25869095
0,0.25070235
0,0.25404593
0,0.25810826
0,0.2604553
0,0.26096803
0,0.25097883
0,0.25745913
0,0.25483492
0,0.2581065
0,0.6349614
0,0.54130197
0,0.42069757
0,0.36455154
0,0.3229169
0,0.30312535
0,0.2844672
0,0.27731156
0,0.26771814
0,0.26605326
0,0.26957303
0,0.26796663
0,0.25875068
0,0.25789282
0,0.2579527
0,0.25509533
0,0.2679928
0,0.26031563
0,0.26057547
0,0.25175217
0,0.25518706
0,0.2490398
0,0.24524932
0,0.24686842
0,0.25039387
0,0.24978022
0,0.24683632
0,0.25889006
0,0.26009202
0,0.26633877
0,0.25532454
0,0.26444086
0,0.25323042
0,0.2689127
0,0.2598339
0,0.25526762
0,0.26041034
0,0.26512894
0,0.25333256
0,0.266994
0,0.26507142
0,0.25649694
0,0.26105344
0,0.26458368
0,0.25742686
0,0.2638982
0,0.2616652
0,0.26449332
0,0.2667993
0,0.2556801
0,0.2595308
0,0.2519643
0,0.25675294
0,0.25975183
0,0.261418
0,0.26191795
0,0.26030925
0,0.26145315
0,0.24881431
0,0.26756832
0,0.26085007
0,0.2721148
0,0.2637126
0,0.2720095
0,0.26018673
0,0.26177713
0,0.26055822
0,0.27205524
0,0.26803178
0,0.26385438
0,0.2612512
0,0.26128295
0,0.25878188
0,0.2589877
0,0.2527796
0,0.25561076
0,0.25519383
0,0.2669067
0,0.2591153
0,0.2580488
0,0.26044592
0,0.2574143
0,0.2556089
0,0.25907546
0,0.25551626
0,0.2658492
0,0.25753766
0,0.25667602
0,0.264956
0,0.25857523
0,0.2549915
0,0.25462463
0,0.27252573
0,0.26023033
0,0.25566614
0,0.26551467
0,0.25968993
0,0.2664366
0,0.27113724
0,0.27160633
0,0.269779
0,0.27162203
0,0.270177
0,0.27169582
0,0.26127568
0,0.25793558
0,0.2524812
0,0.25142297
0,0.24806261
0,0.2493486
0,0.24558657
0,0.24622606
0,0.24400465
0,0.25464272
0,0.24630943
0,0.25672725
0,0.2577687
0,0.2614049
0,0.2505191
0,0.25860143
0,0.25931427
0,0.26184738
0,0.2635324
0,0.2523242
0,0.25768626
0,0.24873298
0,0.255797
0,0.25716034
0,0.25713155
0,0.2583095
0,0.25275138
0,0.2563783
0,0.25568473
0,0.25622514
0,0.2610912
0,0.25906947
0,0.25051326
0,0.25468418
0,0.24430421
0,0.2514232
0,0.2520211
0,0.25370902
0,0.26466793
0,0.2589854
0,0.2509931
0,0.25849932
0,0.25907126
0,0.26417926
0,0.25763318
0,0.2571358
0,0.2545232
0,0.2544154
0,0.26393053
0,0.2576589
0,0.2524557
0,0.25370997
0,0.2624534
0,0.25574908
0,0.26397187
0,0.26827267
0,0.26926067
0,0.26357445
0,0.2676686
0,0.25916794
0,0.25632682
0,0.26522785
0,0.2663078
0,0.2584094
0,0.26466864
0,0.2676185
0,0.25783744
0,0.2662442
0,0.26646706
0,0.25751084
0,0.25255522
0,0.25146765
0,0.24799585
0,0.2478867
0,0.24554388
0,0.24522415
0,0.25454536
0,0.25821593
0,0.2601804
0,0.26218602
0,0.26257685
0,0.25835168
0,0.26158616
0,0.26741958
0,0.2635861
0,0.2552959
0,0.25973395
0,0.2548138
0,0.2588199
0,0.25070882
0,0.25623685
0,0.24814737
0,0.25425014
0,0.2470354
0,0.24850725
0,0.25386932
0,0.2546678
0,0.2621186
0,0.2583812
0,0.26117268
0,0.25908107
0,0.25988725
0,0.25900444
0,0.26026183
0,0.25874382
0,0.25889912
0,0.25795442
0,0.25821295
0,0.2622204
0,0.25895366
0,0.25734884
0,0.25724086
0,0.25602415
0,0.2562454
0,0.2556088
0,0.25527942
0,0.2533821
0,0.2649274
0,0.26230332
0,0.25864872
0,0.25566313
0,0.26087156
0,0.2557035
0,0.25547925
0,0.2637638
0,0.25751776
0,0.26570845
0,0.25846574
0,0.26161978
0,0.25690928
0,0.2646055
0,0.26828358
0,0.2691634
0,0.27101138
0,0.26011238
0,0.2574843
0,0.26400113
0,0.2570065
0,0.26032132
0,0.26569045
0,0.2664941
0,0.26840758
0,0.2571198
0,0.26500988
0,0.2548243
0,0.2524117
0,0.26339173
0,0.2642311
0,0.26202214
0,0.26592827
0,0.26496193
0,0.2695017
0,0.26600635
0,0.2563618
0,0.26134264
0,0.26348713
0,0.26255506
0,0.25368923
0,0.2550789
0,0.25084862
0,0.24571247
0,0.24433526
0,0.25139514
0,0.254748
0,0.25621253
0,0.24781881
0,0.2666514
0,0.26150876
0,0.2665492
0,0.2628897
0,0.26125327
0,0.2610759
0,0.26434922
0,0.262558
0,0.27137047
0,0.26498193
0,0.261217
0,0.2614156
0,0.25872108
0,0.25968903
0,0.25679776
0,0.25751853
0,0.2548888
0,0.26726288
0,0.25838232
0,0.2584002
0,0.25507084
0,0.25573727
0,0.25330222
0,0.26282603
0,0.26613706
0,0.26275793
0,0.2569639
0,0.2566791
0,0.26377168
0,0.2578757
0,0.25449696
0,0.25391504
0,0.2548898
0,0.2528242
0,0.26045385
0,0.25475836
0,0.26136848
0,0.25547028
0,0.26240307
0,0.25536937
0,0.26151788
0,0.25493798
0,0.26168427
0,0.26530313
0,0.2649571
0,0.25705415
0,0.2555099
0,0.26365307
0,0.2522425
0,0.26168454
0,0.26171637
0,0.2652885
0,0.2698992
0,0.2730151
0,0.2676389
0,0.2688969
0,0.25511482
0,0.25344366
0,0.25783482
0,0.25218275
0,0.25579932
0,0.25010955
0,0.26119933
0,0.25140324
0,0.25585413
0,0.24896075
0,0.2536921
0,0.25741538
0,0.25588834
0,0.26012397
0,0.2572173
0,0.2494503
0,0.24828592
0,0.24433722
0,0.24918115
0,0.25415024
0,0.25315928
0,0.25654784
0,0.25455296
0,0.25794202
0,0.254525
0,0.2683661
0,0.263752
0,0.26115128
0,0.2570291
0,0.2572899
0,0.25445208
0,0.25577223
0,0.25306773
0,0.25497362
0,0.2520403
0,0.25368294
0,0.25703177
0,0.25470203
0,0.26298434
0,0.2534189
0,0.26273823
0,0.25690374
0,0.25300294
0,0.26418602
0,0.254051
0,0.25605652
0,0.25159094
0,0.25694114
0,0.25103462
0,0.25194013
0,0.26294783
0,0.25508496
0,0.2508867
0,0.2540613
0,0.2487309
0,0.24967551
0,0.24643221
0,0.24742226
0,0.25477517
0,0.26265827
0,0.25205097
0,0.26188302
0,0.25095752
0,0.25037
0,0.2562972
0,0.26099348
0,0.2512877
0,0.25986424
0,0.25906575
0,0.2628848
0,0.26178476
0,0.25364915
0,0.25741583
0,0.25035518
0,0.25485414
0,0.25962123
0,0.26287103
0,0.263709
0,0.2603026
0,0.25260082
0,0.25545475
0,0.25964925
0,0.25672725
0,0.26052988
0,0.26451334
0,0.2635561
0,0.25931668
0,0.2619369
0,0.25856158
0,0.25060946
0,0.25271216
0,0.256747
0,0.25371736
0,0.25782594
0,0.26508167
0,0.26108167
0,0.2558029
0,0.25809526
0,0.2762763
0,0.26703474
0,0.2623796
0,0.26521173
0,0.25649583
0,0.2620807
0,0.2539845
0,0.25518304
0,0.26097295
0,0.25838986
0,0.26007715
0,0.25778654
0,0.26335436
0,0.2592495
0,0.25181115
0,0.25538415
0,0.25986627
0,0.25642583
0,0.26060024
0,0.25610715
0,0.25537938
0,0.25462523
0,0.24768238
0,0.24991436
0,0.25465253
0,0.2513286
0,0.25452128
0,0.2515256
0,0.2551576
0,0.26211527
0,0.25397775
0,0.25897846
0,0.25821126
0,0.26361635
0,0.25995818
0,0.25449145
0,0.26259848
0,0.2535859
0,0.25553575
0,0.26123813
0,0.257408
0,0.25186887
0,0.25436914
0,0.2605924
0,0.2563857
0,0.25054884
0,0.25671706
0,0.2492511
0,0.25133818
0,0.24589422
0,0.24816503
0,0.24461626
0,0.24742922
0,0.24403924
0,0.24629225
0,0.25315908
0,0.2608841
0,0.24954721
0,0.25013888
0,0.255091
0,0.2509142
0,0.2561418
0,0.25123414
0,0.25834912
0,0.25193903
0,0.25604853
0,0.25086004
0,0.25612327
0,0.26110333
0,0.25945428
0,0.26340228
0,0.27640185
0,0.27102998
0,0.26515087
0,0.26807317
0,0.26235494
0,0.25490764
0,0.25720277
0,0.2615495
0,0.26060972
0,0.25250497
0,0.25574026
0,0.24954887
0,0.25330037
0,0.24748579
0,0.25111386
0,0.2462671
0,0.26099285
0,0.26055762
0,0.25687796
0,0.25007945
0,0.25222358
0,0.24669057
0,0.24903959
0,0.24411297
0,0.24767093
0,0.25388992
0,0.25059894
0,0.24563405
0,0.24850054
0,0.25035805
0,0.24851745
0,0.25331137
0,0.25436017
0,0.2669083
0,0.27505633
0,0.26629403
0,0.25902376
0,0.24979426
0,0.26404238
0,0.25465277
0,0.2627356
0,0.26389757
0,0.26633537
0,0.26248738
0,0.25286967
0,0.2561099
0,0.27279568
0,0.262545
0,0.25504062
0,0.26292637
0,0.26418343
0,0.26029947
0,0.2527583
0,0.25980413
0,0.2511347
0,0.26639065
0,0.2533121
0,0.25552988
0,0.24911629
0,0.25866452
0,0.24905849
0,0.2520311
0,0.25619015
0,0.25308615
0,0.2567287
0,0.2532406
0,0.2614341
0,0.26589924
0,0.2776555
0,0.27353156
0,0.26811776
0,0.25923944
0,0.26115984
0,0.26558313
0,0.26224267
0,0.25568563
0,0.25743836
0,0.26240635
0,0.25901487
0,0.25331807
0,0.26682168
0,0.25464338
0,0.25722155
0,0.25111997
0,0.25408256
0,0.24843536
0,0.25154483
0,0.24652283
0,0.2498283
0,0.2666231
0,0.25833064
0,0.25116888
0,0.2521857
0,0.24849075
0,0.2504923
0,0.2550111
0,0.25176394
0,0.26650223
0,0.25812086
0,0.26124486
0,0.25458834
0,0.26876494
0,0.257428
0,0.25840208
0,0.27034235
0,0.25787982
0,0.25456825
0,0.25604305
0,0.26477715
0,0.25901318
0,0.26412392
0,0.2599006
0,0.2647199
0,0.26301968
0,0.26579255
0,0.2627906
0,0.25512627
0,0.26661116
0,0.26636064
0,0.26074407
0,0.26469314
0,0.25860134
0,0.26337388
0,0.2578543
0,0.26576975
0,0.2583612
0,0.25218868
0,0.263729
0,0.26287195
0,0.26303574
0,0.25306153
0,0.25447705
0,0.24835421
0,0.25018093
0,0.25592422
0,0.26259524
0,0.26191804
0,0.26700386
0,0.25321037
0,0.2586597
0,0.26056865
0,0.26522347
0,0.2620143
0,0.25513735
0,0.2583999
0,0.25233388
0,0.25641525
0,0.25179708
0,0.25503498
0,0.24820566
0,0.25313202
0,0.25921023
0,0.2464665
0,0.2566801
0,0.25532874
0,0.24949847
0,0.25322995
0,0.24768092
0,0.25200364
0,0.25039092
0,0.252172
0,0.25658116
0,0.25495937
0,0.24765357
0,0.2552862
0,0.25726563
0,0.25520062
0,0.26241148
0,0.25705323
0,0.25216123
0,0.25416163
0,0.25645715
0,0.25385794
0,0.25603
0,0.25503534
0,0.25674713
0,0.25411844
0,0.25632524
0,0.25422138
0,0.25524703
0,0.25308046
0,0.25501513
0,0.25667065
0,0.25636792
0,0.2641038
0,0.259074
0,0.25534332
0,0.25557154
0,0.25294873
0,0.25361362
0,0.251952
0,0.25220156
0,0.2625475
0,0.257264
0,0.26369056
0,0.29258367
0,0.2777704
0,0.26707292
0,0.25941586
0,0.40268812
0,0.32809547
0,0.30946267
0,0.2949198
0,0.27752385
0,0.277267
0,0.2770779
0,0.276918
0,0.27537525
0,0.27300552
0,0.26281455
0,0.26833305
0,0.25873053
0,0.27513617
0,0.26069668
0,0.26503456
0,0.2568447
0,0.26206318
0,0.25807098
0,0.25278905
0,0.2523122
0,0.24763626
0,0.25777954
0,0.2664281
0,0.2545511
0,0.2595366
0,0.25133044
0,0.25696662
0,0.24977809
0,0.2561779
0,0.2582932
0,0.2578756
0,0.25021213
0,0.25483683
0,0.25895777
0,0.2574336
0,0.2595474
0,0.26240966
0,0.26107198
0,0.26026863
0,0.25559384
0,0.26832741
0,0.26819488
0,0.26227698
0,0.26656294
0,0.2605393
0,0.2600488
0,0.2576028
0,0.25817496
0,0.2558283
0,0.2528322
0,0.25322753
0,0.255057
0,0.25282896
0,0.25474527
0,0.25300807
0,0.25860757
0,0.2546183
0,0.24479394
0,0.24893162
0,0.25690728
0,0.25195315
0,0.25308937
0,0.25124288
0,0.2528455
0,0.26094726
0,0.256118
0,0.26313898
0,0.256956
0,0.26440826
0,0.25811893
0,0.2643057
0,0.2685988
0,0.25768334
0,0.25658435
0,0.25263193
0,0.25321767
0,0.26048103
0,0.26497558
0,0.2546657
0,0.25107417
0,0.25985184
0,0.26394266
0,0.25392488
0,0.2527635
0,0.24924256
0,0.25005072
0,0.2563062
0,0.26131794
0,0.2620535
0,0.25476584
0,0.24992785
0,0.25897464
0,0.25936875
0,0.26890913
0,0.25379643
0,0.25075546
0,0.2563809
0,0.2489695
0,0.25528005
0,0.26272368
0,0.25961614
0,0.26123846
0,0.27184162
0,0.2557194
0,0.27120024
0,0.25470236
0,0.26028046
0,0.27103725
0,0.2754764
0,0.26789582
0,0.2754236
0,0.2683376
0,0.26469985
0,0.26411346
0,0.2611947
0,0.26133752
0,0.2592939
0,0.25868887
0,0.2582859
0,0.25812396
0,0.3708976
0,0.30290765
0,0.28451103
0,0.27544224
0,0.26836082
0,0.2677446
0,0.27240404
0,0.25831148
0,0.26177236
0,0.2592915
0,0.2562146
0,0.25610211
0,0.2638491
0,0.25954443
0,0.25508553
0,0.2603868
0,0.255591
0,0.2503212
0,0.26070252
0,0.2553513
0,0.2623073
0,0.25646242
0,0.26715758
0,0.25801045
0,0.26429048
0,0.26763815
0,0.25645164
0,0.26443294
0,0.27029762
0,0.2709083
0,0.26749757
0,0.26892203
0,0.26813614
0,0.2586022
0,0.26300186
0,0.26599097
0,0.26550418
0,0.2674235
0,0.26564452
0,0.26969135
0,0.25568265
0,0.2635267
0,0.25286618
0,0.25032452
0,0.25622714
0,0.26474613
0,0.26130003
0,0.26417053
0,0.26169118
0,0.2531833
0,0.25738776
0,0.26269698
0,0.2594663
0,0.26242316
0,0.2707901
0,0.25596434
0,0.26004258
0,0.25127143
0,0.25587186
0,0.25915614
0,0.2564792
0,0.26018023
0,0.25767964
0,0.25971827
0,0.25655895
0,0.25890663
0,0.25909817
0,0.26394582
0,0.25805938
0,0.26299798
0,0.25753278
0,0.25850454
0,0.247665
0,0.2539597
0,0.2529378
0,0.25421643
0,0.2520279
0,0.2533805
0,0.25132832
0,0.2530654
0,0.25108626
0,0.25463143
0,0.25170663
0,0.26376897
0,0.26596743
0,0.25949073
0,0.2658962
0,0.25935897
0,0.25563383
0,0.254851
0,0.25220254
0,0.25244787
0,0.2606457
0,0.25547627
0,0.2519636
0,0.25135893
0,0.26810566
0,0.26686236
0,0.25586718
0,0.2533047
0,0.26005018
0,0.25286573
0,0.25979647
0,0.25251597
0,0.24919006
0,0.25911823
0,0.26033086
0,0.26765043
0,0.26499927
0,0.25481582
0,0.2652199
0,0.25387263
0,0.2498123
0,0.25759214
0,0.25917232
0,0.24974671
0,0.24605493
0,0.25466433
0,0.24617508
0,0.24378052
0,0.24216749
0,0.2560944
0,0.25606123
0,0.2492899
0,0.25475565
0,0.25608814
0,0.25674227
0,0.2466394
0,0.2538063
0,0.2557385
0,0.32930994
0,0.28580645
0,0.27743736
0,0.26225558
0,0.27001166
0,0.26843506
0,0.26556504
0,0.2621076
0,0.2611471
0,0.2638359
0,0.2601058
0,0.25817317
0,0.25787166
0,0.25593016
0,0.25623012
0,0.25551468
0,0.25518575
0,0.25918248
0,0.26052314
0,0.25600368
0,0.25566095
0,0.25379166
0,0.25349712
0,0.26361033
0,0.25602216
0,0.2646411
0,0.25772113
0,0.26065415
0,0.26661858
0,0.257709
0,0.25473976
0,0.2514619
0,0.26230797
0,0.2641418
0,0.25686413
0,0.26269257
0,0.25506675
0,0.2562917
0,0.2526648
0,0.26008102
0,0.26474985
0,0.2533736
0,0.26160568
0,0.26234248
0,0.26503596
0,0.25339505
0,0.25079802
0,0.25317386
0,0.2478674
0,0.24532048
0,0.254927
0,0.2580074
0,0.24954368
0,0.256047
0,0.2588969
0,0.25890672
0,0.2603418
0,0.26015764
0,0.2509214
0,0.24556315
0,0.2542137
0,0.2555839
0,0.24700452
0,0.26410198
0,0.26010972
0,0.2595672
0,0.25954643
0,0.2625668
0,0.26047245
0,0.25927094
0,0.25848362
0,0.25777292
0,0.2571597
0,0.25633654
0,0.26027808
0,0.2570988
0,0.25635028
0,0.25516754
0,0.25499168
0,0.25477868
0,0.25394467
0,0.25338212
0,0.25352532
0,0.25385398
0,0.25202012
0,0.25513625
0,0.2519644
0,0.2514093
0,0.25028867
0,0.25641438
0,0.26267216
0,0.26611882
0,0.2683472
0,0.26970676
0,0.27025947
0,0.26070216
0,0.25669742
0,0.2657855
0,0.2596692
0,0.26511872
0,0.26644403
0,0.25682417
0,0.26338273
0,0.26540396
0,0.26570043
0,0.27128103
0,0.26833925
0,0.2576392
0,0.3079293
0,0.27128744
0,0.27580878
0,0.2724815
0,0.27043995
0,0.2587972
0,0.2543296
0,0.26114216
0,0.26280692
0,0.27132586
0,0.26724267
0,0.26700106
0,0.2558589
0,0.25089452
0,0.2577733
0,0.24881774
0,0.25629503
0,0.26270548
0,0.26121733
0,0.26162556
0,0.25674522
0,0.27108943
0,0.26452464
0,0.26670474
0,0.26557305
0,0.26431292
0,0.2630519
0,0.26232132
0,0.26168463
0,0.27180848
0,0.26932272
0,0.25374082
0,0.258235
0,0.3345996
0,0.32794106
0,0.30483904
0,0.29748505
0,0.29177213
0,0.27862352
0,0.27126178
0,0.2758288
0,0.26690975
0,0.2641836
0,0.26183867
0,0.260049
0,0.25935566
0,0.37567335
0,0.30384496
0,0.28576887
0,0.2766771
0,0.26452968
0,0.26271352
0,0.27503598
0,0.26390144
0,0.26046816
0,0.25854155
0,0.25644052
0,0.2546953
0,0.26431194
0,0.25746933
0,0.25086683
0,0.26220438
0,0.26596174
0,0.25733048
0,0.26473448
0,0.26645795
0,0.26773733
0,0.2588469
0,0.26509717
0,0.26558664
0,0.25585544
0,0.2530728
0,0.2505526
0,0.2594281
0,0.25111538
0,0.25916493
0,0.24901433
0,0.24759658
0,0.25553113
0,0.2487219
0,0.24603264
0,0.25944877
0,0.24842432
0,0.25598967
0,0.24754433
0,0.24539147
0,0.24746822
0,0.2476678
0,0.24312909
0,0.25145793
0,0.25421777
0,0.256057
0,0.256511
0,0.2474447
0,0.25373325
0,0.26673576
0,0.2607827
0,0.26110727
0,0.2593593
0,0.25894418
0,0.26205137
0,0.2587974
0,0.2695652
0,0.27325597
0,0.2649992
0,0.26165044
0,0.25959095
0,0.25913957
0,0.25823748
0,0.2619063
0,0.25871596
0,0.2564299
0,0.26776433
0,0.25893527
0,0.25764075
0,0.25955817
0,0.25647023
0,0.25428775
0,0.25375694
0,0.2628349
0,0.25592637
0,0.26476407
0,0.25698155
0,0.25426614
0,0.2531898
0,0.25126624
0,0.2622591
0,0.2575281
0,0.26888752
0,0.25670385
0,0.27158806
0,0.2684522
0,0.2585519
0,0.26569244
0,0.25926828
0,0.2531121
0,0.250837
0,0.24776524
0,0.24670815
0,0.2555033
0,0.25859722
0,0.24987102
0,0.2577761
0,0.24936299
0,0.25639492
0,0.2620316
0,0.26133454
0,0.25205773
0,0.24830519
0,0.25598848
0,0.24792239
0,0.25587127
0,0.25872195
0,0.24901317
0,0.2561681
0,0.25812697
0,0.24852166
0,0.25505844
0,0.256631
0,0.24755259
0,0.25442234
0,0.269576
0,0.26354784
0,0.2619139
0,0.26158
0,0.26035523
0,0.2600364
0,0.26182526
0,0.26016223
0,0.26046687
0,0.256539
0,0.25731403
0,0.25783792
0,0.24684879
0,0.25252697
0,0.25577158
0,0.25514942
0,0.2540983
0,0.2545467
0,0.25841528
0,0.25089148
0,0.25455913
0,0.25348848
0,0.2529475
0,0.25274628
0,0.25664327
0,0.2536476
0,0.25285023
0,0.25225466
0,0.25139862
0,0.2480496
0,0.24908753
0,0.24939637
0,0.25924224
0,0.25477642
0,0.25169352
0,0.26168656
0,0.25383696
0,0.26259375
0,0.25484994
0,0.26357737
0,0.2555088
0,0.2632637
0,0.2654391
0,0.2668347
0,0.25627425
0,0.25318548
0,0.25068372
0,0.2483937
0,0.2516195
0,0.24840437
0,0.24652518
0,0.25537485
0,0.24812035
0,0.25672707
0,0.26022315
0,0.26166633
0,0.25176868
0,0.24906482
0,0.24685407
0,0.25548097
0,0.24732906
0,0.25566173
0,0.2470786
0,0.24439818
0,0.25196892
0,0.24548495
0,0.24198012
0,0.25066707
0,0.25322634
0,0.24906139
0,0.2538389
0,0.25587812
0,0.25634047
0,0.257187
0,0.24617171
0,0.25547907
0,0.25483087
0,0.25648415
0,0.2556672
0,0.25669435
0,0.25628456
0,0.26827446
0,0.26045868
0,0.26787907
0,0.26106322
0,0.26401654
0,0.25908276
0,0.25873458
0,0.25645244
0,0.25662473
0,0.2549443
0,0.2591693
0,0.2550368
0,0.25595897
0,0.25335214
0,0.25412232
0,0.25213563
0,0.2640084
0,0.25551435
0,0.26141205
0,0.26549488
0,0.2592009
0,0.25462562
0,0.25494078
0,0.26273376
0,0.25646675
0,0.25259942
0,0.25336584
0,0.24953945
0,0.24576524
0,0.24532256
0,0.24662903
0,0.24413086
0,0.24970652
0,0.25396997
0,0.2505827
0,0.25612447
0,0.26227117
0,0.25035575
0,0.25545603
0,0.25765872
0,0.25265515
0,0.24608833
0,0.2580086
0,0.25718123
0,0.26262575
0,0.2603277
0,0.25373176
0,0.25850567
0,0.25756708
0,0.2566678
0,0.25116006
0,0.25398356
0,0.24924043
0,0.25264406
0,0.25829527
0,0.26686293
0,0.26519555
0,0.26131672
0,0.25336435
0,0.25990817
0,0.26158848
0,0.25871506
0,0.25138488
0,0.25760794
0,0.24963516
0,0.25166285
0,0.24605502
0,0.24880761
0,0.2578733
0,0.25370336
0,0.24696183
0,0.2597036
0,0.25222117
0,0.25260636
0,0.25595203
0,0.25185588
0,0.2555369
0,0.2620688
0,0.25916564
0,0.26422983
0,0.2618848
0,0.26546723
0,0.26148337
0,0.2543694
0,0.25693604
0,0.26236242
0,0.25920758
0,0.26353803
0,0.25989988
0,0.26312852
0,0.25976178
0,0.25247017
0,0.2550789
0,0.25487003
0,0.26516435
0,0.2631198
0,0.25909615
0,0.2614018
0,0.25795397
0,0.260085
0,0.25740057
0,0.25975722
0,0.256573
0,0.25633198
0,0.2546498
0,0.25812203
0,0.25501433
0,0.25721526
0,0.25408497
0,0.25653848
0,0.25331548
0,0.2556095
0,0.25216874
0,0.254579
0,0.26472807
0,0.25946233
0,0.26569366
0,0.2599777
0,0.25537166
0,0.245922
0,0.24883862
0,0.25092423
0,0.2491943
0,0.25084585
0,0.24785216
0,0.24925074
0,0.24655516
0,0.24751493
0,0.251115
0,0.25030175
0,0.2466814
0,0.26455408
0,0.26269996
0,0.2588305
0,0.26216975
0,0.25654006
0,0.26257867
0,0.26588383
0,0.26005018
0,0.25501
0,0.24926281
0,0.24894658
0,0.25546464
0,0.25155953
0,0.25598857
0,0.250143
0,0.25531483
0,0.26045635
0,0.2639614
0,0.2632495
0,0.2663737
0,0.26677635
0,0.26390955
0,0.27027705
0,0.26451856
0,0.2667728
0,0.26738113
0,0.26721796
0,0.2633803
0,0.2547374
0,0.2643025
0,0.2526229
0,0.25595933
0,0.249159
0,0.2530039
0,0.2567795
0,0.25478768
0,0.24774115
0,0.2512792
0,0.25547794
0,0.2533877
0,0.2606709
0,0.26716325
0,0.26248756
0,0.26147196
0,0.2612606
0,0.25797048
0,0.25890827
0,0.25584027
0,0.2567694
0,0.25402573
0,0.25876412
0,0.25546342
0,0.2545485
0,0.2572301
0,0.2548589
0,0.25229734
0,0.25485235
0,0.26255283
0,0.25571996
0,0.25686005
0,0.25348926
0,0.26174772
0,0.25749117
0,0.26335385
0,0.25750908
0,0.26434577
0,0.25679144
0,0.2632293
0,0.25600627
0,0.26224366
0,0.25509197
0,0.2503138
0,0.2586543
0,0.26726037
0,0.26519918
0,0.2558844
0,0.2624031
0,0.26057348
0,0.29881123
0,0.27573487
0,0.27315256
0,0.26812455
0,0.2644467
0,0.26598042
0,0.25420284
0,0.2579056
0,0.26039284
0,0.25847408
0,0.26562902
0,0.26100978
0,0.2618514
0,0.27172503
0,0.26605096
0,0.26186112
0,0.26219276
0,0.26976812
0,0.26423237
0,0.263877
0,0.2621938
0,0.25867808
0,0.26498652
0,0.25901493
0,0.2598238
0,0.27319273
0,0.2639657
0,0.25985497
0,0.25883487
0,0.2557213
0,0.26686382
0,0.25706515
0,0.25564787
0,0.26016968
0,0.27218974
0,0.25917035
0,0.25773674
0,0.25388366
0,0.2657492
0,0.26315376
0,0.2575078
0,0.26416218
0,0.2563072
0,0.256517
0,0.25446865
0,0.25125238
0,0.29293263
0,0.26506832
0,0.2611051
0,0.3911069
0,0.30879864
0,0.29774398
0,0.27763686
0,0.27821827
0,0.30798042
0,0.28546375
0,0.28629267
0,0.27863052
0,0.26884368
0,0.26525918
0,0.27300394
0,0.26975375
0,0.26917258
0,0.2679508
0,0.2670314
0,0.2663366
0,0.26699567
0,0.2670126
0,0.25499034
0,0.25495663
0,0.26004413
0,0.251642
0,0.2581131
0,0.26460677
0,0.2629069
0,0.26242766
0,0.2557576
0,0.27026364
0,0.2722154
0,0.27036336
0,0.26645952
0,0.268186
0,0.26502955
0,0.26300558
0,0.2513189
0,0.25581202
0,0.26139957
0,0.25845402
0,0.2579997
0,0.25332737
0,0.25833404
0,0.25623682
0,0.2561817
0,0.2552789
0,0.26663902
0,0.2585148
0,0.2588814
0,0.25640613
0,0.26784667
0,0.25976247
0,0.268049
0,0.26018953
0,0.263111
0,0.25828606
0,0.25727686
0,0.25506404
0,0.25239283
0,0.2519673
0,0.25281888
0,0.26172823
0,0.25572184
0,0.25231677
0,0.25214788
0,0.25016966
0,0.25080553
0,0.24920693
0,0.24981707
0,0.24758731
0,0.27765644
0,0.25831777
0,0.25548828
0,0.26198807
0,0.25478438
0,0.26109737
0,0.25809655
0,0.2557568
0,0.2521358
0,0.25881648
0,0.25315303
0,0.25819793
0,0.26174793
0,0.26107463
0,0.2528454
0,0.25895563
0,0.2621713
0,0.26203945
0,0.26428974
0,0.26317227
0,0.26493743
0,0.26308885
0,0.26479033
0,0.2627865
0,0.2641955
0,0.2624312
0,0.2637678
0,0.26218066
0,0.26345566
0,0.26194474
0,0.2510537
0,0.25620916
0,0.2583214
0,0.25751498
0,0.25927177
0,0.25798327
0,0.25940073
0,0.2588234
0,0.25926015
0,0.25810906
0,0.2528042
0,0.25555858
0,0.25623766
0,0.25556043
0,0.25629237
0,0.26668036
0,0.26034793
0,0.25849527
0,0.24682994
0,0.2524544
0,0.25293103
0,0.25309065
0,0.25432736
0,0.25837716
0,0.26651803
0,0.25913498
0,0.26782006
0,0.2599827
0,0.2687755
0,0.2658931
0,0.2609335
0,0.26951906
0,0.26018378
0,0.25787356
0,0.25479516
0,0.25330183
0,0.26604697
0,0.256577
0,0.25343698
0,0.26316023
0,0.26573932
0,0.26831198
0,0.26075047
0,0.26691312
0,0.2605852
0,0.25522292
0,0.25186437
0,0.25037372
0,0.26389816
0,0.25378582
0,0.25487468
0,0.26163578
0,0.2635125
0,0.26534733
0,0.26497075
0,0.26647174
0,0.26492146
0,0.26667795
0,0.26554272
0,0.26656914
0,0.3603439
0,0.3040996
0,0.27694133
0,0.28829253
0,0.2822044
0,0.27460447
0,0.27067965
0,0.26883215
0,0.2651547
0,0.27553245
0,0.26043049
0,0.26937875
0,0.26435944
0,0.2634287
0,0.261179
0,0.2696541
0,0.26343724
0,0.2680318
0,0.2633168
0,0.26254174
0,0.26074928
0,0.26088843
0,0.25841135
0,0.25833678
0,0.2566366
0,0.2615458
0,0.25766847
0,0.26094767
0,0.256362
0,0.2564338
0,0.3728685
0,0.31481466
0,0.2922542
0,0.28427786
0,0.27118638
0,0.2657915
0,0.259445
0,0.25830898
0,0.25445226
0,0.25389588
0,0.26141134
0,0.2602545
0,0.2637745
0,0.25676066
0,0.26150638
0,0.2553776
0,0.26165092
0,0.25488934
0,0.2599856
0,0.25318018
0,0.25929248
0,0.2552827
0,0.25908077
0,0.2531402
0,0.25883546
0,0.27059147
0,0.26458415
0,0.2674385
0,0.26518065
0,0.2827106
0,0.26948833
0,0.2739761
0,0.36988112
0,0.3149086
0,0.30225593
0,0.28833547
0,0.27793294
0,0.27462655
0,0.2688852
0,0.268718
0,0.25883123
0,0.26291066
0,0.26009873
0,0.26139572
0,0.26930648
0,0.26441136
0,0.26136455
0,0.26197502
0,0.27031016
0,0.26440844
0,0.257668
0,0.27052984
0,0.26172546
0,0.26162612
0,0.2687098
0,0.26411232
0,0.25880438
0,0.25854722
0,0.2553326
0,0.25631368
0,0.259889
0,0.25718576
0,0.25584966
0,0.26526302
0,0.25604355
0,0.25599134
0,0.2527387
0,0.26414856
0,0.2657327
0,0.2582344
0,0.2598565
0,0.2665446
0,0.2572546
0,0.25481537
0,0.26528522
0,0.25576442
0,0.26227504
0,0.26094845
0,0.2636902
0,0.2563819
0,0.25717878
0,0.2529579
0,0.2598812
0,0.25326437
0,0.25925925
0,0.2529798
0,0.2629092
0,0.26540655
0,0.2647495
0,0.26718378
0,0.26563865
0,0.26764315
0,0.2704081
0,0.26915282
0,0.26622352
0,0.26661688
0,0.26513833
0,0.26612836
0,0.25294694
0,0.26128355
0,0.2741898
0,0.2731336
0,0.25643164
0,0.25220472
0,0.25653714
0,0.2594745
0,0.24805446
0,0.24966551
0,0.25370616
0,0.257344
0,0.25675547
0,0.25890765
0,0.257574
0,0.2708933
0,0.3193279
0,0.2844505
0,0.279188
0,0.27679554
0,0.2681602
0,0.26558554
0,0.2616647
0,0.27185047
0,0.26352233
0,0.26082426
0,0.2585596
0,0.25712126
0,0.25623372
0,0.25598136
0,0.2569718
0,0.2555638
0,0.24844167
0,0.25108337
0,0.2503382
0,0.2618334
0,0.25931045
0,0.2549379
0,0.25307974
0,0.25284457
0,0.25190046
0,0.2509655
0,0.2561182
0,0.268979
0,0.25696498
0,0.25424865
0,0.2552827
0,0.251676
0,0.24879065
0,0.2480493
0,0.24607916
0,0.24584155
0,0.25094515
0,0.24627252
0,0.25575194
0,0.2706565
0,0.255111
0,0.25143924
0,0.25863078
0,0.26144063
0,0.2626715
0,0.2635082
0,0.26370117
0,0.26424128
0,0.2655369
0,0.26964572
0,0.26672664
0,0.26614368
0,0.26586133
0,0.26498792
0,0.26518756
0,0.27120024
0,0.2627321
0,0.2633525
0,0.26363966
0,0.26265165
0,0.2639698
0,0.26280543
0,0.26303086
0,0.2623968
0,0.25156063
0,0.2575091
0,0.2536704
0,0.2570209
0,0.25768635
0,0.25743034
0,0.25702044
0,0.25974324
0,0.2686498
0,0.26156864
0,0.26009846
0,0.2699204
0,0.25759634
0,0.2585811
0,0.25704294
0,0.2503884
0,0.26396915
0,0.2571526
0,0.2551535
0,0.26483724
0,0.26782343
0,0.25911465
0,0.26438877
0,0.25795543
0,0.2662563
0,0.25816607
0,0.25484172
0,0.2637601
0,0.2670038
0,0.2583087
0,0.2597298
0,0.27087304
0,0.26919717
0,0.25890926
0,0.26652506
0,0.26817155
0,0.2692947
0,0.25960386
0,0.25504005
0,0.26264685
0,0.27041948
0,0.25804278
0,0.25399545
0,0.25089505
0,0.25943482
0,0.25151268
0,0.24910283
0,0.2580126
0,0.26077685
0,0.2627673
0,0.264231
0,0.265042
0,0.26575944
0,0.26602238
0,0.2657488
0,0.2651074
0,0.2667285
0,0.2645665
0,0.26531714
0,0.26460335
0,0.26462334
0,0.26332715
0,0.25683504
0,0.26124793
0,0.261555
0,0.2605359
0,0.2655515
0,0.26219267
0,0.26177076
0,0.26051807
0,0.2607524
0,0.2587006
0,0.25534105
0,0.26767042
0,0.2625451
0,0.2602846
0,0.2608167
0,0.2800148
0,0.2672524
0,0.26203656
0,0.26077974
0,0.25776216
0,0.26078913
0,0.2594937
0,0.25768837
0,0.2559281
0,0.25785887
0,0.2555191
0,0.25999573
0,0.25503978
0,0.25426185
0,0.2518982
0,0.26217955
0,0.25421587
0,0.24295539
0,0.24623096
0,0.24788092
0,0.24607457
0,0.25802955
0,0.25004768
0,0.26023763
0,0.26193067
0,0.2660426
0,0.27251396
0,0.25991502
0,0.26520494
0,0.2573658
0,0.262756
0,0.2656418
0,0.26577735
0,0.257024
0,0.26234683
0,0.2547238
0,0.26035833
0,0.25297672
0,0.2696631
0,0.25577855
0,0.26111814
0,0.26389524
0,0.2628646
0,0.26439008
0,0.27363876
0,0.26923358
0,0.27055627
0,0.26942354
0,0.26613268
0,0.25653177
0,0.25952625
0,0.2662548
0,0.26169854
0,0.26300484
0,0.2599133
0,0.26220453
0,0.269765
0,0.26958767
0,0.26662564
0,0.2658032
0,0.26066524
0,0.26455835
0,0.25876063
0,0.26075184
0,0.26810822
0,0.25819832
0,0.26069242
0,0.26111665
0,0.33288455
0,0.28887844
0,0.27694932
0,0.27215478
0,0.28099117
0,0.26347342
0,0.2603981
0,0.26508734
0,0.26224267
0,0.26032355
0,0.25681126
0,0.2606304
0,0.26680347
0,0.31250972
0,0.28007957
0,0.2718131
0,0.26754132
0,0.2681934
0,0.2694489
0,0.2620866
0,0.2596144
0,0.26761615
0,0.26671824
0,0.2601929
0,0.2748892
0,0.27329427
0,0.27046016
0,0.268042
0,0.26825058
0,0.27066705
0,0.2676789
0,0.2586514
0,0.262812
0,0.26728275
0,0.26616198
0,0.25777084
0,0.26176286
0,0.2642391
0,0.26325995
0,0.266111
0,0.264539
0,0.26757476
0,0.26396754
0,0.25545022
0,0.2584027
0,0.26180804
0,0.26055315
0,0.26236898
0,0.26029128
0,0.26715857
0,0.2706127
0,0.31460854
0,0.28155783
0,0.27624843
0,0.2686897
0,0.26725647
0,0.26247355
0,0.346547
0,0.29208043
0,0.2710217
0,0.2748198
0,0.2693859
0,0.26324698
0,0.26264647
0,0.25844017
0,0.25902596
0,0.25574473
0,0.2671941
0,0.2574334
0,0.25772285
0,0.2563634
0,0.2562624
0,0.25385723
0,0.25506806
0,0.25222576
0,0.2429763
0,0.24675292
0,0.25735202
0,0.25053522
0,0.25500578
0,0.25006253
0,0.25033623
0,0.25332615
0,0.25183448
0,0.25915226
0,0.26501486
0,0.2653267
0,0.26801
0,0.270387
0,0.27108112
0,0.26771963
0,0.2594782
0,0.26312968
0,0.2556862
0,0.2598871
0,0.25454038
0,0.2622139
0,0.25951734
0,0.26076302
0,0.25330865
0,0.25808707
0,0.2517683
0,0.26139057
0,0.25264525
0,0.2576238
0,0.26424932
0,0.26140547
0,0.259616
0,0.2647667
0,0.2651178
0,0.2682529
0,0.26028982
0,0.26095906
0,0.26326492
0,0.26064235
0,0.2628023
0,0.26002192
0,0.26177648
0,0.25913817
0,0.26154298
0,0.25896052
0,0.2608303
0,0.27796492
0,0.2679975
0,0.26319343
0,0.26280913
0,0.25882715
0,0.2594942
0,0.2565195
0,0.25810322
0,0.2666017
0,0.2731022
0,0.26299956
0,0.262064
0,0.25863004
0,0.27007493
0,0.2599342
0,0.26011112
0,0.26635396
0,0.2602865
0,0.25965685
0,0.26911417
0,0.26899835
0,0.26161078
0,0.25671056
0,0.2602453
0,0.2649559
0,0.2702676
0,0.2697756
0,0.26897454
0,0.2581148
0,0.2718216
0,0.26879206
0,0.26128313
0,0.2657848
0,0.2593715
0,0.26455143
0,0.2616681
0,0.25329268
0,0.27295086
0,0.26782563
0,0.2592028
0,0.2633803
0,0.26771218
0,0.265317
0,0.25764477
0,0.26246968
0,0.25577512
0,0.2609763
0,0.26490775
0,0.26366937
0,0.26590532
0,0.2693807
0,0.2685049
0,0.2703805
0,0.26929998
0,0.26592198
0,0.2720616
0,0.26977858
0,0.2689766
0,0.2655249
0,0.26650417
0,0.26391393
0,0.352115
0,0.29667354
0,0.2869354
0,0.27717927
0,0.29987088
0,0.27774647
0,0.27484027
0,0.26902437
0,0.26847264
0,0.26540104
0,0.265649
0,0.26202813
0,0.26805276
0,0.26198968
0,0.26183802
0,0.26300955
0,0.26275656
0,0.25872123
0,0.24981579
0,0.25292194
0,0.2559133
0,0.26425183
0,0.2602833
0,0.2572176
0,0.25854695
0,0.25588635
0,0.24701552
0,0.2501846
0,0.26427925
0,0.26148143
0,0.2585052
0,0.25409034
0,0.25538197
0,0.26416332
0,0.2667522
0,0.2562058
0,0.2556652
0,0.2515598
0,0.25633428
0,0.2604291
0,0.25488645
0,0.25414294
0,0.25196698
0,0.25856012
0,0.25311333
0,0.25876534
0,0.2580208
0,0.25284544
0,0.2514117
0,0.25775313
0,0.30407074
0,0.27811906
0,0.2649431
0,0.27079678
0,0.26996133
0,0.26742253
0,0.26802412
0,0.26537222
0,0.2673215
0,0.26886386
0,0.26793274
0,0.2650375
0,0.26623628
0,0.26776677
0,0.33698964
0,0.29076114
0,0.2723879
0,0.2751615
0,0.2881899
0,0.27748016
0,0.27326286
0,0.26740494
0,0.26745695
0,0.27869147
0,0.27483833
0,0.26649457
0,0.26669756
0,0.27307358
0,0.26742956
0,0.26315266
0,0.33490345
0,0.28592485
0,0.28278136
0,0.27155307
0,0.28708833
0,0.2853889
0,0.2886007
0,0.27199954
0,0.2764263
0,0.2665288
0,0.2761106
0,0.26466927
0,0.2630964
0,0.28212216
0,0.28266516
0,0.26718768
0,0.26372346
0,0.25911877
0,0.26889014
0,0.25791773
0,0.26136494
0,0.26560852
0,0.25750262
0,0.25407252
0,0.25380674
0,0.26162162
0,0.27118504
0,0.26023257
0,0.25754407
0,0.2631294
0,0.2720447
0,0.27314708
0,0.26243448
0,0.27043563
0,0.26681638
0,0.2670422
0,0.25916436
0,0.26337028
0,0.31809932
0,0.2860674
0,0.3156649
0,0.28881285
0,0.27759814
0,0.27400434
0,0.2690552
0,0.2675675
0,0.2699413
0,0.26697424
0,0.25995183
0,0.26235312
0,0.27047703
0,0.26597282
0,0.27187094
0,0.27070162
0,0.26884207
0,0.2656369
0,0.25668576
0,0.24853647
0,0.25910652
0,0.25744393
0,0.2620396
0,0.27020454
0,0.2683397
0,0.26382965
0,0.25521848
0,0.25786236
0,0.2610649
0,0.26264137
0,0.26223832
0,0.26273242
0,0.25422704
0,0.25538793
0,0.2583127
0,0.27090573
0,0.26435038
0,0.25896588
0,0.2608488
0,0.2606724
0,0.26000407
0,0.26016286
0,0.2594009
0,0.25497955
0,0.25633854
0,0.25308192
0,0.27208316
0,0.26104823
0,0.26360613
0,0.2608828
0,0.25848398
0,0.2541942
0,0.2551585
0,0.25040552
0,0.2514041
0,0.24851678
0,0.26168597
0,0.26280728
0,0.2561545
0,0.2662298
0,0.26155704
0,0.26479554
0,0.25732762
0,0.26536137
0,0.26015145
0,0.26291445
0,0.25558117
0,0.26124322
0,0.2549307
0,0.26384333
0,0.25873575
0,0.26550186
0,0.2559666
0,0.26051435
0,0.25357428
0,0.25863537
0,0.25821024
0,0.26327252
0,0.26395077
0,0.2659038
0,0.2667311
0,0.27309006
0,0.26990667
0,0.26572853
0,0.2727563
0,0.26595363
0,0.26719806
0,0.26269156
0,0.26477385
0,0.27139255
0,0.26693764
0,0.26221368
0,0.2532727
0,0.26648104
0,0.26377612
0,0.26964253
0,0.2655226
0,0.2580464
0,0.26176357
0,0.25656414
0,0.25931725
0,0.2772963
0,0.26688302
0,0.27036443
0,0.26609698
0,0.26940155
0,0.26464704
0,0.25839615
0,0.26002586
0,0.27694264
0,0.26596203
0,0.25837916
0,0.25898057
0,0.26424396
0,0.27584144
0,0.2748869
0,0.26803237
0,0.27275965
0,0.2650253
0,0.25749195
0,0.2551964
0,0.2618778
0,0.30121094
0,0.2792682
0,0.297937
0,0.28120348
0,0.2743027
0,0.27276257
0,0.26526165
0,0.2674675
0,0.2717059
0,0.26839718
0,0.2724612
0,0.26835534
0,0.3611917
0,0.30297843
0,0.291573
0,0.28083712
0,0.26915178
0,0.26924577
0,0.26088417
0,0.262987
0,0.2718831
0,0.2707579
0,0.26376617
0,0.2640165
0,0.26253834
0,0.26184666
0,0.2649273
0,0.26120868
0,0.2650267
0,0.2720139
0,0.2588103
0,0.26027477
0,0.26794595
0,0.2618726
0,0.25922903
0,0.2578385
0,0.27768862
0,0.26850757
0,0.26229906
0,0.2597146
0,0.26221195
0,0.2740543
0,0.26616523
0,0.2602452
0,0.26256713
0,0.268663
0,0.2643211
0,0.25893563
0,0.2610256
0,0.2669689
0,0.27014962
0,0.25993606
0,0.2612453
0,0.26041645
0,0.24927472
0,0.25045243
0,0.25374117
0,0.26101318
0,0.26831967
0,0.26911834
0,0.26316985
0,0.2565917
0,0.2531736
0,0.26141983
0,0.25813442
0,0.25293735
0,0.25328314
0,0.26044047
0,0.2562442
0,0.261887
0,0.25665575
0,0.26058343
0,0.25628558
0,0.2609109
0,0.2551836
0,0.26364294
0,0.26678446
0,0.26414528
0,0.2572917
0,0.2607412
0,0.28106335
0,0.28481284
0,0.2662496
0,0.25582346
0,0.26556337
0,0.26660988
0,0.25758332
0,0.26415327
0,0.2555677
0,0.25803804
0,0.2562768
0,0.25828606
0,0.26739866
0,0.26560572
0,0.26699874
0,0.26695603
0,0.26878923
0,0.278755
0,0.27158514
0,0.26497188
0,0.26675683
0,0.26118192
0,0.26863095
0,0.26544958
0,0.2607177
0,0.27570868
0,0.26079848
0,0.2597053
0,0.2621588
0,0.26952812
0,0.2638656
0,0.2589134
0,0.26093405
0,0.2562682
0,0.25891247
0,0.2549244
0,0.25774786
0,0.2534641
0,0.25565305
0,0.25182545
0,0.2547583
0,0.26210093
0,0.26173517
0,0.25384417
0,0.26034173
0,0.2564476
0,0.26073056
0,0.26377735
0,0.27469754
0,0.26948863
0,0.27378738
0,0.27484417
0,0.26533124
0,0.2673317
0,0.2661007
0,0.26552632
0,0.26494792
0,0.26457438
0,0.2749319
0,0.27202407
0,0.2625788
0,0.26435456
0,0.26988846
0,0.27519363
0,0.2694882
0,0.2722213
0,0.2609524
0,0.26341045
0,0.2573281
0,0.25056794
0,0.2623246
0,0.24939066
0,0.25010347
0,0.25449938
0,0.26295513
0,0.25981462
0,0.2541108
0,0.2560263
0,0.2617374
0,0.25811943
0,0.25225827
0,0.25899962
0,0.26225856
0,0.25887388
0,0.26609993
0,0.26570928
0,0.26669884
0,0.27219674
0,0.26903218
0,0.26249617
0,0.26563948
0,0.25914395
0,0.25230768
0,0.25293562
0,0.25768608
0,0.25396657
0,0.25923994
0,0.259423
0,0.2616348
0,0.25533688
0,0.26029363
0,0.25855514
0,0.2606568
0,0.25530043
0,0.25823683
0,0.25686347
0,0.25944605
0,0.2528889
0,0.2569093
0,0.25127116
0,0.25595978
0,0.25047785
0,0.2543052
0,0.2598542
0,0.26164427
0,0.2624305
0,0.25984105
0,0.26229736
0,0.25883898
0,0.26144186
0,0.2603983
0,0.26533082
0,0.27168307
0,0.26621205
0,0.26208124
0,0.26238167
0,0.28824502
0,0.27829766
0,0.26846266
0,0.26614445
0,0.2621424
0,0.2610623
0,0.2579781
0,0.2627818
0,0.26423874
0,0.26069397
0,0.25789496
0,0.26229858
0,0.27662814
0,0.27661774
0,0.2638805
0,0.2623269
0,0.25714576
0,0.25770858
0,0.25619456
0,0.25339314
0,0.25079498
0,0.25249138
0,0.25930598
0,0.25442898
0,0.26563153
0,0.27323455
0,0.26907322
0,0.26134503
0,0.33141077
0,0.28769168
0,0.2641165
0,0.26318252
0,0.26650456
0,0.27058148
0,0.27383527
0,0.2618888
0,0.265379
0,0.2571823
0,0.2557978
0,0.25206074
0,0.2576052
0,0.25761753
0,0.25932887
0,0.26329678
0,0.26162314
0,0.26442146
0,0.25619817
0,0.2627611
0,0.2602657
0,0.26380154
0,0.25983965
0,0.26388064
0,0.2605929
0,0.2568004
0,0.25810814
0,0.2616709
0,0.2592006
0,0.26158485
0,0.2582017
0,0.26058212
0,0.2578716
0,0.26027772
0,0.30801377
0,0.27976122
0,0.27042082
0,0.26985735
0,0.27466276
0,0.273531
0,0.26487753
0,0.26517993
0,0.27464083
0,0.26705915
0,0.26078084
0,0.26099923
0,0.2556085
0,0.25709584
0,0.2531289
0,0.2550663
0,0.26225576
0,0.25807127
0,0.2531458
0,0.2548637
0,0.26194292
0,0.2572016
0,0.26256624
0,0.2584975
0,0.25277898
0,0.25448325
0,0.26052222
0,0.27799964
0,0.27023324
0,0.2619824
0,0.2652595
0,0.2587689
0,0.2636567
0,0.25716898
0,0.26552105
0,0.25621927
0,0.2655294
0,0.2556958
0,0.26521322
0,0.2555658
0,0.26050144
0,0.26343024
0,0.26265487
0,0.2704321
0,0.26522782
0,0.26702946
0,0.25866324
0,0.27600852
0,0.2670921
0,0.27195978
0,0.26690966
0,0.267961
0,0.26499873
0,0.26622024
0,0.2635742
0,0.26550636
0,0.26304913
0,0.26925558
0,0.2632697
0,0.26429573
0,0.26566797
0,0.2650705
0,0.26218078
0,0.26245654
0,0.26033974
0,0.26081192
0,0.25888753
0,0.25929016
0,0.25730965
0,0.25918314
0,0.25758365
0,0.25824085
0,0.26028162
0,0.25866058
0,0.2565667
0,0.25807858
0,0.25389484
0,0.25564304
0,0.2425756
0,0.25164613
0,0.25053012
0,0.25296268
0,0.25158107
0,0.25313225
0,0.25128493
0,0.26873156
0,0.26761615
0,0.26130408
0,0.26114154
0,0.2695585
0,0.27099466
0,0.25608668
0,0.25585452
0,0.27078527
0,0.26289928
0,0.25868216
0,0.2544795
0,0.26593006
0,0.25575846
0,0.27045962
0,0.26159322
0,0.25695544
0,0.2676835
0,0.25877193
0,0.25326598
0,0.26738623
0,0.27162713
0,0.25945705
0,0.33496958
0,0.2958447
0,0.28649652
0,0.27309194
0,0.27466646
0,0.26317626
0,0.26851347
0,0.2590397
0,0.26810586
0,0.27342895
0,0.26922145
0,0.26968735
0,0.26863223
0,0.2587342
0,0.26338935
0,0.26511195
0,0.26520458
0,0.26707995
0,0.26557255
0,0.26630697
0,0.26509783
0,0.26586914
0,0.26380354
0,0.26526493
0,0.26356873
0,0.26443285
0,0.26250413
0,0.26449534
0,0.26242307
0,0.26446646
0,0.2620449
0,0.26345855
0,0.26129106
0,0.2619118
0,0.2494926
0,0.2570816
0,0.27976364
0,0.26800615
0,0.2788839
0,0.27312776
0,0.2655942
0,0.26443464
0,0.2791078
0,0.26805547
0,0.2747557
0,0.26748347
0,0.26121262
0,0.27344552
0,0.2611939
0,0.260949
0,0.25610346
0,0.25732478
0,0.26807836
0,0.25999036
0,0.25735712
0,0.25642392
0,0.25241402
0,0.25316185
0,0.25951806
0,0.25507385
0,0.25442287
0,0.253488
0,0.2599623
0,0.2543331
0,0.26114362
0,0.25522363
0,0.26058495
0,0.25422782
0,0.26004887
0,0.2535945
0,0.26114765
0,0.25460118
0,0.2591953
0,0.2633654
0,0.2620267
0,0.27474472
0,0.26725575
0,0.257908
0,0.2616671
0,0.25407898
0,0.25884175
0,0.26294476
0,0.26084465
0,0.2639811
0,0.26136208
0,0.26503885
0,0.261574
0,0.26454782
0,0.25666502
0,0.26365086
0,0.2599956
0,0.26311052
0,0.26136276
0,0.26355267
0,0.26020727
0,0.26325017
0,0.26023296
0,0.26152542
0,0.2544603
0,0.2627209
0,0.26226723
0,0.26193416
0,0.2699949
0,0.26563728
0,0.26072294
0,0.26098445
0,0.25796348
0,0.25884175
0,0.2620036
0,0.27068388
0,0.26059005
0,0.2602532
0,0.25673005
0,0.2578317
0,0.25447315
0,0.25560972
0,0.25319046
0,0.25461403
0,0.25739992
0,0.2611173
0,0.254011
0,0.26129043
0,0.26506096
0,0.28191823
0,0.26355645
0,0.26083782
0,0.25584003
0,0.26722017
0,0.26703534
0,0.25975585
0,0.26690236
0,0.261531
0,0.26541236
0,0.2579294
0,0.26320288
0,0.2677417
0,0.2665986
0,0.26928356
0,0.26709998
0,0.2590168
0,0.26247105
0,0.25622335
0,0.2610412
0,0.25458002
0,0.25989726
0,0.25806013
0,0.27098444
0,0.26232624
0,0.2637927
0,0.26610336
0,0.26494515
0,0.26631165
0,0.26356256
0,0.26534864
0,0.2626926
0,0.2649259
0,0.26254275
0,0.26511824
0,0.26192546
0,0.26432434
0,0.26119092
0,0.26759687
0,0.26169446
0,0.26532182
0,0.2610593
0,0.26270863
0,0.2594218
0,0.26186803
0,0.25830927
0,0.26110807
0,0.26840663
0,0.26436448
0,0.2702715
0,0.26567015
0,0.2607453
0,0.26225576
0,0.3048425
0,0.27723315
0,0.26847762
0,0.2782253
0,0.318255
0,0.29022998
0,0.27965286
0,0.27223468
0,0.27765638
0,0.26891
0,0.2631724
0,0.26252633
0,0.26366106
0,0.26034832
0,0.26070946
0,0.26250106
0,0.29449108
0,0.27126217
0,0.2632712
0,0.27201447
0,0.2655092
0,0.2658559
0,0.26317006
0,0.26358977
0,0.26579896
0,0.25917307
0,0.2647279
0,0.2618277
0,0.26271656
0,0.25777173
0,0.3197989
0,0.2794782
0,0.27339184
0,0.2660004
0,0.26754227
0,0.27035627
0,0.26747853
0,0.2624487
0,0.26488194
0,0.2682363
0,0.26588765
0,0.25751296
0,0.25074685
0,0.26047036
0,0.26222235
0,0.26518005
0,0.2517704
0,0.2611547
0,0.2591755
0,0.2676171
0,0.2625206
0,0.27652252
0,0.26173797
0,0.26582593
0,0.2789054
0,0.27044675
0,0.26509726
0,0.2713146
0,0.2640526
0,0.2646259
0,0.26065034
0,0.26469105
0,0.26338768
0,0.26254526
0,0.25319386
0,0.2619707
0,0.2612708
0,0.2600921
0,0.26734722
0,0.2623339
0,0.25853673
0,0.2699429
0,0.26045722
0,0.25966418
0,0.26750588
0,0.26088032
0,0.25768468
0,0.2702919
0,0.2599836
0,0.2599567
0,0.25623128
0,0.26543897
0,0.26398307
0,0.2698532
0,0.2599177
0,0.2678729
0,0.26900294
0,0.26041
0,0.25569692
0,0.36191878
0,0.30658826
0,0.28754288
0,0.27233988
0,0.27689987
0,0.27859735
0,0.264637
0,0.26912022
0,0.3239201
0,0.2830994
0,0.27059197
0,0.27326742
0,0.26239094
0,0.26680067
0,0.25809252
0,0.26360247
0,0.27005967
0,0.26675013
0,0.26782417
0,0.25885946
0,0.26392832
0,0.25386462
0,0.26171872
0,0.2657915
0,0.26947898
0,0.26632896
0,0.267783
0,0.2649848
0,0.2653827
0,0.2648273
0,0.264558
0,0.2663357
0,0.269228
0,0.25945964
0,0.26696208
0,0.26188868
0,0.26711386
0,0.26294023
0,0.26698926
0,0.26336426
0,0.26267508
0,0.26055846
0,0.26113507
0,0.26341173
0,0.26635495
0,0.2611029
0,0.265181
0,0.26085535
0,0.26221666
0,0.2588867
0,0.25934172
0,0.2578435
0,0.2590881
0,0.25621006
0,0.25682575
0,0.26592642
0,0.25909993
0,0.25670296
0,0.25650525
0,0.25424182
0,0.25492278
0,0.2529163
0,0.25317463
0,0.2510437
0,0.26159745
0,0.25760204
0,0.2543811
0,0.25164053
0,0.25069824
0,0.2600415
0,0.25250188
0,0.25092146
0,0.2594364
0,0.2623553
0,0.2568904
0,0.2525319
0,0.26440558
0,0.26382104
0,0.26418582
0,0.26561326
0,0.2655051
0,0.26579347
0,0.26612964
0,0.26113534
0,0.2645562
0,0.29575944
0,0.2767841
0,0.2777542
0,0.27325138
0,0.2707741
0,0.26849875
0,0.26777685
0,0.27155128
0,0.27384216
0,0.28086516
0,0.2724861
0,0.27387452
0,0.26991662
0,0.26807857
0,0.26110712
0,0.26413712
0,0.26397502
0,0.26324615
0,0.26307568
0,0.26271683
0,0.26262763
0,0.26214463
0,0.26295647
0,0.26188713
0,0.27326885
0,0.26981074
0,0.27954853
0,0.2739822
0,0.27285433
0,0.33286276
0,0.28926277
0,0.27925166
0,0.3007672
0,0.27804404
0,0.2834147
0,0.27578795
0,0.26957455
0,0.26345187
0,0.26285422
0,0.26056424
0,0.26004326
0,0.2586694
0,0.25779906
0,0.25728413
0,0.25638163
0,0.27045456
0,0.27223903
0,0.26453784
0,0.2717658
0,0.27312905
0,0.27463323
0,0.26389834
0,0.2595726
0,0.25744873
0,0.26497534
0,0.2584951
0,0.2662396
0,0.25783846
0,0.26587796
0,0.25702164
0,0.26508495
0,0.26797155
0,0.25924432
0,0.25623485
0,0.25218475
0,0.25046057
0,0.24890362
0,0.24863084
0,0.25784776
0,0.26567048
0,0.26560283
0,0.2670056
0,0.25655353
0,0.26410398
0,0.26435447
0,0.26559588
0,0.26533198
0,0.2664921
0,0.27265796
0,0.26849166
0,0.26768795
0,0.27267623
0,0.26808858
0,0.2673962
0,0.26609394
0,0.2689699
0,0.26822317
0,0.26679677
0,0.2602419
0,0.2626267
0,0.26217356
0,0.26175842
0,0.26124933
0,0.26126137
0,0.26041597
0,0.26026806
0,0.25933638
0,0.25971282
0,0.25772095
0,0.25866142
0,0.2681728
0,0.2623376
0,0.2640155
0,0.26075152
0,0.25881934
0,0.263091
0,0.26993796
0,0.2626715
0,0.2657032
0,0.26066184
0,0.26978323
0,0.2725911
0,0.2670193
0,0.2655462
0,0.27119976
0,0.26233396
0,0.26976773
0,0.26081035
0,0.27017814
0,0.2602598
0,0.2584283
0,0.25568256
0,0.25466722
0,0.25270396
0,0.252451
0,0.25101918
0,0.250844
0,0.24952218
0,0.25278568
0,0.2540297
0,0.24990785
0,0.24849722
0,0.24846604
0,0.24838641
0,0.24755374
0,0.24614404
0,0.24649997
0,0.25544766
0,0.26060313
0,0.25198972
0,0.2533109
0,0.263327
0,0.26271
0,0.26387575
0,0.25380486
0,0.24915428
0,0.25779974
0,0.25879246
0,0.2611292
0,0.26116517
0,0.26234546
0,0.26215318
0,0.26270166
0,0.26210043
0,0.2635646
0,0.2632028
0,0.2635382
0,0.2639182
0,0.26397765
0,0.26316816
0,0.26301345
0,0.26228058
0,0.25231004
0,0.2575793
0,0.2631663
0,0.2644053
0,0.26701742
0,0.26664
0,0.26983336
0,0.26380968
0,0.26354405
0,0.2608069
0,0.2609513
0,0.25803158
0,0.2623738
0,0.268817
0,0.26653525
0,0.25993276
0,0.27566013
0,0.28947082
0,0.27078745
0,0.26457644
0,0.26163396
0,0.2691087
0,0.26225448
0,0.26251113
0,0.25875908
0,0.25664884
0,0.26231387
0,0.25870174
0,0.28560248
0,0.27463067
0,0.26522216
0,0.2590104
0,0.25732216
0,0.26758718
0,0.25871143
0,0.25444818
0,0.25344408
0,0.2504865
0,0.26234245
0,0.26311246
0,0.25603563
0,0.2631172
0,0.25596315
0,0.26462078
0,0.2565704
0,0.2610075
0,0.265024
0,0.26251656
0,0.25524893
0,0.24962477
0,0.25943196
0,0.2900451
0,0.27495334
0,0.27156195
0,0.27177206
0,0.26763058
0,0.26377136
0,0.26855046
0,0.2570538
0,0.2599378
0,0.26302692
0,0.26055837
0,0.26325443
0,0.26513457
0,0.26470453
0,0.26182193
0,0.26182494
0,0.27513012
0,0.26907384
0,0.27552626
0,0.2746034
0,0.26692292
0,0.26715192
0,0.26258174
0,0.25240675
0,0.25643748
0,0.25960085
0,0.25794986
0,0.25997615
0,0.2581173
0,0.25912747
0,0.25697774
0,0.25779575
0,0.2563421
0,0.25795758
0,0.2559622
0,0.25735942
0,0.25489902
0,0.25735906
0,0.25476333
0,0.2567291
0,0.27044958
0,0.2620948
0,0.2581173
0,0.2585816
0,0.25585836
0,0.267504
0,0.26177952
0,0.26999742
0,0.2745381
0,0.26315108
0,0.2581769
0,0.2677229
0,0.25885996
0,0.25667226
0,0.26529908
0,0.2684676
0,0.25901368
0,0.25742877
0,0.2541188
0,0.25100827
0,0.24955645
0,0.24835803
0,0.24821669
0,0.25835294
0,0.25080678
0,0.2591348
0,0.2515765
0,0.26031193
0,0.2632567
0,0.25364998
0,0.2610365
0,0.2630613
0,0.2685696
0,0.26656112
0,0.2663331
0,0.26661605
0,0.26621038
0,0.26592088
0,0.26552737
0,0.26567
0,0.26667514
0,0.2648226
0,0.26581636
0,0.2639663
0,0.26332507
0,0.2580523
0,0.26120335
0,0.26055023
0,0.26098332
0,0.26103118
0,0.26784256
0,0.26727894
0,0.26464403
0,0.2625897
0,0.2644147
0,0.2660126
0,0.26459208
0,0.2725103
0,0.26580033
0,0.26297712
0,0.26196203
0,0.24930917
0,0.2558944
0,0.2549456
0,0.26126373
0,0.26312307
0,0.2599376
0,0.25705013
0,0.26105514
0,0.26776567
0,0.26013967
0,0.25733808
0,0.25559708
0,0.25427783
0,0.25451592
0,0.25251156
0,0.263621
0,0.2544825
0,0.26863027
0,0.2563873
0,0.25466162
0,0.25080687
0,0.2514226
0,0.24909586
0,0.26021913
0,0.2624548
0,0.25529253
0,0.2513707
0,0.25993294
0,0.26248565
0,0.26471582
0,0.26481602
0,0.2669538
0,0.2666867
0,0.25653714
0,0.257206
0,0.26097512
0,0.2622856
0,0.26400548
0,0.26287085
0,0.26449084
0,0.26369897
0,0.28416917
0,0.27064586
0,0.2736271
0,0.26736772
0,0.26657808
0,0.26589802
0,0.2656072
0,0.26458067
0,0.2639403
0,0.26198956
0,0.26284298
0,0.26231536
0,0.26321718
0,0.26121557
0,0.26211244
0,0.2606021
0,0.26171982
0,0.26086366
0,0.26103124
0,0.2600067
0,0.26021004
0,0.25902656
0,0.25972342
0,0.27148622
0,0.26376078
0,0.2507758
0,0.2558398
0,0.25554734
0,0.25571507
0,0.2559229
0,0.25290588
0,0.26498425
0,0.25798982
0,0.25709653
0,0.255111
0,0.25450188
0,0.26361635
0,0.25625584
0,0.25777543
0,0.26585978
0,0.2600269
0,0.2562458
0,0.25426182
0,0.26379958
0,0.25534847
0,0.25332427
0,0.2510913
0,0.26057082
0,0.26340628
0,0.25443572
0,0.26170725
0,0.26342607
0,0.26493296
0,0.26630324
0,0.2665963
0,0.2674286
0,0.2669834
0,0.2675671
0,0.26681882
0,0.2724479
0,0.2682559
0,0.26774123
0,0.26639768
0,0.25585663
0,0.26134723
0,0.26263234
0,0.2620689
0,0.2637105
0,0.2635484
0,0.26364106
0,0.267229
0,0.2652436
0,0.2652911
0,0.25805047
0,0.26009747
0,0.2609526
0,0.27100983
0,0.26585287
0,0.2642585
0,0.26305076
0,0.26205856
0,0.2618703
0,0.26064253
0,0.2550628
0,0.2577691
0,0.24723467
0,0.24812381
0,0.25225487
0,0.26386893
0,0.2578064
0,0.2566523
0,0.25647485
0,0.2549453
0,0.25988087
0,0.256202
0,0.25461358
0,0.2648051
0,0.25751993
0,0.26657426
0,0.26530263
0,0.27049652
0,0.26192984
0,0.2689063
0,0.26760468
0,0.25963137
0,0.25772524
0,0.25553906
0,0.25469616
0,0.26365104
0,0.2558685
0,0.2529159
0,0.25208768
0,0.24990977
0,0.25648588
0,0.2548857
0,0.2526692
0,0.25299987
0,0.26235688
0,0.25796422
0,0.26495215
0,0.26585144
0,0.25804862
0,0.26303127
0,0.2556535
0,0.2624238
0,0.26861438
0,0.26645815
0,0.25801277
0,0.26298058
0,0.25465342
0,0.25961715
0,0.25241745
0,0.25454476
0,0.26001596
0,0.2598547
0,0.26261887
0,0.25117025
0,0.2599789
0,0.25991917
0,0.26182532
0,0.26157656
0,0.26278564
0,0.26150382
0,0.26295954
0,0.26207244
0,0.26279408
0,0.26122728
0,0.272937
0,0.26516825
0,0.26332155
0,0.26203707
0,0.2613163
0,0.26040417
0,0.25998476
0,0.2702182
0,0.2634976
0,0.264665
0,0.26142776
0,0.26995376
0,0.2743261
0,0.26575834
0,0.2636814
0,0.26001027
0,0.26547724
0,0.25908014
0,0.2581734
0,0.25608787
0,0.26150703
0,0.25585672
0,0.26714766
0,0.26235628
0,0.25873563
0,0.2550725
0,0.25581107
0,0.25231335
0,0.25359645
0,0.25090322
0,0.26280293
0,0.26326853
0,0.2569718
0,0.2527951
0,0.26266235
0,0.26396462
0,0.25600117
0,0.26175383
0,0.25452888
0,0.26612487
0,0.2556262
0,0.26175898
0,0.26416826
0,0.26401713
0,0.2654019
0,0.26518118
0,0.26565337
0,0.26393247
0,0.26525936
0,0.26412436
0,0.2617844
0,0.2626083
0,0.263662
0,0.26296094
0,0.2642457
0,0.26251897
0,0.2639361
0,0.2636714
0,0.26374078
0,0.26552713
0,0.26431203
0,0.26192403
0,0.26803714
0,0.2630848
0,0.2628726
0,0.26040214
0,0.27138287
0,0.27276048
0,0.2671016
0,0.2634393
0,0.26324287
0,0.27086887
0,0.26503152
0,0.27172014
0,0.2656447
0,0.26081434
0,0.26018474
0,0.2673275
0,0.26251963
0,0.2580438
0,0.25902903
0,0.2568907
0,0.25653604
0,0.25431347
0,0.25391978
0,0.25217107
0,0.25324008
0,0.2513826
0,0.2523362
0,0.2505048
0,0.25135186
0,0.26021436
0,0.26441467
0,0.25521472
0,0.26449406
0,0.2656237
0,0.25778246
0,0.25368926
0,0.25186902
0,0.26011223
0,0.25374272
0,0.26022235
0,0.25304198
0,0.26540813
0,0.2546439
0,0.2605207
0,0.25744244
0,0.2606041
0,0.25324193
0,0.26016667
0,0.2635796
0,0.26279518
0,0.26533052
0,0.2637182
0,0.26612943
0,0.2640568
0,0.26634288
0,0.26271838
0,0.2577796
0,0.25961518
0,0.26319224
0,0.26051065
0,0.26305887
0,0.2617812
0,0.2745094
0,0.26437876
0,0.26565015
0,0.2734535
0,0.26825237
0,0.2635667
0,0.26348996
0,0.26011872
0,0.2626391
0,0.2595031
0,0.26155576
0,0.2581719
0,0.26040632
0,0.25671262
0,0.25936222
0,0.26638356
0,0.26298755
0,0.25701612
0,0.2589634
0,0.26543728
0,0.26203826
0,0.25633696
0,0.25846532
0,0.25351632
0,0.2566729
0,0.25694668
0,0.25627902
0,0.2523403
0,0.25215897
0,0.24895635
0,0.2504791
0,0.25169188
0,0.3752963
0,0.30491716
0,0.28459105
0,0.28198665
0,0.28173256
0,0.27605549
0,0.26569512
0,0.2689948
0,0.26123366
0,0.26500237
0,0.2582444
0,0.2578345
0,0.26491287
0,0.2723653
0,0.2606226
0,0.26470506
0,0.26751804
0,0.26577857
0,0.25795078
0,0.26238328
0,0.25512198
0,0.26751253
0,0.25636682
0,0.26064718
0,0.26500466
0,0.26393452
0,0.25620133
0,0.26126152
0,0.25790888
0,0.26088333
0,0.25171882
0,0.25655216
0,0.2553804
0,0.25774318
0,0.2501117
0,0.25502837
0,0.25969452
0,0.2584124
0,0.2608323
0,0.2596934
0,0.26302466
0,0.2660081
0,0.26517764
0,0.26254335
0,0.26388234
0,0.26075557
0,0.2616552
0,0.25887617
0,0.26121974
0,0.25927535
0,0.26059842
0,0.26212505
0,0.26585117
0,0.26022676
0,0.2602741
0,0.2585969
0,0.27550298
0,0.26750255
0,0.26376715
0,0.25975055
0,0.26129916
0,0.25763264
0,0.2640003
0,0.25752503
0,0.2521059
0,0.25609767
0,0.25563934
0,0.25900322
0,0.25685298
0,0.25376603
0,0.2543348
0,0.25146422
0,0.25713292
0,0.25214368
0,0.26460817
0,0.26662734
0,0.25973254
0,0.2553574
0,0.25542438
0,0.26355952
0,0.2569853
0,0.2527476
0,0.2628556
0,0.25371158
0,0.2528232
0,0.24938892
0,0.24900454
0,0.25688708
0,0.2541288
0,0.26504385
0,0.25457576
0,0.2610714
0,0.25848618
0,0.26150075
0,0.25372815
0,0.25979277
0,0.25256497
0,0.25932983
0,0.24688199
0,0.2568524
0,0.26201156
0,0.25457275
0,0.26141274
0,0.26135153
0,0.26361296
0,0.262009
0,0.2685782
0,0.26422462
0,0.26497257
0,0.2637142
0,0.26461217
0,0.26621243
0,0.26492456
0,0.26311868
0,0.26403415
0,0.2622833
0,0.2634251
0,0.260628
0,0.2611396
0,0.25949052
0,0.26027036
0,0.26386467
0,0.26203305
0,0.2597901
0,0.2607812
0,0.25805804
0,0.25938472
0,0.25687844
0,0.25866634
0,0.2563072
0,0.25765163
0,0.25537267
0,0.256949
0,0.2552084
0,0.25602072
0,0.25367168
0,0.25586718
0,0.25373867
0,0.26721576
0,0.2575712
0,0.25807858
0,0.26448593
0,0.2792722
0,0.26239607
0,0.2596905
0,0.25522217
0,0.25549495
0,0.25183842
0,0.25248188
0,0.25336674
0,0.2642155
0,0.26413855
0,0.25755963
0,0.25243837
0,0.2639541
0,0.2641613
0,0.26932243
0,0.26799384
0,0.27151233
0,0.2689458
0,0.26101384
0,0.2696224
0,0.2829069
0,0.27289298
0,0.26290467
0,0.25863582
0,0.2703529
0,0.27000248
0,0.25866014
0,0.26305258
0,0.25571585
0,0.26041034
0,0.2637746
0,0.2620066
0,0.26447883
0,0.2624416
0,0.25425217
0,0.25810227
0,0.26139018
0,0.26037797
0,0.26229978
0,0.26042423
0,0.26330182
0,0.261029
0,0.2628261
0,0.26090983
0,0.26238483
0,0.25993958
0,0.26737502
0,0.27304235
0,0.27201352
0,0.2761407
0,0.26915205
0,0.2638303
0,0.2639641
0,0.2712601
0,0.26533458
0,0.26026595
0,0.2611869
0,0.2572025
0,0.2596451
0,0.26673236
0,0.26395336
0,0.25780973
0,0.2586269
0,0.25463054
0,0.2565789
0,0.25284111
0,0.25473714
0,0.2515634
0,0.25347483
0,0.2609077
0,0.2568706
0,0.2524529
0,0.25533295
0,0.26099157
0,0.2560319
0,0.26551226
0,0.26918042
0,0.26787812
0,0.25975752
0,0.26862323
0,0.26992577
0,0.26771647
0,0.25922152
0,0.25647372
0,0.25403532
0,0.26506495
0,0.25892255
0,0.2621347
0,0.25461495
0,0.26014283
0,0.26331022
0,0.2634935
0,0.26600263
0,0.264149
0,0.26601094
0,0.26408628
0,0.26854572
0,0.25999874
0,0.26488242
0,0.26296937
0,0.26540717
0,0.2634565
0,0.26628256
0,0.26307777
0,0.26503223
0,0.26227602
0,0.26439023
0,0.2575029
0,0.26172656
0,0.25951
0,0.26247305
0,0.26014733
0,0.26209444
0,0.2632225
0,0.26276094
0,0.26043206
0,0.261368
0,0.25894332
0,0.2599264
0,0.25806698
0,0.26362512
0,0.25843245
0,0.2596376
0,0.25691256
0,0.24749735
0,0.2516234
0,0.2536742
0,0.26303527
0,0.25816044
0,0.25542706
0,0.2551429
0,0.2532546
0,0.25423026
0,0.25194606
0,0.26366457
0,0.26322886
0,0.26374525
0,0.26135224
0,0.26252478
0,0.2610956
0,0.2612189
0,0.26037017
0,0.2592244
0,0.25897324
0,0.2587118
0,0.25991413
0,0.2588288
0,0.25798875
0,0.2612842
0,0.2580832
0,0.25812417
0,0.25690007
0,0.26094863
0,0.2656444
0,0.26429003
0,0.2566
0,0.25676066
0,0.2652717
0,0.2586948
0,0.26669267
0,0.27104604
0,0.27294904
0,0.26314515
0,0.2581622
0,0.25696445
0,0.25871345
0,0.2595759
0,0.26905227
0,0.259468
0,0.25873286
0,0.25969067
0,0.2632947
0,0.25669456
0,0.2618967
0,0.25588688
0,0.26217046
0,0.2563839
0,0.2628633
0,0.25469226
0,0.26078895
0,0.25790578
0,0.2614258
0,0.25369588
0,0.25572234
0,0.25104365
0,0.25771308
0,0.25135034
0,0.2611314
0,0.25229576
0,0.25806013
0,0.2514098
0,0.25538257
0,0.25963542
0,0.26503474
0,0.26472777
0,0.26241174
0,0.26880485
0,0.2634149
0,0.26443776
0,0.26171362
0,0.2631826
0,0.24901944
0,0.25739473
0,0.25406682
0,0.25719646
0,0.25534004
0,0.25952986
0,0.25665537
0,0.25917217
0,0.2564189
0,0.2595386
0,0.27279964
0,0.26389843
0,0.26638535
0,0.2644223
0,0.2592247
0,0.25269195
0,0.2532136
0,0.2593541
0,0.25413388
0,0.26672477
0,0.28097188
0,0.26720592
0,0.2609159
0,0.2599289
0,0.25636965
0,0.25815108
0,0.25356388
0,0.25453305
0,0.26240274
0,0.25653258
0,0.2637792
0,0.26930836
0,0.25771973
0,0.2571051
0,0.2527551
0,0.25328115
0,0.26061937
0,0.2658295
0,0.2668345
0,0.259552
0,0.26313177
0,0.26506495
0,0.2650207
0,0.29749236
0,0.27830875
0,0.26697364
0,0.26893523
0,0.2718232
0,0.26873904
0,0.26434326
0,0.2686678
0,0.2584752
0,0.2626025
0,0.26140004
0,0.2622482
0,0.26774696
0,0.26432386
0,0.25680906
0,0.25992587
0,0.25369278
0,0.25723732
0,0.26802787
0,0.25180903
0,0.25282314
0,0.25509965
0,0.25921986
0,0.26133442
0,0.26147744
0,0.25804627
0,0.26183128
0,0.25866485
0,0.26135686
0,0.26997146
0,0.2673047
0,0.26114145
0,0.26337287
0,0.26944157
0,0.26549372
0,0.25967866
0,0.2620539
0,0.26804104
0,0.26522958
0,0.257038
0,0.26085284
0,0.25652978
0,0.25894272
0,0.25446412
0,0.25717956
0,0.2634504
0,0.24954984
0,0.2506965
0,0.25786465
0,0.26290086
0,0.27007148
0,0.25807783
0,0.26267523
0,0.25525358
0,0.25988182
0,0.2677756
0,0.25942373
0,0.2687181
0,0.26909897
0,0.27406624
0,0.26365763
0,0.26632842
0,0.2599222
0,0.2637541
0,0.25671354
0,0.26367688
0,0.25642666
0,0.26052606
0,0.25499204
0,0.25453168
0,0.25230962
0,0.25764737
0,0.25261748
0,0.25747517
0,0.25224045
0,0.256442
0,0.2508145
0,0.2546946
0,0.26469994
0,0.25984034
0,0.25217274
0,0.25509956
0,0.25527212
0,0.25573927
0,0.25976038
0,0.2618987
0,0.26267463
0,0.25920463
0,0.25179857
0,0.25386548
0,0.25269288
0,0.2530517
0,0.25724143
0,0.25377786
0,0.25799376
0,0.2536566
0,0.2580195
0,0.2537736
0,0.25650984
0,0.25230265
0,0.2568682
0,0.25434554
0,0.25742447
0,0.26320413
0,0.26106122
0,0.25401342
0,0.2578862
0,0.25208628
0,0.25605026
0,0.2509114
0,0.25509188
0,0.2502286
0,0.26612133
0,0.2539939
0,0.2562183
0,0.26122624
0,0.2576024
0,0.2632113
0,0.25998765
0,0.26266477
0,0.2700357
0,0.26743117
0,0.27301177
0,0.26969925
0,0.26350296
0,0.2661653
0,0.27174497
0,0.26817244
0,0.26170766
0,0.2645117
0,0.25903115
0,0.2629726
0,0.2596176
0,0.26367435
0,0.2592443
0,0.25292417
0,0.2651502
0,0.26463285
0,0.2597729
0,0.263424
0,0.25912127
0,0.2624921
0,0.25709593
0,0.2608658
0,0.2670192
0,0.25309154
0,0.25030574
0,0.25612518
0,0.25255138
0,0.2560457
0,0.25819355
0,0.2576041
0,0.26366225
0,0.2599216
0,0.2541312
0,0.2579391
0,0.26296026
0,0.2600951
0,0.25346747
0,0.25537738
0,0.257633
0,0.25566858
0,0.25107154
0,0.25282192
0,0.25937912
0,0.25609106
0,0.2611691
0,0.25615835
0,0.25068465
0,0.25217485
0,0.25348818
0,0.25158757
0,0.25788826
0,0.25321892
0,0.24762699
0,0.2489861
0,0.25529966
0,0.2654638
0,0.2665143
0,0.25765297
0,0.2552326
0,0.26394626
0,0.26156172
0,0.2548195
0,0.2583279
0,0.25241762
0,0.26058152
0,0.26372954
0,0.2602296
0,0.253563
0,0.25178432
0,0.2604692
0,0.25780103
0,0.25151983
0,0.25462717
0,0.26014405
0,0.25696272
0,0.2510639
0,0.25414228
0,0.24813864
0,0.24617286
0,0.24418089
0,0.24865486
0,0.24388355
0,0.25158304
0,0.25524944
0,0.25202268
0,0.24528778
0,0.24777143
0,0.2529873
0,0.25628114
0,0.25663072
0,0.25223303
0,0.25646406
0,0.25163165
0,0.25566804
0,0.25122657
0,0.25427067
0,0.26079088
0,0.2578182
0,0.26318863
0,0.2587636
0,0.26323208
0,0.25964996
0,0.26301232
0,0.25960907
0,0.25711077
0,0.25683117
0,0.254235
0,0.25451207
0,0.25933495
0,0.25630924
0,0.24920818
0,0.25243393
0,0.24662925
0,0.24920791
0,0.25439468
0,0.25163344
0,0.2558789
0,0.25238937
0,0.25646397
0,0.25310847
0,0.24607126
0,0.24859758
0,0.25301483
0,0.249629
0,0.25485003
0,0.25508654
0,0.2555578
0,0.26207525
0,0.2586509
0,0.25354347
0,0.25538626
0,0.261994
0,0.24694112
0,0.25833902
0,0.25501025
0,0.24979216
0,0.25214386
0,0.24706927
0,0.25483993
0,0.24763954
0,0.25111264
0,0.24643064
0,0.24892914
0,0.25576368
0,0.25158218
0,0.2575765
0,0.25282642
0,0.26202002
0,0.24928753
0,0.24696267
0,0.2591109
0,0.2593615
0,0.26511705
0,0.2633438
0,0.26702344
0,0.2535551
0,0.25270703
0,0.25737152
0,0.25772887
0,0.24840136
0,0.25964868
0,0.25829574
0,0.2526171
0,0.25668
0,0.26216286
0,0.26149017
0,0.26509476
0,0.2732529
0,0.26593852
0,0.26412594
0,0.2669514
0,0.26298425
0,0.26625928
0,0.261961
0,0.25430638
0,0.25642875
0,0.25012967
0,0.25293645
0,0.25304216
0,0.25349325
0,0.25807065
0,0.25550562
0,0.25935987
0,0.25568882
0,0.2591487
0,0.26189288
0,0.25063527
0,0.2520027
0,0.24570869
0,0.24839985
0,0.25339782
0,0.25051418
0,0.2543117
0,0.2559575
0,0.255958
0,0.26631752
0,0.26040617
0,0.2658092
0,0.26660496
0,0.2574037
0,0.25838602
0,0.26418823
0,0.25930107
0,0.25370243
0,0.255325
0,0.26220614
0,0.27567953
0,0.27024075
0,0.26760244
0,0.26948556
0,0.26228213
0,0.2552338
0,0.255366
0,0.26128802
0,0.2565945
0,0.26161343
0,0.2565286
0,0.26184818
0,0.25671616
0,0.2646367
0,0.256927
0,0.2510964
0,0.26211423
0,0.2588513
0,0.26578373
0,0.2533111
0,0.26788738
0,0.2640191
0,0.2672678
0,0.26909608
0,0.270064
0,0.25553077
0,0.26459876
0,0.2625172
0,0.26605716
0,0.26286474
0,0.2551349
0,0.25859067
0,0.26247567
0,0.2601058
0,0.2631165
0,0.26035243
0,0.2526133
0,0.25570342
0,0.25960606
0,0.25713557
0,0.24940118
0,0.2586693
0,0.24951358
0,0.2530143
0,0.2567902
0,0.2542817
0,0.25710568
0,0.2540699
0,0.25666502
0,0.25400415
0,0.2562571
0,0.24876563
0,0.25353828
0,0.2512148
0,0.25363418
0,0.26405424
0,0.25872743
0,0.25441554
0,0.2560334
0,0.2635463
0,0.2585189
0,0.25441137
0,0.2554308
0,0.26218814
0,0.2572189
0,0.25236994
0,0.2532029
0,0.26063988
0,0.25553292
0,0.26157877
0,0.25623882
0,0.25130597
0,0.25231194
0,0.24892181
0,0.25007704
0,0.24541222
0,0.24764408
0,0.25589842
0,0.25124618
0,0.2585012
0,0.2525318
0,0.25893885
0,0.265131
0,0.2643107
0,0.26149273
0,0.26443973
0,0.25672445
0,0.25104755
0,0.25535202
0,0.24819686
0,0.25872013
0,0.2595156
0,0.2520209
0,0.24846306
0,0.2474438
0,0.24862336
0,0.24618211
0,0.25244585
0,0.24674423
0,0.2530073
0,0.24675697
0,0.24250264
0,0.25775295
0,0.27360824
0,0.25559464
0,0.25468272
0,0.25343364
0,0.25666836
0,0.25993502
0,0.25770214
0,0.26075852
0,0.25869378
0,0.26135558
0,0.2697105
0,0.26490837
0,0.26113185
0,0.26177472
0,0.25879297
0,0.24965654
0,0.25280276
0,0.25559577
0,0.25359884
0,0.25622684
0,0.26473913
0,0.25993764
0,0.2520306
0,0.25586772
0,0.2534805
0,0.25512323
0,0.26349372
0,0.26207185
0,0.25659844
0,0.2570418
0,0.2543458
0,0.25536534
0,0.25238168
0,0.25746682
0,0.25205255
0,0.2524644
0,0.26013276
0,0.26276767
0,0.2536273
0,0.25349152
0,0.25392434
0,0.2517213
0,0.24836135
0,0.24970303
0,0.24597374
0,0.24732801
0,0.24382782
0,0.25599286
0,0.24703582
0,0.2466845
0,0.24351601
0,0.24433833
0,0.25214365
0,0.25793278
0,0.25026047
0,0.24961509
0,0.25755545
0,0.25082323
0,0.2556743
0,0.2595422
0,0.25994527
0,0.2513208
0,0.2457824
0,0.25474128
0,0.25552475
0,0.25828192
0,0.25792167
0,0.2480891
0,0.25482687
0,0.2573523
0,0.2565737
0,0.2620265
0,0.26564202
0,0.26194102
0,0.25940356
0,0.25953567
0,0.2576599
0,0.25791252
0,0.26129898
0,0.25899896
0,0.2564536
0,0.25720334
0,0.26373836
0,0.25928462
0,0.25608122
0,0.25580317
0,0.25394168
0,0.27000442
0,0.25921005
0,0.25672278
0,0.25450826
0,0.25335935
0,0.24768814
0,0.24975334
0,0.25304115
0,0.2502752
0,0.24954592
0,0.24939257
0,0.24807501
0,0.25890952
0,0.2509814
0,0.25018093
0,0.25360385
0,0.2604561
0,0.25178763
0,0.24991187
0,0.2584379
0,0.26216856
0,0.2524396
0,0.26027095
0,0.26138896
0,0.26380798
0,0.25982913
0,0.2628432
0,0.26348427
0,0.26468667
0,0.26472783
0,0.25445554
0,0.26037025
0,0.26280877
0,0.26225558
0,0.25325474
0,0.25456807
0,0.24857874
0,0.24488182
0,0.26129463
0,0.25816697
0,0.25958174
0,0.25899386
0,0.25125283
0,0.25548705
0,0.26908642
0,0.25914994
0,0.2608096
0,0.25931147
0,0.25985864
0,0.2579196
0,0.25880545
0,0.37658304
0,0.30691376
0,0.28811136
0,0.2791601
0,0.27720436
0,0.2697321
0,0.26525614
0,0.2628623
0,0.25989178
0,0.259178
0,0.267549
0,0.26088065
0,0.27335888
0,0.2740686
0,0.26359394
0,0.2608686
0,0.26215166
0,0.26165107
0,0.2574893
0,0.26634657
0,0.2577048
0,0.25612
0,0.25388986
0,0.26324034
0,0.26604554
0,0.26863596
0,0.27373695
0,0.26194468
0,0.26702207
0,0.25870776
0,0.26718518
0,0.25711024
0,0.26466134
0,0.25585443
0,0.26277673
0,0.2649912
0,0.26631397
0,0.2567668
0,0.25261942
0,0.26060733
0,0.26307648
0,0.2641557
0,0.26501203
0,0.2649092
0,0.25993213
0,0.25249764
0,0.26096985
0,0.25159806
0,0.25924712
0,0.2503601
0,0.24796948
0,0.2604551
0,0.2600934
0,0.2604419
0,0.26207525
0,0.25067547
0,0.2471705
0,0.25387114
0,0.257116
0,0.2573123
0,0.24845052
0,0.25431308
0,0.25671118
0,0.25653666
0,0.25265902
0,0.2553042
0,0.25686422
0,0.25600109
0,0.26685154
0,0.26059735
0,0.2609193
0,0.25759476
0,0.25797984
0,0.25751692
0,0.25225976
0,0.2533167
0,0.2553279
0,0.25407016
0,0.2591691
0,0.2549148
0,0.26603726
0,0.257185
0,0.256347
0,0.25853342
0,0.25538847
0,0.25302064
0,0.2535611
0,0.2523354
0,0.25154284
0,0.24988782
0,0.2505024
0,0.260002
0,0.25368512
0,0.26180953
0,0.2550655
0,0.25218847
0,0.2516505
0,0.2601476
0,0.25326946
0,0.2611217
0,0.25419182
0,0.26145998
0,0.25416836
0,0.2508284
0,0.24991094
0,0.25809437
0,0.2633539
0,0.26395953
0,0.2655159
0,0.2660893
0,0.2563443
0,0.2513892
0,0.260206
0,0.261802
0,0.25269088
0,0.26025623
0,0.2737669
0,0.26756564
0,0.256136
0,0.26347047
0,0.26070043
0,0.25690007
0,0.26098862
0,0.25102165
0,0.24763928
0,0.24463326
0,0.24280065
0,0.2513934
0,0.25519496
0,0.24698871
0,0.24714464
0,0.25744045
0,0.24657424
0,0.25340658
0,0.25590762
0,0.25607255
0,0.25733736
0,0.25733674
0,0.25830272
0,0.25768661
0,0.25839323
0,0.25812843
0,0.2582652
0,0.2571538
0,0.25764632
0,0.25665784
0,0.25619578
0,0.25492576
0,0.25482205
0,0.26540396
0,0.25840354
0,0.25647622
0,0.2552406
0,0.2543243
0,0.25336584
0,0.25323683
0,0.25236475
0,0.2517192
0,0.2612881
0,0.2548048
0,0.26315045
0,0.2565304
0,0.26390263
0,0.25628522
0,0.26333612
0,0.2735365
0,0.2698441
0,0.27143294
0,0.2597357
0,0.26765046
0,0.26735303
0,0.25787508
0,0.25393274
0,0.25200468
0,0.24871333
0,0.25876758
0,0.26073843
0,0.253646
0,0.24930981
0,0.24879819
0,0.24526301
0,0.2559075
0,0.26865906
0,0.26552328
0,0.25333756
0,0.26189065
0,0.2611729
0,0.25281
0,0.26312315
0,0.2528024
0,0.25829017
0,0.2544829
0,0.25799167
0,0.2504405
0,0.2457839
0,0.25428984
0,0.24926455
0,0.25550282
0,0.2560428
0,0.25805625
0,0.25750306
0,0.25768983
0,0.2574042
0,0.2590447
0,0.2578804
0,0.25981247
0,0.2585194
0,0.2587997
0,0.25709403
0,0.25846326
0,0.25655845
0,0.25775602
0,0.25483578
0,0.25601912
0,0.25628325
0,0.256015
0,0.25449717
0,0.25576207
0,0.25400692
0,0.2549377
0,0.25317296
0,0.25914782
0,0.25417322
0,0.2644117
0,0.25597867
0,0.2565424
0,0.25416228
0,0.25443906
0,0.25166586
0,0.2586221
0,0.25194246
0,0.25986385
0,0.25194854
0,0.25335348
0,0.24878223
0,0.25695956
0,0.25951496
0,0.25551233
0,0.2494548
0,0.25113827
0,0.24651733
0,0.24912837
0,0.24500512
0,0.24763022
0,0.24803421
0,0.24794869
0,0.2445233
0,0.25631934
0,0.24618122
0,0.25781786
0,0.25860262
0,0.272068
0,0.25772265
0,0.26361
0,0.26202592
0,0.2531749
0,0.25751972
0,0.25023934
0,0.25424013
0,0.24767146
0,0.2535056
0,0.26197496
0,0.2581077
0,0.26047853
0,0.25838694
0,0.2604465
0,0.2477022
0,0.25599965
0,0.25534493
0,0.2474763
0,0.25214678
0,0.2557439
0,0.25478575
0,0.25701424
0,0.2555452
0,0.25766376
0,0.25599542
0,0.2578211
0,0.25588906
0,0.25727746
0,0.25485954
0,0.25538644
0,0.2534122
0,0.25513038
0,0.25266808
0,0.25455847
0,0.25178033
0,0.25393516
0,0.25141206
0,0.25330743
0,0.25132832
0,0.25267568
0,0.26074186
0,0.2668658
0,0.25603294
0,0.25554958
0,0.26235506
0,0.26849914
0,0.27189732
0,0.26211897
0,0.265934
0,0.25906008
0,0.25293365
0,0.2531844
0,0.24840464
0,0.24963531
0,0.2467967
0,0.2480705
0,0.25478476
0,0.250863
0,0.25646147
0,0.2576196
0,0.2485669
0,0.26159123
0,0.24967797
0,0.24945395
0,0.25505596
0,0.24969074
0,0.25453776
0,0.26397923
0,0.25989658
0,0.26237768
0,0.25963843
0,0.26305607
0,0.2597589
0,0.26408795
0,0.25951743
0,0.25224128
0,0.25397292
0,0.2487702
0,0.2517456
0,0.2571905
0,0.25436214
0,0.25923714
0,0.25598866
0,0.26073918
0,0.25671962
0,0.24913818
0,0.25252858
0,0.25631177
0,0.2533311
0,0.25688893
0,0.25354972
0,0.24651812
0,0.2491303
0,0.2534732
0,0.25051203
0,0.25449812
0,0.2516303
0,0.25422645
0,0.26465604
0,0.25874653
0,0.25377208
0,0.25489876
0,0.26215157
0,0.2564697
0,0.26263544
0,0.25761577
0,0.25339365
0,0.2539239
0,0.25039342
0,0.25157967
0,0.26037273
0,0.2542379
0,0.26099697
0,0.25249797
0,0.24922682
0,0.2504331
0,0.2588296
0,0.25280708
0,0.25917542
0,0.27057913
0,0.27808082
0,0.2732504
0,0.26030412
0,0.2563898
0,0.25135273
0,0.2609624
0,0.2617707
0,0.26467162
0,0.253046
0,0.26195216
0,0.25094095
0,0.24926883
0,0.2554539
0,0.24874729
0,0.25428295
0,0.25831777
0,0.24870166
0,0.2520418
0,0.25546366
0,0.24787168
0,0.25390348
0,0.24616064
0,0.2524556
0,0.24534264
0,0.26406038
0,0.24972233
0,0.25481898
0,0.25507882
0,0.25602928
0,0.25766352
0,0.26766807
0,0.26206645
0,0.26053455
0,0.26060513
0,0.25897506
0,0.25886777
0,0.2467463
0,0.24833673
0,0.2515192
0,0.2527506
0,0.25239846
0,0.253795
0,0.25266734
0,0.25339037
0,0.25204825
0,0.2530606
0,0.25196034
0,0.25851178
0,0.253759
0,0.2540543
0,0.25163138
0,0.25243002
0,0.2505017
0,0.2517402
0,0.26045722
0,0.25500843
0,0.26257867
0,0.26233086
0,0.2698351
0,0.26056567
0,0.25512803
0,0.25399137
0,0.2614408
0,0.2548007
0,0.250461
0,0.26055357
0,0.263197
0,0.25529116
0,0.26127762
0,0.26461318
0,0.26198706
0,0.25511065
0,0.2500353
0,0.24869633
0,0.25593263
0,0.24911356
0,0.24564949
0,0.2452981
0,0.2536193
0,0.24706817
0,0.2546492
0,0.25824305
0,0.25889608
0,0.2611521
0,0.24916936
0,0.2627341
0,0.24983089
0,0.2572839
0,0.24682793
0,0.25551996
0,0.25565234
0,0.25823355
0,0.25784636
0,0.25887212
0,0.26248157
0,0.2504784
0,0.25470868
0,0.24694929
0,0.25244182
0,0.25470126
0,0.25424507
0,0.25648886
0,0.2557518
0,0.38770336
0,0.31092757
0,0.29267198
0,0.27272844
0,0.2719287
0,0.26609325
0,0.265038
0,0.27240866
0,0.26523674
0,0.26131073
0,0.2614482
0,0.25829962
0,0.248257
0,0.25255245
0,0.254319
0,0.25248548
0,0.25452667
0,0.25536388
0,0.2551813
0,0.26294938
0,0.25856343
0,0.25436416
0,0.2554247
0,0.26283675
0,0.25751302
0,0.254384
0,0.25471002
0,0.25201818
0,0.2525839
0,0.26148963
0,0.25426072
0,0.25064886
0,0.25136882
0,0.24799095
0,0.25448394
0,0.25895283
0,0.25521407
0,0.25002065
0,0.24978934
0,0.24666065
0,0.24737214
0,0.25516367
0,0.2504662
0,0.25680825
0,0.25653258
0,0.26016986
0,0.2637103
0,0.25246578
0,0.2614713
0,0.26098543
0,0.26208177
0,0.25139108
0,0.24947289
0,0.25574586
0,0.25933084
0,0.25991544
0,0.27398008
0,0.2655329
0,0.26590636
0,0.25688303
0,0.2619914
0,0.26105547
0,0.25609535
0,0.25836256
0,0.250292
0,0.25512135
0,0.2579442
0,0.25680053
0,0.25856534
0,0.25728127
0,0.26380664
0,0.2584347
0,0.268357
0,0.26072118
0,0.2603809
0,0.25773326
0,0.25829813
0,0.2570994
0,0.2572343
0,0.2778274
0,0.26538396
0,0.26020104
0,0.25991374
0,0.25624302
0,0.2769182
0,0.26112127
0,0.25953147
0,0.2554622
0,0.25558102
0,0.26780397
0,0.2589446
0,0.25518936
0,0.25490755
0,0.25728622
0,0.25418323
0,0.27019176
0,0.258661
0,0.2576258
0,0.26514438
0,0.25462848
0,0.27173477
0,0.2671523
0,0.26894844
0,0.26715735
0,0.26903588
0,0.26952517
0,0.26960132
0,0.2566289
0,0.2536387
0,0.2483573
0,0.24824
0,0.24473187
0,0.25484923
0,0.25565818
0,0.25885195
0,0.25826195
0,0.26046708
0,0.2598812
0,0.26145124
0,0.25996503
0,0.26071548
0,0.26005688
0,0.2617009
0,0.25953984
0,0.26132953
0,0.2709842
0,0.2652533
0,0.2621399
0,0.2625272
0,0.2610211
0,0.2608682
0,0.25875333
0,0.2588212
0,0.25715122
0,0.25583953
0,0.26641503
0,0.2606679
0,0.2577139
0,0.25966468
0,0.26121596
0,0.2588168
0,0.2567398
0,0.25670624
0,0.254873
0,0.24806881
0,0.2505982
0,0.25218403
0,0.25059405
0,0.25178847
0,0.25061867
0,0.25105602
0,0.25172058
0,0.25083682
0,0.2597783
0,0.2514784
0,0.26362884
0,0.25524598
0,0.26287037
0,0.26617965
0,0.2670503
0,0.25804707
0,0.2538005
0,0.2632443
0,0.25425133
0,0.25809428
0,0.2512667
0,0.2608262
0,0.2625602
0,0.25435412
0,0.27277327
0,0.26870263
0,0.257888
0,0.2643935
0,0.26510987
0,0.2531861
0,0.25012755
0,0.2477678
0,0.24565324
0,0.25378793
0,0.24652743
0,0.24430592
0,0.2533727
0,0.26072395
0,0.26866728
0,0.2644114
0,0.25262338
0,0.2590682
0,0.24947163
0,0.24583288
0,0.24241276
0,0.25114664
0,0.24321511
0,0.24109787
0,0.23918176
0,0.24835257
0,0.2512991
0,0.2541536
0,0.26043272
0,0.2484688
0,0.2547241
0,0.25537696
0,0.25539944
0,0.2562175
0,0.2598002
0,0.2583339
0,0.26850083
0,0.26204336
0,0.27071512
0,0.2771499
0,0.2661424
0,0.26899284
0,0.2632527
0,0.26116046
0,0.27027544
0,0.26639298
0,0.2631171
0,0.24965815
0,0.25420657
0,0.2547048
0,0.25519872
0,0.25471777
0,0.25398412
0,0.25410315
0,0.25310525
0,0.25317317
0,0.25234032
0,0.25340652
0,0.2520067
0,0.25203568
0,0.2506518
0,0.2508321
0,0.24973081
0,0.25022
0,0.25391522
0,0.25118285
0,0.249482
0,0.24924688
0,0.2485313
0,0.24096544
0,0.25403023
0,0.24870452
0,0.24660665
0,0.2469051
0,0.25952497
0,0.25169927
0,0.24877812
0,0.24786903
0,0.25622308
0,0.2611699
0,0.25097048
0,0.25994873
0,0.2502966
0,0.25926265
0,0.26083672
0,0.26369482
0,0.2530941
0,0.26062828
0,0.2538994
0,0.24995925
0,0.2584126
0,0.2610775
0,0.26166463
0,0.26316565
0,0.26307917
0,0.25290212
0,0.26085052
0,0.2564624
0,0.24929096
0,0.2576409
0,0.26375175
0,0.26239887
0,0.2514186
0,0.24841782
0,0.25492674
0,0.24686512
0,0.24342282
0,0.25240412
0,0.24672788
0,0.26360986
0,0.25929466
0,0.25943807
0,0.25938115
0,0.24910495
0,0.2593115
0,0.25832695
0,0.25715837
0,0.25793916
0,0.25696012
0,0.2576929
0,0.2558532
0,0.25664827
0,0.25553033
0,0.25576493
0,0.25461036
0,0.25567383
0,0.25449568
0,0.25478277
0,0.25410235
0,0.25466245
0,0.2534254
0,0.25349143
0,0.25755084
0,0.2551907
0,0.25365502
0,0.25352415
0,0.2528604
0,0.25217968
0,0.25157282
0,0.25135785
0,0.27279988
0,0.25929314
0,0.255286
0,0.25410095
0,0.26186857
0,0.25591987
0,0.252111
0,0.24745032
0,0.24743581
0,0.24832572
0,0.24685532
0,0.24753527
0,0.25834957
0,0.25194812
0,0.2593915
0,0.25291985
0,0.24921334
0,0.25536993
0,0.25993735
0,0.25285897
0,0.2488275
0,0.24819112
0,0.24523689
0,0.24545163
0,0.25265378
0,0.24722193
0,0.2539171
0,0.26023933
0,0.24884756
0,0.24793205
0,0.2535082
0,0.24686499
0,0.2531479
0,0.24924403
0,0.25406533
0,0.25853607
0,0.25768068
0,0.2492085
0,0.25473142
0,0.24669136
0,0.25228754
0,0.24940708
0,0.25381327
0,0.2561916
0,0.25510675
0,0.25698152
0,0.25560287
0,0.2568196
0,0.2550132
0,0.2560638
0,0.2658845
0,0.2606507
0,0.25757396
0,0.25839084
0,0.25583476
0,0.25693476
0,0.25471014
0,0.2555709
0,0.2539547
0,0.25483146
0,0.2530871
0,0.25371772
0,0.26293573
0,0.25730783
0,0.25487104
0,0.2546077
0,0.25206122
0,0.2520003
0,0.25023675
0,0.2531703
0,0.25431806
0,0.25196016
0,0.26006138
0,0.25401515
0,0.2615365
0,0.2542036
0,0.26841864
0,0.25684533
0,0.253347
0,0.25127703
0,0.248123
0,0.2473946
0,0.24558268
0,0.2561279
0,0.24860081
0,0.2470365
0,0.25518444
0,0.24626888
0,0.24513875
0,0.24431056
0,0.2529425
0,0.24632297
0,0.24325779
0,0.25487176
0,0.24516769
0,0.24757363
0,0.24258459
0,0.24859458
0,0.24254276
0,0.2416365
0,0.24944244
0,0.24288194
0,0.24984646
0,0.25247008
0,0.2532858
0,0.2456053
0,0.25052348
0,0.2485022
0,0.2512591
0,0.25363815
0,0.253514
0,0.25672176
0,0.25474274
0,0.25580937
0,0.25411406
0,0.2552717
0,0.25417808
0,0.25032523
0,0.2625852
0,0.25766224
0,0.25516057
0,0.29831043
0,0.2720028
0,0.26605433
0,0.26159406
0,0.25946432
0,0.2564431
0,0.2617616
0,0.25631756
0,0.2557311
0,0.25837544
0,0.2661992
0,0.25722665
0,0.2553942
0,0.25707456
0,0.25544986
0,0.25293112
0,0.25230116
0,0.25066915
0,0.25025356
0,0.25939074
0,0.26381373
0,0.26569465
0,0.26815793
0,0.25703868
0,0.26512113
0,0.26561996
0,0.2569107
0,0.26287195
0,0.2553016
0,0.25055295
0,0.24863896
0,0.24595048
0,0.24545574
0,0.25327954
0,0.2580741
0,0.2708127
0,0.25548956
0,0.24997547
0,0.28841066
0,0.26464194
0,0.26533496
0,0.26468658
0,0.26462743
0,0.26375902
0,0.26442617
0,0.26302344
0,0.2528666
0,0.2580448
0,0.24892491
0,0.25476328
0,0.25662807
0,0.25716305
0,0.2582053
0,0.25845867
0,0.25344786
0,0.25545472
0,0.256763
0,0.2559322
0,0.2567485
0,0.26667374
0,0.26077542
0,0.25855398
0,0.25845188
0,0.2568188
0,0.2523595
0,0.29547867
0,0.27052116
0,0.26847908
0,0.26318723
0,0.27083188
0,0.26287112
0,0.25869855
0,0.25769502
0,0.25495073
0,0.2568625
0,0.26285928
0,0.2572119
0,0.25506678
0,0.2587719
0,0.2544916
0,0.25366986
0,0.2521918
0,0.25199595
0,0.2511042
0,0.2554306
0,0.2622801
0,0.25570086
0,0.2570675
0,0.25431845
0,0.25144532
0,0.25151974
0,0.24909711
0,0.2495053
0,0.25786605
0,0.257543
0,0.25044575
0,0.2501846
0,0.2583095
0,0.26289174
0,0.2519411
0,0.25117952
0,0.24752589
0,0.25853306
0,0.24929446
0,0.2597846
0,0.25014699
0,0.24907258
0,0.256293
0,0.26087877
0,0.25017056
0,0.25902987
0,0.2489014
0,0.2481358
0,0.25450507
0,0.2589447
0,0.2476847
0,0.25798184
0,0.24668938
0,0.24562041
0,0.25222322
0,0.25641993
0,0.24549869
0,0.25564972
0,0.2548091
0,0.2576395
0,0.25609684
0,0.24803771
0,0.2520639
0,0.25582796
0,0.2544976
0,0.25688887
0,0.25501442
0,0.25707152
0,0.2608207
0,0.25960845
0,0.25647968
0,0.25804132
0,0.25496066
0,0.26117757
0,0.2559665
0,0.25759465
0,0.25436026
0,0.25956234
0,0.2550627
0,0.27842134
0,0.2635087
0,0.26090506
0,0.25734344
0,0.257217
0,0.2541834
0,0.2547902
0,0.2526801
0,0.25369856
0,0.25566792
0,0.2540045
0,0.25049356
0,0.25248516
0,0.24895212
0,0.25617552
0,0.26049122
0,0.2553538
0,0.2512276
0,0.2514298
0,0.2585281
0,0.24773458
0,0.2570545
0,0.2625933
0,0.25179502
0,0.2507395
0,0.25748494
0,0.26188618
0,0.2624351
0,0.2540404
0,0.26020077
0,0.25199243
0,0.24731053
0,0.25705805
0,0.24723634
0,0.24580799
0,0.24275187
0,0.24218982
0,0.23965515
0,0.23943046
0,0.24833244
0,0.2423238
0,0.24973564
0,0.2538953
0,0.25841257
0,0.24805318
0,0.25314745
0,0.25588983
0,0.27024347
0,0.25260386
0,0.25622496
0,0.25225836
0,0.25461793
0,0.25593564
0,0.2551602
0,0.25614682
0,0.2546139
0,0.2555745
0,0.25429484
0,0.25466627
0,0.25335357
0,0.25214618
0,0.25178504
0,0.25459513
0,0.25238416
0,0.25738227
0,0.25343385
0,0.25411892
0,0.25233442
0,0.2527778
0,0.25165382
0,0.2574831
0,0.26892757
0,0.25951663
0,0.25604317
0,0.2562254
0,0.25330108
0,0.2525029
0,0.25025377
0,0.25078356
0,0.2595826
0,0.25506514
0,0.26197866
0,0.25485575
0,0.2515268
0,0.26038343
0,0.25199
0,0.26627368
0,0.26462415
0,0.26722103
0,0.26668298
0,0.2687118
0,0.26571912
0,0.25801283
0,0.26272795
0,0.2547084
0,0.24977693
0,0.25939918
0,0.26082405
0,0.25033766
0,0.24720797
0,0.25664178
0,0.24704666
0,0.25668558
0,0.25808224
0,0.2503363
0,0.24570656
0,0.2553584
0,0.24608713
0,0.25521863
0,0.25008407
0,0.24582677
0,0.25256628
0,0.2563657
0,0.25638932
0,0.26234555
0,0.25944945
0,0.26051235
0,0.2591053
0,0.2598923
0,0.25855985
0,0.2598183
0,0.25787997
0,0.25934145
0,0.25759283
0,0.25816777
0,0.25680277
0,0.25715044
0,0.25560743
0,0.25622445
0,0.254832
0,0.2593376
0,0.25731304
0,0.25566664
0,0.2540512
0,0.25799048
0,0.2540374
0,0.26454666
0,0.25640127
0,0.2555843
0,0.25301015
0,0.2533395
0,0.25234422
0,0.25300053
0,0.25126624
0,0.25074062
0,0.2488094
0,0.24931358
0,0.25859907
0,0.26338542
0,0.25490794
0,0.25056756
0,0.24887882
0,0.25082058
0,0.24746831
0,0.25754043
0,0.2604064
0,0.25234655
0,0.25396508
0,0.26003385
0,0.26102626
0,0.25841728
0,0.27128232
0,0.26832667
0,0.27100015
0,0.25856623
0,0.26266322
0,0.25447288
0,0.25934938
0,0.26260397
0,0.2515666
0,0.25419292
0,0.24700494
0,0.24550071
0,0.2420359
0,0.26343164
0,0.2584868
0,0.25011182
0,0.26017627
0,0.24964967
0,0.25492382
0,0.2533855
0,0.25586528
0,0.25862542
0,0.26657215
0,0.2535353
0,0.2610282
0,0.2605597
0,0.25832903
0,0.267801
0,0.2603787
0,0.2565329
0,0.25570598
0,0.25772083
0,0.25434852
0,0.24766992
0,0.25014326
0,0.25379753
0,0.25117782
0,0.25421515
0,0.2513018
0,0.26562795
0,0.25593928
0,0.2572913
0,0.26437008
0,0.25946572
0,0.26783633
0,0.2612627
0,0.26635432
0,0.26108658
0,0.26580998
0,0.26034856
0,0.26579255
0,0.26016206
0,0.2646038
0,0.25923055
0,0.25324455
0,0.2537999
0,0.253137
0,0.26366308
0,0.26326853
0,0.2565663
0,0.26073167
0,0.25550213
0,0.26073664
0,0.26568478
0,0.25330687
0,0.26370373
0,0.26312205
0,0.26698667
0,0.25417745
0,0.2634796
0,0.2626313
0,0.25556028
0,0.259413
0,0.25296777
0,0.25719532
0,0.2515093
0,0.2557693
0,0.26103896
0,0.2592158
0,0.25297096
0,0.25689557
0,0.24807034
0,0.25391242
0,0.2586339
0,0.2567322
0,0.24985588
0,0.25339997
0,0.24746808
0,0.25101018
0,0.24513364
0,0.24915081
0,0.24409117
0,0.24807987
0,0.25375158
0,0.2528294
0,0.25660625
0,0.25374714
0,0.257478
0,0.2533204
0,0.2565046
0,0.2528841
0,0.25599846
0,0.25228548
0,0.25550073
0,0.25171027
0,0.2550376
0,0.26285744
0,0.2568658
0,0.25250646
0,0.2547318
0,0.25012234
0,0.25276452
0,0.25915635
0,0.25517094
0,0.2603419
0,0.25831303
0,0.25106817
0,0.25655574
0,0.24902785
0,0.25109765
0,0.2566058
0,0.24915545
0,0.25634465
0,0.25699705
0,0.24871844
0,0.25004387
0,0.24553375
0,0.25854918
0,0.257891
0,0.25322658
0,0.2576157
0,0.2579038
0,0.25519654
0,0.25176316
0,0.24595836
0,0.24724749
0,0.2423887
0,0.25428775
0,0.2544827
0,0.24899422
0,0.25355208
0,0.25382525
0,0.25979495
0,0.2504828
0,0.25439954
0,0.2580111
0,0.25689527
0,0.24910702
0,0.25327638
0,0.24715878
0,0.25138444
0,0.25608253
0,0.25363746
0,0.2579258
0,0.25491628
0,0.25844875
0,0.25644776
0,0.25870365
0,0.2551651
0,0.24713314
0,0.2509466
0,0.24919362
0,0.25065684
0,0.26473585
0,0.25590193
0,0.25647566
0,0.25321013
0,0.31039923
0,0.27381006
0,0.26996484
0,0.26217532
0,0.2616604
0,0.2671667
0,0.26207247
0,0.26732716
0,0.261529
0,0.256194
0,0.25686222
0,0.25302756
0,0.2536724
0,0.2617646
0,0.26769507
0,0.26776284
0,0.26051602
0,0.26613745
0,0.26336983
0,0.2665122
0,0.25908434
0,0.26434028
0,0.25788143
0,0.2524988
0,0.2527797
0,0.24956456
0,0.25026605
0,0.24653947
0,0.25227323
0,0.24654828
0,0.25772405
0,0.24765538
0,0.2465979
0,0.2439307
0,0.25556096
0,0.25612584
0,0.2613096
0,0.2599121
0,0.26434374
0,0.26180655
0,0.2546858
0,0.257743
0,0.25255883
0,0.25659618
0,0.26081455
0,0.26288244
0,0.26414782
0,0.26010385
0,0.26372057
0,0.2553566
0,0.2504289
0,0.25334394
0,0.2481575
0,0.25124958
0,0.25680307
0,0.2553488
0,0.24797091
0,0.2516215
0,0.24588345
0,0.24924518
0,0.2585986
0,0.25325927
0,0.24681689
0,0.24500772
0,0.24737011
0,0.24730398
0,0.24241796
0,0.24973737
0,0.25250503
0,0.24862416
0,0.25287077
0,0.24902852
0,0.25321326
0,0.25937992
0,0.25662428
0,0.25432968
0,0.25925237
0,0.26141992
0,0.25846
0,0.2616648
0,0.36178568
0,0.30504498
0,0.32123995
0,0.29496023
0,0.26950994
0,0.27720845
0,0.26730785
0,0.25740093
0,0.26227975
0,0.26283637
0,0.25889057
0,0.2610256
0,0.25780094
0,0.26068726
0,0.25703275
0,0.24918121
0,0.25745314
0,0.258234
0,0.25496694
0,0.25755456
0,0.25435242
0,0.2512372
0,0.2513584
0,0.25442764
0,0.25806826
0,0.2565506
0,0.25324732
0,0.25538766
0,0.26265582
0,0.2692687
0,0.25823995
0,0.25763214
0,0.25274998
0,0.25401935
0,0.26752338
0,0.25865254
0,0.25296682
0,0.25368223
0,0.24904154
0,0.250082
0,0.25734842
0,0.26307693
0,0.2527306
0,0.25223073
0,0.2478495
0,0.24902366
0,0.2564341
0,0.25176895
0,0.25774348
0,0.2523757
0,0.25750992
0,0.26353368
0,0.25121847
0,0.250834
0,0.25745875
0,0.25349325
0,0.25574708
0,0.26141843
0,0.24908684
0,0.25308803
0,0.2550493
0,0.2495544
0,0.2542997
0,0.24852407
0,0.25275698
0,0.2574614
0,0.25615937
0,0.26057094
0,0.2577033
0,0.26142555
0,0.25779587
0,0.24976256
0,0.25283888
0,0.24682173
0,0.24967195
0,0.2442572
0,0.24881813
0,0.25446558
0,0.25600374
0,0.24724175
0,0.2490559
0,0.2432641
0,0.24649496
0,0.2517689
0,0.26020876
0,0.26029798
0,0.25473383
0,0.25679776
0,0.25322542
0,0.255841
0,0.25215757
0,0.25515118
0,0.26599303
0,0.26049903
0,0.25466076
0,0.25632474
0,0.26212266
0,0.25933018
0,0.26357058
0,0.25958177
0,0.2633118
0,0.2598724
0,0.2631191
0,0.259255
0,0.25224373
0,0.25474516
0,0.24862291
0,0.25197414
0,0.24624272
0,0.25030193
0,0.25489807
0,0.253626
0,0.2548107
0,0.2584032
0,0.25974172
0,0.2593455
0,0.25954756
0,0.25822642
0,0.25993672
0,0.25608385
0,0.2582676
0,0.25448465
0,0.25761175
0,0.25400212
0,0.25627005
0,0.25263724
0,0.25519162
0,0.26219225
0,0.2579531
0,0.2643011
0,0.27424574
0,0.25956982
0,0.25464916
0,0.2626716
0,0.24739438
0,0.26008368
0,0.25453812
0,0.26129815
0,0.25741106
0,0.25224167
0,0.25398874
0,0.2599348
0,0.25551653
0,0.25015834
0,0.25172737
0,0.24751247
0,0.24947703
0,0.25590485
0,0.2522244
0,0.2579128
0,0.27285117
0,0.2556214
0,0.25483844
0,0.2488279
0,0.25027916
0,0.24772018
0,0.25886706
0,0.25855172
0,0.25285888
0,0.24613483
0,0.24699575
0,0.2524456
0,0.25959468
0,0.2572874
0,0.25340715
0,0.26116636
0,0.2638434
0,0.25945523
0,0.2638467
0,0.27043098
0,0.2689855
0,0.26273912
0,0.26577905
0,0.2609147
0,0.25345126
0,0.26600415
0,0.2549482
0,0.2555093
0,0.2608115
0,0.25592068
0,0.24950615
0,0.25098848
0,0.2456816
0,0.24818616
0,0.2546038
0,0.25064984
0,0.24543686
0,0.2466499
0,0.25262395
0,0.26021317
0,0.25872803
0,0.26348045
0,0.2639521
0,0.26563808
0,0.25715303
0,0.25306305
0,0.26772395
0,0.25527433
0,0.25775003
0,0.2611293
0,0.2593511
0,0.2511908
0,0.26003188
0,0.26059842
0,0.2584096
0,0.25072214
0,0.2545659
0,0.25818154
0,0.25610557
0,0.25878912
0,0.25639626
0,0.25951403
0,0.2624781
0,0.26140824
0,0.2594711
0,0.24988434
0,0.25374615
0,0.25671387
0,0.24781807
0,0.25462833
0,0.25183496
0,0.25495845
0,0.24973397
0,0.25352645
0,0.25025457
0,0.2540895
0,0.25096256
0,0.25369227
0,0.2552114
0,0.2549645
0,0.25159344
0,0.25362164
0,0.2503478
0,0.25196218
0,0.25961536
0,0.2590082
0,0.26377627
0,0.25799605
0,0.2638187
0,0.2573339
0,0.26377133
0,0.25760022
0,0.25883842
0,0.25546318
0,0.25201967
0,0.25197214
0,0.24874073
0,0.2491484
0,0.24698254
0,0.24743713
0,0.24573061
0,0.2578012
0,0.25941816
0,0.26397768
0,0.2649468
0,0.2563582
0,0.25152832
0,0.25054348
0,0.2573987
0,0.26173502
0,0.25173485
0,0.26183802
0,0.26644665
0,0.2553903
0,0.27019393
0,0.26702097
0,0.25411972
0,0.2615288
0,0.2616979
0,0.25304347
0,0.2584383
0,0.250188
0,0.2569799
0,0.25907895
0,0.25768456
0,0.2611764
0,0.2601795
0,0.2616346
0,0.26043606
0,0.25057614
0,0.25567955
0,0.24727255
0,0.25273362
0,0.24512349
0,0.2506106
0,0.2525087
0,0.25342813
0,0.25559393
0,0.254835
0,0.2564173
0,0.25518897
0,0.2562434
0,0.2561598
0,0.2564736
0,0.25443304
0,0.25512174
0,0.25765914
0,0.2569585
0,0.25470608
0,0.2554727
0,0.26455843
0,0.25812697
0,0.26197544
0,0.25717
0,0.2544061
0,0.25346842
0,0.2520073
0,0.25114334
0,0.25030968
0,0.25042024
0,0.24961488
0,0.25164118
0,0.24997604
0,0.25989413
0,0.25317228
0,0.25147384
0,0.25070155
0,0.2599143
0,0.2637235
0,0.25525174
0,0.25354192
0,0.26163745
0,0.2600269
0,0.25349233
0,0.25151682
0,0.25064638
0,0.2635658
0,0.2528542
0,0.26177356
0,0.26474717
0,0.25517198
0,0.2619375
0,0.26475024
0,0.2546496
0,0.25185686
0,0.25956264
0,0.25167763
0,0.2612248
0,0.2633084
0,0.25296655
0,0.25261837
0,0.25886565
0,0.2573327
0,0.24940406
0,0.2517287
0,0.24657269
0,0.25578994
0,0.2626942
0,0.2619762
0,0.25519553
0,0.26069483
0,0.25005734
0,0.25284806
0,0.24609093
0,0.24400441
0,0.25186348
0,0.24356781
0,0.24220373
0,0.23992765
0,0.24847226
0,0.25171882
0,0.25301445
0,0.25475955
0,0.25535464
0,0.2559287
0,0.2560557
0,0.2586704
0,0.2569843
0,0.25637087
0,0.2561398
0,0.25605917
0,0.25527957
0,0.25478676
0,0.25721818
0,0.26596287
0,0.25979435
0,0.2574688
0,0.25644952
0,0.2595552
0,0.2610372
0,0.2564558
0,0.25573972
0,0.25462344
0,0.25354445
0,0.2528514
0,0.25209063
0,0.25172395
0,0.2507132
0,0.25102493
0,0.25205824
0,0.25011665
0,0.25030303
0,0.24376258
0,0.24702317
0,0.24732253
0,0.25566587
0,0.25048992
0,0.25919655
0,0.26230174
0,0.25382787
0,0.25178036
0,0.26056305
0,0.26348945
0,0.26510632
0,0.26613787
0,0.26682797
0,0.26719403
0,0.2672514
0,0.26737946
0,0.25613752
0,0.25232485
0,0.25145426
0,0.26519012
0,0.2630851
0,0.26433387
0,0.26416078
0,0.27305633
0,0.26793528
0,0.25654867
0,0.2732701
0,0.26862714
0,0.25588068
0,0.25758603
0,0.26080766
0,0.25211442
0,0.25789028
0,0.24979064
0,0.2558737
0,0.25893414
0,0.2622088
0,0.2616183
0,0.26066777
0,0.25080094
0,0.25682864
0,0.25890362
0,0.25772095
0,0.26974067
0,0.26212552
0,0.2615372
0,0.25941992
0,0.26017392
0,0.2577533
0,0.25814798
0,0.2569028
0,0.25701466
0,0.26264507
0,0.2584174
0,0.255855
0,0.2564932
0,0.2539623
0,0.25488436
0,0.25285572
0,0.2536873
0,0.25156567
0,0.25264642
0,0.2507215
0,0.25162256
0,0.24999313
0,0.25559038
0,0.25271216
0,0.2520346
0,0.24951288
0,0.2500931
0,0.24774866
0,0.2484172
0,0.24680498
0,0.2663995
0,0.26552466
0,0.26712
0,0.25621837
0,0.26428047
0,0.25475815
0,0.26274642
0,0.2636491
0,0.2653623
0,0.25743076
0,0.251811
0,0.2480192
0,0.24748574
0,0.24427727
0,0.25442007
0,0.25577766
0,0.25943622
0,0.259021
0,0.25031343
0,0.2558168
0,0.25914463
0,0.2586659
0,0.26052892
0,0.25938892
0,0.26099655
0,0.25971648
0,0.2611754
0,0.2595827
0,0.25039488
0,0.25542432
0,0.25741574
0,0.25654912
0,0.25849447
0,0.25777912
0,0.2589907
0,0.25723785
0,0.25833783
0,0.25672677
0,0.26969302
0,0.26054105
0,0.26065272
0,0.25778306
0,0.25850454
0,0.25603217
0,0.25747827
0,0.25479308
0,0.2573638
0,0.25447077
0,0.25618
0,0.25322464
0,0.25509116
0,0.2572918
0,0.25612456
0,0.2570943
0,0.25587344
0,0.2526711
0,0.25325575
0,0.25095677
0,0.25210822
0,0.2498059
0,0.25061026
0,0.25945616
0,0.25938493
0,0.25264147
0,0.25291923
0,0.24905777
0,0.24992375
0,0.24687026
0,0.24922389
0,0.245907
0,0.24805385
0,0.24539253
0,0.25155318
0,0.25632656
0,0.25105068
0,0.25718033
0,0.25230584
0,0.24690875
0,0.26039237
0,0.25921577
0,0.264263
0,0.26269662
0,0.26653624
0,0.25329077
0,0.25237998
0,0.2522947
0,0.25002015
0,0.24424794
0,0.25558284
0,0.2557353
0,0.260459
0,0.25832215
0,0.26302746
0,0.2597269
0,0.26309222
0,0.25955704
0,0.26327732
0,0.25938633
0,0.26811486
0,0.2610189
0,0.25175855
0,0.25489134
0,0.24926305
0,0.2518094
0,0.26230636
0,0.26715624
0,0.25425705
0,0.26605058
0,0.26418114
0,0.2586092
0,0.26177433
0,0.25739667
0,0.26018894
0,0.25691345
0,0.26022914
0,0.25624177
0,0.24880326
0,0.25076792
0,0.2554595
0,0.25278327
0,0.26718777
0,0.25683647
0,0.25859916
0,0.2539997
0,0.2569068
0,0.25221935
0,0.2549886
0,0.2621076
0,0.25943515
0,0.2642923
0,0.26003852
0,0.25866646
0,0.2577369
0,0.2635273
0,0.2591239
0,0.2526353
0,0.254613
0,0.25370282
0,0.2539849
0,0.25917634
0,0.25581634
0,0.25004268
0,0.26033723
0,0.25127083
0,0.25214705
0,0.25785646
0,0.2543166
0,0.25901523
0,0.2579673
0,0.25374436
0,0.25277314
0,0.25634775
0,0.25761688
0,0.24791756
0,0.2561083
0,0.2568301
0,0.2628654
0,0.2498223
0,0.26012883
0,0.2589682
0,0.25338116
0,0.25662008
0,0.25059396
0,0.2541091
0,0.2591485
0,0.25676093
0,0.25036365
0,0.25386545
0,0.24751985
0,0.25089523
0,0.24591595
0,0.2516165
0,0.2448056
0,0.24850659
0,0.2539424
0,0.25148782
0,0.25642237
0,0.25219902
0,0.24603988
0,0.24921183
0,0.24345437
0,0.24653655
0,0.24130279
0,0.24557921
0,0.25011724
0,0.24883923
0,0.2525718
0,0.24966988
0,0.25379246
0,0.2498055
0,0.25357148
0,0.24919514
0,0.25678587
0,0.249921
0,0.25306392
0,0.24790405
0,0.25139084
0,0.2471634
0,0.2504363
0,0.24604006
0,0.24926576
0,0.2453656
0,0.24828838
0,0.25599992
0,0.26360458
0,0.26254842
0,0.2566957
0,0.26654184
0,0.2591129
0,0.263424
0,0.25726008
0,0.25005805
0,0.25120464
0,0.2565176
0,0.25217578
0,0.25710547
0,0.25209883
0,0.25669387
0,0.25123695
0,0.25522506
0,0.25491482
0,0.25630516
0,0.25110796
0,0.2632837
0,0.25335547
0,0.25650173
0,0.26150155
0,0.25901034
0,0.25224936
0,0.25597623
0,0.2613711
0,0.25794455
0,0.25563717
0,0.25612494
0,0.24960247
0,0.25315252
0,0.25776508
0,0.25523826
0,0.25828123
0,0.24496585
0,0.2443941
0,0.2484771
0,0.25364107
0,0.25173762
0,0.25821245
0,0.25549892
0,0.25777107
0,0.25453708
0,0.2570294
0,0.2568757
0,0.25807634
0,0.25428757
0,0.25684065
0,0.26310092
0,0.2604476
0,0.25410068
0,0.25096568
0,0.2500276
0,0.253604
0,0.24994959
0,0.25319856
0,0.25922003
0,0.25646406
0,0.2503979
0,0.25408342
0,0.2529215
0,0.25369957
0,0.24830972
0,0.25118276
0,0.24772273
0,0.25103506
0,0.2566411
0,0.25324732
0,0.2537745
0,0.25210994
0,0.25687823
0,0.25343904
0,0.2572876
0,0.2536722
0,0.247128
0,0.24922137
0,0.24364015
0,0.2461637
0,0.2622326
0,0.26330635
0,0.26037964
0,0.2543364
0,0.25712836
0,0.25228107
0,0.25593626
0,0.25076348
0,0.254932
0,0.25018573
0,0.2535994
0,0.26464927
0,0.25896966
0,0.26323864
0,0.260995
0,0.2530997
0,0.25484243
0,0.25969648
0,0.25570035
0,0.25939733
0,0.25513837
0,0.2489817
0,0.24703065
0,0.25457838
0,0.25118464
0,0.25595987
0,0.25259182
0,0.25696927
0,0.2592094
0,0.24905239
0,0.25010857
0,0.25472564
0,0.26145262
0,0.25934646
0,0.2695323
0,0.26431558
0,0.2672148
0,0.26350632
0,0.278587
0,0.26737413
0,0.25873187
0,0.2603575
0,0.26395926
0,0.27169234
0,0.25705916
0,0.26012623
0,0.25260952
0,0.25581142
0,0.24928062
0,0.25550348
0,0.24844573
0,0.2522743
0,0.24657375
0,0.25099352
0,0.24508767
0,0.24981889
0,0.24368024
0,0.24868503
0,0.25269875
0,0.2522391
0,0.25479668
0,0.25390247
0,0.25632733
0,0.25487804
0,0.2557636
0,0.25396895
0,0.254826
0,0.253404
0,0.26511994
0,0.25292087
0,0.25528902
0,0.2526979
0,0.25297576
0,0.25542963
0,0.25376818
0,0.2678374
0,0.25845775
0,0.25476974
0,0.26303628
0,0.25506073
0,0.2544986
0,0.25170234
0,0.25254107
0,0.25894436
0,0.25350732
0,0.2510421
0,0.26097217
0,0.26382113
0,0.26602104
0,0.25690737
0,0.25349766
0,0.261623
0,0.25329992
0,0.2557173
0,0.26110306
0,0.2634781
0,0.25360876
0,0.2509248
0,0.2582193
0,0.2504928
0,0.24777043
0,0.24618232
0,0.24489331
0,0.25396672
0,0.26838294
0,0.26350224
0,0.26339617
0,0.2529505
0,0.25928146
0,0.25027442
0,0.2572924
0,0.24855024
0,0.25583014
0,0.25783342
0,0.24737278
0,0.24915752
0,0.25437906
0,0.24559332
0,0.2522674
0,0.25426778
0,0.25545138
0,0.25659785
0,0.25650162
0,0.2567314
0,0.25026444
0,0.2637112
0,0.25822952
0,0.25808826
0,0.25645357
0,0.2566706
0,0.2672976
0,0.26157197
0,0.258878
0,0.25840187
0,0.25654477
0,0.2564226
0,0.2553365
0,0.25566196
0,0.2543388
0,0.25438607
0,0.2535973
0,0.2535852
0,0.25281113
0,0.2523184
0,0.2527353
0,0.25216264
0,0.26261473
0,0.25526908
0,0.25363067
0,0.25199053
0,0.2508378
0,0.26024053
0,0.2536831
0,0.27407563
0,0.259343
0,0.25576013
0,0.26439756
0,0.26042688
0,0.25511542
0,0.2521006
0,0.26096487
0,0.2627756
0,0.25440475
0,0.27538204
0,0.25889355
0,0.25455683
0,0.26245213
0,0.26378152
0,0.25442883
0,0.26212838
0,0.2638807
0,0.2647861
0,0.26486704
0,0.26583692
0,0.25443572
0,0.25093666
0,0.247356
0,0.25559098
0,0.24704532
0,0.24454719
0,0.2532086
0,0.2559654
0,0.25766283
0,0.24810137
0,0.24492495
0,0.25266603
0,0.25558934
0,0.2576508
0,0.25798956
0,0.25891203
0,0.25850052
0,0.24829231
0,0.2541141
0,0.25580063
0,0.25516877
0,0.25669748
0,0.2561956
0,0.2568554
0,0.25542364
0,0.25632825
0,0.2541211
0,0.26563832
0,0.2573054
0,0.2943754
0,0.26952317
0,0.2664195
0,0.26400816
0,0.26166436
0,0.2570687
0,0.25768247
0,0.254133
0,0.25490937
0,0.26211485
0,0.2627683
0,0.25557795
0,0.25537992
0,0.25524783
0,0.25390854
0,0.26101273
0,0.2553317
0,0.25087783
0,0.25158522
0,0.24799912
0,0.24901523
0,0.2620261
0,0.25379273
0,0.26028162
0,0.26467317
0,0.25760493
0,0.2646902
0,0.2646761
0,0.26755685
0,0.2548488
0,0.2607756
0,0.2608543
0,0.2533473
0,0.24789195
0,0.25745064
0,0.25743368
0,0.26850712
0,0.26372233
0,0.25410342
0,0.25796956
0,0.26063803
0,0.25997669
0,0.26196048
0,0.2659996
0,0.2538758
0,0.2578846
0,0.259964
0,0.25867262
0,0.2606701
0,0.2602241
0,0.2505608
0,0.25559592
0,0.25740156
0,0.25741765
0,0.2583479
0,0.25710186
0,0.25845551
0,0.25615874
0,0.25778073
0,0.25532797
0,0.25746578
0,0.2552022
0,0.25669685
0,0.25498018
0,0.26704314
0,0.2585114
0,0.25860733
0,0.25523743
0,0.25667593
0,0.2539013
0,0.25549656
0,0.25296816
0,0.2543684
0,0.25166157
0,0.25360477
0,0.25080606
0,0.25291845
0,0.26076227
0,0.25614274
0,0.2642062
0,0.25797713
0,0.25386968
0,0.25405458
0,0.26159847
0,0.25578737
0,0.26252893
0,0.25601056
0,0.2516258
0,0.25135767
0,0.25918943
0,0.2532165
0,0.24952522
0,0.24938829
0,0.24692595
0,0.24789977
0,0.255356
0,0.25033963
0,0.24618225
0,0.26409048
0,0.26107064
0,0.2858341
0,0.2609052
0,0.27208838
0,0.2669434
0,0.2692122
0,0.25522524
0,0.2531569
0,0.2473047
0,0.24751195
0,0.25355947
0,0.24838209
0,0.25409973
0,0.2477097
0,0.25750607
0,0.2492704
0,0.26514593
0,0.25163618
0,0.25585356
0,0.25876155
0,0.25674653
0,0.24863994
0,0.2527544
0,0.24621136
0,0.25067395
0,0.25516874
0,0.25293168
0,0.2563101
0,0.25357842
0,0.26126558
0,0.25512812
0,0.26102746
0,0.2552655
0,0.26815656
0,0.26598546
0,0.26413724
0,0.25695142
0,0.2584593
0,0.25352055
0,0.25612393
0,0.25116843
0,0.25430307
0,0.25122848
0,0.25366995
0,0.24909972
0,0.25219423
0,0.25812706
0,0.2551246
0,0.25982186
0,0.25573444
0,0.25998
0,0.25601527
0,0.2600734
0,0.2560788
0,0.25974247
0,0.25547165
0,0.2576547
0,0.25405753
0,0.25848022
0,0.25431094
0,0.24737313
0,0.24938254
0,0.24557889
0,0.2464873
0,0.24771677
0,0.24636698
0,0.25172174
0,0.25870678
0,0.26821023
0,0.26701725
0,0.27322313
0,0.2713823
0,0.2646399
0,0.25706378
0,0.2557651
0,0.26296556
0,0.25867996
0,0.25255919
0,0.25439665
0,0.26013333
0,0.25644347
0,0.25055522
0,0.25258458
0,0.24716811
0,0.24962647
0,0.244791
0,0.24778374
0,0.25352666
0,0.2501468
0,0.25683174
0,0.25215578
0,0.25586843
0,0.26274234
0,0.26092362
0,0.254505
0,0.25787115
0,0.26346204
0,0.2604983
0,0.2648055
0,0.26117805
0,0.2545955
0,0.26866177
0,0.2669722
0,0.26273838
0,0.2666263
0,0.2618646
0,0.2549604
0,0.25713348
0,0.2614739
0,0.2583252
0,0.2525352
0,0.25498834
0,0.25001103
0,0.25259987
0,0.25863445
0,0.2552563
0,0.2490254
0,0.2519408
0,0.25674242
0,0.26442066
0,0.2521983
0,0.25378147
0,0.24744308
0,0.25003397
0,0.24481863
0,0.24779673
0,0.25316063
0,0.2604953
0,0.25825647
0,0.25759014
0,0.25852612
0,0.25331494
0,0.26683444
0,0.25621203
0,0.25730374
0,0.25237605
0,0.2475418
0,0.24748988
0,0.25122416
0,0.25844523
0,0.25589687
0,0.26208004
0,0.26944718
0,0.26778883
0,0.27042958
0,0.25984803
0,0.25973812
0,0.26372838
0,0.25968194
0,0.2523793
0,0.26502192
0,0.2532
0,0.25454482
0,0.25929585
0,0.2498073
0,0.24738063
0,0.24972434
0,0.24499376
0,0.255425
0,0.24591924
0,0.25177884
0,0.25554305
0,0.26172075
0,0.24946913
0,0.2547291
0,0.2468349
0,0.24760863
0,0.25370276
0,0.2491451
0,0.25332057
0,0.25921285
0,0.2572968
0,0.25028837
0,0.25413948
0,0.25389752
0,0.25437787
0,0.24888407
0,0.252373
0,0.25737083
0,0.2550404
0,0.2582657
0,0.2557378
0,0.25964916
0,0.25611702
0,0.25889176
0,0.25625485
0,0.24785835
0,0.25148153
0,0.25463068
0,0.25252116
0,0.25966996
0,0.26443252
0,0.25994572
0,0.26060978
0,0.25884804
0,0.25987774
0,0.25764158
0,0.26468408
0,0.25976932
0,0.2552239
0,0.25568315
0,0.25252894
0,0.2576569
0,0.2523812
0,0.2532252
0,0.25015044
0,0.2514152
0,0.25937092
0,0.25403458
0,0.25057104
0,0.25078657
0,0.2506874
0,0.2505103
0,0.24747448
0,0.24861178
0,0.24589477
0,0.24730833
0,0.25484478
0,0.25048053
0,0.2608111
0,0.26395157
0,0.2627632
0,0.25595596
0,0.24981543
0,0.2601214
0,0.26012695
0,0.2532423
0,0.24502203
0,0.25699148
0,0.25766698
0,0.2614866
0,0.26066384
0,0.26403826
0,0.25160173
0,0.27177498
0,0.2637126
0,0.2545296
0,0.24780403
0,0.2565557
0,0.25603566
0,0.25683948
0,0.25705442
0,0.24934408
0,0.24333178
0,0.25337604
0,0.2426039
0,0.24201131
0,0.24753581
0,0.2521167
0,0.2510409
0,0.24926247
0,0.2504825
0,0.2539642
0,0.25185996
0,0.25481826
0,0.25249133
0,0.25483164
0,0.25293937
0,0.25485602
0,0.2515601
0,0.25420007
0,0.24475862
0,0.25540918
0,0.25034386
0,0.2518386
0,0.2487064
0,0.25093806
0,0.2595081
0,0.25462282
0,0.25132468
0,0.25138417
0,0.24835774
0,0.26048157
0,0.2518725
0,0.25165752
0,0.24866581
0,0.24936986
0,0.24686328
0,0.2482044
0,0.26209238
0,0.25370094
0,0.2607626
0,0.25417906
0,0.2606111
0,0.25881344
0,0.25151944
0,0.25096348
0,0.25803074
0,0.263549
0,0.26342607
0,0.25563776
0,0.25037947
0,0.24977943
0,0.25677532
0,0.26211047
0,0.26183176
0,0.2648055
0,0.2525781
0,0.26222932
0,0.2615101
0,0.25415868
0,0.2699235
0,0.2671874
0,0.26410687
0,0.26666215
0,0.26378155
0,0.2664666
0,0.26452294
0,0.25614136
0,0.2635742
0,0.25775513
0,0.2588053
0,0.2517706
0,0.2555542
0,0.25030583
0,0.25380802
0,0.24779461
0,0.25189304
0,0.2565909
0,0.2545602
0,0.24827468
0,0.25189808
0,0.24637096
0,0.25031707
0,0.2568978
0,0.26485515
0,0.26162645
0,0.25751895
0,0.24947949
0,0.25153583
0,0.24530008
0,0.2592798
0,0.2579684
0,0.264606
0,0.25492996
0,0.25369766
0,0.25629947
0,0.25334412
0,0.2560576
0,0.2522541
0,0.26098955
0,0.25344694
0,0.25559482
0,0.25190303
0,0.2540346
0,0.2509181
0,0.2546754
0,0.26123956
0,0.25715697
0,0.2622698
0,0.2539042
0,0.2620367
0,0.2587158
0,0.27513877
0,0.26318467
0,0.25613055
0,0.2567148
0,0.25140166
0,0.25307873
0,0.24813335
0,0.25130057
0,0.25692412
0,0.25398687
0,0.2584085
0,0.25452527
0,0.2479152
0,0.25061
0,0.24493206
0,0.24831742
0,0.25358567
0,0.25079256
0,0.2551429
0,0.25241283
0,0.25556153
0,0.25189817
0,0.25529984
0,0.251851
0,0.25508752
0,0.26189002
0,0.25854892
0,0.26613942
0,0.26083553
0,0.26701483
0,0.2616508
0,0.27041918
0,0.2628396
0,0.25616392
0,0.25773722
0,0.2627934
0,0.25852883
0,0.25288337
0,0.2545402
0,0.2599168
0,0.2564693
0,0.25114232
0,0.25544423
0,0.25977302
0,0.26058796
0,0.26233372
0,0.2572724
0,0.2504841
0,0.2526864
0,0.25741482
0,0.25490877
0,0.25866818
0,0.255192
0,0.258591
0,0.25452563
0,0.24765866
0,0.25030872
0,0.25418615
0,0.25189078
0,0.25452548
0,0.25151476
0,0.25420406
0,0.25109398
0,0.25384548
0,0.25062487
0,0.2529671
0,0.24977532
0,0.25248772
0,0.27084377
0,0.25963202
0,0.2547812
0,0.25497448
0,0.25097892
0,0.25173593
0,0.25883368
0,0.25423884
0,0.24941604
0,0.25480965
0,0.25945818
0,0.2535989
0,0.25964212
0,0.2644272
0,0.26859888
0,0.2693385
0,0.26725858
0,0.26085207
0,0.26392767
0,0.25666842
0,0.25063232
0,0.26117963
0,0.26057217
0,0.25458008
0,0.25847325
0,0.26419398
0,0.25137037
0,0.25082338
0,0.25580534
0,0.2561759
0,0.2570095
0,0.26196083
0,0.25956655
0,0.2532178
0,0.25639275
0,0.25207216
0,0.25458732
0,0.24926251
0,0.25299343
0,0.25478482
0,0.25415277
0,0.2592488
0,0.26048627
0,0.25129095
0,0.25786334
0,0.24873176
0,0.2510565
0,0.25553864
0,0.25307685
0,0.2554714
0,0.25369793
0,0.25694406
0,0.25387114
0,0.25679684
0,0.25323877
0,0.25596178
0,0.2468649
0,0.25386995
0,0.25106153
0,0.254386
0,0.25182483
0,0.25394776
0,0.26131645
0,0.25783315
0,0.26807335
0,0.2610156
0,0.26611698
0,0.2609093
0,0.27022806
0,0.2643785
0,0.256849
0,0.25720277
0,0.26269633
0,0.25813538
0,0.26357433
0,0.25830498
0,0.26320606
0,0.25764328
0,0.25178236
0,0.25272107
0,0.24917114
0,0.24970783
0,0.24607635
0,0.24751234
0,0.2453365
0,0.2470047
0,0.25389913
0,0.24810244
0,0.24880618
0,0.24826784
0,0.24390185
0,0.25657415
0,0.25597402
0,0.2508551
0,0.25487155
0,0.2614162
0,0.25924855
0,0.2528505
0,0.25799477
0,0.26225355
0,0.26028335
0,0.25316843
0,0.25671077
0,0.2613483
0,0.259088
0,0.25176385
0,0.25454968
0,0.24897173
0,0.25341347
0,0.24792734
0,0.25219935
0,0.24736913
0,0.2521698
0,0.26234835
0,0.25791672
0,0.26121157
0,0.25813502
0,0.26087344
0,0.2584802
0,0.2611311
0,0.2580057
0,0.26153535
0,0.2579388
0,0.24944663
0,0.25250077
0,0.2559757
0,0.2584382
0,0.25842106
0,0.25449032
0,0.26127696
0,0.2554867
0,0.26032192
0,0.2545099
0,0.25647485
0,0.25309372
0,0.25501162
0,0.25228977
0,0.2540795
0,0.25147194
0,0.24921158
0,0.24867691
0,0.2523452
0,0.26418942
0,0.25692984
0,0.25355586
0,0.25301793
0,0.2651973
0,0.25619426
0,0.26304603
0,0.26502752
0,0.26626506
0,0.25849822
0,0.2695704
0,0.25907025
0,0.26463503
0,0.2570914
0,0.252221
0,0.25134557
0,0.25882173
0,0.25269043
0,0.24873793
0,0.2592396
0,0.26059377
0,0.26388323
0,0.26416525
0,0.2557906
0,0.2608486
0,0.26433605
0,0.26338473
0,0.26607236
0,0.2537493
0,0.2521316
0,0.2520282
0,0.2589351
0,0.2702684
0,0.2669481
0,0.2643543
0,0.26572576
0,0.2634738
0,0.25454602
0,0.2483815
0,0.24708676
0,0.24809915
0,0.25403357
0,0.26538032
0,0.25173196
0,0.25633752
0,0.25834736
0,0.25760677
0,0.24910797
0,0.25429788
0,0.25695655
0,0.25650513
0,0.26903737
0,0.26094505
0,0.26116562
0,0.25882623
0,0.25948134
0,0.25710693
0,0.25829026
0,0.25646463
0,0.26833132
0,0.25979173
0,0.26335484
0,0.25832593
0,0.2582488
0,0.2548658
0,0.25634125
0,0.2536257
0,0.25503552
0,0.25270292
0,0.25434092
0,0.25202537
0,0.25340444
0,0.25115827
0,0.25253326
0,0.26099047
0,0.2565175
0,0.26361898
0,0.2580876
0,0.27653712
0,0.26320538
0,0.26196903
0,0.2623796
0,0.26728153
0,0.26078635
0,0.2570288
0,0.25662664
0,0.264653
0,0.25847742
0,0.25119388
0,0.2530485
0,0.26076987
0,0.25531873
0,0.25088543
0,0.25644955
0,0.25056902
0,0.25114316
0,0.25852975
0,0.26437655
0,0.25394443
0,0.2640268
0,0.26413354
0,0.25702536
0,0.25183782
0,0.26306498
0,0.25177804
0,0.2517369
0,0.24705026
0,0.25850916
0,0.2481318
0,0.24799323
0,0.2549255
0,0.25962797
0,0.25937378
0,0.26267228
0,0.25117716
0,0.25572783
0,0.25753662
0,0.2551037
0,0.25826752
0,0.24782147
0,0.25440577
0,0.25866663
0,0.25836053
0,0.2595884
0,0.25854188
0,0.25007433
0,0.25457525
0,0.24854496
0,0.25260526
0,0.25693843
0,0.25516668
0,0.2582855
0,0.2580765
0,0.2639509
0,0.25879902
0,0.26072234
0,0.2578171
0,0.27069765
0,0.26131886
0,0.2612143
0,0.26424038
0,0.26116315
0,0.2586312
0,0.2592254
0,0.25660726
0,0.2576016
0,0.2661323
0,0.26059583
0,0.2573136
0,0.25740486
0,0.26106435
0,0.25844616
0,0.25547224
0,0.2557608
0,0.26750377
0,0.25974113
0,0.25714406
0,0.25818592
0,0.26513705
0,0.25809106
0,0.26047653
0,0.25597242
0,0.26564404
0,0.2680505
0,0.26937762
0,0.26500446
0,0.2581181
0,0.2559335
0,0.2531917
0,0.25189978
0,0.26069775
0,0.2532824
0,0.26097283
0,0.25373483
0,0.25228488
0,0.2502456
0,0.25799605
0,0.25132066
0,0.25925204
0,0.26153725
0,0.27225316
0,0.26808822
0,0.26768693
0,0.25690547
0,0.26331046
0,0.26342255
0,0.26489526
0,0.25430313
0,0.26028195
0,0.2514728
0,0.24831823
0,0.25682142
0,0.25839496
0,0.24895956
0,0.24554148
0,0.2530801
0,0.25607812
0,0.25681993
0,0.2583865
0,0.25947493
0,0.25524685
0,0.25760463
0,0.25859204
0,0.2580348
0,0.26369187
0,0.25975895
0,0.26094285
0,0.25840622
0,0.2592302
0,0.2574265
0,0.25804517
0,0.25615162
0,0.25704795
0,0.25530013
0,0.25584537
0,0.25419697
0,0.25447363
0,0.25309816
0,0.25393137
0,0.25303805
0,0.28576186
0,0.2657855
0,0.26347047
0,0.2586701
0,0.2574882
0,0.26534733
0,0.26065958
0,0.2673864
0,0.2637032
0,0.25711516
0,0.25635675
0,0.2541505
0,0.2533634
0,0.25111616
0,0.26214424
0,0.26399907
0,0.25693214
0,0.25347158
0,0.26738855
0,0.25561386
0,0.35202053
0,0.28867757
0,0.27498853
0,0.27938336
0,0.27664116
0,0.26210836
0,0.2682527
0,0.25669232
0,0.25418517
0,0.25013232
0,0.24859709
0,0.25606933
0,0.26000592
0,0.26033655
0,0.26295614
0,0.2628232
0,0.2639346
0,0.26806688
0,0.2663943
0,0.2648365
0,0.26541492
0,0.26458085
0,0.25196996
0,0.25860703
0,0.26083001
0,0.26059577
0,0.27792567
0,0.2672517
0,0.27056888
0,0.265997
0,0.2642627
0,0.27301842
0,0.27767906
0,0.2674916
0,0.26603425
0,0.2625359
0,0.26294747
0,0.26220363
0,0.26205745
0,0.2587933
0,0.26132694
0,0.26890638
0,0.2638105
0,0.26009184
0,0.27205795
0,0.2625279
0,0.26231104
0,0.25867835
0,0.25897318
0,0.2566161
0,0.25722438
0,0.25515947
0,0.25572553
0,0.2540604
0,0.25500074
0,0.2530117
0,0.25324455
0,0.25192046
0,0.2518967
0,0.26091775
0,0.25521728
0,0.2557958
0,0.26723477
0,0.25632724
0,0.265446
0,0.26634812
0,0.27614692
0,0.26069242
0,0.25741342
0,0.26367092
0,0.25628212
0,0.25219384
0,0.25083
0,0.24822281
0,0.25790912
0,0.2498201
0,0.24791898
0,0.2562369
0,0.25154176
0,0.2479026
0,0.24628022
0,0.2439258
0,0.24280347
0,0.24128419
0,0.2549896
0,0.25577018
0,0.24909782
0,0.25491357
0,0.2471253
0,0.25310317
0,0.2455567
0,0.25252366
0,0.25465026
0,0.2554349
0,0.25685605
0,0.25616816
0,0.25698864
0,0.25715333
0,0.25808808
0,0.25665388
0,0.25824642
0,0.2562019
0,0.25663245
0,0.25554547
0,0.25617573
0,0.2623542
0,0.25869685
0,0.25629175
0,0.25637692
0,0.25533387
0,0.2554524
0,0.25480983
0,0.26549932
0,0.25903827
0,0.25741053
0,0.25568038
0,0.25475842
0,0.2648583
0,0.25750142
0,0.25578275
0,0.25411886
0,0.2639641
0,0.25603786
0,0.25458696
0,0.27441967
0,0.2608129
0,0.25685802
0,0.25923532
0,0.25367293
0,0.26290476
0,0.26455408
0,0.26710218
0,0.25663164
0,0.26087084
0,0.25367352
0,0.26242203
0,0.2530102
0,0.25836253
0,0.26194388
0,0.25567502
0,0.26067358
0,0.2637593
0,0.2640793
0,0.25838766
0,0.251818
0,0.25004625
0,0.25708354
0,0.25892502
0,0.26065612
0,0.2523288
0,0.2583861
0,0.2500396
0,0.25626478
0,0.24908386
0,0.25878167
0,0.25977337
0,0.25888047
0,0.26091975
0,0.2603529
0,0.25123945
0,0.25566152
0,0.25804904
0,0.2565708
0,0.259244
0,0.2571386
0,0.2593426
0,0.25748703
0,0.2588425
0,0.2567368
0,0.25792718
0,0.25590354
0,0.25750968
0,0.259743
0,0.25861886
0,0.25594753
0,0.25692648
0,0.26569375
0,0.26010716
0,0.26746708
0,0.2607501
0,0.2569682
0,0.25688535
0,0.2654268
0,0.25949875
0,0.25572067
0,0.25581425
0,0.2634403
0,0.2575212
0,0.26417053
0,0.25859678
0,0.2645411
0,0.2579946
0,0.2631178
0,0.2681092
0,0.26746413
0,0.27040562
0,0.2688075
0,0.2710378
0,0.26976746
0,0.2708678
0,0.26924562
0,0.25966874
0,0.26757187
0,0.2702371
0,0.25710565
0,0.2650107
0,0.2532388
0,0.2620855
0,0.26195255
0,0.26400447
0,0.252896
0,0.26202786
0,0.26140043
0,0.2531871
0,0.25918078
0,0.26185068
0,0.25775793
0,0.25128758
0,0.25781918
0,0.26102683
0,0.2609508
0,0.26269117
0,0.25070956
0,0.25790596
0,0.26755172
0,0.26309782
0,0.26157418
0,0.26208794
0,0.2601803
0,0.25521106
0,0.25674653
0,0.25842494
0,0.25849167
0,0.25929484
0,0.26879263
0,0.26746014
0,0.26217735
0,0.25651404
0,0.2565768
0,0.25766027
0,0.25607404
0,0.2571881
0,0.25584117
0,0.2615296
0,0.25726655
0,0.26173872
0,0.25717637
0,0.26405296
0,0.25853223
0,0.25821874
0,0.2549866
0,0.25578502
0,0.26407665
0,0.24837162
0,0.2611657
0,0.26817772
0,0.26818666
0,0.26176184
0,0.2671365
0,0.26234066
0,0.26714295
0,0.26129097
0,0.2557586
0,0.25632358
0,0.25167322
0,0.25304043
0,0.24944878
0,0.25160748
0,0.25860065
0,0.25447968
0,0.26001748
0,0.26418838
0,0.2532469
0,0.25352737
0,0.25971422
0,0.26504377
0,0.26395804
0,0.2684718
0,0.2665834
0,0.26008633
0,0.25248206
0,0.25241187
0,0.25776646
0,0.2637158
0,0.2619778
0,0.265836
0,0.26319045
0,0.26694265
0,0.26381886
0,0.2663613
0,0.26389107
0,0.26672485
0,0.26379475
0,0.26605272
0,0.27449685
0,0.259101
0,0.2615563
0,0.25401795
0,0.25763714
0,0.2514483
0,0.25528693
0,0.25192344
0,0.25476465
0,0.25850797
0,0.25904027
0,0.2499255
0,0.2550471
0,0.25788262
0,0.26277623
0,0.2593736
0,0.25817555
0,0.26045227
0,0.25774002
0,0.25969166
0,0.25849375
0,0.25979313
0,0.256815
0,0.2588748
0,0.2563382
0,0.25807393
0,0.25531068
0,0.25705278
0,0.2542845
0,0.25600284
0,0.2537065
0,0.25568807
0,0.25290465
0,0.25523317
0,0.25278008
0,0.25904846
0,0.26480967
0,0.2644755
0,0.2677906
0,0.2618254
0,0.2679624
0,0.2619154
0,0.25641483
0,0.25690627
0,0.2528124
0,0.25351676
0,0.25241557
0,0.25240558
0,0.25920126
0,0.25482848
0,0.2609317
0,0.25580585
0,0.26637205
0,0.26308656
0,0.264473
0,0.27376482
0,0.26914135
0,0.26076272
0,0.26857868
0,0.2590871
0,0.26276052
0,0.26692158
0,0.26508874
0,0.25458017
0,0.2604485
0,0.26843497
0,0.26427165
0,0.26635486
0,0.2754196
0,0.2707918
0,0.26685026
0,0.26790926
0,0.26503614
0,0.26396665
0,0.26266748
0,0.26478207
0,0.26180118
0,0.26365855
0,0.26092514
0,0.25281125
0,0.25629246
0,0.24901178
0,0.25333756
0,0.2579335
0,0.25569063
0,0.28083292
0,0.26497847
0,0.2755377
0,0.26445344
0,0.2634879
0,0.25957155
0,0.2603485
0,0.2567823
0,0.25849038
0,0.25532272
0,0.25668377
0,0.2640683
0,0.26087725
0,0.2560987
0,0.2566127
0,0.26397717
0,0.2583713
0,0.25396514
0,0.2548994
0,0.25174445
0,0.25593123
0,0.2615599
0,0.26939094
0,0.26755673
0,0.27181193
0,0.2694571
0,0.26138973
0,0.255447
0,0.2548448
0,0.2612328
0,0.2548993
0,0.26084465
0,0.2551181
0,0.2606133
0,0.26529846
0,0.26452002
0,0.26122424
0,0.26360217
0,0.26683566
0,0.26531944
0,0.2571875
0,0.2625269
0,0.2551011
0,0.26001963
0,0.2530008
0,0.25843918
0,0.25157776
0,0.2577974
0,0.25079596
0,0.256619
0,0.25010884
0,0.2557545
0,0.24883617
0,0.25541076
0,0.2591543
0,0.25817904
0,0.25094816
0,0.2566846
0,0.25976053
0,0.2586158
0,0.26100528
0,0.25978336
0,0.2508433
0,0.25535545
0,0.256203
0,0.2565151
0,0.25876054
0,0.25746036
0,0.259611
0,0.2567997
0,0.25925848
0,0.25632432
0,0.25878242
0,0.2553284
0,0.25882348
0,0.25516304
0,0.25769964
0,0.258782
0,0.25872225
0,0.2593558
0,0.25864375
0,0.25530878
0,0.256444
0,0.25397277
0,0.25557587
0,0.26361492
0,0.25876355
0,0.26547813
0,0.2595088
0,0.25534403
0,0.25506988
0,0.25178406
0,0.25247413
0,0.26053795
0,0.25644356
0,0.2629846
0,0.25687724
0,0.26341847
0,0.25690535
0,0.2681043
0,0.258875
0,0.2642341
0,0.26138312
0,0.2538325
0,0.2532473
0,0.25371283
0,0.2645217
0,0.26306728
0,0.26658374
0,0.2545355
0,0.2639992
0,0.25887004
0,0.25430077
0,0.2532668
0,0.2504948
0,0.25648656
0,0.25036287
0,0.2561411
0,0.254645
0,0.2574651
0,0.26181203
0,0.2555801
0,0.26180515
0,0.26040286
0,0.2524426
0,0.25720516
0,0.25019938
0,0.25513354
0,0.25898573
0,0.26464313
0,0.26284075
0,0.25563854
0,0.2498964
0,0.25492606
0,0.2578514
0,0.25649503
0,0.25828934
0,0.25704232
0,0.25832126
0,0.25646976
0,0.2577656
0,0.2560477
0,0.25679728
0,0.25525808
0,0.25582358
0,0.25440398
0,0.26671404
0,0.25825626
0,0.25718516
0,0.2548289
0,0.25500995
0,0.25309125
0,0.25380096
0,0.25224456
0,0.25351498
0,0.26597312
0,0.25875777
0,0.2556346
0,0.2556604
0,0.26352268
0,0.26115027
0,0.2556294
0,0.25820628
0,0.2641334
0,0.26686653
0,0.25941253
0,0.26642886
0,0.2678207
0,0.2588589
0,0.26533198
0,0.26723957
0,0.2684502
0,0.25884917
0,0.25438178
0,0.2623195
0,0.2646628
0,0.2549194
0,0.26247913
0,0.26438037
0,0.26637834
0,0.25586495
0,0.2637736
0,0.25370586
0,0.25086194
0,0.25834218
0,0.25032836
0,0.24731685
0,0.24578671
0,0.25409472
0,0.2609842
0,0.26111263
0,0.25224733
0,0.25871444
0,0.2500696
0,0.25605994
0,0.25936863
0,0.2701933
0,0.25501025
0,0.25895143
0,0.25015238
0,0.25477025
0,0.25789082
0,0.25639904
0,0.25921386
0,0.25683433
0,0.25959632
0,0.26568386
0,0.2630489
0,0.28216758
0,0.28155914
0,0.26170218
0,0.26408994
0,0.2598019
0,0.26155457
0,0.25727957
0,0.25925165
0,0.26662138
0,0.26218975
0,0.25709575
0,0.25860736
0,0.25489816
0,0.2514313
0,0.26159075
0,0.2579546
0,0.25406465
0,0.25684738
0,0.2627488
0,0.25807625
0,0.25378117
0,0.2555269
0,0.2621475
0,0.2620594
0,0.2649625
0,0.2592677
0,0.2640372
0,0.2587703
0,0.26379946
0,0.25872383
0,0.25245884
0,0.26835468
0,0.266689
0,0.26575556
0,0.2658962
0,0.2593732
0,0.25230247
0,0.25525415
0,0.24844092
0,0.24950859
0,0.25622922
0,0.25255725
0,0.2612048
0,0.2536022
0,0.24683881
0,0.24811712
0,0.2538659
0,0.26057553
0,0.26990858
0,0.27235293
0,0.26564655
0,0.26873982
0,0.26377
0,0.25663337
0,0.25856286
0,0.26337373
0,0.27053106
0,0.26750538
0,0.26219237
0,0.26847136
0,0.26245943
0,0.2653306
0,0.26046485
0,0.25317663
0,0.25528657
0,0.25972503
0,0.25657028
0,0.26014385
0,0.25671953
0,0.25022763
0,0.252525
0,0.25730518
0,0.26912504
0,0.255236
0,0.25464803
0,0.25963047
0,0.2695248
0,0.2639313
0,0.2678817
0,0.2637905
0,0.26125023
0,0.26176333
0,0.2651742
0,0.26226664
0,0.25572467
0,0.25840494
0,0.25200412
0,0.25590774
0,0.2607979
0,0.25863197
0,0.26071835
0,0.25907665
0,0.25270274
0,0.25630012
0,0.2607138
0,0.25808883
0,0.2614768
0,0.25863078
0,0.25089434
0,0.25533682
0,0.25883463
0,0.26281166
0,0.2618107
0,0.25883985
0,0.35612714
0,0.29617307
0,0.28634444
0,0.27488598
0,0.27166736
0,0.26521826
0,0.26968694
0,0.25613892
0,0.26033786
0,0.25684756
0,0.25923464
0,0.26587164
0,0.26155198
0,0.25937873
0,0.25973907
0,0.2664321
0,0.2611922
0,0.26795223
0,0.27290496
0,0.27238554
0,0.26463592
0,0.2603416
0,0.2587852
0,0.2546227
0,0.25774318
0,0.2635614
0,0.25791582
0,0.25346616
0,0.2645166
0,0.26559466
0,0.25717548
0,0.26303944
0,0.26833528
0,0.2565378
0,0.25566766
0,0.26134565
0,0.26606715
0,0.25441468
0,0.25368333
0,0.25932685
0,0.25345087
0,0.24846174
0,0.25969243
0,0.24924126
0,0.25970048
0,0.2599211
0,0.26370594
0,0.262322
0,0.26504493
0,0.2640741
0,0.25504342
0,0.25993454
0,0.2518177
0,0.24688649
0,0.24573104
0,0.25285336
0,0.24594384
0,0.25818938
0,0.24807185
0,0.25367576
0,0.25691965
0,0.25625306
0,0.25842777
0,0.25774255
0,0.25900197
0,0.25790954
0,0.25883988
0,0.2575999
0,0.2588959
0,0.26846573
0,0.2627121
0,0.2601983
0,0.25959736
0,0.25820908
0,0.26954883
0,0.26055998
0,0.25982141
0,0.2570524
0,0.25858125
0,0.25589496
0,0.2561082
0,0.25412813
0,0.25457802
0,0.25351796
0,0.2542015
0,0.2525042
0,0.25363475
0,0.25165194
0,0.25692695
0,0.25255018
0,0.26139396
0,0.25410542
0,0.25408068
0,0.26205495
0,0.2560995
0,0.2524626
0,0.2630285
0,0.2542084
0,0.26337713
0,0.25412756
0,0.25280488
0,0.2600711
0,0.2654866
0,0.26499072
0,0.25668752
0,0.26210982
0,0.26570103
0,0.27432734
0,0.2604386
0,0.25373045
0,0.2626268
0,0.25162932
0,0.25087714
0,0.2571179
0,0.25092062
0,0.2568004
0,0.2607922
0,0.25351012
0,0.2604818
0,0.268814
0,0.2554562
0,0.2597751
0,0.26481867
0,0.2623257
0,0.2555373
0,0.25912637
0,0.25336766
0,0.2686254
0,0.2531952
0,0.25769347
0,0.25935978
0,0.27036142
0,0.27524492
0,0.26623163
0,0.26521072
0,0.26260966
0,0.26188344
0,0.27070102
0,0.26387328
0,0.26114416
0,0.2609942
0,0.2590558
0,0.25929064
0,0.25760943
0,0.25799105
0,0.25635943
0,0.2571579
0,0.25519255
0,0.25674528
0,0.25438163
0,0.250475
0,0.2518851
0,0.2529887
0,0.25142103
0,0.2522943
0,0.26642546
0,0.25772768
0,0.26538277
0,0.2582017
0,0.25505918
0,0.25458807
0,0.2647639
0,0.26995188
0,0.26931834
0,0.26205882
0,0.2661587
0,0.27446634
0,0.26541325
0,0.25943795
0,0.26524994
0,0.26751554
0,0.2565344
0,0.2656329
0,0.26495603
0,0.2571272
0,0.25181073
0,0.2507966
0,0.25755084
0,0.25133926
0,0.24721664
0,0.26249114
0,0.26107633
0,0.2648152
0,0.26982704
0,0.25869653
0,0.26238438
0,0.25406432
0,0.25937977
0,0.26471975
0,0.2621267
0,0.2645769
0,0.262692
0,0.26489407
0,0.2627104
0,0.25359496
0,0.2581562
0,0.24953128
0,0.26014653
0,0.2598317
0,0.25925344
0,0.2723378
0,0.26372403
0,0.26424283
0,0.261741
0,0.26406276
0,0.2614521
0,0.2622639
0,0.26089957
0,0.26634985
0,0.2612869
0,0.2616695
0,0.2590515
0,0.2599944
0,0.25781474
0,0.25835276
0,0.26069188
0,0.2590125
0,0.25670525
0,0.25727656
0,0.25551242
0,0.2563924
0,0.25445083
0,0.25577947
0,0.25396436
0,0.25491297
0,0.26389787
0,0.25908318
0,0.2601135
0,0.26223335
0,0.26737797
0,0.26058897
0,0.26682636
0,0.2638426
0,0.2723691
0,0.26673487
0,0.27434608
0,0.26366317
0,0.2580657
0,0.2670585
0,0.26811725
0,0.270289
0,0.26963603
0,0.26935726
0,0.26982975
0,0.272175
0,0.26014096
0,0.2677159
0,0.27182093
0,0.26074424
0,0.25456107
0,0.2641418
0,0.26390958
0,0.2670613
0,0.26549032
0,0.26823664
0,0.2659261
0,0.25708264
0,0.26182163
0,0.2651793
0,0.26559255
0,0.26680815
0,0.2651964
0,0.25569445
0,0.26026025
0,0.26319724
0,0.2617737
0,0.25304684
0,0.25764623
0,0.26090574
0,0.25998083
0,0.26189113
0,0.25959793
0,0.251633
0,0.25601363
0,0.25923815
0,0.2564867
0,0.25967
0,0.25272116
0,0.2574253
0,0.25644103
0,0.25885668
0,0.25693685
0,0.25869268
0,0.25640583
0,0.2583958
0,0.25583404
0,0.25787184
0,0.25648934
0,0.26206788
0,0.25696546
0,0.2595121
0,0.25581342
0,0.2571894
0,0.25797826
0,0.2581889
0,0.26531932
0,0.25960213
0,0.26693392
0,0.26034757
0,0.26683566
0,0.26017544
0,0.25613746
0,0.2566491
0,0.2531167
0,0.2537264
0,0.26176348
0,0.26673985
0,0.2675535
0,0.25976694
0,0.26572853
0,0.26893234
0,0.2581697
0,0.25580296
0,0.43995282
0,0.33072504
0,0.29862088
0,0.28226173
0,0.27096745
0,0.27491468
0,0.27270034
0,0.26196453
0,0.2561957
0,0.2645191
0,0.26262593
0,0.25315356
0,0.2505627
0,0.25957745
0,0.25097796
0,0.25948554
0,0.25058097
0,0.252252
0,0.25939322
0,0.26144856
0,0.2515121
0,0.2486499
0,0.25601256
0,0.25811544
0,0.25976884
0,0.26139423
0,0.2618227
0,0.26270494
0,0.26259813
0,0.26342198
0,0.27187648
0,0.27661285
0,0.2675419
0,0.26630977
0,0.26412213
0,0.26320684
0,0.2621759
0,0.25480023
0,0.2574439
0,0.2582416
0,0.2574737
0,0.2640202
0,0.25925836
0,0.25895542
0,0.25781605
0,0.25739044
0,0.25651568
0,0.25245172
0,0.26468807
0,0.2587023
0,0.2570919
0,0.25679964
0,0.2554377
0,0.2668967
0,0.2586621
0,0.2625546
0,0.25762644
0,0.25137442
0,0.26326254
0,0.25717193
0,0.26587594
0,0.25877756
0,0.25553367
0,0.2545571
0,0.26272213
0,0.26644403
0,0.26770383
0,0.25914297
0,0.26210436
0,0.25595385
0,0.26385418
0,0.26554862
0,0.25637656
0,0.253192
0,0.25601557
0,0.26191244
0,0.25388014
0,0.26123327
0,0.2529433
0,0.24996853
0,0.25771436
0,0.2606643
0,0.26289588
0,0.26310435
0,0.2580858
0,0.2519059
0,0.2594423
0,0.26064542
0,0.2620892
0,0.2618611
0,0.25189105
0,0.2572727
0,0.25928834
0,0.2594196
0,0.26079848
0,0.25956586
0,0.26055253
0,0.2598094
0,0.25985673
0,0.2589194
0,0.25925896
0,0.25789607
0,0.25786498
0,0.25679743
0,0.2571363
0,0.25647694
0,0.25655487
0,0.26165754
0,0.25820354
0,0.25645158
0,0.2564222
0,0.25554627
0,0.2659569
0,0.2580417
0,0.26833877
0,0.27086857
0,0.2619847
0,0.2692395
0,0.26135105
0,0.26835495
0,0.2605818
0,0.26758632
0,0.25970224
0,0.25597218
0,0.25469813
0,0.25217977
0,0.25182387
0,0.5494859
0,0.38298088
0,0.3441913
0,0.32146665
0,0.30438024
0,0.28250048
0,0.2820696
0,0.27939752
0,0.26511082
0,0.2603599
0,0.26562396
0,0.26784036
0,0.2564273
0,0.26412502
0,0.26378465
0,0.25481862
0,0.25053227
0,0.24894829
0,0.25560522
0,0.24884275
0,0.25631547
0,0.25951195
0,0.2593695
0,0.26175666
0,0.26048294
0,0.26230437
0,0.26089558
0,0.26245412
0,0.26055226
0,0.25196093
0,0.24954146
0,0.25580153
0,0.25537938
0,0.2577222
0,0.26030445
0,0.26024303
0,0.25745028
0,0.2592519
0,0.25637937
0,0.25839144
0,0.2548974
0,0.25694022
0,0.25442287
0,0.25626177
0,0.25355345
0,0.25554824
0,0.25305468
0,0.26649392
0,0.25666633
0,0.25774035
0,0.2541988
0,0.2552299
0,0.2527733
0,0.25393847
0,0.253964
0,0.25386924
0,0.2512217
0,0.26355487
0,0.26486972
0,0.25852415
0,0.25491452
0,0.26601008
0,0.25656077
0,0.2559587
0,0.26260787
0,0.25664267
0,0.263603
0,0.25735867
0,0.2629906
0,0.26712742
0,0.26658946
0,0.26985312
0,0.2678667
0,0.2597049
0,0.25391114
0,0.26855147
0,0.25521603
0,0.26408643
0,0.2529871
0,0.2671621
0,0.2538949
0,0.2519411
0,0.25853646
0,0.25216657
0,0.24795818
0,0.25804672
0,0.25927222
0,0.26202792
0,0.25122997
0,0.24886048
0,0.24552818
0,0.24446565
0,0.25611445
0,0.2484517
0,0.2549713
0,0.25827575
0,0.2589308
0,0.24978094
0,0.25567576
0,0.25758496
0,0.25811705
0,0.26150987
0,0.2605431
0,0.26125613
0,0.26067358
0,0.26087362
0,0.26008314
0,0.26009136
0,0.2588362
0,0.25945514
0,0.25878456
0,0.25907537
0,0.25822276
0,0.25800148
0,0.25745684
0,0.25780037
0,0.25756797
0,0.2569275
0,0.25964382
0,0.2576306
0,0.25710195
0,0.25667527
0,0.25607482
0,0.25996697
0,0.25698563
0,0.26718545
0,0.25957873
0,0.25760463
0,0.25681043
0,0.2555131
0,0.26987723
0,0.2596324
0,0.2579547
0,0.25643638
0,0.2555012
0,0.25415432
0,0.25333044
0,0.2527034
0,0.25231534
0,0.25119928
0,0.26180783
0,0.26407215
0,0.2679792
0,0.26915237
0,0.2599907
0,0.2611406
0,0.25595185
0,0.25329205
0,0.251317
0,0.26043722
0,0.25326556
0,0.26201588
0,0.25405762
0,0.25130302
0,0.25963575
0,0.25326452
0,0.2610857
0,0.2527136
0,0.259723
0,0.26267076
0,0.2526511
0,0.26044196
0,0.2630442
0,0.2758765
0,0.25807887
0,0.2634928
0,0.26440984
0,0.26435155
0,0.264676
0,0.26498827
0,0.2639576
0,0.25356218
0,0.2591418
0,0.26102617
0,0.26038522
0,0.26090696
0,0.26089567
0,0.25517157
0,0.2582677
0,0.25917086
0,0.25859112
0,0.25965816
0,0.25894177
0,0.25926295
0,0.25807548
0,0.25932196
0,0.25815192
0,0.2582139
0,0.25705653
0,0.25776964
0,0.25708437
0,0.25749943
0,0.25737748
0,0.25747973
0,0.25574258
0,0.25655904
0,0.2544739
0,0.25571662
0,0.25397184
0,0.2549327
0,0.25280797
0,0.25405067
0,0.25228044
0,0.25305316
0,0.26227567
0,0.25619107
0,0.25327703
0,0.25362274
0,0.2618264
0,0.25578773
0,0.2631654
0,0.2566992
0,0.2527747
0,0.25253525
0,0.2491207
0,0.26008
0,0.26218882
0,0.27656937
0,0.27005914
0,0.26173186
0,0.2597883
0,0.2555082
0,0.25146845
0,0.2548887
0,0.25882617
0,0.26521057
0,0.2629505
0,0.2666623
0,0.26467666
0,0.26743025
0,0.26530704
0,0.27107853
0,0.27860463
0,0.2733327
0,0.26858962
0,0.26997185
0,0.26657203
0,0.2699704
0,0.26574954
0,0.26766205
0,0.26871303
0,0.25867972
0,0.2607119
0,0.2577036
0,0.25838044
0,0.26303062
0,0.25937548
0,0.25313714
0,0.2552243
0,0.25974923
0,0.25698712
0,0.2549328
0,0.25560287
0,0.26015884
0,0.33500585
0,0.28979596
0,0.2764356
0,0.26345697
0,0.27190664
0,0.2681509
0,0.26173964
0,0.26335105
0,0.2582499
0,0.26097456
0,0.25621432
0,0.25928268
0,0.26529542
0,0.2538228
0,0.25314084
0,0.2569106
0,0.26373234
0,0.26056388
0,0.26613268
0,0.2620722
0,0.26754972
0,0.26237884
0,0.26693073
0,0.2617337
0,0.26681486
0,0.26199117
0,0.2554762
0,0.25704265
0,0.26284578
0,0.2588004
0,0.25666127
0,0.25502613
0,0.26057178
0,0.25602365
0,0.24982288
0,0.26154378
0,0.25071293
0,0.2514146
0,0.24651697
0,0.24808536
0,0.25498286
0,0.25508428
0,0.25784054
0,0.26245376
0,0.26175848
0,0.26550952
0,0.26438823
0,0.266413
0,0.2641555
0,0.26672974
0,0.2638038
0,0.2673102
0,0.26382408
0,0.26588672
0,0.26638886
0,0.25575188
0,0.25891075
0,0.26245508
0,0.26110148
0,0.25312737
0,0.2670008
0,0.2649129
0,0.26118577
0,0.2530251
0,0.2558205
0,0.24899909
0,0.25321344
0,0.25775778
0,0.26013306
0,0.2608185
0,0.26155934
0,0.2615844
0,0.25791258
0,0.25955024
0,0.25611076
0,0.257373
0,0.25505537
0,0.26827353
0,0.25877348
0,0.25977868
0,0.25718054
0,0.25778833
0,0.26539665
0,0.26032093
0,0.2668108
0,0.26088068
0,0.25682878
0,0.2575897
0,0.25398278
0,0.25474355
0,0.26268038
0,0.256438
0,0.25302073
0,0.25389108
0,0.2507
0,0.2514785
0,0.2596042
0,0.25423938
0,0.2503965
0,0.2509992
0,0.24806473
0,0.26411873
0,0.2519642
0,0.26286548
0,0.26273504
0,0.26721823
0,0.26511142
0,0.25690955
0,0.28542662
0,0.26355517
0,0.26685685
0,0.25754952
0,0.262193
0,0.25443724
0,0.2598297
0,0.25246546
0,0.25178576
0,0.24834564
0,0.25548205
0,0.2592538
0,0.25952038
0,0.26182264
0,0.26188174
0,0.2520701
0,0.2576489
0,0.26010418
0,0.25958085
0,0.26283544
0,0.26085687
0,0.26267353
0,0.26559758
0,0.2684488
0,0.2632419
0,0.26412928
0,0.26127848
0,0.26175243
0,0.2590363
0,0.25977576
0,0.2582399
0,0.25855902
0,0.256463
0,0.25738138
0,0.25579372
0,0.25653058
0,0.25505123
0,0.25631893
0,0.2544104
0,0.24468608
0,0.24958754
0,0.25154555
0,0.2502525
0,0.25605217
0,0.2638503
0,0.25795764
0,0.26557422
0,0.2589111
0,0.25504267
0,0.25433618
0,0.27019686
0,0.26058373
0,0.266285
0,0.26944923
0,0.2582603
0,0.26779678
0,0.25632033
0,0.26606974
0,0.26562795
0,0.26265985
0,0.26560935
0,0.2692133
0,0.2674011
0,0.25972968
0,0.25362924
0,0.26380068
0,0.256365
0,0.2644401
0,0.25275856
0,0.2522814
0,0.25832883
0,0.26652318
0,0.26365566
0,0.26732358
0,0.26467943
0,0.267606
0,0.26415077
0,0.26757646
0,0.2639877
0,0.2559459
0,0.259291
0,0.252081
0,0.25719726
0,0.25267977
0,0.25521338
0,0.25930792
0,0.25732777
0,0.25041607
0,0.25380442
0,0.2579879
0,0.26040772
0,0.26058316
0,0.2575646
0,0.2594209
0,0.2579308
0,0.25987285
0,0.257377
0,0.26372132
0,0.25846305
0,0.25981143
0,0.2677688
0,0.26271492
0,0.25878176
0,0.25942627
0,0.2560289
0,0.25961056
0,0.25575846
0,0.2569781
0,0.25413343
0,0.25560343
0,0.25327465
0,0.25580633
0,0.26323384
0,0.25822905
0,0.26568386
0,0.26086235
0,0.25584102
0,0.25597906
0,0.25308514
0,0.2548551
0,0.2512553
0,0.25224632
0,0.2501184
0,0.26304364
0,0.264042
0,0.25779065
0,0.2529023
0,0.25340155
0,0.25990275
0,0.26541948
0,0.25422966
0,0.26420808
0,0.26449215
0,0.26780665
0,0.2669981
0,0.26974106
0,0.26081523
0,0.26697692
0,0.26578933
0,0.2573772
0,0.26261973
0,0.25466907
0,0.26043764
0,0.25307614
0,0.24836218
0,0.24726926
0,0.24489382
0,0.2551818
0,0.26795772
0,0.25435513
0,0.25885996
0,0.256418
0,0.25853056
0,0.26106665
0,0.26045913
0,0.26246727
0,0.26089412
0,0.26266548
0,0.26046494
0,0.25150827
0,0.25583473
0,0.2585743
0,0.25763354
0,0.2597276
0,0.2670377
0,0.2530015
0,0.2570919
0,0.25864184
0,0.25659117
0,0.25843084
0,0.26732552
0,0.2625595
0,0.26966292
0,0.26464623
0,0.25952643
0,0.25572702
0,0.2550119
0,0.26066786
0,0.25596026
0,0.25840628
0,0.25527957
0,0.25682485
0,0.25288448
0,0.25563267
0,0.26284513
0,0.25871336
0,0.2651502
0,0.2608838
0,0.2657143
0,0.2604926
0,0.25610906
0,0.25677687
0,0.26725557
0,0.26044795
0,0.26535395
0,0.25943607
0,0.2546295
0,0.2651653
0,0.25483745
0,0.2552309
0,0.26098064
0,0.25608194
0,0.2504285
0,0.25196618
0,0.25830197
0,0.25477293
0,0.24986576
0,0.251068
0,0.26154172
0,0.26580632
0,0.26370388
0,0.25796402
0,0.26169285
0,0.25600368
0,0.25977978
0,0.25489512
0,0.26967615
0,0.26898086
0,0.26570043
0,0.26954058
0,0.27698132
0,0.2624402
0,0.26430458
0,0.2578406
0,0.25981507
0,0.25439844
0,0.25768843
0,0.25211343
0,0.25543654
0,0.26236516
0,0.25850976
0,0.2528766
0,0.25557503
0,0.2552392
0,0.25529164
0,0.25773144
0,0.26682696
0,0.25505242
0,0.2674367
0,0.26529524
0,0.2599267
0,0.26355386
0,0.25908443
0,0.25403708
0,0.25389653
0,0.25961325
0,0.25474584
0,0.26032895
0,0.26963332
0,0.2657864
0,0.26966462
0,0.26591554
0,0.2694327
0,0.26550305
0,0.25821045
0,0.26073736
0,0.2652319
0,0.26203173
0,0.26623031
0,0.26288766
0,0.26626104
0,0.27616164
0,0.27107435
0,0.2664422
0,0.26825997
0,0.25934723
0,0.26400438
0,0.2614479
0,0.26357442
0,0.26062542
0,0.25214875
0,0.256512
0,0.25967336
0,0.25763565
0,0.25007218
0,0.25335547
0,0.25285324
0,0.253199
0,0.25670514
0,0.25425377
0,0.25710905
0,0.25461712
0,0.25679943
0,0.25436696
0,0.25651804
0,0.2645614
0,0.25981352
0,0.26714924
0,0.26176736
0,0.2678812
0,0.26200503
0,0.25701916
0,0.2572463
0,0.26429468
0,0.2585777
0,0.2540101
0,0.25494868
0,0.26101926
0,0.25641605
0,0.25202388
0,0.25320756
0,0.2502472
0,0.2510377
0,0.25950697
0,0.2544518
0,0.25004214
0,0.2548696
0,0.25493985
0,0.26311356
0,0.2635076
0,0.25253922
0,0.24952441
0,0.25998318
0,0.2501946
0,0.25351813
0,0.24743883
0,0.25752422
0,0.24792288
0,0.25784737
0,0.25221705
0,0.26485962
0,0.26154646
0,0.26742852
0,0.26769346
0,0.2558069
0,0.26558787
0,0.26493844
0,0.26230466
0,0.26455966
0,0.26221868
0,0.2526359
0,0.25732452
0,0.26685098
0,0.2610269
0,0.2623053
0,0.26112893
0,0.2507689
0,0.25524703
0,0.2578806
0,0.25658566
0,0.25879014
0,0.25703335
0,0.25846365
0,0.25693193
0,0.24970376
0,0.25750262
0,0.25713402
0,0.25539032
0,0.25667712
0,0.2549684
0,0.25568074
0,0.25366628
0,0.25537285
0,0.2531349
0,0.25419283
0,0.24404572
0,0.24984252
0,0.260071
0,0.25572369
0,0.2688539
0,0.26144102
0,0.25663674
0,0.2586008
0,0.2644188
0,0.25786918
0,0.25378662
0,0.25379726
0,0.25096902
0,0.25113845
0,0.24859525
0,0.24952541
0,0.2467757
0,0.24792351
0,0.2503026
0,0.25959164
0,0.2496606
0,0.24962701
0,0.25681034
0,0.26162374
0,0.25057742
0,0.25027886
0,0.2512114
0,0.25200364
0,0.25623497
0,0.26098174
0,0.2598878
0,0.26290494
0,0.24996738
0,0.25951743
0,0.25860828
0,0.26134086
0,0.25884035
0,0.26169184
0,0.25864708
0,0.2509058
0,0.2547244
0,0.2583566
0,0.25587198
0,0.25873017
0,0.25602454
0,0.2585901
0,0.25636262
0,0.25949556
0,0.25651333
0,0.25843644
0,0.27792472
0,0.2671119
0,0.26125166
0,0.2614326
0,0.26813865
0,0.2858483
0,0.26723784
0,0.2656554
0,0.2706918
0,0.26418862
0,0.27014887
0,0.26384285
0,0.25849086
0,0.25833395
0,0.2548598
0,0.25551924
0,0.2522486
0,0.253703
0,0.26168212
0,0.25706035
0,0.26285464
0,0.26806512
0,0.2597065
0,0.25720602
0,0.26503175
0,0.25806162
0,0.25342146
0,0.26381508
0,0.26420113
0,0.25762892
0,0.25190338
0,0.25179976
0,0.25867707
0,0.25306875
0,0.25944296
0,0.26349688
0,0.25219044
0,0.25115043
0,0.2571304
0,0.26186162
0,0.2610326
0,0.26420927
0,0.26234332
0,0.26939493
0,0.26419547
0,0.25533062
0,0.2595383
0,0.2519174
0,0.26062083
0,0.26211232
0,0.2638633
0,0.25325933
0,0.25703165
0,0.26037645
0,0.25817847
0,0.26525196
0,0.26036006
0,0.2728425
0,0.2634928
0,0.26405716
0,0.26905286
0,0.264809
0,0.26106825
0,0.26190183
0,0.25832862
0,0.2594957
0,0.25694907
0,0.25856602
0,0.2591345
0,0.25901967
0,0.26719788
0,0.27310205
0,0.27286324
0,0.26526797
0,0.2704487
0,0.2637491
0,0.258421
0,0.25906968
0,0.26319194
0,0.25753167
0,0.26532754
0,0.25963402
0,0.2653426
0,0.2631898
0,0.25633276
0,0.25586262
0,0.25184166
0,0.25226927
0,0.26001018
0,0.25468627
0,0.25079542
0,0.25769594
0,0.2503926
0,0.25092325
0,0.24710914
0,0.2482287
0,0.24504024
0,0.25974897
0,0.25910622
0,0.2527489
0,0.24775776
0,0.25813556
0,0.2581445
0,0.26281065
0,0.2607962
0,0.25324625
0,0.25808725
0,0.25155556
0,0.25666276
0,0.2611105
0,0.25955293
0,0.251901
0,0.2563183
0,0.25995734
0,0.26329932
0,0.25390258
0,0.2570341
0,0.24945202
0,0.25408825
0,0.25747216
0,0.25775692
0,0.2591778
0,0.25759616
0,0.25928494
0,0.25796264
0,0.25991666
0,0.257892
0,0.25939682
0,0.25744098
0,0.27012762
0,0.2547264
0,0.2592899
0,0.2568951
0,0.25791636
0,0.25832096
0,0.25870314
0,0.25582433
0,0.2573011
0,0.2591425
0,0.25770342
0,0.25478986
0,0.2601615
0,0.25624806
0,0.2563204
0,0.2571563
0,0.25583994
0,0.2640568
0,0.25804606
0,0.2543846
0,0.25433037
0,0.2625659
0,0.25640136
0,0.26353422
0,0.25715476
0,0.2638291
0,0.25769868
0,0.2641256
0,0.26034757
0,0.2543308
0,0.2539658
0,0.25000286
0,0.25107658
0,0.25893116
0,0.26475072
0,0.26493454
0,0.27026305
0,0.25702018
0,0.26693717
0,0.27032116
0,0.259795
0,0.25396943
0,0.2640409
0,0.26462883
0,0.25686362
0,0.26117676
0,0.25486788
0,0.25909644
0,0.25347924
0,0.25855255
0,0.26314437
0,0.26164466
0,0.2547455
0,0.26014763
0,0.25366837
0,0.258194
0,0.26257804
0,0.26002806
0,0.25342846
0,0.26428548
0,0.26427436
0,0.26251554
0,0.26473922
0,0.26332217
0,0.25772053
0,0.25888193
0,0.26306805
0,0.26044267
0,0.26326194
0,0.25986567
0,0.25222284
0,0.25593618
0,0.24933462
0,0.252928
0,0.25729495
0,0.25500768
0,0.24871898
0,0.25113672
0,0.2535486
0,0.25182638
0,0.25580144
0,0.25318053
0,0.25699186
0,0.25364125
0,0.25747594
0,0.2644463
0,0.26106903
0,0.25586608
0,0.25880268
0,0.2652714
0,0.26152816
0,0.25640205
0,0.2582645
0,0.2696435
0,0.2660159
0,0.26903877
0,0.26392934
0,0.2569341
0,0.2597681
0,0.25425294
0,0.25661317
0,0.25185677
0,0.25923604
0,0.26243666
0,0.2591574
0,0.26318485
0,0.25864944
0,0.25722268
0,0.26092944
0,0.25258756
0,0.25532252
0,0.24904297
0,0.25601223
0,0.25916094
0,0.26968047
0,0.25479388
0,0.25527406
0,0.24898301
0,0.25087458
0,0.25567776
0,0.2634628
0,0.2608802
0,0.25554696
0,0.25870997
0,0.25446066
0,0.25776142
0,0.26389802
0,0.2602831
0,0.25564322
0,0.2606906
0,0.2542203
0,0.2564832
0,0.2514546
0,0.26561457
0,0.25398883
0,0.25689325
0,0.2512921
0,0.25380588
0,0.24881351
0,0.2514388
0,0.24684511
0,0.250115
0,0.25578585
0,0.25319567
0,0.2572996
0,0.25443882
0,0.25847915
0,0.2550362
0,0.24824871
0,0.2506367
0,0.24444015
0,0.24800345
0,0.2529075
0,0.2506739
0,0.2552193
0,0.25268105
0,0.25535077
0,0.25148082
0,0.2547335
0,0.2689
0,0.26562396
0,0.2683254
0,0.26231113
0,0.2560272
0,0.2584398
0,0.26327527
0,0.25794658
0,0.2527325
0,0.25456125
0,0.26006368
0,0.26224646
0,0.25329164
0,0.2543041
0,0.2595675
0,0.2551647
0,0.25971597
0,0.25516188
0,0.24884094
0,0.2646431
0,0.25127035
0,0.2527145
0,0.24690074
0,0.26453722
0,0.26090497
0,0.2662766
0,0.263027
0,0.26771647
0,0.26384866
0,0.2571501
0,0.25955006
0,0.26458377
0,0.2608601
0,0.2551849
0,0.2688231
0,0.26061
0,0.25944886
0,0.26404515
0,0.26028353
0,0.2641802
0,0.26478317
0,0.25530386
0,0.25786087
0,0.26159555
0,0.25797832
0,0.2510207
0,0.25389054
0,0.2584031
0,0.25525266
0,0.25927892
0,0.25533906
0,0.25923
0,0.25556582
0,0.25864798
0,0.26626146
0,0.26181892
0,0.25763312
0,0.25965756
0,0.2716649
0,0.2637465
0,0.2593396
0,0.2595232
0,0.26616928
0,0.2616514
0,0.25629812
0,0.2578663
0,0.2646259
0,0.25940743
0,0.26539922
0,0.26012287
0,0.26967314
0,0.26134428
0,0.255842
0,0.25612283
0,0.26218206
0,0.2574263
0,0.252147
0,0.25447315
0,0.24987316
0,0.2515621
0,0.24741592
0,0.24927044
0,0.2560009
0,0.2517806
0,0.25259194
0,0.2631227
0,0.2611678
0,0.26603827
0,0.26347077
0,0.2669602
0,0.2684427
0,0.25819966
0,0.26527005
0,0.2567355
0,0.25898582
0,0.26176286
0,0.27092728
0,0.25835118
0,0.25945333
0,0.26409712
0,0.25939688
0,0.2541098
0,0.25633365
0,0.2519619
0,0.2538974
0,0.24895613
0,0.25208858
0,0.25877097
0,0.25514218
0,0.26055294
0,0.25716272
0,0.26693323
0,0.25922433
0,0.25209662
0,0.25312525
0,0.25815812
0,0.25441003
0,0.24820289
0,0.25183687
0,0.25599054
0,0.25275126
0,0.25673887
0,0.2528358
0,0.2579926
0,0.26421076
0,0.26069462
0,0.266218
0,0.26306432
0,0.2729472
0,0.26571098
0,0.2698637
0,0.26484492
0,0.26895452
0,0.263179
0,0.257135
0,0.2588105
0,0.26426038
0,0.25983885
0,0.2550186
0,0.25608787
0,0.25128505
0,0.25271434
0,0.24910603
0,0.26257828
0,0.2520924
0,0.2540147
0,0.2595487
0,0.25512382
0,0.24951398
0,0.25199747
0,0.2473592
0,0.24896209
0,0.24472834
0,0.25777993
0,0.25780514
0,0.26355588
0,0.26177686
0,0.26596314
0,0.26379198
0,0.26973954
0,0.27608433
0,0.2611303
0,0.26247898
0,0.26556802
0,0.26251444
0,0.25514802
0,0.2570142
0,0.26164877
0,0.2630981
0,0.25438145
0,0.2566512
0,0.25046524
0,0.2529693
0,0.2475541
0,0.25467402
0,0.24746387
0,0.25506565
0,0.26232496
0,0.2559234
0,0.2595694
0,0.26612538
0,0.26352757
0,0.26852006
0,0.26480624
0,0.26888242
0,0.26550335
0,0.25840786
0,0.26055676
0,0.2655741
0,0.2693609
0,0.26821604
0,0.2642279
0,0.26084214
0,0.26092383
0,0.26659143
0,0.26144645
0,0.2647908
0,0.26562518
0,0.25585827
0,0.25854486
0,0.25179625
0,0.25503182
0,0.2496482
0,0.2571606
0,0.27120742
0,0.2616732
0,0.25370285
0,0.25561315
0,0.25973353
0,0.25634828
0,0.25879803
0,0.25571746
0,0.25900722
0,0.26610738
0,0.2629358
0,0.2608371
0,0.26171926
0,0.25783908
0,0.2598062
0,0.25560766
0,0.2590663
0,0.25502622
0,0.26478088
0,0.276527
0,0.2664672
0,0.27142188
0,0.26500884
0,0.25919074
0,0.26002288
0,0.2661319
0,0.26151758
0,0.2595376
0,0.25895458
0,0.25841507
0,0.25697175
0,0.2678886
0,0.26036337
0,0.26604977
0,0.25982082
0,0.26536343
0,0.25888765
0,0.26313972
0,0.25801966
0,0.26777312
0,0.2698596
0,0.26885793
0,0.27153534
0,0.25912225
0,0.2566662
0,0.26529852
0,0.26793668
0,0.26699874
0,0.25850958
0,0.2524766
0,0.25160292
0,0.2471397
0,0.26329127
0,0.26124802
0,0.2645548
0,0.26295474
0,0.25486162
0,0.2624136
0,0.2642382
0,0.26301166
0,0.25544658
0,0.2594902
0,0.26410308
0,0.26175255
0,0.25358024
0,0.25799945
0,0.25472295
0,0.25643283
0,0.24928366
0,0.26201996
0,0.24992134
0,0.2577545
0,0.2582444
0,0.25652596
0,0.25825554
0,0.25186154
0,0.25585347
0,0.2542977
0,0.25701016
0,0.25809592
0,0.26244152
0,0.25721464
0,0.25845847
0,0.25516808
0,0.25675836
0,0.2646014
0,0.26037833
0,0.25581744
0,0.25633535
0,0.26339042
0,0.25887716
0,0.25458974
0,0.25534874
0,0.25200653
0,0.25359342
0,0.25030762
0,0.2522801
0,0.24882552
0,0.2514312
0,0.25904575
0,0.2564422
0,0.26174957
0,0.2565139
0,0.26220232
0,0.25683248
0,0.25141245
0,0.25272423
0,0.24857685
0,0.24989659
0,0.25099212
0,0.2603378
0,0.24979015
0,0.26127234
0,0.26113963
0,0.2656627
0,0.2642419
0,0.27374354
0,0.26780042
0,0.25907266
0,0.2625253
0,0.2556233
0,0.26040763
0,0.25368685
0,0.26170373
0,0.26463008
0,0.2625761
0,0.2659058
0,0.2642827
0,0.26651266
0,0.26555684
0,0.2689738
0,0.2649963
0,0.2557463
0,0.2598346
0,0.25149655
0,0.2569816
0,0.26608646
0,0.26185217
0,0.25695038
0,0.2596813
0,0.26086533
0,0.2589876
0,0.26059046
0,0.2586829
0,0.26148686
0,0.25872973
0,0.25992635
0,0.25767243
0,0.25925317
0,0.25679943
0,0.25841087
0,0.25644103
0,0.2577151
0,0.25567934
0,0.26451308
0,0.25777745
0,0.2580556
0,0.25625056
0,0.25669974
0,0.2560673
0,0.25569308
0,0.253698
0,0.25402072
0,0.2524397
0,0.25354227
0,0.26230514
0,0.2565954
0,0.2646826
0,0.2581877
0,0.25499463
0,0.25406566
0,0.25171965
0,0.26223227
0,0.2651148
0,0.25753805
0,0.26600826
0,0.27308977
0,0.27059147
0,0.26123694
0,0.266716
0,0.26945794
0,0.26872045
0,0.27076223
0,0.25887915
0,0.25638902
0,0.27145612
0,0.269847
0,0.25855297
0,0.2664676
0,0.2661435
0,0.28494397
0,0.27353022
0,0.2632148
0,0.26698
0,0.26914173
0,0.26694438
0,0.25757572
0,0.27338
0,0.25841856
0,0.26222125
0,0.2653808
0,0.25836217
0,0.25301152
0,0.25706512
0,0.2609821
0,0.25955
0,0.25124878
0,0.2558631
0,0.25920278
0,0.25677782
0,0.2641925
0,0.25979647
0,0.2616752
0,0.25902396
0,0.27211434
0,0.2627595
0,0.26338232
0,0.25987828
0,0.268768
0,0.26132926
0,0.27244765
0,0.2622888
0,0.27371335
0,0.26802194
0,0.26480594
0,0.27121937
0,0.26497605
0,0.25969654
0,0.26029864
0,0.25666988
0,0.2603429
0,0.25620124
0,0.25719392
0,0.25471383
0,0.25572667
0,0.26410758
0,0.25905046
0,0.26579934
0,0.25979254
0,0.25507104
0,0.2558002
0,0.2517019
0,0.26530996
0,0.26506266
0,0.26089346
0,0.2696187
0,0.26124138
0,0.26508397
0,0.2631166
0,0.26522437
0,0.25979662
0,0.26520276
0,0.25880873
0,0.25264335
0,0.2537077
0,0.25868297
0,0.25498316
0,0.25994664
0,0.2551026
0,0.24912535
0,0.2615415
0,0.26493526
0,0.25714824
0,0.26038885
0,0.25549665
0,0.25801167
0,0.253391
0,0.25907364
0,0.2536828
0,0.25671256
0,0.2525813
0,0.255545
0,0.25072894
0,0.2534808
0,0.2595518
0,0.25631428
0,0.25076112
0,0.25327948
0,0.2473749
0,0.2504615
0,0.2461164
0,0.25517443
0,0.25764987
0,0.2542233
0,0.2586899
0,0.25442234
0,0.25835863
0,0.2545231
0,0.25834632
0,0.25435445
0,0.2582023
0,0.2640448
0,0.26149827
0,0.26675713
0,0.26451495
0,0.26364404
0,0.27364686
0,0.26019445
0,0.2616381
0,0.2554896
0,0.25846407
0,0.25264367
0,0.25584394
0,0.26171923
0,0.25917122
0,0.26348287
0,0.25987855
0,0.263713
0,0.25950032
0,0.2639058
0,0.25917682
0,0.26630175
0,0.25943896
0,0.26775384
0,0.26046172
0,0.26348346
0,0.25838006
0,0.2518803
0,0.25334394
0,0.25924984
0,0.2548681
0,0.25902408
0,0.2651112
0,0.26206258
0,0.2567715
0,0.26009378
0,0.26550797
0,0.2628859
0,0.26744726
0,0.26372415
0,0.25753844
0,0.25921085
0,0.2648868
0,0.27282396
0,0.27074724
0,0.26569244
0,0.26884648
0,0.26453468
0,0.25733715
0,0.25917435
0,0.25333944
0,0.25608703
0,0.26185012
0,0.26310763
0,0.2656914
0,0.26126924
0,0.2548571
0,0.2560648
0,0.251632
0,0.2543185
0,0.25974622
0,0.25700423
0,0.26174903
0,0.257896
0,0.26224312
0,0.26064548
0,0.2548689
0,0.25542003
0,0.24952807
0,0.25245675
0,0.2473868
0,0.2601381
0,0.2600925
0,0.254062
0,0.2526672
0,0.25212818
0,0.25717565
0,0.2526892
0,0.2572112
0,0.25238612
0,0.25678933
0,0.25229484
0,0.2559784
0,0.25120035
0,0.25547966
0,0.24763924
0,0.25382906
0,0.25984123
0,0.25796118
0,0.251752
0,0.25505355
0,0.2603021
0,0.26168454
0,0.26577717
0,0.26271605
0,0.2642599
0,0.261574
0,0.25323862
0,0.25621006
0,0.26337215
0,0.25878555
0,0.2515643
0,0.26666042
0,0.2636409
0,0.25872433
0,0.2507816
0,0.25320658
0,0.25743946
0,0.25480965
0,0.26900664
0,0.26336977
0,0.2522243
0,0.254158
0,0.2571135
0,0.25390407
0,0.25686604
0,0.25362915
0,0.2608336
0,0.2546393
0,0.25757214
0,0.26404625
0,0.26002365
0,0.25475988
0,0.25707972
0,0.2523036
0,0.25455123
0,0.26130635
0,0.25814652
0,0.26313564
0,0.25917226
0,0.25246075
0,0.25495344
0,0.25951856
0,0.25668785
0,0.26061523
0,0.25745875
0,0.26395342
0,0.26274475
0,0.2636214
0,0.25912976
0,0.26212412
0,0.25830445
0,0.26132852
0,0.25727457
0,0.24992464
0,0.25289968
0,0.25665584
0,0.2539867
0,0.26188207
0,0.25680006
0,0.25898916
0,0.2556311
0,0.25777698
0,0.2616874
0,0.25581113
0,0.2616409
0,0.26567522
0,0.26475745
0,0.26813126
0,0.2670616
0,0.26959816
0,0.2671294
0,0.2585805
0,0.26317015
0,0.26685047
0,0.2648818
0,0.25713226
0,0.26129648
0,0.26531726
0,0.26345354
0,0.2610353
0,0.26182938
0,0.26502463
0,0.26296014
0,0.26548374
0,0.26293892
0,0.26539475
0,0.26319215
0,0.26502943
0,0.2627068
0,0.26459783
0,0.26093963
0,0.26399076
0,0.2605455
0,0.26339737
0,0.2706725
0,0.26741323
0,0.2732447
0,0.26859406
0,0.28121117
0,0.2722331
0,0.27568632
0,0.27176496
0,0.27537036
0,0.2692338
0,0.26328945
0,0.26418862
0,0.27124944
0,0.2662881
0,0.2605508
0,0.2616591
0,0.2689513
0,0.26419365
0,0.26936218
0,0.26378065
0,0.26895672
0,0.2638077
0,0.26873955
0,0.26814035
0,0.26971793
0,0.2641747
0,0.2574761
0,0.25880152
0,0.2648037
0,0.26060504
0,0.26481885
0,0.26002258
0,0.26408482
0,0.27000618
0,0.2673043
0,0.26155207
0,0.26471362
0,0.2705721
0,0.26729643
0,0.2616406
0,0.2637892
0,0.27000627
0,0.27045032
0,0.2656589
0,0.26557177
0,0.25958875
0,0.26223806
0,0.27276438
0,0.26572564
0,0.27057552
0,0.26701823
0,0.25948346
0,0.2626164
0,0.2674719
0,0.26344693
0,0.25875714
0,0.26009798
0,0.26564783
0,0.2661084
0,0.268444
0,0.26282993
0,0.26745602
0,0.26217735
0,0.2556006
0,0.25732806
0,0.2622009
0,0.2584984
0,0.26351628
0,0.2587403
0,0.26305014
0,0.2594264
0,0.26313967
0,0.2581505
0,0.2620853
0,0.25559282
0,0.26111594
0,0.27041999
0,0.26617718
0,0.25994664
0,0.26237023
0,0.26902178
0,0.26489455
0,0.25827408
0,0.2608522
0,0.25492838
0,0.25851664
0,0.2531381
0,0.2567892
0,0.25622723
0,0.25763893
0,0.2675684
0,0.26176775
0,0.26558998
0,0.26139963
0,0.26613253
0,0.26753703
0,0.26759762
0,0.26257086
0,0.2666373
0,0.26170653
0,0.25360027
0,0.2672709
0,0.26571152
0,0.27128226
0,0.273326
0,0.274543
0,0.27025467
0,0.2735885
0,0.27020118
0,0.27319655
0,0.2685854
0,0.2717093
0,0.2687768
0,0.27160063
0,0.26842818
0,0.27172893
0,0.2680117
0,0.27094865
0,0.26731813
0,0.27021292
0,0.2659491
0,0.27491716
0,0.2678265
0,0.25965098
0,0.26596677
0,0.26812604
0,0.26449355
0,0.26812705
0,0.263965
0,0.26758757
0,0.26300848
0,0.26703015
0,0.26250872
0,0.26679862
0,0.27177465
0,0.25868738
0,0.26966655
0,0.2720898
0,0.27366954
0,0.26007655
0,0.26972425
0,0.26774964
0,0.27439016
0,0.26976568
0,0.27916315
0,0.27152684
0,0.27377942
0,0.2694362
0,0.26250225
0,0.26477447
0,0.25853544
0,0.26136446
0,0.25654602
0,0.2649988
0,0.26630306
0,0.2636066
0,0.25742495
0,0.25975475
0,0.2646487
0,0.26592955
0,0.2566209
0,0.25854093
0,0.26299813
0,0.25956592
0,0.26342627
0,0.25993872
0,0.26391923
0,0.2597807
0,0.26297376
0,0.26365826
0,0.2765728
0,0.27566564
0,0.26983866
0,0.263627
0,0.27021205
0,0.26243556
0,0.26412708
0,0.2703926
0,0.2655827
0,0.2604224
0,0.26189077
0,0.26884648
0,0.2639889
0,0.25885203
0,0.26042435
0,0.25681967
0,0.2584754
0,0.25558648
0,0.25806424
0,0.25446346
0,0.25678012
0,0.25369847
0,0.2563885
0,0.26548883
0,0.26015323
0,0.26643682
0,0.26133302
0,0.25599107
0,0.25721946
0,0.25327826
0,0.265383
0,0.25509822
0,0.2668673
0,0.2749198
0,0.27467355
0,0.27206063
0,0.2684359
0,0.25875077
0,0.25769037
0,0.2630493
0,0.25760502
0,0.2524276
0,0.25285774
0,0.25900802
0,0.25551957
0,0.26097107
0,0.2662502
0,0.2687827
0,0.27048776
0,0.26873824
0,0.2716384
0,0.26830253
0,0.26026666
0,0.2633738
0,0.26756722
0,0.26465896
0,0.26760575
0,0.2653631
0,0.25758532
0,0.26072088
0,0.26464313
0,0.26225233
0,0.26547435
0,0.26550382
0,0.25581524
0,0.25932863
0,0.26255
0,0.25991175
0,0.26362532
0,0.26005614
0,0.26317525
0,0.27069885
0,0.26721075
0,0.2732217
0,0.26866418
0,0.27364564
0,0.28040177
0,0.2670008
0,0.26145273
0,0.25866097
0,0.26128966
0,0.2672912
0,0.2638179
0,0.25899333
0,0.26101816
0,0.26640445
0,0.26349685
0,0.2679886
0,0.26365024
0,0.26880306
0,0.2639625
0,0.26854992
0,0.2633489
0,0.26873505
0,0.26347858
0,0.26810834
0,0.26362643
0,0.2691302
0,0.26263806
0,0.26727328
0,0.26149684
0,0.2660327
0,0.27190655
0,0.25909844
0,0.25942922
0,0.26504302
0,0.27021477
0,0.26121393
0,0.26395702
0,0.26573697
0,0.27084917
0,0.26855648
0,0.2777813
0,0.27190444
0,0.27457243
0,0.2708791
0,0.2736126
0,0.26969334
0,0.2727865
0,0.27384418
0,0.26295227
0,0.26591492
0,0.26970348
0,0.26707417
0,0.26967296
0,0.2668169
0,0.26958412
0,0.26633647
0,0.2755532
0,0.26772535
0,0.26585636
0,0.26452357
0,0.2676318
0,0.26369634
0,0.28446448
0,0.2702558
0,0.2609123
0,0.26187852
0,0.25489983
0,0.25801754
0,0.26235434
0,0.25906283
0,0.25731757
0,0.25744525
0,0.2613925
0,0.26894426
0,0.26940244
0,0.2621478
0,0.2649011
0,0.27074763
0,0.26722363
0,0.26125276
0,0.26463684
0,0.27027112
0,0.265961
0,0.26034197
0,0.26247764
0,0.2684582
0,0.26469314
0,0.25854045
0,0.26075658
0,0.2691105
0,0.26366338
0,0.25722155
0,0.2632185
0,0.2665093
0,0.2620344
0,0.26711917
0,0.26209176
0,0.2671088
0,0.26664513
0,0.25794438
0,0.2588363
0,0.25343487
0,0.2660284
0,0.25476637
0,0.2556107
0,0.26288474
0,0.2680286
0,0.26662666
0,0.27101067
0,0.2686332
0,0.27222407
0,0.258788
0,0.268068
0,0.266564
0,0.2585661
0,0.26320258
0,0.26665464
0,0.26566404
0,0.2580445
0,0.2619857
0,0.2619683
0,0.2620979
0,0.2718335
0,0.25486642
0,0.26329878
0,0.26119205
0,0.26448697
0,0.261432
0,0.264751
0,0.26178062
0,0.265498
0,0.2613158
0,0.26424664
0,0.26038724
0,0.26402336
0,0.27077097
0,0.26765907
0,0.2845996
0,0.2734136
0,0.2764443
0,0.27065566
0,0.26773274
0,0.2783511
0,0.2755674
0,0.27053854
0,0.26236105
0,0.26503164
0,0.26841545
0,0.2660365
0,0.27753523
0,0.26938075
0,0.27137852
0,0.26772395
0,0.2632875
0,0.2639406
0,0.26646328
0,0.26356125
0,0.25485122
0,0.25877014
0,0.26264787
0,0.26037893
0,0.26344642
0,0.26045328
0,0.26315477
0,0.26081532
0,0.2675745
0,0.2618583
0,0.26347446
0,0.26009148
0,0.2620535
0,0.25898623
0,0.2615725
0,0.26897323
0,0.26489854
0,0.25979117
0,0.2613707
0,0.2680888
0,0.26342338
0,0.2696936
0,0.2637868
0,0.25797427
0,0.25967902
0,0.2660868
0,0.26086515
0,0.27290788
0,0.26353073
0,0.2691658
0,0.2629618
0,0.26812544
0,0.26290336
0,0.25626615
0,0.26779976
0,0.26734608
0,0.26124337
0,0.26592553
0,0.27526957
0,0.27072325
0,0.26286346
0,0.2668481
0,0.27107072
0,0.26870525
0,0.27374423
0,0.27426282
0,0.26405385
0,0.2667767
0,0.25991094
0,0.26422036
0,0.2682095
0,0.2662291
0,0.26405552
0,0.2653505
0,0.25763848
0,0.2673469
0,0.26849565
0,0.2664339
0,0.25845912
0,0.26282287
0,0.2655594
0,0.26422846
0,0.25559607
0,0.26022997
0,0.25309145
0,0.2612994
0,0.26323634
0,0.2615772
0,0.26367342
0,0.26207986
0,0.2641352
0,0.2618278
0,0.2628903
0,0.26111442
0,0.26257217
0,0.26085007
0,0.2624092
0,0.26026127
0,0.2615481
0,0.2598604
0,0.26066035
0,0.26287854
0,0.26194674
0,0.25910065
0,0.2734718
0,0.26291597
0,0.26241872
0,0.27063844
0,0.2638389
0,0.27182287
0,0.269334
0,0.26274586
0,0.26624617
0,0.26019913
0,0.25918388
0,0.25650194
0,0.26747984
0,0.25802335
0,0.25849962
0,0.25481448
0,0.25538972
0,0.26321065
0,0.26879758
0,0.2689195
0,0.2730925
0,0.26098248
0,0.27018678
0,0.26973608
0,0.27334353
0,0.26059023
0,0.2701693
0,0.25796783
0,0.26853916
0,0.2522122
0,0.2702436
0,0.27064875
0,0.2786018
0,0.2716576
0,0.27349246
0,0.26960775
0,0.27139375
0,0.26684967
0,0.25904024
0,0.2628825
0,0.27617714
0,0.26793283
0,0.26989427
0,0.2661585
0,0.26892716
0,0.2654598
0,0.25779188
0,0.26020685
0,0.2642538
0,0.2614107
0,0.2651726
0,0.26226804
0,0.26539084
0,0.26167828
0,0.2647074
0,0.26151368
0,0.26416472
0,0.27170643
0,0.2675484
0,0.26295325
0,0.26446217
0,0.2708136
0,0.26647434
0,0.2718785
0,0.26695442
0,0.2715139
0,0.2665584
0,0.26455677
0,0.26381433
0,0.25884992
0,0.26035082
0,0.2665934
0,0.26294237
0,0.271364
0,0.26455307
0,0.2579171
0,0.25943598
0,0.26544353
0,0.2613538
0,0.26608893
0,0.2613959
0,0.2657478
0,0.2611547
0,0.27924514
0,0.26708978
0,0.26918235
0,0.26288128
0,0.25596753
0,0.2576119
0,0.26249754
0,0.26847708
0,0.26630324
0,0.26561335
0,0.27249157
0,0.26221627
0,0.28243366
0,0.26514938
0,0.26725024
0,0.25961477
0,0.26305088
0,0.2564167
0,0.26036742
0,0.25399336
0,0.2580815
0,0.25191355
0,0.25671047
0,0.25132674
0,0.2553439
0,0.2497476
0,0.25460556
0,0.25948745
0,0.25781754
0,0.26160395
0,0.2583832
0,0.2623375
0,0.25876576
0,0.26205075
0,0.25909376
0,0.26219043
0,0.25695404
0,0.26069236
0,0.25753596
0,0.2604731
0,0.26113698
0,0.26204273
0,0.26872972
0,0.2645793
0,0.27110806
0,0.26977858
0,0.2622278
0,0.26270416
0,0.2694956
0,0.2652713
0,0.2598417
0,0.26106158
0,0.2678856
0,0.26306883
0,0.2579172
0,0.25867823
0,0.25461704
0,0.25726745
0,0.26437432
0,0.26408684
0,0.25704265
0,0.25791532
0,0.26453343
0,0.26025963
0,0.2548981
0,0.25651821
0,0.25215983
0,0.254624
0,0.26138973
0,0.25775734
0,0.2528296
0,0.26506457
0,0.2652001
0,0.25961167
0,0.25380263
0,0.26502055
0,0.2648572
0,0.2692289
0,0.25674653
0,0.2670162
0,0.26572248
0,0.27001783
0,0.26874584
0,0.2714714
0,0.2685687
0,0.2726098
0,0.2700581
0,0.27205458
0,0.26868182
0,0.2608883
0,0.26463452
0,0.2689497
0,0.27123225
0,0.26051924
0,0.26370633
0,0.2675431
0,0.26509634
0,0.26816222
0,0.26555
0,0.2725601
0,0.2671924
0,0.2684516
0,0.27537173
0,0.2712987
0,0.26797226
0,0.26854166
0,0.26533914
0,0.26684052
0,0.26362625
0,0.27657157
0,0.27091587
0,0.2681632
0,0.2643899
0,0.26501676
0,0.261982
0,0.2628718
0,0.26031607
0,0.26147667
0,0.25909442
0,0.26029524
0,0.26906672
0,0.2632477
0,0.263238
0,0.26124007
0,0.26969036
0,0.26254323
0,0.27085572
0,0.26318762
0,0.2711159
0,0.2741365
0,0.2641419
0,0.27219298
0,0.27602845
0,0.2757697
0,0.265097
0,0.27201453
0,0.2729971
0,0.27388617
0,0.26385155
0,0.25957638
0,0.26774412
0,0.2693213
0,0.26022264
0,0.26738188
0,0.26909652
0,0.27042302
0,0.27109885
0,0.27299863
0,0.27633998
0,0.26277864
0,0.26928136
0,0.26944408
0,0.27052325
0,0.27020314
0,0.2714373
0,0.2701994
0,0.27049968
0,0.2589923
0,0.2656344
0,0.26549515
0,0.26707798
0,0.26682514
0,0.26763818
0,0.2666496
0,0.2671918
0,0.26663184
0,0.25688726
0,0.26354903
0,0.26458684
0,0.26415998
0,0.26541892
0,0.26459596
0,0.26530057
0,0.26856777
0,0.26646012
0,0.26434454
0,0.26517224
0,0.26382485
0,0.26427945
0,0.26248822
0,0.2640341
0,0.26226735
0,0.2630916
0,0.26132154
0,0.26196042
0,0.26067513
0,0.26127827
0,0.25963512
0,0.26072615
0,0.259139
0,0.2599755
0,0.25857875
0,0.2615798
0,0.2585862
0,0.25870997
0,0.25733307
0,0.25803596
0,0.2570026
0,0.2578556
0,0.2601945
0,0.25824326
0,0.2675114
0,0.26072353
0,0.26851717
0,0.27254328
0,0.27331463
0,0.27527064
0,0.27536997
0,0.26519772
0,0.27155092
0,0.2622326
0,0.25787875
0,0.2665079
0,0.27255946
0,0.26120794
0,0.2572109
0,0.2654806
0,0.2670063
0,0.26870626
0,0.26870778
0,0.26961952
0,0.2582609
0,0.26636612
0,0.2560052
0,0.25322703
0,0.26069453
0,0.25268677
0,0.25985396
0,0.26233009
0,0.26287344
0,0.2685781
0,0.2660367
0,0.26666716
0,0.2656679
0,0.26548028
0,0.265055
0,0.26529694
0,0.26460144
0,0.27059588
0,0.26595992
0,0.2656736
0,0.2641585
0,0.27040848
0,0.26543826
0,0.2643755
0,0.26264235
0,0.262523
0,0.26071507
0,0.26061165
0,0.26003698
0,0.26050478
0,0.2592794
0,0.25913832
0,0.2585061
0,0.25855437
0,0.25716314
0,0.2576612
0,0.2698148
0,0.26246876
0,0.2707694
0,0.26317015
0,0.27119836
0,0.263184
0,0.25963742
0,0.25924224
0,0.26692587
0,0.2713735
0,0.2614456
0,0.26535589
0,0.2696477
0,0.27236477
0,0.2728628
0,0.27408484
0,0.27358803
0,0.27430558
0,0.27448383
0,0.2740699
0,0.27346316
0,0.2730991
0,0.26179013
0,0.26880598
0,0.26877728
0,0.26991493
0,0.2693136
0,0.2700744
0,0.2710874
0,0.27105844
0,0.26980078
0,0.26950845
0,0.26920384
0,0.2700577
0,0.26777753
0,0.26765805
0,0.2673415
0,0.26743641
0,0.26606482
0,0.25873458
0,0.263113
0,0.26290187
0,0.26259577
0,0.27417132
0,0.2663844
0,0.26514855
0,0.26921085
0,0.26548707
0,0.26371747
0,0.26642314
0,0.263491
0,0.26245472
0,0.26252723
0,0.2617212
0,0.26118696
0,0.26062948
0,0.2598616
0,0.25902456
0,0.25933903
0,0.25784928
0,0.25851688
0,0.25715756
0,0.25825438
0,0.2566018
0,0.25727835
0,0.25549924
0,0.25617224
0,0.25494885
0,0.2553491
0,0.26484123
0,0.25887537
0,0.26718715
0,0.2714322
0,0.2610685
0,0.26809943
0,0.27010778
0,0.27352256
0,0.27288857
0,0.2755656
0,0.27370864
0,0.27544162
0,0.26245046
0,0.270812
0,0.26949954
0,0.26163533
0,0.270639
0,0.2717905
0,0.2707842
0,0.27276048
0,0.27000365
0,0.27240923
0,0.2694895
0,0.27232084
0,0.26903993
0,0.2726295
0,0.2685665
0,0.2605656
0,0.2638774
0,0.26735064
0,0.26518118
0,0.26221424
0,0.26289827
0,0.26668438
0,0.26390952
0,0.2670298
0,0.26390827
0,0.2665332
0,0.26309228
0,0.26565275
0,0.26252073
0,0.26449692
0,0.2617325
0,0.26362497
0,0.260866
0,0.266914
0,0.27317488
0,0.26801515
0,0.26406878
0,0.26415735
0,0.26238632
0,0.266451
0,0.26612535
0,0.26857013
0,0.2731904
0,0.26679108
0,0.26271823
0,0.26281756
0,0.25981894
0,0.26036346
0,0.26905552
0,0.26375154
0,0.27611756
0,0.26659575
0,0.27324325
0,0.2654613
0,0.2722225
0,0.26521555
0,0.27583286
0,0.26587445
0,0.2649534
0,0.26693624
0,0.27083892
0,0.26376435
0,0.2699956
0,0.27385175
0,0.26285002
0,0.2758467
0,0.27336037
0,0.27607313
0,0.26418915
0,0.26196712
0,0.6310968
0,0.4604328
0,0.37374955
0,0.34353998
0,0.32012174
0,0.3063658
0,0.28265622
0,0.2843589
0,0.2782594
0,0.26739565
0,0.26950714
0,0.26163554
0,0.2647677
0,0.26807165
0,0.2659473
0,0.26891285
0,0.26667643
0,0.26826334
0,0.26376262
0,0.2650576
0,0.26109186
0,0.2630819
0,0.26055303
0,0.2534205
0,0.25760853
0,0.25220662
0,0.2576442
0,0.26215172
0,0.26080593
0,0.26401386
0,0.26267278
0,0.25026557
0,0.2568203
0,0.26542407
0,0.26097703
0,0.2633144
0,0.26100555
0,0.26312095
0,0.25322595
0,0.26014113
0,0.25790852
0,0.26086318
0,0.25840273
0,0.26467073
0,0.2612346
0,0.2611941
0,0.26939318
0,0.26384106
0,0.27116787
0,0.26486877
0,0.27157837
0,0.26549146
0,0.2732915
0,0.26564965
0,0.2615045
0,0.2608854
0,0.26773152
0,0.2622506
0,0.2588509
0,0.25862083
0,0.26657525
0,0.260779
0,0.25155848
0,0.25478095
0,0.26360556
0,0.25788245
0,0.2555583
0,0.26595154
0,0.25737515
0,0.26740417
0,0.25770032
0,0.25681648
0,0.26425016
0,0.26874134
0,0.2584436
0,0.256889
0,0.26409978
0,0.26779127
0,0.26810673
0,0.25992844
0,0.26548627
0,0.26837134
0,0.25774828
0,0.26021555
0,0.2637417
0,0.26724732
0,0.2560468
0,0.25407615
0,0.24988595
0,0.25978532
0,0.2508687
0,0.24930917
0,0.2569487
0,0.2606852
0,0.26173604
0,0.2634992
0,0.26413244
0,0.2659434
0,0.26491952
0,0.26505676
0,0.26718065
0,0.26593855
0,0.27668864
0,0.26955906
0,0.26824236
0,0.26700094
0,0.26635304
0,0.26472694
0,0.26703516
0,0.26469985
0,0.26428455
0,0.26392332
0,0.26361763
0,0.26282513
0,0.26290694
0,0.2617213
0,0.26184285
0,0.26062942
0,0.2605984
0,0.25996518
0,0.25954345
0,0.2588426
0,0.25837332
0,0.2592407
0,0.25760022
0,0.258255
0,0.2675423
0,0.26075792
0,0.25856394
0,0.25835988
0,0.2675256
0,0.26036915
0,0.25774136
0,0.26776445
0,0.26987362
0,0.27361837
0,0.27395415
0,0.2757899
0,0.27583838
0,0.27694803
0,0.266774
0,0.2732797
0,0.2741148
0,0.27545005
0,0.2750821
0,0.27575868
0,0.27550247
0,0.2653642
0,0.26026842
0,0.26864913
0,0.27022114
0,0.2712441
0,0.2720569
0,0.26164418
0,0.2677462
0,0.25906888
0,0.26666582
0,0.26806557
0,0.26950395
0,0.27035543
0,0.25924036
0,0.25657788
0,0.2632985
0,0.25423995
0,0.261434
0,0.26394588
0,0.26508096
0,0.2657665
0,0.2661815
0,0.26567122
0,0.2665683
0,0.26614982
0,0.26598018
0,0.27698946
0,0.27489558
0,0.2696857
0,0.2681632
0,0.26699728
0,0.26543695
0,0.2759385
0,0.267586
0,0.26542345
0,0.26391175
0,0.26277974
0,0.26205418
0,0.26041102
0,0.26019868
0,0.2593771
0,0.25866595
0,0.2577931
0,0.2572611
0,0.25725782
0,0.26187125
0,0.25829196
0,0.25745666
0,0.26765078
0,0.27155694
0,0.27370235
0,0.26468882
0,0.27263075
0,0.2635754
0,0.2710394
0,0.26217034
0,0.27015293
0,0.27233353
0,0.27840137
0,0.2654427
0,0.2721393
0,0.27291906
0,0.26259705
0,0.2700024
0,0.26665613
0,0.27028403
0,0.2609531
0,0.25749785
0,0.27089936
0,0.25952902
0,0.25679576
0,0.26472092
0,0.26654246
0,0.26791096
0,0.26878405
0,0.26960993
0,0.27061245
0,0.2754614
0,0.26159444
0,0.26769626
0,0.2687841
0,0.26861903
0,0.27024096
0,0.2697658
0,0.26938447
0,0.26897007
0,0.25750494
0,0.26350397
0,0.2645539
0,0.265172
0,0.2849048
0,0.27366036
0,0.27185133
0,0.26884806
0,0.2682126
0,0.26622033
0,0.26598296
0,0.26497233
0,0.26517308
0,0.26215658
0,0.26830414
0,0.26473573
0,0.27607125
0,0.2673869
0,0.26576063
0,0.26365587
0,0.26316348
0,0.27283323
0,0.26766777
0,0.2645309
0,0.2639045
0,0.2615775
0,0.2618439
0,0.2597699
0,0.26136187
0,0.24815202
0,0.25542337
0,0.26566753
0,0.2604471
0,0.26870105
0,0.26732644
0,0.2721567
0,0.26423272
0,0.27137882
0,0.26363733
0,0.27072325
0,0.27435252
0,0.27501982
0,0.26584464
0,0.27214694
0,0.2637948
0,0.2701881
0,0.27441084
0,0.2737861
0,0.2652223
0,0.26137093
0,0.2699573
0,0.2698584
0,0.27490395
0,0.26170576
0,0.2703765
0,0.27018782
0,0.27285406
0,0.26320797
0,0.27160805
0,0.2697209
0,0.27241874
0,0.27118912
0,0.27329236
0,0.27122095
0,0.2743505
0,0.27126092
0,0.2732922
0,0.270335
0,0.27243626
0,0.27396536
0,0.27305856
0,0.26978162
0,0.27195925
0,0.26905838
0,0.27094606
0,0.26828268
0,0.27028072
0,0.2673186
0,0.25853184
0,0.26707035
0,0.2684055
0,0.26503336
0,0.26725584
0,0.26440975
0,0.26642245
0,0.26320097
0,0.26604283
0,0.26472232
0,0.27624848
0,0.26887283
0,0.269013
0,0.26427352
0,0.26646373
0,0.2625245
0,0.26498494
0,0.26090845
0,0.26355895
0,0.2604229
0,0.2627707
0,0.27045444
0,0.26667786
0,0.26638293
0,0.2655351
0,0.27178007
0,0.26658687
0,0.2758824
0,0.2753814
0,0.2768758
0,0.26895326
0,0.26314268
0,0.26328564
0,0.2699672
0,0.2647986
0,0.27069923
0,0.26494086
0,0.2710311
0,0.26478353
0,0.2592462
0,0.24946734
0,0.2625496
0,0.25847068
0,0.2652138
0,0.26019508
0,0.25588018
0,0.25729796
0,0.26409343
0,0.25913113
0,0.25395495
0,0.25591707
0,0.26236224
0,0.2581571
0,0.26371136
0,0.2695801
0,0.26813614
0,0.26143375
0,0.26589295
0,0.25969762
0,0.26416552
0,0.26870564
0,0.267473
0,0.2714174
0,0.25850675
0,0.25708222
0,0.26258332
0,0.26672342
0,0.26622188
0,0.26929116
0,0.26750207
0,0.27018508
0,0.26830927
0,0.25898978
0,0.26443422
0,0.2663096
0,0.26567382
0,0.26693293
0,0.26563856
0,0.26605737
0,0.2651452
0,0.25627658
0,0.2612186
0,0.26316392
0,0.26244292
0,0.26371717
0,0.262347
0,0.26378965
0,0.2619588
0,0.26303026
0,0.26148394
0,0.26200405
0,0.26048633
0,0.2616695
0,0.26054755
0,0.261264
0,0.25953817
0,0.26021913
0,0.25864697
0,0.2595249
0,0.2511135
0,0.2554992
0,0.25507194
0,0.25653085
0,0.26640052
0,0.26058212
0,0.25853655
0,0.2591013
0,0.26769066
0,0.26132065
0,0.25893143
0,0.2576217
0,0.2668094
0,0.25940815
0,0.2574671
0,0.26733887
0,0.2693779
0,0.27202976
0,0.26215652
0,0.25950998
0,0.26785445
0,0.27040553
0,0.2710765
0,0.27296087
0,0.27710977
0,0.26525998
0,0.25952733
0,0.2679079
0,0.26930913
0,0.26051596
0,0.26602954
0,0.25872478
0,0.26450267
0,0.26795304
0,0.26743606
0,0.25904357
0,0.27289551
0,0.25946367
0,0.26431432
0,0.2667009
0,0.26632786
0,0.25695685
0,0.26209924
0,0.26460436
0,0.26421928
0,0.265537
0,0.26459372
0,0.2652922
0,0.2639523
0,0.26518294
0,0.26416346
0,0.26481402
0,0.25257
0,0.25976327
0,0.26011464
0,0.26121145
0,0.25963363
0,0.26078746
0,0.2591216
0,0.2599651
0,0.25835806
0,0.25917965
0,0.25792122
0,0.2580627
0,0.2570352
0,0.2626716
0,0.2598672
0,0.2591394
0,0.26751673
0,0.26651832
0,0.2710815
0,0.26333076
0,0.2591942
0,0.2702467
0,0.2706732
0,0.26230645
0,0.25841233
0,0.2687301
0,0.2583789
0,0.25654575
0,0.26453018
0,0.2695326
0,0.25907847
0,0.25639945
0,0.2640962
0,0.26718006
0,0.25766414
0,0.25462136
0,0.25214773
0,0.2617299
0,0.26408225
0,0.26704973
0,0.25681725
0,0.2647041
0,0.26518145
0,0.26761946
0,0.25671443
0,0.26484588
0,0.2673188
0,0.25683573
0,0.26746628
0,0.26662752
0,0.25616345
0,0.252525
0,0.25939733
0,0.2620159
0,0.262965
0,0.26403725
0,0.2635628
0,0.26389623
0,0.26290727
0,0.26365903
0,0.2642371
0,0.26882145
0,0.26526725
0,0.26489463
0,0.2624502
0,0.2631531
0,0.262261
0,0.26240098
0,0.26106545
0,0.2615013
0,0.2603587
0,0.26097384
0,0.25920653
0,0.25961727
0,0.25845727
0,0.2593283
0,0.25749895
0,0.25791538
0,0.26766655
0,0.26192948
0,0.27335495
0,0.2649057
0,0.2722467
0,0.2648147
0,0.26037216
0,0.25953588
0,0.26741397
0,0.27243733
0,0.26202372
0,0.26019382
0,0.2720734
0,0.26234642
0,0.2579509
0,0.2673924
0,0.26875052
0,0.26064032
0,0.26789775
0,0.27524462
0,0.27227873
0,0.26270762
0,0.26777342
0,0.27034882
0,0.2696199
0,0.27091867
0,0.26981303
0,0.2707244
0,0.26945913
0,0.2600577
0,0.26483032
0,0.25648203
0,0.26213825
0,0.25444567
0,0.26099253
0,0.2636947
0,0.2635866
0,0.26584837
0,0.2647397
0,0.25502455
0,0.2627264
0,0.269197
0,0.26547542
0,0.26585263
0,0.26455936
0,0.25975126
0,0.26212054
0,0.263157
0,0.2622997
0,0.26300207
0,0.26226443
0,0.26270628
0,0.26187775
0,0.26245105
0,0.26085168
0,0.2615308
0,0.26010552
0,0.26099095
0,0.259235
0,0.26033518
0,0.25808176
0,0.25926223
0,0.2579448
0,0.25894278
0,0.2577233
0,0.25837553
0,0.25737166
0,0.25803718
0,0.25646448
0,0.2571965
0,0.26698694
0,0.26521507
0,0.2709078
0,0.26409727
0,0.26290032
0,0.26039097
0,0.25765088
0,0.2574292
0,0.26633075
0,0.2598942
0,0.26809448
0,0.27152258
0,0.26155952
0,0.27034286
0,0.26041415
0,0.26958856
0,0.2719075
0,0.2628177
0,0.25867477
0,0.26729292
0,0.26308373
0,0.25794074
0,0.26639605
0,0.2690124
0,0.25906682
0,0.25563934
0,0.2535321
0,0.2619681
0,0.26635796
0,0.25665656
0,0.25353876
0,0.2620601
0,0.2646929
0,0.26005283
0,0.26548353
0,0.2666455
0,0.257604
0,0.26398847
0,0.27067646
0,0.26815483
0,0.27357128
0,0.26963663
0,0.26924643
0,0.26791894
0,0.26752338
0,0.26639628
0,0.2666164
0,0.26618284
0,0.26576436
0,0.2647478
0,0.26451677
0,0.2640683
0,0.26398778
0,0.26277873
0,0.2660799
0,0.2637234
0,0.26318753
0,0.26198682
0,0.26130474
0,0.2623568
0,0.26134884
0,0.27205896
0,0.26451194
0,0.2629841
0,0.26123345
0,0.26009506
0,0.25900638
0,0.25832444
0,0.2681282
0,0.2607816
0,0.2585317
0,0.26798233
0,0.27252448
0,0.27522242
0,0.26521546
0,0.2614235
0,0.26971537
0,0.27149403
0,0.26276183
0,0.27012888
0,0.27251595
0,0.26376855
0,0.27055
0,0.2609659
0,0.26862466
0,0.26765776
0,0.26027843
0,0.25700378
0,0.2656207
0,0.2674004
0,0.26980016
0,0.27003664
0,0.2720598
0,0.27194795
0,0.2716392
0,0.26080367
0,0.2667932
0,0.26802272
0,0.2687626
0,0.25863573
0,0.26493964
0,0.26643786
0,0.2712713
0,0.25815445
0,0.26889968
0,0.26741713
0,0.26688755
0,0.26815045
0,0.26678285
0,0.26752114
0,0.26600495
0,0.28034002
0,0.27026972
0,0.2700973
0,0.26761475
0,0.26746804
0,0.2655427
0,0.265907
0,0.26505566
0,0.26490223
0,0.2629713
0,0.26411888
0,0.2622338
0,0.26447803
0,0.26225242
0,0.26284385
0,0.2612406
0,0.2618278
0,0.26509267
0,0.2627294
0,0.26430452
0,0.26199263
0,0.25994137
0,0.2601065
0,0.26881677
0,0.26678285
0,0.2720343
0,0.2645781
0,0.26501057
0,0.2594108
0,0.25791252
0,0.2681908
0,0.27006805
0,0.27313417
0,0.2737705
0,0.2754945
0,0.26412317
0,0.27208084
0,0.2722351
0,0.27456763
0,0.27397782
0,0.2688851
0,0.26072744
0,0.26965696
0,0.27005598
0,0.26232556
0,0.25699168
0,0.26668388
0,0.25620532
0,0.25549114
0,0.262587
0,0.2699958
0,0.25796217
0,0.26668093
0,0.25587022
0,0.26512504
0,0.26533276
0,0.26814544
0,0.2671601
0,0.26962188
0,0.26779252
0,0.2697391
0,0.27175242
0,0.27134442
0,0.2686082
0,0.2699425
0,0.26756486
0,0.26906535
0,0.2669429
0,0.25762132
0,0.26196083
0,0.26478386
0,0.26342228
0,0.26588255
0,0.26417467
0,0.26587284
0,0.26374048
0,0.2591284
0,0.2609627
0,0.2628583
0,0.26133204
0,0.26003072
0,0.26048613
0,0.26216483
0,0.260671
0,0.2616729
0,0.25971666
0,0.26098117
0,0.2589435
0,0.2686854
0,0.26203543
0,0.26725662
0,0.27293068
0,0.266107
0,0.26465264
0,0.2631129
0,0.2602903
0,0.26036447
0,0.25812003
0,0.25827384
0,0.2675003
0,0.26093447
0,0.2695762
0,0.2621338
0,0.26962027
0,0.27328867
0,0.27345824
0,0.27598357
0,0.27558783
0,0.26589277
0,0.26083767
0,0.26968816
0,0.27043793
0,0.3048521
0,0.2743453
0,0.31091613
0,0.29415432
0,0.28705576
0,0.28239048
0,0.28088906
0,0.27825806
0,0.27715796
0,0.2755636
0,0.2752455
0,0.2742804
0,0.27399927
0,0.27327478
0,0.27506384
0,0.27372748
0,0.27466458
0,0.2657929
0,0.25895616
0,0.26701984
0,0.2673864
0,0.25702247
0,0.2587287
0,0.26344633
0,0.25871852
0,0.2636454
0,0.2549205
0,0.2659454
0,0.26562768
0,0.26603734
0,0.26678002
0,0.26626718
0,0.26627544
0,0.26575252
0,0.26636457
0,0.26526532
0,0.26563987
0,0.26452294
0,0.26503494
0,0.26405334
0,0.26405105
0,0.26319376
0,0.2635993
0,0.26299044
0,0.26333347
0,0.2624767
0,0.2624621
0,0.26114777
0,0.2623671
0,0.25016415
0,0.2575584
0,0.2599943
0,0.2616767
0,0.2599523
0,0.2544161
0,0.25669843
0,0.30613825
0,0.27823794
0,0.26094633
0,0.26312998
0,0.26209506
0,0.2599906
0,0.26366156
0,0.26001173
0,0.26382494
0,0.2596575
0,0.25873128
0,0.2574009
0,0.26996833
0,0.27162138
0,0.2634839
0,0.26037672
0,0.26952714
0,0.26162544
0,0.27014464
0,0.27384466
0,0.27436393
0,0.27565268
0,0.26995245
0,0.27428982
0,0.27467027
0,0.27529597
0,0.27508786
0,0.2648827
0,0.2711912
0,0.2727677
0,0.2725341
0,0.26663527
0,0.270314
0,0.26071957
0,0.256634
0,0.2543994
0,0.26239085
0,0.2554009
0,0.2627066
0,0.26585108
0,0.266386
0,0.26832917
0,0.26836032
0,0.26921636
0,0.2780143
0,0.26263148
0,0.26782605
0,0.2685819
0,0.26858205
0,0.2580269
0,0.2654192
0,0.26799288
0,0.26748765
0,0.26130918
0,0.26516667
0,0.26532364
0,0.26160458
0,0.26373363
0,0.26498896
0,0.26463714
0,0.26487648
0,0.26431936
0,0.26471552
0,0.27503887
0,0.26928687
0,0.26829466
0,0.2668275
0,0.26549014
0,0.26468697
0,0.2635926
0,0.26336545
0,0.261857
0,0.26247215
0,0.26085383
0,0.26071423
0,0.26001707
0,0.25979835
0,0.25894025
0,0.25919384
0,0.25813052
0,0.25858745
0,0.2710901
0,0.26285228
0,0.2609801
0,0.25937074
0,0.25800535
0,0.26791596
0,0.27163365
0,0.26328203
0,0.2729041
0,0.27440456
0,0.27594596
0,0.2660293
0,0.2733084
0,0.2653919
0,0.2612894
0,0.26993638
0,0.2724017
0,0.27361566
0,0.2639109
0,0.26034373
0,0.26847813
0,0.27025598
0,0.2718902
0,0.27287015
0,0.27420467
0,0.26293203
0,0.2590052
0,0.25687236
0,0.26481634
0,0.26696765
0,0.26848456
0,0.2587137
0,0.265875
0,0.25639328
0,0.26398537
0,0.2553118
0,0.26378733
0,0.25403103
0,0.2613634
0,0.2630935
0,0.2640252
0,0.26642275
0,0.2661584
0,0.26664108
0,0.27101558
0,0.26815745
0,0.26831844
0,0.26808462
0,0.27763715
0,0.27108368
0,0.26875466
0,0.26906055
0,0.27019703
0,0.26729086
0,0.2587587
0,0.2621424
0,0.26251683
0,0.26763338
0,0.26440567
0,0.26357636
0,0.26291144
0,0.26197198
0,0.26135105
0,0.26091176
0,0.25952992
0,0.2596698
0,0.25890994
0,0.25962064
0,0.25875294
0,0.25837204
0,0.25740793
0,0.256326
0,0.25608948
0,0.2563878
0,0.2663471
0,0.25974542
0,0.26854426
0,0.26128373
0,0.2690952
0,0.2724012
0,0.2627189
0,0.27124295
0,0.27308154
0,0.27448508
0,0.27511826
0,0.2762901
0,0.27604437
0,0.27647397
0,0.27656302
0,0.27667832
0,0.2652043
0,0.26095608
0,0.25731137
0,0.26587778
0,0.26860398
0,0.26502752
0,0.26924258
0,0.27038136
0,0.26014096
0,0.25702554
0,0.25370353
0,0.26280233
0,0.25481218
0,0.2574297
0,0.2632334
0,0.26555195
0,0.2679853
0,0.25745103
0,0.26526615
0,0.2663999
0,0.2568543
0,0.2636523
0,0.26506308
0,0.26621795
0,0.25619635
0,0.26255542
0,0.2638589
0,0.2648469
0,0.2657069
0,0.26503834
0,0.26574966
0,0.2704612
0,0.26779106
0,0.2666139
0,0.2681322
0,0.26637015
0,0.26631477
0,0.26539528
0,0.26574966
0,0.26486897
0,0.2654787
0,0.2660768
0,0.26461306
0,0.2642286
0,0.2639214
0,0.26359025
0,0.26301524
0,0.26329738
0,0.26256892
0,0.26215586
0,0.2614378
0,0.26097295
0,0.26025572
0,0.25962207
0,0.25945535
0,0.26384977
0,0.26044235
0,0.24907005
0,0.25509325
0,0.25467196
0,0.2557561
0,0.25778964
0,0.25647548
0,0.25530818
0,0.26613352
0,0.27511662
0,0.27526128
0,0.26616922
0,0.2728964
0,0.26387727
0,0.27134314
0,0.261687
0,0.2700592
0,0.27187532
0,0.26187518
0,0.25821593
0,0.2667589
0,0.2691891
0,0.2703684
0,0.2609831
0,0.27237687
0,0.2716525
0,0.26130855
0,0.2686744
0,0.27096418
0,0.2716673
0,0.26039916
0,0.2578753
0,0.2640078
0,0.25646403
0,0.25329214
0,0.26196894
0,0.2635346
0,0.2551294
0,0.2617394
0,0.25366968
0,0.26026434
0,0.26279536
0,0.26282093
0,0.25432524
0,0.25981316
0,0.2618363
0,0.26222563
0,0.2641069
0,0.26448834
0,0.2653514
0,0.2638783
0,0.26883835
0,0.26514173
0,0.26664492
0,0.2639069
0,0.26421747
0,0.26748684
0,0.26488042
0,0.2633145
0,0.2608594
0,0.26099545
0,0.26184192
0,0.26007167
0,0.26086405
0,0.25943232
0,0.2601739
0,0.25886166
0,0.26004624
0,0.26867113
0,0.26345715
0,0.2595606
0,0.2607691
0,0.2681214
0,0.26325178
0,0.25879785
0,0.2596997
0,0.2665654
0,0.2618484
0,0.25652567
0,0.26294872
0,0.25543752
0,0.25722325
0,0.25179753
0,0.25444585
0,0.26110932
0,0.25763515
0,0.25228366
0,0.25413665
0,0.25430465
0,0.25443017
0,0.2597675
0,0.25564298
0,0.26077807
0,0.26773274
0,0.25532144
0,0.2560884
0,0.26074767
0,0.26695985
0,0.26451522
0,0.25842577
0,0.26158285
0,0.26726153
0,0.26432452
0,0.25964645
0,0.26208687
0,0.2682465
0,0.26420534
0,0.2582604
0,0.25051463
0,0.26221797
0,0.2599472
0,0.26544136
0,0.26192948
0,0.2667827
0,0.26741388
0,0.26891294
0,0.2644412
0,0.26809317
0,0.26371706
0,0.26758713
0,0.26282465
0,0.26665792
0,0.26227275
0,0.26535103
0,0.26106635
0,0.26521572
0,0.27119267
0,0.2683751
0,0.27315104
0,0.26954034
0,0.2745843
0,0.26736623
0,0.2732081
0,0.26853052
0,0.27322426
0,0.2691529
0,0.27356482
0,0.2679088
0,0.27263233
0,0.26762402
0,0.27316162
0,0.26742837
0,0.2728499
0,0.26654285
0,0.2714597
0,0.25557974
0,0.27001682
0,0.2637016
0,0.25881124
0,0.25928122
0,0.2653902
0,0.26066193
0,0.25542903
0,0.25673348
0,0.26260704
0,0.26375595
0,0.2551388
0,0.27215782
0,0.26821464
0,0.27299806
0,0.27018237
0,0.2737289
0,0.27065188
0,0.2628152
0,0.26641732
0,0.27041957
0,0.26760906
0,0.26033765
0,0.26327458
0,0.25512707
0,0.26289004
0,0.26649708
0,0.26426804
0,0.2689849
0,0.26516584
0,0.25768003
0,0.2619363
0,0.26576015
0,0.26358896
0,0.25624612
0,0.25989434
0,0.25351146
0,0.258116
0,0.26205495
0,0.26020953
0,0.25287414
0,0.25670832
0,0.26090938
0,0.2585381
0,0.27028129
0,0.26241672
0,0.26615292
0,0.2613253
0,0.2640722
0,0.27036357
0,0.25592464
0,0.2574448
0,0.2620305
0,0.2584532
0,0.26120442
0,0.2576942
0,0.26063308
0,0.26735467
0,0.2636321
0,0.26796818
0,0.2545239
0,0.25474006
0,0.2584233
0,0.25390366
0,0.2576942
0,0.2637228
0,0.26070896
0,0.2657073
0,0.25091928
0,0.26179126
0,0.25917956
0,0.25342748
0,0.24551585
0,0.2570344
0,0.25486657
0,0.25032374
0,0.24605581
0,0.2458377
0,0.2502924
0,0.25648588
0,0.24417798
0,0.25528774
0,0.25363168
0,0.2582953
0,0.25957775
0,0.26172838
0,0.26892072
0,0.26531044
0,0.25982782
0,0.26234055
0,0.26852295
0,0.26568443
0,0.27127528
0,0.26748908
0,0.27177012
0,0.26768064
0,0.2708916
0,0.26686758
0,0.27010754
0,0.26656848
0,0.2589187
0,0.26185557
0,0.26577118
0,0.26302722
0,0.2713515
0,0.265558
0,0.2687153
0,0.2654066
0,0.26780453
0,0.26464945
0,0.25615418
0,0.25399292
0,0.2604852
0,0.25952986
0,0.2623101
0,0.26028103
0,0.26259074
0,0.26025328
0,0.2621747
0,0.26041943
0,0.25091434
0,0.26589495
0,0.26157394
0,0.2698408
0,0.264031
0,0.2605341
0,0.26125458
0,0.26964995
0,0.2657036
0,0.2613878
0,0.26096633
0,0.26934382
0,0.2629895
0,0.2590511
0,0.2482375
0,0.26254275
0,0.25762892
0,0.24469683
0,0.26692906
0,0.26832333
0,0.26067942
0,0.25705796
0,0.27839386
0,0.2729249
0,0.2742279
0,0.27383223
0,0.27423757
0,0.28551522
0,0.2782954
0,0.26531386
0,0.27116832
0,0.26025426
0,0.26774395
0,0.2683237
0,0.25879952
0,0.26543698
0,0.25624403
0,0.2635947
0,0.26509234
0,0.266323
0,0.26707003
0,0.26752242
0,0.26803
0,0.26835728
0,0.2679927
0,0.2673659
0,0.252696
0,0.26195934
0,0.26392052
0,0.263809
0,0.2647771
0,0.2645779
0,0.26509467
0,0.2709436
0,0.26826397
0,0.2678101
0,0.26649752
0,0.26484096
0,0.2645954
0,0.26331133
0,0.26310495
0,0.26294062
0,0.26473385
0,0.2624132
0,0.2621269
0,0.2608066
0,0.26016778
0,0.25981382
0,0.25975046
0,0.25884214
0,0.24781299
0,0.25316852
0,0.25377646
0,0.25456253
0,0.27148095
0,0.27226081
0,0.27468878
0,0.2691584
0,0.26324764
0,0.2701901
0,0.27328995
0,0.27504662
0,0.2755343
0,0.26586187
0,0.27221224
0,0.26324144
0,0.27012247
0,0.2620004
0,0.26825628
0,0.27113208
0,0.27164626
0,0.2625913
0,0.26889697
0,0.26024118
0,0.2564417
0,0.26578036
0,0.267663
0,0.26965728
0,0.2591623
0,0.2674274
0,0.26755235
0,0.26975492
0,0.26967025
0,0.27047965
0,0.2702747
0,0.26013553
0,0.2652017
0,0.26708987
0,0.2681764
0,0.25963387
0,0.25415277
0,0.25168857
0,0.2639815
0,0.26432467
0,0.28128827
0,0.27298665
0,0.27054432
0,0.27008253
0,0.26824316
0,0.26911572
0,0.2669417
0,0.2716944
0,0.26725745
0,0.2676528
0,0.26596478
0,0.26614118
0,0.26428294
0,0.26518685
0,0.26315063
0,0.26401928
0,0.26209617
0,0.26258022
0,0.26019529
0,0.2613365
0,0.26838458
0,0.26413012
0,0.26095635
0,0.26133403
0,0.25867552
0,0.25918826
0,0.2628371
0,0.2604577
0,0.26419434
0,0.26088583
0,0.2576938
0,0.25752223
0,0.2664082
0,0.2605805
0,0.27291045
0,0.26343971
0,0.25868198
0,0.25823316
0,0.26600736
0,0.26436782
0,0.26200217
0,0.26972714
0,0.27036694
0,0.2737085
0,0.26217502
0,0.27081203
0,0.25959432
0,0.26877356
0,0.26953715
0,0.2719272
0,0.26084426
0,0.270202
0,0.25878945
0,0.2680073
0,0.267739
0,0.27034864
0,0.2586991
0,0.26674244
0,0.266774
0,0.2692474
0,0.25806597
0,0.26789582
0,0.2769027
0,0.2728847
0,0.27026013
0,0.2713227
0,0.27056155
0,0.27996552
0,0.27251756
0,0.26101696
0,0.26558837
0,0.26658037
0,0.26533255
0,0.26670203
0,0.2650334
0,0.26600918
0,0.2644588
0,0.26550025
0,0.26399422
0,0.2762137
0,0.27174714
0,0.2684987
0,0.26532057
0,0.26522395
0,0.2629467
0,0.26288405
0,0.26845482
0,0.26161095
0,0.26109037
0,0.2608085
0,0.25987786
0,0.2596326
0,0.25829494
0,0.25826424
0,0.2570862
0,0.25745782
0,0.26678178
0,0.26079407
0,0.26919183
0,0.2624437
0,0.27128586
0,0.26339564
0,0.2603388
0,0.2591974
0,0.2563842
0,0.25661486
0,0.26452997
0,0.2694593
0,0.2704953
0,0.26242083
0,0.26790085
0,0.2714348
0,0.27084923
0,0.26215047
0,0.25742558
0,0.26646078
0,0.26727116
0,0.27047488
0,0.2638039
0,0.26931578
0,0.26904362
0,0.27137572
0,0.26971823
0,0.27115178
0,0.2696922
0,0.27088088
0,0.26945946
0,0.26997575
0,0.26880795
0,0.26918715
0,0.2681278
0,0.26877993
0,0.26817757
0,0.2682319
0,0.26791888
0,0.26778734
0,0.26702145
0,0.26697505
0,0.2670792
0,0.26700166
0,0.265726
0,0.26606083
0,0.26429832
0,0.26891288
0,0.26581192
0,0.26654133
0,0.26526502
0,0.26564312
0,0.26393542
0,0.26434454
0,0.26341912
0,0.26335198
0,0.26222965
0,0.26250762
0,0.26100358
0,0.26160744
0,0.25969946
0,0.27115887
0,0.26300952
0,0.25169918
0,0.2559083
0,0.26155713
0,0.25808698
0,0.258265
0,0.27183697
0,0.26305154
0,0.2709729
0,0.26343587
0,0.26026312
0,0.25908783
0,0.2683497
0,0.26533633
0,0.2713521
0,0.26332578
0,0.27128762
0,0.2729886
0,0.26412913
0,0.27104026
0,0.28423402
0,0.26651692
0,0.2737845
0,0.27581427
0,0.26561093
0,0.2713032
0,0.26228455
0,0.2688285
0,0.27109393
0,0.27149943
0,0.27270856
0,0.27212584
0,0.27326208
0,0.27302012
0,0.26776466
0,0.27103955
0,0.260973
0,0.25720215
0,0.2540687
0,0.26213893
0,0.2648519
0,0.27739713
0,0.27191463
0,0.27116612
0,0.2597732
0,0.2664233
0,0.2668897
0,0.27157894
0,0.2692787
0,0.26887852
0,0.26808456
0,0.27328226
0,0.2748805
0,0.27101326
0,0.2691062
0,0.26939452
0,0.27987173
0,0.27187842
0,0.26980272
0,0.27014765
0,0.2728113
0,0.26922616
0,0.2569447
0,0.26245868
0,0.26746902
0,0.26529342
0,0.26396662
0,0.26093733
0,0.26154822
0,0.26197684
0,0.2619907
0,0.26100823
0,0.26132414
0,0.26043752
0,0.26050237
0,0.2611058
0,0.26749945
0,0.2623305
0,0.26132825
0,0.25982726
0,0.25987828
0,0.25838858
0,0.2632785
0,0.26130235
0,0.2592765
0,0.26844198
0,0.26125985
0,0.26962027
0,0.2621046
0,0.27451676
0,0.26348805
0,0.25979874
0,0.26926118
0,0.27143723
0,0.27317762
0,0.27348202
0,0.274657
0,0.27994603
0,0.27730098
0,0.26539773
0,0.27252513
0,0.2727781
0,0.27340376
0,0.2738075
0,0.2633157
0,0.25932294
0,0.25587723
0,0.26459968
0,0.26657322
0,0.25788534
0,0.26524022
0,0.25704256
0,0.26425165
0,0.26470685
0,0.26702744
0,0.26855162
0,0.25837305
0,0.25325733
0,0.26178354
0,0.2535985
0,0.26126558
0,0.25287238
0,0.25047714
0,0.24811062
0,0.25675353
0,0.25984138
0,0.2619278
0,0.26334527
0,0.26881963
0,0.26682037
0,0.26627436
0,0.27076778
0,0.2650862
0,0.26623777
0,0.26574546
0,0.2658859
0,0.26524848
0,0.2649724
0,0.2641697
0,0.26868278
0,0.26576564
0,0.26529893
0,0.26406398
0,0.2633277
0,0.26315612
0,0.26201344
0,0.27093905
0,0.26532862
0,0.2638597
0,0.2627063
0,0.26224422
0,0.2727391
0,0.2653426
0,0.2635171
0,0.26707983
0,0.26757964
0,0.25265533
0,0.25776199
0,0.24669567
0,0.25336963
0,0.25401795
0,0.25523454
0,0.25502387
0,0.25540257
0,0.265721
0,0.2592291
0,0.26800495
0,0.2723294
0,0.26253402
0,0.2708734
0,0.2726422
0,0.2742942
0,0.2639583
0,0.2719491
0,0.26105118
0,0.25922742
0,0.2667741
0,0.25901872
0,0.26725724
0,0.25870365
0,0.2666262
0,0.26885858
0,0.27039427
0,0.26092845
0,0.25835818
0,0.26668876
0,0.26976943
0,0.27063823
0,0.26041508
0,0.26862139
0,0.2690206
0,0.2598834
0,0.2660153
0,0.26865044
0,0.2569873
0,0.25513285
0,0.26207188
0,0.26541695
0,0.25531235
0,0.2529842
0,0.26006016
0,0.26318714
0,0.2535538
0,0.2506215
0,0.25794774
0,0.2686646
0,0.27019498
0,0.2576726
0,0.26204482
0,0.2646914
0,0.2642311
0,0.26539645
0,0.26418614
0,0.26522857
0,0.26821235
0,0.26631635
0,0.26388383
0,0.26546937
0,0.2629969
0,0.26402974
0,0.26128447
0,0.26247492
0,0.25984678
0,0.2614806
0,0.2591498
0,0.26121512
0,0.25866845
0,0.26032975
0,0.25791404
0,0.25950837
0,0.26768714
0,0.26819536
0,0.27253124
0,0.26685908
0,0.2731982
0,0.27177307
0,0.26350093
0,0.26354253
0,0.27026728
0,0.2643892
0,0.27106118
0,0.2643023
0,0.26487744
0,0.2617412
0,0.2574574
0,0.25762445
0,0.26587924
0,0.25968078
0,0.2779429
0,0.27602613
0,0.27420062
0,0.27656695
0,0.26410604
0,0.26221484
0,0.2720402
0,0.2626577
0,0.25634328
0,0.25667393
0,0.26194596
0,0.25804955
0,0.26279315
0,0.27329117
0,0.26961145
0,0.27329376
0,0.2690264
0,0.2726026
0,0.26770478
0,0.26042068
0,0.26330557
0,0.26832497
0,0.25489414
0,0.25518104
0,0.25944227
0,0.26480108
0,0.27823955
0,0.27268085
0,0.26801318
0,0.26017177
0,0.2680229
0,0.26880017
0,0.2639336
0,0.25664157
0,0.25909543
0,0.2529297
0,0.25649703
0,0.26055378
0,0.27208775
0,0.2676843
0,0.26315367
0,0.26592126
0,0.26145536
0,0.27516726
0,0.27491412
0,0.26947042
0,0.26843268
0,0.26720077
0,0.27268523
0,0.28035894
0,0.26678696
0,0.27214956
0,0.26287028
0,0.2651035
0,0.25965658
0,0.2624486
0,0.25764272
0,0.26042995
0,0.26662523
0,0.2687523
0,0.26947317
0,0.2654562
0,0.25857487
0,0.26136902
0,0.26630884
0,0.2628034
0,0.26748937
0,0.26329845
0,0.26734012
0,0.26465383
0,0.2571789
0,0.25826085
0,0.25319457
0,0.25588498
0,0.25089487
0,0.25363272
0,0.2596605
0,0.26761496
0,0.26569092
0,0.27084112
0,0.26809055
0,0.26516706
0,0.2668824
0,0.2713469
0,0.26853707
0,0.27644268
0,0.27047074
0,0.27377248
0,0.26934773
0,0.27321947
0,0.26871583
0,0.2721198
0,0.26748908
0,0.27111349
0,0.27082166
0,0.26924792
0,0.2663366
0,0.25906146
0,0.2611534
0,0.25508758
0,0.25795543
0,0.26346672
0,0.26037124
0,0.26526472
0,0.26138607
0,0.26474366
0,0.26143843
0,0.26910764
0,0.26231694
0,0.26521417
0,0.2609454
0,0.2636802
0,0.26996574
0,0.2673441
0,0.27284682
0,0.26854256
0,0.2741143
0,0.27374303
0,0.2650722
0,0.27033246
0,0.2734102
0,0.26816952
0,0.27363646
0,0.26782107
0,0.2621242
0,0.26288453
0,0.25833723
0,0.26025236
0,0.26736456
0,0.262829
0,0.26889592
0,0.2638063
0,0.27389255
0,0.26580137
0,0.27033472
0,0.26915967
0,0.27105868
0,0.2650394
0,0.2690867
0,0.26349765
0,0.26734483
0,0.26237556
0,0.2659178
0,0.2612186
0,0.26588374
0,0.2611232
0,0.26936185
0,0.27271166
0,0.27399707
0,0.2650118
0,0.2671882
0,0.272596
0,0.27315518
0,0.2639645
0,0.26579115
0,0.2707088
0,0.26681116
0,0.26044667
0,0.26221138
0,0.25644925
0,0.2596123
0,0.2657495
0,0.26262873
0,0.26715705
0,0.26259133
0,0.25642642
0,0.26253483
0,0.26509792
0,0.261895
0,0.26583573
0,0.26233724
0,0.2734982
0,0.2653811
0,0.25712287
0,0.26118752
0,0.2528416
0,0.25624427
0,0.2609587
0,0.25792074
0,0.26212955
0,0.2586511
0,0.2623956
0,0.26911736
0,0.26597723
0,0.26056668
0,0.26345792
0,0.27002418
0,0.26706964
0,0.27188763
0,0.26773563
0,0.26157105
0,0.26381448
0,0.25807846
0,0.2609081
0,0.25596985
0,0.25893992
0,0.2549332
0,0.25782114
0,0.26480722
0,0.26140907
0,0.26796824
0,0.2624537
0,0.2679289
0,0.2632125
0,0.25712508
0,0.26335177
0,0.25606295
0,0.25724012
0,0.26369277
0,0.25904742
0,0.25403032
0,0.26613134
0,0.2550992
0,0.26688048
0,0.25542268
0,0.2554582
0,0.2613659
0,0.26740867
0,0.25526816
0,0.26608363
0,0.26518005
0,0.26968378
0,0.26786214
0,0.2715683
0,0.2684951
0,0.26594943
0,0.26630208
0,0.259431
0,0.26242915
0,0.2676585
0,0.26421902
0,0.25737828
0,0.25999594
0,0.267112
0,0.26357535
0,0.26709616
0,0.26309043
0,0.26738408
0,0.2630034
0,0.26693213
0,0.26332778
0,0.2665752
0,0.26220855
0,0.2662198
0,0.26128894
0,0.2657854
0,0.26572293
0,0.266963
0,0.2721242
0,0.2750607
0,0.2755723
0,0.27194014
0,0.2754193
0,0.27119988
0,0.2742709
0,0.27064624
0,0.26260233
0,0.26536357
0,0.26962483
0,0.26199505
0,0.26915506
0,0.26649624
0,0.27100238
0,0.26659945
0,0.2598773
0,0.2685063
0,0.26921782
0,0.26557377
0,0.26911765
0,0.2719109
0,0.27078977
0,0.26658523
0,0.25910106
0,0.26092982
0,0.2649269
0,0.26255783
0,0.2554758
0,0.25845686
0,0.26418155
0,0.2624575
0,0.26482293
0,0.2621168
0,0.26471296
0,0.26070833
0,0.26433218
0,0.26001093
0,0.26299885
0,0.25955138
0,0.26280266
0,0.26976877
0,0.2671544
0,0.2613149
0,0.26407838
0,0.2697874
0,0.266678
0,0.27104855
0,0.27124465
0,0.27350777
0,0.26860008
0,0.27220744
0,0.26765707
0,0.2594241
0,0.26667637
0,0.28545588
0,0.27117386
0,0.2624408
0,0.2641205
0,0.25775495
0,0.26055437
0,0.25449562
0,0.25831312
0,0.2525694
0,0.27266344
0,0.25711578
0,0.25950947
0,0.26321998
0,0.2593353
0,0.26328498
0,0.271289
0,0.2677465
0,0.26352975
0,0.2692832
0,0.2742254
0,0.27177083
0,0.26529914
0,0.26783445
0,0.2669119
0,0.2707255
0,0.2637613
0,0.2643357
0,0.27137572
0,0.2665759
0,0.26182845
0,0.26287344
0,0.2590643
0,0.261297
0,0.25782165
0,0.25994006
0,0.25676742
0,0.2584341
0,0.2554649
0,0.24725364
0,0.26044223
0,0.25730565
0,0.25629267
0,0.25608
0,0.25344536
0,0.2551912
0,0.2522456
0,0.25433812
0,0.25179997
0,0.2535999
0,0.2502858
0,0.25731492
0,0.25105518
0,0.26310623
0,0.2634666
0,0.26839954
0,0.27305534
0,0.27404153
0,0.27081686
0,0.27362832
0,0.26112643
0,0.26978877
0,0.26775295
0,0.27164668
0,0.26899508
0,0.2721906
0,0.2693821
0,0.27194536
0,0.28003252
0,0.2762084
0,0.27159786
0,0.2631964
0,0.26573104
0,0.2699139
0,0.26759103
0,0.25966722
0,0.26354924
0,0.2675646
0,0.26561117
0,0.26873508
0,0.28886485
0,0.27034318
0,0.27284732
0,0.26580584
0,0.26995367
0,0.26334143
0,0.25583535
0,0.25760064
0,0.25199065
0,0.2544008
0,0.26017737
0,0.25581813
0,0.260968
0,0.26789832
0,0.2702599
0,0.26149723
0,0.25418875
0,0.26538935
0,0.25298187
0,0.264744
0,0.25742877
0,0.25608748
0,0.25962377
0,0.254232
0,0.2589676
0,0.25330478
0,0.25814736
0,0.2671847
0,0.26264006
0,0.25484666
0,0.2586231
0,0.26632994
0,0.26126546
0,0.25410116
0,0.25733292
0,0.26172867
0,0.2592127
0,0.25253758
0,0.25597396
0,0.25011143
0,0.253869
0,0.24885258
0,0.37214535
0,0.3082617
0,0.28768614
0,0.2814353
0,0.27206716
0,0.2707629
0,0.26527902
0,0.26552036
0,0.26132846
0,0.25605828
0,0.25637594
0,0.25868034
0,0.25638154
0,0.25820842
0,0.2562438
0,0.26366106
0,0.25762293
0,0.25837168
0,0.26616585
0,0.26078203
0,0.25731257
0,0.25817007
0,0.2549769
0,0.2562587
0,0.264257
0,0.2594938
0,0.25534716
0,0.25620255
0,0.26399317
0,0.26326707
0,0.2553134
0,0.25595084
0,0.2522198
0,0.25294605
0,0.24972698
0,0.2507836
0,0.25888857
0,0.25423568
0,0.2606688
0,0.26618654
0,0.25532356
0,0.25471386
0,0.26099688
0,0.25501317
0,0.26144332
0,0.25531086
0,0.26144966
0,0.26531088
0,0.25413013
0,0.26282558
0,0.2520711
0,0.2614518
0,0.2619762
0,0.27021056
0,0.26599464
0,0.2676772
0,0.26562947
0,0.25678685
0,0.250643
0,0.24959552
0,0.25603208
0,0.24936046
0,0.2559369
0,0.2595423
0,0.26196304
0,0.26330796
0,0.2736145
0,0.2681299
0,0.26537412
0,0.26513258
0,0.26332262
0,0.26447773
0,0.26160216
0,0.26272303
0,0.2619219
0,0.26235208
0,0.26083258
0,0.2609493
0,0.2593183
0,0.2598806
0,0.25909433
0,0.2593118
0,0.25769126
0,0.26903173
0,0.2609262
0,0.2642853
0,0.2594709
0,0.2597892
0,0.25823054
0,0.26825836
0,0.26023558
0,0.25891158
0,0.25734243
0,0.25676557
0,0.26433092
0,0.25815892
0,0.25651503
0,0.2547916
0,0.2581795
0,0.2544437
0,0.26406288
0,0.26695734
0,0.2589784
0,0.2555126
0,0.26512522
0,0.27111185
0,0.2712651
0,0.2760555
0,0.26294938
0,0.257797
0,0.2658457
0,0.2564119
0,0.27352422
0,0.26948884
0,0.27088407
0,0.2589769
0,0.26613495
0,0.2685237
0,0.2572619
0,0.25256532
0,0.2610051
0,0.2517068
0,0.25976247
0,0.2505713
0,0.25844225
0,0.25982323
0,0.2550444
0,0.25906467
0,0.25094274
0,0.25781196
0,0.2584744
0,0.26374012
0,0.26143405
0,0.26121223
0,0.26074186
0,0.26020923
0,0.25994268
0,0.26303765
0,0.26076853
0,0.26427078
0,0.26599276
0,0.26133257
0,0.26035422
0,0.2631519
0,0.2604314
0,0.25951818
0,0.25863934
0,0.2568458
0,0.25664446
0,0.26225835
0,0.26618823
0,0.2641911
0,0.2601531
0,0.2615263
0,0.25791788
0,0.2578595
0,0.25614637
0,0.2656504
0,0.25823015
0,0.25981292
0,0.25679302
0,0.25421196
0,0.2578504
0,0.26474544
0,0.2572444
0,0.25421762
0,0.25294027
0,0.27057463
0,0.25864354
0,0.26540542
0,0.27310804
0,0.2709161
0,0.27658138
0,0.273116
0,0.27485555
0,0.27228063
0,0.2869254
0,0.27716336
0,0.26551867
0,0.26918837
0,0.26014435
0,0.25517985
0,0.2538223
0,0.25413036
0,0.261628
0,0.25244716
0,0.25067592
0,0.25207397
0,0.2633008
0,0.2622997
0,0.2640332
0,0.26447985
0,0.26548105
0,0.26482725
0,0.26672143
0,0.27778217
0,0.26019624
0,0.26407295
0,0.2646119
0,0.26381925
0,0.26832068
0,0.26436192
0,0.26404554
0,0.26254994
0,0.26283827
0,0.26103354
0,0.2609505
0,0.25959542
0,0.2596995
0,0.2486569
0,0.25522763
0,0.25543362
0,0.26741493
0,0.26043573
0,0.25980985
0,0.26263568
0,0.2602654
0,0.25888157
0,0.258802
0,0.25862134
0,0.25751275
0,0.25613886
0,0.25584257
0,0.25439537
0,0.25383195
0,0.25329864
0,0.25243768
0,0.25204772
0,0.25145712
0,0.2615907
0,0.25408676
0,0.26295575
0,0.27058676
0,0.25896713
0,0.26646265
0,0.25764942
0,0.2650249
0,0.25678805
0,0.25360855
0,0.2518633
0,0.26052803
0,0.2526956
0,0.2606735
0,0.25242707
0,0.24967176
0,0.25822797
0,0.26081577
0,0.25192764
0,0.25922507
0,0.26960704
0,0.26599404
0,0.26556566
0,0.25786144
0,0.2627064
0,0.2525526
0,0.24850254
0,0.24605307
0,0.25406384
0,0.24684234
0,0.2538008
0,0.24666075
0,0.25374657
0,0.2564547
0,0.2569965
0,0.25899044
0,0.25799704
0,0.2597939
0,0.2588791
0,0.2502208
0,0.25599846
0,0.25790086
0,0.26144093
0,0.26063526
0,0.2589618
0,0.25978684
0,0.25826553
0,0.2595596
0,0.25754854
0,0.25865206
0,0.25646892
0,0.25755697
0,0.25558
0,0.2568259
0,0.25528076
0,0.25559223
0,0.25491157
0,0.260353
0,0.25600132
0,0.25611147
0,0.25454232
0,0.25500926
0,0.2542532
0,0.25392407
0,0.25277123
0,0.25266063
0,0.25151855
0,0.25217366
0,0.26119748
0,0.25554618
0,0.26404482
0,0.2574066
0,0.27010998
0,0.27051035
0,0.25976503
0,0.25733507
0,0.25358447
0,0.25332713
0,0.25025472
0,0.26231897
0,0.26337168
0,0.266895
0,0.26647323
0,0.27054572
0,0.25726083
0,0.26581025
0,0.2547641
0,0.26211566
0,0.25214097
0,0.25146332
0,0.2575269
0,0.25161168
0,0.24823901
0,0.25878498
0,0.24848329
0,0.24797755
0,0.25463477
0,0.25985792
0,0.25936264
0,0.26225412
0,0.26144433
0,0.26418155
0,0.26186067
0,0.25378087
0,0.2577429
0,0.250621
0,0.25514904
0,0.25397664
0,0.25563845
0,0.25881395
0,0.25669178
0,0.25945216
0,0.26063028
0,0.26775745
0,0.2601534
0,0.26183665
0,0.25868893
0,0.26025006
0,0.2660403
0,0.2634175
0,0.25874838
0,0.26015636
0,0.26793545
0,0.2519875
0,0.26481855
0,0.26106817
0,0.2669171
0,0.2624668
0,0.26820505
0,0.2623295
0,0.2572554
0,0.2576057
0,0.26499054
0,0.25996396
0,0.25552937
0,0.25639474
0,0.2630457
0,0.25801772
0,0.2646441
0,0.2693424
0,0.25930515
0,0.25712973
0,0.26356918
0,0.25664988
0,0.26315388
0,0.25672325
0,0.2520463
0,0.26285246
0,0.25609025
0,0.26469922
0,0.26418033
0,0.25942892
0,0.25267684
0,0.26324818
0,0.26289433
0,0.26701114
0,0.25489956
0,0.26851368
0,0.2653488
0,0.26876494
0,0.26645467
0,0.27259943
0,0.2572936
0,0.2646283
0,0.25340375
0,0.26198742
0,0.26198018
0,0.25343803
0,0.26010972
0,0.25081006
0,0.2570165
0,0.24911459
0,0.25487632
0,0.2576754
0,0.2573627
0,0.25907528
0,0.25821984
0,0.2596792
0,0.2581657
0,0.25718054
0,0.25707206
0,0.25878897
0,0.25792924
0,0.2588289
0,0.25778693
0,0.25802362
0,0.25683373
0,0.25722235
0,0.25607446
0,0.2560169
0,0.25489494
0,0.25516754
0,0.25402516
0,0.25547978
0,0.25360924
0,0.254577
0,0.2524389
0,0.2532818
0,0.26258874
0,0.25620654
0,0.2651911
0,0.2575766
0,0.2653568
0,0.25797656
0,0.2545766
0,0.25334433
0,0.26302895
0,0.2555224
0,0.25297266
0,0.25162596
0,0.24983492
0,0.2495094
0,0.25879967
0,0.26255453
0,0.2582749
0,0.26387134
0,0.25478846
0,0.25207523
0,0.2606024
0,0.2630625
0,0.2650943
0,0.26632944
0,0.25616685
0,0.2632813
0,0.264412
0,0.26565677
0,0.25506678
0,0.26202855
0,0.26339805
0,0.2644499
0,0.26437062
0,0.2647899
0,0.2544207
0,0.26114687
0,0.2562142
0,0.2603414
0,0.26134875
0,0.2619807
0,0.26222605
0,0.26714343
0,0.2646125
0,0.28771934
0,0.27298954
0,0.26960313
0,0.26779097
0,0.26573578
0,0.26504058
0,0.2640495
0,0.2630076
0,0.26259634
0,0.261446
0,0.26085356
0,0.26108053
0,0.26070446
0,0.2597324
0,0.25934058
0,0.25895768
0,0.25865215
0,0.26103178
0,0.25871268
0,0.2575842
0,0.25684938
0,0.25600398
0,0.25553167
0,0.25509855
0,0.25529206
0,0.2542697
0,0.25407666
0,0.2532394
0,0.25371373
0,0.25208938
0,0.24691674
0,0.24890113
0,0.24930155
0,0.24977547
0,0.25234988
0,0.2506502
0,0.24961238
0,0.26032317
0,0.2526387
0,0.2515643
0,0.26054505
0,0.25386292
0,0.25111863
0,0.27042577
0,0.2561647
0,0.25432968
0,0.261533
0,0.25594807
0,0.26228797
0,0.2653108
0,0.25497448
0,0.25289294
0,0.25998318
0,0.2637455
0,0.2537559
0,0.2622871
0,0.25227165
0,0.2612584
0,0.25082353
0,0.25000924
0,0.24611941
0,0.25675887
0,0.24745242
0,0.25733382
0,0.24910517
0,0.24698758
0,0.25401545
0,0.25791636
0,0.25973147
0,0.2505961
0,0.25674912
0,0.24886502
0,0.2541942
0,0.2572552
0,0.25693852
0,0.25910118
0,0.26670107
0,0.26330128
0,0.26026756
0,0.26079243
0,0.25897557
0,0.26117563
0,0.2585858
0,0.2597306
0,0.25703514
0,0.25797004
0,0.25737274
0,0.257949
0,0.26670694
0,0.26097384
0,0.2582182
0,0.25825343
0,0.26675487
0,0.27183697
0,0.2621459
0,0.26077503
0,0.25706014
0,0.25749314
0,0.26513645
0,0.25971735
0,0.25583124
0,0.25626984
0,0.26370752
0,0.25785074
0,0.2646616
0,0.25843567
0,0.2643236
0,0.25781426
0,0.26399046
0,0.26841873
0,0.26926342
0,0.27117532
0,0.2709452
0,0.27267376
0,0.27019024
0,0.27289322
0,0.27025518
0,0.26168784
0,0.26682168
0,0.26890415
0,0.25703776
0,0.25610784
0,0.2710688
0,0.26844728
0,0.26617867
0,0.2680599
0,0.26616585
0,0.26818
0,0.26527205
0,0.25722232
0,0.26163974
0,0.2539632
0,0.2584642
0,0.2512178
0,0.25711846
0,0.25054598
0,0.2553658
0,0.24890456
0,0.25413206
0,0.24726793
0,0.2525292
0,0.2462117
0,0.25319892
0,0.25627503
0,0.25537524
0,0.25757337
0,0.25612023
0,0.26198244
0,0.25732678
0,0.2582806
0,0.2568484
0,0.2580481
0,0.25476837
0,0.25663215
0,0.25375935
0,0.25548062
0,0.25290042
0,0.25443593
0,0.25187638
0,0.2537753
0,0.26231095
0,0.24905951
0,0.26532698
0,0.2580882
0,0.26532698
0,0.26018566
0,0.26616585
0,0.25993446
0,0.27338177
0,0.26274273
0,0.26768383
0,0.26111928
0,0.2663721
0,0.27052617
0,0.25904274
0,0.25750354
0,0.26402712
0,0.25721008
0,0.26157016
0,0.25563782
0,0.26265305
0,0.25556052
0,0.26208243
0,0.25726438
0,0.2522183
0,0.25140804
0,0.2610762
0,0.25379023
0,0.24973616
0,0.26139575
0,0.25057256
0,0.26051813
0,0.26135245
0,0.25355744
0,0.25931406
0,0.25229672
0,0.25851935
0,0.26252028
0,0.25169575
0,0.259857
0,0.2618224
0,0.26397133
0,0.2568375
0,0.25119656
0,0.27072966
0,0.25463206
0,0.25949666
0,0.26496017
0,0.26224688
0,0.26306844
0,0.26245072
0,0.26259282
0,0.26175722
0,0.2618327
0,0.2591755
0,0.2603263
0,0.2601284
0,0.2615634
0,0.26063958
0,0.2601013
0,0.25944296
0,0.2590331
0,0.25814998
0,0.25781643
0,0.25686055
0,0.25695404
0,0.2562403
0,0.25597873
0,0.25539073
0,0.2551383
0,0.25426826
0,0.2542321
0,0.2528183
0,0.25388843
0,0.2521352
0,0.2527827
0,0.2517731
0,0.26321355
0,0.25483546
0,0.26490957
0,0.25640956
0,0.25441936
0,0.2522087
0,0.2621201
0,0.25475994
0,0.26377365
0,0.266248
0,0.25995487
0,0.26563582
0,0.2679582
0,0.26912382
0,0.2600918
0,0.25540894
0,0.25242066
0,0.26065913
0,0.26353762
0,0.265157
0,0.25557098
0,0.2623017
0,0.26475722
0,0.2651023
0,0.2561387
0,0.25497285
0,0.25123563
0,0.2577769
0,0.26127124
0,0.25128123
0,0.25915208
0,0.26042306
0,0.26409566
0,0.2629324
0,0.2540324
0,0.25918514
0,0.26178506
0,0.26063174
0,0.25232354
0,0.25715423
0,0.25993627
0,0.25935528
0,0.250438
0,0.2671879
0,0.2528063
0,0.25746605
0,0.25957862
0,0.25835788
0,0.2708477
0,0.26211748
0,0.2629444
0,0.25991112
0,0.2609756
0,0.25985113
0,0.2603444
0,0.25917906
0,0.25898027
0,0.25717553
0,0.25810963
0,0.2558196
0,0.26809645
0,0.25987846
0,0.2601579
0,0.2564424
0,0.25749686
0,0.2547775
0,0.25589263
0,0.26560146
0,0.27139488
0,0.27438548
0,0.2651031
0,0.2598295
0,0.258966
0,0.25478444
0,0.26607883
0,0.2562333
0,0.25628385
0,0.25278208
0,0.2526427
0,0.26119924
0,0.26602665
0,0.2665804
0,0.25866172
0,0.25385392
0,0.25283426
0,0.251445
0,0.24992615
0,0.2578823
0,0.2623573
0,0.25257123
0,0.25461954
0,0.25994855
0,0.26326877
0,0.25255603
0,0.26144424
0,0.26248416
0,0.2645695
0,0.2528981
0,0.25056523
0,0.24662894
0,0.25648212
0,0.24758255
0,0.24604113
0,0.25416344
0,0.2576291
0,0.25901243
0,0.26118886
0,0.26125258
0,0.25649303
0,0.2592661
0,0.26080376
0,0.2603512
0,0.26112938
0,0.2606461
0,0.26108843
0,0.26057497
0,0.25018358
0,0.25571316
0,0.25665307
0,0.2574281
0,0.2579182
0,0.25778553
0,0.25860196
0,0.25793824
0,0.258028
0,0.2570576
0,0.2574058
0,0.25640875
0,0.25656188
0,0.2509724
0,0.25400728
0,0.24827446
0,0.25267732
0,0.27205762
0,0.26117697
0,0.2589665
0,0.25789958
0,0.26682988
0,0.26056704
0,0.26153833
0,0.25822112
0,0.25589943
0,0.25512567
0,0.25367615
0,0.25321046
0,0.2520549
0,0.25234717
0,0.26161018
0,0.25492465
0,0.25270313
0,0.26722914
0,0.25307402
0,0.25361767
0,0.26098472
0,0.25488952
0,0.25107685
0,0.25594053
0,0.25033963
0,0.2508364
0,0.25792083
0,0.25285783
0,0.26065585
0,0.26453483
0,0.2530606
0,0.26241595
0,0.25305992
0,0.26149434
0,0.25103426
0,0.24945475
0,0.24619468
0,0.25636193
0,0.2670163
0,0.25831136
0,0.2506366
0,0.25102484
0,0.25635526
0,0.26727247
0,0.2628559
0,0.25307658
0,0.25830746
0,0.2617397
0,0.26084086
0,0.26260364
0,0.26117763
0,0.26257107
0,0.26193124
0,0.26258263
0,0.26084718
0,0.2615612
0,0.25979018
0,0.26062208
0,0.2596541
0,0.260206
0,0.25865805
0,0.27028656
0,0.26223186
0,0.26198506
0,0.25901064
0,0.2595782
0,0.24893115
0,0.2543392
0,0.25306803
0,0.25479054
0,0.25263166
0,0.25417846
0,0.25252458
0,0.25340474
0,0.25910133
0,0.25530806
0,0.25948858
0,0.25532937
0,0.25275213
0,0.25272033
0,0.25075457
0,0.25129166
0,0.26028323
0,0.25398624
0,0.2511936
0,0.2505195
0,0.2591307
0,0.26349118
0,0.25476247
0,0.26386186
0,0.26480407
0,0.2555354
0,0.26205188
0,0.25355724
0,0.25019494
0,0.25897732
0,0.25209752
0,0.25955
0,0.2614295
0,0.26281863
0,0.25019103
0,0.25916973
0,0.24999903
0,0.2578368
0,0.26106414
0,0.25067133
0,0.25190488
0,0.2569616
0,0.24801044
0,0.25508565
0,0.24698767
0,0.25443777
0,0.25616089
0,0.26237312
0,0.26024732
0,0.2655477
0,0.26245537
0,0.27273571
0,0.26513642
0,0.26798436
0,0.26906148
0,0.26407498
0,0.2622397
0,0.26066798
0,0.259786
0,0.26277542
0,0.26015598
0,0.25822008
0,0.25805533
0,0.25656188
0,0.2611293
0,0.25260097
0,0.25474238
0,0.25369984
0,0.25318918
0,0.2575353
0,0.2541783
0,0.25356498
0,0.25255784
0,0.25184906
0,0.2522165
0,0.25159115
0,0.25158283
0,0.26119325
0,0.2650474
0,0.256369
0,0.25825214
0,0.25303012
0,0.25131902
0,0.2637464
0,0.2645718
0,0.2517313
0,0.25088143
0,0.24844526
0,0.24690786
0,0.24542539
0,0.24548966
0,0.24398601
0,0.2432503
0,0.24202809
0,0.24132402
0,0.2408747
0,0.2404207
0,0.23961183
0,0.23896879
0,0.24907188
0,0.25787413
0,0.24683978
0,0.24393043
0,0.25260952
0,0.2550162
0,0.26146817
0,0.25944763
0,0.25979722
0,0.25915092
0,0.25879377
0,0.2631607
0,0.2615458
0,0.26026344
0,0.25959614
0,0.25836065
0,0.25849906
0,0.25764987
0,0.26875266
0,0.26134244
0,0.2604093
0,0.2583702
0,0.2579432
0,0.25723177
0,0.2681568
0,0.26015836
0,0.25896493
0,0.25778332
0,0.2570017
0,0.25521368
0,0.26006827
0,0.25563824
0,0.25501987
0,0.26443294
0,0.25757143
0,0.25642577
0,0.25501174
0,0.27556288
0,0.26147515
0,0.26875794
0,0.26385662
0,0.27022666
0,0.27113983
0,0.27713767
0,0.26581886
0,0.26023662
0,0.26737615
0,0.27473572
0,0.27145424
0,0.27149683
0,0.27677235
0,0.2682501
0,0.27170786
0,0.27280003
0,0.2610046
0,0.2570017
0,0.25365943
0,0.2619145
0,0.26424873
0,0.25473252
0,0.2518562
0,0.24900748
0,0.25790578
0,0.26059693
0,0.25209877
0,0.259348
0,0.25146738
0,0.25865087
0,0.25096232
0,0.24794288
0,0.2459679
0,0.25422642
0,0.24623977
0,0.25411108
0,0.2566747
0,0.25829703
0,0.2607325
0,0.26040938
0,0.2607568
0,0.2604055
0,0.2652265
0,0.2621735
0,0.2614572
0,0.26007274
0,0.2650532
0,0.2608323
0,0.26077136
0,0.25901562
0,0.25852293
0,0.2573962
0,0.25806278
0,0.2571381
0,0.2608186
0,0.25743216
0,0.25684673
0,0.2562961
0,0.25628585
0,0.25941163
0,0.2566446
0,0.25541613
0,0.2550437
0,0.25444725
0,0.25425377
0,0.26304635
0,0.25675547
0,0.25529498
0,0.26427954
0,0.2682636
0,0.2699297
0,0.2606077
0,0.26790383
0,0.2705909
0,0.26008877
0,0.25736916
0,0.26537046
0,0.26842406
0,0.26908335
0,0.25994936
0,0.26588598
0,0.26150355
0,0.26611957
0,0.25735736
0,0.25336865
0,0.26328054
0,0.26470417
0,0.26648927
0,0.2667403
0,0.25723124
0,0.25320235
0,0.2611866
0,0.26315284
0,0.26465836
0,0.26549524
0,0.2658209
0,0.26655003
0,0.25584167
0,0.26210397
0,0.26309434
0,0.26329267
0,0.25320384
0,0.26177174
0,0.26960382
0,0.2579515
0,0.25743067
0,0.25220954
0,0.25235716
0,0.2482835
0,0.24902086
0,0.24608323
0,0.25791928
0,0.25376233
0,0.26135615
0,0.26639372
0,0.25680196
0,0.2630421
0,0.2651142
0,0.2657407
0,0.26645017
0,0.25477314
0,0.25142473
0,0.25779563
0,0.24984843
0,0.2563952
0,0.2486917
0,0.2453996
0,0.2536603
0,0.2555602
0,0.2576373
0,0.25917983
0,0.25982022
0,0.259556
0,0.2604319
0,0.25940004
0,0.26493195
0,0.26121008
0,0.31006512
0,0.29073477
0,0.2778708
0,0.2712095
0,0.26846695
0,0.26398528
0,0.2633545
0,0.26022258
0,0.26032326
0,0.25810885
0,0.25840414
0,0.25620574
0,0.26626757
0,0.25387007
0,0.25664797
0,0.25474042
0,0.2556553
0,0.26445988
0,0.25881124
0,0.25635606
0,0.2566324
0,0.26462013
0,0.25874412
0,0.26596496
0,0.26017833
0,0.25590968
0,0.2566615
0,0.25309727
0,0.25342593
0,0.2513315
0,0.2506096
0,0.2482658
0,0.25955284
0,0.2620228
0,0.25469267
0,0.26307163
0,0.25506946
0,0.2618374
0,0.2649688
0,0.2545897
0,0.25199783
0,0.25922874
0,0.25224414
0,0.24818775
0,0.24746351
0,0.25514254
0,0.25913927
0,0.24932882
0,0.24712113
0,0.24417979
0,0.25000876
0,0.25394806
0,0.24650751
0,0.25407478
0,0.26098785
0,0.26610747
0,0.26375154
0,0.26265442
0,0.26255375
0,0.26438758
0,0.26269022
0,0.2630212
0,0.26240912
0,0.26546678
0,0.26263627
0,0.26147553
0,0.26155087
0,0.2606305
0,0.26429623
0,0.26125532
0,0.26064038
0,0.2594942
0,0.25882173
0,0.2584191
0,0.25797307
0,0.25745296
0,0.25652358
0,0.2565293
0,0.25648606
0,0.25667292
0,0.255548
0,0.25530958
0,0.254581
0,0.2547848
0,0.25362736
0,0.25352418
0,0.25680196
0,0.26509124
0,0.26804405
0,0.27033094
0,0.26053312
0,0.26804087
0,0.25917307
0,0.26692486
0,0.26861465
0,0.27122873
0,0.2709192
0,0.26111308
0,0.2565958
0,0.26502025
0,0.2559588
0,0.26373735
0,0.26535812
0,0.25637856
0,0.26463053
0,0.25413465
0,0.2513523
0,0.26038712
0,0.26266328
0,0.26492488
0,0.26521558
0,0.25612527
0,0.2620058
0,0.26890615
0,0.274496
0,0.25972366
0,0.25384918
0,0.25086817
0,0.25764745
0,0.26616734
0,0.26368448
0,0.26379082
0,0.25351936
0,0.24940433
0,0.2676718
0,0.2644716
0,0.26343617
0,0.26448265
0,0.26322544
0,0.26328892
0,0.26203147
0,0.26208764
0,0.26172203
0,0.26250014
0,0.26119184
0,0.26094937
0,0.26073974
0,0.26049075
0,0.2605727
0,0.25997415
0,0.2586597
0,0.2589529
0,0.28091198
0,0.26626542
0,0.26271898
0,0.26104218
0,0.2594601
0,0.25826433
0,0.25774992
0,0.25634548
0,0.25633404
0,0.2570025
0,0.2558423
0,0.25465247
0,0.25883645
0,0.25501648
0,0.2545067
0,0.2575935
0,0.25558755
0,0.2536351
0,0.252445
0,0.25188488
0,0.25143027
0,0.2610731
0,0.25476158
0,0.26315668
0,0.26651832
0,0.26825535
0,0.2587325
0,0.25511563
0,0.26651275
0,0.25601217
0,0.25311908
0,0.25059974
0,0.24885026
0,0.25787005
0,0.2502825
0,0.24772578
0,0.24635637
0,0.2448983
0,0.2543808
0,0.25749213
0,0.2603419
0,0.2619884
0,0.251681
0,0.25877926
0,0.2605098
0,0.26203856
0,0.26298258
0,0.2630083
0,0.2529634
0,0.2593649
0,0.25015625
0,0.24675602
0,0.24401733
0,0.2584828
0,0.25763857
0,0.24863496
0,0.25516766
0,0.25690928
0,0.25780022
0,0.25919908
0,0.26002598
0,0.2597493
0,0.2599667
0,0.27116245
0,0.26391974
0,0.2632739
0,0.26214552
0,0.261392
0,0.2601735
0,0.2592375
0,0.25892988
0,0.25862372
0,0.2586634
0,0.25836527
0,0.28259343
0,0.267713
0,0.264188
0,0.26183605
0,0.2610978
0,0.28310588
0,0.26742852
0,0.26426545
0,0.26136488
0,0.2596508
0,0.25740883
0,0.25832403
0,0.25604632
0,0.25536445
0,0.25455123
0,0.2542872
0,0.2530899
0,0.25358567
0,0.2519743
0,0.2525357
0,0.25082192
0,0.25113747
0,0.2607297
0,0.26487148
0,0.2670838
0,0.27029926
0,0.27044055
0,0.26236722
0,0.25725225
0,0.26623508
0,0.25649232
0,0.26968113
0,0.25746194
0,0.255135
0,0.25220275
0,0.25036386
0,0.24805903
0,0.25852448
0,0.25016707
0,0.25959995
0,0.26104084
0,0.25323066
0,0.2599196
0,0.27147317
0,0.2673101
0,0.26764017
0,0.2713142
0,0.26875654
0,0.25671998
0,0.2523277
0,0.2599532
0,0.2514625
0,0.24797569
0,0.24317035
0,0.24245691
0,0.26288942
0,0.25928742
0,0.26007763
0,0.26096514
0,0.26051646
0,0.26122636
0,0.26050228
0,0.26082286
0,0.26051065
0,0.26444963
0,0.26204997
0,0.26203328
0,0.26093686
0,0.26035017
0,0.25947133
0,0.2589721
0,0.8752061
0,0.75311536
0,0.6204695
0,0.53288275
0,0.47503486
0,0.4146246
0,0.358549
0,0.31687358
0,0.28946015
0,0.24711078
0,0.21648575
0,0.19567153
0,0.17535968
0,0.16050552
0,0.14654914
0,0.14020133
0,0.14117177
0,0.14237921
0,0.14153774
0,0.15168309
0,0.1613585
0,0.1738879
0,0.18725342
0,0.20237343
0,0.21648678
0,0.22947314
0,0.23032324
0,0.23525348
0,0.24639773
0,0.25386733
0,0.26966217
0,0.25900272
0,0.25430125
0,0.26275048
0,0.2637034
0,0.2658307
0,0.26620236
0,0.2675401
0,0.26701865
0,0.2684484
0,0.2670503
0,0.26926312
0,0.25699204
0,0.25159824
0,0.25919467
0,0.25211802
0,0.25808963
0,0.26203227
0,0.27376416
0,0.25763297
0,0.2611583
0,0.26413476
0,0.26206347
0,0.26377413
0,0.27330306
0,0.26821923
0,0.2649704
0,0.25567257
0,0.2585105
0,0.25080967
0,0.25505418
0,0.24825783
0,0.25275493
0,0.2565784
0,0.25521123
0,0.25788957
0,0.25940102
0,0.2593724
0,0.25627202
0,0.2578906
0,0.2551301
0,0.2568283
0,0.2544591
0,0.25690344
0,0.25412527
0,0.25595808
0,0.26397103
0,0.25981167
0,0.26633605
0,0.27226996
0,0.27133664
0,0.26395473
0,0.26928625
0,0.2626864
0,0.26808354
0,0.26140362
0,0.2673197
0,0.2602668
0,0.26630712
0,0.25917453
0,0.2659112
0,0.25920162
0,0.26537126
0,0.25851738
0,0.25950515
0,0.2557373
0,0.25170583
0,0.262657
0,0.2526563
0,0.26269633
0,0.25343835
0,0.26279598
0,0.26400146
0,0.25590238
0,0.26336232
0,0.26563066
0,0.26564172
0,0.27912408
0,0.27216774
0,0.260585
0,0.26432928
0,0.27074817
0,0.2685988
0,0.2572749
0,0.26192293
0,0.25287864
0,0.26953182
0,0.26550686
0,0.26413283
0,0.26519018
0,0.2631311
0,0.26399168
0,0.26194787
0,0.25248036
0,0.25649965
0,0.25977346
0,0.2581922
0,0.25957182
0,0.25897765
0,0.25965777
0,0.25799158
0,0.25929794
0,0.25776246
0,0.26282984
0,0.25933722
0,0.2646618
0,0.2592462
0,0.25913233
0,0.25640988
0,0.25745508
0,0.25532362
0,0.25585866
0,0.25352645
0,0.25436923
0,0.2634927
0,0.25784332
0,0.25496948
0,0.25620288
0,0.25363863
0,0.25385568
0,0.2626314
0,0.256822
0,0.25353184
0,0.25409952
0,0.2517122
0,0.2519428
0,0.2601914
0,0.25496098
0,0.2513806
0,0.2622173
0,0.25317577
0,0.2636518
0,0.25451642
0,0.25357583
0,0.26103714
0,0.2546925
0,0.2613555
0,0.2659218
0,0.25498715
0,0.2539601
0,0.26003253
0,0.2735689
0,0.25710088
0,0.26575157
0,0.25365627
0,0.26245442
0,0.27594748
0,0.27113396
0,0.2678071
0,0.25899255
0,0.25203487
0,0.25065398
0,0.2466058
0,0.25713557
0,0.25800774
0,0.25106537
0,0.267798
0,0.25467846
0,0.2593371
0,0.25208992
0,0.26167694
0,0.25154254
0,0.25798446
0,0.26123887
0,0.26022685
0,0.2523972
0,0.257435
0,0.25987837
0,0.2582561
0,0.25053257
0,0.2545722
0,0.2684597
0,0.2605345
0,0.26111394
0,0.2586811
0,0.25974852
0,0.2569123
0,0.2601414
0,0.2563094
0,0.2666899
0,0.2587963
0,0.25977245
0,0.2567327
0,0.25771615
0,0.255138
0,0.25805205
0,0.25470346
0,0.25146708
0,0.25170636
0,0.25382546
0,0.25182936
0,0.2542197
0,0.26250085
0,0.2581879
0,0.26475164
0,0.2595759
0,0.26553267
0,0.26010886
0,0.26576564
0,0.26000044
0,0.25481024
0,0.255322
0,0.26196682
0,0.26137212
0,0.26461393
0,0.2584102
0,0.2534014
0,0.2528903
0,0.25980958
0,0.26499167
0,0.2650865
0,0.26853278
0,0.26698
0,0.26945102
0,0.25726736
0,0.26550645
0,0.26462415
0,0.2672325
0,0.25865072
0,0.26645565
0,0.25618443
0,0.2632488
0,0.2568856
0,0.26292184
0,0.26255754
0,0.2644474
0,0.26353058
0,0.26486257
0,0.26406044
0,0.26464748
0,0.26426062
0,0.2539002
0,0.25938717
0,0.25071728
0,0.25653666
0,0.25872707
0,0.25863189
0,0.25210032
0,0.2559721
0,0.258166
0,0.2578909
0,0.25866356
0,0.25756708
0,0.25917444
0,0.2468382
0,0.25401556
0,0.25369036
0,0.25508532
0,0.2543242
0,0.26593322
0,0.263441
0,0.2597853
0,0.2574143
0,0.25721496
0,0.25506523
0,0.26613504
0,0.2575004
0,0.25634125
0,0.26628155
0,0.25177008
0,0.26330248
0,0.25775164
0,0.26485598
0,0.25777894
0,0.26530457
0,0.26971024
0,0.2585422
0,0.26714295
0,0.26829475
0,0.25995395
0,0.26026094
0,0.2666216
0,0.26818827
0,0.27008232
0,0.25888383
0,0.2683086
0,0.27167714
0,0.27114466
0,0.25116536
0,0.2637249
0,0.26402542
0,0.26918536
0,0.26732627
0,0.3013011
0,0.28541863
0,0.27937222
0,0.26442236
0,0.26466134
0,0.26604843
0,0.26117525
0,0.25364098
0,0.26293698
0,0.2625474
0,0.26892442
0,0.26587433
0,0.26607215
0,0.2646789
0,0.26397237
0,0.26404145
0,0.2646722
0,0.25400123
0,0.26003808
0,0.2610948
0,0.26130432
0,0.26112887
0,0.26188707
0,0.26056543
0,0.26109424
0,0.26056617
0,0.26046807
0,0.25955337
0,0.26010588
0,0.25912735
0,0.2582603
0,0.25772047
0,0.26851797
0,0.27216083
0,0.2633654
0,0.26055497
0,0.26408175
0,0.25928083
0,0.25848645
0,0.2567807
0,0.25624418
0,0.25586998
0,0.25485533
0,0.25405186
0,0.2539724
0,0.25298202
0,0.25256136
0,0.25708675
0,0.2538039
0,0.26354876
0,0.25581297
0,0.2537951
0,0.26318645
0,0.26670858
0,0.26842916
0,0.25965738
0,0.267082
0,0.2580571
0,0.25421524
0,0.2520817
0,0.26056442
0,0.26374567
0,0.2652606
0,0.25555208
0,0.2595469
0,0.25272033
0,0.24912207
0,0.24740234
0,0.25637236
0,0.25913864
0,0.25073826
0,0.24796024
0,0.25597978
0,0.26327604
0,0.25155994
0,0.24744956
0,0.25592774
0,0.24764787
0,0.24514039
0,0.2530557
0,0.2581813
0,0.25824735
0,0.25897416
0,0.25914884
0,0.259694
0,0.24882461
0,0.2555276
0,0.25654006
0,0.257299
0,0.2576176
0,0.25830552
0,0.25785524
0,0.25874776
0,0.25854102
0,0.25852802
0,0.25857326
0,0.25854585
0,0.25819468
0,0.25791794
0,0.2581446
0,0.27181724
0,0.26264903
0,0.2603955
0,0.25867194
0,0.25801468
0,0.26369134
0,0.25842586
0,0.2575473
0,0.25585538
0,0.25916427
0,0.25594833
0,0.2546893
0,0.2537381
0,0.2538864
0,0.26323247
0,0.26724708
0,0.2587347
0,0.25621355
0,0.26479992
0,0.26891002
0,0.27046934
0,0.27109748
0,0.26102313
0,0.25751218
0,0.26291874
0,0.26682958
0,0.26796404
0,0.27019355
0,0.2693839
0,0.28254393
0,0.26381856
0,0.25930232
0,0.26493278
0,0.26708594
0,0.26687688
0,0.25718302
0,0.26332653
0,0.26516515
0,0.2649583
0,0.26675904
0,0.25550583
0,0.26272887
0,0.2636532
0,0.255814
0,0.26117602
0,0.26321945
0,0.26309136
0,0.2537374
0,0.2707729
0,0.26585835
0,0.2654615
0,0.25463828
0,0.25998497
0,0.2613637
0,0.2610353
0,0.2619083
0,0.26091993
0,0.2617048
0,0.26084346
0,0.2608965
0,0.26066646
0,0.26095378
0,0.25973
0,0.25987843
0,0.27072918
0,0.26420966
0,0.26172918
0,0.26090991
0,0.25899288
0,0.25887838
0,0.25697866
0,0.25732273
0,0.25552416
0,0.2670637
0,0.2612217
0,0.2593714
0,0.26757735
0,0.26134408
0,0.26823747
0,0.26114145
0,0.27003768
0,0.27336362
0,0.26214516
0,0.2602616
0,0.26765272
0,0.25965142
0,0.25590986
0,0.2549048
0,0.2529141
0,0.25721124
0,0.26367012
0,0.26709938
0,0.26822963
0,0.2593155
0,0.26578337
0,0.2683145
0,0.26877904
0,0.2590139
0,0.2551332
0,0.25292584
0,0.2505056
0,0.25733107
0,0.25528488
0,0.25131005
0,0.26582852
0,0.25423762
0,0.26067033
0,0.25298944
0,0.2591512
0,0.26263916
0,0.26235807
0,0.25379422
0,0.25463971
0,0.24954244
0,0.26685676
0,0.25340292
0,0.2580761
0,0.25018835
0,0.25556302
0,0.25904614
0,0.2581268
0,0.26045805
0,0.25901228
0,0.27191618
0,0.26337638
0,0.26387185
0,0.26132125
0,0.2621201
0,0.26043934
0,0.26109704
0,0.25926885
0,0.26054853
0,0.2585656
0,0.26330462
0,0.25879136
0,0.2592007
0,0.2569119
0,0.25735858
0,0.25617975
0,0.25598565
0,0.2544429
0,0.25440726
0,0.25417724
0,0.25376755
0,0.25351623
0,0.26420668
0,0.25205472
0,0.2543951
0,0.2647026
0,0.25733584
0,0.25498703
0,0.25388142
0,0.2526362
0,0.26246038
0,0.26565123
0,0.26823992
0,0.25867093
0,0.26638246
0,0.26859444
0,0.27009952
0,0.25941375
0,0.2555061
0,0.25827828
0,0.25318682
0,0.26102644
0,0.26391152
0,0.2655514
0,0.26722094
0,0.26836637
0,0.2682619
0,0.26785043
0,0.26810256
0,0.26756197
0,0.26839554
0,0.26720822
0,0.27217722
0,0.25844073
0,0.26388344
0,0.25415483
0,0.25030217
0,0.25775397
0,0.26013213
0,0.26117748
0,0.25522584
0,0.2595344
0,0.26065966
0,0.2508951
0,0.25754118
0,0.25633168
0,0.25868505
0,0.25947428
0,0.2600934
0,0.26038897
0,0.2608377
0,0.2600881
0,0.26038593
0,0.25981683
0,0.2667043
0,0.2618448
0,0.2606136
0,0.2595017
0,0.27046216
0,0.26242223
0,0.26164663
0,0.25907448
0,0.25841954
0,0.2687098
0,0.26194426
0,0.25947705
0,0.24867547
0,0.25449714
0,0.25449893
0,0.26033136
0,0.2571669
0,0.25534317
0,0.25498655
0,0.25395504
0,0.2536202
0,0.2530042
0,0.25257763
0,0.26242957
0,0.25632083
0,0.2603847
0,0.26754403
0,0.26925403
0,0.27112746
0,0.271696
0,0.27283305
0,0.2612026
0,0.25774026
0,0.25878948
0,0.2643626
0,0.26695868
0,0.2679182
0,0.2685309
0,0.27332726
0,0.27130452
0,0.25982866
0,0.25544125
0,0.25229076
0,0.26049522
0,0.2674876
0,0.26852584
0,0.26728433
0,0.25727654
0,0.2671109
0,0.2552053
0,0.26151684
0,0.26495022
0,0.25373223
0,0.25013244
0,0.2577921
0,0.25938076
0,0.25006709
0,0.2572207
0,0.25909314
0,0.24948101
0,0.25736004
0,0.25828886
0,0.25963825
0,0.27085993
0,0.26450592
0,0.26250556
0,0.2618796
0,0.26035273
0,0.25998303
0,0.25867105
0,0.25866014
0,0.2573371
0,0.25802386
0,0.25612566
0,0.25670305
0,0.25925353
0,0.26155317
0,0.25730202
0,0.2564002
0,0.25457948
0,0.25475767
0,0.26359752
0,0.26829425
0,0.26916972
0,0.26570415
0,0.25882888
0,0.2576316
0,0.2537215
0,0.253936
0,0.25076836
0,0.2519804
0,0.2592638
0,0.26489767
0,0.2645616
0,0.26833647
0,0.26658458
0,0.26972035
0,0.27477384
0,0.27276742
0,0.2693529
0,0.26037854
0,0.25366396
0,0.2521199
0,0.24794617
0,0.24750894
0,0.25538585
0,0.2598082
0,0.2496213
0,0.2484041
0,0.25503245
0,0.25963035
0,0.2584583
0,0.25111505
0,0.2551211
0,0.25928715
0,0.25654992
0,0.27183053
0,0.2746168
0,0.26889026
0,0.2650205
0,0.26512802
0,0.2621865
0,0.26271832
0,0.2595312
0,0.26168907
0,0.2575802
0,0.25924337
0,0.25691587
0,0.26003
0,0.26079878
0,0.25986618
0,0.25668076
0,0.25787604
0,0.2665369
0,0.26052442
0,0.25874075
0,0.25850794
0,0.256323
0,0.25678286
0,0.25460678
0,0.25499213
0,0.25319928
0,0.25476202
0,0.25282946
0,0.2528826
0,0.2626258
0,0.25574353
0,0.2642729
0,0.2678902
0,0.26901948
0,0.2712522
0,0.26026666
0,0.25758678
0,0.25341538
0,0.2524057
0,0.24948055
0,0.26007634
0,0.24973537
0,0.2502975
0,0.24834564
0,0.2485037
0,0.2587226
0,0.25144312
0,0.24750888
0,0.24752359
0,0.24421874
0,0.25815856
0,0.2482931
0,0.24731587
0,0.2437844
0,0.24448352
0,0.24185464
0,0.24228452
0,0.25035957
0,0.24520065
0,0.25312683
0,0.25000942
0,0.24328297
0,0.2530728
0,0.25344566
0,0.24605839
0,0.2634851
0,0.26076412
0,0.25877494
0,0.26046646
0,0.2584765
0,0.25350973
0,0.25537807
0,0.2595081
0,0.25684252
0,0.25900188
0,0.2568017
0,0.25853163
0,0.2577969
0,0.2583348
0,0.2569894
0,0.25746104
0,0.25540343
0,0.25657907
0,0.25847173
0,0.25752348
0,0.2554285
0,0.2570126
0,0.25438613
0,0.25606662
0,0.25490516
0,0.25548077
0,0.2534986
0,0.25468764
0,0.252706
0,0.25390375
0,0.26237035
0,0.25655842
0,0.2638745
0,0.2573414
0,0.25343728
0,0.25363728
0,0.26169747
0,0.26627418
0,0.25627756
0,0.26530927
0,0.2599347
0,0.25533178
0,0.2621487
0,0.2671791
0,0.25615662
0,0.25438476
0,0.25016582
0,0.2602681
0,0.2620798
0,0.25403526
0,0.25045052
0,0.24942139
0,0.2574263
0,0.2508842
0,0.25875202
0,0.2620792
0,0.26254195
0,0.25364783
0,0.25961688
0,0.2624931
0,0.26160592
0,0.26374313
0,0.2623687
0,0.26390702
0,0.26270404
0,0.2527669
0,0.2553462
0,0.25910783
0,0.27035213
0,0.2650248
0,0.26265368
0,0.26275015
0,0.26073912
0,0.26119924
0,0.25934583
0,0.2602912
0,0.26394308
0,0.26147744
0,0.25958994
0,0.26069364
0,0.2594186
0,0.25902185
0,0.25827265
0,0.25857082
0,0.25751972
0,0.25756666
0,0.25608686
0,0.26137584
0,0.25769842
0,0.25711912
0,0.25591195
0,0.25575596
0,0.2549851
0,0.2548139
0,0.2542449
0,0.2533249
0,0.25273386
0,0.25256687
0,0.25127622
0,0.2510669
0,0.25017342
0,0.26094386
0,0.2537827
0,0.26301417
0,0.26564005
0,0.26778516
0,0.25797114
0,0.27050397
0,0.26935485
0,0.2707171
0,0.27022868
0,0.2602582
0,0.25520873
0,0.2565612
0,0.25110203
0,0.25985885
0,0.2509469
0,0.2592274
0,0.26063213
0,0.25178576
0,0.2520977
0,0.24748723
0,0.2597785
0,0.26037985
0,0.2612742
0,0.25145432
0,0.24753448
0,0.25533006
0,0.26130506
0,0.26048082
0,0.260497
0,0.2610134
0,0.26045915
0,0.26028708
0,0.25988185
0,0.25955862
0,0.25924492
0,0.2590922
0,0.25825414
0,0.25848618
0,0.25817573
0,0.25800535
0,0.25730062
0,0.25780895
0,0.25662097
0,0.2565895
0,0.26087222
0,0.25795174
0,0.25630593
0,0.2561094
0,0.2664215
0,0.26592422
0,0.2600853
0,0.25378355
0,0.25466314
0,0.2542239
0,0.25330523
0,0.25328746
0,0.25234273
0,0.2521043
0,0.26212645
0,0.2659976
0,0.26839757
0,0.25941905
0,0.25561112
0,0.26603103
0,0.25679553
0,0.26526514
0,0.2562346
0,0.25417468
0,0.261162
0,0.26555118
0,0.26577413
0,0.26854834
0,0.268272
0,0.26974627
0,0.26735145
0,0.27587026
0,0.27208358
0,0.27118
0,0.26993638
0,0.27037787
0,0.2688408
0,0.2587538
0,0.25412384
0,0.26263776
0,0.25831732
0,0.25287068
0,0.26047486
0,0.2535438
0,0.2534477
0,0.26032454
0,0.2502916
0,0.25931036
0,0.26038262
0,0.26364493
0,0.26141173
0,0.26401323
0,0.26401487
0,0.25689462
0,0.2611801
0,0.2522751
0,0.2587246
0,0.26110435
0,0.26142395
0,0.26229793
0,0.26193827
0,0.25628272
0,0.25937408
0,0.26049563
0,0.25988814
0,0.2607371
0,0.26004857
0,0.26050404
0,0.26022965
0,0.26044518
0,0.2599879
0,0.26013073
0,0.25974467
0,0.26069397
0,0.25930613
0,0.25932258
0,0.25847194
0,0.25842535
0,0.26162124
0,0.25942436
0,0.25761804
0,0.25814718
0,0.25637686
0,0.25661027
0,0.25575507
0,0.25579354
0,0.25523955
0,0.25531366
0,0.25413224
0,0.25813752
0,0.25519663
0,0.2547602
0,0.25327858
0,0.2574752
0,0.25368583
0,0.2532131
0,0.26288086
0,0.25657362
0,0.26457384
0,0.2570307
0,0.2546128
0,0.25302497
0,0.2710483
0,0.26857293
0,0.25856644
0,0.2662726
0,0.27215856
0,0.26009262
0,0.25547165
0,0.2637567
0,0.25431353
0,0.26268858
0,0.26392907
0,0.25554729
0,0.26253244
0,0.26534274
0,0.26519752
0,0.25625086
0,0.26203257
0,0.26460242
0,0.25391182
0,0.2612049
0,0.2519679
0,0.25920427
0,0.25202686
0,0.24787545
0,0.25561675
0,0.24783248
0,0.24453396
0,0.2532893
0,0.25600344
0,0.25809723
0,0.25829145
0,0.2593219
0,0.25968307
0,0.25946346
0,0.25950903
0,0.25907254
0,0.25913996
0,0.25831458
0,0.2616366
0,0.26319575
0,0.26105276
0,0.25972742
0,0.2589405
0,0.25745103
0,0.2571155
0,0.25557187
0,0.25732952
0,0.2545439
0,0.2555703
0,0.2539865
0,0.2544827
0,0.25311956
0,0.25374964
0,0.25219986
0,0.2526944
0,0.26195976
0,0.25708124
0,0.25388676
0,0.2516453
0,0.2614205
0,0.25509125
0,0.25190863
0,0.2514363
0,0.26043496
0,0.2646156
0,0.26562738
0,0.26818964
0,0.25714824
0,0.25434703
0,0.26153255
0,0.26430458
0,0.2544191
0,0.2520166
0,0.25949278
0,0.25187272
0,0.24850464
0,0.2474913
0,0.25546354
0,0.25936133
0,0.2462275
0,0.2567998
0,0.24767224
0,0.2462527
0,0.25431198
0,0.2580803
0,0.24818176
0,0.2605656
0,0.24905248
0,0.2573106
0,0.2578733
0,0.24905817
0,0.25587034
0,0.24787168
0,0.24344277
0,0.2523604
0,0.25354645
0,0.2559856
0,0.25623792
0,0.25805324
0,0.25705665
0,0.25882217
0,0.2572057
0,0.25808984
0,0.2570802
0,0.25754875
0,0.2563456
0,0.26224542
0,0.25809473
0,0.26171502
0,0.25754264
0,0.26918414
0,0.26020062
0,0.26496026
0,0.25884634
0,0.26340285
0,0.25798568
0,0.25777265
0,0.25548685
0,0.25603762
0,0.25365192
0,0.25441626
0,0.25263727
0,0.25372985
0,0.26249725
0,0.25671253
0,0.26433706
0,0.26581576
0,0.25762096
0,0.25642276
0,0.2535028
0,0.25288203
0,0.26135838
0,0.25468203
0,0.25156587
0,0.26133683
0,0.25250295
0,0.25568113
0,0.260645
0,0.26393303
0,0.2535495
0,0.25228044
0,0.24835762
0,0.24791673
0,0.24540702
0,0.2554899
0,0.25194228
0,0.25310993
0,0.24781327
0,0.24639873
0,0.2437752
0,0.25331563
0,0.2566613
0,0.2487807
0,0.255692
0,0.25856498
0,0.25954375
0,0.24948928
0,0.25642037
0,0.25806457
0,0.2700428
0,0.26749533
0,0.263738
0,0.26315618
0,0.26149374
0,0.2619774
0,0.2607977
0,0.26092288
0,0.25915387
0,0.25975093
0,0.25865465
0,0.25926852
0,0.2651503
0,0.26239324
0,0.2598472
0,0.25637466
0,0.25629026
0,0.2596539
0,0.2569124
0,0.25818807
0,0.25644934
0,0.2577081
0,0.25568
0,0.25643894
0,0.2662975
0,0.26035732
0,0.25663072
0,0.2570902
0,0.25494102
0,0.25536895
0,0.25307685
0,0.2536143
0,0.25241318
0,0.25328377
0,0.25139055
0,0.25187182
0,0.26079378
0,0.2548885
0,0.2514793
0,0.25206444
0,0.26029754
0,0.2545363
0,0.26177028
0,0.2669429
0,0.26678324
0,0.2692591
0,0.27255416
0,0.27625602
0,0.26888537
0,0.26077735
0,0.2649975
0,0.2570534
0,0.25191855
0,0.26120833
0,0.26153374
0,0.26439518
0,0.2635596
0,0.26547208
0,0.26417646
0,0.25484422
0,0.25955716
0,0.25192142
0,0.2568869
0,0.2496519
0,0.2567683
0,0.2593689
0,0.25861305
0,0.250558
0,0.25873286
0,0.26151645
0,0.2697698
0,0.2592073
0,0.25972238
0,0.26145926
0,0.25878653
0,0.26107225
0,0.25763172
0,0.25969085
0,0.25669795
0,0.2585449
0,0.25587344
0,0.2576373
0,0.26641324
0,0.26133442
0,0.25736353
0,0.25829393
0,0.25492597
0,0.2508265
0,0.25164074
0,0.25311255
0,0.25170627
0,0.25302204
0,0.25121066
0,0.25239792
0,0.26129758
0,0.25564483
0,0.25207102
0,0.24711637
0,0.24738128
0,0.24912901
0,0.25684142
0,0.25258052
0,0.25877324
0,0.26474747
0,0.2537
0,0.2524685
0,0.24872528
0,0.25963572
0,0.261439
0,0.25396618
0,0.2494583
0,0.25978908
0,0.24927995
0,0.259169
0,0.24870826
0,0.24823119
0,0.24457006
0,0.255688
0,0.2566211
0,0.2502655
0,0.25622013
0,0.2606065
0,0.2609874
0,0.25305152
0,0.2573802
0,0.2611873
0,0.25998506
0,0.26257962
0,0.2606477
0,0.26353315
0,0.26064923
0,0.25262794
0,0.25584212
0,0.24825741
0,0.25221783
0,0.24644709
0,0.25062656
0,0.2550349
0,0.25298202
0,0.2562558
0,0.25482127
0,0.25743398
0,0.25502744
0,0.25964916
0,0.25520146
0,0.25796768
0,0.25457293
0,0.26357302
0,0.2562034
0,0.2583125
0,0.26493603
0,0.261027
0,0.26689202
0,0.26214293
0,0.25653797
0,0.25759712
0,0.2532386
0,0.25546888
0,0.26222968
0,0.25845867
0,0.25355294
0,0.25599408
0,0.25127804
0,0.25629854
0,0.26096842
0,0.25756937
0,0.25314862
0,0.25453925
0,0.24941806
0,0.25244308
0,0.25798473
0,0.25469133
0,0.2593179
0,0.25557932
0,0.25942373
0,0.25511
0,0.24871427
0,0.25033873
0,0.24518304
0,0.25925496
0,0.25825313
0,0.25322193
0,0.26008838
0,0.26412594
0,0.26208165
0,0.2658956
0,0.26299006
0,0.26650035
0,0.26368776
0,0.2662329
0,0.26361775
0,0.2655047
0,0.26440167
0,0.2655638
0,0.2625823
0,0.26463962
0,0.26252958
0,0.26388228
0,0.26147094
0,0.2631767
0,0.26022178
0,0.261533
0,0.2706827
0,0.25536466
0,0.2579085
0,0.26003918
0,0.25819108
0,0.25956592
0,0.2578367
0,0.2539688
0,0.25511235
0,0.2572828
0,0.24640276
0,0.24301726
0,0.24817467
0,0.25081557
0,0.25023326
0,0.2524331
0,0.26153418
0,0.2549688
0,0.263535
0,0.258237
0,0.2661108
0,0.2658567
0,0.26138112
0,0.25850043
0,0.26474866
0,0.25886118
0,0.26477113
0,0.26274106
0,0.25538883
0,0.25509343
0,0.25505373
0,0.2534585
0,0.24925266
0,0.2611764
0,0.26172212
0,0.26679417
0,0.2653039
0,0.26917523
0,0.25599498
0,0.26609915
0,0.25428465
0,0.25370243
0,0.24864115
0,0.2600379
0,0.25980362
0,0.2698504
0,0.26443973
0,0.2688436
0,0.26507106
0,0.2578598
0,0.26060137
0,0.26535976
0,0.27057406
0,0.26349765
0,0.26253715
0,0.2557905
0,0.25832954
0,0.25287303
0,0.2565235
0,0.27788654
0,0.2650753
0,0.26774433
0,0.27462465
0,0.25927812
0,0.2612581
0,0.2634289
0,0.26234728
0,0.26455307
0,0.26053435
0,0.2629556
0,0.25944123
0,0.26229072
0,0.25859505
0,0.2615529
0,0.2578365
0,0.2606048
0,0.2667482
0,0.26342893
0,0.26900288
0,0.26531944
0,0.26998872
0,0.26620993
0,0.259201
0,0.26153457
0,0.26698375
0,0.26707736
0,0.26925215
0,0.26483917
0,0.2681814
0,0.26339573
0,0.26690164
0,0.26287344
0,0.26649663
0,0.2625482
0,0.25579605
0,0.25779113
0,0.25187844
0,0.2548743
0,0.25979713
0,0.25676087
0,0.26083735
0,0.25759596
0,0.26178613
0,0.25802326
0,0.26127154
0,0.25768656
0,0.26908475
0,0.26044667
0,0.2627755
0,0.25777858
0,0.2718148
0,0.2604399
0,0.26243126
0,0.257243
0,0.25991067
0,0.2610899
0,0.26030934
0,0.2604212
0,0.26060742
0,0.26596713
0,0.26277253
0,0.26909077
0,0.27651346
0,0.27076006
0,0.26604226
0,0.28524747
0,0.2708799
0,0.2661922
0,0.26420084
0,0.25759807
0,0.25889608
0,0.2529568
0,0.25621605
0,0.26074317
0,0.2583728
0,0.26171127
0,0.25864333
0,0.2607813
0,0.2587129
0,0.2517518
0,0.25470418
0,0.25848612
0,0.25583854
0,0.25872982
0,0.25627893
0,0.25542176
0,0.25483078
0,0.25752175
0,0.2553423
0,0.25712344
0,0.2547258
0,0.25624186
0,0.25337496
0,0.2444908
0,0.24783213
0,0.25049153
0,0.25963667
0,0.25789595
0,0.25348142
0,0.2540706
0,0.25090876
0,0.25328746
0,0.26070437
0,0.25605226
0,0.25182763
0,0.2522672
0,0.25045955
0,0.25188342
0,0.25093
0,0.250714
0,0.24818575
0,0.2488376
0,0.24569
0,0.24753718
0,0.25519708
0,0.25067475
0,0.24632049
0,0.2585916
0,0.24888222
0,0.2492502
0,0.25560758
0,0.25138053
0,0.25885203
0,0.25200307
0,0.25131494
0,0.25953993
0,0.25889343
0,0.2519355
0,0.24687405
0,0.24657084
0,0.2529351
0,0.25780588
0,0.25760314
0,0.24982029
0,0.2549724
0,0.26272702
0,0.25910783
0,0.26603353
0,0.2608236
0,0.2634068
0,0.2607188
0,0.26245072
0,0.2598169
0,0.2633741
0,0.25429875
0,0.25947034
0,0.25728697
0,0.255178
0,0.2561073
0,0.25846934
0,0.25559956
0,0.26007983
0,0.25676155
0,0.25825748
0,0.26557583
0,0.26111004
0,0.2677815
0,0.2621579
0,0.26851565
0,0.26270786
0,0.2682887
0,0.2629726
0,0.26785618
0,0.26191735
0,0.2667828
0,0.2721982
0,0.27063942
0,0.26942575
0,0.269933
0,0.26287234
0,0.2558532
0,0.25614363
0,0.2619047
0,0.25693184
0,0.25134498
0,0.25258464
0,0.24804482
0,0.25701743
0,0.24602963
0,0.2591776
0,0.2489019
0,0.24940379
0,0.2454473
0,0.2468488
0,0.24309473
0,0.2552111
0,0.25619525
0,0.256909
0,0.2588221
0,0.2514417
0,0.25631702
0,0.2498368
0,0.25783953
0,0.2601415
0,0.2592469
0,0.2504866
0,0.254981
0,0.2577989
0,0.25700668
0,0.2588939
0,0.25470775
0,0.24799651
0,0.2522869
0,0.25604433
0,0.25478014
0,0.26863706
0,0.2598347
0,0.26049533
0,0.25790173
0,0.25871548
0,0.2564283
0,0.25798154
0,0.25079003
0,0.25499484
0,0.25304556
0,0.2568705
0,0.25323588
0,0.25949863
0,0.25433323
0,0.2566432
0,0.26452327
0,0.2586242
0,0.25471157
0,0.273024
0,0.25889468
0,0.25815395
0,0.2655626
0,0.25907755
0,0.2677978
0,0.25982386
0,0.26599076
0,0.25928333
0,0.25487718
0,0.2545418
0,0.26697454
0,0.2577209
0,0.26349166
0,0.2571565
0,0.26207864
0,0.2673442
0,0.25540942
0,0.26591563
0,0.2546096
0,0.264948
0,0.25345948
0,0.25310063
0,0.25716126
0,0.25245154
0,0.25775942
0,0.26268184
0,0.26093414
0,0.2645537
0,0.26224092
0,0.25412813
0,0.25784776
0,0.25160623
0,0.25615034
0,0.24963745
0,0.25425208
0,0.24788441
0,0.25238594
0,0.24617074
0,0.25150052
0,0.24526544
0,0.25008762
0,0.2591075
0,0.2553085
0,0.24708498
0,0.2624501
0,0.25912356
0,0.2565475
0,0.2579368
0,0.26633772
0,0.2614736
0,0.25808117
0,0.25352606
0,0.26478893
0,0.25961563
0,0.2565936
0,0.25714794
0,0.2655092
0,0.2593269
0,0.25599793
0,0.2564341
0,0.26483813
0,0.25926644
0,0.27127233
0,0.26184
0,0.26829523
0,0.26316613
0,0.26852524
0,0.26128268
0,0.26814628
0,0.26123178
0,0.26949236
0,0.27188295
0,0.26045024
0,0.28858897
0,0.27659655
0,0.27667463
0,0.2738848
0,0.2635208
0,0.25741255
0,0.25586545
0,0.25183022
0,0.25127506
0,0.2589291
0,0.25250456
0,0.24922574
0,0.24774134
0,0.26768163
0,0.2644971
0,0.25404894
0,0.26144895
0,0.25293195
0,0.2602935
0,0.26127365
0,0.2524044
0,0.2583735
0,0.26119086
0,0.26079658
0,0.26212588
0,0.26142263
0,0.26299635
0,0.26201716
0,0.26308942
0,0.26208714
0,0.26209316
0,0.26091525
0,0.26139343
0,0.26464117
0,0.2677889
0,0.26335546
0,0.26298386
0,0.26103815
0,0.26140723
0,0.2619983
0,0.2822355
0,0.26634264
0,0.2636302
0,0.26015627
0,0.25924474
0,0.25724313
0,0.2565025
0,0.25504032
0,0.255435
0,0.2532173
0,0.25387818
0,0.2639535
0,0.2575286
0,0.25523514
0,0.2543215
0,0.2627563
0,0.25597486
0,0.26368263
0,0.25622192
0,0.25225767
0,0.27158457
0,0.26714984
0,0.2585718
0,0.2528523
0,0.26287508
0,0.26479003
0,0.26666537
0,0.2652541
0,0.26173443
0,0.25279748
0,0.2508758
0,0.25734907
0,0.26152378
0,0.25469118
0,0.25161746
0,0.25717142
0,0.26096556
0,0.27106118
0,0.26695687
0,0.26449937
0,0.26597235
0,0.2664916
0,0.25489423
0,0.2587847
0,0.26122528
0,0.2595704
0,0.2512171
0,0.25558034
0,0.24821642
0,0.253256
0,0.25665867
0,0.2561173
0,0.258198
0,0.2460184
0,0.37454072
0,0.303382
0,0.2877513
0,0.27638823
0,0.27245533
0,0.26609153
0,0.26474255
0,0.26021612
0,0.26084754
0,0.25814742
0,0.25842223
0,0.25661597
0,0.256763
0,0.2566021
0,0.2564736
0,0.25484592
0,0.2660839
0,0.25763637
0,0.25766602
0,0.25934768
0,0.25661057
0,0.25403723
0,0.26556712
0,0.25675353
0,0.25639945
0,0.264941
0,0.25802445
0,0.26501888
0,0.25851825
0,0.26587766
0,0.25736958
0,0.25317532
0,0.26212996
0,0.26442114
0,0.2619175
0,0.26572132
0,0.2579526
0,0.2527157
0,0.26277554
0,0.26485774
0,0.25619516
0,0.25106925
0,0.26118413
0,0.26181537
0,0.25416344
0,0.24907713
0,0.24854916
0,0.24603304
0,0.25678995
0,0.24736542
0,0.25718457
0,0.24786368
0,0.24682958
0,0.24352871
0,0.2650227
0,0.26002562
0,0.26175871
0,0.25044557
0,0.257915
0,0.25842726
0,0.2609914
0,0.25003076
0,0.24622484
0,0.2528714
0,0.2551968
0,0.25571826
0,0.24652547
0,0.25301683
0,0.25498533
0,0.37666398
0,0.30737978
0,0.28922766
0,0.27929607
0,0.27211684
0,0.2688152
0,0.26522762
0,0.2752736
0,0.26630902
0,0.26427475
0,0.26169217
0,0.2610957
0,0.2815072
0,0.26774132
0,0.26386407
0,0.2567767
0,0.26259872
0,0.25941947
0,0.25789547
0,0.25787824
0,0.25582114
0,0.25637633
0,0.25525656
0,0.2552855
0,0.25418425
0,0.2601414
0,0.25547063
0,0.2553139
0,0.2536828
0,0.25321558
0,0.25125217
0,0.25133055
0,0.25005466
0,0.25001875
0,0.24881165
0,0.24892107
0,0.25208664
0,0.24966972
0,0.24753803
0,0.24802393
0,0.2571914
0,0.25059122
0,0.24768913
0,0.25720033
0,0.24963813
0,0.24828583
0,0.24590652
0,0.2443178
0,0.24337023
0,0.24244754
0,0.25186726
0,0.25596437
0,0.25794998
0,0.26037267
0,0.260982
0,0.2616851
0,0.26199707
0,0.2622291
0,0.26233587
0,0.2515936
0,0.24751182
0,0.2546745
0,0.2463321
0,0.25347275
0,0.25558
0,0.24654311
0,0.24723263
0,0.24257104
0,0.24032243
0,0.2486042
0,0.25188717
0,0.25335294
0,0.25512993
0,0.25558382
0,0.24638663
0,0.25268984
0,0.2542846
0,0.25429627
0,0.25554937
0,0.25543517
0,0.2602485
0,0.25737092
0,0.2624765
0,0.2577702
0,0.25728595
0,0.2553539
0,0.2617939
0,0.26739538
0,0.26046523
0,0.25696337
0,0.25654942
0,0.25415123
0,0.26475176
0,0.25606218
0,0.25486484
0,0.25208548
0,0.25266612
0,0.25034806
0,0.2509513
0,0.24930188
0,0.25047955
0,0.2585825
0,0.2528485
0,0.2595376
0,0.2538228
0,0.24967748
0,0.25044104
0,0.25716475
0,0.25160533
0,0.24743874
0,0.24770357
0,0.2549214
0,0.26047873
0,0.26022384
0,0.25327566
0,0.24788937
0,0.24709597
0,0.24301356
0,0.25870234
0,0.25709283
0,0.24926384
0,0.25519493
0,0.25877473
0,0.25816914
0,0.2603016
0,0.25939962
0,0.26093063
0,0.26013172
0,0.2503622
0,0.25565034
0,0.24731508
0,0.2532405
0,0.2562754
0,0.2555173
0,0.25765228
0,0.2562302
0,0.25340986
0,0.25439197
0,0.2566325
0,0.2556195
0,0.25703445
0,0.2551417
0,0.25595185
0,0.2547459
0,0.2559616
0,0.25488725
0,0.25551283
0,0.25424644
0,0.2548734
0,0.25389445
0,0.25446305
0,0.25378972
0,0.2540118
0,0.25348693
0,0.2551341
0,0.25239295
0,0.2523156
0,0.2503334
0,0.25134632
0,0.24990249
0,0.2507267
0,0.2489096
0,0.24994297
0,0.2586117
0,0.2531166
0,0.26144484
0,0.25401145
0,0.25089067
0,0.2505311
0,0.24752142
0,0.2585167
0,0.24930833
0,0.2493359
0,0.25622097
0,0.2619049
0,0.26135898
0,0.25415835
0,0.25348866
0,0.25071698
0,0.25639874
0,0.261791
0,0.25023007
0,0.26221958
0,0.24993506
0,0.25972018
0,0.25863618
0,0.25175935
0,0.25623372
0,0.26104346
0,0.2591703
0,0.25197384
0,0.24608988
0,0.25601265
0,0.25585157
0,0.24939723
0,0.25350267
0,0.2473385
0,0.25167027
0,0.24592699
0,0.2503559
0,0.24454136
0,0.24918115
0,0.25390562
0,0.2516345
0,0.25518647
0,0.25271928
0,0.25571474
0,0.2530711
0,0.25674036
0,0.25334102
0,0.2556724
0,0.2526467
0,0.25477988
0,0.25233
0,0.25391173
0,0.25118262
0,0.25349253
0,0.25100073
0,0.2520467
0,0.260227
0,0.26732174
0,0.2564135
0,0.25720468
0,0.2628047
0,0.26964188
0,0.2570183
0,0.25736052
0,0.26262677
0,0.2576915
0,0.2629699
0,0.25753343
0,0.25284418
0,0.25359583
0,0.24935603
0,0.25114983
0,0.24747674
0,0.26031223
0,0.24992198
0,0.2509016
0,0.24626371
0,0.2478876
0,0.24451864
0,0.2459098
0,0.25320292
0,0.24958244
0,0.24497776
0,0.24362083
0,0.25204474
0,0.24741308
0,0.241108
0,0.24255921
0,0.24996711
0,0.24910863
0,0.25257444
0,0.25759196
0,0.25764605
0,0.24759257
0,0.25850692
0,0.25982252
0,0.2580385
0,0.25136533
0,0.2599519
0,0.25017342
0,0.25470734
0,0.2623101
0,0.2584613
0,0.25502113
0,0.25566185
0,0.25879127
0,0.26767853
0,0.26340237
0,0.2598876
0,0.26123276
0,0.25775072
0,0.24954066
0,0.2527098
0,0.2461159
0,0.24917908
0,0.24348083
0,0.24789622
0,0.25212476
0,0.2503759
0,0.25356814
0,0.25140265
0,0.25331542
0,0.250991
0,0.25289753
0,0.2509324
0,0.2515776
0,0.2602938
0,0.25592375
0,0.25208834
0,0.25306702
0,0.27179933
0,0.25994432
0,0.25457594
0,0.2548865
0,0.26166987
0,0.2559935
0,0.25115183
0,0.2509772
0,0.24799272
0,0.24850552
0,0.2565864
0,0.2516296
0,0.24773525
0,0.25755376
0,0.26012057
0,0.2537642
0,0.26038468
0,0.25334263
0,0.25975668
0,0.26370063
0,0.2526015
0,0.26182795
0,0.26151058
0,0.2541318
0,0.25925025
0,0.25260603
0,0.25834593
0,0.26282412
0,0.26134178
0,0.25413695
0,0.25806358
0,0.25144747
0,0.24625437
0,0.25627893
0,0.25631487
0,0.2493207
0,0.25425962
0,0.25879124
0,0.25755885
0,0.26073644
0,0.25808752
0,0.26094776
0,0.25867176
0,0.2611771
0,0.25821447
0,0.24984486
0,0.25313687
0,0.2566005
0,0.25942343
0,0.24838533
0,0.25696826
0,0.25698557
0,0.2545542
0,0.2571451
0,0.25425214
0,0.25361478
0,0.29479256
0,0.27173743
0,0.26412892
0,0.26375976
0,0.2581097
0,0.26283473
0,0.2569548
0,0.26299912
0,0.25595948
0,0.25690192
0,0.26413777
0,0.26469457
0,0.2712669
0,0.26262692
0,0.25643542
0,0.2574954
0,0.2529586
0,0.2545847
0,0.25035164
0,0.25235555
0,0.25904477
0,0.25477186
0,0.2496288
0,0.25153887
0,0.25795764
0,0.25356326
0,0.26230204
0,0.25597996
0,0.24992625
0,0.25148135
0,0.24563904
0,0.24805762
0,0.24330369
0,0.24639788
0,0.24209368
0,0.244994
0,0.24124281
0,0.2437554
0,0.2396097
0,0.2433445
0,0.24860351
0,0.2507131
0,0.2525618
0,0.2587157
0,0.257091
0,0.26191452
0,0.2593073
0,0.25289774
0,0.25544178
0,0.25037643
0,0.25300825
0,0.25997743
0,0.25645512
0,0.2503114
0,0.2579086
0,0.26047954
0,0.2507492
0,0.25850117
0,0.2554136
0,0.2608186
0,0.25626376
0,0.26021197
0,0.25545558
0,0.24924827
0,0.25096783
0,0.2563891
0,0.25204182
0,0.2572301
0,0.25241265
0,0.24691062
0,0.2478884
0,0.24400088
0,0.2455529
0,0.2514783
0,0.2472418
0,0.25259826
0,0.2580908
0,0.25157696
0,0.2586058
0,0.25728884
0,0.2616333
0,0.25981385
0,0.262829
0,0.2604397
0,0.2628568
0,0.25862518
0,0.2516985
0,0.25402984
0,0.25904045
0,0.2518677
0,0.25801805
0,0.25429407
0,0.2584628
0,0.26481658
0,0.26308572
0,0.25745004
0,0.24994002
0,0.25250244
0,0.2456319
0,0.2593138
0,0.25678468
0,0.2531783
0,0.25661328
0,0.25235966
0,0.25600675
0,0.2517669
0,0.25060007
0,0.24927759
0,0.25324437
0,0.25963622
0,0.25686717
0,0.26479387
0,0.26123223
0,0.26513916
0,0.25963455
0,0.2650223
0,0.25713632
0,0.26352528
0,0.25737172
0,0.25208297
0,0.2531544
0,0.2597283
0,0.25453088
0,0.26018095
0,0.25420284
0,0.25958303
0,0.25395387
0,0.24905895
0,0.24874675
0,0.24534485
0,0.2464046
0,0.24324584
0,0.25688198
0,0.24678792
0,0.25719538
0,0.25785303
0,0.26318866
0,0.25058225
0,0.24951038
0,0.2522995
0,0.24763191
0,0.24288808
0,0.25298986
0,0.2538539
0,0.25766823
0,0.24670143
0,0.24506257
0,0.2507722
0,0.25505546
0,0.25477794
0,0.24678384
0,0.2516064
0,0.25513166
0,0.25416815
0,0.2573831
0,0.25787142
0,0.24806926
0,0.25216445
0,0.254932
0,0.2536655
0,0.26716933
0,0.2591021
0,0.25917855
0,0.25623795
0,0.2568761
0,0.25419286
0,0.25582668
0,0.25359884
0,0.25529715
0,0.25257012
0,0.25477162
0,0.25680643
0,0.25568405
0,0.2522815
0,0.25497454
0,0.262228
0,0.25772145
0,0.26402882
0,0.25846294
0,0.26547757
0,0.25962836
0,0.2547295
0,0.2550868
0,0.26204702
0,0.2561635
0,0.2515529
0,0.25213382
0,0.25887397
0,0.25392237
0,0.25979385
0,0.25399446
0,0.26001677
0,0.2646504
0,0.25302747
0,0.2520676
0,0.24728684
0,0.2623821
0,0.2640116
0,0.26016504
0,0.26129222
0,0.26569092
0,0.26302323
0,0.26581347
0,0.2633293
0,0.26636818
0,0.26321813
0,0.2614714
0,0.25102353
0,0.2604689
0,0.25885403
0,0.2627417
0,0.26071706
0,0.2529637
0,0.25688115
0,0.25041518
0,0.25463837
0,0.2548045
0,0.2557991
0,0.24909171
0,0.25596052
0,0.24963664
0,0.2533277
0,0.24745794
0,0.25161612
0,0.25633374
0,0.25995046
0,0.2549107
0,0.25476754
0,0.24711637
0,0.25116006
0,0.2440058
0,0.24887326
0,0.25231487
0,0.26183224
0,0.25811547
0,0.2549212
0,0.25609967
0,0.253649
0,0.25469875
0,0.2635499
0,0.25799477
0,0.26322785
0,0.25891688
0,0.25460318
0,0.25520682
0,0.2519285
0,0.24282186
0,0.25650775
0,0.25341204
0,0.2602204
0,0.2556058
0,0.24925137
0,0.2511564
0,0.25869283
0,0.25396594
0,0.2606388
0,0.25514832
0,0.26155272
0,0.25476855
0,0.2613044
0,0.26567158
0,0.26496518
0,0.25770903
0,0.25156742
0,0.26120698
0,0.25107166
0,0.26528868
0,0.25189573
0,0.25063714
0,0.2563214
0,0.25021812
0,0.25538567
0,0.24974859
0,0.24486674
0,0.25543103
0,0.25568402
0,0.2496942
0,0.25394338
0,0.25864276
0,0.26854688
0,0.26489556
0,0.26165494
0,0.26330313
0,0.26068646
0,0.25224113
0,0.25532958
0,0.24855378
0,0.2524797
0,0.24664596
0,0.2501243
0,0.24488208
0,0.24877357
0,0.24315266
0,0.24747132
0,0.2527336
0,0.25100708
0,0.24425253
0,0.24817215
0,0.25626102
0,0.25182188
0,0.24505529
0,0.2484959
0,0.2527662
0,0.25145775
0,0.25399283
0,0.2507233
0,0.25326088
0,0.25075588
0,0.25322795
0,0.26050183
0,0.25677663
0,0.25236505
0,0.24715652
0,0.24771364
0,0.2505359
0,0.2579812
0,0.25428912
0,0.25026673
0,0.25194344
0,0.2586579
0,0.25455472
0,0.26077488
0,0.25601158
0,0.26149213
0,0.2572021
0,0.2618563
0,0.25610784
0,0.25662655
0,0.25317168
0,0.25947493
0,0.25371274
0,0.25943613
0,0.25356218
0,0.25926855
0,0.2527297
0,0.25819296
0,0.25312734
0,0.25272954
0,0.2605737
0,0.25952616
0,0.253357
0,0.2579922
0,0.25188014
0,0.24749318
0,0.2471162
0,0.25247452
0,0.2473559
0,0.24795596
0,0.25570688
0,0.2549684
0,0.24848746
0,0.25288084
0,0.25734624
0,0.26041064
0,0.26134232
0,0.257826
0,0.26019618
0,0.25706598
0,0.2635383
0,0.25069803
0,0.25784743
0,0.26594007
0,0.2628205
0,0.2580416
0,0.263716
0,0.26948658
0,0.26411223
0,0.2600158
0,0.2606924
0,0.25707427
0,0.25819913
0,0.25494033
0,0.25983837
0,0.25509635
0,0.25608814
0,0.25315222
0,0.25490472
0,0.2525023
0,0.25334644
0,0.25154537
0,0.25272378
0,0.26105317
0,0.25675994
0,0.25347123
0,0.25368702
0,0.25069356
0,0.25131822
0,0.2594247
0,0.2544608
0,0.26116267
0,0.25530493
0,0.2615167
0,0.2558621
0,0.261519
0,0.25514516
0,0.2499689
0,0.2549216
0,0.24828279
0,0.24826366
0,0.2554679
0,0.26083755
0,0.26059264
0,0.2560112
0,0.24868372
0,0.25467283
0,0.24605918
0,0.24689068
0,0.25275367
0,0.2585164
0,0.25830954
0,0.26226148
0,0.25997183
0,0.26421994
0,0.2609805
0,0.2642414
0,0.26103204
0,0.2531662
0,0.25589967
0,0.2605005
0,0.2578976
0,0.25051418
0,0.25843382
0,0.24954931
0,0.25301296
0,0.25747362
0,0.24771106
0,0.2556479
0,0.25316763
0,0.24709581
0,0.2501014
0,0.2548019
0,0.25155264
0,0.24520487
0,0.24709699
0,0.25274602
0,0.24948175
0,0.25432542
0,0.25983533
0,0.25853038
0,0.2636205
0,0.26056167
0,0.25461006
0,0.25719813
0,0.2518427
0,0.25553742
0,0.26037332
0,0.26211777
0,0.25790378
0,0.25792316
0,0.24830528
0,0.25391936
0,0.2636573
0,0.25846753
0,0.2615343
0,0.2585106
0,0.2617816
0,0.25841674
0,0.26148129
0,0.25850657
0,0.25085697
0,0.253659
0,0.24743408
0,0.25056705
0,0.25570977
0,0.25299448
0,0.24667302
0,0.2531898
0,0.25601083
0,0.25255927
0,0.25634837
0,0.2521305
0,0.2532178
0,0.25062692
0,0.24496916
0,0.2465867
0,0.25178102
0,0.25872195
0,0.25734738
0,0.26274964
0,0.2600867
0,0.25380468
0,0.25630447
0,0.25101256
0,0.25468105
0,0.25431326
0,0.255435
0,0.26019847
0,0.2680706
0,0.25478676
0,0.25644118
0,0.2607277
0,0.25687662
0,0.2608886
0,0.26191208
0,0.25201762
0,0.25414374
0,0.25812724
0,0.25468987
0,0.25821555
0,0.25465432
0,0.24799268
0,0.25071308
0,0.24495177
0,0.24881685
0,0.2433705
0,0.24694724
0,0.25192913
0,0.24965864
0,0.25294527
0,0.26192173
0,0.25808084
0,0.25848857
0,0.2581503
0,0.2536618
0,0.25546414
0,0.2626739
0,0.2578763
0,0.26775572
0,0.26040754
0,0.26521862
0,0.2597229
0,0.26419297
0,0.26327592
0,0.2650704
0,0.25948942
0,0.2530699
0,0.2537095
0,0.2492588
0,0.25037026
0,0.24705073
0,0.24949048
0,0.25611037
0,0.25222608
0,0.2577565
0,0.2530184
0,0.25284165
0,0.2508956
0,0.25607818
0,0.26227772
0,0.24978094
0,0.25012898
0,0.24526462
0,0.24861625
0,0.2430655
0,0.24497978
0,0.24050076
0,0.24266963
0,0.24445204
0,0.24328656
0,0.24846847
0,0.25532863
0,0.2539159
0,0.25855967
0,0.25611156
0,0.24960929
0,0.252619
0,0.2585506
0,0.25555742
0,0.24931782
0,0.25186074
0,0.25700313
0,0.2625842
0,0.25103998
0,0.25242418
0,0.24708435
0,0.26083007
0,0.25948673
0,0.25496596
0,0.24762276
0,0.2498014
0,0.24444988
0,0.24776524
0,0.24282853
0,0.24563524
0,0.2451139
0,0.24572067
0,0.24554944
0,0.2561329
0,0.25522462
0,0.25066435
0,0.25421846
0,0.26013035
0,0.25716844
0,0.2620393
0,0.25898954
0,0.25237074
0,0.25492457
0,0.25973687
0,0.25843167
0,0.2509715
0,0.25357556
0,0.25584665
0,0.25402915
0,0.25854787
0,0.26022112
0,0.26081285
0,0.2561803
0,0.24946517
0,0.2513001
0,0.25022674
0,0.25005868
0,0.24447441
0,0.24802844
0,0.24271213
0,0.24634935
0,0.24165775
0,0.24490245
0,0.25067726
0,0.25836328
0,0.2464745
0,0.2580432
0,0.25269002
0,0.2612135
0,0.2584649
0,0.2516751
0,0.2550107
0,0.24921374
0,0.2528277
0,0.25737762
0,0.25580928
0,0.24874648
0,0.25234637
0,0.25681022
0,0.25405285
0,0.24710946
0,0.25356665
0,0.2507501
0,0.2543486
0,0.25660458
0,0.2533654
0,0.25653636
0,0.25365406
0,0.2564278
0,0.25380072
0,0.25642067
0,0.2537955
0,0.30482945
0,0.27426586
0,0.2700653
0,0.2629852
0,0.26252082
0,0.2571711
0,0.25815913
0,0.25450677
0,0.25621134
0,0.25252032
0,0.25497764
0,0.2516601
0,0.25344402
0,0.26155236
0,0.2565906
0,0.25277916
0,0.2534815
0,0.26133978
0,0.25569525
0,0.2519882
0,0.260498
0,0.25301862
0,0.25295278
0,0.24954374
0,0.24685042
0,0.2564593
0,0.2513828
0,0.25893125
0,0.25292844
0,0.2630235
0,0.26485312
0,0.26409268
0,0.2663326
0,0.25441214
0,0.2636169
0,0.26311743
0,0.25588542
0,0.25051937
0,0.24944586
0,0.25608087
0,0.24984923
0,0.25991157
0,0.2619718
0,0.26043925
0,0.26875308
0,0.26353797
0,0.25473845
0,0.25805822
0,0.26168233
0,0.2625867
0,0.2528202
0,0.25670725
0,0.26014894
0,0.25802645
0,0.25039098
0,0.2580255
0,0.24917783
0,0.25302625
0,0.24447468
0,0.24951904
0,0.25397742
0,0.25198343
0,0.2554553
0,0.25315848
0,0.24596003
0,0.24931464
0,0.2533515
0,0.2512643
0,0.2545722
0,0.25201213
0,0.25488418
0,0.25170225
0,0.25416872
0,0.25099185
0,0.25284904
0,0.25027147
0,0.25258532
0,0.26064822
0,0.25613567
0,0.2516621
0,0.25331917
0,0.24969509
0,0.25139385
0,0.25911742
0,0.25436273
0,0.24976736
0,0.25103006
0,0.2582794
0,0.2885922
0,0.26322216
0,0.26576477
0,0.26405925
0,0.25727674
0,0.25202802
0,0.26233715
0,0.25200585
0,0.25114736
0,0.2590659
0,0.2626283
0,0.25205606
0,0.25013593
0,0.25657278
0,0.25031826
0,0.24952568
0,0.2573562
0,0.24774492
0,0.256977
0,0.2466185
0,0.25609204
0,0.25704283
0,0.26000246
0,0.25929055
0,0.2535377
0,0.25697696
0,0.24943262
0,0.25520706
0,0.25810167
0,0.25747424
0,0.24813572
0,0.2539619
0,0.25070155
0,0.25371838
0,0.2561925
0,0.2668841
0,0.26716903
0,0.26175115
0,0.26127085
0,0.25849316
0,0.25888598
0,0.2587399
0,0.25374272
0,0.2549779
0,0.2561658
0,0.25490987
0,0.25577095
0,0.254363
0,0.25970662
0,0.2640494
0,0.25934008
0,0.25666648
0,0.26294354
0,0.25596252
0,0.2601803
0,0.2544899
0,0.25567657
0,0.25251418
0,0.2535947
0,0.2611288
0,0.25632918
0,0.26271805
0,0.25811955
0,0.26411965
0,0.25815582
0,0.25353286
0,0.25359765
0,0.26081368
0,0.25476173
0,0.26199013
0,0.255239
0,0.25108117
0,0.25083444
0,0.24775241
0,0.24815741
0,0.2556936
0,0.2610109
0,0.261478
0,0.25423133
0,0.25964895
0,0.25335008
0,0.24811022
0,0.25847894
0,0.25906193
0,0.2626769
0,0.25111872
0,0.24960916
0,0.25541142
0,0.25979272
0,0.25885877
0,0.26186422
0,0.26055956
0,0.2680911
0,0.2632025
0,0.25388876
0,0.25835946
0,0.25033846
0,0.2551053
0,0.248292
0,0.25276917
0,0.26576248
0,0.2596473
0,0.25120562
0,0.25494018
0,0.2481514
0,0.25203443
0,0.24595393
0,0.2496474
0,0.25444818
0,0.25319988
0,0.25606024
0,0.25426117
0,0.25680006
0,0.25423554
0,0.2580603
0,0.25609156
0,0.25719398
0,0.25412458
0,0.25575644
0,0.25281298
0,0.2542476
0,0.25184542
0,0.25355873
0,0.2514427
0,0.25292596
0,0.25038886
0,0.2575406
0,0.26268116
0,0.257544
0,0.25358957
0,0.25385696
0,0.2505952
0,0.25198433
0,0.24881192
0,0.24985708
0,0.24683486
0,0.24845897
0,0.25617483
0,0.2536053
0,0.2485131
0,0.24936455
0,0.24899891
0,0.25250447
0,0.25144455
0,0.24927618
0,0.24575517
0,0.25666705
0,0.25808477
0,0.25161064
0,0.2578799
0,0.25108463
0,0.24641837
0,0.256135
0,0.24647266
0,0.257821
0,0.2573325
0,0.2608564
0,0.2642624
0,0.25345722
0,0.2570539
0,0.24989024
0,0.2538967
0,0.2555501
0,0.2590088
0,0.25964972
0,0.25748345
0,0.24946503
0,0.24265914
0,0.24199452
0,0.32425287
0,0.2839563
0,0.27305472
0,0.2696199
0,0.2633271
0,0.26743588
0,0.26063296
0,0.27170458
0,0.26115322
0,0.26065382
0,0.25697765
0,0.25717118
0,0.2582538
0,0.25693542
0,0.26532724
0,0.2592934
0,0.25568682
0,0.25923714
0,0.2641696
0,0.25909102
0,0.25493652
0,0.2552889
0,0.25203338
0,0.252523
0,0.26443997
0,0.2572768
0,0.2529024
0,0.25375435
0,0.2615424
0,0.25574282
0,0.2508851
0,0.25013083
0,0.25847027
0,0.254325
0,0.26384735
0,0.25525197
0,0.26159295
0,0.25462723
0,0.2497905
0,0.26071063
0,0.26119858
0,0.26511678
0,0.26537988
0,0.25668028
0,0.26144627
0,0.2681379
0,0.2549929
0,0.25249726
0,0.24763738
0,0.25777206
0,0.258403
0,0.2622925
0,0.25034305
0,0.24894933
0,0.2538884
0,0.24855736
0,0.2534366
0,0.24741769
0,0.25297514
0,0.25701523
0,0.25545958
0,0.24835278
0,0.25348645
0,0.25741464
0,0.25817215
0,0.25964674
0,0.25783154
0,0.24920258
0,0.25302598
0,0.24617106
0,0.2502601
0,0.2547039
0,0.25310254
0,0.2555825
0,0.25855592
0,0.2577589
0,0.26880842
0,0.26235428
0,0.2525095
0,0.25653648
0,0.25378594
0,0.2552651
0,0.25275338
0,0.25981742
0,0.25387326
0,0.25576702
0,0.25221837
0,0.25415504
0,0.26185298
0,0.2575176
0,0.26388532
0,0.27044716
0,0.25797945
0,0.26403746
0,0.26540756
0,0.26003706
0,0.26409325
0,0.25901902
0,0.26384285
0,0.25889665
0,0.26321107
0,0.2579553
0,0.2515575
0,0.24824426
0,0.24623767
0,0.24872033
0,0.2545548
0,0.25076166
0,0.24568349
0,0.25662798
0,0.24690777
0,0.24839534
0,0.24390344
0,0.25615034
0,0.24902068
0,0.24803875
0,0.25309876
0,0.24865527
0,0.2531446
0,0.24862897
0,0.25331983
0,0.25843906
0,0.2565971
0,0.25017413
0,0.25307482
0,0.25845397
0,0.2613207
0,0.25142598
0,0.25358275
0,0.25801316
0,0.25459456
0,0.24775203
0,0.25064304
0,0.2453448
0,0.24842468
0,0.24308845
0,0.24695005
0,0.2519803
0,0.25405216
0,0.25535694
0,0.25182134
0,0.24414688
0,0.24656564
0,0.2503495
0,0.2476383
0,0.2509752
0,0.2460989
0,0.25045842
0,0.25780728
0,0.25428277
0,0.2601719
0,0.25564355
0,0.26638097
0,0.25837535
0,0.26304874
0,0.25689584
0,0.2654291
0,0.26902553
0,0.25542453
0,0.2556684
0,0.24958745
0,0.25112963
0,0.25628114
0,0.25661287
0,0.24850792
0,0.25001782
0,0.24481767
0,0.24715577
0,0.25259474
0,0.2487742
0,0.24330084
0,0.25690582
0,0.24553773
0,0.24754216
0,0.2520249
0,0.25928584
0,0.2574903
0,0.26262552
0,0.2596197
0,0.26353377
0,0.2600157
0,0.25358304
0,0.25633612
0,0.26079786
0,0.25799167
0,0.26322886
0,0.25889897
0,0.25138685
0,0.2541244
0,0.24781336
0,0.25197527
0,0.24585599
0,0.25019872
0,0.25167325
0,0.2515178
0,0.25585234
0,0.25351083
0,0.24687532
0,0.25310826
0,0.25619712
0,0.2528832
0,0.24594225
0,0.24931568
0,0.2492874
0,0.24895114
0,0.24688904
0,0.24763279
0,0.25234032
0,0.2492275
0,0.25207058
0,0.2491072
0,0.25314707
0,0.24914823
0,0.27068314
0,0.26668802
0,0.261925
0,0.25495517
0,0.25645858
0,0.26202077
0,0.25792322
0,0.25241023
0,0.25451368
0,0.24992117
0,0.26291457
0,0.25272387
0,0.25334847
0,0.24890384
0,0.25109494
0,0.2576438
0,0.25330487
0,0.25255722
0,0.253256
0,0.26325995
0,0.2556653
0,0.26083905
0,0.25566423
0,0.26104757
0,0.2549625
0,0.26028138
0,0.25439706
0,0.26006073
0,0.25403813
0,0.2589432
0,0.25316247
0,0.25732112
0,0.25238135
0,0.24698998
0,0.25816908
0,0.25691754
0,0.26193175
0,0.25050792
0,0.2494852
0,0.25519297
0,0.26004726
0,0.257088
0,0.25078005
0,0.25533116
0,0.24876155
0,0.253964
0,0.25791746
0,0.2570818
0,0.2598602
0,0.2617246
0,0.26189482
0,0.26326182
0,0.2563733
0,0.26102868
0,0.25037304
0,0.25409883
0,0.25199053
0,0.26457578
0,0.2506999
0,0.25426394
0,0.25708202
0,0.25499305
0,0.25701723
0,0.25515088
0,0.25733608
0,0.2546769
0,0.25624502
0,0.25396743
0,0.25913393
0,0.25475556
0,0.26107103
0,0.25515467
0,0.2560763
0,0.25279626
0,0.2547023
0,0.25170758
0,0.25328195
0,0.26498216
0,0.25811008
0,0.25471225
0,0.25509915
0,0.25118893
0,0.2529076
0,0.2639909
0,0.25767916
0,0.253243
0,0.25361806
0,0.26064408
0,0.25630122
0,0.26213813
0,0.2568523
0,0.25207058
0,0.25283024
0,0.24923994
0,0.25012672
0,0.2581197
0,0.25239274
0,0.25914744
0,0.2529624
0,0.2589081
0,0.26123428
0,0.2618244
0,0.25469956
0,0.24914992
0,0.2600158
0,0.25948858
0,0.25305107
0,0.2491906
0,0.2587643
0,0.24791427
0,0.25829273
0,0.25777036
0,0.261993
0,0.2596288
0,0.26284224
0,0.2606274
0,0.25252545
0,0.2559262
0,0.25687042
0,0.25621605
0,0.2649448
0,0.2600183
0,0.2520953
0,0.25489405
0,0.24821053
0,0.25171533
0,0.25592482
0,0.25333834
0,0.25682706
0,0.25373486
0,0.25423568
0,0.25266984
0,0.25550997
0,0.2526107
0,0.25479245
0,0.25161028
0,0.2540491
0,0.2511643
0,0.25369114
0,0.2615422
0,0.2573267
0,0.26452908
0,0.25893235
0,0.25463465
0,0.25523525
0,0.25188094
0,0.2530228
0,0.2493546
0,0.25598085
0,0.26088125
0,0.255851
0,0.26150733
0,0.2510147
0,0.24953066
0,0.2508348
0,0.24778287
0,0.24909425
0,0.25697953
0,0.25269836
0,0.24854265
0,0.2499334
0,0.25701207
0,0.25203726
0,0.24740952
0,0.24824297
0,0.2557549
0,0.25096264
0,0.2615379
0,0.26431563
0,0.2527824
0,0.26203904
0,0.2512207
0,0.2612502
0,0.25423676
0,0.26166
0,0.25009874
0,0.27137083
0,0.25293726
0,0.25153235
0,0.24539095
0,0.24519205
0,0.2507853
0,0.255928
0,0.2552889
0,0.24923348
0,0.2536938
0,0.24732704
0,0.25167117
0,0.24596393
0,0.25021076
0,0.24436787
0,0.2487243
0,0.24314101
0,0.24904943
0,0.24315867
0,0.24725357
0,0.2526711
0,0.26124302
0,0.24771208
0,0.25051084
0,0.25428006
0,0.25127965
0,0.2630758
0,0.25438043
0,0.25653842
0,0.25286216
0,0.255145
0,0.26491284
0,0.26009277
0,0.2544491
0,0.25641882
0,0.2568048
0,0.25678676
0,0.26215774
0,0.2587749
0,0.26334086
0,0.25937864
0,0.25301576
0,0.25582913
0,0.25495392
0,0.2552404
0,0.26413402
0,0.2589971
0,0.25266272
0,0.2544591
0,0.25969443
0,0.2559921
0,0.2603718
0,0.25603643
0,0.26077577
0,0.25596538
0,0.2600905
0,0.25846186
0,0.2498885
0,0.25213093
0,0.2568086
0,0.25298604
0,0.24647889
0,0.24912214
0,0.24358296
0,0.25025094
0,0.24288175
0,0.24279575
0,0.24897026
0,0.24709108
0,0.25285012
0,0.24907535
0,0.25233036
0,0.26012126
0,0.2571914
0,0.25209743
0,0.26057073
0,0.25224796
0,0.2548166
0,0.26111543
0,0.25755873
0,0.26226738
0,0.2583133
0,0.2630291
0,0.25823224
0,0.25257742
0,0.25412774
0,0.25931945
0,0.25564888
0,0.25020292
0,0.25261828
0,0.24802127
0,0.25080553
0,0.24617729
0,0.27173874
0,0.26420686
0,0.25848112
0,0.25124824
0,0.25272956
0,0.25766337
0,0.25390458
0,0.2476783
0,0.25002673
0,0.2548375
0,0.2511481
0,0.25561112
0,0.25092947
0,0.25573146
0,0.25195286
0,0.25584438
0,0.25158924
0,0.25547725
0,0.26184708
0,0.2584509
0,0.2639956
0,0.26023376
0,0.2682698
0,0.2633596
0,0.266193
0,0.26239085
0,0.26566726
0,0.26110756
0,0.25357562
0,0.25675723
0,0.26079693
0,0.2576547
0,0.25069374
0,0.25382084
0,0.25840887
0,0.25671586
0,0.26003
0,0.25608104
0,0.2599744
0,0.2555447
0,0.26182473
0,0.25628647
0,0.2599843
0,0.2560774
0,0.25999245
0,0.25509116
0,0.2593211
0,0.2587135
0,0.24916437
0,0.2510069
0,0.25487617
0,0.2550661
0,0.2561521
0,0.25692073
0,0.2575625
0,0.26350647
0,0.26007092
0,0.25390944
0,0.25594538
0,0.25147006
0,0.25366026
0,0.25997117
0,0.25605294
0,0.26142117
0,0.25733426
0,0.26160172
0,0.25737748
0,0.26170564
0,0.25685713
0,0.26169562
0,0.25656587
0,0.26109874
0,0.25622433
0,0.26011342
0,0.25613046
0,0.25950965
0,0.25520098
0,0.25893006
0,0.2680858
0,0.26880085
0,0.25992534
0,0.26183325
0,0.2561533
0,0.25892538
0,0.25409555
0,0.25769573
0,0.25303087
0,0.25679177
0,0.26307055
0,0.25955784
0,0.27672994
0,0.2657061
0,0.2694192
0,0.2634664
0,0.2677401
0,0.26181805
0,0.26599064
0,0.261345
0,0.26524314
0,0.26003546
0,0.26452187
0,0.2598854
0,0.2642252
0,0.26384032
0,0.26513228
0,0.2590555
0,0.25265306
0,0.2535538
0,0.24861346
0,0.25046492
0,0.25631016
0,0.25235742
0,0.25700516
0,0.26319727
0,0.26203272
0,0.2554211
0,0.2592843
0,0.25366065
0,0.26062435
0,0.26444775
0,0.26179108
0,0.2657841
0,0.26277798
0,0.26640028
0,0.26274532
0,0.2669156
0,0.26235098
0,0.2552481
0,0.25733972
0,0.25205714
0,0.25473478
0,0.26087102
0,0.25696394
0,0.26119357
0,0.2575313
0,0.2619951
0,0.25805494
0,0.26772803
0,0.2613883
0,0.263577
0,0.25896558
0,0.2515643
0,0.25395745
0,0.24760215
0,0.25100854
0,0.25594413
0,0.25297764
0,0.24618365
0,0.24910419
0,0.25407043
0,0.2505657
0,0.2546909
0,0.25148028
0,0.24843884
0,0.24899633
0,0.2639562
0,0.2542107
0,0.25666732
0,0.2522362
0,0.25453618
0,0.25256026
0,0.25167483
0,0.25940073
0,0.2558632
0,0.261643
0,0.25677395
0,0.26223558
0,0.25730225
0,0.26259375
0,0.2574087
0,0.25188747
0,0.25293466
0,0.25930628
0,0.25441292
0,0.2599132
0,0.25455797
0,0.26030883
0,0.25532272
0,0.26079097
0,0.25494963
0,0.2511401
0,0.25048587
0,0.25698948
0,0.26223418
0,0.2513299
0,0.2501327
0,0.25652868
0,0.26067835
0,0.24975397
0,0.24898458
0,0.25473142
0,0.2497141
0,0.26573208
0,0.25749472
0,0.25851968
0,0.2615412
0,0.25981507
0,0.26218122
0,0.2597568
0,0.25161186
0,0.25507692
0,0.24882999
0,0.24216706
0,0.2524833
0,0.25204512
0,0.24527612
0,0.26247373
0,0.25973707
0,0.26772
0,0.26301157
0,0.25890476
0,0.26001245
0,0.25658038
0,0.2578091
0,0.25494635
0,0.25649717
0,0.2537148
0,0.25505346
0,0.25310528
0,0.2594766
0,0.25393188
0,0.25557294
0,0.2518194
0,0.25344333
0,0.25055695
0,0.25254294
0,0.26054788
0,0.25609583
0,0.26281777
0,0.25773647
0,0.26416507
0,0.25856835
0,0.25392306
0,0.25423104
0,0.24998151
0,0.25217062
0,0.2579834
0,0.25407144
0,0.2491477
0,0.25128064
0,0.25727674
0,0.25270173
0,0.2523867
0,0.24581096
0,0.25418016
0,0.25122517
0,0.24527617
0,0.24720356
0,0.24283564
0,0.25563875
0,0.25540477
0,0.25124222
0,0.2550637
0,0.26139167
0,0.24874622
0,0.26000467
0,0.25779492
0,0.26465186
0,0.2598513
0,0.2645025
0,0.25973168
0,0.25348818
0,0.2591075
1,0.2517883
1,0.25407323
1,0.24925902
1,0.25176933
1,0.24730086
1,0.2555792
1,0.24805245
1,0.25016975
1,0.24534273
1,0.24845193
1,0.24377437
1,0.2472127
1,0.24232014
1,0.2458369
1,0.24696352
0,0.916758
0,0.6907698
0,0.56849706
0,0.4924005
0,0.42232725
0,0.37524986
0,0.32935622
0,0.30190134
0,0.27528659
0,0.26417035
0,0.2510498
0,0.24399494
0,0.24240033
0,0.23090158
0,0.2240393
0,0.20982018
0,0.19742964
0,0.19383942
0,0.20153974
0,0.20920599
0,0.21432014
0,0.21663436
0,0.22010799
0,0.22723688
0,0.2296322
0,0.23952489
0,0.23829937
0,0.24120814
0,0.25031176
0,0.25685012
0,0.2623056
0,0.25506192
0,0.2499769
0,0.26050326
0,0.26025227
0,0.26459336
0,0.25228235
0,0.26192254
0,0.250738
0,0.24978952
0,0.24504833
0,0.2561262
0,0.25581834
0,0.26032287
0,0.24765758
0,0.2576808
0,0.25716546
0,0.26587138
0,0.26064095
0,0.25272912
0,0.25571078
0,0.26016086
0,0.25795764
0,0.26127464
0,0.25865903
0,0.25106457
0,0.25423276
0,0.25889474
0,0.25605702
0,0.24921383
0,0.25278175
0,0.25691792
0,0.2546713
0,0.25857273
0,0.25519797
0,0.24791315
0,0.25091556
0,0.25548485
0,0.2530163
0,0.24628764
0,0.25468498
0,0.2561085
0,0.25333482
0,0.2600167
0,0.2545925
0,0.25659242
0,0.25276285
0,0.25772348
0,0.25236544
0,0.25971827
0,0.25329152
0,0.25557852
0,0.2512478
0,0.25382024
0,0.25025097
0,0.25258675
0,0.2495074
0,0.25126687
0,0.24794869
0,0.25078133
0,0.24790904
0,0.25471824
0,0.24892491
0,0.250462
0,0.2472745
0,0.24885958
0,0.24555847
0,0.24664906
0,0.24378411
0,0.25677612
0,0.26973626
0,0.25726348
0,0.26081103
0,0.25431272
0,0.24837518
0,0.2595025
0,0.24847369
0,0.2486424
0,0.25455698
0,0.24985802
0,0.25478503
0,0.24954093
0,0.24390094
0,0.2443014
0,0.2406531
0,0.24158083
0,0.24872985
0,0.25411865
0,0.25438848
0,0.25774273
0,0.25631657
0,0.2588457
0,0.25682634
0,0.25890434
0,0.25662327
0,0.25863698
0,0.25614
0,0.24898143
0,0.25205266
0,0.25598618
0,0.25234097
0,0.2554612
0,0.2522799
0,0.25553623
0,0.25159186
0,0.25485247
0,0.25374368
0,0.2558519
0,0.26244152
0,0.25898677
0,0.25406265
0,0.25626266
0,0.25203082
0,0.25529146
0,0.26206958
0,0.2730751
0,0.25892502
0,0.25896257
0,0.25348526
0,0.25453115
0,0.26110008
0,0.25620398
0,0.25101817
0,0.25411606
0,0.24901918
0,0.25102845
0,0.25714394
0,0.25348032
0,0.2584718
0,0.2595553
0,0.25089005
0,0.25193572
0,0.25695416
0,0.2529965
0,0.25816703
0,0.25409254
0,0.2479782
0,0.24945386
0,0.24459079
0,0.24654496
0,0.24708718
0,0.2574225
0,0.25698373
0,0.26018187
0,0.26335174
0,0.25483716
0,0.25768563
0,0.25169602
0,0.25642803
0,0.2504604
0,0.2544563
0,0.25909254
0,0.25696617
0,0.25192556
0,0.25508958
0,0.2594783
0,0.25670093
0,0.26042554
0,0.25790527
0,0.25131598
0,0.25474343
0,0.25834382
0,0.25569865
0,0.2586231
0,0.2564692
0,0.25846416
0,0.25672463
0,0.24796729
0,0.25209904
0,0.25530812
0,0.24375853
0,0.25236654
0,0.25155282
0,0.2544898
0,0.25251824
0,0.2550915
0,0.2530837
0,0.26620758
0,0.25721818
0,0.2581099
0,0.25498006
0,0.25651538
0,0.25362554
0,0.2551188
0,0.2524275
0,0.25370598
0,0.2620788
0,0.2565814
0,0.25312164
0,0.25379738
0,0.25109786
0,0.25191873
0,0.24920505
0,0.25029185
0,0.25102308
0,0.25032794
0,0.25778013
0,0.25355294
0,0.24893759
0,0.26043603
0,0.26146856
0,0.25513908
0,0.26064417
0,0.25395462
0,0.26388338
0,0.26629218
0,0.2651637
0,0.25682354
0,0.26195636
0,0.26557648
0,0.25334018
0,0.26304874
0,0.26143157
0,0.25468153
0,0.25890294
0,0.2631198
0,0.26146403
0,0.26492923
0,0.26178432
0,0.25470924
0,0.2582552
0,0.26279017
0,0.2598692
0,0.26339146
0,0.25995165
0,0.2640027
0,0.26056096
0,0.25321424
0,0.26687416
0,0.25349432
0,0.25620112
0,0.2498442
0,0.25280544
0,0.25801805
0,0.2554772
0,0.2486605
0,0.2548312
0,0.24752341
0,0.2505432
0,0.26642895
0,0.25732222
0,0.24942154
0,0.25129345
0,0.25553888
0,0.25245693
0,0.2555686
0,0.2634106
0,0.26037908
0,0.2545928
0,0.2578305
0,0.25222582
0,0.25588498
0,0.2503652
0,0.24848077
0,0.24683917
0,0.25061947
0,0.24620093
0,0.2500298
0,0.25552025
0,0.2534003
0,0.25791517
0,0.25435105
0,0.25842398
0,0.26008907
0,0.24964632
0,0.25171033
0,0.24559435
0,0.24803793
0,0.25390065
0,0.24962567
0,0.2542929
0,0.250622
0,0.25477314
0,0.2494764
0,0.25417244
0,0.26115215
0,0.25797772
0,0.25270554
0,0.2556626
0,0.2615933
0,0.25834006
0,0.2527932
0,0.25563824
0,0.2615977
0,0.2579325
0,0.2528061
0,0.25510287
0,0.2549171
0,0.25462064
0,0.27163213
0,0.26072302
0,0.2532926
0,0.25436786
0,0.25958368
0,0.26698095
0,0.26444343
0,0.25939125
0,0.25162527
0,0.25305554
0,0.25675204
0,0.2535792
0,0.2574912
0,0.25373086
0,0.25786397
0,0.25347582
0,0.256887
0,0.25326946
0,0.2562014
0,0.26318207
0,0.26003036
0,0.26565406
0,0.26182905
0,0.2556166
0,0.24724868
0,0.24910365
0,0.25284013
0,0.24937728
0,0.2525933
0,0.25294012
0,0.25333798
0,0.2593922
0,0.25610682
0,0.25045025
0,0.25273097
0,0.24740748
0,0.25035393
0,0.24547642
0,0.25972265
0,0.25938085
0,0.25528687
0,0.25940466
0,0.2549028
0,0.25943974
0,0.2612673
0,0.25009683
0,0.25101563
0,0.24509455
0,0.24743307
0,0.25193167
0,0.25996265
0,0.24722551
0,0.24899703
0,0.25259385
0,0.2500064
0,0.25314802
0,0.2607502
0,0.2614379
0,0.25475985
0,0.25647634
0,0.26259243
0,0.2584955
0,0.26341492
0,0.2591123
0,0.26457644
0,0.25947264
0,0.25325364
0,0.2547847
0,0.24943931
0,0.25200295
0,0.24716115
0,0.2534243
0,0.2466429
0,0.24958497
0,0.25330415
0,0.25628176
0,0.25870532
0,0.25481778
0,0.24841815
0,0.24991728
0,0.24454524
0,0.25797707
0,0.25772053
0,0.26342273
0,0.2557557
0,0.2530077
0,0.25711882
0,0.26179823
0,0.2605285
0,0.2644781
0,0.26438674
0,0.26654768
0,0.26313913
0,0.26610738
0,0.26280195
0,0.2652173
0,0.27294573
0,0.25819102
0,0.2648079
0,0.26500472
0,0.26500866
0,0.2546082
0,0.26304793
0,0.2634268
0,0.2599919
0,0.2660139
0,0.26083696
0,0.26144496
0,0.25948548
0,0.26165587
0,0.27023202
0,0.26503047
0,0.26126853
0,0.26200372
0,0.25962156
0,0.25050193
0,0.25423378
0,0.25630912
0,0.25436208
0,0.25642118
0,0.25397313
0,0.25600058
0,0.25363144
0,0.2551665
0,0.2529067
0,0.2541623
0,0.25210783
0,0.25394675
0,0.2518014
0,0.25476864
0,0.25158143
0,0.25236085
0,0.25058487
0,0.25080532
0,0.24864821
0,0.2497171
0,0.26911932
0,0.25775808
0,0.2646155
0,0.25762576
0,0.25353348
0,0.2526854
0,0.24957852
0,0.24968797
0,0.25835863
0,0.25587952
0,0.25057462
0,0.25006288
0,0.24700631
0,0.24740025
0,0.24489866
0,0.24536732
0,0.25379747
0,0.25946555
0,0.2600869
0,0.26345915
0,0.26316798
0,0.26581216
0,0.25412992
0,0.2621294
0,0.26249894
0,0.26507646
0,0.26415005
0,0.25541058
0,0.2602355
0,0.26316866
0,0.25091282
0,0.25004286
0,0.25495264
0,0.24858156
0,0.25365993
0,0.25825965
0,0.26137054
0,0.25144976
0,0.2659542
0,0.25226298
0,0.25633058
0,0.24883062
0,0.2527751
0,0.25650734
0,0.25523317
0,0.24753714
0,0.25177255
0,0.2550408
0,0.25315392
0,0.24594012
0,0.24980734
0,0.25343135
0,0.25176105
0,0.25429875
0,0.25221112
0,0.2545791
0,0.25162858
0,0.2540417
0,0.25686303
0,0.2558198
0,0.2520746
0,0.25424397
0,0.26139724
0,0.25770816
0,0.25297305
0,0.25402915
0,0.26121652
0,0.25259164
0,0.25207388
0,0.25206628
0,0.24863814
0,0.2548693
0,0.26033184
0,0.25502303
0,0.26123703
0,0.2558704
0,0.25157803
0,0.25514498
0,0.24914019
0,0.25108993
0,0.2469687
0,0.24787296
0,0.24440333
0,0.256609
0,0.24733487
0,0.24787977
0,0.2617736
0,0.2634407
0,0.25103736
0,0.2606876
0,0.25950298
0,0.2638077
0,0.2506207
0,0.24976067
0,0.26539487
0,0.26360172
0,0.2509786
0,0.2594698
0,0.25863698
0,0.25110564
0,0.26661214
0,0.26413104
0,0.261541
0,0.25253433
0,0.2557373
0,0.24909131
0,0.2538774
0,0.24682659
0,0.25212663
0,0.25555643
0,0.2600003
0,0.26044658
0,0.2579902
0,0.2624177
0,0.2582229
0,0.24968322
0,0.25274655
0,0.2555029
0,0.25395963
0,0.25584802
0,0.25555268
0,0.25636372
0,0.25407416
0,0.25661716
0,0.2581543
0,0.25765866
0,0.25436804
0,0.25602752
0,0.2526457
0,0.25584185
0,0.2520572
0,0.25853163
0,0.2527663
0,0.25479752
0,0.2621979
0,0.2584977
0,0.25402066
0,0.25570825
0,0.2784409
0,0.26349407
0,0.25744125
0,0.25713933
0,0.25272584
0,0.25335366
0,0.2602034
0,0.25517148
0,0.26102054
0,0.25630516
0,0.26206735
0,0.25588706
0,0.26114014
0,0.255546
0,0.2505116
0,0.2511664
0,0.2578179
0,0.2522277
0,0.2583344
0,0.25246423
0,0.2588801
0,0.25279596
0,0.25853398
0,0.2627027
0,0.25153622
0,0.2614803
0,0.26092038
0,0.2532657
0,0.25806707
0,0.26181334
0,0.25919166
0,0.26252177
0,0.2510701
0,0.25911832
0,0.2602411
0,0.26149005
0,0.2609351
0,0.26209712
0,0.26027238
0,0.26179186
0,0.26836812
0,0.26400706
0,0.2617034
0,0.26160094
0,0.2603477
0,0.2600904
0,0.2649586
0,0.25074068
0,0.25515607
0,0.25664774
0,0.25588697
0,0.25640085
0,0.2558691
0,0.25554872
0,0.25478774
0,0.25953326
0,0.26043317
0,0.25670823
0,0.25541922
0,0.2549757
0,0.25379023
0,0.25373888
0,0.2559842
0,0.25341213
0,0.25196373
0,0.2513226
0,0.26090458
0,0.25448847
0,0.2627499
0,0.2549513
0,0.26287624
0,0.25512636
0,0.25172856
0,0.2506006
0,0.2521023
0,0.2594205
0,0.25060356
0,0.26029873
0,0.25120714
0,0.24926251
0,0.25740522
0,0.26096922
0,0.26211342
0,0.26369187
0,0.26819596
0,0.25576454
0,0.26146632
0,0.2520143
0,0.2485189
0,0.2560362
0,0.258209
0,0.24829856
0,0.25417647
0,0.24659759
0,0.24395287
0,0.25168526
0,0.25475615
0,0.2558996
0,0.25728926
0,0.25707757
0,0.2584149
0,0.2627004
0,0.26063177
0,0.25149453
0,0.2673599
0,0.26093677
0,0.26017314
0,0.25872725
0,0.25867048
0,0.2579453
0,0.25829738
0,0.2601449
0,0.25820768
0,0.26062888
0,0.25760204
0,0.25662246
0,0.25629696
0,0.25516912
0,0.25533786
0,0.33080426
0,0.28521472
0,0.2741588
0,0.26845527
0,0.26365298
0,0.26153392
0,0.26279387
0,0.25902036
0,0.2557096
0,0.25590312
0,0.26353192
0,0.263042
0,0.2663138
0,0.25909808
0,0.26547992
0,0.2586429
0,0.2537231
0,0.25272658
0,0.2495737
0,0.2487289
0,0.26071072
0,0.25723538
0,0.26294228
0,0.26066098
0,0.25279233
0,0.26283965
0,0.26287076
0,0.26704833
0,0.2655584
0,0.26851806
0,0.25493464
0,0.26131305
0,0.25083283
0,0.24971983
0,0.25547987
0,0.2602463
0,0.25912076
0,0.25220284
0,0.24644272
0,0.24586216
0,0.25162283
0,0.24679297
0,0.2519251
0,0.25647458
0,0.25578198
0,0.24873072
0,0.2534677
0,0.24654895
0,0.2514689
0,0.24504964
0,0.25061086
0,0.2435719
0,0.25351506
0,0.24581386
0,0.2495015
0,0.25349197
0,0.2508595
0,0.25392362
0,0.25204557
0,0.25378042
0,0.25206715
0,0.25375253
0,0.25177023
0,0.2537643
0,0.2512354
0,0.2553168
0,0.2509777
0,0.2573227
0,0.25230068
0,0.25331116
0,0.25042295
0,0.25205484
0,0.2600676
0,0.268169
0,0.26756242
0,0.2606634
0,0.27040157
0,0.26081157
0,0.26571235
0,0.25897864
0,0.2533893
0,0.25339875
0,0.25983688
0,0.2549816
0,0.26677942
0,0.25717217
0,0.26215577
0,0.25614727
0,0.25044248
0,0.26133323
0,0.26118624
0,0.2652349
0,0.2529037
0,0.25235355
0,0.2575734
0,0.25150505
0,0.24651255
0,0.2564781
0,0.25702345
0,0.26122603
0,0.26071742
0,0.2530986
0,0.24674626
0,0.25620013
0,0.25618714
0,0.24869967
0,0.2539048
0,0.2578832
0,0.2568533
0,0.26483193
0,0.26040986
0,0.2511993
0,0.2555338
0,0.2584712
0,0.25656438
0,0.2593017
0,0.26798925
0,0.2531169
0,0.26669556
0,0.26249272
0,0.25901702
0,0.24994709
0,0.25319904
0,0.26130384
0,0.25646386
0,0.2585476
0,0.255879
0,0.25784537
0,0.2543097
0,0.25633967
0,0.25779393
0,0.25322226
0,0.25229383
0,0.2550408
0,0.25149947
0,0.25449812
0,0.2514596
0,0.25402215
0,0.25051996
0,0.25294563
0,0.26068166
0,0.26076153
0,0.26504022
0,0.259425
0,0.25406238
0,0.2547507
0,0.25039703
0,0.25198692
0,0.24819452
0,0.2501911
0,0.24721083
0,0.25422403
0,0.25893372
0,0.25331154
0,0.25266537
0,0.25977904
0,0.2509196
0,0.25137722
0,0.24521208
0,0.2475415
0,0.25495517
0,0.2607901
0,0.25045663
0,0.2498444
0,0.24556862
0,0.24573183
0,0.25315994
0,0.24748579
0,0.24367163
0,0.25399402
0,0.24497093
0,0.24391522
0,0.2511321
0,0.25561357
0,0.25660962
0,0.2592408
0,0.25911295
0,0.26570788
0,0.2512661
0,0.24799037
0,0.25429788
0,0.24828734
0,0.25273675
0,0.2452647
0,0.25169694
0,0.24354576
0,0.250215
0,0.25346923
0,0.25383833
0,0.2556178
0,0.2551962
0,0.2603697
0,0.25728926
0,0.2628665
0,0.2588502
0,0.26392886
0,0.25899008
0,0.2586151
0,0.27561057
0,0.2642486
0,0.26056558
0,0.27086806
0,0.28419182
0,0.26888093
0,0.2633467
0,0.26049486
0,0.25733873
0,0.25668153
0,0.25460553
0,0.2548286
0,0.25266746
0,0.25369003
0,0.25124127
0,0.2572088
0,0.2628132
0,0.2566394
0,0.25340456
0,0.25311118
0,0.2501151
0,0.25081784
0,0.24815485
0,0.24885608
0,0.24649262
0,0.2580531
0,0.25962174
0,0.26386014
0,0.26455802
0,0.26726165
0,0.266011
0,0.26763037
0,0.25566253
0,0.26702178
0,0.2570095
0,0.2526241
0,0.24760108
0,0.25714612
0,0.24726322
0,0.24645348
0,0.2527623
0,0.2567483
0,0.25701606
0,0.25470877
0,0.25712413
0,0.2648907
0,0.2611727
0,0.25102735
0,0.25688386
0,0.25870022
0,0.2633502
0,0.2614391
0,0.25798082
0,0.2604206
0,0.2632692
0,0.26196876
0,0.25989828
0,0.26091102
0,0.25886124
0,0.26009765
0,0.25792357
0,0.25791582
0,0.25689542
0,0.25940976
0,0.25692028
0,0.26646167
0,0.25982305
0,0.2593044
0,0.2569965
0,0.25776234
0,0.25512305
0,0.25626904
0,0.25434166
0,0.25547174
0,0.252825
0,0.25353768
0,0.25149727
0,0.26360986
0,0.2655424
0,0.26390508
0,0.26718274
0,0.26029193
0,0.26619786
0,0.25932935
0,0.26534018
0,0.25844106
0,0.2636196
0,0.25720268
0,0.25231546
0,0.25200996
0,0.25932136
0,0.26397005
0,0.26405764
0,0.2668476
0,0.26579097
0,0.2684336
0,0.2554406
0,0.2641436
0,0.26414302
0,0.25578094
0,0.26096782
0,0.26429263
0,0.25240254
0,0.26152942
0,0.25077373
0,0.25992352
0,0.24979882
0,0.24826561
0,0.2441391
0,0.24729659
0,0.2525206
0,0.24628702
0,0.24231865
0,0.25240925
0,0.26407367
0,0.26151478
0,0.25979477
0,0.26051995
0,0.25955936
0,0.26030615
0,0.25894108
0,0.26014984
0,0.25813812
0,0.25918233
0,0.2577724
0,0.2585448
0,0.25677347
0,0.26265648
0,0.25751144
0,0.25830892
0,0.25571328
0,0.2565457
0,0.25526938
0,0.25642765
0,0.25394025
0,0.2600622
0,0.2547826
0,0.25605235
0,0.2533581
0,0.2545622
0,0.25230014
0,0.25401935
0,0.25138217
0,0.25275257
0,0.2567369
0,0.254505
0,0.26169577
0,0.25701562
0,0.2632216
0,0.25844312
0,0.26336
0,0.25797385
0,0.26808277
0,0.25920716
0,0.26394933
0,0.25818592
0,0.25199485
0,0.2523289
0,0.24764648
0,0.24882837
0,0.24462473
0,0.24657097
0,0.24249297
0,0.25526252
0,0.2552376
0,0.24991061
0,0.25464997
0,0.25366756
0,0.2562329
0,0.2498176
0,0.25465783
0,0.24865514
0,0.25375724
0,0.25859833
0,0.25702786
0,0.26116952
0,0.25839004
0,0.2505953
0,0.25571123
0,0.25908262
0,0.2564472
0,0.24874255
0,0.2524694
0,0.25605205
0,0.2541225
0,0.25750655
0,0.25476044
0,0.25863516
0,0.2659813
0,0.25167397
0,0.25372514
0,0.25655246
0,0.2537244
0,0.2563084
0,0.26940566
0,0.2632085
0,0.25810617
0,0.26003054
0,0.27863568
0,0.27154124
0,0.26360533
0,0.26307893
0,0.26882386
0,0.26102182
0,0.2604722
0,0.25940502
0,0.26522034
0,0.2602233
0,0.2553998
0,0.25593695
0,0.25185522
0,0.25506803
0,0.26084405
0,0.25626567
0,0.2624364
0,0.2570464
0,0.25178075
0,0.25301227
0,0.25954586
0,0.26571962
0,0.26567107
0,0.25859448
0,0.25279787
0,0.2637566
0,0.26354757
0,0.26776266
0,0.2588871
0,0.2561895
0,0.25031602
0,0.25045842
0,0.25655282
0,0.26161414
0,0.26122296
0,0.26463115
0,0.26303342
0,0.2656123
0,0.2646974
0,0.25525847
0,0.25896063
0,0.2513768
0,0.25647134
0,0.24996103
0,0.2549881
0,0.25883156
0,0.25816458
0,0.26105362
0,0.25970414
0,0.26226982
0,0.2603704
0,0.26205358
0,0.2598902
0,0.2558552
0,0.257686
0,0.2609737
0,0.25944483
0,0.25037098
0,0.2548531
0,0.25762472
0,0.2560893
0,0.25867066
0,0.25633875
0,0.25869793
0,0.2557228
0,0.26115158
0,0.25721803
0,0.25831366
0,0.25557858
0,0.25768036
0,0.2546895
0,0.25703228
0,0.25396
0,0.25614232
0,0.26368934
0,0.2590774
0,0.2588607
0,0.26268092
0,0.2664435
0,0.27174234
0,0.27100718
0,0.26337257
0,0.2578353
0,0.25720972
0,0.265206
0,0.25796154
0,0.2649574
0,0.25845206
0,0.25380468
0,0.26460195
0,0.26577833
0,0.26912007
0,0.2689866
0,0.27157298
0,0.2592699
0,0.26743826
0,0.26638523
0,0.26909432
0,0.2577014
0,0.25485238
0,0.26122615
0,0.25437185
0,0.26060486
0,0.26381058
0,0.2528218
0,0.2508455
0,0.25747272
0,0.25125158
0,0.25700924
0,0.2602947
0,0.26039794
0,0.2518435
0,0.25787362
0,0.24999508
0,0.25626558
0,0.25375843
0,0.25691938
0,0.26030254
0,0.25951
0,0.26474392
0,0.261561
0,0.26168683
0,0.26071957
0,0.26059318
0,0.25916728
0,0.25972015
0,0.2591485
0,0.2602146
0,0.25851277
0,0.25844288
0,0.25814632
0,0.25831056
0,0.25753605
0,0.25926736
0,0.25783795
0,0.2578378
0,0.25713
0,0.25650343
0,0.25609148
0,0.25529397
0,0.25499696
0,0.25513637
0,0.25455028
0,0.25417328
0,0.25327682
0,0.253247
0,0.2530191
0,0.2533623
0,0.25230283
0,0.2517096
0,0.25138164
0,0.2568986
0,0.25284308
0,0.25171566
0,0.2505133
0,0.25045314
0,0.24890122
0,0.252538
0,0.2596457
0,0.26291013
0,0.26507747
0,0.26927724
0,0.2577183
0,0.2645103
0,0.2554487
0,0.2624972
0,0.25855985
0,0.26316154
0,0.2542577
0,0.2512321
0,0.2590962
0,0.26164907
0,0.25333157
0,0.24995324
0,0.25724488
0,0.26004937
0,0.25156385
0,0.24794397
0,0.25570786
0,0.24806872
0,0.24478415
0,0.24408591
0,0.25311333
0,0.24557565
0,0.25358024
0,0.24617228
0,0.25320622
0,0.26039496
0,0.25864586
0,0.25933114
0,0.25913116
0,0.25950545
0,0.25941157
0,0.25912622
0,0.25895017
0,0.2594655
0,0.2586887
0,0.24770202
0,0.25428194
0,0.2547251
0,0.2551416
0,0.25965136
0,0.25077078
0,0.2542265
0,0.25467372
0,0.2553815
0,0.2549171
0,0.25506657
0,0.25477016
0,0.25422525
0,0.24837676
0,0.2510841
0,0.25199202
0,0.25219393
0,0.25234202
0,0.25153756
0,0.2515633
0,0.26031506
0,0.25525677
0,0.25318217
0,0.25263247
0,0.25158247
0,0.2670524
0,0.256262
0,0.2650046
0,0.26216474
0,0.26845542
0,0.25781488
0,0.25497139
0,0.26254222
0,0.26481792
0,0.25562334
0,0.25279617
0,0.2505563
0,0.26138705
0,0.26300234
0,0.25393012
0,0.25064233
0,0.2480758
0,0.24624684
0,0.25510946
0,0.2478107
0,0.24551293
0,0.25459474
0,0.24728361
0,0.25557885
0,0.2574058
0,0.24859734
0,0.25560403
0,0.2619757
0,0.26024815
0,0.26056254
0,0.25977796
0,0.25964803
0,0.2598007
0,0.25942647
0,0.25884578
0,0.2592857
0,0.25762352
0,0.25802246
0,0.25702345
0,0.25694692
0,0.2571717
0,0.25741455
0,0.26114318
0,0.2585894
0,0.25737527
0,0.2570113
0,0.25614917
0,0.25634274
0,0.2551592
0,0.25536427
0,0.25477847
0,0.25483173
0,0.2534419
0,0.2543715
0,0.25344604
0,0.25375077
0,0.24850981
0,0.2508472
0,0.26206124
0,0.25586155
0,0.2540826
0,0.26424348
0,0.2564012
0,0.25451103
0,0.25320053
0,0.25234148
0,0.2559616
0,0.25259995
0,0.25123104
0,0.26182786
0,0.2645803
0,0.2569474
0,0.26391757
0,0.25670925
0,0.25277096
0,0.26259634
0,0.26380798
0,0.26712197
0,0.2558721
0,0.26439187
0,0.26518354
0,0.26636633
0,0.2661582
0,0.27242625
0,0.26792535
0,0.26319584
0,0.26523265
0,0.25637692
0,0.2612268
0,0.25401232
0,0.26210937
0,0.26383594
0,0.26556972
0,0.26605946
0,0.267481
0,0.26781443
0,0.26485395
0,0.2670643
0,0.25325242
0,0.26207203
0,0.26034686
0,0.25268704
0,0.25711662
0,0.26066294
0,0.2590656
0,0.26189652
0,0.2595113
0,0.2512564
0,0.25564718
0,0.2488418
0,0.2528395
0,0.25685742
0,0.2548102
0,0.25274065
0,0.2530122
0,0.25621113
0,0.2533462
0,0.25642553
0,0.25327194
0,0.2562215
0,0.25324887
0,0.25520507
0,0.26337907
0,0.26249525
0,0.2567037
0,0.2572037
0,0.26447412
0,0.25915632
0,0.26589742
0,0.26021832
0,0.25570047
0,0.26762798
0,0.25746933
0,0.2569489
0,0.2640267
0,0.25800747
0,0.264564
0,0.25890747
0,0.2537422
0,0.25420955
0,0.25080472
0,0.25148925
0,0.25890848
0,0.26462975
0,0.26407477
0,0.2682665
0,0.2560815
0,0.25466758
0,0.26025394
0,0.25394878
0,0.25941968
0,0.26375154
0,0.26246035
0,0.25555938
0,0.2515598
0,0.24987014
0,0.2546561
0,0.25965628
0,0.26254162
0,0.26349247
0,0.2726818
0,0.25744584
0,0.25950316
0,0.26201218
0,0.25932398
0,0.25104216
0,0.25459194
0,0.25768837
0,0.25620714
0,0.25879353
0,0.2567889
0,0.25872186
0,0.25683016
0,0.25873655
0,0.25603026
0,0.25792512
0,0.25483912
0,0.25746667
0,0.25472713
0,0.25647333
0,0.25415155
0,0.2558324
0,0.26409805
0,0.25966132
0,0.26622033
0,0.26165864
0,0.26709583
0,0.2618041
0,0.2670218
0,0.26188552
0,0.25610784
0,0.25761193
0,0.2550088
0,0.25578445
0,0.25090456
0,0.25329232
0,0.2600621
0,0.2561173
0,0.26152673
0,0.2566988
0,0.2512378
0,0.2530015
0,0.25929523
0,0.25476304
0,0.24968368
0,0.26184818
0,0.26225242
0,0.2563819
0,0.25163272
0,0.25172102
0,0.2577921
0,0.26378313
0,0.2517945
0,0.2518315
0,0.24674994
0,0.24799281
0,0.24353753
0,0.25876257
0,0.25656173
0,0.25143972
0,0.25569645
0,0.25053486
0,0.25526336
0,0.25448027
0,0.2564864
0,0.25016853
0,0.25459096
0,0.24867478
0,0.25323886
0,0.24735779
0,0.25303137
0,0.2576041
0,0.2560041
0,0.24919838
0,0.2582141
0,0.24811392
0,0.2522674
0,0.25614637
0,0.25470763
0,0.25730875
0,0.25552142
0,0.26855966
0,0.2598171
0,0.26191482
0,0.2594567
0,0.27125862
0,0.26129732
0,0.2505536
0,0.25286075
0,0.25587016
0,0.2526169
0,0.2662823
0,0.26814687
0,0.26219368
0,0.2581346
0,0.25872177
0,0.25468364
0,0.25611427
0,0.25263706
0,0.25419196
0,0.26203012
0,0.25711614
0,0.2644793
0,0.26472962
0,0.25648448
0,0.25671166
0,0.25248358
0,0.25366256
0,0.25079703
0,0.25211394
0,0.24859509
0,0.24965851
0,0.24708845
0,0.24892585
0,0.25652567
0,0.26275998
0,0.2523615
0,0.26362777
0,0.26377973
0,0.26784465
0,0.26655865
0,0.2690696
0,0.26678
0,0.26986682
0,0.267621
0,0.26955435
0,0.26780203
0,0.27333072
0,0.26866245
0,0.27005687
0,0.26690495
0,0.2687389
0,0.2659072
0,0.25670326
0,0.2617514
0,0.26356405
0,0.26205438
0,0.25452933
0,0.2584201
0,0.2507903
0,0.25610086
0,0.25999182
0,0.2593431
0,0.2616682
0,0.26021117
0,0.25160575
0,0.26749387
0,0.263406
0,0.2611842
0,0.26212955
0,0.2596978
0,0.26118982
0,0.25855133
0,0.26392186
0,0.2589706
0,0.260022
0,0.25763848
0,0.25781208
0,0.2977714
0,0.2736182
0,0.26656178
0,0.26405337
0,0.26030293
0,0.25948793
0,0.26727265
0,0.26001817
0,0.25688818
0,0.256622
0,0.24988773
0,0.2527572
0,0.26220843
0,0.2566602
0,0.26485988
0,0.2572887
0,0.25803813
0,0.25559032
0,0.25244492
0,0.26310974
0,0.26485458
0,0.25962412
0,0.2644796
0,0.2690299
0,0.2680392
0,0.27119666
0,0.25815767
0,0.2675401
0,0.26656625
0,0.25958908
0,0.26302633
0,0.26726633
0,0.26606077
0,0.2689403
0,0.25597095
0,0.25441176
0,0.2595328
0,0.25312525
0,0.25840548
0,0.25248796
0,0.25794297
0,0.2621953
0,0.26140723
0,0.2647314
0,0.26279935
0,0.26604712
0,0.26305434
0,0.26589662
0,0.26362133
0,0.2654798
0,0.26304695
0,0.2541497
0,0.25819418
0,0.25001192
0,0.25540435
0,0.25860313
0,0.25760216
0,0.2708671
0,0.26237282
0,0.2629353
0,0.26044932
0,0.26080406
0,0.25835344
0,0.25910026
0,0.25796428
0,0.25859264
0,0.2565086
0,0.25732195
0,0.2553926
0,0.2562325
0,0.2542089
0,0.25500572
0,0.26379198
0,0.2690006
0,0.33731085
0,0.293357
0,0.28920287
0,0.27530035
0,0.26730824
0,0.26373607
0,0.2701302
0,0.26264426
0,0.2684653
0,0.26132733
0,0.26747727
0,0.25975457
0,0.25607997
0,0.255003
0,0.26236793
0,0.25638568
0,0.26321006
0,0.2674148
0,0.2676572
0,0.2705517
0,0.26918638
0,0.27149647
0,0.2595585
0,0.25634328
0,0.26243255
0,0.26572472
0,0.26598242
0,0.26833567
0,0.25649974
0,0.26488748
0,0.26335436
0,0.26586857
0,0.26431173
0,0.2569477
0,0.26073486
0,0.2638517
0,0.26272953
0,0.26535356
0,0.26341283
0,0.258978
0,0.26664054
0,0.2657157
0,0.2587925
0,0.26334074
0,0.26197386
0,0.2533626
0,0.2577183
0,0.26015982
0,0.25886175
0,0.25061512
0,0.2553769
0,0.2605524
0,0.25808254
0,0.26065677
0,0.24846196
0,0.24638785
0,0.25170815
0,0.255385
0,0.25505972
0,0.2575491
0,0.256144
0,0.25913626
0,0.2568176
0,0.26985106
0,0.26075888
0,0.26068705
0,0.25757277
0,0.2581195
0,0.26596323
0,0.2717957
0,0.26150438
0,0.26064524
0,0.33383262
0,0.28786644
0,0.2742296
0,0.2698512
0,0.27332017
0,0.26543683
0,0.26993224
0,0.26332885
0,0.26636717
0,0.26094356
0,0.25588995
0,0.2556956
0,0.26268166
0,0.2568808
0,0.2630884
0,0.2574152
0,0.2525386
0,0.2532164
0,0.24979296
0,0.2502839
0,0.259305
0,0.25363746
0,0.24905474
0,0.26050472
0,0.24997805
0,0.2608889
0,0.26033556
0,0.26503122
0,0.26266032
0,0.26641747
0,0.26407525
0,0.26628953
0,0.26341295
0,0.26650822
0,0.26351368
0,0.25527164
0,0.25833848
0,0.2625919
0,0.25985342
0,0.26314536
0,0.26299217
0,0.25385126
0,0.2565286
0,0.25027126
0,0.25296322
0,0.25795096
0,0.25604016
0,0.26078632
0,0.25719273
0,0.2599178
0,0.2570626
0,0.25974864
0,0.25686195
0,0.25950983
0,0.26043776
0,0.2603158
0,0.2565494
0,0.25917077
0,0.2557877
0,0.25827694
0,0.25089604
0,0.2553329
0,0.2528324
0,0.2555432
0,0.26301172
0,0.2599788
0,0.25536013
0,0.26138183
0,0.26564965
0,0.2608633
0,0.2671256
0,0.26136065
0,0.26719806
0,0.26202238
0,0.25638095
0,0.25776136
0,0.26403797
0,0.2594007
0,0.25415277
0,0.25593585
0,0.25098255
0,0.26426896
0,0.26444775
0,0.25917825
0,0.25224742
0,0.25390595
0,0.25784656
0,0.25434166
0,0.24959737
0,0.25125942
0,0.25781447
0,0.25328586
0,0.24829863
0,0.24975172
0,0.25604054
0,0.25168023
0,0.2573168
0,0.26305124
0,0.2511143
0,0.26182938
0,0.26063675
0,0.26498255
0,0.26255783
0,0.2554983
0,0.2590482
0,0.26359597
0,0.2608406
0,0.2536618
0,0.25782913
0,0.26179898
0,0.26380542
0,0.2641443
0,0.26083517
0,0.2635942
0,0.26026508
0,0.2522541
0,0.25555173
0,0.25901222
0,0.2570424
0,0.2598334
0,0.25717464
0,0.25929868
0,0.25725004
0,0.2592512
0,0.2565606
0,0.24836503
0,0.2524853
0,0.2548801
0,0.25427073
0,0.25596115
0,0.25478417
0,0.25653112
0,0.25445825
0,0.25620058
0,0.25380322
0,0.25554693
0,0.26373425
0,0.25896826
0,0.25491402
0,0.25600165
0,0.2631452
0,0.25862035
0,0.2644281
0,0.25918686
0,0.2539337
0,0.25578052
0,0.26179326
0,0.2684935
0,0.25615728
0,0.25660798
0,0.2506959
0,0.25259683
0,0.24774928
0,0.25097242
0,0.2566378
0,0.2532177
0,0.25805998
0,0.25504556
0,0.25898513
0,0.25551817
0,0.258974
0,0.25516835
0,0.25893885
0,0.26545712
0,0.26220068
0,0.2573147
0,0.25956607
0,0.2548243
0,0.25489712
0,0.2626945
0,0.2591049
0,0.26538944
0,0.2607261
0,0.2544234
0,0.25658384
0,0.26263493
0,0.2581135
0,0.26275802
0,0.26494622
0,0.25513482
0,0.259766
0,0.25273123
0,0.26609042
0,0.26336935
0,0.25900418
0,0.25359714
0,0.25406194
0,0.24926428
0,0.25189185
0,0.24839325
0,0.2511849
0,0.24638975
0,0.24889977
0,0.25442618
0,0.25131387
0,0.2457223
0,0.25910544
0,0.25753343
0,0.25327116
0,0.25674438
0,0.25269434
0,0.25608778
0,0.25232363
0,0.25537705
0,0.26241264
0,0.2702368
0,0.2687867
0,0.26329604
0,0.2669015
0,0.26163846
0,0.2547295
0,0.25696087
0,0.26181585
0,0.25799024
0,0.25181195
0,0.25352645
0,0.24868901
0,0.25166816
0,0.25586164
0,0.25397095
0,0.25890252
0,0.25541142
0,0.24944815
0,0.2508858
0,0.24584347
0,0.24916208
0,0.2541461
0,0.26017326
0,0.2593128
0,0.25515717
0,0.25843412
0,0.25386888
0,0.2571411
0,0.2640741
0,0.2602426
0,0.25477847
0,0.25665918
0,0.26337948
0,0.2587073
0,0.25433654
0,0.25534314
0,0.27380177
0,0.26239574
0,0.26674688
0,0.26099268
0,0.25525665
0,0.2559287
0,0.25203294
0,0.25360906
0,0.24953927
0,0.25202343
0,0.258422
0,0.26579455
0,0.25444093
0,0.25505227
0,0.24965306
0,0.25131273
0,0.25742438
0,0.25356853
0,0.25871205
0,0.25416562
0,0.24856648
0,0.26505825
0,0.25508693
0,0.27578807
0,0.2710961
0,0.27208742
0,0.26743948
0,0.27069032
0,0.26637822
0,0.26946968
0,0.26472855
0,0.2677883
0,0.2597589
0,0.2545089
0,0.269465
0,0.26667255
0,0.26332143
0,0.25476804
0,0.25878054
0,0.26153433
0,0.25953457
0,0.26172754
0,0.27117243
0,0.25596878
0,0.26682585
0,0.26433408
0,0.2609365
0,0.26223543
0,0.25368863
0,0.25920033
0,0.2614295
0,0.26128727
0,0.25812194
0,0.26072687
0,0.2564857
0,0.25827396
0,0.2547567
0,0.25678977
0,0.25416273
0,0.25546908
0,0.2635349
0,0.25765035
0,0.25445664
0,0.2508583
0,0.25027227
0,0.25617045
0,0.26227024
0,0.25695115
0,0.2637468
0,0.2573537
0,0.2643235
0,0.25790697
0,0.26404664
0,0.2621563
0,0.26568705
0,0.25853297
0,0.2535894
0,0.2528287
0,0.2617812
0,0.26553413
0,0.26532242
0,0.2687823
0,0.2676322
0,0.26997942
0,0.25791684
0,0.2660554
0,0.2657854
0,0.26954618
0,0.2571067
0,0.26571622
0,0.26489055
0,0.26716742
0,0.2664503
0,0.2679188
0,0.2559044
0,0.264771
0,0.25295419
0,0.26184753
0,0.25101486
0,0.25951
0,0.2594229
0,0.25182405
0,0.25682408
0,0.26022518
0,0.25962615
0,0.2513881
0,0.2565033
0,0.25954598
0,0.26385233
0,0.26596066
0,0.2624668
0,0.26262552
0,0.26071563
0,0.26103115
0,0.25931957
0,0.25995326
0,0.2585954
0,0.25869015
0,0.25794598
0,0.2579425
0,0.2569735
0,0.25744706
0,0.2812469
0,0.2661588
0,0.2640356
0,0.26084465
0,0.25853202
0,0.2684725
0,0.26049766
0,0.25867847
0,0.25652632
0,0.25591147
0,0.2545571
0,0.25359374
0,0.2531156
0,0.25239953
0,0.26262963
0,0.26662105
0,0.2584605
0,0.25539595
0,0.26431608
0,0.2562958
0,0.25398716
0,0.25218022
0,0.26158568
0,0.2536193
0,0.2515107
0,0.25010723
0,0.2487136
0,0.2579127
0,0.25106153
0,0.2608255
0,0.25174642
0,0.2600472
0,0.25177667
0,0.24844997
0,0.2573071
0,0.25933895
0,0.26783004
0,0.2547358
0,0.25070378
0,0.24744956
0,0.2449795
0,0.25336474
0,0.24637973
0,0.24343964
0,0.24261609
0,0.24990584
0,0.24769332
0,0.25249285
0,0.25518242
0,0.25606441
0,0.2571175
0,0.25716352
0,0.25775898
0,0.25700486
0,0.25791752
0,0.25670987
0,0.25756663
0,0.25580162
0,0.2574234
0,0.24437632
0,0.25240934
0,0.25154912
0,0.25433096
0,0.25266007
0,0.2543855
0,0.25272855
0,0.25380906
0,0.25226173
0,0.25332156
0,0.25283456
0,0.25354812
0,0.25161836
0,0.25258654
0,0.26211998
0,0.25861323
0,0.26557863
0,0.25832847
0,0.2551781
0,0.25439715
0,0.26336187
0,0.2559089
0,0.26445046
0,0.2570937
0,0.2646996
0,0.26760942
0,0.25590006
0,0.26511052
0,0.26684892
0,0.26898676
0,0.26977167
0,0.27094957
0,0.2597016
0,0.2668397
0,0.26863122
0,0.2759311
0,0.27207696
0,0.26101238
0,0.25585207
0,0.26341054
0,0.25396103
0,0.25534207
0,0.25005174
0,0.2485449
0,0.24629739
0,0.24958254
0,0.25592247
0,0.24815173
0,0.256167
0,0.24842761
0,0.24518774
0,0.24349287
0,0.25177455
0,0.25554347
0,0.2613412
0,0.2501795
0,0.24293648
0,0.24290605
0,0.2512307
0,0.253922
0,0.25587076
0,0.2570095
0,0.25830787
0,0.2589079
0,0.25854248
0,0.25947282
0,0.25902706
0,0.27133316
0,0.26810196
0,0.26305252
0,0.2735264
0,0.26436996
0,0.2746341
0,0.26496112
0,0.2753101
0,0.26507914
0,0.25794742
0,0.25878596
0,0.25854978
0,0.25721952
0,0.26128423
0,0.2571249
0,0.26864305
0,0.2600319
0,0.26341692
0,0.25835183
0,0.25768754
0,0.2662386
0,0.25972295
0,0.25697693
0,0.25615
0,0.2645165
0,0.25833416
0,0.26651424
0,0.25924942
0,0.26704085
0,0.2591677
0,0.26633492
0,0.2582823
0,0.2547881
0,0.2638184
0,0.2554477
0,0.25331002
0,0.25106314
0,0.26035315
0,0.2629774
0,0.25475305
0,0.25206473
0,0.26296127
0,0.25500688
0,0.25073755
0,0.2594828
0,0.25052762
0,0.2590656
0,0.26052904
0,0.26307893
0,0.26286364
0,0.26439083
0,0.2678128
0,0.26645502
0,0.26434696
0,0.25452074
0,0.259697
0,0.26132613
0,0.26081738
0,0.25161162
0,0.25717282
0,0.24969277
0,0.25934815
0,0.2586336
0,0.2480723
0,0.25605687
0,0.2563261
0,0.25843784
0,0.25726992
0,0.2582425
0,0.26466373
0,0.26154435
0,0.25967434
0,0.25994906
0,0.25831434
0,0.25851616
0,0.25693193
0,0.25742775
0,0.25549087
0,0.25807825
0,0.24964799
0,0.25320324
0,0.2555997
0,0.25453848
0,0.2524411
0,0.253478
0,0.25191748
0,0.25183973
0,0.26505202
0,0.28047177
0,0.2590168
0,0.25905845
0,0.2660619
0,0.25950706
0,0.25566676
0,0.2548876
0,0.25163364
0,0.26247475
0,0.25365984
0,0.26355395
0,0.2615648
0,0.25998688
0,0.25663182
0,0.26403332
0,0.25575674
0,0.25310665
0,0.24969491
0,0.2495891
0,0.24630286
0,0.25670964
0,0.2541789
0,0.2601719
0,0.26137212
0,0.25281826
0,0.25942072
0,0.25101274
0,0.25776482
0,0.26055598
0,0.25002223
0,0.2576104
0,0.26426625
0,0.26301742
0,0.26203236
0,0.25212032
0,0.2686497
0,0.26381958
0,0.26237255
0,0.27345297
0,0.2659004
0,0.26428905
0,0.25849596
0,0.26027864
0,0.25999853
0,0.2636263
0,0.26134053
0,0.2607737
0,0.25966978
0,0.26389933
0,0.26061547
0,0.26416266
0,0.26169533
0,0.26033434
0,0.25882554
0,0.258268
0,0.25733307
0,0.25766426
0,0.2672453
0,0.26118153
0,0.259172
0,0.25867185
0,0.2601023
0,0.26858974
0,0.25994477
0,0.26051813
0,0.25696445
0,0.25555244
0,0.2542246
0,0.2531289
0,0.26297688
0,0.25637335
0,0.25467226
0,0.25385994
0,0.26407373
0,0.26720354
0,0.25570396
0,0.26533896
0,0.26785162
0,0.26932606
0,0.25962108
0,0.2665534
0,0.2572795
0,0.25403607
0,0.2628068
0,0.26498216
0,0.25602472
0,0.26311943
0,0.2661102
0,0.26624614
0,0.25590086
0,0.2628068
0,0.26180026
0,0.2638482
0,0.26430848
0,0.2646491
0,0.26488203
0,0.26443172
0,0.25872958
0,0.25133803
0,0.24813162
0,0.25589627
0,0.2539952
0,0.25758687
0,0.24894515
0,0.25546584
0,0.2573624
0,0.25754645
0,0.25842714
0,0.2625434
0,0.2602236
0,0.25800464
0,0.25657356
0,0.2576622
0,0.25769514
0,0.25788715
0,0.25783145
0,0.25822568
0,0.25713632
0,0.25704706
0,0.25631067
0,0.25636783
0,0.2648996
0,0.26277143
0,0.25944543
0,0.25779346
0,0.25645125
0,0.25607124
0,0.25454175
0,0.25433612
0,0.25392723
0,0.25451908
0,0.25302827
0,0.26413336
0,0.26720583
0,0.25977382
0,0.25638112
0,0.25506237
0,0.25270557
0,0.2637182
0,0.25518575
0,0.25398678
0,0.25141582
0,0.26220846
0,0.2641203
0,0.25692293
0,0.26351547
0,0.26711464
0,0.25634673
0,0.25440168
0,0.25535855
0,0.2623985
0,0.2635807
0,0.26624507
0,0.27041513
0,0.25881675
0,0.252874
0,0.2620792
0,0.26233318
0,0.2652823
0,0.26429248
0,0.25567475
0,0.2623807
0,0.26401022
0,0.26284692
0,0.25400484
0,0.25883275
0,0.26124248
0,0.2645053
0,0.2645893
0,0.2626667
0,0.2542909
0,0.2586151
0,0.26029813
0,0.259354
0,0.26050636
0,0.25934356
0,0.2604024
0,0.26292962
0,0.26193517
0,0.25990167
0,0.25984237
0,0.2582862
0,0.2644939
0,0.25902188
0,0.26441887
0,0.25957435
0,0.25902322
0,0.26168573
0,0.25863025
0,0.25706533
0,0.25864905
0,0.25592908
0,0.25580797
0,0.25455433
0,0.25435966
0,0.25293788
0,0.26417506
0,0.26707911
0,0.2595614
0,0.26756963
0,0.259551
0,0.26114902
0,0.26063174
0,0.25535473
0,0.25453976
0,0.2632011
0,0.26712048
0,0.2571505
0,0.25589994
0,0.25207084
0,0.2626365
0,0.2574416
0,0.25468665
0,0.26151377
0,0.2546457
0,0.25039056
0,0.24989162
0,0.24647617
0,0.25098193
0,0.25643355
0,0.26110327
0,0.25086004
0,0.24961105
0,0.2609575
0,0.2522168
0,0.25762853
0,0.25093746
0,0.2560277
0,0.2613469
0,0.26003918
0,0.25235382
0,0.2568204
0,0.26027292
0,0.25873846
0,0.2512072
0,0.25545865
0,0.25963023
0,0.25834438
0,0.26082203
0,0.25853717
0,0.26087058
0,0.2585456
0,0.25527027
0,0.2563691
0,0.25819176
0,0.25663164
0,0.25832
0,0.25648558
0,0.25843582
0,0.24791084
0,0.25430867
0,0.25361478
0,0.2573585
0,0.26048616
0,0.258449
0,0.2558945
0,0.26272848
0,0.2563944
0,0.2566572
0,0.25564373
0,0.2607881
0,0.25543177
0,0.25595888
0,0.26437375
0,0.25859493
0,0.25492394
0,0.2554091
0,0.26251334
0,0.25680923
0,0.25342184
0,0.25321886
0,0.26066935
0,0.25488278
0,0.26237044
0,0.25603247
0,0.26290795
0,0.25670657
0,0.25281668
0,0.26340842
0,0.25361088
0,0.26295456
0,0.25322425
0,0.2636242
0,0.26379225
0,0.2674957
0,0.26647323
0,0.26921856
0,0.25683224
0,0.25466785
0,0.26021436
0,0.25370523
0,0.25965437
0,0.2527293
0,0.24789703
0,0.26387912
0,0.26076043
0,0.264014
0,0.2622061
0,0.25413626
0,0.25905597
0,0.251858
0,0.2566823
0,0.25056216
0,0.25473043
0,0.2593839
0,0.25781754
0,0.25506794
0,0.25696024
0,0.26003826
0,0.25768217
0,0.2505141
0,0.2539359
0,0.2472192
0,0.25089532
0,0.25596333
0,0.2542501
0,0.25707892
0,0.25533345
0,0.25757208
0,0.25422934
0,0.25743693
0,0.25398558
0,0.26320797
0,0.2562363
0,0.25841936
0,0.25442928
0,0.25672472
0,0.25297877
0,0.2551989
0,0.26357162
0,0.25892904
0,0.26444247
0,0.25501415
0,0.25713336
0,0.25655305
0,0.25167185
0,0.25396997
0,0.24966988
0,0.2518448
0,0.24798806
0,0.24553694
0,0.24838622
0,0.24401161
0,0.24334174
0,0.2462687
0,0.25374183
0,0.25041303
0,0.25623906
0,0.2631456
0,0.26168635
0,0.25738597
0,0.25998077
0,0.25927612
0,0.26057014
0,0.2547193
0,0.2584496
0,0.26388887
0,0.26167455
0,0.25580743
0,0.2585519
0,0.25233513
0,0.25639266
0,0.25754198
0,0.26246375
0,0.25390184
0,0.25635016
0,0.2514407
0,0.25458318
0,0.26083463
0,0.2579341
0,0.26616463
0,0.26211095
0,0.26512644
0,0.2617481
0,0.25389063
0,0.2558784
0,0.26072982
0,0.25753298
0,0.25038028
0,0.25270513
0,0.257991
0,0.2546037
0,0.25971583
0,0.25487003
0,0.64322174
0,0.44906396
0,0.36514103
0,0.33256945
0,0.31037152
0,0.30131996
0,0.28615656
0,0.27421978
0,0.27164397
0,0.26358718
0,0.26378992
0,0.26850224
0,0.2530847
0,0.25366274
0,0.25615618
0,0.26217732
0,0.25805017
0,0.2605953
0,0.25736716
0,0.26208463
0,0.2574146
0,0.26194537
0,0.25752378
0,0.251419
0,0.2488021
0,0.2575067
0,0.25464618
0,0.24978344
0,0.252469
0,0.2589308
0,0.25458536
0,0.24884176
0,0.25140366
0,0.25703192
0,0.25350407
0,0.24788454
0,0.2507661
0,0.25654
0,0.25310543
0,0.25790817
0,0.25352046
0,0.25769988
0,0.26479003
0,0.26258072
0,0.25818634
0,0.25013423
0,0.25175235
0,0.25988856
0,0.25834298
0,0.26591372
0,0.256761
0,0.26182932
0,0.2550023
0,0.2612442
0,0.26497364
0,0.26282805
0,0.25607404
0,0.25849807
0,0.25924683
0,0.25851798
0,0.26382393
0,0.2602645
0,0.26548702
0,0.2613458
0,0.2651054
0,0.26120657
0,0.264922
0,0.26094776
0,0.25334662
0,0.25607586
0,0.25005385
0,0.25346562
0,0.2583031
0,0.25540224
0,0.2599485
0,0.26048338
0,0.26190612
0,0.2580993
0,0.2503221
0,0.25281563
0,0.25654015
0,0.2540049
0,0.25704592
0,0.2538792
0,0.2561282
0,0.25377873
0,0.25586993
0,0.25870013
0,0.25696036
0,0.25448096
0,0.25505844
0,0.2528258
0,0.24574417
0,0.24879153
0,0.25038162
0,0.25125375
0,0.25079986
0,0.24962915
0,0.2508687
0,0.24936604
0,0.24989668
0,0.24809015
0,0.26047716
0,0.25187725
0,0.2518331
0,0.26007056
0,0.25305432
0,0.2499984
0,0.25028795
0,0.26277623
0,0.26505
0,0.26549757
0,0.25764978
0,0.26304966
0,0.25585908
0,0.25117525
0,0.2501995
0,0.26877657
0,0.26707596
0,0.25562754
0,0.26384145
0,0.2520372
0,0.26106608
0,0.2610963
0,0.27597567
0,0.26740146
0,0.25354946
0,0.24979761
0,0.25902066
0,0.25981912
0,0.25179052
0,0.2611867
0,0.26144853
0,0.26115984
0,0.252312
0,0.25676337
0,0.25765792
0,0.26299015
0,0.26189387
0,0.24996461
0,0.25714412
0,0.25734335
0,0.26317707
0,0.25991708
0,0.2605559
0,0.25955382
0,0.26640007
0,0.26116756
0,0.26078302
0,0.25916746
0,0.25894082
0,0.2577639
0,0.25824562
0,0.2672859
0,0.27208197
0,0.27393785
0,0.26069924
0,0.2591066
0,0.25848526
0,0.25641575
0,0.25605115
0,0.2545742
0,0.25427726
0,0.26366234
0,0.25811082
0,0.25482458
0,0.26084623
0,0.2652491
0,0.25845024
0,0.2656965
0,0.26907563
0,0.2696262
0,0.2714366
0,0.27147382
0,0.27222592
0,0.26065415
0,0.26336387
0,0.25633666
0,0.25631237
0,0.2520985
0,0.25080386
0,0.24846122
0,0.25882015
0,0.26032445
0,0.26338702
0,0.25311327
0,0.26164225
0,0.26271254
0,0.26445043
0,0.25376844
0,0.26185864
0,0.25207242
0,0.25997245
0,0.26083463
0,0.26297772
0,0.2680203
0,0.26610953
0,0.25428185
0,0.250823
0,0.25669825
0,0.25962716
0,0.25905734
0,0.26068756
0,0.25991836
0,0.2609217
0,0.2603024
0,0.26121935
0,0.26024997
0,0.2616392
0,0.2601448
0,0.2655252
0,0.26123723
0,0.26140767
0,0.2598944
0,0.26459795
0,0.26050067
0,0.2605361
0,0.25839472
0,0.25862008
0,0.25740352
0,0.25810486
0,0.25685704
0,0.25746846
0,0.2671668
0,0.2619843
0,0.25819692
0,0.2583535
0,0.25578743
0,0.26353377
0,0.25758472
0,0.25729352
0,0.25515994
0,0.2546345
0,0.2557484
0,0.2537746
0,0.25237712
0,0.2528951
0,0.25098574
0,0.25119603
0,0.26058877
0,0.26599193
0,0.25663072
0,0.2553534
0,0.25205374
0,0.2634878
0,0.26509997
0,0.26325178
0,0.25563127
0,0.25472373
0,0.25064805
0,0.26148346
0,0.26262996
0,0.25562635
0,0.26154673
0,0.2549012
0,0.26067817
0,0.25888348
0,0.26210022
0,0.25439504
0,0.24954236
0,0.24916473
0,0.24590698
0,0.25616682
0,0.25766617
0,0.26555708
0,0.26214573
0,0.26998633
0,0.2652215
0,0.25489366
0,0.25992826
0,0.26189855
0,0.26131672
0,0.26261804
0,0.26208088
0,0.2522607
0,0.2572719
0,0.25409007
0,0.25662756
0,0.2585277
0,0.26287618
0,0.26119348
0,0.26363456
0,0.26218486
0,0.26062134
0,0.26055753
0,0.25947505
0,0.2648483
0,0.26018676
0,0.2610253
0,0.2604079
0,0.264509
0,0.26087707
0,0.2598305
0,0.2583289
0,0.25850865
0,0.25611445
0,0.26805443
0,0.26559597
0,0.26169062
0,0.25880998
0,0.2523842
0,0.25351945
0,0.2545626
0,0.2533644
0,0.25396112
0,0.2520566
0,0.25271058
0,0.2511789
0,0.25195837
0,0.26169983
0,0.2555245
0,0.25333288
0,0.25244924
0,0.27245507
0,0.26987022
0,0.2588353
0,0.26069787
0,0.26458535
0,0.26778477
0,0.25686362
0,0.25469974
0,0.26200098
0,0.26534817
0,0.270403
0,0.25913635
0,0.25383723
0,0.2619626
0,0.26349273
0,0.2546867
0,0.26257566
0,0.26450768
0,0.25388804
0,0.26184875
0,0.26263154
0,0.26440677
0,0.2536298
0,0.26141882
0,0.2616205
0,0.26373538
0,0.25253034
0,0.24948834
0,0.25593954
0,0.2598871
0,0.25872487
0,0.26059225
0,0.2597851
0,0.2650507
0,0.2608849
0,0.26185766
0,0.26384938
0,0.26291427
0,0.25972697
0,0.2613474
0,0.25923687
0,0.26006836
0,0.25823143
0,0.2595822
0,0.25734133
0,0.262627
0,0.25823155
0,0.25906006
0,0.2572638
0,0.2576651
0,0.26708472
0,0.2616415
0,0.25843254
0,0.26456976
0,0.2585285
0,0.25850192
0,0.25608385
0,0.25596613
0,0.25451794
0,0.25970525
0,0.2660625
0,0.25950754
0,0.2562267
0,0.25075924
0,0.26192412
0,0.2563721
0,0.25328737
0,0.26460686
0,0.26664782
0,0.25924072
0,0.26637733
0,0.25912052
0,0.25535846
0,0.24970162
0,0.26051685
0,0.26560816
0,0.25649658
0,0.2546598
0,0.261561
0,0.26604134
0,0.26607126
0,0.268699
0,0.25704473
0,0.2601781
0,0.2527209
0,0.25181228
0,0.25862986
0,0.25270247
0,0.24817704
0,0.2594098
0,0.25926444
0,0.25284588
0,0.2580425
0,0.26238337
0,0.26517925
0,0.25520587
0,0.26419002
0,0.26418576
0,0.26220068
0,0.26429215
0,0.26230636
0,0.25320488
0,0.25836584
0,0.2611568
0,0.26062003
0,0.25144213
0,0.25603962
0,0.25918496
0,0.2624487
0,0.251461
0,0.24543403
0,0.2540231
0,0.25435612
0,0.25680703
0,0.25605825
0,0.25785765
0,0.25640604
0,0.25768736
0,0.25647786
0,0.25737202
0,0.25548482
0,0.2558021
0,0.2546295
0,0.25502914
0,0.25398922
0,0.25450334
0,0.25287747
0,0.2530664
0,0.26240948
0,0.25570846
0,0.2647069
0,0.25738966
0,0.2654346
0,0.25765797
0,0.2545612
0,0.25360277
0,0.26147747
0,0.2662045
0,0.2565025
0,0.2548004
0,0.2624819
0,0.26639876
0,0.2555907
0,0.25386375
0,0.25490075
0,0.26241615
0,0.25309238
0,0.26229313
0,0.26298943
0,0.25490588
0,0.26438475
0,0.25498813
0,0.26106003
0,0.25265154
0,0.2523146
0,0.24885182
0,0.24982248
0,0.25732008
0,0.25813484
0,0.25167388
0,0.25710982
0,0.24891709
0,0.25542527
0,0.24833927
0,0.25491288
0,0.24781132
0,0.24944708
0,0.25519732
0,0.26038262
0,0.26077992
0,0.25875413
0,0.26051226
0,0.259063
0,0.25047794
0,0.25510514
0,0.26270235
0,0.25915647
0,0.26171142
0,0.2584673
0,0.25987723
0,0.25738674
0,0.25937682
0,0.25705403
0,0.25824746
0,0.25631425
0,0.26323727
0,0.25754973
0,0.2588104
0,0.2556228
0,0.25704274
0,0.2545866
0,0.2559408
0,0.25328404
0,0.2544512
0,0.2628041
0,0.26518628
0,0.26281995
0,0.2591074
0,0.26573506
0,0.25920525
0,0.2550141
0,0.25484422
0,0.2517696
0,0.25313726
0,0.2609787
0,0.26054442
0,0.25376996
0,0.25378892
0,0.26151258
0,0.25559923
0,0.26209852
0,0.25596115
0,0.25188392
0,0.2628282
0,0.25314745
0,0.25306684
0,0.25973934
0,0.25452808
0,0.24997282
0,0.26110333
0,0.25101256
0,0.2620814
0,0.2530026
0,0.2627042
0,0.25149742
0,0.25480384
0,0.25883913
0,0.2643034
0,0.25170088
0,0.2618539
0,0.2607014
0,0.2643934
0,0.26239815
0,0.2548551
0,0.25845912
0,0.2622714
0,0.26032445
0,0.25309762
0,0.26374123
0,0.26393968
0,0.26105955
0,0.2529207
0,0.25523397
0,0.25943533
0,0.25748
0,0.24982847
0,0.2537622
0,0.25794175
0,0.2558776
0,0.2585283
0,0.25663573
0,0.25865933
0,0.25653255
0,0.25890863
0,0.25582922
0,0.25899526
0,0.25560316
0,0.2622315
0,0.25649446
0,0.25883704
0,0.254851
0,0.25713438
0,0.2643121
0,0.26089188
0,0.25601268
0,0.25794026
0,0.26498288
0,0.260744
0,0.26621783
0,0.2611892
0,0.2561172
0,0.26139176
0,0.26564354
0,0.2603987
0,0.26612312
0,0.2601815
0,0.26906812
0,0.26087707
0,0.25540048
0,0.25549552
0,0.26182038
0,0.25633338
0,0.25573292
0,0.26470673
0,0.25779352
0,0.2613805
0,0.25268307
0,0.2533377
0,0.24848841
0,0.25042787
0,0.25660637
0,0.2629456
0,0.25122312
0,0.26321596
0,0.26134625
0,0.26647043
0,0.26393
0,0.2674569
0,0.25436932
0,0.26342642
0,0.26196516
0,0.25506946
0,0.25854716
0,0.26306036
0,0.260399
0,0.26192412
0,0.2602894
0,0.25272998
0,0.25661555
0,0.2500662
0,0.25441572
0,0.25863412
0,0.25679964
0,0.26033345
0,0.25822312
0,0.25561967
0,0.25627345
0,0.2600279
0,0.25750026
0,0.26064765
0,0.25756288
0,0.26111677
0,0.25772816
0,0.26003462
0,0.25658172
0,0.2634604
0,0.26896092
0,0.26399302
0,0.25900143
0,0.26070538
0,0.2563819
0,0.2591341
0,0.25528863
0,0.25748494
0,0.25394765
0,0.2458827
0,0.25322524
0,0.2542581
0,0.26178744
0,0.25790414
0,0.26450136
0,0.25906467
0,0.2544033
0,0.25588253
0,0.2520174
0,0.2534297
0,0.26126188
0,0.25742978
0,0.2633445
0,0.2689421
0,0.26779732
0,0.26048434
0,0.25418565
0,0.25437593
0,0.2539817
0,0.25264427
0,0.25814223
0,0.2640075
0,0.26255968
0,0.25660682
0,0.26009935
0,0.26586327
0,0.26262435
0,0.27267367
0,0.2661955
0,0.25932643
0,0.26123083
0,0.25547588
0,0.25796008
0,0.25237426
0,0.25575805
0,0.26189125
0,0.25928834
0,0.25802776
0,0.25774693
0,0.2519777
0,0.26550883
0,0.26393694
0,0.26239777
0,0.26397637
0,0.25935772
0,0.25613883
0,0.25598377
0,0.2543034
0,0.25410786
0,0.25837338
0,0.2549994
0,0.2584773
0,0.25492918
0,0.25817937
0,0.25532725
0,0.25796145
0,0.25448057
0,0.2571068
0,0.26452726
0,0.26110697
0,0.26755694
0,0.26350814
0,0.25778496
0,0.25999746
0,0.26614532
0,0.26200932
0,0.26063502
0,0.25776044
0,0.25370997
0,0.2476909
0,0.24801323
0,0.25172544
0,0.25893655
0,0.25540188
0,0.262177
0,0.25738174
0,0.25187418
0,0.25348362
0,0.24895114
0,0.2513322
0,0.257504
0,0.25353023
0,0.2593197
0,0.25478014
0,0.25953123
0,0.2544755
0,0.25977346
0,0.26600793
0,0.26356715
0,0.25785616
0,0.26083747
0,0.25585184
0,0.25952074
0,0.25458246
0,0.2584137
0,0.26403683
0,0.26566896
0,0.25750953
0,0.26041746
0,0.25472942
0,0.25897774
0,0.26399833
0,0.26135385
0,0.2558862
0,0.25787127
0,0.26255608
0,0.27148688
0,0.25757405
0,0.26032656
0,0.25335744
0,0.25671563
0,0.2608761
0,0.25871202
0,0.2618868
0,0.25914347
0,0.2623331
0,0.2594856
0,0.25111324
0,0.26581505
0,0.26285782
0,0.25915772
0,0.2609649
0,0.25790468
0,0.2599768
0,0.26796284
0,0.2629468
0,0.25895864
0,0.25989974
0,0.2569565
0,0.2582351
0,0.25508296
0,0.25684687
0,0.2543023
0,0.25564405
0,0.25372255
0,0.25440314
0,0.26307333
0,0.26019558
0,0.26688203
0,0.2709081
0,0.27157634
0,0.27409562
0,0.26311788
0,0.26068214
0,0.26773086
0,0.25977007
0,0.2669244
0,0.25889277
0,0.26632223
0,0.25904727
0,0.2697866
0,0.26000956
0,0.25590122
0,0.264952
0,0.266357
0,0.25851187
0,0.25403112
0,0.25838
0,0.25244382
0,0.2512054
0,0.24901238
0,0.25932726
0,0.26126677
0,0.2539078
0,0.24993683
0,0.25977063
0,0.26142913
0,0.2641675
0,0.25325733
0,0.26145244
0,0.26143947
0,0.2647663
0,0.26347405
0,0.26474997
0,0.25311673
0,0.26103264
0,0.26039267
0,0.2625966
0,0.2609434
0,0.26242325
0,0.26427194
0,0.26328197
0,0.26129735
0,0.262125
0,0.2607952
0,0.261414
0,0.26002404
0,0.26048383
0,0.26321083
0,0.26185986
0,0.26029205
0,0.26025128
0,0.26297694
0,0.26026475
0,0.25906134
0,0.25846893
0,0.25732157
0,0.2569598
0,0.25608212
0,0.25630265
0,0.25485
0,0.25869316
0,0.25573972
0,0.25930747
0,0.25560042
0,0.25544998
0,0.26428804
0,0.2577758
0,0.25532508
0,0.25459987
0,0.26329577
0,0.25673467
0,0.2535684
0,0.25252512
0,0.26098505
0,0.25521958
0,0.26231268
0,0.2561137
0,0.2628522
0,0.26732916
0,0.26678646
0,0.26994237
0,0.25766838
0,0.2662975
0,0.2662889
0,0.26854378
0,0.2563856
0,0.26505053
0,0.26510113
0,0.26737913
0,0.26652494
0,0.26895177
0,0.25655997
0,0.25310406
0,0.25961167
0,0.25193113
0,0.24765056
0,0.267981
0,0.26764295
0,0.26593912
0,0.2547562
0,0.26113784
0,0.2617534
0,0.25182468
0,0.28857774
0,0.27188766
0,0.26841778
0,0.26186606
0,0.26260528
0,0.26298442
0,0.26158392
0,0.26145512
0,0.26122123
0,0.2717577
0,0.26460037
0,0.26304638
0,0.26186082
0,0.26655692
0,0.2616896
0,0.26045415
0,0.28169367
0,0.2667075
0,0.26816943
0,0.26303026
0,0.26039588
0,0.25959066
0,0.25763857
0,0.25283432
0,0.2540348
0,0.26479033
0,0.25277632
0,0.25425297
0,0.26487756
0,0.257068
0,0.25507495
0,0.25203803
0,0.25168902
0,0.25168693
0,0.2509961
0,0.2617081
0,0.26560295
0,0.25716007
0,0.26502556
0,0.25653884
0,0.26410803
0,0.25582388
0,0.26395684
0,0.2546381
0,0.2522475
0,0.24910004
0,0.24730887
0,0.25627458
0,0.2588005
0,0.25096118
0,0.2583681
0,0.26060343
0,0.2518282
0,0.2591615
0,0.2543355
0,0.26026794
0,0.25011703
0,0.257384
0,0.2480123
0,0.25587153
0,0.25753662
0,0.24863648
0,0.25532168
0,0.25731137
0,0.25790688
0,0.2588217
0,0.26790863
0,0.2622757
0,0.2614085
0,0.26043215
0,0.26062047
0,0.26113078
0,0.2599444
0,0.25913078
0,0.25983527
0,0.25895393
0,0.25866038
0,0.2624696
0,0.27034026
0,0.2739391
0,0.26482046
0,0.26214525
0,0.26071393
0,0.2584561
0,0.25795573
0,0.26067376
0,0.25792298
0,0.25626817
0,0.2562137
0,0.25372255
0,0.25449505
0,0.2635951
0,0.25770998
0,0.25534034
0,0.25425807
0,0.26337057
0,0.25741565
0,0.25452328
0,0.25428197
0,0.26295695
0,0.25695133
0,0.2538572
0,0.2534989
0,0.2616219
0,0.25638142
0,0.2529095
0,0.26352778
0,0.26555517
0,0.2579598
0,0.26432326
0,0.2680736
0,0.27259114
0,0.27256107
0,0.26701653
0,0.27105448
0,0.2699328
0,0.25596073
0,0.25313735
0,0.2485451
0,0.25749144
0,0.25628448
0,0.25917378
0,0.26351416
0,0.26628795
0,0.2559748
0,0.2611392
0,0.26376387
0,0.2629766
0,0.25391576
0,0.25916177
0,0.26241925
0,0.27269977
0,0.25743276
0,0.25822872
0,0.25159752
0,0.2564334
0,0.2600501
0,0.26920336
0,0.26536676
0,0.26184827
0,0.274517
0,0.26419297
0,0.26435688
0,0.26088178
0,0.261995
0,0.25900513
0,0.2602406
0,0.2576395
0,0.2592169
0,0.2566676
0,0.25828928
0,0.2558806
0,0.2574316
0,0.25462523
0,0.25650972
0,0.2543479
0,0.25598866
0,0.2642217
0,0.26367474
0,0.25692567
0,0.25723785
0,0.25363582
0,0.25687984
0,0.26765248
0,0.2588671
0,0.2654889
0,0.26829693
0,0.25822774
0,0.2585446
0,0.25350466
0,0.25332868
0,0.25004885
0,0.25169748
0,0.24825956
0,0.25002512
0,0.2578949
0,0.25706625
0,0.25160113
0,0.25152734
0,0.2473456
0,0.25936905
0,0.26056287
0,0.25480664
0,0.2599611
0,0.26431942
0,0.2633392
0,0.25590497
0,0.260645
0,0.26416868
0,0.25268793
0,0.2620384
0,0.26114473
0,0.26454306
0,0.2629319
0,0.26568386
0,0.25230417
0,0.262011
0,0.26099625
0,0.26309544
0,0.26187453
0,0.26386574
0,0.2612717
0,0.2635066
0,0.26198754
0,0.25349006
0,0.25682107
0,0.2597432
0,0.25871882
0,0.2605271
0,0.25822952
0,0.26026908
0,0.2580593
0,0.26024476
0,0.25774053
0,0.25983137
0,0.25781867
0,0.2707427
0,0.2621586
0,0.2619445
0,0.25893638
0,0.25991744
0,0.25687662
0,0.2587207
0,0.2554453
0,0.25702155
0,0.2543414
0,0.26007983
0,0.26610252
0,0.2604531
0,0.26707074
0,0.2721073
0,0.26125214
0,0.26874816
0,0.26959443
0,0.27374995
0,0.26134947
0,0.25940874
0,0.266299
0,0.25961745
0,0.2700627
0,0.26080593
0,0.255259
0,0.25490394
0,0.2616896
0,0.2555221
0,0.2619497
0,0.2550572
0,0.26105297
0,0.26502928
0,0.25415635
0,0.26369128
0,0.26358724
0,0.25634566
0,0.25157526
0,0.25031576
0,0.25651142
0,0.2675173
0,0.2633214
0,0.26610354
0,0.26362944
0,0.26609677
0,0.26532075
0,0.26672113
0,0.26367345
0,0.25907007
0,0.26328215
0,0.25990027
0,0.25996962
0,0.26725706
0,0.26171613
0,0.26393193
0,0.2610511
0,0.26301214
0,0.2596728
0,0.2623055
0,0.25903168
0,0.27265862
0,0.26248407
0,0.2633877
0,0.25974512
0,0.26051188
0,0.25820467
0,0.26019648
0,0.2573266
0,0.2586103
0,0.2609664
0,0.26087084
0,0.2567565
0,0.25809985
0,0.25501642
0,0.25600612
0,0.26503372
0,0.25146195
0,0.25255454
0,0.2586646
0,0.25375587
0,0.25528285
0,0.25270182
0,0.25422788
0,0.25106466
0,0.25311494
0,0.26077583
0,0.2559914
0,0.26297444
0,0.26845846
0,0.26782688
0,0.26089627
0,0.26527828
0,0.2595521
0,0.25390822
0,0.2540577
0,0.26492795
0,0.25660267
0,0.25129202
0,0.26291808
0,0.2670205
0,0.2578733
0,0.26212174
0,0.25605017
0,0.26068187
0,0.26648283
0,0.26395333
0,0.25741264
0,0.2554408
0,0.2633602
0,0.26211005
0,0.2555376
0,0.2640545
0,0.26750976
0,0.2641041
0,0.2678728
0,0.26469466
0,0.25719312
0,0.26031655
0,0.25372297
0,0.25693202
0,0.26185676
0,0.25912565
0,0.25238585
0,0.25576812
0,0.24972773
0,0.2537052
0,0.25898582
0,0.257012
0,0.2606118
0,0.2575516
0,0.2606393
0,0.26837865
0,0.2645882
0,0.2601903
0,0.26178646
0,0.25775057
0,0.25974864
0,0.2590201
0,0.2707472
0,0.25959915
0,0.26104167
0,0.2568056
0,0.25817135
0,0.25427943
0,0.2560077
0,0.26361033
0,0.25883254
0,0.2551776
0,0.25609043
0,0.26416442
0,0.25462833
0,0.26429623
0,0.25863528
0,0.25449243
0,0.25480092
0,0.25183052
0,0.26314062
0,0.2541361
0,0.2644016
0,0.25465816
0,0.2541581
0,0.2606891
0,0.26607913
0,0.26623598
0,0.26952338
0,0.26798064
0,0.27574384
0,0.2709507
0,0.2659048
0,0.25720415
0,0.26590696
0,0.26559895
0,0.26886475
0,0.2564151
0,0.25455368
0,0.2491915
0,0.25974402
0,0.26044613
0,0.25424752
0,0.259553
0,0.26556993
0,0.2528841
0,0.25089204
0,0.25649485
0,0.25030056
0,0.25744334
0,0.2496723
0,0.25587514
0,0.26165956
0,0.26063102
0,0.26240465
0,0.26148245
0,0.26283392
0,0.26075506
0,0.26234326
0,0.2608324
0,0.26230705
0,0.26040462
0,0.26147568
0,0.25977328
0,0.2645433
0,0.2602265
0,0.26117897
0,0.2584984
0,0.259816
0,0.2596278
0,0.2595191
0,0.25698167
0,0.25792706
0,0.25194946
0,0.2554291
0,0.25401065
0,0.26619437
0,0.2583433
0,0.25844467
0,0.25565818
0,0.25630674
0,0.2538328
0,0.2548801
0,0.24997279
0,0.25231072
0,0.2502278
0,0.2515662
0,0.24924126
0,0.2502093
0,0.24790493
0,0.24888621
0,0.2518846
0,0.26087964
0,0.2620639
0,0.2551806
0,0.2611622
0,0.26522192
0,0.26451242
0,0.26722583
0,0.26634732
0,0.25698563
0,0.2559101
0,0.26274407
0,0.2622189
0,0.26550418
0,0.26363447
0,0.2552047
0,0.25884753
0,0.26310256
0,0.26100704
0,0.26407564
0,0.26090258
0,0.2641866
0,0.2609536
0,0.25315014
0,0.25622046
0,0.2609055
0,0.25823438
0,0.26183575
0,0.25886446
0,0.25102162
0,0.25442457
0,0.26134416
0,0.2566983
0,0.249398
0,0.252033
0,0.2558849
0,0.2533006
0,0.25691414
0,0.25364563
0,0.25686526
0,0.2537373
0,0.25624377
0,0.25345153
0,0.25554022
0,0.25258845
0,0.254802
0,0.26278183
0,0.25820276
0,0.25900543
0,0.24693517
0,0.26000646
0,0.26048067
0,0.25414774
0,0.25564888
0,0.25186622
0,0.25343305
0,0.2503347
0,0.2521623
0,0.25982726
0,0.25538263
0,0.26224256
0,0.25662673
0,0.26286086
0,0.25735176
0,0.26803902
0,0.2590568
0,0.2648962
0,0.2582183
0,0.25315654
0,0.25440767
0,0.25011727
0,0.25096086
0,0.24774587
0,0.24930337
0,0.25628716
0,0.26280767
0,0.26264215
0,0.2670504
0,0.26515138
0,0.25854573
0,0.25137556
0,0.26220408
0,0.26079988
0,0.25470823
0,0.25928706
0,0.26366735
0,0.2622629
0,0.25974548
0,0.26070982
0,0.26480636
0,0.26184514
0,0.25492692
0,0.25773615
0,0.25205353
0,0.25527188
0,0.26801738
0,0.261067
0,0.2640623
0,0.2641833
0,0.26526052
0,0.25014174
0,0.24893168
0,0.25291544
0,0.2573629
0,0.25549015
0,0.24849501
0,0.25193858
0,0.25620252
0,0.25415033
0,0.25755504
0,0.24965426
0,0.25787997
0,0.25444964
0,0.25705114
0,0.25392613
0,0.25124
0,0.25110734
0,0.25374615
0,0.2622732
0,0.25768086
0,0.26040423
0,0.25780323
0,0.25422087
0,0.25570583
0,0.26336983
0,0.25796056
0,0.25383165
0,0.2550783
0,0.2515195
0,0.2528323
0,0.26070365
0,0.25645784
0,0.2522111
0,0.25299466
0,0.2602576
0,0.2551384
0,0.26157412
0,0.25579742
0,0.26159722
0,0.25546455
0,0.26303923
0,0.2555714
0,0.26141214
0,0.2558265
0,0.26571766
0,0.2759308
0,0.2692638
0,0.2715644
0,0.26845253
0,0.27123377
0,0.2681092
0,0.2705515
0,0.26796907
0,0.2596055
0,0.25265285
0,0.25206622
0,0.24738209
0,0.25844732
0,0.25863662
0,0.2525869
0,0.25743222
0,0.25118473
0,0.2561
0,0.25024614
0,0.25547916
0,0.25975722
0,0.25379032
0,0.2643705
0,0.2600932
0,0.26227275
0,0.27192402
0,0.26666495
0,0.26302633
0,0.26347038
0,0.26022518
0,0.26556376
0,0.2609628
0,0.2616264
0,0.26158053
0,0.26083067
0,0.25860557
0,0.25909397
0,0.25654104
0,0.2608719
0,0.25739816
0,0.2584603
0,0.25611866
0,0.25717607
0,0.25470436
0,0.2559354
0,0.26435086
0,0.2594447
0,0.2561723
0,0.2573525
0,0.264843
0,0.26394424
0,0.26784667
0,0.26676738
0,0.2588125
0,0.2587396
0,0.25411293
0,0.2551746
0,0.25150922
0,0.2529546
0,0.24929705
0,0.2554775
0,0.26021215
0,0.25516635
0,0.25042474
0,0.25169244
0,0.25848004
0,0.25446278
0,0.25957316
0,0.25855592
0,0.2611729
0,0.26683456
0,0.2653043
0,0.26919362
0,0.25705495
0,0.26573914
0,0.25922132
0,0.26552656
0,0.2638909
0,0.25664374
0,0.26063988
0,0.2537858
0,0.25782692
0,0.25223473
0,0.26832917
0,0.26039377
0,0.25692144
0,0.2627895
0,0.26606455
0,0.26039487
0,0.26122773
0,0.26414272
0,0.2617704
0,0.26462337
0,0.26152092
0,0.26402152
0,0.2687418
0,0.25612655
0,0.25914404
0,0.25094202
0,0.25439665
0,0.257941
0,0.2555805
0,0.25845015
0,0.2556987
0,0.25834802
0,0.25521094
0,0.2575435
0,0.25420132
0,0.25677788
0,0.25378555
0,0.24616604
0,0.25961575
0,0.2572326
0,0.25288302
0,0.2711287
0,0.26859877
0,0.26255777
0,0.26711637
0,0.2619353
0,0.25558472
0,0.25668558
0,0.2621837
0,0.25772858
0,0.2524997
0,0.25348097
0,0.24883969
0,0.2508038
0,0.2572069
0,0.26375014
0,0.26345727
0,0.27832812
0,0.2591356
0,0.25788847
0,0.25178495
0,0.26083726
0,0.2612581
0,0.26612496
0,0.26451176
0,0.25733605
0,0.2510996
0,0.26220816
0,0.25096282
0,0.2614823
0,0.26078933
0,0.25100222
0,0.25693613
0,0.26114547
0,0.26034978
0,0.26331922
0,0.2615695
0,0.26447773
0,0.26161268
0,0.25345677
0,0.2569211
0,0.2505953
0,0.25495517
0,0.25835142
0,0.2568806
0,0.26440835
0,0.25911152
0,0.2611535
0,0.2576885
0,0.26546457
0,0.25953794
0,0.26117614
0,0.2577298
0,0.2600612
0,0.2675893
0,0.26373398
0,0.26018
0,0.26165575
0,0.2576423
0,0.25943527
0,0.25584975
0,0.2586127
0,0.25493568
0,0.25718132
0,0.25412756
0,0.25658798
0,0.26403022
0,0.25932434
0,0.255466
0,0.25717163
0,0.2548063
0,0.25579056
0,0.25257415
0,0.25429878
0,0.262378
0,0.25770405
0,0.25324997
0,0.25420612
0,0.25000367
0,0.25210875
0,0.24888258
0,0.25067976
0,0.24534461
0,0.24891849
0,0.24607289
0,0.24877411
0,0.25599313
0,0.2518735
0,0.24736597
0,0.24939227
0,0.24549615
0,0.24800394
0,0.25444227
0,0.25062013
0,0.25136295
0,0.24983272
0,0.25484306
0,0.2502524
0,0.25708765
0,0.25086638
0,0.25564072
0,0.25062355
0,0.25528634
0,0.25043023
0,0.2599233
0,0.264514
0,0.26051208
0,0.2639047
0,0.26070336
0,0.24976638
0,0.25474727
0,0.24955048
0,0.25343513
0,0.2531816
0,0.2543202
0,0.24829143
0,0.25187224
0,0.25094023
0,0.251872
0,0.25721273
0,0.25462735
0,0.26361457
0,0.2569148
0,0.24987432
0,0.2522995
0,0.24672851
0,0.24916127
0,0.25413883
0,0.25186232
0,0.25589252
0,0.25253925
0,0.25631443
0,0.2639375
0,0.26121297
0,0.26652217
0,0.2620805
0,0.2683842
0,0.27445605
0,0.26141837
0,0.26152182
0,0.26672587
0,0.26178312
0,0.26644427
0,0.26154518
0,0.26636532
0,0.26166195
0,0.26568756
0,0.2606491
0,0.2542846
0,0.25539428
0,0.25048384
0,0.25248224
0,0.2477723
0,0.25094727
0,0.256747
0,0.25370687
0,0.24808371
0,0.2614144
0,0.260108
0,0.24982744
0,0.25604224
0,0.25252122
0,0.26105157
0,0.26462358
0,0.2615109
0,0.26987714
0,0.26366743
0,0.27153838
0,0.2650417
0,0.25765774
0,0.2591103
0,0.25353324
0,0.25598663
0,0.26150593
0,0.25773633
0,0.25166255
0,0.2540866
0,0.24892955
0,0.25141442
0,0.2574192
0,0.254024
0,0.24901974
0,0.25123486
0,0.246379
0,0.24937506
0,0.25512633
0,0.25166413
0,0.25645348
0,0.25341538
0,0.25731942
0,0.25353312
0,0.25756133
0,0.26445708
0,0.2612211
0,0.2571242
0,0.2622054
0,0.26639974
0,0.26114395
0,0.266725
0,0.2611641
0,0.26844063
0,0.26166895
0,0.25655285
0,0.26132512
0,0.26522812
0,0.25874427
0,0.26505435
0,0.2592823
0,0.2543581
0,0.25466824
0,0.25096452
0,0.25172496
0,0.2493779
0,0.26101467
0,0.25248587
0,0.2520174
0,0.24873748
0,0.26035464
0,0.27220014
0,0.27070007
0,0.26864445
0,0.26047727
0,0.2647768
0,0.2575255
0,0.26299217
0,0.25539565
0,0.2613066
0,0.26329273
0,0.253082
0,0.25562224
0,0.25987276
0,0.2629749
0,0.2525825
0,0.25007728
0,0.25675038
0,0.26145878
0,0.2608699
0,0.25750735
0,0.260273
0,0.25186276
0,0.2576435
0,0.26045558
0,0.26025856
0,0.26160142
0,0.2609317
0,0.26247936
0,0.26169312
0,0.257634
0,0.25877064
0,0.2604618
0,0.25956765
0,0.26055136
0,0.26270807
0,0.26126558
0,0.25940442
0,0.27152222
0,0.25428766
0,0.25976557
0,0.2580144
0,0.2582954
0,0.2558306
0,0.2562843
0,0.25556397
0,0.25572383
0,0.25444093
0,0.26705152
0,0.25790608
0,0.2728356
0,0.2609099
0,0.25979564
0,0.25653887
0,0.25629365
0,0.25428766
0,0.2545012
0,0.26781407
0,0.25879312
0,0.25487164
0,0.254395
0,0.2628188
0,0.2561531
0,0.26337564
0,0.2622947
0,0.25534332
0,0.26510376
0,0.26556876
0,0.26874393
0,0.25783998
0,0.2664721
0,0.26655152
0,0.25738266
0,0.25290734
0,0.26027
0,0.26289883
0,0.25437737
0,0.26114392
0,0.25378922
0,0.25103873
0,0.2488882
0,0.24665828
0,0.2564456
0,0.25843024
0,0.25099945
0,0.25793454
0,0.26128075
0,0.25105616
0,0.24906893
0,0.24568677
0,0.2448816
0,0.25353122
0,0.25686228
0,0.25531936
0,0.2585998
0,0.25913873
0,0.2607199
0,0.26044768
0,0.2609662
0,0.26112732
0,0.26098102
0,0.26055476
0,0.26044193
0,0.2601857
0,0.25965258
0,0.25989616
0,0.2594327
0,0.2613588
0,0.2593749
0,0.25931704
0,0.25843468
0,0.26339749
0,0.25905892
0,0.25946945
0,0.2578597
0,0.25782
0,0.25684947
0,0.25759533
0,0.2562295
0,0.25804487
0,0.25625375
0,0.2554313
0,0.2539721
0,0.25422293
0,0.25348502
0,0.255949
0,0.25384432
0,0.25278425
0,0.25203514
0,0.2516945
0,0.26156718
0,0.254952
0,0.26492214
0,0.25752467
0,0.25423
0,0.26301923
0,0.25926566
0,0.25391707
0,0.26350647
0,0.25511912
0,0.26311654
0,0.2543023
0,0.26230317
0,0.26372725
0,0.2546019
0,0.26089862
0,0.2628417
0,0.25315872
0,0.26026586
0,0.2513167
0,0.26070443
0,0.26128912
0,0.2622334
0,0.25191596
0,0.25866017
0,0.25962108
0,0.26114994
0,0.26093686
0,0.26187593
0,0.261574
0,0.25169647
0,0.25717232
0,0.2589327
0,0.25830498
0,0.2598452
0,0.25909305
0,0.2658706
0,0.26141053
0,0.26244387
0,0.25977483
0,0.26086414
0,0.25840238
0,0.27015692
0,0.26207387
0,0.26723614
0,0.26144782
0,0.2602952
0,0.25836748
0,0.25779602
0,0.25588194
0,0.25572884
0,0.25440893
0,0.2540859
0,0.25333014
0,0.25345504
0,0.2543992
0,0.2529252
0,0.2628495
0,0.25625303
0,0.25493687
0,0.25392398
0,0.2625341
0,0.26695418
0,0.2571239
0,0.25564602
0,0.25224984
0,0.25156772
0,0.25996634
0,0.25314862
0,0.26048598
0,0.2540394
0,0.25078824
0,0.25994092
0,0.26218456
0,0.26470616
0,0.26526594
0,0.26706707
0,0.26683968
0,0.25708073
0,0.26343948
0,0.25464705
0,0.25062415
0,0.25272486
0,0.24529509
0,0.25560072
0,0.24778785
0,0.2457533
0,0.26586756
0,0.25944424
0,0.26081312
0,0.26422763
0,0.26732916
0,0.2648931
0,0.2635696
0,0.26357755
0,0.2627138
0,0.26248047
0,0.26121724
0,0.2624226
0,0.2611198
0,0.26157224
0,0.26084977
0,0.26155823
0,0.25980407
0,0.26102194
0,0.25887316
0,0.2593228
0,0.26979253
0,0.26775002
0,0.25179026
0,0.2578981
0,0.25684056
0,0.25876236
0,0.25645176
0,0.25740215
0,0.25544667
0,0.2563008
0,0.25500482
0,0.26020426
0,0.2606701
0,0.25763446
0,0.25529417
0,0.25506404
0,0.25332543
0,0.25334728
0,0.26732105
0,0.25227404
0,0.26146632
0,0.27205092
0,0.2706697
0,0.26196754
0,0.26175436
0,0.25763702
0,0.26528218
0,0.26885876
0,0.2695201
0,0.26080456
0,0.25619444
0,0.25494182
0,0.25177553
0,0.2624368
0,0.263728
0,0.26761875
0,0.2674376
0,0.27063042
0,0.27357933
0,0.2729449
0,0.27575096
0,0.2743511
0,0.26136598
0,0.25779647
0,0.26266903
0,0.26660216
0,0.25502485
0,0.25998393
0,0.2612694
0,0.25476193
0,0.25981772
0,0.26398787
0,0.26300776
0,0.26581898
0,0.26392642
0,0.26671237
0,0.26688582
0,0.26315713
0,0.26300374
0,0.26586792
0,0.26354015
0,0.2663106
0,0.26352426
0,0.26557112
0,0.2649013
0,0.26517567
0,0.2621031
0,0.25360754
0,0.26051643
0,0.26328158
0,0.2596468
0,0.26586974
0,0.2605855
0,0.2620841
0,0.25895604
0,0.26087454
0,0.26954544
0,0.2640176
0,0.26046762
0,0.26097086
0,0.2576
0,0.25949907
0,0.25604463
0,0.2604281
0,0.2562964
0,0.25803253
0,0.25473025
0,0.256632
0,0.2533836
0,0.25515267
0,0.25250906
0,0.25470534
0,0.25160983
0,0.2539421
0,0.25118563
0,0.25322866
0,0.26346648
0,0.25810906
0,0.2538083
0,0.24681887
0,0.2483534
0,0.25065163
0,0.24837795
0,0.25012645
0,0.24736623
0,0.24958093
0,0.2564722
0,0.25166193
0,0.25879753
0,0.24855666
0,0.24731463
0,0.2587457
0,0.26013827
0,0.25403872
0,0.24974635
0,0.24975751
0,0.2566129
0,0.25129327
0,0.2573021
0,0.2520216
0,0.24685906
0,0.24791528
0,0.25879192
0,0.26317883
0,0.2517899
0,0.2504149
0,0.25559163
0,0.2605267
0,0.25950298
0,0.25232452
0,0.26113436
0,0.26291692
0,0.2624012
0,0.2639622
0,0.26150137
0,0.2638548
0,0.26107714
0,0.25273988
0,0.25641292
0,0.25992608
0,0.25847447
0,0.2500086
0,0.25957522
0,0.25972626
0,0.25785658
0,0.26030958
0,0.2579116
0,0.25963324
0,0.259656
0,0.25904757
0,0.25755668
0,0.25304615
0,0.2544967
0,0.24943744
0,0.2534528
0,0.25559458
0,0.2536796
0,0.26118946
0,0.25544187
0,0.26098952
0,0.2559369
0,0.25592136
0,0.25350055
0,0.2538381
0,0.26268092
0,0.25724715
0,0.26517466
0,0.26096368
0,0.25596538
0,0.2545471
0,0.26244926
0,0.25758168
0,0.25352362
0,0.25524604
0,0.26214147
0,0.25489774
0,0.2514019
0,0.2517705
0,0.2578794
0,0.25300437
0,0.24992704
0,0.26155886
0,0.25229365
0,0.2584957
0,0.25147015
0,0.26347342
0,0.2525492
0,0.25140384
0,0.2593203
0,0.25349054
0,0.24928734
0,0.26286864
0,0.26345238
0,0.27250573
0,0.26775914
0,0.2567268
0,0.25258
0,0.26051968
0,0.25109702
0,0.24855812
0,0.24970768
0,0.2573649
0,0.24986191
0,0.24603689
0,0.2544472
0,0.2569731
0,0.25921655
0,0.2610547
0,0.2616674
0,0.2506408
0,0.24731116
0,0.2541621
0,0.24694356
0,0.25776252
0,0.2582274
0,0.2581729
0,0.25902578
0,0.2591641
0,0.26108244
0,0.2554736
0,0.2580553
0,0.26217154
0,0.25998947
0,0.25895733
0,0.2585479
0,0.2699752
0,0.26275623
0,0.26027045
0,0.25892603
0,0.2589463
0,0.2574348
0,0.24680576
0,0.25177374
0,0.25351462
0,0.2636056
0,0.25794512
0,0.25477502
0,0.2554762
0,0.2641153
0,0.25895897
0,0.2677538
0,0.2602455
0,0.26043564
0,0.25807804
0,0.26560777
0,0.2590862
0,0.26531938
0,0.26373196
0,0.26807955
0,0.2606745
0,0.2566614
0,0.25553754
0,0.26311073
0,0.25656533
0,0.26374686
0,0.26755232
0,0.2679527
0,0.27024424
0,0.25918442
0,0.25640503
0,0.25288373
0,0.2628384
0,0.25393537
0,0.252855
0,0.24977997
0,0.25997114
0,0.25188226
0,0.2501735
0,0.24992894
0,0.25810105
0,0.24999608
0,0.2511434
0,0.25769913
0,0.25827137
0,0.2506375
0,0.24810368
0,0.25544912
0,0.25873408
0,0.26011285
0,0.26173353
0,0.25360554
0,0.24873704
0,0.25628507
0,0.25823697
0,0.27111262
0,0.2651109
0,0.25437638
0,0.25908026
0,0.26014364
0,0.26438296
0,0.2624634
0,0.26130107
0,0.261422
0,0.26149234
0,0.26134923
0,0.2606683
0,0.2602369
0,0.26049623
0,0.26016802
0,0.25019136
0,0.25040302
0,0.2547852
0,0.25556812
0,0.2559921
0,0.24573733
0,0.24237134
0,0.24854979
0,0.2514508
0,0.25105408
0,0.25704414
0,0.24963629
0,0.25498644
0,0.2536476
0,0.244733
0,0.24894495
0,0.25042704
0,0.2507079
0,0.25765
0,0.25349915
0,0.25234494
0,0.2512148
0,0.2502699
0,0.24980442
0,0.26000318
0,0.25289068
0,0.26215807
0,0.2652964
0,0.27073285
0,0.25887808
0,0.25598183
0,0.26414227
0,0.25574017
0,0.2527671
0,0.2506958
0,0.24954388
0,0.2589673
0,0.25157237
0,0.24967213
0,0.25015032
0,0.25803083
0,0.2611778
0,0.26302934
0,0.25345975
0,0.260718
0,0.2523342
0,0.24914773
0,0.25715235
0,0.25945643
0,0.2611175
0,0.26214486
0,0.25234613
0,0.2590223
0,0.2605059
0,0.25506714
0,0.24895225
0,0.24569118
0,0.25344938
0,0.2557514
0,0.25706816
0,0.25800508
0,0.2587462
0,0.25962764
0,0.25939485
0,0.26610237
0,0.2624475
0,0.26622114
0,0.26264974
0,0.26193145
0,0.2718905
0,0.2647513
0,0.27704605
0,0.25610086
0,0.24878593
0,0.2548379
0,0.25480467
0,0.2667008
0,0.2597678
0,0.24570541
0,0.25204003
0,0.24590546
0,0.25039583
0,0.25188488
0,0.2517923
0,0.24191432
0,0.24760944
0,0.23941873
0,0.24565098
0,0.24782555
0,0.25854668
0,0.25355676
0,0.2520862
0,0.25218394
0,0.2509839
0,0.25482875
0,0.26243418
0,0.25521344
0,0.26370904
0,0.2664893
0,0.26777807
0,0.25861442
0,0.25834173
0,0.2654044
0,0.26716793
0,0.26864725
0,0.26939508
0,0.270444
0,0.25821298
0,0.26528126
0,0.26751703
0,0.25811592
0,0.26021793
0,0.2551842
0,0.26225197
0,0.25417936
0,0.26183182
0,0.26421848
0,0.25825638
0,0.26268286
0,0.25354803
0,0.25019154
0,0.24771753
0,0.25603935
0,0.24835186
0,0.24543376
0,0.25443056
0,0.25599894
0,0.24898328
0,0.25480345
0,0.2566484
0,0.2621158
0,0.26050353
0,0.24905387
0,0.2554539
0,0.25538126
0,0.25643253
0,0.25646442
0,0.25646147
0,0.25636673
0,0.2558864
0,0.2551874
0,0.2549783
0,0.25458702
0,0.25325933
0,0.24366753
0,0.24925648
0,0.24021412
0,0.2463118
0,0.23759165
0,0.24603866
0,0.24622642
0,0.24723414
0,0.24902612
0,0.24919318
0,0.24930337
0,0.25974596
0,0.25887567
0,0.25366685
0,0.25207397
0,0.26177514
0,0.2645036
0,0.25738287
0,0.25979564
0,0.2540885
0,0.25200292
0,0.24967605
0,0.2488553
0,0.26247582
0,0.25268936
0,0.26037246
0,0.25306383
0,0.24973528
0,0.25827026
0,0.25034618
0,0.24749115
0,0.24614303
0,0.25547978
0,0.25884432
0,0.2558629
0,0.24987826
0,0.2467397
0,0.25788105
0,0.24843183
0,0.2567966
0,0.24832717
0,0.2467585
0,0.25422755
0,0.2466037
0,0.24916239
0,0.2441896
0,0.25188768
0,0.25464723
0,0.2577908
0,0.25851288
0,0.25851935
0,0.25918266
0,0.2593759
0,0.25900313
0,0.26456636
0,0.26058766
0,0.24906722
0,0.2546022
0,0.25456187
0,0.25544244
0,0.2556037
0,0.25611183
0,0.24465582
0,0.2509899
0,0.24755584
0,0.25164154
0,0.25225812
0,0.25236422
0,0.25330564
0,0.25365204
0,0.242738
0,0.24890982
0,0.25312147
0,0.25240996
0,0.25197077
0,0.25196105
0,0.251832
0,0.25142023
0,0.25157723
0,0.25090447
0,0.25052997
0,0.25090778
0,0.2502473
0,0.24915451
0,0.2645416
0,0.25455403
0,0.25750545
0,0.26372516
0,0.25558913
0,0.25291207
0,0.251043
0,0.26020527
0,0.2634811
0,0.2549242
0,0.2623996
0,0.25432298
0,0.25501272
0,0.2509014
0,0.24838622
0,0.24698155
0,0.24538776
0,0.24434547
0,0.24305962
0,0.24226987
0,0.23893116
0,0.2501644
0,0.25410116
0,0.25907075
0,0.25104046
0,0.24713914
0,0.25461653
0,0.2570453
0,0.25825816
0,0.2618632
0,0.2502582
0,0.24670187
0,0.24327908
0,0.25214672
0,0.24312069
0,0.2517689
0,0.2532371
0,0.25563312
0,0.24152651
0,0.25111246
0,0.24239597
0,0.25036812
0,0.2513804
0,0.25372726
0,0.23985828
0,0.24998106
0,0.2512715
0,0.2540241
0,0.24082446
0,0.24976383
0,0.24080965
0,0.25124276
0,0.2379905
0,0.24745046
0,0.24979319
0,0.25164405
0,0.24082884
0,0.24834618
0,0.23862937
0,0.24615204
0,0.2419388
0,0.24676834
0,0.2376326
0,0.24025004
0,0.23408115
0,0.24114579
0,0.24409267
0,0.24505891
0,0.24580206
0,0.24609531
0,0.25182107
0,0.25974208
0,0.2632223
0,0.25527078
0,0.2523641
0,0.2617527
0,0.25277042
0,0.26296926
0,0.25325647
0,0.25148827
0,0.25343186
0,0.24999477
0,0.24078701
0,0.24478967
0,0.23587999
0,0.2408476
0,0.23266213
0,0.2488903
0,0.24249658
0,0.2534935
0,0.24134041
0,0.25426468
0,0.2460996
0,0.24598147
0,0.2434124
0,0.24365467
0,0.24140337
0,0.25280446
0,0.23848358
0,0.25187236
0,0.2504544
0,0.25615838
0,0.25650483
0,0.2596462
0,0.24886452
0,0.24624622
0,0.24239518
0,0.24143063
0,0.238613
0,0.24875379
0,0.2402969
0,0.23936065
0,0.24137673
0,0.23877755
0,0.24738605
0,0.25116438
0,0.25417563
0,0.25546384
0,0.24537298
0,0.2518632
0,0.23951685
0,0.24832061
0,0.25130853
0,0.25262937
0,0.25388297
0,0.25474417
0,0.25555763
0,0.25504857
0,0.25611037
0,0.25517318
0,0.244994
0,0.25037804
0,0.2414701
0,0.24763915
0,0.23905762
0,0.24597153
0,0.23786937
0,0.26740757
0,0.24597245
0,0.25011045
0,0.25098574
0,0.2504986
0,0.25070468
0,0.25027835
0,0.2502034
0,0.24940139
0,0.24908346
0,0.25915173
0,0.25315535
0,0.2609526
0,0.24423532
0,0.24745831
0,0.2478882
0,0.25709745
0,0.25290042
0,0.24929293
0,0.24892874
0,0.25710934
0,0.24099372
0,0.25404307
0,0.2488706
0,0.2677457
0,0.25531322
0,0.2605835
0,0.25317785
0,0.25902814
0,0.26289177
0,0.26257944
0,0.24990883
0,0.2579945
0,0.24396135
0,0.24378589
0,0.23629922
0,0.24822906
0,0.23693125
0,0.24789897
0,0.23626308
0,0.24740432
0,0.24211349
0,0.24895261
0,0.24991009
0,0.2523666
0,0.24571787
0,0.25524515
0,0.24594252
0,0.25070548
0,0.23886457
0,0.25819373
0,0.25087997
0,0.25285488
0,0.24541073
0,0.2487464
0,0.24262266
0,0.24698396
0,0.24072728
0,0.24516687
0,0.25421128
0,0.24978621
0,0.25331724
0,0.25071454
0,0.25940514
0,0.25333157
0,0.25570297
0,0.251959
0,0.24365659
0,0.24619432
0,0.25067016
0,0.2585852
0,0.24469511
0,0.2572284
0,0.2546982
0,0.26066497
0,0.25671497
0,0.2509771
0,0.24038911
0,0.24367467
0,0.24806504
0,0.25414446
0,0.25222027
0,0.25744253
0,0.24707638
0,0.24586469
0,0.24089518
0,0.24151237
0,0.24558052
0,0.24213117
0,0.23479734
0,0.23745477
0,0.24213782
0,0.24966265
0,0.247266
0,0.2532052
0,0.24955422
0,0.25452355
0,0.24015495
0,0.25053763
0,0.23724484
0,0.24679059
0,0.24548641
0,0.2499857
0,0.2369803
0,0.2508167
0,0.24584623
0,0.24974231
0,0.2381863
0,0.24623579
0,0.23538575
0,0.24390495
0,0.23331513
0,0.24233851
0,0.24059647
0,0.24474457
0,0.23362361
0,0.2422549
0,0.23953335
0,0.24360088
0,0.24508354
0,0.25754526
0,0.23975205
0,0.2561235
0,0.24554761
0,0.26275066
0,0.24658333
0,0.24809739
0,0.2539438
0,0.25977096
0,0.24864559
0,0.24802853
0,0.24297327
0,0.25449544
0,0.24453625
0,0.25486505
0,0.2397689
0,0.24184062
0,0.24899147
0,0.24406958
0,0.25001976
0,0.2453286
0,0.23805825
0,0.24044779
0,0.23312686
0,0.24698772
0,0.2345595
0,0.23751755
0,0.23130666
0,0.24553008
0,0.23553741
0,0.24780306
0,0.23539104
0,0.23924084
0,0.23197117
0,0.23403998
0,0.22864379
0,0.244801
0,0.24384995
0,0.2490649
0,0.24742909
0,0.2515487
0,0.24169303
0,0.24952114
0,0.23674655
0,0.24591236
0,0.23380193
0,0.2448391
0,0.23343217
0,0.2438516
0,0.23214453
0,0.24317212
0,0.23186685
0,0.24240033
0,0.2416947
0,0.2465069
0,0.23457116
0,0.24860764
0,0.24529156
0,0.25760803
0,0.24385183
0,0.24879299
0,0.24097797
0,0.24653736
0,0.24286765
0,0.24606873
0,0.23655942
0,0.2519935
0,0.24384475
0,0.2503128
0,0.23687376
0,0.2427314
0,0.2333942
0,0.2400408
0,0.2377464
0,0.24123207
0,0.2492081
0,0.25091988
0,0.24365339
0,0.25567785
0,0.24567088
0,0.2564456
0,0.24585603
0,0.25725123
0,0.2460513
0,0.25704774
0,0.24638605
0,0.2519634
0,0.25497732
0,0.24892688
0,0.24404742
0,0.24399367
0,0.23544237
0,0.23874253
0,0.23124434
0,0.23576123
0,0.23480389
0,0.24069044
0,0.23112655
0,0.24538358
0,0.23237728
0,0.2358572
0,0.2446832
0,0.250116
0,0.24100487
0,0.24001186
0,0.2326011
0,0.2348466
0,0.22866458
0,0.24192788
0,0.23129588
0,0.24229631
0,0.23127453
0,0.2419222
0,0.242706
0,0.24653213
0,0.23791355
0,0.2452399
0,0.24464281
0,0.24733682
0,0.23833713
0,0.24492651
0,0.2341084
0,0.24313256
0,0.23917784
0,0.24389349
0,0.2341796
0,0.24157822
0,0.24230297
0,0.24460156
0,0.24397722
0,0.24652667
0,0.23542689
0,0.31840557
0,0.2738457
0,0.26658335
0,0.259302
0,0.2570997
0,0.2531569
0,0.25295416
0,0.27245262
0,0.2596659
0,0.2542337
0,0.2535621
0,0.24987523
0,0.2502329
0,0.2471124
0,0.25159848
0,0.23894748
0,0.25710705
0,0.2402841
0,0.25554526
0,0.24042682
0,0.25504124
0,0.2398467
0,0.25480622
0,0.23977786
0,0.2544928
0,0.23990932
0,0.24379893
0,0.24102093
0,0.26013604
0,0.2422606
0,0.25382662
0,0.23946884
0,0.24200974
0,0.23421714
0,0.2440176
0,0.23298846
0,0.24751544
0,0.24798779
0,0.24308813
0,0.23394752
0,0.24746263
0,0.23506927
0,0.23791389
0,0.2310207
0,0.24403381
0,0.23758633
0,0.24682896
0,0.23859777
0,0.23750676
0,0.24373463
0,0.24898261
0,0.23530391
0,0.24619587
0,0.24614127
0,0.25083977
0,0.24912079
0,0.25324163
0,0.2390135
0,0.24853027
0,0.23929943
0,0.2478891
0,0.24670798
0,0.25048938
0,0.24843866
0,0.25152874
0,0.2427925
0,0.2497554
0,0.2374901
0,0.24634536
0,0.23544428
0,0.2491054
0,0.25012925
0,0.25110775
0,0.23938034
0,0.24711347
0,0.2360226
0,0.2440661
0,0.24463183
0,0.24708773
0,0.24455716
0,0.24674894
0,0.2369047
0,0.24302712
0,0.24122424
0,0.24345393
0,0.24082462
0,0.24307781
0,0.23745926
0,0.2415793
0,0.23691228
0,0.25104606
0,0.23825799
0,0.25182956
0,0.23848487
0,0.2521323
0,0.23683022
0,0.25119945
0,0.23701015
0,0.25052482
0,0.2529231
0,0.24667928
0,0.23743911
0,0.24952656
0,0.23591273
0,0.24895613
0,0.23608135
0,0.24893989
0,0.23660393
0,0.25250015
0,0.24120502
0,0.2516713
0,0.23859178
0,0.25015733
0,0.23715405
0,0.2487922
0,0.23631608
0,0.23729025
0,0.2311956
0,0.25882128
0,0.23906066
0,0.24886145
0,0.23980169
0,0.24793479
0,0.24886052
0,0.2515931
0,0.2521123
0,0.25287598
0,0.23975015
0,0.24851936
0,0.236343
0,0.24721211
0,0.23549561
0,0.24474165
0,0.24176078
0,0.2462838
0,0.2432675
0,0.2473002
0,0.2436045
0,0.24691354
0,0.23999567
0,0.25099596
0,0.23700722
0,0.24396162
0,0.23418364
0,0.24121352
0,0.23231621
0,0.23997314
0,0.24143314
0,0.24280652
0,0.2433611
0,0.244691
0,0.23466359
0,0.24153866
0,0.2407298
0,0.25321317
0,0.24126805
0,0.2437654
0,0.23659305
0,0.25097913
0,0.24000297
0,0.24231015
0,0.23711781
0,0.24989171
0,0.23976916
0,0.24113937
0,0.23664844
0,0.23879935
0,0.23199257
0,0.24872288
0,0.23552023
0,0.25174463
0,0.23842904
0,0.24027164
0,0.23462252
0,0.24734053
0,0.23628409
0,0.23859404
0,0.23233819
0,0.24557146
0,0.23411077
0,0.23744062
0,0.23168713
0,0.23406938
0,0.22753024
0,0.23043762
0,0.22520293
0,0.22904412
0,0.22445935
0,0.22734258
0,0.22264542
0,0.23681846
0,0.22604024
0,0.23863113
0,0.23139864
0,0.24123208
0,0.22987436
0,0.24570674
0,0.23262298
0,0.24203542
0,0.23512655
0,0.24257815
0,0.23338157
0,0.24191388
0,0.2305285
0,0.2394852
0,0.24130993
0,0.2439838
0,0.2328994
0,0.2404902
0,0.24179395
0,0.24355789
0,0.24438393
0,0.24507491
0,0.23878135
0,0.2430762
0,0.2375464
0,0.24228671
0,0.23900518
0,0.25326943
0,0.24112031
0,0.24401487
0,0.23777145
0,0.24085362
0,0.23707001
0,0.25102955
0,0.2394961
0,0.25420818
0,0.2465921
0,0.25616097
0,0.24234289
0,0.2439876
0,0.23879272
0,0.25139588
0,0.23878236
0,0.2518006
0,0.23977831
0,0.25239295
0,0.24039909
0,0.2526648
0,0.25572658
0,0.24780118
0,0.23784052
0,0.25116518
0,0.23922454
0,0.25081727
0,0.23698194
0,0.25001934
0,0.23791994
0,0.23839028
0,0.23803897
0,0.24823692
0,0.2362756
0,0.23768099
0,0.23128818
0,0.2437945
0,0.23257056
0,0.24424893
0,0.23313163
0,0.24401605
0,0.26368448
0,0.2577473
0,0.24274798
0,0.25145605
0,0.23768808
0,0.24815772
0,0.23888096
0,0.24722053
0,0.23553362
0,0.24531686
0,0.26922324
0,0.25912523
0,0.24428092
0,0.25109264
0,0.23922062
0,0.24729475
0,0.23636808
0,0.24465404
0,0.24616374
0,0.24846497
0,0.24935809
0,0.24997255
0,0.23846224
0,0.24622667
0,0.23569852
0,0.24361293
0,0.24028254
0,0.24486665
0,0.24107946
0,0.2497325
0,0.23979011
0,0.2448737
0,0.24029273
0,0.24388504
0,0.23982696
0,0.24356197
0,0.23856334
0,0.24236286
0,0.2377533
0,0.2567923
0,0.24087295
0,0.2546232
0,0.25296077
0,0.2603452
0,0.24621943
0,0.25850976
0,0.2451625
0,0.24719752
0,0.23792705
0,0.24172905
0,0.24772014
0,0.2545374
0,0.24237433
0,0.2431379
0,0.23557115
0,0.25345027
0,0.23746772
0,0.25010955
0,0.23704517
0,0.24913135
0,0.23851617
0,0.24974267
0,0.23776029
0,0.2536298
0,0.2389056
0,0.25032762
0,0.25320825
0,0.25525174
0,0.24163833
0,0.2505749
0,0.23891002
0,0.24872553
0,0.2362416
0,0.24613312
0,0.23442487
0,0.24428827
0,0.23288713
0,0.24277855
0,0.23271261
0,0.24248625
0,0.23202616
0,0.241457
0,0.2315801
0,0.240548
0,0.23069102
0,0.23890845
0,0.23105459
0,0.23896497
0,0.23038058
0,0.23800494
0,0.23592748
0,0.23989454
0,0.23515676
0,0.23950712
0,0.2376914
0,0.251143
0,0.24207167
0,0.25336766
0,0.24405661
0,0.25528696
0,0.24492086
0,0.24530715
0,0.24044982
0,0.24232793
0,0.23856376
0,0.25566313
0,0.24422045
0,0.24380492
0,0.23866951
0,0.25101024
0,0.2363997
0,0.2503768
0,0.24169752
0,0.25211352
0,0.24279225
0,0.24295393
0,0.237657
0,0.23999262
0,0.23523982
0,0.24676558
0,0.23672685
0,0.23745422
0,0.23463613
0,0.24512191
0,0.2361167
0,0.24614061
0,0.23644735
0,0.24585702
0,0.23691918
0,0.24561767
0,0.23476762
0,0.24440564
0,0.2355634
0,0.24477454
0,0.25153998
0,0.2615007
0,0.25971064
0,0.24735153
0,0.2388265
0,0.24785312
0,0.23561414
0,0.24474244
0,0.23455548
0,0.24308234
0,0.24887803
0,0.24878666
0,0.23777188
0,0.24513274
0,0.23467545
0,0.24298595
0,0.23500772
0,0.24259233
0,0.24795668
0,0.24742664
0,0.23614447
0,0.24947324
0,0.24341765
0,0.24629419
0,0.24514133
0,0.25840905
0,0.24764682
0,0.24990883
0,0.24525878
0,0.24710526
0,0.2427308
0,0.24463846
0,0.2393292
0,0.25392288
0,0.24388483
0,0.24511969
0,0.24465135
0,0.267478
0,0.2501668
0,0.2537614
0,0.2478587
0,0.25805333
0,0.2489761
0,0.2587205
0,0.24936384
0,0.24813108
0,0.24264403
0,0.25415012
0,0.24604833
0,0.25572285
0,0.2508208
0,0.25760436
0,0.24563995
0,0.2556415
0,0.2618476
0,0.2609103
0,0.24805863
0,0.25834537
0,0.24716128
0,0.24425761
0,0.24227425
0,0.25100997
0,0.24100047
0,0.24999455
0,0.24180114
0,0.25055718
0,0.2416909
0,0.24876814
0,0.23717798
0,0.2530581
0,0.24220593
0,0.24853808
0,0.23848888
0,0.24721779
0,0.2388892
0,0.2466659
0,0.2364597
0,0.24502654
0,0.25199747
0,0.25096765
0,0.24925539
0,0.2506173
0,0.24905208
0,0.24976268
0,0.24772698
0,0.24929625
0,0.23990601
0,0.24511547
0,0.24477823
0,0.2503558
0,0.24647367
0,0.24768265
0,0.24538377
0,0.25724348
0,0.2487206
0,0.25979617
0,0.25182474
0,0.2508441
0,0.24982077
0,0.25940064
0,0.24552949
0,0.24754079
0,0.2439267
0,0.24542749
0,0.24237113
0,0.2437269
0,0.24985516
0,0.25669095
0,0.24542466
0,0.24608406
0,0.24300498
0,0.24305043
0,0.24218677
0,0.25294933
0,0.24533214
0,0.2544679
0,0.24464726
0,0.243679
0,0.24866104
0,0.24396157
0,0.2395788
0,0.24016252
0,0.23932149
0,0.24836984
0,0.24132441
0,0.2492567
0,0.24053916
0,0.24908532
0,0.24139918
0,0.24824958
0,0.24282159
0,0.24874426
0,0.2397039
0,0.2533114
0,0.2422872
0,0.24829218
0,0.24071111
0,0.24681957
0,0.23934379
0,0.2458632
0,0.25411126
0,0.25211793
0,0.24081881
0,0.24721445
0,0.23897052
0,0.24562736
0,0.2531972
0,0.2508697
0,0.24395083
0,0.23958677
0,0.24162544
0,0.24563615
0,0.23786798
0,0.24329929
0,0.24357462
0,0.24679793
0,0.2368243
0,0.24262731
0,0.23943076
0,0.2535891
0,0.24506043
0,0.2464555
0,0.24508967
0,0.25632164
0,0.25128257
0,0.2597297
0,0.25614935
0,0.2518158
0,0.24846233
0,0.25870925
0,0.24917181
0,0.24811797
0,0.24393229
0,0.2551466
0,0.24745566
0,0.25699276
0,0.24648651
0,0.24607986
0,0.24552305
0,0.24447995
0,0.24231303
0,0.24632137
0,0.24228501
0,0.25225365
0,0.24490152
0,0.24349876
0,0.24273473
0,0.25147852
0,0.24723884
0,0.25427577
0,0.2467204
0,0.24371214
0,0.24044926
0,0.23952198
0,0.23837101
0,0.24731116
0,0.24024081
0,0.25286293
0,0.24116811
0,0.24949826
0,0.24154176
0,0.24904943
0,0.24153386
0,0.24882632
0,0.24021898
0,0.25120163
0,0.24013543
0,0.2476243
0,0.23911017
0,0.25114602
0,0.23819725
0,0.24606413
0,0.25288013
0,0.25119075
0,0.2491898
0,0.25085098
0,0.23934223
0,0.24652274
0,0.24612255
0,0.2477548
0,0.24612676
0,0.24821477
0,0.24445267
0,0.24790187
0,0.2639475
0,0.25483546
0,0.24929427
0,0.24992228
0,0.2472303
0,0.24879041
0,0.24443
0,0.24660715
0,0.24637105
0,0.24678695
0,0.2466597
0,0.24700257
0,0.24605678
0,0.24619646
0,0.24187967
0,0.24446583
0,0.2615945
0,0.26269218
0,0.25114903
0,0.25088915
0,0.24579823
0,0.25690296
0,0.24765056
0,0.25826707
0,0.24840714
0,0.2578723
0,0.24715996
0,0.24624658
0,0.24278808
0,0.24232407
0,0.24294463
0,0.25158253
0,0.2429491
0,0.25222206
0,0.24367972
0,0.26437157
0,0.25030628
0,0.2460636
0,0.24184409
0,0.2511167
0,0.24446705
0,0.25212356
0,0.24448688
0,0.25179264
0,0.24331656
0,0.2470049
0,0.23903686
0,0.24751164
0,0.24980019
0,0.25187552
0,0.24519399
0,0.2502165
0,0.2514935
0,0.25186035
0,0.2521388
0,0.26023942
0,0.2552794
0,0.25518483
0,0.25021675
0,0.25236157
0,0.2520913
0,0.25191346
0,0.2513787
0,0.2517324
0,0.2513584
0,0.25109172
0,0.24287221
0,0.24183144
0,0.23765142
0,0.24391708
0,0.24417037
0,0.2459046
0,0.24517448
0,0.25744626
0,0.2485839
0,0.24934916
0,0.24739727
0,0.25853845
0,0.2517552
0,0.25048792
0,0.2501405
0,0.24839772
0,0.24701755
0,0.25805306
0,0.25509205
0,0.24981633
0,0.24605913
0,0.2558777
0,0.24836586
0,0.24587151
0,0.24320781
0,0.24211708
0,0.24033529
0,0.25016716
0,0.24562703
0,0.25539395
0,0.24791408
0,0.25519028
0,0.2494837
0,0.24510418
0,0.2446782
0,0.24210098
0,0.23986965
0,0.24846937
0,0.23988375
0,0.24015151
0,0.24053673
0,0.2502964
0,0.24063376
0,0.24927863
0,0.24055272
0,0.25279355
0,0.24221356
0,0.24598913
0,0.24241225
0,0.24909742
0,0.24979542
0,0.25877285
0,0.25631124
0,0.26231384
0,0.24899793
0,0.25401232
0,0.25433812
0,0.2540771
0,0.25426808
0,0.2539247
0,0.24631464
0,0.25053322
0,0.2515621
0,0.2514838
0,0.2522985
0,0.25247118
0,0.2528186
0,0.25880268
0,0.25460473
0,0.2532413
0,0.24978952
0,0.25083914
0,0.25143805
0,0.2506763
0,0.2506367
0,0.26667914
0,0.25476742
0,0.25364667
0,0.2494336
0,0.26060376
0,0.2530557
0,0.24789384
0,0.24799599
0,0.24726473
0,0.2489551
0,0.24718162
0,0.24850401
0,0.24655484
0,0.24650352
0,0.24490514
0,0.24532573
0,0.24328639
0,0.24509569
0,0.24287735
0,0.24253558
0,0.24109866
0,0.24415906
0,0.2514186
0,0.24552193
0,0.2513775
0,0.24587217
0,0.25300187
0,0.24595906
0,0.25291464
0,0.2443306
0,0.25176045
0,0.24451026
0,0.25168628
0,0.24695459
0,0.2521607
0,0.24450745
0,0.25145918
0,0.24549682
0,0.24070187
0,0.23935151
0,0.24274772
0,0.24891226
0,0.25157538
0,0.25334212
0,0.25433576
0,0.24706846
0,0.26377097
0,0.25392812
0,0.25569445
0,0.25006646
0,0.2537251
0,0.25720152
0,0.2505772
0,0.25019076
0,0.24700683
0,0.25156465
0,0.25118533
0,0.25272983
0,0.2515844
0,0.245294
0,0.24824522
0,0.24261896
0,0.24620777
0,0.24161227
0,0.24499947
0,0.24658531
0,0.24629553
0,0.24767067
0,0.25805092
0,0.25297004
0,0.25146136
0,0.24765874
0,0.2532957
0,0.24998897
0,0.2594225
0,0.2523968
0,0.26073536
0,0.26097983
0,0.25365868
0,0.2512993
0,0.2596275
0,0.25084913
0,0.25913784
0,0.25821033
0,0.25099185
0,0.24888222
0,0.25666192
0,0.24989784
0,0.25761795
0,0.24958655
0,0.24697828
0,0.2471453
0,0.24423264
0,0.24122554
0,0.2406282
0,0.23943825
0,0.2388901
0,0.23966062
0,0.24789318
0,0.24259014
0,0.2502321
0,0.24419628
0,0.25710404
0,0.24693856
0,0.2527651
0,0.25444263
0,0.254957
0,0.24701269
0,0.252133
0,0.25376645
0,0.25372434
0,0.2541421
0,0.2544158
0,0.25069463
0,0.25307432
0,0.25347823
0,0.25381687
0,0.2546504
0,0.25375742
0,0.25421134
0,0.2537624
0,0.24650034
0,0.250659
0,0.25187677
0,0.2517906
0,0.2530383
0,0.25213474
0,0.25256342
0,0.25190112
0,0.2526837
0,0.25207487
0,0.2529662
0,0.25186232
0,0.24456596
0,0.2474867
0,0.24270308
0,0.24606846
0,0.24732289
0,0.25785565
0,0.25177246
0,0.25092107
0,0.24343412
0,0.2456143
0,0.24603094
0,0.25165725
0,0.24161541
0,0.25482485
0,0.2488319
0,0.2475157
0,0.24388784
0,0.24451296
0,0.24624048
0,0.24449992
0,0.24340014
0,0.24277784
0,0.24434276
0,0.253031
0,0.24568714
0,0.24408172
0,0.2446106
0,0.25272802
0,0.24501094
0,0.24275139
0,0.24328884
0,0.24020734
0,0.23752402
0,0.24784127
0,0.24107824
0,0.24913119
0,0.24147755
0,0.25447378
0,0.24653608
0,0.25277323
0,0.24352871
0,0.2504774
0,0.24438459
0,0.25009364
0,0.24402094
0,0.24930695
0,0.24156113
0,0.25033048
0,0.24282195
0,0.24854347
0,0.24008752
0,0.2470635
0,0.24868332
0,0.26058152
0,0.24628764
0,0.25085384
0,0.25074375
0,0.25061297
0,0.25097492
0,0.25050473
0,0.24726404
0,0.24922128
0,0.24965417
0,0.2604543
0,0.2507053
0,0.25111258
0,0.24460074
0,0.24740689
0,0.24075015
0,0.24490342
0,0.24221137
0,0.24476133
0,0.24541806
0,0.24558735
0,0.23957066
0,0.25703862
0,0.24581015
0,0.24631734
0,0.24545288
0,0.25065315
0,0.24720448
0,0.24629141
0,0.24344707
0,0.24316643
0,0.24620011
0,0.24350424
0,0.24521355
0,0.24256329
0,0.23975047
0,0.24005412
0,0.23876168
0,0.24970491
0,0.24009372
0,0.23736373
0,0.32321537
0,0.28483072
0,0.265774
0,0.25727645
0,0.25411925
0,0.24842902
0,0.24736238
0,0.25376016
0,0.2483001
0,0.25395375
0,0.24699189
0,0.2526203
0,0.2509038
0,0.2537153
0,0.24741326
0,0.2524546
0,0.24395585
0,0.25035974
0,0.24290255
0,0.24934703
0,0.2433835
0,0.24835533
0,0.25807703
0,0.2542403
0,0.24641316
0,0.24078919
0,0.24817695
0,0.24965475
0,0.25447872
0,0.26541427
0,0.2567409
0,0.25489533
0,0.2478595
0,0.25054455
0,0.25132906
0,0.25084436
0,0.24825792
0,0.24888402
0,0.24911718
0,0.24809872
0,0.24833804
0,0.2476206
0,0.24749601
0,0.257811
0,0.24722692
0,0.2628511
0,0.2538688
0,0.25173584
0,0.24940681
0,0.24884756
0,0.25363863
0,0.26047543
0,0.25173903
0,0.25003317
0,0.25037956
0,0.25940514
0,0.2506575
0,0.24871252
0,0.24850312
0,0.24658847
0,0.24241775
0,0.25376713
0,0.24825965
0,0.24604565
0,0.2452091
0,0.25411454
0,0.2516179
0,0.2570297
0,0.24958289
0,0.25687224
0,0.8722455
0,0.73995256
0,0.5893948
0,0.49203473
0,0.4304301
0,0.36679682
0,0.34595224
0,0.3098736
0,0.26757717
0,0.25591582
0,0.23444022
0,0.22549771
0,0.20370373
0,0.19271044
0,0.17517288
0,0.16715148
0,0.16537495
0,0.17797875
0,0.17533451
0,0.18095317
0,0.18579315
0,0.20040444
0,0.20973425
0,0.2203182
0,0.22205615
0,0.23752171
0,0.24056904
0,0.23709057
0,0.23905578
0,0.2450845
0,0.2471538
0,0.24860524
0,0.245642
0,0.24830666
0,0.24131304
0,0.245674
0,0.23971008
0,0.25452408
0,0.2609913
0,0.3479325
0,0.2815823
0,0.28365687
0,0.2692274
0,0.27409858
0,0.26225623
0,0.26903164
0,0.25919724
0,0.25520408
0,0.25325277
0,0.25106242
0,0.24829143
0,0.2581943
0,0.25320044
0,0.26058343
0,0.2546904
0,0.261322
0,0.25071305
0,0.25964382
0,0.254023
0,0.24991044
0,0.24806136
0,0.24625745
0,0.24352647
0,0.2530542
0,0.2481785
0,0.2454629
0,0.24387723
0,0.24690992
0,0.24302156
0,0.2507605
0,0.24128298
0,0.25253984
0,0.24557342
0,0.2528432
0,0.24595146
0,0.25285116
0,0.2448257
0,0.2525253
0,0.2434411
0,0.25130612
0,0.24251646
0,0.2613385
0,0.25725725
0,0.2585847
0,0.25763765
0,0.2582455
0,0.2574398
0,0.25672135
0,0.25610057
0,0.25648922
0,0.2520725
0,0.25382853
0,0.25502652
0,0.25405404
0,0.2601801
0,0.2609323
0,0.2564257
0,0.25568366
0,0.25308642
0,0.2532505
0,0.24568038
0,0.2587692
0,0.25286677
0,0.26325265
0,0.2570498
0,0.2550743
0,0.2545183
0,0.25295356
0,0.25324163
0,0.26268324
0,0.25640413
0,0.2538508
0,0.25270158
0,0.2512087
0,0.24366055
0,0.2625198
0,0.24955977
0,0.24974537
0,0.24961674
0,0.25899783
0,0.25258932
0,0.2607679
0,0.25306502
0,0.2548495
0,0.2528797
0,0.24934997
0,0.24835195
0,0.24660052
0,0.24616031
0,0.24444132
0,0.24646923
0,0.24340904
0,0.2434011
0,0.2522823
0,0.24617119
0,0.24313825
0,0.24234721
0,0.25161776
0,0.24690716
0,0.24326612
0,0.25309083
0,0.25515947
0,0.24904013
0,0.2562673
0,0.2475652
0,0.2623302
0,0.25168633
0,0.2555761
0,0.25799733
0,0.25758398
0,0.26652718
0,0.26047018
0,0.25216955
0,0.25533393
0,0.24887483
0,0.2533255
0,0.24697833
0,0.25110018
0,0.25410432
0,0.25406578
0,0.24543652
0,0.25173444
0,0.2542193
0,0.25275213
0,0.25485593
0,0.2533886
0,0.25594762
0,0.2583028
0,0.25741154
0,0.25543362
0,0.25636807
0,0.25372538
0,0.25514725
0,0.25298175
0,0.25427207
0,0.25185364
0,0.25351077
0,0.26222777
0,0.24920218
0,0.25082436
0,0.24438857
0,0.24673294
0,0.2537874
0,0.2607596
0,0.24714062
0,0.2502166
0,0.25476542
0,0.25017413
0,0.24966261
0,0.2482132
0,0.24923137
0,0.24713467
0,0.24740003
0,0.25647703
0,0.2477616
0,0.25030196
0,0.24779071
0,0.25632283
0,0.25050756
0,0.25776526
0,0.25047284
0,0.24749875
0,0.24717219
0,0.2441947
0,0.24373351
0,0.2642094
0,0.2505313
0,0.2568978
0,0.25133875
0,0.25153705
0,0.24682568
0,0.24385433
0,0.25344422
0,0.24492133
0,0.25391245
0,0.255674
0,0.24965212
0,0.25459364
0,0.24771023
0,0.25857538
0,0.24871494
0,0.25449586
0,0.24821134
0,0.25300515
0,0.2560137
0,0.25967738
0,0.25545475
0,0.2599806
0,0.2594684
0,0.25754473
0,0.25866106
0,0.25695813
0,0.25839698
0,0.25621033
0,0.25424793
0,0.25409666
0,0.25513202
0,0.25359774
0,0.25523862
0,0.25323203
0,0.25402337
0,0.2523389
0,0.25364634
0,0.26402912
0,0.25787804
0,0.26523507
0,0.2592975
0,0.265667
0,0.25197634
0,0.25162932
0,0.2532541
0,0.26109424
0,0.25553885
0,0.26224515
0,0.25684264
0,0.25232008
0,0.24495634
0,0.24642739
0,0.24747634
0,0.25667942
0,0.25083244
0,0.2588666
0,0.24939471
0,0.24732363
0,0.26552117
0,0.25891817
0,0.2513907
0,0.24773236
0,0.24938473
0,0.2553075
0,0.2600367
0,0.25960633
0,0.2548829
0,0.25804523
0,0.26221955
0,0.25752673
0,0.25342485
0,0.25621969
0,0.25227034
0,0.25533706
0,0.2600722
0,0.257299
0,0.2612561
0,0.25771725
1,0.13113415
1,0.9220602
1,0.99362975
1,0.9975807
1,0.98335266
1,0.9678387
1,0.94672275
1,0.928326
1,0.99524754
1,0.9977641
1,0.9982596
1,0.9983873
1,0.9984374
1,0.99845487
1,0.9984645
1,0.9984702
1,0.9984737
1,0.99847597
1,0.99847746
1,0.9984785
1,0.9984792
1,0.991892
1,0.9897874
1,0.98810065
1,0.98501295
1,0.97748023
1,0.9646635
0,0.9971639
0,0.9822034
0,0.96723855
0,0.9545979
0,0.9419077
0,0.9291959
0,0.91588295
0,0.89786875
0,0.8823045
0,0.8674214
0,0.847641
0,0.8323713
0,0.8033859
0,0.7906831
0,0.7347543
0,0.66883767
0,0.62288517
0,0.58221173
0,0.521315
0,0.4738511
0,0.3818834
0,0.24760215
0,0.14354342
0,0.1349255
0,0.1327628
0,0.13627657
0,0.13758321
0,0.14383267
0,0.14560644
0,0.14923352
0,0.28650552
0,0.2897052
0,0.28637308
0,0.30270424
0,0.29049864
0,0.28864095
0,0.294966
0,0.30204433
0,0.2811186
1,0.28753838
1,0.3007604
1,0.29521453
1,0.2826958
1,0.29508188
1,0.28362992
1,0.2856439
1,0.27698144
1,0.28392518
1,0.2793326
1,0.27876213
1,0.27663416
1,0.2760559
1,0.27081156
1,0.27312684
0,0.9526809
0,0.7820276
0,0.6957675
0,0.6289058
0,0.57105947
0,0.51133716
0,0.45102778
0,0.37142265
0,0.33286524
0,0.26759034
0,0.2277231
0,0.19708587
0,0.16928193
0,0.1581007
0,0.1452651
0,0.1386149
0,0.13689525
0,0.13118702
0,0.12941729
0,0.127897
0,0.12570678
0,0.13430592
0,0.13219519
0,0.13101467
0,0.13893463
0,0.15003435
0,0.16166854
0,0.17772584
0,0.18933015
0,0.20874909
0,0.29025578
0,0.27084365
0,0.29027796
0,0.2867362
0,0.27942666
0,0.286058
0,0.27311727
0,0.2877003
0,0.2871705
0,0.2727115
0,0.29473832
0,0.28924638
0,0.27971587
0,0.29581115
0,0.30088174
0,0.2930644
0,0.29042935
0,0.27925658
0,0.29848763
0,0.2790612
0,0.2828932
0,0.2943458
0,0.29248795
0,0.28317317
0,0.27909005
0,0.2660004
0,0.27715707
0,0.26257318
0,0.2691642
0,0.2811112
0,0.27598327
0,0.28886238
0,0.27693158
0,0.27231932
0,0.27405673
0,0.26987964
0,0.2663856
0,0.27511862
0,0.26795542
0,0.27666947
0,0.3498797
0,0.31837437
0,0.30332726
0,0.29606667
0,0.32028604
0,0.30446112
0,0.31069043
0,0.2983079
0,0.30981493
0,0.29194194
0,0.2922928
0,0.30137187
0,0.2933347
0,0.28829888
0,0.28228188
0,0.2777607
0,0.26805294
0,0.2796036
0,0.27932024
0,0.27297318
0,0.30418617
0,0.30573863
0,0.31242287
0,0.29790735
0,0.2763493
0,0.27942777
0,0.28491303
0,0.30705425
0,0.29109645
0,0.29698536
0,0.29201066
0,0.31200987
0,0.28358728
0,0.325741
0,0.30565065
0,0.29569763
0,0.29857832
0,0.29903448
0,0.29764733
0,0.29704103
0,0.28023285
0,0.28919375
0,0.28207958
0,0.2832893
0,0.28313342
0,0.28464088
0,0.28265262
0,0.28586796
0,0.28708965
0,0.28192967
0,0.2808083
0,0.27855247
0,0.30867702
0,0.28716195
0,0.2812863
0,0.29506102
0,0.2874049
0,0.280606
0,0.27951398
0,0.2711197
0,0.28868636
0,0.28397816
0,0.2835506
0,0.27580133
0,0.2745825
0,0.26720428
0,0.2681867
0,0.27286226
0,0.30319378
0,0.28885046
0,0.29652506
0,0.3123156
0,0.28706455
0,0.2740678
0,0.28216392
0,0.2792634
0,0.2827733
0,0.28825772
0,0.28653574
0,0.27688375
0,0.28023446
0,0.27037713
0,0.26828042
0,0.27406114
0,0.2678454
0,0.26331124
0,0.26939547
0,0.26099452
0,0.2642369
0,0.25979722
0,0.269483
0,0.26968673
0,0.2714308
0,0.266432
0,0.26413864
0,0.26234287
0,0.25768942
0,0.25833046
0,0.26229727
0,0.29437518
0,0.28356734
0,0.28308463
0,0.28251234
0,0.26435935
0,0.25843567
0,0.26220667
0,0.3341939
0,0.3036245
0,0.29758224
0,0.2966201
0,0.37258053
0,0.30622697
0,0.2913935
0,0.285605
0,0.28544527
0,0.2750492
0,0.28071755
0,0.27216208
0,0.4262998
0,0.33488542
0,0.30032185
0,0.29206285
0,0.27825543
0,0.28129202
0,0.26930356
0,0.2685356
0,0.27057254
0,0.26588574
0,0.2661171
0,0.2674856
0,0.2758116
0,0.27283788
0,0.28089797
0,0.28054208
0,0.27610642
0,0.27804825
0,0.2747194
0,0.26304007
0,0.28007808
0,0.29336
0,0.28168687
0,0.29344374
0,0.28030825
0,0.32277107
0,0.28396866
0,0.28955078
0,0.2938339
0,0.27847385
0,0.28247735
0,0.2785411
0,0.2696894
0,0.30614564
0,0.28639975
0,0.26952067
0,0.27563667
0,0.28550926
0,0.28005967
0,0.28160828
0,0.2723363
0,0.27113762
0,0.26970255
0,0.27390972
0,0.2684913
0,0.264469
0,0.26662695
0,0.2960482
0,0.27005988
0,0.2786797
0,0.2732222
0,0.26234803
0,0.27892324
0,0.2711095
0,0.2891412
0,0.28671855
0,0.2742613
0,0.274398
0,0.2738571
0,0.63393617
0,0.4617881
0,0.40309444
0,0.36291847
0,0.33387494
0,0.31014264
0,0.31507227
0,0.29004145
0,0.28563526
0,0.28374612
0,0.26794752
0,0.26414013
0,0.2794141
0,0.26877674
0,0.26203778
0,0.27427492
0,0.26428303
0,0.2660001
0,0.25950536
0,0.24726102
0,0.2416594
0,0.24381639
0,0.2426113
0,0.2463226
0,0.25510502
0,0.25732476
0,0.2606226
0,0.25781333
0,0.25332093
0,0.25127143
0,0.25451592
0,0.25428775
0,0.2725585
0,0.27295846
0,0.27461863
0,0.26849243
0,0.26696014
0,0.2605105
0,0.2659245
0,0.26749694
0,0.27219173
0,0.2670546
0,0.26520708
0,0.26894575
0,0.26259434
0,0.25948536
0,0.2546089
0,0.2835886
0,0.28039128
0,0.27452818
0,0.2736125
0,0.27739996
0,0.2718233
0,0.27026388
0,0.2641732
0,0.27281055
0,0.2669963
0,0.28684926
0,0.27839872
0,0.28761205
0,0.27244356
0,0.278509
0,0.26595867
0,0.27710804
0,0.29577377
0,0.29001755
0,0.2883978
0,0.2908971
0,0.27496132
0,0.27460945
0,0.27728996
0,0.27367908
0,0.26938465
0,0.28402838
0,0.27908608
0,0.31797576
0,0.2844748
0,0.28210154
0,0.28343964
0,0.28802451
0,0.2777281
0,0.27507517
0,0.27249286
0,0.302732
0,0.2809585
0,0.28638437
0,0.28175515
0,0.2772198
0,0.27234125
0,0.28172132
0,0.28407001
0,0.26960316
0,0.2618335
0,0.2539516
0,0.39771077
0,0.3217811
0,0.2966421
0,0.312354
0,0.29740426
0,0.3077507
0,0.29625055
0,0.27964145
0,0.2743903
0,0.288981
0,0.27694258
0,0.28963986
0,0.2893654
0,0.27313265
0,0.27074894
0,0.26833656
0,0.27892715
0,0.2809951
0,0.2735992
0,0.27279344
0,0.2794438
0,0.27098146
0,0.26293877
0,0.26348326
0,0.27710462
0,0.2841217
0,0.27576
0,0.27557287
0,0.26726043
0,0.29400676
0,0.26872236
0,0.26514187
0,0.2586179
0,0.28836337
0,0.29670364
0,0.28930923
0,0.28002596
0,0.27434096
0,0.26965266
0,0.27631268
0,0.26946944
0,0.26664796
0,0.27670416
0,0.26824534
0,0.26524004
0,0.2790452
0,0.2844473
0,0.27848113
0,0.26564166
0,0.27184153
0,0.27905685
0,0.27622747
0,0.2790245
0,0.27109703
0,0.26824927
0,0.27073437
0,0.27312177
0,0.27391052
0,0.27867994
0,0.26384568
0,0.2747134
0,0.26545918
0,0.26245704
0,0.26567757
0,0.26388264
0,0.26574364
0,0.27180603
0,0.27207553
0,0.27375424
0,0.26723996
0,0.26633948
0,0.2712722
0,0.26614285
0,0.26578808
0,0.26835823
0,0.27260274
0,0.2713002
0,0.26923856
0,0.26564842
0,0.26208392
0,0.2876227
0,0.2895424
0,0.27136937
0,0.2776994
0,0.2737777
0,0.2649378
0,0.2883883
0,0.27264038
0,0.27980447
0,0.28182465
0,0.28338066
0,0.2828227
0,0.27853546
0,0.2903776
0,0.2748034
0,0.2663258
0,0.27027264
0,0.2710179
0,0.26952225
0,0.2796408
0,0.2672793
0,0.26917064
0,0.26793572
0,0.2663507
0,0.26054063
0,0.2547812
0,0.26569504
0,0.2819629
0,0.26551682
0,0.26181203
0,0.26764202
0,0.2650417
0,0.2560682
0,0.26605326
0,0.268801
0,0.26800114
0,0.26799083
0,0.275819
0,0.2794225
0,0.28774795
0,0.27660838
0,0.28275943
0,0.28464437
0,0.28090674
0,0.2800781
0,0.2690945
0,0.27452666
0,0.28898785
0,0.31120592
0,0.28458515
0,0.282557
0,0.28044546
0,0.27496725
0,0.266984
0,0.27427435
0,0.29884315
0,0.28764924
0,0.2812461
0,0.26987177
0,0.27558202
0,0.26362985
0,0.2775483
0,0.2715002
0,0.2780163
0,0.27156022
0,0.2733013
0,0.29440024
0,0.27658638
0,0.30185047
0,0.2848619
0,0.2852431
0,0.27730015
0,0.2871358
0,0.28520492
0,0.2865133
0,0.27816546
0,0.2735892
0,0.27264982
0,0.2771713
0,0.29974273
0,0.29751238
0,0.28580856
0,0.2852093
0,0.27615064
0,0.2737987
0,0.27638346
0,0.27080244
0,0.27147555
0,0.274198
0,0.3330242
0,0.29742038
0,0.2910924
0,0.27436373
0,0.26623803
0,0.27602312
0,0.27345133
0,0.27339563
0,0.261168
0,0.27582648
0,0.2650435
0,0.27284288
0,0.27561688
0,0.26913977
0,0.26766157
0,0.27723253
0,0.26948106
0,0.26282415
0,0.26910076
0,0.26921326
0,0.26505378
0,0.2683223
0,0.26465818
0,0.26960406
0,0.2748282
0,0.28130278
0,0.27001783
0,0.27172962
0,0.28478646
0,0.2917735
0,0.31079775
0,0.2997775
0,0.30548063
0,0.28235537
0,0.2828302
0,0.27229396
0,0.2703822
0,0.26356047
0,0.2693789
0,0.26512992
0,0.26954103
0,0.27811193
0,0.2745355
0,0.2683382
0,0.27454832
0,0.27807796
0,0.2827182
0,0.28575438
0,0.28605562
0,0.27701905
0,0.27230248
0,0.27596137
0,0.2671147
0,0.27080545
0,0.27092212
0,0.2680897
0,0.27104506
0,0.27116835
0,0.3243715
0,0.34940568
0,0.3206955
0,0.31751987
0,0.29478422
0,0.29335117
0,0.27837843
0,0.28060204
0,0.2792165
0,0.28408056
0,0.26960716
0,0.2699849
0,0.2754842
0,0.27313018
0,0.26410574
0,0.26652998
0,0.26357335
0,0.25699568
0,0.26331347
0,0.26089314
0,0.27030873
0,0.60345876
0,0.43878672
0,0.4059575
0,0.36499396
0,0.34501156
0,0.31369445
0,0.31158608
0,0.29328912
0,0.29709616
0,0.28517964
0,0.27984473
0,0.2823319
0,0.27594584
0,0.28288636
0,0.27926642
0,0.27162164
0,0.27999514
0,0.27378222
0,0.25043568
0,0.23523559
0,0.23575257
0,0.2366065
0,0.23952965
0,0.25085768
0,0.24970813
0,0.24861233
0,0.2563623
0,0.25559855
0,0.25133666
0,0.2617957
0,0.27528247
0,0.29795894
0,0.28815794
0,0.2823071
0,0.27102152
0,0.27105448
0,0.2623197
0,0.26959848
0,0.27850065
0,0.27314517
0,0.27539247
0,0.2799794
0,0.26906934
0,0.28013
0,0.2682949
0,0.27712086
0,0.2696262
0,0.28177738
0,0.26060337
0,0.27539042
0,0.28606248
0,0.25988588
0,0.2683897
0,0.27144462
0,0.27636182
0,0.29032484
0,0.27274555
0,0.27195814
0,0.26810744
0,0.29983848
0,0.2657313
0,0.2662301
0,0.2696625
0,0.26926762
0,0.26403332
0,0.28869164
0,0.26952273
0,0.27425903
0,0.26030213
0,0.24991742
0,0.26508602
0,0.2484046
0,0.24465808
0,0.25930947
0,0.26313362
0,0.24815387
0,0.24220344
0,0.242103
0,0.24176925
0,0.2503447
0,0.24685663
0,0.25021648
0,0.24571382
0,0.25939935
0,0.24781844
0,0.24481365
0,0.31585333
0,0.27953628
0,0.2869881
0,0.28620648
0,0.27993327
0,0.26207745
0,0.2670946
0,0.2515576
0,0.26135245
0,0.26548222
0,0.27392912
0,0.2505425
0,0.26499212
0,0.25455981
0,0.24897921
0,0.24777845
0,0.24212077
0,0.2455235
0,0.24978465
0,0.2613413
0,0.25693333
0,0.24523364
0,0.26679015
0,0.25240037
0,0.25850317
0,0.26990634
0,0.24894871
0,0.25903225
0,0.25579977
0,0.24804124
0,0.2398092
0,0.23830521
0,0.24287193
0,0.25326204
0,0.24786487
0,0.24453177
0,0.24628542
0,0.41366184
0,0.31615388
0,0.3000323
0,0.32389915
0,0.28895402
1,0.27784416
1,0.26199636
1,0.26018566
1,0.25440386
1,0.25087562
1,0.2474589
1,0.25562012
1,0.2475105
1,0.24538466
1,0.2512104
1,0.26692376
1,0.2553735
1,0.25770602
1,0.25158998
1,0.25055656
1,0.9483986
1,0.99135184
1,0.996571
1,0.9975205
0,0.9982885
0,0.9963934
0,0.994997
0,0.9925707
0,0.9884356
0,0.981512
0,0.96968615
0,0.97876674
0,0.94953305
0,0.9284178
0,0.8994982
0,0.8787828
0,0.85180575
0,0.8235787
0,0.9096044
0,0.83248746
0,0.79003155
0,0.7387356
0,0.68529344
0,0.61726123
0,0.592637
0,0.5386195
0,0.46115243
0,0.38754094
0,0.3558009
0,0.3130009
0,0.23937356
0,0.15291534
0,0.12062305
0,0.12928623
0,0.18754204
0,0.30267525
0,0.2933338
0,0.2719464
0,0.28139627
0,0.2840957
0,0.26649526
0,0.42751378
0,0.34376624
0,0.2956569
0,0.2761331
1,0.3248253
1,0.28927693
1,0.27209172
1,0.28190652
1,0.2693136
1,0.2774096
1,0.4312348
1,0.3171478
1,0.29642355
1,0.28882113
1,0.26766038
1,0.2641721
1,0.25827593
1,0.2549982
1,0.24554074
0,0.9478934
0,0.75379866
0,0.63321054
0,0.58316845
0,0.4940695
0,0.40616933
0,0.5512029
0,0.39932615
0,0.32756138
0,0.25659174
0,0.20223819
0,0.21341415
0,0.16749687
0,0.15387061
0,0.2835681
0,0.19097808
0,0.18963787
0,0.15383653
0,0.15612897
0,0.14401762
0,0.137038
0,0.22406414
0,0.15975055
0,0.17918468
0,0.1486555
0,0.25918797
0,0.17437816
0,0.15400743
0,0.14521024
0,0.20204121
0,0.26722336
0,0.21432109
0,0.189486
0,0.17514959
0,0.20596902
0,0.17558375
0,0.16981816
0,0.16460267
0,0.2982448
0,0.20805036
0,0.18821336
0,0.17576839
0,0.16151798
0,0.17490973
0,0.15407117
0,0.26418176
0,0.18525574
0,0.17203428
0,0.16394074
0,0.1598744
0,0.26881772
0,0.22695032
0,0.3653729
0,0.25064406
0,0.20734729
0,0.4084157
0,0.25205708
0,0.18062358
0,0.1576914
0,0.153286
0,0.26010194
0,0.18575753
0,0.15630165
0,0.17143066
0,0.15619954
0,0.14786327
0,0.14122072
0,0.13395049
0,0.12769143
0,0.1281634
0,0.1268931
0,0.13862738
0,0.14671098
0,0.1535837
0,0.16639617
0,0.17570609
0,0.28526255
0,0.23225486
0,0.21585733
0,0.22335269
0,0.24982883
0,0.25961378
0,0.27838284
0,0.2676811
0,0.2655572
0,0.43440646
0,0.3175702
0,0.30956686
0,0.29820982
0,0.29082397
0,0.43959454
0,0.35046887
0,0.32287744
0,0.5186894
0,0.37449932
0,0.33410764
0,0.28497854
0,0.25979584
0,0.23539624
0,0.20595545
0,0.26484737
0,0.1988819
0,0.17886023
0,0.16593042
0,0.16486669
0,0.16188166
0,0.16906722
0,0.16639848
0,0.18074849
0,0.22916076
0,0.20375115
0,0.20383966
0,0.20753811
0,0.20758092
0,0.3180951
0,0.25501144
0,0.23537269
0,0.37982443
0,0.27919653
0,0.22592792
0,0.25933605
0,0.2561055
0,0.38125172
0,0.34376252
0,0.29843304
0,0.26364416
0,0.22648576
0,0.35829777
0,0.24203396
0,0.19163279
0,0.16660234
0,0.1495866
0,0.14171523
0,0.13574587
0,0.13640538
0,0.14047928
0,0.27194044
0,0.20907769
0,0.18003133
0,0.16591409
0,0.41681346
0,0.27871114
0,0.22901875
0,0.19563015
0,0.19649783
0,0.18737654
0,0.17914027
0,0.22461957
0,0.2162239
0,0.21979767
0,0.21146293
0,0.21543375
0,0.26719123
0,0.25882217
0,0.26125798
0,0.23670597
0,0.23639038
0,0.2354087
0,0.22932386
0,0.3630346
0,0.27669683
0,0.26531237
0,0.25340572
0,0.25124618
0,0.24486744
0,0.24294664
0,0.41543636
0,0.33362192
0,0.29813176
0,0.45831648
0,0.34384727
0,0.50330967
0,0.36378843
0,0.4111247
0,0.3233278
0,0.285503
0,0.26997748
0,0.40510958
0,0.29552206
0,0.26245546
0,0.41711855
0,0.2928645
0,0.221045
0,0.17600347
0,0.3178456
0,0.22377987
0,0.17299622
0,0.1530872
0,0.13764808
0,0.1305705
0,0.12552227
0,0.1274358
0,0.12857638
0,0.13837026
0,0.14945677
0,0.16202365
0,0.17725879
0,0.18638791
0,0.20483851
0,0.235682
0,0.35085922
0,0.27946016
0,0.2732588
0,0.26977572
0,0.25822368
0,0.3508594
0,0.27589077
0,0.2861776
0,0.43764737
0,0.3249998
0,0.31703028
0,0.4739303
0,0.3516844
0,0.29680753
0,0.27267477
1,0.26440352
1,0.25309595
1,0.2556065
1,0.24716492
1,0.42006528
1,0.29341623
1,0.23090138
1,0.21257862
1,0.19644055
1,0.19355561
1,0.19906111
1,0.19512962
1,0.19469611
1,0.20498452
1,0.2203109
1,0.94348985
0,0.9945282
0,0.9765105
0,0.95940745
0,0.93197215
0,0.8825392
0,0.8916692
0,0.82037073
0,0.78673255
0,0.728474
0,0.85928065
0,0.7601023
0,0.86140716
0,0.7204009
0,0.64461875
0,0.5508365
0,0.4989034
0,0.38796508
0,0.33929166
0,0.3325196
0,0.27418575
0,0.22100902
0,0.18815391
0,0.2037619
0,0.15817074
0,0.14686598
0,0.13383985
0,0.12646925
0,0.13089757
0,0.12054404
0,0.15373142
0,0.2634283
0,0.25647727
0,0.24885328
0,0.25442335
0,0.25097045
0,0.26773992
0,0.2545829
0,0.271892
0,0.25640884
0,0.27523348
0,0.2811726
0,0.2923558
0,0.27085516
0,0.29517734
0,0.36286637
0,0.32125992
0,0.30668092
0,0.29666576
0,0.2947762
0,0.3167939
0,0.27809095
0,0.2632286
0,0.2754404
0,0.4479958
0,0.34348303
0,0.30152878
0,0.28053582
0,0.27426234
0,0.2677015
0,0.26262552
0,0.2530371
0,0.25350514
0,0.2518869
0,0.25101328
0,0.25073338
0,0.24587877
0,0.25526887
0,0.24908443
0,0.24990177
0,0.2680274
0,0.43262607
0,0.35392752
0,0.3105846
0,0.2907568
0,0.29552102
0,0.27385488
0,0.26268557
0,0.26237595
0,0.42826784
0,0.32951912
0,0.32161132
0,0.2927014
0,0.30182424
0,0.38211873
0,0.31056327
0,0.3329683
0,0.2893026
0,0.30979577
0,0.29049245
0,0.28790426
0,0.2706068
0,0.26384535
0,0.26599276
0,0.2524924
0,0.24701208
0,0.24506192
0,0.2552088
0,0.24148034
0,0.23659666
0,0.23474097
0,0.24925579
0,0.2493031
0,0.25170127
0,0.25199193
0,0.27541798
0,0.2809508
0,0.26595235
0,0.27859205
0,0.28707176
0,0.29055893
0,0.27352664
0,0.26662564
0,0.28038645
0,0.26597467
0,0.27606237
0,0.26972792
0,0.31798923
0,0.28735107
0,0.28712192
0,0.44416374
0,0.3539561
0,0.30895153
0,0.2995763
0,0.29589924
0,0.279984
0,0.2776605
0,0.26940915
0,0.27332535
0,0.26950628
0,0.26441678
0,0.270345
0,0.26207784
0,0.2615307
0,0.26626804
0,0.26032615
0,0.25117978
0,0.24920054
0,0.24399212
0,0.24794379
0,0.32797438
0,0.27757025
0,0.2660461
0,0.2839931
0,0.27898863
0,0.27409202
0,0.2824016
0,0.2620024
0,0.2799408
0,0.263493
0,0.27933973
0,0.2923536
0,0.29031956
0,0.28637958
0,0.27413055
0,0.25854036
0,0.27114257
0,0.27464747
0,0.2589933
0,0.26760757
0,0.2700606
0,0.25797614
0,0.26043388
0,0.25617918
0,0.25461945
0,0.24826247
0,0.2694695
0,0.2616793
0,0.25678772
0,0.25650507
0,0.27207997
0,0.25906205
0,0.2791977
0,0.28121433
0,0.28032866
0,0.28592917
0,0.27391598
0,0.28243133
0,0.26811376
0,0.26373363
0,0.25486422
0,0.27559766
0,0.27776906
0,0.28419715
0,0.28632405
0,0.28452212
0,0.273734
0,0.2726369
0,0.2793871
0,0.2616135
0,0.2513761
0,0.25129315
0,0.26458842
0,0.27289805
0,0.27269542
0,0.26649863
0,0.26706806
0,0.26202232
0,0.25930718
0,0.2570381
0,0.2550209
0,0.25291112
0,0.25575984
0,0.26083177
0,0.25094014
0,0.27182508
0,0.2570086
0,0.25359747
0,0.25124735
0,0.25843197
0,0.26323542
0,0.25767478
0,0.25185674
0,0.24926396
0,0.2658155
0,0.2577079
0,0.2730875
0,0.25980213
0,0.25275204
0,0.2536014
0,0.26737624
0,0.2582302
0,0.24887393
0,0.25011563
0,0.24205461
0,0.26601583
0,0.26389638
0,0.2753711
0,0.25587603
0,0.2737058
0,0.30073056
0,0.2829936
0,0.26555756
0,0.2729385
0,0.25649285
0,0.2487802
0,0.2520955
0,0.25964788
0,0.25394905
0,0.2542308
0,0.25084388
0,0.26988253
0,0.25846905
0,0.25560427
0,0.2517105
0,0.25144356
0,0.27053764
0,0.27525803
0,0.27903652
0,0.28142858
0,0.25679243
0,0.25416118
0,0.2706097
0,0.26354194
0,0.262425
0,0.25263786
0,0.25288185
0,0.26929465
0,0.27633327
0,0.25549892
0,0.26787627
0,0.27091026
0,0.27237362
0,0.27391434
0,0.2676775
0,0.2723721
0,0.25248912
0,0.25020158
0,0.2524897
0,0.24292849
0,0.25751546
0,0.24706058
0,0.24894924
0,0.2525293
0,0.24899828
0,0.3022619
0,0.27400702
0,0.26822457
0,0.26066715
0,0.263448
0,0.28753388
0,0.26794696
0,0.25597486
0,0.25528273
0,0.25646612
0,0.27014962
0,0.2615039
0,0.2578366
0,0.2751662
0,0.2589145
0,0.2732258
0,0.27557167
0,0.6321554
0,0.46385285
0,0.3988165
0,0.37462616
0,0.32089671
0,0.2950745
0,0.29603404
0,0.2872931
0,0.27108607
0,0.26222688
0,0.2895192
0,0.28053114
0,0.2759249
0,0.25993004
0,0.26913208
0,0.2686924
0,0.25706026
0,0.25195324
0,0.24144302
0,0.25617257
0,0.28616562
0,0.26929438
0,0.2663564
0,0.269732
0,0.3178937
0,0.30392992
0,0.32020152
0,0.27668595
0,0.28820065
0,0.26884425
0,0.29062736
0,0.26891863
0,0.26055565
0,0.26670268
0,0.2771355
0,0.2692711
0,0.26732224
0,0.25205535
0,0.25046426
0,0.27056742
0,0.2679464
0,0.25865868
0,0.27257666
0,0.2674031
0,0.29293835
0,0.265061
0,0.25434437
0,0.25814614
0,0.26707894
0,0.25534078
0,0.2564533
0,0.25054607
0,0.26092383
0,0.24966247
0,0.25103337
0,0.25006783
0,0.24233651
0,0.25007978
0,0.25737152
0,0.25982937
0,0.2559235
0,0.26044235
0,0.26570714
0,0.25471738
0,0.28683358
0,0.28935912
0,0.2861709
0,0.27394944
0,0.26395217
0,0.25391078
0,0.25519952
0,0.26793528
0,0.25815076
0,0.2483462
0,0.26474124
0,0.2591441
0,0.2884529
0,0.2591371
0,0.27220082
0,0.2592823
0,0.26818395
0,0.32118174
0,0.30415416
0,0.3035786
0,0.27171788
0,0.27980125
0,0.32643008
0,0.2845262
0,0.26695663
0,0.2640372
0,0.289523
0,0.35707825
0,0.3030141
0,0.31100634
0,0.2855471
0,0.2924378
0,0.29123384
0,0.27716947
0,0.28631234
0,0.26806152
0,0.25573936
0,0.25936583
0,0.2622549
0,0.26018178
0,0.2735621
0,0.2699669
0,0.26454023
0,0.26454508
0,0.25987974
0,0.27059364
0,0.26713097
0,0.26300517
0,0.27624223
0,0.28471628
0,0.2719313
0,0.29191637
0,0.26083344
0,0.25983506
0,0.25519112
0,0.2777331
0,0.3214674
0,0.28030494
0,0.26899034
0,0.27140316
0,0.2598207
0,0.26598826
0,0.25974742
0,0.25913993
0,0.27333897
0,0.26469028
0,0.26275545
0,0.26068074
0,0.2853104
0,0.26292506
0,0.25589675
0,0.25147474
0,0.25434303
0,0.25372726
0,0.287731
0,0.2659977
0,0.27580458
0,0.25815117
0,0.24976523
0,0.24602425
0,0.26144958
0,0.26595476
0,0.2738854
0,0.25618407
0,0.26816738
0,0.26266062
0,0.2670052
0,0.26950195
0,0.25462976
0,0.27022055
0,0.2650697
0,0.24906553
0,0.2612903
0,0.29587302
0,0.2621518
0,0.25450528
0,0.26235905
0,0.24959168
0,0.27120343
0,0.25889152
0,0.26991484
0,0.25905204
0,0.26167104
0,0.26360783
0,0.27574706
0,0.27917072
0,0.26233977
0,0.25067547
0,0.25301632
0,0.24983008
0,0.2549286
0,0.26591364
0,0.273829
0,0.278978
0,0.27469665
0,0.25433353
0,0.26526102
0,0.27033713
0,0.27362084
0,0.25496605
0,0.26665118
0,0.2605745
0,0.27375677
0,0.25773522
0,0.24924073
0,0.2684148
0,0.26982868
0,0.25126994
0,0.25395665
0,0.2649813
0,0.26692343
0,0.25080517
0,0.24494724
0,0.2644715
0,0.25154167
0,0.27747738
0,0.29431012
0,0.2607223
0,0.2518051
0,0.24472839
0,0.2652697
0,0.2594624
0,0.25146818
0,0.2565757
0,0.2649663
0,0.27537295
0,0.25576836
0,0.24933863
0,0.26850283
0,0.26363486
0,0.2759204
0,0.3173363
0,0.27779114
0,0.2869943
0,0.28291214
0,0.28066424
0,0.26883075
0,0.28238854
0,0.263709
0,0.25583795
0,0.2508567
0,0.2737982
0,0.35907665
0,0.28533483
0,0.2670133
0,0.26434568
0,0.2776056
0,0.2690808
0,0.2645541
0,0.27740154
0,0.2546869
0,0.29047766
0,0.30030504
0,0.2714964
0,0.28419802
0,0.28693986
0,0.2751244
0,0.2734425
0,0.28051898
0,0.27027836
0,0.2625401
0,0.27461505
0,0.27882224
0,0.27016714
0,0.27790946
0,0.3257679
0,0.2803912
0,0.26610792
0,0.27447748
0,0.26447475
0,0.29538023
0,0.28334886
0,0.26628685
0,0.36934602
0,0.31232104
0,0.2792523
0,0.31108505
0,0.2847031
0,0.2827436
0,0.28373477
0,0.34509867
0,0.29214042
0,0.27063733
0,0.26677257
0,0.256632
0,0.27981126
0,0.25736806
0,0.2869741
0,0.26888666
0,0.25992745
0,0.26455083
0,0.26349118
0,0.26387182
0,0.2629822
0,0.262772
0,0.25786087
0,0.25968173
0,0.27036577
0,0.27843726
0,0.25968078
0,0.2575713
0,0.255749
0,0.24741957
0,0.26513198
0,0.27186635
0,0.25292215
0,0.24557686
0,0.24543059
0,0.258329
0,0.25804543
0,0.26344863
0,0.26667228
0,0.27902767
0,0.2538077
0,0.24731587
0,0.25855297
0,0.24700549
0,0.24299078
0,0.25385544
0,0.24911691
0,0.25363332
0,0.2416243
0,0.2533468
0,0.24722427
0,0.2566394
0,0.24829373
0,0.2665454
0,0.27420768
0,0.28108108
0,0.29871613
0,0.2859915
0,0.28962785
0,0.29126346
0,0.29125696
0,0.27818877
0,0.27583712
0,0.2800887
0,0.261947
0,0.27393207
0,0.27661836
0,0.25759462
0,0.2700327
0,0.2614831
0,0.27242848
0,0.2683291
0,0.25681236
0,0.26312134
0,0.25409737
0,0.26339146
0,0.27648875
0,0.27312878
0,0.2585099
0,0.26725334
0,0.2672154
0,0.2520386
0,0.2545934
0,0.2467351
0,0.2681955
0,0.2554591
0,0.27322623
0,0.26724017
0,0.2708689
0,0.25968888
0,0.27375287
0,0.26670656
0,0.25716442
0,0.2568259
0,0.26205352
0,0.25053433
0,0.24446729
0,0.2629554
0,0.2575584
0,0.26857466
0,0.25934374
0,0.25389367
0,0.26690266
0,0.25922278
0,0.26990864
0,0.2507868
0,0.25882748
0,0.25056213
0,0.26277745
0,0.2511129
0,0.26222125
0,0.25057325
0,0.2630715
0,0.246295
0,0.2593869
0,0.26165316
0,0.24670462
0,0.25876847
0,0.26652402
0,0.25738502
0,0.25466335
0,0.25022677
0,0.26828542
0,0.25507477
0,0.27542445
0,0.26646197
0,0.279343
0,0.27264738
0,0.27279747
0,0.26642066
0,0.27783698
0,0.26741368
0,0.26396155
0,0.27217558
0,0.2746337
0,0.25732687
0,0.25153348
0,0.26516286
0,0.26940894
0,0.26789588
0,0.25639358
0,0.27295667
0,0.27159467
0,0.25781462
0,0.26715007
0,0.26861048
0,0.2703838
0,0.2763355
0,0.25815353
0,0.27095884
0,0.2696741
0,0.25370455
0,0.2571692
0,0.2455774
0,0.25679082
0,0.25922576
0,0.2544746
0,0.25939614
0,0.25202632
0,0.25384128
0,0.24880877
0,0.24400958
0,0.25332427
0,0.2663572
0,0.25885415
0,0.2726302
0,0.2644463
0,0.24916826
0,0.24610801
0,0.26218644
0,0.25625777
0,0.25558963
0,0.24832147
0,0.2674816
0,0.2586027
0,0.24837554
0,0.26253942
0,0.27097195
0,0.25814012
0,0.2523087
0,0.26492634
0,0.27861893
0,0.25387815
0,0.26132426
0,0.27041033
0,0.2503121
0,0.24378657
0,0.24197038
0,0.24096268
0,0.2639285
0,0.2627756
0,0.26825976
0,0.25761703
0,0.26082176
0,0.27243355
0,0.26487306
0,0.27161476
0,0.27885878
0,0.25893787
0,0.24843475
0,0.25540525
0,0.26789552
0,0.27330092
0,0.2751106
0,0.27611154
0,0.26326746
0,0.261374
0,0.25959963
0,0.2867504
0,0.27834684
0,0.25705022
0,0.26854548
0,0.2726817
0,0.27208576
0,0.25305542
0,0.26467437
0,0.24835575
0,0.27289474
0,0.2696241
0,0.25189865
0,0.24911378
0,0.25907758
0,0.24905454
0,0.25025973
0,0.2622552
0,0.27314544
0,0.26721704
0,0.27652836
0,0.26948452
0,0.26247796
0,0.25164026
0,0.25779432
0,0.2490621
0,0.24892813
0,0.24932726
0,0.24523488
0,0.24307652
0,0.24126628
0,0.23687875
0,0.2368923
0,0.24246143
0,0.23689349
0,0.23549877
0,0.24337928
0,0.23918575
0,0.23577894
0,0.23149085
0,0.2477765
0,0.25520244
0,0.2605117
0,0.24565788
0,0.24029453
0,0.26676422
0,0.24742138
0,0.25739136
0,0.25309306
0,0.25310844
0,0.2531262
0,0.25259125
0,0.26951224
0,0.24778356
0,0.26617616
0,0.2511568
0,0.24816357
0,0.27380684
0,0.28197372
0,0.28728223
0,0.2630129
0,0.26092774
0,0.25240585
0,0.25494012
0,0.26905206
0,0.25193027
0,0.26677373
0,0.26091552
0,0.26253647
0,0.2759558
0,0.26300108
0,0.25831625
0,0.26786828
0,0.26975307
0,0.27034128
0,0.27097723
0,0.27559263
0,0.25536236
0,0.24724805
0,0.25341514
0,0.27428418
0,0.26656485
0,0.27650273
0,0.270086
0,0.26734483
0,0.25157553
0,0.48248604
0,0.3583984
0,0.3483795
0,0.32369107
0,0.2886944
0,0.29565382
0,0.2913184
0,0.2769817
0,0.26093632
0,0.25544336
0,0.26937014
0,0.27635017
0,0.26526296
0,0.26615044
0,0.27160653
0,0.25406665
0,0.24750908
0,0.26506865
0,0.2788021
0,0.27386868
0,0.2593375
0,0.24987209
0,0.2448567
0,0.252258
0,0.24076265
0,0.25367853
0,0.26315
0,0.27339724
0,0.26316187
0,0.27583754
0,0.2685119
0,0.25851062
0,0.26144704
0,0.27205923
0,0.26565298
0,0.25712407
0,0.25689635
0,0.2579587
0,0.27827978
0,0.26637435
0,0.26312006
0,0.25771955
0,0.27307573
0,0.27339062
0,0.2638735
0,0.26183385
0,0.24997376
0,0.25169495
0,0.24560837
0,0.2599945
0,0.26822004
0,0.27275023
0,0.25726008
0,0.2549107
0,0.25563106
0,0.24473341
0,0.24598928
0,0.25540555
0,0.26561308
0,0.2654628
0,0.26505533
0,0.26576602
0,0.2657244
0,0.3365547
0,0.27565175
0,0.27672127
0,0.2726342
0,0.27025518
0,0.2860078
0,0.26920205
0,0.25785777
0,0.25365645
0,0.24980038
0,0.25105125
0,0.27737564
0,0.26402354
0,0.25283897
0,0.26738173
0,0.2613825
0,0.2618481
0,0.2520416
0,0.247982
0,0.24301814
0,0.23981693
0,0.62701416
0,0.45454958
0,0.37965557
0,0.346986
0,0.31713665
0,0.29199398
0,0.27308524
0,0.2773731
0,0.28070316
0,0.26445705
0,0.25361687
0,0.2626317
0,0.27687395
0,0.25625485
0,0.26305285
0,0.27632552
0,0.2682594
0,0.28058365
0,0.25530115
0,0.2492328
0,0.26700783
0,0.27154467
0,0.27970505
0,0.2622443
0,0.26919657
0,0.2633394
0,0.26095384
0,0.25897023
0,0.25753444
0,0.25142798
0,0.24513614
0,0.25008374
0,0.24588309
0,0.2393314
0,0.24992214
0,0.24750704
0,0.25775257
0,0.2616927
0,0.25137913
0,0.2691844
0,0.25765005
0,0.2629381
0,0.25052816
0,0.27071628
0,0.27122107
0,0.26970997
0,0.28752217
0,0.274443
0,0.26370585
0,0.2720371
0,0.2643975
0,0.28101996
0,0.2815438
0,0.27526078
0,0.26972118
0,0.27511415
0,0.26784855
0,0.25946525
0,0.25374666
0,0.25678268
0,0.24839005
0,0.28243893
0,0.26315767
0,0.25461656
0,0.2596719
0,0.25205126
0,0.27225626
0,0.25183904
0,0.25858182
0,0.24995807
0,0.25431558
0,0.25228554
0,0.2702673
0,0.25344163
0,0.24953601
0,0.24970438
0,0.2858028
0,0.26338175
0,0.2654456
0,0.2682164
0,0.28963083
0,0.26635358
0,0.26869163
0,0.35041833
0,0.29024994
0,0.298669
0,0.3006439
0,0.3112451
0,0.2981458
0,0.27190295
0,0.25950158
0,0.25899342
0,0.26160964
0,0.26988176
0,0.26231608
0,0.26154768
0,0.2702916
0,0.252185
0,0.26741773
0,0.2784843
0,0.25974557
0,0.26910084
0,0.27998954
0,0.27706695
0,0.26656094
0,0.26846105
0,0.25182745
0,0.25352803
0,0.25420603
0,0.26378155
0,0.26567057
0,0.2636728
0,0.26639977
0,0.25459048
0,0.25602138
0,0.26153582
0,0.27415818
0,0.27015316
0,0.27777216
0,0.28249592
0,0.2773433
0,0.28395906
0,0.26321477
0,0.2635756
0,0.2785267
0,0.2693957
0,0.26723036
0,0.2760491
0,0.2671101
0,0.2636004
0,0.26197138
0,0.27194506
0,0.27859065
0,0.27672127
0,0.26713282
0,0.261638
0,0.25832403
0,0.24844106
0,0.26233408
0,0.2575885
0,0.26446486
0,0.2562144
0,0.26266134
0,0.27140322
0,0.25170997
0,0.25392365
0,0.26064456
0,0.27306637
0,0.2636944
0,0.27748886
0,0.26997128
0,0.280972
0,0.2585102
0,0.26244128
0,0.26800224
0,0.27873626
0,0.27811497
0,0.29830113
0,0.29005933
0,0.28807595
0,0.27708846
0,0.27084234
0,0.26973608
0,0.27785936
0,0.28111354
0,0.27905017
0,0.26936167
0,0.2774122
0,0.2663061
0,0.2680143
0,0.27149487
0,0.26247013
0,0.27422258
0,0.2656076
0,0.27549514
0,0.27349147
0,0.26206344
0,0.2505898
0,0.260001
0,0.25391987
0,0.2520629
0,0.25194964
0,0.26356542
0,0.25876504
0,0.25010157
0,0.24698295
0,0.25550348
0,0.2576498
0,0.2521917
0,0.2733228
0,0.2695216
0,0.25446936
0,0.24868184
0,0.2612559
0,0.24759896
0,0.26506498
0,0.26835075
0,0.27504787
0,0.2746093
0,0.2649559
0,0.26074108
0,0.24891415
0,0.24717902
0,0.2708128
0,0.2732562
0,0.2866021
0,0.2910002
0,0.28523514
0,0.27462116
0,0.26491153
0,0.26666337
0,0.2701285
0,0.25320303
0,0.26376262
0,0.27885485
0,0.25996742
0,0.25430864
0,0.2606055
0,0.27335906
0,0.28165203
0,0.26053053
0,0.26349768
0,0.2644899
0,0.26742297
0,0.2538282
0,0.26040164
0,0.27470154
0,0.2690701
0,0.2744998
0,0.26481292
0,0.31726515
0,0.28040054
0,0.2607188
0,0.28247464
0,0.28271785
0,0.27846777
0,0.26638553
0,0.2606359
0,0.26509765
0,0.26295143
0,0.25678393
0,0.2663673
0,0.25665882
0,0.26198116
0,0.27452248
0,0.2583747
0,0.26450157
0,0.25492802
0,0.25071418
0,0.24666783
0,0.24914277
0,0.24443655
0,0.27017626
0,0.25299257
0,0.2474572
0,0.24482436
0,0.25305128
0,0.26517412
0,0.25907567
0,0.27072784
0,0.2734956
0,0.26493672
0,0.26080897
0,0.2536638
0,0.25465092
0,0.26451057
0,0.27406773
0,0.2731942
0,0.25903603
0,0.25848472
0,0.25578383
0,0.25354853
0,0.2517713
0,0.25587943
0,0.25080478
0,0.26565596
0,0.27668047
0,0.2568543
0,0.253683
0,0.24308182
0,0.25608104
0,0.24652463
0,0.25829202
0,0.25975245
0,0.27210537
0,0.27120435
0,0.27271345
0,0.25679946
0,0.2519588
0,0.25085777
0,0.25531033
0,0.2568218
0,0.25665036
0,0.26328138
0,0.2638947
0,0.27194744
0,0.26775524
0,0.27365032
0,0.27212608
0,0.26736277
0,0.27557856
0,0.27099544
0,0.2571369
0,0.27322203
0,0.26288646
0,0.26042232
0,0.27373803
0,0.26259762
0,0.27505875
0,0.27917498
0,0.26849827
0,0.26461458
0,0.2685948
0,0.27113298
0,0.27541462
0,0.2537816
0,0.2690458
0,0.26061854
0,0.25231135
0,0.24757025
0,0.26856804
0,0.26999077
0,0.269647
0,0.26788297
0,0.26837796
0,0.26229835
0,0.25692037
0,0.27370483
0,0.28374302
0,0.288813
0,0.26402456
0,0.2767342
0,0.26720282
0,0.26428643
0,0.27777413
0,0.26755828
0,0.2625705
0,0.3122219
0,0.29205546
0,0.28986254
0,0.27383372
0,0.25694397
0,0.25158733
0,0.26482302
0,0.2685933
0,0.2607187
0,0.26979262
0,0.25942147
0,0.25347617
0,0.25336716
0,0.26372245
0,0.28566632
0,0.25660026
0,0.26780862
0,0.25073823
0,0.27362984
0,0.2605474
0,0.25440434
0,0.27510598
0,0.26066545
0,0.2640759
0,0.26381698
0,0.27574506
0,0.28154507
0,0.28146887
0,0.27060115
0,0.28015763
0,0.26936516
0,0.27712682
0,0.2984518
0,0.28612262
0,0.29161018
0,0.27466002
0,0.26223886
0,0.2615722
0,0.2700608
0,0.26537967
0,0.27032378
0,0.25439137
0,0.2651961
0,0.25604066
0,0.2556712
0,0.2647029
0,0.2488543
0,0.24388057
0,0.2571712
0,0.24454857
0,0.25343478
0,0.24166237
0,0.2440216
0,0.25316805
0,0.25590903
0,0.27001983
0,0.26904288
0,0.2756387
0,0.2677058
0,0.27960023
0,0.28111997
0,0.28247416
0,0.27684572
0,0.26977244
0,0.26476753
0,0.26268125
0,0.26064965
0,0.26100123
0,0.25198433
0,0.26601768
0,0.26440403
0,0.270017
0,0.2720384
0,0.26743722
0,0.25473523
0,0.25886932
0,0.2531229
0,0.2771319
0,0.2640424
0,0.27024278
0,0.25292352
0,0.28005254
0,0.25629494
0,0.2579384
0,0.26268825
0,0.26070982
0,0.25253245
0,0.25943837
0,0.26767093
0,0.27563646
0,0.2746294
0,0.2896103
0,0.27026418
0,0.28231028
0,0.28297815
0,0.36715236
0,0.31835327
0,0.2974821
0,0.28859442
0,0.27791467
0,0.27120486
0,0.27804694
0,0.2783719
0,0.28032538
0,0.28399912
0,0.27376208
0,0.25918043
0,0.26617652
0,0.27144593
0,0.25471213
0,0.24796923
0,0.2497922
0,0.26171935
0,0.2535046
0,0.26407483
0,0.26975992
0,0.27368635
0,0.26095852
0,0.2661497
0,0.26902276
0,0.3782085
0,0.31294733
0,0.29097283
0,0.27314043
0,0.2750453
0,0.28291363
0,0.27296716
0,0.2606969
0,0.26291722
0,0.262803
0,0.30232698
0,0.27949053
0,0.2827053
0,0.2847235
0,0.28365502
0,0.28723574
0,0.27664056
0,0.28521833
0,0.2609858
0,0.2736035
0,0.2752787
0,0.2720734
0,0.2751615
0,0.26904786
0,0.27565628
0,0.2649941
0,0.26201057
0,0.2752381
0,0.26195502
0,0.26789007
0,0.2738992
0,0.2608907
0,0.27740443
0,0.28521124
0,0.27944553
0,0.28477126
0,0.2669107
0,0.27549878
0,0.27215385
0,0.26622212
0,0.2791879
0,0.2739687
0,0.2596684
0,0.5846082
0,0.39785287
0,0.33825418
0,0.3293906
0,0.2966549
0,0.28727892
0,0.2841691
0,0.27476215
0,0.26902413
0,0.26556316
0,0.27215275
0,0.2742705
0,0.25446665
0,0.2576734
0,0.266711
0,0.25261292
0,0.25823462
0,0.2662915
0,0.2711148
0,0.2509848
0,0.26233196
0,0.26919904
0,0.2567147
0,0.26505464
0,0.26990452
0,0.2677891
0,0.26739138
0,0.25586483
0,0.2619659
0,0.25116986
0,0.27330762
0,0.25258222
0,0.26008764
0,0.2751727
0,0.2668606
0,0.27803814
0,0.2588563
0,0.26263243
0,0.2491492
0,0.27144998
0,0.28017187
0,0.28142652
0,0.2803599
0,0.26900434
0,0.28257093
0,0.26651585
0,0.2689632
0,0.2741978
0,0.27701846
0,0.26223502
0,0.2712898
0,0.26186422
0,0.25848877
0,0.27018452
0,0.25521502
0,0.24828154
0,0.26239607
0,0.25344136
0,0.25053236
0,0.26092243
0,0.2631997
0,0.25366473
0,0.26283187
0,0.2571819
0,0.26248914
0,0.2644832
0,0.26507673
0,0.26529714
0,0.3623712
0,0.29154283
0,0.26916096
0,0.25920007
0,0.27639458
0,0.28038013
0,0.2845685
0,0.27356148
0,0.2593474
0,0.3261844
0,0.28719223
0,0.28365046
0,0.27603483
0,0.28270474
0,0.27465463
0,0.28023556
0,0.28047144
0,0.26061082
0,0.26367503
0,0.25259987
0,0.26960662
0,0.27154022
0,0.27432564
0,0.278052
0,0.28252202
0,0.27585846
0,0.25793442
0,0.27028185
0,0.26128644
0,0.26771533
0,0.26953626
0,0.27028835
0,0.27205688
0,0.26122442
0,0.26722223
0,0.26833606
0,0.25125867
0,0.25109676
0,0.24694648
0,0.2565406
0,0.25955382
0,0.2482771
0,0.2483103
0,0.245167
0,0.24268863
0,0.2749441
0,0.27498567
0,0.25986254
0,0.255514
0,0.25305504
0,0.26742727
0,0.27815917
0,0.27851045
0,0.26794875
0,0.2749462
0,0.26574928
0,0.25386092
0,0.25596204
0,0.25134236
0,0.2634255
0,0.2680117
0,0.2638996
0,0.26253724
0,0.26748458
0,0.25780722
0,0.2546397
0,0.2636045
0,0.24698484
0,0.2494154
0,0.24043247
0,0.25836948
0,0.27115968
0,0.2489638
0,0.24240865
0,0.23769175
0,0.24967128
0,0.25361758
0,0.28625083
0,0.2700742
0,0.26724154
0,0.25463575
0,0.24832337
0,0.26611575
0,0.2717522
0,0.254267
0,0.26177022
0,0.28238124
0,0.25804028
0,0.31456244
0,0.2700163
0,0.27971402
0,0.26752648
0,0.46030107
0,0.34363016
0,0.30973622
0,0.3028403
0,0.27365252
0,0.28088596
0,0.2783102
0,0.25961322
0,0.2685623
0,0.25777712
0,0.26483116
0,0.26646015
0,0.25772813
0,0.26406637
0,0.26977336
0,0.2670781
0,0.27645597
0,0.2589784
0,0.2646314
0,0.27474532
0,0.25642067
0,0.25562394
0,0.27040687
0,0.26682532
0,0.2671975
0,0.28622973
0,0.2829067
0,0.27146512
0,0.2676456
0,0.26556462
0,0.2616304
0,0.25785303
0,0.28144705
0,0.26645032
0,0.63617665
0,0.4473194
0,0.6280558
0,0.47625124
0,0.40829092
0,0.36823586
0,0.335937
0,0.29611877
0,0.2896004
0,0.26018938
0,0.26304442
0,0.25766468
0,0.24027687
0,0.24175413
0,0.225993
0,0.27122065
0,0.21705538
0,0.17450354
0,0.15736207
0,0.1549311
0,0.14952828
0,0.15234055
0,0.158712
0,0.22504145
0,0.19698271
0,0.1902141
0,0.19577567
0,0.20028031
0,0.2103425
0,0.21250084
0,0.27422953
0,0.28543243
0,0.28827637
0,0.27350342
0,0.26892757
0,0.26762304
0,0.27477607
0,0.276997
0,0.26705784
0,0.28003466
0,0.26696512
0,0.26431182
0,0.271142
0,0.2618688
0,0.26907092
0,0.2524212
0,0.25504944
0,0.24679758
0,0.26236385
0,0.25899586
0,0.24774711
0,0.24841613
0,0.24838425
0,0.27984515
0,0.25875998
0,0.25998634
0,0.2641813
0,0.2510849
0,0.2637443
0,0.2629112
0,0.25977117
0,0.2619966
0,0.2634752
0,0.25251967
0,0.33905724
0,0.28096762
0,0.27144414
0,0.28181174
0,0.27632996
0,0.28210613
0,0.2714899
0,0.2881282
0,0.2638714
0,0.25600845
0,0.2851712
0,0.2815246
0,0.26115415
0,0.2646133
0,0.27499816
0,0.28921443
0,0.2675957
0,0.2659778
0,0.2623866
0,0.25979906
0,0.26986712
0,0.26341525
0,0.26435974
0,0.27350107
0,0.2729599
0,0.2767529
0,0.28665173
0,0.260591
0,0.2897189
0,0.2775403
0,0.27759823
0,0.31630513
0,0.27830827
0,0.31079563
0,0.2923579
0,0.26799682
0,0.2724447
0,0.2700359
0,0.45706025
0,0.36150625
0,0.30855748
0,0.30837378
0,0.30003515
0,0.2958401
0,0.29072937
0,0.2889121
0,0.2856774
0,0.28461364
0,0.27209842
0,0.25859916
0,0.26980424
0,0.2766426
0,0.28499606
0,0.26537308
0,0.48091567
0,0.3630447
0,0.31033543
0,0.30147085
0,0.29197797
0,0.28817543
0,0.2797764
0,0.27501306
0,0.26019934
0,0.25501278
0,0.2553938
0,0.25317714
0,0.26764962
0,0.27456662
0,0.46065375
0,0.40543392
0,0.33847013
0,0.30994928
0,0.6039383
0,0.44680074
0,0.38933185
0,0.34560075
0,0.3097327
0,0.27439925
0,0.23415548
0,0.2152022
0,0.19484404
0,0.19339742
0,0.18697083
0,0.31480777
0,0.249888
0,0.20715886
0,0.17781287
0,0.1535076
0,0.14459817
0,0.14002074
0,0.13574575
0,0.13552415
0,0.1361398
0,0.13607097
0,0.15293254
0,0.1586906
0,0.17115632
0,0.19589172
0,0.23104668
0,0.23225054
0,0.24298927
0,0.23771597
0,0.25620052
0,0.24816523
0,0.25554556
0,0.25673962
0,0.26864663
0,0.27259237
0,0.27591345
0,0.26669315
0,0.29137707
0,0.2618611
0,0.2931536
0,0.65813637
0,0.47435257
0,0.4096827
0,0.35615522
0,0.46877033
0,0.36530873
0,0.33698615
0,0.34134978
0,0.32193667
0,0.29504114
0,0.27108258
0,0.24667837
0,0.24768242
0,0.23727079
0,0.20801604
0,0.18554363
0,0.17929691
0,0.16725034
0,0.17265236
0,0.17075928
0,0.18869452
0,0.19483931
0,0.20529565
0,0.21505755
0,0.22864398
0,0.22975874
0,0.24879658
0,0.25278276
0,0.26439115
0,0.26088583
0,0.26751506
0,0.26676407
0,0.27578634
0,0.26104423
0,0.27647167
0,0.26217863
0,0.2604719
0,0.26919854
0,0.26038596
0,0.2532507
0,0.2698017
0,0.2702029
0,0.2587773
0,0.26727173
0,0.27097064
0,0.25279617
0,0.24648394
0,0.24876226
0,0.25798655
0,0.25089684
0,0.25993457
0,0.26600766
0,0.25508958
0,0.2510524
0,0.2575572
0,0.25729033
0,0.24826068
0,0.25682518
0,0.25777256
0,0.2709122
0,0.26407868
0,0.26268065
0,0.2504465
0,0.24626073
0,0.25256982
0,0.26308495
0,0.25107872
0,0.25393653
0,0.25453803
0,0.2560896
0,0.256149
0,0.26378548
0,0.26189262
0,0.24959145
0,0.27632105
0,0.27381745
0,0.274249
0,0.26284286
0,0.27067688
0,0.27997047
0,0.27968073
0,0.27636287
0,0.2731258
0,0.25447
0,0.2650768
0,0.2483945
0,0.24956521
0,0.25836927
0,0.29129964
0,0.30975208
0,0.2872661
0,0.27107593
0,0.2802439
0,0.26258945
0,0.2705463
0,0.28345692
0,0.26476178
0,0.25513977
0,0.2549155
0,0.27112225
0,0.2559375
0,0.24974814
0,0.25506878
0,0.26875257
0,0.27154773
0,0.26141825
0,0.27170327
0,0.2633106
0,0.27848884
0,0.26467183
0,0.28112522
0,0.26616606
0,0.27220675
0,0.27326512
0,0.25500816
0,0.2778023
0,0.2640448
0,0.27290866
0,0.2733026
0,0.25968975
0,0.32630467
0,0.29134336
0,0.288348
0,0.28676802
0,0.27135992
0,0.2633964
0,0.25135985
0,0.26110482
0,0.26367226
0,0.25780383
0,0.27452618
0,0.2772742
0,0.26036495
0,0.2566251
0,0.26537564
0,0.2535711
0,0.25231326
0,0.2853949
0,0.27000657
0,0.27302635
0,0.25789803
0,0.2509446
0,0.2538848
0,0.2759248
0,0.25677362
0,0.25639737
0,0.27747747
0,0.2735434
0,0.25608286
0,0.26466328
0,0.2582645
0,0.26558694
0,0.2713727
0,0.28514418
0,0.28359273
0,0.2853326
0,0.265496
0,0.2529571
0,0.2668996
0,0.27927488
0,0.25698742
0,0.25487447
0,0.25162795
0,0.25175688
0,0.24240461
0,0.23916501
0,0.26852894
0,0.26750565
0,0.27162802
0,0.2794381
0,0.26620233
0,0.26771197
0,0.26278386
0,0.2534969
0,0.2656557
0,0.2558739
0,0.2807991
0,0.28472894
0,0.27512285
0,0.25798503
0,0.2608095
0,0.25026047
0,0.25619468
0,0.27339098
0,0.26060563
0,0.25587997
0,0.2721278
0,0.2687403
0,0.2565364
0,0.2486597
0,0.2533276
0,0.24974447
0,0.24677794
0,0.27167475
0,0.29020995
0,0.26271647
0,0.25922084
0,0.24747825
0,0.26960883
0,0.24939257
0,0.26652575
0,0.27120936
0,0.27769887
0,0.25338072
0,0.25153607
0,0.24403831
0,0.23996279
0,0.23562092
0,0.25898245
0,0.2562256
0,0.27987787
0,0.29643017
0,0.2832876
0,0.26469362
0,0.2719984
0,0.26404092
0,0.25310525
0,0.27359137
0,0.27476844
0,0.25308174
0,0.25485238
0,0.24860166
0,0.24503095
0,0.2546437
0,0.26376632
0,0.26222226
0,0.25113165
0,0.24887177
0,0.24147144
0,0.26392534
0,0.25419113
0,0.24832772
0,0.24419875
0,0.26108545
0,0.26537567
0,0.25413904
0,0.24659865
0,0.2633907
0,0.25194418
0,0.27209303
0,0.2784619
0,0.3035888
0,0.2839479
0,0.2680881
0,0.27664182
0,0.27667
0,0.28337684
0,0.28139567
0,0.2729409
0,0.27655306
0,0.27646214
0,0.26271954
0,0.26170152
0,0.2937126
0,0.27488354
0,0.27894115
0,0.26674882
0,0.26826295
0,0.2551295
0,0.25528836
0,0.2489825
0,0.25323686
0,0.25054637
0,0.2504304
0,0.24979332
0,0.26086926
0,0.24515492
0,0.25111872
0,0.25936106
0,0.2553365
0,0.25250328
0,0.28065613
0,0.25837377
0,0.2823353
0,0.25980318
0,0.26828632
0,0.26559925
0,0.27840546
0,0.27549323
0,0.26013598
0,0.25354055
0,0.2742449
0,0.25101426
0,0.24639522
0,0.27338374
0,0.2720909
0,0.28489614
0,0.29257476
0,0.27913418
0,0.2642763
0,0.25324267
0,0.25988314
0,0.27281404
0,0.26019153
0,0.26379642
0,0.262241
0,0.2585444
0,0.26507032
0,0.25161693
0,0.25226226
0,0.2653823
0,0.2579629
0,0.26387691
0,0.25145766
0,0.25286284
0,0.27576768
0,0.2538307
0,0.28278384
0,0.26086333
0,0.26603416
0,0.25466368
0,0.25911823
0,0.26392636
0,0.25273857
0,0.24375822
0,0.2494969
0,0.24359961
0,0.26535845
0,0.24959092
0,0.25305307
0,0.26284355
0,0.2546051
0,0.24708603
0,0.25354558
0,0.26303598
0,0.26293674
0,0.27970666
0,0.26829126
0,0.27197292
0,0.26041412
0,0.27103043
0,0.26540515
0,0.25808924
0,0.2665382
0,0.26516914
0,0.26145133
0,0.2586245
0,0.2615635
0,0.24568598
0,0.25104117
0,0.32701817
0,0.288032
0,0.27604863
0,0.2815438
0,0.27598724
0,0.26748535
0,0.2536392
0,0.25751472
0,0.26089895
0,0.25081554
0,0.24530116
0,0.24390158
0,0.24045528
0,0.23851183
0,0.24657282
0,0.2450238
0,0.23971781
0,0.24302639
0,0.24766351
0,0.24493842
0,0.25982136
0,0.24791488
0,0.2399514
0,0.2597817
0,0.25465286
0,0.26113513
0,0.26743135
0,0.28181174
0,0.2775489
0,0.25899386
0,0.2510522
0,0.27648103
0,0.26669586
0,0.26267168
0,0.2563965
0,0.2662298
0,0.27060214
0,0.26923442
0,0.26082718
0,0.26361647
0,0.2654019
0,0.2672066
0,0.26674566
1,0.2636977
1,0.27180746
1,0.25376222
1,0.26631126
1,0.2616667
1,0.25419697
1,0.25802955
1,0.27248865
1,0.28251794
1,0.2660771
1,0.25572073
1,0.26022762
1,0.2582532
1,0.2626061
1,0.44330725
1,0.9707404
0,0.99378914
0,0.9871174
0,0.9880425
0,0.98416334
0,0.96800727
0,0.93823063
0,0.88572556
0,0.830258
0,0.79768634
0,0.73456633
0,0.6721468
0,0.63182926
0,0.7613026
0,0.70826054
0,0.6065873
0,0.5709074
0,0.48764825
0,0.40594128
0,0.33552247
0,0.28521034
0,0.26137656
0,0.21422884
0,0.19193345
0,0.1592148
0,0.15810429
0,0.13637735
0,0.13612835
0,0.12662856
0,0.121965565
0,0.18379258
0,0.4114801
0,0.48523998
0,0.8091119
0,0.98402095
0,0.9944066
0,0.99233854
0,0.9880754
0,0.97658855
0,0.9609813
0,0.93374825
0,0.88102823
0,0.79738015
0,0.7340988
0,0.67757267
0,0.5989381
0,0.5209811
0,0.45543963
0,0.3747099
0,0.29226515
0,0.24650109
0,0.20298128
0,0.17715764
0,0.14607431
0,0.1372341
0,0.13318361
0,0.13379212
0,0.12831031
0,0.12099394
0,0.12199605
0,0.1794776
0,0.16500986
0,0.1474161
0,0.14019193
0,0.15827322
0,0.28006226
0,0.37158123
0,0.7073724
0,0.94919854
0,0.94645244
0,0.9574133
0,0.9317578
0,0.872112
0,0.7966263
0,0.684646
0,0.57284474
0,0.4584662
0,0.3811929
1,0.3658052
1,0.2734118
1,0.2527144
1,0.18577409
1,0.14709742
1,0.13958447
1,0.13008203
1,0.12510706
1,0.123659335
1,0.12474471
1,0.12648979
1,0.12507586
1,0.17742665
1,0.49495512
1,0.9057447
0,0.99438125
0,0.99150276
0,0.98928505
0,0.98843336
0,0.98976576
1,0.9862637
1,0.9732991
1,0.95363754
1,0.94821966
1,0.9099822
1,0.8495206
1,0.8544197
1,0.8803445
1,0.9056296
1,0.8167901
1,0.8395616
1,0.91545635
1,0.9434673
1,0.9735204
1,0.98975456
1,0.9970834
1,0.99802285
1,0.99660885
1,0.9982494
1,0.9968678
1,0.9969985
1,0.9983241
1,0.9984128
1,0.99701864
1,0.9966007
1,0.9964371
1,0.99720645
1,0.9963687
1,0.9966954
1,0.99560934
1,0.995831
1,0.9959432
1,0.9947492
1,0.99581075
1,0.9943572
1,0.9945327
1,0.99490935
0,0.9980899
0,0.9944188
0,0.9950731
1,0.99526393
1,0.99502885
1,0.99543077
1,0.9908566
1,0.98937273
1,0.99131984
1,0.98647976
1,0.98419243
1,0.9839734
1,0.9783958
1,0.9498492
1,0.9093417
1,0.92759466
1,0.9474745
1,0.95009124
1,0.99138063
1,0.9963773
1,0.9892958
1,0.98957497
1,0.988779
1,0.9892599
1,0.99143416
1,0.99754643
1,0.99552894
1,0.99818504
1,0.9960578
1,0.9952952
1,0.9949169
1,0.9945221
1,0.994361
1,0.9932829
1,0.9917222
0,0.9977982
1,0.99505246
1,0.9943685
1,0.99337465
1,0.99284685
1,0.9930072
1,0.99391854
1,0.99437517
1,0.9937188
1,0.99376684
1,0.9936723
1,0.99435145
1,0.99354166
1,0.99507725
1,0.9904521
1,0.99141085
0,0.9978216
0,0.9968549
1,0.9960065
1,0.99469614
1,0.9920324
1,0.98501
1,0.9866898
1,0.9847026
1,0.9789971
1,0.9798638
1,0.9769997
1,0.97907317
1,0.970282
1,0.9551679
1,0.9536278
1,0.95834976
1,0.9586593
1,0.99044156
1,0.97777426
1,0.9780453
0,0.99502945
0,0.98919636
0,0.99125534
0,0.9926025
0,0.9932572
0,0.99146473
0,0.990181
0,0.9884663
0,0.98486704
0,0.9723605
0,0.95677567
0,0.9491165
0,0.9555372
0,0.95454955
0,0.94830465
0,0.92809284
0,0.9194261
0,0.9245471
1,0.9167301
1,0.9403417
1,0.9595284
1,0.9577742
1,0.9727473
1,0.9792062
1,0.97424316
1,0.9711799
1,0.9572204
1,0.9550023
1,0.96040463
1,0.95787776
1,0.9409018
1,0.9518899
1,0.95618427
1,0.9883274
1,0.9923407
1,0.9828431
1,0.9814199
1,0.9769494
1,0.96984524
1,0.9926167
1,0.9961495
1,0.99110925
1,0.99173445
1,0.99024194
1,0.99748605
1,0.9982204
1,0.996659
1,0.99647063
1,0.99623066
1,0.9955349
1,0.9960663
1,0.9982555
1,0.99649954
1,0.9960642
1,0.99566436
1,0.99601424
1,0.99596065
0,0.99823326
0,0.9961247
0,0.9941664
0,0.99309164
0,0.99157035
0,0.9876112
0,0.98165053
0,0.9793982
0,0.96909857
0,0.96607745
0,0.96491545
0,0.95686656
0,0.9487182
0,0.9467855
0,0.9437505
0,0.92299914
0,0.89743674
0,0.7825599
0,0.7584976
0,0.7399759
0,0.7444478
0,0.72914803
0,0.6240093
0,0.3582545
0,0.32513705
0,0.34116563
0,0.32399878
0,0.2990456
0,0.21233527
0,0.1395422
0,0.122811295
0,0.12016711
0,0.12195207
0,0.120267116
0,0.12116149
0,0.12559028
0,0.12955807
0,0.13416629
0,0.14035018
0,0.15107876
0,0.16988783
0,0.18503104
0,0.20910607
0,0.22235745
0,0.23143113
0,0.23775549
0,0.24256024
0,0.25285247
0,0.25156376
0,0.2509493
0,0.2529916
0,0.25051436
0,0.2573758
0,0.26096916
0,0.2812161
0,0.29459217
0,0.2831934
0,0.2747859
0,0.27123418
0,0.38626957
0,0.32652634
0,0.30574885
0,0.28317842
0,0.27430156
0,0.26878485
0,0.26415643
0,0.27165297
0,0.2656704
0,0.2592132
0,0.26194024
0,0.2602518
0,0.2593301
0,0.2570412
0,0.2590269
0,0.26241615
0,0.26544765
0,0.2571036
0,0.25868174
0,0.2661434
0,0.25775075
0,0.25233698
0,0.26095548
0,0.27500957
0,0.2621865
0,0.25779948
0,0.26000065
0,0.261692
0,0.26343656
0,0.26103497
0,0.25504866
0,0.26372114
0,0.25952038
0,0.24719454
0,0.27817369
0,0.25749612
0,0.28248587
0,0.27075413
0,0.26324663
0,0.26506504
0,0.29791716
0,0.27727598
0,0.2828849
0,0.27695614
0,0.2729231
0,0.27337056
0,0.26996186
0,0.26959583
0,0.26538917
0,0.26649383
0,0.2790519
0,0.26997292
0,0.27041033
0,0.2692173
0,0.26417917
0,0.26272562
0,0.26050785
0,0.2570389
0,0.26923227
0,0.26596597
0,0.2645129
0,0.2577149
0,0.26358515
0,0.26562783
0,0.25642833
0,0.258076
0,0.27049738
0,0.26272947
0,0.25979382
0,0.25577694
0,0.2612948
0,0.26004598
0,0.25726694
0,0.25191066
0,0.2593193
0,0.24777845
0,0.2536903
0,0.26002073
0,0.2659196
0,0.26569888
0,0.2733072
0,0.26777312
0,0.26593566
0,0.27886596
0,0.27534983
0,0.2647515
0,0.2670862
0,0.28005004
0,0.273806
0,0.27272093
0,0.26947665
0,0.27868173
0,0.28705773
0,0.2687418
0,0.27070767
0,0.27799565
0,0.2785389
0,0.2788416
0,0.27625808
0,0.27221254
0,0.2651375
0,0.26641372
0,0.2622301
0,0.26719543
0,0.26058042
0,0.2623353
0,0.2604071
0,0.2585848
0,0.25284106
0,0.25322977
0,0.25597605
0,0.24987018
0,0.25439972
0,0.2555078
0,0.26859647
0,0.2661662
0,0.25823802
0,0.26489815
0,0.2635141
0,0.27136967
0,0.26542524
0,0.26282623
0,0.25891423
0,0.2576497
0,0.26674548
0,0.26908085
0,0.2719452
0,0.2702802
0,0.266867
0,0.26659638
0,0.25792632
0,0.26050785
0,0.26433897
0,0.27439862
0,0.37888935
0,0.30098572
0,0.28912264
0,0.2782669
0,0.26973212
0,0.26514003
0,0.26077098
0,0.2587533
0,0.25925764
0,0.2665652
0,0.26996437
0,0.27081862
0,0.27178386
0,0.2555286
0,0.26167634
0,0.27945226
0,0.27154076
0,0.2644508
0,0.2668939
0,0.27186492
0,0.29717794
0,0.27442655
0,0.27151772
0,0.27886185
0,0.2733026
0,0.3543671
0,0.30627277
0,0.29225844
0,0.27660456
0,0.27282792
0,0.26962838
0,0.27116245
0,0.27127668
0,0.26579317
0,0.26639864
0,0.26594576
0,0.26049882
0,0.26905936
0,0.26223612
0,0.26735407
0,0.25999367
0,0.26497248
0,0.2634652
0,0.26306373
0,0.25893572
0,0.26708043
0,0.25964016
0,0.26226115
0,0.2790565
0,0.2790405
0,0.27122852
0,0.2797493
0,0.26715612
0,0.266092
0,0.2821002
0,0.27192155
0,0.27252147
0,0.2700881
0,0.27341306
0,0.3278634
0,0.2860209
0,0.27904016
0,0.28701466
0,0.27793276
0,0.28973335
0,0.2886494
0,0.29139566
0,0.28729054
0,0.27375764
0,0.27945268
0,0.28173605
0,0.28271398
0,0.34793258
0,0.30565056
0,0.27992296
0,0.27326682
0,0.2760341
0,0.28830826
0,0.29158592
0,0.2755936
0,0.26609245
0,0.27346644
0,0.27885208
0,0.35780936
0,0.30440766
0,0.29127544
0,0.2843858
0,0.27182695
0,0.2630697
0,0.2670535
0,0.27735004
0,0.25815678
0,0.31686193
0,0.29532278
0,0.29194638
0,0.28274378
0,0.2790838
0,0.27838966
0,0.2814737
0,0.27514896
0,0.2706568
0,0.27183744
0,0.26477617
0,0.27305135
0,0.26384172
0,0.26797992
0,0.26402476
0,0.26334068
0,0.27123654
0,0.26122656
0,0.26600826
0,0.26895645
0,0.27240738
0,0.28382686
0,0.26682782
0,0.26068774
0,0.2857154
0,0.50664127
0,0.37801534
0,0.3240574
0,0.3099369
0,0.3174758
0,0.3125973
0,0.28545055
0,0.28227365
0,0.29609242
0,0.3440489
0,0.29943064
0,0.28811496
0,0.2834912
0,0.2822939
0,0.27071065
0,0.27002326
0,0.26775736
0,0.2665718
0,0.26228297
0,0.25527552
0,0.26330218
0,0.25844523
0,0.25334275
0,0.25411227
0,0.25454795
0,0.25495753
0,0.25595143
0,0.26693615
0,0.255109
0,0.25702637
0,0.2572643
0,0.25918922
0,0.29474932
0,0.28497288
0,0.28307587
0,0.27119675
0,0.26360494
0,0.2565949
0,0.29744023
0,0.2774222
0,0.27543616
0,0.27298474
0,0.27099138
0,0.30205128
0,0.28966925
0,0.27010182
0,0.27449846
0,0.27197865
0,0.3354782
0,0.29214093
0,0.2824425
0,0.27988198
0,0.2799121
0,0.27790272
0,0.26464808
0,0.26609367
0,0.2573246
0,0.25090924
0,0.27238062
0,0.27758655
0,0.27164632
0,0.28122765
0,0.30240786
0,0.28348723
0,0.28103328
0,0.2754039
0,0.27291772
0,0.2701458
0,0.26997516
0,0.29718798
0,0.28077582
0,0.28193244
0,0.28096253
0,0.27370545
0,0.2778481
0,0.2659624
0,0.27074122
0,0.27488962
0,0.26926228
0,0.27874193
0,0.2764924
0,0.2870029
0,0.2738067
0,0.2668171
0,0.27511367
0,0.26586336
0,0.26870388
0,0.26765406
0,0.27037612
0,0.26286215
0,0.26268402
0,0.31915098
0,0.28978315
0,0.29416892
0,0.27566087
0,0.274473
0,0.2840055
0,0.27158722
0,0.2685845
0,0.2671223
0,0.2687954
0,0.26725858
0,0.27133778
0,0.2750143
0,0.26979524
0,0.26834437
0,0.2658353
0,0.27431166
0,0.26668048
0,0.2779855
0,0.2804518
0,0.27856043
0,0.2900691
0,0.2735136
0,0.26755384
0,0.30243623
0,0.27262667
0,0.269268
0,0.2659866
0,0.27043596
0,0.3376704
0,0.29535013
0,0.28324196
0,0.28342438
0,0.27669543
0,0.27528164
0,0.2761554
0,0.2710364
0,0.27648583
0,0.28891635
0,0.28635272
0,0.28565055
0,0.27334675
0,0.26918703
0,0.2722832
0,0.26809043
0,0.26574206
0,0.26357228
0,0.2703349
0,0.29387885
0,0.27309602
0,0.27531397
0,0.2739138
0,0.27300772
0,0.27158943
0,0.2722901
0,0.26710033
0,0.2653765
0,0.27164778
0,0.26692134
0,0.27323344
0,0.26368353
0,0.26589695
0,0.30516532
0,0.29064643
0,0.28359395
0,0.28084967
0,0.26914236
0,0.27024075
0,0.2822779
0,0.28325504
0,0.27047163
0,0.28270337
0,0.27498475
0,0.27481413
0,0.2641531
0,0.26724756
0,0.27482414
0,0.2826986
0,0.2763743
0,0.2625347
0,0.2721327
0,0.3294544
0,0.28914204
0,0.28183165
0,0.2759684
0,0.27073792
0,0.2682915
0,0.26861763
0,0.26624936
0,0.28361377
0,0.2891416
0,0.26961005
0,0.2739299
0,0.2765703
0,0.26751357
0,0.26745442
0,0.26828742
0,0.27365884
0,0.27273676
0,0.27551618
0,0.2762068
0,0.25957078
0,0.2677243
0,0.26000944
0,0.26867798
0,0.27203864
0,0.26887733
0,0.27083227
0,0.27183336
0,0.2678698
0,0.2704173
0,0.2578167
0,0.26196545
0,0.2788199
0,0.26806712
0,0.2558375
0,0.25224742
0,0.25719422
0,0.2486949
0,0.254557
0,0.25599444
0,0.26220754
0,0.262153
0,0.2643733
0,0.27352655
0,0.30539846
0,0.27655417
0,0.273061
0,0.27034295
0,0.26743454
0,0.34610718
0,0.29256213
0,0.28912112
0,0.27896672
0,0.27246132
0,0.26924136
0,0.2674501
0,0.26983273
0,0.26366058
0,0.26734093
0,0.26713994
0,0.26708695
0,0.2646227
0,0.2668476
0,0.26630044
0,0.26702425
0,0.26477504
0,0.2638394
0,0.27485585
0,0.2665726
0,0.2683446
0,0.26874134
0,0.26096088
0,0.27608344
0,0.27580222
0,0.26317632
0,0.26888886
0,0.26681188
0,0.27647975
0,0.30975237
0,0.29359105
0,0.28870288
0,0.2734199
0,0.27761683
0,0.27622402
0,0.27971414
0,0.26966822
0,0.26519236
0,0.2599843
0,0.2674906
0,0.25848097
0,0.2655339
0,0.25370073
0,0.2516187
0,0.27166674
0,0.2692165
0,0.26042876
0,0.26173586
0,0.2651578
0,0.26478505
0,0.2600165
0,0.25819996
0,0.28365296
0,0.28080407
0,0.27474332
0,0.27364853
0,0.27433163
0,0.3048905
0,0.30165306
0,0.2826323
0,0.2873003
0,0.27227864
0,0.2781206
0,0.27609566
0,0.2683149
0,0.26760888
0,0.2693499
0,0.28328785
0,0.27389586
0,0.27376273
0,0.2597145
0,0.26069912
0,0.26595178
0,0.26782593
0,0.26230538
0,0.26231202
0,0.26697057
0,0.26442522
0,0.2632104
0,0.2584213
0,0.25828353
0,0.26834542
0,0.26189727
0,0.25658417
0,0.26914692
0,0.2721071
0,0.27926525
0,0.2781914
0,0.2707759
0,0.26761824
0,0.2701727
0,0.27252567
0,0.2745372
0,0.2770624
0,0.27400237
0,0.27642512
0,0.2888077
0,0.28318968
0,0.276231
0,0.27452826
0,0.2754393
0,0.27169052
0,0.27266026
0,0.27745858
0,0.28192273
0,0.26981732
0,0.27171922
0,0.2811772
0,0.2887659
0,0.27182272
0,0.27469242
0,0.26682055
0,0.27982137
0,0.26786944
0,0.2638277
0,0.2632381
0,0.263978
0,0.2558193
0,0.25806785
0,0.2639176
0,0.25451326
0,0.26064327
0,0.26081467
0,0.26874328
0,0.26028594
0,0.2671736
0,0.26558062
0,0.26964328
0,0.27119207
0,0.26583564
0,0.25884497
0,0.2569273
0,0.26570693
0,0.26580194
0,0.26663738
0,0.2715861
0,0.26878902
0,0.26750207
0,0.27699062
0,0.26239783
0,0.26526457
0,0.2647976
0,0.26003745
0,0.26296464
0,0.2641657
0,0.26282308
0,0.25611964
0,0.25852004
0,0.25575608
0,0.2520761
0,0.25492278
0,0.25479832
0,0.25521052
0,0.26470226
0,0.26198757
0,0.281283
0,0.2646756
0,0.26593116
0,0.2693917
0,0.27000862
0,0.2862538
0,0.26634622
0,0.27035397
0,0.27686226
0,0.2789388
0,0.27583453
0,0.27434778
0,0.28389937
0,0.28121743
0,0.26789123
0,0.2737306
0,0.27562052
0,0.26512152
0,0.26728868
0,0.26204482
0,0.26144284
0,0.26273432
0,0.27224827
0,0.36673114
0,0.3176154
0,0.29638988
0,0.27706727
0,0.28042176
0,0.2891864
0,0.28248304
0,0.2780388
0,0.27217653
0,0.27579406
0,0.26796475
0,0.27062082
0,0.27957335
0,0.27742442
0,0.27226382
0,0.2678382
0,0.2696494
0,0.26683322
0,0.2620465
0,0.27125624
0,0.26626104
0,0.274744
0,0.27181327
0,0.28155053
0,0.2768214
0,0.2767722
0,0.27475703
0,0.28247938
0,0.2953912
0,0.28849712
0,0.27665704
0,0.2731613
0,0.26503354
0,0.26401883
0,0.26292342
0,0.26631787
0,0.26928085
0,0.2711321
0,0.25846368
0,0.25889745
0,0.27560765
0,0.26809102
0,0.26469272
0,0.2649898
0,0.26403406
0,0.2618209
0,0.2604317
0,0.26124972
0,0.26528785
0,0.37611625
0,0.30457398
0,0.29679593
0,0.28185868
0,0.2830304
0,0.27155685
0,0.27114114
0,0.2683381
0,0.27129346
0,0.26772964
0,0.2762291
0,0.27057576
0,0.27483428
0,0.26767796
0,0.38215578
0,0.3157319
0,0.29560527
0,0.28928217
0,0.2827255
0,0.28396213
0,0.26648325
0,0.2602465
0,0.2652622
0,0.267442
0,0.26246
0,0.25330243
0,0.2669052
0,0.26994833
0,0.26268595
0,0.25745732
0,0.27590165
0,0.26369196
0,0.26807493
0,0.2633774
0,0.25802755
0,0.2631172
0,0.25924447
0,0.2650842
0,0.26860586
0,0.26266432
0,0.3343826
0,0.2987024
0,0.29204977
0,0.29153675
0,0.2873113
0,0.27711537
0,0.27256086
0,0.26831114
0,0.27187064
0,0.27054366
0,0.27134067
0,0.27408928
0,0.26702693
0,0.26423904
0,0.2602293
0,0.26853716
0,0.26347622
0,0.2551813
0,0.26647007
0,0.26866165
0,0.27021855
0,0.26283512
0,0.26335305
0,0.26431903
0,0.26751935
0,0.26354238
0,0.26136598
0,0.26316008
0,0.26675582
0,0.26419696
0,0.3912595
0,0.31344527
0,0.29608852
0,0.2843699
0,0.2898725
0,0.278884
0,0.27452734
0,0.27131855
0,0.26950902
0,0.27228358
0,0.26798904
0,0.26166314
0,0.2665882
0,0.26890573
0,0.2728678
0,0.27579048
0,0.27938014
0,0.27743256
0,0.2794119
0,0.26986244
0,0.2716294
0,0.27951807
0,0.26807344
0,0.28843734
0,0.2781915
0,0.26824605
0,0.26496634
0,0.277514
0,0.28318444
0,0.27631977
0,0.26581153
0,0.26838866
0,0.2668867
0,0.26762924
0,0.27750468
0,0.2831173
0,0.28417116
0,0.27867612
0,0.27391425
0,0.27115992
0,0.28074828
0,0.27597013
0,0.27975816
0,0.281639
0,0.28263468
0,0.27592823
0,0.2688739
0,0.26190996
0,0.26885772
0,0.26524615
0,0.2667799
0,0.27725145
0,0.2798888
0,0.27781025
0,0.27181444
0,0.28062195
0,0.27231824
0,0.2703407
0,0.28146163
0,0.2562274
0,0.26573244
0,0.2803216
0,0.26448274
0,0.27087733
0,0.27379537
0,0.27247795
0,0.2740334
0,0.27811432
0,0.2884625
0,0.28353384
0,0.26618397
0,0.28068513
1,0.28621292
1,0.27385372
1,0.26963097
1,0.27311614
1,0.284961
1,0.2790477
1,0.2755039
1,0.2829741
1,0.27840358
1,0.27774915
1,0.27000603
1,0.27197987
1,0.27387747
1,0.2896115
1,0.28252622
0,0.9547996
0,0.76526624
0,0.6815225
0,0.60892093
0,0.5504674
0,0.5033905
0,0.43340424
0,0.37802666
0,0.3262209
0,0.26029682
0,0.23573133
0,0.20402522
0,0.1761142
0,0.15862647
0,0.14254665
0,0.14544813
0,0.13579187
0,0.13212703
0,0.12765294
0,0.13316818
0,0.12979609
0,0.13247389
0,0.12928829
0,0.13285719
0,0.1417774
0,0.14787455
0,0.16186717
0,0.17749435
0,0.1991138
0,0.21390572
0,0.2708419
0,0.27477232
0,0.27713776
0,0.27797246
0,0.2744222
0,0.2783463
0,0.2781852
0,0.26474074
0,0.25831658
0,0.27496102
0,0.26891565
0,0.26833826
0,0.26460984
0,0.25573018
0,0.250633
0,0.27902165
0,0.2762763
0,0.27439117
0,0.28584138
0,0.28176215
0,0.28000575
0,0.27819896
0,0.28198287
0,0.28153735
0,0.27460626
0,0.27343696
0,0.28227004
0,0.27319035
0,0.27317175
0,0.27114388
0,0.26338887
0,0.2794628
0,0.2781608
0,0.27049348
0,0.27674207
0,0.2725988
0,0.2704345
0,0.2675919
0,0.2681861
0,0.2712555
0,0.272445
0,0.2748621
0,0.26549622
0,0.26231804
0,0.27414215
0,0.28456962
0,0.28419858
0,0.28115505
0,0.27738878
0,0.2805049
0,0.27624395
0,0.2833766
0,0.28565112
0,0.2750759
0,0.5069344
0,0.35834068
0,0.33732808
0,0.31512725
0,0.31607553
0,0.29507443
0,0.29597595
0,0.28695244
0,0.2859293
0,0.27597746
0,0.27171263
0,0.27520174
0,0.27938533
0,0.2824839
0,0.27690503
0,0.37596124
0,0.32502922
0,0.28974602
0,0.27431476
0,0.27865118
0,0.27153307
0,0.26017085
0,0.2584213
0,0.27049387
0,0.26394555
0,0.26281416
0,0.27339432
0,0.26764187
0,0.27299902
0,0.276168
0,0.27546364
0,0.28575203
0,0.2900838
0,0.2856583
0,0.2943022
0,0.2932573
0,0.2968107
0,0.28447846
0,0.28577566
0,0.2812369
0,0.28264624
0,0.26560378
0,0.26942596
0,0.28772697
0,0.26544765
0,0.28200316
0,0.2831175
0,0.27844128
0,0.2764444
0,0.28186554
0,0.26208243
0,0.27431032
0,0.2744543
0,0.2685598
0,0.26187253
0,0.2739029
0,0.2773508
0,0.26690638
0,0.34208864
0,0.2976336
0,0.2873451
0,0.29037076
0,0.2816582
0,0.275777
0,0.27270108
0,0.28119478
0,0.2894056
0,0.28767893
0,0.2929692
0,0.28130454
0,0.2816884
0,0.28848362
0,0.31896153
0,0.2912802
0,0.28444904
0,0.28531495
0,0.27011222
0,0.26339647
0,0.25532633
0,0.26087585
0,0.26048434
0,0.2604982
0,0.2700801
0,0.26325446
0,0.2659759
0,0.2751108
0,0.26469484
0,0.25062343
0,0.2549082
0,0.25452137
0,0.2536711
0,0.2526583
0,0.26221952
0,0.27487746
0,0.2597085
0,0.2564073
0,0.26499674
0,0.2547006
0,0.25349358
0,0.25318468
0,0.27528095
0,0.26956645
0,0.28838614
0,0.2802853
0,0.25767294
0,0.2653834
0,0.26937202
0,0.26751742
0,0.28580576
0,0.27163193
0,0.27438137
0,0.28126246
0,0.25964996
0,0.26381513
0,0.26225826
0,0.26471433
0,0.2686746
0,0.26481083
0,0.26815447
0,0.2644986
0,0.26694033
0,0.2781238
0,0.2649114
0,0.27536672
0,0.27958536
0,0.26922756
0,0.2672239
0,0.26351967
0,0.26860246
0,0.2590566
0,0.2548793
0,0.2763328
0,0.25896528
0,0.26941946
0,0.25708798
0,0.26803508
0,0.28297335
0,0.26561892
0,0.27352485
0,0.2740739
0,0.27032617
0,0.27364877
0,0.2587804
0,0.25289896
0,0.24940977
0,0.25724897
0,0.25693846
0,0.33838782
0,0.27893302
0,0.2667657
0,0.3471745
0,0.31304085
0,0.28992262
0,0.27489042
0,0.28827012
0,0.26381594
0,0.2590319
0,0.5210785
0,0.38310382
0,0.3217105
0,0.28872553
0,0.286726
0,0.27449483
0,0.268314
0,0.27408433
0,0.26974574
0,0.27414793
0,0.26315552
0,0.25796154
0,0.2555428
0,0.26480985
0,0.26849166
0,0.25829923
0,0.24895447
0,0.24975127
0,0.25542298
0,0.2495762
0,0.26149312
0,0.2509142
0,0.2703487
0,0.255969
0,0.27239323
0,0.27927855
0,0.31506786
0,0.29817054
0,0.28219074
0,0.29506373
0,0.29836854
0,0.3105824
0,0.30242828
0,0.28873718
0,0.28857744
0,0.2999537
0,0.31357092
0,0.28731441
0,0.27722082
0,0.28148448
0,0.2584802
0,0.26945534
0,0.27371317
0,0.27424082
0,0.27526012
0,0.27536848
0,0.2795912
0,0.26598758
0,0.27253288
0,0.272046
0,0.27236596
0,0.2831327
0,0.28379226
0,0.28523973
0,0.2805768
0,0.29964906
0,0.29320374
0,0.28082803
0,0.3013008
0,0.2834853
0,0.2870616
0,0.2999636
0,0.2808846
0,0.2750062
0,0.27136967
0,0.2681403
0,0.28277844
0,0.26945964
0,0.2670723
0,0.26747957
0,0.27262923
0,0.2649125
0,0.26560593
0,0.2778333
0,0.2563808
0,0.27206385
0,0.32371813
0,0.28285065
0,0.27253374
0,0.26576248
0,0.27714613
0,0.27855033
0,0.2682692
0,0.28838703
0,0.30272454
0,0.28611076
0,0.29768324
0,0.30416355
0,0.31921214
0,0.28304225
0,0.3113964
0,0.27608356
0,0.2877279
0,0.28169292
0,0.27850538
0,0.3017967
0,0.2778878
0,0.26215106
0,0.25499076
0,0.27104354
0,0.28096244
0,0.26984617
0,0.2646657
0,0.25139892
0,0.2634134
0,0.25823912
0,0.2579636
0,0.2546889
0,0.2566675
0,0.2632475
0,0.25935453
0,0.29087615
0,0.26889208
0,0.27528054
0,0.2757979
0,0.27536312
0,0.27844825
0,0.27580133
0,0.2644985
0,0.270163
0,0.26737761
0,0.34025428
0,0.28251067
0,0.30345303
0,0.46638784
0,0.33927387
0,0.30151483
0,0.31394884
0,0.29086477
0,0.2698477
0,0.2745244
0,0.26909354
0,0.26873255
0,0.2645136
0,0.25663227
0,0.25759962
0,0.25844422
0,0.25936624
0,0.25731128
0,0.25533777
0,0.258297
0,0.26324928
0,0.25576386
0,0.26973626
0,0.2691682
0,0.25864533
0,0.25716335
0,0.2539826
0,0.25228232
0,0.25097406
0,0.28417516
0,0.28912094
0,0.2681923
0,0.26130506
0,0.2547976
0,0.2602027
0,0.24814479
0,0.27811497
0,0.27198038
0,0.2629543
0,0.26476577
0,0.33053833
0,0.2951505
0,0.27260333
0,0.2623743
0,0.2773378
0,0.28909642
0,0.28089827
0,0.29270467
0,0.30272686
0,0.28338218
0,0.29735205
0,0.2974777
0,0.29052213
0,0.29756612
0,0.2983476
0,0.2783233
0,0.2830392
0,0.28173223
0,0.25925037
0,0.2680999
0,0.27610117
0,0.27499253
0,0.2764011
0,0.27646556
0,0.27210045
0,0.26869676
0,0.27106503
0,0.26312482
0,0.2684497
0,0.26196918
0,0.265165
0,0.27456808
0,0.27944282
0,0.2823412
0,0.28506482
0,0.2763637
0,0.30111
0,0.3222505
0,0.29823968
0,0.2855994
0,0.27862725
0,0.27428934
0,0.28187197
0,0.27153093
0,0.2774902
0,0.27688518
0,0.27281487
0,0.2679931
0,0.26482615
0,0.2628728
0,0.269564
0,0.27356976
0,0.29518792
0,0.2736019
0,0.29329365
0,0.2721662
0,0.28037584
0,0.26691657
0,0.27347946
0,0.28752434
0,0.26834577
0,0.27872005
0,0.26807576
0,0.26185104
0,0.26926047
0,0.25907594
0,0.25518012
0,0.28344423
0,0.2915171
0,0.31047136
0,0.28813377
0,0.3015175
0,0.30430195
0,0.29873815
0,0.28866875
0,0.27053776
0,0.293196
0,0.27721122
0,0.27673072
0,0.2826526
0,0.26196024
0,0.27711675
0,0.27944073
0,0.28518882
0,0.29566935
0,0.26980358
0,0.27918658
0,0.2825353
0,0.2997195
0,0.3006102
0,0.29503557
0,0.2889265
0,0.27448452
0,0.28074634
0,0.28931352
0,0.28330854
0,0.28172806
0,0.27991942
0,0.26771197
0,0.29180568
0,0.27035403
0,0.27506775
0,0.26928416
0,0.271515
0,0.28282878
0,0.28388178
0,0.27648705
0,0.27315757
0,0.28984913
0,0.30805522
0,0.2957751
0,0.2826716
0,0.28592402
0,0.28838173
0,0.2778066
0,0.28383052
0,0.28744668
0,0.27476472
0,0.45718038
0,0.36094382
0,0.31923372
0,0.30249417
0,0.29764074
0,0.28284183
0,0.29318953
0,0.28641662
0,0.2747987
0,0.2795901
0,0.26368392
0,0.26339516
0,0.270352
0,0.27338907
0,0.27339524
0,0.26578593
0,0.2632973
0,0.25898615
0,0.261419
0,0.25582442
0,0.2577908
0,0.27149442
0,0.2731851
0,0.25999576
0,0.28372315
0,0.27381632
0,0.28278556
0,0.286492
0,0.28774777
0,0.2975402
0,0.2934182
0,0.33148387
0,0.30974028
0,0.30098256
0,0.27851006
0,0.28594407
0,0.3102396
0,0.30402264
0,0.27231637
0,0.27575707
0,0.28602558
0,0.30822134
0,0.2982805
0,0.29390126
0,0.26815343
0,0.279114
0,0.28036895
0,0.28166637
0,0.28443244
0,0.28072774
0,0.28007331
0,0.2734735
0,0.27729243
0,0.27897647
0,0.25697792
0,0.26866627
0,0.2641154
0,0.26880103
0,0.26980463
0,0.27085808
0,0.27079645
0,0.27029052
0,0.26991203
0,0.27094993
0,0.27930787
0,0.27998844
0,0.2859377
0,0.28349674
0,0.28642938
0,0.28732014
0,0.2781787
0,0.27234173
0,0.27112478
0,0.2679389
0,0.27939436
0,0.28053
0,0.27904278
0,0.27092353
0,0.28017464
0,0.28600493
0,0.28991744
0,0.285319
0,0.28823575
0,0.31304142
0,0.29414102
0,0.27751747
0,0.2718764
0,0.2799196
0,0.27007678
0,0.2637624
0,0.27099413
0,0.27180406
0,0.2637165
0,0.25904846
0,0.2657314
0,0.25730318
0,0.27595434
0,0.28108227
0,0.2628519
0,0.28342444
0,0.27311406
0,0.29138908
0,0.26673177
0,0.28163838
0,0.28502125
0,0.28609726
0,0.30091998
0,0.29247883
0,0.2911984
0,0.2999636
0,0.30030778
0,0.29205137
0,0.2897413
0,0.28854322
0,0.28531083
0,0.2842991
0,0.28844547
0,0.2836595
0,0.28591594
0,0.28651735
0,0.28910613
0,0.27088135
0,0.28143424
0,0.27623072
0,0.28536338
0,0.29877114
0,0.2859887
0,0.29150844
0,0.28195092
0,0.2860322
0,0.27896047
0,0.30414763
0,0.32174096
0,0.2940164
0,0.29693627
0,0.28380245
0,0.28936243
0,0.27895862
0,0.28016314
0,0.28741658
0,0.29424924
0,0.27980837
0,0.29065168
0,0.28648427
0,0.28624836
0,0.2900058
0,0.2789851
0,0.28371465
0,0.2841062
0,0.28139904
0,0.280557
0,0.30788592
0,0.28040475
0,0.28060308
0,0.28306213
0,0.2806977
0,0.26957226
0,0.2752865
0,0.32598838
0,0.28366143
0,0.27379543
0,0.26717827
0,0.2610052
0,0.291436
0,0.26933917
0,0.27324766
0,0.2613473
0,0.2563442
0,0.28499353
0,0.2930153
0,0.27993736
0,0.28961238
0,0.26778752
0,0.27145433
0,0.2812132
0,0.28402558
0,0.49278525
0,0.3664046
0,0.34162155
0,0.3238256
0,0.29870382
0,0.2987779
0,0.27370143
0,0.29707095
0,0.29335633
0,0.28957343
0,0.28756383
0,0.26621878
0,0.2775972
0,0.28319487
0,0.28048822
0,0.28645873
0,0.2710725
0,0.27002674
0,0.27302635
0,0.27373865
0,0.27419904
0,0.27162486
0,0.29812738
0,0.28236294
0,0.27857274
0,0.2815679
0,0.28051624
0,0.30401543
0,0.29416075
0,0.30144307
0,0.3121237
0,0.2999519
0,0.31419107
0,0.3009892
0,0.28645903
0,0.28826502
0,0.2869823
0,0.2935584
0,0.27955922
0,0.2837464
0,0.2778697
0,0.2865289
0,0.28393173
0,0.29013038
0,0.30080068
0,0.2898189
0,0.29359025
0,0.28506434
0,0.27481422
0,0.27108368
0,0.2705603
0,0.26531962
0,0.26659063
0,0.27288625
0,0.26560965
0,0.26235098
0,0.26039734
0,0.27410862
0,0.2739378
0,0.26531163
0,0.26005057
0,0.2570038
0,0.28875306
0,0.26606998
0,0.26021966
0,0.25961703
0,0.2547334
0,0.2855206
0,0.26326022
0,0.25749612
0,0.2759136
0,0.2902625
0,0.2816008
0,0.2878716
0,0.2900342
0,0.2903494
0,0.29590446
0,0.28017226
0,0.2863302
0,0.28721067
0,0.28767353
0,0.28803372
0,0.27848372
0,0.2829262
0,0.29471895
0,0.288138
0,0.2891904
0,0.27644786
0,0.2818737
0,0.28302345
0,0.28317797
0,0.28310487
0,0.27343398
0,0.27909887
0,0.27887967
0,0.2803561
0,0.2797429
0,0.27273425
0,0.27703393
0,0.27674946
0,0.27712676
0,0.2768484
0,0.27441823
0,0.27462545
0,0.26732972
0,0.2681763
0,0.2692774
0,0.2677497
0,0.28166014
0,0.27250168
0,0.28310007
0,0.28556216
0,0.27155647
0,0.28589046
0,0.29804045
0,0.3793331
0,0.33286503
0,0.29983884
0,0.30035576
0,0.2961484
0,0.28168797
0,0.2855736
0,0.28563777
0,0.29888052
0,0.28221977
0,0.2752864
0,0.27435565
0,0.26355627
0,0.2632577
0,0.2724602
0,0.26440546
0,0.26235896
0,0.27095142
0,0.25825226
0,0.2589381
0,0.25255698
0,0.2541833
0,0.26823834
0,0.25846252
0,0.2534258
0,0.24933544
0,0.24634111
0,0.28347436
0,0.2681037
0,0.25801557
0,0.25313056
0,0.24842699
0,0.30901718
0,0.29537937
0,0.26819053
0,0.26258102
0,0.27968246
0,0.30934697
0,0.29717854
0,0.31320196
0,0.30084604
0,0.2909664
0,0.3186424
0,0.30190077
0,0.29663044
0,0.29516003
0,0.2947215
0,0.31538922
0,0.2982875
0,0.2933325
0,0.29574567
0,0.290508
0,0.29659733
0,0.28880566
0,0.27548638
0,0.26926163
0,0.26557508
0,0.26817018
0,0.27292898
0,0.27126336
0,0.28584063
0,0.27851212
0,0.2686452
0,0.2711557
0,0.2658646
0,0.26413313
0,0.26464516
0,0.2764255
0,0.26116842
0,0.26090676
0,0.26328757
0,0.26524344
0,0.26589397
0,0.26959062
0,0.2670919
0,0.29374143
0,0.2934859
0,0.27470356
0,0.27290824
0,0.2831648
0,0.28573644
0,0.27397576
0,0.28041002
0,0.28198636
0,0.2730451
0,0.2689812
0,0.2654855
0,0.26355064
0,0.25679868
0,0.2589436
0,0.25452742
0,0.25904232
0,0.25885522
0,0.25671044
0,0.25190312
0,0.2563831
0,0.25697774
0,0.25120687
0,0.28803262
0,0.2683751
0,0.28548867
0,0.26248518
0,0.25563556
0,0.28797266
0,0.274355
0,0.26248968
0,0.25795755
0,0.27988854
0,0.2962077
0,0.30215883
0,0.29670167
0,0.29655546
0,0.29465988
0,0.32899243
0,0.30660376
0,0.30010128
0,0.2970401
0,0.29368588
0,0.33194998
0,0.3050423
0,0.29918855
0,0.2985925
0,0.29006356
0,0.32062733
0,0.3085222
0,0.2980478
0,0.28143066
0,0.33264142
0,0.2934286
0,0.28270915
0,0.28277528
0,0.27218994
0,0.27772495
0,0.26844582
0,0.27224633
0,0.26487827
0,0.2591485
0,0.26706466
0,0.27539414
0,0.27456304
0,0.26609266
0,0.28150976
0,0.27169156
0,0.2791332
0,0.2662941
0,0.26090577
0,0.26579577
0,0.26042986
0,0.2596758
0,0.26622537
0,0.26756608
0,0.27355075
0,0.28111604
0,0.29842186
0,0.2813223
0,0.27198583
0,0.27150714
0,0.2667098
0,0.26745105
0,0.34614953
0,0.28584847
0,0.2813209
0,0.275816
0,0.2724141
0,0.26400974
0,0.2595353
0,0.2572477
0,0.2604282
0,0.25983778
0,0.32257515
0,0.28386262
0,0.26635045
0,0.26241234
0,0.26368836
0,0.31088752
0,0.27436063
0,0.2666855
0,0.2648134
0,0.26186255
0,0.31966564
0,0.27971196
0,0.27292767
0,0.2949898
0,0.27456117
0,0.2672516
0,0.25851652
0,0.25900143
0,0.25950974
0,0.2550643
0,0.27813575
0,0.2562297
0,0.2541399
0,0.2674661
0,0.25588995
0,0.2628607
0,0.26908916
0,0.27119368
0,0.27964202
0,0.2768209
0,0.27478343
0,0.26866195
0,0.2759452
0,0.27321976
0,0.290479
0,0.27800834
0,0.27074453
0,0.2608657
0,0.26640496
0,0.26547647
0,0.26599163
0,0.27937344
0,0.28329244
0,0.2684152
0,0.26707605
0,0.27768144
0,0.26419455
0,0.26930565
0,0.26801068
0,0.3058215
0,0.2783172
0,0.26656142
0,0.2606891
0,0.25636867
0,0.33074325
0,0.2814973
0,0.27042517
0,0.27450737
0,0.273663
0,0.27109104
0,0.26740026
0,0.26502815
0,0.26684597
0,0.26316866
0,0.26238248
0,0.27905348
0,0.26981443
0,0.26762313
0,0.28337777
0,0.27104947
0,0.26770017
0,0.26314554
0,0.26332578
0,0.29341543
0,0.2676648
0,0.26213828
0,0.25929826
0,0.2568233
0,0.2956542
0,0.26494336
0,0.26374906
0,0.25924134
0,0.26704815
0,0.2995362
0,0.2671267
0,0.27625293
0,0.26143646
0,0.25745326
0,0.26899403
0,0.25881955
0,0.25940192
0,0.25296772
0,0.25332272
0,0.26455083
0,0.24932761
0,0.2698759
0,0.26440218
0,0.26272893
0,0.26659888
0,0.27991596
0,0.30576703
0,0.31120008
0,0.29227364
0,0.3010121
0,0.28476185
0,0.2802922
0,0.27676323
0,0.27141047
0,0.29502437
0,0.2743417
0,0.2701495
0,0.2684347
0,0.27026898
0,0.26331067
0,0.2605245
0,0.26069087
0,0.26027945
0,0.25858235
0,0.25666735
0,0.2574152
0,0.25326237
0,0.2543723
0,0.25319833
0,0.25656405
0,0.25168732
0,0.24998187
0,0.25427115
0,0.25621974
0,0.25440225
0,0.254833
0,0.25586867
0,0.24952468
0,0.26663208
0,0.26316425
0,0.25957072
0,0.25813216
0,0.27311116
0,0.30613136
0,0.3107401
0,0.28585717
0,0.2874352
0,0.27537453
0,0.27044097
0,0.26837283
0,0.2649827
0,0.25928056
0,0.25676465
0,0.26004714
0,0.25805637
0,0.26457134
0,0.25510347
0,0.25506023
0,0.26685992
0,0.2556417
0,0.2543778
0,0.26165864
0,0.25641292
0,0.2546713
0,0.25094756
0,0.25226793
0,0.24824043
0,0.24646561
0,0.24977076
0,0.24861638
0,0.25756642
0,0.24909256
0,0.24813208
0,0.25431705
0,0.24310921
0,0.25739112
0,0.27000654
0,0.2681933
0,0.30848807
0,0.30076447
0,0.2823552
0,0.28412193
0,0.2755036
0,0.2710021
0,0.26821828
0,0.2654044
0,0.26866692
0,0.28890508
0,0.27389273
0,0.27340758
0,0.27412271
0,0.254413
0,0.25586283
0,0.25508362
0,0.25009388
0,0.2613859
0,0.26366806
1,0.28446332
1,0.26644367
1,0.2667285
1,0.26898766
1,0.27740484
1,0.2715043
1,0.26905006
1,0.27577317
1,0.2730447
1,0.2687643
1,0.2687896
1,0.26721346
1,0.26474553
1,0.26825097
1,0.8491571
1,0.98547876
1,0.9893061
1,0.99215525
1,0.98742795
1,0.99738663
0,0.9979539
0,0.9977638
0,0.99048
0,0.98564196
0,0.97739905
0,0.9606523
0,0.9345993
0,0.90717673
0,0.8739696
0,0.84354883
0,0.8051971
0,0.758972
0,0.7313186
0,0.68473625
0,0.67681634
0,0.7558719
0,0.66192985
0,0.58233
0,0.5475285
0,0.51324093
0,0.46650103
0,0.43108302
0,0.397465
0,0.36309972
0,0.25246063
0,0.19709331
0,0.1702229
0,0.14399824
0,0.13375148
0,0.12835248
0,0.19822828
0,0.30288774
0,0.29972255
0,0.2992784
0,0.38596243
0,0.3956021
0,0.37278175
0,0.33524817
0,0.3273042
0,0.6408962
0,0.4624025
0,0.38539687
0,0.48297334
0,0.48787293
0,0.36178434
0,0.29615575
0,0.21205015
0,0.18125635
0,0.1673972
0,0.16464822
0,0.1491151
0,0.13912432
0,0.13555628
0,0.14063089
0,0.140805
0,0.13437235
0,0.14108455
0,0.14054975
0,0.14775604
0,0.14816451
0,0.15002073
0,0.14632589
0,0.15068115
0,0.16218777
0,0.16579482
0,0.16860007
0,0.17686553
0,0.1851646
0,0.19792433
0,0.30850682
0,0.30276245
0,0.64969987
0,0.4751282
0,0.5896342
0,0.6337516
0,0.6203705
0,0.88904595
0,0.7605294
0,0.62578803
0,0.5175591
0,0.39760327
0,0.28617007
0,0.23547387
0,0.18856075
0,0.1596807
0,0.14323078
0,0.14171168
0,0.13697565
0,0.14006642
0,0.13953377
0,0.13759905
0,0.14717853
0,0.13443492
0,0.1383645
0,0.13814117
0,0.13216211
0,0.13399738
0,0.13862212
0,0.13135523
0,0.13033041
0,0.1372545
0,0.1471991
0,0.15533046
0,0.17069495
0,0.5342033
0,0.3752296
0,0.42721832
0,0.4178757
0,0.34433222
0,0.3266987
0,0.57505524
0,0.4418107
0,0.32629877
0,0.29344243
0,0.25957087
0,0.7452191
0,0.5279847
0,0.39428478
0,0.31524566
0,0.5164098
0,0.35301486
0,0.26892072
0,0.24542828
0,0.2016881
0,0.18046837
0,0.1589126
0,0.15374249
0,0.13931318
0,0.13061017
0,0.12652253
0,0.12565109
0,0.12916434
0,0.13621435
0,0.14380941
0,0.149245
0,0.14731555
0,0.14456026
0,0.14429593
0,0.14991465
0,0.15458734
0,0.15958677
0,0.16061962
0,0.2987749
0,0.20966312
0,0.30206937
0,0.42103788
0,0.31547663
0,0.23932017
0,0.21666957
0,0.25002727
0,0.23086421
0,0.64501053
0,0.4472904
0,0.47626883
0,0.815267
0,0.57409763
0,0.46168992
0,0.32723692
0,0.282149
0,0.23860267
0,0.17913209
0,0.17272188
0,0.15133177
0,0.1412422
0,0.14646108
0,0.1395177
0,0.14046638
0,0.13131975
0,0.13785847
0,0.14354153
0,0.14102378
0,0.1522977
0,0.15234971
0,0.1558532
0,0.50613815
0,0.32565525
0,0.26799262
0,0.19627869
0,0.19782408
0,0.16043213
0,0.147015
0,0.30210522
0,0.19157015
0,0.1645921
0,0.19699843
0,0.16149385
0,0.14621465
0,0.14431171
0,0.14928879
0,0.14914067
0,0.14258556
0,0.14461517
0,0.13858199
0,0.14304714
0,0.1472601
0,0.14685614
0,0.15745462
0,0.14631288
0,0.14959438
0,0.2040821
0,0.16523072
0,0.16097336
0,0.1693299
0,0.1792236
0,0.21022387
0,0.20512885
0,0.5746951
0,0.40374756
0,0.34868532
0,0.3096435
0,0.27214915
0,0.23469618
0,0.17965442
0,0.158472
0,0.14791138
0,0.19974498
0,0.15847936
0,0.17184083
0,0.16837536
0,0.14862967
0,0.5021148
0,0.31334525
0,0.24401629
0,0.21964559
0,0.1985329
0,0.68473846
0,0.46971658
0,0.4371219
0,0.391605
0,0.35302517
0,0.29632264
0,0.23799543
0,0.20180884
0,0.21029408
0,0.6483006
0,0.42239693
0,0.39872307
1,0.35231024
1,0.31784907
1,0.24806277
1,0.244464
1,0.6844452
1,0.45898375
1,0.35296386
1,0.32055786
1,0.30594552
1,0.25872853
1,0.21115546
1,0.17977709
1,0.19192702
1,0.19395928
1,0.18287177
0,0.92805225
0,0.90039873
0,0.7714966
0,0.7998093
0,0.6956153
0,0.6520431
0,0.6144841
0,0.5746565
0,0.52579486
0,0.45177937
0,0.8185698
0,0.6161561
0,0.5832623
0,0.5090955
0,0.46334758
0,0.4198576
0,0.40419748
0,0.7702504
0,0.55103153
0,0.6513633
0,0.49277392
0,0.40484235
0,0.36530927
0,0.29809994
0,0.54898465
0,0.42262843
0,0.34756613
0,0.7542122
0,0.51967764
0,0.40930533
0,0.31337482
0,0.23081951
0,0.44329363
0,0.31815028
0,0.42431986
0,0.43262124
0,0.39191574
0,0.7430433
0,0.49933946
0,0.40427923
0,0.38660303
0,0.37562856
0,0.35376066
0,0.3406511
0,0.2768012
0,0.21674477
0,0.1773022
0,0.44915533
0,0.2967538
0,0.27466998
0,0.36608946
0,0.30411258
0,0.55757153
0,0.3695031
0,0.3113727
0,0.2886895
0,0.6848272
1,0.46486703
1,0.5264354
1,0.40728277
1,0.32497126
1,0.3399554
1,0.30254966
1,0.69053483
1,0.45371312
1,0.56756
1,0.8150808
1,0.5827899
1,0.469956
1,0.44924065
1,0.7864535
1,0.8212188
0,0.984348
0,0.98327786
0,0.9224644
0,0.8723302
0,0.8320694
0,0.9532063
0,0.84480315
0,0.78557193
0,0.76924646
0,0.7115649
0,0.675632
0,0.5767479
0,0.5446472
0,0.42124292
0,0.36485243
0,0.29911688
0,0.32164538
0,0.27556846
0,0.22183101
0,0.23798165
0,0.69163233
0,0.529032
0,0.44215646
0,0.3970928
0,0.4525429
0,0.3780075
0,0.80344784
0,0.6452578
0,0.9021099
0,0.7117978
0,0.56185925
0,0.7357108
0,0.54587424
0,0.61572397
0,0.85435164
0,0.6774612
0,0.55203784
0,0.9232787
0,0.76098067
0,0.68761206
0,0.79773206
0,0.6992338
0,0.70744073
0,0.59723836
0,0.4485224
0,0.4349374
0,0.38365453
0,0.33044577
0,0.2653182
0,0.25014532
0,0.26579317
0,0.25336415
0,0.21103056
0,0.21720192
0,0.4491012
0,0.30186272
0,0.24179226
0,0.18505923
0,0.1845484
0,0.5991025
0,0.41012606
0,0.8226649
0,0.62230134
0,0.47160962
0,0.3739505
0,0.28790748
0,0.35098958
0,0.26534683
0,0.22399475
0,0.20267965
0,0.43888816
0,0.28920895
0,0.2524556
0,0.3366806
0,0.23659265
0,0.20751525
0,0.17578025
0,0.1679192
0,0.14656717
0,0.13817269
0,0.1324884
0,0.13778247
0,0.13495432
0,0.13772069
0,0.1356868
0,0.14206706
0,0.1310705
0,0.16444261
0,0.16686782
0,0.16657826
0,0.5445683
0,0.37576154
0,0.28741843
0,0.24837153
0,0.18759574
0,0.16970252
0,0.18530662
0,0.17320117
0,0.46806216
0,0.29805526
0,0.5246701
0,0.38754976
0,0.46419963
0,0.37879598
0,0.7645971
0,0.5096649
0,0.43002793
0,0.34439623
0,0.2625174
0,0.22892204
0,0.18692333
0,0.17122988
0,0.15885812
0,0.15517972
0,0.15864873
0,0.34801203
0,0.21754205
0,0.1758073
0,0.1633929
0,0.15266663
0,0.15540995
0,0.5078447
0,0.3132231
0,0.23569748
0,0.19760092
0,0.17500426
0,0.15861812
0,0.14863868
0,0.14473583
0,0.14143892
0,0.14390814
0,0.13364325
0,0.13536179
0,0.19584824
0,0.17114186
0,0.19365126
0,0.18423645
0,0.16699132
0,0.40094256
0,0.27396026
0,0.20781964
0,0.16816677
0,0.15307046
0,0.14369443
0,0.14539763
0,0.14287928
0,0.14583126
0,0.13756426
0,0.13864176
0,0.14191306
0,0.13808328
0,0.14279102
0,0.14414921
0,0.13724793
0,0.14712189
0,0.15007973
0,0.14905204
0,0.15172964
0,0.15498553
0,0.17570455
0,0.1812076
0,0.43192357
0,0.31404668
0,0.29683396
0,0.24988863
0,0.39596805
0,0.43519992
0,0.4021673
0,0.43119413
0,0.72076863
0,0.4882039
0,0.6633127
0,0.43561345
0,0.31903383
0,0.36345425
0,0.31580472
0,0.296868
0,0.24820036
0,0.19852485
0,0.19634008
0,0.17487104
0,0.1749535
0,0.15075581
0,0.14109635
0,0.1468276
0,0.14116976
0,0.14116736
0,0.13983116
0,0.13135788
0,0.1307421
0,0.12980616
0,0.13372883
0,0.13649713
0,0.13891104
0,0.13831693
0,0.14016728
0,0.1415722
0,0.1951908
0,0.16031286
0,0.16767041
0,0.16690321
0,0.17760098
0,0.18664223
0,0.17696323
0,0.26413754
0,0.20703663
0,0.18777709
0,0.18573897
0,0.18858136
0,0.18126418
0,0.1805344
0,0.18457995
0,0.18761566
0,0.19201037
0,0.19552605
0,0.18534604
0,0.19328868
0,0.1812695
0,0.17974368
0,0.18580091
0,0.19432436
0,0.18874696
0,0.19631433
0,0.20631027
0,0.22048353
0,0.22629513
0,0.23573332
0,0.26020032
0,0.2607451
0,0.2596756
0,0.2627045
0,0.27508843
0,0.28562418
0,0.28122982
0,0.32810798
0,0.30970815
0,0.2768572
0,0.3219971
0,0.2807418
0,0.2512382
0,0.48636416
0,0.34249237
0,0.30317292
0,0.22874698
0,0.21816769
0,0.20342743
0,0.19930883
0,0.19608423
0,0.18444145
0,0.16066225
0,0.15751265
0,0.15204117
0,0.15033597
0,0.17726995
0,0.15450397
0,0.14431676
0,0.13720955
0,0.13352744
0,0.14344466
0,0.14102066
0,0.13776143
0,0.1452459
0,0.14686474
0,0.1640952
0,0.15237863
0,0.16080654
0,0.15092541
0,0.15582338
0,0.15813285
0,0.16720499
0,0.19735448
0,0.19392177
0,0.1858037
0,0.18426988
0,0.19830912
0,0.33317524
0,0.25992268
0,0.28926405
0,0.27199918
0,0.22587575
0,0.21718386
0,0.21638608
0,0.20945087
0,0.19871694
0,0.17784683
0,0.17547542
0,0.17894074
0,0.16252796
0,0.15321897
0,0.15641999
0,0.15057959
0,0.14825636
0,0.15260933
0,0.14931707
0,0.15154208
0,0.37149587
0,0.26395503
0,0.22738218
0,0.19757877
0,0.179887
0,0.1660242
0,0.47330794
0,0.31662038
0,0.244186
0,0.20988025
0,0.49334303
0,0.346514
0,0.28013676
0,0.22917247
0,0.19148639
0,0.15900286
0,0.15095279
0,0.15684573
0,0.15278506
0,0.13640083
0,0.13280877
0,0.1303493
0,0.12943457
0,0.12913764
0,0.12776056
0,0.12904301
0,0.1311072
0,0.13467027
0,0.1386224
0,0.14834626
0,0.15556589
0,0.15922645
0,0.16178697
0,0.16716996
0,0.16992098
0,0.1839214
0,0.25492492
0,0.25102082
0,0.24742827
0,0.25555226
0,0.2939747
0,0.29204938
0,0.36544254
0,0.32096717
0,0.3155168
0,0.3096943
0,0.30124092
0,0.29987752
0,0.30868736
0,0.29509285
0,0.29868585
0,0.28879404
0,0.28950644
0,0.2880013
0,0.28212562
0,0.28877553
0,0.36219952
0,0.3257103
0,0.2940226
0,0.2878332
0,0.28580385
0,0.2830064
0,0.27992383
0,0.26544866
0,0.24426785
0,0.24132498
0,0.23512548
0,0.23365717
0,0.21461436
0,0.20675552
0,0.2132179
0,0.21604204
0,0.24523936
0,0.24029733
0,0.24379653
0,0.24832177
0,0.25256398
0,0.25689682
0,0.24826556
0,0.25764441
0,0.25805265
0,0.26889083
0,0.27296096
0,0.26366532
0,0.2646731
0,0.2851396
0,0.30017892
0,0.30191308
0,0.29742938
0,0.3072104
0,0.32400545
0,0.42056185
0,0.37394607
0,0.3438292
0,0.33133247
0,0.33068034
0,0.31604236
0,0.31777725
0,0.29604933
0,0.3018152
0,0.2916892
0,0.28357878
0,0.27039936
0,0.2335616
0,0.21886936
0,0.2143427
0,0.21160725
0,0.20623831
0,0.2001821
0,0.20875332
0,0.19927064
0,0.19942476
0,0.550465
0,0.39296153
0,0.31144792
0,0.28384244
0,0.3226532
0,0.8659137
0,0.746614
0,0.6237912
0,0.52381253
0,0.50151587
0,0.44776598
0,0.5048661
0,0.8519622
0,0.6599754
0,0.5613147
0,0.51286423
0,0.40905884
0,0.3626592
0,0.3083106
0,0.38910642
0,0.3301679
0,0.25943416
0,0.22146264
0,0.20559947
0,0.20515783
0,0.16821977
0,0.16077039
0,0.15334062
0,0.13721433
0,0.13176738
0,0.12834103
0,0.12461667
0,0.12405964
0,0.19510457
0,0.16070634
0,0.59650886
0,0.39285293
0,0.35460088
0,0.7909016
0,0.6013407
0,0.52575916
0,0.445597
0,0.44678003
0,0.5210009
0,0.45280525
0,0.46965316
0,0.35307512
0,0.31552783
0,0.34123567
0,0.7677424
0,0.5751051
0,0.49800134
0,0.44734535
0,0.39786956
0,0.31961274
0,0.2899391
0,0.2757393
0,0.21983136
0,0.19770664
0,0.176774
0,0.15382442
0,0.13949141
0,0.1398601
0,0.13277672
0,0.1319272
0,0.13621031
0,0.13639124
0,0.1597761
0,0.14785878
0,0.14727804
0,0.15307418
0,0.15531236
0,0.16002989
0,0.14831582
0,0.50264204
0,0.32529676
0,0.25756115
0,0.21780938
0,0.21049842
0,0.2667737
0,0.24716012
0,0.22183578
0,0.21627177
0,0.19013254
0,0.1803612
0,0.171977
0,0.15641233
0,0.34074616
0,0.23085624
0,0.20653348
0,0.1654735
0,0.15889226
0,0.14527945
0,0.1419311
0,0.13830584
0,0.14995988
0,0.14875509
0,0.14206432
0,0.13581392
0,0.13221924
0,0.13955557
0,0.1531566
0,0.1457922
0,0.27229166
0,0.21792956
0,0.32230723
0,0.2232091
0,0.18943776
0,0.1691375
0,0.1523387
0,0.14648542
0,0.13970175
0,0.22014737
0,0.18502657
0,0.18086231
0,0.18791236
0,0.17474034
0,0.1864098
0,0.1620771
0,0.160207
0,0.14609203
0,0.14406118
0,0.13687915
0,0.1354258
0,0.13820176
0,0.14360571
0,0.14440054
0,0.1460357
0,0.13904433
0,0.15177186
0,0.14417323
0,0.14337566
0,0.15446696
0,0.16913982
0,0.1585485
0,0.15761289
0,0.1616834
0,0.15921636
0,0.19941692
0,0.20410544
0,0.18879996
0,0.18489127
0,0.35451832
0,0.27076748
0,0.40085554
0,0.30353317
0,0.35024557
0,0.26360768
0,0.21452382
0,0.18328749
0,0.24165805
0,0.16747467
0,0.15894546
0,0.14185853
0,0.14547616
0,0.14028771
0,0.14156507
0,0.14214072
0,0.14606246
0,0.142466
0,0.14442222
0,0.14074595
0,0.13504966
0,0.14015439
0,0.15032217
0,0.14760707
0,0.1478891
0,0.15030837
0,0.14690883
0,0.1857399
0,0.1748842
0,0.1685653
0,0.18268296
0,0.17847458
0,0.3424344
0,0.26250863
0,0.23570815
0,0.21733783
0,0.20927346
0,0.17724629
0,0.19340035
0,0.17758155
0,0.18229249
0,0.174731
0,0.17972182
0,0.18769681
0,0.17618473
0,0.17472476
0,0.17051487
0,0.15936486
0,0.16357765
0,0.16003339
0,0.16758566
0,0.17515384
0,0.17752154
0,0.18601455
0,0.17838886
0,0.17803755
0,0.18665566
0,0.28513417
0,0.23366234
0,0.21918775
0,0.20673764
0,0.21442053
0,0.2627271
0,0.24966092
0,0.2309941
0,0.22063944
0,0.20175628
0,0.18957369
0,0.19643648
0,0.19420098
0,0.19492997
0,0.19274634
0,0.20257412
0,0.20209804
0,0.19768572
0,0.18897676
0,0.18992189
0,0.1834835
0,0.18173034
0,0.1865102
0,0.19069079
0,0.18965465
0,0.19571884
0,0.19345297
0,0.20032956
0,0.19690944
0,0.22654298
0,0.5766432
0,0.41868693
0,0.3352424
0,0.30248946
0,0.34369302
0,0.30454922
0,0.73178536
0,0.54913646
0,0.43324053
0,0.59875274
0,0.3948711
0,0.3212296
0,0.25171715
0,0.21480711
0,0.19487178
0,0.18359113
0,0.1720399
0,0.16728926
0,0.14851567
0,0.14907594
0,0.14146356
0,0.13595858
0,0.1267841
0,0.12308139
0,0.12768076
0,0.1382855
0,0.14104678
0,0.12869331
0,0.13143761
0,0.13775879
0,0.13882947
0,0.13647196
0,0.1427575
0,0.1467194
0,0.14537384
0,0.15221016
0,0.21075928
0,0.22248419
0,0.2287773
0,0.28377405
0,0.28720307
0,0.39439723
0,0.319578
0,0.35663044
0,0.32053283
0,0.30190012
0,0.2954496
0,0.52876216
0,0.4415861
0,0.36407185
0,0.32755563
0,0.2715248
0,0.19173984
0,0.17834792
0,0.16335484
0,0.159296
0,0.14109938
0,0.1394274
0,0.14134431
0,0.14365935
0,0.14874727
0,0.14871033
0,0.14756946
0,0.1569051
0,0.15604216
0,0.15791321
0,0.15575196
0,0.15508126
0,0.16037528
0,0.14925008
0,0.14924593
0,0.15908563
0,0.16169102
0,0.15839049
0,0.15660578
0,0.16155896
0,0.17329861
0,0.19954194
0,0.19935225
0,0.32883677
0,0.24067096
0,0.21760066
0,0.19368112
0,0.19417927
0,0.17416857
0,0.16680048
0,0.16663434
0,0.17385885
0,0.18441814
0,0.19184369
0,0.19724256
0,0.20551069
0,0.21254031
0,0.21444076
0,0.21021856
0,0.22063953
0,0.2133163
0,0.19625056
0,0.18861659
0,0.19097611
0,0.19384967
0,0.19434877
0,0.18037416
0,0.17535748
0,0.18051662
0,0.1852085
0,0.19554645
0,0.19955178
0,0.20349059
0,0.27408975
0,0.24529585
0,0.22844926
0,0.21759193
0,0.20564377
0,0.18712361
0,0.18725443
0,0.17844015
0,0.18683061
0,0.1840449
0,0.19532187
0,0.18283688
0,0.1852968
0,0.1968072
0,0.20295434
0,0.1983755
0,0.21293946
0,0.36016652
0,0.26499957
0,0.2373389
0,0.22503227
0,0.22079407
0,0.2213004
0,0.5245322
0,0.38044283
0,0.32314727
0,0.2918529
0,0.27492502
0,0.20372178
0,0.18301675
0,0.16349155
0,0.15705559
0,0.1562861
0,0.15787399
0,0.16221772
0,0.15456726
0,0.1584108
0,0.13911496
0,0.13439648
0,0.13608563
0,0.13499042
0,0.13337483
0,0.13279903
0,0.14165959
0,0.13930394
0,0.1375192
0,0.14989455
0,0.14278734
0,0.14689004
0,0.15174791
0,0.16390611
0,0.16664295
0,0.19048662
0,0.2860032
0,0.28015235
0,0.2895284
0,0.2893774
0,0.2959251
0,0.27336532
0,0.24935684
0,0.23714633
0,0.23863025
0,0.22835624
0,0.25153193
0,0.26495907
0,0.31724054
0,0.28447133
0,0.24972336
0,0.22647932
0,0.2109491
0,0.20501357
0,0.2071774
0,0.19902226
0,0.5337697
0,0.3879912
0,0.3255417
0,0.27175668
0,0.24543606
0,0.18099536
0,0.15680136
0,0.14972085
0,0.14858674
0,0.1364177
0,0.13297045
0,0.13171478
0,0.13629586
0,0.1465799
0,0.1351456
0,0.13890454
0,0.14185654
0,0.26358896
0,0.1877607
0,0.17638981
0,0.17921412
0,0.17184009
0,0.21536157
0,0.17094955
0,0.15569508
0,0.15192322
0,0.14859195
0,0.14060022
0,0.14765362
0,0.15071738
0,0.1876094
0,0.17333014
0,0.17032091
0,0.16526073
0,0.16256535
0,0.15889928
0,0.16032037
0,0.15687774
0,0.15402135
0,0.15344016
0,0.15886225
0,0.17098935
0,0.17878054
0,0.2070968
0,0.20716798
0,0.4650599
0,0.32845128
0,0.34356752
0,0.26861155
0,0.2562524
0,0.2410755
0,0.22721696
0,0.28038618
0,0.25826243
0,0.24271062
0,0.21387056
0,0.19428104
0,0.16690123
0,0.16900223
0,0.1663178
0,0.16485016
0,0.16311261
0,0.1545221
0,0.15038948
0,0.15467699
0,0.14569546
0,0.14448115
0,0.14584918
0,0.14700314
0,0.15174769
0,0.1485618
0,0.15148985
0,0.1587741
0,0.16971856
0,0.17384338
0,0.25186276
0,0.25037733
0,0.25791943
0,0.25310087
0,0.29072857
0,0.3646374
0,0.2828366
0,0.25686842
0,0.2650908
0,0.23469362
0,0.22385071
0,0.20887724
0,0.1983284
0,0.20289895
0,0.19517528
0,0.19728334
0,0.1793045
0,0.17036939
0,0.17025287
0,0.16006929
0,0.15201804
0,0.15611346
0,0.15694997
0,0.14728825
0,0.14945717
0,0.15471987
0,0.15646638
0,0.16020954
0,0.15255174
0,0.16358586
0,0.16806574
0,0.17022946
0,0.17896122
0,0.17255528
0,0.18802816
0,0.22727314
0,0.23133639
0,0.23443526
0,0.29661575
0,0.2552978
0,0.27728212
0,0.26136
0,0.26061717
0,0.26693982
0,0.26169193
0,0.25888208
0,0.2564067
0,0.23668595
0,0.23411185
0,0.37941745
0,0.26856276
0,0.23270129
0,0.20596048
0,0.19357976
0,0.29784396
0,0.3319907
0,0.26377708
0,0.22117
0,0.19758141
0,0.18905888
0,0.17540807
0,0.16510881
0,0.20178404
0,0.16999464
0,0.15387924
0,0.15019633
0,0.14681114
0,0.1374499
0,0.14190157
0,0.19990702
0,0.23153259
0,0.23582843
0,0.2054363
0,0.189643
0,0.17621359
0,0.16653955
0,0.14850889
0,0.14340489
0,0.14079434
0,0.1334297
0,0.14258766
0,0.1382594
0,0.13415037
0,0.14206992
0,0.1368307
0,0.13501854
0,0.1417476
0,0.17133783
0,0.19706331
0,0.17507711
0,0.1706649
0,0.8577054
0,0.6933595
0,0.57833993
0,0.5056857
0,0.47713372
0,0.39112616
0,0.3171064
0,0.26799986
0,0.25414935
0,0.39817187
0,0.2930821
0,0.26530552
0,0.2552017
0,0.2617443
0,0.23261227
0,0.22284824
0,0.37077555
0,0.27222848
0,0.23819187
0,0.6732228
0,0.461849
0,0.38183948
0,0.32754493
0,0.6117029
0,0.4068749
0,0.34123877
0,0.40095034
0,0.2724305
0,0.2578934
0,0.20274031
0,0.17827962
0,0.24456996
0,0.20489234
0,0.64117694
0,0.43198982
0,0.44254145
0,0.3453914
0,0.30695924
0,0.27289757
0,0.26531386
0,0.2356153
0,0.21434167
0,0.19499758
0,0.62181425
0,0.40068448
0,0.36042812
0,0.3144883
0,0.2418003
0,0.41131014
0,0.49987972
0,0.35764286
0,0.35954314
0,0.2625298
0,0.22110209
0,0.18072765
0,0.1574288
0,0.15835293
0,0.24932165
0,0.19652508
0,0.6067712
0,0.39382535
0,0.308206
0,0.24821596
0,0.2124157
0,0.36190546
0,0.25974843
0,0.22876433
0,0.24477136
0,0.23641296
0,0.193912
0,0.18047445
0,0.41728342
0,0.26710045
0,0.23981605
0,0.3008242
0,0.24754904
0,0.21858889
0,0.19584547
0,0.16045015
0,0.4111634
0,0.33703914
0,0.28940654
0,0.24581547
0,0.22619534
0,0.63418686
0,0.3996603
0,0.29588366
0,0.24277939
0,0.37959322
0,0.49126667
0,0.30861548
0,0.25618052
0,0.22678162
0,0.17933297
0,0.25767577
0,0.17864887
0,0.32727852
0,0.25366163
0,0.21936868
0,0.19660814
0,0.18743184
0,0.25401214
0,0.51455957
0,0.33339128
0,0.28813025
0,0.37063873
0,0.29452375
0,0.29384255
0,0.24436031
0,0.21052219
0,0.19636206
0,0.1733523
0,0.25416917
0,0.28263932
0,0.21496692
0,0.41415715
0,0.25334355
0,0.2029791
0,0.4768448
0,0.30602396
0,0.24452135
0,0.20603982
0,0.18745664
0,0.17160875
0,0.16581513
0,0.14914986
0,0.37386733
0,0.5479803
0,0.37910515
0,0.26857236
0,0.24054457
0,0.2164547
0,0.17703101
0,0.17126115
0,0.16429213
0,0.1616531
0,0.2642119
0,0.21282464
0,0.17914599
0,0.15445282
0,0.14724912
0,0.14385456
0,0.14497754
0,0.22689992
0,0.17496295
0,0.20487331
0,0.2210772
0,0.1685669
0,0.16399395
0,0.15685251
0,0.14794526
0,0.23527
0,0.17797084
0,0.19649082
0,0.23173526
0,0.19501248
0,0.16689348
0,0.17184447
0,0.14668694
0,0.1505372
0,0.15703708
0,0.15030289
0,0.15186088
0,0.1391534
0,0.14329964
0,0.14838658
0,0.14275827
0,0.13757083
0,0.14601302
0,0.16938509
0,0.18620284
0,0.15733005
0,0.14628878
0,0.3054059
0,0.21328843
0,0.3391013
0,0.27146405
0,0.24621546
0,0.27135465
0,0.18514408
0,0.15755138
0,0.15536349
0,0.15826283
0,0.14174616
0,0.13431454
0,0.13033822
0,0.13337195
0,0.13894151
0,0.13482018
0,0.13255411
0,0.1360068
0,0.13831864
0,0.15002505
0,0.14419028
0,0.1420137
0,0.14889427
0,0.30396912
0,0.22980878
0,0.49956885
0,0.37396023
0,0.3081077
0,0.2640536
0,0.25863802
0,0.21091267
0,0.20930357
0,0.45624235
0,0.35540792
0,0.46766412
0,0.40303615
0,0.39750358
0,0.766625
0,0.51855284
0,0.45273083
0,0.675315
0,0.7253722
0,0.67018914
0,0.49929488
0,0.46672845
0,0.77129364
0,0.5165838
0,0.47694004
0,0.6261754
0,0.6359197
0,0.46089458
0,0.36269364
0,0.29823595
0,0.28986454
0,0.25151736
0,0.20647818
0,0.22472358
0,0.21783343
0,0.17960905
0,0.18140006
0,0.16507918
0,0.16923097
0,0.15505424
0,0.15571503
0,0.15396869
0,0.15573296
0,0.16525543
0,0.17459302
0,0.16185118
0,0.16245541
0,0.15770166
0,0.15987208
0,0.14356346
0,0.13375787
0,0.12959427
0,0.12379805
0,0.13251641
0,0.13065492
0,0.1442193
0,0.14450307
0,0.15413713
0,0.16099316
0,0.16738972
0,0.18181106
0,0.18131989
0,0.18936825
0,0.1731371
0,0.18250482
0,0.26237413
0,0.20990919
0,0.21745451
0,0.18889959
0,0.6183276
0,0.4719263
0,0.394376
0,0.49499947
0,0.44589671
0,0.46772605
0,0.36550367
0,0.32364845
0,0.27486596
0,0.23147666
0,0.44154447
0,0.28899914
0,0.21312904
0,0.17438713
0,0.16010197
0,0.1553892
0,0.14668298
0,0.13559482
0,0.15727396
0,0.16926737
0,0.15263341
0,0.14132217
0,0.13932686
0,0.14595722
0,0.14333035
0,0.13785039
0,0.24665104
0,0.1768742
0,0.1545345
0,0.19194968
0,0.20386405
0,0.1891514
0,0.17994572
0,0.172567
0,0.15517801
0,0.14643419
0,0.14725687
0,0.14802645
0,0.1495461
0,0.19277824
0,0.19146061
0,0.17395552
0,0.15252978
0,0.15384057
0,0.14309998
0,0.13619843
0,0.13702393
0,0.14147621
0,0.14861429
0,0.14597243
0,0.48716825
0,0.31971255
0,0.262045
0,0.24384655
0,0.21784577
0,0.20525858
0,0.20317905
0,0.46189684
0,0.32466722
0,0.77730936
0,0.5473037
0,0.45189416
0,0.33669364
0,0.3008304
0,0.28026074
0,0.51483643
0,0.35695103
0,0.48101014
0,0.32335564
0,0.31018507
0,0.29794997
0,0.26476097
0,0.23206742
0,0.1837856
0,0.17794304
0,0.1549143
0,0.1441337
0,0.14394197
0,0.14410587
0,0.50259376
0,0.33276746
0,0.2583896
0,0.22413623
0,0.20486763
0,0.18414795
0,0.17371371
0,0.15891103
0,0.14063685
0,0.13590898
0,0.13338175
0,0.13829358
0,0.13809416
0,0.1377087
0,0.16016868
0,0.16298227
0,0.56681025
0,0.37568912
0,0.30778533
0,0.26302886
0,0.2416706
0,0.32335496
0,0.22670443
0,0.1778999
0,0.16287985
0,0.16251402
0,0.14801295
0,0.14387539
0,0.14371362
0,0.14384544
0,0.16503477
0,0.15147093
0,0.14112698
0,0.13745771
0,0.14039482
0,0.15168937
0,0.15325293
0,0.14468472
0,0.13871837
0,0.13001384
0,0.12908658
0,0.13414687
0,0.13201082
0,0.13656852
0,0.14961192
0,0.14956388
0,0.19239633
0,0.18877736
0,0.19829153
0,0.20283027
0,0.21191457
0,0.23006411
0,0.21130688
0,0.21653855
0,0.21705043
0,0.21991806
0,0.20166475
0,0.20248704
0,0.21432279
0,0.294395
0,0.2656486
0,0.2586023
0,0.22174361
0,0.22085607
0,0.22444788
0,0.6658468
0,0.5309435
0,0.45709422
0,0.3995651
0,0.4173946
0,0.35707015
0,0.36340353
0,0.25090626
0,0.22214067
0,0.17145763
0,0.1600247
0,0.21548983
0,0.17634729
0,0.173111
0,0.57379425
0,0.37021536
0,0.32215112
0,0.75022304
0,0.5192534
0,0.38002402
0,0.31372023
0,0.27966622
0,0.24915478
0,0.18872277
0,0.19097564
0,0.16093889
0,0.14622055
0,0.13734514
0,0.1311879
0,0.12688044
0,0.12790754
0,0.12925641
0,0.13179989
0,0.15224992
0,0.14568971
0,0.1478271
0,0.15220374
0,0.15364942
0,0.15065733
0,0.14929724
0,0.15205042
0,0.15565254
0,0.15344843
0,0.14321871
0,0.16743903
0,0.18280406
0,0.2258533
0,0.33126163
0,0.30520606
0,0.2668589
0,0.23771518
0,0.2263075
0,0.21320908
0,0.19656232
0,0.19079359
0,0.2297416
0,0.20590115
0,0.31893316
0,0.24285404
0,0.17995165
0,0.15828173
0,0.15372013
0,0.14527427
0,0.13772781
0,0.13451745
0,0.13359031
0,0.13458723
0,0.16307405
0,0.15841602
0,0.14968163
0,0.14907247
0,0.15663636
0,0.16858467
0,0.16549791
0,0.16859551
0,0.18001273
0,0.18320909
0,0.19647427
0,0.17454365
0,0.17804681
0,0.17712253
0,0.18289977
0,0.6285598
0,0.45039243
0,0.3838017
0,0.32573903
0,0.2801012
0,0.34056038
0,0.24890861
0,0.17973799
0,0.1646937
0,0.14797457
0,0.14271612
0,0.13758475
0,0.12972985
0,0.13295324
0,0.13356055
0,0.13357453
0,0.13394676
0,0.13731228
0,0.14571497
0,0.44740108
0,0.29538152
0,0.24851443
0,0.2108786
0,0.18907566
0,0.17565444
0,0.16067949
0,0.15334433
0,0.14501357
0,0.14331149
0,0.13918641
0,0.16744429
0,0.2461743
0,0.19268298
0,0.17310058
0,0.1712252
0,0.15488645
0,0.15005642
0,0.14776707
0,0.14086671
0,0.13838397
0,0.13390636
0,0.13524987
0,0.13802624
0,0.140232
0,0.14214943
0,0.15087953
0,0.14512199
0,0.14628977
0,0.16169111
0,0.2242995
0,0.22632349
0,0.22574909
0,0.22684655
0,0.22749098
0,0.22622648
0,0.2208157
0,0.21448582
0,0.21426563
0,0.21717119
0,0.21421674
0,0.2153902
0,0.27404666
0,0.27400967
0,0.2582191
0,0.25730374
0,0.25620323
0,0.2558599
0,0.25253406
0,0.2381443
0,0.28837168
0,0.23194501
0,0.2199665
0,0.2033681
0,0.19726112
0,0.18537383
0,0.18548526
0,0.17969202
0,0.18163814
0,0.17923574
0,0.18720007
0,0.18925422
0,0.19941562
0,0.20654899
0,0.21201636
0,0.22593118
0,0.2376929
0,0.24266925
0,0.24539196
0,0.270774
0,0.2571067
0,0.5060554
0,0.35628793
0,0.2945673
0,0.25180563
0,0.23402667
0,0.21810855
0,0.21096109
0,0.19644497
0,0.18723215
0,0.20638171
0,0.19668813
0,0.19852154
0,0.18244024
0,0.18121974
0,0.16769472
0,0.16406323
0,0.15069093
0,0.14783667
0,0.14847682
0,0.15355673
0,0.1530944
0,0.15054171
0,0.14911167
0,0.15258498
0,0.14486745
0,0.1509649
0,0.1485039
0,0.15159655
0,0.16924404
0,0.18780491
0,0.25991163
0,0.25807247
0,0.27382398
0,0.27599722
0,0.2802419
0,0.37922177
0,0.31297886
0,0.28597972
0,0.27922365
0,0.25938377
0,0.26031065
0,0.26010618
0,0.26234987
0,0.2759904
0,0.2811702
0,0.28484693
0,0.27094144
0,0.26070654
0,0.26459303
0,0.26532
0,0.27603102
0,0.26533297
0,0.24249654
0,0.22574829
0,0.21993537
0,0.20308253
0,0.1913859
0,0.32584348
0,0.23334217
0,0.20852067
0,0.1969555
0,0.18068816
0,0.18042684
0,0.17859128
0,0.17317668
0,0.20063418
0,0.19692022
0,0.2036483
0,0.20141621
0,0.19647698
0,0.19942972
0,0.19153652
0,0.18415347
0,0.1847242
0,0.17904063
0,0.17551923
0,0.1764011
0,0.1808172
0,0.18620023
0,0.1873458
0,0.19211371
0,0.19568338
0,0.20164168
0,0.21301873
0,0.27528378
0,0.24646783
0,0.2361602
0,0.3194783
0,0.28947094
0,0.28480893
0,0.27780464
0,0.26535487
0,0.25315207
0,0.25342003
0,0.2512337
0,0.24399534
0,0.23635104
0,0.24609877
0,0.24319758
0,0.23845272
0,0.2679117
0,0.23077536
0,0.21508634
0,0.20732361
0,0.1978449
0,0.19033198
0,0.18396406
0,0.18512057
0,0.18874104
0,0.18748568
0,0.19300327
0,0.19568482
0,0.20209864
0,0.21676344
0,0.25585428
0,0.262996
0,0.25751802
0,0.25708875
0,0.27679974
0,0.26904026
0,0.27609584
0,0.26640308
0,0.27517235
0,0.27671167
0,0.28103086
0,0.2898997
0,0.2791473
0,0.28211042
0,0.2873874
0,0.28979388
0,0.29510003
0,0.2943172
0,0.29348183
0,0.30253094
0,0.30592257
0,0.30788472
0,0.3063613
0,0.30180043
0,0.30918846
0,0.37621653
0,0.3218894
0,0.318023
0,0.29861704
0,0.29417947
0,0.29475775
0,0.2934897
0,0.2982783
0,0.28459227
0,0.2791114
0,0.2791083
0,0.2846073
0,0.28369528
0,0.28909907
0,0.29051676
0,0.29606807
0,0.29625434
0,0.2953981
0,0.2811336
0,0.28883687
0,0.28338042
0,0.27070922
0,0.2778363
0,0.26690322
0,0.27352542
0,0.27921852
0,0.29918385
0,0.2922329
0,0.27685976
0,0.2865956
0,0.27617878
0,0.2822121
0,0.29570323
0,0.30159456
0,0.30708054
0,0.3035398
0,0.3129146
0,0.2989007
0,0.29681355
0,0.28711855
0,0.28867263
0,0.30272484
0,0.3016045
0,0.28862676
0,0.29865223
0,0.30663377
0,0.29784724
0,0.29938
0,0.3056691
0,0.29281908
0,0.2969531
0,0.38185117
0,0.3369632
0,0.3231796
0,0.3003842
0,0.29244757
0,0.2934945
0,0.2999691
0,0.28860134
0,0.28682318
0,0.4756887
0,0.35276803
0,0.32078487
0,0.3028964
0,0.28873143
0,0.27704558
0,0.27230301
0,0.2547506
0,0.23610653
0,0.23008734
0,0.22414796
0,0.22540435
0,0.227875
0,0.22806622
0,0.23559223
0,0.29681444
0,0.25241312
0,0.23412642
0,0.22098225
0,0.21639769
0,0.21476014
0,0.22491063
0,0.21363275
0,0.20738745
0,0.20496447
0,0.20522036
0,0.20451911
0,0.20805271
0,0.21264702
0,0.21188268
0,0.29045862
0,0.30061984
0,0.291916
0,0.26659283
0,0.25117457
0,0.24299155
0,0.23382747
0,0.23663913
0,0.23147711
0,0.23181297
0,0.2335696
0,0.23768859
0,0.24836949
0,0.2567431
0,0.26866823
0,0.2780054
0,0.2769271
0,0.2895737
0,0.28258723
0,0.29146782
0,0.29177442
0,0.28555346
0,0.28293234
0,0.27722973
0,0.27525356
0,0.29121637
0,0.29637963
0,0.29780364
0,0.29772466
0,0.29880896
0,0.29003742
0,0.2923644
0,0.29249418
0,0.28245348
0,0.28946957
0,0.2938299
0,0.29640836
0,0.3127206
0,0.30382526
0,0.30615693
0,0.28679124
0,0.2899793
0,0.29571226
0,0.28975448
0,0.2923317
0,0.28522068
0,0.2796568
0,0.2748373
0,0.28583953
0,0.29285458
0,0.27589372
0,0.27243155
0,0.2772017
0,0.30333865
0,0.30254206
0,0.30206406
0,0.28540316
0,0.293656
0,0.28803772
0,0.30721724
0,0.32262874
0,0.30298275
0,0.30712032
0,0.29776463
0,0.31036636
0,0.3300613
0,0.3052984
0,0.30795768
0,0.2923161
0,0.307833
0,0.31048843
0,0.30395964
0,0.32120004
0,0.2982853
0,0.32151547
0,0.37439454
0,0.3453209
0,0.33298492
0,0.32184756
0,0.30128875
0,0.2854945
0,0.2383359
0,0.23122297
0,0.22396
0,0.2161599
0,0.5425025
0,0.3629194
0,0.29935545
0,0.25406888
0,0.7256783
0,0.57478184
0,0.45396549
0,0.36445254
0,0.29163086
0,0.25299746
0,0.2380846
0,0.22564416
0,0.19662118
0,0.16717204
0,0.15763053
0,0.15901965
0,0.15122925
0,0.14801575
0,0.14836504
0,0.1508664
0,0.15182732
0,0.14798816
0,0.14032382
0,0.13760045
0,0.13486747
0,0.13470598
0,0.1267364
0,0.12417542
0,0.12296652
0,0.12527658
0,0.13722225
0,0.14677748
0,0.35753906
0,0.2455925
0,0.3646965
0,0.29431126
0,0.24476673
0,0.30426782
0,0.30546194
0,0.2611518
0,0.22444224
0,0.18945086
0,0.16511564
0,0.15391178
0,0.21314834
0,0.18344
0,0.16159299
0,0.15352607
0,0.14527862
0,0.13965213
0,0.13610514
0,0.13259344
0,0.17704003
0,0.19409633
0,0.16998972
0,0.16100441
0,0.1595972
0,0.15195988
0,0.14228922
0,0.13940121
0,0.14110054
0,0.13968787
0,0.1503833
0,0.15605336
0,0.15766245
0,0.1654922
0,0.17398834
0,0.18663764
0,0.19439551
0,0.18617937
0,0.18962066
0,0.19429561
0,0.2063972
0,0.1999649
0,0.20733218
0,0.2130911
0,0.22132914
0,0.2242145
0,0.22906189
0,0.24458154
0,0.2541197
0,0.26216808
0,0.29115352
0,0.30092213
0,0.2987314
0,0.3473031
0,0.34035188
0,0.3047441
0,0.30714172
0,0.28582796
0,0.28656507
0,0.27610043
0,0.27074295
0,0.26724872
0,0.2706558
0,0.27432337
0,0.28314573
0,0.4790306
0,0.356819
0,0.3315248
0,0.3181279
0,0.29306707
0,0.29462317
0,0.27508956
0,0.27370113
0,0.28317517
0,0.2750721
0,0.2755968
0,0.2844471
0,0.27116576
0,0.29582006
0,0.30418196
0,0.2903853
0,0.29210123
0,0.28967655
0,0.27874085
0,0.28827235
0,0.28715056
0,0.2753153
0,0.27345133
0,0.27612484
0,0.2705078
0,0.26794672
0,0.26232815
0,0.28000063
0,0.31706977
0,0.31144515
0,0.30768326
0,0.30619842
0,0.30182678
0,0.29785258
0,0.296475
0,0.30052328
0,0.29427227
0,0.29935324
0,0.29364058
0,0.30341372
0,0.3002032
0,0.3054493
0,0.30901027
0,0.29396737
0,0.30447358
0,0.31441987
0,0.30393478
0,0.28712595
0,0.28398243
0,0.27948314
0,0.26973146
0,0.27343166
0,0.26814517
0,0.2732028
0,0.28261608
0,0.2679808
0,0.26932198
0,0.27252087
0,0.27443242
0,0.29147622
0,0.27700967
0,0.27405584
0,0.27646953
0,0.283793
0,0.2825165
0,0.2887316
0,0.2805085
0,0.2789246
0,0.28685185
0,0.285331
0,0.2843167
0,0.28742
0,0.27853164
0,0.28826788
0,0.28885856
0,0.30324993
0,0.33704108
0,0.29839823
0,0.2987654
0,0.29549676
0,0.44269353
0,0.3498791
0,0.33204776
0,0.31682062
0,0.30518523
0,0.2883618
0,0.27716315
0,0.27458754
0,0.27457553
0,0.27500322
0,0.2677435
0,0.26537818
0,0.26199076
0,0.26729718
0,0.267279
0,0.27060708
0,0.26927298
0,0.27067736
0,0.27151752
0,0.3145276
0,0.31059307
0,0.3052676
0,0.28733927
0,0.29175425
0,0.307311
0,0.3047653
0,0.29518276
0,0.304588
0,0.28704357
0,0.28463915
0,0.29672915
0,0.27572522
0,0.28083315
0,0.2858037
0,0.28659627
0,0.2788294
0,0.3117438
0,0.3041535
0,0.29106182
0,0.29491147
0,0.28538853
0,0.28711316
0,0.27980447
0,0.26841968
0,0.26730987
0,0.2768169
0,0.47879526
0,0.3542016
0,0.32172346
0,0.31528705
0,0.30078638
0,0.32192004
0,0.3042444
0,0.27918494
0,0.27747893
0,0.26630476
0,0.2701109
0,0.26307654
0,0.27774292
0,0.2753549
0,0.27040753
0,0.27253523
0,0.2722295
0,0.27975154
0,0.28288248
0,0.28560686
0,0.32622376
0,0.2822183
0,0.28319985
0,0.27817225
0,0.28163806
0,0.30941576
0,0.29438558
0,0.28460452
0,0.2767691
0,0.28311768
0,0.2750703
0,0.2658802
0,0.27496687
0,0.27271187
0,0.27284986
0,0.27305314
0,0.2707374
0,0.28841248
0,0.27284643
0,0.2638191
0,0.2608069
0,0.25854224
0,0.27361837
0,0.3490625
0,0.29146343
0,0.30240202
0,0.28471717
0,0.51604736
0,0.37639555
0,0.34429562
0,0.31627718
0,0.29404992
0,0.33787793
0,0.30933192
0,0.31497073
0,0.30037174
0,0.2879333
0,0.27980927
0,0.27481496
0,0.2717044
0,0.2613021
0,0.2589339
0,0.2656437
0,0.26583833
0,0.40835336
0,0.31052068
0,0.28249434
0,0.2635543
0,0.25856924
0,0.24251047
0,0.24728177
0,0.24270046
0,0.284793
0,0.27270308
0,0.26639703
0,0.2588533
0,0.2630935
0,0.27495432
0,0.28501868
0,0.28521776
0,0.28656805
0,0.28334486
0,0.29757097
0,0.29304278
0,0.3070934
0,0.2972595
0,0.28529096
0,0.29034653
0,0.29638362
0,0.29229364
0,0.30255455
0,0.28330353
0,0.29276907
0,0.28848177
0,0.28754953
0,0.28380585
0,0.28109166
0,0.27432007
0,0.27766502
0,0.2843363
0,0.28585306
0,0.27961707
0,0.27987805
0,0.2827578
0,0.286688
0,0.39324382
0,0.34710726
0,0.36710146
0,0.33073172
0,0.35133877
0,0.31149843
0,0.30819055
0,0.30353194
0,0.3080847
0,0.30816716
0,0.29315096
0,0.30683818
0,0.2976172
0,0.30802393
0,0.30482066
0,0.27820766
0,0.27329162
0,0.27262133
0,0.270536
0,0.26557317
0,0.44837
0,0.29102606
0,0.23054118
0,0.20184712
0,0.19510864
0,0.18882523
0,0.18026285
0,0.18099661
0,0.18649772
0,0.19792357
0,0.22918694
0,0.2298997
0,0.24028777
0,0.24049492
0,0.27073866
0,0.260326
0,0.25389463
0,0.24751577
0,0.25133142
0,0.2508876
0,0.24695638
0,0.24506976
0,0.25236666
0,0.2543972
0,0.2543753
0,0.26056176
0,0.25225663
0,0.25842306
0,0.2667638
0,0.28150198
0,0.30000958
0,0.30003437
0,0.2844839
0,0.2851422
0,0.27979726
0,0.271029
0,0.26892972
0,0.2696834
0,0.2635543
0,0.26875183
0,0.2665715
0,0.27684405
0,0.27696338
0,0.27658075
0,0.27766585
0,0.30398703
0,0.29052794
0,0.2902051
0,0.2824188
0,0.28104895
0,0.27789453
0,0.2726533
0,0.2799196
0,0.28391019
0,0.29714262
0,0.30027524
0,0.29070547
0,0.29782152
0,0.29023993
0,0.29822966
0,0.29058036
0,0.28339583
0,0.2877943
0,0.29187632
0,0.31301975
0,0.29941356
0,0.2859056
0,0.28374484
0,0.29644984
0,0.30598778
0,0.29605967
0,0.28407958
0,0.29340246
0,0.29572037
0,0.2903534
0,0.28576863
0,0.27507
0,0.28416154
0,0.2809695
0,0.2928788
0,0.28269932
0,0.29504758
0,0.2815472
0,0.28137967
0,0.29294497
0,0.2851512
0,0.2827739
0,0.27989078
0,0.28881127
0,0.2821551
0,0.29468244
0,0.28855297
0,0.29506746
0,0.29368213
0,0.2771588
0,0.28299987
0,0.28231826
0,0.28470194
0,0.27405065
0,0.26653987
0,0.2743819
0,0.2742145
0,0.26827863
0,0.26173183
0,0.2595496
0,0.26915544
0,0.29054546
0,0.28467175
0,0.29087323
0,0.28946444
0,0.28847018
0,0.2818621
0,0.27755052
0,0.28067765
0,0.27434343
0,0.2719057
0,0.27397335
0,0.27026975
0,0.3042071
0,0.28696346
0,0.282264
0,0.2797222
0,0.27711648
0,0.2699505
0,0.2750668
0,0.27386215
0,0.26317188
0,0.2665307
0,0.26844776
0,0.26744613
0,0.27646482
0,0.26809186
0,0.27048242
0,0.26774237
0,0.26500872
0,0.26356283
0,0.2623126
0,0.26487494
0,0.26534548
0,0.2664802
0,0.26955652
0,0.26318073
0,0.26322025
0,0.25946152
0,0.2579694
0,0.26078627
0,0.25887296
0,0.26681703
0,0.26605764
0,0.26662898
0,0.26230094
0,0.26227725
0,0.2834271
0,0.27470723
0,0.27280438
0,0.2684262
0,0.26699466
0,0.30839005
0,0.28016102
0,0.27328092
0,0.27302676
0,0.26541787
0,0.2646404
0,0.2796297
0,0.2679264
0,0.2869287
0,0.28051433
0,0.28352574
0,0.27130052
0,0.26584375
0,0.2621246
0,0.2688804
0,0.27574563
0,0.26344967
0,0.2639888
0,0.26229465
0,0.30090412
0,0.27371448
0,0.26575634
0,0.29119948
0,0.28386658
0,0.29960388
0,0.28855342
0,0.28859934
0,0.2811275
0,0.2785923
0,0.31023738
0,0.28668618
0,0.27884185
0,0.27929893
0,0.27826867
0,0.2827391
0,0.27795127
0,0.2727711
0,0.26970226
0,0.27087846
0,0.2691389
0,0.26571214
0,0.26858428
0,0.2647041
0,0.2935052
0,0.27916017
0,0.2776143
0,0.2745671
0,0.2708917
0,0.3267525
0,0.28938943
0,0.28166118
0,0.27430627
0,0.2715172
0,0.27961725
0,0.2662228
0,0.2677611
0,0.26544914
0,0.265012
0,0.26165324
0,0.26195595
0,0.26220736
0,0.25903028
0,0.29163587
0,0.2700606
0,0.27273327
0,0.26436442
0,0.26344365
0,0.34016436
0,0.29227817
0,0.27776417
0,0.27301973
0,0.2623751
0,0.25785616
0,0.25354576
0,0.2548793
0,0.2500154
0,0.26549146
0,0.25626257
0,0.26422486
0,0.2595742
0,0.25615728
0,0.30241305
0,0.26982147
0,0.26275787
0,0.26439926
0,0.25634512
0,0.34916532
0,0.29742986
0,0.28679705
0,0.2772757
0,0.27540198
0,0.27002123
0,0.2685796
0,0.2645564
0,0.26532128
0,0.2668406
0,0.26509708
0,0.262316
0,0.26479396
0,0.2618062
0,0.28779048
0,0.27450064
0,0.26718527
0,0.27590868
0,0.27097383
0,0.31261146
0,0.280634
0,0.27541468
0,0.27234375
0,0.27419588
0,0.2662947
0,0.26427594
0,0.26632985
0,0.26535532
0,0.2623436
0,0.2590876
0,0.2615786
0,0.25784892
0,0.25875556
0,0.26255164
0,0.25790924
0,0.26084688
0,0.26059943
0,0.26496604
0,0.25814733
0,0.2595799
0,0.2579793
0,0.2813678
0,0.27335423
0,0.26103187
0,0.25928926
0,0.2718263
0,0.2609731
0,0.26594386
0,0.2620141
0,0.27315965
0,0.2700055
0,0.2625415
0,0.25465503
0,0.2958661
0,0.2664298
0,0.26458368
0,0.25322092
0,0.24780244
0,0.32045722
0,0.29354566
0,0.2887034
0,0.2940231
0,0.28497255
0,0.276117
0,0.2727427
0,0.2702524
0,0.26934963
0,0.36315963
0,0.31824622
0,0.29239458
0,0.28249842
0,0.27928418
0,0.3532134
0,0.31230193
0,0.29048696
0,0.28433806
0,0.27496788
0,0.26921758
0,0.26508737
0,0.26239508
0,0.26153246
0,0.2626908
0,0.26167163
0,0.2586385
0,0.25873324
0,0.25579646
0,0.25846872
0,0.2541735
0,0.2517652
0,0.25442865
0,0.2605727
0,0.2742595
0,0.27203786
0,0.26854843
0,0.26256523
0,0.26574606
0,0.32768568
0,0.28658783
0,0.27867553
0,0.2825165
0,0.27170125
0,0.2640292
0,0.2612043
0,0.2647056
0,0.25857285
0,0.26380152
0,0.26321656
0,0.25589886
0,0.25394195
0,0.25620487
0,0.27173874
0,0.2585203
0,0.25524077
0,0.25238818
0,0.25112024
0,0.2725862
0,0.2657345
0,0.257565
0,0.26324975
0,0.25779435
0,0.27639797
0,0.27678874
0,0.27559167
0,0.26953238
0,0.27637973
0,0.30180982
0,0.28148603
0,0.27574098
0,0.27831084
0,0.2717091
0,0.30712292
0,0.28067496
0,0.273483
0,0.27085373
0,0.2642853
0,0.26228935
0,0.2604784
0,0.25873223
0,0.2686407
0,0.26024163
0,0.2555832
0,0.25482395
0,0.25633156
0,0.2520249
0,0.2691652
0,0.2787497
0,0.27507734
0,0.26644555
0,0.26387092
0,0.26737338
0,0.2630092
0,0.26012537
0,0.2618007
0,0.25017637
0,0.25285113
0,0.25553858
0,0.25992638
0,0.25791317
0,0.25970656
0,0.26029772
0,0.2568836
0,0.25530028
0,0.25070673
0,0.2469065
0,0.24436304
0,0.24368024
0,0.24124597
0,0.24777596
0,0.24561578
0,0.2504058
0,0.24808633
0,0.26778135
0,0.25116086
0,0.24881837
0,0.25846666
0,0.24500799
0,0.36769155
0,0.31561717
0,0.29631892
0,0.29625165
0,0.29162472
0,0.2881992
0,0.29334027
0,0.28335717
0,0.3343612
0,0.30595636
0,0.300119
0,0.28955302
0,0.28689712
0,0.28823307
0,0.28480545
0,0.2814539
0,0.28293452
0,0.27711618
0,0.2811226
0,0.2756273
0,0.2670121
0,0.26487494
0,0.25981352
0,0.26049823
0,0.26255494
0,0.25990397
0,0.2632934
0,0.2805371
0,0.27604076
0,0.287428
0,0.280485
0,0.2922183
0,0.33557153
0,0.3012168
0,0.28942865
0,0.2842995
0,0.29092002
0,0.2833511
0,0.27276304
0,0.2811173
0,0.28458834
0,0.2700747
0,0.27692613
0,0.268645
0,0.27424031
0,0.2675802
0,0.32840747
0,0.28262734
0,0.27327198
0,0.27636108
0,0.27864873
0,0.26601267
0,0.27802253
0,0.27969187
0,0.28134185
0,0.275621
0,0.2808389
0,0.27725795
0,0.2756449
0,0.27393997
0,0.2866533
0,0.27695975
0,0.27407816
0,0.27622393
0,0.27861834
0,0.33621496
0,0.29991016
0,0.28734383
0,0.285536
0,0.2773802
0,0.27430117
0,0.2711345
0,0.27806154
0,0.27421537
0,0.26918742
0,0.27010065
0,0.26997396
0,0.27144983
0,0.2655292
0,0.287859
0,0.2800787
0,0.27286682
0,0.26526493
0,0.27409604
0,0.27554807
0,0.26356375
0,0.2703082
0,0.2798352
0,0.30048424
0,0.29417428
0,0.28422388
0,0.278079
0,0.27951467
0,0.27473515
0,0.26758778
0,0.2680779
0,0.26772717
0,0.2778988
0,0.26751897
0,0.2805462
0,0.2713697
0,0.2686358
0,0.27782866
0,0.34814277
0,0.29719064
0,0.28738192
0,0.27399975
0,0.28380367
0,0.28147176
0,0.26848063
0,0.27488738
0,0.27360803
0,0.26502353
0,0.26121795
0,0.26181018
0,0.2593706
0,0.25827637
0,0.27105984
0,0.2690549
0,0.27646315
0,0.2855308
0,0.2833088
0,0.27890676
0,0.28496915
0,0.27751324
0,0.27557072
0,0.27366635
0,0.3111909
0,0.28602982
0,0.2839578
0,0.2687004
0,0.27596536
0,0.27133182
0,0.27427328
0,0.28872123
0,0.27970117
0,0.27150193
0,0.26721
0,0.2740376
0,0.2653034
0,0.2704408
0,0.3083198
0,0.2800438
0,0.2768933
0,0.2685354
0,0.26986438
0,0.26446614
0,0.2617986
0,0.2631521
0,0.26879475
0,0.38472474
0,0.3187866
0,0.2967438
0,0.2898464
0,0.2956838
0,0.28440133
0,0.27452952
0,0.28871194
0,0.28228736
0,0.27575135
0,0.2819927
0,0.2742598
0,0.27182737
0,0.26865053
0,0.2723118
0,0.2677774
0,0.26660457
0,0.26565355
0,0.27312765
0,0.27034396
0,0.27621338
0,0.25920957
0,0.26310763
0,0.27778178
0,0.26629886
0,0.3046174
0,0.2776427
0,0.2670255
0,0.27934483
0,0.26638892
0,0.26424953
0,0.26062876
0,0.2690229
0,0.2733325
0,0.26205435
0,0.25919193
0,0.2812824
0,0.27486852
0,0.28073445
0,0.30457765
0,0.29066247
0,0.28791925
0,0.28059673
0,0.2816939
0,0.35633627
0,0.31277075
0,0.29129282
0,0.28961262
0,0.34707037
0,0.31041968
0,0.2984945
0,0.28217137
0,0.29746345
0,0.28618184
0,0.28579798
0,0.2736215
0,0.27542198
0,0.27393684
0,0.30178896
0,0.28051013
0,0.27853814
0,0.27454662
0,0.27302787
0,0.32727528
0,0.29074845
0,0.2820137
0,0.27754322
0,0.2729281
0,0.2650937
0,0.27946728
0,0.2764998
0,0.27281293
0,0.27492553
0,0.2731483
0,0.27340892
0,0.2716625
0,0.26561335
0,0.27700624
0,0.27286667
0,0.27850947
0,0.27267793
0,0.27573046
0,0.2723478
0,0.26830155
0,0.2669787
0,0.2651533
0,0.26420808
0,0.2619153
0,0.26520598
0,0.26211998
0,0.26055136
0,0.26813287
0,0.27508616
0,0.27536455
0,0.29019687
0,0.28452504
0,0.27874714
0,0.3250216
0,0.29744413
0,0.29622844
0,0.27497536
0,0.26894724
0,0.28827736
0,0.26677784
0,0.278663
0,0.26372313
0,0.27498198
0,0.28194317
0,0.2653981
0,0.26694232
0,0.2653704
0,0.26443776
0,0.28271118
0,0.27223274
0,0.274159
0,0.27512556
0,0.33028626
0,0.2899002
0,0.28458804
0,0.28139338
0,0.27862266
0,0.26831695
0,0.2741007
0,0.27286112
0,0.27066356
0,0.2703586
0,0.26834065
0,0.26696834
0,0.26047018
0,0.26302814
0,0.27803707
0,0.2693685
0,0.27408105
0,0.27333215
0,0.27242413
0,0.32389352
0,0.2944803
0,0.29986537
0,0.29432875
0,0.29660282
0,0.29554433
0,0.28359002
0,0.2824871
0,0.28774297
0,0.28665578
0,0.27733225
0,0.27931294
0,0.28330866
0,0.29022738
0,0.2919865
0,0.27984408
0,0.29186445
0,0.27143282
0,0.27842844
0,0.3286804
0,0.29265687
0,0.28791258
0,0.2853545
0,0.2744695
0,0.33645874
0,0.30304602
0,0.28381675
0,0.29781225
0,0.27811927
0,0.26947483
0,0.27251038
0,0.2776608
0,0.26448154
0,0.27040026
0,0.26157242
0,0.2771184
0,0.26182985
0,0.28026047
0,0.3091968
0,0.2989139
0,0.27420804
0,0.28118223
0,0.28107587
0,0.35141808
0,0.31274432
0,0.29412693
0,0.29160085
0,0.30302748
0,0.31723484
0,0.29709697
0,0.28939766
0,0.28388563
0,0.2816426
0,0.2808748
0,0.27775028
0,0.28563032
0,0.27768394
0,0.27847597
0,0.2769699
0,0.27872786
0,0.27549267
0,0.27270555
0,0.3226923
0,0.29457867
0,0.29265836
0,0.28365427
0,0.29910317
0,0.28076154
0,0.2752629
0,0.2733552
0,0.26943976
0,0.28118968
0,0.27604076
0,0.27986416
0,0.27492315
0,0.2775195
0,0.27323207
0,0.27204183
0,0.27886522
0,0.2863886
0,0.27049738
0,0.28031135
0,0.288619
0,0.2764423
0,0.2769815
0,0.33007357
0,0.29176608
0,0.29259455
0,0.2880823
0,0.29384744
0,0.2780094
0,0.28076684
0,0.27251303
0,0.27997175
0,0.29050344
0,0.2733364
0,0.26823664
0,0.2675124
0,0.27784282
0,0.32328713
0,0.29044637
0,0.292919
0,0.2822098
0,0.27864635
0,0.27811497
0,0.26600635
0,0.26902974
0,0.27607325
0,0.27811614
0,0.27112958
0,0.27063137
0,0.27493596
0,0.275422
0,0.28171223
0,0.27146757
0,0.2761797
0,0.27543956
0,0.2771432
0,0.27489188
0,0.27467752
0,0.27378094
0,0.27241784
0,0.27152464
0,0.32063717
0,0.28872335
0,0.28327143
0,0.27855057
0,0.27998146
0,0.27500984
0,0.27216157
0,0.2682322
0,0.26724455
0,0.26688448
0,0.26517344
0,0.26470476
0,0.26447317
0,0.26331577
0,0.26795602
0,0.26817897
0,0.26894674
0,0.26882145
0,0.28193778
0,0.28827095
0,0.27841857
0,0.28584743
0,0.2798935
0,0.2749607
0,0.35255745
0,0.31074712
0,0.29365796
0,0.28389105
0,0.27355734
0,0.2716876
0,0.28130275
0,0.28234553
0,0.2712374
0,0.3301198
0,0.28962752
0,0.29269043
0,0.27725565
0,0.26583105
0,0.27337718
0,0.2735745
0,0.2739006
0,0.28207228
0,0.27739125
0,0.2686156
0,0.26342392
0,0.27046958
0,0.27717483
0,0.35435766
0,0.31124458
0,0.30100533
0,0.2881785
0,0.29034
0,0.29772386
0,0.2906989
0,0.28816953
0,0.29000068
0,0.27878332
0,0.28602996
0,0.28152093
0,0.28571758
0,0.28926444
0,0.2856552
0,0.2920805
0,0.2832402
0,0.27943847
0,0.28287533
0,0.3369799
0,0.30365548
0,0.28946212
0,0.28371674
0,0.2786887
0,0.27512062
0,0.28513455
0,0.2835347
0,0.2745498
0,0.3142719
0,0.28849807
0,0.2798471
0,0.27426797
0,0.27449247
0,0.27002108
0,0.2725602
0,0.28135663
0,0.29237932
0,0.28811947
0,0.29025772
0,0.2753174
0,0.2747007
0,0.2775243
0,0.26797715
0,0.26678503
0,0.2748521
0,0.27215144
0,0.28028435
0,0.269557
0,0.27726436
0,0.27821448
0,0.28329074
0,0.2812527
0,0.27220038
0,0.28573918
0,0.281397
0,0.29592696
0,0.30999833
0,0.32654756
0,0.28853306
0,0.27825096
0,0.2739471
0,0.2837186
0,0.26771235
0,0.27119762
0,0.27403513
0,0.26299208
0,0.26813897
0,0.27497226
0,0.27754775
0,0.27066278
0,0.27695775
0,0.27786487
0,0.27898604
0,0.27925104
0,0.27914846
0,0.281708
0,0.2809871
0,0.29462674
0,0.28437886
0,0.28176454
0,0.27852398
0,0.33258775
0,0.2973151
0,0.2898457
0,0.2829199
0,0.28864413
0,0.28372794
0,0.28196776
0,0.27731055
0,0.27843946
0,0.27342907
0,0.2755238
0,0.2713552
0,0.2698848
0,0.26827857
0,0.34406528
0,0.29801065
0,0.28941688
0,0.27926642
0,0.2733211
0,0.27094415
0,0.26733345
0,0.28784117
0,0.28993884
0,0.28285536
0,0.28036088
0,0.29488495
0,0.28207228
0,0.27315044
0,0.32274887
0,0.28456444
0,0.28057322
0,0.2852545
0,0.27529362
0,0.27763128
0,0.27210915
0,0.28556192
0,0.27063015
0,0.27525508
0,0.27616894
0,0.26779616
0,0.2738236
0,0.2738871
0,0.26343116
0,0.2706975
0,0.28225207
0,0.2882651
0,0.28928143
0,0.27226013
0,0.26576373
0,0.27037007
0,0.26998335
0,0.27267614
0,0.28349838
0,0.28933796
0,0.2915096
0,0.29394323
0,0.28876814
0,0.31058386
0,0.29481268
0,0.29018503
0,0.2710513
0,0.2785636
0,0.32897937
0,0.30559453
0,0.32327864
0,0.30101648
0,0.29335284
0,0.29142925
0,0.29157147
0,0.29207128
0,0.28251293
0,0.27526623
0,0.2797566
0,0.28981164
0,0.28153706
0,0.27477106
0,0.27212837
0,0.26989943
0,0.26810834
0,0.26904297
0,0.27159402
0,0.28272277
0,0.27675897
0,0.27030382
0,0.27615607
0,0.2739351
0,0.30598873
0,0.29420772
0,0.29642218
0,0.28596103
0,0.2885729
0,0.36067152
0,0.3017777
0,0.30129197
0,0.29960254
0,0.2908166
0,0.29405013
0,0.30085886
0,0.2964977
0,0.28142267
0,0.2813344
0,0.2818618
0,0.2733457
0,0.27021968
0,0.2774059
0,0.2663177
0,0.26555765
0,0.27282748
0,0.26574188
0,0.2709312
0,0.2645924
0,0.27877307
0,0.2748908
0,0.2659472
0,0.29974043
0,0.29243004
0,0.27359733
0,0.28758457
0,0.27017197
0,0.2658722
0,0.28392425
0,0.2788919
0,0.27556425
0,0.2869617
0,0.29279292
0,0.33075693
0,0.30177087
0,0.29615423
0,0.29096138
0,0.28917864
0,0.28588262
0,0.27778906
0,0.27928904
0,0.27929586
0,0.28166914
0,0.28492823
0,0.28097448
0,0.28553802
0,0.28201252
0,0.27848947
0,0.27677137
0,0.27528554
0,0.27476946
0,0.27332857
0,0.29389134
0,0.2785049
0,0.29576895
0,0.28063774
0,0.27946502
0,0.34087232
0,0.29730272
0,0.28806362
0,0.28038645
0,0.2806292
0,0.2736244
0,0.27160266
0,0.26909152
0,0.26782915
0,0.2663749
0,0.2688893
0,0.26529902
0,0.2784866
0,0.2735895
0,0.28217667
0,0.28380466
0,0.2772204
0,0.2867713
0,0.27591297
0,0.27308765
0,0.26451
0,0.2671398
0,0.27510056
0,0.26791096
0,0.27596167
0,0.26381263
0,0.26696733
0,0.2677407
0,0.28585666
0,0.2777788
0,0.27595887
0,0.2697822
0,0.2812339
0,0.27607676
0,0.26562932
0,0.27150026
0,0.28269053
0,0.27697456
0,0.2760236
0,0.2742103
0,0.28504848
0,0.2776475
0,0.27947298
0,0.39511994
0,0.32703012
0,0.31092486
0,0.29793042
0,0.2916926
0,0.31034777
0,0.29276422
0,0.28329343
0,0.28708592
0,0.2811176
0,0.30175275
0,0.27945086
0,0.27523854
0,0.27577877
0,0.26948217
0,0.26756224
0,0.2654421
0,0.27348468
0,0.27325997
0,0.27619642
0,0.27643886
0,0.27333954
0,0.27129352
0,0.2653834
0,0.26980412
0,0.26717547
0,0.2837498
0,0.28384274
0,0.28631708
0,0.27930936
0,0.2804968
0,0.28686923
0,0.2975689
0,0.2936575
0,0.2840892
0,0.27861872
0,0.27556896
0,0.27482593
0,0.27219284
0,0.2725582
0,0.27797124
0,0.2719581
0,0.2701589
0,0.2683691
0,0.27712175
0,0.2693502
0,0.26613158
0,0.2649019
0,0.26710543
0,0.30879822
0,0.2738737
0,0.27187955
0,0.26860106
0,0.26362967
0,0.31879708
0,0.2801928
0,0.27051368
0,0.26561794
0,0.26161474
0,0.25336495
0,0.2697376
0,0.266973
0,0.27448618
0,0.27691942
0,0.28355187
0,0.28125396
0,0.28114012
0,0.26530674
0,0.27519098
0,0.2680027
0,0.27430815
0,0.27038875
0,0.27413985
0,0.2844006
0,0.27438554
0,0.27634177
0,0.28634226
0,0.28004476
0,0.29277945
0,0.28540325
0,0.27374536
0,0.27481574
0,0.27447736
0,0.27258357
0,0.27221185
0,0.269983
0,0.27094898
0,0.26887095
0,0.26705948
0,0.2594962
0,0.26755565
0,0.25964406
0,0.28147408
0,0.31636658
0,0.28390527
0,0.29267582
0,0.2826852
0,0.27761564
0,0.27561677
0,0.27233413
0,0.2727408
0,0.27889666
0,0.28371593
0,0.28389373
0,0.27962065
0,0.2735315
0,0.26485786
0,0.3133822
0,0.28127262
0,0.2842906
0,0.27447006
0,0.2703525
0,0.26594898
0,0.2646166
0,0.25674626
0,0.27432775
0,0.27702373
0,0.265911
0,0.27068287
0,0.2621981
0,0.2588618
0,0.2651595
0,0.2673753
0,0.2750315
0,0.2636644
0,0.27494577
0,0.27811074
0,0.28534514
0,0.28233898
0,0.26527956
0,0.280704
0,0.32758877
0,0.29659623
0,0.28842852
0,0.27486992
0,0.27981466
0,0.3513955
0,0.30677298
0,0.27916726
0,0.26649317
0,0.29318988
0,0.26477385
0,0.282482
0,0.28119487
0,0.27631566
0,0.27480587
0,0.27347803
0,0.27120462
0,0.27181703
0,0.27604505
0,0.27166626
0,0.2735208
0,0.27044058
0,0.28320247
0,0.27224454
0,0.26946837
0,0.26179847
0,0.26769507
0,0.26790988
0,0.26931104
0,0.28565344
0,0.291498
0,0.29632792
0,0.27827996
0,0.27399674
0,0.30317658
0,0.2814244
0,0.27457875
0,0.27184328
0,0.27743036
0,0.33698878
0,0.29105377
0,0.29922798
0,0.28433618
0,0.2990332
0,0.27268228
0,0.27559406
0,0.26854262
0,0.27761048
0,0.27521676
0,0.27717882
0,0.26548672
0,0.26163727
0,0.25876507
0,0.26483262
0,0.30713746
0,0.29361507
0,0.45068526
0,0.35394028
0,0.3682294
0,0.32006496
0,0.30892274
0,0.30263275
0,0.29669762
0,0.34295
0,0.31617612
0,0.30332428
0,0.29788494
0,0.28563032
0,0.27741653
0,0.2822739
0,0.27262628
0,0.29851705
0,0.27904433
0,0.2743185
0,0.27083972
0,0.25943238
0,0.25380838
0,0.2472074
0,0.24241398
0,0.250284
0,0.24693686
0,0.25302422
0,0.27287686
0,0.26486427
0,0.26740146
0,0.26783064
0,0.27570403
0,0.33740023
0,0.29536843
0,0.2795351
0,0.28072247
0,0.27769348
0,0.34557593
0,0.3114378
0,0.28978643
0,0.27424166
0,0.28462765
0,0.28765476
0,0.26819485
0,0.28537622
0,0.2703489
0,0.28047287
0,0.27104014
0,0.26654795
0,0.27422783
0,0.27094364
0,0.2779674
0,0.33065858
0,0.29878968
0,0.29320362
0,0.278955
0,0.27253246
0,0.2681018
0,0.26803938
0,0.27236214
0,0.26493138
0,0.27539372
0,0.26639253
0,0.28303108
0,0.26789814
0,0.26287684
0,0.2598851
0,0.25673726
0,0.24924394
0,0.25094602
0,0.2595162
0,0.31420255
0,0.28791574
0,0.27926257
0,0.3049403
0,0.29715797
0,0.29671514
0,0.29601568
0,0.30672756
0,0.29765937
0,0.28696945
0,0.28667358
0,0.2881982
0,0.27797955
0,0.27375847
0,0.27050018
0,0.25700945
0,0.27071658
0,0.28440303
0,0.2676178
0,0.31014624
0,0.28368986
0,0.28094926
0,0.2941679
0,0.28596357
0,0.27842385
0,0.26840898
0,0.27195743
0,0.27221963
0,0.3182792
0,0.2928238
0,0.29579
0,0.28365895
0,0.28672293
0,0.27265173
0,0.27346697
0,0.28068224
0,0.2818587
0,0.28467214
0,0.29078546
0,0.27809307
0,0.27331918
0,0.27275795
0,0.26899412
0,0.26786268
0,0.26430884
0,0.2669507
0,0.26632252
0,0.2698528
0,0.27468932
0,0.27784798
0,0.27962348
0,0.2789084
0,0.32957718
0,0.29834968
0,0.29117057
0,0.2882924
0,0.2849364
0,0.28245345
0,0.27657852
0,0.26268977
0,0.26825055
0,0.2699425
0,0.27095872
0,0.27304357
0,0.25796884
0,0.26990402
0,0.26029992
0,0.25618762
0,0.26756608
0,0.27827543
0,0.27443683
0,0.29857844
0,0.28798175
0,0.27003458
0,0.27915603
0,0.28422612
0,0.36480132
0,0.3189048
0,0.3034229
0,0.30994868
0,0.2920884
0,0.28770763
0,0.27925903
0,0.27440083
0,0.27489662
0,0.27715373
0,0.26931247
0,0.2747907
0,0.27745712
0,0.26989466
0,0.31983364
0,0.28784296
0,0.2909949
0,0.2805569
0,0.28112894
0,0.27835262
0,0.27274337
0,0.27811655
0,0.27253082
0,0.27000412
0,0.26813725
0,0.2666836
0,0.27235293
0,0.28518304
0,0.277421
0,0.274252
0,0.27277952
0,0.2707847
0,0.27863714
0,0.28408182
0,0.2770329
0,0.28712037
0,0.2907547
0,0.28678516
0,0.32009724
0,0.30521274
0,0.2808857
0,0.28921947
0,0.27873385
0,0.3501019
0,0.29669145
0,0.28403935
0,0.28779146
0,0.27594233
0,0.28369445
0,0.26900768
0,0.27475002
0,0.2666395
0,0.28362858
0,0.26836532
0,0.26498368
0,0.2608961
0,0.2662852
0,0.26857153
0,0.26077145
0,0.26848897
0,0.27173805
0,0.274299
0,0.2749931
0,0.2764309
0,0.27442932
0,0.27309793
0,0.27510017
0,0.27068022
0,0.28294963
0,0.27524918
0,0.27061263
0,0.29716453
0,0.2772253
0,0.28649426
0,0.27332044
0,0.27649027
0,0.27794683
0,0.27882975
0,0.28073013
0,0.28167468
0,0.2867364
0,0.28889772
0,0.2740811
0,0.2775076
0,0.27253506
0,0.31667078
0,0.29273394
0,0.28649306
0,0.28387627
0,0.2713723
0,0.2827044
0,0.2766307
0,0.27576897
0,0.27352393
0,0.27273962
0,0.2663636
0,0.26798925
0,0.27315396
0,0.2872142
0,0.27235523
0,0.2718163
0,0.26595116
0,0.2671933
0,0.26096642
0,0.281974
0,0.27623147
0,0.27040035
0,0.27270052
0,0.2713603
0,0.29412675
0,0.28792152
0,0.2784123
0,0.27740136
0,0.274401
0,0.33715582
0,0.29417
0,0.2856407
0,0.287236
0,0.27316454
0,0.33999217
0,0.3060315
0,0.30165923
0,0.2939831
0,0.28544334
0,0.28452212
0,0.28139547
0,0.27072722
0,0.27653912
0,0.26651093
0,0.28187892
0,0.26799786
0,0.26283127
0,0.2591927
0,0.26512885
0,0.27539048
0,0.28734344
0,0.29203948
0,0.29385644
0,0.28483635
0,0.28607708
0,0.27836168
0,0.28201106
0,0.28152075
0,0.37313792
0,0.30874592
0,0.29641393
0,0.30118737
0,0.30646864
0,0.2965897
0,0.2853601
0,0.27888978
0,0.27832797
0,0.2714345
0,0.28151536
0,0.27977747
0,0.27256975
0,0.2725063
0,0.26871893
0,0.26466674
0,0.2643276
0,0.266199
0,0.27029672
0,0.26710838
0,0.26774976
0,0.2668476
0,0.26390094
0,0.26477903
0,0.26254943
0,0.2804261
0,0.28759524
0,0.28689358
0,0.28514475
0,0.2881054
0,0.29279742
0,0.27636102
0,0.2712274
0,0.284109
0,0.2836303
0,0.28423294
0,0.27427858
0,0.28561777
0,0.26940084
0,0.27128232
0,0.26787478
0,0.2652507
0,0.27266127
0,0.26099506
0,0.26457077
0,0.2631607
0,0.26260746
0,0.26114193
0,0.27546185
0,0.25939292
0,0.26150113
0,0.27048922
0,0.27170354
0,0.26407525
0,0.27522108
0,0.26511276
0,0.26186118
0,0.260916
0,0.25785896
0,0.26945564
0,0.25989383
0,0.25632498
0,0.26837495
0,0.25213653
0,0.2622689
0,0.2730344
0,0.28109697
0,0.27672774
0,0.2945626
0,0.30129537
0,0.28447786
0,0.29683006
0,0.30036506
0,0.30566925
0,0.32803443
0,0.2964895
0,0.2913935
0,0.2822015
0,0.27633652
0,0.30619022
0,0.2823354
0,0.27608633
0,0.2756307
0,0.27043065
0,0.32868767
0,0.2879924
0,0.2834504
0,0.2920034
0,0.27600548
0,0.3252529
0,0.28256738
0,0.27187794
0,0.26423153
0,0.28162742
0,0.264215
0,0.26991588
0,0.2637192
0,0.26433954
0,0.2612208
0,0.26386726
0,0.26460502
0,0.27903932
0,0.27876866
0,0.26725045
0,0.27110055
0,0.28276524
0,0.28698787
0,0.28800145
0,0.29290843
0,0.28308648
0,0.282818
0,0.29313317
0,0.2857607
0,0.27078623
0,0.2758065
0,0.2807511
0,0.27861542
0,0.26816523
0,0.27747774
0,0.26556662
0,0.26105928
0,0.2658627
0,0.25845912
0,0.2929367
0,0.27649882
0,0.27159542
0,0.26947382
0,0.27200696
0,0.34632912
0,0.28764418
0,0.27317062
0,0.27167544
0,0.2608092
0,0.26340628
0,0.27089444
0,0.27627972
0,0.27701598
0,0.28056142
0,0.27799314
0,0.2799125
0,0.27335832
0,0.2702048
0,0.27553037
0,0.2772295
0,0.27282426
0,0.28681976
0,0.27814442
0,0.27666292
0,0.29231453
0,0.2719258
0,0.27836245
0,0.2784597
0,0.2935873
0,0.28207508
0,0.27636907
0,0.27763486
0,0.27128282
0,0.26744705
0,0.27283463
0,0.2673621
0,0.26560092
0,0.26388508
0,0.28117043
0,0.2862427
0,0.2741543
0,0.26753458
0,0.2640743
0,0.2841512
0,0.2676587
0,0.26411888
0,0.26391673
0,0.26466423
0,0.30292964
0,0.27865562
0,0.27721694
0,0.28082696
0,0.27395922
0,0.33208758
0,0.30152357
0,0.29759163
0,0.2971121
0,0.2922484
0,0.28628555
0,0.28841683
0,0.28717607
0,0.32597134
0,0.31268883
0,0.2847324
0,0.28405845
0,0.27263084
0,0.26848465
0,0.2729008
0,0.27192816
0,0.27787697
0,0.277287
0,0.27457413
0,0.27306172
0,0.27623364
0,0.27597767
0,0.26563188
0,0.2729111
0,0.27015635
0,0.26823345
0,0.2756592
0,0.27575192
0,0.270991
0,0.26681542
0,0.2795333
0,0.27434492
0,0.2612317
0,0.27713805
0,0.28132656
0,0.28353783
0,0.28203088
0,0.28372908
0,0.28604558
0,0.28166863
0,0.28031296
0,0.27883655
0,0.28248438
0,0.28246832
0,0.27128613
0,0.27673113
0,0.2773823
0,0.27739814
0,0.2765126
0,0.29130062
0,0.28046036
0,0.27399686
0,0.27073723
0,0.2700797
0,0.27202117
0,0.27108595
0,0.266545
0,0.273962
0,0.26609346
0,0.28435346
0,0.2728317
0,0.26783004
0,0.2656661
0,0.27737796
0,0.26633447
0,0.2639272
0,0.26239362
0,0.26584053
0,0.26664448
0,0.26756123
0,0.26676542
0,0.2668572
0,0.26640546
0,0.2761693
0,0.33849445
0,0.2888276
0,0.293048
0,0.2708033
0,0.2696556
0,0.28610614
0,0.2821589
0,0.28043312
0,0.2716262
0,0.28568107
0,0.28004587
0,0.2703618
0,0.26668775
0,0.28459677
0,0.2978562
0,0.3394221
0,0.31180003
0,0.29460925
0,0.29598975
0,0.29061842
0,0.28590992
0,0.27177855
0,0.2812331
0,0.2732196
0,0.28148547
0,0.2753678
0,0.2865978
0,0.27466282
0,0.28679514
0,0.28576884
0,0.2869194
0,0.28008583
0,0.27932054
0,0.2780618
0,0.26343837
0,0.26441473
0,0.26869076
0,0.25529337
0,0.26530123
0,0.27094662
0,0.287981
0,0.27587315
0,0.2595747
0,0.27083966
0,0.274293
0,0.2886317
0,0.28036755
0,0.28363428
0,0.27527118
0,0.26861054
0,0.271764
0,0.27043903
0,0.2716713
0,0.26991156
0,0.28348094
0,0.28789255
0,0.28056332
0,0.26583302
0,0.26974216
0,0.28204724
0,0.28083232
0,0.2836932
0,0.2838698
0,0.27668568
0,0.28862596
0,0.2756683
0,0.26627707
0,0.27387765
0,0.27957755
0,0.33341485
0,0.29883072
0,0.28321362
0,0.26929963
0,0.2798705
0,0.29227373
0,0.28425908
0,0.28907487
0,0.29257968
0,0.30157626
0,0.29231486
0,0.28601843
0,0.28007478
0,0.28149664
0,0.28471193
0,0.30110335
0,0.29040128
0,0.29535046
0,0.2831129
0,0.28238195
0,0.33803958
0,0.3031304
0,0.31131327
0,0.2959668
0,0.29099393
0,0.3372207
0,0.30714273
0,0.29058328
0,0.29338273
0,0.29101667
0,0.34624586
0,0.2866105
0,0.27195612
0,0.29386297
0,0.2804904
0,0.26541632
0,0.25728938
0,0.26713446
0,0.27223107
0,0.27393684
0,0.27081633
0,0.2729653
0,0.27391636
0,0.2935523
0,0.28306678
0,0.28069758
0,0.28287327
0,0.28876206
0,0.27600446
0,0.27788535
0,0.2902199
0,0.28018942
0,0.27798638
0,0.27937847
0,0.29515043
0,0.28048393
0,0.27294225
0,0.41235787
0,0.31633323
0,0.35763082
0,0.3137439
0,0.3059946
0,0.2990812
0,0.29231912
0,0.2907878
0,0.28383118
0,0.27054772
0,0.27965704
0,0.28026757
0,0.266734
0,0.2712226
0,0.26204574
0,0.2677776
0,0.25723204
0,0.25011912
0,0.27563685
0,0.2695601
0,0.2804546
0,0.27622804
0,0.27820462
0,0.27865255
0,0.28328803
0,0.2788982
0,0.27872205
0,0.28667822
0,0.28121242
0,0.2762282
0,0.27849445
0,0.31624532
0,0.28854543
0,0.28915218
0,0.29384404
0,0.2923338
0,0.35708243
0,0.31833428
0,0.30372372
0,0.29377738
0,0.27369866
0,0.2765848
0,0.26287326
0,0.25796074
0,0.25374746
0,0.2675348
0,0.26915592
0,0.2698848
0,0.27745467
0,0.27467012
0,0.27331474
0,0.29189166
0,0.27281752
0,0.25886852
0,0.26591307
0,0.2665039
0,0.2661459
0,0.26980552
0,0.26760897
0,0.27058384
0,0.28724876
0,0.27123037
0,0.28736237
0,0.2811394
0,0.27550462
0,0.31596452
0,0.28652394
0,0.28154588
0,0.29481086
0,0.28864065
0,0.32491812
0,0.29720736
0,0.2868093
0,0.27435234
0,0.27388605
0,0.26543102
0,0.2687652
0,0.2831775
0,0.26588178
0,0.28059953
0,0.6475934
0,0.4590438
0,0.3826914
0,0.34856707
0,0.33552292
0,0.32450584
0,0.30252415
0,0.29299694
0,0.2867122
0,0.28392115
0,0.28111246
0,0.2777047
0,0.27728376
0,0.2799318
0,0.28498492
0,0.27210143
0,0.265075
0,0.26463145
0,0.251897
0,0.2500814
0,0.24455132
0,0.23738717
0,0.23957565
0,0.24825422
0,0.24647248
0,0.2538026
0,0.2457467
0,0.27186096
0,0.27027687
0,0.28846875
0,0.2876814
0,0.28606814
0,0.30012846
0,0.28471932
0,0.30998766
0,0.29304752
0,0.28686604
0,0.28310192
0,0.27667958
0,0.33860904
0,0.3314369
0,0.3038149
0,0.29391095
0,0.28204173
0,0.34818375
0,0.31399885
0,0.29225734
0,0.29556623
0,0.28458172
0,0.27460924
0,0.27364776
0,0.27739117
0,0.27351868
0,0.28915918
0,0.28570238
0,0.27053556
0,0.2775149
0,0.26517695
0,0.2878339
0,0.28959414
0,0.28933805
0,0.27665392
0,0.26174507
0,0.26299793
0,0.25659892
0,0.2698266
0,0.2714201
0,0.27081674
0,0.29004878
0,0.28880948
0,0.28966573
0,0.28068003
0,0.28072482
0,0.3290956
0,0.2995165
0,0.2893403
0,0.2726509
0,0.27425545
0,0.34883174
0,0.30721083
0,0.28854746
0,0.28483805
0,0.28396195
0,0.26528272
0,0.26986074
0,0.2698441
0,0.27619705
0,0.27860773
0,0.26699176
0,0.26705113
0,0.2700285
0,0.27308154
0,0.2703796
0,0.27114135
0,0.27344617
0,0.27345532
0,0.28528804
0,0.27508456
0,0.27615607
0,0.27555892
0,0.27390307
0,0.273703
0,0.29688585
0,0.29361516
0,0.28288236
0,0.27893022
0,0.27366307
0,0.33529606
0,0.3056468
0,0.2863504
0,0.2762797
0,0.2659541
0,0.2836106
0,0.2744839
0,0.2769747
0,0.26746348
0,0.26311356
0,0.2781837
0,0.2676071
0,0.26611158
0,0.27335918
0,0.26197687
0,0.27708626
0,0.26350692
0,0.27188239
0,0.2670233
0,0.25933972
0,0.2546052
0,0.25117826
0,0.25471035
0,0.2785488
0,0.27827442
0,0.2844006
0,0.28302112
0,0.5740906
0,0.41543636
0,0.36597806
0,0.32080686
0,0.31800073
0,0.3059004
0,0.2959041
0,0.30281505
0,0.2866437
0,0.2772874
0,0.27638072
0,0.275661
0,0.29027826
0,0.28207666
0,0.27535653
0,0.2684058
0,0.2748653
0,0.3152711
0,0.27663365
0,0.2763577
0,0.2670363
0,0.26211202
0,0.3024153
0,0.26545098
0,0.2682739
0,0.26588845
0,0.26457775
0,0.31152597
0,0.28568828
0,0.2760314
0,0.28294227
0,0.2787652
0,0.3476169
0,0.30698562
0,0.29009047
0,0.28863397
0,0.295179
0,0.27661356
0,0.275202
0,0.26885617
0,0.27854764
0,0.27216378
0,0.26662257
0,0.284645
0,0.27533758
0,0.27292603
0,0.27637032
0,0.27465603
0,0.27353933
0,0.27137512
0,0.26759148
0,0.26681972
0,0.26418233
0,0.26531592
0,0.25943893
0,0.27448806
0,0.26433396
0,0.2715972
0,0.2651189
0,0.28044727
0,0.2742465
0,0.28665894
0,0.28376704
0,0.2866593
0,0.2845014
0,0.27956825
0,0.27996987
0,0.27865735
0,0.27897188
0,0.28401044
0,0.2729271
0,0.3049216
0,0.28596795
0,0.28388926
0,0.28874248
0,0.28503394
0,0.30856836
0,0.29132268
0,0.28708965
0,0.2800335
0,0.28037268
0,0.32860202
0,0.29594037
0,0.28850788
0,0.28724962
0,0.28353772
0,0.35182106
0,0.30816928
0,0.29921943
0,0.2974733
0,0.28504524
0,0.32654828
0,0.2882513
0,0.28566182
0,0.28699782
0,0.2672475
0,0.3494498
0,0.3077968
0,0.29230875
0,0.2756941
0,0.27654627
0,0.32847947
0,0.29342067
0,0.28794658
0,0.28671426
0,0.29366013
0,0.2826153
0,0.28774327
0,0.27855083
0,0.2766782
0,0.282142
0,0.27603757
0,0.2729445
0,0.2711967
0,0.27039802
0,0.278003
0,0.2716801
0,0.2686702
0,0.27631584
0,0.26074412
0,0.26350832
0,0.2626704
0,0.26763135
0,0.27281085
0,0.26524505
0,0.26549584
0,0.2729446
0,0.2622451
0,0.27465245
0,0.26453167
0,0.26349804
0,0.27302215
0,0.27163833
0,0.2748445
0,0.27428105
0,0.29975083
0,0.28387415
0,0.2707095
0,0.2991454
0,0.2945755
0,0.31007075
0,0.28860942
0,0.27990082
0,0.27650487
0,0.2628386
0,0.34493467
0,0.28591478
0,0.28197882
0,0.27836743
0,0.29341856
0,0.28370643
0,0.2769863
0,0.27452216
0,0.25976303
0,0.26753464
0,0.2672259
0,0.26952523
0,0.26074415
0,0.26609105
0,0.2612208
0,0.2615903
0,0.2568873
0,0.25626376
0,0.2635272
0,0.26239008
0,0.26274243
0,0.25948766
0,0.26881868
0,0.27069396
0,0.2609571
0,0.26712078
0,0.2658543
0,0.26148412
0,0.26393336
0,0.25894427
0,0.2610266
0,0.27160373
0,0.26525316
0,0.28250766
0,0.26851836
0,0.2663488
0,0.26901004
0,0.26202592
0,0.2661993
0,0.26349413
0,0.2656602
0,0.26336983
0,0.26689377
0,0.26191887
0,0.25942922
0,0.25874537
0,0.25689134
0,0.25661662
0,0.2570902
0,0.25676697
0,0.25431922
0,0.2644689
0,0.26678
0,0.25779337
0,0.26590788
0,0.27417523
0,0.26393878
0,0.2683393
0,0.27301717
0,0.2830891
0,0.28334612
0,0.26543057
0,0.26815015
0,0.25685868
0,0.26353148
0,0.26744077
0,0.26799336
0,0.26671255
0,0.26307887
0,0.26456892
0,0.2644076
0,0.2674609
0,0.26985034
0,0.26801965
0,0.26562488
0,0.27411327
0,0.2682061
0,0.26468113
0,0.26290447
0,0.2750875
0,0.26728162
0,0.26279488
0,0.26058668
0,0.28215343
0,0.35238504
0,0.30059928
0,0.28414604
0,0.29417735
0,0.28506207
0,0.29175726
0,0.27909723
0,0.2737005
0,0.3013858
0,0.32619753
0,0.31145406
0,0.2965554
0,0.29743704
0,0.2804466
0,0.34603974
0,0.29223675
0,0.27783296
0,0.27233753
0,0.278206
0,0.26769
0,0.26782876
0,0.2675551
0,0.26528683
0,0.30450225
0,0.2961464
0,0.27973995
0,0.27237844
0,0.28492075
0,0.28573582
0,0.2816836
0,0.28140482
0,0.27000037
0,0.26445863
0,0.26143402
0,0.26230186
0,0.2686821
0,0.2705124
0,0.27117723
0,0.2722833
0,0.2717778
0,0.28077352
0,0.28086576
0,0.28670087
0,0.30639905
0,0.28974885
0,0.28532153
0,0.28303108
0,0.28093237
0,0.3258191
0,0.298132
0,0.2996918
0,0.28603926
0,0.2795648
0,0.32013252
0,0.29121962
0,0.28504267
0,0.2764194
0,0.27612633
0,0.3171065
0,0.28284666
0,0.27769962
0,0.2693824
0,0.26693824
0,0.30755687
0,0.280331
0,0.27904895
0,0.26874125
0,0.26386648
0,0.2689482
0,0.26508853
0,0.2681841
0,0.25652078
0,0.2583058
0,0.25835875
0,0.26731655
0,0.261106
0,0.26293173
0,0.261727
0,0.2692158
0,0.26382393
0,0.26123428
0,0.2574404
0,0.26771244
0,0.2645035
0,0.26199374
0,0.26569548
0,0.25802988
0,0.25234553
0,0.24869971
0,0.24657734
0,0.25456047
0,0.24302943
0,0.26667273
0,0.26046476
0,0.26066825
0,0.26454893
0,0.26186952
0,0.2608866
0,0.2604419
0,0.2616123
0,0.26130047
0,0.25068685
0,0.2455811
0,0.2463528
0,0.25209212
0,0.25242186
0,0.25399002
0,0.25368744
0,0.24879844
0,0.25000352
0,0.24923538
0,0.251119
0,0.25089157
0,0.24910939
0,0.2568221
0,0.26255584
0,0.25596017
0,0.26331896
0,0.25866023
0,0.25451982
0,0.2586424
0,0.26093185
0,0.26739615
0,0.26158783
0,0.2538259
0,0.260071
0,0.25100935
0,0.2634011
0,0.26019555
0,0.2657669
0,0.2630872
0,0.26385897
0,0.26725867
0,0.26198083
0,0.26040128
0,0.2686065
0,0.2619229
0,0.26144603
0,0.25624794
0,0.2568938
0,0.25608903
0,0.25788704
0,0.25722578
0,0.25147992
0,0.25194255
0,0.25383157
0,0.25835806
0,0.25364268
0,0.25464064
0,0.25727347
0,0.2624609
0,0.2581263
0,0.25488535
0,0.26224026
0,0.25973138
0,0.26211464
0,0.26265368
0,0.2658391
0,0.25733042
0,0.2652161
0,0.26465186
0,0.2541788
0,0.2532965
0,0.2590348
0,0.25518453
0,0.26175058
0,0.26055878
0,0.26142985
0,0.2563791
0,0.2595096
0,0.2694826
0,0.26293305
0,0.28013644
0,0.26735452
0,0.26461038
0,0.26203462
0,0.2568068
0,0.2616979
0,0.25861824
0,0.2612204
0,0.2638087
0,0.27679926
0,0.27186626
0,0.26043546
0,0.26602253
0,0.25689545
0,0.25710213
0,0.2546221
0,0.25205913
0,0.25366402
0,0.24988009
0,0.2574765
0,0.24948403
0,0.2492914
0,0.25174418
0,0.25288716
0,0.24716102
0,0.24632101
0,0.26261303
0,0.26496524
0,0.26592264
0,0.26243514
0,0.27643475
0,0.281242
0,0.26530415
0,0.27090836
0,0.2677765
0,0.27183357
0,0.26757917
0,0.26325086
0,0.26149452
0,0.26072124
0,0.26084632
0,0.25615144
0,0.26157975
0,0.26383686
0,0.26135916
0,0.26008743
0,0.26311943
0,0.2541988
0,0.25711972
0,0.27677462
0,0.26134738
0,0.25861055
0,0.25756022
0,0.25742012
0,0.25288498
0,0.26056704
0,0.2549391
0,0.24725783
0,0.24868947
0,0.2561438
0,0.25399435
0,0.26574373
0,0.2853327
0,0.26703233
0,0.27433616
0,0.27444243
0,0.26805365
0,0.26691064
0,0.26358524
0,0.2645256
0,0.2697773
0,0.26186642
0,0.26143336
0,0.24898359
0,0.25837964
0,0.25519383
0,0.26005322
0,0.25522217
0,0.25645795
0,0.25494957
0,0.25585663
0,0.25634247
0,0.2718537
0,0.2596331
0,0.25595212
0,0.25518763
0,0.25344026
0,0.26485944
0,0.25706205
0,0.25305608
0,0.2627632
0,0.26087424
0,0.25009218
0,0.26112828
0,0.25693542
0,0.2594648
0,0.26265663
0,0.25391352
0,0.26755908
0,0.2640431
0,0.2543054
0,0.2462163
0,0.2459634
0,0.25495335
0,0.2592407
0,0.27465835
0,0.2769921
0,0.2704114
0,0.26892447
0,0.26727667
0,0.26987904
0,0.2649503
0,0.27100283
0,0.26540133
0,0.26225954
0,0.2586265
0,0.25841
0,0.25612855
0,0.2714465
0,0.25698972
0,0.25815848
0,0.25237948
0,0.252079
0,0.25288475
0,0.25985536
0,0.25042543
0,0.26383355
0,0.25561395
0,0.25158638
0,0.25204548
0,0.253606
0,0.24880672
0,0.24776012
0,0.25661305
0,0.2517435
0,0.25820065
0,0.25370067
0,0.25821465
0,0.25693345
0,0.25903356
0,0.24910223
0,0.25723657
0,0.25937557
0,0.26258793
0,0.26163435
0,0.26335937
0,0.28465977
0,0.26999736
0,0.27910122
0,0.27099916
0,0.27678522
0,0.26597393
0,0.26854515
0,0.26747647
0,0.27450007
0,0.26600766
0,0.2648663
0,0.26126143
0,0.2555842
0,0.2564432
0,0.24774075
0,0.25098735
0,0.26073956
0,0.2548625
0,0.25420168
0,0.25422123
0,0.25722858
0,0.26097172
0,0.25777015
0,0.27568507
0,0.2592107
0,0.2624168
0,0.2767418
0,0.29333055
0,0.29757532
0,0.27374378
0,0.27435884
0,0.27161193
0,0.2660202
0,0.26587257
0,0.2829272
0,0.28045008
0,0.2725481
0,0.2729979
0,0.26905957
0,0.26471093
0,0.26465005
0,0.27776197
0,0.26812035
0,0.25903565
0,0.26212698
0,0.26160043
0,0.26061422
0,0.25987777
0,0.25505245
0,0.2547613
0,0.2472923
0,0.24732536
0,0.2507599
0,0.24967971
0,0.24871789
0,0.25198683
0,0.25003865
0,0.2483668
0,0.24755844
0,0.24413443
0,0.25026342
0,0.24798177
0,0.2579325
0,0.25444698
0,0.25135535
0,0.24834894
0,0.2557041
0,0.24938495
0,0.24737592
0,0.2544727
0,0.2518925
0,0.2419741
0,0.25260985
0,0.25436398
0,0.259801
0,0.2561407
0,0.25630376
0,0.2544097
0,0.25724483
0,0.26273477
0,0.27099314
0,0.26407903
0,0.27221626
0,0.26337555
0,0.268191
0,0.26164436
0,0.26146707
0,0.2696724
0,0.26200792
0,0.2578232
0,0.26716387
0,0.26069787
0,0.26915684
0,0.2645196
0,0.27381378
0,0.2630787
0,0.25742772
0,0.26656
0,0.26409954
0,0.25738075
0,0.24987121
0,0.24555743
0,0.25849366
0,0.24752879
0,0.24833271
0,0.24942511
0,0.25667527
0,0.25383627
0,0.24855867
0,0.24647833
0,0.25342196
0,0.24689586
0,0.24121135
0,0.25395107
0,0.25396532
0,0.25844333
0,0.2694878
0,0.26581377
0,0.270188
0,0.27852413
0,0.2673043
0,0.2618987
0,0.26150814
0,0.26735967
0,0.2623517
0,0.2610256
0,0.27075428
0,0.27332819
0,0.2649202
0,0.2705993
0,0.26323032
0,0.25909775
0,0.25783548
0,0.26190078
0,0.2536817
0,0.26092345
0,0.25407305
0,0.25224066
0,0.2544368
0,0.2576662
0,0.2563513
0,0.26293698
0,0.25546476
0,0.2635284
0,0.26057443
0,0.28580785
0,0.2690921
0,0.26008886
0,0.25187972
0,0.24894477
0,0.24842735
0,0.25738814
0,0.24945915
0,0.25481957
0,0.2577264
0,0.2545432
0,0.25693268
0,0.26954666
0,0.27742127
0,0.27800128
0,0.26499555
0,0.2644744
0,0.26810467
0,0.27266422
0,0.26374784
0,0.26670513
0,0.26379263
0,0.25957802
0,0.2569405
0,0.26288664
0,0.26216352
0,0.25598648
0,0.25436795
0,0.26824605
0,0.2594821
0,0.2556481
0,0.2502964
0,0.25625783
0,0.26298738
0,0.2666415
0,0.26487195
0,0.26543173
0,0.2646761
0,0.26333264
0,0.25538963
0,0.253111
0,0.25505346
0,0.2505544
0,0.24394675
0,0.24425377
0,0.24778692
0,0.24401301
0,0.24257638
0,0.24139503
0,0.24747004
0,0.26355684
0,0.25648445
0,0.2696574
0,0.275117
0,0.27772406
0,0.2795462
0,0.27151233
0,0.26321554
0,0.25904688
0,0.2604194
0,0.25618592
0,0.25776863
0,0.2577761
0,0.25534746
0,0.25297868
0,0.2495469
0,0.247468
0,0.25075957
0,0.25142455
0,0.24768576
0,0.25832462
0,0.25329491
0,0.2725287
0,0.254013
0,0.2515624
0,0.2531847
0,0.25108236
0,0.25532192
0,0.25037965
0,0.24387209
0,0.24485643
0,0.24184576
0,0.251812
0,0.26671118
0,0.27216023
0,0.27156186
0,0.27212903
0,0.26974165
0,0.2765186
0,0.25811464
0,0.2625563
0,0.2671988
0,0.2640252
0,0.26280847
0,0.26643032
0,0.27874526
0,0.27278444
0,0.2660358
0,0.2684638
0,0.26786733
0,0.26219597
0,0.2580172
0,0.2646064
0,0.25770637
0,0.2563642
0,0.2560392
0,0.2567973
0,0.2542332
0,0.25291374
0,0.25393265
0,0.2552482
0,0.24833514
0,0.25094104
0,0.24363379
0,0.2454267
0,0.24423888
0,0.24473745
0,0.24158353
0,0.23804213
0,0.2593986
0,0.26889086
0,0.2746002
0,0.27778158
0,0.25797305
0,0.2721394
0,0.27214694
0,0.27168015
0,0.27729693
0,0.2787587
0,0.2750069
0,0.25612208
0,0.26355687
0,0.2743027
0,0.2631403
0,0.26276192
0,0.25287953
0,0.2513327
0,0.25328067
0,0.25385374
0,0.25351632
0,0.25073218
0,0.25677428
0,0.27380395
0,0.26028386
0,0.26167357
0,0.2574789
0,0.2530188
0,0.25037894
0,0.25144294
0,0.24614026
0,0.25645703
0,0.24807017
0,0.2442857
0,0.25073496
0,0.24763742
0,0.260851
0,0.25562793
0,0.2780372
0,0.2793259
0,0.27895766
0,0.2714764
0,0.2703174
0,0.2738178
0,0.27213404
0,0.26916867
0,0.2710051
0,0.27464047
0,0.2655433
0,0.26475582
0,0.2655987
0,0.2612382
0,0.26155102
0,0.26556426
0,0.25172603
0,0.2564403
0,0.26775727
0,0.25557005
0,0.2621447
0,0.2708514
0,0.2837153
0,0.29581484
0,0.28092855
0,0.2786659
0,0.26917607
0,0.3164069
0,0.28821042
0,0.27907056
0,0.27829108
0,0.26703423
0,0.27797517
0,0.2717965
0,0.2678286
0,0.26484808
0,0.25382707
0,0.25955868
0,0.25858197
0,0.25384212
0,0.2491203
0,0.25317857
0,0.27550277
0,0.27233148
0,0.2719838
0,0.27575707
0,0.2789101
0,0.27762404
0,0.28601852
0,0.28034016
0,0.2695294
0,0.27374643
0,0.27474627
0,0.27269855
0,0.27285513
0,0.273821
0,0.2713542
0,0.26096112
0,0.26659665
0,0.26770517
0,0.26815653
0,0.27326444
0,0.26862252
0,0.26013097
0,0.27255216
0,0.2664338
0,0.2747651
0,0.26915193
0,0.26584455
0,0.25592893
0,0.2701608
0,0.26205492
0,0.27994046
0,0.2789472
0,0.25849304
0,0.2629909
0,0.25103104
0,0.2501286
0,0.27647635
0,0.27892247
0,0.2776181
0,0.2784448
0,0.28203645
0,0.2830498
0,0.2607786
0,0.2962445
0,0.2826425
0,0.27187613
0,0.2745214
0,0.27307472
0,0.27483702
0,0.26757395
0,0.27063477
0,0.2701637
0,0.2706029
0,0.2695065
0,0.27770028
0,0.27271202
0,0.27394664
0,0.27087098
0,0.26863012
0,0.26406386
0,0.26517317
0,0.2583065
0,0.26209617
0,0.26169842
0,0.25459433
0,0.25831082
0,0.25406006
0,0.25880507
0,0.25252196
0,0.2544887
0,0.26810682
0,0.2561808
0,0.25331935
0,0.25064582
0,0.24896218
0,0.2645141
0,0.25876784
0,0.26812124
0,0.27686512
0,0.26377025
0,0.26031947
0,0.28255063
0,0.2697989
0,0.26722726
0,0.2577682
0,0.26742598
0,0.25790313
0,0.26478526
0,0.2688706
0,0.26687005
0,0.26805383
0,0.26541027
0,0.27041495
0,0.2634109
0,0.2667303
0,0.25661808
0,0.2605688
0,0.25623152
0,0.25545436
0,0.25836486
0,0.25608614
0,0.25829363
0,0.25506648
0,0.25852665
0,0.2550039
0,0.25859833
0,0.25707462
0,0.25748363
0,0.25764328
0,0.26317525
0,0.2533488
0,0.26935545
0,0.25479653
0,0.25368425
0,0.2960605
0,0.2739925
0,0.27365443
0,0.29397947
0,0.27705723
0,0.27666554
0,0.26618233
0,0.27142346
0,0.26756158
0,0.270711
0,0.26309612
0,0.25636092
0,0.2588874
0,0.26014116
0,0.26395494
0,0.2576025
0,0.2564796
0,0.2568984
0,0.27133045
0,0.259879
0,0.25822157
0,0.25398865
0,0.2560994
0,0.2563823
0,0.25372124
0,0.25435096
0,0.25223836
0,0.25221252
0,0.251913
0,0.24989842
0,0.24782299
0,0.25005582
0,0.25520545
0,0.26366442
0,0.25379014
0,0.38985637
0,0.3161888
0,0.2930231
0,0.3005126
0,0.27715582
0,0.2747755
0,0.27557778
0,0.29286262
0,0.27847004
0,0.27997547
0,0.2675484
0,0.3030177
0,0.2772891
0,0.26890758
0,0.26685157
0,0.26766542
0,0.26523173
0,0.26096937
0,0.2586619
0,0.25777647
0,0.26537558
0,0.271522
0,0.26684853
0,0.26113585
0,0.2606104
0,0.2693552
0,0.25542083
0,0.2541869
0,0.25548905
0,0.25120103
0,0.24950543
0,0.2591485
0,0.25662637
0,0.25207955
0,0.25589043
0,0.2647968
0,0.2552379
0,0.2524427
0,0.24980953
0,0.26460564
0,0.2500274
0,0.27529246
0,0.27068126
0,0.276913
0,0.27606413
0,0.26541254
0,0.26765037
0,0.26907626
0,0.26627234
0,0.2659808
0,0.3115621
0,0.28965536
0,0.27935117
0,0.27283853
0,0.4573179
0,0.3451664
0,0.31065616
0,0.2987735
0,0.28277162
0,0.27816185
0,0.2747401
0,0.2652137
0,0.2658713
0,0.26623783
0,0.26620394
0,0.26066402
0,0.2645638
0,0.25948986
0,0.25704747
0,0.2606728
0,0.26974156
0,0.27039406
0,0.27390847
0,0.27359155
0,0.27311477
0,0.2771685
0,0.27951828
0,0.27570307
0,0.43649656
0,0.35261822
0,0.29973343
0,0.29154882
0,0.2890765
0,0.28785205
0,0.2827228
0,0.26948798
0,0.27271187
0,0.27558932
0,0.26648346
0,0.26122636
0,0.26131898
0,0.2549395
0,0.26412323
0,0.25507575
0,0.25788552
0,0.26035917
0,0.2647541
0,0.26808372
0,0.26314655
0,0.2605255
0,0.27072254
0,0.26838824
0,0.26443154
0,0.27483132
0,0.26598442
0,0.27375716
0,0.26910666
0,0.2738398
0,0.26553878
0,0.2572982
0,0.25567332
0,0.25692004
0,0.25910527
0,0.3089945
0,0.28852978
0,0.29540038
0,0.28512883
0,0.2841065
0,0.2816967
0,0.27016878
0,0.27075443
0,0.27183086
0,0.2688706
0,0.2599576
0,0.26585016
0,0.26297906
0,0.26356283
0,0.2656539
0,0.25723875
0,0.2576597
0,0.25315168
0,0.2576749
0,0.25869378
0,0.26225233
0,0.25954294
0,0.25906926
0,0.2581774
0,0.25464723
0,0.26126128
0,0.25479788
0,0.25509506
0,0.26461402
0,0.25822175
0,0.35849643
0,0.30288097
0,0.29292613
0,0.28494185
0,0.5554017
0,0.43264014
0,0.37155348
0,0.33153665
0,0.4272533
0,0.3391086
0,0.31741926
0,0.29028395
0,0.2794099
0,0.27093503
0,0.26647192
0,0.26873103
0,0.25668868
0,0.2530985
0,0.24824907
0,0.24619287
0,0.24369901
0,0.22694758
0,0.22404034
0,0.22298326
0,0.22682215
0,0.22808424
0,0.23502448
0,0.24240698
0,0.25348523
0,0.25801677
0,0.2667614
0,0.37606454
0,0.30564645
0,0.3739688
0,0.3187455
0,0.308158
0,0.30035353
0,0.29485637
0,0.28554186
0,0.28698826
0,0.28838125
0,0.32715493
0,0.2892958
0,0.29060373
0,0.27419576
0,0.26930204
0,0.26171005
0,0.26043418
0,0.26791432
0,0.27102697
0,0.2640443
0,0.2700639
0,0.2700194
0,0.26863423
0,0.2771245
0,0.2869814
0,0.27412015
0,0.27875778
0,0.27130732
0,0.27427828
0,0.2758359
0,0.27503875
0,0.2855638
0,0.2770166
0,0.2851975
0,0.31300515
0,0.28883934
0,0.27970156
0,0.28988054
0,0.46193716
0,0.3728884
0,0.32956764
0,0.31446898
0,0.29712954
0,0.28542528
0,0.27984434
0,0.28955045
0,0.31038615
0,0.30214408
0,0.29377964
0,0.27423897
0,0.27583906
0,0.2848009
0,0.2705993
0,0.26772648
0,0.26912308
0,0.27235174
0,0.26644513
0,0.25780904
0,0.26527375
0,0.27790177
0,0.2697591
0,0.2645166
0,0.28493944
0,0.26878515
0,0.27024677
0,0.26926702
0,0.26685667
0,0.27344716
0,0.27854764
0,0.47899696
0,0.3517672
0,0.3144674
0,0.30327865
0,0.35071936
0,0.33773407
0,0.3029238
0,0.2920434
0,0.3104683
0,0.2973489
0,0.28995305
0,0.27851328
0,0.2739315
0,0.27909943
0,0.27926016
0,0.2854931
0,0.28692114
0,0.28873497
0,0.28860715
0,0.28735057
0,0.2814513
0,0.28280452
0,0.27395916
0,0.2793733
0,0.29089788
0,0.2945023
0,0.37757713
0,0.31890348
0,0.39360523
0,0.32027188
0,0.60946
0,0.50283015
0,0.40297237
0,0.33820283
0,0.4510234
0,0.4986614
0,0.40471676
0,0.29974833
0,0.62276244
0,0.45563626
0,0.31841984
0,0.23026726
0,0.19085893
0,0.15519725
0,0.15047982
0,0.14974149
0,0.5095273
0,0.31491175
0,0.22974952
0,0.18718891
0,0.16329618
0,0.15265583
0,0.14261952
0,0.13440563
0,0.13078482
0,0.12751882
0,0.14242145
0,0.13449448
0,0.13671863
0,0.13613509
0,0.14662074
0,0.15978676
0,0.15247005
0,0.28236282
0,0.1957028
0,0.17307068
0,0.19597474
0,0.20690785
0,0.19348761
0,0.1588246
0,0.15890323
0,0.15861526
0,0.1447196
0,0.19867465
0,0.16562895
0,0.15359192
0,0.21760452
0,0.19029722
0,0.17872436
0,0.16825096
0,0.15866283
0,0.152415
0,0.14727241
0,0.14480895
0,0.14763834
0,0.15387422
0,0.15189257
0,0.15711972
0,0.1617891
0,0.17104766
0,0.1756574
0,0.1913383
0,0.20170724
0,0.2489775
0,0.24870741
0,0.25977182
0,0.27320746
0,0.27414915
0,0.3288725
0,0.32679883
0,0.30400947
0,0.29057944
0,0.2854864
0,0.28011322
0,0.41029656
0,0.31837824
0,0.37232786
0,0.3624008
0,0.32510945
0,0.32221058
0,0.3019481
0,0.27468196
0,0.2600658
0,0.25138882
0,0.24399832
0,0.23157287
0,0.22600982
0,0.21585159
0,0.21863328
0,0.21367766
0,0.22075647
0,0.2252785
0,0.23702598
0,0.23618145
0,0.24203065
0,0.24592134
0,0.2579129
0,0.25646004
0,0.26320398
0,0.2589202
0,0.26211277
0,0.26116982
0,0.27490103
0,0.27633426
0,0.27279624
0,0.27385098
0,0.27424765
0,0.27136087
0,0.27256718
0,0.2714926
0,0.27030987
0,0.26576862
0,0.2760622
0,0.27668348
0,0.2717592
0,0.26853028
0,0.27648854
0,0.2716677
0,0.2758967
0,0.2757242
0,0.2730835
0,0.27361807
0,0.2695879
0,0.26509288
0,0.2763702
0,0.265203
0,0.26769274
0,0.2730252
0,0.25961494
0,0.25840813
0,0.26299155
0,0.26759365
0,0.27096057
0,0.26916325
0,0.27334467
0,0.27475765
0,0.26634705
0,0.27228394
0,0.27146608
0,0.27936584
0,0.26859048
0,0.28065202
0,0.27611098
0,0.271358
0,0.2708471
0,0.2620046
0,0.26824987
0,0.27133217
0,0.26761627
0,0.26383206
0,0.26832446
0,0.2665892
0,0.2655757
0,0.26669613
0,0.2678628
0,0.27372587
0,0.26352566
0,0.26804397
0,0.26832986
0,0.2692524
0,0.27199557
0,0.2660649
0,0.26462194
0,0.26013535
0,0.27908832
0,0.27676126
0,0.2778739
0,0.2717913
0,0.26988554
0,0.2875756
0,0.3095682
0,0.31442574
0,0.30407205
0,0.29115227
0,0.27990952
0,0.27685013
0,0.2761597
0,0.27633435
0,0.28377354
0,0.28374115
0,0.27857056
0,0.52696866
0,0.38947144
0,0.5435989
0,0.45869875
0,0.38544288
0,0.34275734
0,0.3106716
0,0.28202778
0,0.26645952
0,0.26932317
0,0.26018095
0,0.25674587
0,0.24161722
0,0.23610952
0,0.23511644
0,0.22783965
0,0.22057025
0,0.21838932
0,0.21112831
0,0.20320165
0,0.19798715
0,0.19879241
0,0.20422757
0,0.21952812
0,0.22372624
0,0.24139324
0,0.24142398
0,0.25157824
0,0.27081752
0,0.26519436
0,0.27614158
0,0.27381
0,0.272175
0,0.43241575
0,0.33263645
0,0.32552978
0,0.30724636
0,0.30714464
0,0.28697214
0,0.28092316
0,0.2742189
0,0.2753489
0,0.2657039
0,0.26828212
0,0.28619134
0,0.28236923
0,0.27114838
0,0.26405758
0,0.27254674
0,0.26823625
0,0.2741303
0,0.2762766
0,0.27607095
0,0.2949028
0,0.28258523
0,0.28843427
0,0.28138632
0,0.2836853
0,0.2813943
0,0.28399876
0,0.27922782
0,0.27548236
0,0.27504387
0,0.28472185
0,0.27944553
0,0.28237018
0,0.2838003
0,0.29046306
0,0.29070646
0,0.27772602
0,0.27274886
0,0.27306914
0,0.28298855
0,0.27650917
0,0.2854046
0,0.28465074
0,0.3242855
0,0.290171
0,0.27819598
0,0.28239354
0,0.28458202
0,0.27630854
0,0.27751237
0,0.2761879
0,0.28015763
0,0.283465
0,0.28994653
0,0.28035593
0,0.28883466
0,0.27165273
0,0.28823695
0,0.2761407
0,0.28025708
0,0.276993
0,0.27603638
0,0.28978446
0,0.2829199
0,0.28294885
0,0.29115352
0,0.28726122
0,0.27690887
0,0.2796259
0,0.2769348
0,0.28599146
0,0.28064188
0,0.27809462
0,0.28963307
0,0.28670013
0,0.27439553
0,0.27166915
0,0.2651614
0,0.26348895
0,0.2620246
0,0.27343333
0,0.27077493
0,0.292624
0,0.28102797
0,0.2811951
0,0.28675902
0,0.27081355
0,0.275068
0,0.2728964
0,0.2742055
0,0.2779028
0,0.26807278
0,0.27162573
0,0.27170494
0,0.26863027
0,0.27197334
0,0.26719496
0,0.26375642
0,0.25927487
0,0.26358098
0,0.26226887
0,0.2655395
0,0.27034628
0,0.26532593
0,0.26236895
0,0.26262486
0,0.26043049
0,0.2655676
0,0.27385247
0,0.26982343
0,0.28784737
0,0.26903024
0,0.30881205
0,0.28025725
0,0.28281352
0,0.27840477
0,0.27327818
0,0.27510083
0,0.2858004
0,0.28839803
0,0.28961208
0,0.27691498
0,0.2800064
0,0.28599456
0,0.28094676
0,0.2753863
0,0.27075073
0,0.28369454
0,0.27203274
0,0.285194
0,0.27298874
0,0.27494538
0,0.28550804
0,0.2765022
0,0.2967227
0,0.28265497
0,0.2743577
0,0.26959577
0,0.26552263
0,0.26829225
0,0.26410007
0,0.26814902
0,0.26336944
0,0.2699796
0,0.27422726
0,0.27198777
0,0.27203655
0,0.27148867
0,0.2729144
0,0.27327895
0,0.27068692
0,0.268683
0,0.26838848
0,0.26969135
0,0.2690107
0,0.27158514
0,0.2745457
0,0.27367646
0,0.28329936
0,0.27507934
0,0.27441096
0,0.27286762
0,0.2833961
0,0.2898711
0,0.28190994
0,0.30036414
0,0.2894645
0,0.27884793
0,0.27770028
0,0.2751361
0,0.27825403
0,0.27674103
0,0.27804887
0,0.2809989
0,0.27929917
0,0.26924792
0,0.27400076
0,0.26769516
0,0.28008106
0,0.26636356
0,0.26849875
0,0.26806447
0,0.426419
0,0.34666115
0,0.32169238
0,0.303365
0,0.303909
0,0.29413345
0,0.2836586
0,0.28567296
0,0.41885886
0,0.46772313
0,0.3654708
0,0.34601948
0,0.3152841
0,0.3065946
0,0.2914963
0,0.28288046
0,0.2792448
0,0.26598045
0,0.26210943
0,0.25928912
0,0.2407196
0,0.23418336
0,0.22735932
0,0.22494994
0,0.30267254
0,0.24581502
0,0.23322296
0,0.2324407
0,0.23908928
0,0.24198914
0,0.2601318
0,0.2548163
0,0.2591106
0,0.27620888
0,0.28311422
0,0.27220663
0,0.27922177
0,0.2801199
0,0.2966175
0,0.289684
0,0.27916506
0,0.27446654
0,0.28271744
0,0.28350234
0,0.2715458
0,0.2757626
0,0.27574044
0,0.2790175
0,0.27981845
0,0.2897229
0,0.2832523
0,0.27791935
0,0.26800194
0,0.26852968
0,0.2666277
0,0.262887
0,0.26486212
0,0.26364687
0,0.26705354
0,0.27601358
0,0.26744324
0,0.27982938
0,0.27233642
0,0.27531588
0,0.27618656
0,0.28127795
0,0.2790715
0,0.285053
0,0.28052378
0,0.28268206
0,0.2825862
0,0.27189872
0,0.2739505
0,0.276065
0,0.27310845
0,0.2603893
0,0.27424547
0,0.50638044
0,0.37108362
0,0.34439662
0,0.31553164
0,0.29863825
0,0.29818332
0,0.2873334
0,0.2775895
0,0.27962294
0,0.27400532
0,0.2728339
0,0.2724629
0,0.27911627
0,0.27445847
0,0.29917145
0,0.31550598
0,0.32349336
0,0.3062457
0,0.2942707
0,0.29404756
0,0.30327994
0,0.2971235
0,0.2848354
0,0.2776884
0,0.26464412
0,0.27306184
0,0.27308902
0,0.27525994
0,0.2782906
0,0.29380044
0,0.30804634
0,0.28383568
0,0.30922696
0,0.46174064
0,0.35938767
0,0.32395133
0,0.3189436
0,0.31151366
0,0.2909127
0,0.29501662
0,0.28625974
0,0.27112174
0,0.28155085
0,0.27172154
0,0.27404034
0,0.27196047
0,0.27486154
0,0.2748825
0,0.27056873
0,0.27264294
0,0.27349755
0,0.2726914
0,0.27995074
0,0.2811075
0,0.27474487
0,0.27529553
0,0.26538953
0,0.26988798
0,0.26656064
0,0.27298197
0,0.2803959
0,0.2744656
0,0.2701723
0,0.27290323
0,0.27304354
0,0.27150223
0,0.28526053
0,0.27319998
0,0.2801366
0,0.27126917
0,0.27027518
0,0.26878116
0,0.2763303
0,0.26922637
0,0.26774898
0,0.29240665
0,0.2682958
0,0.2845377
0,0.27845025
0,0.26614004
0,0.27404726
0,0.26911855
0,0.29289287
0,0.2919865
0,0.29399553
0,0.28757346
0,0.28798026
0,0.2949389
0,0.28840005
0,0.28991404
0,0.28612006
0,0.28109658
0,0.28491017
0,0.2834329
0,0.28132588
0,0.2901494
0,0.27239335
0,0.27112034
0,0.28672752
0,0.27533492
0,0.27311447
0,0.26701725
0,0.27100435
0,0.2748711
0,0.27481526
0,0.26942068
0,0.2667422
0,0.27219892
0,0.26415905
0,0.26770934
0,0.2661587
0,0.2704073
0,0.2646092
0,0.26390082
0,0.26411036
0,0.2680725
0,0.25945988
0,0.2602985
0,0.2556701
0,0.2677947
0,0.26425564
0,0.26498047
0,0.26252463
0,0.27260095
0,0.2786203
0,0.28840047
0,0.27495027
0,0.28467765
0,0.42238775
0,0.33301255
0,0.3161114
0,0.2986121
0,0.29004735
0,0.28814912
0,0.28088403
0,0.27512783
0,0.2846654
0,0.2915567
0,0.28285536
0,0.27080756
0,0.28907263
0,0.27442396
0,0.26887748
0,0.2747937
0,0.27139783
0,0.263684
0,0.2633147
0,0.25780758
0,0.26250666
0,0.2647963
0,0.26286003
0,0.26487526
0,0.26280817
0,0.26733702
0,0.27093074
0,0.26794854
0,0.26335806
0,0.26716295
0,0.49311778
0,0.5939317
0,0.45803818
0,0.39990237
0,0.3489933
0,0.3271056
0,0.3099647
0,0.3009136
0,0.29688868
0,0.28064197
0,0.28236857
0,0.27306905
0,0.2614669
0,0.2551266
0,0.24790795
0,0.23438966
0,0.21966459
0,0.20562291
0,0.19737917
0,0.19456835
0,0.19689538
0,0.20056832
0,0.20734204
0,0.22310096
0,0.24475718
0,0.24852094
0,0.24696156
0,0.24629997
0,0.25070503
0,0.25360003
0,0.26547748
0,0.26720542
0,0.26447275
0,0.2562505
0,0.8514918
0,0.6258347
0,0.5343176
0,0.46837205
0,0.42575878
0,0.394854
0,0.3583814
0,0.34151793
0,0.29945818
0,0.28517318
0,0.2628302
0,0.25355476
0,0.23114349
0,0.22118421
0,0.8512511
0,0.69527674
0,0.5786755
0,0.4484207
0,0.34576637
0,0.2735494
0,0.24002524
0,0.19131528
0,0.15709981
0,0.14365694
0,0.1364003
0,0.13542257
0,0.13241723
0,0.12813614
0,0.12773634
0,0.1306297
0,0.14514631
0,0.14807203
0,0.14471234
0,0.15085053
0,0.15656143
0,0.16500527
0,0.179237
0,0.18831125
0,0.20557946
0,0.22138178
0,0.22947854
0,0.28637332
0,0.27245587
0,0.27166072
0,0.28272057
0,0.2753137
0,0.26939508
0,0.27116492
0,0.2725475
0,0.2668076
0,0.26784176
0,0.26631778
0,0.26609722
0,0.26834702
0,0.27008018
0,0.27340794
0,0.27464202
0,0.27600637
0,0.27143356
0,0.2670787
0,0.26632226
0,0.2722593
0,0.27150288
0,0.26908547
0,0.26205993
0,0.27349657
0,0.2763747
0,0.2781578
0,0.2849411
0,0.2795953
0,0.2770626
0,0.27475226
0,0.26583046
0,0.26634893
0,0.26766813
0,0.27070686
0,0.26130626
0,0.26491827
0,0.26494184
0,0.26486164
0,0.26456073
0,0.26944467
0,0.26890385
0,0.27246276
0,0.26677507
0,0.2737633
0,0.2680068
0,0.27020636
0,0.28432354
0,0.27947792
0,0.2974698
0,0.2948452
0,0.27822655
0,0.28488502
0,0.26551422
0,0.26778042
0,0.26254743
0,0.26093608
0,0.2643619
0,0.26892242
0,0.26607972
0,0.28052157
0,0.26628816
0,0.26296344
0,0.25916266
0,0.2607177
0,0.26590413
0,0.26561475
0,0.27196074
0,0.26521555
0,0.2677219
0,0.26837638
0,0.2756039
0,0.26517442
0,0.8279246
0,0.6186703
0,0.5240091
0,0.44733322
0,0.39279848
0,0.3657222
0,0.33146083
0,0.30659586
0,0.28615823
0,0.27300784
0,0.47405082
0,0.3573157
0,0.3092521
0,0.26116553
0,0.20418236
0,0.17456202
0,0.14982633
0,0.14025505
0,0.1341793
0,0.12901723
0,0.13268545
0,0.13054362
0,0.13717707
0,0.14301808
0,0.1551022
0,0.17067052
0,0.18263958
0,0.20257626
0,0.22182524
0,0.22761695
0,0.2689563
0,0.26750836
0,0.27175277
0,0.26845065
0,0.27811447
0,0.27160883
0,0.26732436
0,0.2607425
0,0.28543547
0,0.26653773
0,0.26983753
0,0.26680118
0,0.2680172
0,0.2691304
0,0.26925468
0,0.27095369
0,0.27953234
0,0.27916873
0,0.28298327
0,0.26688161
0,0.45052132
0,0.35382035
0,0.32059187
0,0.29724175
0,0.28760588
0,0.27662337
0,0.28651837
0,0.27361733
0,0.27193075
0,0.27507773
0,0.27292264
0,0.26589826
0,0.2634551
0,0.26266578
0,0.2686439
0,0.48926458
0,0.35908434
0,0.32437542
0,0.30329314
0,0.29565576
0,0.28688687
0,0.281849
0,0.27663958
0,0.2629545
0,0.26738158
0,0.25849715
0,0.26514393
0,0.25423315
0,0.26342255
0,0.2537681
0,0.26077834
0,0.25957242
0,0.2662499
0,0.276007
0,0.27505243
0,0.26827863
0,0.26816013
0,0.2675848
0,0.27712592
0,0.26560238
0,0.26792294
0,0.2620049
0,0.26367047
0,0.2624945
0,0.25772813
0,0.260179
0,0.27103716
0,0.2575338
0,0.2645116
0,0.26469782
0,0.27274886
0,0.266473
0,0.2650342
0,0.27441072
0,0.26265275
0,0.27249816
0,0.26514134
0,0.38706014
0,0.31301653
0,0.2921259
0,0.2837064
0,0.27307457
0,0.27579468
0,0.27665612
0,0.2781039
0,0.2618267
0,0.26174858
0,0.26835945
0,0.2657489
0,0.25722086
0,0.26388654
0,0.25819272
0,0.27195093
0,0.27881208
0,0.27501354
0,0.267544
0,0.2698401
0,0.26677066
0,0.26347503
0,0.26768962
0,0.26381284
0,0.25862935
0,0.26625052
0,0.26509702
0,0.27846763
0,0.28102452
0,0.2704217
0,0.27376923
0,0.4061453
0,0.44108889
0,0.34836543
0,0.3258823
0,0.30571872
0,0.31251588
0,0.28640458
0,0.28941995
0,0.28408715
0,0.2710807
0,0.33347043
0,0.2875603
0,0.27771875
0,0.27132258
0,0.26446232
0,0.27373055
0,0.2693487
0,0.26352197
0,0.26916677
0,0.2721122
0,0.2710313
0,0.2611663
0,0.26278815
0,0.26021096
0,0.25560823
0,0.26596677
0,0.26426074
0,0.26154655
0,0.26196048
0,0.26903763
0,0.26851922
0,0.26714596
0,0.38144737
0,0.3092489
0,0.30034176
0,0.28977042
0,0.27562296
0,0.26683784
0,0.2703554
0,0.2769624
0,0.27069944
0,0.26520792
0,0.27428904
0,0.27533567
0,0.28799087
0,0.28074571
0,0.27579525
0,0.26865312
0,0.26793307
0,0.27716842
0,0.28081182
0,0.27874023
0,0.26695234
0,0.26559886
0,0.26282567
0,0.26689416
0,0.2675289
0,0.26686382
0,0.26130897
0,0.26033002
0,0.26128793
0,0.25877163
0,0.26882812
0,0.25972083
0,0.26081696
0,0.25630957
0,0.25829703
0,0.27761707
0,0.28436685
0,0.29561082
0,0.28634733
0,0.28015095
0,0.27398947
0,0.2664706
0,0.27125975
0,0.27127123
0,0.27576894
0,0.27249515
0,0.28832167
0,0.2699007
0,0.26690984
0,0.28542766
0,0.271085
0,0.27232194
0,0.27185
0,0.2699554
0,0.2616274
0,0.27035373
0,0.26977965
0,0.2675994
0,0.2675194
0,0.2695544
0,0.26666358
0,0.2666231
0,0.25939167
0,0.26909202
0,0.27340606
0,0.34621376
0,0.29819003
0,0.2840009
0,0.54121494
0,0.40495503
0,0.34986562
0,0.34095505
0,0.3129165
0,0.29165187
0,0.28592232
0,0.28229016
0,0.513777
0,0.5097763
0,0.39037496
0,0.34570798
0,0.29592496
0,0.26720127
0,0.23978692
0,0.21601363
0,0.19167615
0,0.17144187
0,0.15791129
0,0.15375803
0,0.15546374
0,0.16316958
0,0.17075795
0,0.17763323
0,0.19217865
0,0.20909461
0,0.22078215
0,0.23036198
0,0.23689474
0,0.24306668
0,0.25867125
0,0.26319122
0,0.27264002
0,0.26065734
0,0.25667065
0,0.25210536
0,0.27014327
0,0.27036086
0,0.2734871
0,0.27087644
0,0.2764036
0,0.26176775
0,0.26586857
0,0.2640267
0,0.27660513
0,0.2700503
0,0.2712413
0,0.2720294
0,0.26813564
0,0.26443136
0,0.26277396
0,0.27344978
0,0.27458325
0,0.2634286
0,0.2701507
0,0.54334545
0,0.40098795
0,0.35313794
0,0.32457674
0,0.31514794
0,0.3178528
0,0.29110906
0,0.28504533
0,0.2811837
0,0.27801347
0,0.28180078
0,0.29350612
0,0.28633913
0,0.28603864
0,0.2851532
0,0.2990075
0,0.5218489
0,0.38695878
0,0.34998906
0,0.3087691
0,0.28707713
0,0.2581517
0,0.23579705
0,0.22139078
0,0.20991722
0,0.20539868
0,0.21168986
0,0.21164936
0,0.24919973
0,0.22800387
0,0.29519773
0,0.29217127
0,0.5282564
0,0.37819195
0,0.30971435
0,0.26602006
0,0.21945831
0,0.19036534
0,0.17370889
0,0.16349009
0,0.15471594
0,0.15635043
0,0.15739718
0,0.16884322
0,0.17083614
0,0.18212692
0,0.24607894
0,0.23337829
0,0.21503852
0,0.20676655
0,0.200028
0,0.19525445
0,0.19538017
0,0.1934014
0,0.19967218
0,0.20653385
0,0.22184804
0,0.22466609
0,0.23615573
0,0.24101888
0,0.26216665
0,0.27287915
0,0.29370043
0,0.2969544
0,0.2879945
0,0.2962778
0,0.29352805
0,0.28628117
0,0.28872064
0,0.28613183
0,0.28639242
0,0.2824383
0,0.28215814
0,0.28537288
0,0.28277028
0,0.2810522
0,0.28025964
0,0.2941176
0,0.29199004
0,0.40332082
0,0.35920057
0,0.3404521
0,0.31277743
0,0.29838473
0,0.28930974
0,0.28425652
0,0.2769103
0,0.28500187
0,0.27275434
0,0.46199664
0,0.3840526
0,0.3342111
0,0.31289852
0,0.30909407
0,0.3005082
0,0.28935826
0,0.28104424
0,0.27468166
0,0.26726672
0,0.25825882
0,0.25775114
0,0.25470108
0,0.24879992
0,0.24155673
0,0.23845017
0,0.23836038
0,0.24228686
0,0.294516
0,0.27044073
0,0.28331658
0,0.2766914
0,0.26969388
0,0.2613374
0,0.26173624
0,0.3346686
0,0.28202105
0,0.27764806
0,0.27391183
0,0.277874
0,0.3042961
0,0.29334542
0,0.28674904
0,0.28705853
0,0.28482434
0,0.29742
0,0.28811938
0,0.2904965
0,0.28687003
0,0.32585114
0,0.29964253
0,0.29586366
0,0.2998989
0,0.28595558
0,0.31486425
0,0.28871924
0,0.27708727
0,0.27116558
0,0.28291616
0,0.28098336
0,0.2764443
0,0.27218607
0,0.27349228
0,0.27640873
0,0.272254
0,0.28256646
0,0.27586934
0,0.2806186
0,0.27594653
0,0.2917615
0,0.28004923
0,0.2845656
0,0.30432734
0,0.29103658
0,0.28187504
0,0.28472105
0,0.29246265
0,0.30190554
0,0.29846653
0,0.29024187
0,0.2915125
0,0.46370855
0,0.381751
0,0.3509702
0,0.32803848
0,0.30538312
0,0.2961121
0,0.28831774
0,0.29186895
0,0.2968107
0,0.40537462
0,0.33398336
0,0.31584793
0,0.29709598
0,0.28541172
0,0.27596772
0,0.2585775
0,0.23873343
0,0.22759019
0,0.21144734
0,0.20071714
0,0.1964953
0,0.19177146
0,0.19644189
0,0.19988605
0,0.20502761
0,0.21291125
0,0.2246665
0,0.2313934
0,0.23975904
0,0.2435633
0,0.27310964
0,0.27488762
0,0.27416384
0,0.27200022
0,0.27785257
0,0.2711056
0,0.28699115
0,0.28282252
0,0.28639343
0,0.2805009
0,0.28822842
0,0.28318322
0,0.29651517
0,0.29358768
0,0.30058795
0,0.2936199
0,0.2931507
0,0.29830965
0,0.29249284
0,0.29283375
0,0.29055518
0,0.28667164
0,0.2861723
0,0.30485016
0,0.30547732
0,0.30153945
0,0.29994515
0,0.29704002
0,0.29265717
0,0.28937632
0,0.29276162
0,0.3025712
0,0.30566168
0,0.29529905
0,0.29288074
0,0.29748228
0,0.2957824
0,0.29147053
0,0.28581864
0,0.2892701
0,0.28722066
0,0.29647523
0,0.29304108
0,0.29003733
0,0.29092377
0,0.2943664
0,0.2939747
0,0.5371263
0,0.41266188
0,0.37480754
0,0.3493788
0,0.3336363
0,0.31434983
0,0.29996365
0,0.29560125
0,0.2827025
0,0.28666905
0,0.2810905
0,0.27736527
0,0.26579234
0,0.2496859
0,0.23446551
0,0.22063525
0,0.20837332
0,0.20820408
0,0.1936934
0,0.18786725
0,0.1822733
0,0.18176731
0,0.18382423
1,0.18425977
1,0.19056977
1,0.19795132
1,0.20255964
1,0.21205604
1,0.2543153
1,0.24244273
1,0.310919
1,0.29097772
1,0.2967623
1,0.29791313
1,0.30320838
1,0.2912363
1,0.29473433
1,0.29638857
0,0.9177071
0,0.7706357
0,0.69450784
0,0.664687
0,0.5984074
0,0.51719534
0,0.44508937
0,0.34285745
0,0.28084087
0,0.2712295
0,0.23636103
0,0.2031837
0,0.18616743
0,0.16651234
0,0.15128006
0,0.1460015
0,0.13920023
0,0.13604428
0,0.13568333
0,0.1296595
0,0.13878122
0,0.13313843
0,0.13249443
0,0.13099822
0,0.12841555
0,0.13303654
0,0.13632098
0,0.14036375
0,0.14959529
0,0.15445925
0,0.29232314
0,0.29463297
0,0.29594606
0,0.28800446
0,0.27880302
0,0.2873384
0,0.28517088
0,0.30314904
0,0.29803136
0,0.30198413
0,0.30392832
0,0.28998426
0,0.29444164
0,0.43076822
0,0.39023438
0,0.3507475
0,0.32297823
0,0.30001888
0,0.2799818
0,0.2736016
0,0.2647701
0,0.24730432
0,0.23169264
0,0.21689051
0,0.21366072
0,0.20583215
0,0.19890134
0,0.19752374
0,0.1953898
0,0.19797292
0,0.19671595
0,0.1945135
0,0.19153754
0,0.19346136
0,0.18962036
0,0.19793919
0,0.2003982
0,0.20169412
0,0.20300809
0,0.21506362
0,0.22543971
0,0.23725985
0,0.24814852
0,0.28928927
0,0.30347532
0,0.29439333
0,0.3102292
0,0.310282
0,0.31420314
0,0.30496395
0,0.30497304
0,0.30520383
0,0.30227017
0,0.29092172
0,0.29700598
0,0.30455244
0,0.29900712
0,0.29600286
0,0.28862473
0,0.3046602
0,0.2992101
0,0.29610047
0,0.29597664
0,0.2954928
0,0.29504114
0,0.29802382
0,0.30720168
0,0.31048936
0,0.28907183
0,0.2905701
0,0.28847402
0,0.28892016
0,0.29120943
0,0.29064834
0,0.28739408
0,0.28914082
0,0.29687566
0,0.3005483
0,0.29894924
0,0.29458174
0,0.2917508
0,0.28993884
0,0.2790974
0,0.2622617
0,0.25109702
0,0.2614516
0,0.2645863
0,0.26151302
0,0.26090625
0,0.25570837
0,0.26303664
0,0.26568684
0,0.26992068
0,0.26710182
0,0.26369038
0,0.25941017
0,0.28664565
0,0.2592115
0,0.25059032
0,0.2423899
0,0.23230971
0,0.2286157
0,0.22530907
0,0.22672334
0,0.22465837
0,0.2172187
0,0.21960755
0,0.22571597
0,0.22070928
0,0.22824566
0,0.22754885
0,0.2179737
0,0.21105771
0,0.192635
0,0.19885705
0,0.19034818
0,0.1925937
0,0.19514322
0,0.19837566
0,0.20115253
0,0.20559011
0,0.20541619
0,0.20641124
0,0.22178526
0,0.2314277
0,0.24178413
0,0.30523086
0,0.27585334
0,0.27100965
0,0.2698326
0,0.26166534
0,0.2560202
0,0.25082004
0,0.2358853
0,0.23716806
0,0.22195727
0,0.21854018
0,0.41793334
0,0.3199943
0,0.4993931
0,0.59735894
0,0.51036304
0,0.42328367
0,0.34420672
0,0.3132228
0,0.25597188
0,0.19003147
0,0.17147548
0,0.15579194
0,0.1512258
0,0.14591527
0,0.13111633
0,0.12938622
0,0.12980494
0,0.13047723
0,0.13298485
0,0.13458388
0,0.13677692
0,0.14491783
0,0.1417709
0,0.13818598
0,0.14363125
0,0.14198935
0,0.14317086
0,0.14596416
0,0.15677826
0,0.15415812
0,0.17206879
0,0.16959542
0,0.20214926
0,0.22245902
0,0.23994727
0,0.24364111
0,0.25808552
0,0.26455593
0,0.27120277
0,0.26697254
0,0.27690214
0,0.27192155
0,0.26433
0,0.2525689
0,0.2460144
0,0.22761154
0,0.224261
0,0.22527151
0,0.22211206
0,0.21817017
0,0.22005177
0,0.21721748
0,0.21877685
0,0.2128595
0,0.21272689
0,0.21447948
0,0.2158124
0,0.21991308
0,0.23043656
0,0.22655168
0,0.23016734
0,0.21833362
0,0.21148686
0,0.20810568
0,0.2079301
0,0.2196
0,0.2088266
0,0.20767368
0,0.263464
0,0.22647439
0,0.2179376
0,0.21058369
0,0.20462224
0,0.19774508
0,0.19764334
0,0.18772243
0,0.18332517
0,0.1960216
0,0.19831422
0,0.19486976
0,0.1937896
0,0.19094345
0,0.18875699
0,0.1884264
0,0.18889031
0,0.19406724
0,0.18717645
0,0.1835258
0,0.18774
0,0.18570687
0,0.18168946
0,0.17945959
0,0.18670562
0,0.18545124
0,0.18324766
0,0.1993313
0,0.19800127
0,0.20060547
0,0.22887087
0,0.23258857
0,0.23774128
0,0.23016454
0,0.22136486
0,0.21807368
0,0.22022589
0,0.21117587
0,0.21156365
0,0.22008637
0,0.22047034
0,0.222846
0,0.21662839
0,0.22581854
0,0.22627012
0,0.22805452
0,0.23786782
0,0.2360647
0,0.23456909
0,0.23519985
0,0.2263031
0,0.24052557
0,0.23712598
0,0.24296613
0,0.24384065
0,0.23965359
0,0.24091306
0,0.2507978
0,0.2453529
0,0.25148764
0,0.2379113
0,0.24216998
0,0.24131253
0,0.23278823
0,0.23865485
0,0.2268184
0,0.21958175
0,0.22006918
0,0.21508189
0,0.20879301
0,0.21178034
0,0.20101449
0,0.19328058
0,0.19449218
0,0.19985263
0,0.19653088
0,0.19636363
0,0.25475183
0,0.263946
0,0.20357992
0,0.20469804
0,0.18505636
0,0.17281927
0,0.17529307
0,0.17303737
0,0.17462346
0,0.1627596
0,0.16851352
0,0.16611321
0,0.17080514
0,0.538321
0,0.40223688
0,0.35762516
0,0.3063057
0,0.25980893
0,0.22363771
0,0.19643496
0,0.16728568
0,0.16495928
0,0.15543233
0,0.14942035
0,0.147159
0,0.14472723
0,0.13403746
0,0.1426244
0,0.13671634
0,0.1385795
0,0.14231247
0,0.14186984
0,0.14323598
0,0.145519
0,0.15187597
0,0.14762701
0,0.1451065
0,0.14632596
0,0.14568928
0,0.1476771
0,0.15167592
0,0.15606447
0,0.167326
0,0.2017653
0,0.18576753
0,0.19138974
0,0.1888162
0,0.19570409
0,0.19634797
0,0.2011943
0,0.1941182
0,0.18808852
0,0.39482608
0,0.298392
0,0.25630078
0,0.39705396
0,0.29976314
0,0.2608737
0,0.2555792
0,0.21114427
0,0.18312167
0,0.1631128
0,0.16176677
0,0.15247934
0,0.14254516
0,0.14087194
0,0.14328742
0,0.14426632
0,0.14183508
0,0.13698238
0,0.13850856
0,0.13987891
0,0.14168571
0,0.14110716
0,0.14169331
0,0.14145891
0,0.14301084
0,0.13793242
0,0.14286853
0,0.14793299
0,0.15296875
0,0.15472052
0,0.1893359
0,0.19201401
0,0.19935407
0,0.23735209
0,0.23679516
0,0.24578859
0,0.25771636
0,0.26344606
0,0.2587111
0,0.241265
0,0.25097296
0,0.24352793
0,0.24515614
0,0.2435819
0,0.24122144
0,0.2514217
0,0.24694245
0,0.23740584
0,0.23424366
0,0.23425487
0,0.24228826
0,0.23459834
0,0.22171044
0,0.2103998
0,0.20274776
0,0.20546228
0,0.20576209
0,0.20197444
0,0.34446228
0,0.25972128
0,0.22811672
0,0.22769019
0,0.20901683
0,0.19736011
0,0.18545929
0,0.18120892
0,0.18463503
0,0.18296863
0,0.16980582
0,0.15811019
0,0.15816954
0,0.16124088
0,0.15130755
0,0.15648004
0,0.15838233
0,0.15483996
0,0.15548529
0,0.15670796
0,0.1596367
0,0.16184375
0,0.15324336
0,0.158512
0,0.16186212
0,0.16695687
0,0.1672881
0,0.16456161
0,0.16880931
0,0.17454784
0,0.19632345
0,0.19967557
0,0.20571731
0,0.2158341
0,0.21237795
0,0.23741083
0,0.22376747
0,0.2281873
0,0.20760109
0,0.20491783
0,0.19861044
0,0.19717972
0,0.19649884
0,0.19578479
0,0.19070493
0,0.19404094
0,0.19057213
0,0.18668072
0,0.1904592
0,0.1902693
0,0.1878638
0,0.18991058
0,0.19480899
0,0.19879964
0,0.19270279
0,0.19372529
0,0.18586889
0,0.19032852
0,0.18682751
0,0.20248012
0,0.19604373
0,0.17792243
0,0.17767887
0,0.17053527
0,0.17699094
0,0.1758319
0,0.17250179
0,0.17317086
0,0.17433387
0,0.17142892
0,0.17383413
0,0.18216082
0,0.17053507
0,0.1614794
0,0.16543682
0,0.16638723
0,0.15900299
0,0.1527134
0,0.1614162
0,0.16590908
0,0.17093696
0,0.17292453
0,0.1794448
0,0.17945486
0,0.17991357
0,0.17628074
0,0.1886943
0,0.19451864
0,0.19677725
0,0.20341533
0,0.20391332
0,0.2141854
0,0.2074807
0,0.1950298
0,0.19802237
0,0.20771565
0,0.2054752
0,0.20752048
0,0.20252365
0,0.2022864
0,0.2034707
0,0.20162956
0,0.20203243
0,0.20130494
0,0.19898258
0,0.19486827
0,0.19551907
0,0.1801729
0,0.18556985
0,0.17673965
0,0.17968838
0,0.18324941
0,0.18232228
0,0.1795151
0,0.18511894
0,0.19192421
0,0.18787262
0,0.18645625
0,0.1871899
0,0.18765916
0,0.19005942
0,0.18443774
0,0.18452173
0,0.18371594
0,0.18132028
0,0.1752836
0,0.1797819
0,0.27739614
0,0.22598049
0,0.28710282
0,0.24728748
0,0.22819377
0,0.19794218
0,0.1702371
0,0.3860521
0,0.3049313
0,0.26779443
0,0.19795498
0,0.17842108
0,0.18316217
0,0.16196927
0,0.15586698
0,0.14255945
0,0.14604461
0,0.1441978
0,0.14752215
0,0.14179638
0,0.14706619
0,0.13779382
0,0.14221282
0,0.13984428
0,0.14504717
0,0.1918584
0,0.16862048
0,0.16354588
0,0.15920928
0,0.15126976
0,0.15566345
0,0.14818716
0,0.1493149
0,0.15140033
0,0.15404877
0,0.15510485
0,0.15635058
0,0.16029756
0,0.16779909
0,0.17042792
0,0.1723173
0,0.17056802
0,0.16995938
0,0.16777812
0,0.17344905
0,0.15808994
0,0.16198896
0,0.16362229
0,0.2408844
0,0.20098275
0,0.18819077
0,0.18168959
0,0.18008001
0,0.16505162
0,0.17035751
0,0.17573047
0,0.17752703
0,0.17591442
0,0.1736825
0,0.1558582
0,0.15814275
0,0.17127064
0,0.17196432
0,0.16791289
0,0.16553254
0,0.16474323
0,0.1609106
0,0.15871155
0,0.16385093
0,0.16037472
0,0.30375305
0,0.24880525
0,0.3506721
0,0.29262224
0,0.24817583
0,0.19028737
0,0.15993455
0,0.16080216
0,0.16285114
0,0.15317981
0,0.1553811
0,0.19493404
0,0.16775435
0,0.15915942
0,0.14916949
0,0.15141119
0,0.14580506
0,0.15160151
0,0.20284176
0,0.18811792
0,0.18109456
0,0.1775104
0,0.16091341
0,0.15615265
0,0.2980169
0,0.24191724
0,0.2029604
0,0.1887191
0,0.17431372
0,0.17248592
0,0.15752146
0,0.15901046
0,0.15789221
0,0.15416619
0,0.14378834
0,0.14660692
0,0.2633376
0,0.21973446
0,0.17452712
0,0.17184775
0,0.15632497
0,0.14562534
0,0.14913394
0,0.147378
0,0.14630911
0,0.15359102
0,0.13847904
0,0.1445681
0,0.1495785
0,0.14879708
0,0.15649426
0,0.1551655
0,0.15749554
0,0.15922485
0,0.16773061
0,0.16941494
0,0.16716382
0,0.16430844
0,0.16206782
0,0.15714386
0,0.15888603
0,0.15319072
0,0.140594
0,0.15195352
0,0.16643512
0,0.16466087
0,0.17641254
0,0.17913552
0,0.177328
0,0.16431376
0,0.14858815
0,0.14844151
0,0.15202068
0,0.15677974
0,0.15672922
0,0.15535216
0,0.14909184
0,0.14887305
0,0.15699601
0,0.14304662
0,0.15895723
0,0.16695607
0,0.17594151
0,0.17621088
0,0.182092
0,0.16864538
0,0.1795906
0,0.16429628
0,0.17019233
0,0.17154114
0,0.17702644
0,0.1763854
0,0.17475769
0,0.16180138
0,0.16941863
0,0.17204078
0,0.17915003
0,0.17939341
0,0.17627041
0,0.16744873
0,0.17697442
0,0.1629923
0,0.17357713
0,0.16887367
0,0.16829795
0,0.17109418
0,0.16639563
0,0.1557499
0,0.16656303
0,0.1516319
0,0.15925674
0,0.1631487
0,0.16518049
0,0.16782014
0,0.16387162
0,0.1660623
0,0.16699238
0,0.15461308
0,0.16006723
0,0.15949005
0,0.16239308
0,0.16403916
0,0.16516572
0,0.16819406
0,0.14783563
0,0.1471643
0,0.16186911
0,0.16856223
0,0.1706036
0,0.17972864
0,0.17677337
0,0.18142948
0,0.19223441
0,0.170122
0,0.17789668
0,0.17976874
0,0.17580028
0,0.15978423
0,0.15591887
0,0.1505564
0,0.20452489
0,0.18224601
0,0.1787889
0,0.17494294
0,0.17077745
0,0.16893817
0,0.19564053
0,0.17985605
0,0.1648097
0,0.16278365
0,0.16167499
0,0.16177998
0,0.22578031
0,0.19328871
0,0.18546699
0,0.17741205
0,0.17022832
0,0.17014138
0,0.16942267
0,0.17133354
0,0.1836771
0,0.17170879
0,0.16411586
0,0.16592072
0,0.1532204
0,0.15345804
0,0.16312745
0,0.16255082
0,0.1616475
0,0.14885566
0,0.15282778
0,0.15835938
0,0.14842258
0,0.15827477
0,0.15512645
0,0.1597121
0,0.15645084
0,0.1577863
0,0.15878408
0,0.15962219
0,0.15598622
0,0.169715
0,0.17244685
0,0.17402658
0,0.18353765
0,0.2174824
0,0.19743372
0,0.19010994
0,0.16435297
0,0.17494605
0,0.1715025
0,0.19432265
0,0.17819989
0,0.17321385
0,0.17178425
0,0.16679908
0,0.15244573
0,0.15709862
0,0.15567826
0,0.14739907
0,0.15450314
0,0.15363513
0,0.15765733
0,0.14343852
0,0.15080255
0,0.15616448
0,0.16112629
0,0.16246141
0,0.1596908
0,0.1601714
0,0.15951753
0,0.15800421
0,0.16087987
0,0.15214244
0,0.15209077
0,0.16064389
0,0.16360964
0,0.1715734
0,0.16997027
0,0.1743129
0,0.34438476
0,0.5384435
0,0.46702206
0,0.4473899
0,0.380121
0,0.32832882
0,0.2868304
0,0.22885184
0,0.20193465
0,0.17913754
0,0.15308191
0,0.1555676
0,0.15214998
0,0.14079162
0,0.14676028
0,0.13833204
0,0.14109373
0,0.15287943
0,0.15217099
0,0.14867353
0,0.14832972
0,0.13860606
0,0.15174256
0,0.1410351
0,0.14958687
0,0.1484068
0,0.15378599
0,0.1369467
0,0.14383014
0,0.1471271
0,0.16562517
0,0.16190156
0,0.17148735
0,0.17895252
0,0.18094012
0,0.18299744
0,0.18207999
0,0.1771666
0,0.18067539
0,0.16532418
0,0.1736977
0,0.17322364
0,0.17346445
0,0.1643066
0,0.15617345
0,0.16299546
0,0.16549626
0,0.15447225
0,0.15222685
0,0.16121893
0,0.17209518
0,0.18543519
0,0.18662032
0,0.18377991
0,0.17837055
0,0.16064805
0,0.1760227
0,0.18156244
0,0.17990161
0,0.1805291
0,0.20241027
0,0.18270418
0,0.16984096
0,0.17773388
0,0.17722653
0,0.18181917
0,0.1789578
0,0.18277049
0,0.1892269
0,0.18680422
0,0.1720435
0,0.17422384
0,0.17064662
0,0.17760411
0,0.25916994
0,0.22757214
0,0.20268743
0,0.19020788
0,0.15703541
0,0.376304
0,0.29111564
0,0.2596203
0,0.2186284
0,0.19778445
0,0.1539001
0,0.16148229
0,0.15199906
0,0.14856173
0,0.14534847
0,0.14697926
0,0.14750898
0,0.1480134
0,0.14759651
0,0.14773159
0,0.14414245
0,0.135672
0,0.14204283
0,0.14600945
0,0.14829136
0,0.1478072
0,0.14730293
0,0.1595325
0,0.14825542
0,0.15397926
0,0.26442802
0,0.23009479
0,0.2260866
0,0.20014407
0,0.16949943
0,0.16805574
0,0.15938447
0,0.17809187
0,0.15423135
0,0.15557873
0,0.1665032
0,0.16577162
0,0.16661607
0,0.15988925
0,0.1468778
0,0.15210453
0,0.27553818
0,0.24374624
0,0.20341429
0,0.198706
0,0.18150268
0,0.16497768
0,0.15411304
0,0.16037661
0,0.1596598
0,0.14777221
0,0.1517109
0,0.1439292
0,0.1474784
0,0.14757714
0,0.41642496
0,0.31682858
0,0.27342665
0,0.2318289
0,0.20509034
0,0.18703514
0,0.15657496
0,0.15656358
0,0.15659386
0,0.15343113
0,0.15469515
0,0.16530578
0,0.1529291
0,0.15256149
0,0.15254986
0,0.14187896
0,0.14949705
0,0.28796205
0,0.21930319
0,0.21501617
0,0.19214986
0,0.17972326
0,0.1703221
0,0.15773906
0,0.16120796
0,0.1593245
0,0.15759192
0,0.15434721
0,0.20585574
0,0.16705744
0,0.17259762
0,0.16058016
0,0.16427313
0,0.16402484
0,0.16459498
0,0.15846828
0,0.14809331
0,0.14938353
0,0.13869528
0,0.13255611
0,0.12900524
0,0.13797362
0,0.20699218
0,0.17586657
0,0.18062858
0,0.1689949
0,0.15366617
0,0.14853339
0,0.15743981
0,0.1650903
0,0.15841097
0,0.15957843
0,0.16262187
0,0.16348025
0,0.16414322
0,0.16833913
0,0.16683647
0,0.14846644
0,0.15771653
0,0.15401357
0,0.15477906
0,0.16307178
0,0.15747517
0,0.14856812
0,0.15645231
0,0.16421112
0,0.23326172
0,0.21527338
0,0.19583648
0,0.18240333
0,0.18188675
0,0.18171632
0,0.17619127
0,0.17334652
0,0.1662028
0,0.16369522
0,0.16062625
0,0.16019937
0,0.15325896
0,0.15797026
0,0.14291129
0,0.14756113
0,0.1514898
0,0.15354516
0,0.1539965
0,0.14176865
0,0.13970485
0,0.14656399
0,0.15089263
0,0.15008926
0,0.15128161
0,0.16000234
0,0.15765512
0,0.16469403
0,0.156538
0,0.16099806
0,0.16876552
0,0.15169264
0,0.16545604
0,0.16758323
0,0.15402482
0,0.1773346
0,0.16306853
0,0.17363185
0,0.16204196
0,0.15984276
0,0.15996699
0,0.1690396
0,0.1804657
0,0.199681
0,0.16996337
0,0.16703719
0,0.18469742
0,0.1941179
0,0.17154701
0,0.18270272
0,0.19361064
0,0.1892864
0,0.17147931
0,0.18236364
0,0.18561986
0,0.18034968
0,0.18468216
0,0.18323067
0,0.18570796
0,0.18115276
0,0.1694062
0,0.17857233
0,0.17644338
0,0.18181427
0,0.15934198
0,0.15225025
0,0.15985826
0,0.15412319
0,0.14623703
0,0.1588211
0,0.15814815
0,0.16336058
0,0.16617471
0,0.16838187
0,0.18258569
0,0.17064926
0,0.17795022
0,0.17999169
0,0.1860326
0,0.18785596
0,0.1975435
0,0.19307955
0,0.17903717
0,0.16903906
0,0.17483376
0,0.17865592
0,0.18154286
0,0.18182938
0,0.18427143
0,0.18266474
0,0.18642415
0,0.17332427
0,0.15723868
0,0.16405295
0,0.16593784
0,0.17257619
0,0.17472655
0,0.17024957
0,0.17225853
0,0.15739225
0,0.16290551
0,0.15426555
0,0.1476749
0,0.15581386
0,0.15795594
0,0.16353817
0,0.16977124
0,0.15788333
0,0.15356548
0,0.15292947
0,0.24024081
0,0.21431907
0,0.17791796
0,0.23772721
0,0.18896429
0,0.17213996
0,0.15972234
0,0.17145792
0,0.17795482
0,0.17872706
0,0.17301975
0,0.19431137
0,0.18503499
0,0.16126241
0,0.17015673
0,0.17071441
0,0.17008841
0,0.17150661
0,0.20013636
0,0.18222116
0,0.16608553
0,0.1553967
0,0.14879878
0,0.14225575
0,0.15081131
0,0.1527151
0,0.1536934
0,0.16016598
0,0.1541665
0,0.14302024
0,0.16098453
0,0.16600668
0,0.17036179
0,0.17992084
0,0.17189927
0,0.17634723
0,0.16567658
0,0.17080878
0,0.17355077
0,0.17450902
0,0.16145176
0,0.1678109
0,0.16580431
0,0.16712205
0,0.15436202
0,0.3436714
0,0.22740607
0,0.22477332
0,0.22120573
0,0.19972366
0,0.19201052
0,0.19292842
0,0.15829003
0,0.37472188
0,0.26024762
0,0.19129588
0,0.19431868
0,0.16446112
0,0.16628097
0,0.16746601
0,0.1536395
0,0.15580349
0,0.15419656
0,0.15481095
0,0.16244824
0,0.1597772
0,0.15639396
0,0.15953161
0,0.14581414
0,0.15205413
0,0.14344338
0,0.15108779
0,0.1614592
0,0.16180715
0,0.14620912
0,0.15154302
0,0.13981484
0,0.15144852
0,0.15708572
0,0.16338393
0,0.1633319
0,0.16584091
0,0.16480567
0,0.17315236
0,0.1643124
0,0.15043442
0,0.15584464
0,0.15908036
0,0.16144109
0,0.148976
0,0.16886999
0,0.14980519
0,0.14386195
0,0.29106122
0,0.2457839
0,0.22429934
0,0.2226445
0,0.19878004
0,0.18961276
0,0.17362776
0,0.15399307
0,0.15936768
0,0.15925227
0,0.16194342
0,0.15831049
0,0.15740816
0,0.15787593
0,0.15173082
0,0.14169705
0,0.15328903
0,0.15067661
0,0.15128434
0,0.15400569
0,0.15469413
0,0.23466952
0,0.17422071
0,0.15203
0,0.16724312
0,0.16138951
0,0.14935754
0,0.15414922
0,0.16206327
0,0.16426997
0,0.16604984
0,0.16551821
0,0.14993003
0,0.15531462
0,0.15666367
0,0.16024987
0,0.1601875
0,0.1699194
0,0.15147546
0,0.16104619
0,0.15692607
0,0.14864342
0,0.14603996
0,0.46177408
0,0.40529805
0,0.34407297
0,0.27111602
0,0.2675197
0,0.24171849
0,0.18621086
0,0.18290028
0,0.18387853
0,0.17290974
0,0.16679163
0,0.15398332
0,0.16259713
0,0.2924514
0,0.23142281
0,0.2377114
0,0.22335681
0,0.19388218
0,0.18228287
0,0.15428254
0,0.33385623
0,0.28429872
0,0.25243917
0,0.19131204
0,0.20851554
0,0.2010911
0,0.1767257
0,0.14922413
0,0.16187209
0,0.15627481
0,0.152808
0,0.15559715
0,0.1515034
0,0.15776223
0,0.14870065
0,0.35525575
0,0.2778932
0,0.23383924
0,0.20121588
0,0.20869651
0,0.16624974
0,0.1698423
0,0.15903136
0,0.15840307
0,0.17396018
0,0.1766848
0,0.18781263
0,0.16982724
0,0.1855019
0,0.17145683
0,0.16407742
0,0.16153723
0,0.14368533
0,0.14868163
0,0.1525523
0,0.1592021
0,0.15771218
0,0.13843708
0,0.13269642
0,0.14744222
0,0.14901851
0,0.14973252
0,0.15485004
0,0.154428
0,0.16210842
0,0.16767561
0,0.15099742
0,0.14362036
0,0.15266055
0,0.15278794
0,0.15425803
0,0.15475604
0,0.17048445
0,0.16961367
0,0.15517172
0,0.16908513
0,0.30681553
0,0.2751923
0,0.24476436
0,0.24826775
0,0.22368686
0,0.20049438
0,0.16916366
0,0.17258087
0,0.1738175
0,0.16569461
0,0.15936692
0,0.16470924
0,0.14562142
0,0.14907077
0,0.13628379
0,0.13247491
0,0.15215077
0,0.21613057
0,0.19545646
0,0.18407647
0,0.17877206
0,0.15631467
0,0.15656626
0,0.15840669
0,0.16870044
0,0.16870618
0,0.16673283
0,0.16487154
0,0.1660234
0,0.15651365
0,0.1508673
0,0.15870348
0,0.1495577
0,0.13962473
0,0.13693014
0,0.15431714
0,0.16117372
0,0.1578142
0,0.16431266
0,0.17387323
0,0.16801955
0,0.17901565
0,0.17833184
0,0.17584579
0,0.15502678
0,0.15140183
0,0.15918149
0,0.16513973
0,0.16875872
0,0.15985271
0,0.17995289
0,0.17522036
0,0.1835851
0,0.15995228
0,0.16723208
0,0.1703561
0,0.17006724
0,0.14910352
0,0.16042924
0,0.15995069
0,0.1411458
0,0.13906927
0,0.3158898
0,0.27082515
0,0.19250421
0,0.2147058
0,0.16700134
0,0.20376481
0,0.19313271
0,0.15729287
0,0.16683951
0,0.18087547
0,0.30041277
0,0.2761378
0,0.24476415
0,0.23026174
0,0.2163516
0,0.19206429
0,0.19445033
0,0.19484429
0,0.19450301
0,0.18410937
0,0.17999831
0,0.15088497
0,0.1514366
0,0.14201353
0,0.15857711
0,0.16037391
0,0.16662006
0,0.17689286
0,0.17228249
0,0.16999242
0,0.16402522
0,0.150737
0,0.1655935
0,0.17275332
0,0.16884008
0,0.15996554
0,0.14098944
0,0.13666208
0,0.1302545
0,0.13245602
0,0.12735677
0,0.12671714
0,0.14606851
0,0.15601844
0,0.16205893
0,0.2030712
0,0.18072209
0,0.19528215
0,0.19978723
0,0.20421842
0,0.17210087
0,0.18252318
0,0.19303773
0,0.19169617
0,0.1765611
0,0.1595422
0,0.17774422
0,0.17311406
0,0.17878692
0,0.18323591
0,0.17656972
0,0.18317649
0,0.1609853
0,0.17205684
0,0.17386921
0,0.16704835
0,0.1778596
0,0.15234369
0,0.16474447
0,0.17181152
0,0.16384195
0,0.16361399
0,0.14464127
0,0.22762631
0,0.20674576
0,0.19878902
0,0.19069724
0,0.18383156
0,0.15837626
0,0.16441551
0,0.1698579
0,0.16675751
0,0.17477052
0,0.19329113
0,0.19090737
0,0.15181011
0,0.14649722
0,0.15765971
0,0.16108024
0,0.14370766
0,0.15227398
0,0.16071068
0,0.1606438
0,0.15365544
0,0.14379326
0,0.15565029
0,0.1575829
0,0.14399175
0,0.14248061
0,0.14263876
0,0.15436596
0,0.15081438
0,0.14448044
0,0.15929477
0,0.16891411
0,0.17008199
0,0.1578153
0,0.17605458
0,0.1810753
0,0.17030606
0,0.15670404
0,0.17590998
0,0.19119975
0,0.21048905
0,0.21485113
0,0.221034
0,0.2412376
0,0.1908714
0,0.15380663
0,0.17495906
0,0.1700407
0,0.17007986
0,0.16514432
0,0.14373598
0,0.16065115
0,0.1498419
0,0.16666864
0,0.17077172
0,0.17428939
0,0.15291926
0,0.1416304
0,0.16146971
0,0.16891891
0,0.15183312
0,0.16559897
0,0.33013567
0,0.29707745
0,0.28615618
0,0.26069427
0,0.23798852
0,0.17443563
0,0.15652695
0,0.16530283
0,0.16705036
0,0.17891836
0,0.17638461
0,0.17550302
0,0.17922276
0,0.17042261
0,0.15663011
0,0.16270977
0,0.167367
0,0.16886303
0,0.16702765
0,0.16625391
0,0.16911778
0,0.16119419
0,0.14419258
0,0.15429081
0,0.15225863
0,0.16081561
0,0.16089304
0,0.14830299
0,0.14301565
0,0.13721767
0,0.13503228
0,0.15183567
0,0.15679415
0,0.16377972
0,0.16704082
0,0.18058568
0,0.17770001
0,0.15736626
0,0.14665791
0,0.1413908
0,0.13844092
0,0.21235153
0,0.19498329
0,0.23187281
0,0.2203308
0,0.20232664
0,0.16347896
0,0.1866972
0,0.19087662
0,0.194366
0,0.19549383
0,0.20054056
0,0.20295943
0,0.17539546
0,0.15200502
0,0.16724168
0,0.14709988
0,0.15493165
0,0.13829572
0,0.15470049
0,0.16474408
0,0.15292482
0,0.13905491
0,0.15059312
0,0.15685709
0,0.163711
0,0.16567786
0,0.17340933
0,0.16920495
0,0.15365024
0,0.16166589
0,0.1756465
0,0.17449282
0,0.15255612
0,0.16801442
0,0.17419349
0,0.16983658
0,0.15917644
0,0.17943673
0,0.18430293
0,0.18583977
0,0.18777952
0,0.18507798
0,0.18731745
0,0.18123896
0,0.1579848
0,0.16846298
0,0.17220153
0,0.14743923
0,0.16625361
0,0.14440872
0,0.15731093
0,0.14208625
0,0.13310398
0,0.15364516
0,0.16268958
0,0.1737456
0,0.14727873
0,0.13797837
0,0.15805252
0,0.15727419
0,0.1475252
0,0.16191147
0,0.16700038
0,0.17658435
0,0.18958473
0,0.19375366
0,0.16501333
0,0.16678259
0,0.14917468
0,0.1698663
0,0.17906892
0,0.17713943
0,0.18660587
0,0.19764282
0,0.19561097
0,0.17426488
0,0.15145202
0,0.1626417
0,0.17080463
0,0.16940224
0,0.17719121
0,0.18461944
0,0.1497055
0,0.13984036
0,0.13242358
0,0.14384928
0,0.15434726
0,0.16175199
0,0.19629817
0,0.16238828
0,0.17117761
0,0.15906058
0,0.17010362
0,0.17626119
0,0.18199152
0,0.17992084
0,0.18334967
0,0.18088533
0,0.17866391
0,0.16115168
0,0.14464143
0,0.15651307
0,0.16052637
0,0.16033542
0,0.16614968
0,0.17438379
0,0.1658774
0,0.15108044
0,0.14662652
0,0.15727991
0,0.15709531
0,0.1618836
0,0.14095795
0,0.15230237
0,0.13992143
0,0.13613945
0,0.14824861
0,0.14063808
0,0.15152505
0,0.16228147
0,0.17392173
0,0.18174182
0,0.17987384
0,0.15674111
0,0.17373398
0,0.18689212
0,0.19235091
0,0.19340707
0,0.25459263
0,0.23725611
0,0.19902295
0,0.21436848
0,0.20584369
0,0.20474447
0,0.16979717
0,0.20269889
0,0.20906979
0,0.19822457
0,0.16878398
0,0.18655111
0,0.18460666
0,0.18310376
0,0.1780666
0,0.179138
0,0.16160524
0,0.17225014
0,0.15746012
0,0.13751553
0,0.15088312
0,0.15797046
0,0.16220441
0,0.14553227
0,0.15583028
0,0.15676625
0,0.15160403
0,0.13753982
0,0.15324023
0,0.1671156
0,0.16921026
0,0.17140162
0,0.17891692
0,0.18333067
0,0.16511467
0,0.17121026
0,0.17450401
0,0.17407791
0,0.17610148
0,0.19339414
0,0.15800901
0,0.16813579
0,0.1524775
0,0.15983237
0,0.17480886
0,0.29292268
0,0.20387402
0,0.20639943
0,0.20000374
0,0.1622694
0,0.15812956
0,0.14652783
0,0.15614174
0,0.15818256
0,0.21897368
0,0.22002746
0,0.17268026
0,0.15197676
0,0.14326324
0,0.13820492
0,0.14442986
0,0.15033029
0,0.14035094
0,0.15501523
0,0.17124763
0,0.16428748
0,0.14817022
0,0.1589187
0,0.16416925
0,0.16860682
0,0.17997207
0,0.17714249
0,0.15409791
0,0.15447819
0,0.143927
0,0.15664926
0,0.16737807
0,0.16846289
0,0.1690009
0,0.1759469
0,0.15264417
0,0.15202954
0,0.14403243
0,0.1633608
0,0.1716041
0,0.16836798
0,0.14471564
0,0.16802749
0,0.18037114
0,0.16358933
0,0.14675115
0,0.13858026
0,0.15341799
0,0.16052695
0,0.1729379
0,0.18443806
0,0.17774917
0,0.1636862
0,0.17796661
0,0.18334156
0,0.18801948
0,0.19099715
0,0.19606592
0,0.19035605
0,0.19551817
0,0.16372351
0,0.14556001
0,0.19140644
0,0.15784474
0,0.16472605
0,0.14955093
0,0.16319337
0,0.16392913
0,0.1553103
0,0.1647403
0,0.16946426
0,0.14804925
0,0.16333775
0,0.17110047
0,0.17921796
0,0.17659226
0,0.1524385
0,0.16424936
0,0.17459786
0,0.17169662
0,0.14812538
0,0.1657807
0,0.1730881
0,0.18089473
0,0.15750465
0,0.1693245
0,0.17527576
0,0.1817059
0,0.19419184
0,0.23532301
0,0.21153153
0,0.18651131
0,0.15857974
0,0.16599083
0,0.3081385
0,0.3551895
0,0.2307841
0,0.18660694
0,0.1907668
0,0.17914133
0,0.15684408
0,0.14476193
0,0.15974905
0,0.17679612
0,0.18685022
0,0.21007471
0,0.20208162
0,0.1780246
0,0.1551106
0,0.16299455
0,0.17740941
0,0.15665793
0,0.18334681
0,0.1763056
0,0.15208216
0,0.14821014
0,0.13514979
0,0.14886904
0,0.13715616
0,0.14799437
0,0.1528451
0,0.15640314
0,0.16001584
0,0.15058641
0,0.13896641
0,0.15469415
0,0.1586271
0,0.17131205
0,0.17759864
0,0.18008134
0,0.17995583
0,0.15297313
0,0.14736624
0,0.14304344
0,0.15416965
0,0.16145152
0,0.16234303
0,0.17278893
0,0.17248783
0,0.16286997
0,0.17352405
0,0.18176138
0,0.18818328
0,0.21757485
0,0.20932394
0,0.21881565
0,0.33509818
0,0.24055997
0,0.19114515
0,0.20313668
0,0.20673926
0,0.16446948
0,0.16986139
0,0.18447343
0,0.16691297
0,0.15042225
0,0.161509
0,0.16456054
0,0.27491924
0,0.24493493
0,0.24464196
0,0.22721656
0,0.20328838
0,0.16244668
0,0.17554711
0,0.14619847
0,0.1562502
0,0.17142946
0,0.1775097
0,0.17233384
0,0.1627522
0,0.15475269
0,0.16274448
0,0.1717875
0,0.17073357
0,0.17765072
0,0.21675868
0,0.2236971
0,0.18479681
0,0.15344653
0,0.16872843
0,0.1759178
0,0.18697184
0,0.18724942
0,0.184506
0,0.18380648
0,0.16348886
0,0.14295948
0,0.16134797
0,0.16401987
0,0.16820246
0,0.17395142
0,0.1863188
0,0.15546663
0,0.14770688
0,0.13928032
0,0.130107
0,0.14568882
0,0.15364495
0,0.16977811
0,0.17364678
0,0.17895895
0,0.15984897
0,0.17832531
0,0.19665477
0,0.19674164
0,0.20837808
0,0.20702314
0,0.20984712
0,0.21651673
0,0.18610004
0,0.19998337
0,0.22524048
0,0.2615475
0,0.26338914
0,0.2660515
0,0.24139656
0,0.21415952
0,0.18025865
0,0.1839864
0,0.15637584
0,0.16435497
0,0.17341964
0,0.18282034
0,0.19870055
0,0.18692897
0,0.15110748
0,0.1383081
0,0.15806903
0,0.1626821
0,0.1652523
0,0.19647908
0,0.1973217
0,0.17174022
0,0.15757895
0,0.18177469
0,0.17939502
0,0.17900017
0,0.17742819
0,0.2094945
0,0.19990206
0,0.1733725
0,0.16193064
0,0.17419155
0,0.19081327
0,0.21127255
0,0.20656389
0,0.25497314
0,0.23612641
0,0.19696245
0,0.1601972
0,0.17042845
0,0.1756735
0,0.18531273
0,0.19028604
0,0.1889119
0,0.15938658
0,0.15626132
0,0.14135326
0,0.16406426
0,0.18890569
0,0.18852745
0,0.15530255
0,0.16591217
0,0.1810491
0,0.16183192
0,0.1667484
0,0.18001577
0,0.19205995
0,0.2004921
0,0.20263144
0,0.41457835
0,0.3533783
0,0.2664916
0,0.18882698
0,0.20991766
0,0.21243538
0,0.23048125
0,0.25133538
0,0.2458152
0,0.22279568
0,0.18551493
0,0.20136021
0,0.19619603
0,0.20059435
0,0.28721595
0,0.26282036
0,0.260291
0,0.2304026
0,0.18996674
0,0.20572187
0,0.23267703
0,0.17918743
0,0.19193116
0,0.21724892
0,0.20688039
0,0.19560774
0,0.1715956
0,0.1888492
0,0.15279776
0,0.17183799
0,0.150901
0,0.16120286
0,0.16924497
0,0.1651511
0,0.14686818
0,0.16863963
0,0.17099696
0,0.18252243
0,0.1924263
0,0.20396012
0,0.23032336
0,0.19814974
0,0.21207853
0,0.22238691
0,0.24877194
0,0.26841116
0,0.28547183
0,0.27309045
0,0.26956928
0,0.2736373
0,0.19766353
0,0.16179298
0,0.14731011
0,0.13906853
0,0.15197454
0,0.17124952
0,0.1693842
0,0.16638486
0,0.14332129
0,0.15991302
0,0.16481543
0,0.24931863
0,0.23717324
0,0.24882028
0,0.2330025
0,0.18824542
0,0.15721396
0,0.1745705
0,0.19378136
0,0.18732326
0,0.1959574
0,0.19935986
0,0.20310749
0,0.17350487
0,0.41215703
0,0.32808217
0,0.3291111
0,0.31071022
0,0.30893493
0,0.29013318
0,0.2619448
0,0.21457462
0,0.17920634
0,0.15188375
0,0.15349942
0,0.1749963
0,0.20064777
0,0.20345286
0,0.29217896
0,0.20679289
0,0.17744106
0,0.19306245
0,0.2070025
0,0.20530051
0,0.21897364
0,0.22647262
0,0.19673558
0,0.16561274
0,0.19185652
0,0.20031461
0,0.21138956
0,0.20985332
0,0.21437474
0,0.2157121
0,0.2069129
0,0.16950099
0,0.36061803
0,0.315773
0,0.30195013
0,0.28617525
0,0.27616513
0,0.2625979
0,0.22103292
0,0.17695536
0,0.1854841
0,0.15571634
0,0.14194624
0,0.18555902
0,0.18561105
0,0.19520743
0,0.17613134
0,0.14888985
0,0.16159719
0,0.17458713
0,0.26830772
0,0.24197187
0,0.22977962
0,0.20966724
0,0.1809866
0,0.15015234
0,0.33477235
0,0.29592714
0,0.2736474
0,0.27983513
0,0.279604
0,0.25981042
0,0.20231733
0,0.18253669
0,0.20802262
0,0.1990878
0,0.19854252
0,0.20677322
0,0.21487702
0,0.20593706
0,0.17953148
0,0.19437027
0,0.15376467
0,0.18291639
0,0.15195133
0,0.16036215
0,0.15008382
0,0.1399422
0,0.13559045
0,0.15399733
0,0.13828723
0,0.15301998
0,0.16746096
0,0.17544518
0,0.16781345
0,0.1511614
0,0.14247502
0,0.16545647
0,0.14807132
0,0.16652213
0,0.17678793
0,0.17623898
0,0.15863505
0,0.17413323
0,0.18829478
0,0.19807069
0,0.21839844
0,0.21324322
0,0.21914828
0,0.20945743
0,0.17275614
0,0.21138485
0,0.21498796
0,0.21446025
0,0.21891502
0,0.21427014
0,0.23542714
0,0.19645123
0,0.15804812
0,0.17350353
0,0.16313404
0,0.17266954
0,0.18891333
0,0.19415118
0,0.19888122
0,0.17490077
0,0.14962311
0,0.1681288
0,0.18423411
0,0.18938102
0,0.20554098
0,0.2416331
0,0.22800915
0,0.1905406
0,0.15786268
0,0.16898058
0,0.18459818
0,0.19422188
0,0.20020215
0,0.22150439
0,0.20455456
0,0.1810206
0,0.15513285
0,0.17276308
0,0.161205
0,0.17691796
0,0.18651758
0,0.19751273
0,0.16574661
0,0.1579501
0,0.14535186
0,0.16555503
0,0.1787887
0,0.18863463
0,0.24100803
0,0.25694662
0,0.21995293
0,0.1763299
0,0.15480922
0,0.17492786
0,0.19608748
0,0.20830882
0,0.23509236
0,0.25569606
0,0.23817886
0,0.1852328
0,0.21389787
0,0.23402844
0,0.1875129
0,0.20571364
0,0.2230213
0,0.23022848
0,0.20931794
0,0.18045817
0,0.15188025
0,0.17781734
0,0.20342992
0,0.22294463
0,0.22739692
0,0.2396561
0,0.17227761
0,0.15816309
0,0.17890036
0,0.19233969
0,0.20309338
0,0.22087584
0,0.22258578
0,0.22245342
0,0.1977153
0,0.17248422
0,0.20271784
0,0.21423481
0,0.23300858
0,0.24068855
0,0.2684745
0,0.2575805
0,0.20743264
0,0.17588373
0,0.20558836
0,0.2289467
0,0.23104204
0,0.17993586
0,0.19602123
0,0.19646682
0,0.17766513
0,0.14983208
0,0.18539932
0,0.2066791
0,0.2077782
0,0.2217343
0,0.16459191
0,0.17679453
0,0.1529071
0,0.14039977
0,0.16033034
0,0.17008325
0,0.19538024
0,0.22594428
0,0.22276485
0,0.20646775
0,0.1739066
0,0.21574482
0,0.21469769
0,0.24505234
0,0.2827939
0,0.2936032
0,0.29826126
0,0.27507034
0,0.2114103
0,0.2384738
0,0.2501204
0,0.2510547
0,0.2539477
0,0.2595856
0,0.25796506
0,0.2227154
0,0.18691948
0,0.20900266
0,0.23105475
0,0.27161154
0,0.26578707
0,0.2855701
0,0.2759469
0,0.23309685
0,0.17796482
0,0.20896469
0,0.22417541
0,0.22686425
0,0.17387523
0,0.20687981
0,0.15599695
0,0.16045685
0,0.14505251
0,0.17077743
0,0.1906583
0,0.14843054
0,0.17278022
0,0.3276036
0,0.29025865
0,0.23184775
0,0.17876002
0,0.2148063
0,0.23448206
0,0.27210194
0,0.26607308
0,0.27041736
0,0.25042364
0,0.21404967
0,0.17241426
0,0.20957093
0,0.21384148
0,0.22919554
0,0.25555867
0,0.25822067
0,0.24449793
0,0.22135223
0,0.17632173
0,0.20314763
0,0.23468368
0,0.25710803
0,0.17784052
0,0.2110871
0,0.20626844
0,0.16474938
0,0.14715573
0,0.17518046
0,0.19000159
0,0.19840744
0,0.21366815
0,0.2395188
0,0.22311749
0,0.18343686
0,0.2634394
0,0.27028698
0,0.2767624
0,0.27574354
0,0.28512034
0,0.28507447
0,0.23742552
0,0.20135862
0,0.16164307
0,0.19232433
0,0.21370412
0,0.240346
0,0.2501303
0,0.2610603
0,0.2241903
0,0.16887206
0,0.20800869
0,0.22631155
0,0.23722546
0,0.2353427
0,0.17903307
0,0.15351933
0,0.15550579
0,0.15221679
0,0.141636
0,0.13376479
0,0.16235216
0,0.17311476
0,0.19132063
0,0.19581069
0,0.18278807
0,0.15665092
0,0.211273
0,0.23829806
0,0.25503334
0,0.29909217
0,0.32982072
0,0.23645416
0,0.24022174
0,0.19999054
0,0.2307408
0,0.24511343
0,0.25259566
0,0.25326988
0,0.25713864
0,0.23676896
0,0.22144823
0,0.17742239
0,0.2126648
0,0.23353802
0,0.23539887
0,0.24975236
0,0.26150694
0,0.17914982
0,0.16436812
0,0.14325477
0,0.17374653
0,0.19102103
0,0.20865525
0,0.24291913
0,0.27490473
0,0.25473696
0,0.20285408
0,0.18216902
0,0.19956204
0,0.23195313
0,0.24230091
0,0.24666403
0,0.28861496
0,0.25135002
0,0.19736004
0,0.2506923
0,0.2545658
0,0.26960883
0,0.27905488
0,0.2914205
0,0.28882924
0,0.2384845
0,0.19962862
0,0.2331249
0,0.27504522
0,0.28671014
0,0.28473884
0,0.28506204
0,0.2981612
0,0.2068615
0,0.18508351
0,0.21697143
0,0.22488719
0,0.17568193
0,0.26506743
0,0.28164268
0,0.2764032
0,0.22629097
0,0.18464895
0,0.21125491
0,0.24568693
0,0.24925038
0,0.18049324
0,0.21662441
0,0.2145583
0,0.18580316
0,0.15856749
0,0.187514
0,0.20512876
0,0.22513981
0,0.17004073
0,0.15053979
0,0.1722564
0,0.15839106
0,0.14370969
0,0.17466371
0,0.20121309
0,0.21870285
0,0.2374413
0,0.24869588
0,0.24496096
0,0.20206223
0,0.1706598
0,0.20574225
0,0.2329529
0,0.25710964
0,0.29755422
0,0.29990909
0,0.26385078
0,0.21128091
0,0.1665498
0,0.20812376
0,0.22996336
0,0.2430634
0,0.27111062
0,0.28515565
0,0.26716766
0,0.21002878
0,0.16649596
0,0.21604908
0,0.24807651
0,0.26090562
0,0.2784213
0,0.29185876
0,0.25633284
0,0.20714705
0,0.25225616
0,0.17843765
0,0.2085881
0,0.23486157
0,0.24808855
0,0.28042644
0,0.2523603
0,0.19729806
0,0.2738523
0,0.27952284
0,0.20036715
0,0.16953285
0,0.14933743
0,0.18380255
0,0.16663921
0,0.15010765
0,0.18461195
0,0.21071582
0,0.23829924
0,0.24739043
0,0.2855264
0,0.281685
0,0.19425999
0,0.170815
0,0.20211595
0,0.2276606
0,0.24220455
0,0.25098014
0,0.26313168
0,0.25804994
0,0.23586512
0,0.18389033
0,0.15353589
0,0.19503587
0,0.29406923
0,0.29976577
0,0.33311614
0,0.30748004
0,0.26974046
0,0.21365422
0,0.24755241
0,0.18125075
0,0.22135586
0,0.23737924
0,0.27228707
0,0.26161727
0,0.18686604
0,0.16512203
0,0.21404447
0,0.24145603
0,0.25584003
0,0.27000132
0,0.28202748
0,0.25586027
0,0.22472905
0,0.18630838
0,0.22593297
0,0.24155466
0,0.23755819
0,0.27563825
0,0.31082174
0,0.2696487
0,0.21812305
0,0.17182693
0,0.14922145
0,0.18599772
0,0.21808612
0,0.24107519
0,0.16913444
0,0.18548125
0,0.16855995
0,0.14642282
0,0.17367107
0,0.15164548
0,0.14283283
0,0.13896929
0,0.16609813
0,0.16083904
0,0.1574182
0,0.14217812
0,0.17576681
0,0.19996643
0,0.23520276
0,0.28596258
0,0.30210885
0,0.2646246
0,0.2087611
0,0.2325217
0,0.25583485
0,0.18420413
0,0.16327299
0,0.16977975
0,0.13950528
0,0.13190056
0,0.12714401
0,0.121888176
0,0.12200327
0,0.12211536
0,0.12302662
0,0.121032335
0,0.12510037
0,0.1263471
0,0.13004388
0,0.13603367
0,0.14395109
0,0.15393677
0,0.16714583
0,0.17601518
0,0.1931781
0,0.20243074
0,0.22092488
0,0.2437465
0,0.25808898
0,0.26844445
0,0.27557397
0,0.27734557
0,0.2761049
0,0.27623945
0,0.2755282
0,0.27446708
0,0.27859735
0,0.2780279
0,0.30087253
0,0.28421208
0,0.28544235
0,0.27865255
0,0.27999082
0,0.27558178
0,0.27693322
0,0.2756504
0,0.28172502
0,0.2842997
0,0.27565816
0,0.2765943
0,0.29356742
0,0.2796935
0,0.2728392
0,0.27314112
0,0.27494684
0,0.26774943
0,0.26531303
0,0.27008018
0,0.28353155
0,0.28436083
0,0.28299937
0,0.27463382
0,0.27170062
0,0.26924613
0,0.28491005
0,0.2809799
0,0.28151786
0,0.28118324
0,0.2734949
0,0.2898208
0,0.2915402
0,0.27720284
0,0.28950548
0,0.2746077
0,0.26958936
0,0.26587033
0,0.2811257
0,0.27512926
0,0.26608574
0,0.2707213
0,0.26739976
0,0.29294497
0,0.2784517
0,0.27626374
0,0.27686158
0,0.26673013
0,0.30661437
0,0.28416717
0,0.27024963
0,0.26333466
0,0.26713568
0,0.31313407
0,0.2953498
0,0.2955462
0,0.28935567
0,0.2859506
0,0.3427144
0,0.29955712
0,0.2949136
0,0.28856555
0,0.28466842
0,0.28187707
0,0.28246787
0,0.2783382
0,0.27712834
0,0.2763019
0,0.2742338
0,0.277567
0,0.27267367
0,0.2719656
0,0.2708985
0,0.26929918
0,0.26868144
0,0.2684075
0,0.26778686
0,0.27086082
0,0.27579147
0,0.27064332
0,0.27302188
0,0.26746407
0,0.28061992
0,0.26906595
0,0.27131513
0,0.27838743
0,0.2814488
0,0.29327074
0,0.2879845
0,0.28801775
0,0.27446163
0,0.2860583
0,0.27635884
0,0.30621442
0,0.2908804
0,0.2826095
0,0.2845292
0,0.28794992
0,0.28548974
0,0.27979058
0,0.30015457
0,0.29138815
0,0.28461596
0,0.28624445
0,0.32400203
0,0.29856566
0,0.29013872
0,0.29897645
0,0.2887083
0,0.2851717
0,0.28865838
0,0.28539014
0,0.28316873
0,0.27772635
0,0.27580133
0,0.2734464
0,0.3029733
0,0.31334835
0,0.30050024
0,0.2869659
0,0.28876138
0,0.2781016
0,0.33034855
0,0.29156855
0,0.29060724
0,0.28687212
0,0.28387314
0,0.28151783
0,0.2709033
0,0.2672941
0,0.2673214
0,0.2705092
0,0.2676124
0,0.2698706
0,0.27048156
0,0.27169827
0,0.27086198
0,0.27672347
0,0.2764505
0,0.2922125
0,0.27735206
0,0.27460408
0,0.27445382
0,0.27175233
0,0.2709989
0,0.27671227
0,0.27039397
0,0.26831284
0,0.26731116
0,0.28511274
0,0.27378586
0,0.290316
0,0.28155875
0,0.27850786
0,0.2707896
0,0.27888927
0,0.28186646
0,0.29449347
0,0.27377146
0,0.26803097
0,0.2767772
0,0.28305268
0,0.26754487
0,0.2768214
0,0.2674959
0,0.2779143
0,0.30121416
0,0.287572
0,0.28479186
0,0.28219357
0,0.28443545
0,0.2807811
0,0.27915078
0,0.2780095
0,0.27656057
0,0.2676534
0,0.2712481
0,0.27983674
0,0.2737115
0,0.27177933
0,0.27592558
0,0.2830427
0,0.27474117
0,0.27621397
0,0.27161714
0,0.272845
0,0.29767066
0,0.2807207
0,0.27482116
0,0.27053636
0,0.27056596
0,0.27050695
0,0.26698563
0,0.2643263
0,0.26979196
0,0.27536994
0,0.26573807
0,0.27544424
0,0.27687466
0,0.27979642
0,0.28013542
0,0.2757474
0,0.31563586
0,0.2935525
0,0.2842248
0,0.2803014
0,0.27875435
0,0.27470353
0,0.2800077
0,0.27487975
0,0.2713138
0,0.27341408
0,0.2779519
0,0.2714519
0,0.28902125
0,0.28630805
0,0.27561098
0,0.2702542
0,0.26687455
0,0.2609705
0,0.26712883
0,0.2663166
0,0.2612351
0,0.27617806
0,0.26510292
0,0.26104033
0,0.26093817
0,0.257716
0,0.27318585
0,0.2609207
0,0.29601172
0,0.3255633
0,0.29832712
0,0.30507
0,0.29341453
0,0.28869665
0,0.31819198
0,0.303088
0,0.3001777
0,0.29309523
0,0.29621714
0,0.30936396
0,0.28984433
0,0.28323394
0,0.2848025
0,0.28253362
0,0.30940086
0,0.2881
0,0.2808952
0,0.2756268
0,0.27575907
0,0.2950875
0,0.2782287
0,0.2730794
0,0.28196338
0,0.2705197
0,0.27562612
0,0.26739284
0,0.26865512
0,0.2771472
0,0.27846017
0,0.29378536
0,0.28207198
0,0.27971897
0,0.27780294
0,0.2675113
0,0.31122223
0,0.29274595
0,0.29225412
0,0.28278247
0,0.28024355
0,0.29998982
0,0.30247602
0,0.29530102
0,0.2890036
0,0.2841775
0,0.28735507
0,0.27629092
0,0.2765782
0,0.27582964
0,0.27603704
0,0.27590698
0,0.2835231
0,0.27700981
0,0.26960465
0,0.27117476
0,0.2660705
0,0.26380324
0,0.27485874
0,0.26511556
0,0.26609167
0,0.26706594
0,0.2604825
0,0.27318132
0,0.27503017
0,0.2783754
0,0.2816961
0,0.2866344
0,0.28020504
0,0.27910748
0,0.28226042
0,0.28338033
0,0.2821512
0,0.27898178
0,0.2876157
0,0.2972852
0,0.27547774
0,0.27731743
0,0.27445942
0,0.27672073
0,0.27746066
0,0.2730599
0,0.27091506
0,0.27173975
0,0.2736105
0,0.2726381
0,0.26967913
0,0.26721513
0,0.2696303
0,0.26655617
0,0.26511872
0,0.26374742
0,0.26253262
0,0.26473722
0,0.26233575
0,0.2881403
0,0.27208036
0,0.29297644
0,0.28128353
0,0.27889046
0,0.27822348
0,0.2766466
0,0.2800886
0,0.28220373
0,0.30081555
0,0.28374872
0,0.29880565
0,0.28408077
0,0.2792931
0,0.28202012
0,0.27503365
0,0.27817598
0,0.2725653
0,0.27004388
0,0.2680088
0,0.28234383
0,0.27156675
0,0.2671522
0,0.26495284
0,0.26247346
0,0.26504794
0,0.27787414
0,0.275146
0,0.2840008
0,0.27237758
0,0.2643299
0,0.26088205
0,0.28486696
0,0.2666568
0,0.27920115
0,0.30324817
0,0.29507127
0,0.29219177
0,0.2860763
0,0.287442
0,0.27458364
0,0.27751362
0,0.2853836
0,0.28196573
0,0.29127648
0,0.29709357
0,0.2917801
0,0.2828912
0,0.278656
0,0.2827286
0,0.2766436
0,0.2779328
0,0.27382028
0,0.27444717
0,0.27142608
0,0.2703427
0,0.27030128
0,0.27383375
0,0.2845384
0,0.28195685
0,0.27228558
0,0.26892892
0,0.26962778
0,0.27304262
0,0.26885232
0,0.2774146
0,0.2676704
0,0.27653345
0,0.27886003
0,0.2839773
0,0.2843949
0,0.28143746
0,0.28403136
0,0.27873972
0,0.27511847
0,0.2695199
0,0.2718286
0,0.27101868
0,0.27053595
0,0.27416366
0,0.27377513
0,0.27035746
0,0.27362514
0,0.26994437
0,0.27164984
0,0.28550336
0,0.2733511
0,0.26977384
0,0.27247173
0,0.2675844
0,0.27474946
0,0.28210515
0,0.269573
0,0.26896146
0,0.26416108
0,0.2699135
0,0.2773122
0,0.26596782
0,0.2623997
0,0.26470357
0,0.27625245
0,0.2630881
0,0.2776805
0,0.283107
0,0.28008702
0,0.30583492
0,0.2899421
0,0.3270189
0,0.29951334
0,0.30055127
0,0.2902137
0,0.30023602
0,0.31558353
0,0.30483702
0,0.27795622
0,0.28796673
0,0.29179224
0,0.29591763
0,0.2838124
0,0.28338245
0,0.28327033
0,0.2763264
0,0.30036765
0,0.28310606
0,0.28767467
0,0.29674748
0,0.29276526
0,0.27997547
0,0.27384114
0,0.2788238
0,0.2718554
0,0.26058102
0,0.26343703
0,0.26615942
0,0.28406549
0,0.28629267
0,0.27616465
0,0.27986637
0,0.28121048
0,0.27873376
0,0.27558145
0,0.27317932
0,0.27646157
0,0.272603
0,0.2770854
0,0.27749705
0,0.28589293
0,0.2839739
0,0.27637497
0,0.27327624
0,0.27443197
0,0.27037638
0,0.28969973
0,0.27940732
0,0.30359486
0,0.28168213
0,0.29455265
0,0.28653392
0,0.27805248
0,0.27197582
0,0.27599096
0,0.27211145
0,0.2673906
0,0.2683781
0,0.2771709
0,0.28265738
0,0.26815286
0,0.57742983
0,0.4175116
0,0.35408902
0,0.33229074
0,0.33364376
0,0.31150937
0,0.30316868
0,0.29399523
0,0.3044804
0,0.30244985
0,0.29275167
0,0.2771601
0,0.2773342
0,0.2705445
0,0.27203506
0,0.2707516
0,0.2625546
0,0.2651331
0,0.2577595
0,0.25762355
0,0.25495717
0,0.2532924
0,0.26102304
0,0.25313348
0,0.25791135
0,0.25859413
0,0.26887152
0,0.26915357
0,0.26680204
0,0.25870764
0,0.26633573
0,0.26891518
0,0.26888943
0,0.27154824
0,0.27594033
0,0.26082656
0,0.26382068
0,0.26340294
0,0.2801234
0,0.27538475
0,0.2721479
0,0.26769403
0,0.2645877
0,0.2627851
0,0.26541585
0,0.2612698
0,0.2974527
0,0.28006956
0,0.29505485
0,0.28477296
0,0.281709
0,0.29438266
0,0.28149617
0,0.27343443
0,0.2746603
0,0.27173468
0,0.28806755
0,0.28076994
0,0.27245253
0,0.2700026
0,0.2788668
0,0.2928683
0,0.29418004
0,0.27790213
0,0.27267197
0,0.27120402
0,0.2792784
0,0.26776657
0,0.2850308
0,0.29508755
0,0.2740147
0,0.27270448
0,0.26990512
0,0.27139717
0,0.27615163
0,0.26455772
0,0.27266732
0,0.27534616
0,0.28159678
0,0.28711843
0,0.29179373
0,0.3109121
0,0.29120728
0,0.28214243
0,0.28202072
0,0.2885961
0,0.33079502
0,0.304199
0,0.35827342
0,0.3790136
0,0.3306011
0,0.35775268
0,0.30995786
0,0.30405563
0,0.29884154
0,0.27699617
0,0.32214192
0,0.3001281
0,0.2848432
0,0.27649057
0,0.27205545
0,0.31153995
0,0.3003505
0,0.27777913
0,0.27660495
0,0.26230448
0,0.28632075
0,0.26694524
0,0.2580511
0,0.26251757
0,0.2562162
0,0.27104288
0,0.2646283
0,0.26414552
0,0.28485078
0,0.2837065
0,0.27963346
0,0.27855262
0,0.2870057
0,0.28597435
0,0.28311524
0,0.26869777
0,0.30243286
0,0.2867865
0,0.2798738
0,0.29033604
0,0.27845412
0,0.27913237
0,0.2742323
0,0.2790577
0,0.28275916
0,0.27355328
0,0.29738307
0,0.27290055
0,0.27825153
0,0.27577496
0,0.31589082
0,0.2836914
0,0.27710035
0,0.27058047
0,0.2670878
0,0.26691172
0,0.2662233
0,0.26742715
0,0.26278147
0,0.26558867
0,0.26011673
0,0.2620557
0,0.26162377
0,0.26248857
0,0.26389176
0,0.25814742
0,0.26899123
0,0.27690202
0,0.27765247
0,0.29123345
0,0.28776467
0,0.29283413
0,0.29275775
0,0.2857717
0,0.26895627
0,0.28002277
0,0.27700272
0,0.28268096
0,0.29089192
0,0.28133792
0,0.2874646
0,0.28462842
0,0.292668
0,0.28255755
0,0.28257242
0,0.2958472
0,0.31990823
0,0.30699825
0,0.30918947
0,0.34653544
0,0.34023216
0,0.38782367
0,0.42990792
0,0.37486205
0,0.36597633
0,0.31164306
0,0.28822526
0,0.28831863
0,0.27019
0,0.29816854
0,0.27168456
0,0.26828006
0,0.24915133
0,0.23205502
0,0.23668759
0,0.21151839
0,0.19763298
0,0.19500585
0,0.18561986
0,0.2203394
0,0.18674755
0,0.1801646
0,0.17682916
0,0.18520783
0,0.19129127
0,0.1973591
0,0.20513378
0,0.2130109
0,0.22577046
0,0.23935512
0,0.24806336
0,0.26355353
0,0.2656931
0,0.2641572
0,0.26848894
0,0.2638905
0,0.2671203
0,0.27523634
0,0.2794843
0,0.26783642
0,0.2648767
0,0.26113743
0,0.26264545
0,0.29663092
0,0.28399253
0,0.2822954
0,0.2937588
0,0.3009763
0,0.29174873
0,0.2989422
0,0.2875032
0,0.2843745
0,0.2770956
0,0.27836502
0,0.27936968
0,0.2776057
0,0.28529605
0,0.2742036
0,0.26809406
0,0.280771
0,0.27588812
0,0.52335787
0,0.4249583
0,0.36581025
0,0.3395478
0,0.3136756
0,0.2977859
0,0.31395975
0,0.290976
0,0.28467527
0,0.28590932
0,0.27603626
0,0.32939288
0,0.29617372
0,0.29051408
0,0.29173476
0,0.27676833
0,0.31248754
0,0.27718925
0,0.2678337
0,0.2601267
0,0.24047217
0,0.26251653
0,0.24071097
0,0.23631307
0,0.23713696
0,0.24255289
0,0.24590166
0,0.24970858
0,0.25518408
0,0.25699538
0,0.2698689
0,0.26291788
0,0.26481968
0,0.27865067
0,0.26992527
0,0.27199134
0,0.2822328
0,0.27821663
0,0.27864942
0,0.28870523
0,0.28181124
0,0.29079506
0,0.2807094
0,0.2785236
0,0.28385928
0,0.29558274
0,0.28173584
0,0.2730037
0,0.27441338
0,0.27761996
0,0.34324327
0,0.3009935
0,0.28784853
0,0.27549565
0,0.26970944
0,0.26442263
0,0.27316248
0,0.26268762
0,0.27431196
0,0.2785036
0,0.27032417
0,0.27036738
0,0.2747843
0,0.28025815
0,0.28171074
0,0.29124862
0,0.27939165
0,0.28038782
0,0.277575
0,0.27654934
0,0.2832335
0,0.28048462
0,0.28179494
0,0.28172207
0,0.2855368
0,0.28295016
0,0.2777417
0,0.27593413
0,0.27346236
0,0.2710295
0,0.26896054
0,0.26823834
0,0.25862542
0,0.26160216
0,0.26901522
0,0.27513674
0,0.27327663
0,0.2794643
0,0.27029195
0,0.2754932
0,0.25932872
0,0.26025394
0,0.26190352
0,0.26729032
0,0.29990485
0,0.28876603
0,0.27468064
0,0.27659464
0,0.2791998
0,0.3368173
0,0.29714277
0,0.2866922
0,0.27990758
0,0.27796003
0,0.27254432
0,0.26930812
0,0.2665398
0,0.27986082
0,0.27579078
0,0.2709124
0,0.270331
0,0.27411044
0,0.2607006
0,0.26101997
0,0.27471754
0,0.26331875
0,0.2596334
0,0.2709953
0,0.2611056
0,0.2795454
0,0.2950018
0,0.28999552
0,0.28983203
0,0.28955156
0,0.28483313
0,0.27914748
0,0.2737633
0,0.27636638
0,0.26827505
0,0.27729058
0,0.28477597
0,0.28153378
0,0.2922885
0,0.3140111
0,0.29989573
0,0.29958543
0,0.27844346
0,0.2791276
0,0.30901077
0,0.29089335
0,0.30637968
0,0.28809908
0,0.28640524
0,0.28268623
0,0.2764733
0,0.2617238
0,0.2714283
0,0.27146637
0,0.2851698
0,0.27279228
0,0.27872834
0,0.28839993
0,0.27318028
0,0.26792166
0,0.26913574
0,0.26504838
0,0.26976752
0,0.27113694
0,0.26851556
0,0.27532053
0,0.2779304
0,0.28081405
0,0.2869303
0,0.28583214
0,0.28890526
0,0.28063947
0,0.27992982
0,0.27784663
0,0.27844673
0,0.27789012
0,0.2773955
0,0.28209522
0,0.31293795
0,0.28673035
0,0.2796249
0,0.27985725
0,0.27327904
0,0.3355872
0,0.2932509
0,0.28317598
0,0.29014802
0,0.2947816
0,0.27778503
0,0.27585027
0,0.26879194
0,0.27022317
0,0.27315304
0,0.26405412
0,0.26952958
0,0.26290134
0,0.26505873
0,0.25825578
0,0.26944265
0,0.27627957
0,0.27881965
0,0.2870634
0,0.28098696
0,0.28006804
0,0.2786544
0,0.2697305
0,0.27641395
0,0.30060607
0,0.2853631
0,0.28552285
0,0.28253156
0,0.27869675
0,0.3322343
0,0.29627395
0,0.29115853
0,0.28382006
0,0.27966204
0,0.276727
0,0.2747661
0,0.2742084
0,0.27745175
0,0.29506758
0,0.28358972
0,0.2768029
0,0.2734446
0,0.29948488
0,0.28381395
0,0.28476825
0,0.2758021
0,0.27567694
0,0.26218212
0,0.27608216
0,0.2814337
0,0.26971868
0,0.2914448
0,0.2855538
0,0.2970484
0,0.2985948
0,0.28475335
0,0.31703788
0,0.293847
0,0.2857798
0,0.27522913
0,0.27543938
0,0.27861866
0,0.2762519
0,0.28668234
0,0.2806029
0,0.27430007
0,0.3124618
0,0.28465095
0,0.34123155
0,0.2970876
0,0.289783
0,0.2799555
0,0.27460256
0,0.2702868
0,0.26826563
0,0.26452428
0,0.26413414
0,0.2619396
0,0.26314607
0,0.26296937
0,0.26019987
0,0.25899753
0,0.2628718
0,0.2643654
0,0.26360413
0,0.25836027
0,0.26926342
0,0.25979215
0,0.27213892
0,0.27343863
0,0.27521637
0,0.28594
0,0.28965637
0,0.28469503
0,0.2856475
0,0.28579956
0,0.2856722
0,0.37174767
0,0.31616616
0,0.30867448
0,0.30436897
0,0.28314236
0,0.2821786
0,0.28152087
0,0.2774125
0,0.27757764
0,0.2868297
0,0.27780914
0,0.27934492
0,0.27369267
0,0.27207765
0,0.33566877
0,0.29357263
0,0.28873855
0,0.28549576
0,0.28338882
0,0.274128
0,0.27047104
0,0.26953408
0,0.2695451
0,0.26483297
0,0.26302472
0,0.26847097
0,0.27351415
0,0.2756049
0,0.29107368
0,0.28418365
0,0.28160676
0,0.2783088
0,0.27788728
0,0.33986977
0,0.31060982
0,0.29140985
0,0.28276658
0,0.31528243
0,0.28623217
0,0.27871668
0,0.2874167
0,0.2793322
0,0.2671658
0,0.26680458
0,0.27232316
0,0.28260732
0,0.2740713
0,0.32066453
0,0.28948164
0,0.29457936
0,0.28925687
0,0.278652
0,0.269514
0,0.26890683
0,0.2743496
0,0.27691835
0,0.2765234
0,0.2770069
0,0.27644745
0,0.28475314
0,0.2712198
0,0.27486536
0,0.26666042
0,0.2728179
0,0.2736366
0,0.27338856
0,0.27940032
0,0.2742759
0,0.26614076
0,0.26994643
0,0.26908386
0,0.28077033
0,0.27263415
0,0.26381496
0,0.29218498
0,0.27179602
0,0.27869248
0,0.27388892
0,0.27971286
0,0.2824031
0,0.28379107
0,0.2821333
0,0.27594224
0,0.2772782
0,0.28201517
0,0.27789837
0,0.2770899
0,0.26755401
0,0.27113926
0,0.27140388
0,0.27347437
0,0.26658025
0,0.2734858
0,0.2689557
0,0.27175128
0,0.2750879
0,0.28835312
0,0.2746838
0,0.27156863
0,0.26835582
0,0.27055043
0,0.2963624
0,0.28774682
0,0.27592072
0,0.27129743
0,0.27240065
0,0.3161646
0,0.30974606
0,0.29391468
0,0.31398028
0,0.3204897
0,0.32434562
0,0.3003503
0,0.29958272
0,0.29517123
0,0.4350955
0,0.36084187
0,0.33653814
0,0.30519417
0,0.29070503
0,0.2804316
0,0.29606944
0,0.27813345
0,0.2808588
0,0.2868902
0,0.27211052
0,0.2899432
0,0.2853086
0,0.31047323
0,0.2864855
0,0.27423358
0,0.26929298
0,0.26793647
0,0.26951224
0,0.2636183
0,0.26070195
0,0.27414137
0,0.2618621
0,0.2631081
0,0.25680694
0,0.2696861
0,0.28054616
0,0.26403156
0,0.28021753
0,0.27886784
0,0.28572556
0,0.35164782
0,0.32961485
0,0.3118672
0,0.32299167
0,0.2998177
0,0.39762646
0,0.33047295
0,0.31830934
0,0.30490363
0,0.29691628
0,0.2886178
0,0.29233527
0,0.28137264
0,0.27881363
0,0.2761983
0,0.27357203
0,0.27741954
0,0.27357167
0,0.27192461
0,0.28345382
0,0.2834011
0,0.2816475
0,0.2861812
0,0.28404894
0,0.28722048
0,0.2851823
0,0.2890977
0,0.29010263
0,0.28442538
0,0.28234434
0,0.31008983
0,0.29706737
0,0.296345
0,0.29213887
0,0.28961757
0,0.33316997
0,0.30427983
0,0.28628954
0,0.28342333
0,0.27977297
0,0.3424599
0,0.29926217
0,0.2916347
0,0.28398496
0,0.27830142
0,0.2753607
0,0.27715468
0,0.27797315
0,0.28277698
0,0.27687943
0,0.2921178
0,0.27666762
0,0.27204943
0,0.28013846
0,0.2700845
0,0.2692497
0,0.27196902
0,0.27115786
0,0.27021986
0,0.2690278
0,0.28332785
0,0.27934915
0,0.29244813
0,0.29369846
0,0.2896478
0,0.2971398
0,0.2817165
0,0.28399873
0,0.2756011
0,0.29303983
0,0.28422233
0,0.29549944
0,0.2815659
0,0.2819959
0,0.3441164
0,0.28964013
0,0.28256628
0,0.28307587
0,0.281638
0,0.29031196
0,0.29052606
0,0.30884767
0,0.2819038
0,0.2748099
0,0.27575392
0,0.27482268
0,0.26862776
0,0.27083057
0,0.2747384
0,0.2794562
0,0.2736076
0,0.2715359
0,0.27217144
0,0.2702525
0,0.26399985
0,0.26703638
0,0.26618093
0,0.27424768
0,0.2690156
0,0.25953165
0,0.27893335
0,0.27769455
0,0.27674747
0,0.278382
0,0.28519765
0,0.2798056
0,0.2832383
0,0.27410027
0,0.28560957
0,0.27898136
0,0.27801046
0,0.2796064
0,0.27719527
0,0.2833609
0,0.27740157
0,0.27796614
0,0.28021353
0,0.2771031
0,0.27500784
0,0.27750963
0,0.28253198
0,0.2752678
0,0.35334232
0,0.32336944
0,0.30019486
0,0.28413498
0,0.27912965
0,0.27406085
0,0.28725207
0,0.27425116
0,0.27387702
0,0.26968968
0,0.27020466
0,0.31377274
0,0.2815874
0,0.30911213
0,0.31555334
0,0.32617354
0,0.36534986
0,0.31711835
0,0.3093209
0,0.30107006
0,0.28870344
0,0.31745127
0,0.30086687
0,0.31112072
0,0.28681266
0,0.29095766
0,0.3230918
0,0.28758752
0,0.28757903
0,0.29901338
0,0.2788256
0,0.28565457
0,0.27312735
0,0.27317572
0,0.27499086
0,0.26388523
0,0.27357075
0,0.27294564
0,0.26124844
0,0.2662018
0,0.25840208
0,0.25738832
0,0.27053976
0,0.26760706
0,0.26908156
0,0.27108872
0,0.26318312
0,0.2651426
0,0.3052533
0,0.2801459
0,0.27839953
0,0.28017566
0,0.2643904
0,0.27455392
0,0.27636638
0,0.26911247
0,0.27337062
0,0.2748298
0,0.27574497
0,0.2784523
0,0.2760825
0,0.27646166
0,0.27562118
0,0.27534178
0,0.2796319
0,0.28254414
0,0.280454
0,0.27842164
0,0.2742877
0,0.27318975
0,0.26950413
0,0.27145702
0,0.27336144
0,0.27021065
0,0.2725532
0,0.3289654
0,0.2938769
0,0.2832897
0,0.27696478
0,0.27049717
0,0.31678283
0,0.28593606
0,0.27735633
0,0.31433442
0,0.28561175
0,0.30965012
0,0.28310934
0,0.27469066
0,0.28280044
0,0.29138038
0,0.2734023
0,0.28556013
0,0.27570203
0,0.27245772
0,0.30316302
0,0.29870793
0,0.2960487
0,0.2892035
0,0.29518032
0,0.2909475
0,0.28038037
0,0.33543074
0,0.30477998
0,0.2926513
0,0.2783751
0,0.2756728
0,0.31609222
0,0.2941396
0,0.2869217
0,0.2898483
0,0.27272496
0,0.30364
0,0.27528667
0,0.28320357
0,0.27533433
0,0.26412678
0,0.29245752
0,0.27528015
0,0.26306123
0,0.25821975
0,0.2694804
0,0.29601192
0,0.2670914
0,0.26814744
0,0.2785388
0,0.29910946
0,0.32505122
0,0.30676812
0,0.2998597
0,0.29053658
0,0.28502315
0,0.3260649
0,0.32817757
0,0.31221732
0,0.31373408
0,0.3066917
0,0.32155678
0,0.30563265
0,0.2823634
0,0.27911234
0,0.27417856
0,0.27931112
0,0.27919716
0,0.277878
0,0.2869301
0,0.2957485
0,0.29245722
0,0.29223967
0,0.28769478
0,0.27498204
0,0.28851745
0,0.2854584
0,0.28131253
0,0.27806753
0,0.28582487
0,0.3027345
0,0.28836766
0,0.28729698
0,0.28158697
0,0.32957292
0,0.30731344
0,0.315313
0,0.30057177
0,0.3093651
0,0.31432888
0,0.33385694
0,0.32682782
0,0.33910066
0,0.33179486
0,0.31676057
0,0.31383693
0,0.30139896
0,0.3000049
0,0.28650695
0,0.2781894
0,0.29918957
0,0.2891523
0,0.27116072
0,0.30273977
0,0.29331806
0,0.26580575
0,0.26626077
0,0.24935982
0,0.25216952
0,0.24741569
0,0.26580268
0,0.24908239
0,0.29582524
0,0.27837673
0,0.2700469
0,0.26771665
0,0.25786498
0,0.28749463
0,0.2820941
0,0.27101013
0,0.27751607
0,0.29221305
0,0.29693657
0,0.29296958
0,0.2917509
0,0.2846625
0,0.29114988
0,0.28841266
0,0.28763774
0,0.28768837
0,0.29818588
0,0.34822693
0,0.31112772
0,0.29408723
0,0.2919938
0,0.28234726
0,0.2891678
0,0.28867224
0,0.28856412
0,0.26866904
0,0.27651957
0,0.28293183
0,0.29612833
0,0.28827393
0,0.28601924
0,0.2853595
0,0.283779
0,0.28374687
0,0.28894788
0,0.2799963
0,0.28081942
0,0.29210314
0,0.28861648
0,0.27398032
0,0.29046446
0,0.28467837
0,0.28162414
0,0.2870918
0,0.2740587
0,0.2753563
0,0.27384076
0,0.2677761
0,0.2661129
0,0.26773515
0,0.26160216
0,0.2601769
0,0.26651686
0,0.26810056
0,0.2625929
0,0.26821715
0,0.28690356
0,0.2683228
0,0.26753956
0,0.26042306
0,0.25935546
0,0.27532834
0,0.2648428
0,0.27956897
0,0.2639261
0,0.25792286
0,0.2749502
0,0.28388977
0,0.29065573
0,0.28169903
0,0.28369775
0,0.27406698
0,0.29768798
0,0.28700817
0,0.28108987
0,0.28638113
0,0.27921972
0,0.29176652
0,0.27884147
0,0.2792697
0,0.274247
0,0.27247715
0,0.27893552
0,0.28581294
0,0.27503622
0,0.27793372
0,0.28104916
0,0.27763686
0,0.2766086
0,0.28113115
0,0.2763208
0,0.27287194
0,0.27593222
0,0.27755168
0,0.2699637
0,0.27439883
0,0.28289276
0,0.28106833
0,0.27363062
0,0.27598235
0,0.275616
0,0.28343987
0,0.27875975
0,0.27838647
0,0.26996598
0,0.27721846
0,0.3559727
0,0.3063725
0,0.29963577
0,0.30839702
0,0.33558926
0,0.31022635
0,0.29880998
0,0.29098076
0,0.29922733
0,0.3026728
0,0.2961573
0,0.27535316
0,0.27536458
0,0.2897189
0,0.2873455
0,0.28119037
0,0.3028408
0,0.28480205
0,0.2897326
0,0.2762208
0,0.2868386
0,0.28665945
0,0.2866823
0,0.2897131
0,0.28867114
0,0.28074974
0,0.3004381
0,0.283793
0,0.29886466
0,0.28222513
0,0.2993842
0,0.28517622
0,0.27056652
0,0.30288002
0,0.29645708
0,0.28047594
0,0.26969954
0,0.27551952
0,0.33437237
0,0.28836846
0,0.3016664
0,0.2885422
0,0.30488956
0,0.37025464
0,0.3242937
0,0.3135755
0,0.30351928
0,0.30182746
0,0.28648806
0,0.2821622
0,0.2861339
0,0.2917291
0,0.2795349
0,0.33620498
0,0.30818045
0,0.29740006
0,0.28345224
0,0.28418046
0,0.3113631
0,0.29327685
0,0.27868685
0,0.2841503
0,0.2887747
0,0.2937348
0,0.27842265
0,0.30850527
0,0.29865143
0,0.29477474
0,0.30622104
0,0.28698486
0,0.28604603
0,0.28329074
0,0.27444485
0,0.31951922
0,0.30446646
0,0.2879541
0,0.28556475
0,0.29237968
0,0.31775904
0,0.30046907
0,0.28705353
0,0.29592595
0,0.28060892
0,0.3166801
0,0.3017531
0,0.30051106
0,0.28821632
0,0.28104877
0,0.3100494
0,0.28242043
0,0.2859036
0,0.27758983
0,0.28897458
0,0.324938
0,0.3194668
0,0.29455847
0,0.30124107
0,0.2871703
0,0.31394398
0,0.29663274
0,0.30372053
0,0.29301202
0,0.28695703
0,0.3154063
0,0.28091693
0,0.29000965
0,0.2745971
0,0.2713459
0,0.29092535
0,0.2768908
0,0.27015105
0,0.2664638
0,0.25882512
0,0.27209905
0,0.25852385
0,0.34512347
0,0.31359905
0,0.3155409
0,0.2958996
0,0.30019104
0,0.30151647
0,0.30578244
0,0.30076644
0,0.295504
0,0.33999574
0,0.31648597
0,0.29422426
0,0.29764327
0,0.29642457
0,0.31465048
0,0.2921606
0,0.28192627
0,0.28489423
0,0.28298774
0,0.29848975
0,0.28207818
0,0.28597164
0,0.28133723
0,0.28143635
0,0.31817815
0,0.28967583
0,0.28926066
0,0.28087476
0,0.27011627
0,0.28862637
0,0.28334275
0,0.27888554
0,0.27699602
0,0.27589017
0,0.2937319
0,0.31763417
0,0.30600217
0,0.29098684
0,0.28961137
0,0.3220421
0,0.28626868
0,0.29127482
0,0.28831145
0,0.2756895
0,0.3227633
0,0.30522433
0,0.3026952
0,0.29013917
0,0.284152
0,0.31867012
0,0.30586717
0,0.2914346
0,0.29578045
0,0.28027037
0,0.32308072
0,0.30936807
0,0.29537863
0,0.2877672
0,0.29817206
0,0.29227698
0,0.27655306
0,0.2831899
0,0.27118888
0,0.28163746
0,0.28275925
0,0.27034718
0,0.27649677
0,0.2817363
0,0.27291024
0,0.28596753
0,0.27513838
0,0.26923096
0,0.26854655
0,0.26503986
0,0.2625715
0,0.2842601
0,0.28571963
0,0.2794324
0,0.30739343
0,0.28707603
0,0.28357074
0,0.28756654
0,0.29737774
0,0.30286968
0,0.30666894
0,0.31734642
0,0.3198616
0,0.30166647
0,0.32122633
0,0.3005898
0,0.28657418
0,0.29482418
0,0.28820455
0,0.2859497
0,0.28452545
0,0.28893545
0,0.27596352
0,0.2813357
0,0.27185708
0,0.28035688
0,0.2695524
0,0.65609336
0,0.46231398
0,0.3961884
0,0.378753
0,0.32800958
0,0.3057717
0,0.29086548
0,0.33296892
0,0.3127049
0,0.28016436
0,0.2734983
0,0.26941887
0,0.26651862
0,0.2605604
0,0.256024
0,0.26115036
0,0.25747272
0,0.25647202
0,0.22454944
0,0.21030597
0,0.1916599
0,0.18525663
0,0.18676245
0,0.20005478
0,0.20172054
0,0.20774618
0,0.21985647
0,0.22515486
0,0.27768248
0,0.25989982
0,0.28888038
0,0.28653562
0,0.27846727
0,0.30982617
0,0.2850597
0,0.27419147
0,0.28695673
0,0.29028943
0,0.33552366
0,0.2979741
0,0.30475125
0,0.27964014
0,0.27027988
0,0.27217075
0,0.2674328
0,0.26016828
0,0.2730262
0,0.2735301
0,0.2661839
0,0.28549597
0,0.2737806
0,0.2627045
0,0.28391623
0,0.2792813
0,0.29290348
0,0.28483653
0,0.27135542
0,0.2862458
0,0.3310269
0,0.30561647
0,0.29491222
0,0.2939177
0,0.2917469
0,0.31483653
0,0.2979018
0,0.30434352
0,0.29391527
0,0.2905157
0,0.31404397
0,0.29298925
0,0.28519705
0,0.2768308
0,0.2857072
0,0.2733562
0,0.2781215
0,0.27818456
0,0.28211913
0,0.2785505
0,0.27752787
0,0.27604532
0,0.27511206
0,0.2755676
0,0.26716927
0,0.27542448
0,0.27124763
0,0.26424497
0,0.26777348
0,0.27434185
0,0.3012204
0,0.28082114
0,0.2934246
0,0.2841442
0,0.28799498
0,0.3402841
0,0.33310413
0,0.3352303
0,0.3324914
0,0.31213793
0,0.3470749
0,0.29669198
0,0.30660844
0,0.31034788
0,0.28419793
0,0.31475884
0,0.288853
0,0.27491388
0,0.2942238
0,0.27253628
0,0.30571648
0,0.3196042
0,0.31297982
0,0.29949033
0,0.30337605
0,0.3165769
0,0.28938943
0,0.28205353
0,0.26512057
0,0.26064464
0,0.2743026
0,0.2660414
0,0.26838136
0,0.26665717
0,0.26042894
0,0.29923773
0,0.28827447
0,0.28048265
0,0.27661574
0,0.27236795
0,0.32114962
0,0.29379416
0,0.2859502
0,0.2810292
0,0.27586177
0,0.346354
0,0.29512227
0,0.2779142
0,0.27089885
0,0.2560387
0,0.26267844
0,0.28062165
0,0.27826306
0,0.26703125
0,0.26843244
0,0.26892364
0,0.2643698
0,0.26365295
0,0.2615925
0,0.27174345
0,0.2711012
0,0.26646063
0,0.2641079
0,0.26570117
0,0.26089844
0,0.27219442
0,0.2631499
0,0.27258715
0,0.2737652
0,0.29491305
0,0.2835293
0,0.29373378
0,0.28588217
0,0.28424507
0,0.2784703
0,0.29213542
0,0.27884483
0,0.28037223
0,0.27441877
0,0.29511034
0,0.28118965
0,0.27972448
0,0.2770384
0,0.270411
0,0.2683527
0,0.28041553
0,0.26887813
0,0.2793217
0,0.26887453
0,0.26545945
0,0.3326938
0,0.29400143
0,0.2860803
0,0.27609506
0,0.29387173
0,0.27488777
0,0.281946
0,0.27342528
0,0.26901096
0,0.2623683
0,0.2750123
0,0.28406438
0,0.270798
0,0.2772914
0,0.2677534
0,0.2595615
0,0.26342613
0,0.2676682
0,0.27795687
0,0.28746608
0,0.27816996
0,0.27736306
0,0.28311855
0,0.287176
0,0.28747904
0,0.3398915
0,0.30769247
0,0.30785146
0,0.30929124
0,0.30546755
0,0.3802996
0,0.31526053
0,0.3115755
0,0.29884434
0,0.2860694
0,0.28776312
0,0.28563818
0,0.28695562
0,0.28012764
0,0.28645024
0,0.28906208
0,0.28800836
0,0.28725216
0,0.28255263
0,0.283326
0,0.26978824
0,0.2716656
0,0.26315793
0,0.2626448
0,0.29897377
0,0.32929698
0,0.3489778
0,0.3589624
0,0.45730168
0,0.48360994
0,0.5352306
0,0.5604348
0,0.643125
0,0.6270879
0,0.5957373
0,0.5642103
0,0.49084112
0,0.37992483
0,0.34434828
0,0.3363321
0,0.33746573
0,0.29131275
0,0.24418399
0,0.22572066
0,0.22254457
0,0.21269764
0,0.18746774
0,0.17310329
0,0.15049547
0,0.1475192
0,0.14455001
0,0.15014468
0,0.14630385
0,0.13363354
0,0.14086927
0,0.14377367
0,0.13839841
0,0.1393393
0,0.13518995
0,0.12877743
0,0.13546495
0,0.13068114
0,0.13179283
0,0.13234237
0,0.13927253
0,0.15399368
0,0.15115763
0,0.15895604
0,0.16742659
0,0.18415423
0,0.22096376
0,0.22688766
0,0.23901579
0,0.25016725
0,0.26136056
0,0.31245226
0,0.28379107
0,0.28503853
0,0.2744875
0,0.27089423
0,0.3316618
0,0.30131087
0,0.28744036
0,0.2787438
0,0.28292316
0,0.3270922
0,0.29800132
0,0.3068962
0,0.29312122
0,0.29280353
0,0.31307524
0,0.2995135
0,0.2871446
0,0.2793699
0,0.2805433
0,0.2925599
0,0.27284646
0,0.26561022
0,0.26523197
0,0.26596496
0,0.2909302
0,0.2798728
0,0.26856306
0,0.26392886
0,0.27358747
0,0.3111866
0,0.28431752
0,0.2787865
0,0.2914635
0,0.2782857
0,0.31454167
0,0.28607038
0,0.27935225
0,0.28330815
0,0.27439842
0,0.29911608
0,0.2833648
0,0.27505884
0,0.27965152
0,0.28347796
0,0.303966
0,0.28622982
0,0.27918762
0,0.2838845
0,0.2709989
0,0.31040576
0,0.28409317
0,0.28268495
0,0.28819022
0,0.2708747
0,0.33845052
0,0.2911994
0,0.28500122
0,0.27976382
0,0.2723247
0,0.26331413
0,0.28295115
0,0.29078877
0,0.29457164
0,0.2922409
0,0.29927528
0,0.29435706
0,0.29673374
0,0.3053084
0,0.29732257
0,0.29962724
0,0.286848
0,0.2836483
0,0.2990217
0,0.29268658
0,0.2820847
0,0.29133356
0,0.29652652
0,0.29304495
0,0.29698908
0,0.28155288
0,0.28698444
0,0.28909853
0,0.29236427
0,0.29081276
0,0.3265267
0,0.30866674
0,0.29198566
0,0.2803352
0,0.28365934
0,0.29362822
0,0.28970566
0,0.30846393
0,0.2981549
0,0.2807894
0,0.31072083
0,0.30727124
0,0.3176056
0,0.2982371
0,0.31019986
0,0.2942993
0,0.28611842
0,0.27379423
0,0.268052
0,0.2896738
0,0.28135425
0,0.3017067
0,0.28446943
0,0.30082503
0,0.3200855
0,0.29248565
0,0.29874784
0,0.28307864
0,0.2874924
0,0.28235152
0,0.30265093
0,0.28622445
0,0.2813474
0,0.28141427
0,0.28245535
0,0.28195998
0,0.27766767
0,0.32274407
0,0.2926867
0,0.28465483
0,0.2920553
0,0.26917964
0,0.27596882
0,0.27191034
0,0.26510972
0,0.26863834
0,0.28392658
0,0.2686598
0,0.27365166
0,0.27313307
0,0.27406964
0,0.28169537
0,0.2732912
0,0.2724744
0,0.26826155
0,0.29658058
0,0.27143273
0,0.2833184
0,0.2909111
0,0.27410343
0,0.31693098
0,0.28459144
0,0.27614796
0,0.295652
0,0.28327817
0,0.28612402
0,0.28279367
0,0.27803406
0,0.28763247
0,0.290321
0,0.34633282
0,0.3107027
0,0.30417982
0,0.30143642
0,0.2899167
0,0.33387044
0,0.30262443
0,0.29938164
0,0.28337693
0,0.2882358
0,0.33167517
0,0.2990328
0,0.28963158
0,0.29056588
0,0.28384227
0,0.3520961
0,0.30969223
0,0.30142748
0,0.28954703
0,0.2871305
0,0.2797922
0,0.27248052
0,0.26422912
0,0.2813196
0,0.2719201
0,0.2760601
0,0.27627742
0,0.276048
0,0.27236274
0,0.29134664
0,0.27914426
0,0.28289002
0,0.30220446
0,0.31474862
0,0.3079912
0,0.29276252
0,0.28265446
0,0.2890324
0,0.28181285
0,0.29542658
0,0.2824503
0,0.27217972
0,0.27931207
0,0.2685313
0,0.28170973
0,0.27270374
0,0.27045798
0,0.2690378
0,0.26866037
0,0.27322438
0,0.26427093
0,0.27461082
0,0.26563448
0,0.28577557
0,0.27599892
0,0.26653382
0,0.27990633
0,0.27931756
0,0.27370697
0,0.26794386
0,0.25961098
0,0.27080214
0,0.25813392
0,0.2743675
0,0.2998966
0,0.32004315
0,0.3074143
0,0.30457512
0,0.29408902
0,0.29324612
0,0.31424326
0,0.28476447
0,0.2899562
0,0.29366314
0,0.28956518
0,0.3580607
0,0.31288058
0,0.30726162
0,0.2982428
0,0.2925805
0,0.28870562
0,0.2970786
0,0.29556507
0,0.29869086
0,0.2851903
0,0.28146905
0,0.28089723
0,0.29357177
0,0.30742234
0,0.2925031
0,0.28019053
0,0.27978313
0,0.27899382
0,0.27302662
0,0.2799391
0,0.26802197
0,0.27075893
0,0.26310146
0,0.27458376
0,0.26355895
0,0.2605874
0,0.2808753
0,0.27580753
0,0.2769037
0,0.28081155
0,0.28032824
0,0.28809413
0,0.2758302
0,0.2992821
0,0.28382885
0,0.27922672
0,0.27297875
0,0.2789112
0,0.32322982
0,0.29062977
0,0.28514504
0,0.27568513
0,0.27010298
0,0.30661932
0,0.28297776
0,0.28742352
0,0.28417134
0,0.27955192
0,0.2783606
0,0.2712405
0,0.64543307
0,0.504084
0,0.43516123
0,0.38981986
0,0.3335023
0,0.31352094
0,0.29263648
0,0.29430884
0,0.29070744
0,0.28841347
0,0.29545286
0,0.2735539
0,0.27186465
0,0.2670137
0,0.2672127
0,0.25365433
0,0.23990817
0,0.2208061
0,0.20912859
0,0.20197934
0,0.19091605
0,0.19590695
0,0.21714517
0,0.22064812
0,0.22919907
0,0.23416224
0,0.2416902
0,0.26314762
0,0.25659028
0,0.25745097
0,0.27898625
0,0.27860492
0,0.32612664
0,0.29495764
0,0.29712412
0,0.28085873
0,0.27122998
0,0.2656058
0,0.27905732
0,0.26679602
0,0.27012116
0,0.26810852
0,0.2685521
0,0.26850614
0,0.28162634
0,0.27272415
0,0.28888613
0,0.29470158
0,0.33127606
0,0.2957466
0,0.28984198
0,0.28525808
0,0.28439134
0,0.27397
0,0.27811193
0,0.27454954
0,0.2824749
0,0.27576417
0,0.28495416
0,0.2776654
0,0.2693823
0,0.26669484
0,0.26233244
0,0.26027003
0,0.26275456
0,0.26316005
0,0.27141792
0,0.26150724
0,0.2647286
0,0.26625004
0,0.27356243
0,0.2833801
0,0.26554504
0,0.26020128
0,0.26034573
0,0.25586066
0,0.25312623
0,0.25534078
0,0.26693073
0,0.2671725
0,0.27775607
0,0.27476984
0,0.2860389
0,0.28467873
0,0.2907748
0,0.28602353
0,0.29696715
0,0.28724226
0,0.28885618
0,0.2779765
0,0.28277466
0,0.2832178
0,0.28351316
0,0.2841234
0,0.28093833
0,0.2837361
0,0.28064132
0,0.28596646
0,0.2787581
0,0.27198613
0,0.30301458
0,0.28525603
0,0.2824234
0,0.2873406
0,0.28340018
0,0.27448592
0,0.27961677
0,0.33783457
0,0.2983388
0,0.28033504
0,0.29538494
0,0.28614607
0,0.30905616
0,0.29286423
0,0.2920073
0,0.3906209
0,0.40477017
0,0.3914143
0,0.33989802
0,0.45970944
0,0.3832155
0,0.46930033
0,0.56024146
0,0.627885
0,0.6133292
0,0.5536593
0,0.44335362
0,0.544109
0,0.57938313
0,0.61883044
0,0.6634666
0,0.60457516
0,0.5175042
0,0.4126224
0,0.5075848
0,0.38757193
0,0.43838918
0,0.48869887
0,0.47785896
0,0.5433339
0,0.4723287
0,0.34232372
0,0.45823136
0,0.50749385
0,0.5430194
0,0.6151164
0,0.6332173
0,0.6368263
0,0.53858817
0,0.4400118
0,0.32336894
0,0.41378802
0,0.28295705
0,0.4551178
0,0.5190004
0,0.50497127
0,0.44532374
0,0.37398544
0,0.47804517
0,0.5359751
0,0.5805855
0,0.61402225
0,0.5474347
0,0.62595
0,0.4803874
0,0.5981076
0,0.60254836
0,0.6069758
0,0.6094383
0,0.49068236
0,0.54045546
0,0.39979315
0,0.3880763
0,0.30712843
0,0.3292231
0,0.25868395
0,0.21742697
0,0.20881127
0,0.19591527
0,0.21118572
0,0.17975943
0,0.16829969
0,0.15398048
0,0.15329145
0,0.15042445
0,0.14534262
0,0.14572461
0,0.1441011
0,0.13590768
0,0.13925092
0,0.13894498
0,0.13482492
0,0.12524992
0,0.13179773
0,0.12756559
0,0.13084881
0,0.13281223
0,0.14333278
0,0.15107831
0,0.15529507
0,0.16215003
0,0.16863729
0,0.17535406
0,0.1888678
0,0.201297
0,0.21583876
0,0.22006372
0,0.24978934
0,0.264608
0,0.3257916
0,0.29523998
0,0.28888097
0,0.28991765
0,0.28840882
0,0.33109057
0,0.30202833
0,0.29024848
0,0.28963527
0,0.2852059
0,0.34653783
0,0.31609932
0,0.32718727
0,0.30138588
0,0.29855427
0,0.3389388
0,0.30392802
0,0.2938368
0,0.28716713
0,0.28349218
0,0.2804347
0,0.28682244
0,0.2781398
0,0.2819599
0,0.2762512
0,0.27127624
0,0.25992
0,0.26323524
0,0.266028
0,0.27507347
0,0.27647498
0,0.27980986
0,0.30009386
0,0.2811645
0,0.28132597
0,0.277656
0,0.27760068
0,0.28100076
0,0.27332973
0,0.2797422
0,0.27364966
0,0.2991333
0,0.27967584
0,0.2763271
0,0.28704175
0,0.28756252
0,0.29772776
0,0.27336788
0,0.27164882
0,0.28272465
0,0.28606576
0,0.29844353
0,0.35332298
0,0.3289518
0,0.31803975
0,0.28934574
0,0.30878457
0,0.29290637
0,0.30156925
0,0.32980007
0,0.29992363
0,0.29044393
0,0.3170132
0,0.2812728
0,0.29371467
0,0.27189732
0,0.2757301
0,0.26361853
0,0.25813332
0,0.2543994
0,0.2765979
0,0.29769665
0,0.2852614
0,0.27788824
0,0.2748305
0,0.28227615
0,0.41744018
0,0.48957273
0,0.55592865
0,0.4159944
0,0.511451
0,0.53278327
0,0.49233365
0,0.43717963
0,0.34542972
0,0.49551463
0,0.6022897
0,0.64234114
0,0.5486764
0,0.46895635
0,0.35968304
0,0.26485386
0,0.37976548
0,0.42605913
0,0.36424378
0,0.4054215
0,0.26346707
0,0.25436914
0,0.2109838
0,0.16656777
0,0.2562204
0,0.32938176
0,0.37460846
0,0.40187487
0,0.24268745
0,0.2442582
0,0.20575285
0,0.16261181
0,0.14431159
0,0.25332826
0,0.36955777
0,0.39498433
0,0.3701133
0,0.26720488
0,0.22193766
0,0.31648535
0,0.43898356
0,0.48973706
0,0.5063498
0,0.49490553
0,0.46195614
0,0.32924393
0,0.27724582
0,0.38789788
0,0.26992974
0,0.80321187
0,0.51289546
0,0.55077815
0,0.50102556
0,0.41901425
0,0.30569822
0,0.4346537
0,0.4918927
0,0.5392895
0,0.5348279
0,0.3630733
0,0.3840507
0,0.32257047
0,0.25265178
0,0.46899012
0,0.48784435
0,0.5010272
0,0.52000874
0,0.478419
0,0.41370243
0,0.3423443
0,0.26572192
0,0.21798742
0,0.3107431
0,0.4075906
0,0.4809285
0,0.44973564
0,0.39656445
0,0.32157657
0,0.2224982
0,0.17706934
0,0.15517022
0,0.2458102
0,0.3125764
0,0.33237177
0,0.30219278
0,0.24604325
0,0.3655417
0,0.23893176
0,0.18544124
0,0.29510996
0,0.36574078
0,0.3475346
0,0.32002264
0,0.25046283
0,0.18616681
0,0.30161062
0,0.406752
0,0.49433076
0,0.54059196
0,0.48221433
0,0.41335997
0,0.31871656
0,0.23717815
0,0.39748645
0,0.42104077
0,0.29547262
0,0.38556454
0,0.4137017
0,0.36211997
0,0.29690924
0,0.22950596
0,0.3851426
0,0.4620054
0,0.52822304
0,0.48097834
0,0.4429886
0,0.37196535
0,0.29890323
0,0.4161741
0,0.47687677
0,0.8610457
0,0.6014949
0,0.48713538
0,0.37415916
0,0.30859923
0,0.24289976
0,0.2400609
0,0.19111536
0,0.16323067
0,0.15086187
0,0.1368709
0,0.13944362
0,0.13149908
0,0.13156584
0,0.12765092
0,0.12828717
0,0.12867855
0,0.12878866
0,0.12887943
0,0.1322504
0,0.13086739
0,0.13237697
0,0.13540225
0,0.13777371
0,0.13654216
0,0.13425483
0,0.13584
0,0.13730016
0,0.15429106
0,0.21775869
0,0.28874823
0,0.2908985
0,0.29785338
0,0.29796392
0,0.29927814
0,0.29027504
0,0.2854776
0,0.28187862
0,0.2805616
0,0.28361577
0,0.3033569
0,0.29039645
0,0.28356096
0,0.2834213
0,0.28583336
0,0.2870526
0,0.28324816
0,0.2764183
0,0.27420127
0,0.2721853
0,0.27906403
0,0.29824194
0,0.32891956
0,0.30651894
0,0.28833565
0,0.29155555
0,0.28304172
0,0.33721888
0,0.32565573
0,0.3208587
0,0.32006907
0,0.31164142
0,0.32278177
0,0.3034757
0,0.3031689
0,0.29136842
0,0.29598787
0,0.31552482
0,0.3003965
0,0.29776627
0,0.28873518
0,0.28330445
0,0.30219868
0,0.289105
0,0.2839993
0,0.2780296
0,0.271327
0,0.27345625
0,0.2783557
0,0.2681203
0,0.2559714
0,0.2569286
0,0.28259394
0,0.2604315
0,0.27525416
0,0.28997082
0,0.28541508
0,0.30024543
0,0.29314682
0,0.29000622
0,0.29110742
0,0.28968182
0,0.28882885
0,0.28623497
0,0.28536096
0,0.28902715
0,0.28627047
0,0.30802566
0,0.3985868
0,0.33234605
0,0.31273177
0,0.31955847
0,0.32901213
0,0.33115512
0,0.30381468
0,0.35307816
0,0.3323577
0,0.33827254
0,0.31434804
0,0.29114565
0,0.28496894
0,0.27563232
0,0.2684527
0,0.2638473
0,0.2572803
0,0.26124054
0,0.25548244
0,0.24857232
0,0.24446943
0,0.2503979
0,0.24327745
0,0.23837855
0,0.25410044
0,0.2571625
0,0.2613613
0,0.2686823
0,0.26993346
0,0.28453726
0,0.28472397
0,0.28312752
0,0.2962761
0,0.3007596
0,0.30271447
0,0.29187322
0,0.27824664
0,0.28597963
0,0.28701907
0,0.281425
0,0.28077778
0,0.29400024
0,0.28553104
0,0.27118522
0,0.29644206
0,0.29849088
0,0.28878576
0,0.27206203
0,0.27579916
0,0.27496582
0,0.27398425
0,0.28861368
0,0.29314476
0,0.28205052
0,0.26776832
0,0.27125925
0,0.25916833
0,0.27813953
0,0.27156729
0,0.28441212
0,0.32765505
0,0.3152679
0,0.28991878
0,0.3472487
0,0.34124604
0,0.32659927
0,0.43704495
0,0.526683
0,0.5775613
0,0.6481646
0,0.74688005
0,0.72510445
0,0.63997483
0,0.49837747
0,0.41018337
0,0.5286441
0,0.5758196
0,0.58405113
0,0.5186869
0,0.43647343
0,0.34760123
0,0.25293544
0,0.38313156
0,0.23999898
0,0.32836336
0,0.36387238
0,0.33292848
0,0.28395677
0,0.34075272
0,0.22287649
0,0.37726158
0,0.2388766
0,0.35536882
0,0.41498646
0,0.4253333
0,0.29988828
0,0.33414626
0,0.3118178
0,0.24626286
0,0.19865553
0,0.3069783
0,0.38023326
0,0.4082634
0,0.4243187
0,0.38150835
0,0.32794946
0,0.26528224
0,0.3706393
0,0.27028418
0,0.36450985
0,0.39944005
0,0.40739384
0,0.36880547
0,0.25900143
0,0.20080252
0,0.17315093
0,0.27880883
0,0.37761042
0,0.41301647
0,0.3998262
0,0.39541927
0,0.2720987
0,0.21607235
0,0.16622163
0,0.1467555
0,0.13422506
0,0.12715289
0,0.13321494
0,0.1258837
0,0.12782206
0,0.12426546
0,0.120947026
0,0.12319484
0,0.13040434
0,0.13120718
0,0.13360387
0,0.13530484
0,0.14000821
0,0.14836527
0,0.15746517
0,0.1660978
0,0.16608061
0,0.16522005
0,0.17853113
0,0.19488816
0,0.20442139
0,0.24048115
0,0.27634048
0,0.2859666
0,0.28471026
0,0.27793074
0,0.26991242
0,0.303755
0,0.28175673
0,0.27434435
0,0.27976736
0,0.27686056
0,0.27150548
0,0.27837858
0,0.2700285
0,0.2717125
0,0.26360852
0,0.2696159
0,0.2608001
0,0.282193
0,0.2888607
0,0.27617893
0,0.2877159
0,0.2867528
0,0.28001156
0,0.28010312
0,0.31242964
0,0.2895766
0,0.2793527
0,0.28243712
0,0.2784904
0,0.31533602
0,0.29025304
0,0.27930844
0,0.28066596
0,0.2718012
0,0.2667033
0,0.27054667
0,0.2692107
0,0.26773605
0,0.26811075
0,0.26539668
0,0.26080257
0,0.26509205
0,0.26297328
0,0.2652705
0,0.27126297
0,0.2737784
0,0.2800862
0,0.27817598
0,0.28147325
0,0.28431037
0,0.26729646
0,0.27495193
0,0.27620012
0,0.26723793
0,0.27181292
0,0.27230927
0,0.28576764
0,0.42061368
0,0.3557632
0,0.32299897
0,0.32462296
0,0.30173442
0,0.29462832
0,0.2934176
0,0.28203526
0,0.27719307
0,0.27838084
0,0.277766
0,0.2885163
0,0.27972385
0,0.27821288
0,0.2776626
0,0.26372105
0,0.30259678
0,0.2758102
0,0.26350892
0,0.27171013
0,0.27306613
0,0.32164067
0,0.28305304
0,0.2843388
0,0.278872
0,0.28072965
0,0.27683973
0,0.26695174
0,0.2716661
0,0.26326466
0,0.2685193
0,0.260439
0,0.27224326
0,0.27518272
0,0.27057397
0,0.27008638
0,0.27724293
0,0.2763272
0,0.29105031
0,0.27685547
0,0.2984533
0,0.33186245
0,0.31106883
0,0.30012643
0,0.29796556
0,0.28143048
0,0.28321648
0,0.2765082
0,0.26967072
0,0.26703578
0,0.26927274
0,0.2632006
0,0.26085582
0,0.27501753
0,0.27557448
0,0.27252862
0,0.27354985
0,0.27754897
0,0.27786463
0,0.2704559
0,0.28921297
0,0.31177533
0,0.30100513
0,0.2907689
0,0.28990883
0,0.2835606
0,0.3167459
0,0.28118765
0,0.2830362
0,0.2786307
0,0.27559254
0,0.30226701
0,0.28864974
0,0.2936934
0,0.29910004
0,0.2830761
0,0.30264595
0,0.281713
0,0.28179717
0,0.28121048
0,0.27951705
0,0.31869975
0,0.29868647
0,0.32636252
0,0.32896498
0,0.33070073
0,0.8350876
0,0.69191396
0,0.6009983
0,0.5212171
0,0.47480464
0,0.4208869
0,0.34768578
0,0.30158287
0,0.23016751
0,0.18852077
0,0.1672798
0,0.15048425
0,0.14008339
0,0.13833375
0,0.13148345
0,0.12812926
0,0.12895201
0,0.12888901
0,0.12916593
0,0.13500123
0,0.1380523
0,0.1507317
0,0.16459447
0,0.1737925
0,0.18793721
0,0.20112717
0,0.22411896
0,0.24590212
0,0.25966257
0,0.27145246
0,0.273906
0,0.304414
0,0.34055686
0,0.29612216
0,0.3052455
0,0.28591684
0,0.29005677
0,0.30729467
0,0.29993635
0,0.2890735
0,0.29673305
0,0.30168355
0,0.29474115
0,0.29387578
0,0.29001418
0,0.29229468
0,0.29047212
0,0.28628466
0,0.28538692
0,0.31557018
0,0.2944213
0,0.28902242
0,0.2774081
0,0.2748736
0,0.3428552
0,0.30660057
0,0.28927925
0,0.28361306
0,0.27810252
0,0.2847121
0,0.27808696
0,0.2842669
0,0.27971888
0,0.2783065
0,0.28225267
0,0.29276338
0,0.27951965
0,0.2786573
0,0.27439848
0,0.27744555
0,0.27801186
0,0.26795658
0,0.26896092
0,0.26837912
0,0.26379985
0,0.28159013
0,0.2787373
0,0.28969094
0,0.3109338
0,0.28931585
0,0.28330785
0,0.27982542
0,0.29346254
0,0.2940577
0,0.29062632
0,0.2810349
0,0.28642744
0,0.2878418
0,0.27948153
0,0.28413624
0,0.28645647
0,0.28474602
0,0.2837617
0,0.2908404
0,0.28369367
0,0.26791865
0,0.27456343
0,0.26863107
0,0.26476014
0,0.26180875
0,0.2685647
0,0.2620008
0,0.28339273
0,0.28438565
0,0.26940164
0,0.26362336
0,0.28569657
0,0.28363204
0,0.28420106
0,0.28578869
0,0.2858951
0,0.28811342
0,0.29969805
0,0.29738852
0,0.33906257
0,0.30531868
0,0.32181582
0,0.30461293
0,0.2968686
0,0.29900822
0,0.29429772
0,0.293469
0,0.28878474
0,0.28314906
0,0.28387797
0,0.28359592
0,0.29537168
0,0.28786233
0,0.28093988
0,0.28084558
0,0.27679828
0,0.27672315
0,0.2816359
0,0.2757175
0,0.2728703
0,0.2714461
0,0.28307414
0,0.2819658
0,0.27461568
0,0.2772294
0,0.29166967
0,0.2855341
0,0.32119286
0,0.31297448
0,0.35931033
0,0.32796356
0,0.31870854
0,0.31268415
0,0.3274253
0,0.3587781
0,0.34305826
0,0.32192317
0,0.31919852
0,0.3041033
0,0.32708412
0,0.305928
0,0.2868455
0,0.29358312
0,0.27491185
0,0.29801774
0,0.27599975
0,0.26209238
0,0.24355678
0,0.2443624
0,0.25886384
0,0.22088882
0,0.21756974
0,0.21474186
0,0.2166321
0,0.22121707
0,0.23158535
0,0.23399739
0,0.24900228
0,0.24087253
0,0.2524818
0,0.25187013
0,0.27197853
0,0.29297957
0,0.2849233
0,0.29291302
0,0.2915668
0,0.2731708
0,0.2810008
0,0.28962806
0,0.28951788
0,0.30287108
0,0.28771982
0,0.28606594
0,0.2873425
0,0.2816272
0,0.27519828
0,0.28108433
0,0.28463113
0,0.29139853
0,0.28281704
0,0.28498372
0,0.28015906
0,0.2736469
0,0.30009174
0,0.30935898
0,0.30113238
0,0.2885663
0,0.30253467
0,0.3081603
0,0.2939555
0,0.28405252
0,0.27892995
0,0.27761087
0,0.28640074
0,0.27609268
0,0.27378383
0,0.27569133
0,0.27128088
0,0.26392713
0,0.27072492
0,0.2713543
0,0.27849865
0,0.27771854
0,0.28561026
0,0.26947418
0,0.27757338
0,0.27911526
0,0.2850286
0,0.27889666
0,0.28611594
0,0.28766403
0,0.29511592
0,0.28289175
0,0.2793255
0,0.28573278
0,0.27434683
0,0.29454517
0,0.27264965
0,0.28295967
0,0.28245223
0,0.28568944
0,0.28640792
0,0.27493978
0,0.28617
0,0.27452868
0,0.27041495
0,0.27499554
0,0.26790074
0,0.27744356
0,0.2801523
0,0.27665028
0,0.28659514
0,0.27895728
0,0.2796108
0,0.27602074
0,0.29329464
0,0.28494823
0,0.2956486
0,0.29421672
0,0.29500028
0,0.2912362
0,0.29590774
0,0.29552257
0,0.2902635
0,0.28686446
0,0.2898914
0,0.30158234
0,0.2922539
0,0.2876437
0,0.2849599
0,0.28364405
0,0.2823383
0,0.28265038
0,0.28006572
0,0.2800508
0,0.28481653
0,0.29124084
0,0.28111285
0,0.28668854
0,0.27245915
0,0.27370757
0,0.27253595
0,0.2708545
0,0.28138256
0,0.2646303
0,0.2863532
0,0.2741965
0,0.2786038
0,0.29065487
0,0.28938007
0,0.2817346
0,0.29847327
0,0.28934687
0,0.3162313
0,0.2917797
0,0.28499994
0,0.2811399
0,0.301478
0,0.32771823
0,0.30912134
0,0.2997828
0,0.2979334
0,0.2945068
0,0.3103813
0,0.29519644
0,0.28668636
0,0.2913686
0,0.29280177
0,0.27854255
0,0.27668074
0,0.27310407
0,0.27124456
0,0.2714141
0,0.28189734
0,0.2712336
0,0.28291672
0,0.2691313
0,0.26475745
0,0.2609469
0,0.25938785
0,0.2572197
0,0.2568017
0,0.2560564
0,0.27821204
0,0.2774389
0,0.26475796
0,0.27529457
0,0.26997963
0,0.27781656
0,0.28690258
0,0.28602898
0,0.28941122
0,0.28502062
0,0.28520608
0,0.2863221
0,0.28071207
0,0.2890183
0,0.28368717
0,0.27529973
0,0.27261922
0,0.2726315
0,0.277677
0,0.27973565
0,0.27569258
0,0.2766201
0,0.34841102
0,0.303709
0,0.29655012
0,0.301793
0,0.27817565
0,0.35873976
0,0.30944824
0,0.2974117
0,0.2788098
0,0.2712278
0,0.27617818
0,0.26615468
0,0.26809683
0,0.26849458
0,0.2721529
0,0.27231476
0,0.27061865
0,0.27937064
0,0.26939854
0,0.2842664
0,0.27762282
0,0.27684087
0,0.2748234
0,0.26834545
0,0.27424186
0,0.27588126
0,0.2736952
0,0.27720436
0,0.2866525
0,0.27714244
0,0.27543107
0,0.28198317
0,0.27701747
0,0.2821027
0,0.2949734
0,0.27407265
0,0.2799005
0,0.2850834
0,0.28790542
0,0.2757805
0,0.28060246
0,0.28358057
0,0.28583714
0,0.27271825
0,0.26876125
0,0.2905184
0,0.27281183
0,0.2772944
0,0.26762524
0,0.26459247
0,0.261834
0,0.26740316
0,0.27564138
0,0.27366763
0,0.27247494
0,0.28512725
0,0.2787677
0,0.2871199
0,0.29885903
0,0.29121193
0,0.28947365
0,0.28850305
0,0.28709492
0,0.28620976
0,0.2935936
0,0.29133028
0,0.30003342
0,0.29000792
0,0.28185245
0,0.2676361
0,0.28790092
0,0.27610698
0,0.2816886
0,0.28402287
0,0.28779534
0,0.2866751
0,0.27852723
0,0.27055708
0,0.27632144
0,0.27248636
0,0.28070164
0,0.26825708
0,0.2929602
0,0.2944642
0,0.28823388
0,0.28146034
0,0.28572622
0,0.29193324
0,0.30110538
0,0.28435647
0,0.28369525
0,0.28330052
0,0.27555835
0,0.27561265
0,0.3458972
0,0.30460113
0,0.292582
0,0.28274152
0,0.28526673
0,0.27935883
0,0.2732901
0,0.2790512
0,0.27556765
0,0.27433127
0,0.2677893
0,0.26499784
0,0.26789546
0,0.2648859
0,0.2617897
0,0.26608682
0,0.27473256
0,0.2734595
0,0.2754365
0,0.27728888
0,0.2647157
0,0.26351693
0,0.2635435
0,0.26218
0,0.2592996
0,0.26740378
0,0.26160806
0,0.26947
0,0.27015388
0,0.27977574
0,0.28078505
0,0.2786061
0,0.27607483
0,0.27771556
0,0.26578936
0,0.2719361
0,0.26127705
0,0.26430783
0,0.27004203
0,0.26393378
0,0.31099778
0,0.28690034
0,0.29472002
0,0.29212236
0,0.2780482
0,0.30427527
0,0.28975916
0,0.28553137
0,0.28964293
0,0.28220937
0,0.302795
0,0.2862399
0,0.28917626
0,0.28529513
0,0.27364126
0,0.29943576
0,0.28649303
0,0.2791096
0,0.2759124
0,0.27344838
0,0.30061844
0,0.28094187
0,0.27848765
0,0.27646562
0,0.2766711
0,0.31822968
0,0.29017034
0,0.28591564
0,0.28137282
0,0.2779612
0,0.29389387
0,0.28222382
0,0.28291383
0,0.27337506
0,0.26892766
0,0.3029923
0,0.2819795
0,0.27650076
0,0.2721821
0,0.27887377
0,0.2717258
0,0.26893064
0,0.26936042
0,0.26244694
0,0.27371085
0,0.30131063
0,0.27234578
0,0.27036142
0,0.2824905
0,0.28483763
0,0.29462633
0,0.28392425
0,0.29280782
0,0.27448204
0,0.28140736
0,0.28576314
0,0.27099028
0,0.2843704
0,0.27095672
0,0.27855942
0,0.27553505
0,0.27509713
0,0.28821823
0,0.3033523
0,0.31924522
0,0.32616943
0,0.29600865
0,0.295323
0,0.2931461
0,0.28733802
0,0.28373408
0,0.2840349
0,0.27516994
0,0.27477568
0,0.27830747
0,0.26941273
0,0.27787507
0,0.29317725
0,0.31676656
0,0.28627354
0,0.2831158
0,0.27152556
0,0.2762179
0,0.2805772
0,0.27511433
0,0.28336966
0,0.2800061
0,0.28920972
0,0.2798388
0,0.2869055
0,0.27948222
0,0.28044784
0,0.27339196
0,0.26971284
0,0.28049508
0,0.2782822
0,0.3755585
0,0.32482693
0,0.29948747
0,0.28957647
0,0.28263408
0,0.27248967
0,0.272269
0,0.2870633
0,0.27500138
0,0.28134143
0,0.28344598
0,0.27459475
0,0.27115846
0,0.2797596
0,0.2715992
0,0.2694838
0,0.28175884
0,0.27091897
0,0.26753533
0,0.27611423
0,0.2801542
0,0.2775066
0,0.27732122
0,0.28415465
0,0.3073169
0,0.27943018
0,0.2935778
0,0.29080805
0,0.27500632
0,0.29120407
0,0.2718448
0,0.27647072
0,0.2778014
0,0.27819216
0,0.26493984
0,0.26014113
0,0.26572424
0,0.26474565
0,0.26477346
0,0.26716793
0,0.2651221
0,0.29544127
0,0.28758323
0,0.28496578
0,0.282266
0,0.27183262
0,0.27604434
0,0.27468404
0,0.27396926
0,0.27128762
0,0.32049125
0,0.2822675
0,0.28156373
0,0.27767962
0,0.2647288
0,0.2698177
0,0.2724605
0,0.27056596
0,0.27476215
0,0.27027264
0,0.27213886
0,0.26892465
0,0.26256794
0,0.27818355
0,0.27337545
0,0.28160223
0,0.26854366
0,0.2748185
0,0.27405265
0,0.27292502
0,0.26967648
0,0.31974977
0,0.28377983
0,0.27573335
0,0.27093348
0,0.27072513
0,0.3301171
0,0.2915715
0,0.28230056
0,0.27635887
0,0.27145028
0,0.31173432
0,0.27791512
0,0.28026614
0,0.2738737
0,0.26883715
0,0.3156624
0,0.29602614
0,0.2804489
0,0.27254286
0,0.27655762
0,0.32017237
0,0.29164502
0,0.29486203
0,0.28456056
0,0.28459376
0,0.28074518
0,0.2751813
0,0.26759917
0,0.27509192
0,0.27370435
0,0.27497932
0,0.27092636
0,0.271711
0,0.26115164
0,0.26652032
0,0.26933527
0,0.2710141
0,0.2694676
0,0.2797598
0,0.27127972
0,0.26803535
0,0.2754867
0,0.26692542
0,0.2676556
0,0.27263948
0,0.2738364
0,0.28397116
0,0.2738219
0,0.27669477
0,0.27620783
0,0.28125617
0,0.27273324
0,0.28234786
0,0.27111205
0,0.2764465
0,0.27302465
0,0.27467522
0,0.2763662
0,0.27221525
0,0.27450687
0,0.27323908
0,0.27316797
0,0.2706052
0,0.26927334
0,0.27043954
0,0.26803753
0,0.27143905
0,0.26933098
0,0.2711927
0,0.26883364
0,0.26070476
0,0.2667008
0,0.26807877
0,0.26968887
0,0.2684242
0,0.26632962
0,0.26332587
0,0.26247153
0,0.26406336
0,0.2607191
0,0.2593365
0,0.26686758
0,0.2705401
0,0.26689127
0,0.326262
0,0.30521402
0,0.29783732
0,0.28458178
0,0.27218845
0,0.26971552
0,0.26778373
0,0.275848
0,0.27686623
0,0.27911407
0,0.28372964
0,0.26990792
0,0.26225898
0,0.26228943
0,0.26960343
0,0.30520234
0,0.28764918
0,0.2892897
0,0.28297505
0,0.27144933
0,0.33461383
0,0.28889105
0,0.27755335
0,0.2820324
0,0.28165874
0,0.3286238
0,0.29698464
0,0.27860883
0,0.27942872
0,0.28787166
0,0.33121252
0,0.29361704
0,0.2864134
0,0.28242904
0,0.28030336
0,0.31547812
0,0.2929858
0,0.28476697
0,0.2881306
0,0.30228013
0,0.2980775
0,0.28351873
0,0.28570864
0,0.29105636
0,0.2679473
0,0.27488118
0,0.26940605
0,0.27260697
0,0.27599472
0,0.28516087
0,0.27174222
0,0.27595204
0,0.27192554
0,0.2715372
0,0.27076465
0,0.2714674
0,0.27443644
0,0.2793158
0,0.27116048
0,0.2747658
0,0.27863514
0,0.2683806
0,0.26758516
0,0.26677465
0,0.26466694
0,0.25813892
0,0.27109554
0,0.27704242
0,0.2858225
0,0.29628256
0,0.27832708
0,0.2753568
0,0.27424783
0,0.27418357
0,0.2966983
0,0.288956
0,0.28268644
0,0.2880771
0,0.27901492
0,0.2722586
0,0.28504923
0,0.27304816
0,0.28261778
0,0.2713309
0,0.27886993
0,0.27514136
0,0.29155284
0,0.28664476
0,0.2807532
0,0.27760148
0,0.26722196
0,0.27161127
0,0.27043855
0,0.26870757
0,0.27829444
0,0.27176112
0,0.32381454
0,0.3494884
0,0.34965906
0,0.31182608
0,0.31518003
0,0.30166772
0,0.2978889
0,0.29269183
0,0.28671482
0,0.2802261
0,0.2829519
0,0.27960676
0,0.27721784
0,0.2812213
0,0.28102615
0,0.2810647
0,0.29157412
0,0.280106
0,0.27769914
0,0.29230192
0,0.28262454
0,0.2811914
0,0.28867695
0,0.28056276
0,0.28512928
0,0.27506042
0,0.27542007
0,0.28351453
0,0.27306303
0,0.26981127
0,0.27398825
0,0.28158066
0,0.2790954
0,0.2875231
0,0.27902117
0,0.27523616
0,0.2733314
0,0.2838519
0,0.28407505
0,0.28786394
0,0.29561847
0,0.28249797
0,0.3125269
0,0.30271873
0,0.30254608
0,0.30074063
0,0.29733548
0,0.28984568
0,0.2788835
0,0.27277952
0,0.27808848
0,0.26908538
0,0.27359077
0,0.2754487
0,0.2785612
0,0.28279254
0,0.3317457
0,0.28996307
0,0.27842262
0,0.28076702
0,0.2715705
0,0.31358448
0,0.2873875
0,0.28258216
0,0.27067965
0,0.26403704
0,0.28086814
0,0.28092247
0,0.28204843
0,0.2772847
0,0.27857083
0,0.2865855
0,0.2840603
0,0.28225663
0,0.28227416
0,0.27582115
0,0.28753558
0,0.28639176
0,0.28613174
0,0.28740624
0,0.2819472
0,0.2947069
0,0.29248697
0,0.28886354
0,0.2827552
0,0.27952734
0,0.27830765
0,0.31341344
0,0.28950194
0,0.28312254
0,0.28302333
0,0.2824555
0,0.3114107
0,0.30265367
0,0.29128295
0,0.28292033
0,0.27414727
0,0.33859122
0,0.2964384
0,0.28632453
0,0.2798601
0,0.27392668
0,0.2720351
0,0.27000132
0,0.2712521
0,0.2726905
0,0.2894897
0,0.27878496
0,0.28472337
0,0.28605577
0,0.2765385
0,0.27888682
0,0.28770575
0,0.2762901
0,0.27351946
0,0.27155393
0,0.28345436
0,0.26860836
0,0.2777305
0,0.28340074
0,0.27222535
0,0.26984337
0,0.26473948
0,0.27342537
0,0.28456426
0,0.28448603
0,0.27568114
0,0.28016698
0,0.270842
0,0.27637115
0,0.28049806
0,0.28191042
0,0.2737071
0,0.26704124
0,0.26404053
0,0.282341
0,0.2945952
0,0.3022186
0,0.2903442
0,0.27792856
0,0.28066546
0,0.29390693
0,0.28185728
0,0.28911638
0,0.28432348
0,0.29398072
0,0.29260626
0,0.2872189
0,0.29388312
0,0.28816602
0,0.2795767
0,0.2871602
0,0.279486
0,0.28208512
0,0.28914073
0,0.28216043
0,0.27225494
0,0.27550316
0,0.2761391
0,0.27776414
0,0.28017515
0,0.280791
0,0.32255474
0,0.2925222
0,0.28956592
0,0.28280422
0,0.28283378
0,0.34918177
0,0.30730867
0,0.29260325
0,0.2878882
0,0.27880296
0,0.27414918
0,0.27604055
0,0.27051863
0,0.27155277
0,0.28264362
0,0.27156496
0,0.28268325
0,0.28452593
0,0.27742237
0,0.27589008
0,0.32501736
0,0.3087392
0,0.29025954
0,0.28660253
0,0.30453345
0,0.3001773
0,0.2846116
0,0.28663233
0,0.27752006
0,0.2719717
0,0.2999276
0,0.28069
0,0.28233308
0,0.2683967
0,0.2807809
0,0.2817277
0,0.29144335
0,0.27661574
0,0.26937723
0,0.27280864
0,0.27296343
0,0.27349246
0,0.26388785
0,0.26071742
0,0.2743321
0,0.27346107
0,0.2796349
0,0.36847046
0,0.32243827
0,0.310414
0,0.32099378
0,0.30497557
0,0.2953973
0,0.29546648
0,0.29447624
0,0.28903314
0,0.28659704
0,0.2859266
0,0.2890695
0,0.2867541
0,0.28865755
0,0.28271002
0,0.28045127
0,0.27820605
0,0.28146878
0,0.27808493
0,0.2816373
0,0.28231502
0,0.27725786
0,0.27956855
0,0.27698025
0,0.27803183
0,0.2790766
0,0.27759013
0,0.28359514
0,0.27890044
0,0.2935079
0,0.2804547
0,0.2786053
0,0.27251437
0,0.27588877
0,0.28322628
0,0.2775533
0,0.2850825
0,0.28299266
0,0.2897533
0,0.29630613
0,0.29960233
0,0.28510928
0,0.2880862
0,0.28624454
0,0.31104675
0,0.29733163
0,0.28321505
0,0.28587127
0,0.28450602
0,0.34205413
0,0.29524705
0,0.28439227
0,0.29053158
0,0.28960964
0,0.27636507
0,0.27941403
0,0.28487143
0,0.29411513
0,0.27527365
0,0.2708273
0,0.27554265
0,0.26664782
0,0.27182433
0,0.2827229
0,0.27986193
0,0.28499418
0,0.29911578
0,0.2987295
0,0.28881016
0,0.28076807
0,0.291588
0,0.29141885
0,0.2969065
0,0.29714856
0,0.29184908
0,0.29712704
0,0.2800731
0,0.30057803
0,0.29415393
0,0.28860152
0,0.30626994
0,0.28849664
0,0.30399102
0,0.28815025
0,0.28449768
0,0.2900499
0,0.28124362
0,0.27796873
0,0.27801147
0,0.2753712
0,0.28751016
0,0.27778327
0,0.27543464
0,0.27465606
0,0.27223945
0,0.27222696
0,0.2719028
0,0.28011706
0,0.2808724
0,0.27712822
0,0.2762857
0,0.2736715
0,0.28406096
0,0.28335398
0,0.30069217
0,0.29993784
0,0.28593338
0,0.29028857
0,0.28973255
0,0.29389593
0,0.29364082
0,0.29136044
0,0.29527533
0,0.31486356
0,0.28888175
0,0.28151804
0,0.27803594
0,0.2944881
0,0.3225718
0,0.2885403
0,0.2791874
0,0.2718639
0,0.26887852
0,0.31600925
0,0.28414777
0,0.27681547
0,0.26936588
0,0.26564
0,0.3049018
0,0.28724438
0,0.2790932
0,0.2872042
0,0.2978188
0,0.3099842
0,0.2933405
0,0.27577594
0,0.28523144
0,0.27789012
0,0.29863444
0,0.27339518
0,0.2817065
0,0.28416398
0,0.2890438
0,0.2900293
0,0.2902314
0,0.29060608
0,0.28592053
0,0.28264868
0,0.2846592
0,0.28618035
0,0.28066596
0,0.27921507
0,0.2783772
0,0.27874506
0,0.27587384
0,0.28289065
0,0.2881761
0,0.28854722
0,0.2880138
0,0.2792832
0,0.27654418
0,0.27559784
0,0.26592806
0,0.2805078
0,0.28548428
0,0.31063747
0,0.73629797
0,0.57635194
0,0.5388409
0,0.4506156
0,0.38839328
0,0.34577876
0,0.33341804
0,0.3227893
0,0.29346848
0,0.27959788
0,0.2445148
0,0.21340287
0,0.18350765
0,0.16163047
0,0.15757819
0,0.14315641
0,0.1363369
0,0.13284788
0,0.13164872
0,0.1317037
0,0.13588354
0,0.13829726
0,0.14493813
0,0.15609817
0,0.1697345
0,0.18838397
0,0.20624591
0,0.22165243
0,0.24470799
0,0.25384623
0,0.27591354
0,0.2753201
0,0.2741621
0,0.32582173
0,0.29391563
0,0.2969862
0,0.31565902
0,0.30343872
0,0.36107758
0,0.32479507
0,0.30727842
0,0.29308882
0,0.2745012
0,0.28051925
0,0.28438136
0,0.2720764
0,0.28831893
0,0.2809588
0,0.28058895
0,0.2790979
0,0.2782298
0,0.276042
0,0.28851652
0,0.28157738
0,0.2770281
0,0.27452555
0,0.27725106
0,0.2762465
0,0.26721784
0,0.27532735
0,0.2727656
0,0.27032238
0,0.26978284
0,0.26884538
0,0.27128613
0,0.275261
0,0.26913074
0,0.26766896
0,0.27090228
0,0.26691777
0,0.2701735
0,0.27106714
0,0.27250016
0,0.28092885
0,0.27817968
0,0.28345668
0,0.28652725
0,0.28303435
0,0.2851193
0,0.27687564
0,0.28195015
0,0.27496958
0,0.29539353
0,0.27813557
0,0.28298414
0,0.28908446
0,0.29247427
0,0.29143143
0,0.27762988
0,0.28127512
0,0.28078023
0,0.28140736
0,0.28439352
0,0.2817256
0,0.27071318
0,0.27448374
0,0.27520353
0,0.26587066
0,0.27040276
0,0.27816153
0,0.2662726
0,0.2625279
0,0.27490547
0,0.26299125
0,0.2681174
0,0.2602423
0,0.26452294
0,0.2832775
0,0.2915976
0,0.2845258
0,0.28872377
0,0.29058325
0,0.3303445
0,0.30387872
0,0.30040494
0,0.28719753
0,0.279492
0,0.27596176
0,0.27885622
0,0.30652824
0,0.29079977
0,0.2914252
0,0.2877293
0,0.28115556
0,0.2794923
0,0.27634075
0,0.2764889
0,0.274339
0,0.2768126
0,0.27122647
0,0.27534977
0,0.3025973
0,0.28121722
0,0.29096764
0,0.281966
0,0.2783583
0,0.31234884
0,0.28427893
0,0.2838499
0,0.28366926
0,0.2864894
0,0.3219455
0,0.3023954
0,0.30109486
0,0.30095363
0,0.2942304
0,0.32475215
0,0.3110882
0,0.33200687
0,0.32590243
0,0.3185965
0,0.34678778
0,0.30941376
0,0.29045358
0,0.29279983
0,0.2939642
0,0.32254255
0,0.3011396
0,0.28372732
0,0.27834415
0,0.2793956
0,0.303109
0,0.28150985
0,0.2763804
0,0.27058694
0,0.2601166
0,0.26653674
0,0.26730034
0,0.25636974
0,0.25329694
0,0.25958738
0,0.255364
0,0.2536516
0,0.26235938
0,0.2685986
0,0.26842004
0,0.27532786
0,0.29625574
0,0.29145873
0,0.28213668
0,0.2853572
0,0.3123325
0,0.29683912
0,0.29030165
0,0.2869583
0,0.2895026
0,0.28897336
0,0.32983786
0,0.306987
0,0.2922249
0,0.29088518
0,0.28524408
0,0.2849084
0,0.28126794
0,0.27808687
0,0.29119453
0,0.2806951
0,0.3547001
0,0.3191627
0,0.30125743
0,0.33395523
0,0.30694842
0,0.29165795
0,0.2939222
0,0.28336397
0,0.2819796
0,0.27972448
0,0.27552667
0,0.27563536
0,0.2755475
0,0.28005368
0,0.27299872
0,0.28880522
0,0.28043842
0,0.29015192
0,0.29354814
0,0.28827152
0,0.28656444
0,0.29309365
0,0.29783177
0,0.30015194
0,0.28484055
0,0.28741473
0,0.34441608
0,0.30749652
0,0.30929604
0,0.29814065
0,0.2851413
0,0.29033244
0,0.2895476
0,0.31516886
0,0.31270522
0,0.29087085
0,0.29472515
0,0.28802744
0,0.29932734
0,0.28313732
0,0.3673051
0,0.3813592
0,0.37674674
0,0.35338527
0,0.48154798
0,0.57042164
0,0.68766785
0,0.55383277
0,0.4555666
0,0.36737663
0,0.2848012
0,0.22317286
0,0.17963448
0,0.18568705
0,0.16856058
0,0.14982288
0,0.15773252
0,0.1513257
0,0.16581018
0,0.15359838
0,0.14685243
0,0.13975415
0,0.14210461
0,0.15558356
0,0.14737938
0,0.14204076
0,0.13694577
0,0.13460064
0,0.13716795
0,0.1369835
0,0.1371579
0,0.13509268
0,0.13681601
0,0.1445904
0,0.17379455
0,0.21969788
0,0.2430462
0,0.24242026
0,0.259701
0,0.25201887
0,0.25037313
0,0.26119092
0,0.2675444
0,0.27279276
0,0.2770025
0,0.28731152
0,0.292417
0,0.29051113
0,0.3512833
0,0.3148522
0,0.31841913
0,0.2998191
0,0.2919642
0,0.32897645
0,0.31300694
0,0.29845512
0,0.30509704
0,0.3040114
0,0.30481333
0,0.31859693
0,0.31129077
0,0.3059347
0,0.30408263
0,0.30811632
0,0.3010493
0,0.2964869
0,0.30053705
0,0.33986345
0,0.33761182
0,0.3078797
0,0.27513602
0,0.25090456
0,0.2466054
0,0.23762637
0,0.22639024
0,0.22738907
0,0.23063932
0,0.23900294
0,0.2625452
0,0.26046252
0,0.26567483
0,0.25454205
0,0.2594828
0,0.2647702
0,0.26804134
0,0.26735634
0,0.26812163
0,0.26892567
0,0.27066627
0,0.28359872
0,0.27586553
0,0.27961338
0,0.2757825
0,0.27596688
0,0.3098145
0,0.30452803
0,0.29799137
0,0.32053283
0,0.29541948
0,0.28664327
0,0.29184642
0,0.28055015
0,0.28259894
0,0.2754829
0,0.27246964
0,0.27717978
0,0.2716287
0,0.27028796
0,0.26808327
0,0.2785338
0,0.26988733
0,0.26676694
0,0.26539883
0,0.26421702
0,0.28596374
0,0.27746308
0,0.2890148
0,0.2983052
0,0.2883971
0,0.28676575
0,0.27788377
0,0.28246748
0,0.28051484
0,0.29508933
0,0.29868418
0,0.28741997
0,0.27460712
0,0.2792595
0,0.27770612
0,0.32280022
0,0.29243276
0,0.29759654
0,0.28688192
0,0.293411
0,0.28174466
0,0.27747998
0,0.28753313
0,0.29103023
0,0.28134167
0,0.27454147
0,0.27649796
0,0.28452328
0,0.29705715
0,0.29145554
0,0.30243462
0,0.2933058
0,0.3004757
0,0.28944856
0,0.2955717
0,0.3263844
0,0.3017768
0,0.29567268
0,0.29063234
0,0.27895352
0,0.3045777
0,0.28874144
0,0.2862651
0,0.28302947
0,0.2798852
0,0.28983012
0,0.28153926
0,0.27879664
0,0.27671647
0,0.2743886
0,0.27359867
0,0.27560037
0,0.2716988
0,0.27073973
0,0.268857
0,0.26653212
0,0.26597226
0,0.26514325
0,0.27955183
0,0.26872328
0,0.30317533
0,0.29002547
0,0.2886715
0,0.28786623
0,0.28701538
0,0.28854343
0,0.28575146
0,0.29897943
0,0.29481617
0,0.3053057
0,0.3124046
0,0.2967387
0,0.30696824
0,0.29175076
0,0.29250398
0,0.28484416
0,0.28126585
0,0.29027468
0,0.30698055
0,0.2906177
0,0.29000986
0,0.2883601
0,0.29385585
0,0.2999752
0,0.2972865
0,0.2985637
0,0.2917089
0,0.29135606
0,0.2783178
0,0.27432624
0,0.2697879
0,0.26811054
0,0.27240935
0,0.28132328
0,0.28210318
0,0.28532624
0,0.2844616
0,0.28318012
0,0.2826982
0,0.2821622
0,0.2818317
0,0.2814963
0,0.28080553
0,0.29561028
0,0.28170633
0,0.76513135
0,0.5696206
0,0.49185374
0,0.45353326
0,0.39644018
0,0.37319443
0,0.36405313
0,0.31864783
0,0.289528
0,0.29386735
0,0.25521848
0,0.23750676
0,0.19451846
0,0.1705614
0,0.15538761
0,0.14589456
0,0.14389439
0,0.13846368
0,0.13772263
0,0.13940826
0,0.14672604
0,0.14673163
0,0.15630522
0,0.16677159
0,0.18386783
0,0.19309106
0,0.20595257
0,0.2281076
0,0.24128546
0,0.25426525
0,0.31290418
0,0.30561638
0,0.29378542
0,0.3012502
0,0.29007405
0,0.30577242
0,0.2840889
0,0.29393628
0,0.2836573
0,0.28039378
0,0.2794464
0,0.2823969
0,0.2787842
0,0.28785327
0,0.27801248
0,0.28733864
0,0.27725476
0,0.3224901
0,0.29117548
0,0.28241396
0,0.29134104
0,0.28129733
0,0.31015858
0,0.28909585
0,0.28057933
0,0.284659
0,0.28383183
0,0.28329763
0,0.2833145
0,0.2855965
0,0.2823665
0,0.28416958
0,0.2831495
0,0.2906332
0,0.2833141
0,0.28354883
0,0.29281998
0,0.28847775
0,0.2852958
0,0.28250992
0,0.27998036
0,0.27828142
0,0.28489113
0,0.2794923
0,0.2802238
0,0.27520192
0,0.28432208
0,0.27676937
0,0.27358165
0,0.27241704
0,0.27605125
0,0.27605972
0,0.27175108
0,0.30608216
0,0.2943066
0,0.28181088
0,0.28721818
0,0.3189917
0,0.300658
0,0.28449774
0,0.28917098
0,0.30625302
0,0.33732542
0,0.33109862
0,0.32271177
0,0.32092702
0,0.29664508
0,0.2920422
0,0.28787717
0,0.29623216
0,0.29752532
0,0.2824365
0,0.2814814
0,0.27930522
0,0.28975734
0,0.28003716
0,0.27688545
0,0.2737552
0,0.2720169
0,0.27064288
0,0.26856202
0,0.26961604
0,0.27898347
0,0.28521296
0,0.2740218
0,0.29512018
0,0.28943396
0,0.28152737
0,0.2952709
0,0.27897945
0,0.2859032
0,0.2843939
0,0.29574582
0,0.2879927
0,0.28631625
0,0.2841274
0,0.3147294
0,0.29348168
0,0.31232566
0,0.29482612
0,0.288821
0,0.28437623
0,0.28107134
0,0.30160415
0,0.28528666
0,0.28199175
0,0.27348942
0,0.27479076
0,0.30934235
0,0.2856587
0,0.2799658
0,0.2772097
0,0.2898994
0,0.3273831
0,0.2936099
0,0.2861108
0,0.27972943
0,0.27843967
0,0.27309433
0,0.26907307
0,0.28232622
0,0.28249133
0,0.2849529
0,0.29067358
0,0.27910337
0,0.2837247
0,0.29025757
0,0.28689793
0,0.3002062
0,0.30824158
0,0.46594784
0,0.35857597
0,0.34929386
0,0.31884962
0,0.32075965
0,0.31526303
0,0.3083141
0,0.29456234
0,0.28578752
0,0.2986669
0,0.29130372
0,0.306764
0,0.3001606
0,0.34974757
0,0.3170534
0,0.30268013
0,0.28086245
0,0.31372938
0,0.26586738
0,0.23570582
0,0.2133059
0,0.20580631
0,0.18599999
0,0.17787418
0,0.1633317
0,0.1637171
0,0.16276357
0,0.16364373
0,0.1685222
0,0.17133527
0,0.19467238
0,0.19475718
0,0.18923753
0,0.19023642
0,0.18693554
0,0.18708758
0,0.19012696
0,0.19671813
0,0.20422556
0,0.21218726
0,0.22451776
0,0.23483256
0,0.24442193
0,0.2506656
0,0.25514054
0,0.2605964
0,0.26733837
0,0.2720985
0,0.29734945
0,0.28687358
0,0.27936816
0,0.27602673
0,0.2739748
0,0.3078901
0,0.2822725
0,0.27752307
0,0.29816976
0,0.2978585
0,0.305932
0,0.28709567
0,0.30524215
0,0.28445122
0,0.28710434
0,0.293339
0,0.28983423
0,0.28631908
0,0.28834662
0,0.28478712
0,0.353551
0,0.33738405
0,0.307978
0,0.30834174
0,0.30854583
0,0.29548082
0,0.28749177
0,0.2834419
0,0.30767623
0,0.29048705
0,0.2874429
0,0.28463173
0,0.28970638
0,0.30745506
0,0.323401
0,0.31231377
0,0.30909157
0,0.30948064
0,0.31984818
0,0.31291243
0,0.31118628
0,0.29146126
0,0.2940329
0,0.29526243
0,0.2907603
0,0.29350838
0,0.2843306
0,0.2860958
0,0.28071898
0,0.28638172
0,0.3174067
0,0.34976876
0,0.3235673
0,0.33293307
0,0.32174766
0,0.30478206
0,0.29886723
0,0.2686956
0,0.22887313
0,0.27527174
0,0.24075472
0,0.24638477
0,0.23302358
0,0.207668
0,0.21563143
0,0.2266874
0,0.26845056
0,0.22376393
0,0.18659514
0,0.15389855
0,0.14052442
0,0.14073023
0,0.13267593
0,0.12892061
0,0.1357833
0,0.1427507
0,0.16968013
0,0.16031122
0,0.15942517
0,0.15316696
0,0.15962127
0,0.15782382
0,0.15833315
0,0.15963316
0,0.15027691
0,0.15581071
0,0.16396154
0,0.16764955
0,0.17098615
0,0.17407538
0,0.17680192
0,0.170113
0,0.16116047
0,0.16029961
0,0.16679312
0,0.16794617
0,0.18055908
0,0.17134868
0,0.16648626
0,0.16376236
0,0.16577074
0,0.18594386
0,0.18141617
0,0.1826003
0,0.18727125
0,0.20254815
0,0.21871935
0,0.23172337
0,0.23972231
0,0.23980324
0,0.25289237
0,0.25102866
0,0.26463008
0,0.28398818
0,0.27601045
0,0.2799037
0,0.28179103
0,0.2854338
0,0.2838
0,0.28341478
0,0.27760231
0,0.27930722
0,0.27690354
0,0.27682838
0,0.27723184
0,0.27718082
0,0.276798
0,0.27570993
0,0.2816311
0,0.27679563
0,0.31483823
0,0.3099038
0,0.294791
0,0.2961843
0,0.28456193
0,0.28119004
0,0.2860835
0,0.2867322
0,0.27785832
0,0.27439228
0,0.2719142
0,0.26952958
0,0.27050358
0,0.27316448
0,0.26852554
0,0.2685072
0,0.27352276
0,0.27799737
0,0.30178285
0,0.29440522
0,0.30164722
0,0.29165775
0,0.3136096
0,0.29729307
0,0.30772287
0,0.29442918
0,0.28913543
0,0.29732147
0,0.28672886
0,0.2834821
0,0.2891263
0,0.28377002
0,0.29189867
0,0.29706228
0,0.2864864
0,0.28323317
0,0.2912367
0,0.30872312
0,0.29067412
0,0.28912887
0,0.28200296
0,0.27770525
0,0.27772075
0,0.28513214
0,0.2752256
0,0.27563223
0,0.28466502
0,0.2889956
0,0.29110256
0,0.27948302
0,0.28476763
0,0.2856885
0,0.27405995
0,0.28116783
0,0.2849502
0,0.28418395
0,0.35442892
0,0.31148022
0,0.30099154
0,0.29440188
0,0.303058
0,0.29778093
0,0.2905588
0,0.2811267
0,0.28231782
0,0.27925372
0,0.27891296
0,0.2873071
0,0.2797651
0,0.27814975
0,0.27784094
0,0.2772594
0,0.2812634
0,0.28010783
0,0.27680838
0,0.27552938
0,0.3133304
0,0.29037297
0,0.38765168
0,0.3339326
0,0.30995768
0,0.29245225
0,0.28341228
0,0.2765665
0,0.27335343
0,0.26928908
0,0.26822737
0,0.26567733
0,0.27539974
0,0.27962458
0,0.28002164
0,0.30259097
0,0.3114917
0,0.30311066
0,0.28264904
0,0.2971454
0,0.29942778
0,0.28914797
0,0.2910084
0,0.30640733
0,0.2943421
0,0.29139933
0,0.29608223
0,0.30138022
0,0.47291228
0,0.38364783
0,0.33827174
0,0.33551678
0,0.32017964
0,0.30963668
0,0.2913021
0,0.2771518
0,0.2813387
0,0.272894
0,0.2788069
0,0.26860833
0,0.31155092
0,0.28443864
0,0.26869777
0,0.25932798
0,0.26621187
0,0.29067567
0,0.26005214
0,0.2546868
0,0.26625904
0,0.2507628
0,0.26782417
0,0.25125104
0,0.2437162
0,0.25114232
0,0.25659233
0,0.28599307
0,0.2713237
0,0.2760641
0,0.29168236
0,0.29557627
0,0.35705274
0,0.30830115
0,0.29750773
0,0.28701526
0,0.2809996
0,0.30192676
0,0.28279915
0,0.27669883
0,0.27935272
0,0.2727521
0,0.27197698
0,0.26939154
0,0.268949
0,0.26679906
0,0.27245268
0,0.2705266
0,0.26789558
0,0.26834598
0,0.29334745
0,0.3026709
0,0.3229071
0,0.32730445
0,0.29640275
0,0.3000963
0,0.3042645
0,0.32310832
0,0.3020509
0,0.29643774
0,0.30867118
0,0.2954108
0,0.32977092
0,0.3027666
0,0.3164393
0,0.38711688
0,0.3711464
0,0.3944464
0,0.35957858
0,0.35103172
0,0.3192462
0,0.2687264
0,0.3128838
0,0.25541377
0,0.22004579
0,0.2229345
0,0.19636005
0,0.18358865
0,0.1701225
0,0.16265379
0,0.15768988
0,0.16040938
0,0.14926372
0,0.14665386
0,0.14374635
0,0.14193822
0,0.14795959
0,0.15363337
0,0.15226538
0,0.15454967
0,0.15754254
0,0.16386464
0,0.1850146
0,0.18912776
0,0.19207722
0,0.2004339
0,0.22006044
0,0.22138153
0,0.21204498
0,0.22363417
0,0.22950737
0,0.2306377
0,0.2730204
0,0.27693105
0,0.30728254
0,0.3052724
0,0.28555617
0,0.27986792
0,0.27461517
0,0.3053809
0,0.27786985
0,0.2782702
0,0.27415404
0,0.2868718
0,0.30757624
0,0.3048441
0,0.2881631
0,0.2759366
0,0.26732954
0,0.2575253
0,0.2622885
0,0.25985625
0,0.27328822
0,0.28645384
0,0.29298243
0,0.30371135
0,0.29079655
0,0.2986772
0,0.2959399
0,0.28896043
0,0.34779632
0,0.32193717
0,0.297983
0,0.28516826
0,0.28339553
0,0.28706133
0,0.26167873
0,0.24788795
0,0.24666324
0,0.2564604
0,0.25728118
0,0.261707
0,0.25309736
0,0.25741848
0,0.2706356
0,0.26791948
0,0.27706766
0,0.289251
0,0.27006873
0,0.26600552
0,0.27012822
0,0.27094632
0,0.28295282
0,0.2785799
0,0.29268926
0,0.33057508
0,0.3688817
0,0.39238924
0,0.39110643
0,0.39509907
0,0.393861
0,0.39214206
0,0.35654083
0,0.2885873
0,0.24674344
0,0.24817467
0,0.27581185
0,0.21107593
0,0.18504016
0,0.18745461
0,0.18892948
0,0.18565944
0,0.1763928
0,0.15501873
0,0.14846517
0,0.1419349
0,0.14062004
0,0.14877404
0,0.137303
0,0.13939874
0,0.1483027
0,0.1581408
0,0.15473942
0,0.155685
0,0.14837347
0,0.16608968
0,0.16340117
0,0.17129655
0,0.17458865
0,0.17620586
0,0.20221725
0,0.18947898
0,0.20568803
0,0.179704
0,0.18482415
0,0.19014375
0,0.18301426
0,0.1821939
0,0.18171498
0,0.19089745
0,0.18625379
0,0.19402583
0,0.19646004
0,0.19274303
0,0.18961175
0,0.20524442
0,0.1990932
0,0.19467017
0,0.19381717
0,0.18834612
0,0.20011757
0,0.21145949
0,0.20990792
0,0.21034032
0,0.19594295
0,0.20920911
0,0.20339337
0,0.18788472
0,0.19843836
0,0.1902231
0,0.18182306
0,0.17902093
0,0.1906803
0,0.17308165
0,0.1686516
0,0.15978917
0,0.16088143
0,0.21876764
0,0.200078
0,0.19417472
0,0.20751709
0,0.22257568
0,0.33786505
0,0.31670076
0,0.3124686
0,0.2915957
0,0.2533606
0,0.24775498
0,0.24735378
0,0.24292734
0,0.24275216
0,0.23691927
0,0.35429198
0,0.34926626
0,0.3273451
0,0.29053026
0,0.25353426
0,0.22047462
0,0.2068644
0,0.19173792
0,0.1546795
0,0.13842145
0,0.13030103
0,0.13685554
0,0.13482225
0,0.13906679
0,0.14004703
0,0.14294535
0,0.13473102
0,0.13767892
0,0.13805461
0,0.15238619
0,0.17659004
0,0.1670351
0,0.16165425
0,0.15822649
0,0.21848612
0,0.19791827
0,0.2004198
0,0.17899665
0,0.18622856
0,0.23573786
0,0.23015188
0,0.2575697
0,0.30760717
0,0.2693491
0,0.26054063
0,0.23680727
0,0.2279158
0,0.21722439
0,0.16258347
0,0.1493816
0,0.13837169
0,0.14150818
0,0.13672471
0,0.12935089
0,0.12466143
0,0.12747662
0,0.13043937
0,0.13052338
0,0.130643
0,0.13175887
0,0.13234735
0,0.14314285
0,0.16159959
0,0.17191386
0,0.1621588
0,0.16001458
0,0.1710507
0,0.1841937
0,0.20881593
0,0.20373252
0,0.21117342
0,0.21594447
0,0.22047877
0,0.22144245
0,0.22504441
0,0.20753442
0,0.20281115
0,0.1997504
0,0.17684023
0,0.21595849
0,0.209307
0,0.17398214
0,0.16769524
0,0.16534615
0,0.17518745
0,0.17357369
0,0.17113915
0,0.17601666
0,0.17273444
0,0.18365738
0,0.15620275
0,0.15200612
0,0.13750471
0,0.131767
0,0.15472935
0,0.13884094
0,0.14267245
0,0.14294037
0,0.13908532
0,0.16166417
0,0.15880695
0,0.15898584
0,0.1606179
0,0.16068302
0,0.16200092
0,0.17735405
0,0.18818995
0,0.17663257
0,0.17354971
0,0.17204675
0,0.19305326
0,0.18785419
0,0.18832883
0,0.1751018
0,0.16438667
0,0.1602861
0,0.16312346
0,0.1585589
0,0.15447016
0,0.14601868
0,0.14302866
0,0.14482751
0,0.15168211
0,0.15179189
0,0.14783645
0,0.15513979
0,0.16175231
0,0.16903745
0,0.17718746
0,0.18617228
0,0.1944737
0,0.20416015
0,0.21890995
0,0.22642387
0,0.2386236
0,0.24430183
0,0.25883573
0,0.26466674
0,0.2701093
0,0.2747204
0,0.2833008
0,0.28278875
0,0.2853629
0,0.28307414
0,0.27982613
0,0.2901616
0,0.2836248
0,0.28192204
0,0.3028418
0,0.28639412
0,0.27926376
0,0.27656007
0,0.2731355
0,0.27045506
0,0.29276675
0,0.29222235
0,0.2851813
0,0.30870226
0,0.30522138
0,0.30400026
0,0.28619882
0,0.30098101
0,0.29941255
0,0.28222865
0,0.29856265
0,0.31410116
0,0.31210354
0,0.32158306
0,0.32892755
0,0.31490052
0,0.30254596
0,0.2929499
0,0.30333135
0,0.30388963
0,0.30647284
0,0.29583257
0,0.3030986
0,0.3388964
0,0.31193423
0,0.3472636
0,0.3163721
0,0.31303155
0,0.2983417
0,0.28015178
0,0.29559872
0,0.26898506
0,0.25598526
0,0.26739603
0,0.26836228
0,0.2689438
0,0.2529525
0,0.24949405
0,0.24521147
0,0.24589211
0,0.25331977
0,0.26353452
0,0.259429
0,0.25843486
0,0.26866347
0,0.26284924
0,0.25348446
0,0.24857178
0,0.25931343
0,0.27493772
0,0.26999396
0,0.27543634
0,0.27002528
0,0.28274608
0,0.28443
0,0.28757063
0,0.3558745
0,0.3226503
0,0.3137157
0,0.2929809
0,0.36564252
0,0.35880798
0,0.35940456
0,0.3333491
0,0.30810982
0,0.3185159
0,0.28525904
0,0.26092684
0,0.255984
0,0.23603848
0,0.21486323
0,0.20472926
0,0.17701422
0,0.1705801
0,0.16271833
0,0.14877665
0,0.14607081
0,0.15530874
0,0.1471627
0,0.14245068
0,0.14305012
1,0.1404642
1,0.14658177
1,0.14155929
1,0.13988777
1,0.15498678
1,0.1537424
1,0.15774436
1,0.15447848
1,0.16130032
1,0.16954044
1,0.189132
1,0.19100043
1,0.20405652
1,0.21323897
1,0.2338248
1,0.8999762
0,0.98924464
0,0.9668043
0,0.9463102
0,0.9226696
0,0.8727026
0,0.8023583
0,0.7291465
0,0.66956794
0,0.6122154
0,0.5485501
0,0.4817775
0,0.4974841
0,0.45961657
0,0.41841066
0,0.40320814
0,0.3657749
0,0.2984785
0,0.27517405
0,0.29347545
0,0.25619656
0,0.23391666
0,0.24101949
0,0.23228705
0,0.23463345
0,0.24151713
0,0.2349912
0,0.2571495
0,0.28442916
0,0.25232676
0,0.17983094
0,0.21189219
0,0.20540957
0,0.22342163
0,0.20357849
0,0.18722455
0,0.17607842
0,0.17121845
0,0.18995169
0,0.16678992
0,0.16313344
0,0.15529338
0,0.15714589
0,0.17260894
0,0.15392804
0,0.14489652
0,0.1435207
0,0.1426484
0,0.15612628
0,0.14127663
0,0.13216889
0,0.13897675
0,0.14175647
0,0.16406268
0,0.15991081
0,0.1501243
0,0.14547879
0,0.14878218
0,0.1490556
0,0.15596972
0,0.15837543
0,0.162166
0,0.16256042
0,0.18942349
0,0.17983957
0,0.1789765
0,0.18092307
0,0.19319138
0,0.1943031
0,0.19497184
0,0.2024311
0,0.20793796
0,0.2214735
0,0.2468489
0,0.23123494
0,0.22728495
0,0.23159967
0,0.24311179
0,0.2525787
0,0.3308413
0,0.26095665
0,0.24042682
0,0.23279376
0,0.24949637
0,0.2457535
0,0.23148987
0,0.22358732
0,0.22449319
0,0.22472541
0,0.24110442
0,0.23383132
0,0.2345973
0,0.24796246
0,0.2772201
0,0.25286528
0,0.24293976
0,0.2411209
0,0.24268284
0,0.23833483
0,0.24225481
0,0.2524241
0,0.2532028
0,0.25461358
0,0.30553347
0,0.28747445
0,0.2682415
0,0.28572857
0,0.28384498
0,0.32892087
0,0.35986266
0,0.41789576
0,0.45625168
0,0.48437223
0,0.4575747
0,0.47873136
0,0.46851715
0,0.47547534
0,0.5179815
0,0.54807276
0,0.54470956
0,0.4667518
0,0.36943412
0,0.30326998
0,0.3180621
0,0.2482454
0,0.17946734
0,0.15713441
0,0.1429707
0,0.13527067
0,0.13081709
0,0.12823348
0,0.1258879
0,0.1279353
0,0.12690827
0,0.12694062
0,0.12745836
0,0.12962513
0,0.13135691
0,0.13350433
0,0.13595293
0,0.14878961
0,0.16888951
0,0.16325013
0,0.16184711
0,0.18980743
0,0.17401089
0,0.17493635
0,0.19577345
0,0.21257842
0,0.24136657
0,0.28962147
0,0.28052428
0,0.28462008
0,0.30183318
0,0.30693233
0,0.2893664
0,0.29253295
0,0.2793272
0,0.28768912
0,0.26865783
0,0.2688926
0,0.26259062
0,0.26746893
0,0.2550837
0,0.25305352
0,0.25117406
0,0.26003325
0,0.27108514
0,0.25579777
0,0.24953663
0,0.26437673
0,0.28244585
0,0.30028054
0,0.28349936
0,0.2886851
0,0.2719284
0,0.29277584
0,0.3010526
0,0.2799372
0,0.2958903
0,0.28764448
0,0.2744885
0,0.29483896
0,0.2973576
0,0.30361074
0,0.34176558
0,0.3688601
0,0.3470461
0,0.30779973
0,0.30082676
0,0.3264621
0,0.3108883
0,0.2935916
0,0.2966424
0,0.29393524
0,0.28815416
0,0.29081038
0,0.28735524
0,0.26895326
0,0.2639892
0,0.25677395
0,0.2530097
0,0.23654999
0,0.21575709
0,0.19970062
0,0.19074191
0,0.18394913
0,0.17909016
0,0.17970715
0,0.18168859
0,0.19011082
0,0.18936287
0,0.19253646
0,0.19978906
0,0.20982467
0,0.23058143
0,0.2471505
0,0.29660022
0,0.27058837
0,0.26204067
0,0.26498738
0,0.2625128
0,0.28731483
0,0.27277818
0,0.2700313
0,0.2713616
0,0.26992452
0,0.32568362
0,0.2884404
0,0.29359975
0,0.29202592
0,0.2798973
0,0.30070502
0,0.3370385
0,0.3318697
0,0.33783376
0,0.33525804
0,0.33076036
0,0.3422776
0,0.3282865
0,0.30739993
0,0.29535374
0,0.27018514
0,0.27605382
0,0.26880547
0,0.24539837
0,0.25119784
0,0.26276767
0,0.2542316
0,0.25340265
0,0.23838969
0,0.27002463
0,0.22337292
0,0.20291701
0,0.19370055
0,0.1894542
0,0.19763815
0,0.20580396
0,0.19796945
0,0.20085013
0,0.21596646
0,0.22435023
0,0.22647749
0,0.3252171
0,0.27355158
0,0.26221755
0,0.28765777
0,0.2733276
0,0.2747648
0,0.27496725
0,0.25712535
0,0.24703956
0,0.23417525
0,0.23065352
0,0.22870117
0,0.2304451
0,0.22010668
0,0.2160389
0,0.2119058
0,0.21295358
0,0.21995907
0,0.23371738
0,0.23386247
0,0.21719678
0,0.21412808
0,0.21199669
0,0.20894627
0,0.21347058
0,0.21704863
0,0.22486567
0,0.24206124
0,0.25447506
0,0.25686187
0,0.27843082
0,0.27356136
0,0.30444512
0,0.2940601
0,0.2962999
0,0.2974499
0,0.33739015
0,0.3846446
0,0.33314633
0,0.31881467
0,0.30269292
0,0.29567757
0,0.29482675
0,0.27885753
0,0.28433147
0,0.28029758
0,0.28146172
0,0.2894009
0,0.28233114
0,0.29105213
0,0.28519496
0,0.26922876
0,0.26816073
0,0.2902685
0,0.2799764
0,0.27411827
0,0.30810916
0,0.28250337
0,0.27168116
0,0.2712058
0,0.2692492
0,0.39122793
0,0.35156494
0,0.34018278
0,0.33884743
0,0.31430072
0,0.30802444
0,0.30186886
0,0.29661697
0,0.29771453
0,0.29170254
0,0.28929
0,0.44040734
0,0.521279
0,0.6103474
0,0.52093554
0,0.6530125
0,0.61439097
0,0.5208026
0,0.60996395
0,0.6487191
0,0.6705071
0,0.67506874
0,0.6253968
0,0.41073355
0,0.3903028
0,0.308768
0,0.23188223
0,0.17728606
0,0.2757233
0,0.33747134
0,0.43666932
0,0.41544542
0,0.36364752
0,0.3166926
0,0.29666448
0,0.37859637
0,0.48616284
0,0.50177324
0,0.5179332
0,0.49176446
0,0.4167023
0,0.33565393
0,0.48163334
0,0.5308011
0,0.36585364
0,0.81677717
0,0.6038991
0,0.6000319
0,0.52482677
0,0.41240072
0,0.29950026
0,0.44020015
0,0.5219046
0,0.357138
0,0.45834288
0,0.3412471
0,0.32594463
0,0.24457413
0,0.38561943
0,0.46878052
0,0.57372594
0,0.36010394
0,0.44198146
0,0.42084235
0,0.41137907
0,0.874957
0,0.6781558
0,0.74409914
0,0.74453855
0,0.7747952
0,0.7854029
0,0.73621607
0,0.634562
0,0.4876349
0,0.611921
0,0.68246144
0,0.69596064
0,0.732527
0,0.51320827
0,0.5205475
0,0.45580128
0,0.5772888
0,0.6231605
0,0.64622295
0,0.67744035
0,0.68915236
0,0.7064674
0,0.6336026
0,0.53158057
0,0.6072283
0,0.80804497
0,0.5661676
0,0.4614514
0,0.36655247
0,0.41850764
0,0.284669
0,0.25651142
0,0.20595375
0,0.31186855
0,0.40616632
0,0.26962402
0,0.43269408
0,0.44771752
0,0.4286436
0,0.32673243
0,0.46468604
0,0.664394
0,0.6325532
0,0.6695627
0,0.69028485
0,0.69692963
0,0.62963474
0,0.50469697
0,0.60468537
0,0.90483105
0,0.73270494
0,0.77522033
0,0.7277423
0,0.68067
0,0.5971747
0,0.53644943
0,0.43865427
0,0.37963486
0,0.32162997
0,0.456178
0,0.3891717
0,0.42800972
0,0.39274266
0,0.32049608
0,0.31779233
0,0.4676304
0,0.5930265
0,0.64874613
0,0.65874934
0,0.5975697
0,0.49739257
0,0.41264674
0,0.60646677
0,0.66159415
0,0.7054614
0,0.72563106
0,0.6937473
0,0.631317
0,0.4968814
0,0.38901412
0,0.5215967
0,0.4072045
0,0.54426247
0,0.59802806
0,0.59113705
0,0.59303534
0,0.5283812
0,0.44007996
0,0.60266495
0,0.70756984
0,0.74195826
0,0.7815223
0,0.7555103
0,0.66931504
0,0.7433413
0,0.76660633
0,0.7794198
0,0.7818268
0,0.62845004
0,0.67944455
0,0.65306675
0,0.5790199
0,0.47920117
0,0.58531547
0,0.61746746
0,0.6939169
0,0.6968768
0,0.6845447
0,0.6385319
0,0.49309954
0,0.4302169
0,0.535717
0,0.65718323
0,0.6120634
0,0.6095786
0,0.38697913
0,0.44327173
0,0.31957594
0,0.2526816
0,0.2137329
0,0.3029658
0,0.41658953
0,0.46554464
0,0.33817568
0,0.35302696
0,0.31711486
0,0.24343687
0,0.38328323
0,0.42312196
0,0.49845257
0,0.54651827
0,0.5398246
0,0.34584412
0,0.33296266
0,0.28240806
0,0.5078246
0,0.59857696
0,0.6307155
0,0.64362645
0,0.60333526
0,0.5431346
0,0.4883599
0,0.36025915
0,0.599928
0,0.6534709
0,0.45842245
0,0.398438
0,0.29879886
0,0.2367585
0,0.19874412
0,0.19718352
0,0.2761109
0,0.43533367
0,0.5440798
0,0.56546545
0,0.5604285
0,0.4886195
0,0.581179
0,0.6683363
0,0.6698363
0,0.48018765
0,0.5880131
0,0.57827806
0,0.53772366
0,0.4517038
0,0.38686734
0,0.2881485
0,0.506531
0,0.38028178
0,0.47875538
0,0.5254289
0,0.5416719
0,0.4651788
0,0.38636905
0,0.532398
0,0.59908426
0,0.90825915
0,0.72990453
0,0.7743356
0,0.59767866
0,0.5775968
0,0.43181548
0,0.33936843
0,0.3268
0,0.495199
0,0.5890297
0,0.6027172
0,0.59766954
0,0.51134384
0,0.41730544
0,0.5919528
0,0.6377696
0,0.7046714
0,0.7275831
0,0.7093147
0,0.6717938
0,0.6462474
0,0.71025443
0,0.72484744
0,0.75176597
0,0.6647239
0,0.73394156
0,0.763939
0,0.73222166
0,0.6564291
0,0.836222
0,0.86841536
0,0.8588635
0,0.86269975
0,0.8668884
0,0.8494861
0,0.8083349
0,0.7704166
0,0.7066747
0,0.7713399
0,0.7859625
0,0.7997075
0,0.6058736
0,0.63004553
0,0.58031034
0,0.48294988
0,0.3892495
0,0.54664564
0,0.6121309
0,0.61603427
0,0.62984407
0,0.6180732
0,0.5625615
0,0.46606505
0,0.37494037
0,0.53638756
0,0.59141517
0,0.6336287
0,0.64755744
0,0.45042297
0,0.45401525
0,0.38782516
0,0.84820014
0,0.60845196
0,0.6915535
0,0.6965387
0,0.71658015
0,0.62128323
0,0.6683185
0,0.62033373
0,0.5686989
0,0.40265796
0,0.5655601
0,0.61845034
0,0.67329866
0,0.681123
0,0.50851774
0,0.5350131
0,0.48327178
0,0.3961104
0,0.30474705
0,0.4240443
0,0.51387393
0,0.38460496
0,0.4549932
0,0.45237088
0,0.40027598
0,0.3470486
0,0.28080493
0,0.4102196
0,0.46166953
0,0.5123378
0,0.50531757
0,0.34330818
0,0.3461794
0,0.2870383
0,0.3834228
0,0.43468907
0,0.49728432
0,0.51598144
0,0.5208523
0,0.47593713
0,0.39865458
0,0.33387092
0,0.4595028
0,0.5253248
0,0.5608812
0,0.63593197
0,0.6464124
0,0.6015675
0,0.50491107
0,0.40443087
0,0.5506653
0,0.5799405
0,0.6581034
0,0.71687573
0,0.68263316
0,0.60771394
0,0.5358852
0,0.6231935
0,0.70844316
0,0.73695976
0,0.7587669
0,0.75513047
0,0.68870157
0,0.59266603
0,0.483011
0,0.3542022
0,0.31086543
0,0.45298308
0,0.4941768
0,0.5346632
0,0.49616715
0,0.42560348
0,0.3572442
0,0.30232924
0,0.42535242
0,0.46053728
0,0.49774897
0,0.33771828
0,0.38092288
0,0.34316924
0,0.33008158
0,0.42564666
0,0.29884377
0,0.42503577
0,0.50091755
0,0.54970473
0,0.55409205
0,0.5277559
0,0.45303708
0,0.5806329
0,0.61948466
0,0.6388252
0,0.6783133
0,0.6642219
0,0.60389256
0,0.53969824
0,0.42933208
0,0.47412586
0,0.5350727
0,0.41346085
0,0.5190135
0,0.55997646
0,0.49456796
0,0.4105294
0,0.3341149
0,0.43761426
0,0.45596626
0,0.47889534
0,0.5462722
0,0.38945794
0,0.39103788
0,0.29361546
0,0.25052708
0,0.34747046
0,0.4034024
0,0.443794
0,0.3089606
0,0.40212405
0,0.41283396
0,0.36159277
0,0.27412695
0,0.37058237
0,0.43118876
0,0.49726012
0,0.5650064
0,0.53677976
0,0.4796697
0,0.39617756
0,0.31368157
0,0.43910155
0,0.47761542
0,0.51321816
0,0.5404022
0,0.3926474
0,0.41310748
0,0.36649176
0,0.4936185
0,0.37952343
0,0.5066847
0,0.53873456
0,0.54862094
0,0.52931595
0,0.46428013
0,0.39842555
0,0.6587504
0,0.68529177
0,0.70502925
0,0.7304522
0,0.74314034
0,0.69046855
0,0.5610676
0,0.48904178
0,0.598081
0,0.6458414
0,0.71738493
0,0.7649282
0,0.6712277
0,0.7135838
0,0.63337904
0,0.7390815
0,0.8073182
0,0.8295946
0,0.85838664
0,0.847915
0,0.84428906
0,0.818796
0,0.8329021
0,0.76849556
0,0.83213663
0,0.8562566
0,0.8536715
0,0.86912525
0,0.85194373
0,0.8129382
0,0.70846635
0,0.7623713
0,0.77376604
0,0.77316475
0,0.76428056
0,0.75152236
0,0.6947018
0,0.6546603
0,0.5295428
0,0.45990995
0,0.336431
0,0.48690036
0,0.52184916
0,0.5525478
0,0.5239774
0,0.34846163
0,0.34193468
0,0.27518213
0,0.21189317
0,0.3340194
0,0.4178656
0,0.4557246
0,0.46259215
0,0.34501657
0,0.3209796
0,0.25929156
0,0.36577088
0,0.28112462
0,0.28277686
0,0.44154826
0,0.45024723
0,0.40814027
0,0.35083285
0,0.2810973
0,0.422916
0,0.47432393
0,0.5118143
0,0.5613604
0,0.5428791
0,0.50371844
0,0.4641135
0,0.5562254
0,0.57269275
0,0.60016155
0,0.41462648
0,0.50711334
0,0.49559093
0,0.42319834
0,0.34301868
0,0.4658948
0,0.51372945
0,0.54246485
0,0.5753064
0,0.55165356
0,0.5084151
0,0.49187386
0,0.40929934
0,0.50691736
0,0.38193887
0,0.48898482
0,0.55426645
0,0.44971156
0,0.46045744
0,0.4087631
0,0.32329398
0,0.44607943
0,0.5169083
0,0.58533406
0,0.6599141
0,0.6484254
0,0.5993005
0,0.51919734
0,0.42872375
0,0.57322943
0,0.59614056
0,0.6517811
0,0.6583891
0,0.61491615
0,0.5682472
0,0.5076809
0,0.40992466
0,0.52979004
0,0.5777389
0,0.61702025
0,0.6605394
0,0.6249609
0,0.53787154
0,0.47735345
0,0.37704206
0,0.35193083
0,0.45647138
0,0.33270177
0,0.44381332
0,0.46909556
0,0.42029947
0,0.31722173
0,0.27403614
0,0.37700942
0,0.5077481
0,0.57205284
0,0.46284702
0,0.51793814
0,0.5094564
0,0.4290106
0,0.5607307
0,0.58376366
1,0.6643611
1,0.66704506
1,0.73485994
1,0.6846627
1,0.6522634
1,0.56102264
1,0.6252465
1,0.693851
1,0.7773634
1,0.8280049
1,0.84289217
1,0.82547355
1,0.78759944
1,0.831735
1,0.86603624
1,0.96913403
1,0.93099374
1,0.9331653
1,0.93667793
1,0.9107822
1,0.8849867
1,0.9064023
1,0.912618
1,0.9140422
1,0.92153823
1,0.9206215
1,0.977575
1,0.9462889
1,0.94692814
1,0.98313135
1,0.96252024
1,0.9530326
1,0.9530671
1,0.9523925
1,0.9481463
0,0.98581356
0,0.971599
0,0.97191566
0,0.96011055
0,0.9638117
0,0.9662228
0,0.9712628
0,0.97218525
0,0.95896065
0,0.924573
0,0.9322201
0,0.93525505
0,0.9152015
0,0.89741015
0,0.9232886
0,0.918044
0,0.89130986
0,0.91706836
0,0.8910556
0,0.90635777
0,0.89070225
0,0.83513856
0,0.82434005
0,0.8143091
0,0.7818094
0,0.8345143
0,0.8704295
0,0.8214443
0,0.8627881
0,0.88163745
0,0.88206136
0,0.83513236
0,0.80119324
0,0.8537382
0,0.86527765
0,0.88661337
0,0.8924564
1,0.9086184
1,0.88793874
1,0.86399245
1,0.8915124
1,0.89984566
1,0.90383476
1,0.87621677
1,0.8943192
1,0.8944516
1,0.89690745
1,0.87880844
1,0.89301133
1,0.91016316
1,0.8983105
1,0.90750194
1,0.9747867
1,0.9499231
1,0.9349853
1,0.923747
1,0.92448217
1,0.9249163
1,0.92031157
1,0.9204168
1,0.9205591
0,0.97792166
0,0.94431424
0,0.9318351
0,0.937854
0,0.9219732
0,0.9073762
0,0.9308267
0,0.9323125
0,0.935412
0,0.9226855
0,0.92286503
0,0.93435806
0,0.90371275
1,0.9228414
1,0.9331016
1,0.9371345
1,0.9267149
1,0.9355207
1,0.9309082
1,0.94298697
1,0.937538
1,0.9305255
1,0.931772
1,0.9287807
1,0.9282286
1,0.932531
1,0.9362175
1,0.93675154
0,0.98007965
0,0.95101696
0,0.94328904
0,0.94391435
0,0.937933
0,0.9276899
0,0.9296614
1,0.92544717
1,0.92915404
1,0.9292299
1,0.92288035
1,0.9234539
1,0.91607785
1,0.90473413
1,0.92227316
1,0.9235487
1,0.92434883
1,0.9252925
1,0.9255029
1,0.9251959
1,0.88259965
1,0.869444
0,0.9739307
0,0.9498152
0,0.9386245
0,0.9362209
0,0.9423058
0,0.94865566
0,0.9293373
0,0.89429533
0,0.9016796
0,0.9186412
0,0.8961022
0,0.84429693
0,0.8693898
0,0.89614725
0,0.8738925
0,0.8299066
0,0.8552336
0,0.8578261
0,0.8637549
0,0.84963965
0,0.83491886
0,0.8721015
0,0.83185935
0,0.7950233
0,0.8167815
0,0.82800496
0,0.8222525
0,0.8360673
0,0.759513
0,0.8312284
0,0.82307225
0,0.738345
0,0.6753812
1,0.7549608
1,0.78594697
1,0.80774415
1,0.8297223
1,0.8433494
1,0.827947
1,0.7904921
1,0.84590757
1,0.9484879
1,0.8904877
1,0.9061909
1,0.90567404
1,0.86007714
1,0.85532826
1,0.84550977
0,0.87672174
0,0.78380716
0,0.7878555
0,0.7256768
0,0.8234386
0,0.8542212
0,0.8557006
0,0.8755267
0,0.86228037
0,0.83612746
0,0.8962997
0,0.9143628
0,0.935459
0,0.9480823
1,0.93488675
1,0.93492275
1,0.920476
1,0.9124959
1,0.8754
1,0.84261394
1,0.89902997
1,0.9093899
1,0.9141752
1,0.9078398
1,0.9025897
1,0.89129037
1,0.83456206
1,0.8944302
1,0.91613156
0,0.9827539
0,0.9652811
0,0.9558254
1,0.94507754
1,0.9341115
1,0.90849817
1,0.92428595
1,0.9313543
1,0.93333375
1,0.9370777
1,0.93694603
1,0.9193939
1,0.9090718
1,0.87616897
1,0.8541672
1,0.89536494
1,0.9236587
1,0.8971107
0,0.98484683
1,0.9669314
1,0.95925134
1,0.9548337
1,0.9594615
1,0.9578525
1,0.9586602
1,0.9690525
1,0.970164
1,0.9743922
1,0.960882
1,0.93765384
1,0.9260307
1,0.939451
1,0.931103
1,0.92533106
1,0.98667866
1,0.9720966
1,0.9663168
1,0.96586335
1,0.95634574
1,0.9910799
1,0.981807
1,0.99559766
1,0.9919095
1,0.99306035
1,0.9936751
1,0.993032
1,0.9869573
1,0.97529465
1,0.97355235
1,0.96787494
1,0.97728705
1,0.97141254
1,0.99626493
1,0.9893204
1,0.98636323
1,0.9886452
1,0.9890303
1,0.98862696
1,0.98846424
1,0.98339677
1,0.9894998
1,0.98627913
1,0.98415756
1,0.99657524
1,0.9912651
1,0.99179757
1,0.99195075
1,0.9918042
1,0.98655266
1,0.984441
1,0.97409993
0,0.9940483
0,0.98886234
0,0.9798028
0,0.9749143
0,0.9736471
0,0.974602
0,0.97956526
0,0.98159873
0,0.9821972
0,0.97825843
0,0.9583821
0,0.9347042
0,0.9239081
0,0.9044363
1,0.9370862
1,0.93243086
1,0.92733246
1,0.93066853
1,0.93468255
1,0.92986083
1,0.88738793
1,0.81837285
1,0.84952796
1,0.85616523
1,0.8599288
1,0.8772827
1,0.91949385
1,0.9200522
1,0.91969603
0,0.98365664
0,0.9453595
0,0.9462064
0,0.93715024
0,0.91349185
0,0.8585768
0,0.8731767
0,0.82422113
0,0.7878477
0,0.8362582
0,0.84653145
0,0.8352456
0,0.8416108
0,0.6811298
0,0.6889298
0,0.6577636
0,0.5730001
0,0.7010784
0,0.720134
0,0.79437196
0,0.85893565
0,0.8534937
0,0.8360427
0,0.7809035
0,0.7133969
0,0.77633
1,0.7857751
1,0.7919516
1,0.787743
1,0.7542147
1,0.70253694
1,0.6240537
1,0.5101683
1,0.63695
1,0.74278295
1,0.6816809
1,0.6848471
1,0.774565
1,0.75639176
1,0.68729633
1,0.87480056
1,0.97958887
1,0.965824
1,0.946378
1,0.93347716
0,0.9896365
0,0.9760598
0,0.978499
0,0.9750398
0,0.9701715
0,0.96662986
0,0.9650282
0,0.9683402
0,0.96076256
0,0.94495904
0,0.93174016
0,0.91142285
0,0.89025897
0,0.8978221
0,0.86941946
0,0.82167214
0,0.7535944
0,0.6641077
0,0.58335346
0,0.74696183
0,0.79320866
0,0.6675619
0,0.77397895
0,0.7881481
0,0.7066443
0,0.42161614
0,0.59528154
0,0.5204607
0,0.6851767
0,0.6175823
0,0.5429652
0,0.466404
0,0.3674519
0,0.5581952
0,0.611863
0,0.64165914
0,0.67857945
0,0.6992786
0,0.7574752
0,0.8448566
0,0.78666854
0,0.84475756
0,0.8143404
0,0.835353
0,0.83125114
0,0.7772144
0,0.7271296
0,0.6473415
0,0.52156675
0,0.44628412
0,0.6364872
1,0.71648526
1,0.7485577
1,0.7226267
1,0.6410825
1,0.54165053
1,0.40114346
1,0.5569389
1,0.65284157
1,0.48472568
1,0.6865319
1,0.78639907
1,0.8849336
1,0.7451184
1,0.7910927
1,0.8788769
1,0.9828677
1,0.96698374
1,0.95366776
1,0.9678461
1,0.936443
1,0.96363395
1,0.9701144
1,0.96414745
1,0.96668637
1,0.9639057
1,0.9901573
1,0.97562164
1,0.9628982
0,0.99434334
0,0.98238504
0,0.9748501
0,0.96591836
0,0.97475415
0,0.97866905
0,0.98321104
0,0.96779794
0,0.97764313
0,0.983288
0,0.982779
0,0.9849702
0,0.9786045
0,0.9818609
0,0.9807922
0,0.97386783
0,0.9602068
0,0.9618587
0,0.96502143
0,0.95552635
0,0.9648471
0,0.9613281
0,0.9431704
0,0.9270236
0,0.9539023
0,0.9359767
0,0.91172546
0,0.9012839
0,0.8858337
0,0.86664736
0,0.8104634
0,0.7178889
0,0.82561684
0,0.7360336
0,0.87453926
0,0.89298123
0,0.8893383
0,0.8959195
0,0.8971192
0,0.91753477
0,0.9181179
0,0.9263953
0,0.93067193
0,0.9303413
0,0.8970805
0,0.88611263
0,0.8543756
0,0.7900583
0,0.85833025
0,0.8585434
0,0.85733885
0,0.86795455
0,0.848645
0,0.7701826
0,0.7419649
0,0.6592425
0,0.5574348
0,0.70397866
0,0.7009821
0,0.73229706
0,0.5489596
0,0.47027245
0,0.51536524
0,0.44517016
0,0.33705688
0,0.26045555
0,0.25504926
0,0.4229307
0,0.54691166
0,0.53553486
0,0.48719007
0,0.4092342
0,0.320064
0,0.45997274
0,0.57239556
0,0.5796304
0,0.58392483
0,0.39659777
0,0.45409963
0,0.378273
0,0.28588477
0,0.43486652
0,0.49807787
0,0.54631
0,0.6352051
0,0.6342641
0,0.5550039
0,0.49777377
0,0.39100495
0,0.5791606
0,0.6359687
0,0.68360484
0,0.48708108
0,0.53366107
0,0.4279594
0,0.34520036
0,0.28888074
0,0.49240327
0,0.5438089
0,0.57005996
0,0.5763099
0,0.54191244
0,0.4567428
0,0.37269992
0,0.28452805
0,0.2567186
0,0.43528417
0,0.3346299
0,0.42713398
0,0.40705994
0,0.39072883
0,0.29749307
0,0.26457617
0,0.3974954
0,0.4821805
0,0.51183563
0,0.53615654
0,0.5957761
0,0.46482387
0,0.38172433
0,0.31717062
0,0.5045992
0,0.6041917
0,0.61255157
0,0.563074
0,0.4085838
0,0.39146844
0,0.31534067
0,0.48925433
0,0.344427
0,0.4672229
0,0.5155024
0,0.35700968
0,0.395471
0,0.37911186
0,0.3007571
0,0.41935408
0,0.48066995
0,0.31204095
0,0.45960593
0,0.50290704
0,0.431465
0,0.36150163
0,0.27742204
0,0.43028203
0,0.54061687
0,0.60790014
0,0.6104098
0,0.56183565
0,0.5182201
0,0.35678467
0,0.3008558
0,0.43881184
0,0.54353845
0,0.60262156
0,0.61812097
0,0.55464256
0,0.49219003
0,0.4270915
0,0.33065534
0,0.3718238
0,0.49864995
0,0.54053795
0,0.5853344
0,0.52690923
0,0.4956845
0,0.40052965
0,0.58438694
0,0.63564974
0,0.6704095
0,0.71467364
0,0.66403186
0,0.6173537
0,0.54011214
0,0.4275301
0,0.33013868
0,0.4807035
0,0.45077667
0,0.54189694
0,0.5346772
0,0.4785161
0,0.4195436
0,0.33383018
0,0.4672604
0,0.5293087
0,0.59770304
0,0.6319644
0,0.56993604
0,0.55440485
0,0.3739336
0,0.33830264
0,0.25875685
0,0.40299222
0,0.33213285
0,0.33228287
0,0.24196775
0,0.29233816
0,0.2677112
0,0.21968395
0,0.3518201
0,0.4771975
0,0.56412417
0,0.5810672
0,0.5631768
0,0.4880561
0,0.40652245
0,0.32279217
0,0.52087283
0,0.5780362
0,0.6290922
0,0.60008824
0,0.5443517
0,0.5068361
0,0.42278844
0,0.32145253
0,0.2611568
0,0.45317143
0,0.5785481
0,0.54877305
0,0.5237081
0,0.45698974
0,0.36624008
0,0.30010527
0,0.47628608
0,0.5860447
0,0.3711798
0,0.47844544
0,0.46111983
0,0.40782723
0,0.34672546
0,0.26543683
0,0.44028947
0,0.571507
0,0.6274715
0,0.61343086
0,0.56824756
0,0.499571
0,0.42204955
0,0.34128192
0,0.30931854
0,0.25445357
0,0.39827803
0,0.45126343
0,0.42750725
0,0.406901
0,0.37366608
0,0.58162
0,0.682168
0,0.6750375
0,0.6925367
0,0.6567924
0,0.60978436
0,0.524271
0,0.41688693
0,0.5730928
0,0.37737316
0,0.35346362
0,0.31711888
0,0.49268955
0,0.50017333
0,0.44826552
0,0.37640798
0,0.38351366
0,0.5712014
0,0.4083521
0,0.57404375
0,0.5436821
0,0.53429484
0,0.45720342
0,0.40245333
0,0.27702162
0,0.46106592
0,0.5469576
0,0.5617907
0,0.5502336
0,0.505713
0,0.448792
0,0.350118
0,0.27677664
0,0.26253575
0,0.42117956
0,0.4961664
0,0.46913368
0,0.44054377
0,0.3765822
0,0.2895288
0,0.48494223
0,0.3122843
0,0.46639746
0,0.49747697
0,0.4895607
0,0.4728027
0,0.38581523
0,0.32630324
0,0.52072513
0,0.60229564
0,0.47843876
0,0.56858855
0,0.55500114
0,0.555233
0,0.4656296
0,0.36844873
0,0.531008
0,0.6005113
0,0.69034696
0,0.6806261
0,0.6385422
0,0.5844398
0,0.5009531
0,0.6172812
0,0.43134606
0,0.6194397
0,0.6439202
0,0.49852088
0,0.50356025
0,0.42443195
0,0.34056765
0,0.29357433
0,0.5048585
0,0.3901061
0,0.3013419
0,0.3877193
0,0.43445146
0,0.38667002
0,0.29578352
0,0.22639897
0,0.3669569
0,0.45807737
0,0.53581995
0,0.54240704
0,0.37825176
0,0.39111748
0,0.3112957
0,0.49113238
0,0.57920945
0,0.6141176
0,0.61685777
0,0.5978154
0,0.5176534
0,0.45479476
0,0.35337707
0,0.26806912
0,0.42629668
0,0.56333655
0,0.5674435
0,0.56736916
0,0.5007498
0,0.36915812
0,0.31458688
0,0.4099942
0,0.30133113
0,0.44957128
0,0.47934777
0,0.46158376
0,0.43001097
0,0.37014756
0,0.2902136
0,0.42979103
0,0.5478226
0,0.6078949
0,0.5941081
0,0.58632106
0,0.5678913
0,0.45236462
0,0.36309204
0,0.5079177
0,0.59638155
0,0.60759026
0,0.59468484
0,0.5338961
0,0.4832184
0,0.4096384
0,0.35008168
0,0.26562738
0,0.21427518
0,0.20812014
0,0.20286877
0,0.16756357
0,0.15326747
0,0.14053115
0,0.14276715
0,0.13117018
0,0.12809144
0,0.1349395
0,0.14008127
0,0.1328972
0,0.20678875
0,0.31545493
0,0.43970436
0,0.58291185
0,0.54552114
0,0.452054
0,0.3272961
0,0.24411283
0,0.20213561
0,0.35604298
0,0.44026327
0,0.46846277
0,0.31022093
0,0.31639388
0,0.26965117
0,0.43531737
0,0.55580413
0,0.6206644
0,0.61859107
0,0.61011076
0,0.53103113
0,0.46931228
0,0.37883112
0,0.27076647
0,0.43988833
0,0.51142657
0,0.5178188
0,0.34432846
0,0.36591825
0,0.25295058
0,0.22113246
0,0.3551087
0,0.4487512
0,0.5060175
0,0.33038068
0,0.38685608
0,0.3647623
0,0.2961085
0,0.24225347
0,0.37385172
0,0.4775426
0,0.5629849
0,0.54211926
0,0.5081724
0,0.3370878
0,0.30740428
0,0.23083381
0,0.41397414
0,0.501186
0,0.55896646
0,0.53743446
0,0.52030385
0,0.33881584
0,0.33234128
0,0.2569446
0,0.41133058
0,0.49740684
0,0.3215829
0,0.28006667
0,0.21729931
0,0.41693363
0,0.52260923
0,0.58006155
0,0.5317911
0,0.53118217
0,0.5344713
0,0.45015058
0,0.3512465
0,0.27940246
0,0.45183083
0,0.58053136
0,0.5991957
0,0.55997795
0,0.4503851
0,0.40152454
0,0.34239054
0,0.5113859
0,0.60058403
0,0.5838835
0,0.6205187
0,0.43793747
0,0.46243772
0,0.4347949
0,0.34154066
0,0.52350235
0,0.63055265
0,0.6848165
0,0.649711
0,0.6156955
0,0.4414838
0,0.4005742
0,0.3092046
0,0.24077465
0,0.42673954
0,0.5440969
0,0.54005516
0,0.5238924
0,0.4772478
0,0.3967848
0,0.311514
0,0.47645926
0,0.55579734
0,0.6131496
0,0.5940356
0,0.56697786
0,0.52652466
0,0.44324818
0,0.34205633
0,0.49366376
0,0.5896971
0,0.59644884
0,0.5812697
0,0.5529505
0,0.48304123
0,0.35693258
1,0.5075563
1,0.6168759
1,0.6301259
1,0.6519114
1,0.44429657
1,0.35133073
1,0.2797853
1,0.26546976
1,0.20906675
1,0.40717286
1,0.5614083
1,0.5988801
1,0.60346603
1,0.5469097
1,0.4787355
1,0.9583702
0,0.99118143
0,0.976016
0,0.96806335
0,0.9595856
0,0.9444839
0,0.9200896
0,0.8927369
0,0.834393
0,0.8879105
0,0.893783
0,0.908691
0,0.91674656
0,0.90657514
0,0.8741741
0,0.83583045
0,0.876605
0,0.8882342
0,0.8349042
0,0.9046916
0,0.88950294
0,0.80533314
0,0.8173562
0,0.75947315
0,0.8694107
0,0.8784751
0,0.8995012
0,0.89851385
0,0.86956036
0,0.8239968
0,0.6159569
0,0.4957362
0,0.38992494
0,0.57964545
0,0.68121773
0,0.47232082
0,0.57083964
0,0.5434056
0,0.50866
0,0.4533248
0,0.3592424
0,0.5469389
0,0.6284445
0,0.6516854
0,0.6270673
0,0.56634164
0,0.50003326
0,0.4226858
0,0.36416873
0,0.5473193
0,0.66973567
0,0.5450098
0,0.541646
0,0.4701615
0,0.4372179
0,0.43457437
0,0.6170687
0,0.72498155
0,0.80175215
0,0.8077864
0,0.8124953
0,0.75686085
0,0.6791847
0,0.79076475
0,0.83754295
0,0.8378014
0,0.8381968
0,0.8250313
0,0.78787845
0,0.67433524
0,0.6340636
0,0.7608527
0,0.834939
0,0.85750824
0,0.86003375
0,0.8607169
0,0.8171495
0,0.8101721
0,0.7607181
0,0.83394665
0,0.88139147
0,0.88843805
0,0.8810789
0,0.87853926
0,0.8166169
0,0.7837436
0,0.7542908
0,0.83275783
0,0.8730978
0,0.87255156
0,0.8689699
0,0.832909
0,0.7891052
0,0.71496296
0,0.6119962
0,0.81930596
0,0.84095365
0,0.8541822
0,0.84884477
0,0.8237755
0,0.78255844
0,0.73637927
0,0.6737741
0,0.6121708
0,0.7618755
0,0.82659096
0,0.84462816
0,0.8493318
0,0.82006717
0,0.8189339
0,0.705051
0,0.7827431
0,0.82998574
0,0.85662884
0,0.7816017
0,0.83056086
0,0.797349
0,0.7311716
0,0.6306813
0,0.77826965
0,0.6060991
0,0.74251354
0,0.7573877
0,0.58319604
0,0.6150178
0,0.52202475
0,0.4467918
0,0.3441071
0,0.31824514
0,0.47716454
0,0.5407516
0,0.55342686
0,0.52832943
0,0.44734088
0,0.3963513
0,0.56052035
0,0.62548214
0,0.4723722
0,0.5783683
0,0.5703527
0,0.5802305
0,0.49828994
0,0.38972822
0,0.61857784
0,0.4102376
0,0.59726334
0,0.6292823
0,0.603762
0,0.5375092
0,0.4529954
0,0.3492159
0,0.52330273
0,0.61559117
0,0.6930543
0,0.48388574
0,0.5480227
0,0.516503
0,0.42832854
0,0.33970663
0,0.5375005
0,0.6371966
0,0.6849612
0,0.69331515
0,0.6347327
0,0.5612471
0,0.4656093
0,0.37482232
0,0.5447268
0,0.65426266
0,0.6845904
0,0.675632
0,0.4691059
0,0.4808115
0,0.38449433
0,0.31659773
0,0.47818244
0,0.6084442
0,0.6635729
0,0.6579411
0,0.615116
0,0.45089164
0,0.36044583
0,0.28942174
0,0.5043446
0,0.61909825
0,0.66139865
0,0.64413893
0,0.5828837
0,0.44305038
0,0.37103775
0,0.54728675
0,0.42905053
0,0.5789124
0,0.65949214
0,0.62300706
0,0.63238657
0,0.5691313
0,0.47792238
0,0.696309
0,0.5972208
0,0.7615113
0,0.8289059
0,0.8250202
0,0.7739401
0,0.73437613
0,0.716416
0,0.80474627
0,0.8187879
0,0.85715926
0,0.8422923
0,0.81059074
0,0.75092316
0,0.7330613
0,0.8082198
0,0.8225749
0,0.8677738
0,0.91132593
0,0.86658
0,0.6992459
0,0.68009686
0,0.5981494
0,0.74840885
0,0.54627514
0,0.72950256
0,0.79244584
0,0.7477695
0,0.6810701
0,0.61278915
0,0.54455626
0,0.4394251
0,0.6518409
0,0.6919042
0,0.70220125
1,0.67736065
1,0.6503726
1,0.5693052
1,0.4870967
1,0.39791903
1,0.5366992
1,0.3388692
1,0.5167443
1,0.5995716
1,0.45783162
1,0.4612335
1,0.39878094
1,0.29870176
1,0.5097321
1,0.7149832
0,0.9729125
0,0.93017745
0,0.8972126
0,0.84423596
0,0.7883141
0,0.8669865
0,0.8788551
0,0.8898832
0,0.73378575
0,0.7817661
0,0.7800895
0,0.70128024
0,0.60083723
0,0.7483653
0,0.77264386
0,0.58629745
0,0.7216757
0,0.71152246
0,0.5528735
0,0.5791516
0,0.5206859
0,0.67624617
0,0.74935126
0,0.8136729
0,0.8283168
0,0.72590435
0,0.78131413
0,0.6603026
0,0.56851697
0,0.35901925
0,0.5707572
0,0.6547208
0,0.44609794
0,0.38875094
0,0.73416877
0,0.5427425
0,0.4567474
0,0.78180254
0,0.8432412
0,0.8541059
0,0.8393576
0,0.7802253
0,0.61136305
0,0.5075289
0,0.4509783
0,0.6287911
0,0.73345804
0,0.7896073
0,0.7616516
0,0.73465943
0,0.669268
0,0.6154809
0,0.49345472
0,0.46654683
0,0.6332345
0,0.70407665
0,0.7534873
0,0.72494584
0,0.69058937
0,0.56801313
0,0.51249194
0,0.66167283
0,0.7229574
0,0.612057
0,0.6728314
0,0.5070417
0,0.44192314
0,0.42290574
0,0.34007242
0,0.29553372
0,0.27587944
0,0.49482626
0,0.5867686
0,0.56308126
0,0.5008596
0,0.4165594
0,0.36741176
0,0.57982934
0,0.39008802
0,0.34909236
0,0.46156907
0,0.46156004
0,0.45481417
0,0.40621027
0,0.31403208
0,0.4979006
0,0.65791875
0,0.6764313
0,0.48203015
0,0.5401062
0,0.46870524
0,0.39923912
0,0.29821607
0,0.2506254
0,0.55494267
0,0.62981725
0,0.41752738
0,0.46802264
0,0.4290448
0,0.3273614
0,0.6145606
0,0.68012804
0,0.7206266
0,0.70707524
0,0.66776836
0,0.51737094
0,0.49237025
0,0.38850826
0,0.6055862
0,0.4586063
0,0.47552836
0,0.5790893
0,0.60447764
0,0.5325789
0,0.47307748
0,0.37649783
0,0.52582335
0,0.62612844
0,0.6765066
0,0.66939396
0,0.63454556
0,0.554881
0,0.46461934
0,0.39273074
0,0.55349743
0,0.63704383
0,0.7230351
0,0.5451127
0,0.58596003
0,0.55972874
0,0.48290285
0,0.39732534
0,0.6358019
0,0.73874867
0,0.74793077
0,0.7248683
0,0.6708529
0,0.58756334
0,0.49062482
0,0.35209733
0,0.6002174
0,0.390756
0,0.32232702
0,0.44788778
0,0.3216584
0,0.36625838
0,0.3129288
0,0.25188646
0,0.4405601
0,0.61153877
0,0.43536142
0,0.5169052
0,0.5184368
0,0.47451904
0,0.41340372
0,0.6111256
0,0.67948854
0,0.76073736
0,0.75417745
0,0.7079302
0,0.63721776
0,0.48218277
0,0.40532303
0,0.31657302
0,0.51442856
0,0.6719229
0,0.7019795
0,0.6538865
0,0.5914996
0,0.49037063
0,0.42261428
0,0.64218175
0,0.5184032
0,0.47492498
0,0.6279684
0,0.654796
0,0.6497719
0,0.64754784
0,0.5822176
0,0.69132555
0,0.7421688
0,0.76486874
0,0.7519607
0,0.70853305
0,0.64065737
0,0.5413358
0,0.43408915
0,0.6541575
0,0.71248066
0,0.7421472
0,0.76439965
0,0.7023368
0,0.6120385
0,0.52887356
0,0.43825653
0,0.3612712
0,0.54691327
0,0.619683
0,0.6220614
0,0.5788826
0,0.5445506
0,0.4565141
0,0.37440255
0,0.5773212
0,0.6904985
0,0.46401688
0,0.563704
0,0.5648179
0,0.41063476
0,0.439213
0,0.3685748
0,0.6288924
0,0.43934456
0,0.57474524
0,0.59344876
0,0.5712312
0,0.5125891
0,0.46203515
0,0.35459194
0,0.527701
0,0.6349782
0,0.65463656
0,0.64039636
0,0.5684992
0,0.51913875
0,0.43631288
0,0.6732749
0,0.7635519
0,0.8063201
0,0.64370143
0,0.68250465
0,0.5515629
0,0.55047894
0,0.45452452
0,0.6477003
0,0.73535156
0,0.7763506
0,0.7751691
0,0.5908966
0,0.45698914
0,0.38203663
0,0.3643356
0,0.56822455
0,0.80064476
0,0.8216247
1,0.8111527
1,0.73855484
1,0.71273804
1,0.69704115
1,0.8412942
1,0.8573475
1,0.8718985
1,0.88103396
1,0.8690155
1,0.8512294
1,0.8141855
1,0.83586586
1,0.8852098
1,0.9024229
1,0.9047674
1,0.98301315
1,0.9381236
1,0.936962
1,0.910493
1,0.8784074
1,0.9303188
1,0.93701446
1,0.9478523
1,0.95341116
1,0.9360028
0,0.9890743
0,0.9693613
0,0.96962595
0,0.96831447
0,0.9486217
0,0.95884293
0,0.95611656
0,0.9508185
0,0.93638307
0,0.9131706
0,0.8728807
0,0.9315486
0,0.93991214
0,0.9456732
0,0.94958794
0,0.9161169
0,0.93207663
0,0.93273646
0,0.91002285
0,0.9200495
0,0.93213314
0,0.9403122
0,0.9383957
0,0.9267065
0,0.8844537
0,0.8766762
0,0.9220071
0,0.88137907
0,0.84146476
0,0.8379082
0,0.87041044
0,0.8353739
0,0.8373155
0,0.815699
0,0.79614925
0,0.877851
0,0.9032872
0,0.91345894
0,0.9016666
0,0.8356348
0,0.82047486
0,0.749117
0,0.63593006
0,0.56782824
0,0.49884316
0,0.6768341
0,0.73634064
0,0.587623
0,0.6181778
0,0.5879603
0,0.75484926
0,0.88417435
0,0.8811661
0,0.8967634
0,0.8896311
0,0.88087493
0,0.8251051
0,0.737763
0,0.9610073
0,0.86349344
0,0.7894529
0,0.7256417
0,0.7838526
0,0.79086995
0,0.71700037
0,0.63182366
0,0.75694907
0,0.8278981
0,0.8297894
0,0.8124177
0,0.76564026
0,0.7455424
0,0.63962966
0,0.5659777
0,0.4937354
0,0.64270586
0,0.45825267
0,0.5068047
0,0.53181934
0,0.62133706
0,0.58189684
0,0.5295173
0,0.68618166
0,0.7624767
0,0.60667163
0,0.72847986
0,0.70223284
0,0.6293117
0,0.5382598
0,0.44866416
0,0.67435324
0,0.7973983
0,0.8437533
0,0.84267664
0,0.8330246
0,0.7586062
0,0.6937235
0,0.7979103
0,0.83036196
0,0.87582487
0,0.8867404
0,0.8796963
0,0.85629654
0,0.81834793
0,0.7473096
0,0.71311927
0,0.8209267
0,0.6508502
0,0.75016123
0,0.7615695
0,0.70568216
0,0.62414014
0,0.45744923
0,0.40563667
0,0.5749204
0,0.6812881
0,0.71234274
0,0.6855544
0,0.64035875
0,0.5683038
0,0.48006183
0,0.37325576
0,0.5963547
0,0.73524225
0,0.73681265
0,0.7276889
0,0.68784595
0,0.6312885
0,0.5477251
0,0.37945095
0,0.6005189
0,0.67190653
0,0.6832007
0,0.65164757
0,0.61003685
0,0.53438294
0,0.48629257
0,0.37522972
0,0.57678443
0,0.6801388
0,0.73812616
0,0.51657975
0,0.40466332
0,0.3994251
0,0.34181514
0,0.26141575
0,0.21706535
0,0.42270026
0,0.51524
0,0.5462996
0,0.3761338
0,0.37341902
0,0.3150032
0,0.5249491
0,0.6516845
0,0.7490986
0,0.7384482
0,0.6953174
0,0.6308017
0,0.5654043
0,0.4446692
0,0.33521548
0,0.58570784
0,0.40192267
0,0.52568924
0,0.5627575
0,0.5330986
0,0.45544502
0,0.32666656
0,0.26445147
0,0.48988134
0,0.60066414
0,0.4158449
0,0.49923885
0,0.47071296
0,0.41580772
0,0.3422974
0,0.5508201
0,0.63472986
0,0.70386016
0,0.50858736
0,0.5775179
0,0.54482543
0,0.46736544
0,0.37662366
0,0.6303937
0,0.48262474
0,0.6692121
0,0.69369864
0,0.7279767
0,0.68293595
0,0.5992979
0,0.7537991
0,0.81481934
0,0.8398594
0,0.66196656
0,0.750888
0,0.62716395
0,0.62424177
0,0.56939894
0,0.77324826
0,0.8285462
0,0.694502
0,0.7972408
0,0.6778939
0,0.6522322
0,0.65555906
0,0.62530637
0,0.7788402
0,0.8454578
0,0.8624545
0,0.8662591
0,0.7756297
0,0.7575584
0,0.60758734
0,0.5272904
0,0.7016765
0,0.76828283
0,0.7942144
0,0.78562224
0,0.7501973
0,0.591221
0,0.550683
0,0.4690908
0,0.3630115
0,0.5762359
0,0.6800164
0,0.6769967
0,0.6425327
0,0.601117
0,0.5041969
0,0.34561542
0,0.28276613
0,0.5120613
0,0.6175186
0,0.42324945
0,0.5219017
0,0.51973474
0,0.41245005
0,0.4184155
0,0.35718817
0,0.5566497
0,0.64729446
0,0.70872235
0,0.68914247
0,0.59405816
0,0.57136106
0,0.7562307
0,0.61831796
0,0.78504145
0,0.8484738
0,0.75981104
0,0.7850883
0,0.73677707
0,0.7026816
0,0.82963675
0,0.8650576
0,0.8846053
0,0.88336635
0,0.8783484
0,0.8546705
0,0.80395454
0,0.79174817
0,0.8854652
0,0.9102739
0,0.8275306
0,0.87508845
0,0.86877406
0,0.8583154
0,0.7636514
0,0.7106174
0,0.8397166
0,0.88930666
0,0.9119264
0,0.90761137
0,0.8750823
0,0.8584706
0,0.8033796
0,0.6960524
0,0.8835746
0,0.80269915
0,0.85439444
0,0.7225908
0,0.76368123
0,0.71601903
0,0.61485255
0,0.54332477
0,0.39785892
0,0.61478937
0,0.72353244
0,0.7416155
0,0.6949306
0,0.6261966
0,0.5277369
0,0.45806965
0,0.3627468
0,0.6120868
0,0.69249547
0,0.73242676
0,0.5916858
0,0.6231419
0,0.5760287
0,0.45546216
0,0.6933514
0,0.49930966
0,0.3617309
0,0.5336956
0,0.5364084
0,0.37569147
0,0.36917436
0,0.320672
0,0.24549143
0,0.496576
0,0.3288797
0,0.47865224
0,0.49620864
0,0.3619755
0,0.34114808
0,0.29203436
0,0.5292417
0,0.6462911
0,0.6812483
0,0.67261684
0,0.6393796
0,0.57472974
0,0.4847637
0,0.37189123
0,0.602635
0,0.703084
0,0.7115768
0,0.59366655
0,0.6930659
0,0.72349876
0,0.5832161
0,0.811111
0,0.74446905
0,0.85234267
0,0.8214834
0,0.84958416
0,0.83591187
0,0.7933182
0,0.89688253
0,0.92915964
0,0.930485
0,0.93333095
0,0.9267602
0,0.9197392
0,0.9029078
0,0.8577491
0,0.78335196
0,0.7269225
0,0.8470459
0,0.87694895
0,0.8659454
0,0.8169816
0,0.77094793
0,0.68771297
0,0.5742044
0,0.76063514
0,0.82657933
0,0.83585536
0,0.8125044
0,0.7697942
0,0.69010556
0,0.6140332
0,0.45406574
0,0.3930485
0,0.32925612
0,0.5784016
0,0.6812106
0,0.69707626
0,0.6424567
0,0.5775211
0,0.47069642
0,0.35315484
0,0.28297544
0,0.52349174
0,0.34641677
0,0.4485146
0,0.46982038
0,0.42720628
0,0.33580104
0,0.25272495
0,0.19790737
0,0.18029805
0,0.3170539
0,0.3944227
0,0.3941651
0,0.34579057
0,0.28040543
0,0.2038063
0,0.42575225
0,0.5392471
0,0.5741961
0,0.5701165
0,0.511219
0,0.42549396
0,0.35352963
0,0.59646213
0,0.7216288
0,0.8049215
0,0.59392613
0,0.64952147
0,0.60347474
0,0.49908674
0,0.40963092
0,0.6624526
0,0.7234268
0,0.73013365
0,0.5149305
0,0.5688591
0,0.5091791
0,0.42533752
0,0.353937
0,0.58597845
0,0.6561451
0,0.6873461
0,0.6587913
0,0.46442366
0,0.46565548
0,0.3561102
0,0.2932085
0,0.50923896
0,0.614735
0,0.43587562
0,0.55987376
0,0.5335552
0,0.35610372
0,0.35850403
0,0.36859536
0,0.56782675
0,0.37486008
0,0.5700006
0,0.5830318
0,0.54304624
0,0.46455696
0,0.37545216
0,0.28516895
0,0.5202984
0,0.6044574
0,0.6360049
0,0.6323864
0,0.5780494
0,0.49256024
0,0.47378892
0,0.6699618
0,0.75756913
0,0.7555151
0,0.7506032
0,0.7030646
0,0.6541519
0,0.562134
0,0.41765404
0,0.33700892
0,0.5740498
0,0.40014595
0,0.5348511
0,0.52802896
0,0.49104437
0,0.32756704
0,0.29028895
0,0.23204619
0,0.4615667
0,0.61539435
0,0.6244208
0,0.44004965
0,0.4790498
0,0.4039986
0,0.4733701
0,0.3190775
0,0.5421841
0,0.612694
0,0.646142
0,0.65132296
0,0.5623051
0,0.46991068
0,0.37104085
0,0.5902475
0,0.6664534
0,0.70167303
0,0.67799234
0,0.64620864
0,0.5646794
0,0.47127527
0,0.37336463
0,0.59650785
0,0.70088005
0,0.7120925
0,0.69427747
0,0.48985192
0,0.5007733
0,0.34917614
0,0.31200355
0,0.55382556
0,0.64913857
0,0.42136732
0,0.33079055
0,0.430454
0,0.41082278
0,0.33984238
0,0.269496
0,0.54135036
0,0.34249443
0,0.28301275
0,0.3936485
0,0.4029818
0,0.2895715
0,0.29859668
0,0.23514648
0,0.47093964
0,0.33912745
0,0.49822426
0,0.51911604
0,0.5280858
0,0.4725298
0,0.36701718
0,0.27705985
0,0.5425447
0,0.63248295
0,0.6465157
0,0.66475105
0,0.59882283
0,0.5103174
0,0.4180997
0,0.32059374
0,0.5538937
0,0.3885639
0,0.4987408
0,0.53978
0,0.48054057
0,0.44780797
0,0.3556866
0,0.26743788
0,0.505635
0,0.58958495
0,0.41166615
0,0.3304386
0,0.3011503
0,0.24432921
0,0.22798611
0,0.20877808
0,0.4379884
0,0.54954183
0,0.5740373
0,0.5619041
0,0.49967015
0,0.43248513
0,0.31418526
0,0.5424168
0,0.66790164
0,0.44757336
0,0.55116457
0,0.55184543
0,0.48146072
0,0.40496793
0,0.2938014
0,0.25394213
0,0.19708648
0,0.18162425
0,0.34771344
0,0.38737836
0,0.38979122
0,0.31762403
0,0.24294038
0,0.54360926
0,0.3679988
0,0.519202
0,0.54990184
0,0.5184299
0,0.37022394
0,0.35842234
0,0.27428544
0,0.55364823
0,0.6467404
0,0.6854416
0,0.66070706
0,0.62563396
0,0.5263616
0,0.4168566
0,0.32256764
0,0.5671241
0,0.6340765
0,0.65387726
0,0.6700996
0,0.6002514
0,0.45158544
0,0.39201158
0,0.6510385
0,0.41969177
0,0.63001585
0,0.64704645
0,0.6107037
0,0.4149135
0,0.41401115
0,0.35718814
0,0.270924
0,0.5442985
0,0.6487447
0,0.64984983
0,0.6075485
0,0.44747442
0,0.47173023
0,0.3590814
0,0.2769939
0,0.5158849
0,0.605575
0,0.6350429
0,0.6254858
0,0.5558061
0,0.50163937
0,0.3908499
0,0.64655733
0,0.7193485
0,0.7329122
0,0.7410439
0,0.6910353
0,0.62419415
0,0.5328108
0,0.42087865
0,0.702759
0,0.4820898
0,0.63198173
0,0.41276696
0,0.33179507
0,0.37163576
0,0.3379051
0,0.26051807
0,0.50249255
0,0.6399601
0,0.68342453
0,0.67282546
0,0.4748861
0,0.48030037
0,0.40894797
0,0.31501436
0,0.5540678
0,0.6848988
0,0.70817405
0,0.5410714
0,0.5681052
0,0.3895098
0,0.3197095
0,0.31234777
0,0.5884596
0,0.6713221
0,0.4525729
0,0.5413628
0,0.5205629
0,0.4894301
0,0.33854213
0,0.6329634
0,0.753141
0,0.5345317
0,0.64350075
0,0.64031094
0,0.600852
0,0.52190286
0,0.4321417
0,0.34503782
0,0.60376585
0,0.66975856
0,0.6716091
0,0.6373579
0,0.58766365
0,0.51529586
0,0.438552
0,0.32063878
0,0.57800686
0,0.6427608
0,0.6518603
0,0.607568
0,0.5535725
0,0.4763433
0,0.37494656
0,0.28659716
0,0.52603
0,0.3529931
0,0.50113606
0,0.5521799
0,0.49285236
0,0.41125762
0,0.34291273
0,0.25002217
0,0.20981862
0,0.4054461
0,0.48469877
0,0.4498888
0,0.29757068
0,0.3314826
0,0.26961932
0,0.21710761
0,0.45934597
0,0.5662352
0,0.5882375
0,0.5551417
0,0.53164965
0,0.43958968
0,0.34435454
0,0.5809743
0,0.69382775
0,0.7126577
0,0.67624724
0,0.62246025
0,0.55207074
0,0.4511058
0,0.38752168
0,0.61178803
0,0.72349584
0,0.49269134
0,0.6128571
0,0.6023131
0,0.43036348
0,0.40202114
0,0.33748615
0,0.6334281
0,0.73604476
0,0.7620258
0,0.6135517
0,0.6724291
0,0.61616397
0,0.54283345
0,0.74899745
0,0.8183466
0,0.83393925
0,0.8404609
0,0.8276271
0,0.75091726
0,0.7210889
0,0.86572796
0,0.916613
0,0.7968875
0,0.86323035
0,0.85221046
0,0.8049431
0,0.75896317
0,0.603841
0,0.5317125
0,0.41062173
0,0.6473992
0,0.6924622
0,0.73206925
0,0.6936113
0,0.6438715
0,0.571011
0,0.4628162
0,0.67801976
0,0.80977607
0,0.660136
0,0.69283736
0,0.71432877
0,0.5783446
0,0.5356406
0,0.7625371
0,0.54536605
0,0.751424
0,0.7671132
0,0.767735
0,0.71529114
0,0.6382354
0,0.56072026
0,0.4529793
0,0.3371173
0,0.55947685
0,0.6265158
0,0.66292953
0,0.53287894
0,0.37918365
0,0.29959413
0,0.2382406
0,0.1988826
0,0.1819219
0,0.16302106
0,0.15276991
0,0.14556238
0,0.14347185
0,0.12965463
0,0.12747073
0,0.12556593
0,0.13235755
0,0.12612651
0,0.12335355
0,0.1239214
0,0.123179734
0,0.15267001
0,0.14061509
0,0.14299722
0,0.15064974
0,0.15744948
0,0.16202694
0,0.163188
0,0.19243051
0,0.19092649
0,0.24412246
0,0.28387967
0,0.29830036
0,0.28987354
0,0.28994697
0,0.29424506
0,0.29133493
0,0.28548226
0,0.2853417
0,0.27539247
0,0.36033547
0,0.3105121
0,0.2946767
0,0.28674063
0,0.28909105
0,0.2864793
0,0.2879157
0,0.27858835
0,0.27883178
0,0.2775348
0,0.27672023
0,0.28084525
0,0.27197483
0,0.2604471
0,0.2999867
0,0.2784745
0,0.27334484
0,0.28075555
0,0.30123365
0,0.3554351
0,0.30296916
0,0.30084825
0,0.2977885
0,0.29570585
0,0.3141883
0,0.5794393
0,0.7309569
0,0.5771798
0,0.76592463
0,0.8304977
0,0.829325
0,0.7902332
0,0.69026625
0,0.5299858
0,0.7534106
0,0.79474217
0,0.7778608
0,0.71211815
0,0.62853825
0,0.5201894
0,0.3848779
0,0.62883854
0,0.69964045
0,0.6959398
0,0.672114
0,0.6175835
0,0.563205
0,0.4601646
0,0.3287334
0,0.27460244
0,0.5083135
0,0.5656152
0,0.5738789
0,0.52665734
0,0.48031154
0,0.3798217
0,0.29413566
0,0.23069203
0,0.42233378
0,0.29313555
0,0.3933757
0,0.40275922
0,0.36370248
0,0.29866877
0,0.23122612
0,0.17359677
0,0.35297143
0,0.45793837
0,0.29971442
0,0.3692509
0,0.2518159
0,0.23740168
0,0.18885665
0,0.157588
0,0.25082192
0,0.39436665
0,0.44960168
0,0.43286216
0,0.38462836
0,0.29808038
0,0.22526042
0,0.46741685
0,0.57194626
0,0.59898037
0,0.38289696
0,0.42180476
0,0.28156072
0,0.2300966
0,0.1825826
0,0.1641633
0,0.1611617
0,0.14373446
0,0.13720007
0,0.13418427
0,0.13409095
0,0.13501108
0,0.13184479
0,0.13348939
0,0.13285735
0,0.1324782
0,0.13133311
0,0.13051307
0,0.12917319
0,0.13001291
0,0.13972466
0,0.14418355
0,0.14363101
0,0.1397632
0,0.14603552
0,0.1559411
0,0.15275788
0,0.19043487
0,0.26271832
0,0.28037876
0,0.27746972
0,0.286704
0,0.27450445
0,0.2732438
0,0.27728778
0,0.27809983
0,0.27159566
0,0.26829064
0,0.27298197
0,0.2756012
0,0.28634563
0,0.28002757
0,0.28657362
0,0.2949389
0,0.29132608
0,0.29970565
0,0.28942442
0,0.3008662
0,0.27955288
0,0.2830119
0,0.30151376
0,0.28799826
0,0.29720938
0,0.28680953
0,0.2970248
0,0.29687363
0,0.28629595
0,0.29306698
0,0.28315172
0,0.28319317
0,0.29865924
0,0.29688224
0,0.2963639
0,0.28452957
0,0.29119602
0,0.29673678
0,0.2985157
0,0.29543015
0,0.28184783
0,0.2770753
0,0.2888172
0,0.28752267
0,0.2917347
0,0.30315295
0,0.28243548
0,0.27598634
0,0.28184775
0,0.2918554
0,0.2867044
0,0.29454702
0,0.28956047
0,0.2856084
0,0.29757357
0,0.2909522
0,0.28585112
0,0.28974512
0,0.28389904
0,0.28690532
0,0.28422314
0,0.28738266
0,0.28132442
0,0.2840609
0,0.32713494
0,0.2950464
0,0.28735125
0,0.28231606
0,0.27678922
0,0.27785856
0,0.28702265
0,0.27662498
0,0.28766805
0,0.27586764
0,0.27394366
0,0.27257013
0,0.27034512
0,0.26737866
0,0.2753153
0,0.28688347
0,0.27253154
0,0.2737832
0,0.27035373
0,0.29371387
0,0.28519082
0,0.29657376
0,0.2996622
0,0.27915144
0,0.28295252
0,0.28101015
0,0.2950429
0,0.29439223
0,0.29715538
0,0.2837214
0,0.2933941
0,0.32462564
0,0.30266985
0,0.28664672
0,0.28339788
0,0.2981299
0,0.34806538
0,0.30728507
0,0.29373777
0,0.28928247
0,0.29243547
0,0.3648036
0,0.32639974
0,0.31818962
0,0.3003837
0,0.30093554
0,0.37480566
0,0.33226934
0,0.29745692
0,0.29486066
0,0.27966776
0,0.28308624
0,0.28241438
0,0.27794385
0,0.281125
0,0.27416044
0,0.2713356
0,0.26987728
0,0.28274137
0,0.27137592
0,0.27243373
0,0.28753507
0,0.2726102
0,0.27128205
0,0.3089598
0,0.3245633
0,0.31235883
0,0.3312546
0,0.2940332
0,0.2816283
0,0.2836807
0,0.28831825
0,0.2880026
0,0.28435394
0,0.27437702
0,0.27047777
0,0.27945775
0,0.27065784
0,0.2812217
0,0.27672356
0,0.27737042
0,0.26874134
0,0.27503684
0,0.30002627
0,0.2708059
0,0.2646791
0,0.26832023
0,0.2590462
0,0.26969165
0,0.26679498
0,0.26046607
0,0.27382427
0,0.2773621
0,0.2761654
0,0.28964385
0,0.29561788
0,0.28910103
0,0.2847241
0,0.29116622
0,0.2930228
0,0.29545575
0,0.29964456
0,0.3017908
0,0.29289728
0,0.29846776
0,0.29570606
0,0.3478458
0,0.31425357
0,0.29462487
0,0.2753291
0,0.2877117
0,0.3391999
0,0.29540634
0,0.29718322
0,0.29406512
0,0.30223045
0,0.33433622
0,0.2945127
0,0.29454637
0,0.30320913
0,0.28370184
0,0.31195816
0,0.29621783
0,0.2889198
0,0.2837121
0,0.287002
0,0.31527936
0,0.29338244
0,0.28538123
0,0.28416836
0,0.2783134
0,0.31243154
0,0.28825143
0,0.28175807
0,0.2794897
0,0.28185806
0,0.31297407
0,0.31983286
0,0.2969639
0,0.2885032
0,0.29409313
0,0.2956736
0,0.28161886
0,0.27595747
0,0.2750048
0,0.2848565
0,0.34690577
0,0.29828146
0,0.30394626
0,0.28711697
0,0.28054544
0,0.27809408
0,0.27204525
0,0.27324873
0,0.30292648
0,0.3104425
0,0.3101446
0,0.3196716
0,0.3237171
0,0.3038293
0,0.3093857
0,0.31247047
0,0.34217733
0,0.3313087
0,0.32787687
0,0.31236503
0,0.30527392
0,0.32381755
0,0.29698277
0,0.29917666
0,0.28227684
0,0.29311183
0,0.31848097
0,0.28849915
0,0.276461
0,0.26493242
0,0.2624054
0,0.23807015
0,0.22570805
0,0.22054377
0,0.22196157
0,0.22509247
0,0.22964568
0,0.22908536
0,0.23843247
0,0.2519883
0,0.25515276
0,0.2651955
0,0.27616704
0,0.27276444
0,0.2787645
0,0.28383052
0,0.2865854
0,0.28642738
0,0.28182447
0,0.29490796
0,0.28313226
0,0.28023997
0,0.27855122
0,0.27856192
0,0.27655247
0,0.29889917
0,0.28754044
0,0.28064892
0,0.2773347
0,0.27390146
0,0.35038075
0,0.30466002
0,0.3084604
0,0.30303553
0,0.2998942
0,0.28392348
0,0.28237286
0,0.27404022
0,0.2799276
0,0.31619033
0,0.3061592
0,0.31228423
0,0.322906
0,0.3143208
0,0.31869757
0,0.30023307
0,0.29906848
0,0.2938028
0,0.29741466
0,0.29662508
0,0.30312306
0,0.28725982
0,0.2819119
0,0.31178328
0,0.3462609
0,0.3590461
0,0.32103765
0,0.3053851
0,0.36045417
0,0.53862536
0,0.415328
0,0.34513146
0,0.43502128
0,0.49909794
0,0.43878928
0,0.33016968
0,0.26260525
0,0.1968783
0,0.28684357
0,0.21985209
0,0.2217221
0,0.18735458
0,0.15691668
0,0.14506194
0,0.13598436
0,0.26995075
0,0.3928879
0,0.37120917
0,0.31655657
0,0.30229804
0,0.21121614
0,0.16856202
0,0.38349512
0,0.5166801
0,0.594345
0,0.37956646
0,0.29094622
0,0.23368791
0,0.19196977
0,0.1706332
0,0.1523355
0,0.14015742
0,0.14160483
0,0.13852154
0,0.13383804
0,0.13066505
0,0.13308842
0,0.12984997
0,0.1287154
0,0.12632601
0,0.16467468
0,0.17467806
0,0.1525923
0,0.14479321
0,0.14670512
0,0.28527755
0,0.5466608
0,0.67296946
0,0.46619275
0,0.5039278
0,0.3191494
0,0.23154664
0,0.20375526
0,0.48954797
0,0.7535369
0,0.50971824
0,0.90303063
0,0.6894001
0,0.54311806
0,0.43866813
0,0.33878478
0,0.6676613
0,0.6981994
0,0.50860345
0,0.4035312
0,0.4049394
0,0.37843364
0,0.31376827
0,0.24886711
0,0.45015374
0,0.31272474
0,0.51612747
0,0.3612903
0,0.2874092
0,0.23969503
0,0.19738697
0,0.17448439
0,0.1753796
0,0.15879296
0,0.16218768
0,0.14588958
0,0.16000538
0,0.15695418
0,0.14316005
0,0.13390134
0,0.12695298
0,0.12711048
0,0.14280327
0,0.13544965
0,0.15237941
0,0.14393574
0,0.15236773
0,0.15124206
0,0.2651779
0,0.23791684
0,0.40021256
0,0.44030297
0,0.39802912
0,0.29635727
0,0.27878067
0,0.21413372
0,0.58533764
0,0.4155428
0,0.31812847
0,0.2574432
0,0.23833536
0,0.27783304
0,0.18817446
0,0.16295327
0,0.35878268
0,0.49989295
0,0.3354213
0,0.35653338
0,0.30124176
0,0.22400235
0,0.17092833
0,0.37151152
0,0.25669622
0,0.19153479
0,0.16106941
0,0.16036278
0,0.14021729
0,0.1504842
0,0.14267513
0,0.13790745
0,0.27707574
0,0.1811404
0,0.23940614
0,0.17769517
0,0.16266963
0,0.14912702
0,0.14525737
0,0.1365304
0,0.13116941
0,0.12460324
0,0.20146592
0,0.25897643
0,0.2014141
0,0.1843133
0,0.1763175
0,0.36982945
0,0.49775207
0,0.5491856
0,0.5110322
0,0.4930888
0,0.348121
0,0.32015482
0,0.2380285
0,0.19180687
0,0.18375225
0,0.15690942
0,0.1422001
0,0.15732077
0,0.1683679
0,0.15671048
0,0.15093948
0,0.32204616
0,0.22249036
0,0.18059683
0,0.28899297
0,0.19362639
0,0.17980443
0,0.15512595
0,0.14195713
0,0.15407951
0,0.14027363
0,0.1345554
0,0.14976938
0,0.15384112
0,0.14003228
0,0.13754775
0,0.3218637
0,0.21275322
0,0.17578213
0,0.16429247
0,0.15372632
0,0.16113621
0,0.15164487
0,0.1436726
0,0.13854828
0,0.22850777
0,0.43203157
0,0.45786443
0,0.42289865
0,0.34789854
0,0.32962006
0,0.26813972
0,0.20308875
0,0.78643876
0,0.5399503
0,0.41867626
0,0.5154443
0,0.36827964
0,0.29418793
0,0.28801122
0,0.5023781
0,0.32721853
0,0.4975388
0,0.53246254
0,0.45208678
0,0.36547258
0,0.32873774
0,0.26806614
0,0.52896225
0,0.64748967
0,0.6222167
0,0.45889106
0,0.450718
0,0.3661488
0,0.2955053
0,0.2371232
0,0.20993347
0,0.40563288
0,0.27555454
0,0.23411784
0,0.23533021
0,0.19770987
0,0.16956279
0,0.14970697
0,0.28139344
0,0.19688915
0,0.17523283
0,0.16053976
0,0.16873996
0,0.1657573
0,0.15343001
0,0.37509993
0,0.57585555
0,0.5989389
0,0.57773
0,0.40278998
0,0.3620093
0,0.34076625
0,0.2660689
0,0.53277403
0,0.5965425
0,0.6571468
0,0.47113675
0,0.4530301
0,0.4771781
0,0.30553207
0,0.25832665
0,0.5309592
0,0.56936026
0,0.6063576
0,0.38019451
0,0.44817036
0,0.30428383
0,0.28004536
0,0.25901952
0,0.5090221
0,0.337011
0,0.29383028
0,0.35140038
0,0.34113118
0,0.26471183
0,0.20374313
0,0.1744615
0,0.39188993
0,0.5422298
0,0.57718337
0,0.5232812
0,0.5091043
0,0.48294494
0,0.36802053
0,0.27857628
0,0.46289256
0,0.596702
0,0.5669869
0,0.5025748
0,0.46920562
0,0.40382066
0,0.28309813
0,0.23708177
0,0.2018064
0,0.17789152
0,0.24882144
0,0.2522402
0,0.22770846
0,0.173117
0,0.1787193
0,0.14853802
0,0.13988844
0,0.2189654
0,0.27537876
0,0.19662133
0,0.16388954
0,0.15033086
0,0.15260908
0,0.14184305
0,0.24183816
0,0.17512362
0,0.32063255
0,0.2601851
0,0.20682652
0,0.22940925
0,0.20157607
0,0.5376946
0,0.41001958
0,0.3385823
0,0.3061174
0,0.27446324
0,0.23676406
0,0.1890527
0,0.16669749
0,0.34023622
0,0.3463161
0,0.57026833
0,0.5188012
0,0.3427898
0,0.33575788
0,0.3012772
0,0.24286897
0,0.19860388
0,0.42457172
0,0.2841333
0,0.23097284
0,0.24658597
0,0.24270011
0,0.23180002
0,0.1903777
0,0.37247023
0,0.26709136
0,0.47483557
0,0.44910294
0,0.33571655
0,0.6741805
0,0.45907703
0,0.3609553
0,0.29668328
0,0.45826653
0,0.32204798
0,0.26286188
0,0.21963298
0,0.20001832
0,0.16898453
0,0.14894965
0,0.13997167
0,0.27652442
0,0.18543237
0,0.2754925
0,0.34096846
0,0.22950865
0,0.20670538
0,0.18989104
0,0.35262308
0,0.23928608
0,0.40186238
0,0.27670857
0,0.23085454
0,0.21143883
0,0.18093705
0,0.15565217
0,0.14287063
0,0.13625528
0,0.13020152
0,0.1554014
0,0.20387302
0,0.18396999
0,0.15676159
0,0.15683794
0,0.14884414
0,0.1459614
0,0.21368474
0,0.16812976
0,0.21328896
0,0.17853345
0,0.1656142
0,0.35699347
0,0.57193947
0,0.37986138
0,0.28093356
0,0.22094746
0,0.1793139
0,0.16042082
0,0.14577445
0,0.13976175
0,0.28465474
0,0.18153957
0,0.29262352
0,0.2074879
0,0.1638382
0,0.16810162
0,0.1526921
0,0.16675386
0,0.15671358
0,0.2188995
0,0.31497794
0,0.33811334
0,0.3393295
0,0.24424127
0,0.21866
0,0.40070438
0,0.490583
0,0.59767026
0,0.586781
0,0.48382202
0,0.42307508
0,0.36777723
0,0.2880274
0,0.23319079
0,0.19535337
0,0.17089795
0,0.16818826
0,0.14993134
0,0.15314022
0,0.15330929
0,0.14008443
0,0.14808275
0,0.22233655
0,0.17144555
0,0.20953262
0,0.23434985
0,0.18155918
0,0.1561235
0,0.14433557
0,0.13632877
0,0.13272841
0,0.1781668
0,0.3121702
0,0.25996214
0,0.20137621
0,0.18901426
0,0.16773811
0,0.42269978
0,0.523808
0,0.33422637
0,0.42325515
0,0.35412753
0,0.2853648
0,0.23352306
0,0.19586532
0,0.36303025
0,0.304837
0,0.24003428
0,0.26071444
0,0.26957482
0,0.19640012
0,0.17502134
0,0.4175042
0,0.51579773
0,0.616536
0,0.61682326
0,0.6906368
0,0.4636476
0,0.35350206
0,0.2761148
0,0.50010264
0,0.34839636
0,0.4512059
0,0.31016728
0,0.24524964
0,0.28443804
0,0.21442622
0,0.17344189
0,0.34792125
0,0.45009312
0,0.47524926
0,0.33775476
0,0.34048513
0,0.25445354
0,0.20385158
0,0.17063965
0,0.16145332
0,0.1484564
0,0.25905243
0,0.2834081
0,0.20392323
0,0.17397535
0,0.17873442
0,0.15427525
0,0.31475925
0,0.2142862
0,0.30235827
0,0.21491256
0,0.17512876
0,0.2222496
0,0.16979207
0,0.1511011
0,0.39166474
0,0.47695518
0,0.59329516
0,0.57224786
0,0.5301383
0,0.35755304
0,0.3226532
0,0.25811505
0,0.22020796
0,0.41599163
0,0.30143824
0,0.22231641
0,0.18037932
0,0.18465552
0,0.17286251
0,0.35763684
0,0.6359749
0,0.63887703
0,0.6070193
0,0.42054266
0,0.40662417
0,0.30909732
0,0.25533032
0,0.20736185
0,0.19548565
0,0.37279525
0,0.2821667
0,0.34778884
0,0.26146588
0,0.21490291
0,0.17367265
0,0.35126203
0,0.4998058
0,0.31778115
0,0.25416598
0,0.28274003
0,0.32388827
0,0.22976726
0,0.19657907
0,0.22651859
0,0.18665485
0,0.278974
0,0.3044554
0,0.28668666
0,0.3341178
0,0.23966733
0,0.20700078
0,0.39281577
0,0.50209713
0,0.50027394
0,0.48070163
0,0.37343216
0,0.3518385
0,0.31175768
0,0.32719257
0,0.47387618
0,0.61121464
0,0.41081306
0,0.55030805
0,0.48387215
0,0.37291098
0,0.32960743
0,0.30750543
0,0.25964144
0,0.21310383
0,0.3564852
0,0.35588914
0,0.24890195
0,0.24089596
0,0.22329955
0,0.19268265
0,0.16783121
0,0.15311672
0,0.14554267
0,0.13764812
0,0.13179697
0,0.14521039
0,0.13944386
0,0.13846587
0,0.13129452
0,0.12781672
0,0.18755043
0,0.16512617
0,0.17064407
0,0.15469837
0,0.14619023
0,0.14959957
0,0.33400664
0,0.3223565
0,0.25705108
0,0.19750915
0,0.19039394
0,0.23338072
0,0.26992396
0,0.24064675
0,0.45017183
0,0.5503905
0,0.5308777
0,0.5090838
0,0.39880642
0,0.5595126
0,0.481423
0,0.7151866
0,0.7002355
0,0.71863633
0,0.6716661
0,0.56640595
0,0.46355072
0,0.39785218
0,0.3347249
0,0.25526044
0,0.5695878
0,0.5580146
0,0.5522156
0,0.45486832
0,0.33505824
0,0.25652567
0,0.25863194
0,0.2757885
0,0.3823359
0,0.26546046
0,0.20304538
0,0.3857487
0,0.30867672
0,0.30532873
0,0.2697586
0,0.2238995
0,0.20461877
0,0.1979088
0,0.40804744
0,0.3565888
0,0.27135825
0,0.21307415
0,0.17452876
0,0.15643705
0,0.36249614
0,0.48583233
0,0.57729393
0,0.58881813
0,0.5035811
0,0.7001869
0,0.57259345
0,0.7904691
0,0.553398
0,0.42357937
0,0.50085473
0,0.5131247
0,0.35992151
0,0.3450517
0,0.2612599
0,0.21757348
0,0.46612036
0,0.46216518
0,0.5416223
0,0.42498127
0,0.36508057
0,0.27433354
0,0.21645834
0,0.3636611
0,0.26466417
0,0.3544318
0,0.24309182
0,0.20797567
0,0.17664267
0,0.19116302
0,0.4680414
0,0.5473728
0,0.37209883
0,0.47015652
0,0.42564595
0,0.45265663
0,0.33111954
0,0.2545046
0,0.45580304
0,0.55265605
0,0.3860832
0,0.30092147
0,0.24060017
0,0.21817736
0,0.22545125
0,0.1931048
0,0.17355621
0,0.3568914
0,0.5288682
0,0.5757754
0,0.5574053
0,0.47720617
0,0.37009755
0,0.29838163
0,0.251283
0,0.21478793
0,0.42157325
0,0.36849567
0,0.27894318
0,0.2596775
0,0.19791834
0,0.18171243
0,0.3992018
0,0.48517042
0,0.7012331
0,0.60450554
0,0.5927403
0,0.41866827
0,0.43289796
0,0.39335534
0,0.37013787
0,0.3194872
0,0.24757293
0,0.20943964
0,0.28571367
0,0.25747287
0,0.24190369
0,0.18519181
0,0.1698897
0,0.25722393
0,0.21283148
0,0.43620405
0,0.3787944
0,0.32975048
0,0.25967297
0,0.22705665
0,0.48313576
0,0.54126906
0,0.37479356
0,0.28825852
0,0.259613
0,0.22587551
0,0.18097234
0,0.506762
0,0.33885056
0,0.25226322
0,0.33719733
0,0.40238765
0,0.3842264
0,0.3527647
0,0.29896602
0,0.26674822
0,0.22555417
0,0.4282083
0,0.34235454
0,0.3343523
0,0.30049613
0,0.3509866
0,0.28216726
0,0.6186469
0,0.47088096
0,0.42172545
0,0.6461252
0,0.48332453
0,0.40200436
0,0.3526512
0,0.36257055
0,0.7192732
0,0.6038471
0,0.5554327
0,0.41730696
0,0.3718281
0,0.35009468
0,0.32098234
0,0.31337148
0,0.5552041
0,0.62862074
0,0.5956415
0,0.46199748
0,0.4282194
0,0.4116668
0,0.4419789
0,0.38717642
0,0.3854749
0,0.35821962
0,0.42248163
0,0.40302053
0,0.35772875
0,0.3776264
0,0.32529795
0,0.2790707
0,0.2314626
0,0.34899482
0,0.24274471
0,0.27796015
0,0.35539064
0,0.26919523
0,0.23214045
0,0.20778687
0,0.3687597
0,0.28537515
0,0.5118473
0,0.43928346
0,0.40504158
0,0.36870682
0,0.27461603
0,0.21984626
0,0.38165784
0,0.29019648
0,0.34464717
0,0.3156278
0,0.4153479
0,0.33903372
0,0.34731892
0,0.31478935
0,0.29835
0,0.2914611
0,0.44886068
0,0.35369453
0,0.40539002
0,0.41253152
0,0.5892612
0,0.3835594
0,0.6462189
0,0.46322238
0,0.55049163
0,0.5499158
0,0.4932037
0,0.48910135
0,0.45812672
0,0.4883836
0,0.49588725
0,0.6535977
0,0.5002141
0,0.56819606
0,0.5152044
0,0.40297762
0,0.39313677
0,0.32736975
0,0.49476928
0,0.5668284
0,0.57734
0,0.47931632
0,0.43721223
0,0.3260733
0,0.2625788
0,0.45527723
0,0.59216887
0,0.4241559
0,0.33577725
0,0.33405116
0,0.29998058
0,0.27275985
0,0.22909413
0,0.55485904
0,0.5639951
0,0.3827469
0,0.31050733
0,0.3381984
0,0.3016967
0,0.24112415
0,0.19859624
0,0.45971796
0,0.37178868
0,0.41796282
0,0.40854833
0,0.35901543
0,0.2974442
0,0.23867822
0,0.24433449
0,0.38817436
0,0.3649848
0,0.40829
0,0.36310717
0,0.5533925
0,0.46647424
0,0.45739478
0,0.40339085
0,0.5284642
0,0.4587626
0,0.58117294
0,0.5973903
0,0.45979103
0,0.4542505
0,0.5155035
0,0.82983345
0,0.67657346
0,0.6763564
0,0.7521022
0,0.726058
0,0.5610579
0,0.6353786
0,0.543664
0,0.5867959
0,0.821247
0,0.64006543
0,0.5733278
0,0.45918682
0,0.40230602
0,0.4559717
0,0.43342218
0,0.38634285
0,0.38099417
0,0.36964294
0,0.3782218
0,0.36584976
0,0.3795199
0,0.37401956
0,0.39856556
0,0.40372908
0,0.6616914
0,0.61544514
0,0.5995822
0,0.5690559
0,0.5379939
0,0.6368971
0,0.6140634
0,0.6285304
0,0.60130215
0,0.65073526
0,0.6130052
0,0.66286534
0,0.7434541
0,0.6570784
0,0.6689857
0,0.8693832
0,0.7448343
0,0.80065477
0,0.7088915
0,0.6793585
0,0.7254719
0,0.6456183
0,0.8598123
0,0.72241986
0,0.73250186
0,0.7956397
0,0.8004351
0,0.649349
0,0.57774365
0,0.55931556
0,0.47902066
0,0.7073438
0,0.5567392
0,0.52735794
0,0.43562883
0,0.46050578
0,0.49406722
0,0.53564274
0,0.46481815
0,0.8067961
0,0.67164063
0,0.7974303
0,0.6767286
0,0.7555769
0,0.6235089
0,0.52481043
0,0.4788186
0,0.47501346
0,0.4950966
0,0.7112628
0,0.5554683
0,0.5136849
0,0.49870434
0,0.599552
0,0.8196654
0,0.7525492
0,0.62524617
0,0.59925103
0,0.5237459
0,0.5513736
0,0.5115754
0,0.4582079
0,0.5850965
0,0.6887625
0,0.70954686
0,0.7261319
0,0.7105829
0,0.57330096
0,0.52501214
0,0.4653077
0,0.74108636
0,0.72541016
0,0.7351124
0,0.5690197
0,0.5280268
0,0.37788722
0,0.33191642
0,0.32015017
0,0.46841672
0,0.382189
0,0.43798336
0,0.34946054
0,0.36806175
0,0.3642235
0,0.3035985
0,0.27468067
0,0.57003915
0,0.5656014
0,0.536968
0,0.48754638
0,0.41861397
0,0.32578495
0,0.29672673
0,0.262041
0,0.5715908
0,0.5646341
0,0.8705033
0,0.6904471
0,0.6114961
0,0.543067
0,0.3992549
0,0.768201
0,0.6166496
0,0.52116334
0,0.42005062
0,0.43101755
0,0.35802385
0,0.32180107
0,0.31766593
0,0.6205418
0,0.5008799
0,0.6799239
0,0.71533954
0,0.61610746
0,0.51960635
0,0.43400902
0,0.43367195
0,0.8117481
0,0.6858002
0,0.6563624
0,0.6313133
0,0.57965773
0,0.5528586
0,0.6009306
0,0.5400815
0,0.4965765
0,0.44027373
0,0.4874541
0,0.3819933
0,0.35551655
0,0.33223504
0,0.267506
0,0.27655214
0,0.43187162
0,0.488218
0,0.34881678
0,0.39882746
0,0.3551555
0,0.30261955
0,0.24989614
0,0.23093712
0,0.19052275
0,0.31627223
0,0.49508443
0,0.6438409
0,0.4714637
0,0.47687572
0,0.39691994
0,0.3708775
0,0.3943252
0,0.39123842
0,0.39518502
0,0.43862996
0,0.50757194
0,0.40946937
0,0.35497418
0,0.66796494
0,0.47198737
0,0.41727555
0,0.5926978
0,0.6713213
0,0.5258542
0,0.49214175
0,0.3748521
0,0.73799264
0,0.54171914
0,0.47727388
0,0.55381536
0,0.6244974
0,0.48753184
0,0.43072426
0,0.36864382
0,0.72236055
0,0.5775798
0,0.60760915
0,0.55852747
0,0.4839198
0,0.5843246
0,0.4300125
0,0.39430153
0,0.7048422
0,0.8239138
0,0.8655465
0,0.83180904
0,0.70576537
0,0.6427454
0,0.56700206
0,0.47588181
0,0.7790579
0,0.81905085
0,0.7851703
0,0.7064847
0,0.52725583
0,0.5566915
0,0.42555282
0,0.3539804
0,0.28076673
0,0.42315704
0,0.6262542
0,0.50182056
0,0.39565185
0,0.29815426
0,0.23916699
0,0.21516024
0,0.39382762
0,0.3058956
0,0.50664157
0,0.41846564
0,0.3955718
0,0.333495
0,0.27861422
0,0.23832913
0,0.21670188
0,0.23503932
0,0.2646802
0,0.46846205
0,0.43356207
0,0.4514841
0,0.33998197
0,0.52775127
0,0.3845207
0,0.334637
0,0.31910044
0,0.53477246
0,0.4796128
0,0.48091862
0,0.47136724
0,0.785147
0,0.8123045
0,0.64479494
0,0.6056689
0,0.49766672
0,0.4929589
0,0.5165363
0,0.47200045
0,0.50496835
0,0.57207793
0,0.4299668
0,0.38689387
0,0.37021494
0,0.32270265
0,0.31531015
0,0.26438686
0,0.43624988
0,0.29020512
0,0.26722252
0,0.23593268
0,0.25028732
0,0.2505363
0,0.21057668
0,0.44231087
0,0.32222095
0,0.24363586
0,0.20717618
0,0.19999257
0,0.38445765
0,0.3060828
0,0.27696842
0,0.23711324
0,0.19165199
0,0.1774599
0,0.15746982
0,0.14612545
0,0.14729987
0,0.18872131
0,0.17258187
0,0.15920867
0,0.40424743
0,0.56036705
0,0.4677211
0,0.33277196
0,0.26672962
0,0.36166203
0,0.3003981
0,0.22589362
0,0.40799215
0,0.58236396
0,0.6166239
0,0.40587932
0,0.37346533
0,0.31949443
0,0.28320974
0,0.21757971
0,0.17795552
0,0.15650274
0,0.14629012
0,0.14781572
0,0.15878071
0,0.1465812
0,0.15778998
0,0.691248
0,0.55097604
0,0.4847077
0,0.45323688
0,0.44079894
0,0.41257995
0,0.40200612
0,0.32265985
0,0.678324
0,0.5387894
0,0.68826675
0,0.64296675
0,0.5269257
0,0.45342514
0,0.46002376
0,0.3781536
0,0.715453
0,0.5220953
0,0.44734204
0,0.6771141
0,0.5749767
0,0.4855393
0,0.40184566
0,0.33799496
0,0.27153966
0,0.44101447
0,0.3356532
0,0.27746508
0,0.21991734
0,0.18771444
0,0.14562386
0,0.13927753
0,0.15667708
0,0.14704533
0,0.14186808
0,0.14495517
0,0.14813419
0,0.17940183
0,0.18919522
0,0.18293528
0,0.15970305
0,0.14908986
0,0.14111432
0,0.24888195
0,0.19423427
0,0.1647735
0,0.1557628
0,0.15030907
0,0.265342
0,0.23687322
0,0.18379225
0,0.4233579
0,0.5225768
0,0.36312857
0,0.3114154
0,0.304979
0,0.22835295
0,0.35680842
0,0.25585383
0,0.21474816
0,0.20165811
0,0.20014155
0,0.21165098
0,0.19882345
0,0.49536085
0,0.3799
0,0.3565194
0,0.38872492
0,0.4754607
0,0.39706856
0,0.3171447
0,0.5192418
0,0.36350584
0,0.4748822
0,0.4805025
0,0.33286175
0,0.3200796
0,0.24481288
0,0.22177415
0,0.1993008
0,0.18223737
0,0.15466273
0,0.2502704
0,0.19591855
0,0.22628634
0,0.18485084
0,0.16551559
0,0.15074372
0,0.13564546
0,0.13643582
0,0.1502021
0,0.14271156
0,0.16607893
0,0.14674193
0,0.13567686
0,0.15836135
0,0.15430719
0,0.14477016
0,0.14410321
0,0.13989386
0,0.1607393
0,0.14963298
0,0.15187714
0,0.37308794
0,0.5565543
0,0.4606767
0,0.53283954
0,0.5097491
0,0.38749623
0,0.34385988
0,0.30233783
0,0.25161764
0,0.21678196
0,0.16968396
0,0.35578582
0,0.3769858
0,0.2838028
0,0.208842
0,0.17433846
0,0.16650923
0,0.1877937
0,0.1917278
0,0.22480462
0,0.29748887
0,0.31355634
0,0.23441358
0,0.252047
0,0.40416834
0,0.33651748
0,0.3196999
0,0.3057882
0,0.2736051
0,0.26025054
0,0.2041416
0,0.27326515
0,0.23536058
0,0.23993136
0,0.259941
0,0.27343005
0,0.38991112
0,0.29680678
0,0.38045305
0,0.42978203
0,0.4373474
0,0.74723756
0,0.6107882
0,0.50759053
0,0.45851642
0,0.42388746
0,0.39424303
0,0.55063206
0,0.5069953
0,0.44812447
0,0.3844951
0,0.5240508
0,0.4455253
0,0.41141823
0,0.4300963
0,0.46133313
0,0.7306193
0,0.55856955
0,0.718887
0,0.7341708
0,0.5798086
0,0.49963868
0,0.38149506
0,0.30250758
0,0.2671246
0,0.2360101
0,0.27509493
0,0.2395125
0,0.30994678
0,0.27639776
0,0.28401986
0,0.62750405
0,0.5051171
0,0.46936196
0,0.4258264
0,0.40833417
0,0.3852196
0,0.36349365
0,0.32874647
0,0.6721631
0,0.55634916
0,0.8186524
0,0.7441033
0,0.6744714
0,0.62637746
0,0.6371641
0,0.60815275
0,0.8719274
0,0.7339709
0,0.70706975
0,0.8149423
0,0.7686951
0,0.7111351
0,0.6204463
0,0.5513143
0,0.67711216
0,0.6510595
0,0.6118099
0,0.58318675
0,0.5720762
0,0.60676414
0,0.5388559
0,0.509326
0,0.5556811
0,0.82409745
0,0.7284155
0,0.71590525
0,0.7115301
0,0.63345104
0,0.5605352
0,0.5307769
0,0.42638004
0,0.5064119
0,0.44061205
0,0.36616254
0,0.36649507
0,0.3173663
0,0.2648884
0,0.23756221
0,0.5414095
0,0.5202596
0,0.43250233
0,0.5173075
0,0.4995886
0,0.4105141
0,0.34164402
0,0.3029303
0,0.47768202
0,0.49388307
0,0.5284316
0,0.44407886
0,0.49618408
0,0.35385758
0,0.26746908
0,0.20754814
0,0.1779656
0,0.17670377
0,0.2930877
0,0.26004058
0,0.25529048
0,0.24001881
0,0.23678946
0,0.40836096
0,0.48566425
0,0.5707427
0,0.38148308
0,0.29623818
0,0.32572207
0,0.22977564
0,0.19171248
0,0.18051963
0,0.27921838
0,0.2783044
0,0.40811616
0,0.27274838
0,0.22986104
0,0.2255501
0,0.1762814
0,0.32166967
0,0.45891023
0,0.3164563
0,0.41450474
0,0.31063372
0,0.25965998
0,0.19988139
0,0.41660738
0,0.25839615
0,0.2229523
0,0.2883267
0,0.23451293
0,0.19598444
0,0.16764441
0,0.15937304
0,0.14327072
0,0.14008695
0,0.12975079
0,0.17286544
0,0.24549232
0,0.18453807
0,0.19883265
0,0.17529486
0,0.22734521
0,0.64007413
0,0.6289363
0,0.591051
0,0.51732635
0,0.3648708
0,0.2939603
0,0.23116489
0,0.4500584
0,0.57628536
0,0.7062034
0,0.60571134
0,0.5716018
0,0.44700772
0,0.4446393
0,0.33061323
0,0.51995456
0,0.6192215
0,0.5943148
0,0.42255187
0,0.40606558
0,0.305389
0,0.25449434
0,0.20864269
0,0.19590546
0,0.36839408
0,0.2607962
0,0.23376505
0,0.22115451
0,0.1933499
0,0.17358671
0,0.17999339
0,0.16163787
0,0.28297794
0,0.3567997
0,0.24361774
0,0.2928055
0,0.21590316
0,0.24687852
0,0.1792744
0,0.15187432
0,0.14727937
0,0.23762499
0,0.1720096
0,0.1895257
0,0.15501675
0,0.14211838
0,0.14393081
0,0.13437113
0,0.13157035
0,0.13068354
0,0.12846266
0,0.12745792
0,0.1291094
0,0.13425794
0,0.13276093
0,0.13610329
0,0.23821351
0,0.27301347
0,0.31091028
0,0.23703378
0,0.19223699
0,0.166908
0,0.16654909
0,0.17083795
0,0.17628092
0,0.17458433
0,0.18065336
0,0.15747543
0,0.15136853
0,0.14670022
0,0.14075573
0,0.15398873
0,0.15735872
0,0.19453038
0,0.2049488
0,0.23286511
0,0.21637158
0,0.16790663
0,0.15725173
0,0.32609117
0,0.4931653
0,0.5917057
0,0.3826182
0,0.31566027
0,0.26253438
0,0.20665567
0,0.17565164
0,0.17031033
0,0.1528536
0,0.1943466
0,0.16780636
0,0.14528242
0,0.14323087
0,0.14733012
0,0.13257681
0,0.15581796
0,0.15267308
0,0.14704584
0,0.14419138
0,0.16832866
0,0.149677
0,0.14274688
0,0.26550198
0,0.19182085
0,0.1942089
0,0.3577564
0,0.25020438
0,0.19339548
0,0.16490658
0,0.15396617
0,0.15226951
0,0.15125042
0,0.16466063
0,0.15230764
0,0.15653934
0,0.14306974
0,0.13894235
0,0.13840976
0,0.14128223
0,0.14701997
0,0.19142283
0,0.17275298
0,0.1613085
0,0.156935
0,0.16471094
0,0.15234289
0,0.14438099
0,0.16280088
0,0.14585368
0,0.15756553
0,0.15251523
0,0.18005705
0,0.16107082
0,0.37478694
0,0.33099467
0,0.263993
0,0.21607174
0,0.17261037
0,0.15751529
0,0.16972509
0,0.16052078
0,0.1600008
0,0.28922737
0,0.39082432
0,0.2611284
0,0.21620385
0,0.2770442
0,0.24646792
0,0.1849071
0,0.16261452
0,0.4488582
0,0.35230497
0,0.29366267
0,0.24449572
0,0.2082267
0,0.18160023
0,0.1655289
0,0.15067197
0,0.33220825
0,0.24415441
0,0.29145062
0,0.19016024
0,0.15475671
0,0.1510017
0,0.15031531
0,0.1501569
0,0.14457059
0,0.13901992
0,0.13339223
0,0.1346468
0,0.15008354
0,0.15355052
0,0.17667916
0,0.16653034
0,0.16374776
0,0.15253325
0,0.1566503
0,0.16249533
0,0.15756515
0,0.15020402
0,0.14990997
0,0.14483409
0,0.15056306
0,0.15792966
0,0.15574436
0,0.20635562
0,0.25978532
0,0.23377697
0,0.21853754
0,0.1850429
0,0.34980574
0,0.30890304
0,0.38324842
0,0.28847453
0,0.209209
0,0.16889171
0,0.14981005
0,0.54120815
0,0.35815814
0,0.2559296
0,0.20241469
0,0.17231916
0,0.15550448
0,0.14704317
0,0.14106444
0,0.13729265
0,0.13417435
0,0.13003173
0,0.12688519
0,0.12550548
0,0.13861158
0,0.13069844
0,0.32043573
0,0.40989572
0,0.5711702
0,0.7058604
0,0.91503644
0,0.8479625
0,0.7729424
0,0.65398556
0,0.6033957
0,0.5143409
0,0.5552234
0,0.47490454
0,0.497996
0,0.44521374
0,0.32332492
0,0.44642764
0,0.44044116
0,0.50232565
0,0.41275883
0,0.3223142
0,0.31570563
0,0.27081326
0,0.35937378
0,0.31207806
0,0.2575648
0,0.20891616
0,0.282493
0,0.30160713
0,0.25831777
0,0.19068189
0,0.2763064
0,0.36970437
0,0.26936617
0,0.33924946
0,0.28960064
0,0.40049508
0,0.3039333
0,0.3718849
0,0.38426825
0,0.28852865
0,0.21751626
0,0.276713
0,0.37289616
0,0.2633675
0,0.26097614
0,0.27074122
0,0.23208334
0,0.19159992
0,0.15952647
0,0.15213081
0,0.1599421
0,0.18258294
0,0.16680546
0,0.28603747
0,0.27776408
0,0.22443947
0,0.20981672
0,0.20048979
0,0.18776174
0,0.2061692
0,0.1691951
0,0.3413488
0,0.54560554
0,0.56900513
0,0.4146496
0,0.49689773
0,0.5223613
0,0.50837785
0,0.33355847
0,0.8796273
0,0.6964884
0,0.76146394
0,0.73907226
0,0.91866076
0,0.8617393
0,0.7510662
0,0.6184584
0,0.5410485
0,0.43678147
0,0.34699476
0,0.51870584
0,0.5758541
0,0.4960017
0,0.36270317
0,0.34573343
0,0.27024803
0,0.29504073
0,0.29014927
0,0.33685964
0,0.35987365
0,0.3676759
0,0.28557518
0,0.38703153
0,0.33893782
0,0.37090573
0,0.4682424
0,0.33466536
0,0.46942797
0,0.30075014
0,0.24585673
0,0.27331567
0,0.25852597
0,0.23331334
0,0.18170542
0,0.16519067
0,0.21767938
0,0.37985626
0,0.25368166
0,0.3018808
0,0.19863991
0,0.20780917
0,0.1968953
0,0.174355
0,0.177545
0,0.21033196
0,0.17586538
0,0.17844097
0,0.17748798
0,0.21524109
0,0.18919802
0,0.21237788
0,0.20841537
0,0.22028321
0,0.2549385
0,0.19503672
0,0.52860415
0,0.7836333
0,0.80744326
0,0.8562537
0,0.8355427
0,0.97521746
0,0.94012386
0,0.8491184
0,0.7845917
0,0.82042766
0,0.6991149
0,0.68265235
0,0.55405426
0,0.5248767
0,0.5836661
0,0.6072803
0,0.44642457
0,0.38127467
0,0.30526614
0,0.2513411
0,0.21748872
0,0.19904983
0,0.2535282
0,0.269186
0,0.2837441
0,0.3496907
0,0.5006038
0,0.4461439
0,0.4601563
0,0.3793239
0,0.3625687
0,0.31375015
0,0.37755346
0,0.40721428
0,0.2683045
0,0.29069215
0,0.26551569
0,0.27798402
0,0.29826996
0,0.21220635
0,0.22501554
0,0.18548194
0,0.19954813
0,0.16770536
0,0.2910708
0,0.23930801
0,0.3543865
0,0.41262823
0,0.42879543
0,0.3140012
0,0.30303597
0,0.30879083
0,0.25602022
0,0.2920089
0,0.22153467
0,0.21492916
0,0.16110753
0,0.23077346
0,0.19582804
0,0.26387298
0,0.31292886
0,0.2476073
0,0.43144032
0,0.32995138
0,0.25818732
0,0.22108552
0,0.2165584
0,0.24749336
0,0.27863562
0,0.28048924
0,0.19801033
0,0.27131695
0,0.2453787
0,0.20216176
0,0.1936168
0,0.21343984
0,0.2459812
0,0.18273626
0,0.18960372
0,0.15148446
0,0.15675895
0,0.15000251
0,0.15719394
0,0.15865542
0,0.14838901
0,0.15486394
0,0.15431142
0,0.18311599
0,0.28267688
0,0.2750608
0,0.36584136
0,0.23423271
0,0.26629904
0,0.35203826
0,0.26945364
0,0.19549155
0,0.19144368
0,0.21110423
0,0.26720488
0,0.22410585
0,0.17048408
0,0.1532176
0,0.14473347
0,0.13315263
0,0.12854879
0,0.12423738
0,0.12588184
0,0.1239298
0,0.12443555
0,0.12780726
0,0.12572362
0,0.12762181
0,0.1374346
0,0.13230464
0,0.13250248
0,0.14360073
0,0.15429816
0,0.1790667
0,0.18319573
0,0.1748641
0,0.18048395
0,0.2035807
0,0.20554106
0,0.21085
0,0.24108148
0,0.22127146
0,0.2250529
0,0.26290655
0,0.26989877
0,0.3014286
0,0.2920659
0,0.27323273
0,0.287252
0,0.27801546
0,0.27682856
0,0.29173726
0,0.34374133
0,0.31727535
0,0.3051534
0,0.3147002
0,0.36466008
0,0.2674634
0,0.23268077
0,0.26772702
0,0.23624434
0,0.25009552
0,0.23705526
0,0.21740136
0,0.18813366
0,0.19410944
0,0.18819295
0,0.17554934
0,0.16296001
0,0.16375987
0,0.16214845
0,0.14910255
0,0.1401321
0,0.13407297
0,0.13409255
0,0.1344928
0,0.13416392
0,0.13692002
0,0.14185333
0,0.14298438
0,0.14930932
0,0.1619473
0,0.1891521
0,0.21690398
0,0.20363607
0,0.22081119
0,0.23661019
0,0.23503746
0,0.3502154
0,0.45402068
0,0.33815843
0,0.30744568
0,0.2798546
0,0.23576717
0,0.21029417
0,0.20636462
0,0.20085019
0,0.19763622
0,0.19016919
0,0.19412906
0,0.18098046
0,0.17509392
0,0.19383338
0,0.2009298
0,0.1938863
0,0.19016626
0,0.19215444
0,0.1986266
0,0.22319494
0,0.22707586
0,0.22715199
0,0.18818246
0,0.22870022
0,0.18121111
0,0.15578485
0,0.15778978
0,0.14939901
0,0.1408309
0,0.1499355
0,0.1526731
0,0.14913394
0,0.14196455
0,0.16824509
0,0.1679073
0,0.16559172
0,0.18013689
0,0.17218907
0,0.1616503
0,0.15847524
0,0.15056586
0,0.16430211
0,0.16294901
0,0.1727182
0,0.17624855
0,0.1789187
0,0.18320566
0,0.1803078
0,0.17708296
0,0.18861438
0,0.20735984
0,0.24017693
0,0.24975091
0,0.260224
0,0.24007116
0,0.24872553
0,0.2546621
0,0.23116791
0,0.21878661
0,0.21898653
0,0.21854703
0,0.22173993
0,0.22583248
0,0.25891733
0,0.2762799
0,0.27974468
0,0.28369182
0,0.31708086
0,0.3020088
0,0.29008684
0,0.30322912
0,0.29151207
0,0.3253551
0,0.294348
0,0.28554198
0,0.28415582
0,0.27518433
0,0.2736342
0,0.26819733
0,0.2745109
0,0.26339582
0,0.27424574
0,0.31530416
0,0.3066898
0,0.36849478
0,0.32889754
0,0.34583127
0,0.40607604
0,0.6429508
0,0.87043405
0,0.8359959
0,0.873821
0,0.7786024
0,0.6990491
0,0.66040546
0,0.58559203
0,0.5521066
0,0.5453472
0,0.53188026
0,0.50580215
0,0.376194
0,0.3197843
0,0.2809287
0,0.30509844
0,0.33506146
0,0.31462905
0,0.26542017
0,0.21342175
0,0.20541435
0,0.21989785
0,0.3055788
0,0.23547654
0,0.21225475
0,0.2439219
0,0.29409105
0,0.2520199
0,0.24796149
0,0.23776111
0,0.30595717
0,0.20255686
0,0.1640749
0,0.15810615
0,0.1415152
0,0.13787906
0,0.13330328
0,0.12797144
0,0.13720739
0,0.20941117
0,0.19419628
0,0.41499573
0,0.38720265
0,0.37383294
0,0.33570337
0,0.351465
0,0.36926565
0,0.3105732
0,0.24400136
0,0.39003533
0,0.3815097
0,0.47647557
0,0.39606008
0,0.355712
0,0.3046379
0,0.58913696
0,0.75150955
0,0.70651555
0,0.5842234
0,0.55895495
0,0.4989806
0,0.6465578
0,0.49284494
0,0.49437234
0,0.48774073
0,0.67473745
0,0.62541276
0,0.5322995
0,0.49405232
0,0.61784315
0,0.7025706
0,0.6669834
0,0.6006644
0,0.6387738
0,0.636687
0,0.7694324
0,0.71047425
0,0.64576036
0,0.6931784
0,0.71879655
0,0.52097553
0,0.7234403
0,0.6569127
0,0.771448
0,0.8283082
0,0.7686523
0,0.6812115
0,0.6999334
0,0.7013959
0,0.6319944
0,0.6756408
0,0.67038894
0,0.835688
0,0.8233714
0,0.85480094
0,0.7743666
0,0.7608904
0,0.7573346
0,0.7501453
0,0.5844419
0,0.6001768
0,0.58837175
0,0.61889607
0,0.47528222
0,0.48774892
0,0.67189777
0,0.70727074
0,0.7566612
0,0.8318471
0,0.8972226
0,0.8777136
0,0.8303712
0,0.69639677
0,0.6374075
0,0.63040745
0,0.68032014
0,0.79304266
0,0.6721505
0,0.6178224
0,0.6092769
0,0.6354711
0,0.74598515
0,0.7879147
0,0.7093886
0,0.5768781
0,0.46574494
0,0.5999472
0,0.54352295
0,0.7049049
0,0.77726424
0,0.69425744
0,0.61621773
0,0.558411
0,0.64187795
0,0.53520316
0,0.464028
0,0.40823942
0,0.49177638
0,0.7280352
0,0.50247705
0,0.57135236
0,0.6659932
0,0.6074548
0,0.6132242
0,0.632719
0,0.6785481
0,0.6624626
0,0.5122344
0,0.56465685
0,0.6433197
0,0.7834009
0,0.67963994
0,0.5939788
0,0.7881179
0,0.8275896
0,0.8095021
0,0.71919715
0,0.8516449
0,0.7867067
0,0.89816505
0,0.8914182
0,0.8892547
0,0.8153537
0,0.8415303
0,0.74667144
0,0.7261535
0,0.7215918
0,0.694721
0,0.7266462
0,0.71512496
0,0.6336303
0,0.6694238
0,0.59258485
0,0.5964034
0,0.7021482
0,0.68142617
0,0.80650234
0,0.797562
0,0.72447073
0,0.6784829
0,0.74995965
0,0.7693271
0,0.7307863
0,0.7014595
0,0.733276
0,0.7969566
0,0.8027858
0,0.71694684
0,0.6376757
0,0.7065709
0,0.70830286
0,0.7718501
0,0.6089637
0,0.58496594
0,0.6585746
0,0.5689343
0,0.68155694
0,0.713043
0,0.62439644
0,0.7320821
0,0.76417375
0,0.7031326
0,0.8386264
0,0.8312644
0,0.8140751
0,0.83283615
0,0.82752204
0,0.77516127
0,0.81113434
0,0.84033424
0,0.76633537
0,0.69291997
0,0.8469155
0,0.9490616
0,0.9265966
0,0.9143771
0,0.88900495
0,0.84681743
0,0.87697613
0,0.8730329
0,0.8287786
0,0.89064026
0,0.8565728
0,0.74625957
0,0.8315412
0,0.90514594
0,0.8409803
0,0.8007295
0,0.73876786
0,0.6202457
0,0.7700274
0,0.8438783
0,0.7491493
0,0.6901895
0,0.6991389
0,0.78139406
0,0.6826757
0,0.5450932
0,0.50019515
0,0.40814313
0,0.6081263
0,0.6887491
0,0.7544308
0,0.62144005
0,0.48266307
0,0.4733629
0,0.36690482
0,0.40291318
0,0.64354634
0,0.6947714
0,0.5021008
0,0.57151705
0,0.5351937
0,0.55524224
0,0.62541544
0,0.4450638
0,0.4612433
0,0.45156842
0,0.5760844
0,0.5263014
0,0.6854838
0,0.7852159
0,0.5691201
0,0.68138015
0,0.49334043
0,0.62156904
0,0.59643626
0,0.54201794
0,0.64026815
0,0.6127808
0,0.53585804
0,0.5783011
0,0.4680156
0,0.40942636
0,0.44771862
0,0.45587543
0,0.5520357
0,0.6271898
0,0.5407642
0,0.64315104
0,0.4747591
0,0.4428685
0,0.8236471
0,0.63727045
0,0.6259783
0,0.51814485
0,0.48237157
0,0.4238949
0,0.341581
0,0.28516603
0,0.22658953
0,0.22887479
0,0.18574749
0,0.18596697
0,0.37720588
0,0.29766506
0,0.22983049
0,0.20768449
0,0.20253493
0,0.19158293
0,0.22560757
0,0.21538883
0,0.17959763
0,0.1651192
0,0.14849854
0,0.13856189
0,0.14288308
0,0.13887993
0,0.13213392
0,0.14130634
0,0.15708737
0,0.16370408
0,0.17621462
0,0.18193161
0,0.19549169
0,0.17505638
0,0.17084655
0,0.15716149
0,0.15710959
0,0.24130897
0,0.19132964
0,0.18149067
0,0.1683842
0,0.16106893
0,0.16210315
0,0.3902781
0,0.39079446
0,0.3870439
0,0.8243078
0,0.9362849
0,0.83448744
0,0.6464783
0,0.5745598
0,0.8194693
0,0.8930367
0,0.7996614
0,0.6914116
0,0.6957221
0,0.60701966
0,0.4594631
0,0.53362703
0,0.44964278
0,0.36520553
0,0.6454419
0,0.6181327
0,0.54151464
0,0.50885355
0,0.44412032
0,0.49987912
0,0.43639627
0,0.3168065
0,0.29157516
0,0.24630357
0,0.21165851
0,0.20705245
0,0.2144631
0,0.22076082
0,0.18692058
0,0.14249025
0,0.13529244
0,0.13824205
0,0.1351479
0,0.13114534
0,0.12519696
0,0.12814862
0,0.1368631
0,0.1327792
0,0.14700189
0,0.13953826
0,0.14914112
0,0.14061573
0,0.14037763
0,0.14567669
0,0.16597435
0,0.17425391
0,0.19232985
0,0.22876008
0,0.33653638
0,0.64044684
0,0.59880745
0,0.5237124
0,0.69604766
0,0.883458
0,0.7774838
0,0.7144132
0,0.5833828
0,0.4757183
0,0.37752372
0,0.2969497
0,0.22921857
0,0.18689723
0,0.22269757
0,0.16894436
0,0.14415833
0,0.13729766
0,0.13670604
0,0.1267844
0,0.13048573
0,0.12860481
0,0.12379448
0,0.13540658
0,0.13003314
0,0.13560902
0,0.14112322
0,0.13485208
0,0.24204446
0,0.18512224
0,0.17894536
0,0.16225284
0,0.16406108
0,0.16047426
0,0.18119441
0,0.28173405
0,0.27601627
0,0.27895904
0,0.27712995
0,0.2766163
0,0.27467826
0,0.27278557
0,0.25616157
0,0.25988552
0,0.26272717
0,0.25449532
0,0.24944484
0,0.28593144
0,0.23891586
0,0.23039436
0,0.23749907
0,0.2469691
0,0.22536299
0,0.21121871
0,0.20892613
0,0.19593342
0,0.20277973
0,0.19342121
0,0.27228668
0,0.2675914
0,0.2527484
0,0.2310763
0,0.2239791
0,0.21793295
0,0.27746296
0,0.21634012
0,0.18958183
0,0.17508954
0,0.16524422
0,0.16061705
0,0.1546673
0,0.15834783
0,0.16188098
0,0.16559389
0,0.17553799
0,0.19851689
0,0.18721104
0,0.20058998
0,0.20330152
0,0.2209601
0,0.24410966
0,0.24969563
0,0.25835326
0,0.25687525
0,0.26115635
0,0.2550153
0,0.27277982
0,0.26202592
0,0.26563114
0,0.28062907
0,0.27505946
0,0.29068875
0,0.2959513
0,0.3083406
0,0.2851772
0,0.27586573
0,0.30295372
0,0.3068133
0,0.31505445
0,0.3076783
0,0.29883534
0,0.2926792
0,0.27295253
0,0.2771715
0,0.2790812
0,0.2728268
0,0.27772602
0,0.28537622
0,0.29400247
0,0.29629496
0,0.3337716
0,0.35145384
0,0.3624589
0,0.33033428
0,0.314415
0,0.3086746
0,0.38768825
0,0.32863796
0,0.3051506
0,0.2933499
0,0.28255233
0,0.27504292
0,0.30859804
0,0.28333238
0,0.2778425
0,0.29207042
0,0.28221047
0,0.3077975
0,0.32095847
0,0.2920556
0,0.33709505
0,0.29426834
0,0.25018233
0,0.20047383
0,0.18365273
0,0.17408651
0,0.19891055
0,0.15776412
0,0.15743321
0,0.1979512
0,0.17164284
0,0.14885363
0,0.14756334
0,0.13907585
0,0.16479942
0,0.18278131
0,0.16811542
0,0.14844495
0,0.14816754
0,0.16036445
0,0.15246503
0,0.15352179
0,0.15131819
0,0.14198549
0,0.16124143
0,0.15174448
0,0.14114097
0,0.13814515
0,0.14616258
0,0.14024425
0,0.14236575
0,0.1411418
0,0.13815497
0,0.14733389
0,0.15008684
0,0.15161838
0,0.16986755
0,0.16474414
0,0.16156128
0,0.15998349
0,0.15793121
0,0.17290957
0,0.1938307
0,0.20503695
0,0.19351174
0,0.18603678
0,0.19094124
0,0.19060387
0,0.25298917
0,0.21185222
0,0.20264517
0,0.19195257
0,0.19042255
0,0.17306527
0,0.17575689
0,0.34162733
0,0.26212126
0,0.22567938
0,0.19252159
0,0.1839002
0,0.16526334
0,0.16871224
0,0.20416202
0,0.16710329
0,0.2321481
0,0.18360314
0,0.1611501
0,0.14956874
0,0.1421735
0,0.13988258
0,0.15192212
0,0.15405191
0,0.14305246
0,0.13915807
0,0.13726702
0,0.13948062
0,0.1511704
0,0.14873105
0,0.1511336
0,0.14543688
0,0.19000871
0,0.2271757
0,0.19864665
0,0.17896289
0,0.17366157
0,0.17544211
0,0.16420993
0,0.15769203
0,0.1575835
0,0.16120872
0,0.17300195
0,0.20100333
0,0.31335533
0,0.31255424
0,0.32136655
0,0.2738401
0,0.24230297
0,0.22893012
0,0.22201714
0,0.17493679
0,0.17036223
0,0.15031794
0,0.15121534
0,0.14435796
0,0.1378452
0,0.15339749
0,0.14679973
0,0.13843414
0,0.14050251
0,0.13436592
0,0.13767077
0,0.23870648
0,0.18216509
0,0.16552398
0,0.16468297
0,0.16242257
0,0.15334047
0,0.14829424
0,0.14970222
0,0.15900998
0,0.15130141
0,0.1519335
0,0.16784221
0,0.17300339
0,0.17498474
0,0.1897595
0,0.18126227
0,0.19077335
0,0.19537309
0,0.18559892
0,0.17819144
0,0.1843933
0,0.19213395
0,0.17909352
0,0.18161976
0,0.18287499
0,0.18260048
0,0.16830002
0,0.25305063
0,0.23535758
0,0.20019217
0,0.2025925
0,0.20887062
0,0.22361237
0,0.19616069
0,0.17803778
0,0.16372125
0,0.16953245
0,0.17000923
0,0.15854374
0,0.15465672
0,0.15922993
0,0.15450156
0,0.14782883
0,0.17019118
0,0.15796976
0,0.1582034
0,0.16530763
0,0.16765071
0,0.2038675
0,0.21022962
0,0.21432468
0,0.3335122
0,0.2595879
0,0.21177767
0,0.176116
0,0.17532131
0,0.40950269
0,0.31117567
0,0.241469
0,0.196539
0,0.27684897
0,0.27047098
0,0.19682787
0,0.15589868
0,0.14543279
0,0.14204554
0,0.13872868
0,0.12776592
0,0.13106367
0,0.14004813
0,0.13276128
0,0.1846315
0,0.15913345
0,0.14925951
0,0.14111015
0,0.14267111
0,0.14083323
0,0.2641978
0,0.20328268
0,0.18197384
0,0.16810468
0,0.16012985
0,0.15302356
0,0.17358713
0,0.60537624
0,0.5595708
0,0.47413573
0,0.35540715
0,0.2841128
0,0.19717124
0,0.20052679
0,0.16713056
0,0.15411071
0,0.14544015
0,0.13324682
0,0.13469914
0,0.13472281
0,0.13822809
0,0.13394026
0,0.13258165
0,0.13033529
0,0.15141173
0,0.16150047
0,0.16852635
0,0.1753998
0,0.16794203
0,0.17940955
0,0.18872535
0,0.18672074
0,0.18785135
0,0.18044806
0,0.17366652
0,0.23313321
0,0.27567774
0,0.40399563
0,0.44114497
0,0.45702025
0,0.38362923
0,0.38101217
0,0.38473377
0,0.33070964
0,0.29382488
0,0.2596089
0,0.22741553
0,0.26340786
0,0.3247648
0,0.42058674
0,0.31778258
0,0.2818788
0,0.27120128
0,0.28705528
0,0.29708463
0,0.234973
0,0.20065549
0,0.1784903
0,0.606659
0,0.46942988
0,0.3694979
0,0.27979496
0,0.24385269
0,0.22945009
0,0.23297805
0,0.31984562
0,0.36004493
0,0.34683874
0,0.427775
0,0.47792584
0,0.43836898
0,0.48339155
0,0.49861097
0,0.45611176
0,0.4067993
0,0.37508905
0,0.3113792
0,0.29039088
0,0.23670977
0,0.24625012
0,0.23668943
0,0.22547434
0,0.19424161
0,0.19547723
0,0.19572796
0,0.17781384
0,0.1553465
0,0.15853378
0,0.16021794
0,0.15693973
0,0.1543479
0,0.14862289
0,0.13825819
0,0.15761276
0,0.15741679
0,0.16446987
0,0.16670528
0,0.15382361
0,0.14125828
0,0.14310713
0,0.14774944
0,0.13975383
0,0.14165434
0,0.13761228
0,0.13710667
0,0.13697386
0,0.14423078
0,0.14241895
0,0.14472146
0,0.15327309
0,0.15432729
0,0.1634041
0,0.1845217
0,0.20731196
0,0.18604924
0,0.18503614
0,0.20461361
0,0.20397852
0,0.19898021
0,0.18720248
0,0.1667362
0,0.1862107
0,0.1749539
0,0.18110473
0,0.16334692
0,0.1723367
0,0.17425646
0,0.19078204
0,0.16475756
0,0.1572037
0,0.1672014
0,0.16291805
0,0.15899444
0,0.17406264
0,0.15640894
0,0.16243914
0,0.15700541
0,0.14447255
0,0.15355389
0,0.15395842
0,0.17691296
0,0.17776841
0,0.20064738
0,0.21266316
0,0.21749945
0,0.24445045
0,0.24269989
0,0.2263781
0,0.19269797
0,0.16756077
0,0.16182655
0,0.15508868
0,0.15579253
0,0.14636382
0,0.1420951
0,0.13961293
0,0.13808078
0,0.13343437
0,0.13430168
0,0.13809915
0,0.14501768
0,0.15040211
0,0.15865639
0,0.16968146
0,0.16950855
0,0.17289811
0,0.17777772
0,0.1853351
0,0.19351786
0,0.20219178
0,0.22214124
0,0.23307145
0,0.24868992
0,0.28544766
0,0.2900229
0,0.28878185
0,0.31696752
0,0.34049082
0,0.31561732
0,0.29453325
0,0.28654236
0,0.29715306
0,0.31963727
0,0.30862075
0,0.3141466
0,0.29265717
0,0.28075653
0,0.3629005
0,0.3531129
0,0.31705785
0,0.31405056
0,0.31239212
0,0.3053772
0,0.31684768
0,0.3184168
0,0.290726
0,0.29695925
0,0.2993385
0,0.26891068
0,0.25886434
0,0.24936357
0,0.23816825
0,0.22190161
0,0.23374555
0,0.23203199
0,0.23957117
0,0.27291498
0,0.2701098
0,0.25643173
0,0.24613005
0,0.25671145
0,0.28912476
0,0.27521837
0,0.25390744
0,0.24614619
0,0.23853253
0,0.23142155
0,0.26474568
0,0.27134484
0,0.27152118
0,0.29947677
0,0.27730122
0,0.29700795
0,0.2854284
0,0.28392223
0,0.27644506
0,0.26872203
0,0.26817065
0,0.26280054
0,0.27111298
0,0.63263965
0,0.468108
0,0.36471644
0,0.2918784
0,0.24954218
0,0.20340252
0,0.19041863
0,0.17451377
0,0.16467297
0,0.17592789
0,0.17040949
0,0.1691102
0,0.16914833
0,0.1706243
0,0.21862586
0,0.194633
0,0.1732413
0,0.17114261
0,0.16601019
0,0.15788695
0,0.15116291
0,0.15077718
0,0.1544554
0,0.15407111
0,0.1551922
0,0.15158378
0,0.15128182
0,0.17360221
0,0.18131907
0,0.20127091
0,0.7710403
0,0.6982541
0,0.6710087
0,0.63271236
0,0.5273814
0,0.41969538
0,0.32766682
0,0.24029064
0,0.21801758
0,0.22617173
0,0.22068462
0,0.20664136
0,0.21299005
0,0.19604033
0,0.2010504
0,0.17912619
0,0.1664524
0,0.14954926
0,0.16075629
0,0.15189758
0,0.14647204
0,0.14425112
0,0.1386135
0,0.14440893
0,0.1370542
0,0.13264006
0,0.14207816
0,0.14224139
0,0.14003041
0,0.13710311
0,0.14890997
0,0.15010652
0,0.18023525
0,0.16513538
0,0.15826687
0,0.15638635
0,0.17423154
0,0.15959983
0,0.16791412
0,0.16225061
0,0.17817071
0,0.20526844
0,0.20572004
0,0.2138389
0,0.20922923
0,0.2237445
0,0.19182155
0,0.18682599
0,0.1692603
0,0.1605529
0,0.2179639
0,0.18008408
0,0.16026498
0,0.1585338
0,0.15497333
0,0.16116679
0,0.15945826
0,0.15790212
0,0.18014869
0,0.18136087
0,0.19974115
0,0.21112235
0,0.21278219
0,0.21003228
0,0.18429615
0,0.18356024
0,0.16023402
0,0.15917625
0,0.15610299
0,0.15257394
0,0.17830446
0,0.16469367
0,0.15947439
0,0.15062587
0,0.15405148
0,0.17285757
0,0.15121087
0,0.14367451
0,0.14943255
0,0.14628015
0,0.14430138
0,0.1417962
0,0.14779204
0,0.15232332
0,0.16719542
0,0.16487305
0,0.16494845
0,0.17053726
0,0.17745464
0,0.18859352
0,0.20057756
0,0.2211543
0,0.23712127
0,0.25047982
0,0.2531501
0,0.2680508
0,0.26769346
0,0.2761442
0,0.27328202
0,0.28313777
0,0.28963745
0,0.28839847
0,0.32471243
0,0.31937683
0,0.35638076
0,0.3428853
0,0.3610315
0,0.31760812
0,0.31409246
0,0.3476968
0,0.30710357
0,0.29224452
0,0.28281993
0,0.2750875
0,0.283482
0,0.28047508
0,0.27843994
0,0.28530338
0,0.27463886
0,0.27030456
0,0.26135638
0,0.2580654
0,0.26291376
0,0.28031307
0,0.25254133
0,0.22890949
0,0.38443014
0,0.29947653
0,0.2731411
0,0.22813159
0,0.21952991
0,0.20098744
0,0.19810584
0,0.24381384
0,0.23714718
0,0.22920026
0,0.23604669
0,0.21894653
0,0.28623763
0,0.27970782
0,0.3022241
0,0.30386335
0,0.39212596
0,0.33308008
0,0.31897777
0,0.29433048
0,0.30996197
0,0.5323094
0,0.38615686
0,0.36197537
0,0.32688272
0,0.30848697
0,0.31278473
0,0.2986203
0,0.27861893
0,0.30054897
0,0.29875925
0,0.27606657
0,0.24985288
0,0.23562035
0,0.20776063
0,0.22428694
0,0.19626103
0,0.17668864
0,0.16617893
0,0.16719575
0,0.17812987
0,0.1798479
0,0.17145471
0,0.16723368
0,0.17146261
0,0.16981196
0,0.18274911
0,0.19125362
0,0.20232457
0,0.21663414
0,0.2313131
0,0.5296052
0,0.4033091
0,0.43487313
0,0.36245024
0,0.30724153
0,0.26741713
0,0.23199266
0,0.2101113
0,0.20265909
0,0.18812798
0,0.17649591
0,0.16962437
0,0.16443664
0,0.18442951
0,0.19489677
0,0.17410116
0,0.1573629
0,0.15359189
0,0.1502205
0,0.1514
0,0.1435828
0,0.1447233
0,0.14749297
0,0.15237251
0,0.15735646
0,0.16488484
0,0.17520402
0,0.18743129
0,0.20636788
0,0.21651377
0,0.27042764
0,0.27109885
0,0.28221732
0,0.2970573
0,0.28223914
0,0.27792203
0,0.28565666
0,0.27774948
0,0.3367637
0,0.3147223
0,0.29212824
0,0.28287482
0,0.28746915
0,0.2993604
0,0.27426204
0,0.2726648
0,0.27405113
0,0.2783815
0,0.26971114
0,0.27727282
0,0.27866992
0,0.26836103
0,0.26513743
0,0.2652514
0,0.28182644
0,0.27895683
0,0.29080844
0,0.29022816
0,0.27323538
0,0.28610834
0,0.28012148
0,0.27969354
0,0.2782479
0,0.28515494
0,0.2783589
0,0.27744293
0,0.27509227
0,0.32333878
0,0.29252142
0,0.30872524
0,0.30321762
0,0.3017073
0,0.30260986
0,0.28581715
0,0.2968643
0,0.30886957
0,0.32740274
0,0.35400325
0,0.317023
0,0.31182507
0,0.30479103
0,0.31688887
0,0.30612144
0,0.33128873
0,0.3055386
0,0.29412323
0,0.29951668
0,0.27690625
0,0.2797568
0,0.27244946
0,0.27954653
0,0.30600142
0,0.2815023
0,0.28420132
0,0.2846875
0,0.27115613
0,0.26743296
0,0.26837358
0,0.2651869
0,0.26645055
0,0.26586112
0,0.341264
0,0.29252917
0,0.2823154
0,0.2785811
0,0.27376243
0,0.27204373
0,0.26966676
0,0.29895243
0,0.28475344
0,0.27942863
0,0.2835282
0,0.5779597
0,0.4288807
0,0.36618942
0,0.34985432
0,0.3352724
0,0.30145702
0,0.31240115
0,0.53457
0,0.4249746
0,0.35897034
0,0.31172234
0,0.2738257
0,0.24667515
0,0.21375726
0,0.1986901
0,0.18119782
0,0.1676309
0,0.1526312
0,0.16105953
0,0.14424755
0,0.13839276
0,0.14160834
0,0.14238837
0,0.16025297
0,0.15547119
0,0.15674496
0,0.16084778
0,0.17023174
0,0.19400921
0,0.20246206
0,0.2511206
0,0.21996348
0,0.21745043
0,0.20521912
0,0.21342947
0,0.2089567
0,0.22441834
0,0.27763313
0,0.26432684
0,0.27461317
0,0.28081438
0,0.28956994
0,0.281804
0,0.27281138
0,0.2685881
0,0.29765302
0,0.27443162
0,0.26825857
0,0.26562807
0,0.26328316
0,0.26634657
0,0.27115023
0,0.29012436
0,0.2961936
0,0.28771964
0,0.275537
0,0.286037
0,0.27741945
0,0.31721306
0,0.30123156
0,0.29816714
0,0.2798997
0,0.29612485
0,0.3185107
0,0.28791198
0,0.29187918
0,0.285381
0,0.2791805
0,0.3155723
0,0.2915173
0,0.28792235
0,0.29050145
0,0.28901517
0,0.3188202
0,0.3054503
0,0.30539882
0,0.3000885
0,0.30474442
0,0.322785
0,0.31454092
0,0.3033911
0,0.30652562
0,0.27805775
0,0.32891724
0,0.2932827
0,0.29292703
0,0.2791411
0,0.28320083
0,0.2796498
0,0.2858959
0,0.27253753
0,0.2825652
0,0.28702816
0,0.27297562
0,0.2673826
0,0.291641
0,0.27104774
0,0.27090573
0,0.27742365
0,0.2757182
0,0.27813235
0,0.29358906
0,0.28659314
0,0.29408088
0,0.28365237
0,0.29604957
0,0.29536566
0,0.28500697
0,0.27052063
0,0.28126875
0,0.2929777
0,0.28210646
0,0.2802662
0,0.29046312
0,0.27987164
0,0.2783568
0,0.27777737
0,0.27785578
0,0.2906513
0,0.28910795
0,0.28551155
0,0.27839938
0,0.30086607
0,0.28245318
0,0.28996348
0,0.27940145
0,0.27428657
0,0.3204402
0,0.28721377
0,0.28710634
0,0.28907692
0,0.27877
0,0.365197
0,0.30668837
0,0.28967437
0,0.28496304
0,0.2778905
0,0.28905395
0,0.2768939
0,0.2688311
0,0.26791763
0,0.2961931
0,0.28098142
0,0.27705744
0,0.26869506
0,0.26506236
0,0.3203481
0,0.31115535
0,0.2976815
0,0.2843289
0,0.2943416
0,0.27294242
0,0.290155
0,0.29223388
0,0.29921952
0,0.3457832
0,0.30345303
0,0.28234217
0,0.28765064
0,0.30171734
0,0.31136766
0,0.28914386
0,0.27661163
0,0.2749505
0,0.28551668
0,0.29644465
0,0.28995004
0,0.2883441
0,0.2761459
0,0.2705294
0,0.31814116
0,0.27345738
0,0.28451252
0,0.27277398
0,0.278546
0,0.32102108
0,0.2962473
0,0.29035527
0,0.28629413
0,0.28990924
0,0.35142004
0,0.30616874
0,0.29005197
0,0.3172609
0,0.29340792
0,0.2753121
0,0.278322
0,0.2745734
0,0.26667875
0,0.26926687
0,0.26940826
0,0.26871455
0,0.27997014
0,0.2728881
0,0.27076748
0,0.27266997
0,0.270441
0,0.26938975
0,0.2672863
0,0.2667688
0,0.26537958
0,0.26457003
0,0.2638939
0,0.27407047
0,0.30222702
0,0.27899727
0,0.2886814
0,0.27593318
0,0.26919913
0,0.32603067
0,0.28484595
0,0.2753781
0,0.2907638
0,0.29383963
0,0.2893304
0,0.27214593
0,0.26562434
0,0.27253088
0,0.26238886
0,0.2737579
0,0.26599857
0,0.31256655
0,0.2944673
0,0.28525454
0,0.2919987
0,0.29347366
0,0.2724203
0,0.2831052
0,0.29906642
0,0.28721383
0,0.2696988
0,0.27271307
0,0.27116972
0,0.25818807
0,0.26454732
0,0.2785163
0,0.28718266
0,0.27582702
0,0.2826448
0,0.29350328
0,0.2772201
0,0.27652705
0,0.3131578
0,0.29422712
0,0.29314932
0,0.2777837
0,0.28142473
0,0.3153112
0,0.28420833
0,0.2871594
0,0.27434218
0,0.26873815
0,0.27475473
0,0.27812535
0,0.27088654
0,0.2764422
0,0.27644116
0,0.27154076
0,0.2773312
0,0.27628848
0,0.2791526
0,0.27698395
0,0.27544403
0,0.27468073
0,0.2743378
0,0.27871236
0,0.27491456
0,0.27339846
0,0.2779363
0,0.27347302
0,0.2910809
0,0.31988242
0,0.308262
0,0.28948057
0,0.28221264
0,0.2769336
0,0.27349433
0,0.27154133
0,0.2760026
0,0.26823252
0,0.33129668
0,0.29009143
0,0.29722923
0,0.28076044
0,0.27144256
0,0.27176592
0,0.28028205
0,0.26957005
0,0.2635882
0,0.28660417
0,0.29799864
0,0.28220275
0,0.27775973
0,0.290254
0,0.3082409
0,0.2896763
0,0.35843933
0,0.3794182
0,0.3208771
0,0.36052084
0,0.31379673
0,0.30103695
0,0.29374212
0,0.29344538
0,0.28999403
0,0.28921247
0,0.26663262
0,0.2747985
0,0.28508922
0,0.2710574
0,0.2896036
0,0.28323632
0,0.3062837
0,0.29405835
0,0.28638768
0,0.28180373
0,0.2595368
0,0.27143264
0,0.2934696
0,0.27247024
0,0.2801887
0,0.28189716
0,0.28220546
0,0.33137017
0,0.30217096
0,0.28788733
0,0.27895054
0,0.27370086
0,0.27573872
0,0.2922819
0,0.27933118
0,0.28351095
0,0.2937131
0,0.28026295
0,0.27717385
0,0.2835087
0,0.27575535
0,0.2731678
0,0.28576586
0,0.2798241
0,0.27781352
0,0.2738214
0,0.27937856
0,0.27425432
0,0.27222064
0,0.268611
0,0.26668605
0,0.32050616
0,0.2857387
0,0.28189754
0,0.28449813
0,0.2741905
0,0.32605985
0,0.2858445
0,0.27932206
0,0.2730061
0,0.29674378
0,0.2960154
0,0.2687806
0,0.27693453
0,0.27768394
0,0.27750778
0,0.27646947
0,0.2755517
0,0.29219532
0,0.30097425
0,0.31542972
0,0.31249487
0,0.28499052
0,0.2834298
0,0.26767233
0,0.3083998
0,0.2958257
0,0.30915436
0,0.31880125
0,0.30898196
0,0.30938807
0,0.2975414
0,0.2976932
0,0.2970423
0,0.32370248
0,0.2800973
0,0.30091524
0,0.29845625
0,0.29135433
0,0.28887606
0,0.2878496
0,0.28004208
0,0.28223133
0,0.28744155
0,0.34767964
0,0.30643648
0,0.30853721
0,0.28303117
0,0.2853073
0,0.29915565
0,0.29417965
0,0.29117945
0,0.28211874
0,0.27959192
0,0.29012197
0,0.28049222
0,0.27274868
0,0.28337705
0,0.31856287
0,0.29054102
0,0.29559624
0,0.27904043
0,0.27946588
0,0.2762286
0,0.2803952
0,0.27425304
0,0.2681086
0,0.26901972
0,0.26831678
0,0.26724946
0,0.2905931
0,0.28272694
0,0.31672618
0,0.3050067
0,0.3112214
0,0.30132046
0,0.28287706
0,0.2752462
0,0.26888716
0,0.26534966
0,0.26846087
0,0.26338777
0,0.27719253
0,0.28218538
0,0.29810488
0,0.29732972
0,0.2916157
0,0.28485876
0,0.27946734
0,0.3001231
0,0.2720258
0,0.2896935
0,0.26771766
0,0.27150583
0,0.28262976
0,0.65963113
0,0.4871436
0,0.42406175
0,0.38870585
0,0.35482684
0,0.31662953
0,0.314083
0,0.33045447
0,0.30441985
0,0.2821702
0,0.35786375
0,0.2955138
0,0.33545932
0,0.26572093
0,0.22228636
0,0.18249556
0,0.16580543
0,0.15179028
0,0.14560923
0,0.14064361
0,0.14310081
0,0.14454511
0,0.15176627
0,0.15090708
0,0.15265632
0,0.16806453
0,0.16986664
0,0.17980604
0,0.19194011
0,0.20737338
0,0.2809402
0,0.27605182
0,0.26770398
0,0.26776797
0,0.26577628
0,0.2721789
0,0.33207333
0,0.29024795
0,0.28044325
0,0.2737635
0,0.27130082
0,0.26724204
0,0.26835105
0,0.26501498
0,0.26858273
0,0.26327834
0,0.26414698
0,0.26462415
0,0.2693784
0,0.25780094
0,0.2701201
0,0.26081935
0,0.27014664
0,0.3015772
0,0.2940885
0,0.2974528
0,0.36319584
0,0.32614768
0,0.33716625
0,0.3170965
0,0.29043669
0,0.34141013
0,0.31384915
0,0.29480907
0,0.29825217
0,0.29843414
0,0.36116323
0,0.30748516
0,0.29141557
0,0.29712814
0,0.2959814
0,0.26819912
0,0.2794174
0,0.28507757
0,0.28439796
0,0.26977685
0,0.27338454
0,0.26096767
0,0.26626995
0,0.2665906
0,0.27311122
0,0.2699444
0,0.26114896
0,0.270214
0,0.27315533
0,0.2806028
0,0.2836805
0,0.28412122
0,0.28230402
0,0.29925793
0,0.32085446
0,0.2891396
0,0.2849432
0,0.28051797
0,0.27858463
0,0.27525508
0,0.27344877
0,0.272158
0,0.283573
0,0.27834654
0,0.27700302
0,0.27926365
0,0.27603742
0,0.27242413
0,0.27225155
0,0.28572598
0,0.27277792
0,0.2787259
0,0.27078426
0,0.26905233
0,0.28419355
0,0.2721428
0,0.26591116
0,0.27151147
0,0.26877037
0,0.26522717
0,0.28363866
0,0.2688103
0,0.28146434
0,0.2671746
0,0.26279566
0,0.2894952
0,0.2698504
0,0.28241134
0,0.2744968
0,0.2760079
0,0.27774277
0,0.271141
0,0.29892337
0,0.27261835
0,0.26426157
0,0.28161982
0,0.29358223
0,0.3623155
0,0.3364695
0,0.31482404
0,0.3065251
0,0.3031088
0,0.29797512
0,0.3085951
0,0.3063592
0,0.3057796
0,0.289206
0,0.27203703
0,0.30684733
0,0.27799034
0,0.2866812
0,0.28703457
0,0.27489033
0,0.29922575
0,0.27991748
0,0.27920258
0,0.28206775
0,0.281719
0,0.28760648
0,0.2712699
0,0.27743497
0,0.27627853
0,0.27674776
0,0.32306045
0,0.292866
0,0.30647343
0,0.30011883
0,0.29174024
0,0.3501208
0,0.30635962
0,0.29359975
0,0.28796643
0,0.2883278
0,0.28502852
0,0.2801289
0,0.27510822
0,0.27246734
0,0.27085498
0,0.2852608
0,0.28047296
0,0.26829046
0,0.26864752
0,0.27834386
0,0.27059463
0,0.267813
0,0.2986039
0,0.30540887
0,0.33121985
0,0.3106412
0,0.28885368
0,0.28381
0,0.2766421
0,0.32667112
0,0.3110379
0,0.2875045
0,0.30324897
0,0.2920083
0,0.32867628
0,0.32315025
0,0.2896985
0,0.29593366
0,0.28623855
0,0.3386129
0,0.312367
0,0.28272212
0,0.2728474
0,0.26617208
0,0.30857226
0,0.29328847
0,0.2926621
0,0.26990542
0,0.27630126
0,0.27187485
0,0.2589853
0,0.27442962
0,0.28108162
0,0.2777054
0,0.28340617
0,0.26284602
0,0.2563572
0,0.2890185
0,0.27642366
0,0.27155447
0,0.26956645
0,0.27931836
0,0.28615996
0,0.30419505
0,0.28212124
0,0.28682786
0,0.28621688
0,0.28605342
0,0.27368644
0,0.2801941
0,0.279936
0,0.2801841
0,0.27912322
0,0.26800105
0,0.26255944
0,0.27716988
0,0.27404207
0,0.2636068
0,0.2781176
0,0.27372804
0,0.27255946
0,0.27300742
0,0.27278018
0,0.27380028
0,0.27257937
0,0.2714914
0,0.2714976
0,0.28318712
0,0.27446038
0,0.2729061
0,0.2832966
0,0.27506176
0,0.2723591
0,0.285052
0,0.27525076
0,0.27243677
0,0.26858768
0,0.28365433
0,0.27552027
0,0.27410573
0,0.26961187
0,0.27061057
0,0.26551038
0,0.26318142
0,0.26246107
0,0.26035497
0,0.2598127
0,0.2824182
0,0.27197218
0,0.27480206
0,0.26506817
0,0.26818237
0,0.30290532
0,0.29698417
0,0.30388927
0,0.30280736
0,0.2895069
0,0.3431893
0,0.31863326
0,0.29829767
0,0.29082158
0,0.29589885
0,0.29326525
0,0.30184862
0,0.29716012
0,0.30347562
0,0.29878506
0,0.33768427
0,0.32108527
0,0.30870515
0,0.29496613
0,0.29429284
0,0.32759055
0,0.29585266
0,0.29297808
0,0.26928827
0,0.2934895
0,0.3463093
0,0.29432845
0,0.2812365
0,0.28713474
0,0.27037773
0,0.27989152
0,0.2843034
0,0.27464727
0,0.2776918
0,0.2659361
0,0.26831526
0,0.27804732
0,0.28930712
0,0.2792651
0,0.2777437
0,0.28508633
0,0.2679987
0,0.27199748
0,0.38907972
0,0.31921402
0,0.31603426
0,0.2969309
0,0.28768843
0,0.28249434
0,0.28879663
0,0.27756488
0,0.2745066
0,0.28252575
0,0.27449182
0,0.3059739
0,0.2821183
0,0.27966496
0,0.2733552
0,0.2695571
0,0.27021995
0,0.28704318
0,0.27211428
0,0.26778153
0,0.26500505
0,0.26234576
0,0.27058658
0,0.26145813
0,0.25994286
0,0.2787463
0,0.26284364
0,0.26874137
0,0.2727174
0,0.28371325
0,0.28776106
0,0.29006708
0,0.30639365
0,0.2741946
0,0.28807095
0,0.32701176
0,0.2804905
0,0.29602176
0,0.2925539
0,0.2910751
0,0.34290794
0,0.3139127
0,0.29172897
0,0.28103116
0,0.28551033
0,0.2737226
0,0.27578294
0,0.26769263
0,0.27614892
0,0.27915105
0,0.3612664
0,0.3111162
0,0.29918367
0,0.30562037
0,0.29177588
0,0.29858077
0,0.28941792
0,0.28513214
0,0.28022784
0,0.27676392
0,0.2751607
0,0.27335536
0,0.2834066
0,0.27541474
0,0.28879943
0,0.27726328
0,0.27691877
0,0.27405626
0,0.27115256
0,0.27174526
0,0.2684569
0,0.2659663
0,0.27554867
0,0.26726958
0,0.2720291
0,0.26596957
0,0.2632074
0,0.2605061
0,0.25986367
0,0.26669696
0,0.26089084
0,0.26439235
0,0.25932062
0,0.28655443
0,0.30283162
0,0.27384442
0,0.26688576
0,0.26051444
0,0.2788911
0,0.32257724
0,0.28014547
0,0.29387626
0,0.29263356
0,0.29462996
0,0.2707452
0,0.26139888
0,0.28419277
0,0.27623683
0,0.3008642
0,0.30551538
0,0.29987687
0,0.29389563
0,0.28994077
0,0.2772625
0,0.28323752
0,0.2828622
0,0.27267164
0,0.26880303
0,0.2759288
0,0.314964
0,0.29622847
0,0.29498956
0,0.283308
0,0.28421625
0,0.27584267
0,0.27757353
0,0.27748534
0,0.27705523
0,0.27739966
0,0.29273626
0,0.28139004
0,0.2802834
0,0.28448525
0,0.27787548
0,0.2765457
0,0.27480888
0,0.27360266
0,0.27231097
0,0.33646315
0,0.2955571
0,0.28799704
0,0.29195958
0,0.28087905
0,0.27712476
0,0.28270438
0,0.27470362
0,0.27301598
0,0.26900613
0,0.28281844
0,0.27180696
0,0.26840395
0,0.26467794
0,0.3034215
0,0.2997716
0,0.28272724
0,0.2853093
0,0.27265817
0,0.30366415
0,0.27880836
0,0.27578875
0,0.26763824
0,0.26370168
0,0.32152537
0,0.2810097
0,0.28293222
0,0.27956977
0,0.26893234
0,0.32262793
0,0.28141558
0,0.28234553
0,0.3015141
0,0.30253035
0,0.38112903
0,0.32119155
0,0.31317103
0,0.29441294
0,0.2864339
0,0.28190884
0,0.28928363
0,0.26719564
0,0.28088847
0,0.2870814
0,0.28143424
0,0.27460593
0,0.27065617
0,0.27892068
0,0.2604238
0,0.270711
0,0.27619085
0,0.26928276
0,0.27929586
0,0.29179904
0,0.27412313
0,0.2858698
0,0.2848888
0,0.29007185
0,0.3537127
0,0.3125758
0,0.306191
0,0.29407042
0,0.28843126
0,0.27201176
0,0.2863271
0,0.28629336
0,0.28042188
0,0.28036165
0,0.27816483
0,0.26477596
0,0.27011046
0,0.27605247
0,0.2943129
0,0.27783236
0,0.27057603
0,0.27107376
0,0.28530085
0,0.27470544
0,0.2754149
0,0.2681409
0,0.2683809
0,0.26802704
0,0.2664278
0,0.26489878
0,0.2644974
0,0.26786923
0,0.26411426
0,0.26969957
0,0.2758806
0,0.26626468
0,0.2748824
0,0.26800168
0,0.27301398
0,0.2648434
0,0.27504778
0,0.2660366
0,0.3096537
0,0.2907308
0,0.30558723
0,0.29077008
0,0.29829887
0,0.32393613
0,0.31495538
0,0.30649877
0,0.31540415
0,0.29508838
0,0.35346082
0,0.32920954
0,0.31869674
0,0.31011555
0,0.30361342
0,0.2997542
0,0.28665215
0,0.2904261
0,0.27873448
0,0.28460124
0,0.28900823
0,0.29094613
0,0.2887184
0,0.27614796
0,0.28057745
0,0.28315574
0,0.28132138
0,0.26951513
0,0.28001952
0,0.26711488
0,0.265808
0,0.253109
0,0.2704098
0,0.27335393
0,0.2760338
0,0.28430957
0,0.2810587
0,0.28956372
0,0.27451867
0,0.26784453
0,0.26299587
0,0.26171613
0,0.27001482
0,0.2673444
0,0.2717966
0,0.27298224
0,0.28377286
0,0.29145885
0,0.2943759
0,0.30687284
0,0.29115993
0,0.31902295
0,0.3159574
0,0.29561806
0,0.3263964
0,0.3074581
0,0.2973381
0,0.29533017
0,0.29498866
0,0.53991544
0,0.39184722
0,0.35414425
0,0.32339418
0,0.30574024
0,0.2891515
0,0.30701828
0,0.2835444
0,0.28225115
0,0.2753545
0,0.5602521
0,0.6166453
0,0.4916826
0,0.3769243
0,0.281052
0,0.21199009
0,0.17800823
0,0.15901457
0,0.14875394
0,0.14504091
0,0.14079481
0,0.14375974
0,0.1370714
0,0.13801931
0,0.1443225
0,0.14829063
0,0.16440664
0,0.17073336
0,0.18669425
0,0.1955733
0,0.29520366
0,0.23303112
0,0.21194635
0,0.20705467
0,0.20692308
0,0.21725683
0,0.21506436
0,0.23324588
0,0.2552327
0,0.2508038
0,0.30594087
0,0.27809125
0,0.29308072
0,0.27652422
0,0.28045198
0,0.29266822
0,0.26856342
0,0.2793513
0,0.2782682
0,0.27167085
0,0.2590611
0,0.2954538
0,0.2929592
0,0.47642443
0,0.37875345
0,0.32930177
0,0.29681346
0,0.31015727
0,0.3342037
0,0.3006172
0,0.30700612
0,0.2989511
0,0.28710538
0,0.27782303
0,0.29975143
0,0.27514952
0,0.26864868
0,0.2729852
0,0.2798979
0,0.27470863
0,0.27099994
0,0.27989316
0,0.27172592
0,0.26129735
0,0.2563295
0,0.24959338
0,0.25275162
0,0.2628042
0,0.27023387
0,0.27232617
0,0.26707846
0,0.27163053
0,0.27166414
0,0.2793402
0,0.2831477
0,0.2758166
0,0.27374634
0,0.27169138
0,0.26919577
0,0.30436626
0,0.3001096
0,0.28504434
0,0.27737144
0,0.27235264
0,0.2743963
0,0.27585506
0,0.26947147
0,0.26873156
0,0.26647478
0,0.27129433
0,0.27722052
0,0.2692604
0,0.26622444
0,0.26390103
0,0.26404122
0,0.26507667
0,0.2618211
0,0.2658955
0,0.27327302
0,0.26391384
0,0.28811938
0,0.30396056
0,0.2913797
0,0.29736724
0,0.2749393
0,0.2901996
0,0.29272252
0,0.28253505
0,0.2916853
0,0.28259584
0,0.26914173
0,0.28452036
0,0.27663118
0,0.27455136
0,0.26165444
0,0.27925587
0,0.2722087
0,0.27249408
0,0.2713097
0,0.26041782
0,0.2688567
0,0.2674506
0,0.26690152
0,0.28482187
0,0.28430766
0,0.2741832
0,0.2800739
0,0.2743455
0,0.29229513
0,0.293113
0,0.29468995
0,0.2889904
0,0.27850154
0,0.3191231
0,0.28303272
0,0.28783643
0,0.28479058
0,0.27188596
0,0.27143142
0,0.27028647
0,0.27364576
0,0.30740824
0,0.28757325
0,0.2830368
0,0.28100938
0,0.27973494
0,0.2769013
0,0.27625006
0,0.27956215
0,0.27996746
0,0.28668392
0,0.2798953
0,0.325157
0,0.2993849
0,0.2890779
0,0.29863217
0,0.30768827
0,0.28858346
0,0.28779608
0,0.28590584
0,0.2918145
0,0.2928735
0,0.2904526
0,0.29114926
0,0.27844137
0,0.3744208
0,0.34169766
0,0.3199803
0,0.29437822
0,0.286572
0,0.2799242
0,0.3400716
0,0.291869
0,0.30662096
0,0.2849327
0,0.3014593
0,0.3649175
0,0.32758108
0,0.29154885
0,0.29960012
0,0.29962483
0,0.29498056
0,0.29951188
0,0.2977008
0,0.29059026
0,0.2952453
0,0.26794267
0,0.27899334
0,0.26824206
0,0.2731289
0,0.2724447
0,0.2727529
0,0.27629954
0,0.27683848
0,0.27375904
0,0.2850541
0,0.27400315
0,0.2585359
0,0.25177526
0,0.26646215
0,0.3059366
0,0.29556978
0,0.2889565
0,0.29383618
0,0.27716413
0,0.33533782
0,0.29843444
0,0.28527
0,0.323831
0,0.30230668
0,0.29380292
0,0.28993568
0,0.29811406
0,0.29125136
0,0.28731337
0,0.29063872
0,0.28958216
0,0.27391425
0,0.27835938
0,0.27915436
0,0.28823644
0,0.28428543
0,0.2833532
0,0.27959275
0,0.2778855
0,0.27984428
0,0.27467626
0,0.27493188
0,0.27240866
0,0.2727861
0,0.27218693
0,0.2752917
0,0.27226532
0,0.28081742
0,0.29167816
0,0.28191608
0,0.2772095
0,0.2757747
0,0.27228415
0,0.27121618
0,0.27934405
0,0.27057317
0,0.26718274
0,0.26470107
0,0.2809404
0,0.26857212
0,0.26504907
0,0.269077
0,0.29354432
0,0.2742038
0,0.26903182
0,0.26441136
0,0.262875
0,0.28463736
0,0.28941953
0,0.29529503
0,0.29630286
0,0.29777256
0,0.28549245
0,0.29328936
0,0.2948931
0,0.2975034
0,0.2998719
0,0.29709467
0,0.3039226
0,0.30445248
0,0.27631432
0,0.2884927
0,0.26677114
0,0.2926927
0,0.28846994
0,0.2837498
0,0.27609816
0,0.28530166
0,0.27948684
0,0.2849497
0,0.27525404
0,0.2891511
0,0.28510588
0,0.30663478
0,0.30076304
0,0.29405463
0,0.27917793
0,0.28435612
0,0.32022545
0,0.2975197
0,0.28534633
0,0.2846077
0,0.2836254
0,0.28704718
0,0.2829166
0,0.28513667
0,0.28895563
0,0.28993347
0,0.28273404
0,0.28001246
0,0.27759078
0,0.2825625
0,0.2772875
0,0.2755992
0,0.273294
0,0.2881451
0,0.2771349
0,0.29347825
0,0.28103808
0,0.27651748
0,0.27305067
0,0.27229783
0,0.31827524
0,0.3097597
0,0.2873816
0,0.27934572
0,0.27448213
0,0.28428814
0,0.27250952
0,0.40626743
0,0.32948932
0,0.31571332
0,0.29117492
0,0.28014418
0,0.3030061
0,0.27950275
0,0.27291933
0,0.28956416
0,0.29928178
0,0.3020754
0,0.3004338
0,0.28334734
0,0.2949596
0,0.28455973
0,0.29157788
0,0.27586913
0,0.2906569
0,0.2792789
0,0.29204628
0,0.29472208
0,0.2709964
0,0.2726773
0,0.28398263
0,0.27529767
0,0.27980515
0,0.27938157
0,0.2856407
0,0.28607965
0,0.29122204
0,0.29995587
0,0.29929665
0,0.33098534
0,0.35145107
0,0.32944435
0,0.3277105
0,0.33283195
0,0.38457823
0,0.3400518
0,0.3177097
0,0.3042449
0,0.29970717
0,0.29498163
0,0.3157508
0,0.34535488
0,0.3368695
0,0.3135346
0,0.278912
0,0.25267652
0,0.23275289
0,0.21650171
0,0.20388997
0,0.19753098
0,0.1979094
0,0.21265386
0,0.1982929
0,0.19613293
0,0.20241517
0,0.20460732
0,0.21203852
0,0.22906297
0,0.24986334
0,0.2448543
0,0.2533468
0,0.26875013
0,0.26150057
0,0.2715733
0,0.2781685
0,0.2757566
0,0.2761047
0,0.27217284
0,0.31681722
0,0.2863331
0,0.29456332
0,0.28009236
0,0.27796566
0,0.27366474
0,0.27182502
0,0.289874
0,0.30302605
0,0.34789512
0,0.32592815
0,0.3212466
0,0.30788702
0,0.31310144
0,0.30154747
0,0.30041504
0,0.29194185
0,0.3038289
0,0.30654016
0,0.32600743
0,0.30885792
0,0.30371395
0,0.29130197
0,0.2965209
0,0.34416148
0,0.2899618
0,0.28780007
0,0.26906717
0,0.2781465
0,0.34422362
0,0.29380372
0,0.2952312
0,0.29046276
0,0.27418765
0,0.26250428
0,0.2647443
0,0.28494865
0,0.28531966
0,0.27683654
0,0.30216518
0,0.2914114
0,0.30403256
0,0.2873124
0,0.28118625
0,0.28406727
0,0.29892656
0,0.2852596
0,0.29681155
0,0.29390886
0,0.28374583
0,0.28455707
0,0.29188603
0,0.2820265
0,0.33391213
0,0.29683155
0,0.29326573
0,0.28603444
0,0.27611622
0,0.2720517
0,0.2720149
0,0.27675897
0,0.2793435
0,0.27186465
0,0.28436518
0,0.27229697
0,0.26850975
0,0.26725927
0,0.265835
0,0.27411512
0,0.29720232
0,0.29752353
0,0.29400498
0,0.28814706
0,0.28933707
0,0.29766324
0,0.28798598
0,0.2848986
0,0.29375502
0,0.2719403
0,0.29045904
0,0.29803136
0,0.29999483
0,0.2974225
0,0.27959415
0,0.29089567
0,0.3003178
0,0.28540224
0,0.34477347
0,0.31311387
0,0.2989111
0,0.32455644
0,0.29288977
0,0.28415957
0,0.28919393
0,0.28801864
0,0.28979272
0,0.31188685
0,0.29801533
0,0.29813033
0,0.29928863
0,0.2722296
0,0.2930634
0,0.2865791
0,0.28491697
0,0.28399232
0,0.28273124
0,0.29401037
0,0.2948662
0,0.29124868
0,0.28962678
0,0.29364616
0,0.28599513
0,0.28292176
0,0.28096607
0,0.2812342
0,0.28210893
0,0.2936126
0,0.28322092
0,0.28371292
0,0.2787027
0,0.29946688
0,0.2887082
0,0.2817234
0,0.29079956
0,0.28171864
0,0.27714628
0,0.27668402
0,0.27384835
0,0.27997324
0,0.27768448
0,0.32053617
0,0.2912138
0,0.28155047
0,0.275802
0,0.2727781
0,0.2691045
0,0.27777728
0,0.26948076
0,0.2663301
0,0.2650694
0,0.2851466
0,0.29452527
0,0.36427572
0,0.3162488
0,0.3074835
0,0.30034688
0,0.3178846
0,0.31002262
0,0.28517178
0,0.3034261
0,0.30150983
0,0.35612825
0,0.3121656
0,0.3113574
0,0.5755272
0,0.4232987
0,0.36476102
0,0.3180072
0,0.2997995
0,0.28368095
0,0.305894
0,0.28045988
0,0.51095325
0,0.35685843
0,0.27491242
0,0.26469624
0,0.2007316
0,0.17191166
0,0.17507906
0,0.1556499
0,0.18554568
0,0.3613288
0,0.5124559
0,0.577526
0,0.38229716
0,0.2616927
0,0.23647189
0,0.18289758
0,0.43701702
0,0.6111963
0,0.40715143
0,0.48062804
0,0.32135963
0,0.2457116
0,0.2410574
0,0.18533836
0,0.1598032
0,0.14307432
0,0.1348178
0,0.1321572
0,0.12511103
0,0.14079009
0,0.13273391
0,0.12840068
0,0.12573592
0,0.21464466
0,0.1664326
0,0.15013282
0,0.1858975
0,0.18165688
0,0.15495096
0,0.14689277
0,0.13917212
0,0.23667884
0,0.17302862
0,0.15569015
0,0.18081254
0,0.19113195
0,0.17522085
0,0.18779516
0,0.39360264
0,0.29837528
0,0.44211248
0,0.510402
0,0.47882462
0,0.37775263
0,0.26972198
0,0.57656395
0,0.68851876
0,0.4482452
0,0.54738945
0,0.5258037
0,0.45517728
0,0.31157503
0,0.25264552
0,0.21062803
0,0.40245405
0,0.4813867
0,0.67256117
0,0.43982664
0,0.41853562
0,0.3400218
0,0.2633949
0,0.52123
0,0.3220672
0,0.4658515
0,0.51177347
0,0.3416924
0,0.25772777
0,0.20077054
0,0.16962959
0,0.15368071
0,0.13946165
0,0.13430397
0,0.12987359
0,0.1615841
0,0.16485497
0,0.1537402
0,0.14055638
0,0.29058048
0,0.47147274
0,0.34291613
0,0.43776435
0,0.29177734
0,0.23362668
0,0.18207444
0,0.15721923
0,0.35708043
0,0.23481576
0,0.364701
0,0.24107376
0,0.27883473
0,0.21227726
0,0.1967788
0,0.15599753
0,0.15294614
0,0.1467653
0,0.13583104
0,0.12958162
0,0.12521337
0,0.123472534
0,0.13183576
0,0.12783778
0,0.12974896
0,0.2270594
0,0.3038621
0,0.3580929
0,0.36838216
0,0.3111075
0,0.27068934
0,0.60308075
0,0.74488306
0,0.75463796
0,0.62359977
0,0.44027102
0,0.32844338
0,0.2607954
0,0.24957745
0,0.5184609
0,0.3742125
0,0.2776162
0,0.33834806
0,0.2459089
0,0.2722974
0,0.18801345
0,0.18929823
0,0.15532605
0,0.1398296
0,0.13193235
0,0.18635397
0,0.15006135
0,0.16684078
0,0.1437597
0,0.13455954
0,0.28062427
0,0.19633168
0,0.3463605
0,0.42059752
0,0.41414648
0,0.26746815
0,0.20919833
0,0.17583056
0,0.4256866
0,0.27719772
0,0.2109965
0,0.16305606
0,0.20588246
0,0.19660491
0,0.17521988
0,0.15316743
0,0.14438291
0,0.32947668
0,0.49322182
0,0.3623322
0,0.37545204
0,0.2506769
0,0.19955513
0,0.15594405
0,0.14313498
0,0.2809567
0,0.18412225
0,0.15273449
0,0.14717239
0,0.13317282
0,0.13017277
0,0.29372832
0,0.5369991
0,0.32471702
0,0.48075944
0,0.31114933
0,0.3413281
0,0.29965177
0,0.22491305
0,0.5375129
0,0.3363415
0,0.51428795
0,0.5666325
0,0.40249684
0,0.28660855
0,0.28631157
0,0.20999758
0,0.4958839
0,0.6835911
0,0.47463912
0,0.38731086
0,0.3002739
0,0.24168977
0,0.19961911
0,0.1618433
0,0.16433237
0,0.38308465
0,0.24590546
0,0.2061262
0,0.15967833
0,0.14830467
0,0.13768175
0,0.13235557
0,0.12434294
0,0.12113661
0,0.12486326
0,0.1205663
0,0.124392234
0,0.13377364
0,0.14595251
0,0.1449526
0,0.14335828
0,0.26216522
0,0.39884758
0,0.28039563
0,0.3573215
0,0.24295552
0,0.29667354
0,0.30185243
0,0.23890845
0,0.20629252
0,0.4692353
0,0.5477499
0,0.42403218
0,0.4043623
0,0.30305153
0,0.29628107
0,0.25977272
0,0.20710132
0,0.34934244
0,0.22318529
0,0.18142164
0,0.17254065
0,0.16564791
0,0.36144647
0,0.5529078
0,0.35122833
0,0.4694072
0,0.48634392
0,0.4655468
0,0.321558
0,0.26426977
0,0.5240439
0,0.65861845
0,0.4377281
0,0.566326
0,0.36436126
0,0.28977296
0,0.22029066
0,0.18986182
0,0.16520722
0,0.14496621
0,0.14613456
0,0.1404917
0,0.1309632
0,0.12967683
0,0.13955745
0,0.13734175
0,0.32912394
0,0.23508617
0,0.5477631
0,0.60632557
0,0.40666753
0,0.41135496
0,0.28563428
0,0.2550681
0,0.2014002
0,0.16638267
0,0.32775497
0,0.22890086
0,0.1786012
0,0.15593186
0,0.15212019
0,0.14507867
0,0.13958448
0,0.14447057
0,0.27055448
0,0.3399614
0,0.3995984
0,0.36769566
0,0.2339639
0,0.19964753
0,0.4616231
0,0.32971853
0,0.46622622
0,0.30489296
0,0.34865195
0,0.32052395
0,0.23708275
0,0.1836179
0,0.42167068
0,0.5869535
0,0.6210171
0,0.61778414
0,0.5648508
0,0.46142533
0,0.34164658
0,0.62395465
0,0.47263202
0,0.35836366
0,0.25973877
0,0.3596172
0,0.36086246
0,0.31858394
0,0.23768218
0,0.1938579
0,0.3947617
0,0.2536361
0,0.39110595
0,0.42107552
0,0.27103186
0,0.20948806
0,0.1874194
0,0.17020752
0,0.3678666
0,0.22566254
0,0.20241371
0,0.17723529
0,0.20780927
0,0.1928547
0,0.1502917
0,0.40090498
0,0.25784793
0,0.20146115
0,0.16919662
0,0.23816213
0,0.24050295
0,0.21608393
0,0.17752665
0,0.43508926
0,0.2768213
0,0.44191304
0,0.4918121
0,0.33265483
0,0.32737046
0,0.27642217
0,0.21803811
0,0.4813699
0,0.60365
0,0.64939463
0,0.62746614
0,0.5582128
0,0.38498294
0,0.29316726
0,0.23093478
0,0.18816265
0,0.16937998
0,0.294867
0,0.19339682
0,0.24894942
0,0.1836269
0,0.15646484
0,0.14016543
0,0.26679584
0,0.18031953
0,0.16262297
0,0.14537051
0,0.13870561
0,0.12910745
0,0.12832962
0,0.12361745
0,0.12458784
0,0.12246175
0,0.12101604
0,0.16588011
0,0.18480358
0,0.18302955
0,0.17380764
0,0.16375771
0,0.37831137
0,0.56339824
0,0.40397143
0,0.29481503
0,0.2060759
0,0.21909301
0,0.18288586
0,0.15304355
0,0.14685288
0,0.13553628
0,0.13465396
0,0.18608525
0,0.15940073
0,0.15387005
0,0.14726025
0,0.13652276
0,0.12757792
0,0.2221109
0,0.17063744
0,0.22637676
0,0.17094944
0,0.18288663
0,0.15901542
0,0.15231572
0,0.31061256
0,0.20657368
0,0.16973361
0,0.23136625
0,0.17295209
0,0.15437707
0,0.17983888
0,0.18214342
0,0.1605959
0,0.15221593
0,0.22001731
0,0.16452387
0,0.14673834
0,0.14323813
0,0.14116082
0,0.13802345
0,0.14422955
0,0.14111392
0,0.14972267
0,0.15773799
0,0.19795021
0,0.19096753
0,0.19704762
0,0.21903957
0,0.38660422
0,0.32036704
0,0.418136
0,0.46109033
0,0.45753682
0,0.34925115
0,0.33326986
0,0.2805385
0,0.24221027
0,0.23662275
0,0.32307133
0,0.3591954
0,0.3515892
0,0.29511482
0,0.21473634
0,0.48772413
0,0.68025416
0,0.51707697
0,0.3518505
0,0.38739416
0,0.66606605
0,0.6541848
0,0.44196627
0,0.64603055
0,0.6196112
0,0.41598585
0,0.31453863
0,0.2343713
0,0.18963312
0,0.17896162
0,0.15260136
0,0.33434317
0,0.22043814
0,0.36563832
0,0.24877857
0,0.27718738
0,0.19344206
0,0.17760128
0,0.14975101
0,0.14068535
0,0.13222107
0,0.20240766
0,0.15891987
0,0.14948262
0,0.1349058
0,0.13102484
0,0.12550415
0,0.25887206
0,0.18273562
0,0.16459455
0,0.21613592
0,0.2324256
0,0.17644115
0,0.15659931
0,0.40441546
0,0.43854415
0,0.28293848
0,0.19857325
0,0.26295033
0,0.26142612
0,0.21915267
0,0.185706
0,0.15876625
0,0.36263147
0,0.46260497
0,0.49364483
0,0.4584011
0,0.39162624
0,0.31729743
0,0.23463023
0,0.47346345
0,0.58230793
0,0.51745707
0,0.36469412
0,0.3848873
0,0.2518827
0,0.23136923
0,0.18859884
0,0.40262228
0,0.51095897
0,0.5461694
0,0.524459
0,0.4723465
0,0.38754869
0,0.30611122
0,0.2366418
0,0.46531153
0,0.28580678
0,0.21374737
0,0.1832994
0,0.1619573
0,0.1775975
0,0.14248994
0,0.32929456
0,0.5131354
0,0.312372
0,0.45331275
0,0.47146526
0,0.45998052
0,0.37421274
0,0.28087518
0,0.5715271
0,0.6601434
0,0.67606974
0,0.6594088
0,0.60123175
0,0.5260802
0,0.34788454
0,0.30273962
0,0.5677104
0,0.6453283
0,0.65984297
0,0.4261039
0,0.4806752
0,0.42793748
0,0.3700694
0,0.31444895
0,0.5661552
0,0.65401626
0,0.6462908
0,0.43057042
0,0.46282095
0,0.29640576
0,0.272816
0,0.22093455
0,0.18513094
0,0.15959792
0,0.30996388
0,0.20646381
0,0.17353138
0,0.1987092
0,0.17311278
0,0.14855306
0,0.34611008
0,0.5178401
0,0.5890853
0,0.586198
0,0.400916
0,0.3831887
0,0.3067236
0,0.24122074
0,0.19220322
0,0.36014766
0,0.4475236
0,0.461246
0,0.43004766
0,0.3662742
0,0.29339486
0,0.21736598
0,0.45308563
0,0.54608715
0,0.57531774
0,0.36671135
0,0.39173436
0,0.34601644
0,0.27620155
0,0.20442168
0,0.24821338
0,0.23124537
0,0.31963894
0,0.3485426
0,0.22981688
0,0.22590211
0,0.18422674
0,0.14764817
0,0.13600448
0,0.24651343
0,0.31463337
0,0.3562225
0,0.5549669
0,0.41086534
0,0.309429
0,0.22262453
0,0.43246725
0,0.35169062
0,0.4374671
0,0.4317675
0,0.3927333
0,0.26171917
0,0.21834317
0,0.17338598
0,0.35708705
0,0.44568822
0,0.29157904
0,0.34398845
0,0.3146157
0,0.25890592
0,0.18191288
0,0.15829365
0,0.32558042
0,0.4510116
0,0.28261027
0,0.21315269
0,0.23811522
0,0.20509689
0,0.17311975
0,0.43321827
0,0.2792523
0,0.4276541
0,0.4686107
0,0.43735528
0,0.37759724
0,0.2529586
0,0.205439
0,0.43376958
0,0.55735916
0,0.34938616
0,0.2872239
0,0.22602127
0,0.2396349
0,0.19201377
0,0.15327518
0,0.36725134
0,0.4945998
0,0.54962057
0,0.347267
0,0.38779312
0,0.33921802
0,0.22530606
0,0.18457982
0,0.16885154
0,0.14282528
0,0.22754717
0,0.16344036
0,0.19395639
0,0.17213914
0,0.1573018
0,0.14419
0,0.29630208
0,0.19636077
0,0.3202276
0,0.21856079
0,0.24281065
0,0.17868486
0,0.16144422
0,0.4184343
0,0.5804694
0,0.64347625
0,0.6359606
0,0.59027016
0,0.5061574
0,0.3541842
0,0.3610897
0,0.6131412
0,0.68539345
0,0.67838615
0,0.6442073
0,0.60845673
0,0.51883864
0,0.41381612
0,0.31279182
0,0.2651202
0,0.487057
0,0.52421415
0,0.52618456
0,0.47757986
0,0.40674877
0,0.32944965
0,0.23796067
0,0.21837766
0,0.41172966
0,0.2555886
0,0.35808298
0,0.35126114
0,0.3099287
0,0.25032002
0,0.19256474
0,0.4344668
0,0.2887598
0,0.4253241
0,0.47354272
0,0.2954691
0,0.3055589
0,0.25755712
0,0.19652805
0,0.4111634
0,0.29008412
0,0.41157678
0,0.4339946
0,0.4006002
0,0.3357089
0,0.24208193
0,0.49317938
0,0.6108608
0,0.648571
0,0.6360047
0,0.5923782
0,0.4946147
0,0.43618774
0,0.34996697
0,0.69119734
0,0.5590292
0,0.6388924
0,0.43808982
0,0.4811424
0,0.340549
0,0.3114525
0,0.26923618
0,0.5370496
0,0.33955884
0,0.25895345
0,0.36652133
0,0.38200298
0,0.346368
0,0.29090643
0,0.23109023
0,0.46167514
0,0.30446258
0,0.4664258
0,0.50673544
0,0.37083796
0,0.36277896
0,0.2460176
0,0.216508
0,0.46728247
0,0.60944235
0,0.6446624
0,0.42788774
0,0.47281742
0,0.30851942
0,0.2219293
0,0.19356103
0,0.45717067
0,0.28582686
0,0.44246837
0,0.47490478
0,0.4574542
0,0.30289197
0,0.27841842
0,0.22098047
0,0.47206405
0,0.5816908
0,0.37377864
0,0.4777834
0,0.45445734
0,0.39181772
0,0.31519884
0,0.23953895
0,0.4736345
0,0.601266
0,0.6149503
0,0.42822677
0,0.44894937
0,0.39075297
0,0.27496278
0,0.21855526
0,0.47174558
0,0.28708056
0,0.27405038
0,0.33719572
0,0.22597253
0,0.24025042
0,0.20350276
0,0.16207947
0,0.3569678
0,0.4895855
0,0.56385684
0,0.33964792
0,0.38287273
0,0.32528326
0,0.24750091
0,0.20394836
0,0.17011973
0,0.3251419
0,0.4274468
0,0.42742696
0,0.40001628
0,0.32736737
0,0.24554455
0,0.18957785
0,0.38965598
0,0.47423345
0,0.49534452
0,0.482757
0,0.3445944
0,0.2583761
0,0.21181713
0,0.1977375
0,0.15877396
0,0.2920002
0,0.19690138
0,0.16676593
0,0.19162038
0,0.1738961
0,0.15145779
0,0.35166436
0,0.5166714
1,0.5637708
1,0.5739486
1,0.37319922
1,0.37362853
1,0.30483
1,0.27716327
1,0.5419042
1,0.6164305
1,0.4069374
1,0.3255451
1,0.37402773
1,0.33363762
1,0.2694401
1,0.20461462
1,0.4336902
0,0.93552864
0,0.88131225
0,0.83753127
0,0.7683777
0,0.689376
0,0.5374446
0,0.4204805
0,0.38046587
0,0.29787406
0,0.48524678
0,0.3411261
0,0.4063125
0,0.28050992
0,0.26514748
0,0.5689416
0,0.48031527
0,0.39632794
0,0.31648746
0,0.27823555
0,0.35229322
0,0.2760422
0,0.23531982
0,0.5843296
0,0.454505
0,0.3633563
0,0.55651367
0,0.5850531
0,0.43587703
0,0.32437685
0,0.24851932
0,0.49997318
0,0.65292704
0,0.42741436
0,0.54199505
0,0.5374746
0,0.47707722
0,0.38754827
0,0.29575196
0,0.5486193
0,0.6465486
0,0.41774312
0,0.513458
0,0.32562718
0,0.25532436
0,0.20221902
0,0.18915641
0,0.15446685
0,0.13703695
0,0.2534122
0,0.32041112
0,0.34779534
0,0.32223433
0,0.27829444
0,0.22149922
0,0.17535436
0,0.3728884
0,0.26726362
0,0.21370837
0,0.25811446
0,0.2439595
0,0.19413653
0,0.16294977
0,0.45103022
0,0.6319087
0,0.6877985
0,0.506843
0,0.5240341
0,0.36461768
0,0.3447841
0,0.30712754
0,0.57274127
0,0.44352344
0,0.5699916
0,0.420857
0,0.44705877
0,0.33363795
0,0.3182602
0,0.26005277
0,0.24019338
0,0.2123214
0,0.20612743
0,0.19682203
0,0.22561522
0,0.2153007
0,0.19136958
0,0.439825
0,0.29884213
0,0.4504465
0,0.4964854
0,0.32551527
0,0.3536319
0,0.2519836
0,0.2016275
0,0.15750408
0,0.33199698
0,0.21644321
0,0.32939997
0,0.3081339
0,0.33448523
0,0.26802123
0,0.20137106
0,0.42196432
0,0.55918413
0,0.59972465
0,0.59393775
0,0.53929114
0,0.45892575
0,0.39965686
0,0.29794016
0,0.5619439
0,0.43993542
0,0.56457186
0,0.3883532
0,0.44174343
0,0.38798273
0,0.3240405
0,0.5395871
0,0.6821441
0,0.7064403
0,0.69795555
0,0.6450927
0,0.45254228
0,0.43218073
0,0.3456992
0,0.26168588
0,0.50617427
0,0.3319565
0,0.4540157
0,0.48180562
0,0.32476822
0,0.31792414
0,0.25986102
0,0.19608477
0,0.42674828
0,0.52763426
0,0.32149753
0,0.24039462
0,0.3010874
0,0.27474666
0,0.1969043
0,0.16539067
0,0.37648612
0,0.4876044
0,0.35923773
0,0.26950768
0,0.30852744
0,0.19964792
0,0.17810638
0,0.3827306
0,0.5647184
0,0.6289735
0,0.6237402
0,0.58338463
0,0.506459
0,0.42303538
0,0.29170907
0,0.53947914
0,0.6382485
0,0.6613788
0,0.6376356
0,0.5784127
0,0.4995296
0,0.41134465
0,0.29620343
0,0.5455587
0,0.6238439
0,0.63151276
0,0.41859165
0,0.47095612
0,0.43218243
0,0.3441657
0,0.26426643
0,0.51014364
0,0.60986423
0,0.3878871
0,0.5899576
0,0.53696567
0,0.46026433
0,0.3949636
0,0.285423
0,0.23366477
0,0.43142572
0,0.50376916
0,0.5077424
0,0.47371155
0,0.39752528
0,0.34414908
0,0.57489884
0,0.69254446
0,0.72797644
0,0.7208743
0,0.67324424
0,0.6094507
0,0.5274021
0,0.44733074
0,0.6551883
0,0.7530735
0,0.5383451
0,0.67430174
0,0.6418145
0,0.55514264
0,0.42497948
0,0.36944297
0,0.29049975
0,0.27686638
0,0.49848166
0,0.5898138
0,0.60295033
0,0.4303477
0,0.31357324
0,0.3022911
0,0.23488681
0,0.23787369
0,0.21260928
0,0.19891565
0,0.28009537
0,0.28408283
0,0.26518384
0,0.2118867
0,0.41225526
0,0.5533134
0,0.38248566
0,0.510348
0,0.5079756
0,0.47217277
0,0.38229424
0,0.29755962
0,0.5242802
0,0.6076496
0,0.6341804
0,0.59738046
0,0.42188814
0,0.5049053
0,0.4114787
0,0.3187251
0,0.52715075
0,0.609591
0,0.6369997
0,0.6060125
0,0.40739363
0,0.41042948
0,0.34585053
0,0.26671666
0,0.21899956
0,0.18742153
0,0.17355917
0,0.16041003
0,0.20240848
0,0.1606737
0,0.15371872
0,0.14146005
0,0.1299391
0,0.22529681
0,0.34337863
0,0.40981475
0,0.42109272
0,0.36753848
0,0.28157118
0,0.21542929
0,0.47323248
0,0.572387
0,0.5864524
0,0.56211454
0,0.49720922
0,0.42154148
0,0.29607263
0,0.23989417
0,0.5530114
0,0.3860482
0,0.5062417
0,0.5164003
0,0.48185727
0,0.40616828
0,0.32302356
0,0.5486505
0,0.66524196
0,0.45018718
0,0.6038958
0,0.6022459
0,0.5838194
0,0.48150218
0,0.6948773
0,0.5266601
0,0.72371936
0,0.7392863
0,0.7328264
0,0.68942744
0,0.6332359
0,0.5123923
0,0.41275388
0,0.31563497
0,0.5266992
0,0.59781647
0,0.6001892
0,0.5434146
0,0.38943496
0,0.35335246
0,0.2762433
0,0.21182932
0,0.18725273
0,0.3259623
0,0.3802548
0,0.37074307
0,0.32547557
0,0.26182517
0,0.48153585
0,0.31283426
0,0.49653274
0,0.6057891
0,0.5741955
0,0.51574564
0,0.36765066
0,0.2721512
0,0.221718
0,0.4361073
0,0.5326003
0,0.35031486
0,0.3024503
0,0.34557465
0,0.314887
0,0.25886142
0,0.20117941
0,0.41497824
0,0.5242176
0,0.5520669
0,0.5307821
0,0.4779808
0,0.40105367
0,0.30844072
0,0.5184873
0,0.6344163
0,0.6524812
0,0.64557874
0,0.452244
0,0.47716454
0,0.35150906
0,0.28829446
0,0.51569563
0,0.62209904
0,0.6579533
0,0.65085757
0,0.443275
0,0.4458079
0,0.3248823
0,0.24831615
0,0.47324035
0,0.61549413
0,0.63081586
0,0.42085493
0,0.47790235
0,0.33833355
0,0.31326666
0,0.26241156
0,0.48411605
0,0.32171175
0,0.4673391
0,0.49736968
0,0.48539802
0,0.4312194
0,0.34935322
0,0.26853925
0,0.49612564
0,0.61790067
0,0.63737774
0,0.6380868
0,0.5676945
0,0.48534682
0,0.33434033
0,0.5629465
0,0.6563808
0,0.7248439
0,0.72612727
0,0.6912999
0,0.5215603
0,0.40560222
0,0.3648466
0,0.2800639
0,0.52577436
0,0.63740003
0,0.6810821
0,0.46814886
0,0.48514494
0,0.3346456
0,0.29809442
0,0.22933508
0,0.4543025
0,0.5623478
0,0.60034657
0,0.57851523
0,0.52622306
0,0.43738213
0,0.3609493
0,0.5488812
0,0.6358751
0,0.67774934
0,0.6623119
0,0.6229695
0,0.42841464
0,0.40405878
0,0.3267499
0,0.2406878
0,0.20360568
0,0.40340358
0,0.46697032
0,0.31767246
0,0.3481975
0,0.24944533
0,0.21039993
0,0.16659027
0,0.3725741
0,0.47523975
0,0.5160807
0,0.49568304
0,0.46447334
0,0.37210807
0,0.28544712
0,0.49522105
0,0.30417112
0,0.2904031
0,0.7839236
0,0.593657
0,0.6006969
0,0.5145432
0,0.69324595
0,0.73651004
0,0.5099249
0,0.6877843
0,0.6877409
0,0.49092332
0,0.48857874
0,0.41112
0,0.31129628
0,0.5226094
0,0.641691
0,0.6467184
0,0.47855702
0,0.5341816
0,0.46855634
0,0.40683815
0,0.6000593
0,0.6844677
0,0.75464445
0,0.7345903
0,0.69124186
0,0.6430449
0,0.5754919
0,0.41800514
0,0.329215
0,0.55338734
0,0.6268843
0,0.6330922
0,0.6131889
0,0.42525548
0,0.40191212
0,0.33589688
0,0.2533125
0,0.4725286
0,0.5844845
0,0.61794513
0,0.57712275
0,0.39730316
0,0.32154098
0,0.27214897
0,0.22094376
0,0.42215028
0,0.5214541
0,0.5708568
0,0.39841014
0,0.42653748
0,0.35653067
0,0.27589393
0,0.21300422
0,0.17959931
0,0.3320249
0,0.4330252
0,0.4427765
0,0.39576697
0,0.3397273
0,0.26365286
0,0.19314991
0,0.4022821
0,0.5113676
0,0.5279778
0,0.50304204
0,0.44041437
0,0.3597619
0,0.2582338
0,0.4672402
0,0.3024454
0,0.47279778
0,0.511778
0,0.49441195
0,0.43142945
0,0.35639128
0,0.28527066
0,0.48024893
0,0.58945274
0,0.6063481
0,0.58578384
0,0.534951
0,0.48206657
0,0.4203707
0,0.37935936
0,0.31075072
0,0.32864425
0,0.2609513
0,0.21754806
0,0.28273818
0,0.2606411
0,0.21949218
0,0.1768873
0,0.38052535
0,0.5266925
0,0.571486
0,0.55462587
0,0.50610954
0,0.44462448
0,0.3511535
0,0.52464026
0,0.6044831
0,0.39582285
0,0.5089979
0,0.5215048
0,0.36188817
0,0.3699396
0,0.30843672
0,0.22561058
0,0.43545535
0,0.5232153
0,0.5371584
0,0.5375892
0,0.50364476
0,0.41397992
0,0.33867756
0,0.53324234
0,0.3437316
0,0.4947638
0,0.30686918
0,0.38916633
0,0.4155434
0,0.33641145
0,0.26336884
0,0.48032314
0,0.6290302
0,0.649
0,0.6238904
0,0.58103174
0,0.5107213
0,0.4098701
0,0.32323623
0,0.24806659
0,0.4721825
0,0.5830326
0,0.57999
0,0.4074591
0,0.41892955
0,0.36327443
0,0.61905944
0,0.72723126
0,0.7727957
0,0.76841813
0,0.7158814
0,0.6436219
0,0.55976593
0,0.46426827
0,0.3522159
0,0.5668981
0,0.676057
0,0.49905586
0,0.3823932
0,0.5722857
0,0.412855
0,0.4901074
0,0.46269152
0,0.3076467
0,0.24375153
0,0.22014962
0,0.18865393
0,0.37864146
0,0.46305168
0,0.29988572
0,0.22725669
0,0.25355965
0,0.24473156
0,0.19638123
0,0.42659137
0,0.5604142
0,0.6055124
0,0.38177937
0,0.41476178
0,0.37718144
0,0.3054086
0,0.24890077
0,0.4751973
0,0.5740144
0,0.42956164
0,0.47078717
0,0.44281897
0,0.3887733
0,0.30938894
0,0.23351033
0,0.45912677
0,0.5622663
0,0.60377145
0,0.38856542
0,0.34379828
0,0.5820857
0,0.4115809
0,0.29673135
0,0.54090023
0,0.62352556
0,0.6291083
0,0.5888187
0,0.5205983
0,0.43508574
0,0.33412188
0,0.24870566
0,0.47068968
0,0.54115605
0,0.37889886
0,0.44210753
0,0.40411115
0,0.28841388
0,0.23864575
0,0.44431034
0,0.31137744
0,0.4811375
0,0.32225817
0,0.3911597
0,0.3636891
0,0.3105481
0,0.24571973
0,0.45399004
0,0.6082047
0,0.6291766
0,0.41370267
0,0.46507
0,0.44481343
0,0.3455387
0,0.270318
0,0.47569853
0,0.61277866
0,0.67438734
0,0.5129279
0,0.55449176
0,0.490948
0,0.4029671
0,0.32502037
0,0.5623517
0,0.6465473
0,0.67145824
0,0.66949534
0,0.6211605
0,0.5476421
0,0.44212562
0,0.6256317
0,0.4304984
0,0.6089517
0,0.6421129
0,0.6039817
0,0.5294583
0,0.47897872
0,0.40838173
0,0.58319294
0,0.6535052
0,0.68001753
0,0.66014266
0,0.46649012
0,0.37723377
0,0.3737094
0,0.30422607
0,0.48697942
0,0.61145777
0,0.4222044
0,0.5389613
0,0.51786995
0,0.47746983
0,0.40150437
0,0.3088057
0,0.49486047
0,0.6061294
0,0.6490116
0,0.62444353
0,0.5856797
0,0.5082413
0,0.40907982
0,0.31869182
0,0.5049259
0,0.60690403
0,0.65266824
0,0.42755428
0,0.47724625
0,0.43021575
0,0.39373657
0,0.4944638
0,0.61673164
0,0.68511343
0,0.6869352
0,0.516598
0,0.53416395
0,0.43047875
0,0.36779243
0,0.57274806
0,0.68807197
0,0.7916012
0,0.79820484
0,0.77922714
0,0.6803873
0,0.60809565
0,0.527904
0,0.7079631
0,0.78630733
0,0.82232064
0,0.8084319
0,0.7758546
0,0.71555203
0,0.6231652
0,0.50144875
0,0.6410086
0,0.43012154
0,0.591476
0,0.62061805
0,0.59763515
0,0.5629072
0,0.38360354
0,0.32819209
0,0.5052781
0,0.6306412
0,0.6692632
0,0.6695116
0,0.6286823
0,0.4316138
0,0.42176136
0,0.33083656
0,0.24505591
0,0.4298504
0,0.5441662
0,0.57458955
0,0.5462202
0,0.5034062
0,0.41346765
0,0.2927457
0,0.47492594
0,0.5709778
0,0.6088235
0,0.6063752
0,0.58616966
0,0.5010301
0,0.4158392
0,0.32113495
0,0.49839675
0,0.5966615
0,0.6278758
0,0.67794824
0,0.5941198
0,0.53146994
0,0.4464973
0,0.34808898
0,0.26213834
0,0.45593387
0,0.5500089
0,0.3491842
0,0.42387077
0,0.41043064
0,0.32813627
0,0.2814651
0,0.26510847
0,0.4413778
0,0.5113943
0,0.5500684
0,0.52305555
0,0.37120694
0,0.34045124
0,0.2587301
0,0.44945598
0,0.32579353
0,0.4719232
0,0.50215375
0,0.5289497
0,0.46851027
0,0.37699255
0,0.28144002
0,0.47628382
0,0.6048342
0,0.5606266
0,0.57408166
0,0.5384729
0,0.4618357
0,0.39721927
0,0.31393817
0,0.537693
0,0.60924876
0,0.396572
0,0.48133373
0,0.46090624
0,0.41338313
0,0.29075316
0,0.5012332
0,0.32909065
0,0.5576947
0,0.57394576
0,0.5514887
0,0.511339
0,0.43097708
0,0.34845617
0,0.25165877
0,0.438267
0,0.5382617
0,0.5801824
0,0.3838624
0,0.42375717
0,0.37514192
0,0.28735995
0,0.5359241
0,0.62480843
0,0.66014737
0,0.6387813
0,0.5917777
0,0.519535
0,0.4346265
0,0.32975736
0,0.5399178
0,0.63798463
0,0.6596031
0,0.6358782
0,0.5984849
0,0.39081314
0,0.36707747
0,0.2619788
0,0.22359596
0,0.43405235
0,0.5058304
0,0.52628696
0,0.49471864
0,0.43171567
0,0.34479854
0,0.28481463
0,0.48261663
0,0.62196624
0,0.629585
0,0.6088393
0,0.58102834
0,0.50408494
0,0.37323952
0,0.29771823
0,0.49125332
0,0.6046177
0,0.6082623
0,0.58455646
0,0.537269
0,0.45282143
0,0.35814178
0,0.28673682
0,0.48895
0,0.5699079
0,0.60541666
0,0.5580418
0,0.49881247
0,0.4177584
0,0.28090158
0,0.47227877
0,0.58211595
0,0.6231911
0,0.67699885
0,0.626004
0,0.54917395
0,0.45365712
0,0.3532446
0,0.5132818
0,0.59604716
0,0.63901407
0,0.6423365
0,0.5895883
0,0.5384441
0,0.4610683
0,0.3346495
0,0.5172727
0,0.6259658
0,0.6558977
0,0.6254686
0,0.5819111
0,0.50613314
0,0.40890476
0,0.31325468
0,0.49293646
0,0.584924
0,0.6280957
0,0.60600114
0,0.42004555
0,0.3407537
0,0.30980438
0,0.24975602
0,0.19474553
0,0.3632764
0,0.45737278
0,0.4875453
0,0.45778632
0,0.40033504
0,0.34201932
0,0.33461896
0,0.4702057
0,0.32034892
0,0.46340832
0,0.48957965
0,0.45039737
0,0.3914401
0,0.30983084
0,0.24144956
0,0.39830557
0,0.66136324
0,0.64620703
0,0.60462326
0,0.5379178
0,0.46234444
0,0.361796
0,0.2699373
0,0.48964018
0,0.62085253
0,0.6133994
0,0.48695204
0,0.46468577
0,0.39111078
0,0.3056623
0,0.49727812
0,0.6151639
0,0.661692
0,0.6578797
0,0.62601936
0,0.54301274
0,0.51291513
0,0.3589451
0,0.28704673
0,0.2515055
0,0.4331928
0,0.49555275
0,0.520431
0,0.47118604
0,0.400523
0,0.31415203
0,0.45922306
0,0.5854763
0,0.6376638
0,0.6211041
0,0.5642806
0,0.5001329
0,0.4204531
0,0.32836026
0,0.5217333
0,0.6170858
0,0.640553
0,0.64162934
0,0.5991713
0,0.42265743
0,0.37518048
0,0.2872556
0,0.4762748
0,0.3266362
0,0.2573471
0,0.35346884
0,0.3830661
0,0.34073266
0,0.31030804
0,0.22907884
0,0.40925482
0,0.28610078
0,0.40980494
0,0.46533966
0,0.32389212
0,0.336436
0,0.29990745
0,0.22512901
0,0.37974316
0,0.4863438
0,0.5639539
0,0.5478996
0,0.50120485
0,0.42654985
0,0.34457654
0,0.2596481
0,0.4145773
0,0.54381657
0,0.58062446
0,0.5645697
0,0.49466988
0,0.42626622
0,0.34715718
0,0.26031408
0,0.24560486
0,0.18991256
0,0.3194512
0,0.21412173
0,0.18966487
0,0.19358772
0,0.17448045
0,0.35093156
0,0.5566313
0,0.63204557
0,0.65811646
0,0.6173125
0,0.5462832
0,0.44646892
0,0.4032506
0,0.65360975
0,0.69907033
0,0.7058413
0,0.68343985
0,0.63285923
0,0.5574394
0,0.45430866
0,0.32974637
0,0.57281053
0,0.62871754
0,0.68181926
0,0.6396085
0,0.6035372
0,0.5231847
0,0.41845566
0,0.390583
0,0.6104528
0,0.6691684
0,0.65967584
0,0.43694803
0,0.4830241
0,0.4233299
0,0.34520802
0,0.2592298
0,0.47340748
0,0.5633986
0,0.5995489
0,0.6104733
0,0.5458188
0,0.47215554
0,0.36955878
0,0.2790401
0,0.45457911
0,0.58666587
0,0.62146926
0,0.6073994
0,0.5373042
0,0.38798738
0,0.33210734
0,0.25916103
0,0.44766566
0,0.5469131
0,0.57505
0,0.58186185
0,0.51731527
0,0.42850232
0,0.33497337
0,0.2501973
0,0.44411078
0,0.29927266
0,0.42035267
0,0.32094017
0,0.24819769
0,0.25483063
0,0.21855557
0,0.38422102
0,0.50299746
0,0.5944835
0,0.6143123
0,0.58083194
0,0.5117494
0,0.41631103
0,0.32283983
0,0.24573988
0,0.42406017
0,0.51368
0,0.5410816
0,0.52036947
0,0.47027913
0,0.42342532
0,0.3238461
0,0.51418066
0,0.5858336
0,0.640195
0,0.6324043
0,0.5749562
0,0.5024116
0,0.40079004
0,0.31610894
0,0.5062096
0,0.6457006
0,0.67052734
0,0.5600562
0,0.5444715
0,0.4999665
0,0.41572174
0,0.6026046
0,0.68742526
0,0.7161771
0,0.72098804
0,0.7081455
0,0.64423656
0,0.5645047
0,0.5000547
0,0.65306276
0,0.7281348
0,0.73954564
0,0.52250856
0,0.6097603
0,0.49327067
0,0.4897498
0,0.45624757
0,0.6053797
0,0.65690887
0,0.6942797
0,0.68284136
0,0.6540897
0,0.58407927
0,0.5187365
0,0.40937862
0,0.56648076
0,0.6845356
0,0.49679428
0,0.5935185
0,0.58074784
0,0.5411643
0,0.45286718
0,0.35148287
0,0.30592534
0,0.483172
0,0.5653628
0,0.5826517
0,0.579194
0,0.5377713
0,0.45332336
0,0.39049032
0,0.33100638
0,0.548778
0,0.64507306
0,0.663316
0,0.64651525
0,0.62498593
0,0.55713236
0,0.51323533
0,0.68785
0,0.7462417
0,0.7710597
0,0.7519376
0,0.7033787
0,0.62471414
0,0.50557756
0,0.4096611
0,0.31962684
0,0.47258553
0,0.3002908
0,0.42171824
0,0.42995277
0,0.41795075
0,0.30508104
0,0.2544856
0,0.40364414
0,0.48819533
0,0.53853214
0,0.5628015
0,0.49996245
0,0.43203542
0,0.3464787
0,0.266255
0,0.44177717
0,0.5471171
0,0.6209513
0,0.58174044
0,0.52618897
0,0.4653865
0,0.37893745
0,0.28243265
0,0.4664116
0,0.5431332
0,0.35158685
0,0.27825698
0,0.22348638
0,0.236072
0,0.20124273
0,0.3811594
0,0.4737184
0,0.56197155
0,0.5752193
0,0.55077255
0,0.36123818
0,0.34340233
0,0.26190448
0,0.42733967
0,0.5074196
0,0.59869134
0,0.5915377
0,0.55434537
0,0.55951416
0,0.36034426
0,0.3229886
0,0.4675562
0,0.54291075
0,0.6321368
0,0.6410067
0,0.5842674
0,0.50563705
0,0.41412243
0,0.33274147
0,0.52225775
0,0.3529923
0,0.50118506
0,0.5344125
0,0.50799006
0,0.45841154
0,0.36948845
0,0.551649
0,0.6254144
0,0.65500283
0,0.6689587
0,0.46418312
0,0.4910282
0,0.3350998
0,0.32999137
0,0.25747827
0,0.3933474
0,0.51101637
0,0.5482079
0,0.55532086
0,0.4985193
0,0.42975026
0,0.3555383
0,0.27853796
0,0.4205073
0,0.49831164
0,0.5408359
0,0.53335714
0,0.48506886
0,0.4126576
0,0.34229708
0,0.25767282
0,0.40509638
0,0.50762475
0,0.5860215
0,0.3662175
0,0.43544888
0,0.38860106
0,0.3024808
0,0.23739119
0,0.4026201
0,0.4849676
0,0.5249022
0,0.36877078
0,0.38390782
0,0.32939932
0,0.26114097
0,0.1983657
0,0.3506703
0,0.45244458
0,0.48627612
0,0.50098836
0,0.4376972
0,0.36441326
0,0.2558944
0,0.42212808
0,0.5052148
0,0.56668967
0,0.5657913
0,0.5409119
0,0.37122336
0,0.3724217
0,0.27019885
0,0.41954777
0,0.54696786
0,0.6047484
0,0.584579
0,0.54323554
0,0.4719516
0,0.4108373
0,0.30940035
0,0.4848343
0,0.37776676
0,0.517951
0,0.5214256
0,0.4874046
0,0.411791
0,0.29024538
0,0.245303
0,0.18566993
0,0.18179941
0,0.34795782
0,0.4416562
0,0.42647895
0,0.37518203
0,0.30062103
0,0.27395648
0,0.42566672
0,0.5325754
0,0.5944941
0,0.39039525
0,0.29377002
0,0.24037166
0,0.19971035
0,0.4187379
0,0.5035586
0,0.58965623
0,0.61442554
0,0.5871334
0,0.5246843
0,0.43980667
0,0.41565734
0,0.29561636
0,0.46836945
0,0.5538105
0,0.5759783
0,0.5412224
0,0.36543745
0,0.35321954
0,0.28844878
0,0.21750255
0,0.35998228
0,0.23934108
0,0.36188957
0,0.3866091
0,0.3743754
0,0.36711448
0,0.29246655
0,0.48326412
0,0.5644496
0,0.6145299
0,0.61859715
0,0.5969795
0,0.5246938
0,0.45084572
0,0.31527525
0,0.4824133
0,0.60182106
0,0.6384959
0,0.61351395
0,0.5590396
0,0.4922309
0,0.4285383
0,0.33438733
0,0.4877319
0,0.53670716
0,0.5300834
0,0.5396025
0,0.5111042
0,0.43668443
0,0.3564188
0,0.2821924
0,0.22086784
0,0.37225157
0,0.45962545
0,0.4651873
0,0.44416222
0,0.38004184
0,0.310482
0,0.24277668
0,0.2095258
0,0.19065551
0,0.17506623
0,0.1634415
0,0.21412465
0,0.2046701
0,0.17344885
0,0.15324172
0,0.26313066
0,0.42223743
0,0.53120095
0,0.55014646
0,0.50767493
0,0.44333854
0,0.34325045
0,0.2696879
0,0.40345934
0,0.49534166
0,0.57788074
0,0.56369334
0,0.45720425
0,0.39394394
0,0.29197747
0,0.4222779
0,0.30517793
0,0.24916428
0,0.3583742
0,0.38255078
0,0.4665541
0,0.38686812
0,0.30070364
0,0.24700586
0,0.19070569
0,0.16473158
0,0.27088502
0,0.319437
0,0.307532
0,0.27506024
0,0.2144382
0,0.16602191
0,0.31660518
0,0.41634166
0,0.4790561
0,0.46132186
0,0.4247659
0,0.3518647
0,0.281711
0,0.5206181
0,0.5566791
0,0.61700255
0,0.60994023
0,0.55562925
0,0.47056875
0,0.38666454
0,0.31022754
0,0.22434515
0,0.39108282
0,0.49454412
0,0.5341206
0,0.5374324
0,0.42252803
0,0.3581321
0,0.28985375
0,0.2309904
0,0.18783022
0,0.16931936
0,0.16628772
0,0.15079103
0,0.1515915
0,0.14619318
0,0.14116815
0,0.14275512
0,0.16419846
0,0.14859304
0,0.13966955
0,0.1355892
0,0.13215095
0,0.124494515
0,0.124343514
0,0.12820262
0,0.1283254
0,0.12722158
0,0.12652624
0,0.12782721
0,0.13063912
0,0.13594587
0,0.15662755
0,0.2059652
0,0.24707142
0,0.26855
0,0.2685931
0,0.2865394
0,0.2846082
0,0.30499953
0,0.29045856
0,0.28792086
0,0.31070533
0,0.3082053
0,0.2966361
0,0.29647315
0,0.30563256
0,0.291089
0,0.28011876
0,0.3058708
0,0.29150638
0,0.28343147
0,0.28164938
0,0.2995866
0,0.30582058
0,0.29110086
0,0.29220447
0,0.27630937
0,0.27924073
0,0.27511653
0,0.27377856
0,0.27668118
0,0.29042062
0,0.2791526
0,0.27264488
0,0.27669957
0,0.27264082
0,0.29373378
0,0.28275725
0,0.27138624
0,0.2663097
0,0.26784867
0,0.32234618
0,0.313218
0,0.30115545
0,0.295225
0,0.2825239
0,0.33915067
0,0.3168621
0,0.30877748
0,0.29823047
0,0.30396906
0,0.82455033
0,0.6478338
0,0.5260228
0,0.52033424
0,0.4335314
0,0.43118814
0,0.40643388
0,0.37664032
0,0.2982108
0,0.21572207
0,0.2517772
0,0.21087578
0,0.18092448
0,0.16656648
0,0.1613085
0,0.27688184
0,0.2418004
0,0.20877425
0,0.18903928
0,0.19795339
0,0.21879844
0,0.39965534
0,0.5267464
0,0.5579677
0,0.5009773
0,0.6710386
0,0.703768
0,0.7762726
0,0.79669136
0,0.78819126
0,0.79801214
0,0.7258656
0,0.5388658
0,0.43133774
0,0.56937766
0,0.6339736
0,0.65189123
0,0.50146437
0,0.4929858
0,0.41355762
0,0.35048825
0,0.27218157
0,0.40987378
0,0.516598
0,0.55555403
0,0.3548912
0,0.40586433
0,0.3561993
0,0.28866678
0,0.22526829
0,0.37453017
0,0.4900447
0,0.5331868
0,0.51635754
0,0.4058533
0,0.37261721
0,0.2984186
0,0.22623733
0,0.4028675
0,0.48994687
0,0.5109392
0,0.5041497
0,0.4533201
0,0.3819807
0,0.30034575
0,0.4059568
0,0.48200965
0,0.5498766
0,0.5705933
0,0.5491307
0,0.49136162
0,0.37970594
0,0.31595707
0,0.45197576
0,0.5380243
0,0.40722176
0,0.5248869
0,0.509823
0,0.3612947
0,0.3310237
0,0.32667458
0,0.43819618
0,0.5048971
0,0.6039263
0,0.6103996
0,0.56835604
0,0.5051712
0,0.42138803
0,0.33502474
0,0.4600091
0,0.5199437
0,0.5847933
0,0.39706025
0,0.37519836
0,0.32160833
0,0.47440013
0,0.5495735
0,0.59805715
0,0.38394967
0,0.4334869
0,0.4037621
0,0.4085465
0,0.29170784
0,0.5241833
0,0.3339636
0,0.3040266
0,0.41353935
0,0.4398847
0,0.32390723
0,0.25732222
0,0.23340484
0,0.3666491
0,0.45590535
0,0.56935686
0,0.5651334
0,0.5081576
0,0.4696441
0,0.4074285
0,0.32262823
0,0.25242823
0,0.21157266
0,0.4102164
0,0.30669755
0,0.34539586
0,0.3454073
0,0.2883457
0,0.23488648
0,0.43789405
0,0.5132097
0,0.6061436
0,0.5949489
0,0.6667088
0,0.5815785
0,0.51443017
0,0.6361311
0,0.6611669
0,0.7055309
0,0.7170516
0,0.5878328
0,0.534863
0,0.48083124
0,0.4513488
0,0.696978
0,0.73156285
0,0.77719605
0,0.76663107
0,0.7318994
0,0.70822835
0,0.64749455
0,0.74710953
0,0.7571763
0,0.80211884
0,0.84571743
0,0.8321283
0,0.695777
0,0.6852603
0,0.5436603
0,0.5292191
0,0.6343336
0,0.70848894
0,0.7564632
0,0.73470235
0,0.7735358
0,0.6607717
0,0.55301094
0,0.69053555
0,0.72031224
0,0.7442424
0,0.7490891
0,0.55502534
0,0.45967627
0,0.51105154
0,0.42746165
0,0.3359494
0,0.28858474
0,0.46504804
0,0.56789434
0,0.6092244
0,0.5648179
0,0.51920104
0,0.45155165
0,0.34542406
0,0.4889319
0,0.5362068
0,0.5951992
0,0.5960314
0,0.5281727
0,0.46811607
0,0.38100842
0,0.28686678
0,0.23428234
0,0.38567126
0,0.27346337
0,0.38231078
0,0.3899026
0,0.37236354
0,0.2636205
0,0.21615674
0,0.20234035
0,0.19539621
0,0.35204807
0,0.4353858
0,0.41513917
0,0.37123758
0,0.28517574
0,0.26925242
0,0.48743764
0,0.43679717
0,0.5991217
0,0.582973
0,0.5954099
0,0.50181735
0,0.38951015
0,0.29469195
0,0.24232319
0,0.43085524
0,0.4953604
0,0.46839118
0,0.34078354
0,0.27274534
0,0.2466463
0,0.2119333
0,0.3545959
0,0.44595173
0,0.2819065
0,0.25327972
0,0.2813084
0,0.26673412
0,0.24315965
0,0.36622724
0,0.4719677
0,0.5742249
0,0.5878157
0,0.54255974
0,0.3871521
0,0.3737175
0,0.5133096
0,0.68078226
0,0.44485617
0,0.35368046
0,0.4889785
0,0.36110374
0,0.3518575
0,0.2943682
0,0.22792138
0,0.39466554
0,0.52084625
0,0.59789574
0,0.56885076
0,0.5189518
0,0.45093673
0,0.34708008
0,0.3008646
0,0.44644475
0,0.53043664
0,0.55781734
0,0.5340213
0,0.48902535
0,0.36179063
0,0.29618782
0,0.2464928
0,0.38227403
0,0.46865726
0,0.5439021
0,0.5209526
0,0.3486478
0,0.3592664
0,0.25737655
0,0.22346307
0,0.20071091
0,0.3274505
0,0.40102413
0,0.48689
0,0.44402707
0,0.41782758
0,0.2823648
0,0.22069933
0,0.35302874
0,0.45099813
0,0.31234252
0,0.2603469
0,0.27920058
0,0.24744497
0,0.19654007
0,0.3484575
0,0.5033789
0,0.5780183
0,0.59617794
0,0.42412603
0,0.30690184
0,0.27045122
0,0.23201545
0,0.1824258
0,0.3921295
0,0.4778385
0,0.51099527
0,0.5098318
0,0.44459796
0,0.3671814
0,0.27971393
0,0.4414457
0,0.2726939
0,0.24554743
0,0.2338651
0,0.29878405
0,0.20448366
0,0.35118306
0,0.23321103
0,0.39217025
0,0.2558627
0,0.45851398
0,0.5006181
0,0.37614122
0,0.35271445
0,0.3042206
0,0.23255837
0,0.18887664
0,0.33702347
0,0.25113198
0,0.325654
0,0.32338253
0,0.3150304
0,0.23074517
0,0.18457584
0,0.399588
0,0.542881
0,0.4142954
0,0.47255284
0,0.43967393
0,0.3797875
0,0.3114442
0,0.2619167
0,0.23439988
0,0.18624699
0,0.164305
0,0.2431772
0,0.26384923
0,0.23575917
0,0.19258629
0,0.1562061
0,0.25536633
0,0.17480971
0,0.28288364
0,0.19436744
0,0.2445137
0,0.22246547
0,0.18786891
0,0.15576994
0,0.3415893
0,0.45902827
0,0.5306135
0,0.51240575
0,0.46100113
0,0.34319812
0,0.28741005
0,0.23651426
0,0.19808401
0,0.35496
0,0.25354424
0,0.33828554
0,0.27420768
0,0.23932661
0,0.18806839
0,0.3115601
0,0.45657548
0,0.5236505
0,0.3464634
0,0.38293424
0,0.38239548
0,0.30283532
0,0.24437372
0,0.3752878
0,0.5543872
0,0.6328349
0,0.5877769
0,0.5592046
0,0.59258604
0,0.39292702
0,0.3169731
0,0.2683642
0,0.42633048
0,0.5654105
0,0.56662387
0,0.5076519
0,0.3630468
0,0.33582616
0,0.2541602
0,0.24244024
0,0.4258744
0,0.30778098
0,0.4654857
0,0.32648578
0,0.31495118
0,0.28210315
0,0.21144056
0,0.19018051
0,0.16720289
0,0.3431666
0,0.39496952
0,0.28576332
0,0.32382306
0,0.23193133
0,0.20192976
0,0.3434044
0,0.4933627
0,0.56014
0,0.39830714
0,0.42881355
0,0.42485902
0,0.32844713
0,0.4703005
0,0.31040448
0,0.4612574
0,0.56660324
0,0.5457391
0,0.48200297
0,0.35161915
0,0.32114962
0,0.49568605
0,0.60788345
0,0.62544584
0,0.6422297
0,0.58524376
0,0.53895897
0,0.3986946
0,0.32584593
0,0.44652498
0,0.5787914
0,0.38577384
0,0.50825953
0,0.48322114
0,0.42361265
0,0.3737785
0,0.27959526
0,0.21049425
0,0.3437725
0,0.5125302
0,0.34269658
0,0.38769317
0,0.34951714
0,0.30656472
0,0.26480696
0,0.4122273
0,0.50235987
0,0.5775222
0,0.3881827
0,0.45161167
0,0.32095653
0,0.29158127
0,0.24253881
0,0.39729312
0,0.49188197
0,0.6023984
0,0.39166608
0,0.43444183
0,0.44776917
0,0.38436288
0,0.2928321
0,0.4435596
0,0.29972273
0,0.46283945
0,0.48510203
0,0.35732457
0,0.2827682
0,0.23179393
0,0.18619736
0,0.34353364
0,0.47762758
0,0.31883195
0,0.26076007
0,0.23548517
0,0.23674922
0,0.2021095
0,0.16762763
0,0.17663875
0,0.35342285
0,0.26333076
0,0.36056024
0,0.26210144
0,0.2310895
0,0.20208965
0,0.16231471
0,0.4473095
0,0.33584413
0,0.47434568
0,0.507218
0,0.34850535
0,0.33881053
0,0.28027323
0,0.4095736
0,0.50144815
0,0.58769125
0,0.4295926
0,0.46472183
0,0.34541246
0,0.3293904
0,0.23476936
0,0.4140412
0,0.51513505
0,0.32639995
0,0.26161674
0,0.32781708
0,0.31443167
0,0.2610075
0,0.21544714
0,0.4695553
0,0.29907832
0,0.48505762
0,0.50896716
0,0.48342276
0,0.42074174
0,0.34344816
0,0.26452395
0,0.24062313
0,0.19160442
0,0.33392328
0,0.4075409
0,0.40893424
0,0.28788045
0,0.26302966
0,0.20405489
0,0.3273369
0,0.4119029
0,0.5002936
0,0.34020624
0,0.39032605
0,0.3366063
0,0.23452556
0,0.23933555
0,0.36776817
0,0.26720822
0,0.37922415
0,0.41166186
0,0.40750688
0,0.28569433
0,0.24641716
0,0.18620415
0,0.2956746
0,0.4057848
0,0.26464102
0,0.21815185
0,0.2561056
0,0.22249532
0,0.18413907
0,0.15367566
0,0.2530007
0,0.37211186
0,0.2627053
0,0.34070054
0,0.23401721
0,0.18866402
0,0.21773736
0,0.15890779
0,0.3729991
0,0.7300583
0,0.9089799
0,0.79112655
0,0.90936804
0,0.9176192
0,0.87796503
0,0.85818267
0,0.73607856
0,0.8087523
0,0.67027843
0,0.56306803
0,0.51507556
0,0.629501
0,0.47225764
0,0.65125966
0,0.702837
0,0.72695035
0,0.7176195
0,0.67228997
0,0.60853195
0,0.48111492
0,0.3574125
0,0.60845023
0,0.6949117
0,0.8185422
0,0.8166925
0,0.81968564
0,0.75404733
0,0.72799706
0,0.6887934
0,0.74974054
0,0.68075365
0,0.8498291
0,0.7632737
0,0.6135968
0,0.6784539
0,0.645121
0,0.5289811
0,0.52655065
0,0.41541436
0,0.3900643
0,0.5215491
0,0.81215256
0,0.60289264
0,0.5877099
0,0.6657767
0,0.5947515
0,0.5853015
0,0.8107417
0,0.9069158
0,0.8407258
0,0.77389187
0,0.77539873
0,0.71863174
0,0.7677717
0,0.8655091
0,0.942945
0,0.9339941
0,0.86619484
0,0.9050856
0,0.84511805
0,0.7644131
0,0.64157885
0,0.5807237
0,0.6250355
0,0.58274996
0,0.537009
0,0.40663844
0,0.3695119
0,0.2930654
0,0.24974613
0,0.49411848
0,0.5965381
0,0.73093545
0,0.7374433
0,0.6035222
0,0.471067
0,0.7028163
0,0.4534186
0,0.5715164
0,0.39428967
0,0.45948476
0,0.4391012
0,0.40215677
0,0.33507225
0,0.2447233
0,0.18374132
0,0.30091715
0,0.3458815
0,0.34860995
0,0.34756285
0,0.2490033
0,0.20713569
0,0.3587528
0,0.4737711
0,0.29841137
0,0.43101344
0,0.31992644
0,0.27175677
0,0.2620892
0,0.26691803
0,0.20638649
0,0.18245557
0,0.31699756
0,0.3634721
0,0.45041534
0,0.68217057
0,0.44250908
0,0.33567417
0,0.5568471
0,0.85643125
0,0.654158
0,0.67493355
0,0.6123289
0,0.5369259
0,0.403063
0,0.69055086
0,0.45909685
0,0.61487615
0,0.4364849
0,0.56033075
0,0.5166675
0,0.4436888
0,0.36323136
0,0.27492988
0,0.4109254
0,0.48325878
0,0.5147344
0,0.36534554
0,0.30350384
0,0.24466783
0,0.22143349
0,0.18897523
0,0.32062167
0,0.4145684
0,0.5220676
0,0.53025526
0,0.37747106
0,0.34229636
0,0.24593171
0,0.35239974
0,0.47463283
0,0.57160324
0,0.5673879
0,0.5195974
0,0.4573337
0,0.32397762
0,0.26002845
0,0.40219972
0,0.6270222
0,0.5958494
0,0.6039119
0,0.5741683
0,0.48522413
0,0.41185278
0,0.2942522
0,0.43539706
0,0.54439294
0,0.55485606
0,0.52979714
0,0.48858875
0,0.39196837
0,0.3001004
0,0.24229282
0,0.19388248
0,0.48518565
0,0.32228348
0,0.3946604
0,0.27410284
0,0.29538476
0,0.25779036
0,0.19756348
0,0.30266353
0,0.40694496
0,0.27032924
0,0.24446023
0,0.2843287
0,0.22304799
0,0.19654502
0,0.28443068
0,0.2045794
0,0.31634843
0,0.4321067
0,0.46202084
0,0.43380404
0,0.30327094
0,0.27083012
0,0.3980857
0,0.27296767
0,0.45268548
0,0.5269872
0,0.4919742
0,0.43597105
0,0.3752724
0,0.29108363
0,0.4463593
0,0.2890635
0,0.23492973
0,0.376274
0,0.38232043
0,0.3551461
0,0.32160363
0,0.25794512
0,0.20309435
0,0.32006937
0,0.41447648
0,0.48146656
0,0.43329754
0,0.42001313
0,0.29303586
0,0.23917803
0,0.37446442
0,0.43284133
0,0.5419964
0,0.38542244
0,0.2986586
0,0.33021772
0,0.23899038
0,0.19820926
0,0.1618629
0,0.26653233
0,0.32119435
0,0.39242768
0,0.3921957
0,0.35533935
0,0.27848426
0,0.19996506
0,0.31214178
0,0.20623682
0,0.33699968
0,0.25165293
0,0.18801317
0,0.1727856
0,0.16419642
0,0.15760426
0,0.23912033
0,0.32915604
0,0.40659094
0,0.44065368
0,0.42902017
0,0.3691457
0,0.29575285
0,0.21805272
0,0.39376476
0,0.44521752
0,0.5187645
0,0.5197623
0,0.45141384
0,0.30601534
0,0.26088586
0,0.20452599
0,0.31474277
0,0.37942418
0,0.4423884
0,0.43147087
0,0.37600005
0,0.33367738
0,0.28397304
0,0.53590274
0,0.5527648
0,0.5813214
0,0.50636196
0,0.53615725
0,0.44807377
0,0.38499755
0,0.3070531
0,0.24374789
0,0.34828073
0,0.4053252
0,0.4527404
0,0.4384547
0,0.38312587
0,0.311345
0,0.24764727
0,0.34216082
0,0.4220854
0,0.5618017
0,0.40819004
0,0.42386615
0,0.37617853
0,0.33364567
0,0.24052975
0,0.18924215
0,0.30480653
0,0.36753735
0,0.40233976
0,0.38703033
0,0.26331148
0,0.25048462
0,0.22745776
0,0.1863274
0,0.20030214
0,0.16522436
0,0.1646711
0,0.15617177
0,0.14994046
0,0.14615121
0,0.13891736
0,0.1980594
0,0.1604193
0,0.2532181
0,0.30679542
0,0.3098267
0,0.27463987
0,0.23492004
0,0.17659822
0,0.4136838
0,0.48913434
0,0.52109265
0,0.5158613
0,0.35619158
0,0.32021946
0,0.27345294
0,0.20466436
0,0.30672804
0,0.38278168
0,0.26776516
0,0.33032724
0,0.3640209
0,0.2962849
0,0.23069762
0,0.2154252
0,0.34850332
0,0.43300453
0,0.272851
0,0.37262818
0,0.34308654
0,0.30823547
0,0.23892014
0,0.37936682
0,0.44969267
0,0.5082048
0,0.53202045
0,0.38635325
0,0.38125077
0,0.3176843
0,0.2658563
0,0.19932595
0,0.31812176
0,0.4112299
0,0.44681123
0,0.43387994
0,0.3696561
0,0.3139304
0,0.24549262
0,0.40605697
0,0.4979062
0,0.5280069
0,0.53956914
0,0.5062982
0,0.32306844
0,0.30035624
0,0.24047187
0,0.38586646
0,0.27139643
0,0.21452647
0,0.21303505
0,0.2659627
0,0.19605425
0,0.18657757
0,0.15588762
0,0.2543714
0,0.1824716
0,0.76195264
0,0.54968464
0,0.58030593
0,0.5108354
0,0.37233958
0,0.28576028
0,0.5002116
0,0.36064306
0,0.49591574
0,0.5437652
0,0.5441654
0,0.8363695
0,0.6055571
0,0.4953382
0,0.6375528
0,0.5035872
0,0.65313923
0,0.6085849
0,0.5449503
0,0.45101053
0,0.38632497
0,0.32388586
0,0.853226
0,0.6890244
0,0.84580934
0,0.6762174
0,0.6786032
0,0.5951016
0,0.48153272
0,0.5747184
0,0.6182647
0,0.68999106
0,0.712757
0,0.6680599
0,0.58329177
0,0.4804727
0,0.40206596
0,0.5236287
0,0.3830735
0,0.50150585
0,0.5205831
0,0.48627636
0,0.45533788
0,0.3751018
0,0.31519058
0,0.43340725
0,0.35483485
0,0.43746766
0,0.46978757
0,0.45435202
0,0.4260739
0,0.32889518
0,0.26498896
0,0.2070079
0,0.3400151
0,0.22974381
0,0.34580523
0,0.33858553
0,0.30074006
0,0.23066889
0,0.18374093
0,0.29996297
0,0.42859232
0,0.5536764
0,0.52908194
0,0.47938123
0,0.40557325
0,0.33506832
0,0.25427005
0,0.35878447
0,0.42943862
0,0.49387544
0,0.33889604
0,0.26538017
0,0.2725604
0,0.23103951
0,0.19634722
0,0.3068239
0,0.39972892
0,0.47716537
0,0.4927489
0,0.42573792
0,0.38761064
0,0.2878827
0,0.22362381
0,0.35375592
0,0.42906362
0,0.4929795
0,0.50125444
0,0.3411496
0,0.25091892
0,0.2272214
0,0.36768743
0,0.4089422
0,0.50689566
0,0.52235246
0,0.48331377
0,0.4292704
0,0.3461998
0,0.26512828
0,0.22670959
0,0.20019004
0,0.2968418
0,0.36251444
0,0.3825864
0,0.33815703
0,0.24197397
0,0.20399505
0,0.2878017
0,0.37825608
0,0.4888639
0,0.5467267
0,0.51926816
0,0.4382903
0,0.34229848
0,0.2806225
0,0.8154556
0,0.53754544
0,0.6457129
0,0.6420703
0,0.4555939
0,0.44508088
0,0.37463057
0,0.2788257
0,0.40487805
0,0.4523451
0,0.4987371
0,0.5201179
0,0.50485265
0,0.44191948
0,0.34698287
0,0.27866137
0,0.38977855
0,0.26957816
0,0.45524412
0,0.32825112
0,0.29425868
0,0.30916956
0,0.2650983
0,0.21980904
0,0.17437051
0,0.32939845
0,0.42480147
0,0.46580034
0,0.4318948
0,0.36381203
0,0.27910998
0,0.24435483
0,0.38455096
0,0.45850578
0,0.56974137
0,0.5257241
0,0.46617934
0,0.3213563
0,0.284737
0,0.37845206
0,0.2593805
0,0.20611405
0,0.33167082
0,0.3597947
0,0.2523084
0,0.19757089
0,0.18330868
0,0.26739818
0,0.20485267
0,0.31940776
0,0.2149759
0,0.28845346
0,0.22404811
0,0.21531095
0,0.18646161
0,0.28390846
0,0.37157163
0,0.4316248
0,0.269429
0,0.33677822
0,0.23867837
0,0.2318954
0,0.185789
0,0.30599982
0,0.19425285
0,0.17006515
0,0.2866482
0,0.30806667
0,0.27547488
0,0.26613623
0,0.18853475
0,0.16935736
0,0.14361079
0,0.25935236
0,0.3398652
0,0.2353646
0,0.23731
0,0.20004094
0,0.18017018
0,0.30281487
0,0.3937767
0,0.5040473
0,0.5391878
0,0.49479264
0,0.36364323
0,0.30182195
0,0.38912016
0,0.5639858
0,0.6011025
0,0.64461863
0,0.5902925
0,0.52563
0,0.37978375
0,0.31761983
0,0.27465898
0,0.45759693
0,0.47266883
0,0.55266124
0,0.55398595
0,0.4998653
0,0.41503623
0,0.32480952
0,0.48088574
0,0.5145017
0,0.6701871
0,0.4000871
0,0.49682242
0,0.36368042
0,0.33707353
0,0.24710378
0,0.1918856
0,0.3259773
0,0.4373061
0,0.30848792
0,0.36972886
0,0.33529225
0,0.30957344
0,0.23406094
0,0.1768851
0,0.2771792
0,0.35957536
0,0.42924726
0,0.54116654
0,0.4440684
0,0.3679147
0,0.28091368
0,0.41295534
0,0.30848294
0,0.46600574
0,0.5172699
0,0.35135365
0,0.36074024
0,0.31359458
0,0.25642684
0,0.36784393
0,0.47172242
0,0.54849696
0,0.3526942
0,0.2595757
0,0.29772538
0,0.27012932
0,0.20723175
0,0.3073982
0,0.35827324
0,0.4267737
0,0.43700892
0,0.4034761
0,0.29462415
0,0.309743
0,0.23409884
0,0.33122036
0,0.2357096
0,0.3321616
0,0.2284594
0,0.2785449
0,0.18852432
0,0.17211618
0,0.14982995
0,0.2594474
0,0.41109633
0,0.49269217
0,0.49901664
0,0.44662163
0,0.37769455
0,0.30043158
0,0.21285644
0,0.4471065
0,0.5380664
0,0.36566848
0,0.3020676
0,0.33905515
0,0.2898098
0,0.22815497
0,0.33975673
0,0.48486862
0,0.49798572
0,0.55754817
0,0.5178958
0,0.47653374
0,0.40169
0,0.32450038
0,0.25755668
0,0.3880407
0,0.4735439
0,0.5542614
0,0.36505753
0,0.35635608
0,0.31888127
0,0.25904974
0,0.2000694
0,0.31306204
0,0.4198783
0,0.2888851
0,0.23337087
0,0.26282012
0,0.22323383
0,0.17561668
0,0.27498218
0,0.35506323
0,0.24531765
0,0.21263896
0,0.30657607
0,0.22089538
0,0.18241243
0,0.16379327
0,0.25104475
0,0.19942251
0,0.3064153
0,0.3884248
0,0.4062087
0,0.35074025
0,0.2555897
0,0.20937581
0,0.29332805
0,0.39119875
0,0.2582181
0,0.37517765
0,0.24146128
0,0.23999067
0,0.21118252
0,0.16671243
0,0.29363644
0,0.38637182
0,0.48368758
0,0.51060265
0,0.45111197
0,0.37135652
0,0.2922841
0,0.38136813
0,0.444073
0,0.48273474
0,0.49202162
0,0.4851447
0,0.4334726
0,0.3558749
0,0.2891521
0,0.39252907
0,0.48388824
0,0.3423446
0,0.4450969
0,0.29747143
0,0.3309302
0,0.26595896
0,0.22303395
0,0.34481725
0,0.23079504
0,0.22300065
0,0.21054314
0,0.27399448
0,0.31263575
0,0.2624818
0,0.2080328
0,0.29990578
0,0.47332236
0,0.5421804
0,0.36567128
0,0.41089696
0,0.3926691
0,0.28142256
0,0.22860537
0,0.191857
0,0.28784907
0,0.19281217
0,0.7588401
0,0.5648706
0,0.5128406
0,0.44020826
0,0.3679124
0,0.41803473
0,0.3189103
0,0.4496403
0,0.49872625
0,0.52737844
0,0.44593158
0,0.40059283
0,0.47560877
0,0.6497085
0,0.47510952
0,0.577253
0,0.6217972
0,0.57693064
0,0.4943453
0,0.39473194
0,0.3126593
0,0.4650681
0,0.49924493
0,0.5886413
0,0.6032431
0,0.514495
0,0.47468063
0,0.368652
0,0.27426824
0,0.43957537
0,0.4481181
0,0.47725695
0,0.4788564
0,0.6004189
0,0.48263294
0,0.38730028
0,0.32782158
0,0.4289778
0,0.47189423
0,0.55031884
0,0.5066426
0,0.49109304
0,0.38052782
0,0.2997917
0,0.43759933
0,0.47667977
0,0.54960597
0,0.5818237
0,0.5302466
0,0.47399068
0,0.40311393
0,0.31551716
0,0.4206177
0,0.48028094
0,0.549898
0,0.63265514
0,0.5869616
0,0.40070507
0,0.35395017
0,0.28582954
0,0.37763122
0,0.4623308
0,0.4738436
0,0.526209
0,0.49511915
0,0.41987512
0,0.32336554
0,0.24854623
0,0.21068938
0,0.17476009
0,0.33317652
0,0.38768038
0,0.26950967
0,0.29217088
0,0.23538119
0,0.18776497
0,0.33328187
0,0.41853353
0,0.27377376
0,0.35675827
0,0.25428513
0,0.21093363
0,0.20247015
0,0.16972044
0,0.31427214
0,0.4365086
0,0.48378357
0,0.3195101
0,0.36147115
0,0.32654926
0,0.2815682
0,0.2013558
0,0.16425727
0,0.2534953
0,0.33541545
0,0.8236268
0,0.58800894
0,0.539871
0,0.41188478
0,0.34569165
0,0.43839294
0,0.4918908
0,0.51800287
0,0.5087301
0,0.5209396
0,0.44053236
0,0.35704654
0,0.88132817
0,0.65448177
0,0.56396246
0,0.6620376
0,0.6634481
0,0.60648924
0,0.5105578
0,0.39989036
0,0.31635112
0,0.4949986
0,0.34660366
0,0.53966606
0,0.41761458
0,0.4698749
0,0.44450766
0,0.33591333
0,0.48975858
0,0.4941658
0,0.4793985
0,0.52740616
0,0.5055487
0,0.4471441
0,0.32073665
0,0.26966637
0,0.22440916
0,0.18458836
0,0.3196323
0,0.3959496
0,0.41816846
0,0.29526594
0,0.21436322
0,0.18135794
0,0.1550588
0,0.25285655
0,0.38739303
0,0.44276956
0,0.32833108
0,0.29495138
0,0.24125303
0,0.19369571
0,0.28498322
0,0.35493815
0,0.42616326
0,0.26606435
0,0.3166829
0,0.22153199
0,0.21564521
0,0.32020053
0,0.515772
0,0.5431048
0,0.54847574
0,0.5520599
0,0.48999274
0,0.39973423
0,0.31377506
0,0.27232203
0,0.35646194
0,0.5672723
0,0.62162435
0,0.435022
0,0.43190825
0,0.38010982
0,0.30347848
0,0.41894808
0,0.5097857
0,0.5231864
0,0.58830464
0,0.38377616
0,0.8351247
0,0.59769225
0,0.47605214
0,0.5842442
0,0.65938497
0,0.6656792
0,0.68502533
0,0.6518706
0,0.58758855
0,0.583063
0,0.43226314
0,0.52962667
0,0.5373924
0,0.59767973
0,0.6218884
0,0.600366
0,0.3997436
0,0.3616456
0,0.31524938
0,0.450892
0,0.5979668
0,0.41961998
0,0.36453927
0,0.4064685
0,0.42555267
0,0.33733255
0,0.2971957
0,0.40060544
0,0.4322746
0,0.50312245
0,0.5173491
0,0.4739442
0,0.34618235
0,0.3058166
0,0.22253343
0,0.32586756
0,0.4445837
0,0.4705289
0,0.5061597
0,0.33909196
0,0.3452679
0,0.29940706
0,0.24733171
0,0.2077128
0,0.3566349
0,0.45801544
0,0.4626519
0,0.44174016
0,0.41541126
0,0.33120424
0,0.24441676
0,0.41255173
0,0.26249635
0,0.38240612
0,0.53238213
1,0.46234775
1,0.30370063
1,0.23925947
1,0.35636008
1,0.4163091
1,0.47341055
1,0.53508776
1,0.38434806
1,0.30675858
1,0.28445694
1,0.21700327
1,0.18215965
1,0.29829058
1,0.38420904
1,0.4639165
1,0.9303582
0,0.9836538
0,0.91846865
0,0.8480417
0,0.8672466
0,0.86431265
0,0.840981
0,0.6971568
0,0.7560762
0,0.7697095
0,0.6608379
0,0.56224465
0,0.44950315
0,0.37166408
0,0.52927256
0,0.40556288
0,0.50003564
0,0.49917853
0,0.44716814
0,0.37905288
0,0.30173331
0,0.49853694
0,0.5814828
0,0.6104275
0,0.6509299
0,0.5788896
0,0.48696154
0,0.45379624
0,0.7177449
0,0.6786401
0,0.59473044
0,0.54730153
0,0.4873247
0,0.40452594
0,0.3335888
0,0.24884804
0,0.3687223
0,0.44237557
0,0.57958794
0,0.563585
0,0.51756215
0,0.4394223
0,0.38396955
0,0.27614853
0,0.37226358
0,0.26715922
0,0.39797395
0,0.3935432
0,0.461671
0,0.48209277
0,0.30747128
0,0.39578947
0,0.26757956
0,0.24040909
0,0.19348314
0,0.29926255
0,0.39181447
0,0.4876361
0,0.32131842
0,0.3525603
0,0.24182557
0,0.22112241
0,0.18988563
0,0.2879925
0,0.27760345
0,0.39256215
0,0.43374032
0,0.4222329
0,0.36361375
0,0.2622897
0,0.20127983
0,0.34589764
0,0.41746062
0,0.4660615
0,0.47532642
0,0.42425245
0,0.34795955
0,0.31367546
0,0.23425718
0,0.5327741
0,0.3377738
0,0.5091291
0,0.57474244
0,0.48376167
0,0.41196623
0,0.48014408
0,0.3094616
0,0.52120167
0,0.5562949
0,0.5885081
0,0.5270964
0,0.5574219
0,0.47034043
0,0.364062
0,0.27736717
0,0.4420486
0,0.48622957
0,0.55911726
0,0.3822762
0,0.3160612
0,0.25439388
0,0.2207773
0,0.20506066
0,0.17047498
0,0.17230049
0,0.2860326
0,0.22164735
0,0.17257188
0,0.18140809
0,0.16325134
0,0.27768248
0,0.4096189
0,0.485308
0,0.31455064
0,0.39691994
0,0.29916298
0,0.2741349
0,0.22171916
0,0.34434858
0,0.43631557
0,0.5138537
0,0.5416062
0,0.49761382
0,0.35127017
0,0.3145417
0,0.24552156
0,0.36545894
0,0.26014534
0,0.42695707
0,0.45561096
0,0.34038222
0,0.24854074
0,0.22957946
0,0.19450857
0,0.25976396
0,0.36981967
0,0.49969366
0,0.5049873
0,0.44424748
0,0.40255487
0,0.32440802
0,0.24706493
0,0.22561623
0,0.18852071
0,0.1686773
0,0.26097044
0,0.31493255
0,0.29297936
0,0.22505192
0,0.17358534
0,0.3266965
0,0.21974233
0,0.41744462
0,0.2771688
0,0.31313798
0,0.36207184
0,0.2841084
0,0.20693246
0,0.370346
0,0.2540598
0,0.21785718
0,0.20334038
0,0.18815355
0,0.20495467
0,0.1870334
0,0.47680244
0,0.565783
0,0.6369814
0,0.6652929
0,0.47339535
0,0.47128263
0,0.42537937
0,0.35940945
0,0.46356183
0,0.51789856
0,0.5764955
0,0.39059967
0,0.43582496
0,0.43137306
0,0.3448869
0,0.29692385
0,0.42425346
0,0.44673583
0,0.29649952
0,0.22493635
0,0.26710597
0,0.27479246
0,0.23887949
0,0.20717488
0,0.32716742
0,0.4869654
0,0.5568546
0,0.3563377
0,0.4101826
0,0.3961909
0,0.30700865
0,0.25065508
0,0.35061198
0,0.45616072
0,0.51447237
0,0.53205264
0,0.48849025
0,0.42731634
0,0.33029398
0,0.27020106
0,0.4557912
0,0.4945365
0,0.5314888
0,0.33472332
0,0.38525787
0,0.28402904
0,0.2434392
0,0.21245971
0,0.45753586
0,0.50095356
0,0.5415506
0,0.6337327
0,0.5524157
0,0.47246882
0,0.3631765
0,0.29051054
0,0.4269894
0,0.30404893
0,0.41426483
0,0.41751114
0,0.4131523
0,0.31107247
0,0.27914113
0,0.38766745
0,0.45201075
0,0.50755334
0,0.33419567
0,0.418432
0,0.31439906
0,0.3127756
0,0.2533228
0,0.2067692
0,0.33145556
0,0.42409837
0,0.51435053
0,0.52734745
0,0.36843625
0,0.3613447
0,0.28387338
0,0.21066156
0,0.33239368
0,0.40735608
0,0.27909368
0,0.34212956
0,0.3191002
0,0.26254275
0,0.21070686
0,0.450304
0,0.33660784
0,0.44224715
0,0.48779932
0,0.32075563
0,0.3297142
0,0.24375464
0,0.19788256
0,0.3368228
0,0.4253493
0,0.5363894
0,0.5458691
0,0.35411945
0,0.37796712
0,0.3003582
0,0.25980327
0,0.1971033
0,0.34319264
0,0.29526284
0,0.4379363
0,0.43739095
0,0.41673347
0,0.3441979
0,0.28330615
0,0.40812543
0,0.52678025
0,0.37937337
0,0.44200918
0,0.42724773
0,0.3712533
0,0.2952674
0,0.22719036
0,0.33686653
0,0.41526723
0,0.2968042
0,0.295909
0,0.22805236
0,0.1900152
0,0.16995193
0,0.14912802
0,0.24158472
0,0.32711
0,0.3077433
0,0.31054524
0,0.25800243
0,0.18994795
0,0.36564434
0,0.48093018
0,0.5233052
0,0.5078382
0,0.4617666
0,0.39823562
0,0.31402928
0,0.23512477
0,0.20009698
0,0.3577553
0,0.49387118
0,0.51339674
0,0.46315372
0,0.38921183
0,0.3155616
0,0.23331605
0,0.38722718
0,0.4698283
0,0.5429745
0,0.39307147
0,0.4013735
0,0.34888577
0,0.27874854
0,0.2105993
0,0.18697733
0,0.15916581
0,0.1471781
0,0.13684979
0,0.15652034
0,0.15253875
0,0.14606875
0,0.24860972
0,0.33722612
0,0.43755463
0,0.5061264
0,0.5331071
0,0.37989432
0,0.33160457
0,0.2567436
0,0.4207843
0,0.32149568
0,0.4487826
0,0.3002337
0,0.38326627
0,0.35784325
0,0.28290555
0,0.24059029
0,0.35542664
0,0.276143
0,0.41879094
0,0.27333036
0,0.34892738
0,0.31550676
0,0.23532599
0,0.19159697
0,0.3035806
0,0.21433726
0,0.1783722
0,0.25471413
0,0.27524683
0,0.259752
0,0.20987388
0,0.3663715
0,0.24762908
0,0.36303446
0,0.5034668
0,0.51774484
0,0.37095308
0,0.3539195
0,0.27879962
0,0.21724124
0,0.34971058
0,0.44396043
0,0.49330705
0,0.32635596
0,0.34480703
0,0.3115844
0,0.25119954
0,0.1896372
0,0.33604103
0,0.39688697
0,0.472849
0,0.47916093
0,0.43175057
0,0.34167048
0,0.27033293
0,0.22932546
0,0.8056466
0,0.5557828
0,0.4393319
0,0.52106845
0,0.3651175
0,0.3507552
0,0.2746145
0,0.40838307
0,0.5175409
0,0.6145683
0,0.61437005
0,0.5120976
0,0.5007204
0,0.34355715
0,0.33176702
0,0.42965117
0,0.47359562
0,0.6803548
0,0.63011634
0,0.6092053
0,0.53379846
0,0.36160082
0,0.33720058
0,0.3009254
0,0.41088346
0,0.51502836
0,0.5277308
0,0.38790378
0,0.3294071
0,0.28256738
0,0.22518241
0,0.19243993
0,0.15928808
0,0.18904634
0,0.2440527
0,0.18623453
0,0.19142464
0,0.1728875
0,0.14725704
0,0.2168195
0,0.32206246
0,0.4819224
0,0.5420227
0,0.4728117
0,0.4172847
0,0.3432688
0,0.27336606
0,0.40461358
0,0.5279386
0,0.6302587
0,0.5983982
0,0.41030315
0,0.31756067
0,0.272892
0,0.24191287
0,0.18970276
0,0.30958638
0,0.40307125
0,0.41641107
0,0.39517146
0,0.32573038
0,0.2196936
0,0.17731206
0,0.2901828
0,0.36880907
0,0.4238646
0,0.44299495
0,0.28039
0,0.22902499
0,0.2014407
0,0.1693687
0,0.2667839
0,0.20217133
0,0.16135715
0,0.15393978
0,0.18719086
0,0.17463203
0,0.15973267
0,0.24197064
0,0.37501016
0,0.5371499
0,0.35855386
0,0.4748754
0,0.4406325
0,0.39812613
0,0.28331536
0,0.43584245
0,0.5234835
0,0.600412
0,0.40295
0,0.31251547
0,0.35648057
0,0.3281846
0,0.46031094
0,0.51086766
0,0.5793947
0,0.7228031
0,0.53744745
0,0.43388483
0,0.45218167
0,0.42502147
0,0.55815244
0,0.564408
0,0.677312
0,0.6464067
0,0.44634572
0,0.42392403
0,0.38964736
0,0.32606056
0,0.3638606
0,0.26734552
0,0.38423422
0,0.25321862
0,0.35943705
0,0.26157057
0,0.26088086
0,0.22330628
0,0.37449744
0,0.25572675
0,0.36419454
0,0.4219648
0,0.4418014
0,0.46763077
0,0.3136567
0,0.27344528
0,0.21244875
0,0.41603628
0,0.50224984
0,0.34186602
0,0.4241046
0,0.4466929
0,0.3696112
0,0.29827774
0,0.3706168
0,0.4248418
0,0.54076344
0,0.3858002
0,0.47415546
0,0.3562216
0,0.33370194
0,0.2597534
0,0.36092693
0,0.39358932
0,0.43515995
0,0.49616727
0,0.46686184
0,0.45149642
0,0.3844775
0,0.2941149
0,0.40449473
0,0.5279442
0,0.5488394
0,0.38840574
0,0.4286907
0,0.30894095
0,0.27385205
0,0.2260674
0,0.19640256
0,0.17274238
0,0.15241751
0,0.25903428
0,0.18508382
0,0.20725572
0,0.17640717
0,0.17570126
0,0.15359381
0,0.25061512
0,0.33741054
0,0.4061484
0,0.3045895
0,0.2838788
0,0.2383751
0,0.19859815
0,0.3020467
0,0.19524382
0,0.31093892
0,0.44575298
0,0.43099144
0,0.36921474
0,0.2542486
0,0.20915954
0,0.34667292
0,0.26989508
0,0.38618755
0,0.43804172
0,0.28949484
0,0.31668946
0,0.25596592
0,0.20277138
0,0.18075067
0,0.2850982
0,0.19769536
0,0.27574462
0,0.20575301
0,0.21665049
0,0.18111105
0,0.15980089
0,0.24338533
0,0.33749413
0,0.24771143
0,0.36082536
0,0.35316595
0,0.3129744
0,0.23196849
0,0.3557814
0,0.41233197
0,0.5186018
0,0.5478512
0,0.38689443
0,0.420998
0,0.34603137
0,0.27557057
0,0.37199664
0,0.47886842
0,0.51677907
0,0.35575104
0,0.39455414
0,0.36278486
0,0.30301085
0,0.22360393
0,0.3343288
0,0.23897035
0,0.3558852
0,0.24985789
0,0.18825755
0,0.22894552
0,0.17835051
0,0.1494924
0,0.13798264
0,0.13482653
0,0.12940206
0,0.12280862
0,0.12242333
0,0.122656666
0,0.12994406
0,0.12597992
0,0.122887485
0,0.12971325
0,0.12985766
0,0.15373705
0,0.14146225
0,0.1453727
0,0.14957465
0,0.16547798
0,0.19119026
0,0.20312965
0,0.21760115
0,0.22871774
0,0.24693426
0,0.26023942
0,0.27865764
0,0.28273103
0,0.28036138
0,0.2811272
0,0.28296795
0,0.28628618
0,0.27537945
0,0.27414107
0,0.30834046
0,0.2982933
0,0.28037974
0,0.2818839
0,0.2808362
0,0.3367148
0,0.29184127
0,0.28623062
0,0.2821338
0,0.28796986
0,0.27711818
0,0.28117982
0,0.40134305
0,0.47327968
0,0.5291205
0,0.5607898
0,0.585906
0,0.6020891
0,0.48870805
0,0.4326914
0,0.54846865
0,0.634858
0,0.66632986
0,0.65762335
0,0.59203184
0,0.48595524
0,0.4781081
0,0.3276412
0,0.23956549
0,0.19516046
0,0.27279174
0,0.331348
0,0.32141206
0,0.28139263
0,0.23373555
0,0.17828357
0,0.26569837
0,0.3250197
0,0.37647387
0,0.40872508
0,0.39099172
0,0.32470775
0,0.25950754
0,0.1934268
0,0.2814229
0,0.3418486
0,0.38254502
0,0.4419109
0,0.38817975
0,0.34365055
0,0.28242004
0,0.35279903
0,0.22220637
0,0.31792167
0,0.36772397
0,0.3775412
0,0.35372713
0,0.29464546
0,0.22998442
0,0.18233342
0,0.2930161
0,0.3238305
0,0.37426656
0,0.3785531
0,0.3431066
0,0.2828608
0,0.23631628
0,0.17507263
0,0.26050562
0,0.17685759
0,0.2623194
0,0.2915029
0,0.27488363
0,0.2314285
0,0.18944046
0,0.15211026
0,0.2410035
0,0.326066
0,0.37206253
0,0.37106127
0,0.33396196
0,0.28325668
0,0.21383063
0,0.3037223
0,0.34722534
0,0.38577485
0,0.26834074
0,0.33096647
0,0.29777202
0,0.24001516
0,0.1878117
0,0.27894187
0,0.34590477
0,0.22127688
0,0.31808355
0,0.19946054
0,0.21968429
0,0.18846491
0,0.16087209
0,0.23201509
0,0.30272868
0,0.39705464
0,0.31672445
0,0.2186191
0,0.23022108
0,0.19352089
0,0.15861365
0,0.22727267
0,0.30773863
0,0.3676374
0,0.3945267
0,0.25883964
0,0.25284025
0,0.20770337
0,0.1657089
0,0.24621782
0,0.29913166
0,0.34570003
0,0.3721091
0,0.34455013
0,0.2640013
0,0.2191785
0,0.30123028
0,0.18719848
0,0.3025481
0,0.33755383
0,0.3635857
0,0.34339365
0,0.29322138
0,0.23183177
0,0.21690185
0,0.31959486
0,0.37818402
0,0.4187425
0,0.4143166
0,0.40102965
0,0.32921663
0,0.22567868
0,0.31975725
0,0.376815
0,0.42022535
0,0.44826406
0,0.4438084
0,0.38249806
0,0.31308132
0,0.24989212
0,0.3314593
0,0.38269824
0,0.42259786
0,0.43710947
0,0.4163508
0,0.36125812
0,0.31141245
0,0.22673838
0,0.19640365
0,0.28411475
0,0.32971916
0,0.36126164
0,0.22497082
0,0.18240137
0,0.18129218
0,0.15112127
0,0.14058052
0,0.2071856
0,0.27277616
0,0.34610075
0,0.33993194
0,0.30325633
0,0.24359706
0,0.19230609
0,0.2819245
0,0.1815144
0,0.27626494
0,0.33336762
0,0.33146697
0,0.2983413
0,0.36250174
0,0.23046349
0,0.18136406
0,0.27084726
0,0.34113142
0,0.38391617
0,0.34858188
0,0.2973915
0,0.2357516
0,0.18040822
0,0.2725475
0,0.34038895
0,0.21842127
0,0.28465968
0,0.29799485
0,0.21029323
0,0.16613765
0,0.14907847
0,0.20830865
0,0.25678495
0,0.31060016
0,0.33471048
0,0.32410532
0,0.2688522
0,0.2126709
0,0.274537
0,0.33946204
0,0.36082116
0,0.4046551
0,0.25084826
0,0.27824703
0,0.33773303
0,0.23526256
0,0.31696966
0,0.36278698
0,0.40346405
0,0.41143012
0,0.39443183
0,0.34594515
0,0.27902165
0,0.20337476
0,0.29139796
0,0.32693213
0,0.3694813
0,0.39237893
0,0.37400126
0,0.24403572
0,0.22343856
0,0.178998
0,0.1503002
0,0.20937666
0,0.2551349
0,0.2917602
0,0.29591364
0,0.26143664
0,0.2333759
0,0.17450775
0,0.15270679
0,0.21597064
0,0.2562483
0,0.28836071
0,0.29360133
0,0.26300085
0,0.20130889
0,0.16298527
0,0.2179038
0,0.24896687
0,0.2895539
0,0.31573465
0,0.3042208
0,0.25931013
0,0.20963491
0,0.16501084
0,0.23348498
0,0.30923226
0,0.2054302
0,0.17377053
0,0.1989222
0,0.19674225
0,0.1515294
0,0.14317098
0,0.18704587
0,0.24684916
0,0.29803434
0,0.33485225
0,0.30811486
0,0.25609285
0,0.26086992
0,0.29036
0,0.3296261
0,0.36423513
0,0.3782063
0,0.3800363
0,0.33745483
0,0.3038221
0,0.22758658
0,0.28983244
0,0.20931543
0,0.26954177
0,0.20208311
0,0.2573277
0,0.23859915
0,0.19948696
0,0.16552678
0,0.21912728
0,0.24550891
0,0.27829722
0,0.34172896
0,0.33711052
0,0.22118905
0,0.20064592
0,0.16583551
0,0.20701222
0,0.15077436
0,0.13676815
0,0.17721902
0,0.1931849
0,0.18395604
0,0.16300648
0,0.14564452
0,0.18589367
0,0.22757672
0,0.28678325
0,0.31708556
0,0.31084475
0,0.274139
0,0.19163318
0,0.25472942
0,0.29977328
0,0.32442814
0,0.34247422
0,0.23905274
0,0.2628313
0,0.2384277
0,0.19263208
0,0.24317686
0,0.27316296
0,0.30200183
0,0.32504144
0,0.33832502
0,0.31235093
0,0.26265258
0,0.21107821
0,0.27219862
0,0.31303114
0,0.34421614
0,0.3709076
0,0.39410987
0,0.25949234
0,0.24052417
0,0.19336513
0,0.25473857
0,0.32627863
0,0.34749287
0,0.36657
0,0.37411472
0,0.31961393
0,0.26686776
0,0.21261258
0,0.27153778
0,0.3055445
0,0.32626516
0,0.34335658
0,0.34177953
0,0.30144605
0,0.20928924
0,0.18034136
0,0.24752885
0,0.2743546
0,0.3000006
0,0.3244634
0,0.33002064
0,0.2916231
0,0.2382818
0,0.17607862
0,0.24365325
0,0.17068563
0,0.14991531
0,0.16122323
0,0.1926038
0,0.18262652
0,0.16740641
0,0.14139341
0,0.18322885
0,0.22323951
0,0.16822642
0,0.21991704
0,0.23499186
0,0.21272296
0,0.17866558
0,0.15118429
0,0.204728
0,0.15487222
0,0.20756234
0,0.26069197
0,0.25908735
0,0.2270367
0,0.1858437
0,0.24200736
0,0.19767183
0,0.25480816
0,0.2890541
0,0.30561534
0,0.29108578
0,0.24672468
0,0.2011741
0,0.15689658
0,0.13809296
0,0.17556041
0,0.2061127
0,0.23497823
0,0.22972278
0,0.19890058
0,0.17021461
0,0.21062165
0,0.23539206
0,0.17224382
0,0.2181158
0,0.24325943
0,0.23570943
0,0.20354623
0,0.2583901
0,0.29360986
0,0.23111698
0,0.28869635
0,0.32156298
0,0.33542415
0,0.2988629
0,0.24559422
0,0.19159983
0,0.25407615
0,0.2868001
0,0.32363182
0,0.22433463
0,0.26900852
0,0.24888669
0,0.20679627
0,0.16634351
0,0.21110742
0,0.16257289
0,0.14205776
0,0.18354781
0,0.20247792
0,0.19752242
0,0.1527827
0,0.14270584
0,0.17418602
0,0.20729408
0,0.23446749
0,0.26268217
0,0.18093187
0,0.19387917
0,0.17167939
0,0.14825703
0,0.18005873
0,0.15063679
0,0.13644908
0,0.13211279
0,0.1561531
0,0.1572296
0,0.14859833
0,0.13556547
0,0.1731917
0,0.20361625
0,0.16449645
0,0.20426601
0,0.23151366
0,0.16028735
0,0.155024
0,0.1605835
0,0.14523675
0,0.1808536
0,0.21107708
0,0.24495916
0,0.24452747
0,0.17524818
0,0.15898609
0,0.20415775
0,0.24431005
0,0.27924564
0,0.3432205
0,0.3315825
0,0.30325896
0,0.2517823
0,0.18790327
0,0.23422568
0,0.16821444
0,0.20853254
0,0.23668528
0,0.17568973
0,0.18908454
0,0.17108783
0,0.14740452
0,0.17944804
0,0.20658003
0,0.23211816
0,0.25849828
0,0.28793114
0,0.26696414
0,0.2198276
0,0.17235088
0,0.14681149
0,0.18869029
0,0.23122095
0,0.26905057
0,0.29036662
0,0.19712737
0,0.18298778
0,0.15428029
0,0.14231686
0,0.13137764
0,0.1668067
0,0.14010508
0,0.13138716
0,0.14689712
0,0.1350466
0,0.14353703
0,0.13436292
0,0.12666248
0,0.124518715
0,0.16034889
0,0.18136851
0,0.18032417
0,0.16606377
0,0.1535522
0,0.14509307
0,0.1859303
0,0.21582949
0,0.16659555
0,0.19951254
0,0.19511873
0,0.17642404
0,0.21888591
0,0.27266777
0,0.34458008
0,0.2653828
0,0.31780997
0,0.31914744
0,0.28233618
0,0.21308048
0,0.2670684
0,0.2996825
0,0.32521382
0,0.3436432
0,0.35256773
0,0.34212142
0,0.2873086
0,0.21971463
0,0.26499346
0,0.17590162
0,0.23256277
0,0.26133606
0,0.19047348
0,0.25620994
0,0.21374798
0,0.17156571
0,0.14617507
0,0.19015922
0,0.1500537
0,0.18248463
0,0.24369848
0,0.2276466
0,0.19375323
0,0.1555548
0,0.1930851
0,0.23555759
0,0.2795912
0,0.31047702
0,0.3307211
0,0.23183544
0,0.20912033
0,0.17113402
0,0.22518265
0,0.2744151
0,0.30396038
0,0.32247624
0,0.3328181
0,0.2900219
0,0.24598983
0,0.17570715
0,0.19844423
0,0.23872182
0,0.1778712
0,0.24530186
0,0.25700587
0,0.23912795
0,0.16818649
0,0.15034378
0,0.18836004
0,0.2137039
0,0.26369637
0,0.28690004
0,0.28779984
0,0.25128302
0,0.21017025
0,0.16913478
0,0.20896569
0,0.23905244
0,0.2637121
0,0.29141006
0,0.28448734
0,0.25460622
0,0.20341057
0,0.1649066
0,0.21480495
0,0.25479153
0,0.28966835
0,0.31304762
0,0.30128434
0,0.27933267
0,0.2177759
0,0.27011523
0,0.19125481
0,0.2556203
0,0.19976193
0,0.25343516
0,0.25685987
0,0.22473769
0,0.18244344
0,0.22930118
0,0.16433719
0,0.2140332
0,0.25287658
0,0.18688522
0,0.20615305
0,0.18520209
0,0.15813486
0,0.13792127
0,0.17200004
0,0.20299624
0,0.22936621
0,0.25417668
0,0.24191637
0,0.20461108
0,0.16924736
0,0.14407013
0,0.14095913
0,0.13545993
0,0.16503371
0,0.180496
0,0.18238562
0,0.17437296
0,0.15353493
0,0.1947003
0,0.15312558
0,0.14394169
0,0.1842038
0,0.5200035
0,0.35951963
0,0.29560378
0,0.2213586
0,0.16795133
0,0.2328594
0,0.26876223
0,0.19170608
0,0.23605837
0,0.22382692
0,0.18694413
0,0.1552944
0,0.28016418
0,0.3014777
0,0.3242986
0,0.35029936
0,0.34087527
0,0.29528198
0,0.23237675
0,0.29145226
0,0.31312126
0,0.3194942
0,0.32998794
0,0.3479421
0,0.2514433
0,0.24405512
0,0.21083874
0,0.16619304
0,0.14362013
0,0.17755708
0,0.19768511
0,0.22830364
0,0.23460764
0,0.20355101
0,0.16827212
0,0.21945873
0,0.2383531
0,0.246153
0,0.25829986
0,0.27982834
0,0.2692243
0,0.18838787
0,0.17158699
0,0.14304012
0,0.18175742
0,0.21884012
0,0.15660167
0,0.19605073
0,0.19803157
0,0.18260694
0,0.15692541
0,0.13787112
0,0.16822982
0,0.19761951
0,0.22033998
0,0.24542645
0,0.2381231
0,0.1998643
0,0.15624155
0,0.19957355
0,0.22806157
0,0.26539826
0,0.19007906
0,0.16890413
0,0.18351328
0,0.16587941
0,0.1485274
0,0.17818482
0,0.19625752
0,0.22921531
0,0.24785861
0,0.27607256
0,0.24791011
0,0.20189436
0,0.16357744
0,0.14177276
0,0.17729115
0,0.20759083
0,0.23656419
0,0.2699585
0,0.23745255
0,0.19176508
0,0.15615976
0,0.19462883
0,0.23743856
0,0.2646732
0,0.2816831
0,0.2785879
0,0.24731159
0,0.1970185
0,0.23827295
0,0.17097682
0,0.20612217
0,0.15531418
0,0.19382852
0,0.15548773
0,0.14458966
0,0.14081644
0,0.12963876
0,0.12428138
0,0.15145646
0,0.17356649
0,0.18657203
0,0.20114404
0,0.18764494
0,0.16295002
0,0.14749286
0,0.1725032
0,0.18834504
0,0.21976449
0,0.24354528
0,0.24491964
0,0.21037544
0,0.17848736
0,0.15119898
0,0.19099088
0,0.22086091
0,0.2482594
0,0.26504356
0,0.25007102
0,0.21327494
0,0.16893423
0,0.21389551
0,0.23048055
0,0.25868037
0,0.2747344
0,0.18383595
0,0.20687105
0,0.18201658
0,0.15238366
0,0.1823632
0,0.15013997
0,0.17433685
0,0.20682818
0,0.21493597
0,0.20233488
0,0.15261738
0,0.14202018
0,0.16504705
0,0.17904605
0,0.19580814
0,0.23910722
0,0.25845295
0,0.23397759
0,0.19230765
0,0.15608989
0,0.19684592
0,0.22597899
0,0.24975406
0,0.27648637
0,0.28332794
0,0.24410073
0,0.19644965
0,0.15893555
0,0.19728233
0,0.22272925
0,0.16323827
0,0.19828099
0,0.15246361
0,0.16332349
0,0.14567949
0,0.16843209
0,0.185706
0,0.20502487
0,0.231205
0,0.25471982
0,0.25123128
0,0.21777841
0,0.17884983
0,0.21890168
0,0.24407962
0,0.25829357
0,0.27349746
0,0.2773588
0,0.2648193
0,0.22448407
0,0.18426955
0,0.21083888
0,0.22403918
0,0.25763083
0,0.26118967
0,0.17586781
0,0.19699171
0,0.17881961
0,0.15441751
0,0.19287553
0,0.2207874
0,0.24939898
0,0.53485787
0,0.43882546
0,0.31018654
0,0.2676045
0,0.20499258
0,0.24476995
0,0.21736398
0,0.17630787
0,0.21324177
0,0.22675863
0,0.21328734
0,0.1856531
0,0.15774195
0,0.18581998
0,0.20905915
0,0.22179356
0,0.24407442
0,0.25306728
0,0.22977929
0,0.19104704
0,0.1584025
0,0.20381714
0,0.22256362
0,0.22465679
0,0.24616544
0,0.17091012
0,0.19444022
0,0.17661083
0,0.21544363
0,0.23080839
0,0.24858363
0,0.26775396
0,0.31669447
0,0.3077121
0,0.26136258
0,0.20862183
0,0.24841604
0,0.17238045
0,0.14785467
0,0.18177775
0,0.15036947
0,0.16933808
0,0.16366668
0,0.14984208
0,0.13643807
0,0.16402435
0,0.18828192
0,0.2509848
0,0.25809142
0,0.26625267
0,0.23094574
0,0.18266694
0,0.21178488
0,0.2534948
0,0.2769902
0,0.27056023
0,0.2787376
0,0.26437896
0,0.23565936
0,0.1843969
0,0.22822519
0,0.23390104
0,0.24826844
0,0.25550887
0,0.27727857
0,0.2573475
0,0.22798315
0,0.1760882
0,0.21296252
0,0.17190361
0,0.20323728
0,0.2284
0,0.24931999
0,0.24012059
0,0.20001648
0,0.16423744
0,0.19586469
0,0.21629171
0,0.23627762
0,0.25026655
0,0.25647578
0,0.23581988
0,0.20253128
0,0.16840646
0,0.202405
0,0.22280753
0,0.2339728
0,0.24726419
0,0.25671428
0,0.2308797
0,0.19680019
0,0.22546372
0,0.25008667
0,0.25621232
0,0.26099667
0,0.272591
0,0.28513685
0,0.2611908
0,0.2108224
0,0.16097729
0,0.20509875
0,0.24043168
0,0.2560351
0,0.28837338
0,0.29892537
0,0.2509761
0,0.20142066
0,0.23837563
0,0.2541544
0,0.2699052
0,0.28195703
0,0.30993134
0,0.31361693
0,0.22098525
0,0.18755461
0,0.15352061
0,0.18673584
0,0.20784333
0,0.22276747
0,0.23568504
0,0.23980655
0,0.20203312
0,0.17334352
0,0.20156974
0,0.21308562
0,0.22680436
0,0.24275078
0,0.25696763
0,0.18181016
0,0.15254872
0,0.14430162
0,0.13032107
0,0.16098383
0,0.13567406
0,0.16537617
0,0.18693662
0,0.18996818
0,0.17276947
0,0.15403116
0,0.18215333
0,0.20875983
0,0.23282507
0,0.26090434
0,0.27094436
0,0.25383756
0,0.17277099
0,0.155837
0,0.19556615
0,0.2171275
0,0.23632587
0,0.2590004
0,0.27123725
0,0.24611235
0,0.20557885
0,0.16609639
0,0.23349418
0,0.25208995
0,0.33978376
0,0.34208757
0,0.32666913
0,0.2997171
0,0.2352887
0,0.18396337
0,0.15641768
0,0.18323086
0,0.21576709
0,0.2486957
0,0.25998837
0,0.22898327
0,0.18966281
0,0.15554796
0,0.19122751
0,0.21647407
0,0.15579453
0,0.19805054
0,0.21225268
0,0.19370852
0,0.16779241
0,0.14439997
0,0.17351153
0,0.2000396
0,0.22701022
0,0.2480849
0,0.26603904
0,0.22696482
0,0.18308055
0,0.22610006
0,0.23984912
0,0.25636882
0,0.26500335
0,0.2730577
0,0.2635455
0,0.22492763
0,0.16531803
0,0.2004446
0,0.22330998
0,0.25091434
0,0.1803864
0,0.21423383
0,0.21641313
0,0.1881338
0,0.15921634
0,0.19582778
0,0.22062838
0,0.24144083
0,0.2791518
0,0.28625992
0,0.29649347
0,0.23980264
0,0.18525805
0,0.22645761
0,0.2399213
0,0.26385283
0,0.2763153
0,0.27814555
0,0.2573386
0,0.20905052
0,0.17060405
0,0.1518324
0,0.18475917
0,0.20501877
0,0.2210449
0,0.16496022
0,0.17474034
0,0.16032366
0,0.14733161
0,0.16968337
0,0.18641552
0,0.22947448
0,0.23923051
0,0.2495843
0,0.22659141
0,0.19894034
0,0.16081779
0,0.19092503
0,0.20454526
0,0.21556965
0,0.23077673
0,0.24241544
0,0.22455697
0,0.1936192
0,0.15543188
0,0.19503418
0,0.22742258
0,0.26430428
0,0.28289422
0,0.29700372
0,0.26321584
0,0.21719342
0,0.30259928
0,0.3033476
0,0.3141309
0,0.3131861
0,0.22905585
0,0.26595235
0,0.23149002
0,0.18894555
0,0.23539826
0,0.25993842
0,0.26798457
0,0.18325351
0,0.16551071
0,0.19045292
0,0.15217604
0,0.14665651
0,0.13265298
0,0.1682295
0,0.18621296
0,0.20485824
0,0.22260737
0,0.602634
0,0.5583476
0,0.85640234
0,0.951733
0,0.8235316
0,0.90243304
0,0.8809222
0,0.96210295
0,0.8931081
0,0.9773246
0,0.96374476
0,0.8612464
0,0.9696484
0,0.9151357
0,0.96879184
0,0.98488027
0,0.93638015
0,0.9652595
0,0.89338833
0,0.88666064
0,0.842738
0,0.6947034
0,0.77223617
0,0.58202827
0,0.50086653
0,0.45588347
0,0.40865248
0,0.5083064
0,0.7711987
0,0.7119783
0,0.7652167
0,0.7344475
0,0.5870303
0,0.5474094
0,0.45803237
0,0.55297256
0,0.53948164
0,0.5176213
0,0.38017166
0,0.42995045
0,0.39871702
0,0.33270252
0,0.29625762
0,0.36289543
0,0.31613675
0,0.2927147
0,0.29854497
0,0.29685834
0,0.26571235
0,0.21441716
0,0.17300789
0,0.2231904
0,0.27643487
0,0.29355603
0,0.20469269
0,0.23320077
0,0.20827131
0,0.17216735
0,0.14199528
0,0.16821834
0,0.18956588
0,0.21149744
0,0.2330964
0,0.23146251
0,0.2013746
0,0.1679616
0,0.19019085
0,0.20766984
0,0.2196106
0,0.23400156
0,0.24226971
0,0.23701316
0,0.20120157
0,0.16727087
0,0.19199713
0,0.20594297
0,0.2474576
0,0.24857023
0,0.2534909
0,0.24465868
0,0.20424405
0,0.16876194
0,0.21380608
0,0.16512947
0,0.14928268
0,0.18008585
0,0.1961205
0,0.19236353
0,0.16774431
0,0.14843352
0,0.17610666
0,0.19019732
0,0.22432067
0,0.2452811
0,0.25321636
0,0.2485709
0,0.2064713
0,0.16818398
0,0.1480931
0,0.17332338
0,0.1911841
0,0.19992937
0,0.21240371
0,0.1975851
0,0.17043044
0,0.14593653
0,0.17082216
0,0.1854505
0,0.21172759
0,0.22569981
0,0.22843675
0,0.20427701
0,0.17676066
0,0.21137428
0,0.15561613
0,0.1904226
0,0.21242158
0,0.23549046
0,0.24354321
0,0.2165723
0,0.17218788
0,0.14346445
0,0.17599231
0,0.17613529
0,0.49865353
0,0.79412884
0,0.9762413
0,0.9615978
0,0.861354
0,0.7326756
0,0.7357925
0,0.6967884
0,0.65413725
0,0.6196429
0,0.5868063
0,0.4837881
0,0.38993034
0,0.29357028
0,0.35617515
0,0.37219706
0,0.41615185
0,0.4000901
0,0.37387502
0,0.32961643
0,0.25687113
0,0.30443764
0,0.34327647
0,0.36619142
0,0.43259925
0,0.47344738
0,0.3318017
0,0.30262023
0,0.2975585
0,0.2653266
0,0.2971838
0,0.24003989
0,0.20226644
0,0.22364435
0,0.21255185
0,0.18250553
0,0.15723026
0,0.18464917
0,0.20973693
0,0.23328057
0,0.2537532
0,0.25807866
0,0.24222882
0,0.19666998
0,0.16519323
0,0.20150247
0,0.51739573
0,0.46846548
0,0.44244933
0,0.29703045
0,0.28734902
0,0.2402079
0,0.26235282
0,0.28682128
0,0.28607568
0,0.2923246
0,0.32542747
0,0.33078662
0,0.28541604
0,0.21344432
0,0.25536287
0,0.17387156
0,0.15728496
0,0.20102659
0,0.22531071
0,0.24660645
0,0.2163742
0,0.18103023
0,0.15239029
0,0.18635383
0,0.21796368
0,0.24346726
0,0.18654391
0,0.21542029
0,0.19702521
0,0.16321576
0,0.13873203
0,0.16684249
0,0.18484825
0,0.1989854
0,0.21328466
0,0.21483202
0,0.19817398
0,0.16404922
0,0.14152294
0,0.18437731
0,0.3028649
0,0.32336298
0,0.47929043
0,0.5007392
0,0.46301135
0,0.44015232
0,0.3812097
0,0.47503662
0,0.29912317
0,0.35498142
0,0.3459145
0,0.31371462
0,0.24851985
0,0.19862776
0,0.37320974
0,0.34967843
0,0.3411753
0,0.33942783
0,0.334396
0,0.2994233
0,0.25262564
0,0.193438
0,0.23171991
0,0.24831162
0,0.26581836
0,0.28027055
0,0.28472105
0,0.2889862
0,0.22681163
0,0.1825694
0,0.22480632
0,0.25275204
0,0.25578612
0,0.2861093
0,0.2762193
0,0.25035322
0,0.19326352
0,0.15933743
0,0.213987
0,0.24543992
0,0.27053034
0,0.18114097
0,0.2320907
0,0.22898526
0,0.4097949
0,0.24776399
0,0.28908437
0,0.30510896
0,0.3182661
0,0.23194009
0,0.25818497
0,0.2298242
0,0.18949553
0,0.16998456
0,0.20756865
0,0.24064147
0,0.25948724
0,0.28022736
0,0.27949408
0,0.20563294
0,0.18090169
0,0.2163829
0,0.24914286
0,0.26096234
0,0.271741
0,0.27902716
0,0.27923983
0,0.23155448
0,0.19118482
0,0.1787658
0,0.2479966
0,0.3168472
0,0.6318355
0,0.52478445
0,0.45295733
0,0.36267695
0,0.2878848
0,0.31629914
0,0.33517957
0,0.34501565
0,0.35215616
0,0.350574
0,0.33235866
0,0.27356532
0,0.20990641
0,0.24900311
0,0.23932482
0,0.26064247
0,0.27518204
0,0.46495682
0,0.46793678
0,0.739372
0,0.55962014
0,0.7498254
0,0.8325712
0,0.8393896
0,0.82752013
0,0.7896258
0,0.5587405
0,0.53609824
0,0.9041211
0,0.6530128
0,0.6382413
0,0.7373271
0,0.58239996
0,0.8025733
0,0.8143611
0,0.6187131
0,0.46834737
0,0.3659882
0,0.4194487
0,0.42325395
0,0.42893186
0,0.43556398
0,0.3659084
0,0.30976766
0,0.27105522
0,0.22706
0,0.19037138
0,0.2666645
0,0.24680048
0,0.30090523
0,0.28209132
0,0.23207085
0,0.18668334
0,0.23739728
0,0.26445842
0,0.28158018
0,0.29095942
0,0.27735633
0,0.23963739
0,0.1926568
0,0.22637273
0,0.25440225
0,0.16728121
0,0.19336331
0,0.23609672
0,0.25940925
0,0.21856542
0,0.17664975
0,0.14662056
0,0.1768849
0,0.19315168
0,0.1526754
0,0.18119474
0,0.18912311
0,0.17275509
0,0.15285219
0,0.18349433
0,0.21124719
0,0.24156256
0,0.26978615
0,0.28544787
0,0.27577394
0,0.21974428
0,0.17691731
0,0.21920122
0,0.24417236
0,0.26310223
0,0.2771028
0,0.2901352
0,0.26657054
0,0.22646375
0,0.18015951
0,0.148564
0,0.18518706
0,0.20482408
0,0.23191671
0,0.15680848
0,0.17325203
0,0.15877219
0,0.13914995
0,0.16493627
0,0.18521133
0,0.205523
0,0.22286554
0,0.23897712
0,0.21823514
0,0.18490502
0,0.20778462
0,0.22274244
0,0.25219032
0,0.25729555
0,0.267446
0,0.26063544
0,0.2321347
0,0.19350694
0,0.15676303
0,0.14083195
0,0.17101812
0,0.20131142
0,0.22280456
0,0.31683192
0,0.26403642
0,0.203763
0,0.16190515
0,0.20424388
0,0.22564588
0,0.16304193
0,0.1993913
0,0.20619804
0,0.18576746
0,0.15757541
0,0.14048888
0,0.16893652
0,0.15989791
0,0.18709359
0,0.20214827
0,0.20492113
0,0.1827524
0,0.15822491
0,0.18446782
0,0.20084059
0,0.21489012
0,0.2296877
0,0.23998852
0,0.23458412
0,0.19927394
0,0.16442674
0,0.1447545
0,0.16553394
0,0.18478891
0,0.16057977
0,0.1922858
0,0.19444801
0,0.17460307
0,0.15377943
0,0.1815548
0,0.14772627
0,0.13716365
0,0.16105972
0,0.16438678
0,0.14330861
0,0.13197805
0,0.16011643
0,0.13784708
0,0.16492108
0,0.14544596
0,0.16700011
0,0.1468237
0,0.15129824
0,0.14049888
0,0.16662653
0,0.18743663
0,0.2105686
0,0.25677878
0,0.27816096
0,0.25243187
0,0.20576258
0,0.16156417
0,0.19376335
0,0.2152557
0,0.23453818
0,0.24640499
0,0.2469391
0,0.221684
0,0.16820742
0,0.21779309
0,0.23820977
0,0.25364098
0,0.27176574
0,0.28160217
0,0.27992967
0,0.19047965
0,0.16557729
0,0.21384606
0,0.16104999
0,0.19078459
0,0.21065016
0,0.22727038
0,0.23395252
0,0.2018052
0,0.17124504
0,0.14381734
0,0.17336045
0,0.19018115
0,0.20564003
0,0.22169489
0,0.16735463
0,0.16477026
0,0.1445754
0,0.16318136
0,0.17743501
0,0.18978241
0,0.20307933
0,0.22824197
0,0.21248536
0,0.18807738
0,0.15761459
0,0.18809882
0,0.14944024
0,0.18301047
0,0.19491391
0,0.16372156
0,0.21064521
0,0.17256944
0,0.14968237
0,0.17906594
0,0.20181222
0,0.2269803
0,0.256068
0,0.26876363
0,0.24435061
0,0.17077489
0,0.15134001
0,0.13750055
0,0.16404985
0,0.13942963
0,0.1645424
0,0.18157478
0,0.1765315
0,0.16239114
0,0.14572822
0,0.17849645
0,0.19595619
0,0.2301391
0,0.2430355
0,0.25653166
0,0.23224512
0,0.19567099
0,0.15431534
0,0.20030221
0,0.21394241
0,0.16006166
0,0.14168784
0,0.16434722
0,0.1413963
0,0.14092273
0,0.13398272
0,0.16179486
0,0.18521014
0,0.20831129
0,0.23939754
0,0.2532206
0,0.24297217
0,0.1895247
0,0.24827231
0,0.16920353
0,0.2356591
0,0.25532356
0,0.27283654
0,0.19604835
0,0.19761603
0,0.17210904
0,0.20159958
0,0.22148679
0,0.2613621
0,0.27077925
0,0.29854587
0,0.28158402
0,0.23597798
0,0.19101772
0,0.22019544
0,0.16182847
0,0.19446084
0,0.22681355
0,0.1768838
0,0.1921198
0,0.15010235
0,0.13891222
0,0.16096863
0,0.17382999
0,0.19283932
0,0.20387614
0,0.22093488
0,0.23548904
0,0.20747577
0,0.16560434
0,0.14851657
0,0.1802185
0,0.21017115
0,0.23806216
0,0.2559795
0,0.24187148
0,0.20502995
0,0.15853609
0,0.14176527
0,0.1700449
0,0.1922427
0,0.21248418
0,0.22966163
0,0.2157683
0,0.18236713
0,0.15208143
0,0.1852002
0,0.20625138
0,0.21853639
0,0.23580676
0,0.25388232
0,0.1949394
0,0.17500257
0,0.15068074
0,0.13581437
0,0.17646188
0,0.19434117
0,0.20920253
0,0.2218415
0,0.20001625
0,0.17136891
0,0.20001847
0,0.2108
0,0.24196845
0,0.27668458
0,0.3067667
0,0.3082925
0,0.26083493
0,0.2085419
0,0.1642127
0,0.34146166
0,0.21503706
0,0.25874373
0,0.18133639
0,0.2115858
0,0.16217734
0,0.15533166
0,0.13887846
0,0.16743013
0,0.19512622
0,0.23007467
0,0.171905
0,0.1532619
0,0.1443803
0,0.12923275
0,0.17089114
0,0.18724327
0,0.15096791
0,0.1439807
0,0.1711286
0,0.18083853
0,0.17359927
0,0.15617104
0,0.18995823
0,0.149259
0,0.18579963
0,0.23947433
0,0.28184038
0,0.27135357
0,0.23919806
0,0.17884332
0,0.22611466
0,0.25515193
0,0.30331513
0,0.34521186
0,0.2079163
0,0.23906337
0,0.33761394
0,0.56771135
0,0.54463637
0,0.86085325
0,0.82789415
0,0.96181214
0,0.79610837
0,0.89292043
0,0.74644554
0,0.5966475
0,0.45200777
0,0.48841482
0,0.47761637
0,0.34152907
0,0.40386266
0,0.2991699
0,0.2738569
0,0.21790384
0,0.27290106
0,0.28190333
0,0.30367512
0,0.33646196
0,0.32268906
0,0.28415224
0,0.31595194
0,0.22519372
0,0.30798212
0,0.36298275
0,0.35868615
0,0.37703708
0,0.40796566
0,0.37464553
0,0.2623301
0,0.21529989
0,0.2375603
0,0.15534036
0,0.19121921
0,0.2201932
0,0.23346749
0,0.21324219
0,0.18890704
0,0.25336766
0,0.2939785
0,0.22090252
0,0.25976548
0,0.29047334
0,0.20949914
0,0.16589339
0,0.16145572
0,0.14308567
0,0.18330643
0,0.19819228
0,0.20698749
0,0.15958785
0,0.18943024
0,0.17161183
0,0.15480474
0,0.17695537
0,0.1925322
0,0.2075864
0,0.15396854
0,0.18184693
0,0.21877317
0,0.185115
0,0.1577569
0,0.19600329
0,0.14882852
0,0.18579532
0,0.21011749
0,0.22935511
0,0.21995611
0,0.19041081
0,0.16034275
0,0.19734904
0,0.23471636
0,0.27169454
0,0.27846408
0,0.18377616
0,0.19866675
0,0.17558396
0,0.15278912
0,0.18726258
0,0.21125056
0,0.1731926
0,0.17201276
0,0.15258373
0,0.1402422
0,0.14135173
0,0.13308108
0,0.15936317
0,0.17988305
0,0.20107456
0,0.2232622
0,0.2334692
0,0.22078371
0,0.19758761
0,0.22512762
0,0.19185185
0,0.24984822
0,0.2815959
0,0.18395533
0,0.22775388
0,0.20264728
0,0.17499751
0,0.14764959
0,0.28940237
0,0.29607284
0,0.19788133
0,0.2427438
0,0.35386482
0,0.28641915
0,0.18726955
0,0.16944358
0,0.14596756
0,0.18297067
0,0.29124978
0,0.28464407
0,0.18821831
0,0.19628274
0,0.16820179
0,0.2006521
0,0.24302506
0,0.25299987
0,0.263706
0,0.27595133
0,0.26797676
0,0.24790877
0,0.19457862
0,0.24995665
0,0.26515692
0,0.2643694
0,0.2779896
0,0.49795225
0,0.4000663
0,0.32919222
0,0.2479288
0,0.282927
0,0.2890633
0,0.28577295
0,0.3115688
0,0.34098074
0,0.29830113
0,0.25004107
0,0.24431764
0,0.26563048
0,0.2978045
0,0.4187965
0,0.37735412
0,0.7768779
0,0.48510742
0,0.4318637
0,0.4644754
0,0.4475344
0,0.94148195
0,0.73425174
0,0.7326911
0,0.6885164
0,0.624628
0,0.53660536
0,0.43828443
0,0.48352492
0,0.4589229
0,0.43958607
0,0.4404755
0,0.43105844
0,0.31113583
0,0.29552847
0,0.34269032
0,0.25799313
0,0.30652562
0,0.36284795
0,0.37988475
0,0.3848519
0,0.38647
0,0.32531583
0,0.27471122
0,0.36275116
0,0.3599143
0,0.36562636
0,0.25183266
0,0.3018572
0,0.26016447
0,0.17364565
0,0.14013076
0,0.16835733
0,0.14563991
0,0.17272863
0,0.19506429
0,0.21074425
0,0.19190568
0,0.16429849
0,0.18887001
0,0.21608086
0,0.24603361
0,0.26330784
0,0.27716327
0,0.2646772
0,0.36148563
0,0.25970224
0,0.18388622
0,0.22685571
0,0.24869774
0,0.19117364
0,0.22236939
0,0.22286479
0,0.16385283
0,0.15486962
0,0.17950897
0,0.33744177
0,0.31161287
0,0.3051622
0,0.30744725
0,0.28830582
0,0.23900937
0,0.18886723
0,0.23175181
0,0.25596568
0,0.27246237
0,0.2880433
0,0.19834937
0,0.21843602
0,0.19204286
0,0.16182694
0,0.20579334
0,0.2269586
0,0.25418565
0,0.26563978
0,0.27810672
0,0.25631747
0,0.21138303
0,0.17175074
0,0.21762648
0,0.23570831
0,0.25229958
0,0.2692358
0,0.19935866
0,0.16402695
0,0.15619065
0,0.13940851
0,0.13238245
0,0.15649548
0,0.17916392
0,0.19068466
0,0.19867277
0,0.18724935
0,0.16458194
0,0.15083273
0,0.1718312
0,0.20861454
0,0.23254187
0,0.25690377
0,0.26053742
0,0.22839884
0,0.16852474
0,0.14796516
0,0.19168627
0,0.21008393
0,0.23433335
0,0.25082952
0,0.25153652
0,0.21993238
0,0.17728841
0,0.153108
0,0.14037366
0,0.13162687
0,0.12639377
0,0.15252358
0,0.16388291
0,0.16005337
0,0.14200471
0,0.13120988
0,0.17830963
0,0.18982546
0,0.6302061
0,0.72191143
0,0.65948087
0,0.6178848
0,0.39708602
0,0.4817249
0,0.445018
0,0.43818069
0,0.4281595
0,0.44921154
0,0.38446066
0,0.47681895
0,0.39570382
0,0.388253
0,0.28625184
0,0.3335229
0,0.6382554
0,0.53677404
0,0.6098071
0,0.5761609
0,0.39517647
0,0.33022395
0,0.35314453
0,0.4278775
0,0.41606277
0,0.40857494
0,0.71784717
0,0.47643846
0,0.38369745
0,0.40266013
0,0.6873727
0,0.6588807
0,0.44493154
0,0.44372812
0,0.33031517
0,0.29031274
0,0.3791341
0,0.37058163
0,0.3578622
0,0.25518802
0,0.29608327
0,0.22599484
0,0.24096778
0,0.20878488
0,0.17100616
0,0.22496451
0,0.24234736
0,0.26023367
0,0.18184115
0,0.24859944
0,0.23748776
0,0.19311203
0,0.24379173
0,0.2773508
0,0.23963681
0,0.26140386
0,0.28359723
0,0.28140345
0,0.24426824
0,0.19231817
0,0.15125501
0,0.18909712
0,0.20705003
0,0.22319585
0,0.16716418
0,0.15133682
0,0.15607633
0,0.14493671
0,0.1676737
0,0.18095256
0,0.20107925
0,0.21860704
0,0.2311517
0,0.2258019
0,0.20083429
0,0.16500296
0,0.19847736
0,0.22657117
0,0.23894502
0,0.26382554
0,0.28087664
0,0.2776126
0,0.18967648
0,0.2283325
0,0.258106
0,0.27473632
0,0.28545177
0,0.30376205
0,0.31154317
0,0.277318
0,0.22670896
0,0.17863452
0,0.21916103
0,0.24288183
0,0.17253894
0,0.15343803
0,0.1335708
0,0.15052693
0,0.13344502
0,0.12607433
0,0.15419534
0,0.1722325
0,0.18953387
0,0.2058051
0,0.21782343
0,0.2066978
0,0.18180469
0,0.15432106
0,0.17832749
0,0.195696
0,0.17085373
0,0.14863013
0,0.13917492
0,0.15127467
0,0.14802375
0,0.17407337
0,0.14823093
0,0.18011764
0,0.20704368
0,0.24788278
0,0.26482913
0,0.2595696
0,0.20273875
0,0.16609415
0,0.35576323
0,0.3407133
0,0.33851564
0,0.3390336
0,0.20884271
0,0.20973614
0,0.17738122
0,0.14662954
0,0.21710768
0,0.16078337
0,0.14724249
0,0.17452289
0,0.19278173
0,0.17354211
0,0.15376876
0,0.1812707
0,0.20011252
0,0.2153492
0,0.23409615
0,0.25709775
0,0.19064815
0,0.18901981
0,0.22197418
0,0.15822668
0,0.20399418
0,0.23402862
0,0.17166997
0,0.20955643
0,0.2071144
0,0.18174087
0,0.1571982
0,0.1916501
0,0.21582142
0,0.24554822
0,0.2653028
0,0.2716636
0,0.25002122
0,0.20661157
0,0.16911308
0,0.21985522
0,0.15829858
0,0.19077426
0,0.21317019
0,0.16424851
0,0.17916967
0,0.1641354
0,0.14523934
0,0.1684896
0,0.18617241
0,0.19898634
0,0.21558926
0,0.23979974
0,0.22006798
0,0.18364258
0,0.21789347
0,0.23329031
0,0.24417298
0,0.27237618
0,0.28216138
0,0.27578154
0,0.17984502
0,0.17100643
0,0.14572461
0,0.18152298
0,0.2056282
0,0.15542503
0,0.20839885
0,0.22145236
0,0.19910097
0,0.1709564
0,0.14649948
0,0.13747507
0,0.12813164
0,0.16519019
0,0.18243228
0,0.19345216
0,0.15472344
0,0.1455137
0,0.15729828
0,0.19156283
0,0.15339078
0,0.18637183
0,0.21310061
0,0.22377394
0,0.20215325
0,0.17095992
0,0.14788483
0,0.13413656
0,0.17073502
0,0.2038305
0,0.23128313
0,0.23349182
0,0.21094038
0,0.1725432
0,0.1524216
0,0.18894526
0,0.22558877
0,0.2586038
0,0.30252054
0,0.2817577
0,0.23346528
0,0.18817168
0,0.14819051
0,0.20204622
0,0.23217803
0,0.25678822
0,0.18513799
0,0.15313423
0,0.14140324
0,0.13786618
0,0.12619925
0,0.12983066
0,0.15848888
0,0.17741364
0,0.1920447
0,0.19264494
0,0.1732132
0,0.15529574
0,0.19532391
0,0.24049883
0,0.28389254
0,0.32250163
0,0.3338501
0,0.2931886
0,0.19401965
0,0.16555029
0,0.21619804
0,0.32351428
0,0.20216253
0,0.16181083
0,0.20178224
0,0.19647105
0,0.15507923
0,0.14322834
0,0.18602136
0,0.15299411
0,0.13643493
0,0.18501464
0,0.20691404
0,0.19190815
0,0.16982488
0,0.14905429
0,0.18074237
0,0.15061441
0,0.18506195
0,0.15295652
0,0.18116811
0,0.15042984
0,0.14880572
0,0.13661759
0,0.17864785
0,0.20002984
0,0.22852497
0,0.27142525
0,0.28085557
0,0.17853981
0,0.16626419
0,0.14726272
0,0.18683423
0,0.22756216
0,0.34476408
0,0.35206228
0,0.21894917
0,0.20995244
0,0.17707598
0,0.15092944
0,0.136783
0,0.16957992
0,0.19829169
0,0.22221087
0,0.21102999
0,0.19077684
0,0.1609374
0,0.13894247
0,0.17167376
0,0.1894631
0,0.22080745
0,0.23359528
0,0.60886097
0,0.36982828
0,0.27937573
0,0.3284841
0,0.34453794
0,0.35786867
0,0.3689227
0,0.37204677
0,0.3267496
0,0.26327002
0,0.20222539
0,0.25741312
0,0.29798323
0,0.32618198
0,0.34193325
0,0.34449834
0,0.31353277
0,0.2553444
0,0.19148937
0,0.24493806
0,0.27474818
0,0.3008967
0,0.21426813
0,0.25865528
0,0.18802218
0,0.17299546
0,0.15133859
0,0.1964297
0,0.30838832
0,0.30151147
0,0.3116272
0,0.31015503
0,0.2641034
0,0.20722623
0,0.19114879
0,0.14800878
0,0.18456677
0,0.21782552
0,0.23675612
0,0.24102066
0,0.21132775
0,0.18783416
0,0.15071051
0,0.13934407
0,0.18601014
0,0.20370829
0,0.23498847
0,0.2419495
0,0.16721961
0,0.15639438
0,0.20053208
0,0.24307998
0,0.17290333
0,0.23164077
0,0.17033373
0,0.19524932
0,0.17698021
0,0.1523549
0,0.18616046
0,0.21658984
0,0.26473555
0,0.2867333
0,0.28477582
0,0.26795936
0,0.22511095
0,0.17669661
0,0.22269684
0,0.16837436
0,0.20828588
0,0.16410542
0,0.19612588
0,0.20519683
0,0.1545676
0,0.14720263
0,0.13140786
0,0.16101213
0,0.17843863
0,0.20357645
0,0.21383716
0,0.20697826
0,0.18161808
0,0.15963002
0,0.19226977
0,0.22037372
0,0.15252657
0,0.14412045
0,0.13520898
0,0.14998582
0,0.14551103
0,0.13550282
0,0.1676281
0,0.19096908
0,0.15316202
0,0.19159104
0,0.21169697
0,0.20523642
0,0.177284
0,0.15877388
0,0.19495372
0,0.1523509
0,0.18745673
0,0.22053409
0,0.23532933
0,0.17035404
0,0.16192578
0,0.1935855
0,0.22958352
0,0.2610485
0,0.27812007
0,0.29907912
0,0.29159653
0,0.25419316
0,0.17703588
0,0.22572051
0,0.24478504
0,0.2555274
0,0.17277849
0,0.21214227
0,0.2201743
0,0.19385327
0,0.15127252
0,0.19596212
0,0.22569922
0,0.3002091
0,0.31893045
0,0.33330855
0,0.3042112
0,0.25401488
0,0.20077538
0,0.24300806
0,0.2658845
0,0.29191616
0,0.30440998
0,0.3018175
0,0.27565792
0,0.24867137
0,0.19144166
0,0.16060503
0,0.2013559
0,0.22184122
0,0.24232231
0,0.25165927
0,0.23478493
0,0.20384668
0,0.16591555
0,0.20152566
0,0.15055226
0,0.18507512
0,0.19210342
0,0.20901649
0,0.15401529
0,0.15394513
0,0.14020237
0,0.17089005
0,0.14960524
0,0.18217084
0,0.21489005
0,0.1599411
0,0.17323075
0,0.17055513
0,0.14816017
0,0.18447429
0,0.21384883
0,0.24305025
0,0.2708678
0,0.2724928
0,0.23062392
0,0.18889427
0,0.15427937
0,0.19369233
0,0.22289069
0,0.16630854
0,0.14550202
0,0.17296867
0,0.16661261
0,0.15514597
0,0.1769481
0,0.202524
0,0.22718415
0,0.25152197
0,0.17051807
0,0.19683333
0,0.18254267
0,0.15897565
0,0.14055471
0,0.16696152
0,0.19175424
0,0.15153854
0,0.1371139
0,0.1589295
0,0.15566677
0,0.1445786
0,0.13271497
0,0.16644141
0,0.19683209
0,0.22763143
0,0.26353738
0,0.24823901
0,0.21426623
0,0.1740831
0,0.21887009
0,0.25064975
0,0.16936861
0,0.21370628
0,0.24407755
0,0.16981426
0,0.17136216
0,0.1493462
0,0.18271635
0,0.2107939
0,0.15730546
0,0.19442321
0,0.20424445
0,0.20066692
0,0.15404873
0,0.14431813
0,0.1825462
0,0.20151609
0,0.21970718
0,0.23826769
0,0.24733743
0,0.22726174
0,0.16955158
0,0.15347743
0,0.17958477
0,0.20988373
0,0.24842924
0,0.27304476
0,0.28149176
0,0.24437767
0,0.20047826
0,0.16210938
0,0.19470008
0,0.22593957
0,0.24944155
0,0.26305652
0,0.2646706
0,0.22331765
0,0.18640704
0,0.15309706
0,0.1858842
0,0.15243554
0,0.18182772
0,0.20227028
0,0.20555827
0,0.18592055
0,0.14949585
0,0.13688675
0,0.16922319
0,0.18455443
0,0.20487146
0,0.22301626
0,0.22299603
0,0.19589707
0,0.1640948
0,0.19236146
0,0.14848551
0,0.17410685
0,0.19162636
0,0.20416124
0,0.20663999
0,0.1930024
0,0.15913382
0,0.19929773
0,0.22137976
0,0.24484435
0,0.2643299
0,0.2626404
0,0.24377832
0,0.20178235
0,0.16548528
0,0.19721735
0,0.22094166
0,0.23742719
0,0.25465223
0,0.1988393
0,0.19930533
0,0.15093537
0,0.13663664
0,0.16338097
0,0.17868339
0,0.19486849
0,0.2110839
0,0.21782163
0,0.15703471
0,0.15787832
0,0.14081413
0,0.16018324
0,0.17511109
0,0.18708028
0,0.1520672
0,0.17379017
0,0.14754571
0,0.14691417
0,0.13465811
0,0.16428062
0,0.18784241
0,0.20260458
0,0.24202503
0,0.26388866
0,0.23300497
0,0.18803185
0,0.1537981
0,0.18967715
0,0.22519189
0,0.2408392
0,0.25757426
0,0.25244597
0,0.16456836
0,0.15491384
0,0.13904732
0,0.16603476
0,0.19274998
0,0.21284062
0,0.22815146
0,0.2275284
0,0.16833006
0,0.15644723
0,0.18349057
0,0.2025803
0,0.21197177
0,0.22773539
0,0.22877198
0,0.22592472
0,0.19391568
0,0.1617896
0,0.1431224
0,0.16803227
0,0.19459684
0,0.21805456
0,0.24342236
0,0.22903687
0,0.18759945
0,0.15764074
0,0.19220588
0,0.2132053
0,0.23652509
0,0.16680735
0,0.1392883
0,0.15642208
0,0.13976663
0,0.13232216
0,0.15832043
0,0.17584534
0,0.20791692
0,0.22617106
0,0.2330913
0,0.2106143
0,0.17106868
0,0.152293
0,0.1414191
0,0.1658334
0,0.18087979
0,0.20599157
0,0.21173577
0,0.19820616
0,0.16952828
0,0.14762196
0,0.16987686
0,0.25504115
0,0.25726008
0,0.18147641
0,0.20328958
0,0.19308268
0,0.16724868
0,0.14616868
0,0.18234737
0,0.21483575
0,0.22942846
0,0.28188956
0,0.27669007
0,0.1826327
0,0.16626811
0,0.14346594
0,0.19652621
0,0.21689071
0,0.23628925
0,0.253655
0,0.25250188
0,0.27610397
0,0.20326631
0,0.24082628
0,0.17325996
0,0.21057603
0,0.22858107
0,0.2418704
0,0.16736868
0,0.16770722
0,0.15011062
0,0.1779656
0,0.1961837
0,0.20552127
0,0.21338324
0,0.16405943
0,0.18150721
0,0.16723755
0,0.149895
0,0.16475196
0,0.1788206
0,0.20950639
0,0.2419174
0,0.16835697
0,0.18476248
0,0.17222933
0,0.15060684
0,0.13712853
0,0.12679622
0,0.15639114
0,0.13608347
0,0.16080298
0,0.16916749
0,0.15957396
0,0.14693974
0,0.17446548
0,0.19528437
0,0.21953833
0,0.24299428
0,0.25216874
0,0.23594058
0,0.19593897
0,0.15903395
0,0.19075891
0,0.2144653
0,0.22678086
0,0.24488896
0,0.2444968
0,0.16633542
0,0.14986476
0,0.17529313
0,0.19229187
0,0.21043478
0,0.21778037
0,0.23024343
0,0.23787534
0,0.21888539
0,0.17976126
0,0.14802693
0,0.17709188
0,0.18675691
0,0.20994087
0,0.23110703
0,0.24149692
0,0.21112354
0,0.1756563
0,0.14690164
0,0.17818439
0,0.2005274
0,0.22485872
0,0.24080215
0,0.24116619
0,0.20795697
0,0.17320572
0,0.14559248
0,0.17556833
0,0.14912696
0,0.5392002
0,0.30718535
0,0.32157737
0,0.2776688
0,0.2204491
0,0.25936645
0,0.2810962
0,0.2894613
0,0.29700822
0,0.2103083
0,0.2354617
0,0.17348455
0,0.1506948
0,0.14305009
0,0.13878576
0,0.13599166
0,0.12807772
0,0.12716691
0,0.13798048
0,0.13539279
0,0.16261184
0,0.17762128
0,0.19263774
0,0.20981008
0,0.23309213
0,0.23727964
0,0.20348865
0,0.1666866
0,0.19282593
0,0.21497662
0,0.24414648
0,0.26599854
0,0.28044778
0,0.2719996
0,0.22463593
0,0.17821215
0,0.22574955
0,0.2600003
0,0.28527132
0,0.28961757
0,0.2969342
0,0.27341798
0,0.17701936
0,0.15871026
0,0.19404337
0,0.2109946
0,0.22569218
0,0.24200065
0,0.25231874
0,0.23069796
0,0.19351237
0,0.15922858
0,0.20081815
0,0.21575727
0,0.23377249
0,0.24614021
0,0.27178517
0,0.23872359
0,0.19622336
0,0.16048005
0,0.192861
0,0.20615909
0,0.15848981
0,0.19956782
0,0.22038266
0,0.20748635
0,0.17472297
0,0.14795063
0,0.19498762
0,0.21793579
0,0.24346639
0,0.26536107
0,0.2683484
0,0.18075608
0,0.16697
0,0.14559743
0,0.13682225
0,0.16386946
0,0.18329087
0,0.21170358
0,0.23134524
0,0.19765276
0,0.17210226
0,0.15161023
0,0.18082252
0,0.20932285
0,0.22714238
0,0.2463803
0,0.17805205
0,0.14844386
0,0.13682042
0,0.12763281
0,0.15461825
0,0.17277615
0,0.19974141
0,0.28819713
0,0.26978162
0,0.22877872
0,0.18226813
0,0.23208362
0,0.16997027
0,0.21810178
0,0.57890177
0,0.33179614
0,0.3394311
0,0.28165397
0,0.20214355
0,0.16295654
0,0.20966305
0,0.24527821
0,0.34065762
0,0.3314938
0,0.3017294
0,0.20642358
0,0.17644605
0,0.24005668
0,0.27315187
0,0.30123353
0,0.20339702
0,0.2619579
0,0.24279127
0,0.1938529
0,0.16801025
0,0.20571758
0,0.23322394
0,0.2544782
0,0.2945763
0,0.31138402
0,0.27650514
0,0.19214901
0,0.16369283
0,0.20890693
0,0.24037369
0,0.16369693
0,0.2116931
0,0.16215771
0,0.14765643
0,0.14509904
0,0.1363818
0,0.16399509
0,0.14140394
0,0.1664907
0,0.18871702
0,0.20023479
0,0.193994
0,0.15648961
0,0.14003405
0,0.1349028
0,0.13043499
0,0.12284873
0,0.15445347
0,0.166231
0,0.14817125
0,0.14668614
0,0.17634428
0,0.20607291
0,0.23530686
0,0.2680636
0,0.30152112
0,0.30178255
0,0.2733092
0,0.2154252
0,0.25070864
0,0.26668438
0,0.2936878
0,0.3501682
0,0.34325632
0,0.31113622
0,0.25840232
0,0.20830351
0,0.15797803
0,0.20988746
0,0.24479207
0,0.2719832
0,0.29893357
0,0.27556106
0,0.21779649
0,0.1754764
0,0.2201757
0,0.23543285
0,0.26752654
0,0.27248827
0,0.27706286
0,0.25502264
0,0.22329897
0,0.2565248
0,0.26667023
0,0.27465346
0,0.306817
0,0.39842826
0,0.3730781
0,0.2537845
0,0.23483495
0,0.18530858
0,0.2163469
0,0.23143174
0,0.23706922
0,0.16967264
0,0.21147822
0,0.20426148
0,0.15787832
0,0.14282428
0,0.18154144
0,0.20912676
0,0.15890825
0,0.1400044
0,0.16875853
0,0.16619499
0,0.14455026
0,0.13476256
0,0.16426964
0,0.1842864
0,0.20788652
0,0.2430414
0,0.24961862
0,0.22253807
0,0.18223986
0,0.15119708
0,0.13940793
0,0.17339998
0,0.193818
0,0.21389404
0,0.22412023
0,0.19901402
0,0.17049295
0,0.21176659
0,0.23616941
0,0.24713257
0,0.2886593
0,0.30586976
0,0.28661445
0,0.23415378
0,0.18885313
0,0.24068423
0,0.26778632
0,0.17068005
0,0.21774232
0,0.2427286
0,0.23209922
0,0.1989818
0,0.16606657
0,0.20607433
0,0.15091494
0,0.14043996
0,0.17267653
0,0.1459505
0,0.16145724
0,0.15752031
0,0.14242575
0,0.16874243
0,0.18743566
0,0.20940532
0,0.23376094
0,0.27279735
0,0.2555537
0,0.2112337
0,0.17268902
0,0.20725408
0,0.22923473
0,0.24835078
0,0.26126537
0,0.28118038
0,0.2653651
0,0.21268424
0,0.17942202
0,0.15586661
0,0.19829626
0,0.14940147
0,0.13602981
0,0.16588412
0,0.16484897
0,0.15206593
0,0.1377395
0,0.16864765
0,0.14489403
0,0.1348634
0,0.16483097
0,0.18188004
0,0.17800862
0,0.1627871
0,0.14978082
0,0.1815856
0,0.21446717
0,0.246871
0,0.2827492
0,0.28339
0,0.25795406
0,0.18912399
0,0.23879853
0,0.4254872
0,0.40077835
0,0.38649783
0,0.37406704
0,0.3442907
0,0.2871144
0,0.21650615
0,0.2687224
0,0.2675587
0,0.27941865
0,0.28306764
0,0.28561366
0,0.27001327
0,0.22869194
0,0.18667665
0,0.22001289
0,0.23023644
0,0.23617706
0,0.24454346
0,0.26059356
0,0.2456387
0,0.21431139
0,0.17281109
0,0.20817822
0,0.23380718
0,0.2540925
0,0.2718553
0,0.28242692
0,0.25869808
0,0.2127185
0,0.16991712
0,0.19889633
0,0.21749629
0,0.24040538
0,0.2608185
0,0.26272523
0,0.2384477
0,0.19923215
0,0.16353472
0,0.19432594
0,0.2116405
0,0.14975859
0,0.14400339
0,0.16914503
0,0.1708977
0,0.21531141
0,0.1615171
0,0.18932019
0,0.20970564
0,0.22850801
0,0.24210422
0,0.2604731
0,0.17195883
0,0.14599833
0,0.14049943
0,0.16907902
0,0.1936903
0,0.21872418
0,0.2544872
0,0.26421124
0,0.22969176
0,0.18827175
0,0.15536574
0,0.19333594
0,0.21778248
0,0.24829294
0,0.26430243
0,0.27195457
0,0.23854971
0,0.19278063
0,0.25987634
0,0.26390624
0,0.18076606
0,0.22409225
0,0.2416989
0,0.24523425
0,0.21380928
0,0.17756414
0,0.14673242
0,0.1398408
0,0.16681968
0,0.19786254
0,0.2396994
0,0.22910438
0,0.16937625
0,0.15545198
0,0.19267483
0,0.22106554
0,0.35718948
0,0.3613277
0,0.41859558
0,0.37331295
0,0.29701018
0,0.22527434
0,0.16910732
0,0.21692128
0,0.2432208
0,0.17007916
0,0.20901392
0,0.20648113
0,0.18483606
0,0.15729323
0,0.14726888
0,0.18759158
0,0.209584
0,0.23599535
0,0.2511129
0,0.23636763
0,0.1734738
0,0.15229289
0,0.18449156
0,0.20503446
0,0.23813044
0,0.26746002
0,0.30697036
0,0.2701302
0,0.22123285
0,0.2468378
0,0.25592017
0,0.26661882
0,0.29531026
0,0.20544678
0,0.25605372
0,0.27944252
0,0.21558586
0,0.1705635
0,0.21769468
0,0.24185944
0,0.16718815
0,0.22395349
0,0.2421882
0,0.21558739
0,0.18470453
0,0.14659555
0,0.1911753
0,0.21745361
0,0.24115224
0,0.26714325
0,0.1814519
0,0.18553932
0,0.16679282
0,0.14357589
0,0.17170326
0,0.2919239
0,0.19606875
0,0.23578961
0,0.25529444
0,0.22293767
0,0.18589927
0,0.22199298
0,0.25322697
0,0.2682599
0,0.43635595
0,0.3949971
0,0.36451474
0,0.298607
0,0.23149043
0,0.25632185
0,0.2757025
0,0.3882473
0,0.41403693
0,0.2835364
0,0.22617497
0,0.17514788
0,0.21518937
0,0.23791403
0,0.25654742
0,0.2721654
0,0.18508993
0,0.18612611
0,0.1569499
0,0.1389506
0,0.16413775
0,0.18484941
0,0.2016381
0,0.212865
0,0.20731343
0,0.18196051
0,0.14830384
0,0.1959081
0,0.22462142
0,0.2508575
0,0.27838188
0,0.30222443
0,0.20808211
0,0.1883312
0,0.1586567
0,0.19877502
0,0.22206
0,0.24730992
0,0.2737091
0,0.30431557
0,0.25806373
0,0.20955227
0,0.17184596
0,0.2175342
0,0.24436031
0,0.26515973
0,0.2800539
0,0.27639425
0,0.23699807
0,0.17096405
0,0.21131314
0,0.23314944
0,0.24553296
0,0.26006904
0,0.27569678
0,0.26698282
0,0.22773184
0,0.19456449
0,0.22220069
0,0.23998445
0,0.3302213
0,0.3390454
0,0.34121808
0,0.32191944
0,0.26468036
0,0.19052303
0,0.24156153
0,0.268645
0,0.2853591
0,0.29974288
0,0.29625225
0,0.20486106
0,0.19481689
0,0.20460539
0,0.23198162
0,0.250201
0,0.27709615
0,0.4509267
0,0.5343958
0,0.32650504
0,0.28990564
0,0.2106567
0,0.17125432
0,0.14901662
0,0.18638955
0,0.2777571
0,0.27753207
0,0.4059904
0,0.29698104
0,0.21931446
0,0.23291847
0,0.26414812
0,0.28895462
0,0.2959095
0,0.29180816
0,0.28415924
0,0.22836901
0,0.17581953
0,0.22741364
0,0.256844
0,0.29154298
0,0.3019456
0,0.30662683
0,0.27235347
0,0.22614112
0,0.17858821
0,0.14749023
0,0.1645647
0,0.21358995
0,0.23435603
0,0.27528822
0,0.23666386
0,0.17287673
0,0.14838013
0,0.18906309
0,0.20791325
0,0.22855042
0,0.25374493
0,0.2574556
0,0.22587034
0,0.24480368
0,0.17234823
0,0.21011497
0,0.23317528
0,0.20942326
0,0.35146016
0,0.31637028
0,0.26524332
0,0.20970784
0,0.15834498
0,0.19008878
0,0.21228193
0,0.23201075
0,0.2462811
0,0.24421011
0,0.21298073
0,0.1723698
0,0.21178631
0,0.2388207
0,0.26064333
0,0.28765705
0,0.24735172
0,0.17106974
0,0.17033729
0,0.2067515
0,0.22912149
0,0.16012973
0,0.13965297
0,0.18089396
0,0.36086303
0,0.3096295
0,0.2484273
0,0.19277902
0,0.2331559
0,0.25328282
0,0.26816702
0,0.18684956
0,0.22483101
0,0.19876143
0,0.17640872
0,0.21375854
0,0.22866929
0,0.242084
0,0.25946733
0,0.26912454
0,0.27147424
0,0.24631053
0,0.20412298
0,0.16535392
0,0.1969402
0,0.23293313
0,0.23839536
0,0.24394749
0,0.24517171
0,0.18096744
0,0.1743819
0,0.14825638
0,0.13708161
0,0.15810353
0,0.16966864
0,0.30522212
0,0.30137706
0,0.25621146
0,0.20523499
0,0.16236039
0,0.19773321
0,0.21937914
0,0.2414398
0,0.26066905
0,0.2691076
0,0.22789334
0,0.18675631
0,0.15375859
0,0.1920878
0,0.21103394
0,0.23238371
0,0.24616686
0,0.2560207
0,0.33503705
0,0.23840089
0,0.17607969
0,0.22515486
0,0.24441804
0,0.2629582
0,0.26855516
0,0.26735213
0,0.22848246
0,0.1741657
0,0.1540206
0,0.14174464
0,0.163717
0,0.19447808
0,0.21601242
0,0.21662232
0,0.18806005
0,0.16244724
0,0.19875687
0,0.22373551
0,0.26774955
0,0.28832793
0,0.2951663
0,0.27258924
0,0.22612782
0,0.18286203
0,0.22137152
0,0.26787156
0,0.19868536
0,0.23466294
0,0.24970196
0,0.23398802
0,0.19592872
0,0.16217384
0,0.19473408
0,0.2152645
0,0.23473206
0,0.2715966
0,0.28913152
0,0.25579235
0,0.21020369
0,0.16718505
0,0.21185605
0,0.6271603
0,0.38681805
0,0.6433724
0,0.6631267
0,0.624193
0,0.46263555
0,0.33931878
0,0.26341525
0,0.31903458
0,0.32837164
0,0.3412067
0,0.3333593
0,0.2895922
0,0.23789938
0,0.27554235
0,0.28928325
0,0.30189198
0,0.3124149
0,0.32310456
0,0.23085685
0,0.3064886
0,0.2313114
0,0.17792736
0,0.22509916
0,0.25574863
0,0.30067644
0,0.31586957
0,0.309572
0,0.21127746
0,0.18616773
0,0.14794399
0,0.13604246
0,0.16606127
0,0.17956679
0,0.30827573
0,0.28217354
0,0.19311973
0,0.1682036
0,0.22205016
0,0.24452522
0,0.27020305
0,0.31426847
0,0.5128491
0,0.41580737
0,0.3236148
0,0.24617055
0,0.3025083
0,0.32420334
0,0.33250314
0,0.33141407
0,0.33186647
0,0.30088067
0,0.24743691
0,0.18250732
0,0.2302005
0,0.25193855
0,0.27333322
0,0.30167916
0,0.30954906
0,0.28159183
0,0.23479512
0,0.17093652
0,0.22562478
0,0.25406674
0,0.28320402
0,0.30806905
0,0.39836875
0,0.3276244
0,0.2637325
0,0.20258728
0,0.17020623
0,0.21036384
0,0.15446836
0,0.26261443
0,0.26337498
0,0.23537046
0,0.19453655
0,0.18732446
0,0.24933577
0,0.47652623
0,0.4397343
0,0.42740083
0,0.40765852
0,0.33806038
0,0.26772088
0,0.20143524
0,0.24963965
0,0.1758381
0,0.22460337
0,0.26334327
0,0.26657838
0,0.18286327
0,0.17029835
0,0.22139144
0,0.24109077
0,0.17703667
0,0.23716478
0,0.27084896
0,0.26699713
0,0.22426997
0,0.18312058
0,0.14989163
0,0.19773234
0,0.22888847
0,0.16297321
0,0.21266076
0,0.21793284
0,0.19440918
0,0.16200063
0,0.13926455
0,0.17504567
0,0.20146592
0,0.51352453
0,0.45663488
0,0.398526
0,0.31843784
0,0.2417153
0,0.2851442
0,0.30199033
0,0.31164408
0,0.331481
0,0.21784456
0,0.23121773
0,0.20192893
0,0.16835377
0,0.20188567
0,0.22113584
0,0.2425119
0,0.25763535
0,0.28189483
0,0.25593972
0,0.20883806
0,0.16988492
0,0.22220348
0,0.24929786
0,0.2828252
0,0.3218691
0,0.33211324
0,0.23063779
0,0.21744475
0,0.17205395
0,0.2123466
0,0.23088436
0,0.25956786
0,0.2828069
0,0.29502693
0,0.25490192
0,0.20724231
0,0.25419843
0,0.26631966
0,0.6008087
0,0.5025312
0,0.4675205
0,0.42552796
0,0.35960072
0,0.23838933
0,0.19165318
0,0.2418319
0,0.17615336
0,0.15578638
0,0.20087348
0,0.21211705
0,0.19855832
0,0.14962776
0,0.1366744
0,0.12985927
0,0.16615549
0,0.19088803
0,0.21775237
0,0.38391644
0,0.29856735
0,0.22891472
0,0.17952275
0,0.23619245
0,0.27383748
0,0.30706546
0,0.32462448
0,0.47222745
0,0.36054158
0,0.2671201
0,0.1898837
0,0.25605878
0,0.28809845
0,0.31085718
0,0.31886977
0,0.29288766
0,0.24421808
0,0.19600314
0,0.23819187
0,0.21336284
0,0.24969514
0,0.27852336
0,0.29157946
0,0.2654789
0,0.21506844
0,0.17670426
0,0.2139566
0,0.2342778
0,0.15948881
0,0.20170088
0,0.2264124
0,0.21788657
0,0.19133723
0,0.15955941
0,0.19126152
0,0.209468
0,0.15399864
0,0.21381569
0,0.24091256
0,0.22197846
0,0.19548517
0,0.21797563
0,0.25037026
0,0.2786663
0,0.2979702
0,0.3125636
0,0.3152666
0,0.27849424
0,0.2259758
0,0.18781473
0,0.22815767
0,0.16855761
0,0.149232
0,0.13806632
0,0.1657271
0,0.1632248
0,0.15164456
0,0.13736773
0,0.16438365
0,0.18350601
0,0.15000808
0,0.17940156
0,0.19396165
0,0.18264005
0,0.16899592
0,0.14650384
0,0.17422357
0,0.1955379
0,0.22391362
0,0.24570227
0,0.16879816
0,0.241796
0,0.24628873
0,0.28271177
0,0.31936792
0,0.21606347
0,0.445065
0,0.4102939
0,0.3729471
0,0.3019864
0,0.23564243
0,0.278464
0,0.19263579
0,0.23708014
0,0.26205745
0,0.27575773
0,0.26047
0,0.18328145
0,0.16373824
0,0.20202327
0,0.22161962
0,0.24486753
0,0.2632517
0,0.18484405
0,0.20248124
0,0.17919515
0,0.15289827
0,0.18660814
0,0.20995001
0,0.22804818
0,0.24043961
0,0.25136164
0,0.2357413
0,0.2983661
0,0.20373714
0,0.23346
0,0.24763511
0,0.26901165
0,0.2767312
0,0.19666494
0,0.20208542
0,0.1781314
0,0.14403814
0,0.1922341
0,0.21579465
0,0.2476345
0,0.21047273
0,0.23905914
0,0.17088504
0,0.16101012
0,0.14281169
0,0.13401052
0,0.16308789
0,0.18255284
0,0.20561208
0,0.22420576
0,0.20112579
0,0.17130947
0,0.1476563
0,0.17273295
0,0.19984211
0,0.15994607
0,0.19152917
0,0.29699668
0,0.2443109
0,0.1921451
0,0.22696878
0,0.24890575
0,0.20497161
0,0.23158278
0,0.25390384
0,0.25084734
0,0.21591398
0,0.17721961
0,0.21010205
0,0.2476924
0,0.25428504
0,0.2690552
0,0.28130057
0,0.2660488
0,0.22442096
0,0.1786602
0,0.22711004
0,0.24941468
0,0.20644929
0,0.1577995
0,0.19745828
0,0.19944423
0,0.28407162
0,0.18305351
0,0.23496653
0,0.256663
0,0.2715191
0,0.4569638
0,0.42714542
0,0.3617809
0,0.2912562
0,0.22038399
0,0.26563808
0,0.27688164
0,0.28600645
0,0.29496187
0,0.19930166
0,0.21148002
0,0.18567887
0,0.15670575
0,0.18744107
0,0.20496231
0,0.22163492
0,0.15499881
0,0.14545898
0,0.16037998
0,0.15476942
0,0.1406559
0,0.13353755
0,0.12896056
0,0.15362728
0,0.16894422
0,0.18006498
0,0.14897339
0,0.1950635
0,0.22656594
0,0.2593519
0,0.29689252
0,0.3218066
0,0.33612776
0,0.21429276
0,0.21595864
0,0.18221925
0,0.15028499
0,0.19118755
0,0.21458122
0,0.23165919
0,0.25230876
0,0.24467409
0,0.21488418
0,0.16535534
0,0.14409617
0,0.17958003
0,0.19321999
0,0.20558673
0,0.22763586
0,0.23120925
0,0.20062144
0,0.15949653
0,0.18903008
0,0.20671116
0,0.2178957
0,0.23093712
0,0.2361571
0,0.23554192
0,0.3092727
0,0.21630132
0,0.18488891
0,0.23140746
0,0.25912035
0,0.27372348
0,0.28336352
0,0.26275662
0,0.22105643
0,0.17958246
0,0.21954143
0,0.24118234
0,0.25952908
0,0.2739132
0,0.280577
0,0.27239972
0,0.2205757
0,0.17560853
0,0.21020406
0,0.15779279
0,0.20536864
0,0.22571811
0,0.23494391
0,0.17008513
0,0.16411106
0,0.14613158
0,0.17217568
0,0.14283921
0,0.16451778
0,0.14078835
0,0.16441208
0,0.21866708
0,0.17788127
0,0.1543497
0,0.19107638
0,0.22587492
0,0.1735928
0,0.23219554
0,0.2543098
0,0.22731926
0,0.18863979
0,0.15491067
0,0.20344523
0,0.23173122
0,0.25868034
0,0.4930962
0,0.4222763
0,0.34696087
0,0.2703855
0,0.19667405
0,0.24880971
0,0.27213818
0,0.29604095
0,0.19752827
0,0.23006378
0,0.20737047
0,0.1783075
0,0.14602813
0,0.18077685
0,0.14445044
0,0.1695732
0,0.19239506
0,0.28381193
0,0.18870136
0,0.17005546
0,0.20053926
0,0.23479538
0,0.24632615
0,0.1756347
0,0.22488578
0,0.17009301
0,0.16833627
0,0.15431376
0,0.1834187
0,0.20886858
0,0.28612328
0,0.30434874
0,0.31842366
0,0.29438797
0,0.24316324
0,0.30067062
0,0.31207356
0,0.32617196
0,0.3273826
0,0.34093237
0,0.3412087
0,0.30740318
0,0.21041878
0,0.18089798
0,0.15164386
0,0.13706346
0,0.1310078
0,0.15818599
0,0.1723195
0,0.17131197
0,0.16424817
0,0.14693038
0,0.17275922
0,0.18707375
0,0.20849988
0,0.22483607
0,0.25285447
0,0.23157535
0,0.20327963
0,0.1611171
0,0.14597288
0,0.18309633
0,0.2110022
0,0.23138063
0,0.24969321
0,0.22509395
0,0.1870461
0,0.15320262
0,0.1407243
0,0.13339138
0,0.16274442
0,0.18937297
0,0.21290521
0,0.19232039
0,0.1642205
0,0.14379913
0,0.13400888
0,0.16420567
0,0.18270141
0,0.20288534
0,0.21249658
0,0.19444343
0,0.16543913
0,0.14498602
0,0.17392263
0,0.19443533
0,0.21546605
0,0.22824566
0,0.23285365
0,0.20874916
0,0.16988406
0,0.14437987
0,0.17055757
0,0.14672495
0,0.17263924
0,0.30088356
0,0.27016968
0,0.22148706
0,0.17690003
0,0.20179808
0,0.23636346
0,0.2617575
0,0.2834292
0,0.291892
0,0.2698694
0,0.22175203
0,0.16675131
0,0.20594408
0,0.15571257
0,0.14014983
0,0.13174859
0,0.15836205
0,0.16369256
0,0.13854423
0,0.13395981
0,0.16174805
0,0.18123795
0,0.19537877
0,0.21602052
0,0.23103206
0,0.21652332
0,0.18664244
0,0.19286668
0,0.20578323
0,0.2216848
0,0.2363883
0,0.24465807
0,0.17345999
0,0.18086955
0,0.16174076
0,0.14641036
0,0.1806874
0,0.2092191
0,0.24655461
0,0.2684048
0,0.2867316
0,0.33052513
0,0.24566609
0,0.17923535
0,0.22261132
0,0.23950309
0,0.26521868
0,0.27727392
0,0.28218812
0,0.18717341
0,0.17373636
0,0.14510502
0,0.18213531
0,0.1996271
0,0.21412967
0,0.23075052
0,0.22850937
0,0.20012408
0,0.16298217
0,0.19110766
0,0.20806406
0,0.22431315
0,0.22921029
0,0.16265365
0,0.1833147
0,0.14910121
0,0.13741302
0,0.15895231
0,0.1702173
0,0.17955633
0,0.19211553
0,0.20548575
0,0.20291181
0,0.1757628
0,0.15322751
0,0.18726076
0,0.19432987
0,0.20779073
0,0.23221779
0,0.16256237
0,0.14328356
0,0.17422594
0,0.14880848
0,0.13900472
0,0.16302796
0,0.17848861
0,0.19380991
0,0.38811675
0,0.30849746
0,0.21366344
0,0.1709806
0,0.20332833
0,0.22630486
0,0.23608984
0,0.2552167
0,0.24888709
0,0.22397082
0,0.17547442
0,0.20507282
0,0.21669829
0,0.15583128
0,0.18505405
0,0.19947448
0,0.20230824
0,0.18730725
0,0.16339923
0,0.14298604
0,0.1637346
0,0.13955542
0,0.1840035
0,0.14819963
0,0.16516787
0,0.16341037
0,0.21216053
0,0.16097224
0,0.1895441
0,0.21658973
0,0.16595744
0,0.19706959
0,0.20957907
0,0.1876087
0,0.16078086
0,0.18697278
0,0.20651771
0,0.22386117
0,0.23832081
0,0.24638079
0,0.33952993
0,0.26475862
0,0.20289892
0,0.22705407
0,0.24434981
0,0.25231045
0,0.2494728
0,0.17957024
0,0.1987362
0,0.17847359
0,0.15474002
0,0.17495394
0,0.19097976
0,0.1500893
0,0.14886901
0,0.16481486
0,0.14210086
0,0.1449326
0,0.13612278
0,0.15536848
0,0.13605884
0,0.15665075
0,0.17070481
0,0.18885624
0,0.15273942
0,0.1538177
0,0.13619308
0,0.16479065
0,0.18219341
0,0.20139304
0,0.22607093
0,0.24647085
0,0.23928685
0,0.19876605
0,0.16178638
0,0.19293346
0,0.20387664
0,0.22341172
0,0.23541494
0,0.24462365
0,0.22131607
0,0.16664179
0,0.14692958
0,0.16963774
0,0.18420506
0,0.19870771
0,0.20480628
0,0.20909618
0,0.19785964
0,0.16963552
0,0.14484411
0,0.16220286
0,0.17495297
0,0.2006727
0,0.20298012
0,0.15527447
0,0.1423848
0,0.13982075
0,0.12954998
0,0.15874206
0,0.1748015
0,0.14489673
0,0.13433783
0,0.16015996
0,0.15863761
0,0.14839408
0,0.1722583
0,0.19086546
0,0.20959225
0,0.23115131
0,0.16850938
0,0.15436804
0,0.14827372
0,0.14117761
0,0.13658062
0,0.1320778
0,0.15685812
0,0.17320281
0,0.18571453
0,0.19049078
0,0.2661328
0,0.196422
0,0.22686437
0,0.2400388
0,0.2496814
0,0.52536774
0,0.32394552
0,0.3159469
0,0.25553828
0,0.19326459
0,0.2190988
0,0.24205163
0,0.16773006
0,0.2308118
0,0.23766398
0,0.21987054
0,0.18678874
0,0.16221984
0,0.22802149
0,0.24484283
0,0.2580401
0,0.25705805
0,0.42902544
0,0.36473092
0,0.27564803
0,0.20083125
0,0.23878993
0,0.25557086
0,0.25715512
0,0.19699655
0,0.23738834
0,0.21536104
0,0.25458163
0,0.17773412
0,0.20107286
0,0.21241811
0,0.1620318
0,0.14367326
0,0.16227844
0,0.14011434
0,0.13905382
0,0.12844922
0,0.14922395
0,0.1624707
0,0.17129198
0,0.17928888
0,0.14807908
0,0.16474028
0,0.18038835
0,0.18435888
0,0.1927048
0,0.19913904
0,0.23303773
0,0.25001273
0,0.25469387
0,0.21722741
0,0.17689428
0,0.14687808
0,0.17465071
0,0.19107844
0,0.21859789
0,0.2305794
0,0.2403272
0,0.34165022
0,0.2334237
0,0.2597251
0,0.26199076
0,0.26169798
0,0.27080697
0,0.18427457
0,0.2066262
0,0.18123837
0,0.15390496
0,0.1381547
0,0.15857339
0,0.17005964
0,0.17721403
0,0.1848198
0,0.18380769
0,0.1656292
0,0.14874297
0,0.1346858
0,0.15398687
0,0.17084053
0,0.18663149
0,0.19964205
0,0.19178186
0,0.16729444
0,0.15037282
0,0.1728074
0,0.1886912
0,0.20616004
0,0.16541427
0,0.20186922
0,0.19038828
0,0.16581857
0,0.14866358
0,0.13795981
0,0.15980992
0,0.17218043
0,0.18333347
0,0.19111632
0,0.18311495
0,0.1486337
0,0.20992173
0,0.22106464
0,0.2304397
0,0.23993398
0,0.24342969
0,0.24354096
0,0.21392041
0,0.1742473
0,0.14583841
0,0.1639571
0,0.14540428
0,0.16055101
0,0.17049514
0,0.30344442
0,0.23754936
0,0.28340748
0,0.26851723
0,0.26975706
0,0.25648487
0,0.25171006
0,0.24593332
0,0.23254009
0,0.17125545
0,0.15727153
0,0.17062868
0,0.19077349
0,0.20194638
0,0.15257661
0,0.17830566
0,0.1466761
0,0.14925292
0,0.13910818
0,0.15770504
0,0.1587418
0,0.17123678
0,0.14547665
0,0.16583534
0,0.17056859
0,0.15956232
0,0.25471634
0,0.38458964
0,0.33897933
0,0.32014847
0,0.52537537
0,0.65800893
0,0.40259337
0,0.5134301
0,0.44215456
0,0.39371485
0,0.36637717
0,0.33943257
0,0.31761184
0,0.29409564
0,0.26822713
0,0.27305666
0,0.26728284
0,0.2677552
0,0.2521068
0,0.26949888
0,0.41501412
0,0.33920497
0,0.23228067
0,0.20838805
0,0.24523439
0,0.25559768
0,0.17964791
0,0.210457
0,0.41896132
0,0.4716733
0,0.5269594
0,0.52383554
0,0.34126174
0,0.34848684
0,0.32958177
0,0.3118665
0,0.47787124
0,0.43987036
0,0.34546098
0,0.2416893
0,0.18937497
0,0.21981347
0,0.2261729
0,0.2287577
0,0.23068196
0,0.22753637
0,0.44743907
0,0.296225
0,0.29727715
0,0.28563225
0,0.28141516
0,0.27785784
0,0.26292035
0,0.41156578
0,0.3222111
0,0.382053
0,0.33503693
0,0.23623861
0,0.18587762
0,0.21622156
0,0.4021964
0,0.4602648
0,0.4286903
0,0.38497826
0,0.3612782
0,0.33882815
0,0.32290444
0,0.5543573
0,0.33900836
0,0.341699
0,0.27865487
0,0.2181812
0,0.25387123
0,0.18384537
0,0.21060129
0,0.21429877
0,0.23709552
0,0.220385
0,0.19064312
0,0.16076621
0,0.18247353
0,0.19076939
0,0.19936329
0,0.20265187
0,0.31865668
0,0.28716722
0,0.23834547
0,0.1822187
0,0.1631341
0,0.19560884
0,0.15245216
0,0.17453073
0,0.18906115
0,0.18451259
0,0.16384141
0,0.14423506
0,0.16450424
0,0.17974404
0,0.18516427
0,0.2015306
0,0.20823282
0,0.19479927
0,0.16849186
0,0.14548565
0,0.16576165
0,0.17757055
0,0.19274728
0,0.151454
0,0.31747895
0,0.255297
0,0.20105356
0,0.28688136
0,0.27401045
0,0.26899368
0,0.2694873
0,0.2680271
0,0.2564171
0,0.22305849
0,0.17196834
0,0.19456682
0,0.16155818
0,0.18879843
0,0.19309232
0,0.19810061
0,0.15487604
0,0.15631698
0,0.20178084
0,0.2074716
0,0.20903982
0,0.23210658
0,0.2516998
0,0.25502443
0,0.2573463
0,0.21271929
0,0.17377675
0,0.1479012
0,0.17311478
0,0.18313067
0,0.19101787
0,0.31136504
0,0.27439362
0,0.18618031
0,0.16183521
0,0.18545954
0,0.19663736
0,0.20746553
0,0.21364065
0,0.21876916
0,0.20851561
0,0.18670207
0,0.15344046
0,0.17377484
0,0.19313411
0,0.2103916
0,0.20673807
0,0.20529823
0,0.19856149
0,0.17259826
0,0.14786091
0,0.16282466
0,0.17030676
0,0.17699692
0,0.24337551
0,0.1714565
0,0.17819653
0,0.15900841
0,0.14195597
0,0.16249709
0,0.17310202
0,0.18564862
0,0.22817165
0,0.22815254
0,0.20283085
0,0.17116387
0,0.14719817
0,0.16670106
0,0.18284689
0,0.19129212
0,0.19739653
0,0.1974712
0,0.18151478
0,0.15774009
0,0.14340433
0,0.16114198
0,0.1696673
0,0.17460427
0,0.37824833
0,0.24013007
0,0.17611632
0,0.16151385
0,0.17983228
0,0.18798976
0,0.196101
0,0.19841327
0,0.20131525
0,0.19762795
0,0.2712324
0,0.1904162
0,0.22228356
0,0.2319128
0,0.24932997
0,0.17577048
0,0.3772638
0,0.3376884
0,0.39597672
0,0.26661688
0,0.28448287
0,0.28509566
0,0.19801632
0,0.16639468
0,0.19894466
0,0.20602825
0,0.18080007
0,0.15459752
0,0.17548569
0,0.185579
0,0.19884808
0,0.20528997
0,0.20245829
0,0.19895886
0,0.17640752
0,0.15190043
0,0.17151688
0,0.18379648
0,0.19130458
0,0.35543227
0,0.3198201
0,0.28178942
0,0.23096158
0,0.23259974
0,0.24075498
0,0.23409145
0,0.22632696
0,0.22242728
0,0.39994475
0,0.47964624
0,0.46125123
0,0.41308504
0,0.37845168
0,0.36750054
0,0.34379205
0,0.33191767
0,0.30324534
0,0.26818627
0,0.21805693
0,0.23903485
0,0.245294
0,0.24557032
0,0.24742314
0,0.1796343
0,0.16089085
0,0.1658034
0,0.1513529
0,0.13557136
0,0.15456647
0,0.16374528
0,0.17130798
0,0.17472048
0,0.17861031
0,0.14728908
0,0.14438462
0,0.13240491
0,0.12626444
0,0.14420119
0,0.15641978
0,0.16648474
0,0.14330561
0,0.15394829
0,0.14696036
0,0.16690493
0,0.17843053
0,0.18664199
0,0.20415872
0,0.20811836
0,0.20944919
0,0.19588828
0,0.17056276
0,0.20193881
0,0.2140512
0,0.22685838
0,0.16299447
0,0.18911995
0,0.20202231
0,0.17800154
0,0.15561138
0,0.17941272
0,0.1955814
0,0.20434506
0,0.21500665
0,0.21730375
0,0.21079929
0,0.15628062
0,0.1461038
0,0.15991057
0,0.16919416
0,0.1769115
0,0.18858738
0,0.19437046
0,0.15166728
0,0.1514
0,0.13904056
0,0.15777825
0,0.1656018
0,0.17117368
0,0.17588076
0,0.1797811
0,0.1767017
0,0.16117044
0,0.16895862
0,0.17549483
0,0.19072431
0,0.20784615
0,0.15710025
0,0.14186673
0,0.15338233
0,0.14548627
0,0.1627001
0,0.14064753
0,0.16203254
0,0.17956787
0,0.18635452
0,0.19713712
0,0.19632517
0,0.16689375
0,0.14633939
0,0.16615175
0,0.17580308
0,0.14598864
0,0.16367848
0,0.1708716
0,0.16590947
0,0.15231544
0,0.16897261
0,0.17858653
0,0.18545194
0,0.25377622
0,0.24379969
0,0.23979048
0,0.19959682
0,0.16625625
0,0.14248669
0,0.15961678
0,0.1661983
0,0.14322852
0,0.16578701
0,0.16912279
0,0.16123314
0,0.14669369
0,0.166257
0,0.16972339
0,0.1822144
0,0.1844367
0,0.19825186
0,0.19617395
0,0.1737808
0,0.15267847
0,0.17057814
0,0.18513848
0,0.19503966
0,0.20176718
0,0.20657355
0,0.20671625
0,0.1816252
0,0.15483738
0,0.17036001
0,0.18165305
0,0.18961406
0,0.19578138
0,0.19410482
0,0.18927588
0,0.16426095
0,0.14532201
0,0.16073841
0,0.14080696
0,0.15622355
0,0.16448927
0,0.16976725
0,0.14115769
0,0.14240566
0,0.13288823
0,0.15245166
0,0.1622851
0,0.1674263
0,0.17088664
0,0.1807193
0,0.17491667
0,0.15943949
0,0.14270896
0,0.13477708
0,0.12994227
0,0.12900604
0,0.12583913
0,0.14879718
0,0.15440565
0,0.1494366
0,0.14097448
0,0.16930512
0,0.18678392
0,0.26138312
0,0.26030204
0,0.18820137
0,0.19556847
0,0.1756464
0,0.19130927
0,0.20201246
0,0.15981567
0,0.17845482
0,0.23675716
0,0.23245479
0,0.17198278
0,0.15800473
0,0.14784066
0,0.16763835
0,0.18131402
0,0.18467648
0,0.15244287
0,0.1635166
0,0.15896533
0,0.1452197
0,0.18675572
0,0.18191524
0,0.1844075
0,0.18524314
0,0.18752475
0,0.18302909
0,0.16770299
0,0.15054168
0,0.16191316
0,0.16714978
0,0.17800355
0,0.18589264
0,0.2038043
0,0.20168784
0,0.1541406
0,0.1432505
0,0.16894417
0,0.18322931
0,0.19095822
0,0.19659847
0,0.19816667
0,0.1913983
0,0.15438433
0,0.14157794
0,0.1591395
0,0.16707776
0,0.17121337
0,0.17591985
0,0.17997585
0,0.17594711
0,0.15480442
0,0.14064614
0,0.13622317
0,0.1505419
0,0.15792692
0,0.1634552
0,0.16758801
0,0.16592547
0,0.15398811
0,0.13911763
0,0.15555371
0,0.16238536
0,0.14074732
0,0.161965
0,0.1678195
0,0.16670963
0,0.26448563
0,0.26136637
0,0.2619748
0,0.26114196
0,0.33141693
0,0.30878112
0,0.1973529
0,0.19312508
0,0.16427547
0,0.14263846
0,0.16008775
0,0.17185202
0,0.17800105
0,0.14452842
0,0.17472613
0,0.16359796
0,0.14882556
0,0.1621479
0,0.16817418
0,0.17497839
0,0.14777656
0,0.16080783
0,0.16386569
0,0.15650126
0,0.14279364
0,0.16081014
0,0.17561197
0,0.18317673
0,0.18477671
0,0.19567722
0,0.20642966
0,0.17808568
0,0.15331754
0,0.17475995
0,0.1836997
0,0.18827263
0,0.19244248
0,0.1966382
0,0.19857614
0,0.16798691
0,0.14735797
0,0.1382472
0,0.15592898
0,0.16448441
0,0.13835631
0,0.15720451
0,0.16639453
0,0.17301108
0,0.15817253
0,0.14187461
0,0.15979679
0,0.16671549
0,0.17203608
0,0.1772063
0,0.17989935
0,0.17503203
0,0.14948747
0,0.13865621
0,0.13188565
0,0.14763817
0,0.15511522
0,0.16163246
0,0.17220968
0,0.16956045
0,0.15771414
0,0.14248563
0,0.16419302
0,0.17700544
0,0.18591438
0,0.19215971
0,0.20337181
0,0.18843196
0,0.16751908
0,0.18330266
0,0.19358099
0,0.22030024
0,0.1623515
0,0.17096147
0,0.17508502
0,0.15352781
0,0.14496303
0,0.161218
0,0.16879798
0,0.1785859
0,0.1956526
0,0.19705513
0,0.1917428
0,0.17255759
0,0.14691955
0,0.16531585
0,0.16904293
0,0.17652456
0,0.14705059
0,0.16098386
0,0.16307959
0,0.15599154
0,0.14251222
0,0.15612248
0,0.17237426
0,0.18107048
0,0.1488179
0,0.14059834
0,0.1354628
0,0.12844637
0,0.12879679
0,0.124305904
0,0.14826842
0,0.16188706
0,0.17386048
0,0.14888646
0,0.14052513
0,0.14994365
0,0.14449471
0,0.20004848
0,0.20496498
0,0.21719912
0,0.22055238
0,0.23119767
0,0.2898739
0,0.23710376
0,0.18257046
0,0.20639661
0,0.21428601
0,0.2381824
0,0.24290474
0,0.23752977
0,0.21821211
0,0.18448198
0,0.18598072
0,0.19362755
0,0.18773204
0,0.1859358
0,0.18344317
0,0.18846025
0,0.17473932
0,0.15541235
0,0.13876276
0,0.67524004
0,0.41051129
0,0.2867043
0,0.3142657
0,0.21439023
0,0.17195073
0,0.16272622
0,0.14491354
0,0.16722354
0,0.17832232
0,0.18659696
0,0.19681992
0,0.20109382
0,0.18290137
0,0.16019501
0,0.18100394
0,0.18988237
0,0.19978052
0,0.20810242
0,0.21930492
0,0.21099253
0,0.19087312
0,0.16398567
0,0.14482723
0,0.14335486
0,0.14799392
0,0.14355716
0,0.14119369
0,0.15465814
0,0.16385844
0,0.18405655
0,0.19600277
0,0.21142782
0,0.19109255
0,0.16110037
0,0.14728723
0,0.16591197
0,0.17618881
0,0.14941199
0,0.17032045
0,0.18098031
0,0.16759197
0,0.15649457
0,0.14450723
0,0.13853274
0,0.13195322
0,0.12931217
0,0.17106527
0,0.17870334
0,0.1777314
0,0.15606648
0,0.14190602
0,0.14377698
0,0.13754047
0,0.16912156
0,0.14898127
0,0.1952942
0,0.1797615
0,0.18390647
0,0.19654925
0,0.3663835
0,0.3595737
0,0.35945585
0,0.36947656
0,0.2644577
0,0.20268315
0,0.16725874
0,0.15192875
0,0.14015986
0,0.16739942
0,0.14612332
0,0.174399
0,0.15473245
0,0.15255052
0,0.14171606
0,0.16381912
0,0.19893767
0,0.2127218
0,0.22995993
0,0.23710959
0,0.21984544
0,0.1567234
0,0.14571497
0,0.17128202
0,0.19405253
0,0.20090301
0,0.20582397
0,0.23171213
0,0.21355033
0,0.17440625
0,0.15117729
0,0.17034921
0,0.18449624
0,0.22217435
0,0.22885253
0,0.23678732
0,0.2158941
0,0.18535309
0,0.20574315
0,0.24136645
0,0.17707667
0,0.20364487
0,0.21669212
0,0.24094746
0,0.21284017
0,0.17598316
0,0.1572212
0,0.20908426
0,0.19676824
0,0.21864459
0,0.22737464
0,0.22034535
0,0.1944935
0,0.16045855
0,0.21910472
0,0.20555757
0,0.15747099
0,0.14717133
0,0.17277533
0,0.18326873
0,0.24047248
0,0.26173824
0,0.18474732
0,0.18142273
0,0.15919574
0,0.18457071
0,0.36090288
0,0.3294175
0,0.3128581
0,0.3113127
0,0.19617476
0,0.19858676
0,0.17078656
0,0.19600698
0,0.21634461
0,0.22080241
0,0.2303012
0,0.2531411
0,0.17771457
0,0.17589845
0,0.15183708
0,0.17192066
0,0.14848931
0,0.16930237
0,0.18424067
0,0.20351198
0,0.21544813
0,0.16180047
0,0.14936793
0,0.17251948
0,0.3609165
0,0.2270893
0,0.18099116
0,0.21483397
0,0.24229036
0,0.21784565
0,0.17542799
0,0.22303402
0,0.23419604
0,0.19215012
0,0.19710237
0,0.21081057
0,0.21214484
0,0.18040004
0,0.15120439
0,0.3702554
0,0.3313811
0,0.34950662
0,0.33322155
0,0.317393
0,0.30070755
0,0.24419637
0,0.182818
0,0.21342678
0,0.38621658
0,0.34669968
0,0.3443741
0,0.35902596
0,0.2998721
0,0.24728204
0,0.19274196
0,0.21216539
0,0.16118085
0,0.18581715
0,0.19436744
0,0.21024944
0,0.19869916
0,0.17239739
0,0.15495269
0,0.18000959
0,0.1880548
0,0.20061135
0,0.20448641
0,0.19861354
0,0.15779535
0,0.15013112
0,0.17125662
0,0.14656
0,0.16369884
0,0.14713047
0,0.16401927
0,0.1806461
0,0.17620154
0,0.16138329
0,0.37033546
0,0.34379
0,0.24290682
0,0.26742545
0,0.27034402
0,0.26258025
0,0.21691392
0,0.18667886
0,0.15095875
0,0.14372824
0,0.16692567
0,0.14670435
0,0.18914293
0,0.20302904
0,0.17726776
0,0.15355755
0,0.17296082
0,0.19086221
0,0.20627765
0,0.23635088
0,0.24108924
0,0.22967935
0,0.2023886
0,0.16658783
0,0.2125107
0,0.15992466
0,0.17555013
0,0.18844843
0,0.19523558
0,0.20735665
0,0.18005276
0,0.15507601
0,0.17069456
0,0.34296533
0,0.32297292
0,0.39022103
0,0.3955564
0,0.270858
0,0.232783
0,0.18262416
0,0.22214776
0,0.16915609
0,0.15797094
0,0.14081086
0,0.1573402
0,0.14275643
0,0.14186452
0,0.1322796
0,0.15149127
0,0.16771883
0,0.17653304
0,0.18637061
0,0.20324159
0,0.17794308
0,0.16276844
0,0.16231918
0,0.32755962
0,0.2872796
0,0.20993583
0,0.27354458
0,0.28066787
0,0.25707936
0,0.2071146
0,0.22010505
0,0.23299898
0,0.18329442
0,0.2151997
0,0.24610421
0,0.23968366
0,0.21783078
0,0.18195212
0,0.21108103
0,0.1806636
0,0.15821551
0,0.13774836
0,0.16152996
0,0.16800666
0,0.15886255
0,0.14666983
0,0.17919618
0,0.14756547
0,0.16492541
0,0.18119937
0,0.14751622
0,0.13652416
0,0.1320032
0,0.12923071
0,0.1270953
0,0.12625404
0,0.1321443
0,0.13092393
0,0.15426806
0,0.17108268
0,0.18178207
0,0.19386214
0,0.1647542
0,0.18322861
0,0.17562492
0,0.15943222
0,0.18155943
0,0.19414473
0,0.20263544
0,0.21640895
0,0.22859491
0,0.21889967
0,0.1926535
0,0.1653627
0,0.1941431
0,0.2112949
0,0.24380529
0,0.24985091
0,0.25275385
0,0.21814641
0,0.1731099
0,0.14498186
0,0.16361287
0,0.17205803
0,0.17711385
0,0.17897438
0,0.18257883
0,0.17091703
0,0.15439878
0,0.13709465
0,0.1334177
0,0.14998072
0,0.16101694
0,0.16700594
0,0.17057288
0,0.1640721
0,0.150313
0,0.17148198
0,0.21679495
0,0.2292343
0,0.24506919
0,0.25263122
0,0.17568994
0,0.15172087
0,0.14078204
0,0.16444863
0,0.17930637
0,0.14886354
0,0.17029117
0,0.18128772
0,0.18870242
0,0.17017324
0,0.15418644
0,0.1754275
0,0.18902573
0,0.19349279
0,0.20256397
0,0.21343723
0,0.20625353
0,0.1780551
0,0.15001781
0,0.17130439
0,0.1805514
0,0.18760587
0,0.15395206
0,0.16904904
0,0.1700525
0,0.15776399
0,0.14316782
0,0.15936314
0,0.16713405
0,0.1788048
0,0.21517938
0,0.15787563
0,0.1668784
0,0.15782686
0,0.14137119
0,0.16418202
0,0.17785046
0,0.18994862
0,0.20410687
0,0.15604065
0,0.166951
0,0.1563322
0,0.14051935
0,0.15800154
0,0.17109022
0,0.1810025
0,0.19267876
0,0.19919704
0,0.18647876
0,0.16277559
0,0.14381106
0,0.16243614
0,0.17172801
0,0.1797564
0,0.20190483
0,0.20032717
0,0.156496
0,0.1497976
0,0.13539109
0,0.1550588
0,0.1638802
0,0.13906534
0,0.1574713
0,0.16572589
0,0.16164236
0,0.14033818
0,0.13224545
0,0.16039726
0,0.17542747
0,0.19049716
0,0.2120733
0,0.22270639
0,0.19830377
0,0.15666921
0,0.18718171
0,0.21087927
0,0.2284873
0,0.22853225
0,0.229446
0,0.24788556
0,0.20751747
0,0.16727492
0,0.19201073
0,0.20072454
0,0.21434535
0,0.22384739
0,0.22652477
0,0.2179986
0,0.18626013
0,0.15657516
0,0.13883026
0,0.15886031
0,0.16822642
0,0.17842422
0,0.18801908
0,0.14801553
0,0.14855687
0,0.13768093
0,0.15458809
0,0.16407739
0,0.17973675
0,0.19494967
0,0.21203566
0,0.20272273
0,0.18133618
0,0.15341288
0,0.18017209
0,0.15038373
0,0.17169125
0,0.18636084
0,0.20067522
0,0.1892442
0,0.16613735
0,0.14975952
0,0.17641516
0,0.18946382
0,0.2039091
0,0.21470354
0,0.21822251
0,0.19927289
0,0.16769868
0,0.18791144
0,0.17729788
0,0.19338217
0,0.1515081
0,0.16971204
0,0.17714031
0,0.17011376
0,0.15448448
0,0.13907093
0,0.13021852
0,0.15002401
0,0.1598441
0,0.13865542
0,0.16077733
0,0.15749933
0,0.13999358
0,0.16532953
0,0.18204662
0,0.1523382
0,0.1758023
0,0.14941296
0,0.16962203
0,0.16393563
0,0.1530777
0,0.1422399
0,0.16813308
0,0.14684413
0,0.17252131
0,0.18820253
0,0.19569749
0,0.18032289
0,0.15948515
0,0.18362379
0,0.19796154
0,0.21470805
0,0.22703247
0,0.24608609
0,0.16937138
0,0.16369699
0,0.14380014
0,0.13764139
0,0.12889224
0,0.15000927
0,0.16224772
0,0.16951261
0,0.1693514
0,0.1575147
0,0.14392398
0,0.16271459
0,0.17222655
0,0.19127493
0,0.19312301
0,0.1569497
0,0.1665669
0,0.14665692
0,0.13714413
0,0.16283675
0,0.17868195
0,0.14533189
0,0.1706439
0,0.1813797
0,0.17682016
0,0.16251796
0,0.1463795
0,0.1745692
0,0.1863442
0,0.19612677
0,0.20529497
0,0.20905335
0,0.19243808
0,0.16469523
0,0.14484341
0,0.13513647
0,0.15401249
0,0.16431509
0,0.17063688
0,0.17643201
0,0.1666403
0,0.154078
0,0.13930847
0,0.15850665
0,0.17206034
0,0.17424254
0,0.18050973
0,0.18813796
0,0.1935018
0,0.1626814
0,0.17138046
0,0.1444769
0,0.16912211
0,0.18219699
0,0.14948323
0,0.48553
0,0.36119804
0,0.2621205
0,0.29132193
0,0.29110426
0,0.29261985
0,0.29370677
0,0.29002053
0,0.27956623
0,0.22939727
0,0.17341611
0,0.19814697
0,0.15490924
0,0.14005823
0,0.1635946
0,0.14143555
0,0.16088031
0,0.15256001
0,0.13978514
0,0.1589791
0,0.13819161
0,0.16107595
0,0.17051895
0,0.18239786
0,0.18192439
0,0.15321167
0,0.14191552
0,0.15422554
0,0.16404223
0,0.17505759
0,0.15375647
0,0.16944467
0,0.1650257
0,0.15764682
0,0.14450066
0,0.16378482
0,0.18786106
0,0.19008245
0,0.19462481
0,0.19886777
0,0.19305684
0,0.16821247
0,0.14789757
0,0.13856672
0,0.12951893
0,0.15160681
0,0.1671983
0,0.14375475
0,0.15455267
0,0.14843512
0,0.1367812
0,0.16340941
0,0.14646183
0,0.16857484
0,0.18194965
0,0.18773435
0,0.18451115
0,0.16843857
0,0.15089431
0,0.17176634
0,0.18603526
0,0.1930164
0,0.20020585
0,0.2043486
0,0.15990014
0,0.15583292
0,0.14363267
0,0.17359218
0,0.18290156
0,0.1882998
0,0.1916093
0,0.19227117
0,0.17847274
0,0.15343258
0,0.16935246
0,0.17534591
0,0.18964048
0,0.15404384
0,0.14123055
0,0.16169202
0,0.1547719
0,0.13922915
0,0.13463894
0,0.16123445
0,0.17460625
0,0.18101437
0,0.19172935
0,0.19894949
0,0.21318817
0,0.16120575
0,0.18561298
0,0.20090775
0,0.208286
0,0.21374741
0,0.22199905
0,0.21728994
0,0.18379103
0,0.15452036
0,0.1388276
0,0.15835111
0,0.16820109
0,0.17441294
0,0.18309149
0,0.17896537
0,0.16253714
0,0.14492051
0,0.1631464
0,0.16880696
0,0.14486623
0,0.16042802
0,0.16715819
0,0.16612563
0,0.15412603
0,0.13950382
0,0.15542121
0,0.1383678
0,0.16018616
0,0.16556439
0,0.16942033
0,0.16876377
0,0.15680073
0,0.14156856
0,0.16487171
0,0.1787621
0,0.1894964
0,0.20048957
0,0.20355573
0,0.19036831
0,0.16480236
0,0.1436888
0,0.16339512
0,0.17610532
0,0.14911842
0,0.16573621
0,0.14270921
0,0.1506636
0,0.1434503
0,0.1598856
0,0.13880612
0,0.1592485
0,0.13935108
0,0.13447599
0,0.13220163
0,0.14504044
0,0.13693753
0,0.15659148
0,0.17242555
0,0.18535133
0,0.19341035
0,0.16224289
0,0.18121444
0,0.1779338
0,0.16348505
0,0.18480521
0,0.19406
0,0.16453671
0,0.18493685
0,0.19389918
0,0.19329119
0,0.18242823
0,0.16464943
0,0.19032404
0,0.2012051
0,0.21844752
0,0.22656462
0,0.23240957
0,0.16625245
0,0.16239788
0,0.14689274
0,0.16198821
0,0.16652346
0,0.14133862
0,0.16090298
0,0.13865118
0,0.13047288
0,0.13713521
0,0.15606117
0,0.16685495
0,0.17588438
0,0.15057226
0,0.16969055
0,0.18161865
0,0.1830482
0,0.15701486
0,0.17462954
0,0.18610522
0,0.19122775
0,0.19440089
0,0.1975237
0,0.2093242
0,0.20017058
0,0.17320344
0,0.15187569
0,0.17567028
0,0.14787228
0,0.16655092
0,0.18683258
0,0.1897747
0,0.1782858
0,0.15900439
0,0.20965587
0,0.2084304
0,0.21831968
0,0.2203888
0,0.15812033
0,0.16846244
0,0.163482
0,0.1482155
0,0.1618654
0,0.14163068
0,0.13191646
0,0.14920816
0,0.13479176
0,0.15113519
0,0.15119725
0,0.14184262
0,0.13492873
0,0.13583313
0,0.15378863
0,0.1631103
0,0.1699133
0,0.17707229
0,0.17088178
0,0.15489644
0,0.14315869
0,0.16313007
0,0.17054218
0,0.17719512
0,0.1924655
0,0.19158918
0,0.18436176
0,0.16644505
0,0.19201666
0,0.20255524
0,0.16388921
0,0.18694474
0,0.1948812
0,0.19811238
0,0.17554213
0,0.1538015
0,0.14007747
0,0.15993153
0,0.17063834
0,0.17717814
0,0.18167967
0,0.18400179
0,0.16653094
0,0.1480901
0,0.16514255
0,0.17345077
0,0.17823286
0,0.15020002
0,0.1645419
0,0.16611673
0,0.15794194
0,0.14153723
0,0.16561086
0,0.16954699
0,0.17342322
0,0.17665216
0,0.17816055
0,0.1743604
0,0.15880121
0,0.1415079
0,0.15719934
0,0.16029951
0,0.17268328
0,0.1844999
0,0.14979437
0,0.13778432
0,0.13371812
0,0.12910059
0,0.15270895
0,0.13627502
0,0.15849133
0,0.17160814
0,0.17958453
0,0.1759552
0,0.16223317
0,0.1818893
0,0.1912765
0,0.19774447
0,0.20510633
0,0.20912795
0,0.20826422
0,0.16432576
0,0.15612413
0,0.17148714
0,0.1780229
0,0.18313943
0,0.17944579
0,0.18476549
0,0.18148027
0,0.16777758
0,0.15036027
0,0.16224502
0,0.16509081
0,0.16617765
0,0.16724789
0,0.16821755
0,0.16618244
0,0.15676212
0,0.14118929
0,0.1516761
0,0.13635011
0,0.14663917
0,0.13486998
0,0.15411638
0,0.13924229
0,0.1429496
0,0.13620079
0,0.13304396
0,0.16070932
0,0.16777301
0,0.14793363
0,0.16842394
0,0.17796747
0,0.16686927
0,0.18320744
0,0.1592775
0,0.17978245
0,0.18911836
0,0.19540833
0,0.19679302
0,0.19136438
0,0.17309591
0,0.15639572
0,0.17432342
0,0.18268117
0,0.19817625
0,0.1957578
0,0.198777
0,0.19187857
0,0.16688001
0,0.14746249
0,0.13864489
0,0.13332643
0,0.12729585
0,0.14523132
0,0.15437588
0,0.15847278
0,0.1448593
0,0.14178246
0,0.16538666
0,0.18315497
0,0.19425012
0,0.20214142
0,0.17029577
0,0.17728671
0,0.16517381
0,0.18653262
0,0.20157613
0,0.20687471
0,0.17160143
0,0.1890591
0,0.19300905
0,0.18564124
0,0.1670104
0,0.18567981
0,0.16327056
0,0.18073225
0,0.19401973
0,0.19833972
0,0.19747762
0,0.1766559
0,0.15556216
0,0.1418815
0,0.16052482
0,0.16463815
0,0.1670694
0,0.14341526
0,0.16086133
0,0.15652591
0,0.14496237
0,0.16692375
0,0.17851572
0,0.18421781
0,0.19281425
0,0.2012195
0,0.20550843
0,0.1792372
0,0.15557058
0,0.17266102
0,0.18104525
0,0.18862551
0,0.19514138
0,0.19600563
0,0.15754464
0,0.15284117
0,0.13968936
0,0.15613717
0,0.16550145
0,0.17031509
0,0.20070279
0,0.19693787
0,0.18866833
0,0.16085343
0,0.14291862
0,0.16069643
0,0.16511239
0,0.16898464
0,0.144438
0,0.13604888
0,0.1748666
0,0.14543459
0,0.13551238
0,0.15266564
0,0.16663188
0,0.1699723
0,0.1827556
0,0.18839312
0,0.15446113
0,0.14243616
0,0.1355329
0,0.15781546
0,0.16875425
0,0.17637292
0,0.18453303
0,0.18829635
0,0.17992422
0,0.16176029
0,0.14411204
0,0.16428517
0,0.17908892
0,0.18424232
0,0.20313817
0,0.19918847
0,0.17644034
0,0.15751559
0,0.17282465
0,0.17590585
0,0.1794888
0,0.14727104
0,0.16128898
0,0.16528903
0,0.14347327
0,0.15798566
0,0.16078494
0,0.1406076
0,0.1545838
0,0.1607808
0,0.16446318
0,0.14407076
0,0.14784876
0,0.13943781
0,0.1635357
0,0.17354979
0,0.18304485
0,0.18962051
0,0.15752965
0,0.17207088
0,0.16442074
0,0.17667651
0,0.18982275
0,0.20497891
0,0.164407
0,0.17783399
0,0.18078142
0,0.18368015
0,0.16421866
0,0.14569007
0,0.16182822
0,0.17105336
0,0.1741395
0,0.17724976
0,0.15150261
0,0.15926617
0,0.1473908
0,0.13480568
0,0.14995253
0,0.15660955
0,0.16047812
0,0.14015563
0,0.15863743
0,0.16028163
0,0.15091033
0,0.13815878
0,0.16021746
0,0.1727829
0,0.1846035
0,0.19584501
0,0.20088042
0,0.19007878
0,0.16609128
0,0.18903731
0,0.20108658
0,0.1578577
0,0.17222044
0,0.18139601
0,0.15263134
0,0.15720218
0,0.1491017
0,0.16078922
0,0.16824608
0,0.14512739
0,0.13625427
0,0.15374094
0,0.13587429
0,0.13420953
0,0.13569374
0,0.15520139
0,0.1628169
0,0.17749077
0,0.18146709
0,0.19705664
0,0.1953156
0,0.16338938
0,0.15797809
0,0.18462053
0,0.19602005
0,0.20654067
0,0.2185462
0,0.23089536
0,0.23211274
0,0.19335681
0,0.15990898
0,0.17720947
0,0.19388363
0,0.20229964
0,0.20370467
0,0.2085307
0,0.20894307
0,0.18369298
0,0.15252993
0,0.16445617
0,0.1736296
0,0.18290327
0,0.18647651
0,0.14634983
0,0.15712418
0,0.14904962
0,0.13591889
0,0.1534809
0,0.16555734
0,0.1719814
0,0.1847836
0,0.18327598
0,0.17796461
0,0.15846124
0,0.1424632
0,0.13581878
0,0.15200387
0,0.16544716
0,0.17690511
0,0.18291695
0,0.17666917
0,0.16059582
0,0.14265418
0,0.16428599
0,0.17647089
0,0.18535957
0,0.1982133
0,0.20080186
0,0.18388169
0,0.16180429
0,0.14270891
0,0.16242538
0,0.13939056
0,0.13220954
0,0.1531949
0,0.1615701
0,0.15844457
0,0.14799036
0,0.13931312
0,0.13493596
0,0.15841167
0,0.16701367
0,0.17369223
0,0.17754143
0,0.17999215
0,0.15306875
0,0.18064839
0,0.18904524
0,0.19120125
0,0.15716207
0,0.16810958
0,0.17287548
0,0.30499175
0,0.21157068
0,0.21911174
0,0.21506444
0,0.2156099
0,0.22819313
0,0.21462673
0,0.15860511
0,0.15440525
0,0.14247617
0,0.15940237
0,0.16853303
0,0.17582755
0,0.18419552
0,0.14836423
0,0.16337244
0,0.15465231
0,0.13792688
0,0.16105974
0,0.16876335
0,0.17612635
0,0.18195961
0,0.18751353
0,0.18827882
0,0.16634654
0,0.17731826
0,0.18297295
0,0.18706495
0,0.18721835
0,0.18927905
0,0.207709
0,0.1574827
0,0.14981438
0,0.13583441
0,0.1529283
0,0.15935317
0,0.16311765
0,0.16825184
0,0.16868609
0,0.16649391
0,0.15567002
0,0.13911265
0,0.16046312
0,0.17072228
0,0.18503365
0,0.19142058
0,0.19667971
0,0.15444039
0,0.14061843
0,0.1325567
0,0.15411429
0,0.16688207
0,0.14215282
0,0.16308267
0,0.17154394
0,0.1679557
0,0.15498641
0,0.1401683
0,0.16013402
0,0.17304504
0,0.16834727
0,0.18007585
0,0.18888184
0,0.17876002
0,0.1622927
0,0.14729688
0,0.16625755
0,0.17742047
0,0.18143569
0,0.19049537
0,0.19506204
0,0.17858061
0,0.15835004
0,0.17306742
0,0.19995144
0,0.19561154
0,0.22022815
0,0.22938733
0,0.2348808
0,0.16610317
0,0.15170296
0,0.17353904
0,0.14474976
0,0.13367939
0,0.12755755
0,0.12734157
0,0.14582968
0,0.14395067
0,0.13414715
0,0.15671624
0,0.16918088
0,0.18011376
0,0.19022824
0,0.19672765
0,0.20078202
0,0.15970641
0,0.1524497
0,0.14914553
0,0.16438937
0,0.14668219
0,0.16423307
0,0.17556807
0,0.17724057
0,0.16469425
0,0.15039527
0,0.1708368
0,0.18568979
0,0.19306716
0,0.19858979
0,0.20215215
0,0.22868262
0,0.18203507
0,0.15484844
0,0.14135729
0,0.13402718
0,0.15166642
0,0.13591093
0,0.15765834
0,0.13799624
0,0.13480489
0,0.13207684
0,0.16089186
0,0.1790537
0,0.19896905
0,0.20980234
0,0.2216121
0,0.20951098
0,0.18013376
0,0.20453133
0,0.22235997
0,0.23576887
0,0.24384741
0,0.24463625
0,0.17036979
0,0.17236635
0,0.15570077
0,0.17030092
0,0.18185501
0,0.18979883
0,0.19626409
0,0.20777072
0,0.20275542
0,0.15595941
0,0.14650443
0,0.16162182
0,0.16770978
0,0.17259146
0,0.18051793
0,0.1765099
0,0.1479626
0,0.1358491
0,0.13544992
0,0.1540517
0,0.16389585
0,0.16822408
0,0.18036084
0,0.17742287
0,0.18412744
0,0.17340797
0,0.1529307
0,0.17156036
0,0.1803446
0,0.19059105
0,0.1984489
0,0.20452306
0,0.20407662
0,0.16595003
0,0.14417516
0,0.16396378
0,0.17351107
0,0.18518938
0,0.1910937
0,0.19330764
0,0.19139972
0,0.16700913
0,0.14713982
0,0.1626756
0,0.16954732
0,0.17626543
0,0.14630021
0,0.13599558
0,0.13027751
0,0.1341408
0,0.1260194
0,0.12477341
0,0.148472
0,0.16500677
0,0.1437419
0,0.15860894
0,0.16516489
0,0.15787213
0,0.14616218
0,0.17417318
0,0.18745473
0,0.20017801
0,0.20741826
0,0.21775332
0,0.2074125
0,0.181361
0,0.1999714
0,0.2249798
0,0.16875798
0,0.19371004
0,0.22149375
0,0.22052926
0,0.19681858
0,0.16672365
0,0.14418729
0,0.16350669
0,0.16980639
0,0.17584747
0,0.15118505
0,0.1412255
0,0.14750823
0,0.14082657
0,0.13264911
0,0.14976314
0,0.16045348
0,0.13715775
0,0.15580036
0,0.16343811
0,0.16077282
0,0.15029213
0,0.16690807
0,0.17602342
0,0.18186179
0,0.18643403
0,0.19949625
0,0.20886107
0,0.18706349
0,0.1609375
0,0.18569943
0,0.15552486
0,0.17861617
0,0.18815912
0,0.15249199
0,0.16976875
0,0.1610748
0,0.14727297
0,0.16514514
0,0.17569704
0,0.15051402
0,0.16662934
0,0.1448009
0,0.13740642
0,0.1425925
0,0.13477214
0,0.15482411
0,0.1869542
0,0.18870687
0,0.19278732
0,0.20164068
0,0.16495468
0,0.16131502
0,0.14704718
0,0.16720466
0,0.17563531
0,0.18242303
0,0.15303905
0,0.16797853
0,0.2044551
0,0.17537871
0,0.15268026
0,0.16859351
0,0.18394716
0,0.1941483
0,0.2132013
0,0.21728414
0,0.19867548
0,0.15608406
0,0.1448494
0,0.13557187
0,0.15309384
0,0.1630451
0,0.17118941
0,0.17569898
0,0.16577668
0,0.14817102
0,0.16528828
0,0.14799145
0,0.13846268
0,0.13240157
0,0.15387432
0,0.16129203
0,0.15964039
0,0.1503017
0,0.14030118
0,0.13497055
0,0.15502366
0,0.16841568
0,0.1481177
0,0.14179303
0,0.1541469
0,0.14993173
0,0.14609078
0,0.1705045
0,0.18902035
0,0.2075029
0,0.21720682
0,0.2321494
0,0.18058491
0,0.16919516
0,0.19988738
0,0.17159627
0,0.2030708
0,0.2177254
0,0.23251624
0,0.23614343
0,0.19803517
0,0.15867323
0,0.14499052
0,0.16648918
0,0.14456475
0,0.13691637
0,0.157769
0,0.16606645
0,0.14749211
0,0.14262606
0,0.16346891
0,0.17196329
0,0.1494183
0,0.17580454
0,0.15162574
0,0.15910873
0,0.15627816
0,0.14524479
0,0.16626531
0,0.20788422
0,0.20490997
0,0.2065144
0,0.21097094
0,0.20355028
0,0.17765489
0,0.15512954
0,0.17550956
0,0.19454223
0,0.21612178
0,0.160898
0,0.17386475
0,0.16855976
0,0.14527948
0,0.13457927
0,0.157365
0,0.1701324
0,0.1807541
0,0.1929267
0,0.19649504
0,0.18361841
0,0.16157052
0,0.17597802
0,0.18442355
0,0.15786222
0,0.16997842
0,0.17633656
0,0.17809768
0,0.16710997
0,0.15154417
0,0.16565545
0,0.17232242
0,0.17567247
0,0.17845841
0,0.1812833
0,0.17759722
0,0.1643437
0,0.14809749
0,0.1590803
0,0.1640454
0,0.14031848
0,0.15271007
0,0.16486827
0,0.14520472
0,0.14836055
0,0.14020504
0,0.15583028
0,0.16749899
0,0.17778033
0,0.18547617
0,0.19256191
0,0.1945068
0,0.17152925
0,0.15089469
0,0.16809104
0,0.18021293
0,0.18413387
0,0.18858919
0,0.19374926
0,0.19379558
0,0.16674489
0,0.14716469
0,0.16165903
0,0.16861981
0,0.17180488
0,0.1744778
0,0.1774151
0,0.17146441
0,0.15633407
0,0.14129451
0,0.15576832
0,0.15832877
0,0.1627397
0,0.16787553
0,0.1662669
0,0.16347703
0,0.1487807
0,0.13541213
0,0.14974383
0,0.156627
0,0.1598119
0,0.16085047
0,0.17185964
0,0.16616891
0,0.15305199
0,0.14242166
0,0.16051793
0,0.16915014
0,0.17710593
0,0.180604
0,0.18206578
0,0.1728318
0,0.15478492
0,0.17090628
0,0.17889437
0,0.18646975
0,0.18872745
0,0.18849058
0,0.18497959
0,0.16787395
0,0.1502682
0,0.16173847
0,0.17170319
0,0.17416501
0,0.18210463
0,0.18335746
0,0.17781378
0,0.16753316
0,0.14385298
0,0.13347085
0,0.14897422
0,0.13264966
0,0.14757992
0,0.15424472
0,0.15706488
0,0.15204117
0,0.14190039
0,0.15691632
0,0.14256942
0,0.15622993
0,0.16147107
0,0.16414489
0,0.17339967
0,0.16256738
0,0.14885154
0,0.16939119
0,0.17945343
0,0.18694445
0,0.19109155
0,0.20003182
0,0.16191511
0,0.15704797
0,0.1458009
0,0.16562708
0,0.17610744
0,0.18133292
0,0.17791039
0,0.18080962
0,0.17787534
0,0.15151003
0,0.14025629
0,0.15829359
0,0.16472706
0,0.16797724
0,0.17191574
0,0.17317599
0,0.17066342
0,0.1562133
0,0.14231566
0,0.15607998
0,0.16203125
0,0.16561802
0,0.1684668
0,0.17133993
0,0.16997118
0,0.15568963
0,0.1745396
0,0.19171527
0,0.19773696
0,0.20577198
0,0.20946194
0,0.20110296
0,0.18211706
0,0.15224433
0,0.16715725
0,0.17277485
0,0.1726327
0,0.17651801
0,0.17865221
0,0.14973718
0,0.1516615
0,0.13877995
0,0.15314867
0,0.13594918
0,0.12909462
0,0.12556405
0,0.123574175
0,0.14657697
0,0.14716406
0,0.1401986
0,0.15900376
0,0.16787669
0,0.17629905
0,0.18262531
0,0.18806441
0,0.18864985
0,0.18175787
0,0.1621704
0,0.1793929
0,0.16118772
0,0.20363078
0,0.20642559
0,0.21456295
0,0.2143032
0,0.19000635
0,0.16446888
0,0.18850634
0,0.20025937
0,0.20363463
0,0.20491667
0,0.20343956
0,0.19043642
0,0.16327919
0,0.1431298
0,0.13179605
0,0.14864245
0,0.15659294
0,0.16239037
0,0.1668763
0,0.16596659
0,0.15354829
0,0.13929506
0,0.15465042
0,0.13800694
0,0.15321024
0,0.13645996
0,0.1540838
0,0.1604618
0,0.1506476
0,0.13947168
0,0.13584954
0,0.15503672
0,0.16670653
0,0.18316111
0,0.19077489
0,0.18610395
0,0.17059487
0,0.19262499
0,0.20617118
0,0.21600793
0,0.22769028
0,0.23597085
0,0.23880282
0,0.20897904
0,0.15769258
0,0.1801094
0,0.1537754
0,0.14304468
0,0.15891598
0,0.17236799
0,0.180017
0,0.16664378
0,0.14745817
0,0.16166538
0,0.16645543
0,0.17346889
0,0.17660391
0,0.15192045
0,0.16059713
0,0.15554032
0,0.14303236
0,0.1574283
0,0.16598892
0,0.16706085
0,0.17810875
0,0.17751214
0,0.18276611
0,0.1770098
0,0.1536271
0,0.17105168
0,0.18046051
0,0.1901718
0,0.19193485
0,0.19237216
0,0.19096562
0,0.15362635
0,0.14105694
0,0.13264315
0,0.15009017
0,0.16760142
0,0.16981763
0,0.16179624
0,0.17009246
0,0.15654774
0,0.14243612
0,0.15761921
0,0.16986835
0,0.17149106
0,0.17150499
0,0.17560238
0,0.17157999
0,0.15685363
0,0.14096978
0,0.15581372
0,0.16199517
0,0.16590506
0,0.16543749
0,0.14208862
0,0.15338409
0,0.14574161
0,0.15823533
0,0.1599372
0,0.16817752
0,0.17780262
0,0.17857401
0,0.18353853
0,0.1913725
0,0.16333893
0,0.17981519
0,0.20154068
0,0.20050249
0,0.15716593
0,0.17156063
0,0.17306533
0,0.16348301
0,0.14875378
0,0.15998882
0,0.14099473
0,0.13416934
0,0.15074292
0,0.13480872
0,0.14841555
0,0.14868104
0,0.14002165
0,0.13326026
0,0.15192267
0,0.16008343
0,0.171179
0,0.17751367
0,0.17769007
0,0.16927059
0,0.15002486
0,0.16673243
0,0.1774666
0,0.18163446
0,0.1851783
0,0.18728052
0,0.19433032
0,0.16507663
0,0.17864858
0,0.19473828
0,0.1620608
0,0.18454422
0,0.19776526
0,0.19827648
0,0.19679372
0,0.16948627
0,0.14851816
0,0.1632364
0,0.16760747
0,0.1719886
0,0.17477271
0,0.17622854
0,0.1749993
0,0.15844853
0,0.30448964
0,0.26633102
0,0.24772653
0,0.23479545
0,0.1669008
0,0.17927979
0,0.16650532
0,0.15271586
0,0.13625222
0,0.14840743
0,0.15385316
0,0.16001771
0,0.16448705
0,0.16501887
0,0.16135773
0,0.14806452
0,0.15636693
0,0.16013508
0,0.16991411
0,0.17460196
0,0.18172632
0,0.19702242
0,0.15612426
0,0.14220439
0,0.15933858
0,0.13970031
0,0.15257992
0,0.16012007
0,0.16661812
0,0.17130439
0,0.16682017
0,0.15105186
0,0.16415074
0,0.16927971
0,0.16927333
0,0.173469
0,0.1719233
0,0.17453134
0,0.16309755
0,0.14766112
0,0.16159204
0,0.16614492
0,0.14185674
0,0.15405352
0,0.15986662
0,0.16150704
0,0.15442418
0,0.14208251
0,0.15525861
0,0.16105178
0,0.16382137
0,0.16575463
0,0.17096904
0,0.17717162
0,0.16179818
0,0.14681624
0,0.16426258
0,0.17975949
0,0.18466944
0,0.1940928
0,0.19746524
0,0.19640051
0,0.17007068
0,0.14946225
0,0.16520421
0,0.17198522
0,0.17174274
0,0.14664227
0,0.15981688
0,0.16727298
0,0.15433314
0,0.13863173
0,0.15618181
0,0.16300264
0,0.16668652
0,0.17158891
0,0.17550819
0,0.17076111
0,0.15709746
0,0.16365066
0,0.16932195
0,0.1726023
0,0.1736102
0,0.17439292
0,0.17341551
0,0.14555213
0,0.14330137
0,0.13206244
0,0.13087043
0,0.15153338
0,0.16237433
0,0.14321241
0,0.15941112
0,0.16005899
0,0.15039718
0,0.1670875
0,0.17738985
0,0.18689081
0,0.196537
0,0.19767673
0,0.19845486
0,0.18354373
0,0.1690009
0,0.18037967
0,0.18532065
0,0.19075906
0,0.19076373
0,0.19317962
0,0.18749566
0,0.17040102
0,0.15185602
0,0.16237442
0,0.16584258
0,0.16707127
0,0.17030914
0,0.17216335
0,0.17299342
0,0.16089864
0,0.14005789
0,0.15466313
0,0.15963137
0,0.17151694
0,0.17064011
0,0.1488031
0,0.13973719
0,0.15146999
0,0.15768804
0,0.16252618
0,0.16581005
0,0.1673153
0,0.17403302
0,0.17091694
0,0.14956874
0,0.14420487
0,0.15460728
0,0.14037746
0,0.15831782
0,0.16827826
0,0.17564741
0,0.17825192
0,0.16306981
0,0.14717425
0,0.16530837
0,0.20385523
0,0.20193715
0,0.21811272
0,0.21661597
0,0.21669479
0,0.17968285
0,0.19119683
0,0.19622031
0,0.19222851
0,0.19231345
0,0.19059856
0,0.15109482
0,0.15964499
0,0.14920788
0,0.15781343
0,0.16292138
0,0.1663905
0,0.16809691
0,0.16957518
0,0.17025685
0,0.1654619
0,0.1514179
0,0.13584873
0,0.14952037
0,0.1555937
0,0.16598497
0,0.17343262
0,0.17694817
0,0.16876325
0,0.15729716
0,0.17718537
0,0.18234658
0,0.18884197
0,0.19422455
0,0.1986085
0,0.19666435
0,0.1594116
0,0.17518431
0,0.19050068
0,0.20746157
0,0.20679277
0,0.15801066
0,0.15142928
0,0.136261
0,0.12949093
0,0.15276614
0,0.16685833
0,0.1797346
0,0.20622374
0,0.19370078
0,0.15414104
0,0.14005837
0,0.164489
0,0.175544
0,0.19445579
0,0.19633082
0,0.21665436
0,0.19376528
0,0.16316508
0,0.14283293
0,0.16472015
0,0.18042922
0,0.18916227
0,0.20636262
0,0.20571518
0,0.18224452
0,0.16150776
0,0.17935373
0,0.19222312
0,0.22698496
0,0.30824372
0,0.2867059
0,0.28543136
0,0.22691058
0,0.18080132
0,0.20349857
0,0.21608573
0,0.23279965
0,0.24655764
0,0.24777168
0,0.22653392
0,0.18788008
0,0.1563602
0,0.17619967
0,0.19547601
0,0.14934775
0,0.17054987
0,0.1984606
0,0.20453835
0,0.17411928
0,0.18665631
0,0.20057641
0,0.21479513
0,0.22601028
0,0.24604948
0,0.17157024
0,0.18837653
0,0.16420294
0,0.14319858
0,0.16405979
0,0.13930294
0,0.16174856
0,0.17655231
0,0.15106882
0,0.14058317
0,0.13966964
0,0.13095523
0,0.12940504
0,0.15717296
0,0.17680764
0,0.21013212
0,0.21291268
0,0.20536958
0,0.17174211
0,0.19840074
0,0.21100777
0,0.16044383
0,0.1922681
0,0.26673886
0,0.2610252
0,0.18497111
0,0.16538462
0,0.1548862
0,0.1742994
0,0.1456347
0,0.16871598
0,0.18850182
0,0.2038618
0,0.17852071
0,0.16564523
0,0.14327608
0,0.21458279
0,0.21701339
0,0.22778942
0,0.26480523
0,0.25948074
0,0.21907721
0,0.18158929
0,0.15494795
0,0.18127552
0,0.2192744
0,0.22510242
0,0.23860423
0,0.17559285
0,0.17166246
0,0.15652719
0,0.19077717
0,0.16180812
0,0.19273642
0,0.19926508
0,0.2020692
0,0.21745364
0,0.18540853
0,0.16228959
0,0.19580755
0,0.22194551
0,0.16908655
0,0.19995487
0,0.22216897
0,0.23306654
0,0.192269
0,0.15667468
0,0.17770681
0,0.2004648
0,0.21559876
0,0.22706309
0,0.2509415
0,0.17461693
0,0.16205123
0,0.14877686
0,0.13481474
0,0.12950346
0,0.12817124
0,0.16597128
0,0.17972799
0,0.18571466
0,0.17341894
0,0.14867209
0,0.16804394
0,0.18368854
0,0.21079046
0,0.16277598
0,0.18608895
0,0.15765499
0,0.16490608
0,0.14643137
0,0.13637589
0,0.16583802
0,0.19024545
0,0.20338555
0,0.2103193
0,0.20103417
0,0.16724674
0,0.15090184
0,0.31523833
0,0.31999648
0,0.32283613
0,0.36566052
0,0.35452223
0,0.2842579
0,0.21612844
0,0.24043594
0,0.172141
0,0.20820251
0,0.2337174
0,0.24984498
0,0.17935765
0,0.19126688
0,0.15986651
0,0.1406269
0,0.1696569
0,0.19801748
0,0.22051439
0,0.26233354
0,0.2536101
0,0.21542391
0,0.15930441
0,0.14768963
0,0.13950391
0,0.16825408
0,0.18529831
0,0.21197037
0,0.20710228
0,0.15361464
0,0.14413287
0,0.16565043
0,0.14703918
0,0.22397555
0,0.24433947
0,0.24832535
0,0.17591171
0,0.16738379
0,0.14717934
0,0.13865577
0,0.17131594
0,0.1492763
0,0.17294529
0,0.185984
0,0.18993619
0,0.16747387
0,0.1498383
0,0.17732804
0,0.35443768
0,0.35904756
0,0.3909494
0,0.37911975
0,0.32558158
0,0.26951033
0,0.19373283
0,0.23542532
0,0.25379384
0,0.27444986
0,0.25212228
0,0.26942727
0,0.23850985
0,0.19398889
0,0.16519995
0,0.34075004
0,0.32776725
0,0.23202759
0,0.29662248
0,0.29260436
0,0.2676481
0,0.21447329
0,0.24854352
0,0.17628723
0,0.22947119
0,0.269943
0,0.30607182
0,0.2624501
0,0.23565717
0,0.17758638
0,0.14869526
0,0.18307237
0,0.20848659
0,0.23577325
0,0.26221776
0,0.25059566
0,0.22839332
0,0.17808427
0,0.15587524
0,0.18576466
0,0.14747158
0,0.17085944
0,0.20912404
0,0.15579362
0,0.162653
0,0.14756404
0,0.32981387
0,0.3094407
0,0.32409954
0,0.33512312
0,0.33184326
0,0.2556646
0,0.22925283
0,0.17655273
0,0.21347058
0,0.16939487
0,0.15614606
0,0.14063093
0,0.17376484
0,0.18198887
0,0.16367233
0,0.1475008
0,0.14164732
0,0.13156673
0,0.1590393
0,0.17752787
0,0.19712421
0,0.19745459
0,0.17255487
0,0.150092
0,0.1388636
0,0.27564448
0,0.27561986
0,0.30195504
0,0.22076555
0,0.22185512
0,0.18536426
0,0.162282
0,0.15576243
0,0.18399516
0,0.21704695
0,0.24005255
0,0.2686002
0,0.22810727
0,0.20612182
0,0.1595359
0,0.14508669
0,0.1671708
0,0.14440443
0,0.17840907
0,0.16690984
0,0.16441077
0,0.14471325
0,0.13581549
0,0.16273926
0,0.14164211
0,0.17748912
0,0.19465469
0,0.20090792
0,0.18474552
0,0.16257268
0,0.19297363
0,0.22542787
0,0.27289578
0,0.2854445
0,0.2863478
0,0.27918768
0,0.22845347
0,0.1792513
0,0.1516545
0,0.19219095
0,0.21020575
0,0.16893877
0,0.15155298
0,0.16606247
0,0.15625475
0,0.14364944
0,0.13435832
0,0.16739959
0,0.14676523
0,0.18047489
0,0.20905969
0,0.20406647
0,0.17898916
0,0.16186924
0,0.19564593
0,0.23398349
0,0.24652468
0,0.29399955
0,0.21015076
0,0.21462615
0,0.15971524
0,0.14721663
0,0.17690592
0,0.18600745
0,0.21252835
0,0.23926455
0,0.25821573
0,0.22796005
0,0.18551141
0,0.16107714
0,0.19349056
0,0.21252897
0,0.22946675
0,0.2748777
0,0.28234148
0,0.19763412
0,0.18670343
0,0.22774601
0,0.23412323
0,0.25952655
0,0.2700393
0,0.2755325
0,0.19454044
0,0.16042833
0,0.15625076
0,0.18096957
0,0.19615081
0,0.17500202
0,0.20035525
0,0.24354774
0,0.24350856
0,0.1785754
0,0.149409
0,0.14195319
0,0.13205548
0,0.15982404
0,0.18364237
0,0.19615844
0,0.20166622
0,0.18919715
0,0.16159004
0,0.14515969
0,0.27601144
0,0.3013319
0,0.30246753
0,0.30817863
0,0.28754926
0,0.2505497
0,0.18763696
0,0.16533358
0,0.20129988
0,0.23045
0,0.29882705
0,0.19912326
0,0.20667568
0,0.18472376
0,0.15442717
0,0.20142001
0,0.25822392
0,0.27030554
0,0.28923178
0,0.30412593
0,0.2635607
0,0.21253197
0,0.16938215
0,0.19324918
0,0.15358382
0,0.1858484
0,0.22560033
0,0.25219208
0,0.23597527
0,0.63777304
0,0.4387967
0,0.44087416
0,0.4434207
0,0.42244798
0,0.29222974
0,0.24105215
0,0.1864096
0,0.18199559
0,0.15691563
0,0.19956936
0,0.1608837
0,0.1486305
0,0.1475913
0,0.13693812
0,0.13087222
0,0.13487515
0,0.1283326
0,0.15533808
0,0.17216225
0,0.15111889
0,0.18845105
0,0.20338495
0,0.19113287
0,0.1751556
0,0.21124595
0,0.16290788
0,0.19904011
0,0.22449623
0,0.21269757
0,0.24752288
0,0.22388552
0,0.1881993
0,0.15853475
0,0.19375576
0,0.21418688
0,0.23956172
0,0.25656205
0,0.24589114
0,0.21529861
0,0.1784335
0,0.20810205
0,0.22222418
0,0.23421057
0,0.26214838
0,0.17590003
0,0.15139714
0,0.1523743
0,0.14034465
0,0.16913292
0,0.1825918
0,0.20883368
0,0.15878001
0,0.18705705
0,0.17919776
0,0.16602807
0,0.14688596
0,0.17543574
0,0.19852689
0,0.21896549
0,0.23249514
0,0.24848351
0,0.23250757
0,0.16956648
0,0.14898358
0,0.17832744
0,0.21823715
0,0.23061064
0,0.23621295
0,0.25265723
0,0.22084498
0,0.18799633
0,0.15253085
0,0.18773095
0,0.43473372
0,0.26371813
0,0.29187128
0,0.29786053
0,0.2083317
0,0.1803481
0,0.15904926
0,0.14526948
0,0.16753133
0,0.18876147
0,0.2461849
0,0.1759826
0,0.18641427
0,0.15999451
0,0.14485122
0,0.17021543
0,0.3092432
0,0.30100685
0,0.29956
0,0.3183602
0,0.2688506
0,0.21026404
0,0.16754507
0,0.14597969
0,0.17515849
0,0.21791227
0,0.23161605
0,0.24892598
0,0.22434452
0,0.17647539
0,0.1474501
0,0.30406007
0,0.2931407
0,0.3099477
0,0.3303425
0,0.3107143
0,0.25291878
0,0.19114403
0,0.23059937
0,0.25633764
0,0.19325247
0,0.21695389
0,0.25352436
0,0.25264508
0,0.20714606
0,0.17040737
0,0.15214354
0,0.18149033
0,0.20275779
0,0.24596183
0,0.26092502
0,0.23474893
0,0.19683804
0,0.16101451
0,0.19081464
0,0.20300514
0,0.21770604
0,0.16147552
0,0.18960628
0,0.19979477
0,0.17061849
0,0.14508113
0,0.13896307
0,0.15907423
0,0.14366788
0,0.16490877
0,0.17886284
0,0.15226722
0,0.14048527
0,0.16276059
0,0.14219294
0,0.16131167
0,0.16925707
0,0.18361616
0,0.15424523
0,0.16168399
0,0.1509751
0,0.1386814
0,0.16157821
0,0.14823313
0,0.14109829
0,0.16806908
0,0.18325779
0,0.15788426
0,0.15827012
0,0.18124664
0,0.15343902
0,0.15097265
0,0.18203935
0,0.20631509
0,0.23320588
0,0.1690628
0,0.15940948
0,0.14939861
0,0.17937824
0,0.18722641
0,0.2032009
0,0.22817011
0,0.2512468
0,0.21117134
0,0.17758743
0,0.42910168
0,0.3814837
0,0.35537022
0,0.34082603
0,0.31766605
0,0.31254584
0,0.24927296
0,0.1924482
0,0.22217286
0,0.24472295
0,0.2555508
0,0.19151041
0,0.16437402
0,0.1759788
0,0.16252641
0,0.14658274
0,0.1735805
0,0.19209422
0,0.24245805
0,0.24419093
0,0.24526611
0,0.22437747
0,0.16485874
0,0.14929013
0,0.13863501
0,0.14462121
0,0.17211394
0,0.18360727
0,0.1947095
0,0.19737971
0,0.17286552
0,0.15074487
0,0.13816269
0,0.16468988
0,0.19007918
0,0.21101737
0,0.22222824
0,0.219158
0,0.16706331
0,0.19574296
0,0.23125298
0,0.16600801
0,0.15083008
0,0.17104483
0,0.19157074
0,0.18394218
0,0.15933053
0,0.14610817
0,0.18388106
0,0.20057565
0,0.23077218
0,0.16588773
0,0.19489105
0,0.17790192
0,0.1554797
0,0.14290287
0,0.1705803
0,0.14425644
0,0.13517727
0,0.15942633
0,0.17087099
0,0.16449116
0,0.15536545
0,0.17244834
0,0.1815137
0,0.20821564
0,0.23598988
0,0.24828178
0,0.18493618
0,0.17913902
0,0.15864092
0,0.18432662
0,0.25089735
0,0.25432527
0,0.26854515
0,0.19374532
0,0.20998085
0,0.19026074
0,0.15689501
0,0.14253394
0,0.1641336
0,0.14185198
0,0.16199571
0,0.17282799
0,0.18564112
0,0.1817321
0,0.15668769
0,0.14122583
0,0.13658416
0,0.1525526
0,0.16857813
0,0.17857884
0,0.14965521
0,0.15278023
0,0.14586423
0,0.1698775
0,0.31169567
0,0.32250834
0,0.33236867
0,0.34598842
0,0.298672
0,0.2581068
0,0.18776329
0,0.23345949
0,0.23950513
0,0.2497554
0,0.25638384
0,0.26443043
0,0.25186902
0,0.17600492
0,0.15123
0,0.18474273
0,0.2090506
0,0.22269185
0,0.27272302
0,0.28424206
0,0.2507567
0,0.21379802
0,0.17005499
0,0.19351116
0,0.23295583
0,0.27119112
0,0.27175543
0,0.27513003
0,0.23051704
0,0.18767896
0,0.16631661
0,0.38360852
0,0.3629249
0,0.3633238
0,0.34572095
0,0.32458717
0,0.27619037
0,0.21676746
0,0.17024547
0,0.20070574
0,0.23007171
0,0.23810047
0,0.2798512
0,0.27061915
0,0.22601813
0,0.16912472
0,0.20248131
0,0.1542892
0,0.25283355
0,0.2615737
0,0.2655608
0,0.18103272
0,0.15703571
0,0.14698799
0,0.1806837
0,0.20684317
0,0.17510042
0,0.239763
0,0.18045422
0,0.22629388
0,0.19975173
0,0.16409428
0,0.39434013
0,0.3939995
0,0.25676858
0,0.29656687
0,0.33748636
0,0.3304195
0,0.26473492
0,0.2179641
0,0.25601584
0,0.2735932
0,0.2825807
0,0.29659814
0,0.3012525
0,0.28310615
0,0.23701279
0,0.20025685
0,0.23747273
0,0.25023523
0,0.2918107
0,0.20278624
0,0.42057893
0,0.32695478
0,0.26107243
0,0.19929917
0,0.30995998
0,0.31651273
0,0.22831842
0,0.24419242
0,0.26565373
0,0.18367909
0,0.16620561
0,0.15155043
0,0.19143084
0,0.20405109
0,0.1577688
0,0.20706545
0,0.16090952
0,0.16447996
0,0.1526564
0,0.13902313
0,0.16401803
0,0.18133129
0,0.19808698
0,0.2171194
0,0.24690822
0,0.21796373
0,0.18279655
0,0.21142532
0,0.22819075
0,0.23175073
0,0.24754438
0,0.28075457
0,0.2855474
0,0.20869176
0,0.17545386
0,0.14773948
0,0.16877176
0,0.18804744
0,0.21204206
0,0.16155194
0,0.18173745
0,0.16571023
0,0.14938225
0,0.13658291
0,0.16559222
0,0.1950988
0,0.22052495
0,0.24953218
0,0.2516064
0,0.21118987
0,0.17147642
0,0.211114
0,0.22516517
0,0.2580403
0,0.28656864
0,0.29697844
0,0.20423393
0,0.19242188
0,0.16275117
0,0.14546874
0,0.26449123
0,0.25674692
0,0.270297
0,0.27193156
0,0.2547247
0,0.20940895
0,0.16354528
0,0.14594296
0,0.1831835
0,0.19644332
0,0.16646722
0,0.14785488
0,0.13737926
0,0.13886937
0,0.13184609
0,0.15435846
0,0.15793458
0,0.18238765
0,0.1519847
0,0.17887992
0,0.18424419
0,0.16629313
0,0.1485509
0,0.17697725
0,0.1482954
0,0.13844812
0,0.19654311
0,0.21859041
0,0.249462
0,0.19598547
0,0.1716564
0,0.21613899
0,0.25209537
0,0.31211406
0,0.30332285
0,0.29507476
0,0.25503683
0,0.18593508
0,0.24270897
0,0.26157916
0,0.26479554
0,0.18656874
0,0.21411715
0,0.2214268
0,0.16903108
0,0.16531849
0,0.1894412
0,0.2378552
0,0.18265694
0,0.21807018
0,0.16621885
0,0.19694526
0,0.15417142
0,0.14830488
0,0.17019346
0,0.184659
0,0.2031305
0,0.23392935
0,0.1646468
0,0.18248199
0,0.16970007
0,0.14860094
0,0.17788824
0,0.19784681
0,0.15369539
0,0.17953089
0,0.20075196
0,0.16183941
0,0.16117606
0,0.15107219
0,0.18927841
0,0.20143388
0,0.15769647
0,0.19188893
0,0.21873145
0,0.16468379
0,0.16341102
0,0.1530664
0,0.14014561
0,0.138932
0,0.13689531
0,0.16492437
0,0.18348578
0,0.18345164
0,0.16662586
0,0.14915344
0,0.18314064
0,0.20210914
0,0.24080196
0,0.17220426
0,0.20619754
0,0.21533538
0,0.16165213
0,0.15005022
0,0.1396936
0,0.1734993
0,0.19049014
0,0.22725011
0,0.24571443
0,0.2374828
0,0.21552154
0,0.25209257
0,0.23084754
0,0.2530737
0,0.2674451
0,0.28296334
0,0.28240836
0,0.24257556
0,0.1971113
0,0.16814457
0,0.15056454
0,0.1887473
0,0.15938945
0,0.18820061
0,0.20514399
0,0.17344709
0,0.15399079
0,0.17725228
0,0.20687827
0,0.2247504
0,0.24987902
0,0.26382765
0,0.18220732
0,0.19074683
0,0.16075344
0,0.19827215
0,0.15528868
0,0.14381446
0,0.20760109
0,0.15850149
0,0.1828233
0,0.1671625
0,0.15058208
0,0.1367172
0,0.13147412
0,0.15942971
0,0.18579681
0,0.21453997
0,0.16578566
0,0.14925241
0,0.14356658
0,0.17212535
0,0.1935704
0,0.15921544
0,0.150262
0,0.14048232
0,0.1578066
0,0.15267089
0,0.14143032
0,0.18544488
0,0.20471786
0,0.2481266
0,0.28009996
0,0.19662562
0,0.2298087
0,0.19570836
0,0.15999362
0,0.15668519
0,0.19595858
0,0.23684648
0,0.17239732
0,0.15070654
0,0.16149426
0,0.15410519
0,0.14165084
0,0.13101234
0,0.16139135
0,0.19394025
0,0.1567135
0,0.19215833
0,0.18244316
0,0.16391578
0,0.14660391
0,0.17875051
0,0.15261257
0,0.18294099
0,0.22834204
0,0.1666605
0,0.1705886
0,0.21152392
0,0.24531937
0,0.2824003
0,0.30863145
0,0.32813606
0,0.3442798
0,0.3187985
0,0.2125209
0,0.18265021
0,0.1574447
0,0.19416548
0,0.23173201
0,0.24852045
0,0.28792515
0,0.27595553
0,0.18656228
0,0.16493045
0,0.20807232
0,0.2299019
0,0.24384771
0,0.26585987
0,0.29128188
0,0.26705608
0,0.22934872
0,0.18579818
0,0.15293458
0,0.19852532
0,0.16208017
0,0.19671482
0,0.15256125
0,0.14046036
0,0.14707103
0,0.1383018
0,0.16206042
0,0.18764721
0,0.21894997
0,0.24671783
0,0.29245535
0,0.2632046
0,0.22595523
0,0.18594994
0,0.15798303
0,0.19475299
0,0.21514879
0,0.23873785
0,0.17259735
0,0.1819782
0,0.16478038
0,0.14746608
0,0.1452853
0,0.17147788
0,0.19765335
0,0.21424976
0,0.2432655
0,0.21788299
0,0.18586333
0,0.15610202
0,0.34038728
0,0.33175957
0,0.30090055
0,0.20921321
0,0.25004524
0,0.18336342
0,0.16722287
0,0.14427754
0,0.1816399
0,0.14756997
0,0.17484719
0,0.19930945
0,0.21506228
0,0.19947043
0,0.16730557
0,0.14481898
0,0.17364128
0,0.22360411
0,0.31440154
0,0.3335357
0,0.3286971
0,0.27778456
0,0.2171211
0,0.17290531
0,0.2161607
0,0.23362532
0,0.17581978
0,0.21946184
0,0.23107757
0,0.5963613
0,0.3959969
0,0.27670732
0,0.3238835
0,0.22720306
0,0.24237469
0,0.2795967
0,0.19260134
0,0.18511519
0,0.16516589
0,0.20664597
0,0.23386039
0,0.26066187
0,0.2909775
0,0.21130608
0,0.24538088
0,0.20500796
0,0.17207873
0,0.22040051
0,0.16745366
0,0.20026319
0,0.2134595
0,0.24631368
0,0.2516304
0,0.20465511
0,0.17195812
0,0.21428713
0,0.16439775
0,0.19237632
0,0.21146908
0,0.2771862
0,0.1916062
0,0.18638681
0,0.15451139
0,0.18896423
0,0.22838347
0,0.16586752
0,0.14526433
0,0.17615542
0,0.16181657
0,0.14651972
0,0.13667707
0,0.286176
0,0.19027805
0,0.23481019
0,0.26678726
0,0.2765108
0,0.24579422
0,0.1746613
0,0.153501
0,0.18598258
0,0.19650546
0,0.21895297
0,0.23509699
0,0.26824993
0,0.17648147
0,0.16558363
0,0.20505933
0,0.38962445
0,0.5158849
0,0.45081264
0,0.4207463
0,0.39431703
0,0.33992273
0,0.26225713
0,0.21103194
0,0.24659921
0,0.2783421
0,0.2863136
0,0.31870538
0,0.22083202
0,0.31564555
0,0.22513965
0,0.17529021
0,0.1584374
0,0.202762
0,0.21989183
0,0.2356277
0,0.24798372
0,0.20588453
0,0.17121604
0,0.19525036
0,0.16787302
0,0.20149529
0,0.22954524
0,0.24679065
0,0.23690763
0,0.20136985
0,0.16404243
0,0.20273714
0,0.23882894
0,0.27800262
0,0.3187702
0,0.3132139
0,0.2015291
0,0.19848442
0,0.16656713
0,0.2302013
0,0.24054334
0,0.17439853
0,0.14908385
0,0.18970148
0,0.2044717
0,0.17751108
0,0.15340184
0,0.1842955
0,0.15199481
0,0.1760964
0,0.2118504
0,0.23206677
0,0.21243203
0,0.18648298
0,0.1540258
0,0.14331378
0,0.1743572
0,0.26595825
0,0.1924073
0,0.22406523
0,0.21497212
0,0.18080671
0,0.1537348
0,0.19360563
0,0.22003196
0,0.3501301
0,0.34185496
0,0.22813869
0,0.22439693
0,0.1995702
0,0.16099836
0,0.1924101
0,0.21987806
0,0.16117804
0,0.22322553
0,0.16502471
0,0.1724883
0,0.15900101
0,0.14196561
0,0.17268358
0,0.19384788
0,0.16087794
0,0.19868334
0,0.15945227
0,0.16291955
0,0.15305701
0,0.18543519
0,0.21541598
0,0.24039292
0,0.34112525
0,0.22547247
0,0.24608774
0,0.18648812
0,0.16562045
0,0.20088793
0,0.22734354
0,0.2553238
0,0.27427712
0,0.28731504
0,0.29484734
0,0.25876775
0,0.20084266
0,0.23564176
0,0.17016283
0,0.22142556
0,0.28638157
0,0.35114437
0,0.3174777
0,0.21372922
0,0.18154846
0,0.16268171
0,0.20239338
0,0.24850641
0,0.24602945
0,0.25940108
0,0.2443698
0,0.21120502
0,0.16978489
0,0.21661122
0,0.23137975
0,0.24040346
0,0.26396444
0,0.2642923
0,0.37295103
0,0.29124865
0,0.20870082
0,0.17497087
0,0.22314891
0,0.23449145
0,0.24980994
0,0.26191851
0,0.23199989
0,0.19370484
0,0.20994562
0,0.2512051
0,0.2685115
0,0.27970743
0,0.29977205
0,0.29049182
0,0.2554172
0,0.20621969
0,0.17096269
0,0.20333725
0,0.16137592
0,0.20967148
0,0.22187562
0,0.2299208
0,0.22350495
0,0.18870723
0,0.20699915
0,0.21983194
0,0.23904958
0,0.24308436
0,0.24487215
0,0.26433188
0,0.17836888
0,0.158698
0,0.18458402
0,0.20031029
0,0.21989484
0,0.17388114
0,0.20805389
0,0.22260223
0,0.19911873
0,0.16910194
0,0.1521017
0,0.183427
0,0.3250979
0,0.30350217
0,0.33643484
0,0.22229387
0,0.17311053
0,0.15907532
0,0.1409617
0,0.13405253
0,0.1611713
0,0.18122195
0,0.15513514
0,0.16884579
0,0.1615841
0,0.14708714
0,0.17094605
0,0.1540048
0,0.17788738
0,0.21015833
0,0.23797105
0,0.23768486
0,0.20995785
0,0.17609443
0,0.20961887
0,0.22660497
0,0.24168335
0,0.18201587
0,0.23962422
0,0.18140233
0,0.17306216
0,0.15489794
0,0.18877995
0,0.22083949
0,0.25335044
0,0.2920495
0,0.30664805
0,0.27343723
0,0.22426467
0,0.17791978
0,0.3978542
0,0.37768367
0,0.35718322
0,0.37537855
0,0.36494163
0,0.31485003
0,0.21395768
0,0.26333714
0,0.2763372
0,0.29162446
0,0.2933344
0,0.21558708
0,0.24966766
0,0.23334387
1,0.19228132
1,0.22547099
1,0.2545658
1,0.31214777
1,0.31697696
1,0.32298845
1,0.32949796
1,0.2847427
1,0.23025236
1,0.18583873
1,0.23508948
1,0.2538644
1,0.28937113
1,0.30585587
1,0.29823405
0,0.8364384
0,0.6252297
0,0.5646942
0,0.3858232
0,0.39708135
0,0.38560227
0,0.37374353
0,0.33574325
0,0.2871111
0,0.22854316
0,0.27396697
0,0.20181853
0,0.245077
0,0.27229637
0,0.29201788
0,0.2680931
0,0.23413777
0,0.18356082
0,0.2244399
0,0.262715
0,0.27368483
0,0.29390445
0,0.3082861
0,0.28174862
0,0.23221746
0,0.19566147
0,0.17614235
0,0.16037613
0,0.18685855
0,0.14503284
0,0.15994965
0,0.1608886
0,0.15302777
0,0.13986076
0,0.16170162
0,0.17491952
0,0.18626484
0,0.19819358
0,0.22750442
0,0.20441657
0,0.17189755
0,0.15052366
0,0.1733464
0,0.18695237
0,0.21334235
0,0.21925385
0,0.21882628
0,0.20257303
0,0.17299888
0,0.14615704
0,0.17348371
0,0.18374486
0,0.20531577
0,0.2249811
0,0.22406629
0,0.19558635
0,0.16631562
0,0.19944416
0,0.21478525
0,0.22709958
0,0.23853132
0,0.24852012
0,0.24917194
0,0.18050785
0,0.15272367
0,0.14178333
0,0.16332726
0,0.1780261
0,0.19317576
0,0.20594312
0,0.20941474
0,0.18310434
0,0.15860362
0,0.1814639
0,0.19581144
0,0.20615265
0,0.21590827
0,0.2263671
0,0.22645183
0,0.19031993
0,0.15807994
0,0.17964338
0,0.20858835
0,0.21373828
0,0.21709849
0,0.22683781
0,0.22388403
0,0.19449183
0,0.1615254
0,0.19461173
0,0.20477058
0,0.21074171
0,0.2175867
0,0.21721482
0,0.20378791
0,0.15893309
0,0.14368652
0,0.16847107
0,0.18462591
0,0.19873896
0,0.21157616
0,0.22251359
0,0.21062402
0,0.17722772
0,0.1516858
0,0.18020889
0,0.19341236
0,0.20539002
0,0.27080953
0,0.25582552
0,0.23419869
0,0.17691496
0,0.14957747
0,0.17350778
0,0.18183324
0,0.19414175
0,0.22365177
0,0.2194524
0,0.20370227
0,0.17545074
0,0.20720723
0,0.21917433
0,0.22404921
0,0.22872001
0,0.23362327
0,0.16583484
0,0.16820563
0,0.15372118
0,0.13833794
0,0.1305232
0,0.1283281
0,0.15295595
0,0.16222884
0,0.17368732
0,0.16485481
0,0.15069617
0,0.17230475
0,0.14823489
0,0.13975023
0,0.1641315
0,0.14537176
0,0.16513291
0,0.16110586
0,0.1486468
0,0.17197181
0,0.18895958
0,0.21560982
0,0.2300653
0,0.2458564
0,0.25370082
0,0.22462954
0,0.16793244
0,0.2011199
0,0.21768284
0,0.2495395
0,0.24788591
0,0.256745
0,0.23876627
0,0.1966962
0,0.15344687
0,0.17543615
0,0.18698646
0,0.19537722
0,0.22015764
0,0.23082119
0,0.22224012
0,0.19450988
0,0.1604636
0,0.1884772
0,0.20619439
0,0.21656042
0,0.23266107
0,0.23817173
0,0.2247319
0,0.18641095
0,0.1564998
0,0.18321991
0,0.19696079
0,0.21452647
0,0.22546805
0,0.2263999
0,0.20515491
0,0.17517026
0,0.14930718
0,0.18317695
0,0.19174635
0,0.20189205
0,0.22337891
0,0.22066787
0,0.16429691
0,0.15334338
0,0.13783234
0,0.1582633
0,0.13898954
0,0.13341141
0,0.15342815
0,0.16812111
0,0.1652888
0,0.1417987
0,0.13303125
0,0.1622
0,0.17151722
0,0.19038372
0,0.21081325
0,0.21795085
0,0.20257965
0,0.1647364
0,0.1962859
0,0.21932411
0,0.2288463
0,0.24212013
0,0.24964981
0,0.24819873
0,0.21561706
0,0.17316581
0,0.20091659
0,0.21767114
0,0.23217446
0,0.2430377
0,0.24560794
0,0.24158703
0,0.20174628
0,0.17085126
0,0.19020407
0,0.21226983
0,0.21881542
0,0.22782412
0,0.24580643
0,0.24095117
0,0.19877039
0,0.16276705
0,0.18359484
0,0.19208193
0,0.20393965
0,0.20331496
0,0.21829653
0,0.20517875
0,0.18278216
0,0.15506327
0,0.18385527
0,0.2004753
0,0.21476911
0,0.26867646
0,0.25977117
0,0.23411034
0,0.1991532
0,0.16013215
0,0.18919171
0,0.20479797
0,0.21884997
0,0.23102164
0,0.23324344
0,0.21785732
0,0.18590696
0,0.15488438
0,0.17946544
0,0.14887409
0,0.13654412
0,0.15912312
0,0.16825287
0,0.1641934
0,0.15238962
0,0.13948993
0,0.16005091
0,0.14351484
0,0.16244397
0,0.17321272
0,0.17939201
0,0.17191882
0,0.15410735
0,0.13907817
0,0.13307907
0,0.15580656
0,0.16628197
0,0.17572004
0,0.1906323
0,0.18316874
0,0.16540344
0,0.19435288
0,0.21756828
0,0.24405912
0,0.26326558
0,0.2753038
0,0.27020913
0,0.23253757
0,0.1774662
0,0.21070775
0,0.22335695
0,0.23707093
0,0.25569403
0,0.26181102
0,0.252996
0,0.21955949
0,0.1763126
0,0.20475721
0,0.2160342
0,0.22842638
0,0.2411645
0,0.24622685
0,0.24286444
0,0.20372015
0,0.16635774
0,0.19781815
0,0.20519142
0,0.2127231
0,0.21982473
0,0.27745616
0,0.24745905
0,0.2080711
0,0.16823189
0,0.20209432
0,0.22158964
0,0.25713217
0,0.29857558
0,0.2908522
0,0.26009625
0,0.21662539
0,0.17138067
0,0.20375362
0,0.15939584
0,0.14323919
0,0.17029504
0,0.14748803
0,0.13813795
0,0.13966255
0,0.13422349
0,0.15632917
0,0.17007768
0,0.18211345
0,0.18764694
0,0.19844374
0,0.18779105
0,0.16816854
0,0.14920148
0,0.17032865
0,0.1829527
0,0.19590254
0,0.20648909
0,0.21174249
0,0.1998303
0,0.17246053
0,0.1480146
0,0.16905525
0,0.18337527
0,0.19446848
0,0.22688557
0,0.2204966
0,0.19634594
0,0.22634152
0,0.16363734
0,0.14263408
0,0.17226183
0,0.14871897
0,0.17107989
0,0.18232551
0,0.16811684
0,0.15450516
0,0.17516011
0,0.1924579
0,0.20020443
0,0.21641095
0,0.16126966
0,0.17924534
0,0.1651969
0,0.15347414
0,0.17110069
0,0.18361466
0,0.20496832
0,0.20876637
0,0.23111492
0,0.21962944
0,0.18995638
0,0.2608022
0,0.2520723
0,0.24956638
0,0.17366935
0,0.1977263
0,0.21689942
0,0.21622851
0,0.18731807
0,0.15580733
0,0.18754858
0,0.20242256
0,0.21845663
0,0.17191423
0,0.14881808
0,0.16194497
0,0.1546005
0,0.13897566
0,0.15896617
0,0.17410205
0,0.18816192
0,0.2020689
0,0.20932363
0,0.20185965
0,0.17093961
0,0.1475187
0,0.1409636
0,0.1656888
0,0.1758261
0,0.18909144
0,0.15462336
0,0.16454512
0,0.15276287
0,0.13932106
0,0.1621122
0,0.17368133
0,0.1836157
0,0.20684198
0,0.21264736
0,0.19563295
0,0.1660533
0,0.14522733
0,0.17392442
0,0.1947124
0,0.15597694
0,0.18382142
0,0.1856014
0,0.17131184
0,0.15470049
0,0.18309285
0,0.1523038
0,0.14051259
0,0.13804731
0,0.12958984
0,0.12457201
0,0.15132172
0,0.16713619
0,0.18238103
0,0.19320513
0,0.74009585
0,0.506407
0,0.42876253
0,0.29897135
0,0.33140558
0,0.33639643
0,0.33505192
0,0.3649277
0,0.34895638
0,0.3243626
0,0.26959687
0,0.20819668
0,0.24942377
0,0.27133024
0,0.29011
0,0.1991477
0,0.16534619
0,0.14701621
0,0.1522658
0,0.13986158
0,0.17910351
0,0.20011221
0,0.21729279
0,0.24182895
0,0.24245395
0,0.22093937
0,0.19332002
0,0.16020973
0,0.1918013
0,0.19798632
0,0.20976599
0,0.22281322
0,0.22564451
0,0.20377135
0,0.1725499
0,0.14745481
0,0.16862166
0,0.18514821
0,0.19855395
0,0.21024731
0,0.2289669
0,0.20188682
0,0.1719494
0,0.14697334
0,0.18669435
0,0.2055795
0,0.19412328
0,0.15061736
0,0.17492817
0,0.16399643
0,0.1509564
0,0.17484897
0,0.19423442
0,0.21173632
0,0.23363437
0,0.25002173
0,0.25260925
0,0.21324009
0,0.17299499
0,0.20222059
0,0.21771415
0,0.23304586
0,0.24451536
0,0.25462833
0,0.24641106
0,0.21279073
0,0.17364979
0,0.20022573
0,0.21327047
0,0.2228125
0,0.23362516
0,0.1700395
0,0.18655461
0,0.16819611
0,0.14822486
0,0.17220391
0,0.19187406
0,0.15013939
0,0.18195991
0,0.14803602
0,0.13564314
0,0.12902795
0,0.130408
0,0.12496966
0,0.1541551
0,0.1736174
0,0.1916341
0,0.20519127
0,0.20416926
0,0.18115163
0,0.15910141
0,0.16684814
0,0.19200084
0,0.21775438
0,0.24053884
0,0.2724172
0,0.24736623
0,0.20409997
0,0.16276343
0,0.1972243
0,0.21384777
0,0.2283044
0,0.25663298
0,0.27413177
0,0.2427315
0,0.20116243
0,0.16477665
0,0.20940076
0,0.16363558
0,0.19496666
0,0.15123022
0,0.1378903
0,0.14922217
0,0.1424394
0,0.13139164
0,0.14353178
0,0.13150066
0,0.12718414
0,0.12520193
0,0.15064478
0,0.15484059
0,0.14887004
0,0.13940603
0,0.17594746
0,0.20665884
0,0.22567682
0,0.25957286
0,0.27275404
0,0.25223356
0,0.19896609
0,0.16171458
0,0.20056519
0,0.2464022
0,0.27756357
0,0.29910037
0,0.29019538
0,0.26235625
0,0.2081383
0,0.2566042
0,0.28543508
0,0.30552426
0,0.32677126
0,0.33472583
0,0.30371228
0,0.24944401
0,0.19698271
0,0.24027087
0,0.17190225
0,0.14703721
0,0.18728589
0,0.20624326
0,0.202341
0,0.17710416
0,0.15279834
0,0.17919779
0,0.23813532
0,0.2556956
0,0.27468508
0,0.28021708
0,0.25750306
0,0.1785303
0,0.15724249
0,0.19118094
0,0.21084948
0,0.22940001
0,0.24561352
0,0.26862898
0,0.24071652
0,0.19893394
0,0.15779063
0,0.20237592
0,0.23309256
0,0.2608024
0,0.28212833
0,0.19235134
0,0.1958387
0,0.15634514
0,0.14046869
0,0.13105178
0,0.14369418
0,0.13117462
0,0.12624376
0,0.15335469
0,0.15398228
0,0.13884757
0,0.13211472
0,0.16392377
0,0.18649837
0,0.20493498
0,0.23202792
0,0.24335444
0,0.22261561
0,0.16429149
0,0.15005904
0,0.18144803
0,0.20217094
0,0.22395372
0,0.24391231
0,0.24335426
0,0.2049677
0,0.20647298
0,0.23872541
0,0.2626826
0,0.18853584
0,0.21929924
0,0.25776
0,0.24288929
0,0.20542553
0,0.16643763
0,0.14525136
0,0.17822966
0,0.2028942
0,0.24270587
0,0.25532997
0,0.2286138
0,0.19401126
0,0.16102456
0,0.19631815
0,0.22613351
0,0.2457657
0,0.266605
0,0.18132883
0,0.19460279
0,0.17341024
0,0.14954647
0,0.17854652
0,0.14440998
0,0.171048
0,0.19291717
0,0.20605092
0,0.20000346
0,0.18079019
0,0.15397751
0,0.13412695
0,0.16287419
0,0.13905948
0,0.17213055
0,0.19696133
0,0.18939982
0,0.15151064
0,0.14265326
0,0.14785857
0,0.13322613
0,0.16118008
0,0.1740675
0,0.19557461
0,0.18847358
0,0.16993433
0,0.15132472
0,0.17763874
0,0.20795009
0,0.21740696
0,0.2322611
0,0.25419873
0,0.22766237
0,0.18760078
0,0.15285702
0,0.19260167
0,0.22147234
0,0.2397787
0,0.24431951
0,0.25723708
0,0.22306703
0,0.18056162
0,0.14919642
0,0.18308942
0,0.6824426
0,0.39393562
0,0.43583962
0,0.41429943
0,0.3411532
0,0.22610162
0,0.17687832
0,0.15333423
0,0.19299267
0,0.22197567
0,0.24768673
0,0.17911693
0,0.14887215
0,0.14629573
0,0.17129342
0,0.19312981
0,0.21251868
0,0.24874952
0,0.263719
0,0.2562435
0,0.21707799
0,0.17604855
0,0.21159741
0,0.25072536
0,0.28169197
0,0.30809534
0,0.3160102
0,0.2884826
0,0.24162613
0,0.18147261
0,0.22011839
0,0.23674825
0,0.25589994
0,0.2796665
0,0.28049627
0,0.25324652
0,0.20781493
0,0.1662503
0,0.20010431
0,0.22005431
0,0.26539052
0,0.270406
0,0.18660915
0,0.19431433
0,0.17159522
0,0.17417932
0,0.19421618
0,0.15333597
0,0.17975599
0,0.19671722
0,0.15413539
0,0.16124949
0,0.15151781
0,0.13686818
0,0.16586302
0,0.1862272
0,0.21065834
0,0.23783602
0,0.25208312
0,0.22146526
0,0.18185094
0,0.15185861
0,0.15770154
0,0.18528578
0,0.20782144
0,0.22942331
0,0.24101333
0,0.20819518
0,0.17203969
0,0.14474069
0,0.17566559
0,0.19950235
0,0.15229867
0,0.13765033
0,0.13060561
0,0.14102018
0,0.13620299
0,0.15966326
0,0.17559364
0,0.16539252
0,0.18522072
0,0.20270701
0,0.20925081
0,0.18771291
0,0.16174132
0,0.19254091
0,0.15609297
0,0.30041513
0,0.19324623
0,0.23917113
0,0.24236347
0,0.21275342
0,0.16918996
0,0.20994087
0,0.24196509
0,0.17414944
0,0.16874692
0,0.19847682
0,0.18996604
0,0.16926944
0,0.15040497
0,0.18642555
0,0.20576644
0,0.22301172
0,0.15901795
0,0.189259
0,0.19247127
0,0.1702823
0,0.14970115
0,0.17589395
0,0.19540426
0,0.2152241
0,0.2346412
0,0.18896651
0,0.19068724
0,0.17120565
0,0.14725208
0,0.17208089
0,0.14617889
0,0.16732712
0,0.18274444
0,0.204887
0,0.19130982
0,0.1663667
0,0.14666088
0,0.1765908
0,0.20033331
0,0.22800034
0,0.25153327
0,0.26153255
0,0.17533477
0,0.16152117
0,0.14292975
0,0.17215508
0,0.14347953
0,0.17000443
0,0.19814636
0,0.20418186
0,0.15557393
0,0.14998518
0,0.1339341
0,0.16262722
0,0.18094291
0,0.14761242
0,0.17474352
0,0.18439654
0,0.1731454
0,0.15341482
0,0.13817446
0,0.16552727
0,0.18254894
0,0.2123019
0,0.2300531
0,0.22968352
0,0.20474921
0,0.16787489
0,0.21301104
0,0.24785267
0,0.26600727
0,0.29065865
0,0.297894
0,0.27483502
0,0.23515868
0,0.18249416
0,0.15642586
0,0.19474864
0,0.22328623
0,0.24627994
0,0.17061089
0,0.18590045
0,0.16650179
0,0.14747481
0,0.17655261
0,0.19806387
0,0.21669902
0,0.24353226
0,0.24929167
0,0.22957559
0,0.1913076
0,0.15767646
0,0.18875147
0,0.15170202
0,0.17936534
0,0.19955231
0,0.22409308
0,0.1546156
0,0.15436742
0,0.14070284
0,0.1645588
0,0.1788076
0,0.20903856
0,0.24233657
0,0.2617682
0,0.233503
0,0.1702977
0,0.14974834
0,0.18785217
0,0.21376486
0,0.1530777
0,0.1928574
0,0.21258698
0,0.19486438
0,0.15452684
0,0.14069025
0,0.17003308
0,0.19424553
0,0.2181906
0,0.30768415
0,0.19418249
0,0.198437
0,0.24443921
0,0.16763912
0,0.14624012
0,0.17983665
0,0.2056607
0,0.15256324
0,0.17366034
0,0.1667427
0,0.15165703
0,0.13743092
0,0.16520303
0,0.19121891
0,0.15605202
0,0.1881891
0,0.19492985
0,0.1774671
0,0.15778992
0,0.14378159
0,0.17658873
0,0.20445162
0,0.1594253
0,0.14519182
0,0.13389584
0,0.129719
0,0.13093539
0,0.16258436
0,0.1861267
0,0.2092592
0,0.25771838
0,0.27951515
0,0.26848483
0,0.18428871
0,0.16120088
0,0.20122066
0,0.23064283
0,0.26896432
0,0.28291792
0,0.30547467
0,0.26550817
0,0.1762205
0,0.1567907
0,0.19320606
0,0.21166003
0,0.23508103
0,0.2719195
0,0.28886363
0,0.25571787
0,0.20784777
0,0.17066844
0,0.24385974
0,0.27603817
0,0.29082158
0,0.3044225
0,0.20382065
0,0.17380676
0,0.14872612
0,0.13787822
0,0.16681197
0,0.19313008
0,0.218584
0,0.24708374
0,0.25629738
0,0.22404073
0,0.1853196
0,0.15185344
0,0.13998531
0,0.16905566
0,0.19646448
0,0.2301092
0,0.23697625
0,0.20736973
0,0.1738479
0,0.14718239
0,0.13748208
0,0.16457939
0,0.18421201
0,0.2055099
0,0.20960417
0,0.18952933
0,0.16247995
0,0.1429631
0,0.18861982
0,0.22555968
0,0.25301003
0,0.2725846
0,0.18713695
0,0.18223108
0,0.15750667
0,0.19899198
0,0.22712749
0,0.16958375
0,0.21817957
0,0.24353516
0,0.23521967
0,0.20071064
0,0.16224064
0,0.20291062
0,0.23265204
0,0.2603539
0,0.28256184
0,0.28870967
0,0.26687583
0,0.22077248
0,0.17463015
0,0.21209805
0,0.23420389
0,0.2526602
0,0.17701466
0,0.21221474
0,0.20437694
0,0.15448605
0,0.1436324
0,0.17456755
0,0.20907381
0,0.24478915
0,0.16620094
0,0.20912501
0,0.1771029
0,0.163754
0,0.14337248
0,0.17583448
0,0.2056152
0,0.2382706
0,0.27661088
0,0.18821803
0,0.19378237
0,0.17047417
0,0.1475501
0,0.18325047
0,0.21932325
0,0.2476149
0,0.27359164
0,0.3186015
0,0.26846245
0,0.21595645
0,0.16935502
0,0.21451117
0,0.23688255
0,0.26025903
0,0.29173356
0,0.27978694
0,0.18795882
0,0.17189893
0,0.14592132
0,0.18269221
0,0.20136194
0,0.24117336
0,0.25643682
0,0.25350612
0,0.22222777
0,0.18165587
0,0.14817558
0,0.1962219
0,0.24629243
0,0.27043954
0,0.18037534
0,0.20711835
0,0.18799548
0,0.14892979
0,0.13584109
0,0.1694045
0,0.195375
0,0.22602256
0,0.24983057
0,0.2422746
0,0.20756453
0,0.17135529
0,0.21244305
0,0.24161406
0,0.26890385
0,0.29256725
0,0.2969881
0,0.27505603
0,0.22150528
0,0.17849962
0,0.1508097
0,0.19123039
0,0.21438484
0,0.23773575
0,0.2674516
0,0.24423124
0,0.20175947
0,0.16559415
0,0.14286445
0,0.13103133
0,0.1255608
0,0.16094367
0,0.18216608
0,0.17667118
0,0.16269144
0,0.14674577
0,0.18269478
0,0.14815973
0,0.13990265
0,0.17404883
0,0.19471648
0,0.18526815
0,0.16795163
0,0.14958777
0,0.18379661
0,0.1533561
0,0.18717954
0,0.21719325
0,0.23326413
0,0.21267872
0,0.17853302
0,0.15193102
0,0.191134
0,0.22727658
0,0.16488245
0,0.21122989
0,0.2271894
0,0.20522937
0,0.17152984
0,0.14630328
0,0.17649104
0,0.21783748
0,0.26103234
0,0.27936292
0,0.27593586
0,0.31030062
0,0.23101003
0,0.17594784
0,0.23027644
0,0.26711926
0,0.29697222
0,0.1933091
0,0.25283295
0,0.21690324
0,0.1796421
0,0.2252234
0,0.25716928
0,0.28506693
0,0.3188676
0,0.32499897
0,0.30291
0,0.251495
0,0.19937946
0,0.25019646
0,0.26867062
0,0.29019418
0,0.31860328
0,0.3389232
0,0.22629753
0,0.21064484
0,0.16599171
0,0.20454681
0,0.22730187
0,0.24744788
0,0.268349
0,0.29733333
0,0.27586734
0,0.22429104
0,0.17735283
0,0.2329165
0,0.27125266
0,0.29433188
0,0.3200648
0,0.3271935
0,0.28754973
0,0.18743838
0,0.16586408
0,0.21744566
0,0.24840705
0,0.2774661
0,0.32049125
0,0.32248607
0,0.2802654
0,0.22642653
0,0.17748207
0,0.22643371
0,0.25669485
0,0.29871863
0,0.30722362
0,0.30189636
0,0.2631825
0,0.21312772
0,0.16887741
0,0.21165891
0,0.23637603
0,0.25885484
0,0.2781694
0,0.27569816
0,0.24060048
0,0.19489744
0,0.1578113
0,0.20843253
0,0.24618047
0,0.28533506
0,0.30671296
0,0.19821975
0,0.19735405
0,0.17015482
0,0.208237
0,0.15402602
0,0.19946986
0,0.23689866
0,0.26931134
0,0.25198737
0,0.2184618
0,0.2604719
0,0.28828362
0,0.30809185
0,0.32480907
0,0.34846506
0,0.35810333
0,0.3231747
0,0.26582962
0,0.29903895
0,0.21405293
0,0.34787318
0,0.21348733
0,0.28850767
0,0.3163317
0,0.28789163
0,0.23752801
0,0.18796553
0,0.26053014
0,0.17293496
0,0.23867124
0,0.271714
0,0.38404155
0,0.3211807
0,0.26253965
0,0.19842103
0,0.419525
0,0.4057042
0,0.40696362
0,0.26311406
0,0.31546545
0,0.28818813
0,0.23635423
0,0.18730697
0,0.24002832
0,0.26874897
0,0.18988779
0,0.24292634
0,0.25592238
0,0.23480669
0,0.19184192
0,0.16133612
0,0.36142656
0,0.34995157
0,0.36032042
0,0.3685132
0,0.23545885
0,0.24403723
0,0.20777513
0,0.16354528
0,0.22057827
0,0.26075023
0,0.29785946
0,0.20664221
0,0.16960733
0,0.1736915
0,0.15292709
0,0.19251645
0,0.22824639
0,0.24934502
0,0.2852582
0,0.30441248
0,0.32275513
0,0.20531312
0,0.18114017
0,0.25072652
0,0.28638473
0,0.30796924
0,0.32870156
0,0.3527195
0,0.31680468
0,0.21962224
0,0.18078205
0,0.22913042
0,0.2529
0,0.28756866
0,0.2940607
0,0.18734337
0,0.2096406
0,0.18648581
0,0.15020101
0,0.13849261
0,0.17461178
0,0.26633984
0,0.2842474
0,0.30806535
0,0.27638093
0,0.22942872
0,0.18038262
0,0.23023969
0,0.26982856
0,0.18243149
0,0.24902514
0,0.27137932
0,0.24709465
0,0.20741165
0,0.16777764
0,0.14384332
0,0.18652011
0,0.220172
0,0.256222
0,0.27165788
0,0.24720414
0,0.20337488
0,0.16334617
0,0.21351098
0,0.2536019
0,0.17996366
0,0.22593005
0,0.24500956
0,0.16791871
0,0.16046964
0,0.1430144
0,0.17250901
0,0.14592518
0,0.1878599
0,0.24323556
0,0.24999142
0,0.20488605
0,0.17835239
0,0.15057147
0,0.1981272
0,0.24197362
0,0.28845018
0,0.31811562
0,0.30806366
0,0.20569254
0,0.18125874
0,0.1502631
0,0.20009759
0,0.23687306
0,0.16746749
0,0.23796205
0,0.23936011
0,0.20943621
0,0.17603676
0,0.1484397
0,0.19149742
0,0.2304002
0,0.2869879
0,0.19331874
0,0.21909648
0,0.19638182
0,0.16775645
0,0.20853035
0,0.2396578
0,0.2777556
0,0.3039796
0,0.19610058
0,0.22222435
0,0.19538276
0,0.16533072
0,0.20517778
0,0.243115
0,0.27096692
0,0.31546426
0,0.33527958
0,0.301175
0,0.24786031
0,0.19392508
0,0.25973788
0,0.2909663
0,0.33891037
0,0.3582482
0,0.36791852
0,0.24050267
0,0.22084089
0,0.17805351
0,0.22624384
0,0.26747373
0,0.1726304
0,0.1503558
0,0.1379096
0,0.13049932
0,0.13740058
0,0.13123724
0,0.1650306
0,0.19388853
0,0.22560062
0,0.2671185
0,0.18490799
0,0.16484286
0,0.15056878
0,0.1370281
0,0.1727111
0,0.2014486
0,0.2792286
0,0.3218744
0,0.32190073
0,0.28422806
0,0.24623798
0,0.18212897
0,0.259007
0,0.30837238
0,0.367891
0,0.39923912
0,0.3698945
0,0.3131948
0,0.22727664
0,0.17970031
0,0.2428915
0,0.30175647
0,0.32203043
0,0.21158922
0,0.24579097
0,0.22008173
0,0.239184
0,0.17306726
0,0.2368298
0,0.28753263
0,0.31278068
0,0.34780914
0,0.33763087
0,0.2797461
0,0.22237812
0,0.17100537
0,0.31120136
0,0.32543492
0,0.2034283
0,0.28329813
0,0.18231413
0,0.18764468
0,0.16450796
0,0.22125018
0,0.26863647
0,0.31816682
0,0.36369973
0,0.38197166
0,0.4140256
0,0.31878215
0,0.2437211
0,0.31316966
0,0.35216728
0,0.23081917
0,0.30076712
0,0.32602087
0,0.3003219
0,0.19780952
0,0.16803634
0,0.1420591
0,0.19372226
0,0.24618225
0,0.28885323
0,0.30461445
0,0.27727592
0,0.22208159
0,0.17779061
0,0.24129982
0,0.296194
0,0.3272746
0,0.20959185
0,0.16175033
0,0.18094653
0,0.16649361
0,0.14706816
0,0.1976217
0,0.24439517
0,0.29387248
0,0.33154714
0,0.32871795
0,0.3676058
0,0.24543788
0,0.32287127
0,0.35588834
0,0.38427866
0,0.40450987
0,0.41836748
0,0.2633139
0,0.20652701
0,0.18826506
0,0.15728958
0,0.2084297
0,0.24776863
0,0.28606334
0,0.33164284
0,0.3040776
0,0.2633986
0,0.21548003
0,0.17091425
0,0.33771294
0,0.36385715
0,0.3895037
0,0.40954223
0,0.36970416
0,0.23191519
0,0.20668022
0,0.16543986
0,0.2356156
0,0.2846206
0,0.3524548
0,0.3656602
0,0.3314795
0,0.27881363
0,0.23034626
0,0.29636618
0,0.3468585
0,0.38285837
0,0.39598617
0,0.26205856
0,0.20517951
0,0.16882667
0,0.14983816
0,0.2033365
0,0.24340817
0,0.35666278
0,0.36352324
0,0.24126208
0,0.25710997
0,0.21866545
0,0.17451873
0,0.2302899
0,0.38995734
0,0.39614722
0,0.41311914
0,0.40516704
0,0.35197517
0,0.28172854
0,0.19376655
0,0.16414066
0,0.2902957
0,0.30525675
0,0.35249725
0,0.34741297
0,0.3058949
0,0.25561103
0,0.19653197
0,0.27761868
0,0.33609012
0,0.3657489
0,0.37699115
0,0.23842348
0,0.24386278
0,0.20657726
0,0.16348293
0,0.14096077
0,0.1317853
0,0.17478305
0,0.21194792
0,0.3022232
0,0.34870166
0,0.25418118
0,0.18466514
0,0.15704446
0,0.2152184
0,0.27000535
0,0.32441396
0,0.313352
0,0.2663792
0,0.21162277
0,0.16447607
0,0.21134265
0,0.15842412
0,0.14229533
0,0.19361433
0,0.22924697
0,0.200194
0,0.1693463
0,0.14603022
0,0.20368549
0,0.27038333
0,0.31735682
0,0.3552618
0,0.32872492
0,0.27683312
0,0.18911307
0,0.25455207
0,0.30178908
0,0.3386932
0,0.36804518
0,0.2365468
0,0.25853458
0,0.2237505
0,0.17910165
0,0.24796765
0,0.28492385
0,0.31925485
0,0.36709255
0,0.37265605
0,0.33536032
0,0.27667782
0,0.2141272
0,0.27294853
0,0.30094424
0,0.32519984
0,0.36765045
0,0.3608661
0,0.22604264
0,0.2135767
0,0.17496778
0,0.22594053
0,0.26455075
0,0.31367803
0,0.35514265
0,0.34635004
0,0.21273576
0,0.19580896
0,0.15112308
0,0.24445128
0,0.17970219
0,0.2863673
0,0.18597642
0,0.22935958
0,0.21509221
0,0.15978904
0,0.14612184
0,0.34195256
0,0.36829752
0,0.40128803
0,0.4173405
0,0.39254126
0,0.32505724
0,0.26164544
0,0.19696963
0,0.26541087
0,0.17940833
0,0.2737664
0,0.31536013
0,0.30817947
0,0.2655356
0,0.21544003
0,0.16233867
0,0.22354858
0,0.27128023
0,0.31425446
0,0.35358706
0,0.3273161
0,0.28285667
0,0.22655584
0,0.17256694
0,0.15377174
0,0.22890982
0,0.15974699
0,0.14339711
0,0.16473043
0,0.16158634
0,0.14750367
0,0.18956798
0,0.15641554
0,0.20713964
0,0.27721027
0,0.30751157
0,0.2906612
0,0.24370396
0,0.19030897
0,0.25650072
0,0.30397508
0,0.34307075
0,0.37071353
0,0.2436728
0,0.25887445
0,0.22145052
0,0.17815755
0,0.15109207
0,0.20818058
0,0.15880036
0,0.21515983
0,0.24688244
0,0.23451144
0,0.19783403
0,0.1628221
0,0.24039292
0,0.29108053
0,0.19970055
0,0.27306157
0,0.29262477
0,0.2651752
0,0.22344862
0,0.17556365
0,0.2449789
0,0.29673272
0,0.33798358
0,0.21786782
0,0.27010453
0,0.24768886
0,0.20625468
0,0.16673355
0,0.2303522
0,0.28509873
0,0.33722633
0,0.3656857
0,0.24197176
0,0.18823308
0,0.17469041
0,0.15017755
0,0.2013887
0,0.15068287
0,0.1404606
0,0.1902625
0,0.1522658
0,0.16035359
0,0.15105942
0,0.13764302
0,0.130602
0,0.16812246
0,0.2132141
0,0.1625268
0,0.14153048
0,0.15442443
0,0.13917641
0,0.18481943
0,0.1465541
0,0.14241013
0,0.19235164
0,0.23595658
0,0.24331544
0,0.17068738
0,0.17829818
0,0.25358492
0,0.33347046
0,0.38771373
0,0.4235954
0,0.42514616
0,0.37303838
0,0.3001547
0,0.232454
0,0.2968597
0,0.42499328
0,0.4235249
0,0.42790455
0,0.42374155
0,0.3688029
0,0.23814104
0,0.18998069
0,0.26179326
0,0.29908744
0,0.18996146
0,0.1670405
0,0.21140505
0,0.20428935
0,0.18040417
0,0.15265818
0,0.13740101
0,0.12665795
0,0.12153974
0,0.11819963
0,0.14973062
0,0.15714395
0,0.13410914
0,0.13455261
0,0.13053216
0,0.13577485
0,0.13797787
0,0.21338835
0,0.27116916
0,0.34586403
0,0.38768852
0,0.34846365
0,0.25476003
0,0.40604338
0,0.5441054
0,0.5978081
0,0.59250414
0,0.54978734
0,0.50104594
0,0.415245
0,0.30338016
0,0.23956454
0,0.2144908
0,0.3274634
0,0.43281978
0,0.42184058
0,0.36254495
0,0.2571105
0,0.2050718
0,0.16462143
0,0.15541863
0,0.14204079
0,0.13202493
0,0.17584689
0,0.17949283
0,0.16954997
0,0.14943191
0,0.21052526
0,0.15869348
0,0.14501962
0,0.19803372
0,0.15662184
0,0.1830482
0,0.17421544
0,0.25388822
0,0.35254285
0,0.42991945
0,0.4862397
0,0.5095999
0,0.4431809
0,0.3864248
0,0.31017047
0,0.45774698
0,0.4957832
0,0.5003346
0,0.34340894
0,0.45341086
0,0.42095733
0,0.3640399
0,0.28773195
0,0.23488413
0,0.31923732
0,0.38925734
0,0.42427513
0,0.43979305
0,0.3884229
0,0.3244484
0,0.2642685
0,0.20106795
0,0.30241686
0,0.38462776
0,0.40203524
0,0.26952428
0,0.29184145
0,0.26819503
0,0.21321099
0,0.1728794
0,0.25311995
0,0.31956998
0,0.34910154
0,0.35865757
0,0.35065618
0,0.29058248
0,0.22329499
0,0.32272044
0,0.3907049
0,0.26459742
0,0.21064274
0,0.28552857
0,0.19838497
0,0.16955487
0,0.15365201
0,0.27192393
0,0.34727716
0,0.23029563
0,0.317125
0,0.33309937
0,0.3168903
0,0.25709507
0,0.2004825
0,0.2845495
0,0.3471224
0,0.3921079
0,0.4320812
0,0.42708787
0,0.37830567
0,0.25167397
0,0.20280747
0,0.2801448
0,0.32724556
0,0.3671361
0,0.44818154
0,0.41318655
0,0.34688273
0,0.28104368
0,0.35821357
0,0.39647338
0,0.42708728
0,0.29999587
0,0.36832842
0,0.2539057
0,0.26247004
0,0.19099884
0,0.1743725
0,0.2621668
0,0.3174977
0,0.3864124
0,0.4480287
0,0.41450357
0,0.36459205
0,0.28557286
0,0.21687911
0,0.30159208
0,0.3519965
0,0.40904778
0,0.43322626
0,0.40120545
0,0.33770087
0,0.26600605
0,0.32965747
0,0.44658569
0,0.4557167
0,0.46740162
0,0.4489469
0,0.3954129
0,0.28309748
0,0.22963852
0,0.46680415
0,0.4710973
0,0.47615415
0,0.51748073
0,0.49822485
0,0.43439746
0,0.3519169
0,0.35744682
0,0.51980853
0,0.51953715
0,0.35019398
0,0.26860303
0,0.22814873
0,0.25012925
0,0.2347295
0,0.19108488
0,0.28318802
0,0.2006279
0,0.28769603
0,0.352638
0,0.3637217
0,0.34337547
0,0.23763475
0,0.19315515
0,0.29217994
0,0.34734967
0,0.45866537
0,0.28923893
0,0.22944136
0,0.17915943
0,0.18049404
0,0.15376827
0,0.13769619
0,0.19520725
0,0.15414104
0,0.22198515
0,0.2614421
0,0.23215191
0,0.2082606
0,0.2953393
0,0.18673189
0,0.34963116
0,0.27233812
0,0.20358156
0,0.16762303
0,0.1480339
0,0.14819582
0,0.21111472
0,0.27853826
0,0.34525907
0,0.22440787
0,0.33035326
0,0.3105104
0,0.26578867
0,0.21399117
0,0.18270507
0,0.31001127
0,0.33506867
0,0.3682117
0,0.3937794
0,0.2733405
0,0.20267196
0,0.17835881
0,0.25026914
0,0.31949314
0,0.3542111
0,0.4287546
0,0.4225832
0,0.38517246
0,0.33590493
0,0.24932925
0,0.33303323
0,0.39266416
0,0.41746107
0,0.26940572
0,0.22184879
0,0.25590903
0,0.22719984
0,0.1671163
0,0.1523877
0,0.2492449
0,0.17340031
0,0.25172487
0,0.27360776
0,0.26007855
0,0.2221453
0,0.17845646
0,0.583294
0,0.35204655
0,0.52671736
0,0.52104557
0,0.49936676
0,0.46926183
0,0.36182055
0,0.2723005
0,0.39801168
0,0.42631716
0,0.29667574
0,0.39462134
0,0.37472385
0,0.33595574
0,0.28380916
0,0.37133396
0,0.40060315
0,0.26441765
0,0.21251182
0,0.18641157
0,0.23175193
0,0.17214476
0,0.15468204
0,0.14226478
0,0.13610587
0,0.13213569
0,0.18829624
0,0.24703479
0,0.17096283
0,0.17674333
0,0.16396594
0,0.22072038
0,0.16684856
0,0.15056372
0,0.21872428
0,0.27946147
0,0.27329555
0,0.25262004
0,0.19977984
0,0.289118
0,0.3662683
0,0.41890016
0,0.26923245
0,0.3332646
0,0.33015436
0,0.23653466
0,0.22255817
0,0.7145964
0,0.48664397
0,0.6116936
0,0.6235335
0,0.57304186
0,0.39463946
0,0.3552941
0,0.28968674
0,0.52460027
0,0.4985659
0,0.55793273
0,0.53942335
0,0.36167476
0,0.38131195
0,0.32810014
0,0.26134738
0,0.2022185
0,0.3136543
0,0.39234897
0,0.42799026
0,0.42194465
0,0.38258153
0,0.31010023
0,0.254429
0,0.35632047
0,0.43561652
0,0.46815455
0,0.47940385
0,0.45680395
0,0.38693422
0,0.30679446
0,0.23125443
0,0.31441748
0,0.22315712
0,0.32841995
0,0.23198341
0,0.2700906
0,0.2529422
0,0.23273055
0,0.30192855
0,0.21149625
0,0.7190325
0,0.4494286
0,0.54403305
0,0.4982283
0,0.439246
0,0.3391806
0,0.25169864
0,0.35422206
0,0.40699628
0,0.42790222
0,0.53605413
0,0.46255752
0,0.39612806
0,0.31084698
0,0.24333215
0,0.3493866
0,0.39478767
0,0.2616885
0,0.20842372
0,0.24885656
0,0.18119788
0,0.17543803
0,0.15652177
0,0.24127503
0,0.2962423
0,0.22212657
0,0.31486875
0,0.33336696
0,0.28470418
0,0.24191934
0,0.16644439
0,0.2279987
0,0.27240938
0,0.32664612
0,0.35876969
0,0.32222253
0,0.28464475
0,0.22120441
0,0.44128218
0,0.4249949
0,0.43904072
0,0.45530015
0,0.43265453
0,0.38137886
0,0.30228797
0,0.24641308
0,0.32016563
0,0.3537143
0,0.23361683
0,0.32862946
0,0.34038362
0,0.31121308
0,0.25946411
0,0.19758087
0,0.28681225
0,0.44880238
0,0.45527107
0,0.5048213
0,0.46932182
0,0.31574556
0,0.28353074
0,0.34899032
0,0.24927376
0,0.4073073
0,0.41880715
0,0.42564604
0,0.4236853
0,0.3571875
0,0.27821448
0,0.2102517
0,0.31139922
0,0.42981696
0,0.44236723
0,0.4387785
0,0.39537925
0,0.34732142
0,0.28390512
0,0.34286058
0,0.22864945
0,0.35298717
0,0.37575677
0,0.4078574
0,0.2800009
0,0.27362758
0,0.2191252
0,0.30774522
0,0.35142374
0,0.45127735
0,0.4621057
0,0.454176
0,0.39842466
0,0.35725188
0,0.24904458
0,0.49490446
0,0.50891197
0,0.517231
0,0.5528579
0,0.5128856
0,0.46399873
0,0.37863907
0,0.3040172
0,0.62987036
0,0.39695922
0,0.47296348
0,0.4938447
0,0.47723305
0,0.33791986
0,0.30795166
0,0.24650767
0,0.4018798
0,0.2631398
0,0.3415841
0,0.37804192
0,0.37816036
0,0.33602527
0,0.28666568
0,0.23022836
0,0.30453295
0,0.37636948
0,0.41768163
0,0.44944394
0,0.43962103
0,0.29394948
0,0.2636305
0,0.22200795
0,0.31411305
0,0.21707103
0,0.32454976
0,0.37768692
0,0.35876867
0,0.30882034
0,0.2177895
0,0.1805451
0,0.24814807
0,0.29813427
0,0.35456425
0,0.23651464
0,0.18644123
0,0.15912181
0,0.14353149
0,0.20243317
0,0.15898052
0,0.14428133
0,0.19710696
0,0.16026707
0,0.18602978
0,0.15562345
0,0.15105446
0,0.19424762
0,0.367679
0,0.40276232
0,0.53045917
0,0.52129865
0,0.46964103
0,0.3789915
0,0.31687316
0,0.2316663
0,0.31816468
0,0.38337716
0,0.40935603
0,0.4254845
0,0.3831484
0,0.3130889
0,0.25198638
0,0.5168904
0,0.32712197
0,0.43319055
0,0.4496648
0,0.30659637
0,0.31413683
0,0.28629154
0,0.24737664
0,0.31697822
0,0.36721152
0,0.3825593
0,0.4310988
0,0.40586147
0,0.3801109
0,0.3166001
0,0.24537744
0,0.46187812
0,0.45176068
0,0.4783643
0,0.31974855
0,0.36030328
0,0.2533525
0,0.23290949
0,0.17718863
0,0.21393114
0,0.27624112
0,0.19272313
0,0.16585243
0,0.20466638
0,0.20242094
0,0.16324528
0,0.22079001
0,0.30195898
0,0.20379828
0,0.29686674
0,0.3925076
0,0.3895422
0,0.33329138
0,0.2679383
0,0.19800103
0,0.26223361
0,0.3343178
0,0.4009357
0,0.42004207
0,0.3967659
0,0.34017053
0,0.24217668
0,0.3520985
0,0.25292957
0,0.2197012
0,0.29816452
0,0.20331809
0,0.23903143
0,0.22386062
0,0.19477372
0,0.15817086
0,0.14235204
0,0.13536043
0,0.18987493
0,0.24739735
0,0.24716243
0,0.36962643
0,0.26589298
0,0.35650876
0,0.39891973
0,0.43332252
0,0.44299003
0,0.44575202
0,0.39877805
0,0.320722
0,0.47261178
0,0.61458254
0,0.55183995
0,0.5680554
0,0.38160253
0,0.2922067
0,0.24106738
0,0.23048882
0,0.1837393
0,0.2640673
0,0.31323627
0,0.3389433
0,0.37200648
0,0.38442084
0,0.33629838
0,0.28363883
0,0.21770768
0,0.17076881
0,0.14813635
0,0.19775145
0,0.15476939
0,0.19407879
0,0.18986851
0,0.1708414
0,0.14921898
0,0.21268731
0,0.30433616
0,0.39522412
0,0.43601033
0,0.40246195
0,0.27454588
0,0.23634233
0,0.33403066
0,0.23369934
0,0.40275177
0,0.26114622
0,0.39497578
0,0.2705667
0,0.30094734
0,0.21875694
0,0.2984089
0,0.3362783
0,0.36662233
0,0.40345705
0,0.45675272
0,0.44738674
0,0.36180696
0,0.25583676
0,0.35721543
0,0.42250964
0,0.26517764
0,0.3617458
0,0.41837573
0,0.3913165
0,0.3431783
0,0.23619694
0,0.34223697
0,0.38307658
0,0.26111665
0,0.20568171
0,0.17244495
0,0.20988302
0,0.19788042
0,0.17183347
0,0.244929
0,0.30087593
0,0.34156796
0,0.40253812
0,0.39672774
0,0.27913657
0,0.25567475
0,0.20010516
0,0.17524248
0,0.2380723
0,0.29340902
0,0.34727705
0,0.36526227
0,0.3320212
0,0.28250104
0,0.21617937
0,0.17201783
0,0.2669983
0,0.18306339
0,0.17322545
0,0.15143317
0,0.16617936
0,0.14302726
0,0.13969332
0,0.20737886
0,0.27804825
0,0.37307274
0,0.44976512
0,0.27791858
0,0.2960289
0,0.25363415
0,0.20535615
0,0.16088146
0,0.24880397
0,0.30339086
0,0.34095702
0,0.33546162
0,0.47730944
0,0.3049026
0,0.35728118
0,0.3216396
0,0.26234424
0,0.18089707
0,0.29109427
0,0.36113793
0,0.25132853
0,0.34681764
0,0.37583703
0,0.34582508
0,0.29368994
0,0.22110093
0,0.18616599
0,0.28175074
0,0.3515562
0,0.37996322
0,0.3699949
0,0.3312595
0,0.27113128
0,0.33527607
0,0.38994494
0,0.3962248
0,0.41084087
0,0.4228166
0,0.40385053
0,0.34585065
0,0.26406777
0,0.20649642
0,0.3057462
0,0.33813122
0,0.38118643
0,0.4098106
0,0.36980164
0,0.2474104
0,0.20687307
0,0.17044124
0,0.2508638
0,0.32981032
0,0.21526678
0,0.30131334
0,0.29192227
0,0.26246977
0,0.2035014
0,0.17212199
0,0.2716762
0,0.333876
0,0.37273422
0,0.24789932
0,0.2757645
0,0.25680605
0,0.21723613
0,0.28451592
0,0.33484206
0,0.23004097
0,0.32437274
0,0.36692593
0,0.3182439
0,0.22737683
0,0.3439555
0,0.3794969
0,0.39165014
0,0.41944695
0,0.43033743
0,0.4391463
0,0.41039532
0,0.28453794
0,0.48179427
0,0.3096744
0,0.7856526
0,0.51664114
0,0.593192
0,0.45777518
0,0.4369403
0,0.37668866
0,0.2977407
0,0.23453975
0,0.20957085
0,0.4087152
0,0.4405159
0,0.43718383
0,0.29437053
0,0.23221149
0,0.21009384
0,0.29320496
0,0.20561713
0,0.30863753
0,0.35824737
0,0.3792384
0,0.35563356
0,0.28328612
0,0.22610538
0,0.33282596
0,0.46487048
0,0.49846625
0,0.35335988
0,0.28520337
0,0.27131695
0,0.21280922
0,0.16004913
0,0.33750877
0,0.40968743
0,0.48350218
0,0.31348974
0,0.23789307
0,0.24119046
0,0.22959863
0,0.17318831
0,0.14608131
0,0.2171715
0,0.31214395
0,0.33700332
0,0.23401213
0,0.22541003
0,0.20445363
0,0.29196447
0,0.34770846
0,0.33529165
0,0.38391462
0,0.4176394
0,0.37860024
0,0.3295687
0,0.24839887
0,0.5334034
0,0.35952577
0,0.29236025
0,0.36723036
0,0.4062772
0,0.3730448
0,0.31350178
0,0.25028443
0,0.33066365
0,0.36698353
0,0.38938248
0,0.35470194
0,0.38116968
0,0.34608164
0,0.29312423
0,0.22598484
0,0.4335302
0,0.47710934
0,0.49489242
0,0.48258185
0,0.4644381
0,0.32697368
0,0.28640395
0,0.22763738
0,0.3162542
0,0.21748714
0,0.322586
0,0.37539345
0,0.33659545
0,0.29806036
0,0.24361345
0,0.200889
0,0.2830155
0,0.18990695
0,0.27039883
0,0.19006783
0,0.25011772
0,0.24384698
0,0.2135009
0,0.1900057
0,0.15168834
0,0.14507735
0,0.14250574
0,0.19060864
0,0.21391891
0,0.19743955
0,0.17092784
0,0.14876808
0,0.21026325
0,0.16067427
0,0.23642024
0,0.3024487
0,0.30449912
0,0.2120816
0,0.19541521
0,0.1643437
0,0.24506244
0,0.18045166
0,0.15369107
0,0.21889538
0,0.16194117
0,0.16969535
0,0.15924053
0,0.26544774
0,0.3240145
0,0.39395344
0,0.43547866
0,0.4936101
0,0.30895662
0,0.23714249
0,0.1978105
0,0.16386075
0,0.15308847
0,0.2081618
0,0.78024167
0,0.61343384
0,0.56103843
0,0.47916925
0,0.36781123
0,0.35054222
0,0.43688783
0,0.5365193
0,0.56541413
0,0.520636
0,0.4867805
0,0.38724464
0,0.3165509
0,0.4170214
0,0.46288165
0,0.5176786
0,0.5108938
0,0.35778216
0,0.2742121
0,0.2608681
0,0.21806918
0,0.32422036
0,0.5128003
0,0.39585844
0,0.45214608
0,0.44815606
0,0.40792802
0,0.33728316
0,0.25160354
0,0.2021019
0,0.15604094
0,0.23689198
0,0.28897816
0,0.30608526
0,0.2862182
0,0.2382176
0,0.35386747
0,0.41677058
0,0.46661308
0,0.35423648
0,0.41333643
0,0.2739116
0,0.27405643
0,0.23713365
0,0.3330653
0,0.22211453
0,0.35061973
0,0.4129533
0,0.42824498
0,0.40150484
0,0.2926091
0,0.24289505
0,0.31528616
0,0.20644946
0,0.30070585
0,0.3731031
0,0.29483756
0,0.29807177
0,0.25811455
0,0.18376833
0,0.283041
0,0.18510675
0,0.28743753
0,0.3447568
0,0.22947372
0,0.26306972
0,0.24111219
0,0.23050852
0,0.4762058
0,0.47109595
0,0.5009068
0,0.52218807
0,0.4861895
0,0.39147747
0,0.33754396
0,0.25843903
0,0.33478424
0,0.3798691
0,0.4074279
0,0.51168144
0,0.49794698
0,0.34223872
0,0.31900984
0,0.2601669
0,0.3470981
0,0.39795706
0,0.28517622
0,0.36308557
0,0.36892167
0,0.24477108
0,0.21012129
0,0.17315851
0,0.3710724
0,0.24970014
0,0.18383452
0,0.2698687
0,0.28430223
0,0.26152518
0,0.1814172
0,0.17129485
0,0.1632462
0,0.25564316
0,0.324827
0,0.37914005
0,0.36945903
0,0.31714287
0,0.25518
0,0.20991956
0,0.28910527
0,0.34512758
0,0.39754653
0,0.4313863
0,0.44889745
0,0.35775658
0,0.280054
0,0.38294926
0,0.4093311
0,0.4447547
0,0.48332915
0,0.4713588
0,0.41640967
0,0.3535605
0,0.27491924
0,0.3611267
0,0.25537214
0,0.35306013
0,0.38302022
0,0.26428157
0,0.28006312
0,0.19837978
0,0.173728
0,0.15055262
0,0.14115144
0,0.135374
0,0.18034929
0,0.22131918
0,0.22084922
0,0.225973
0,0.16774537
0,0.23422399
0,0.30509856
0,0.21718559
0,0.30668885
0,0.3287952
0,0.22187074
0,0.22424267
0,0.18460032
0,0.27167362
0,0.35972044
0,0.41668063
0,0.43664142
0,0.44881278
0,0.28642374
0,0.21854237
0,0.18014543
0,0.27347225
0,0.35711187
0,0.39255854
0,0.26051703
0,0.28854436
0,0.20109099
0,0.20152956
0,0.16982609
0,0.3522463
0,0.22745207
0,0.18147
0,0.29681683
0,0.19650935
0,0.20609047
0,0.19226003
0,0.28467572
0,0.3406666
0,0.40059915
0,0.4374854
0,0.44334304
0,0.3049084
0,0.25376543
0,0.22935066
0,0.1755886
0,0.34614953
0,0.40190056
0,0.4300083
0,0.42572123
0,0.51536685
0,0.33675405
0,0.27656913
0,0.23914392
0,0.19917695
0,0.28283933
0,0.22866869
0,0.30848572
0,0.20130874
0,0.16904637
0,0.17277578
0,0.14740555
0,0.13470015
0,0.13082446
0,0.1840678
0,0.16487543
0,0.18506515
0,0.17382845
0,0.16380367
0,0.22869924
0,0.32045346
0,0.41015017
0,0.45611686
0,0.30566856
0,0.32068637
0,0.2879034
0,0.2059388
0,0.30356175
0,0.36971816
0,0.40280923
0,0.4521415
0,0.43936688
0,0.40049186
0,0.32633716
0,0.24287947
0,0.3361792
0,0.22252293
0,0.36342445
0,0.25091416
0,0.30325848
0,0.29110914
0,0.19801782
0,0.1716864
0,0.14966407
0,0.22125232
0,0.16721727
0,0.25354806
0,0.26741377
0,0.2720224
0,0.22237538
0,0.1734869
0,0.26537317
0,0.33161804
0,0.40050012
0,0.41353068
0,0.39080876
0,0.27779317
0,0.25796336
0,0.19848703
0,0.15905303
0,0.1460364
0,0.21325482
0,0.2744749
0,0.2912739
0,0.2537566
0,0.2192578
0,0.16909143
0,0.25641072
0,0.3589586
0,0.40184796
0,0.27964643
0,0.30011025
0,0.2757218
0,0.21611623
0,0.17114395
0,0.2634247
0,0.1798989
0,0.15599436
0,0.14660794
0,0.17330042
0,0.16600716
0,0.15306075
0,0.22566795
0,0.16731842
0,0.25997823
0,0.371952
0,0.41497904
0,0.38084066
0,0.25099123
0,0.1942992
0,0.15865941
0,0.14427
0,0.20144567
0,0.26832014
0,0.18589076
0,0.15694708
0,0.16722903
0,0.15507182
0,0.2128039
0,0.27257153
0,0.3265059
0,0.37222967
0,0.374047
0,0.33164388
0,0.23954438
0,0.1942468
0,0.3011035
0,0.3793282
0,0.24638698
0,0.3246138
0,0.35895616
0,0.24430227
0,0.23757796
0,0.18421113
0,0.27592108
0,0.3621122
0,0.4230665
0,0.43135506
0,0.27901423
0,0.22024882
0,0.21092777
0,0.17311078
0,0.24795838
0,0.30784634
0,0.37677586
0,0.40611643
0,0.2549278
0,0.2731469
0,0.1978164
0,0.30184308
0,0.35111502
0,0.39714712
0,0.42585438
0,0.26749858
0,0.3151491
0,0.29100993
0,0.2197756
0,0.18725671
0,0.1575969
0,0.19382581
0,0.16015717
0,0.14227036
0,0.13629818
0,0.15011814
0,0.14309734
0,0.13341933
0,0.13487642
0,0.18209733
0,0.24543372
0,0.17368478
0,0.20035885
0,0.19390391
0,0.16251147
0,0.23019943
0,0.30532846
0,0.38789305
0,0.2651591
0,0.34023803
0,0.3515831
0,0.37402675
0,0.27100092
0,0.1992237
0,0.1809866
0,0.2536407
0,0.18534845
0,0.25295135
0,0.25939938
0,0.23269007
0,0.18665692
0,0.16756026
0,0.24953628
0,0.16728166
0,0.23883288
0,0.1861308
0,0.15499347
0,0.14579074
0,0.13525802
0,0.13661599
0,0.1955457
0,0.16211107
0,0.14666444
0,0.13870321
0,0.16195963
0,0.1446893
0,0.14247969
0,0.21075755
0,0.27563974
0,0.38322273
0,0.43698135
0,0.2895906
0,0.293522
0,0.2148253
0,0.1720481
0,0.2688135
0,0.18661483
0,0.15676382
0,0.14457117
0,0.1879943
0,0.19122854
0,0.17260236
0,0.15569459
0,0.15054749
0,0.20777081
0,0.15925674
0,0.22276601
0,0.16816378
0,0.17239638
0,0.15950538
0,0.14408697
0,0.23696987
0,0.31354532
0,0.37740284
0,0.47640777
0,0.3250329
0,0.28262636
0,0.24112187
0,0.36941585
0,0.4402341
0,0.27851987
0,0.3699658
0,0.39396128
0,0.26292717
0,0.261561
0,0.2031769
0,0.16378613
0,0.25231928
0,0.32024294
0,0.21077557
0,0.27721658
0,0.27243808
0,0.193715
0,0.17110085
0,0.15035805
0,0.20767978
0,0.17061774
0,0.23771116
0,0.28888792
0,0.2852321
0,0.2182108
0,0.19196941
0,0.16211683
0,0.23954895
0,0.18728465
0,0.27346593
0,0.19657362
0,0.22865625
0,0.20516397
0,0.17693461
0,0.24633102
0,0.30617705
0,0.36538467
0,0.41148794
0,0.26089156
0,0.21277817
0,0.20546944
0,0.17757975
0,0.14850165
0,0.2383539
0,0.29803535
0,0.34643006
0,0.36273268
0,0.32759467
0,0.23456605
0,0.18135095
0,0.15453915
0,0.21670239
0,0.16403948
0,0.22221045
0,0.15936704
0,0.14595237
0,0.13738158
0,0.13096865
0,0.13425009
0,0.12913166
0,0.17712353
0,0.15263592
0,0.15049942
0,0.16225998
0,0.15783775
0,0.14193314
0,0.14201444
0,0.14021711
0,0.1992619
0,0.24910283
0,0.26101476
0,0.24273477
0,0.21206222
0,0.3284685
0,0.23604669
0,0.44773582
0,0.52938825
0,0.34453884
0,0.34872094
0,0.29512832
0,0.23506792
0,0.19097106
0,0.30755237
0,0.35617754
0,0.23686297
0,0.30436957
0,0.21638434
0,0.20414606
0,0.17380485
0,0.14438613
0,0.13666101
0,0.1946442
0,0.15506798
0,0.14558956
0,0.13781156
0,0.13607104
0,0.13009605
0,0.17649238
0,0.21066082
0,0.2796874
0,0.33480373
0,0.26881912
0,0.26867247
0,0.22962257
0,0.18311174
0,0.16627936
0,0.2495085
0,0.32895917
0,0.38421175
0,0.40173662
0,0.35316452
0,0.29358938
0,0.22278698
0,0.3245146
0,0.3697052
0,0.43204257
0,0.43929547
0,0.29969418
0,0.23354045
0,0.2166954
0,0.17233412
0,0.25193176
0,0.32940134
0,0.2101227
0,0.2821831
0,0.30203265
0,0.276558
0,0.22212133
0,0.27832824
0,0.36139292
0,0.40955988
0,0.44408077
0,0.47060102
0,0.41323128
0,0.36040658
0,0.26454452
0,0.37250596
0,0.24987942
0,0.3394889
0,0.24831991
0,0.3278983
0,0.2310646
0,0.22713265
0,0.1905701
0,0.16137424
0,0.24869624
0,0.31871867
0,0.21842432
0,0.2942508
0,0.2942745
0,0.20784882
0,0.16619836
0,0.14539416
0,0.13867758
0,0.19466308
0,0.16180618
0,0.20944968
0,0.22712445
0,0.20731336
0,0.17089964
0,0.15465222
0,0.13878354
0,0.18612525
0,0.2594904
0,0.173587
0,0.1609045
0,0.16749525
0,0.17052677
0,0.15210357
0,0.14365454
0,0.1353562
0,0.1903956
0,0.23092672
0,0.23893358
0,0.2042295
0,0.17391886
0,0.27987635
0,0.39397222
0,0.47074124
0,0.31883132
0,0.36745632
0,0.3393296
0,0.22747129
0,0.18761143
0,0.16323453
0,0.2466652
0,0.18332854
0,0.26907066
0,0.28734413
0,0.19909498
0,0.17047872
0,0.1504808
0,0.13769816
0,0.20952125
0,0.28230312
0,0.18849996
0,0.24873352
0,0.24507743
0,0.17744176
0,0.1622046
0,0.22467926
0,0.27851015
0,0.33180064
0,0.23383032
0,0.1906437
0,0.2101461
0,0.17759757
0,0.15536022
0,0.25045517
0,0.3310738
0,0.4422482
0,0.46822092
0,0.5126929
0,0.39845034
0,0.3156583
0,0.23501737
0,0.32474175
0,0.44888616
0,0.46164158
0,0.4461685
0,0.29183936
0,0.29150704
0,0.21699436
0,0.3169415
0,0.3774925
0,0.41008097
0,0.2794148
0,0.2303209
0,0.24784207
0,0.17931186
0,0.16399369
0,0.2403172
0,0.28935355
0,0.3456483
0,0.3730472
0,0.37840357
0,0.34717557
0,0.24848273
0,0.19634038
0,0.26254156
0,0.3216984
0,0.34888756
0,0.38692775
0,0.37808728
0,0.33772892
0,0.27195385
0,0.21927099
0,0.1785361
0,0.26261473
0,0.20200624
0,0.27974164
0,0.28907594
0,0.26016882
0,0.21163216
0,0.17121574
0,0.2779656
0,0.19132377
0,0.28066614
0,0.32324108
0,0.33310726
0,0.21384679
0,0.20275396
0,0.17136614
0,0.14362715
0,0.1404029
0,0.19030276
0,0.15158562
0,0.19107144
0,0.17997728
0,0.15412182
0,0.14195701
0,0.13700005
0,0.19051914
0,0.257609
0,0.1765839
0,0.226823
0,0.2041781
0,0.17283882
0,0.24997784
0,0.32065064
0,0.38740462
0,0.423846
0,0.28875306
0,0.3048492
0,0.27064577
0,0.20972045
0,0.16652004
0,0.22236946
0,0.17569628
0,0.24558368
0,0.1774304
0,0.1484881
0,0.1525531
0,0.13346682
0,0.18458585
0,0.24861437
0,0.2939225
0,0.37049624
0,0.35266933
0,0.3010673
0,0.23345546
0,0.19102445
0,0.17128274
0,0.22822812
0,0.17530873
0,0.15085113
0,0.1833933
0,0.18461715
0,0.15942307
0,0.22365007
0,0.3622711
0,0.49217588
0,0.31781465
0,0.3796915
0,0.3452188
0,0.2500813
0,0.20998567
0,0.2985224
0,0.3501821
0,0.24576224
0,0.19336276
0,0.2104219
0,0.16411738
0,0.14876868
0,0.14576325
0,0.19276482
0,0.1528146
0,0.14231676
0,0.19084519
0,0.22354569
0,0.16207996
0,0.1646609
0,0.14324032
0,0.19063172
0,0.15020095
0,0.19594198
0,0.27284396
0,0.1937381
0,0.21604303
0,0.1708881
0,0.15547238
0,0.14595693
0,0.17708619
0,0.21123447
0,0.25266525
0,0.17970581
0,0.19214526
0,0.18628794
0,0.16617692
0,0.23314701
0,0.28496963
0,0.18584609
0,0.27069286
0,0.18825346
0,0.15331002
0,0.14727497
0,0.13483086
0,0.1307794
0,0.16848253
0,0.14587182
0,0.18680675
0,0.15444313
0,0.14187035
0,0.13336371
0,0.1324386
0,0.13560577
0,0.1812835
0,0.21468394
0,0.28955364
0,0.26566368
0,0.25205904
0,0.20270577
0,0.16755882
0,0.15175734
0,0.20289916
0,0.2974728
0,0.34699753
0,0.34061036
0,0.2363167
0,0.5598279
0,0.5488244
0,0.5636971
0,0.5490234
0,0.5469115
0,0.35749906
0,0.39311978
0,0.26914513
0,0.2068184
0,0.1732285
0,0.24847178
0,0.19263247
0,0.2599085
0,0.27960333
0,0.18162927
0,0.18922786
0,0.16083093
0,0.23256509
0,0.27634135
0,0.32127774
0,0.22908959
0,0.2790576
0,0.27522248
0,0.19734985
0,0.17285623
0,0.2579085
0,0.32909724
0,0.37398854
0,0.25820497
0,0.30719033
0,0.20874058
0,0.19788966
0,0.16409206
0,0.225501
0,0.29024458
0,0.19116977
0,0.26968718
0,0.2829823
0,0.19466983
0,0.16646218
0,0.26232305
0,0.1680293
0,0.2477259
0,0.17737955
0,0.15234306
0,0.13955197
0,0.13609129
0,0.12821153
0,0.130062
0,0.12807839
0,0.17094858
0,0.2185782
0,0.17758779
0,0.1546861
0,0.14063671
0,0.13821563
0,0.13310912
0,0.13071036
0,0.1815325
0,0.21709508
0,0.28821132
0,0.18953574
0,0.17467695
0,0.16782957
0,0.44307956
0,0.5141416
0,0.63663715
0,0.6600167
0,0.64122856
0,0.43942347
0,0.41729012
0,0.3375168
0,0.41870597
0,0.47104084
0,0.31243348
0,0.2681948
0,0.21555077
0,0.2301219
0,0.22524963
0,0.16233666
0,0.14543419
0,0.33336905
0,0.41043353
0,0.38001758
0,0.24263273
0,0.28233954
0,0.20422007
0,0.1746862
0,0.15576982
0,0.14431237
0,0.2626248
0,0.18112108
0,0.22956455
0,0.5942897
0,0.37357503
0,0.28625202
0,0.23946804
0,0.29628992
0,0.40839127
0,0.26619837
0,0.21394324
0,0.24319941
0,0.2170339
0,0.17454271
0,0.15072809
0,0.22383003
0,0.19293234
0,0.15830615
0,0.23281957
0,0.2240796
0,0.29196855
0,0.19782887
0,0.2929926
0,0.20294301
0,0.28584144
0,0.3404829
0,0.22394569
0,0.23424204
0,0.17818195
0,0.23885109
0,0.18674855
0,0.2520486
0,0.16888271
0,0.14900844
0,0.13619734
0,0.15012248
0,0.13565677
0,0.19114408
0,0.24209568
0,0.1811122
0,0.16210032
0,0.22226337
0,0.24275634
0,0.17102855
0,0.15645981
0,0.22704993
0,0.3110135
0,0.40021634
0,0.4337094
0,0.27050668
0,0.2179638
0,0.17492743
0,0.1631643
0,0.1431735
0,0.20410712
0,0.31335533
0,0.3519932
0,0.24211314
0,0.25715423
0,0.23093762
0,0.1693005
0,0.269346
0,0.31982425
0,0.22216216
0,0.30532572
0,0.32210094
0,0.30423945
0,0.25183335
0,0.18221404
0,0.2554131
0,0.29682752
0,0.3369553
0,0.23007873
0,0.1982326
0,0.16015545
0,0.14640902
0,0.14373213
0,0.13460957
0,0.1917261
0,0.293098
0,0.3434818
0,0.3428555
0,0.22843724
0,0.17592058
0,0.15451276
0,0.14095928
0,0.1989005
0,0.15395975
0,0.20271614
0,0.15698962
0,0.17186901
0,0.15949638
0,0.1450641
0,0.18331414
0,0.2395364
0,0.30370152
0,0.34483567
0,0.21205646
0,0.2190097
0,0.18763351
0,0.25819674
0,0.18584576
0,0.26995674
0,0.3097161
0,0.3718067
0,0.35279533
0,0.22964889
0,0.19290397
0,0.15567586
0,0.1442252
0,0.20063731
0,0.30086058
0,0.3397691
0,0.31498596
0,0.2191784
0,0.18185772
0,0.27354285
0,0.17959733
0,0.29573357
0,0.36639526
0,0.23023029
0,0.28720286
0,0.24214101
0,0.19795921
0,0.2601779
0,0.19566299
0,0.2623636
0,0.18789409
0,0.24081902
0,0.21948138
0,0.20179133
0,0.16407618
0,0.14871071
0,0.20492524
0,0.25850153
0,0.32562974
0,0.22458313
0,0.2439109
0,0.20247957
0,0.16610515
0,0.14505863
0,0.1887234
0,0.15462752
0,0.21729648
0,0.15934545
0,0.14525405
0,0.13696879
0,0.12945159
0,0.12771013
0,0.15962231
0,0.14453866
0,0.18975836
0,0.21237867
0,0.20127279
0,0.16647899
0,0.15348716
0,0.15981837
0,0.18809654
0,0.15017143
0,0.14011894
0,0.13378562
0,0.13152732
0,0.13660108
0,0.18564546
0,0.15216957
0,0.21477154
0,0.26508144
0,0.2068245
0,0.17688866
0,0.18661053
0,0.17480603
0,0.15308866
0,0.21532391
0,0.28040522
0,0.17729923
0,0.15876262
0,0.14289677
0,0.16146429
0,0.1524268
0,0.20239893
0,0.2774514
0,0.18940195
0,0.15850183
0,0.1487317
0,0.16887036
0,0.16741551
0,0.14429241
0,0.13898161
0,0.16929115
0,0.14149734
0,0.13891391
0,0.12936373
0,0.12725565
0,0.13336638
0,0.1363161
0,0.18542452
0,0.30010504
0,0.387304
0,0.45323893
0,0.53598386
0,0.37060714
0,0.27916664
0,0.22904828
0,0.30267063
0,0.36969155
0,0.24072173
0,0.19265376
0,0.25587142
0,0.24107999
0,0.22078477
0,0.19369051
0,0.16373709
0,0.23694815
0,0.28989473
0,0.34373778
0,0.34486392
0,0.23629862
0,0.20009775
0,0.18784277
0,0.27972078
0,0.1926899
0,0.25071844
0,0.27741754
0,0.28088966
0,0.18582207
0,0.16792637
0,0.22210631
0,0.16319744
0,0.22511154
0,0.16312282
0,0.14798246
0,0.17437093
0,0.1737462
0,0.1651645
0,0.21163172
0,0.15945981
0,0.1527218
0,0.2132935
0,0.2785009
0,0.28554717
0,0.24224418
0,0.20150508
0,0.2549986
0,0.30247143
0,0.21671614
0,0.36951077
0,0.3779886
0,0.34477675
0,0.24150258
0,0.20178035
0,0.16532066
0,0.14207213
0,0.13208252
0,0.17114349
0,0.15082337
0,0.16639034
0,0.16136064
0,0.14297609
0,0.17622785
0,0.20789649
0,0.25539535
0,0.19871503
0,0.2412738
0,0.2578637
0,0.21445616
0,0.16958731
0,0.15544735
0,0.19512308
0,0.15750624
0,0.14141129
0,0.13361667
0,0.14930011
0,0.14825867
0,0.13864185
0,0.16837554
0,0.20132744
0,0.24995017
0,0.1828868
0,0.22963004
0,0.22328077
0,0.16718288
0,0.15217756
0,0.13905749
0,0.17998205
0,0.1549065
0,0.20207688
0,0.16190152
0,0.17336084
0,0.14981394
0,0.14214775
0,0.18120702
0,0.20884758
0,0.26372188
0,0.31791085
0,0.21146713
0,0.16607073
0,0.14747295
0,0.14238687
0,0.17086229
0,0.14426653
0,0.20316933
0,0.1601953
0,0.14221056
0,0.13948776
0,0.14300144
0,0.19473821
0,0.16560069
0,0.23029758
0,0.17029653
0,0.22895311
0,0.26007715
0,0.24084696
0,0.18372905
0,0.15935498
0,0.21232325
0,0.26274854
0,0.30048952
0,0.21227236
0,0.17004451
0,0.17186628
0,0.15435089
0,0.13841704
0,0.19618483
0,0.15335685
0,0.20000184
0,0.1554906
0,0.14539072
0,0.138802
0,0.1404517
0,0.15674275
0,0.14004405
0,0.13380778
0,0.17265975
0,0.14699177
0,0.17012788
0,0.16890052
0,0.15136242
0,0.13848704
0,0.18773197
0,0.15655795
0,0.20976871
0,0.2613547
0,0.269197
0,0.22854543
0,0.18485327
0,0.2639362
0,0.32638338
0,0.3679318
0,0.23599467
0,0.1861945
0,0.15475135
0,0.15293282
0,0.14218695
0,0.13279715
0,0.17785032
0,0.22865172
0,0.26937535
0,0.2754767
0,0.20703508
0,0.18266787
0,0.15651964
0,0.14099982
0,0.13165866
0,0.12587701
0,0.16247803
0,0.14483751
0,0.15568897
0,0.13911456
0,0.131712
0,0.13737078
0,0.13236775
0,0.13042712
0,0.16888787
0,0.20051539
0,0.19511336
0,0.19124794
0,0.2624773
0,0.3288155
0,0.3816621
0,0.24300218
0,0.3268931
0,0.23616494
0,0.18688042
0,0.16939797
0,0.15475991
0,0.14403737
0,0.14107008
0,0.13513932
0,0.16368689
0,0.14436357
0,0.1400954
0,0.13449064
0,0.13145083
0,0.12928125
0,0.12644362
0,0.12547313
0,0.12934496
0,0.138123
0,0.14118913
0,0.14323272
0,0.14740075
0,0.15185593
0,0.16614887
0,0.17346534
0,0.18675658
0,0.20038167
0,0.22482729
0,0.2633985
0,0.3541372
0,0.41671583
0,0.35551167
0,0.45767933
0,0.49237275
0,0.4635207
0,0.36866418
0,0.32202733
0,0.2840377
0,0.24499771
0,0.33612642
0,0.2545587
0,0.21242392
0,0.19574882
0,0.17542209
0,0.15800805
0,0.20495011
0,0.16957052
0,0.15103374
0,0.13965572
0,0.15849002
0,0.14492597
0,0.13905814
0,0.13339685
0,0.1349758
0,0.13778669
0,0.13816634
0,0.14687143
0,0.1546703
0,0.16844338
0,0.19056284
0,0.20670813
0,0.274525
0,0.37836686
0,0.4581865
0,0.3604114
0,0.3050205
0,0.27723986
0,0.2553807
0,0.33221662
0,0.29096588
0,0.51188844
0,0.58764696
0,0.43902954
0,0.48395994
0,0.42574456
0,0.31470874
0,0.22460607
0,0.18511352
0,0.24997684
0,0.1941372
0,0.15927249
0,0.14083737
0,0.13680346
0,0.13691492
0,0.13112193
0,0.12813756
0,0.12857753
0,0.12845929
0,0.16246998
0,0.14413022
0,0.15417832
0,0.14780547
0,0.14621031
0,0.13755445
0,0.22967987
0,0.17587747
0,0.170716
0,0.16482651
0,0.15497212
0,0.150814
0,0.16899806
0,0.18578729
0,0.18710595
0,0.20444173
0,0.21611959
0,0.23958188
0,0.23424622
0,0.21916623
0,0.28785557
0,0.23135094
0,0.22010513
0,0.18994482
0,0.17628396
0,0.17832473
0,0.16798529
0,0.16481812
0,0.23497532
0,0.18813202
0,0.17900476
0,0.17262542
0,0.221782
0,0.18754664
0,0.17991155
0,0.1823453
0,0.20677117
0,0.19866091
0,0.19327998
0,0.23558033
0,0.26278076
0,0.21120225
0,0.18795092
0,0.17803195
0,0.24760807
0,0.19387624
0,0.1806629
0,0.18019061
0,0.17620867
0,0.18121623
0,0.18777567
0,0.23991106
0,0.21204078
0,0.2613553
0,0.19519684
0,0.17944619
0,0.16463998
0,0.16146177
0,0.1674385
0,0.15694667
0,0.15465225
0,0.15455763
0,0.14840768
0,0.18921824
0,0.17012127
0,0.16426805
0,0.17019434
0,0.2196028
0,0.18665665
0,0.18968862
0,0.25853702
0,0.30322108
0,0.2225002
0,0.19004808
0,0.1822804
0,0.17685977
0,0.16543609
0,0.1627815
0,0.159203
0,0.16667102
0,0.194208
0,0.20787129
0,0.19902219
0,0.27822205
0,0.22258691
0,0.19921207
0,0.18492015
0,0.16787255
0,0.16121402
0,0.16437246
0,0.1620862
0,0.16019623
0,0.16884042
0,0.21744916
0,0.1895008
0,0.17895575
0,0.17404948
0,0.18534279
0,0.18713404
0,0.19069628
0,0.2296619
0,0.29500678
0,0.23728415
0,0.20868275
0,0.19455986
0,0.19621596
0,0.19504267
0,0.1964529
0,0.20763317
0,0.21400765
0,0.2805579
0,0.25078627
0,0.23849677
0,0.26863676
0,0.2632588
0,0.27375785
0,0.27359375
0,0.26031426
0,0.25959662
0,0.2665146
0,0.2667437
0,0.29806113
0,0.27440733
0,0.2982074
0,0.28643933
0,0.28754336
0,0.27835086
0,0.34842372
0,0.31562063
0,0.29298073
0,0.3006073
0,0.28569436
0,0.2906637
0,0.28742275
0,0.29803672
0,0.28054768
0,0.2901679
0,0.27912524
0,0.2849316
0,0.27380824
0,0.36886153
0,0.31411597
0,0.29238036
0,0.29638597
0,0.30004203
0,0.2945973
0,0.39155674
0,0.31712413
0,0.30163395
0,0.29326847
0,0.28003615
0,0.2879677
0,0.27744994
0,0.28174168
0,0.29116437
0,0.27871224
0,0.2922794
0,0.29926702
0,0.2862915
0,0.28317422
0,0.2806832
0,0.3694819
0,0.32423562
0,0.29995674
0,0.3023934
0,0.2862312
0,0.2864596
0,0.28805444
0,0.28276032
0,0.2720512
0,0.27919462
0,0.2870872
0,0.29485205
0,0.2879814
0,0.2800034
0,0.27730832
0,0.28722146
0,0.28402403
0,0.27787888
0,0.34370112
0,0.29622647
0,0.29270247
0,0.30820996
0,0.2908637
0,0.27832946
0,0.27330413
0,0.27476823
0,0.27906883
0,0.2711748
0,0.37734157
0,0.3090676
0,0.29848418
0,0.2860385
0,0.28833634
0,0.27574298
0,0.2751462
0,0.27472878
0,0.32958132
0,0.3150158
0,0.29740494
0,0.28712994
0,0.34508437
0,0.31543443
0,0.2988982
0,0.29667413
0,0.30971292
0,0.29117715
0,0.28212792
0,0.28524262
0,0.2860584
0,0.29059023
0,0.28760022
0,0.2867259
0,0.27848095
0,0.28319705
0,0.2855654
0,0.28364596
0,0.29002908
0,0.28574055
0,0.29115194
0,0.28022102
0,0.30173633
0,0.278488
0,0.28622437
0,0.28840014
0,0.2889261
0,0.27846655
0,0.3535647
0,0.38243517
0,0.375019
0,0.33674273
0,0.32925797
0,0.32148233
0,0.29442206
0,0.28189665
0,0.2856208
0,0.27937496
0,0.27986723
0,0.28477216
0,0.29083872
0,0.29791805
0,0.29805112
0,0.28797954
0,0.2857735
0,0.29140002
0,0.27449733
0,0.27730817
0,0.2659232
0,0.26415393
0,0.25592744
0,0.24807687
0,0.26418605
0,0.25778753
0,0.2571657
0,0.32253754
0,0.29281324
0,0.28788933
0,0.2888765
0,0.288938
0,0.2795528
0,0.27132705
0,0.2816748
0,0.28333932
0,0.29321054
0,0.27380544
0,0.26987964
0,0.2753309
0,0.32607102
0,0.29975674
0,0.29387388
0,0.30019754
0,0.30420595
0,0.27912188
0,0.28914076
0,0.39931357
0,0.35907343
0,0.45178974
0,0.35288006
0,0.33339623
0,0.30370697
0,0.30298004
0,0.2929889
0,0.29351074
0,0.28462145
0,0.27918646
0,0.27918732
0,0.28752372
0,0.27550048
0,0.27030367
0,0.2573827
0,0.25164393
0,0.24527101
0,0.23224032
0,0.22289589
0,0.21540424
0,0.21772993
0,0.2164741
0,0.21987456
0,0.23247439
0,0.2403116
0,0.24551529
0,0.24667937
0,0.24892181
0,0.25270385
0,0.37697488
0,0.32888776
0,0.31824446
0,0.31550068
0,0.31262657
0,0.30551082
0,0.30183104
0,0.30331016
0,0.28662196
0,0.27957773
0,0.3632601
0,0.32439402
0,0.3222185
0,0.29931554
0,0.2977598
0,0.28790396
0,0.2906572
0,0.2915333
0,0.28421718
0,0.27728158
0,0.27996832
0,0.29798308
0,0.28497458
0,0.27738872
0,0.28187215
0,0.27704552
0,0.27967516
0,0.26192635
0,0.2603761
0,0.2620903
0,0.2740169
0,0.28658548
0,0.27926373
0,0.2959683
0,0.38277832
0,0.33086434
0,0.3089817
0,0.30623
0,0.30559278
0,0.3040744
0,0.3006758
0,0.2918081
0,0.29111043
0,0.28609902
0,0.3523215
0,0.3192708
0,0.294719
0,0.28960583
0,0.28204063
0,0.27865
0,0.2876009
0,0.27495328
0,0.2815337
0,0.28119197
0,0.28032145
0,0.28624678
0,0.28909427
0,0.28596392
0,0.36641422
0,0.2971884
0,0.29379386
0,0.27561134
0,0.27341524
0,0.28078386
0,0.27605647
0,0.28225985
0,0.29242328
0,0.28712374
0,0.27920163
0,0.28210056
0,0.29941717
0,0.29837725
0,0.29470727
0,0.282932
0,0.2891617
0,0.28783837
0,0.28417614
0,0.28712505
0,0.29897138
0,0.293993
0,0.2898228
0,0.4122094
0,0.3401037
0,0.30922422
0,0.31125203
0,0.30412298
0,0.28197992
0,0.29424158
0,0.29344186
0,0.29315734
0,0.29313976
0,0.27730277
0,0.34156072
0,0.2945767
0,0.29442137
0,0.28457436
0,0.2759336
0,0.28064868
0,0.36158386
0,0.307174
0,0.30124065
0,0.2856946
0,0.31333295
0,0.39007747
0,0.30808645
0,0.27226627
0,0.256605
0,0.2447434
0,0.24469873
0,0.2466066
0,0.24929054
0,0.36581948
0,0.4132379
0,0.3312368
0,0.27497837
0,0.23472486
0,0.24056494
0,0.20944674
0,0.19189282
0,0.1795953
0,0.16957998
0,0.16382271
0,0.15546165
0,0.15613116
0,0.154394
0,0.1907512
0,0.16638769
0,0.16189
0,0.15649803
0,0.15500492
0,0.15654191
0,0.15929525
0,0.16262178
0,0.1571507
0,0.15807883
0,0.1558244
0,0.16219294
0,0.17147301
0,0.17964147
0,0.19577533
0,0.20406793
0,0.24762498
0,0.2796428
0,0.27229726
0,0.27772006
0,0.2722098
0,0.2812791
0,0.28829965
0,0.2879103
0,0.2925695
0,0.29546806
0,0.2979738
0,0.2951557
0,0.29382142
0,0.3072357
0,0.3047328
0,0.2994226
0,0.30480456
0,0.29736218
0,0.29804024
0,0.291306
0,0.29238433
0,0.30873764
0,0.2897462
0,0.2947964
0,0.29910207
0,0.29584602
0,0.29535866
0,0.29820505
0,0.293937
0,0.28883392
0,0.2851387
0,0.2978277
0,0.29110447
0,0.29607013
0,0.28752178
0,0.2844414
0,0.2963979
0,0.29021907
0,0.29657218
0,0.28913856
0,0.28782174
0,0.28260258
0,0.28890222
0,0.28509536
0,0.27989882
0,0.29943827
0,0.29931194
0,0.29690236
0,0.29861557
0,0.29493955
0,0.29544047
0,0.2977207
0,0.2956649
0,0.2947099
0,0.29194158
0,0.2952561
0,0.29251337
0,0.28612575
0,0.2978547
0,0.29375276
0,0.29062122
0,0.3003935
0,0.29326567
0,0.30136037
0,0.29556704
0,0.29201758
0,0.29484093
0,0.3945038
0,0.33581394
0,0.30774534
0,0.3108888
0,0.3062744
0,0.29941836
0,0.29196373
0,0.2954828
0,0.29171613
0,0.2874568
0,0.29150084
0,0.28772813
0,0.28231096
0,0.2841462
0,0.26880336
0,0.27233735
0,0.2760068
0,0.2764588
0,0.27299398
0,0.26043683
0,0.2706453
0,0.28207818
0,0.2872894
0,0.2882249
0,0.27233118
0,0.29243827
0,0.2926063
0,0.4646622
0,0.3776059
0,0.3481055
0,0.32102072
0,0.3124594
0,0.30135348
0,0.30198592
0,0.2941917
0,0.30235374
0,0.28553867
0,0.29432854
0,0.28756553
0,0.28989753
0,0.28924605
0,0.29247996
0,0.2876537
0,0.27839357
0,0.2765484
0,0.27527878
0,0.26480064
0,0.25816506
0,0.25359556
0,0.30374196
0,0.26408532
0,0.25901064
0,0.2519271
0,0.2623423
0,0.25691056
0,0.26784244
0,0.27906424
0,0.29917625
0,0.29628494
0,0.29161605
0,0.2934266
0,0.28810355
0,0.29306006
0,0.3037222
0,0.29488164
0,0.29303002
0,0.2897571
0,0.2849145
0,0.28897688
0,0.28943098
0,0.28375012
0,0.28582862
0,0.30086038
0,0.29208705
0,0.28562075
0,0.29223397
0,0.28708646
0,0.28395015
0,0.28533614
0,0.29908615
0,0.2867225
0,0.283271
0,0.28158692
0,0.2945689
0,0.28283986
0,0.28826395
0,0.28111118
0,0.27815446
0,0.2911099
0,0.2962244
0,0.28859574
0,0.30111346
0,0.29779252
0,0.3050976
0,0.40036696
0,0.34459317
0,0.31967574
0,0.31855884
0,0.30942938
0,0.30077234
0,0.30284718
0,0.28975886
0,0.290395
0,0.29207948
0,0.29289025
0,0.28681558
0,0.29132813
0,0.29220617
0,0.28914484
0,0.2863289
0,0.37316716
0,0.32944146
0,0.29771906
0,0.28116047
0,0.27091977
0,0.2616089
0,0.25127897
0,0.25098953
0,0.2541882
0,0.25906038
0,0.26265338
0,0.27430013
0,0.26709867
0,0.27847692
0,0.2893396
0,0.28058442
0,0.28932846
0,0.2930254
0,0.2844105
0,0.28679
0,0.29047638
0,0.29717305
0,0.28950354
0,0.3004839
0,0.29978177
0,0.29105976
0,0.28728098
0,0.28404498
0,0.28865996
0,0.28977174
0,0.29549327
0,0.29249084
0,0.29311302
0,0.28536436
0,0.2883342
0,0.2876886
0,0.28615883
0,0.28811818
0,0.28216943
0,0.3024957
0,0.2963803
0,0.28711003
0,0.2920832
0,0.28455558
0,0.2885697
0,0.2854124
0,0.2818052
0,0.2923699
0,0.29165125
0,0.28533217
0,0.29488936
0,0.297174
0,0.29460514
0,0.30250528
0,0.29024145
0,0.30175814
0,0.2932807
0,0.2943119
0,0.29147822
0,0.2902256
0,0.29813462
0,0.31432712
0,0.311945
0,0.30614808
0,0.30596346
0,0.30413535
0,0.29619586
0,0.2939916
0,0.28990725
0,0.28999427
0,0.29477668
0,0.28494576
0,0.28424692
0,0.2926103
0,0.28743273
0,0.31431848
0,0.2916151
0,0.28920323
0,0.2864211
0,0.29080486
0,0.3014553
0,0.29630834
0,0.2961916
0,0.29926762
0,0.2985832
0,0.2950632
0,0.3067517
0,0.2976018
0,0.30333874
0,0.3088206
0,0.30311197
0,0.29626772
0,0.3068563
0,0.4934423
0,0.37746206
0,0.33496198
0,0.32025057
0,0.3064171
0,0.29239053
0,0.28789157
0,0.28649205
0,0.27898586
0,0.3644742
0,0.2936106
0,0.27465147
0,0.25224903
0,0.22252038
0,0.2109068
0,0.20256683
0,0.20318326
0,0.20377931
0,0.19841303
0,0.19958696
0,0.20376748
0,0.20108278
0,0.20473532
0,0.20918034
0,0.20671836
0,0.20889756
0,0.21477422
0,0.216149
0,0.24123532
0,0.24205802
0,0.29111814
0,0.2741493
0,0.2757939
0,0.27401948
0,0.2801498
0,0.2773842
0,0.2818135
0,0.2782515
0,0.28504625
0,0.2886348
0,0.28494856
0,0.28577217
0,0.28033885
0,0.27760705
0,0.278659
0,0.28314894
0,0.27591974
0,0.2779793
0,0.2735616
0,0.2785144
0,0.29037473
0,0.28780356
0,0.29392508
0,0.30253997
0,0.29761282
0,0.30165526
0,0.2969501
0,0.28970805
0,0.2927848
0,0.2960656
0,0.29293224
0,0.2906916
0,0.28999725
0,0.2935778
0,0.29481164
0,0.29082495
0,0.28906134
0,0.35962176
0,0.3148568
0,0.30774176
0,0.30665663
0,0.2965086
0,0.2966534
0,0.2908127
0,0.29070106
0,0.29403758
0,0.29003528
0,0.28555942
0,0.28261504
0,0.2832234
0,0.28525147
0,0.29310358
0,0.2913497
0,0.2901197
0,0.28389478
0,0.29355374
0,0.28589013
0,0.2984987
0,0.2940903
0,0.29792485
0,0.29491022
0,0.29714364
0,0.29282284
0,0.2960641
0,0.29665872
0,0.29326957
0,0.29521185
0,0.29225197
0,0.29607633
0,0.30544907
0,0.29894486
0,0.29276717
0,0.2955996
0,0.29771373
0,0.29976195
0,0.29259795
0,0.2878242
0,0.2859135
0,0.28793514
0,0.28738502
0,0.2875256
0,0.2835359
0,0.29211998
0,0.28288054
0,0.2789766
0,0.28104252
0,0.28638095
0,0.28392178
0,0.2884985
0,0.28107595
0,0.28826073
0,0.2957834
0,0.28974828
0,0.29302993
0,0.29222116
0,0.2964679
0,0.2933978
0,0.30091736
0,0.29951072
0,0.29925802
0,0.30904752
0,0.33269712
0,0.31490096
0,0.30380148
0,0.30205765
0,0.29325417
0,0.30001983
0,0.29667532
0,0.299308
0,0.2953945
0,0.29122022
0,0.29092103
0,0.2858045
0,0.284703
0,0.28576118
0,0.28625575
0,0.28148085
0,0.28983217
0,0.2827309
0,0.28348452
0,0.2835196
0,0.2784049
0,0.2865293
0,0.28719708
0,0.29253232
0,0.2952508
0,0.29877925
0,0.29866803
0,0.3037395
0,0.30121368
0,0.30049405
0,0.3052175
0,0.29636884
0,0.29974705
0,0.29754955
0,0.29846978
0,0.29282412
0,0.28772363
0,0.2875568
0,0.29216728
0,0.2876266
0,0.28755388
0,0.2901266
0,0.291616
0,0.28613192
0,0.2783342
0,0.2805439
0,0.28034595
0,0.2860534
0,0.28462017
0,0.28023487
0,0.27875906
0,0.28249434
0,0.2921473
0,0.30064598
0,0.3011978
0,0.3149588
0,0.3083204
0,0.30549642
0,0.30447307
0,0.30760747
0,0.30795866
0,0.30409122
0,0.29754555
0,0.29240444
0,0.29160845
0,0.2995067
0,0.3031695
0,0.29628703
0,0.2942615
0,0.2910216
0,0.29693934
0,0.2908278
0,0.29233667
0,0.29129052
0,0.27080292
0,0.2798758
0,0.2761208
0,0.2794139
0,0.28785792
0,0.29088613
0,0.28530136
0,0.28823283
0,0.2892263
0,0.29338568
0,0.28744003
0,0.28836873
0,0.28567854
0,0.282087
0,0.2806933
0,0.28606063
0,0.28234157
0,0.28685772
0,0.28137535
0,0.28149393
0,0.27949852
0,0.28359988
0,0.28010446
0,0.27970666
0,0.28158337
0,0.28190556
0,0.2822018
0,0.2907311
0,0.28098947
0,0.28909105
0,0.29053423
0,0.301672
0,0.28422156
0,0.29024112
0,0.31406394
0,0.30419725
0,0.2976877
0,0.29466182
0,0.28940424
0,0.29247853
0,0.3518138
0,0.3139828
0,0.30349073
0,0.30221713
0,0.2964987
0,0.29130954
0,0.28755498
0,0.2860176
0,0.28339082
0,0.28848264
0,0.2833654
0,0.2878509
0,0.2939831
0,0.29649752
0,0.29014644
0,0.28642777
0,0.28234303
0,0.28207985
0,0.28257853
0,0.29210737
0,0.29100376
0,0.6706015
0,0.48631224
0,0.43927702
0,0.39720613
0,0.35984474
0,0.33191276
0,0.3195817
0,0.2952586
0,0.28600782
0,0.28261027
0,0.27965632
0,0.25373825
0,0.22548065
0,0.20235647
0,0.18020017
0,0.16598505
0,0.15676878
0,0.15359293
0,0.14811222
0,0.14529796
0,0.14578427
0,0.14653976
0,0.14773756
0,0.152439
0,0.16154505
0,0.17306001
0,0.18731502
0,0.2004146
0,0.21754125
0,0.23360303
0,0.28001285
0,0.2916137
0,0.30088365
0,0.2984108
0,0.3058461
0,0.30032527
0,0.2960774
0,0.30270228
0,0.3006265
0,0.30575046
0,0.30237964
0,0.52697766
0,0.39908955
0,0.35449997
0,0.33120888
0,0.31672817
0,0.3149416
0,0.2968645
0,0.28854686
0,0.29410878
0,0.2946331
0,0.29447526
0,0.2817183
0,0.27846345
0,0.2626651
0,0.25383052
0,0.24156268
0,0.22824585
0,0.2228546
0,0.22044846
0,0.22598484
0,0.22730011
0,0.23381434
0,0.23337527
0,0.23512802
0,0.24041897
0,0.24853918
0,0.25857654
0,0.26616037
0,0.27142134
0,0.32252854
0,0.31480438
0,0.29937917
0,0.29665586
0,0.29227796
0,0.4043548
0,0.33335412
0,0.31947386
0,0.3464614
0,0.3134001
0,0.301812
0,0.2959382
0,0.29371488
0,0.28177834
0,0.27943152
0,0.27662823
0,0.27375728
0,0.26589912
0,0.26478997
0,0.26086348
0,0.2740669
0,0.26386783
0,0.25753117
0,0.2587762
0,0.26805705
0,0.27204052
0,0.47322962
0,0.36006775
0,0.32043433
0,0.28448823
0,0.2860791
0,0.26415774
0,0.26078144
0,0.25401586
0,0.2538057
0,0.28749806
0,0.28074336
0,0.27704358
0,0.28006586
0,0.28003561
0,0.26775414
0,0.2554894
0,0.23917161
0,0.22402394
0,0.221503
0,0.21051013
0,0.20706107
0,0.20953241
0,0.21285635
0,0.2193353
0,0.22526802
0,0.23071547
0,0.2445366
0,0.24657872
0,0.26106107
0,0.26667628
0,0.2810775
0,0.2785097
0,0.29525244
0,0.2867959
0,0.29154703
0,0.29871464
0,0.29823965
0,0.30107108
0,0.30677298
0,0.30775404
0,0.30277392
0,0.31429353
0,0.31728026
0,0.30738765
0,0.30602866
0,0.30297804
0,0.30185288
0,0.29009596
0,0.29579946
0,0.29372922
0,0.29785568
0,0.29537603
0,0.29060298
0,0.2883525
0,0.28896248
0,0.2836938
0,0.28781918
0,0.28336263
0,0.2822387
0,0.2889564
0,0.28885168
0,0.283012
0,0.2852201
0,0.28531998
0,0.2925612
0,0.2914136
0,0.28439707
0,0.2815602
0,0.2802668
0,0.29198658
0,0.28116733
0,0.28318012
0,0.28892034
0,0.2849227
0,0.2840177
0,0.43506843
0,0.35673264
0,0.3536641
0,0.32878295
0,0.31877825
0,0.30438066
0,0.3009791
0,0.29916787
0,0.30137238
0,0.2928712
0,0.29760835
0,0.2895737
0,0.28791776
0,0.28484964
0,0.29567328
0,0.29278156
0,0.28420237
0,0.28242823
0,0.27907705
0,0.27663034
0,0.26587006
0,0.25897896
0,0.2550331
0,0.25763327
0,0.25944707
0,0.26092997
0,0.2801717
0,0.2801456
0,0.28599048
0,0.2808391
0,0.28394008
0,0.29112688
0,0.30619922
0,0.29883724
0,0.30108833
0,0.30038026
0,0.30147976
0,0.2984345
1,0.2831927
1,0.2877738
1,0.29158482
1,0.28758216
1,0.29223338
1,0.29609054
1,0.29600257
1,0.29908627
1,0.29958007
1,0.2933216
1,0.293817
1,0.29418796
1,0.28846252
1,0.28731462
1,0.2840603
1,0.89461505
0,0.9796851
0,0.9382455
0,0.9139355
0,0.8941695
0,0.83122796
0,0.7445057
0,0.6549989
0,0.57028925
0,0.49131623
0,0.4163485
0,0.3624127
0,0.30009854
0,0.2576608
0,0.23510003
0,0.198155
0,0.16587234
0,0.15318011
0,0.13584077
0,0.13595772
0,0.1330102
0,0.1306311
0,0.12437096
0,0.12488255
0,0.12502536
0,0.12527293
0,0.12641276
0,0.12782773
0,0.13118474
0,0.13518736
0,0.25617573
0,0.27429375
0,0.26767063
0,0.27093908
0,0.27192873
0,0.27415246
0,0.27163306
0,0.2689879
0,0.26993683
0,0.2695187
0,0.2681695
0,0.2731218
0,0.2749911
0,0.27494273
0,0.2709696
0,0.26872236
0,0.27311495
0,0.2687432
0,0.2709894
0,0.26705676
0,0.26407376
0,0.26440436
0,0.26407766
0,0.26665446
0,0.27187875
0,0.27309266
0,0.2828141
0,0.2704378
0,0.281488
0,0.28030336
0,0.28015447
0,0.2756941
0,0.27936146
0,0.27842835
0,0.27772832
0,0.2756088
0,0.27624464
0,0.2751155
0,0.27453512
0,0.27453572
0,0.2740478
0,0.27267158
0,0.2724219
0,0.2714777
0,0.27031493
0,0.27066308
0,0.26946965
0,0.26864892
0,0.267329
0,0.2658341
0,0.26541808
0,0.26429075
0,0.27671447
0,0.2682309
0,0.26536334
0,0.2627421
0,0.2622933
0,0.26183888
0,0.26110032
0,0.26935935
0,0.26254925
0,0.27550438
0,0.27085826
0,0.27540973
0,0.2814486
0,0.2759138
0,0.276119
0,0.28804123
0,0.28034595
0,0.27819508
0,0.2753782
0,0.27567005
0,0.27966508
0,0.27617353
0,0.2753157
0,0.27459934
0,0.27342635
0,0.2724014
0,0.27199277
0,0.26924622
0,0.26863587
0,0.2686748
0,0.2691199
0,0.26801068
0,0.26758376
0,0.26575178
0,0.26624382
0,0.26553142
0,0.26725873
0,0.26553765
0,0.26427537
0,0.2639079
0,0.26282713
0,0.260901
0,0.26104593
0,0.26047266
0,0.26340008
0,0.266386
0,0.2719161
0,0.2727818
0,0.27354914
0,0.2759808
0,0.27706555
0,0.2803796
0,0.27894366
0,0.28268522
0,0.29203385
0,0.2771733
0,0.2789841
0,0.28004485
0,0.2776954
0,0.2791368
0,0.27116597
0,0.2718672
0,0.27003413
0,0.27052164
0,0.26496565
0,0.2669578
0,0.26657987
0,0.2664227
0,0.26584148
0,0.26505017
0,0.26385877
0,0.26288655
0,0.26310033
0,0.2619033
0,0.2609157
0,0.25979555
0,0.25891817
0,0.2689933
0,0.27264208
0,0.26369178
0,0.27171698
0,0.270741
0,0.2735837
0,0.27357483
0,0.27468643
0,0.27294326
0,0.27457547
0,0.27291682
0,0.2826499
0,0.27710456
0,0.2695983
0,0.271681
0,0.2713225
0,0.27107313
0,0.26961315
0,0.26441124
0,0.26495174
0,0.2654416
0,0.265593
0,0.26578808
0,0.26561505
0,0.26496974
0,0.2649038
0,0.26424533
0,0.26328462
0,0.26275834
0,0.2617303
0,0.2599689
0,0.25983122
0,0.2588011
0,0.2690098
0,0.27292264
0,0.27475336
0,0.2685548
0,0.26278335
0,0.27037102
0,0.25982904
0,0.26771542
0,0.2690548
0,0.26874956
0,0.26928142
0,0.2644453
0,0.27779165
0,0.2792179
0,0.27247822
0,0.27118036
0,0.26934034
0,0.26834926
0,0.2668439
0,0.26359698
0,0.2613451
0,0.26999196
0,0.2646608
0,0.2624562
0,0.2702702
0,0.27368036
0,0.27648106
0,0.27758008
0,0.27610213
0,0.27163392
0,0.27494103
0,0.2789047
0,0.27437007
0,0.2741292
0,0.2858451
0,0.2786375
0,0.28160766
0,0.27660426
0,0.28042293
0,0.2784066
0,0.27711064
0,0.27943316
0,0.2719779
0,0.2680493
0,0.26838323
0,0.27459988
0,0.2668572
0,0.26719496
0,0.2669763
0,0.26528203
0,0.2692541
0,0.2602756
0,0.27099368
0,0.265674
0,0.26321208
0,0.26106936
0,0.26807633
0,0.27112278
0,0.27518493
0,0.27582875
0,0.2769117
0,0.2779166
0,0.27817768
0,0.27758002
0,0.27711806
0,0.2763136
0,0.2749813
0,0.2794298
0,0.27846748
0,0.27528468
0,0.2742152
0,0.27299902
0,0.26965567
0,0.27074426
0,0.27033162
0,0.27003917
0,0.27063358
0,0.2700231
0,0.26616266
0,0.26710686
0,0.26647645
0,0.26620898
0,0.2623998
0,0.26162374
0,0.2621005
0,0.26179445
0,0.26187253
0,0.26244837
0,0.26176998
0,0.2603235
0,0.26973927
0,0.2531289
0,0.2681407
0,0.26892924
0,0.27180707
0,0.2784706
0,0.26413244
0,0.27134743
0,0.2713983
0,0.27510625
0,0.26848108
0,0.27114135
0,0.27154538
0,0.270869
0,0.2701707
0,0.26417166
0,0.26716024
0,0.2673568
0,0.26726168
0,0.26677334
0,0.2754802
0,0.26944575
0,0.2664367
0,0.27064598
0,0.2775372
0,0.26889595
0,0.275339
0,0.26679796
0,0.263994
0,0.26755914
0,0.26368272
0,0.26191697
0,0.27032152
0,0.27382916
0,0.28147632
0,0.28352773
0,0.2808612
0,0.2809301
0,0.28005266
0,0.27582076
0,0.27702385
0,0.27703327
0,0.28216615
0,0.27755454
0,0.27701655
0,0.27532187
0,0.27373496
0,0.26759458
0,0.27109867
0,0.270563
0,0.26583898
0,0.26960182
0,0.26935336
0,0.26942283
0,0.2831625
0,0.2740871
0,0.26894215
0,0.26898757
0,0.26861712
0,0.26712206
0,0.26597163
0,0.2657315
0,0.26478556
0,0.26401946
0,0.26290992
0,0.2622506
0,0.26086864
0,0.26812902
0,0.262408
0,0.26084787
0,0.26841095
0,0.2731575
0,0.27438197
0,0.27651224
0,0.2738989
0,0.27466345
0,0.27563003
0,0.2769183
0,0.27014005
0,0.2737144
0,0.27367944
0,0.2735598
0,0.274471
0,0.27293926
0,0.28198606
0,0.27435786
0,0.27348745
0,0.27096063
0,0.26059005
0,0.26593733
0,0.26555896
0,0.26545525
0,0.26489028
0,0.26508027
0,0.26335895
0,0.2636317
0,0.26359394
0,0.2629263
0,0.26306447
0,0.26194525
0,0.26106995
0,0.2692863
0,0.27263704
0,0.2648807
0,0.27126053
0,0.27069265
0,0.27544737
0,0.27644497
0,0.27781084
0,0.27243063
0,0.27489585
0,0.27477404
0,0.2749074
0,0.2750263
0,0.30149797
0,0.28417543
0,0.27982274
0,0.27713433
0,0.27906987
0,0.2714451
0,0.27103648
0,0.26997894
0,0.27323425
0,0.27002025
0,0.268768
0,0.26780665
0,0.2663313
0,0.2661189
0,0.26449916
0,0.26379818
0,0.2729869
0,0.26647043
0,0.26410472
0,0.27136576
0,0.2691607
0,0.26522064
0,0.2718857
0,0.27205884
0,0.27928674
0,0.2771394
0,0.27601674
0,0.26520354
0,0.27171516
0,0.27282906
0,0.2706954
0,0.2716809
0,0.27190122
0,0.27222186
0,0.2685031
0,0.2697061
0,0.27000338
0,0.26832208
0,0.2720131
0,0.2705708
0,0.26978004
0,0.26696825
0,0.2681599
0,0.26689377
0,0.26647612
0,0.26610327
0,0.26499155
0,0.26429114
0,0.27061793
0,0.26494387
0,0.26366362
0,0.27404442
0,0.26607767
0,0.26322693
0,0.27192086
0,0.26485825
0,0.26915944
0,0.2697249
0,0.27469954
0,0.2738332
0,0.2765532
0,0.2781036
0,0.277956
0,0.27776802
0,0.27728933
0,0.27406737
0,0.2744285
0,0.2738992
0,0.27374464
0,0.2725434
0,0.27211788
0,0.2707128
0,0.2639926
0,0.26674366
0,0.26644367
0,0.25944886
0,0.2620627
0,0.26714543
0,0.26437628
0,0.26454213
0,0.26456538
0,0.26328504
0,0.2628449
0,0.2631867
0,0.26987758
0,0.26367152
0,0.26283878
0,0.26170388
0,0.26082772
0,0.25902814
0,0.25858378
0,0.2662317
0,0.26526004
0,0.26108843
0,0.25946054
0,0.2691486
0,0.27247694
0,0.27345532
0,0.2747265
0,0.27617818
0,0.27680326
0,0.2754067
0,0.2732206
0,0.27478126
0,0.28045866
0,0.27590153
0,0.2759469
0,0.2629664
0,0.2684724
0,0.26873103
0,0.26728705
0,0.2627338
0,0.2652503
0,0.2640663
0,0.26433134
0,0.26401624
0,0.26488233
0,0.26282817
0,0.26776394
0,0.26546448
0,0.25658724
0,0.26026168
0,0.25960505
0,0.26615512
0,0.26230502
0,0.2614862
0,0.25955483
0,0.25969675
0,0.2584762
0,0.25855282
0,0.26623374
0,0.26061
0,0.2590556
0,0.26891136
0,0.27125138
0,0.2728103
0,0.27443567
0,0.28458178
0,0.2784528
0,0.27716708
0,0.28702807
0,0.27575544
0,0.26639867
0,0.27148348
0,0.27243897
0,0.27251285
0,0.26666686
0,0.2700152
0,0.26992723
0,0.2693821
0,0.26949334
0,0.2645179
0,0.2668799
0,0.26733485
0,0.26755822
0,0.27116057
0,0.26514754
0,0.26282895
0,0.26417094
0,0.26272717
0,0.2623614
0,0.26144305
0,0.26143804
0,0.2698019
0,0.2675418
0,0.25502932
0,0.2582328
0,0.26524007
0,0.2708529
0,0.27321133
0,0.27539694
0,0.2707097
0,0.27490193
0,0.28104126
0,0.27661195
0,0.27672666
0,0.2713862
0,0.27509323
0,0.27830005
0,0.27540848
0,0.2741872
0,0.2723844
0,0.27174506
0,0.27118263
0,0.27010387
0,0.27230376
0,0.27069095
0,0.26962993
0,0.28037077
0,0.27321294
0,0.2780925
0,0.27153194
0,0.27624324
0,0.2709067
0,0.2585197
0,0.2616079
0,0.26739493
0,0.2627624
0,0.26217026
0,0.2620833
0,0.26207265
0,0.26141948
0,0.26041177
0,0.25896746
0,0.258174
0,0.2574552
0,0.26559755
0,0.2703032
0,0.27309895
0,0.27426142
0,0.2755139
0,0.2751076
0,0.27567053
0,0.27556235
0,0.27451855
0,0.2739929
0,0.27238873
0,0.26966944
0,0.2681553
0,0.26961493
0,0.2693089
0,0.26778984
0,0.26772124
0,0.2670728
0,0.2719005
0,0.26866728
0,0.2669553
0,0.2668673
0,0.26662284
0,0.265961
0,0.26237607
0,0.27275065
0,0.26703432
0,0.2736411
0,0.26766393
0,0.26532048
0,0.26773053
0,0.2634456
0,0.2720154
0,0.2754649
0,0.27665818
0,0.2780143
0,0.2786128
0,0.27910474
0,0.2787864
0,0.27585822
0,0.27509817
0,0.27480942
0,0.27453324
0,0.27373555
0,0.27294177
0,0.27218732
0,0.2720662
0,0.2703333
0,0.26995292
0,0.26750055
0,0.2660137
0,0.2657662
0,0.2662959
0,0.26580733
0,0.2655049
0,0.26460928
0,0.26872158
0,0.26524574
0,0.26443508
0,0.28377256
0,0.28140947
0,0.2798663
0,0.2813031
0,0.27171227
0,0.2672286
0,0.26427877
0,0.2727044
0,0.27482048
0,0.28711003
0,0.2825537
0,0.3186724
0,0.29513368
0,0.28712073
0,0.2851196
0,0.28208792
0,0.28025237
0,0.27945945
0,0.2782504
0,0.27775466
0,0.27715418
0,0.27685893
0,0.27659503
0,0.27557796
0,0.27815765
0,0.27553654
0,0.27503133
0,0.27382475
0,0.27255744
0,0.2844871
0,0.26559085
0,0.27019185
0,0.3068451
0,0.28391936
0,0.28677654
0,0.26751882
0,0.26629105
0,0.26827493
0,0.2783687
0,0.27104318
0,0.27982873
0,0.27698514
0,0.2697974
0,0.26688635
0,0.27315846
0,0.27657875
0,0.27863795
0,0.2838683
0,0.27924788
0,0.27987805
0,0.26441786
0,0.2762336
0,0.2750621
0,0.26547033
0,0.26396292
0,0.26039496
0,0.2725953
0,0.2608853
0,0.28180557
0,0.26507357
0,0.2589752
0,0.26397207
0,0.26671192
0,0.25813594
0,0.2833323
0,0.27420318
0,0.2721554
0,0.27538046
0,0.26070958
0,0.25569475
0,0.2621531
0,0.25738582
0,0.25424263
0,0.25824916
0,0.27033952
0,0.26617992
0,0.27428827
0,0.266278
0,0.2640369
0,0.2589082
0,0.26197803
0,0.25925308
0,0.25552568
0,0.25424337
0,0.2645621
0,0.26899168
0,0.26090068
0,0.25885454
0,0.26572195
0,0.26972038
0,0.2838095
0,0.2842933
0,0.26733282
0,0.2669398
0,0.25954282
0,0.2779517
0,0.27832294
0,0.27427346
0,0.29151422
0,0.27787495
0,0.2757805
0,0.27351287
0,0.26237497
0,0.26816773
0,0.26731038
0,0.2572197
0,0.26310423
0,0.26311067
0,0.27416584
0,0.26688087
0,0.27682275
0,0.26711833
0,0.27547336
0,0.27929145
0,0.2849293
0,0.27262813
0,0.26758328
0,0.2758306
0,0.2776246
0,0.26114613
0,0.27095613
0,0.25794047
0,0.25945592
0,0.2545414
0,0.2646141
0,0.25328842
0,0.2637119
0,0.2656749
0,0.25680485
0,0.25338912
0,0.2608125
0,0.25858548
0,0.25199175
0,0.24976526
0,0.255497
0,0.25929776
0,0.2565565
0,0.24988782
0,0.2572436
0,0.2589264
0,0.2707885
0,0.27552265
0,0.2656514
0,0.26467344
0,0.27400166
0,0.26038742
0,0.2711536
0,0.27359205
0,0.26511872
0,0.26144373
0,0.2704111
0,0.266973
0,0.27249172
0,0.26328158
0,0.25904012
0,0.26616788
0,0.27567944
0,0.26569578
0,0.25852433
0,0.25590977
0,0.26242694
0,0.26439372
0,0.26563698
0,0.2662118
0,0.27972534
0,0.26057443
0,0.265891
0,0.25520274
0,0.2520264
0,0.26771426
0,0.2745882
0,0.2685563
0,0.27759212
0,0.2696676
0,0.2671492
0,0.26612377
0,0.27495626
0,0.27592272
0,0.29083052
0,0.2854384
0,0.28555158
0,0.26724613
0,0.27447084
0,0.26640934
0,0.2637999
0,0.272661
0,0.26806697
0,0.26183373
0,0.26060715
0,0.25864542
0,0.255056
0,0.26064473
0,0.25869808
0,0.27034447
0,0.26905897
0,0.25954673
0,0.26234102
0,0.26540205
0,0.26726016
0,0.25752273
0,0.2541049
0,0.26037696
0,0.2660656
0,0.25378892
0,0.25797597
0,0.26153463
0,0.26127145
0,0.26171523
0,0.26200593
0,0.2728725
0,0.27742654
0,0.2700042
0,0.2675531
0,0.27531177
0,0.26680207
0,0.2755566
0,0.27747217
0,0.2712226
0,0.2662877
0,0.26333985
0,0.2613457
0,0.26377836
0,0.25951442
0,0.26850373
0,0.26017874
0,0.25510466
0,0.25844982
0,0.25453603
0,0.26177976
0,0.25361055
0,0.2564491
0,0.25997266
0,0.25356665
0,0.25185007
0,0.2600856
0,0.26232228
0,0.26453593
0,0.26853487
0,0.2560556
0,0.26213428
0,0.26264337
0,0.26303387
0,0.2742102
0,0.2727938
0,0.27969643
0,0.27499634
0,0.28787118
0,0.28501627
0,0.27206758
0,0.2803526
0,0.2810181
0,0.2665066
0,0.26511872
0,0.26235706
0,0.26365003
0,0.27198312
0,0.26909095
0,0.26411146
0,0.26175666
0,0.2604734
0,0.26936963
0,0.2720413
0,0.27853942
0,0.26995817
0,0.27977124
0,0.27447814
0,0.26500034
0,0.27156135
0,0.26319048
0,0.26876184
0,0.27004698
0,0.27062958
0,0.27148354
0,0.26067513
0,0.26643512
0,0.2672538
0,0.2665774
0,0.25397125
0,0.2719773
0,0.25525928
0,0.2652714
0,0.27506852
0,0.27864376
0,0.27057856
0,0.2794774
0,0.28278655
0,0.28231677
0,0.26648095
0,0.27748275
0,0.27872315
0,0.2795908
0,0.2699217
0,0.26547483
0,0.27320984
0,0.26463267
0,0.26115915
0,0.2578084
0,0.26765937
0,0.2702864
0,0.26141468
0,0.25724193
0,0.25487047
0,0.26355076
0,0.26634827
0,0.2686157
0,0.2586835
0,0.2655658
0,0.25614256
0,0.26265153
0,0.26426363
0,0.26440984
0,0.25901628
0,0.269858
0,0.26560044
0,0.2655422
0,0.27841187
0,0.268831
0,0.26708242
0,0.26564372
0,0.27779663
0,0.26635253
0,0.27560642
0,0.27341107
0,0.26647976
0,0.26228982
0,0.25996616
0,0.2706919
0,0.26196554
0,0.2588598
0,0.25709358
0,0.26613605
0,0.2610948
0,0.25666192
0,0.2512241
0,0.25103125
0,0.247655
0,0.2533625
0,0.2593443
0,0.26264665
0,0.26450175
0,0.2556965
0,0.26308453
0,0.2534058
0,0.25047162
0,0.25804818
0,0.24965556
0,0.26264507
0,0.25987938
0,0.26301056
0,0.26212004
0,0.25852966
0,0.2588049
0,0.29107067
0,0.27036664
0,0.26532447
0,0.26195952
0,0.26999348
0,0.25922102
0,0.26807335
0,0.27134636
0,0.26278257
0,0.26947522
0,0.2610748
0,0.26856735
0,0.2645647
0,0.2689437
0,0.27565354
0,0.27097327
0,0.26084843
0,0.26668775
0,0.26814672
0,0.27402106
0,0.2588962
0,0.2749447
0,0.2789338
0,0.2705605
0,0.26261848
0,0.27436078
0,0.26654404
0,0.27589247
0,0.26870704
0,0.26497483
0,0.25974378
0,0.26188967
0,0.27019197
0,0.27386287
0,0.26479816
0,0.27273354
0,0.27294263
0,0.27493122
0,0.26715624
0,0.26183778
0,0.26521564
0,0.26899785
0,0.26981133
0,0.27714205
0,0.2784179
0,0.27445915
0,0.26332134
0,0.2584572
0,0.27664313
0,0.26497123
0,0.2676058
0,0.2757927
0,0.26434907
0,0.2602553
0,0.27074793
0,0.26693723
0,0.26619226
0,0.26544738
0,0.26495415
0,0.27489808
0,0.27716434
0,0.27911243
0,0.2769186
0,0.26962087
0,0.2672781
0,0.2795495
0,0.26804644
0,0.2642267
0,0.27180594
0,0.26401085
0,0.2748418
0,0.27600053
0,0.28171572
0,0.27770492
0,0.27201277
0,0.27243704
0,0.26415092
0,0.26041996
0,0.26841033
0,0.27058053
0,0.26107243
0,0.2722974
0,0.27607346
0,0.2629584
0,0.27372348
0,0.26056376
0,0.26697284
0,0.26739642
0,0.26429504
0,0.26685378
0,0.26671118
0,0.2670733
0,0.26526567
0,0.27659988
0,0.280332
0,0.28005984
0,0.28376076
0,0.27384153
0,0.2816769
0,0.27218768
0,0.26601118
0,0.2750157
0,0.2770492
0,0.2663588
0,0.27426746
0,0.275784
0,0.26618618
0,0.27326247
0,0.2624793
0,0.26531866
0,0.2566986
0,0.25552568
0,0.26430094
0,0.26635638
0,0.26348925
0,0.25631884
0,0.2634924
0,0.25543907
0,0.2522809
0,0.24929112
0,0.25458127
0,0.25843307
0,0.25634256
0,0.2591963
0,0.25981325
0,0.2708165
0,0.2751064
0,0.2667671
0,0.26527405
0,0.2742058
0,0.2752137
0,0.27707967
0,0.27220514
0,0.26559466
0,0.2722863
0,0.27426425
0,0.26432636
0,0.27178138
0,0.27223897
0,0.2634826
0,0.25982565
0,0.2654918
0,0.258489
0,0.25543684
0,0.26398408
0,0.2643462
0,0.26663396
0,0.26791432
0,0.27814478
0,0.26217407
0,0.26828644
0,0.26877758
0,0.25817615
0,0.25398695
0,0.27125552
0,0.2564533
0,0.2725236
0,0.2750511
0,0.26879236
0,0.27851132
0,0.2698335
0,0.26730934
0,0.27547976
0,0.26767772
0,0.26607636
0,0.26362503
0,0.27525613
0,0.2658461
0,0.26269183
0,0.25543872
0,0.2761445
0,0.27507538
0,0.26491356
0,0.27196765
0,0.26940763
0,0.27286702
0,0.26263398
0,0.25854897
0,0.25515828
0,0.26845196
0,0.26600707
0,0.268281
0,0.25571704
0,0.25748983
0,0.27261487
0,0.2680176
0,0.2572982
0,0.26165727
0,0.27342507
0,0.27781066
0,0.280697
0,0.27108717
0,0.27801853
0,0.27056643
0,0.27860594
0,0.2791818
0,0.28028354
0,0.28045133
0,0.26941848
0,0.2701568
0,0.26328763
0,0.2599093
0,0.26924285
0,0.25838766
0,0.2635118
0,0.26858938
0,0.2705423
0,0.27205074
0,0.27040732
0,0.26090163
0,0.2683145
0,0.25738353
0,0.26510385
0,0.2612442
0,0.2671141
0,0.2547387
0,0.25193968
0,0.24966578
0,0.26818135
0,0.26330978
0,0.27485755
0,0.26778892
0,0.28205645
0,0.2819235
0,0.27175063
0,0.27947098
0,0.26703423
0,0.2616253
0,0.26535395
0,0.271221
0,0.27340814
0,0.26410788
0,0.26072237
0,0.26707566
0,0.25901517
0,0.26684764
0,0.26928437
0,0.25732642
0,0.25618982
0,0.25382927
0,0.2823414
0,0.26024887
0,0.25650722
0,0.2725324
0,0.25752142
0,0.26303276
0,0.2549833
0,0.2503299
0,0.26957807
0,0.26314166
0,0.25154653
0,0.25881246
0,0.25964355
0,0.26005384
0,0.26663813
0,0.26212883
0,0.25967288
0,0.25720468
0,0.28338626
0,0.26778036
0,0.26425627
0,0.2603124
0,0.25791937
0,0.25764883
0,0.257049
0,0.25545368
0,0.26588756
0,0.25842887
0,0.26734874
0,0.2592592
0,0.2552569
0,0.25335565
0,0.25911382
0,0.2665917
0,0.26880524
0,0.2654206
0,0.27010942
0,0.260497
0,0.26733494
0,0.26464278
0,0.25741702
0,0.25409657
0,0.25129715
0,0.24771385
0,0.24593525
0,0.25878498
0,0.2494178
0,0.2511763
0,0.24588901
0,0.2548715
0,0.2579213
0,0.24875027
0,0.25595617
0,0.25816074
0,0.25766885
0,0.27059117
0,0.27487943
0,0.27761707
0,0.27832595
0,0.2805236
0,0.2739929
0,0.27881455
0,0.26861662
0,0.26522392
0,0.26008964
0,0.25891376
0,0.2581625
0,0.2562182
0,0.2651399
0,0.27391008
0,0.27229574
0,0.27212712
0,0.2607971
0,0.25643864
0,0.25293645
0,0.2699108
0,0.27608556
0,0.26384145
0,0.26158
0,0.25371003
0,0.25729206
0,0.2716725
0,0.2766101
0,0.26876512
0,0.27214506
0,0.26221922
0,0.27273032
0,0.26529795
0,0.2625827
0,0.2762389
0,0.26506725
0,0.26892295
0,0.2727951
0,0.26376683
0,0.27087188
0,0.2593781
0,0.25730863
0,0.25585538
0,0.2622827
0,0.2608931
0,0.2589285
0,0.25403267
0,0.27060023
0,0.26774314
0,0.26827604
0,0.2618258
0,0.27023354
0,0.2683733
0,0.26792014
0,0.26714304
0,0.26663455
0,0.26466644
0,0.27575615
0,0.26526925
0,0.26443925
0,0.26307893
0,0.27369955
0,0.27646834
0,0.27791592
0,0.26786774
0,0.27587917
0,0.27518097
0,0.26130018
0,0.27818087
0,0.27688932
0,0.2661161
0,0.26085228
0,0.2684154
0,0.2604899
0,0.27364147
0,0.2714191
0,0.26215717
0,0.25831214
0,0.2552481
0,0.25258988
0,0.25412846
0,0.26016745
0,0.26028806
0,0.25332326
0,0.27035964
0,0.26670378
0,0.27591032
0,0.25892964
0,0.25379822
0,0.25438184
0,0.2576485
0,0.2708208
0,0.276123
0,0.27928618
0,0.2711913
0,0.26592174
0,0.2640897
0,0.27414438
0,0.27768114
0,0.27945474
0,0.27392393
0,0.27807575
0,0.26917204
0,0.27757558
0,0.2669507
0,0.26171926
0,0.27133778
0,0.26311335
0,0.27061406
0,0.27431843
0,0.27583438
0,0.26601106
0,0.27145183
0,0.27433786
0,0.27534154
0,0.27571255
0,0.27644306
0,0.27510035
0,0.2753176
0,0.28082955
0,0.27689844
0,0.27355978
0,0.27410266
0,0.27257532
0,0.27669993
0,0.27134618
0,0.27138805
0,0.25995037
0,0.2658336
0,0.2669614
0,0.2723157
0,0.25835395
0,0.27270895
0,0.2786377
0,0.28156504
0,0.28306022
0,0.2724565
0,0.26884258
0,0.2769436
0,0.27480406
0,0.26789448
0,0.2644589
0,0.26175475
0,0.26894534
0,0.27270976
0,0.26105666
0,0.25995213
0,0.25678504
0,0.25571868
0,0.26447165
0,0.26677424
0,0.25918362
0,0.26642367
0,0.25770447
0,0.26963475
0,0.27583835
0,0.2835674
0,0.27543443
0,0.27420202
0,0.2713177
0,0.25955582
0,0.265955
0,0.25596035
0,0.25195637
0,0.26303926
0,0.2519696
0,0.26922348
0,0.26511502
0,0.27577454
0,0.2754046
0,0.2809598
0,0.2718688
0,0.27956423
0,0.28220072
0,0.2717425
0,0.26773292
0,0.27423275
0,0.27037704
0,0.2625911
0,0.26199457
0,0.25929996
0,0.26784578
0,0.2580971
0,0.26221475
0,0.25757664
0,0.26751217
0,0.2697944
0,0.26088583
0,0.26806122
0,0.2632825
0,0.26763666
0,0.26126736
0,0.25555158
0,0.2642596
0,0.25550896
0,0.25194243
0,0.2608191
0,0.26284006
0,0.25406298
0,0.26019078
0,0.25092646
0,0.24857259
0,0.26694974
0,0.2822854
0,0.26772565
0,0.26631463
0,0.26635328
0,0.27344328
0,0.28176695
0,0.28034246
0,0.26975524
0,0.27532065
0,0.27728122
0,0.28006464
0,0.27755022
0,0.27651528
0,0.26532307
0,0.27110493
0,0.27182868
0,0.27921596
0,0.26544577
0,0.26918983
0,0.26422068
0,0.25719532
0,0.26490393
0,0.25429907
0,0.27114153
0,0.26780024
0,0.2575299
0,0.25266492
0,0.2595539
0,0.2613076
0,0.27192816
0,0.2775425
0,0.28463134
0,0.27229333
0,0.2675957
0,0.2643679
0,0.26338762
0,0.27212268
0,0.27476338
0,0.27579272
0,0.2770091
0,0.27673945
0,0.26505768
0,0.25925878
0,0.25755468
0,0.26537606
0,0.25638938
0,0.25490472
0,0.26321185
0,0.2546035
0,0.25207397
0,0.25058922
0,0.26598743
0,0.25356823
0,0.26080862
0,0.2627573
0,0.26408878
0,0.27215636
0,0.27874544
0,0.27002123
0,0.269188
0,0.27677357
0,0.2730573
0,0.26803643
0,0.2760252
0,0.27885187
0,0.26910818
0,0.2773032
0,0.2632395
0,0.26334497
0,0.27110848
0,0.2744038
0,0.28061348
0,0.26731953
0,0.26304016
0,0.2700225
0,0.2696446
0,0.276428
0,0.2629749
0,0.27021846
0,0.26934212
0,0.2742579
0,0.2716506
0,0.27054098
0,0.27095905
0,0.26929548
0,0.25729495
0,0.2528478
0,0.25583687
0,0.24868661
0,0.25303918
0,0.25265175
0,0.26405728
0,0.27111995
0,0.2748298
0,0.26637694
0,0.2630623
0,0.26131737
0,0.25956327
0,0.27037188
0,0.26246387
0,0.25882
0,0.26650396
0,0.26827228
0,0.27019617
0,0.25937277
0,0.26798794
0,0.2698222
0,0.270976
0,0.26122952
0,0.25720853
0,0.26587972
0,0.2662717
0,0.26739988
0,0.26830205
0,0.2627259
0,0.26341537
0,0.26625907
0,0.25592095
0,0.25160474
0,0.2678244
0,0.25374317
0,0.24968797
0,0.25664178
0,0.25836793
0,0.2696992
0,0.2535342
0,0.25913668
0,0.27055535
0,0.2580834
0,0.27022326
0,0.27077937
0,0.26401326
0,0.27259198
0,0.26643497
0,0.2625896
0,0.25775194
0,0.2639031
0,0.27024257
0,0.26279858
0,0.2582644
0,0.2668963
0,0.26935735
0,0.25938943
0,0.2561219
0,0.26451176
0,0.2649166
0,0.26621047
0,0.25710803
0,0.2534862
0,0.25091138
0,0.25726077
0,0.255469
0,0.26064426
0,0.25095037
0,0.25229555
0,0.25571123
0,0.25772247
0,0.25891715
0,0.25959826
0,0.27093422
0,0.26179796
0,0.26157683
0,0.27209964
0,0.28285754
0,0.26950517
0,0.2700596
0,0.26185307
0,0.26099598
0,0.2698227
0,0.2726968
0,0.26278105
0,0.27030733
0,0.26164207
0,0.26768535
0,0.25812742
0,0.26638067
0,0.26809227
0,0.25837615
0,0.26528472
0,0.26736793
0,0.26803252
0,0.2789754
0,0.26109296
0,0.26652288
0,0.26481718
0,0.27499434
0,0.2714269
0,0.275844
0,0.28447345
0,0.2722161
0,0.26945847
0,0.2676036
0,0.27637547
0,0.2771509
0,0.2802137
0,0.2812801
0,0.26739785
0,0.27589697
0,0.2671857
0,0.27415064
0,0.2756545
0,0.2775219
0,0.27738667
0,0.2780382
0,0.27668497
0,0.2653143
0,0.2720732
0,0.26278356
0,0.25890735
0,0.26663455
0,0.26791123
0,0.2677793
0,0.279667
0,0.26889953
0,0.27095613
0,0.26296002
0,0.27240694
0,0.25653931
0,0.26361042
0,0.26183587
0,0.26013434
0,0.2723934
0,0.26398635
0,0.25705066
0,0.25949648
0,0.26956925
0,0.2622786
0,0.26999864
0,0.26895222
0,0.26338977
0,0.27125987
0,0.2723845
0,0.26365143
0,0.27138138
0,0.26168713
0,0.26857296
0,0.25942343
0,0.26684248
0,0.25658152
0,0.26359662
0,0.255602
0,0.27022928
0,0.26725462
0,0.2677302
0,0.27245867
0,0.2711629
0,0.25960377
0,0.26639456
0,0.27507135
0,0.2698841
0,0.25737697
0,0.25193644
0,0.25960615
0,0.26513872
0,0.26273182
0,0.26901704
0,0.27557978
0,0.2686088
0,0.26519564
0,0.2749447
0,0.27790666
0,0.26829678
0,0.2657774
0,0.260288
0,0.26021695
0,0.25679314
0,0.25657508
0,0.2562017
0,0.26436108
0,0.25783315
0,0.2659245
0,0.25786418
0,0.2554856
0,0.33347428
0,0.2824259
0,0.28110918
0,0.267267
0,0.26268926
0,0.26747712
0,0.26739743
0,0.2681106
0,0.26820537
0,0.25730678
0,0.26273993
0,0.26382604
0,0.27213213
0,0.26637304
0,0.265094
0,0.27477872
0,0.27758974
0,0.27916786
0,0.27587298
0,0.26705596
0,0.2751795
0,0.27638108
0,0.2777067
0,0.277317
0,0.2662861
0,0.26209694
0,0.2574842
0,0.26689523
0,0.2582427
0,0.25554428
0,0.2618793
0,0.26493564
0,0.25618443
0,0.25241467
0,0.26089722
0,0.26212355
0,0.2635809
0,0.25430313
0,0.2601587
0,0.27122843
0,0.27353424
0,0.26802287
0,0.26604372
0,0.27665734
0,0.26937708
0,0.31942797
0,0.2946041
0,0.28161803
0,0.27052444
0,0.28030917
0,0.26816824
0,0.27763936
0,0.26865372
0,0.27666923
0,0.2780429
0,0.27998728
0,0.28095505
0,0.26966476
0,0.26560712
0,0.27383572
0,0.263588
0,0.27199918
0,0.2629177
0,0.2713237
0,0.26225454
0,0.2623736
0,0.26877618
0,0.27057022
0,0.26079896
0,0.26182634
0,0.26392666
0,0.25670877
0,0.25248888
0,0.2506974
0,0.28220007
0,0.2699653
0,0.2759569
0,0.27035353
0,0.26181975
0,0.25467187
0,0.26117942
0,0.26183647
0,0.2521151
0,0.24805881
0,0.26612622
0,0.26004252
0,0.27158967
0,0.26293826
0,0.26182923
0,0.26064822
0,0.26201543
0,0.2705617
0,0.28886294
0,0.27078402
0,0.2611898
0,0.36777398
0,0.31376463
0,0.2891911
0,0.27727458
0,0.28013918
0,0.2658512
0,0.27387786
0,0.27395988
0,0.27435708
0,0.26342097
0,0.2591695
0,0.25420633
0,0.25880024
0,0.26373538
0,0.26546204
0,0.2738659
0,0.257361
0,0.2539492
0,0.25168633
0,0.2593842
0,0.27063683
0,0.2555665
0,0.2717085
0,0.25486198
0,0.2502397
0,0.2510909
0,0.25647452
0,0.26563308
0,0.26701677
0,0.27413782
0,0.26386714
0,0.27179968
0,0.263517
0,0.2656082
0,0.2713237
0,0.27285114
0,0.27354634
0,0.2762376
0,0.28838488
0,0.2793077
0,0.2638879
0,0.2620676
0,0.26965323
0,0.26731068
0,0.27280775
0,0.27440557
0,0.2746452
0,0.26344976
0,0.27514514
0,0.27115446
0,0.27657548
0,0.2623891
0,0.26677465
0,0.25704685
0,0.264157
0,0.26930422
0,0.2670529
0,0.25645137
0,0.26342753
0,0.2531569
0,0.26902488
0,0.2644383
0,0.25399616
0,0.24972269
0,0.250228
0,0.24969114
0,0.26449224
0,0.27094534
0,0.26178938
0,0.26182258
0,0.26036817
0,0.26403236
0,0.26973036
0,0.2767732
0,0.26752627
0,0.2669147
0,0.2739352
0,0.26301146
0,0.25988433
0,0.2677927
0,0.25997165
0,0.2681127
0,0.25849923
0,0.2648182
0,0.2771914
0,0.26975447
0,0.2611267
0,0.2567835
0,0.2529185
0,0.25106788
0,0.26418924
0,0.25317633
0,0.24950074
0,0.253264
0,0.25850946
0,0.26037
0,0.25814208
0,0.24977158
0,0.2561501
0,0.2474969
0,0.26476908
0,0.27118248
0,0.26427868
0,0.2679021
0,0.26119334
0,0.27024963
0,0.26351503
0,0.2609351
0,0.26035616
0,0.26278216
0,0.25722733
0,0.26751128
0,0.25860074
0,0.2678214
0,0.27471226
0,0.27301615
0,0.2717414
0,0.27314866
0,0.2624546
0,0.2575255
0,0.25447577
0,0.26183462
0,0.26469412
0,0.26472616
0,0.2572246
0,0.2621101
0,0.26344892
0,0.2719245
0,0.2620084
0,0.2735504
0,0.27641273
0,0.5449491
0,0.39863187
0,0.36689183
0,0.3442643
0,0.31472704
0,0.31230506
0,0.4341588
0,0.33440834
0,0.32505524
0,0.2995539
0,0.31008473
0,0.29829106
0,0.28621143
0,0.27507487
0,0.2727864
0,0.26751935
0,0.25717464
0,0.24437375
0,0.22956176
0,0.21938074
0,0.20740245
0,0.20384593
0,0.20990452
0,0.21275216
0,0.22150078
0,0.22976169
0,0.23730086
0,0.24979737
0,0.2700187
0,0.26326385
0,0.2758448
0,0.27366892
0,0.27615577
0,0.2719991
0,0.27079973
0,0.26915786
0,0.2682826
0,0.2777118
0,0.28121626
0,0.27226704
0,0.27998847
0,0.28209344
0,0.28204688
0,0.28270993
0,0.28296015
0,0.28279528
0,0.28874686
0,0.28482425
0,0.282766
0,0.2819546
0,0.29397455
0,0.2856076
0,0.28335878
0,0.2801833
0,0.28175393
0,0.2752105
0,0.27778092
0,0.27544916
0,0.27732852
0,0.27686134
0,0.2764626
0,0.2748038
0,0.2734989
0,0.27185658
0,0.2723339
0,0.27178425
0,0.27080038
0,0.28235027
0,0.27427155
0,0.27357563
0,0.2710312
0,0.27081004
0,0.27603084
0,0.27854514
0,0.27367166
0,0.27041826
0,0.269036
0,0.25600684
0,0.27161708
0,0.26489055
0,0.26536864
0,0.2639235
0,0.2728328
0,0.26593578
0,0.27630433
0,0.28354293
0,0.2820226
0,0.2780499
0,0.28931344
0,0.2851256
0,0.2913038
0,0.28524476
0,0.28777668
0,0.28343126
0,0.28011572
0,0.27914396
0,0.27816308
0,0.27649978
0,0.27580848
0,0.28362584
0,0.27280554
0,0.27338263
0,0.27301958
0,0.2681599
0,0.2710818
0,0.26957497
0,0.2696542
0,0.2685831
0,0.26798084
0,0.26722103
0,0.26520154
0,0.26392284
0,0.26501656
0,0.26522398
0,0.27456605
0,0.2675649
0,0.26608446
0,0.26892054
0,0.2751766
0,0.27789956
0,0.28709203
0,0.28329664
0,0.27925512
0,0.2821755
0,0.28121823
0,0.26664767
0,0.2740275
0,0.27726254
0,0.27817532
0,0.27873382
0,0.2775813
0,0.27734336
0,0.27804616
0,0.27406436
0,0.27280098
0,0.2732259
0,0.27127716
0,0.2794843
0,0.2737543
0,0.2748183
0,0.27507314
0,0.2777449
0,0.271626
0,0.2740147
0,0.2725462
0,0.27273306
0,0.2714184
0,0.2680452
0,0.2662496
0,0.267699
0,0.2676858
0,0.2762778
0,0.2699068
0,0.26778266
0,0.2673524
0,0.26585394
0,0.26597878
0,0.27301168
0,0.27804777
0,0.27982426
0,0.28059125
0,0.28175905
0,0.28140864
0,0.2807426
0,0.28146154
0,0.28098404
0,0.2800551
0,0.2737724
0,0.27761388
0,0.2762557
0,0.26445314
0,0.2709844
0,0.27153525
0,0.27034396
0,0.27034065
0,0.27086967
0,0.28151032
0,0.27901742
0,0.27455267
0,0.28320372
0,0.27500033
0,0.2727873
0,0.26918137
0,0.26768282
0,0.2674195
0,0.2737267
0,0.26733282
0,0.26661775
0,0.26423904
0,0.27279806
0,0.26617968
0,0.26519865
0,0.27115613
0,0.26593196
0,0.27550954
0,0.26778406
0,0.2775641
0,0.26839027
0,0.27631843
0,0.27620238
0,0.27626562
0,0.27738115
0,0.27989542
0,0.2959095
0,0.2858855
0,0.2833231
0,0.27957642
0,0.2791543
0,0.27874807
0,0.2765168
0,0.27571478
0,0.27159062
0,0.27256805
0,0.27230906
0,0.2697793
0,0.27027264
0,0.27039135
0,0.2690305
0,0.26836866
0,0.26810646
0,0.26809523
0,0.27471045
0,0.27415425
0,0.2790818
0,0.271643
0,0.2785701
0,0.28016338
0,0.28116274
0,0.2813926
0,0.28295806
0,0.28144968
0,0.28146663
0,0.28007928
0,0.27943137
0,0.27749947
0,0.2756948
0,0.27600023
0,0.2699366
0,0.2724891
0,0.27275252
0,0.27205887
0,0.2719785
0,0.27009624
0,0.2687714
0,0.26818526
0,0.26678503
0,0.2660237
0,0.2657652
0,0.2739851
0,0.28952295
0,0.27509165
0,0.28256977
0,0.28259602
0,0.28398535
0,0.28364214
0,0.28454426
0,0.2844339
0,0.28495494
0,0.2831155
0,0.28077033
0,0.27399468
0,0.28985777
0,0.28272396
0,0.28505537
0,0.28322425
0,0.28185555
0,0.28066337
0,0.273102
0,0.276777
0,0.27854532
0,0.27458602
0,0.27515844
0,0.27026528
0,0.27369305
0,0.27416274
0,0.27511597
0,0.26874807
0,0.27313304
0,0.2727891
0,0.27352268
0,0.27226135
0,0.2680638
0,0.26996908
0,0.27142286
0,0.2601916
0,0.26612675
0,0.26643708
0,0.26593447
0,0.26655206
0,0.2653189
0,0.26608947
0,0.2735656
0,0.2677088
0,0.26655295
0,0.26618055
0,0.26560405
0,0.26327756
0,0.2634345
0,0.27321807
0,0.27637574
0,0.2790808
0,0.28159425
0,0.27570534
0,0.28042236
0,0.28112885
0,0.27885342
0,0.28349504
0,0.2826643
0,0.28087512
0,0.27916002
0,0.2801238
0,0.27873942
0,0.2785943
0,0.27563584
0,0.27788052
0,0.2766676
0,0.2754821
0,0.27374882
0,0.2730615
0,0.2717561
0,0.27197343
0,0.2710901
0,0.26884985
0,0.26983413
0,0.26876304
0,0.26865202
0,0.27850884
0,0.26543942
0,0.26600933
0,0.26700687
0,0.2654162
0,0.2675418
0,0.32181937
0,0.28522375
0,0.27655348
0,0.2711748
0,0.26751712
0,0.2636253
0,0.2610752
0,0.27586088
0,0.27340934
0,0.27227318
0,0.26348183
0,0.2703232
0,0.27183896
0,0.27260682
0,0.27213076
0,0.27155524
0,0.2716661
0,0.27036774
0,0.2702794
0,0.26984477
0,0.2698841
0,0.26904517
0,0.26963696
0,0.26930508
0,0.26885942
0,0.2670507
0,0.26639453
0,0.26408854
0,0.26105297
0,0.26244146
0,0.26225132
0,0.26215336
0,0.2618916
0,0.2604475
0,0.2607575
0,0.26250312
0,0.2612524
0,0.25800428
0,0.2603989
0,0.25749108
0,0.2573704
0,0.2670067
0,0.26045072
0,0.25751433
0,0.26111928
0,0.25730175
0,0.25569394
0,0.2646574
0,0.2680534
0,0.26998445
0,0.27012742
0,0.26826978
0,0.27006108
0,0.2665963
0,0.26994473
0,0.26371327
0,0.26730257
0,0.26338145
0,0.26522455
0,0.26527855
0,0.2596531
0,0.26332328
0,0.26495016
0,0.27512726
0,0.26799026
0,0.26226398
0,0.26664856
0,0.26916942
0,0.26481235
0,0.26303494
0,0.26309976
0,0.25973603
0,0.26097926
0,0.25955766
0,0.25921535
0,0.2565444
0,0.25630474
0,0.2552281
0,0.2549816
0,0.25372982
0,0.25397277
0,0.25312173
0,0.25389132
0,0.2528574
0,0.25166038
0,0.25001746
0,0.26003173
0,0.2646824
0,0.2772359
0,0.271565
0,0.26872662
0,0.26955685
0,0.26756462
0,0.2764615
0,0.26970842
0,0.26848325
0,0.27001372
0,0.26718658
0,0.26645225
0,0.26657036
0,0.27456513
0,0.26638395
0,0.2666752
0,0.2639031
0,0.2617085
0,0.26042664
0,0.260664
0,0.2614501
0,0.26959312
0,0.2618703
0,0.26063177
0,0.26053894
0,0.25796452
0,0.2691651
0,0.27037713
0,0.26248518
0,0.27019855
0,0.2714115
0,0.27136955
0,0.27377293
0,0.2784887
0,0.26562107
0,0.27226296
0,0.27018377
0,0.27156043
0,0.271242
0,0.2611353
0,0.26713958
0,0.2666639
0,0.2682607
0,0.2687443
0,0.26926574
0,0.26929727
0,0.26945108
0,0.26794964
0,0.26834068
0,0.26682162
0,0.26630718
0,0.2662603
0,0.2627475
0,0.26317108
0,0.2630202
0,0.2626668
0,0.261815
0,0.2612048
0,0.26141238
0,0.25965783
0,0.25683594
0,0.25692347
0,0.25623658
0,0.2641587
0,0.25751936
0,0.26628044
0,0.25846532
0,0.26756552
0,0.26556742
0,0.27024212
0,0.2702514
0,0.27348924
0,0.27295557
0,0.27298558
0,0.26960376
0,0.27012622
0,0.27022287
0,0.2692745
0,0.2693848
0,0.26862797
0,0.2688256
0,0.2692242
0,0.26729602
0,0.26650873
0,0.26553246
0,0.25581625
0,0.26095948
0,0.2619035
0,0.2569069
0,0.25956437
0,0.25957164
0,0.26089412
0,0.26190174
0,0.26826704
0,0.2633278
0,0.26243398
0,0.26091394
0,0.2604317
0,0.26941702
0,0.2675186
0,0.27108368
0,0.2665251
0,0.27181566
0,0.26777405
0,0.27138576
0,0.2726596
0,0.27355695
0,0.2736177
0,0.27138993
0,0.27269495
0,0.27052128
0,0.2703362
0,0.26989117
0,0.26957962
0,0.27029774
0,0.26856753
0,0.26785168
0,0.26596686
0,0.2665123
0,0.26457894
0,0.27590224
0,0.268837
0,0.27054894
0,0.26506987
0,0.26250225
0,0.2622172
0,0.25902987
0,0.259136
0,0.26360163
0,0.25999808
0,0.25872844
0,0.25741324
0,0.25613573
0,0.26185122
0,0.26686805
0,0.27000126
0,0.27235615
0,0.27168798
0,0.27179337
0,0.2729322
0,0.27303463
0,0.271369
0,0.27153102
0,0.26987845
0,0.26979393
0,0.26693773
0,0.26830357
0,0.26772347
0,0.26793903
0,0.26753703
0,0.31599164
0,0.28434747
0,0.28898987
0,0.2834475
0,0.2826248
0,0.27362165
0,0.26944453
0,0.26650938
0,0.26417089
0,0.26266173
0,0.2620639
0,0.25999817
0,0.25954512
0,0.26228407
0,0.25916162
0,0.2582827
0,0.25782028
0,0.25625148
0,0.2590932
0,0.2660435
0,0.2688175
0,0.27052924
0,0.2606874
0,0.26797456
0,0.27062213
0,0.27075446
0,0.27031744
0,0.27043888
0,0.26426202
0,0.26770422
0,0.26541138
0,0.26511502
0,0.26515216
0,0.26034918
0,0.26302883
0,0.26257542
0,0.25955245
0,0.2603017
0,0.26622164
0,0.2609416
0,0.2607141
0,0.26029012
0,0.2587956
0,0.2628058
0,0.25896087
0,0.25811276
0,0.25670105
0,0.25500482
0,0.25228897
0,0.25227076
0,0.25650266
0,0.27256867
0,0.2717522
0,0.27367884
0,0.27344733
0,0.27208358
0,0.27196792
0,0.2721215
0,0.26639074
0,0.27085316
0,0.26915932
0,0.26928142
0,0.26884982
0,0.26756915
0,0.2678498
0,0.26575947
0,0.26661342
0,0.26654872
0,0.2646722
0,0.26338306
0,0.2634564
0,0.2670683
0,0.26168776
0,0.26889378
0,0.26106146
0,0.26178008
0,0.2605323
0,0.25920025
0,0.25750855
0,0.25870952
0,0.26067424
0,0.25636372
0,0.255692
0,0.2626014
0,0.27859557
0,0.27359545
0,0.269496
0,0.271136
0,0.2714665
0,0.26878515
0,0.27051038
0,0.27103853
0,0.26998797
0,0.2695285
0,0.26847762
0,0.2673665
0,0.26711926
0,0.26683137
0,0.26142988
0,0.26395503
0,0.26034495
0,0.2709055
0,0.26685825
0,0.26994383
0,0.2660054
0,0.26467416
0,0.2635659
0,0.26267657
0,0.26231867
0,0.2621803
0,0.25933525
0,0.25135976
0,0.25690454
0,0.25559762
0,0.2560716
0,0.26750094
0,0.2592591
0,0.25860092
0,0.2665888
0,0.26001522
0,0.26296344
0,0.25789803
0,0.25672588
0,0.26616907
0,0.26238114
0,0.2581548
0,0.2661906
0,0.28096655
0,0.28063333
0,0.27713823
0,0.27618685
0,0.41176814
0,0.33213222
0,0.30369583
0,0.29508948
0,0.28602034
0,0.2872308
0,0.27967012
0,0.27743945
0,0.27435032
0,0.27235508
0,0.28605127
0,0.27050468
0,0.28200102
0,0.27353755
0,0.26977506
0,0.26616096
0,0.26536453
0,0.26490524
0,0.2575154
0,0.2612129
0,0.25546804
0,0.26593894
0,0.26093695
0,0.25966933
0,0.25925642
0,0.2573041
0,0.27735123
0,0.26432675
0,0.27034193
0,0.26343608
0,0.26377603
0,0.26900443
0,0.27006322
0,0.27184242
0,0.27341008
0,0.2727466
0,0.26995805
0,0.27041715
0,0.26970738
0,0.26698542
0,0.26596916
0,0.26702228
0,0.26669848
0,0.26632053
0,0.26207405
0,0.26115403
0,0.27497742
0,0.26453802
0,0.26516256
0,0.26518896
0,0.26314154
0,0.26268342
0,0.26742208
0,0.27448612
0,0.26637617
0,0.2644218
0,0.26134786
0,0.26034135
0,0.25814855
0,0.2578639
0,0.2719364
0,0.2618524
0,0.25853673
0,0.26625556
0,0.25887433
0,0.26544392
0,0.27421936
0,0.2808406
0,0.28205886
0,0.2804261
0,0.2754096
0,0.27252313
0,0.2732703
0,0.27155352
0,0.27052543
0,0.27170947
0,0.26893723
0,0.2691167
0,0.26662737
0,0.26646426
0,0.26672924
0,0.26553175
0,0.27029598
0,0.26645118
0,0.2662467
0,0.26512662
0,0.26906854
0,0.26436308
0,0.26430002
0,0.2620995
0,0.2765735
0,0.26664782
0,0.2687555
0,0.2721599
0,0.26936984
0,0.3910682
0,0.3222694
0,0.2946587
0,0.27980083
0,0.2838467
0,0.28029546
0,0.26828623
0,0.27322355
0,0.2744993
0,0.27468625
0,0.26957813
0,0.2726713
0,0.2728559
0,0.27168393
0,0.2711668
0,0.27070433
0,0.25752762
0,0.26585424
0,0.26565745
0,0.27106988
0,0.26822606
0,0.26601034
0,0.26546153
0,0.26542228
0,0.2644437
0,0.27001965
0,0.26494104
0,0.2688083
0,0.26547524
0,0.26373965
0,0.26291573
0,0.26068103
0,0.2596995
0,0.25822526
0,0.25679964
0,0.2560143
0,0.26180422
0,0.25707272
0,0.2657076
0,0.267914
0,0.27011842
0,0.27179262
0,0.27037486
0,0.27109542
0,0.27249563
0,0.28319457
0,0.2768679
0,0.27222386
0,0.27059025
0,0.27044088
0,0.2712119
0,0.26863188
0,0.26704636
0,0.2650629
0,0.26669934
0,0.2626099
0,0.27568594
0,0.2625212
0,0.27545118
0,0.26723215
0,0.26613665
0,0.26511678
0,0.26249433
0,0.26179802
0,0.26081228
0,0.2624678
0,0.25919238
0,0.25858772
0,0.25735253
0,0.2564317
0,0.26370132
0,0.26887244
0,0.27072173
0,0.27140826
0,0.27171132
0,0.27128428
0,0.27543283
0,0.271785
0,0.26844674
0,0.26886615
0,0.26365688
0,0.27771512
0,0.26861688
0,0.26862547
0,0.26805437
0,0.26572207
0,0.26571783
0,0.2657166
0,0.26441583
0,0.26392525
0,0.26266974
0,0.26106384
0,0.26073968
0,0.2649397
0,0.2614146
0,0.261059
0,0.25953937
0,0.25774315
0,0.25741553
0,0.2654085
0,0.2611582
0,0.26160336
0,0.2636957
0,0.2627828
0,0.26762357
0,0.26372394
0,0.2591173
0,0.26105633
0,0.25925326
0,0.2692939
0,0.2636436
0,0.260884
0,0.25919142
0,0.25722966
0,0.25511605
0,0.25420338
0,0.26433325
0,0.2644196
0,0.26843038
0,0.4620898
0,0.35639316
0,0.32526138
0,0.30712447
0,0.29467458
0,0.2855834
0,0.2828672
0,0.2766048
0,0.27475226
0,0.2722011
0,0.2708158
0,0.26848707
0,0.26813808
0,0.26481038
0,0.27600244
0,0.2694174
0,0.2670179
0,0.26535988
0,0.26409787
0,0.26337692
0,0.27871597
0,0.2685009
0,0.2659361
0,0.2638729
0,0.2614715
0,0.26113462
0,0.2581195
0,0.26856726
0,0.26787782
0,0.27255654
0,0.2728478
0,0.27373505
0,0.27376264
0,0.27361953
0,0.273561
0,0.2853096
0,0.27737483
0,0.28033394
0,0.27572122
0,0.27211788
0,0.27182126
0,0.26987818
0,0.26864603
0,0.26753646
0,0.26616567
0,0.2765965
0,0.2692238
0,0.2671398
0,0.264569
0,0.2867117
0,0.26946303
0,0.267389
0,0.26321912
0,0.26247123
0,0.26013875
0,0.2591406
0,0.25713882
0,0.2554736
0,0.2546429
0,0.26377624
0,0.26689243
0,0.2659784
0,0.25658402
0,0.26481977
0,0.2732872
0,0.27146336
0,0.27594972
0,0.27328697
0,0.2728268
0,0.2712637
0,0.269352
0,0.26894248
0,0.2681108
0,0.26711622
0,0.2655813
0,0.26554504
0,0.26321855
0,0.26385912
0,0.26155314
0,0.2509447
0,0.25642964
0,0.2536926
0,0.25575826
0,0.26319426
0,0.26683265
0,0.2715739
0,0.2635748
0,0.26034012
0,0.25901407
0,0.25609958
0,0.25609827
0,0.2541351
0,0.26409566
0,0.26704103
0,0.26812238
0,0.27040094
0,0.2615197
0,0.28008
0,0.27105612
0,0.27201387
0,0.27116898
0,0.26562458
0,0.2786782
0,0.27209145
0,0.27105016
0,0.26707745
0,0.26941702
0,0.26743284
0,0.2671021
0,0.27156684
0,0.27847356
0,0.27055505
0,0.2679375
0,0.25659126
0,0.25992268
0,0.26059553
0,0.25759837
0,0.25921547
0,0.25735494
0,0.46060306
0,0.34347853
0,0.31235033
0,0.29128858
0,0.27851582
0,0.28018102
0,0.2769372
0,0.2766001
0,0.27317458
0,0.27407342
0,0.27288654
0,0.27247494
0,0.26924944
0,0.2691138
0,0.26803237
0,0.26206648
0,0.26467693
0,0.2651472
0,0.26460484
0,0.2630816
0,0.2622548
0,0.2610176
0,0.27102682
0,0.27059582
0,0.26470357
0,0.43861318
0,0.33598745
0,0.3049776
0,0.28775463
0,0.2765577
0,0.2789484
0,0.27916107
0,0.27804425
0,0.27646795
0,0.27141222
0,0.2723637
0,0.27074656
0,0.27034667
0,0.26925904
0,0.26890722
0,0.2673785
0,0.25485092
0,0.26177523
0,0.27453026
0,0.2675857
0,0.2770813
0,0.2804473
0,0.27187043
0,0.26852295
0,0.27419117
0,0.2673546
0,0.26619583
0,0.2635048
0,0.2621067
0,0.26054266
0,0.25723138
0,0.25753018
0,0.2566324
0,0.26595032
0,0.26014525
0,0.26351416
0,0.25977594
0,0.25696942
0,0.25554088
0,0.2650249
0,0.26210305
0,0.25809646
0,0.26622802
0,0.2682825
0,0.26681837
0,0.26852286
0,0.268864
0,0.27611348
0,0.2730503
0,0.27099746
0,0.27056068
0,0.2684298
0,0.268319
0,0.26607236
0,0.26626626
0,0.26080465
0,0.26290175
0,0.25116903
0,0.25861725
0,0.25919908
0,0.2599919
0,0.2596626
0,0.2609232
0,0.2596036
0,0.25279406
0,0.25364643
0,0.26567483
0,0.260475
0,0.26053217
0,0.25826636
0,0.25803167
0,0.2575948
0,0.25710624
0,0.256387
0,0.256023
0,0.25419194
0,0.27386102
0,0.26969388
0,0.2709226
0,0.27170905
0,0.27134296
0,0.26761356
0,0.26979557
0,0.27069718
0,0.28177768
0,0.27536678
0,0.2685196
0,0.26974556
0,0.2660408
0,0.2656855
0,0.26650763
0,0.26617852
0,0.2623837
0,0.2637777
0,0.26224095
0,0.26716986
0,0.26378822
0,0.26273614
0,0.25760978
0,0.25675428
0,0.2644494
0,0.2593885
0,0.26712346
0,0.26081625
0,0.27021152
0,0.26915902
0,0.26254526
0,0.25943258
0,0.2570743
0,0.26561272
0,0.26885873
0,0.2710656
0,0.26971516
0,0.26918778
0,0.27141875
0,0.26570356
0,0.27001616
0,0.27129504
0,0.25989962
0,0.25573546
0,0.2624177
0,0.26462322
0,0.2646864
0,0.2641227
0,0.26221895
0,0.2642509
0,0.26272133
0,0.26068288
0,0.26100835
0,0.25905195
0,0.270066
0,0.27465034
0,0.27747703
0,0.26730657
0,0.26148564
0,0.26105827
0,0.2583607
0,0.25778297
0,0.25717828
0,0.25597805
0,0.26516542
0,0.25951847
0,0.2570359
0,0.26370615
0,0.2572527
0,0.2653199
0,0.2676731
0,0.26853347
0,0.2744977
0,0.27173454
0,0.27162
0,0.26999652
0,0.2700706
0,0.26963273
0,0.26906157
0,0.26395184
0,0.4770677
0,0.35843068
0,0.32118744
0,0.30260155
0,0.28522444
0,0.28060108
0,0.2722329
0,0.28029498
0,0.2694165
0,0.27125323
0,0.2673075
0,0.26382548
0,0.27146035
0,0.27208218
0,0.27098024
0,0.26312482
0,0.26114646
0,0.2588155
0,0.25719887
0,0.26596874
0,0.26980567
0,0.27059278
0,0.27629086
0,0.27300048
0,0.27370605
0,0.28474358
0,0.27605152
0,0.27546418
0,0.2740352
0,0.2852958
0,0.27729994
0,0.27448654
0,0.2729146
0,0.2710302
0,0.2635838
0,0.2659408
0,0.2659473
0,0.2625627
0,0.26123318
0,0.26133195
0,0.2665037
0,0.26090625
0,0.261227
0,0.25989464
0,0.2654722
0,0.2600566
0,0.26149932
0,0.25901246
0,0.25889906
0,0.2575272
0,0.27053556
0,0.2609776
0,0.2591782
0,0.2649793
0,0.26879606
0,0.27090818
0,0.27149987
0,0.27210838
0,0.27262205
0,0.2729651
0,0.2730832
0,0.27244347
0,0.271536
0,0.26506066
0,0.26127735
0,0.26680472
0,0.26731357
0,0.27162635
0,0.27979198
0,0.27269673
0,0.27058148
0,0.2691445
0,0.26814118
0,0.26761198
0,0.26294887
0,0.2532323
0,0.2588984
0,0.2594698
0,0.257406
0,0.2580887
0,0.2577135
0,0.25794065
0,0.2585461
0,0.25651187
0,0.25623012
0,0.2653043
0,0.2585148
0,0.25590295
0,0.2653264
0,0.2671534
0,0.2703776
0,0.267689
0,0.260157
0,0.2795077
0,0.27286664
0,0.26193103
0,0.2695966
0,0.2746849
0,0.27144623
0,0.27149877
0,0.2704838
0,0.26704383
0,0.27353707
0,0.27056447
0,0.2687732
0,0.27365297
0,0.2699251
0,0.26859748
0,0.26779434
0,0.26476023
0,0.26450202
0,0.26447344
0,0.26372853
0,0.26241374
0,0.26086348
0,0.27119637
0,0.26474822
0,0.26756018
0,0.26244536
0,0.26615822
0,0.26091194
0,0.25970194
0,0.25779083
0,0.25722575
0,0.26192182
0,0.2653134
0,0.26504287
0,0.26077598
0,0.257301
0,0.26668784
0,0.2697462
0,0.27195573
0,0.27203965
0,0.2706906
0,0.266475
0,0.269267
0,0.27129418
0,0.26759252
0,0.27413532
0,0.26495525
0,0.26838827
0,0.26681763
0,0.26717818
0,0.26670015
0,0.26637518
0,0.26435062
0,0.26298285
0,0.26201674
0,0.2621138
0,0.2611582
0,0.2609103
0,0.26081523
0,0.25894204
0,0.2587052
0,0.25814965
0,0.25762472
0,0.25846246
0,0.25575078
0,0.25627694
0,0.26699248
0,0.25997674
0,0.25786752
0,0.2566452
0,0.2650732
0,0.26851845
0,0.26084566
0,0.26922917
0,0.27132118
0,0.27221555
0,0.2660625
0,0.27033862
0,0.2687674
0,0.2708199
0,0.27018255
0,0.26895893
0,0.2692027
0,0.27082026
0,0.26852292
0,0.2681253
0,0.26746023
0,0.2686316
0,0.2644077
0,0.26592177
0,0.26415423
0,0.2649169
0,0.26161954
0,0.266334
0,0.26165923
0,0.26188138
0,0.26652402
0,0.26176682
0,0.25878072
0,0.26784274
0,0.26076192
0,0.2635659
0,0.26090825
0,0.2634281
0,0.2587939
0,0.267877
0,0.25972596
0,0.2581129
0,0.2659343
0,0.26871574
0,0.26042175
0,0.2728897
0,0.26951513
0,0.2693517
0,0.2705063
0,0.25985673
0,0.26707342
0,0.26846746
0,0.26654255
0,0.2796159
0,0.2663683
0,0.26522353
0,0.26773724
0,0.26844814
0,0.27271703
0,0.26776356
0,0.263443
0,0.26573607
0,0.26436356
0,0.26515013
0,0.26476878
0,0.25932208
0,0.26233456
0,0.2675681
0,0.26893842
0,0.26629478
0,0.27175492
0,0.26751286
0,0.26195195
0,0.2743379
0,0.26477152
0,0.26371485
0,0.26206625
0,0.25973192
0,0.25814083
0,0.26293507
0,0.25875166
0,0.26138073
0,0.25781342
0,0.26387522
0,0.25891706
0,0.26132298
0,0.25669336
0,0.25481236
0,0.26408136
0,0.264808
0,0.25278798
0,0.26375282
0,0.2666652
0,0.26369414
0,0.26735735
0,0.26639578
0,0.26723492
0,0.26790842
0,0.26866373
0,0.258329
0,0.2626388
0,0.26425627
0,0.26357782
0,0.2685835
0,0.27310207
0,0.26344624
0,0.26539746
0,0.2641482
0,0.26230314
0,0.26065916
0,0.2622768
0,0.26070035
0,0.26122886
0,0.2583596
0,0.2594522
0,0.2623252
0,0.25820196
0,0.25769296
0,0.26586422
0,0.27892736
0,0.2668928
0,0.26209122
0,0.26005483
0,0.25816613
0,0.25593945
0,0.2608593
0,0.26567397
0,0.26883158
0,0.27071488
0,0.26942828
0,0.27186915
0,0.27293965
0,0.2720825
0,0.27050123
0,0.27161154
0,0.2657609
0,0.25799057
0,0.26093584
0,0.2641399
0,0.2625389
0,0.264655
0,0.27597767
0,0.26716265
0,0.26792452
0,0.25388083
0,0.26112798
0,0.2607464
0,0.2603587
0,0.2565105
0,0.25862813
0,0.25692686
0,0.25796872
0,0.26888397
0,0.27258414
0,0.26388153
0,0.26160705
0,0.25911048
0,0.26784804
0,0.26095644
0,0.2583448
0,0.26287326
0,0.2678754
0,0.27084082
0,0.27145818
0,0.2725037
0,0.2680645
0,0.2722658
0,0.27269003
0,0.2714871
0,0.27669883
0,0.27125874
0,0.27134776
0,0.2752568
0,0.2699422
0,0.26989025
0,0.26940012
0,0.26764312
0,0.2562489
0,0.26217923
0,0.25913957
0,0.26245716
0,0.26154733
0,0.2615777
0,0.26206023
0,0.26133716
0,0.25989744
0,0.26020712
0,0.26031345
0,0.26426965
0,0.26081625
0,0.27021903
0,0.26209822
0,0.2683857
0,0.26095513
0,0.26133376
0,0.26755545
0,0.2784976
0,0.2749731
0,0.27400377
0,0.2719343
0,0.27209073
0,0.27195308
0,0.27012727
0,0.27938598
0,0.27271253
0,0.26663888
0,0.2683762
0,0.26538613
0,0.26503074
0,0.2642863
0,0.26420268
0,0.26360562
0,0.2622887
0,0.26192054
0,0.25876826
0,0.25872618
0,0.25813434
0,0.25629807
0,0.25481647
0,0.26017913
0,0.2565188
0,0.25618437
0,0.25518835
0,0.2651177
0,0.26750645
0,0.25933984
0,0.26198214
0,0.27791783
0,0.2739375
0,0.28561863
0,0.27909827
0,0.28147444
0,0.27742606
0,0.2751675
0,0.26382104
0,0.26575622
0,0.2628737
0,0.27043393
0,0.2737743
0,0.2814867
0,0.27138144
0,0.27080807
0,0.2693744
0,0.26616606
0,0.26566958
0,0.26474667
0,0.26228058
0,0.262473
0,0.2627924
0,0.26277882
0,0.26150462
0,0.26025516
0,0.2608552
0,0.2604517
0,0.26386255
0,0.26031044
0,0.26395118
0,0.2596583
0,0.25843468
0,0.2572365
0,0.25725493
0,0.25553486
0,0.25554165
0,0.25408703
0,0.25621253
0,0.2538029
0,0.26104715
0,0.26569483
0,0.2655951
0,0.25803274
0,0.2657528
0,0.2671894
0,0.27915522
0,0.27263746
0,0.27097186
0,0.2662524
0,0.27188927
0,0.26854816
0,0.2672396
0,0.25449425
0,0.25614128
0,0.25920674
0,0.25958952
0,0.259201
0,0.259098
0,0.26489973
0,0.26638228
0,0.2619051
0,0.26349404
0,0.26097542
0,0.26451632
0,0.26231113
0,0.26794901
0,0.26218393
0,0.25931537
0,0.25739008
0,0.2560554
0,0.25511286
0,0.2534003
0,0.26181284
0,0.2656081
0,0.2621766
0,0.2680703
0,0.2770329
0,0.27337417
0,0.27339014
0,0.27713463
0,0.27448016
0,0.2736468
0,0.27072716
0,0.25821605
0,0.26645774
0,0.27139753
0,0.2933915
0,0.2795163
0,0.27663788
0,0.27169657
0,0.28206277
0,0.27583858
0,0.27314553
0,0.2699032
0,0.26933685
0,0.26809332
0,0.26521805
0,0.2652922
0,0.26247442
0,0.26242405
0,0.25918
0,0.26033634
0,0.25990587
0,0.26037154
0,0.2589779
0,0.25822648
0,0.2571598
0,0.25623775
0,0.26344022
0,0.26806194
0,0.27008384
0,0.26127726
0,0.2592094
0,0.2668541
0,0.26015857
0,0.27323312
0,0.27232212
0,0.2780864
0,0.27498892
0,0.276259
0,0.27431333
0,0.27732903
0,0.2739601
0,0.27272642
0,0.27362412
0,0.27178028
0,0.27004722
0,0.26984242
0,0.26719925
0,0.26326233
0,0.2653268
0,0.26582488
0,0.2651375
0,0.2758288
0,0.26870477
0,0.2636266
0,0.263646
0,0.2738054
0,0.26413924
0,0.2624645
0,0.26192358
0,0.26040897
0,0.25881267
0,0.257298
0,0.25677967
0,0.25180572
0,0.25336286
0,0.25399417
0,0.26353276
0,0.26544338
0,0.28046528
0,0.2753628
0,0.28551647
0,0.2780554
0,0.27518877
0,0.2722777
0,0.2722347
0,0.2716109
0,0.27050132
0,0.27335906
0,0.26986197
0,0.26866588
0,0.2687728
0,0.26759663
0,0.27243146
0,0.2570648
0,0.25924963
0,0.26113406
0,0.26011908
0,0.26090762
0,0.25810945
0,0.25800633
0,0.2618961
0,0.26443946
0,0.25932214
0,0.2664119
0,0.271051
0,0.27140096
0,0.27225107
0,0.27971223
0,0.275938
0,0.27294648
0,0.28477436
0,0.27760136
0,0.275087
0,0.27378607
0,0.2718329
0,0.26762408
0,0.2692729
0,0.26834765
0,0.2639022
0,0.2811137
0,0.2696877
0,0.2685587
0,0.26951924
0,0.26672643
0,0.26469958
0,0.26388842
0,0.26325712
0,0.2622827
0,0.26060897
0,0.26979256
0,0.26238492
0,0.26026925
0,0.25877577
0,0.25692838
0,0.26436815
0,0.26894978
0,0.26851296
0,0.26626533
0,0.2710302
0,0.27186283
0,0.27070096
0,0.27122977
0,0.2780973
0,0.27372178
0,0.26107895
0,0.2644205
0,0.2659396
0,0.26207802
0,0.27023926
0,0.2679379
0,0.26702327
0,0.26355034
0,0.2606267
0,0.2630042
0,0.26329416
0,0.26455227
0,0.2644042
0,0.26678625
0,0.26545945
0,0.26937655
0,0.26545215
0,0.26786765
0,0.26402736
0,0.26166168
0,0.25900042
0,0.25847182
0,0.25757673
0,0.26443997
0,0.26851237
0,0.26091424
0,0.26913977
0,0.2706742
0,0.27290824
0,0.28531924
0,0.27930945
0,0.2760635
0,0.2753504
0,0.2742744
0,0.27048472
0,0.26669267
0,0.2697527
0,0.26953015
0,0.26938164
0,0.26971915
0,0.27914688
0,0.26192734
0,0.2630934
0,0.26540977
0,0.26363772
0,0.26463795
0,0.26143244
0,0.26318628
0,0.26026145
0,0.2615176
0,0.25979
0,0.26037154
0,0.2576625
0,0.26965544
0,0.2619506
0,0.2696874
0,0.2616556
0,0.259416
0,0.26246285
0,0.26744613
0,0.26960027
0,0.27195805
0,0.27360383
0,0.27284887
0,0.26873595
0,0.27202433
0,0.26991332
0,0.27597558
0,0.27337664
0,0.272496
0,0.2703584
0,0.2704412
0,0.26968092
0,0.28072
0,0.28247547
0,0.27375117
0,0.27606857
0,0.27117985
0,0.2691347
0,0.26686993
0,0.26603836
0,0.26712048
0,0.26554883
0,0.26531088
0,0.26370132
0,0.26114935
0,0.25838906
0,0.26011974
0,0.25864357
0,0.25923505
0,0.26668346
0,0.262156
0,0.25946513
0,0.25869274
0,0.2664187
0,0.26410687
0,0.26938024
0,0.2715145
0,0.27348733
0,0.27374265
0,0.2862723
0,0.27379227
0,0.27486545
0,0.27371562
0,0.27286497
0,0.27219635
0,0.2713654
0,0.27005804
0,0.27017838
0,0.26299915
0,0.26639393
0,0.2769393
0,0.2659527
0,0.26644525
0,0.27456987
0,0.27697197
0,0.27109838
0,0.2682168
0,0.26382297
0,0.26295087
0,0.36968938
0,0.3037575
0,0.2876826
0,0.27765983
0,0.27095056
0,0.276057
0,0.2778985
0,0.27643704
0,0.2719182
0,0.2728345
0,0.27470335
0,0.27474794
0,0.27509156
0,0.27007654
0,0.27693254
0,0.27389672
0,0.27342665
0,0.2728547
0,0.27129084
0,0.27216116
0,0.27132487
0,0.26985148
0,0.26930255
0,0.2684354
0,0.26866394
0,0.2675253
0,0.26615486
0,0.26476863
0,0.28240776
0,0.26915225
0,0.2675801
0,0.26508176
0,0.26387304
0,0.2610482
0,0.2503587
0,0.25595942
0,0.25696403
0,0.2567856
0,0.26608196
0,0.2695661
0,0.2698734
0,0.27419764
0,0.27427527
0,0.27948
0,0.2771862
0,0.27681625
0,0.27720693
0,0.2769248
0,0.27540195
0,0.27614054
0,0.27555314
0,0.27433345
0,0.27371356
0,0.2713288
0,0.2588874
0,0.2655784
0,0.26811752
0,0.26657557
0,0.26901522
0,0.2684413
0,0.26791468
0,0.26771587
0,0.26771468
0,0.2675126
0,0.26525742
0,0.26598105
0,0.26370817
0,0.2651331
0,0.26412335
0,0.2630352
0,0.261641
0,0.26508236
0,0.2609985
0,0.2664182
0,0.27155486
0,0.2633026
0,0.2607984
0,0.27357176
0,0.27399132
0,0.28388745
0,0.27990103
0,0.2780461
0,0.27699322
0,0.28863642
0,0.2803654
0,0.2757681
0,0.27464795
0,0.27431825
0,0.26704767
0,0.27116907
0,0.26933706
0,0.27037743
0,0.26918828
0,0.2691047
0,0.2681773
0,0.25624695
0,0.2605494
0,0.26279804
0,0.26235485
0,0.26262432
0,0.2618653
0,0.26140344
0,0.26003164
0,0.26495546
0,0.2599986
0,0.2672363
0,0.27173263
0,0.26920345
0,0.2722394
0,0.2740835
0,0.27241558
0,0.27449936
0,0.2673494
0,0.27109525
0,0.2695554
0,0.27099362
0,0.27028355
0,0.271068
0,0.27038458
0,0.27037746
0,0.27378172
0,0.2711352
0,0.26982108
0,0.27401772
0,0.27051505
0,0.26878858
0,0.26834616
0,0.26605543
0,0.26664734
0,0.26540732
0,0.2662319
0,0.265095
0,0.26510432
0,0.26292077
0,0.2622718
0,0.26181123
0,0.26153678
0,0.2615652
0,0.26548147
0,0.2621306
0,0.26651847
0,0.261692
0,0.2607712
0,0.25875857
0,0.26569092
0,0.27051666
0,0.27105108
0,0.27355674
0,0.2744535
0,0.2749384
0,0.27571672
0,0.27521884
0,0.27549422
0,0.27035767
0,0.2728065
0,0.27261713
0,0.27325273
0,0.27243468
0,0.27305666
0,0.27094766
0,0.2689648
0,0.26963922
0,0.26724008
0,0.26786983
0,0.2649484
0,0.2658858
0,0.26537246
0,0.2648264
0,0.26397273
0,0.2656104
0,0.26316786
0,0.2614255
0,0.2625835
0,0.2607893
0,0.26090783
0,0.26906878
0,0.26312172
0,0.26498508
0,0.26168272
0,0.26845542
0,0.2675803
0,0.27242622
0,0.27442592
0,0.2700709
0,0.2750864
0,0.27427897
0,0.27250907
0,0.26245892
0,0.2687941
0,0.27026227
0,0.27160135
0,0.2715162
0,0.27277085
0,0.27203137
0,0.27184084
0,0.26787457
0,0.26922476
0,0.49340987
0,0.35888168
0,0.32758164
0,0.3068824
0,0.2891611
0,0.2842443
0,0.27851784
0,0.27517292
0,0.2722063
0,0.42951944
0,0.33301562
0,0.30570355
0,0.29130235
0,0.28236884
0,0.27506584
0,0.2785551
0,0.27607182
0,0.26708716
0,0.26360348
0,0.27014777
0,0.27219433
0,0.26289812
0,0.26831308
0,0.2819696
0,0.27696252
0,0.27666762
0,0.27193338
0,0.2740411
0,0.27069172
0,0.27147168
0,0.27482742
0,0.26362324
0,0.2745859
0,0.27216983
0,0.26861718
0,0.2696744
0,0.2718033
0,0.27026907
0,0.27026972
0,0.26586634
0,0.26723772
0,0.2667073
0,0.26662374
0,0.26574528
0,0.26563108
0,0.26532748
0,0.26476747
0,0.2643208
0,0.2736887
0,0.26718
0,0.26664457
0,0.2646974
0,0.26341206
0,0.26204002
0,0.2609797
0,0.26045096
0,0.260556
0,0.26430428
0,0.26858443
0,0.26225454
0,0.26468533
0,0.26642755
0,0.26118162
0,0.25925928
0,0.2680811
0,0.26749247
0,0.26753384
0,0.27182817
0,0.2733621
0,0.2738249
0,0.27434695
0,0.27722004
0,0.28561172
0,0.2778758
0,0.27220854
0,0.27238998
0,0.26907113
0,0.25878653
0,0.26446518
0,0.26458275
0,0.26434624
0,0.2693574
0,0.2664507
0,0.26453775
0,0.2636236
0,0.26274198
0,0.26353127
0,0.26064146
0,0.26090366
0,0.2602297
0,0.26016068
0,0.25932294
0,0.25841364
0,0.25728846
0,0.2576347
0,0.26539126
0,0.26941875
0,0.27209395
0,0.27616978
0,0.29117173
0,0.28100514
0,0.2782241
0,0.2763911
0,0.2729428
0,0.2719637
0,0.27052164
0,0.2671917
0,0.2766247
0,0.2758381
0,0.27282986
0,0.27468908
0,0.27065256
0,0.26822963
0,0.26720616
0,0.26507097
0,0.26480943
0,0.2718054
0,0.26600355
0,0.26369128
0,0.26375553
0,0.26171404
0,0.26094294
0,0.26990694
0,0.26421213
0,0.2610713
0,0.26082745
0,0.25932157
0,0.25843444
0,0.25798512
0,0.2675785
0,0.27132505
0,0.2733263
0,0.27399272
0,0.27899516
0,0.27479815
0,0.27538136
0,0.27206063
0,0.27429172
0,0.27434802
0,0.27373502
0,0.2735364
0,0.2766041
0,0.27246255
0,0.2718668
0,0.26920253
0,0.2641267
0,0.26468185
0,0.26591215
0,0.26530552
0,0.26509327
0,0.27042538
0,0.26516685
0,0.26472768
0,0.26264766
0,0.26203388
0,0.26054624
0,0.26139006
0,0.26005182
0,0.26044506
0,0.2598053
0,0.25937662
0,0.26778394
0,0.26561746
0,0.27153808
0,0.26188073
0,0.26990047
0,0.2718356
0,0.27189872
0,0.2771884
0,0.2748562
0,0.27471
0,0.27130675
0,0.27258724
0,0.27159834
0,0.27151334
0,0.26713473
0,0.26916885
0,0.26793647
0,0.26786625
0,0.26760384
0,0.2727466
0,0.2664124
0,0.26677433
0,0.2650687
0,0.2651062
0,0.26371005
0,0.26254675
0,0.27003637
0,0.26352933
0,0.2621747
0,0.26042765
0,0.2597623
0,0.2685713
0,0.2614876
0,0.27118617
0,0.27330545
0,0.27468273
0,0.2760997
0,0.2739471
0,0.27569696
0,0.2751691
0,0.27540562
0,0.27553818
0,0.27452806
0,0.27464473
0,0.26302308
0,0.2701111
0,0.26959962
0,0.2667019
0,0.26948434
0,0.27031055
0,0.27526185
0,0.2811883
0,0.2746699
0,0.27146855
0,0.2710982
0,0.26963812
0,0.26927242
0,0.26548758
0,0.26971963
0,0.26727444
0,0.26339376
0,0.2639332
0,0.26063043
0,0.260835
0,0.26011825
0,0.25912306
0,0.25948146
0,0.26843387
0,0.27062488
0,0.27429017
0,0.2760983
0,0.27694204
0,0.27821112
0,0.27680954
0,0.27844217
0,0.2765083
0,0.2777523
0,0.27610418
0,0.27557525
0,0.2718329
0,0.2623435
0,0.26935667
0,0.27107736
0,0.26892006
0,0.2704639
0,0.2711216
0,0.27128142
0,0.2691634
0,0.28061736
0,0.27262563
0,0.27070045
0,0.26946697
0,0.2670388
0,0.2653918
0,0.26499537
0,0.2637618
0,0.26408494
0,0.27135926
0,0.2645752
0,0.2636229
0,0.27143693
0,0.26300845
0,0.26206383
0,0.26958504
0,0.2730133
0,0.27423245
0,0.27630374
0,0.27626568
0,0.27530655
0,0.27560812
0,0.2701648
0,0.2731275
0,0.27205
0,0.27314422
0,0.2720257
0,0.27083227
0,0.2677898
0,0.26891813
0,0.26799273
0,0.26456085
0,0.26639795
0,0.26451117
0,0.2650365
0,0.26844457
0,0.2631979
0,0.26250097
0,0.26181445
0,0.2609136
0,0.2609917
0,0.26074785
0,0.2622699
0,0.24905226
0,0.26445913
0,0.25861996
0,0.25719586
0,0.26164573
0,0.26690763
0,0.27152705
0,0.27351376
0,0.27556083
0,0.26881772
0,0.2743341
0,0.27466795
0,0.2754698
0,0.27549496
0,0.2753373
0,0.27425686
0,0.2729226
0,0.2724484
0,0.27121407
0,0.26872203
0,0.26909035
0,0.2676473
0,0.26744077
0,0.2653704
0,0.27093464
0,0.26541772
0,0.26628938
0,0.26482654
0,0.26557365
0,0.2819413
0,0.27114272
0,0.26786965
0,0.26600888
0,0.26396814
0,0.26638022
0,0.2836869
0,0.26899487
0,0.2660651
0,0.26249993
0,0.26740342
0,0.2618986
0,0.2602005
0,0.26779458
0,0.2715228
0,0.27308893
0,0.27892035
0,0.26619184
0,0.28306463
0,0.27660757
0,0.27485532
0,0.27463955
0,0.27379346
0,0.27211827
0,0.2719361
0,0.27194014
0,0.2654627
0,0.26872247
0,0.26884794
0,0.26917118
0,0.2698161
0,0.26927584
0,0.26887414
0,0.26701173
0,0.267477
0,0.26744893
0,0.2659904
0,0.26497298
0,0.26279375
0,0.26221249
0,0.26136196
0,0.2606095
0,0.27012613
0,0.26276267
0,0.26277587
0,0.27314347
0,0.2719107
0,0.2745917
0,0.2721864
0,0.27502227
0,0.26637882
0,0.2720342
0,0.273475
0,0.2737383
0,0.27359092
0,0.27246505
0,0.27246132
0,0.27173373
0,0.26096877
0,0.26225272
0,0.2665092
0,0.26650426
0,0.26678744
0,0.26673183
0,0.26759124
0,0.26647455
0,0.2654123
0,0.26455277
0,0.26443717
0,0.26271927
0,0.26678258
0,0.2693886
0,0.26530933
0,0.264242
0,0.26872447
0,0.26357135
0,0.2619729
0,0.2714964
0,0.26364318
0,0.26095936
0,0.26999083
0,0.2725848
0,0.27494246
0,0.27850714
0,0.26659778
0,0.27380317
0,0.2753607
0,0.27550867
0,0.27594966
0,0.27177346
0,0.27287158
0,0.2736631
0,0.26687714
0,0.27014267
0,0.26582032
0,0.26930788
0,0.26821187
0,0.26930234
0,0.2691352
0,0.26487413
0,0.26708025
0,0.26759753
0,0.26674023
0,0.26693395
0,0.2519309
0,0.26607412
0,0.2640368
0,0.26185772
0,0.26354313
0,0.26976058
0,0.26411092
0,0.26086327
0,0.26260665
0,0.27581763
0,0.26645187
0,0.26400656
0,0.26621696
0,0.26343116
0,0.26162705
0,0.25988847
0,0.26761925
0,0.27635893
0,0.27574337
0,0.2769929
0,0.28398496
0,0.28051627
0,0.27866176
0,0.27719027
0,0.27207574
0,0.2698704
0,0.27354822
0,0.27003685
0,0.27234006
0,0.27359185
0,0.2722777
0,0.2721036
0,0.2659813
0,0.26780912
0,0.26691592
0,0.26281106
0,0.2698249
0,0.26777142
0,0.26605475
0,0.27101883
0,0.2656265
0,0.25514454
0,0.2600567
0,0.26107943
0,0.25726306
0,0.26060313
0,0.25883654
0,0.2598238
0,0.25897473
0,0.26290253
0,0.2593744
0,0.26031193
0,0.2597457
0,0.2580291
0,0.26223806
0,0.2692511
0,0.27229
0,0.27408382
0,0.27461946
0,0.27052203
0,0.27244553
0,0.2733262
0,0.27298236
0,0.2733851
0,0.27282614
0,0.2733281
0,0.27224198
0,0.27215177
0,0.27139783
0,0.2709962
0,0.27028313
0,0.2661949
0,0.2659962
0,0.26638973
0,0.2670166
0,0.26272106
0,0.2654241
0,0.2614745
0,0.26457775
0,0.26488876
0,0.26373369
0,0.26243487
0,0.26263502
0,0.26229134
0,0.25947323
0,0.25995046
0,0.2592845
0,0.2573141
0,0.26649615
0,0.26001623
0,0.26803666
0,0.26550665
0,0.27183425
0,0.2737599
0,0.2752042
0,0.27583927
0,0.2696365
0,0.27292398
0,0.27464515
0,0.2747126
0,0.28420076
0,0.27830908
0,0.2773731
0,0.27567497
0,0.27551764
0,0.27438244
0,0.27405852
0,0.2739906
0,0.27350613
0,0.2719241
0,0.27451584
0,0.27193987
0,0.26983145
0,0.26693738
0,0.2689105
0,0.26739419
0,0.26686463
0,0.26606202
0,0.2657769
0,0.2702467
0,0.2664253
0,0.2629151
0,0.26330462
0,0.26164022
0,0.27560264
0,0.27781698
0,0.26812693
0,0.27952215
0,0.26788935
0,0.273137
0,0.27409652
0,0.274917
0,0.27475873
0,0.2636629
0,0.27313286
0,0.27211845
0,0.27146035
0,0.27105844
0,0.27127576
0,0.27581134
0,0.2726636
0,0.27762917
0,0.2724991
0,0.27152118
0,0.27080786
0,0.26879886
0,0.27335688
0,0.26987502
0,0.26871735
0,0.2666201
0,0.26719698
0,0.26679912
0,0.2662161
0,0.26597518
0,0.26446116
0,0.26363572
0,0.26862955
0,0.26456535
0,0.27365547
0,0.26648965
0,0.27163532
0,0.26473847
0,0.26286253
0,0.27075753
0,0.2737278
0,0.27346525
0,0.27486706
0,0.27699593
0,0.276822
0,0.27689725
0,0.27656534
0,0.27691862
0,0.27340505
0,0.2748226
0,0.2738656
0,0.27426583
0,0.27270353
0,0.2735855
0,0.27170902
0,0.2723739
0,0.2712731
0,0.27640378
0,0.27198473
0,0.27159253
0,0.2693961
0,0.28022072
0,0.27628556
0,0.27260086
0,0.26983067
0,0.26824254
0,0.2661502
0,0.27822635
0,0.2681773
0,0.26620474
0,0.27188602
0,0.26546624
0,0.2698326
0,0.27421972
0,0.2773023
0,0.26782727
0,0.26394665
0,0.2722639
0,0.27455464
0,0.27586612
0,0.275481
0,0.27725443
0,0.27738047
0,0.27803895
0,0.27818593
0,0.27602425
0,0.2778816
0,0.27058187
0,0.27392626
0,0.27482867
0,0.27432972
0,0.27420104
0,0.27364075
0,0.27176493
0,0.27150938
0,0.26941413
0,0.2575979
0,0.26420802
0,0.26498756
0,0.26476872
0,0.26468128
0,0.26360855
0,0.26253188
0,0.26142645
0,0.2604553
0,0.26001027
0,0.26246616
0,0.25993475
0,0.26923737
0,0.2624404
0,0.26015297
0,0.26932198
0,0.27209342
0,0.27371365
0,0.27464825
0,0.27328822
0,0.2749456
0,0.27143508
0,0.27344468
0,0.27260792
0,0.2733855
0,0.2717662
0,0.2727517
0,0.2711533
0,0.27090517
0,0.26944342
0,0.26600105
0,0.27249706
0,0.2684833
0,0.26742706
0,0.26680496
0,0.2670482
0,0.26713344
0,0.26585752
0,0.26542795
0,0.26436475
0,0.26361412
0,0.25821763
0,0.2604442
0,0.2710822
0,0.2729984
0,0.27440992
0,0.26640376
0,0.27250868
0,0.27513242
0,0.27644902
0,0.27758858
0,0.27764192
0,0.27855313
0,0.27921066
0,0.27842975
0,0.26988328
0,0.28545937
0,0.27807721
0,0.27457678
0,0.27519992
0,0.26888546
0,0.27091143
0,0.27078092
0,0.27080494
0,0.27052993
0,0.27007782
0,0.26770732
0,0.2670599
0,0.26774004
0,0.26842386
0,0.26755193
0,0.26639915
0,0.26595953
0,0.2650379
0,0.27041376
0,0.27002585
0,0.2666705
0,0.27563536
0,0.26763785
0,0.27452683
0,0.2722098
0,0.26551926
0,0.27505186
0,0.26534203
0,0.25911218
0,0.2703252
0,0.259655
0,0.2578865
0,0.2664886
0,0.26988205
0,0.26587728
0,0.27031428
0,0.2711491
0,0.2707335
0,0.2713243
0,0.26612765
0,0.26903886
0,0.26767105
0,0.2806375
0,0.2850467
0,0.2724631
0,0.26179436
0,0.2653994
0,0.26625323
0,0.26544163
0,0.2660106
0,0.26455903
0,0.26881537
0,0.27659827
0,0.26877877
0,0.27290997
0,0.26609346
0,0.26470578
0,0.26345655
0,0.26186067
0,0.2702685
0,0.26331177
0,0.26750356
0,0.26153013
0,0.27037403
0,0.2672305
0,0.2702598
0,0.27275026
0,0.2745664
0,0.27421594
0,0.26862767
0,0.2705766
0,0.2764243
0,0.26074058
0,0.26756674
0,0.26707178
0,0.26656294
0,0.26702565
0,0.26770824
0,0.26762253
0,0.2660462
0,0.26635197
0,0.26576743
0,0.26416177
0,0.26304066
0,0.26905787
0,0.26500311
0,0.26224065
0,0.26216573
0,0.26223075
0,0.2707217
0,0.26516268
0,0.26341987
0,0.2615456
0,0.26060098
0,0.27098572
0,0.2632367
0,0.2607737
0,0.2695376
0,0.26183966
0,0.2640923
0,0.26948798
0,0.27166346
0,0.27268192
0,0.27297062
0,0.27380127
0,0.2700486
0,0.27267244
0,0.27153203
0,0.27253088
0,0.27015632
0,0.2708899
0,0.2709033
0,0.27320868
0,0.27257407
0,0.26981267
0,0.26947916
0,0.27319276
0,0.2698913
0,0.26884744
0,0.2741553
0,0.26625
0,0.26643187
0,0.26574323
0,0.26463842
0,0.26984832
0,0.2651936
0,0.26418805
0,0.2621721
0,0.26145732
0,0.26464704
0,0.2652575
0,0.26082212
0,0.25978014
0,0.2687167
0,0.27144983
0,0.27445886
0,0.27554807
0,0.27595386
0,0.2752546
0,0.27568728
0,0.27305457
0,0.27467018
0,0.27341315
0,0.27380744
0,0.26928386
0,0.2706097
0,0.2716896
0,0.27068833
0,0.270273
0,0.2638999
0,0.27757084
0,0.2761043
0,0.27938697
0,0.27063823
0,0.27707344
0,0.2707385
0,0.2691287
0,0.27257732
0,0.26767197
0,0.26108834
0,0.26213178
0,0.2608611
0,0.2604272
0,0.2599645
0,0.2597697
0,0.259485
0,0.2619456
0,0.2596332
0,0.26786783
0,0.2693898
0,0.2728164
0,0.2638148
0,0.27217284
0,0.274769
0,0.27038062
0,0.2738126
0,0.27474067
0,0.2779143
0,0.27624643
0,0.27138776
0,0.27223656
0,0.27257136
0,0.2719138
0,0.2724796
0,0.26736277
0,0.27092296
0,0.2709369
0,0.27083933
0,0.2701897
0,0.2647974
0,0.26538116
0,0.26109105
0,0.26413882
0,0.26469284
0,0.26305607
0,0.2630298
0,0.27015617
0,0.2655445
0,0.26385117
0,0.2738648
0,0.26698318
0,0.26771346
0,0.2722462
0,0.26542726
0,0.26218095
0,0.25898075
0,0.26893693
0,0.28341925
0,0.28293413
0,0.2744474
0,0.27718726
0,0.27665552
0,0.27624023
0,0.27595317
0,0.27369544
0,0.2740684
0,0.27673563
0,0.27491125
0,0.27103442
0,0.26580217
0,0.27319586
0,0.27038777
0,0.26943853
0,0.27417973
0,0.27606228
0,0.26956058
0,0.2693385
0,0.26799315
0,0.26788887
0,0.2636915
0,0.26631752
0,0.26414987
0,0.26312852
0,0.2650552
0,0.26716903
0,0.2627185
0,0.2697693
0,0.26386747
0,0.27188447
0,0.26894104
0,0.2721491
0,0.27489004
0,0.27503702
0,0.29204294
0,0.28226617
0,0.27884623
0,0.26767263
0,0.27309546
0,0.27366233
0,0.27170968
0,0.2731333
0,0.27120373
0,0.27139133
0,0.26923922
0,0.26914185
0,0.26597035
0,0.26598197
0,0.2647483
0,0.26167074
0,0.2629123
0,0.26264924
0,0.26206768
0,0.27003402
0,0.26368043
0,0.26151294
0,0.25997165
0,0.258895
0,0.2676501
0,0.26986408
0,0.26808715
0,0.2710378
0,0.27224737
0,0.27242342
0,0.273283
0,0.2727128
0,0.27330384
0,0.27243727
0,0.27646244
0,0.2716876
0,0.26727375
0,0.2712208
0,0.26998985
0,0.26874095
0,0.26796058
0,0.27532104
0,0.26968446
0,0.26807788
0,0.26831055
0,0.26722082
0,0.266023
0,0.26326922
0,0.2604672
0,0.26217693
0,0.26412502
0,0.26210514
0,0.26159444
0,0.26011533
0,0.26962605
0,0.26240265
0,0.2641963
0,0.27160373
0,0.26298776
0,0.2602366
0,0.2696258
0,0.2705988
0,0.27305648
0,0.2728235
0,0.27379635
0,0.277656
0,0.26978812
0,0.27401623
0,0.27301717
0,0.27445403
0,0.27141577
0,0.2652787
0,0.26829663
0,0.26773977
0,0.27815032
0,0.27068973
0,0.2690564
0,0.26760373
0,0.27060345
0,0.2676031
0,0.2767133
0,0.26805714
0,0.26400807
0,0.26376313
0,0.2625334
0,0.2696151
0,0.2638013
0,0.2691107
0,0.27153328
0,0.27427098
0,0.26942027
0,0.2738108
0,0.2725202
0,0.27447918
0,0.27373114
0,0.26321286
0,0.26430115
0,0.2686512
0,0.2696981
0,0.2704927
0,0.2823497
0,0.27561098
0,0.2733184
0,0.26939404
0,0.25869772
0,0.26378587
0,0.26610246
0,0.26521164
0,0.26593587
0,0.26451522
0,0.26461604
0,0.2643018
0,0.26358116
0,0.2630519
0,0.2610465
0,0.2620733
0,0.26955903
0,0.263959
0,0.26218584
0,0.26117697
0,0.26140925
0,0.2668287
0,0.26164305
0,0.26418564
0,0.26875028
0,0.26239046
0,0.26556966
0,0.27196312
0,0.27327508
0,0.27468604
0,0.27300042
0,0.26933143
0,0.27104947
0,0.27122334
0,0.2754737
0,0.27257
0,0.2613227
0,0.2675088
0,0.26815286
0,0.34854117
0,0.29472688
0,0.28689465
0,0.28480017
0,0.27805668
0,0.27946627
0,0.27202967
0,0.2688115
0,0.26879925
0,0.26628903
0,0.26549292
0,0.26594406
0,0.26898935
0,0.26290384
0,0.26208732
0,0.26061037
0,0.26849562
0,0.26787084
0,0.2727171
0,0.27453408
0,0.2728438
0,0.27423328
0,0.26914135
0,0.27252373
0,0.27734616
0,0.2699766
0,0.27137843
0,0.2706312
0,0.27122438
0,0.27007467
0,0.26936144
0,0.26698402
0,0.2668911
0,0.26626998
0,0.26662853
0,0.26612535
0,0.26162553
0,0.26343754
0,0.25381595
0,0.2594188
0,0.259723
0,0.2594063
0,0.2604003
0,0.27131695
0,0.26350385
0,0.26207045
0,0.25989348
0,0.2644474
0,0.26827753
0,0.26230097
0,0.2851997
0,0.27953428
0,0.2734321
0,0.27655306
0,0.2760539
0,0.2742598
0,0.273398
0,0.27026162
0,0.27248088
0,0.2729422
0,0.27081317
0,0.27225012
0,0.26913312
0,0.27536306
0,0.27127573
0,0.27142093
0,0.26984537
0,0.2700252
0,0.2685253
0,0.26859918
0,0.26775265
0,0.26593822
0,0.270562
0,0.27626693
0,0.26831555
0,0.26654473
0,0.26317438
0,0.25747275
0,0.2594779
0,0.2678035
0,0.26186228
0,0.26516685
0,0.26664326
0,0.26193225
0,0.25934768
0,0.26821333
0,0.26943225
0,0.26632226
0,0.28311297
0,0.27780014
0,0.28271437
0,0.27811986
0,0.27670905
0,0.2748817
0,0.27316296
0,0.27237323
0,0.2712165
0,0.26879886
0,0.26960322
0,0.26820892
0,0.25944465
0,0.26263195
0,0.26325348
0,0.26287204
0,0.26251617
0,0.26149422
0,0.26108557
0,0.27191722
0,0.26487342
0,0.26251838
0,0.26132596
0,0.2688
0,0.26582152
0,0.26175293
0,0.25992692
0,0.2690742
0,0.2722815
0,0.2734572
0,0.2746879
0,0.27523598
0,0.27566165
0,0.27408254
0,0.27405456
0,0.27449295
0,0.27270374
0,0.2712913
0,0.27653864
0,0.2741684
0,0.27238268
0,0.27046034
0,0.2588985
0,0.26957336
0,0.2710544
0,0.26828662
0,0.26770684
0,0.26714426
0,0.27342615
0,0.2725703
0,0.26816836
0,0.27354673
0,0.26773253
0,0.2644766
0,0.26813677
0,0.2640314
0,0.26715446
0,0.26248494
0,0.26515615
0,0.26059982
0,0.25997463
0,0.2686451
0,0.2711703
0,0.2782615
0,0.287942
0,0.28058708
0,0.28222826
0,0.2816805
0,0.27898198
0,0.2799245
0,0.26813042
0,0.28094757
0,0.27553818
0,0.27626985
0,0.27302027
0,0.2749251
0,0.27267388
0,0.27236846
0,0.27598643
0,0.27253002
0,0.2723412
0,0.2711781
0,0.27138162
0,0.26827508
0,0.26777273
0,0.2679144
0,0.26693434
0,0.26589984
0,0.2647004
0,0.27369562
0,0.26756123
0,0.26598895
0,0.26886147
0,0.2654467
0,0.27336308
0,0.27739087
0,0.26871625
0,0.27646604
0,0.27805796
0,0.2793332
0,0.28115898
0,0.28128093
0,0.28118858
0,0.2778919
0,0.27600625
0,0.26914546
0,0.2879637
0,0.28336263
0,0.28469822
0,0.2799542
0,0.2778516
0,0.2755399
0,0.27519634
0,0.27413747
0,0.27004474
0,0.2770302
0,0.27154782
0,0.27323142
0,0.27144444
0,0.27218583
0,0.2683324
0,0.2689391
0,0.26789406
0,0.26696208
0,0.27417618
0,0.26840964
0,0.26741272
0,0.27592784
0,0.26770142
0,0.26586825
0,0.27489948
0,0.27728844
0,0.2787537
0,0.27926835
0,0.27521008
0,0.27846453
0,0.27878812
0,0.27923042
0,0.27921554
0,0.27950755
0,0.27933416
0,0.28600746
0,0.28130418
0,0.28057057
0,0.27487782
0,0.27671143
0,0.27639768
0,0.27565622
0,0.27484387
0,0.26926294
0,0.2716196
0,0.26876193
0,0.27054057
0,0.27099052
0,0.2827038
0,0.27482316
0,0.27734634
0,0.2734364
0,0.27140105
0,0.27654687
0,0.27218455
0,0.2695856
0,0.27756172
0,0.26992598
0,0.2770693
0,0.269497
0,0.26661918
0,0.27590707
0,0.28307718
0,0.2787956
0,0.27112356
0,0.27831322
0,0.2798874
0,0.26977324
0,0.276135
0,0.28144458
0,0.2792877
0,0.27759677
0,0.2775922
0,0.27297714
0,0.27503407
0,0.2739941
0,0.27301794
0,0.27255982
0,0.2705987
0,0.27066293
0,0.26817027
0,0.26881468
0,0.26814687
0,0.26704067
0,0.2643019
0,0.26625976
0,0.27486953
0,0.26898277
0,0.26769125
0,0.26606178
0,0.26567903
0,0.2642341
0,0.26368392
0,0.27191365
0,0.2760274
0,0.2742774
0,0.27811676
0,0.2776646
0,0.27457848
0,0.27665737
0,0.27749923
0,0.27775332
0,0.27705935
0,0.2780726
0,0.27659526
0,0.27726445
0,0.27659565
0,0.27633473
0,0.27744567
0,0.2755873
0,0.26058123
0,0.26787212
0,0.26805323
0,0.26882952
0,0.26820922
0,0.2674176
0,0.26699948
0,0.26642528
0,0.26606807
0,0.26455015
0,0.27152243
0,0.2674533
0,0.26666436
0,0.26548195
0,0.26416072
0,0.2633251
0,0.2711746
0,0.2760776
0,0.27634826
0,0.27913982
0,0.27728316
0,0.2797852
0,0.27830163
0,0.2802631
0,0.2803528
0,0.2744903
0,0.27779114
0,0.27810505
0,0.2778144
0,0.27683714
0,0.27709737
0,0.2768209
0,0.27553475
0,0.27427554
0,0.27436012
0,0.27106476
0,0.2731427
0,0.27779573
0,0.27418414
0,0.2729871
0,0.2722574
0,0.26068866
0,0.2659636
0,0.26630044
0,0.27333796
0,0.26926327
0,0.26576203
0,0.2656987
0,0.26498455
0,0.2641039
0,0.26344743
0,0.26281032
0,0.26180667
0,0.2606187
0,0.26062414
0,0.26489416
0,0.27929682
0,0.27653447
0,0.27817607
0,0.27895546
0,0.27903506
0,0.27870467
0,0.27666408
0,0.27724677
0,0.27469265
0,0.27576888
0,0.27480888
0,0.2724322
0,0.27246454
0,0.26550186
0,0.26889363
0,0.26890787
0,0.26887557
0,0.26900226
0,0.26828742
0,0.2667034
0,0.26615196
0,0.26568452
0,0.2629359
0,0.26624846
0,0.26666582
0,0.26509252
0,0.2649481
0,0.26335594
0,0.2629834
0,0.2630197
0,0.26146615
0,0.2606848
0,0.2700915
0,0.27338347
0,0.27984598
0,0.27897415
0,0.27753553
0,0.27863157
0,0.27845895
0,0.27630115
0,0.27603376
0,0.27537715
0,0.27580222
0,0.27742043
0,0.28038225
0,0.2769878
0,0.27551162
0,0.27322915
0,0.27766344
0,0.2704174
0,0.27102658
0,0.269319
0,0.26942566
0,0.2693693
0,0.2753607
0,0.27126172
0,0.26707834
0,0.26745424
0,0.2777935
0,0.2754707
0,0.2728769
0,0.26818573
0,0.26741353
0,0.26576993
0,0.27001926
0,0.26579404
0,0.26391104
0,0.26991788
0,0.2638115
0,0.27275437
0,0.2725777
0,0.27588812
0,0.26637396
0,0.27412474
0,0.27510682
0,0.27691868
0,0.27687588
0,0.2657181
0,0.27253318
0,0.2728242
0,0.2731587
0,0.27307084
0,0.27325138
0,0.27276763
0,0.27770862
0,0.27457106
0,0.27574757
0,0.27375212
0,0.27238214
0,0.27016792
0,0.2676588
0,0.26653698
0,0.26754364
0,0.2659517
0,0.27276868
0,0.26723018
0,0.26606533
0,0.26985613
0,0.26676264
0,0.26386088
0,0.26339984
0,0.26286703
0,0.26207966
0,0.25428766
0,0.26379383
0,0.2597181
0,0.2697013
0,0.26851696
0,0.27361786
0,0.27648655
0,0.27736464
0,0.27846667
0,0.27880296
0,0.2792877
0,0.27872226
0,0.32384562
0,0.29652828
0,0.29030764
0,0.27441126
0,0.279266
0,0.27830288
0,0.2769592
0,0.27683935
0,0.27578172
0,0.27579612
0,0.27352116
0,0.2727192
0,0.27424803
0,0.27358702
0,0.27228746
0,0.27187678
0,0.27149042
0,0.27089226
0,0.2779964
0,0.27321425
0,0.27204093
0,0.2702287
0,0.2695181
0,0.2691318
0,0.26900983
0,0.2678083
0,0.26775396
0,0.266507
0,0.2654129
0,0.2652456
0,0.27203637
0,0.27775484
0,0.26936334
0,0.26593512
0,0.26413074
0,0.26536834
0,0.2619259
0,0.26073873
0,0.26556048
0,0.27101618
0,0.27498618
0,0.27601054
0,0.27775285
0,0.27770612
0,0.26693773
0,0.27420068
0,0.27530125
0,0.27497667
0,0.2765665
0,0.26511204
0,0.2725169
0,0.27337563
0,0.2725612
0,0.27337208
0,0.27403775
0,0.27062866
0,0.2691832
0,0.26592442
0,0.26972842
0,0.269936
0,0.27130237
0,0.27071244
0,0.2759009
0,0.2722771
0,0.2677033
0,0.26836777
0,0.2664012
0,0.26672938
0,0.26645502
0,0.27464902
0,0.26811
0,0.26630908
0,0.26341498
0,0.26421964
0,0.26348528
0,0.26428163
0,0.2631717
0,0.26253268
0,0.26063618
0,0.2673327
0,0.26340172
0,0.2609215
0,0.27118886
0,0.27442098
0,0.27678174
0,0.2799672
0,0.27973387
0,0.27889195
0,0.27955818
0,0.27787027
0,0.26498032
0,0.27365327
0,0.27442354
0,0.27401245
0,0.26828557
0,0.27214333
0,0.2668501
0,0.26984537
0,0.27631605
0,0.2753815
0,0.2738007
0,0.27323404
0,0.27185735
0,0.2718163
0,0.26756984
0,0.2692309
0,0.2668438
0,0.26751694
0,0.2668201
0,0.26575634
0,0.26644772
0,0.2718945
0,0.2740262
0,0.26928958
0,0.2770693
0,0.2675046
0,0.27153665
0,0.2714953
0,0.2874076
0,0.27756023
0,0.2709164
0,0.26667756
0,0.2747032
0,0.27605894
0,0.2701247
0,0.28797385
0,0.28103808
0,0.28154427
0,0.2807766
0,0.28363988
0,0.27491456
0,0.26547062
0,0.27178484
0,0.27101436
0,0.28224003
0,0.27570292
0,0.2633173
0,0.26744652
0,0.268319
0,0.26563084
0,0.2668744
0,0.26618785
0,0.26606587
0,0.26565763
0,0.26556462
0,0.2623407
0,0.26374966
0,0.26316726
0,0.26276037
0,0.26197922
0,0.26122034
0,0.26047832
0,0.2694078
0,0.27377218
0,0.2763431
0,0.29134166
0,0.28318933
0,0.28249452
0,0.28217658
0,0.28060675
0,0.2796835
0,0.27857614
0,0.27902797
0,0.277772
0,0.27705437
0,0.271731
0,0.27371457
0,0.27298936
0,0.27169684
0,0.26592347
0,0.26887068
0,0.26890615
0,0.26846418
0,0.2689988
0,0.26687148
0,0.26825216
0,0.2669074
0,0.26267096
0,0.26529
0,0.26548985
0,0.26478878
0,0.26501787
0,0.27036175
0,0.27460283
0,0.26825172
0,0.26627094
0,0.26453534
0,0.34760448
0,0.3044357
0,0.28628594
0,0.28826782
0,0.28641933
0,0.2850564
0,0.28312948
0,0.29535428
0,0.28507048
0,0.28475276
0,0.28222257
0,0.28111547
0,0.27984893
0,0.27898452
0,0.27868822
0,0.2781627
0,0.27821848
0,0.27636957
0,0.27620727
0,0.2760514
0,0.27068385
0,0.2735542
0,0.27344328
0,0.27247337
0,0.27268535
0,0.26723376
0,0.26764348
0,0.26844078
0,0.26894602
0,0.26853588
0,0.26765686
0,0.25628865
0,0.26317403
0,0.26474681
0,0.26492944
0,0.26356453
0,0.26929185
0,0.27082115
0,0.26639017
0,0.26355663
0,0.26290947
0,0.27107605
0,0.27429596
0,0.27693683
0,0.2785442
0,0.27942768
0,0.27851602
0,0.27948612
0,0.27719733
0,0.27909008
0,0.27275547
0,0.27635142
0,0.27704874
0,0.27746102
0,0.27689368
0,0.2830266
0,0.29147077
0,0.28257477
0,0.2798419
0,0.2775011
0,0.2771414
0,0.27394405
0,0.274243
0,0.27232626
0,0.2719597
0,0.27023304
0,0.2822892
0,0.27444452
0,0.27326313
0,0.27090028
0,0.27267537
0,0.27007937
0,0.269227
0,0.26744074
0,0.2640243
0,0.26389477
0,0.2629141
0,0.2633529
0,0.2624219
0,0.2716755
0,0.27647197
0,0.2672603
0,0.27522522
0,0.27642044
0,0.27857053
0,0.2739614
0,0.27784592
0,0.27659136
0,0.27765322
0,0.27532515
0,0.2706325
0,0.27387318
0,0.27474362
0,0.27483848
0,0.27346155
0,0.27272403
0,0.2729459
0,0.27186275
0,0.2712012
0,0.2705573
0,0.26646546
0,0.27190062
0,0.26925796
0,0.26826385
0,0.26835915
0,0.26753852
0,0.26600263
0,0.26421124
0,0.2690144
0,0.26474878
0,0.263769
0,0.27009207
0,0.26426443
0,0.26201144
0,0.2706182
0,0.2637478
0,0.26189214
0,0.27209905
0,0.27354217
0,0.27881247
0,0.2782052
0,0.27856
0,0.27764997
0,0.26685208
0,0.27311656
0,0.2725564
0,0.27335078
0,0.2711258
0,0.27303496
0,0.27594814
0,0.2728817
0,0.27217993
0,0.2720842
0,0.27027914
0,0.2705557
0,0.27004614
0,0.27038172
0,0.26909006
0,0.27217153
0,0.26931068
0,0.2748077
0,0.27065167
0,0.26686224
0,0.26705158
0,0.26574805
0,0.2717948
0,0.26650295
0,0.26526803
0,0.26373976
0,0.26203555
0,0.26061338
0,0.26897955
0,0.2729848
0,0.27244005
0,0.27489388
0,0.27621603
0,0.27806005
0,0.2755437
0,0.27716795
0,0.2775042
0,0.2774103
0,0.27102637
0,0.2718459
0,0.27054498
0,0.26153687
0,0.26814678
0,0.2685487
0,0.27022806
0,0.27057952
0,0.27069226
0,0.268898
0,0.26974532
0,0.26926214
0,0.26762086
0,0.2677788
0,0.27425912
0,0.27045706
0,0.26888683
0,0.26795194
0,0.2703341
0,0.2674958
0,0.27385414
0,0.26693982
0,0.26554313
0,0.2641898
0,0.26638618
0,0.26308563
0,0.26675358
0,0.26303035
0,0.26144
0,0.27032682
0,0.26885873
0,0.28069994
0,0.27889854
0,0.27824062
0,0.27855548
0,0.278284
0,0.28946966
0,0.27854264
0,0.27834424
0,0.27692154
0,0.27402285
0,0.27375856
0,0.27709973
0,0.27419287
0,0.2737582
0,0.2679778
0,0.28359872
0,0.27525434
0,0.2707136
0,0.2680644
0,0.2748071
0,0.27037227
0,0.2681181
0,0.26720834
0,0.26644084
0,0.2681072
0,0.26539233
0,0.26423565
0,0.26408833
0,0.26323614
0,0.2614746
0,0.2607705
0,0.2604812
0,0.27089745
0,0.2729147
0,0.26895246
0,0.27483946
0,0.27723387
0,0.27274308
0,0.27714053
0,0.27919194
0,0.2790953
0,0.27869907
0,0.2778619
0,0.2779213
0,0.27610028
0,0.28223053
0,0.27768824
0,0.27727205
0,0.27155024
0,0.2770412
0,0.27383113
0,0.27368546
0,0.2731523
0,0.2723733
0,0.26681572
0,0.27831388
0,0.27251127
0,0.27219126
0,0.27149907
0,0.26485664
0,0.26742303
0,0.26706135
0,0.26667282
0,0.26600662
0,0.26632017
0,0.2659294
0,0.26974437
0,0.26703018
0,0.26546228
0,0.2632976
0,0.27162862
0,0.271562
0,0.2659749
0,0.2639796
0,0.26292968
0,0.26168922
0,0.27109137
0,0.2728614
0,0.27454785
0,0.2713903
0,0.27646253
0,0.27805406
0,0.26971003
0,0.27314535
0,0.2709989
0,0.27496326
0,0.27606726
0,0.2767144
0,0.27645326
0,0.2757617
0,0.27277213
0,0.27383053
0,0.27419376
0,0.27416614
0,0.27414164
0,0.27313957
0,0.27102557
0,0.2708558
0,0.27024668
0,0.26910093
0,0.27399075
0,0.27046016
0,0.26772675
0,0.26679137
0,0.26673046
0,0.2661123
0,0.2646895
0,0.27279294
0,0.27602485
0,0.2738205
0,0.28394258
0,0.2784043
0,0.2703593
0,0.2676435
0,0.27147532
0,0.2757048
0,0.27782205
0,0.2789246
0,0.27449483
0,0.27682903
0,0.27704048
0,0.27739137
0,0.27288234
0,0.2748381
0,0.27428314
0,0.2746608
0,0.27254012
0,0.2713463
0,0.2717796
0,0.27194768
0,0.28012928
0,0.27256393
0,0.2711803
0,0.26905832
0,0.26591912
0,0.2662823
0,0.26604962
0,0.27205926
0,0.2669201
0,0.26486567
0,0.26306963
0,0.33991566
0,0.29951945
0,0.28295314
0,0.28042746
0,0.28316888
0,0.27864683
0,0.26890787
0,0.27531552
0,0.2756942
0,0.27571455
0,0.276604
0,0.2762703
0,0.2743394
0,0.2744801
0,0.27940828
0,0.2739351
0,0.27282313
0,0.273122
0,0.2723103
0,0.26933423
0,0.2703251
0,0.2699453
0,0.2689433
0,0.266964
0,0.27265343
0,0.26845467
0,0.26774636
0,0.2666746
0,0.26630855
0,0.26555598
0,0.26389626
0,0.26308125
0,0.2620581
0,0.26845822
0,0.26374432
0,0.266766
0,0.2724189
0,0.276183
0,0.27254912
0,0.27713984
0,0.27380282
0,0.27656478
0,0.27651265
0,0.27537757
0,0.27618524
0,0.2758126
0,0.27545947
0,0.27546307
0,0.27444986
0,0.2743069
0,0.27113262
0,0.26125154
0,0.27750644
0,0.27290663
0,0.28093
0,0.2750471
0,0.27734864
0,0.2738418
0,0.27190995
0,0.27010754
0,0.26806045
0,0.2678437
0,0.27601254
0,0.27020094
0,0.26698783
0,0.26416925
0,0.2635247
0,0.2668643
0,0.27000916
0,0.26423597
0,0.26251572
0,0.27049044
0,0.27458063
0,0.27254024
0,0.27598646
0,0.272837
0,0.27490842
0,0.2755532
0,0.27514362
0,0.28580922
0,0.2789099
0,0.27770507
0,0.2762658
0,0.27551332
0,0.27896562
0,0.28152847
0,0.27277204
0,0.27354556
0,0.27064916
0,0.271023
0,0.27033812
0,0.27265754
0,0.2601452
0,0.26206747
0,0.26303312
0,0.26231351
0,0.26094675
0,0.25931892
0,0.27001476
0,0.26325265
0,0.26219457
0,0.27142227
0,0.2750825
0,0.27681175
0,0.27790385
0,0.27843702
0,0.27826884
0,0.27781084
0,0.27784398
0,0.27737606
0,0.27768046
0,0.27705923
0,0.27629116
0,0.2771773
0,0.27591747
0,0.27507648
0,0.27379152
0,0.27285048
0,0.27200454
0,0.2692523
0,0.2671708
0,0.2661209
0,0.26593313
0,0.26511762
0,0.26483285
0,0.26444763
0,0.26412812
0,0.26382318
0,0.27162796
0,0.2658368
0,0.278903
0,0.26791045
0,0.27532393
0,0.26749808
0,0.27553812
0,0.27641883
0,0.278162
0,0.27966034
0,0.2602126
0,0.27306458
0,0.2752779
0,0.27394536
0,0.28793898
0,0.27802342
0,0.27878475
0,0.27689707
0,0.28106174
0,0.27811262
0,0.27639085
0,0.27540445
0,0.28631216
0,0.27779275
0,0.2709442
0,0.2718155
0,0.27087218
0,0.27069175
0,0.2701854
0,0.26678586
0,0.27118194
0,0.26676488
0,0.2692152
0,0.2664593
0,0.2697484
0,0.27438045
0,0.26776683
0,0.26490536
0,0.26282164
0,0.27251908
0,0.2727604
0,0.27697882
0,0.2781509
0,0.2799736
0,0.2791434
0,0.2712914
0,0.2761227
0,0.27650604
0,0.2765878
0,0.276888
0,0.27246425
0,0.25847453
0,0.26743236
0,0.26870424
0,0.26437294
0,0.26838788
0,0.2580141
0,0.26464272
0,0.26579553
0,0.26480544
0,0.26396388
0,0.2649299
0,0.26473022
0,0.26371753
0,0.26398295
0,0.26620832
0,0.2635062
0,0.26226112
0,0.26199108
0,0.26862013
0,0.26799184
0,0.26410997
0,0.2619026
0,0.26200294
0,0.27049756
0,0.27316123
0,0.27579147
0,0.2675913
0,0.26406857
0,0.2723641
0,0.2745789
0,0.2763763
0,0.27806124
0,0.27550414
0,0.2723568
0,0.27542064
0,0.27967265
0,0.27747414
0,0.2741282
0,0.27506652
0,0.28682488
0,0.27901348
0,0.27766997
0,0.27581954
0,0.27417287
0,0.2721536
0,0.2712474
0,0.25988925
0,0.27113375
0,0.26798138
0,0.27044353
0,0.26771837
0,0.28655434
0,0.27181357
0,0.27032775
0,0.2674605
0,0.26551664
0,0.2700272
0,0.2657919
0,0.26374352
0,0.26526386
0,0.27160078
0,0.27420047
0,0.27356347
0,0.2707127
0,0.26729292
0,0.27295172
0,0.2746925
0,0.28518972
0,0.28012207
0,0.2738791
0,0.27561167
0,0.27603912
0,0.27550876
0,0.28556648
0,0.27874288
0,0.27638203
0,0.27470967
0,0.27248448
0,0.26724184
0,0.2694479
0,0.26856768
0,0.269123
0,0.268294
0,0.26801795
0,0.26975974
0,0.2672493
0,0.26652783
0,0.2649355
0,0.26485887
0,0.2776795
0,0.2770516
0,0.2699006
0,0.267284
0,0.2705814
0,0.2664258
0,0.26407954
0,0.26264444
0,0.26098856
0,0.27070162
0,0.26896608
0,0.27232608
0,0.2743451
0,0.27269503
0,0.2748761
0,0.27462807
0,0.27471706
0,0.2741463
0,0.27443627
0,0.27899566
0,0.27467558
0,0.27262998
0,0.27246946
0,0.27110818
0,0.27390307
0,0.27073896
0,0.27352163
0,0.26801664
0,0.27263215
0,0.26976028
0,0.26931742
0,0.26726535
0,0.2712423
0,0.26744092
0,0.2730995
0,0.28480437
0,0.27190694
0,0.27117702
0,0.26775756
0,0.26473865
0,0.26330978
0,0.26235548
0,0.26677102
0,0.2725349
0,0.26973152
0,0.27015796
0,0.2750776
0,0.2860846
0,0.28083152
0,0.2749505
0,0.27713194
0,0.27858868
0,0.27687386
0,0.27736795
0,0.27641752
0,0.2759428
0,0.27184585
0,0.26920083
0,0.2719144
0,0.27068004
0,0.26871037
0,0.27414772
0,0.2720208
0,0.26978645
0,0.2812132
0,0.27246282
0,0.27112442
0,0.26747054
0,0.26624522
0,0.2658116
0,0.26547602
0,0.2657612
0,0.2632752
0,0.26769432
0,0.2630759
0,0.26356786
0,0.2625186
0,0.26187876
0,0.27041408
0,0.26307288
0,0.2615903
0,0.271308
0,0.27402604
0,0.270845
0,0.27585077
0,0.2560222
0,0.26935828
0,0.27124965
0,0.27346033
0,0.2752149
0,0.26751435
0,0.2714682
0,0.2730285
0,0.27293447
0,0.27026993
0,0.27166325
0,0.2710036
0,0.27022383
0,0.2683039
0,0.28011173
0,0.27312192
0,0.27061504
0,0.26676542
0,0.26685354
0,0.2648751
0,0.26451278
0,0.26367772
0,0.26668715
0,0.26454386
0,0.2713756
0,0.26616213
0,0.27277574
0,0.26988018
0,0.2671936
0,0.2639585
0,0.27134374
0,0.26785558
0,0.27185765
0,0.277294
0,0.2773258
0,0.27787238
0,0.2776698
0,0.27656707
0,0.27735627
0,0.27669817
0,0.26939392
0,0.27143282
0,0.28139916
0,0.27615815
0,0.27384195
0,0.27704242
0,0.26587006
0,0.26939398
0,0.27235085
0,0.2701745
0,0.27828535
0,0.27544358
0,0.2712118
0,0.26891482
0,0.2622285
0,0.26490808
0,0.26373252
0,0.2635585
0,0.26655143
0,0.27174875
0,0.26556674
0,0.27411208
0,0.2655194
0,0.27406433
0,0.27649528
0,0.27270275
0,0.28119922
0,0.27877215
0,0.27980232
0,0.2770542
0,0.27599025
0,0.27673906
0,0.27592757
0,0.27597463
0,0.27353555
0,0.2732278
0,0.2778255
0,0.27981764
0,0.2758093
0,0.27462995
0,0.27284193
0,0.27232674
0,0.27505824
0,0.2716475
0,0.27376187
0,0.27041408
0,0.2693891
0,0.2680654
0,0.26689842
0,0.26527223
0,0.26334077
0,0.26264092
0,0.26091066
0,0.26138172
0,0.27100378
0,0.2634057
0,0.27196348
0,0.2752011
0,0.27684188
0,0.27068785
0,0.27469566
0,0.276925
0,0.27657032
0,0.27785173
0,0.27488685
0,0.2757144
0,0.27619925
0,0.27618685
0,0.27537775
0,0.27469498
0,0.27436602
0,0.2729637
0,0.27188495
0,0.27025473
0,0.26642323
0,0.26919407
0,0.269565
0,0.27317023
0,0.27132395
0,0.27524778
0,0.2711397
0,0.27017802
0,0.269192
0,0.2670852
0,0.2703798
0,0.26799774
0,0.2812744
0,0.27959475
0,0.27242982
0,0.270079
0,0.2669047
0,0.2658763
0,0.264555
0,0.2630811
0,0.26200545
0,0.26099807
0,0.26102507
0,0.2704126
0,0.2744602
0,0.27050716
0,0.27575597
0,0.27295414
0,0.27688766
0,0.27740744
0,0.27867606
0,0.2782775
0,0.27883703
0,0.2783191
0,0.27874497
0,0.27807146
0,0.2778057
0,0.27437946
0,0.2751802
0,0.27474096
0,0.27406916
0,0.27378532
0,0.27268922
0,0.27037787
0,0.27113038
0,0.27012843
0,0.26835394
0,0.26659524
0,0.26435056
0,0.26547533
0,0.26468298
0,0.26315966
0,0.26241484
0,0.26208362
0,0.26078257
0,0.26119724
0,0.26020235
0,0.25950673
0,0.2687389
0,0.27025375
0,0.27029392
0,0.27475902
0,0.27488655
0,0.27682063
0,0.27731422
0,0.26137307
0,0.2711998
0,0.27208585
0,0.27321535
0,0.27413243
0,0.2686258
0,0.27175128
0,0.27084884
0,0.2719492
0,0.27924946
0,0.27519837
0,0.27363062
0,0.2765248
0,0.28301054
0,0.28725547
0,0.27746555
0,0.27499396
0,0.27283755
0,0.2710524
0,0.27035898
0,0.26819405
0,0.26783916
0,0.26613203
0,0.2639113
0,0.263858
0,0.26370457
0,0.26225734
0,0.26187468
0,0.26114354
0,0.26040483
0,0.26410088
0,0.27155027
0,0.2746568
0,0.27703977
0,0.27634513
0,0.27336475
0,0.27733997
0,0.2758807
0,0.27749175
0,0.26360098
0,0.26875275
0,0.2591953
0,0.26866084
0,0.27075753
0,0.27241153
0,0.2722476
0,0.27390942
0,0.27305233
0,0.27246115
0,0.27287215
0,0.2711625
0,0.2702777
0,0.27251738
0,0.27634507
0,0.27340463
0,0.27351046
0,0.26492313
0,0.26964834
0,0.26951596
0,0.27972233
0,0.26829374
0,0.27093968
0,0.26988375
0,0.26722562
0,0.26769993
0,0.26624632
0,0.26602188
0,0.26988366
0,0.26614407
0,0.26381874
0,0.26389313
0,0.26172814
0,0.26552108
0,0.25174263
0,0.257127
0,0.26768318
0,0.2721154
0,0.27477458
0,0.27581963
0,0.2766698
0,0.27534455
0,0.27605003
0,0.276705
0,0.27614555
0,0.27575508
0,0.26950142
0,0.2711681
0,0.27011958
0,0.2719495
0,0.27187473
0,0.2587258
0,0.26273847
0,0.2658446
0,0.27027395
0,0.2689374
0,0.27396443
0,0.26827464
0,0.26879033
0,0.27096367
0,0.2674499
0,0.26652884
0,0.26627696
0,0.25498664
0,0.26182052
0,0.260515
0,0.26124018
0,0.2702638
0,0.2724287
0,0.27652442
0,0.26707098
0,0.26421583
0,0.27253124
0,0.26481423
0,0.27227417
0,0.2748589
0,0.27084365
0,0.27293095
0,0.27474466
0,0.27239582
0,0.2739559
0,0.27335453
0,0.2737479
0,0.27090856
0,0.27193215
0,0.27118346
0,0.27112025
0,0.26817608
0,0.26902887
0,0.26825985
0,0.2742382
0,0.26990843
0,0.2687701
0,0.2669987
0,0.25978664
0,0.263327
0,0.2675913
0,0.26490614
0,0.26495674
0,0.26443633
0,0.26282114
0,0.2628013
0,0.25608078
0,0.2590821
0,0.25885096
0,0.2586087
0,0.26801008
0,0.26267585
0,0.2512913
0,0.26676846
0,0.268754
0,0.27364936
0,0.27563167
0,0.27552372
0,0.27786493
0,0.2821199
0,0.2806649
0,0.27942115
0,0.28885108
0,0.28191394
0,0.27861962
0,0.2767105
0,0.27649122
0,0.27723178
0,0.27424127
0,0.27334458
0,0.2792151
0,0.2750875
0,0.26972678
0,0.27133685
0,0.26875106
0,0.27019095
0,0.2694178
0,0.2685582
0,0.26900145
0,0.26952055
0,0.26844186
0,0.26701972
0,0.26478592
0,0.26482397
0,0.26534864
0,0.26560083
0,0.26480383
0,0.26325354
0,0.26298043
0,0.26109195
0,0.265419
0,0.2627452
0,0.27000538
0,0.27362886
0,0.2657065
0,0.26724404
0,0.27330238
0,0.28668392
0,0.28104955
0,0.27978477
0,0.2752424
0,0.27577573
0,0.274831
0,0.27571464
0,0.2755516
0,0.27375203
0,0.2736631
0,0.26646996
0,0.26970026
0,0.27011263
0,0.27055427
0,0.27092296
0,0.26882797
0,0.2696469
0,0.26898438
0,0.2630294
0,0.2727556
0,0.2792331
0,0.2706364
0,0.2678338
0,0.26652366
0,0.27343512
0,0.2762145
0,0.26795924
0,0.26305872
0,0.26142842
0,0.26917902
0,0.27330443
0,0.2755405
0,0.27996933
0,0.27882466
0,0.26765782
0,0.2744497
0,0.2750991
0,0.27539375
0,0.27601883
0,0.27263567
0,0.27456424
0,0.27605438
0,0.27467912
0,0.2735314
0,0.26748496
0,0.2697146
0,0.27074942
0,0.26968127
0,0.26545316
0,0.26834273
0,0.26942113
0,0.2688013
0,0.2682341
0,0.2743607
0,0.2705191
0,0.26549944
0,0.26590803
0,0.26537958
0,0.27111003
0,0.26678163
0,0.26395866
0,0.2554832
0,0.25964803
0,0.26212487
0,0.27013293
0,0.2641507
0,0.2752384
0,0.27585682
0,0.27806392
0,0.27830297
0,0.27913553
0,0.27926448
0,0.27950516
0,0.27872694
0,0.28197008
0,0.27927572
0,0.2789509
0,0.2748797
0,0.27108774
0,0.2728883
0,0.2723058
0,0.27171335
0,0.2721209
0,0.25961146
0,0.26745564
0,0.2677718
0,0.26883376
0,0.2732762
0,0.26959744
0,0.26946688
0,0.27481538
0,0.27143687
0,0.27000877
0,0.28334242
0,0.27326882
0,0.27171862
0,0.26809767
0,0.2671843
0,0.26594752
0,0.26491106
0,0.2733671
0,0.26747194
0,0.2653187
0,0.2634293
0,0.27057856
0,0.26453567
0,0.26302657
0,0.26853088
0,0.27270323
0,0.27583468
0,0.27774313
0,0.27907583
0,0.27891847
0,0.2738861
0,0.28574684
0,0.26970765
0,0.27596176
0,0.27577525
0,0.2713507
0,0.274119
0,0.28801072
0,0.2742511
0,0.2745953
0,0.27299353
0,0.2702449
0,0.27028647
0,0.27256918
0,0.2699687
0,0.26750833
0,0.26650813
0,0.2661805
0,0.2650904
0,0.26368475
0,0.26327717
0,0.2716167
0,0.26464012
0,0.26349998
0,0.262523
0,0.2649486
0,0.26971108
0,0.26362902
0,0.2727021
0,0.27577072
0,0.27148414
0,0.27363527
0,0.27685776
0,0.27717072
0,0.2780802
0,0.2726784
0,0.27843314
0,0.27737206
0,0.28088424
0,0.27549976
0,0.2713655
0,0.27233633
0,0.27374804
0,0.2743404
0,0.2789042
0,0.27459264
0,0.27382627
0,0.27269343
0,0.27188045
0,0.2707982
0,0.26920435
0,0.26907647
0,0.26633894
0,0.266726
0,0.2658228
0,0.26500052
0,0.2637198
0,0.2679933
0,0.26371974
0,0.26199028
0,0.2616271
0,0.26888978
0,0.2634626
0,0.27181065
0,0.27483952
0,0.27198505
0,0.27637446
0,0.26645866
0,0.27377695
0,0.27577516
0,0.26455224
0,0.27256605
0,0.27377453
0,0.2746539
0,0.2715938
0,0.27366415
0,0.27329636
0,0.27408102
0,0.27269787
0,0.27277055
0,0.27601117
0,0.2734784
0,0.2727831
0,0.28085902
0,0.2750104
0,0.27303958
0,0.27140325
0,0.27012068
0,0.2697247
0,0.2580569
0,0.26966262
0,0.26516938
0,0.26529375
0,0.26407996
0,0.2623711
0,0.26817712
0,0.2752417
0,0.26655525
0,0.2740778
0,0.2761109
0,0.28159645
0,0.2833375
0,0.28575584
0,0.28151423
0,0.27960062
0,0.27243844
0,0.27482945
0,0.26801357
0,0.27163795
0,0.26975843
0,0.27088037
0,0.27012148
0,0.26994097
0,0.27009118
0,0.27549213
0,0.26243293
0,0.27296045
0,0.26943335
0,0.2650172
0,0.26585162
0,0.26484373
0,0.26294616
0,0.26269063
0,0.26265284
0,0.26129797
0,0.2603327
0,0.2703598
0,0.26982898
0,0.27478173
0,0.280368
0,0.27990922
0,0.27780417
0,0.27829692
0,0.2777547
0,0.27755082
0,0.2770575
0,0.27635476
0,0.27540576
0,0.27069274
0,0.2720608
0,0.2714798
0,0.27030396
0,0.27055448
0,0.26849377
0,0.2674292
0,0.27897167
0,0.2715405
0,0.26644042
0,0.26557192
0,0.2620392
0,0.26293778
0,0.26021314
0,0.26543492
0,0.26954526
0,0.2678988
0,0.26248714
0,0.27068663
0,0.272336
0,0.27382421
0,0.2715644
0,0.27411067
0,0.2743878
0,0.27387974
0,0.27475217
0,0.27431455
0,0.2738366
0,0.2728964
0,0.27310544
0,0.2730624
0,0.27240026
0,0.2714367
0,0.26871076
0,0.26627755
0,0.26515868
0,0.26638475
0,0.26537365
0,0.2553795
0,0.27263933
0,0.26631826
0,0.2630959
0,0.26373002
0,0.2743525
0,0.266538
0,0.26276183
0,0.26186353
0,0.26600075
0,0.2692835
0,0.26350638
0,0.26159582
0,0.26027638
0,0.26430488
0,0.27023673
0,0.27313957
0,0.26418516
0,0.2611511
0,0.26808667
0,0.270611
0,0.27017522
0,0.2727349
0,0.27301943
0,0.2739332
0,0.26925167
0,0.27153307
0,0.27129626
0,0.27101764
0,0.27112466
0,0.27049717
0,0.27094153
0,0.2704985
0,0.2699561
0,0.26869625
0,0.2684104
0,0.26248813
0,0.26500592
0,0.26568484
0,0.25972953
0,0.2619933
0,0.2628024
0,0.26239002
0,0.26223066
0,0.26125577
0,0.259531
0,0.259611
0,0.26753917
0,0.2616474
0,0.26903906
0,0.27621222
0,0.27432635
0,0.26555675
0,0.26165238
0,0.2682942
0,0.26986706
0,0.26852912
0,0.2720916
0,0.26828885
0,0.2711767
0,0.2720236
0,0.27675095
0,0.27368644
0,0.27230605
0,0.27529675
0,0.27118638
0,0.2704041
0,0.26958987
0,0.2651371
0,0.27618223
0,0.28098702
0,0.27196
0,0.26886794
0,0.26669508
0,0.2653395
0,0.26339304
0,0.2604812
0,0.26153705
0,0.26144338
0,0.2651556
0,0.26976734
0,0.2705383
0,0.26370493
0,0.2607244
0,0.2638625
0,0.27332115
0,0.263438
0,0.26109594
0,0.26692516
0,0.27112174
0,0.2731747
0,0.27420977
0,0.27487457
0,0.27381194
0,0.27426
0,0.27443627
0,0.2737472
0,0.27117676
0,0.2712649
0,0.27193826
0,0.27210394
0,0.2697188
0,0.26282778
0,0.2659581
0,0.2678127
0,0.2675986
0,0.26675513
0,0.26725987
0,0.2642929
0,0.26605847
0,0.2647936
0,0.26458022
0,0.26365578
0,0.26434872
0,0.27105775
0,0.2661436
0,0.26381811
0,0.26432565
0,0.26324734
0,0.25461885
0,0.2591665
0,0.25916073
0,0.25890362
0,0.26714244
0,0.26121178
0,0.25970864
0,0.2573322
0,0.25723493
0,0.2678355
0,0.26606745
0,0.28152233
0,0.2775538
0,0.28060222
0,0.27943555
0,0.28492805
0,0.28052655
0,0.2787863
0,0.27866113
0,0.27793673
0,0.27913654
0,0.27624226
0,0.27474874
0,0.27404675
0,0.272969
0,0.2660095
0,0.27677128
0,0.274895
0,0.27221093
0,0.26967138
0,0.26979166
0,0.269385
0,0.2686174
0,0.2686793
0,0.26808253
0,0.26408473
0,0.26485273
0,0.28358358
0,0.27134815
0,0.26591384
0,0.2659396
0,0.26420578
0,0.26302025
0,0.2693207
0,0.2633438
0,0.26216176
0,0.2600436
0,0.26788434
0,0.27114427
0,0.27417767
0,0.2718942
0,0.26480216
0,0.27081805
0,0.2734715
0,0.2746697
0,0.25961092
0,0.26952988
0,0.26851884
0,0.2711501
0,0.27194667
0,0.27188182
0,0.271423
0,0.27221024
0,0.2718488
0,0.27164134
0,0.27115345
0,0.2700322
0,0.26875946
0,0.26892316
0,0.26792982
0,0.26824525
0,0.27596557
0,0.26868576
0,0.26800254
0,0.26689842
0,0.27083436
0,0.2721876
0,0.26799738
0,0.266419
0,0.26500845
0,0.26890194
0,0.2660376
0,0.26289475
0,0.27246472
0,0.26432583
0,0.26236027
0,0.26861793
0,0.2707143
0,0.26361805
0,0.27132863
0,0.2682157
0,0.27163744
0,0.27168167
0,0.27262148
0,0.27293912
0,0.27378738
0,0.27128357
0,0.27296203
0,0.27252668
0,0.27239364
0,0.27063984
0,0.27902517
0,0.2732394
0,0.2707835
0,0.27087212
0,0.26933023
0,0.2772036
0,0.26860517
0,0.26941928
0,0.27875137
0,0.26704538
0,0.27325583
0,0.26798457
0,0.26650685
0,0.26463518
0,0.26762557
0,0.26300994
0,0.2622941
0,0.2608055
0,0.25965005
0,0.26432237
0,0.25997064
0,0.27088544
0,0.2623784
0,0.2705017
0,0.27278545
0,0.27383992
0,0.2875003
0,0.28035653
0,0.2786883
0,0.27815637
0,0.27786204
0,0.27682778
0,0.2712294
0,0.27307782
0,0.2711834
0,0.27271008
0,0.27134135
0,0.2715198
0,0.27590412
0,0.2738628
0,0.2714516
0,0.26052392
0,0.2665545
0,0.26685485
0,0.26708853
0,0.27860096
0,0.2756944
0,0.26794824
0,0.2667024
0,0.26615748
0,0.266229
0,0.2652754
0,0.26370114
0,0.26809227
0,0.26520142
0,0.26338145
0,0.27124965
0,0.27205127
0,0.28447807
0,0.2700453
0,0.27624872
0,0.2678354
0,0.26393
0,0.26745516
0,0.26124227
0,0.27107596
0,0.27316552
0,0.27499875
0,0.2717203
0,0.27259517
0,0.27488655
0,0.27587202
0,0.2757382
0,0.27014223
0,0.27287325
0,0.27289492
0,0.27279133
0,0.2737204
0,0.26757506
0,0.27099645
0,0.2690746
0,0.27151233
0,0.25937417
0,0.2704531
0,0.266698
0,0.26729947
0,0.2669411
0,0.26651558
0,0.26509726
0,0.2651837
0,0.26823336
0,0.2651129
0,0.2777849
0,0.2793449
0,0.26935378
0,0.267033
0,0.26413697
0,0.26705986
0,0.26267663
0,0.26011634
0,0.26809037
0,0.26134884
0,0.26985565
0,0.27321976
0,0.272056
0,0.27884713
0,0.27742365
0,0.27703622
0,0.27436325
0,0.27367732
0,0.27079636
0,0.2772932
0,0.2751523
0,0.27424574
0,0.27451056
0,0.2789508
0,0.27060822
0,0.27365297
0,0.27298966
0,0.27248058
0,0.28265408
0,0.2737688
0,0.27143726
0,0.27503657
0,0.2709775
0,0.26693055
0,0.2676098
0,0.26747164
0,0.25683632
0,0.26231232
0,0.26516786
0,0.26434192
0,0.26381993
0,0.26273125
0,0.26772183
0,0.2622249
0,0.26230392
0,0.2614575
0,0.26068628
0,0.26559362
0,0.26499578
0,0.27002266
0,0.26292035
0,0.26462284
0,0.26677328
0,0.27071393
0,0.27347142
0,0.27478173
0,0.28715572
0,0.28385058
0,0.279383
0,0.2780945
0,0.27726483
0,0.27560052
0,0.27460903
0,0.2746226
0,0.27374417
0,0.27306697
0,0.273022
0,0.2833574
0,0.2758574
0,0.27399522
0,0.27219275
0,0.27067995
0,0.26933596
0,0.26881874
0,0.26515833
0,0.26618326
0,0.26774547
0,0.2674711
0,0.2659301
0,0.26306447
0,0.2650654
0,0.2635869
0,0.25776252
0,0.26820233
0,0.2631496
0,0.2617131
0,0.27374572
0,0.2643849
0,0.26216692
0,0.25973707
0,0.2679007
0,0.27059442
0,0.2737005
0,0.2749679
0,0.27182838
0,0.28594446
0,0.27951923
0,0.27731255
0,0.27747443
0,0.27568412
0,0.27486637
0,0.27153733
0,0.2665727
0,0.2693201
0,0.27960098
0,0.27155176
0,0.2714366
0,0.27638128
0,0.27122685
0,0.26980475
0,0.26724613
0,0.26584288
0,0.270292
0,0.2665874
0,0.27157262
0,0.2663138
0,0.26494563
0,0.2639723
0,0.2631831
0,0.2619736
0,0.26941994
0,0.27112448
0,0.26794705
0,0.26385224
0,0.2715445
0,0.2732174
0,0.27360258
0,0.2869101
0,0.28557417
0,0.27947193
0,0.27860555
0,0.27790144
0,0.2826468
0,0.2775354
0,0.27526525
0,0.27482468
0,0.27282828
0,0.27122334
0,0.26973382
0,0.26980883
0,0.26917574
0,0.27327397
0,0.27488
0,0.27014253
0,0.2697236
0,0.26507697
0,0.2772651
0,0.26884052
0,0.26734048
0,0.26481217
0,0.26325396
0,0.26773417
0,0.26655957
0,0.26392075
0,0.26263604
0,0.26021004
0,0.26019433
0,0.2584029
0,0.26881328
0,0.26299685
0,0.27124843
0,0.27116495
0,0.27290297
0,0.28015178
0,0.28597412
0,0.2804988
0,0.27882138
0,0.2781002
0,0.27816325
0,0.2637152
0,0.27138972
0,0.27172768
0,0.27096552
0,0.26883316
0,0.26951686
0,0.2660917
0,0.2690112
0,0.26858222
0,0.26613772
0,0.26668525
0,0.2692226
0,0.26645464
0,0.2658706
0,0.26943657
0,0.26435438
0,0.2717118
0,0.2636441
0,0.2636316
0,0.26270816
0,0.261396
0,0.2606576
0,0.26005024
0,0.26880404
0,0.26028603
0,0.25955898
0,0.25853178
0,0.26939207
0,0.26502314
0,0.26367813
0,0.26950067
0,0.27276814
0,0.2729144
0,0.26883286
0,0.27260107
0,0.272429
0,0.27499935
0,0.27284494
0,0.27591988
0,0.27396888
0,0.2735688
0,0.27154493
0,0.2710234
0,0.271109
0,0.27358645
0,0.2715859
0,0.27032033
0,0.26984888
0,0.26575541
0,0.26428217
0,0.26472694
0,0.26673788
0,0.26273268
0,0.26262543
0,0.26196986
0,0.2603448
0,0.2601782
0,0.25864074
0,0.25857037
0,0.26516807
0,0.2679711
0,0.26167512
0,0.26440528
0,0.26868105
0,0.2705174
0,0.27729964
0,0.27571288
0,0.27497685
0,0.27644736
0,0.27608508
0,0.27184427
0,0.27883595
0,0.27526513
0,0.27825096
0,0.28038016
0,0.27448508
0,0.27234936
0,0.2721559
0,0.269192
0,0.26984194
0,0.2688416
0,0.26795462
0,0.26756886
0,0.26447383
0,0.26519302
0,0.2657404
0,0.26487687
0,0.25506052
0,0.25942025
0,0.26045996
0,0.25977767
0,0.26068622
0,0.25921136
0,0.25961316
0,0.25953385
0,0.25931847
0,0.26625893
0,0.26363033
0,0.2600123
0,0.2671059
0,0.27104393
0,0.2698795
0,0.28551257
0,0.27815396
0,0.27743256
0,0.3602031
0,0.308703
0,0.29497468
0,0.28841084
0,0.2948202
0,0.28438994
0,0.28830385
0,0.2808465
0,0.27813616
0,0.2750871
0,0.27044666
0,0.2743384
0,0.26727667
0,0.26896128
0,0.26643455
0,0.2671481
0,0.26360264
0,0.26464185
0,0.2693345
0,0.26373085
0,0.26443532
0,0.26014712
0,0.2619706
0,0.26101318
0,0.2610578
0,0.2595793
0,0.26719695
0,0.26114914
0,0.2697702
0,0.26190266
0,0.2685858
0,0.27175164
0,0.27772585
0,0.27550283
0,0.27569702
0,0.27491137
0,0.2716901
0,0.28252092
0,0.27666187
0,0.27480203
0,0.27418604
0,0.27319118
0,0.27323505
0,0.27125737
0,0.26734942
0,0.27340907
0,0.2701455
0,0.26952302
0,0.2688013
0,0.26835218
0,0.26532167
0,0.26413745
0,0.26426592
0,0.26357478
0,0.26726303
0,0.26428035
0,0.264431
0,0.2626043
0,0.28232232
0,0.26710218
0,0.269808
0,0.2645779
0,0.26185963
0,0.26012304
0,0.25981706
0,0.25797814
0,0.25687924
0,0.26195574
0,0.2685781
0,0.26112282
0,0.2695315
0,0.27043295
0,0.2842434
0,0.2779405
0,0.27239573
0,0.27369857
0,0.2726556
0,0.2713646
0,0.26392892
0,0.26770717
0,0.26804098
0,0.26671168
0,0.2672148
0,0.26641196
0,0.2659916
0,0.26406515
0,0.26393485
0,0.26321718
0,0.26159847
0,0.26891595
0,0.26420525
0,0.27569315
0,0.26749045
0,0.26384604
0,0.26178953
0,0.25986627
0,0.25950316
0,0.26880804
0,0.2711808
0,0.27379346
0,0.2663585
0,0.26212743
0,0.26952934
0,0.27070045
0,0.27236965
0,0.27222782
0,0.27255654
0,0.2746154
0,0.27637696
0,0.27490252
0,0.27360454
0,0.2746205
0,0.27347484
0,0.27021548
0,0.27067754
0,0.26948968
0,0.2702241
0,0.27026588
0,0.26897216
0,0.26879773
0,0.26856828
0,0.26794952
0,0.2654979
0,0.2661257
0,0.27023673
0,0.26724538
0,0.27378663
0,0.2725519
0,0.26789647
0,0.27059147
0,0.26688638
0,0.26413512
0,0.26331228
0,0.27072528
0,0.2638003
0,0.2618516
0,0.2596299
0,0.26755697
0,0.2606632
0,0.26898205
0,0.2619839
0,0.2702336
0,0.2718347
0,0.28458455
0,0.27894014
0,0.27742276
0,0.27623898
0,0.27203438
0,0.27355105
0,0.26925513
0,0.2705956
0,0.27109605
0,0.27032912
0,0.2683707
0,0.26738933
0,0.27546364
0,0.2583069
0,0.26209792
0,0.26622343
0,0.27558073
0,0.26800692
0,0.26438114
0,0.26314887
0,0.26100555
0,0.25950015
0,0.2595247
0,0.25861022
0,0.25889584
0,0.26685378
0,0.26033425
0,0.26962247
0,0.2722435
0,0.2762224
0,0.27628782
0,0.27602062
0,0.2753616
0,0.27598578
0,0.27501753
0,0.27439925
0,0.2741624
0,0.27415597
0,0.27104065
0,0.27251717
0,0.27170727
0,0.27203944
0,0.27020428
0,0.26994455
0,0.26671618
0,0.2670278
0,0.2664657
0,0.2661748
0,0.2655276
0,0.2723913
0,0.26770347
0,0.2664984
0,0.26509607
0,0.26391682
0,0.26272368
0,0.2699566
0,0.26487857
0,0.26729992
0,0.26201114
0,0.2608951
0,0.2592005
0,0.25845903
0,0.26754475
0,0.26047415
0,0.25856534
0,0.28006515
0,0.2745469
0,0.27565497
0,0.27548212
0,0.27490252
0,0.2751778
0,0.27943742
0,0.27582648
0,0.2735779
0,0.27829596
0,0.28369182
0,0.27703518
0,0.277634
0,0.2745481
0,0.27347463
0,0.2720242
0,0.27072674
0,0.2690155
0,0.2678382
0,0.26481235
0,0.26365548
0,0.26323333
0,0.2638267
0,0.26610917
0,0.26278973
0,0.2625701
0,0.26080695
0,0.25975987
0,0.27018273
0,0.26265192
0,0.27017248
0,0.26270437
0,0.2696322
0,0.2730931
0,0.26392293
0,0.2604629
0,0.27048326
0,0.27102196
0,0.2736453
0,0.2761066
0,0.27584222
0,0.2770201
0,0.27580106
0,0.27548593
0,0.27475914
0,0.272873
0,0.27437294
0,0.26825207
0,0.27111346
0,0.26629797
0,0.26945
0,0.268625
0,0.27002916
0,0.27101675
0,0.27062505
0,0.2703319
0,0.27051854
0,0.2694965
0,0.26778978
0,0.2682924
0,0.2675643
0,0.2673864
0,0.26637334
0,0.26598203
0,0.26507923
0,0.2651057
0,0.26890934
0,0.2653173
0,0.26392394
0,0.2634678
0,0.26295248
0,0.27292973
0,0.2655526
0,0.26177883
0,0.26097566
0,0.2642715
0,0.25975478
0,0.26947072
0,0.26909626
0,0.2722329
0,0.27384722
0,0.27485508
0,0.27416325
0,0.27365917
0,0.27379727
0,0.27284935
0,0.27313912
0,0.2722901
0,0.27258942
0,0.27014777
0,0.26973975
0,0.26981863
0,0.26723376
0,0.26559618
0,0.26581115
0,0.26728553
0,0.26680496
0,0.263873
0,0.26487902
0,0.27042794
0,0.26706105
0,0.26824
0,0.265222
0,0.26319227
0,0.26315174
0,0.26214394
0,0.26102555
0,0.2683002
0,0.2633219
0,0.26088098
0,0.2591626
0,0.25889835
0,0.26464576
0,0.26967123
0,0.26208937
0,0.25951257
0,0.26827952
0,0.27092156
0,0.26273885
0,0.26941404
0,0.27194837
0,0.27282408
0,0.26336658
0,0.26747856
0,0.27003872
0,0.27063814
0,0.27128154
0,0.27084142
0,0.27134728
0,0.2715868
0,0.26498228
0,0.2729309
0,0.27252334
0,0.270895
0,0.26738128
0,0.26318243
0,0.26635447
0,0.2659605
0,0.26590532
0,0.26590595
0,0.2644088
0,0.2649225
0,0.27530274
0,0.26760808
0,0.26650456
0,0.26511824
0,0.26100576
0,0.2595615
0,0.26018548
0,0.25990605
0,0.25973094
0,0.25876912
0,0.25863516
0,0.25803676
0,0.25807574
0,0.2575315
0,0.2564554
0,0.26284313
0,0.25803915
0,0.26691929
0,0.2701177
0,0.2717955
0,0.28525782
0,0.27989396
0,0.28200212
0,0.29111657
0,0.2827581
0,0.28990912
0,0.27550957
0,0.27663878
0,0.27663463
0,0.27425882
0,0.27282104
0,0.27206942
0,0.27134484
0,0.27036926
0,0.26939648
0,0.26871154
0,0.26836687
0,0.27710462
0,0.26984954
0,0.26791394
0,0.27063113
0,0.3462197
0,0.29422113
0,0.28406447
0,0.27750063
0,0.27099746
0,0.26827604
0,0.26651883
0,0.26957145
0,0.2654301
0,0.2633241
0,0.2619115
0,0.2607119
0,0.28142354
0,0.26721206
0,0.27339932
0,0.27524045
0,0.2745971
0,0.27663508
0,0.27603865
0,0.2760328
0,0.28056774
0,0.2726852
0,0.2734379
0,0.2709239
0,0.27582437
0,0.27237645
0,0.2607861
0,0.2666151
0,0.26658052
0,0.2657796
0,0.2656996
0,0.26477578
0,0.2622989
0,0.26721382
0,0.26520738
0,0.26925266
0,0.26369697
0,0.27008933
0,0.26601177
0,0.26546934
0,0.26481852
0,0.26327676
0,0.26731345
0,0.26364067
0,0.2619317
0,0.25925106
0,0.25820354
0,0.2643144
0,0.25942445
0,0.26874873
0,0.2604997
0,0.26978257
0,0.27114588
0,0.27260408
0,0.2737415
0,0.2744913
0,0.273008
0,0.27386874
0,0.2724181
0,0.2736292
0,0.27198628
0,0.27659166
0,0.29006684
0,0.27931878
0,0.27533793
0,0.27347216
0,0.27153412
0,0.2703738
0,0.2655897
0,0.26616958
0,0.26653957
0,0.2660408
0,0.2661839
0,0.26546875
0,0.26540816
0,0.26968515
0,0.2637484
0,0.26407477
0,0.2638257
0,0.26235837
0,0.25962067
0,0.2601449
0,0.25910354
0,0.25847587
0,0.26651916
0,0.25979894
0,0.25834447
0,0.25718114
0,0.25623766
0,0.2655094
0,0.2769034
0,0.2745071
0,0.27321115
0,0.27307954
0,0.275183
0,0.274947
0,0.27495983
0,0.27299348
0,0.27855623
0,0.27508506
0,0.27447462
0,0.2728286
0,0.2666393
0,0.26876432
0,0.26660934
0,0.2665669
0,0.27060917
0,0.30610427
0,0.28213274
0,0.2859694
0,0.27648464
0,0.27270696
0,0.27051002
0,0.27529362
0,0.26980305
0,0.26550227
0,0.26517197
0,0.26213476
0,0.26106614
0,0.26167646
0,0.26187345
0,0.26499167
0,0.26187778
0,0.26081833
0,0.26819822
0,0.2626131
0,0.260566
0,0.25951457
0,0.26265928
0,0.2587991
0,0.26587424
0,0.27055967
0,0.26180348
0,0.27008098
0,0.26393905
0,0.2697467
0,0.27100578
0,0.27218136
0,0.27240586
0,0.27315405
0,0.27365696
0,0.278971
0,0.2755148
0,0.27265954
0,0.27243534
0,0.26979154
0,0.27107513
0,0.26990446
0,0.2722694
0,0.27035373
0,0.2693242
0,0.27926293
0,0.27240276
0,0.27041787
0,0.2661488
0,0.26657003
0,0.26765972
0,0.27237362
0,0.27538383
0,0.26899874
0,0.26556662
0,0.26531643
0,0.27129677
0,0.26459426
0,0.26254222
0,0.26148388
0,0.26064712
0,0.26361308
0,0.26097566
0,0.26036903
0,0.25819284
0,0.2570465
0,0.27326617
0,0.26197308
0,0.27023008
0,0.27231494
0,0.27310607
0,0.27118206
0,0.2741998
0,0.2839152
0,0.2824116
0,0.2763868
0,0.27619267
0,0.26708397
0,0.27003333
0,0.27060196
0,0.2698164
0,0.26923746
0,0.28013322
0,0.27309725
0,0.270019
0,0.27335432
0,0.26893032
0,0.26781645
0,0.26658094
0,0.26333013
0,0.26918173
0,0.2649179
0,0.26277396
0,0.2619807
0,0.25165558
0,0.25694332
0,0.26576045
0,0.26081422
0,0.25912318
0,0.6226189
0,0.45000952
0,0.40759557
0,0.35915765
0,0.3199331
0,0.3094302
0,0.29788116
0,0.29096147
0,0.2859473
0,0.28243992
0,0.27725255
0,0.27636507
0,0.2744499
0,0.2699749
0,0.26926258
0,0.2677639
0,0.26339483
0,0.26408702
0,0.26174384
0,0.25928658
0,0.25851303
0,0.25973165
0,0.25261647
0,0.25465575
0,0.25524056
0,0.26153845
0,0.26087683
0,0.25938618
0,0.26124346
0,0.26109186
0,0.27123052
0,0.27040756
0,0.26660886
0,0.26370677
0,0.2711522
0,0.2656126
0,0.26308757
0,0.26061285
0,0.26054806
0,0.2597601
0,0.25823286
0,0.2576114
0,0.26701677
0,0.2702136
0,0.27246955
0,0.27444178
0,0.27532542
0,0.26937085
0,0.27001333
0,0.2720495
0,0.28295913
0,0.2763021
0,0.26933753
0,0.27122533
0,0.26995176
0,0.27012762
0,0.26898617
0,0.26444852
0,0.2665491
0,0.26225096
0,0.26439804
0,0.2634572
0,0.26331034
0,0.2633385
0,0.26238438
0,0.27327734
0,0.26543295
0,0.26365566
0,0.26228866
0,0.26093957
0,0.2605273
0,0.25906312
0,0.26647517
0,0.2734952
0,0.2638543
0,0.2711813
0,0.27823594
0,0.27172327
0,0.2754301
0,0.27484104
0,0.27370018
0,0.27557224
0,0.2784086
0,0.27461568
0,0.27558264
0,0.27489892
0,0.27232778
0,0.27246308
0,0.27148354
0,0.2698452
0,0.27515396
0,0.2714848
0,0.27028632
0,0.26844165
0,0.26652616
0,0.26656643
0,0.26622918
0,0.26323432
0,0.2635593
0,0.26298597
0,0.2742224
0,0.26692915
0,0.26477173
0,0.26325375
0,0.2618796
0,0.26553282
0,0.2718462
0,0.2709371
0,0.2639097
0,0.26210374
0,0.26810426
0,0.2666203
0,0.2680405
0,0.26264647
0,0.2712072
0,0.27347144
0,0.27435485
0,0.26887998
0,0.27283192
0,0.2726237
0,0.65745354
0,0.4925458
0,0.40331256
0,0.3600904
0,0.3307884
0,0.31175712
0,0.29649088
0,0.28691185
0,0.2708149
0,0.27311543
0,0.26810065
0,0.26775143
0,0.26217955
0,0.26183704
0,0.2626788
1,0.99829346
1,0.99829435
1,0.9982948
1,0.9982951
1,0.99829537
1,0.99829555
1,0.9982958
1,0.99829596
1,0.998296
1,0.9982961
1,0.99829614
1,0.9982962
1,0.9982962
1,0.9982962
1,0.9982962
1,0.9982962
1,0.9982962
1,0.9982962
1,0.9982962
1,0.9982962
1,0.9982962
1,0.9982962
1,0.9982962
1,0.9982962
1,0.9982962
1,0.9982962
1,0.9982962
1,0.9982962
1,0.9982962
1,0.9982962
1,0.9982962
1,0.9982962
1,0.9982962
1,0.9982962
1,0.9982962
1,0.9982962
1,0.9982962
1,0.9982962
1,0.9982962
1,0.9982962
1,0.9982962
1,0.9982962
1,0.9982962
1,0.9982962
1,0.9982962
1,0.9982962
1,0.9982962
1,0.9982962
1,0.9982962
1,0.9982962
1,0.9982962
1,0.9982962
1,0.9982962
1,0.9982962
1,0.9982962
1,0.9982962
1,0.9982962
1,0.9982962
1,0.9982962
1,0.9982962
1,0.9982962
1,0.9982962
1,0.9982962
1,0.9982962
1,0.9982962
1,0.9982962
1,0.9982962
1,0.9982962
1,0.9982962
1,0.9982962
1,0.9982962
1,0.9982962
1,0.9982962
1,0.9982962
1,0.9982962
1,0.9982962
1,0.9982962
1,0.9982962
1,0.9982962
1,0.9982962
1,0.9982962
1,0.9982962
1,0.9982962
1,0.9982962
1,0.9982962
1,0.9982962
1,0.9982962
1,0.9982962
1,0.9982962
1,0.9982962
1,0.9982962
1,0.9982962
1,0.9982962
1,0.9982962
1,0.9982962
1,0.9982962
1,0.9982962
1,0.9982962
1,0.9982962
1,0.9982962
1,0.9982962
1,0.9982962
1,0.9982962
1,0.9982962
1,0.9982962
1,0.9982962
1,0.9982962
1,0.9982962
1,0.9982962
1,0.9982962
1,0.9982962
1,0.9982962
1,0.9982962
1,0.9982962
1,0.9982962
1,0.9982962
1,0.9982962
1,0.9982962
1,0.9982962
1,0.9982962
1,0.9982962
1,0.9982962
1,0.9982962
1,0.9982962
1,0.9982962
1,0.9982962
1,0.9982962
1,0.9982962
1,0.9982962
1,0.9982962
1,0.9982962
1,0.9982962
1,0.9982962
1,0.9982962
1,0.9982962
1,0.9982962
1,0.9982962
1,0.9982962
1,0.9982962
1,0.9982962
1,0.9982962
1,0.9982962
1,0.9982962
1,0.9982962
1,0.9982962
1,0.9982962
1,0.9982962
1,0.9982962
1,0.9982962
1,0.9982962
1,0.9982962
1,0.9982962
1,0.9982962
1,0.9982962
1,0.9982962
1,0.9982962
1,0.9982962
1,0.9982962
1,0.9982962
1,0.9982962
1,0.9982962
1,0.9982962
1,0.9982962
1,0.9982962
1,0.9982962
1,0.9982962
1,0.9982962
1,0.9982962
1,0.9982962
1,0.9982962
1,0.9982962
1,0.9982962
1,0.9982962
1,0.9982962
1,0.9982962
1,0.9982962
1,0.9982962
1,0.9982962
1,0.9982962
1,0.9982962
1,0.9982962
1,0.9982962
1,0.9982962
1,0.9982962
1,0.9982962
1,0.9982962
1,0.9982962
1,0.9982962
1,0.9982962
1,0.9982962
1,0.9982962
1,0.9982962
1,0.9982962
1,0.9982962
1,0.9982962
1,0.9982962
1,0.9982962
1,0.9982962
1,0.9982962
1,0.9982962
1,0.9982962
1,0.9982962
1,0.9982962
1,0.9982962
1,0.9982962
1,0.9982962
1,0.9982962
1,0.9982962
0,0.9982962
0,0.99338573
0,0.9891799
0,0.9871881
0,0.9837233
0,0.9778724
0,0.96110284
0,0.9377984
0,0.91311795
0,0.8908434
0,0.8840276
0,0.8638634
0,0.8431466
0,0.82824826
0,0.793294
0,0.7366287
0,0.668261
0,0.60262823
0,0.5639913
0,0.5018281
0,0.42717353
0,0.36963207
0,0.29811996
0,0.24144632
0,0.18506789
0,0.14279743
0,0.12357544
0,0.11672871
0,0.14532213
0,0.24579558
0,0.24716917
0,0.24773836
0,0.2449424
0,0.23809174
0,0.24795942
0,0.24633186
0,0.24645932
0,0.24620296
0,0.24121375
0,0.24280022
0,0.23805667
0,0.23572625
0,0.25234285
0,0.25961334
0,0.26466596
0,0.26635802
0,0.25034234
0,0.2565846
0,0.24891289
0,0.24666306
0,0.2598629
0,0.25959736
0,0.2661592
0,0.2732251
0,0.25832042
0,0.25601074
0,0.24890208
0,0.26282352
0,0.24956287
0,0.2702196
0,0.26918778
0,0.2634343
0,0.25252137
0,0.25175136
0,0.29546767
0,0.2658389
0,0.27419174
0,0.26421344
0,0.25005773
0,0.252869
0,0.24860978
0,0.24411762
0,0.23753619
0,0.2567077
0,0.24995607
0,0.24969792
0,0.25841773
0,0.2556835
0,0.2542792
0,0.25544354
0,0.2453738
0,0.261405
0,0.27097797
0,0.2656625
0,0.26625228
0,0.26533845
0,0.27472317
0,0.26301095
0,0.25953308
0,0.26529118
0,0.2709394
0,0.27036592
0,0.26459354
0,0.25262532
0,0.25748155
0,0.25366038
0,0.25017112
0,0.24308841
0,0.23954569
0,0.23737139
0,0.249746
0,0.2446092
0,0.23798624
0,0.24389309
0,0.23567528
0,0.24288872
0,0.24318983
0,0.2510261
0,0.2648844
0,0.25336513
0,0.251614
0,0.24456328
0,0.24059242
0,0.251775
0,0.2404472
0,0.25274023
0,0.2591923
0,0.254021
0,0.2548637
0,0.24271536
0,0.2640825
0,0.26336038
0,0.26555273
0,0.27124295
0,0.26646504
0,0.25279355
0,0.25913185
0,0.24933977
0,0.24999876
0,0.25528592
0,0.24613614
0,0.24126151
0,0.2484741
0,0.2398781
0,0.24241199
0,0.24772856
0,0.24808384
0,0.24973908
0,0.2566211
0,0.25222906
0,0.2491121
0,0.25913298
0,0.24869327
0,0.24484926
0,0.24684173
0,0.24206677
0,0.6309439
0,0.42542446
0,0.3468115
0,0.31244484
0,0.2836602
0,0.2727546
0,0.28621328
0,0.2812229
0,0.27890518
0,0.2679049
0,0.28777787
0,0.2729602
0,0.25946468
0,0.25325117
0,0.24905036
0,0.26037985
0,0.25944993
0,0.25992578
0,0.25135732
0,0.24645506
0,0.24314563
0,0.27261546
0,0.261166
0,0.2610532
0,0.25911364
0,0.26263973
0,0.2537131
0,0.2553737
0,0.2436806
0,0.24573205
0,0.25140542
0,0.24940571
0,0.25493145
0,0.2662295
0,0.25104573
0,0.25105444
0,0.24350446
0,0.26309738
0,0.26742673
0,0.26605195
0,0.24932374
0,0.26455986
0,0.25842902
0,0.2548016
0,0.2450015
0,0.24320959
0,0.24256365
0,0.25084183
0,0.2427278
0,0.24062915
0,0.24048741
0,0.23716901
0,0.23553973
0,0.24262765
0,0.24473566
0,0.23625766
0,0.2485668
0,0.2480634
0,0.24785116
0,0.2593941
0,0.24823786
0,0.2443934
0,0.24707384
0,0.24657226
0,0.2584383
0,0.24767447
0,0.24612603
0,0.2404888
0,0.25542197
0,0.24793045
0,0.2465206
0,0.2589214
0,0.2682959
0,0.25647905
0,0.25624132
0,0.25016603
0,0.2520615
0,0.24773534
0,0.24048747
0,0.266953
0,0.26323912
0,0.24728821
0,0.24660625
0,0.23978022
0,0.24994968
0,0.2482238
0,0.2378831
0,0.23969093
0,0.24722748
0,0.23961641
0,0.23856613
0,0.24606194
0,0.23993978
0,0.24746469
0,0.25536835
0,0.26493752
0,0.25336865
0,0.24562562
0,0.24777262
0,0.24051115
0,0.23784733
0,0.23500858
0,0.24118216
0,0.24400677
0,0.24520846
0,0.24054411
0,0.24279338
0,0.23405017
0,0.23075867
0,0.23675716
0,0.23779307
0,0.2599397
0,0.24418274
0,0.23960371
0,0.25724146
0,0.2520519
0,0.24727647
0,0.25940314
0,0.26696414
0,0.25302398
0,0.26361218
0,0.25112215
0,0.25595406
0,0.25202316
0,0.25516614
0,0.25620648
0,0.2569834
0,0.24660698
0,0.25284076
0,0.25223845
0,0.24363466
0,0.24011436
0,0.23679197
0,0.24474145
0,0.2410137
0,0.24629782
0,0.25320318
0,0.2465479
0,0.24362259
0,0.24114692
0,0.24429421
0,0.24831788
0,0.2465296
0,0.2459701
0,0.2448909
0,0.23864618
0,0.24202521
0,0.24077345
0,0.25518674
0,0.2609248
0,0.24926567
0,0.26121467
0,0.2518319
0,0.24685805
0,0.26300138
0,0.24871156
0,0.258571
0,0.2583659
0,0.2688353
0,0.26866156
0,0.25382498
0,0.25216475
0,0.24570554
0,0.24722202
0,0.24711381
0,0.25522864
0,0.2576604
0,0.25611585
0,0.25038654
0,0.25303027
0,0.25064486
0,0.24156785
0,0.23793893
0,0.23508815
0,0.24755214
0,0.26004615
0,0.25144628
0,0.24591093
0,0.2523238
0,0.23932442
0,0.23518792
0,0.24121113
0,0.24234508
0,0.23815545
0,0.24429601
0,0.2575175
0,0.24931541
0,0.24638653
0,0.24473731
0,0.24701057
0,0.25344548
0,0.25654587
0,0.266401
0,0.25267625
0,0.25252026
0,0.2555982
0,0.26040304
0,0.2548711
0,0.25216055
0,0.25896743
0,0.24754754
0,0.24128611
0,0.24899022
0,0.250081
0,0.2551942
0,0.24852188
0,0.24130341
0,0.24781714
0,0.23803203
0,0.23979673
0,0.23783687
0,0.24594516
0,0.25531998
0,0.24464603
0,0.2613288
0,0.2508038
0,0.2485025
0,0.24830067
0,0.2500873
0,0.2529007
0,0.26446864
0,0.26841265
0,0.2722041
0,0.2519482
0,0.2485089
0,0.24263133
0,0.2587256
0,0.26671198
0,0.26951972
0,0.2597071
0,0.26895335
0,0.25459135
0,0.24967887
0,0.24665341
0,0.2491582
0,0.25919402
0,0.25940987
0,0.26658833
0,0.2628975
0,0.25154018
0,0.24770437
0,0.2440607
0,0.2453529
0,0.24529418
0,0.2495944
0,0.24574427
0,0.2499253
0,0.24530554
0,0.25405887
0,0.25258783
0,0.24130821
0,0.24111803
0,0.23987916
0,0.23864895
0,0.23322165
0,0.24070108
0,0.23827708
0,0.2395026
0,0.24072781
0,0.23647274
0,0.24220133
0,0.24153683
0,0.25199217
0,0.24666181
0,0.24447772
0,0.25012457
0,0.2618386
0,0.25604063
0,0.26325005
0,0.2736182
0,0.25682807
0,0.25146672
0,0.25281104
0,0.2481572
0,0.24382658
0,0.24848905
0,0.24812041
0,0.25259024
0,0.24407126
0,0.24031217
0,0.23891984
0,0.24703972
0,0.26229256
0,0.25878608
0,0.26133946
0,0.26276428
0,0.2624383
0,0.25449523
0,0.25535178
0,0.24827383
0,0.25843385
0,0.24271785
0,0.2532366
0,0.25433943
0,0.25126013
0,0.31250775
0,0.27194318
0,0.27714598
0,0.2741926
0,0.2671936
0,0.27477726
0,0.25998423
0,0.25482735
0,0.2458526
0,0.24739264
0,0.24495386
0,0.24332356
0,0.25567648
0,0.245894
0,0.25270918
0,0.25305778
0,0.24908775
0,0.24160318
0,0.24715951
0,0.25040677
0,0.24709709
0,0.23973076
0,0.23723613
0,0.23525795
0,0.25693718
0,0.25010428
0,0.24646498
0,0.25298348
0,0.24050021
0,0.2531539
0,0.24329643
0,0.24386473
0,0.24447274
0,0.24524978
0,0.24475196
0,0.26989484
0,0.25489038
0,0.2712594
0,0.28476515
0,0.2636123
0,0.26035315
0,0.25366694
0,0.26044437
0,0.26594463
0,0.26437896
0,0.26510915
0,0.2641332
0,0.25311625
0,0.24928491
0,0.24583606
0,0.25396833
0,0.26228258
0,0.24895942
0,0.25595707
0,0.2622624
0,0.24994333
0,0.25183526
0,0.25455043
0,0.25335112
0,0.25437906
0,0.25436208
0,0.24909317
0,0.25934064
0,0.24936718
0,0.2524933
0,0.24168108
0,0.24616024
0,0.24616572
0,0.24685086
0,0.2461021
0,0.24926396
0,0.24321635
0,0.24013555
0,0.2515218
0,0.26597765
0,0.26215908
0,0.26405403
0,0.25932103
0,0.25847596
0,0.2619106
0,0.25253794
0,0.24828146
0,0.24999385
0,0.25616744
0,0.26289025
0,0.26457104
0,0.25849202
0,0.2585443
0,0.25935218
0,0.25983858
0,0.24849483
0,0.25924554
0,0.25377092
0,0.2483614
0,0.25245145
0,0.2571381
0,0.25020742
0,0.2473544
0,0.24660164
0,0.24368814
0,0.24650675
0,0.25940815
0,0.25488386
0,0.25371748
0,0.25960097
0,0.24854614
0,0.24467146
0,0.345433
0,0.30006376
0,0.2844274
0,0.2887537
0,0.28872976
0,0.27018344
0,0.26242518
0,0.25737125
0,0.25404948
0,0.25716054
0,0.25814772
0,0.24660006
0,0.25713465
0,0.2501627
0,0.24717279
0,0.24914537
0,0.24531098
0,0.25923
0,0.25351617
0,0.25740334
0,0.2536131
0,0.24680069
0,0.2628834
0,0.24832335
0,0.25326452
0,0.3182372
0,0.26993668
0,0.26376948
0,0.26503098
0,0.25359908
0,0.24573468
0,0.24208532
0,0.24938923
0,0.25210884
0,0.24666592
0,0.24784704
0,0.24944262
0,0.24506746
0,0.2479581
0,0.25972772
0,0.28132784
0,0.27327487
0,0.26441205
0,0.25351426
0,0.26032975
0,0.2547368
0,0.26080483
0,0.2542325
0,0.3398238
0,0.2773514
0,0.26851347
0,0.26015
0,0.26977834
0,0.26656055
0,0.26206693
0,0.25844803
0,0.26215538
0,0.25205472
0,0.2534622
0,0.25280365
0,0.2529657
0,0.2524119
0,0.2628822
0,0.25554928
0,0.25860113
0,0.25312355
0,0.25741997
0,0.25762892
0,0.2575057
0,0.25710967
0,0.25751752
0,0.2667825
0,0.26889256
0,0.26164168
0,0.25949115
0,0.25523946
0,0.2593639
0,0.25626877
0,0.2582467
0,0.25833344
0,0.25460216
0,0.27317044
0,0.2745422
0,0.25611484
0,0.24999009
0,0.25068173
0,0.24862473
0,0.2585308
0,0.25098628
0,0.263993
0,0.27289012
0,0.26840588
0,0.280358
0,0.27274582
0,0.25796664
0,0.26494503
0,0.27595252
0,0.26866624
0,0.28102934
0,0.2657076
0,0.25016728
0,0.26172644
1,0.25436667
1,0.25596973
1,0.25980538
1,0.2635385
1,0.25530812
1,0.25836036
1,0.25209612
1,0.24961132
1,0.25328913
1,0.2566793
1,0.25433737
1,0.24861562
1,0.24971116
1,0.24999635
1,0.24447486
0,0.92127585
0,0.68564975
0,0.5628096
0,0.48777023
0,0.42217344
0,0.37406635
0,0.3263363
0,0.29613122
0,0.28921658
0,0.27370086
0,0.3143318
0,0.3223043
0,0.2637367
0,0.239968
0,0.20686626
0,0.18648417
0,0.16910832
0,0.16209
0,0.15435858
0,0.15570714
0,0.1600279
0,0.17290244
0,0.18072677
0,0.19568814
0,0.20803858
0,0.22245416
0,0.22750343
0,0.23455316
0,0.24187157
0,0.25042185
0,0.26053214
0,0.25270593
0,0.2594642
0,0.2604824
0,0.2985522
0,0.27146685
0,0.27737397
0,0.27035373
0,0.2684545
0,0.27210042
0,0.26604968
0,0.27630192
0,0.27241322
0,0.2795892
0,0.25942776
0,0.2671504
0,0.25853005
0,0.2652671
0,0.26856032
0,0.26365063
0,0.2668048
0,0.26928672
0,0.278744
0,0.26501942
0,0.26196036
0,0.2656036
0,0.25708848
0,0.25411633
0,0.26058215
0,0.2631383
0,0.26430574
0,0.26335487
0,0.25637236
0,0.2526971
0,0.25929722
0,0.2633106
0,0.25968975
0,0.25838047
0,0.25049606
0,0.25361687
0,0.24308454
0,0.25341925
0,0.25612
0,0.25236627
0,0.2521518
0,0.26108503
0,0.2658106
0,0.26513034
0,0.26177457
0,0.26500106
0,0.26724744
0,0.2723838
0,0.26611862
0,0.26762858
0,0.26229063
0,0.26606408
0,0.24990754
0,0.2649503
0,0.26336983
0,0.2693084
0,0.26142454
0,0.26383725
0,0.26331654
0,0.25874668
0,0.2504147
0,0.25743476
0,0.25853145
0,0.2538648
0,0.25748876
0,0.25300592
0,0.26709098
0,0.25794175
0,0.25778145
0,0.264541
0,0.259602
0,0.26044354
0,0.25726575
0,0.25699076
0,0.26426905
0,0.25100115
0,0.25232825
0,0.25096035
0,0.26137298
0,0.25964132
0,0.2532439
0,0.26238862
0,0.26175714
0,0.27460685
0,0.2657413
0,0.264738
0,0.26466534
0,0.26561055
0,0.27103037
0,0.267887
0,0.2676144
0,0.26103204
0,0.25517046
0,0.2659613
0,0.26308405
0,0.2576029
0,0.2605151
0,0.26411122
0,0.26651928
0,0.25803676
0,0.26554805
0,0.2504431
0,0.26308277
0,0.26258457
0,0.26775524
0,0.26096392
0,0.2609261
0,0.25910628
0,0.2517011
0,0.24879667
0,0.2664735
0,0.25659725
0,0.25615582
0,0.2581296
0,0.2526279
0,0.26661342
0,0.2625724
0,0.26084968
0,0.26545358
0,0.26755756
0,0.26855057
0,0.2610782
0,0.2597158
0,0.25253406
0,0.24982534
0,0.25201246
0,0.24752843
0,0.2544063
0,0.26325554
0,0.25136188
0,0.25079444
0,0.24836102
0,0.253768
0,0.25945625
0,0.2523708
0,0.25006297
0,0.2475819
0,0.26225197
0,0.2518804
0,0.2544368
0,0.25236437
0,0.25308034
0,0.27247995
0,0.2612766
0,0.25205833
0,0.26509243
0,0.25140202
0,0.25176156
0,0.26931357
0,0.25620952
0,0.2769497
0,0.27387044
0,0.2676392
0,0.27000326
0,0.25456676
0,0.25809163
0,0.25075716
0,0.24955781
0,0.25802353
0,0.26083288
0,0.25148925
0,0.25442404
0,0.256009
0,0.25476134
0,0.25340518
0,0.25858334
0,0.26416436
0,0.2716778
0,0.26180616
0,0.26254028
0,0.25270522
0,0.25863835
0,0.24822953
0,0.25459167
0,0.25199097
0,0.2624903
0,0.25789458
0,0.25974151
0,0.25290185
0,0.24522276
0,0.24166936
1,0.26281273
1,0.25527313
1,0.2538267
1,0.25775772
1,0.25032634
1,0.25193527
1,0.24723785
1,0.25194526
1,0.25209832
1,0.25621495
1,0.25712326
1,0.25377542
1,0.25189826
1,0.24682933
1,0.25300267
1,0.9230404
1,0.69253135
0,0.98313755
0,0.94078344
0,0.9273745
0,0.8923147
0,0.8526018
0,0.78810155
0,0.7275939
0,0.66708606
0,0.58719015
0,0.5228982
0,0.44137636
0,0.3608903
0,0.31221148
0,0.28057104
0,0.24355063
0,0.19619001
0,0.22991101
0,0.18839811
0,0.16156115
0,0.13635163
0,0.12581892
0,0.12592727
0,0.12156642
0,0.11981722
0,0.11969771
0,0.12074605
0,0.12851872
0,0.12759623
0,0.23956662
0,0.25869286
0,0.2725781
0,0.26377928
0,0.26459894
0,0.26215553
0,0.2614161
0,0.25601628
0,0.29062408
0,0.26461884
0,0.2783676
0,0.27667516
0,0.29203627
0,0.27885967
0,0.28466478
0,0.27428827
0,0.27571058
0,0.2739444
0,0.2688356
0,0.27474773
0,0.28325593
0,0.2660189
0,0.25545013
0,0.281628
0,0.26806277
0,0.26043734
0,0.2608737
0,0.25988436
0,0.25733134
0,0.2524959
0,0.254881
0,0.24990633
0,0.24764532
0,0.25117433
0,0.24677333
0,0.25751895
0,0.2570132
0,0.2535887
0,0.25303745
0,0.25166523
0,0.26431552
0,0.26662257
0,0.26887178
0,0.27029136
0,0.26902506
0,0.27028388
0,0.26441032
0,0.25697708
0,0.2682052
0,0.27608573
0,0.27416176
0,0.26936746
0,0.27520213
0,0.26450524
0,0.26727164
0,0.26037952
0,0.26293892
0,0.26246455
0,0.28304154
0,0.27579397
0,0.26954317
0,0.26632172
0,0.26433858
0,0.25650257
0,0.25950003
0,0.26058343
0,0.25838274
0,0.25212765
0,0.25872433
0,0.25150415
0,0.24888377
0,0.25087297
0,0.24830423
0,0.24990723
0,0.24956009
0,0.25942472
0,0.25801557
0,0.2640551
0,0.27502838
0,0.28124616
0,0.27867416
0,0.27687436
0,0.27776837
0,0.2688596
0,0.27060822
0,0.2716415
0,0.2648275
0,0.26800606
0,0.27887097
0,0.27115294
0,0.32500908
0,0.29718477
0,0.28911245
0,0.2804934
0,0.26410028
0,0.2674507
0,0.26515013
0,0.2650339
0,0.2623446
0,0.27388257
0,0.26567772
0,0.26302737
0,0.2559025
0,0.25991312
0,0.2637234
0,0.2596704
0,0.25266138
0,0.25489676
0,0.25588423
0,0.25513405
0,0.25516903
0,0.25342375
0,0.25290906
0,0.25724307
0,0.25770923
0,0.2554875
0,0.263246
0,0.25875142
0,0.27118653
0,0.25829402
0,0.26412085
0,0.28228572
0,0.27274266
0,0.26478395
0,0.2605739
0,0.26350915
0,0.26239085
0,0.25675637
0,0.25890285
0,0.25933075
0,0.25298044
0,0.26665974
0,0.26860932
0,0.2656154
0,0.2565084
0,0.25918284
0,0.27961826
0,0.26890758
0,0.26326022
0,0.25519502
0,0.26989698
0,0.26102376
0,0.27567098
0,0.26760384
0,0.2730016
0,0.2811459
0,0.27205193
0,0.27360207
0,0.27732292
0,0.27089727
0,0.25556383
0,0.26550734
0,0.2687959
0,0.27327287
0,0.2643927
0,0.26223242
0,0.26338065
0,0.26392433
0,0.27223542
0,0.25681007
0,0.25198904
0,0.25166026
0,0.25816938
0,0.2679296
0,0.2634015
0,0.25633392
0,0.2582012
0,0.26328424
0,0.2618033
0,0.25967124
0,0.25339332
0,0.256379
0,0.2601347
0,0.25671554
0,0.2558931
0,0.26086614
0,0.2512159
0,0.25283906
0,0.24748287
0,0.250259
0,0.253082
0,0.25073862
0,0.24985637
0,0.24372576
0,0.24490367
0,0.25586006
0,0.25906017
0,0.25263774
0,0.25097412
0,0.26285118
0,0.26327074
0,0.26485705
0,0.25387645
0,0.2606281
0,0.25445625
0,0.2689641
0,0.26745102
0,0.27002397
0,0.25454217
0,0.26578045
0,0.28084263
0,0.2612074
0,0.2583073
0,0.27074176
0,0.2589784
0,0.25343364
0,0.2570688
0,0.2621028
0,0.25875032
0,0.25856853
0,0.25039235
0,0.26432735
0,0.2520441
0,0.2471696
0,0.25025535
0,0.2439789
0,0.26650083
0,0.26657346
0,0.27271736
0,0.26771975
0,0.252532
0,0.24624358
0,0.2588082
0,0.25086176
0,0.26288387
0,0.2663706
0,0.26516002
0,0.26466513
0,0.26629496
0,0.25940955
0,0.26192695
0,0.26729637
0,0.2679825
0,0.26396647
0,0.2580791
0,0.26002574
0,0.24915197
0,0.24625565
0,0.24741149
0,0.25167376
0,0.2519692
0,0.2529168
0,0.25221422
0,0.2500907
0,0.2484814
0,0.25061652
0,0.24494472
0,0.240367
0,0.24334802
0,0.2560705
0,0.28023222
0,0.26299506
0,0.2571359
0,0.25557217
0,0.2632976
0,0.25936654
0,0.2740388
0,0.2642763
0,0.26209092
0,0.25431615
0,0.26060832
0,0.27209187
0,0.2652008
0,0.2649408
0,0.26465288
0,0.28939825
0,0.2682724
0,0.26077807
0,0.26931128
0,0.26876783
0,0.27640408
0,0.26873177
0,0.27183056
0,0.26593328
0,0.2695033
0,0.2540681
0,0.26660967
0,0.26680872
0,0.25668997
0,0.25804755
0,0.25656062
0,0.28560966
0,0.29903552
0,0.28932315
0,0.28292504
0,0.2692376
0,0.31876662
0,0.3214577
0,0.33159307
0,0.29152173
0,0.2933415
0,0.27658755
0,0.2867735
0,0.27606735
0,0.2661568
0,0.2703999
0,0.27097645
0,0.2662559
0,0.26837972
0,0.25744352
0,0.25376594
0,0.2609934
0,0.25809234
0,0.2566523
0,0.26142436
0,0.26213998
0,0.28792965
0,0.2652034
0,0.25627822
0,0.25714427
0,0.25499272
0,0.25934172
0,0.26362216
0,0.26036462
0,0.2604027
0,0.2532374
0,0.25016886
0,0.24820699
0,0.25105843
0,0.24930587
0,0.25096795
0,0.24572654
0,0.25092554
0,0.26887354
0,0.26643646
0,0.2548014
0,0.25937188
0,0.26411462
0,0.26656783
0,0.26914597
0,0.2584213
0,0.24581409
0,0.2583767
0,0.260835
0,0.25774136
0,0.25477424
0,0.2582278
0,0.25393698
0,0.24700244
0,0.2433985
0,0.25198928
0,0.259033
0,0.25197825
0,0.25473982
0,0.26715815
0,0.27370417
0,0.25399712
0,0.2517122
0,0.26319245
0,0.25287414
0,0.25491297
0,0.25219893
0,0.27915016
0,0.27476585
0,0.25986117
0,0.27194926
0,0.27540416
0,0.27452368
0,0.26841497
0,0.26008376
0,0.26858628
0,0.2544513
0,0.2581899
0,0.2502577
0,0.24968676
0,0.24834095
0,0.26425415
0,0.2623331
0,0.26352644
0,0.26750132
0,0.25477913
0,0.25561112
0,0.25468135
0,0.25886804
0,0.25995547
0,0.264648
0,0.25620902
0,0.25992608
0,0.24824016
0,0.24514721
0,0.24114887
0,0.24954824
0,0.25427654
0,0.25259006
0,0.25310665
0,0.2635593
0,0.25073153
0,0.2519643
0,0.25131026
0,0.25215757
0,0.26133484
0,0.26551914
0,0.2753664
0,0.27720922
0,0.2865632
0,0.26723132
0,0.26393798
0,0.26235092
0,0.26989493
0,0.27779165
0,0.2709595
0,0.27103803
0,0.26980305
0,0.26028386
0,0.2686824
0,0.26041588
0,0.26696134
0,0.26377225
0,0.262955
0,0.25173455
0,0.26277027
0,0.25505945
0,0.26154983
0,0.26322258
0,0.25973505
0,0.25976804
0,0.2695313
0,0.25244752
0,0.2623106
0,0.25804386
0,0.2567603
0,0.25802174
0,0.25546455
0,0.25969955
0,0.2615732
0,0.24629615
0,0.2639614
0,0.25766128
0,0.2727851
0,0.27072918
0,0.27086604
0,0.27757022
0,0.2630881
0,0.25343743
0,0.2574193
0,0.2631823
0,0.29095396
0,0.28980044
0,0.28922635
0,0.29008707
0,0.27439925
0,0.26346865
0,0.26962844
0,0.26734644
0,0.26039174
0,0.253628
0,0.26769236
0,0.27760896
0,0.27180076
0,0.2666256
0,0.2539306
0,0.2688117
0,0.27799675
0,0.25592074
0,0.2537532
0,0.26536015
0,0.26055405
0,0.25722948
0,0.2518749
0,0.25341502
0,0.255011
0,0.27683982
0,0.27582344
0,0.25336215
0,0.2544552
0,0.25208214
0,0.2547376
0,0.25943556
0,0.25086594
0,0.26963115
0,0.25509152
0,0.25722072
0,0.2542862
0,0.24810475
0,0.26632786
0,0.25752348
0,0.25464246
0,0.27729052
0,0.26985574
0,0.29231673
0,0.27485055
0,0.27983767
0,0.28333834
0,0.2780015
0,0.27276117
0,0.26823336
0,0.26735303
0,0.27774182
0,0.26690522
0,0.25235572
0,0.2551545
0,0.26594576
0,0.2739428
0,0.27190116
0,0.27193776
0,0.26914382
0,0.25581765
0,0.2720879
0,0.27120006
0,0.2607804
0,0.2691394
0,0.2768292
0,0.2787187
0,0.27406716
0,0.27921963
0,0.26404667
0,0.2677302
0,0.27063343
0,0.265549
0,0.27008897
0,0.26818562
0,0.266346
0,0.25450516
0,0.25032157
0,0.26228613
0,0.25471196
0,0.26058096
0,0.25999105
0,0.25944927
0,0.25982606
0,0.25451025
0,0.24721842
0,0.2534216
0,0.25111452
0,0.24795516
0,0.25135338
0,0.25425386
0,0.25306314
0,0.24803983
0,0.25068358
0,0.24417406
0,0.25250736
0,0.24963264
0,0.28283033
0,0.27242583
0,0.26195005
0,0.25633955
0,0.25259408
0,0.27308542
0,0.2619551
0,0.25044417
0,0.2639988
0,0.2636683
0,0.26899403
0,0.27165854
0,0.25721872
0,0.26223898
0,0.26225835
0,0.25070575
0,0.2539902
0,0.26001677
0,0.24851514
0,0.243724
0,0.24103573
0,0.2490654
0,0.24686098
0,0.25121737
0,0.2524943
0,0.2580759
0,0.25494668
0,0.24917828
0,0.25190032
0,0.25176457
0,0.25067455
0,0.24496529
0,0.24758838
0,0.25965318
0,0.24842119
0,0.2499461
0,0.24887285
0,0.27269015
0,0.25795698
0,0.26017168
0,0.27134734
0,0.27239203
0,0.28197503
0,0.27684882
0,0.27779064
0,0.27564165
0,0.2761943
0,0.27640843
0,0.27504483
0,0.2686338
0,0.2578054
0,0.26978135
0,0.26997045
0,0.2570213
0,0.2609782
0,0.26054218
0,0.27256382
0,0.26209337
0,0.2547689
0,0.2615391
0,0.26365158
0,0.26056817
0,0.27734807
0,0.26508534
0,0.26242274
0,0.26151246
0,0.2584765
0,0.25315872
0,0.250013
0,0.25171164
0,0.2620535
0,0.2502754
0,0.26130462
0,0.25567326
0,0.26399705
0,0.24997534
0,0.26586607
0,0.26538232
0,0.25561932
0,0.25787446
0,0.26669708
0,0.2650576
0,0.25511137
0,0.26217642
0,0.253082
0,0.26260898
0,0.25688505
0,0.2600778
0,0.256822
0,0.2592908
0,0.25927144
0,0.24921396
0,0.25912735
0,0.2517565
0,0.25627795
0,0.25618634
0,0.26884833
0,0.25307143
0,0.26015553
0,0.2468463
0,0.24813135
0,0.24630837
0,0.24439912
0,0.24816072
0,0.25351715
0,0.25307843
0,0.25327367
0,0.25060302
0,0.2554202
0,0.24797001
0,0.2689717
0,0.26522455
0,0.2683616
0,0.26046118
0,0.25598127
0,0.2508934
0,0.25917104
0,0.26114666
0,0.26219186
0,0.25764212
0,0.26051748
0,0.25554982
0,0.24273482
0,0.24757075
0,0.25265285
0,0.24933363
0,0.2550918
0,0.24981329
0,0.25919273
0,0.2529314
0,0.25543553
0,0.25532144
0,0.3434894
0,0.2848956
0,0.27608392
0,0.26946527
0,0.2628177
0,0.2557493
0,0.25718182
0,0.25058055
0,0.2666388
0,0.2559241
0,0.24813749
0,0.2498897
0,0.25479227
0,0.25348696
0,0.24551769
0,0.24247052
0,0.2452421
0,0.25046504
0,0.25437772
0,0.2544831
0,0.24880183
0,0.24894933
0,0.24487697
0,0.25362825
0,0.24637592
0,0.2438658
0,0.24469212
0,0.24729851
0,0.24239098
0,0.24094164
0,0.24776153
0,0.2509318
0,0.24887456
0,0.25239044
0,0.24871513
0,0.25745857
0,0.24801885
0,0.24636759
0,0.260955
0,0.24963477
0,0.24807906
0,0.25022474
0,0.25021002
0,0.26034468
0,0.24796802
0,0.24507797
0,0.24900258
0,0.2574804
0,0.25569576
0,0.2502899
0,0.2624743
0,0.2594393
0,0.25163814
0,0.24834791
0,0.2464884
0,0.24548331
0,0.2484309
0,0.25390568
0,0.25180158
0,0.24996048
0,0.24874249
0,0.24310245
0,0.2577712
0,0.25616878
0,0.24626578
0,0.2474104
0,0.24711572
0,0.2568589
0,0.24793747
0,0.2553036
0,0.24918182
0,0.25745237
0,0.2605767
0,0.24955225
0,0.25195873
0,0.25172576
0,0.25700808
0,0.25160354
0,0.24676532
0,0.25429127
0,0.2505315
0,0.25989693
0,0.26292855
0,0.25571468
0,0.24611509
0,0.2467568
0,0.24573122
0,0.2452
0,0.25394604
0,0.24855301
0,0.24589062
0,0.24721335
0,0.24370421
0,0.24243064
0,0.2461212
0,0.2414045
0,0.24005324
0,0.24879849
0,0.2421246
0,0.23940027
0,0.23673111
0,0.24456365
0,0.24235637
0,0.24829517
0,0.2498855
0,0.24565163
0,0.26152408
0,0.25274652
0,0.25208133
0,0.25182438
0,0.24943887
0,0.25939715
0,0.27032253
0,0.27108365
0,0.2548312
0,0.27442297
0,0.25410652
0,0.24878025
0,0.26449656
0,0.27622312
0,0.28184173
0,0.26654637
0,0.26942202
0,0.26150417
0,0.25271112
0,0.2572394
0,0.24960154
0,0.25193885
0,0.25732335
0,0.26184332
0,0.272459
0,0.2541479
0,0.24884844
0,0.25011966
0,0.2486639
0,0.2472802
0,0.25185367
0,0.25081363
0,0.24646327
0,0.2441804
0,0.24205516
0,0.24043913
0,0.25370264
0,0.25428978
0,0.2506897
0,0.26820356
0,0.25053284
0,0.48080447
0,0.34721604
0,0.34931928
0,0.31604996
0,0.28674492
0,0.2940109
0,0.2849642
0,0.26763293
0,0.25663298
0,0.25398502
0,0.25951186
0,0.2645456
0,0.25249988
0,0.25900176
0,0.2542211
0,0.24741112
0,0.24322806
0,0.25090697
0,0.27127415
0,0.25705314
0,0.25130868
0,0.25680196
0,0.25007004
0,0.24264999
0,0.24794734
0,0.24948344
0,0.24506032
0,0.25340283
0,0.26138932
0,0.25969413
0,0.24732916
0,0.24804837
0,0.25691542
0,0.2544685
0,0.2608873
0,0.25188252
0,0.25945875
0,0.26074836
0,0.26849815
0,0.2554221
0,0.25311893
0,0.2528019
0,0.25745085
0,0.25840598
0,0.25550964
0,0.24860135
0,0.24491811
0,0.24698317
0,0.24061704
0,0.24311253
0,0.2489958
0,0.25016826
0,0.2511954
0,0.2478839
0,0.2500423
0,0.24530502
0,0.24854854
0,0.24423583
0,0.25381622
0,0.25092506
0,0.24495007
0,0.24837609
0,0.2417958
0,0.25325155
0,0.24577546
0,0.24704976
0,0.25085938
0,0.26379374
0,0.27597788
0,0.2764236
0,0.26072744
0,0.25590852
0,0.25125757
0,0.26680937
0,0.25795048
0,0.2561665
0,0.24972913
0,0.2514029
0,0.24565704
0,0.24466982
0,0.24154128
0,0.24572432
0,0.24081565
0,0.2402342
0,0.24860528
0,0.24450813
0,0.25090232
0,0.2527425
0,0.2594548
0,0.2568919
0,0.2577692
0,0.25589615
0,0.2543255
0,0.25264975
0,0.24384117
0,0.2504303
0,0.2696023
0,0.25949967
0,0.2586038
0,0.2670822
0,0.26889315
0,0.27412987
0,0.25970882
0,0.25723964
0,0.25805432
0,0.26557127
0,0.2729113
0,0.25938162
0,0.25500903
0,0.26136234
0,0.24645501
0,0.25138086
0,0.2450298
0,0.2481696
0,0.25558117
0,0.2664889
0,0.25053746
0,0.24534513
0,0.2567256
0,0.24453677
0,0.24552633
0,0.25536507
0,0.24772406
0,0.2620346
0,0.25697875
0,0.25509682
0,0.24444553
0,0.25947458
0,0.26501542
0,0.26193804
0,0.26129636
0,0.25121108
0,0.2519674
0,0.2501021
0,0.25054893
0,0.24865125
0,0.2631628
0,0.25748253
0,0.26697835
0,0.25924173
0,0.26357722
0,0.25497448
0,0.24562089
0,0.24514149
0,0.2432862
0,0.24617864
0,0.24556415
0,0.2417629
0,0.25460303
0,0.24865668
0,0.26884356
0,0.26134378
0,0.24915981
0,0.24380918
0,0.24967757
0,0.24545616
0,0.25573638
0,0.24885345
0,0.24769473
0,0.2466636
0,0.26028678
0,0.25417212
0,0.257439
0,0.24901478
0,0.27231058
0,0.25957793
0,0.26014516
0,0.28056785
0,0.2726352
0,0.26763085
0,0.2719478
0,0.26380318
0,0.26830965
0,0.25736848
0,0.25280347
0,0.24918588
0,0.25127256
0,0.25587198
0,0.24748208
0,0.2560006
0,0.25839323
0,0.24783066
0,0.25567243
0,0.26592943
0,0.25523853
0,0.2644352
0,0.2705358
0,0.26418445
0,0.26258168
0,0.26495674
0,0.25565115
0,0.2570026
0,0.25381714
0,0.25563824
0,0.25405806
0,0.26331913
0,0.25703183
0,0.25263724
0,0.2509701
0,0.25343186
0,0.2563311
0,0.26759002
0,0.26122755
0,0.27053732
0,0.25470075
0,0.25856715
0,0.2527436
0,0.25736108
0,0.25530002
0,0.24651042
0,0.2542292
0,0.2587941
0,0.24978943
0,0.25115424
0,0.24804036
0,0.26146397
0,0.26692057
0,0.25645256
1,0.26392063
1,0.25384662
1,0.24626814
1,0.24133651
1,0.24996282
1,0.24940795
1,0.24586515
1,0.25472814
1,0.2578267
1,0.26059884
1,0.2500313
1,0.24103616
1,0.24142903
1,0.24946629
1,0.2539162
0,0.9232465
0,0.71541417
0,0.59828293
0,0.49516466
0,0.44475314
0,0.39051867
0,0.34546575
0,0.29458505
0,0.2820656
0,0.26284885
0,0.2544088
0,0.23612675
0,0.21856882
0,0.20474759
0,0.1981031
0,0.1810906
0,0.17133792
0,0.16853002
0,0.17571756
0,0.17540091
0,0.18458262
0,0.20059858
0,0.2072777
0,0.22786583
0,0.23182438
0,0.23779753
0,0.24190891
0,0.24044073
0,0.2402905
0,0.25146717
0,0.24874336
0,0.24551925
0,0.247018
0,0.2518838
0,0.24400079
0,0.25565788
0,0.24955672
0,0.24815714
0,0.26294088
0,0.25340292
0,0.27131096
0,0.26112646
0,0.25342986
0,0.24431548
0,0.25300646
0,0.24586108
0,0.24986137
0,0.24757425
0,0.26281154
0,0.25305298
0,0.24761993
0,0.24720158
0,0.24221091
0,0.24430163
0,0.2570655
0,0.25542554
0,0.27653563
0,0.27699837
0,0.26801118
0,0.26023227
0,0.25406447
0,0.25745475
0,0.26189592
0,0.25164226
0,0.25414065
0,0.26900998
0,0.25275427
0,0.24801563
0,0.2487131
0,0.26043582
0,0.26523417
0,0.25921556
0,0.26365477
0,0.26119313
0,0.25285873
0,0.24994941
0,0.24781436
0,0.25164336
0,0.24788198
0,0.25441554
0,0.2518536
0,0.24570751
0,0.242538
0,0.23989747
0,0.2525677
0,0.24734518
0,0.2532779
0,0.2479272
0,0.25502566
0,0.2533529
0,0.25295797
0,0.24739501
0,0.24547076
0,0.24985856
0,0.24539563
0,0.26284507
0,0.25884387
0,0.2548291
0,0.24689533
0,0.24533023
0,0.239797
0,0.2422219
0,0.23733003
0,0.24595657
0,0.24372265
0,0.2419989
0,0.23731609
0,0.23991922
0,0.24944904
0,0.24202031
0,0.25775716
0,0.26416284
0,0.2557535
0,0.2527852
0,0.24706964
0,0.2631532
0,0.26372567
0,0.26585442
0,0.26216453
0,0.2557575
0,0.25299212
0,0.24648145
0,0.24639167
0,0.24538362
0,0.24436617
0,0.24719933
0,0.2533488
0,0.2644156
0,0.25941464
0,0.24999347
0,0.24058862
0,0.25214568
0,0.24407451
0,0.2495325
0,0.24843812
0,0.25856778
0,0.2581584
0,0.2535427
0,0.24503359
0,0.2482617
0,0.25760564
0,0.2553671
0,0.26142547
0,0.25188866
0,0.24849895
0,0.24745826
0,0.25497228
0,0.2633632
0,0.26129624
0,0.2608162
0,0.25141653
0,0.26678798
0,0.25246495
0,0.24769104
0,0.25078145
0,0.24516024
0,0.25193456
0,0.25419337
0,0.25489518
0,0.2608793
0,0.26043645
0,0.25263822
0,0.24853
0,0.25099283
0,0.25991803
0,0.25575146
0,0.25229847
0,0.2530987
0,0.25122684
0,0.24600609
0,0.24208541
0,0.25386417
0,0.24415863
0,0.25439158
0,0.25351688
0,0.25053164
0,0.25332627
0,0.24935064
0,0.25805566
0,0.26082352
0,0.26490307
0,0.25371203
0,0.25566614
0,0.25001076
0,0.25293434
0,0.26697198
0,0.25756192
0,0.27538976
0,0.2868217
0,0.26657745
0,0.2764564
0,0.26620302
0,0.25364012
0,0.24761365
0,0.26924118
0,0.26066074
0,0.25917146
0,0.25850025
0,0.2575948
0,0.25078025
0,0.25303447
0,0.2546801
0,0.24949914
0,0.2512598
0,0.25242975
0,0.24744761
0,0.26234123
0,0.25604752
0,0.24867226
0,0.2693608
0,0.25790584
0,0.26500472
0,0.25708866
0,0.26607338
0,0.27409208
0,0.25823566
0,0.25788018
0,0.25325826
0,0.2604699
0,0.2619777
0,0.2627821
0,0.29326957
0,0.2845957
0,0.2624909
0,0.2599768
0,0.25215366
0,0.2586421
0,0.252855
0,0.26052916
0,0.2522641
0,0.2551305
0,0.24874924
0,0.2409213
0,0.24953413
0,0.24457394
0,0.23834117
0,0.24416623
0,0.2423516
0,0.25674728
0,0.2514844
0,0.240721
0,0.24512786
0,0.25217512
0,0.2665804
0,0.27558458
0,0.2729835
0,0.2604307
0,0.2648766
0,0.27148968
0,0.26993984
0,0.26973608
0,0.25161153
0,0.25576594
0,0.2720224
0,0.26066193
0,0.26078114
0,0.253029
0,0.2484897
0,0.2581813
0,0.25691092
0,0.26900032
0,0.25180078
0,0.25067106
0,0.25494257
0,0.2497923
0,0.27491605
0,0.26205045
0,0.26827154
0,0.2623529
0,0.27092057
0,0.25894663
0,0.25639683
0,0.25503743
0,0.2569464
0,0.2525371
0,0.25095752
0,0.2507803
0,0.26510674
0,0.26532438
0,0.26627055
0,0.26169714
0,0.2674588
0,0.26766464
0,0.25600594
0,0.26790208
0,0.2632637
0,0.25473148
0,0.26627687
0,0.25261393
0,0.38902187
0,0.31733194
0,0.30576628
0,0.2885739
0,0.2781575
0,0.2722821
0,0.2605992
0,0.26972076
0,0.2603316
0,0.25724337
0,0.26514056
0,0.26693532
0,0.25040856
0,0.2571577
0,0.2561426
0,0.26702964
0,0.2599535
0,0.2720446
0,0.2687998
0,0.26646233
0,0.26699308
0,0.2598187
0,0.25359026
0,0.26006514
0,0.2706954
0,0.25766063
0,0.25769383
0,0.26262817
0,0.2576238
0,0.26274434
0,0.2613245
0,0.26229203
0,0.27264303
0,0.2806079
0,0.27168232
0,0.25925133
0,0.25264958
0,0.24848701
0,0.26231813
0,0.25485003
0,0.26143447
0,0.2598426
0,0.25417483
0,0.25779518
0,0.2476098
0,0.24964651
0,0.24273105
0,0.24535155
0,0.25079963
0,0.25215533
0,0.24735647
0,0.2566085
0,0.24764244
0,0.258769
0,0.2589555
0,0.2621434
0,0.2571779
0,0.25443378
0,0.24689528
0,0.26019573
0,0.25788677
0,0.24711116
0,0.26346868
0,0.25300875
0,0.25197223
0,0.26115534
0,0.24624613
0,0.2591101
0,0.25564414
0,0.24863671
0,0.24499711
0,0.2421778
0,0.25653487
0,0.25752565
0,0.24710469
0,0.24815494
0,0.25867093
0,0.2518181
0,0.24350697
0,0.25548145
0,0.25708818
0,0.24402378
0,0.25046965
0,0.25506505
0,0.24669823
0,0.251473
0,0.2395125
0,0.24561428
0,0.24071541
0,0.24287562
0,0.23822281
0,0.25117728
0,0.2613847
0,0.25173938
0,0.25967142
0,0.262402
0,0.25824523
0,0.2739342
0,0.2571074
0,0.2522355
0,0.24857466
0,0.2645817
0,0.2725149
0,0.26662984
0,0.26570675
0,0.2589133
0,0.2662387
0,0.25862357
0,0.2456175
0,0.24886765
0,0.25465894
0,0.25729498
0,0.2632797
0,0.26512402
0,0.2660542
0,0.26107574
0,0.25280482
0,0.24476749
0,0.25046888
0,0.2457345
0,0.24386495
0,0.24288553
0,0.24854365
0,0.24236579
0,0.24860011
0,0.24876842
0,0.25380108
0,0.24989775
0,0.2486468
0,0.24797907
0,0.2639611
0,0.24804132
0,0.25395045
0,0.24818331
0,0.26231703
0,0.269188
0,0.26648498
0,0.26155832
0,0.2546051
0,0.2461613
0,0.24650013
0,0.25482532
0,0.25173876
0,0.26328704
0,0.25963604
0,0.26753983
0,0.26987624
0,0.25485694
0,0.2507589
0,0.24603231
0,0.26517484
0,0.26011205
0,0.25960174
0,0.26666826
0,0.26604307
0,0.2510131
0,0.25149408
0,0.25479364
0,0.25127235
0,0.25382346
0,0.25360048
0,0.25359982
0,0.25381422
0,0.24800482
0,0.2540361
0,0.2529862
0,0.25158703
0,0.2507819
0,0.2450905
0,0.26407978
0,0.25580582
0,0.24823509
0,0.24915677
0,0.24341007
0,0.24150468
0,0.24710165
0,0.26126942
0,0.24565338
0,0.2421015
0,0.2381231
0,0.25638992
0,0.26445872
0,0.2623568
0,0.2510209
0,0.2570708
0,0.2583101
0,0.24833158
0,0.24816339
0,0.24274068
0,0.25472814
0,0.25998178
0,0.26190192
0,0.25980368
0,0.25816572
0,0.25720787
0,0.25074813
0,0.25911915
0,0.24456972
0,0.25020725
0,0.2444878
0,0.29235536
0,0.27863544
0,0.25521848
0,0.25131372
0,0.2466371
0,0.24792992
0,0.24737906
0,0.283565
0,0.2615035
0,0.2630494
0,0.26676184
0,0.25544074
0,0.26707253
0,0.27114087
0,0.2571563
0,0.26257476
0,0.26362732
0,0.2544082
0,0.26108035
0,0.25272802
0,0.25958443
0,0.26197973
0,0.27273047
0,0.27156872
0,0.2615495
0,0.26316202
0,0.25139323
0,0.26196358
0,0.2626514
0,0.2506565
0,0.2549654
0,0.25843117
0,0.2602346
0,0.26118463
0,0.26320267
0,0.25767112
0,0.2503776
0,0.25031868
0,0.26150778
0,0.25830197
0,0.26395893
0,0.26621327
0,0.25077987
0,0.25142702
0,0.2671116
0,0.26875725
0,0.26873282
0,0.26753244
0,0.26751655
0,0.2561232
0,0.25292817
0,0.25744095
0,0.26443508
0,0.26370013
0,0.26803154
0,0.2490017
0,0.62055886
0,0.42148915
0,0.37207046
0,0.32506227
0,0.3041393
0,0.2838817
0,0.28104
0,0.27968433
0,0.2859482
0,0.2620346
0,0.2720532
0,0.2652503
0,0.2573893
0,0.2535287
0,0.25732884
0,0.25148574
0,0.26364532
0,0.2526728
0,0.25876483
0,0.25925848
0,0.25148317
0,0.25211045
0,0.25047076
0,0.26140514
0,0.26341468
0,0.25071988
0,0.26598653
0,0.27219456
0,0.270679
0,0.26337397
0,0.24928294
0,0.25894743
0,0.26598707
0,0.24845085
0,0.24787372
0,0.2542604
0,0.25737417
0,0.2603362
0,0.26600346
0,0.26353952
0,0.25253358
0,0.24798673
0,0.25406048
0,0.2575132
0,0.25600538
0,0.25149482
0,0.24473076
0,0.24857819
0,0.2507788
0,0.24569437
0,0.23968492
0,0.25055268
0,0.2552843
0,0.25708473
0,0.25566658
0,0.25358105
0,0.2519252
0,0.24517432
0,0.25312296
0,0.2556645
0,0.26382217
0,0.25772905
0,0.27359658
0,0.26289764
0,0.25663197
0,0.24757098
0,0.24841706
0,0.26069757
0,0.26890656
0,0.27285114
0,0.2691584
0,0.28872135
0,0.2671968
0,0.25526842
0,0.27791095
0,0.27005705
0,0.25760713
0,0.26876542
0,0.2671608
0,0.27349272
0,0.2608963
0,0.26000413
0,0.26313925
0,0.25183022
0,0.258141
0,0.2593962
0,0.24911067
0,0.26351067
0,0.25694132
0,0.26166832
0,0.2641507
0,0.25017422
0,0.26041564
0,0.25582483
0,0.2684955
0,0.30663356
0,0.2761376
0,0.27005008
0,0.26360866
0,0.26288193
0,0.2568999
0,0.25981316
0,0.2692842
0,0.2737408
0,0.259078
0,0.2678679
0,0.27200136
0,0.2657074
0,0.26701295
0,0.27162895
0,0.2616917
0,0.26480463
0,0.2586707
0,0.2556512
0,0.25020638
0,0.25463206
0,0.26020086
0,0.2494304
0,0.25490248
0,0.2605781
0,0.24757311
0,0.24240778
0,0.27844447
0,0.26757336
0,0.26222453
0,0.2647771
0,0.26796752
0,0.25492918
0,0.25463217
0,0.25282428
0,0.265645
0,0.26731652
0,0.2521968
0,0.28652152
0,0.27410397
0,0.2616704
0,0.25618234
0,0.25389728
0,0.25980124
0,0.26320878
0,0.2640509
0,0.26258904
0,0.25249335
0,0.24855329
0,0.24564917
0,0.26136294
0,0.26743463
0,0.27093893
0,0.2535968
0,0.26026866
0,0.2670293
0,0.26290098
0,0.25373414
0,0.26045635
0,0.25721636
0,0.2666013
0,0.2646077
0,0.2538166
0,0.2656804
0,0.25346878
0,0.24739656
0,0.25931263
0,0.2630603
0,0.24914412
0,0.25998977
0,0.24696834
0,0.2589845
0,0.24672766
0,0.25792167
0,0.26108286
0,0.2628926
0,0.26426128
0,0.2757242
0,0.25784984
0,0.27036452
0,0.2516445
0,0.24975602
0,0.25532046
0,0.24740602
0,0.24915133
0,0.25471413
0,0.25530493
0,0.24621409
0,0.24800958
0,0.2783019
0,0.28883615
0,0.27230963
0,0.2684526
0,0.25868738
0,0.2595858
0,0.25728843
0,0.2680937
0,0.254411
0,0.25654078
0,0.24382211
0,0.24342486
0,0.2512486
0,0.24406202
0,0.25195926
0,0.24779902
0,0.24868993
0,0.2519511
0,0.24725062
0,0.25249556
0,0.25097254
0,0.25838667
0,0.25035718
0,0.24757726
0,0.25252238
0,0.25992444
0,0.25400832
0,0.26162568
0,0.24475966
0,0.243067
0,0.2409849
0,0.2404233
0,0.24302247
0,0.25268126
0,0.2518368
0,0.24712996
0,0.25045705
0,0.25990438
0,0.25513354
0,0.24351606
0,0.24497686
0,0.2548014
0,0.2509689
0,0.25057444
0,0.25483307
0,0.24721655
0,0.24201255
0,0.23887974
0,0.24105166
0,0.23651004
0,0.24402957
0,0.25682896
0,0.26013783
0,0.26132372
0,0.25088403
0,0.2472997
0,0.24906784
0,0.25612745
0,0.26749277
0,0.2531103
0,0.25926
0,0.2501271
0,0.24507295
0,0.24659479
0,0.2504937
0,0.25773633
0,0.25142992
0,0.26546377
0,0.26097152
0,0.2598957
0,0.25877225
0,0.26378846
0,0.26899636
0,0.26122636
0,0.2596871
0,0.26268983
0,0.2524887
0,0.2550747
0,0.24352485
0,0.23883437
0,0.24688065
0,0.2687722
0,0.29134873
0,0.2746933
0,0.26709053
0,0.26971242
0,0.25537595
0,0.25917524
0,0.2775092
0,0.27130717
0,0.26312622
0,0.2508742
0,0.26158318
0,0.25244585
0,0.25071293
0,0.24671224
0,0.2566518
0,0.25818607
0,0.25965345
0,0.26248103
0,0.25188646
0,0.2526301
0,0.24498342
0,0.26200736
0,0.25775388
0,0.2573616
0,0.2562147
0,0.2456137
0,0.2629253
0,0.25588995
0,0.26333848
0,0.2711571
0,0.25040677
0,0.30868754
0,0.27970454
0,0.27729532
0,0.27126813
0,0.25901628
0,0.25165787
0,0.24743704
0,0.25892767
0,0.2564042
0,0.25418425
0,0.26180467
0,0.27114135
0,0.25302666
0,0.25192404
0,0.26183242
0,0.2513604
0,0.24251804
0,0.254921
0,0.25748968
0,0.24872221
0,0.24598621
0,0.24330807
0,0.24127983
0,0.24972689
0,0.24135046
0,0.25507855
0,0.25321913
0,0.26215795
0,0.24700125
0,0.25223637
0,0.25282973
0,0.2505337
0,0.25163716
0,0.27359375
0,0.26190636
0,0.26344505
0,0.24910079
0,0.24595444
0,0.2538389
0,0.24577755
0,0.24752629
0,0.24825537
0,0.25058708
0,0.25089577
0,0.24199355
0,0.23841652
0,0.25582442
0,0.25740933
0,0.2593718
0,0.2607587
0,0.251003
0,0.24795493
0,0.24027993
0,0.24109212
0,0.25009936
0,0.24286903
0,0.25054294
0,0.2582485
0,0.25911537
0,0.2524313
0,0.2538677
0,0.24481462
0,0.2513523
0,0.25748953
0,0.25391224
0,0.24340482
0,0.25993797
0,0.25086942
0,0.25611085
0,0.2524933
0,0.25367722
0,0.24790423
0,0.23956132
0,0.2570061
0,0.2629664
0,0.24933207
0,0.25483918
0,0.24472049
0,0.25786334
0,0.24578513
0,0.2575485
0,0.2602632
0,0.27304143
0,0.25213543
0,0.25143483
0,0.24969926
0,0.24685158
0,0.23869686
0,0.25568965
0,0.26062822
0,0.26482946
0,0.27550977
0,0.27268264
0,0.26225895
0,0.268243
0,0.26364896
0,0.25623164
0,0.2595949
0,0.25852975
0,0.24852881
0,0.24772114
0,0.24745622
0,0.24633482
0,0.25550956
0,0.25977427
0,0.2661462
0,0.24818331
0,0.24231173
0,0.23833081
0,0.27537078
0,0.25878027
0,0.25044453
0,0.25733992
0,0.26231694
0,0.2560389
0,0.264434
0,0.24574165
0,0.24994145
0,0.24900237
0,0.2662957
0,0.26753
0,0.26828858
0,0.2571313
0,0.24857086
0,0.24704444
0,0.2605354
0,0.25653556
0,0.26227814
0,0.2664104
0,0.2708361
0,0.25734815
0,0.25376987
0,0.2512544
0,0.25239664
0,0.25223044
0,0.26190782
0,0.2665159
0,0.25376865
0,0.2535514
0,0.25298038
0,0.26197815
0,0.26614255
0,0.25292742
0,0.25727108
0,0.26185146
0,0.26301685
0,0.24895172
0,0.25461793
0,0.26086017
0,0.25665718
0,0.2552695
0,0.26452634
0,0.2523433
0,0.27363527
0,0.2550097
0,0.2552066
0,0.2546341
0,0.24832346
0,0.2553812
0,0.25098428
0,0.2556968
0,0.27271387
0,0.25250834
0,0.24789914
0,0.2607013
0,0.2667989
0,0.26728946
0,0.26776442
0,0.2631644
0,0.2556421
0,0.25077966
0,0.2562556
0,0.25921836
0,0.25016975
0,0.251403
0,0.26123738
0,0.26013735
0,0.259388
0,0.24874222
0,0.24429038
0,0.25140068
0,0.25255772
0,0.25406605
0,0.24805236
0,0.2515816
0,0.25840127
0,0.24861047
0,0.24849163
0,0.23939192
0,0.25969252
0,0.26421028
0,0.25093344
0,0.26065665
0,0.25572032
0,0.24749438
0,0.25454003
0,0.24783611
0,0.26543406
0,0.24820083
0,0.24864385
0,0.26721635
0,0.25547534
0,0.2539012
0,0.2635536
0,0.2627259
0,0.26390406
0,0.27156222
0,0.26657975
0,0.26999718
0,0.2695579
0,0.2556999
0,0.2736107
0,0.26608455
0,0.26532862
0,0.258758
0,0.26114687
0,0.26459795
0,0.25673923
0,0.24836598
0,0.25435874
0,0.3731677
0,0.305908
0,0.29428357
0,0.2864204
0,0.27493027
0,0.26465705
0,0.25925153
0,0.25911197
0,0.2708575
0,0.2562447
0,0.25184685
0,0.25362653
0,0.24860135
0,0.24514388
0,0.25113454
0,0.2503835
0,0.24905288
0,0.24954914
0,0.2482469
0,0.24903415
0,0.26142505
0,0.24414323
0,0.24624772
0,0.2561956
0,0.2595113
0,0.262223
0,0.26350325
0,0.2640268
0,0.2653787
0,0.25414783
0,0.24758697
0,0.26121172
0,0.27252555
0,0.27180064
0,0.27302974
0,0.26208243
0,0.2575225
0,0.24934691
0,0.25549266
0,0.25640085
0,0.25230408
0,0.26010138
0,0.2540299
1,0.25002605
1,0.25203833
1,0.24850143
1,0.25500998
1,0.2537559
1,0.2523302
1,0.25270838
1,0.25156304
1,0.26077577
1,0.26528352
1,0.25068524
1,0.25052038
1,0.24974367
1,0.26386207
1,0.4519771
1,0.95772815
0,0.9909447
0,0.98356
0,0.9857952
0,0.9786397
0,0.9590738
0,0.9250454
0,0.8626861
0,0.8090793
0,0.75573444
0,0.67864347
0,0.60514927
0,0.54235727
0,0.7027674
0,0.6279908
0,0.51791316
0,0.46536362
0,0.39407793
0,0.32713205
1,0.27198574
1,0.24882995
1,0.20199898
1,0.17389227
1,0.15586796
1,0.13783099
1,0.13302954
1,0.12503219
1,0.12109728
1,0.11903004
1,0.11950102
1,0.21970244
1,0.42760026
1,0.4754902
1,0.7824667
1,0.9858424
0,0.9963579
0,0.9936429
0,0.98945683
0,0.98129934
0,0.9701836
0,0.94924533
0,0.92154557
0,0.85831285
0,0.8024197
0,0.7611097
0,0.70708454
0,0.6484978
0,0.5969149
0,0.50099385
0,0.4286504
0,0.35700956
0,0.30289575
0,0.26417953
0,0.22118539
0,0.19804344
0,0.18010215
0,0.1649402
0,0.14036657
0,0.12691684
0,0.12288123
0,0.17344189
0,0.15234439
0,0.13884853
0,0.1290651
0,0.16374636
0,0.2902348
0,0.380393
0,0.71348965
0,0.9449189
0,0.93766576
0,0.93324995
0,0.907138
0,0.83963275
0,0.75678754
0,0.6430615
0,0.54213357
0,0.43325272
0,0.37351587
0,0.30385187
0,0.25335965
0,0.24420251
0,0.18257754
0,0.14469033
0,0.13700207
0,0.12691738
0,0.1230214
0,0.12254191
0,0.12372837
0,0.12291967
0,0.120549165
0,0.17089769
0,0.50845236
0,0.91571164
0,0.98414004
0,0.98458225
0,0.98276216
0,0.98154455
1,0.9840823
1,0.98106027
1,0.96198314
1,0.92862236
1,0.91939867
1,0.84121203
1,0.755989
1,0.7402881
1,0.72446203
1,0.77556854
1,0.6297164
1,0.61940694
1,0.76763606
1,0.8684082
1,0.9391363
1,0.9899947
1,0.993242
1,0.9967406
1,0.99485147
1,0.9938728
1,0.99345917
1,0.99339354
1,0.99162495
1,0.9919101
1,0.99135166
1,0.9870204
1,0.98429775
1,0.9880176
1,0.9821296
1,0.9927656
1,0.98196554
1,0.9823834
1,0.9815067
1,0.9738904
1,0.97972316
1,0.99265015
1,0.983207
1,0.9816766
1,0.97982585
1,0.9805696
0,0.996009
0,0.99314505
0,0.9932753
0,0.9937588
0,0.9861119
0,0.9784949
0,0.96851784
0,0.9575611
1,0.9620572
1,0.9634224
1,0.9559843
1,0.95058393
1,0.95225793
1,0.96325314
1,0.9765841
1,0.97500557
1,0.97807163
1,0.973243
1,0.94450706
1,0.94407684
1,0.9450734
1,0.953646
1,0.9674341
1,0.99163586
1,0.9757885
1,0.969347
1,0.96533287
1,0.96951085
1,0.96784955
1,0.9598831
1,0.95910364
1,0.94887733
1,0.9421164
1,0.93770707
1,0.9339006
0,0.9836184
0,0.95689565
0,0.94590676
0,0.9428082
0,0.9513336
0,0.9526632
0,0.94929206
0,0.9530061
0,0.9509009
0,0.9576701
0,0.95911336
0,0.9822139
0,0.9694338
0,0.97020835
0,0.97029614
0,0.98151106
1,0.9777576
1,0.9704481
1,0.9652137
1,0.9642033
1,0.96842957
1,0.965796
1,0.9562638
1,0.95799345
1,0.9500525
1,0.9518772
1,0.95013887
1,0.95130086
1,0.95095587
1,0.9485281
1,0.9454012
0,0.9842366
0,0.9644168
0,0.9616517
0,0.9659275
0,0.95638347
0,0.9599921
0,0.96237797
0,0.96503735
1,0.9517843
1,0.954855
1,0.94619435
1,0.9737459
1,0.95390564
1,0.94094557
1,0.9186083
1,0.9228023
1,0.91363764
1,0.9103884
1,0.88673156
1,0.8748777
1,0.86730486
1,0.8677232
1,0.8960822
1,0.9809437
1,0.95982665
1,0.9671046
1,0.9711635
1,0.9931218
1,0.9953417
1,0.9851789
1,0.98152
1,0.98421437
1,0.98155814
1,0.97810477
1,0.9814528
1,0.98085344
1,0.98172945
1,0.99534005
1,0.99367464
1,0.99284697
1,0.98777086
1,0.9786303
1,0.975034
1,0.97777224
1,0.9765233
1,0.99376166
1,0.988469
1,0.98807395
1,0.9966193
1,0.9945863
1,0.9940521
1,0.9976197
1,0.9940099
1,0.9947834
1,0.9950207
1,0.9949782
1,0.993578
1,0.9846675
1,0.98388743
1,0.9854561
0,0.995596
0,0.99113566
0,0.9883634
0,0.9873552
0,0.98504543
0,0.973304
0,0.9525169
0,0.9347762
0,0.9030618
0,0.8788547
0,0.8867905
0,0.889917
0,0.90788597
0,0.8909396
0,0.8186817
0,0.78785706
0,0.7539463
0,0.59939
0,0.58309543
0,0.49646193
0,0.34824383
0,0.27881834
0,0.2766454
0,0.2535257
0,0.25191882
0,0.24922618
0,0.23831828
0,0.23593354
0,0.18770391
0,0.13466951
0,0.12237978
0,0.12257279
0,0.12522225
0,0.12661865
0,0.12684995
0,0.13060708
0,0.13459042
0,0.14217363
0,0.1490951
0,0.16005208
0,0.17671159
0,0.19406694
0,0.21763256
0,0.22715175
0,0.23281209
0,0.24715224
0,0.24760251
0,0.27412996
0,0.26690164
0,0.2663631
0,0.2745352
0,0.2680131
0,0.2701949
0,0.27663302
0,0.27417174
0,0.27229425
0,0.27226052
0,0.2645125
0,0.26773039
0,0.26837397
0,0.27049625
0,0.26998022
0,0.26236832
0,0.2535729
0,0.2578678
0,0.26693314
0,0.26756912
0,0.2639698
0,0.26310322
0,0.26298794
0,0.26708484
0,0.24923426
0,0.2570522
0,0.2581846
0,0.25998384
0,0.25353286
0,0.26260898
0,0.26969057
0,0.26307967
0,0.2588893
0,0.2584963
0,0.26248935
0,0.26394382
0,0.26301143
0,0.25883153
0,0.2567706
0,0.2501754
0,0.25740775
0,0.25405586
0,0.2471767
0,0.25972065
0,0.26313278
0,0.25561112
0,0.27846795
0,0.25942922
0,0.29124567
0,0.2825568
0,0.27500585
0,0.27289408
0,0.2804422
0,0.2797617
0,0.28256258
0,0.2652673
0,0.26752266
0,0.26657483
0,0.26619813
0,0.27157074
0,0.26656654
0,0.26552054
0,0.2630482
0,0.26188415
0,0.26209167
0,0.2646032
0,0.2621836
0,0.25782502
0,0.25812137
0,0.26409963
0,0.27571002
0,0.26924932
0,0.26378012
0,0.26156676
0,0.25299835
0,0.26234424
0,0.26279825
0,0.26319483
0,0.2728967
0,0.25752497
0,0.25687316
0,0.25476068
0,0.24825217
0,0.24607447
0,0.24854247
0,0.24584799
0,0.23919174
0,0.24777123
0,0.25011358
0,0.25869286
0,0.262193
0,0.2500345
0,0.26030838
0,0.26136655
0,0.26279387
0,0.27584565
0,0.2690419
0,0.27641305
0,0.27036303
0,0.28250816
0,0.27428058
0,0.26402193
0,0.26266962
0,0.26406506
0,0.25770125
0,0.25589967
0,0.2652451
0,0.2672002
0,0.2724633
0,0.29115316
0,0.29062426
0,0.26767287
0,0.27725336
0,0.26913667
0,0.26909333
0,0.2655232
0,0.25553793
0,0.26061082
0,0.26029572
0,0.2473742
0,0.2533788
0,0.25354937
0,0.24717264
0,0.2516564
0,0.25689292
0,0.25870883
0,0.2534391
0,0.26216966
0,0.26037338
0,0.26538563
0,0.26110315
0,0.26423228
0,0.25419
0,0.26903164
0,0.2574675
0,0.2590519
0,0.2670519
0,0.26584396
0,0.27316248
0,0.2663869
0,0.26539776
0,0.26426408
0,0.2605601
0,0.26629552
0,0.2623759
0,0.27106088
0,0.26608232
0,0.26247883
0,0.26298904
0,0.26075336
0,0.25924394
0,0.25739786
0,0.26395234
0,0.25335664
0,0.25551867
0,0.26139355
0,0.26177713
0,0.2676032
0,0.25940117
0,0.25080332
0,0.2633125
0,0.26156968
0,0.2564768
0,0.25376448
0,0.25395235
0,0.26302442
0,0.24899526
0,0.26464313
0,0.27002636
0,0.2696632
0,0.27087042
0,0.28449187
0,0.28288397
0,0.29248467
0,0.2679969
0,0.2722427
0,0.2864327
0,0.26969683
0,0.27242532
0,0.2714254
0,0.2702004
0,0.27019367
0,0.25543088
0,0.26684275
0,0.26302436
0,0.27620292
0,0.27289024
0,0.2626724
0,0.26140773
0,0.26222244
0,0.26428828
0,0.26992422
0,0.26408648
0,0.26209885
0,0.26693797
0,0.2665134
0,0.2650517
0,0.2756393
0,0.25972238
0,0.2591747
0,0.257446
0,0.2614143
0,0.2571067
0,0.2511521
0,0.25723287
0,0.25387302
0,0.25184816
0,0.2601561
0,0.26159847
0,0.2578357
0,0.27016217
0,0.26303622
0,0.2734308
0,0.25895566
0,0.25452954
0,0.2629772
0,0.26318964
0,0.26370963
0,0.28993288
0,0.2798655
0,0.27782947
0,0.26268882
0,0.26678866
0,0.2754285
0,0.26851746
0,0.26255193
0,0.26721165
0,0.27065492
0,0.26962736
0,0.25660193
0,0.2662141
0,0.25718653
0,0.2618077
0,0.26094395
0,0.26061141
0,0.25858873
0,0.2528704
0,0.24399807
0,0.2586909
0,0.26793855
0,0.26044166
0,0.26006368
0,0.25325707
0,0.25183475
0,0.26615247
0,0.25252503
0,0.25431913
0,0.25095752
0,0.24661212
0,0.2527886
0,0.26008505
0,0.26248062
0,0.26574233
0,0.25006387
0,0.2543931
0,0.25532645
0,0.26001936
0,0.26346374
0,0.2641483
0,0.25851697
0,0.25508925
0,0.24368852
0,0.25878382
0,0.35062224
0,0.31104907
0,0.2725901
0,0.27432224
0,0.27598387
0,0.26502573
0,0.251192
0,0.26346546
0,0.280685
0,0.26762027
0,0.26495767
0,0.26154977
0,0.25427523
0,0.2572105
0,0.24816476
0,0.24841177
0,0.24876253
0,0.2487858
0,0.24614154
0,0.24926198
0,0.2475104
0,0.24258746
0,0.2418212
0,0.23647578
0,0.24371672
0,0.24125636
0,0.24758643
0,0.26139835
0,0.25220942
0,0.24725708
0,0.23910302
0,0.2519288
0,0.24908443
0,0.24838382
0,0.24781026
0,0.25340337
0,0.23990652
0,0.23502377
0,0.24715818
0,0.24438569
0,0.24332187
0,0.24862987
0,0.24651198
0,0.2358704
0,0.26655638
0,0.24382706
0,0.2513707
0,0.24587482
0,0.2504268
0,0.2483239
0,0.24288711
0,0.24442317
0,0.25402132
0,0.24998213
0,0.25516674
0,0.25195295
0,0.26235974
0,0.251298
0,0.25176492
0,0.24028215
0,0.2354767
0,0.24238527
0,0.24375555
0,0.259349
0,0.24082053
0,0.24248677
0,0.25157526
0,0.23955706
0,0.2512075
0,0.2567045
0,0.26179555
0,0.25882167
0,0.25975916
0,0.26414546
0,0.27092075
0,0.25107658
0,0.26163137
0,0.25742805
0,0.2615938
0,0.25725588
0,0.2608199
0,0.26212677
0,0.26212347
0,0.2565929
0,0.26117745
0,0.26507637
0,0.26248434
0,0.26335275
0,0.26689842
0,0.26393026
0,0.26766795
0,0.25406158
0,0.25267604
0,0.2562189
0,0.25624377
0,0.24891065
0,0.24795838
0,0.25766978
0,0.25362688
0,0.24487616
0,0.24896592
0,0.24901631
0,0.2505688
0,0.25649905
0,0.2641048
0,0.25096756
0,0.2559246
0,0.26355803
0,0.26554343
0,0.26137635
0,0.2664503
0,0.26138702
0,0.276967
0,0.27617943
0,0.26614204
0,0.26667914
0,0.2665836
0,0.2665397
0,0.2604202
0,0.2587879
0,0.25588042
0,0.25905013
0,0.24989082
0,0.2567256
0,0.25139323
0,0.2511793
0,0.25628984
0,0.25567865
0,0.25162742
0,0.25586042
0,0.25343856
0,0.25771865
0,0.25346896
0,0.24783239
0,0.2509033
0,0.2513414
0,0.2514929
0,0.251126
0,0.25842375
0,0.27010226
0,0.25792038
0,0.26652
0,0.26776156
0,0.26908866
0,0.26440135
0,0.26532283
0,0.25162348
0,0.26605576
0,0.26537567
0,0.26685435
0,0.2675603
0,0.2674959
0,0.26013458
0,0.26154995
0,0.24940051
0,0.2605013
0,0.26061577
0,0.2565766
0,0.26199022
0,0.26243943
0,0.2622289
0,0.25641203
0,0.26044676
0,0.26794547
0,0.2658215
0,0.25286093
0,0.24719082
0,0.27707958
0,0.28034768
0,0.2702236
0,0.25825292
0,0.25669664
0,0.24827486
0,0.2517442
0,0.25521195
0,0.25274587
0,0.25203598
0,0.25307018
0,0.25626773
0,0.2529313
0,0.275142
0,0.26531452
0,0.25505483
0,0.2655564
0,0.26223677
0,0.2563869
0,0.2530077
0,0.27085176
0,0.26222393
0,0.2650754
0,0.26959553
0,0.26399213
0,0.26420563
0,0.2535415
0,0.2625089
0,0.26254472
0,0.26026675
0,0.2486385
0,0.2601863
0,0.26112184
0,0.24861018
0,0.25384942
0,0.24617074
0,0.25092912
0,0.2517369
0,0.24691696
0,0.25365037
0,0.24481292
0,0.2485026
0,0.24291095
0,0.25657234
0,0.25051975
0,0.2548356
0,0.2562603
0,0.2527218
0,0.26466945
0,0.26645684
0,0.25843683
0,0.26473457
0,0.26782802
0,0.26813525
0,0.26782915
0,0.2670081
0,0.26040328
0,0.27364758
0,0.2613222
0,0.26384392
0,0.26367778
0,0.26961285
0,0.26772302
0,0.26425534
0,0.26246792
0,0.26057914
0,0.25018087
0,0.2580375
0,0.2569276
0,0.25601557
0,0.25546628
0,0.25437167
0,0.25308505
0,0.25270188
0,0.24980153
0,0.25562716
0,0.25220072
0,0.2520985
0,0.24930663
0,0.24859308
0,0.2575367
0,0.26598597
0,0.2602045
0,0.25150236
0,0.2631133
0,0.253236
0,0.24789186
0,0.25113782
0,0.25699922
0,0.24785212
0,0.2521708
0,0.25816116
0,0.2579598
0,0.25430092
0,0.26546648
0,0.2719257
0,0.25787365
0,0.25377387
0,0.26717058
0,0.26102552
0,0.25477466
0,0.2551516
0,0.2544531
0,0.2566881
0,0.24947222
0,0.2457664
0,0.24962005
0,0.24440017
0,0.24279618
0,0.24561466
0,0.25760564
0,0.27998146
0,0.27915883
0,0.25812253
0,0.26744974
0,0.26774785
0,0.2719817
0,0.27487248
0,0.25522745
0,0.2641658
0,0.26406237
0,0.27952954
0,0.25786918
0,0.26280895
0,0.25299528
0,0.25777754
0,0.2590987
0,0.2540887
0,0.25793022
0,0.24733216
0,0.24895978
0,0.25286278
0,0.25146395
0,0.24706563
0,0.25188127
0,0.25269407
0,0.25356376
0,0.25885257
0,0.2616563
0,0.2576154
0,0.2603091
0,0.24928518
0,0.25199702
0,0.25096533
0,0.2505371
0,0.26045677
0,0.25849375
0,0.26706234
0,0.2675417
0,0.26347592
0,0.2838742
0,0.27207035
0,0.27310634
0,0.27090997
0,0.27001584
0,0.2525734
0,0.26146045
0,0.26867765
0,0.27545092
0,0.26892766
0,0.26332498
0,0.25819325
0,0.2744631
0,0.27001318
0,0.26336968
0,0.26433688
0,0.27643695
0,0.2651228
0,0.25695863
0,0.25293607
0,0.264382
0,0.26298237
0,0.26028532
0,0.24893206
0,0.24624613
0,0.2559496
0,0.2474454
0,0.24868402
0,0.24882436
0,0.2596456
0,0.28041255
0,0.26715997
0,0.2701877
0,0.2626603
0,0.25455052
0,0.25465232
0,0.2607536
0,0.26265764
0,0.2641524
0,0.2652685
0,0.26872143
0,0.26688027
0,0.2761239
0,0.26821125
0,0.26738417
0,0.26663226
0,0.26432526
0,0.2645325
0,0.25721914
0,0.25432184
0,0.24869151
0,0.25385615
0,0.24872674
0,0.24848579
0,0.24086484
0,0.25492448
0,0.24729668
0,0.24906121
0,0.23850298
0,0.24382652
0,0.25215605
0,0.24510135
0,0.25794774
0,0.26165295
0,0.2523375
0,0.2500492
0,0.25935704
0,0.2642764
0,0.26552942
0,0.262845
0,0.25996816
0,0.2585869
0,0.26422346
0,0.25298437
0,0.26516846
0,0.26832473
0,0.25572148
0,0.25573692
0,0.26232174
0,0.26119176
0,0.2613882
0,0.25068957
0,0.25636142
0,0.2601771
0,0.26041967
0,0.26219186
0,0.2592637
0,0.257332
0,0.26680604
0,0.25130722
0,0.24932961
0,0.24747042
0,0.24793062
0,0.24849324
0,0.2560201
0,0.26192635
0,0.24989475
0,0.2527651
0,0.25218502
0,0.25054607
0,0.24833567
0,0.26167837
0,0.2571433
0,0.26358625
0,0.2657768
0,0.26072317
0,0.266998
0,0.27305165
0,0.2698219
0,0.2688075
0,0.2651361
0,0.25938576
0,0.26349515
0,0.2525485
0,0.25906855
0,0.25013503
0,0.2573086
0,0.25961235
0,0.26404712
0,0.26242056
0,0.2519383
0,0.2467771
0,0.2534908
0,0.25668672
0,0.25046727
0,0.25895375
0,0.25801277
0,0.25798973
0,0.25650594
0,0.25031397
0,0.2583807
0,0.35036656
0,0.29286402
0,0.28354856
0,0.2766575
0,0.26888135
0,0.26285604
0,0.25790495
0,0.25047597
0,0.26190934
0,0.25032458
0,0.2611922
0,0.28141716
0,0.27390406
0,0.25668603
0,0.26588124
0,0.25220552
0,0.26264656
0,0.2644101
0,0.26539883
0,0.2625788
0,0.2573615
0,0.25231847
0,0.26040626
0,0.25702873
0,0.26308966
0,0.25497913
0,0.26220143
0,0.26714215
0,0.26985186
0,0.25802788
0,0.26342413
0,0.2621326
0,0.2608591
0,0.24895506
0,0.25596243
0,0.25549725
0,0.25468102
0,0.2503041
0,0.25301188
0,0.2510046
0,0.35777497
0,0.29855576
0,0.28615528
0,0.29031911
0,0.27699068
0,0.2635869
0,0.26616305
0,0.25298694
0,0.26294255
0,0.25455496
0,0.26221457
0,0.25807428
0,0.26265794
0,0.25314853
0,0.25710237
0,0.26357925
0,0.2626759
0,0.25211307
0,0.25922874
0,0.2650699
0,0.26283738
0,0.25527984
0,0.2517387
0,0.26234332
0,0.25668
0,0.26625314
0,0.25371373
0,0.2572609
0,0.26260298
0,0.250493
0,0.4163559
0,0.31101805
0,0.29445484
0,0.27923647
0,0.26807374
0,0.2613527
0,0.25034347
0,0.2468996
0,0.2592739
0,0.24772902
0,0.2503645
0,0.2481789
0,0.2552648
0,0.2516477
0,0.24456567
0,0.26424867
0,0.2613735
0,0.26760796
0,0.26321325
0,0.25638428
0,0.2629529
0,0.27051088
0,0.2580408
0,0.25871286
0,0.26109737
0,0.26327944
0,0.25381395
0,0.2538779
0,0.25681043
0,0.2602674
0,0.25169602
0,0.25791177
0,0.25577277
0,0.25844377
0,0.2654028
0,0.26097503
0,0.25457883
0,0.25571913
0,0.2551199
0,0.25431398
0,0.25113612
0,0.25577167
0,0.251061
0,0.25331157
0,0.25729388
0,0.24695717
0,0.24855803
0,0.2534805
0,0.24884169
0,0.25112984
0,0.24934246
0,0.2440124
0,0.24754184
0,0.24887004
0,0.24061249
0,0.23986359
0,0.24047732
0,0.23400725
0,0.24720132
0,0.24173626
0,0.25461602
0,0.26156065
0,0.2500423
0,0.25311083
0,0.2562015
0,0.25622904
0,0.25648585
0,0.26662955
0,0.27103883
0,0.2690419
0,0.25361964
0,0.27156407
1,0.26293963
1,0.252358
1,0.2567662
1,0.2530557
1,0.2702635
1,0.26982898
1,0.26808357
1,0.26911998
1,0.26470459
1,0.2644969
1,0.25955933
1,0.26481533
1,0.26448065
1,0.25887275
1,0.2542958
0,0.9244587
0,0.6873177
0,0.5911506
0,0.49667853
0,0.42083564
0,0.37733224
0,0.33430362
0,0.3116012
0,0.27632943
0,0.25759497
0,0.25192678
0,0.25303313
0,0.23960371
0,0.22717983
0,0.20714782
0,0.19862789
0,0.18852113
0,0.18502723
0,0.18586513
0,0.19184802
0,0.19666283
0,0.21497118
0,0.21590625
0,0.22573823
0,0.23518641
0,0.23797694
0,0.2395387
0,0.25105995
0,0.25332183
0,0.24663839
0,0.24958521
0,0.25350496
0,0.24833554
0,0.24901739
0,0.24801528
0,0.24914439
0,0.25526315
0,0.24607496
0,0.254377
0,0.25626948
0,0.25055984
0,0.2435552
0,0.25038466
0,0.2460486
0,0.24477875
0,0.2526972
0,0.25577703
0,0.24600804
0,0.25788155
0,0.26054052
0,0.25748217
0,0.26079777
0,0.2592942
0,0.25862548
0,0.24737866
0,0.25047606
0,0.24960437
0,0.24988429
0,0.24996676
0,0.25058445
0,0.24089621
0,0.24676646
0,0.24684538
0,0.25044972
0,0.25212348
0,0.25583214
0,0.24552795
0,0.2559469
0,0.25452268
0,0.24853538
0,0.24762827
0,0.2532457
0,0.24851443
0,0.24721256
0,0.24875595
0,0.25062257
0,0.2554805
0,0.24886413
0,0.24983363
0,0.25824735
0,0.26084432
0,0.2675761
0,0.262114
0,0.26078865
0,0.5429988
0,0.392964
0,0.35465544
0,0.30939057
0,0.29134247
0,0.2799166
0,0.27722317
0,0.27877513
0,0.27086383
0,0.25784948
0,0.26502463
0,0.26021162
0,0.25702846
0,0.25762123
0,0.26515535
0,0.3476979
0,0.2927857
0,0.26661572
0,0.2684412
0,0.26100188
0,0.25615588
0,0.25605634
0,0.2565929
0,0.25769567
0,0.26093107
0,0.2606405
0,0.26066503
0,0.25224337
0,0.26580524
0,0.2712542
0,0.27058467
0,0.266483
0,0.26984054
0,0.27473706
0,0.27099994
0,0.25889227
0,0.2667424
0,0.2673244
0,0.26188725
0,0.25912416
0,0.25686768
0,0.2511718
0,0.25893584
0,0.2652396
0,0.2564562
0,0.26262185
0,0.2630884
0,0.2625429
0,0.2617634
0,0.27183282
0,0.2680884
0,0.25627458
0,0.26014745
0,0.25338268
0,0.25103605
0,0.26610634
0,0.25956595
0,0.2580866
0,0.28059164
0,0.26555413
0,0.26128414
0,0.2583225
0,0.26513824
0,0.2578822
0,0.2638045
0,0.26693195
0,0.2704621
0,0.26579234
0,0.26907328
0,0.2708943
0,0.2710426
0,0.27093717
0,0.2596342
0,0.26058373
0,0.26491308
0,0.2665992
0,0.25450292
0,0.26092905
0,0.26718125
0,0.263741
0,0.25667626
0,0.2526595
0,0.25700507
0,0.2481246
0,0.25851402
0,0.25649425
0,0.2499385
0,0.24696627
0,0.24821737
0,0.24355265
0,0.24569118
0,0.24232149
0,0.25128627
0,0.2544541
0,0.25150308
0,0.2596008
0,0.25521332
0,0.25395083
0,0.25466016
0,0.257541
0,0.26791975
0,0.25560996
0,0.27302733
0,0.27031195
0,0.26098275
0,0.2726397
0,0.2638403
0,0.26613873
0,0.26635814
0,0.27151522
0,0.2682927
0,0.2724375
0,0.25601992
0,0.26600438
0,0.25164613
0,0.25941885
0,0.2633309
0,0.26235572
0,0.25623158
0,0.26184332
0,0.26136386
0,0.26208574
0,0.2515621
0,0.2647081
0,0.26404515
0,0.26338783
0,0.26210237
0,0.27882248
0,0.2667328
0,0.26546684
0,0.26031762
0,0.26194736
0,0.26111954
0,0.25546935
0,0.2578064
0,0.25524014
0,0.2648554
0,0.25379393
0,0.2639317
0,0.27592784
0,0.26028734
0,0.2721549
0,0.26815015
0,0.27310818
0,0.26871583
0,0.26034477
0,0.25551036
0,0.3059421
0,0.26805162
0,0.27869815
0,0.27936628
0,0.27760735
0,0.26435265
0,0.26731873
0,0.2725396
0,0.25980592
0,0.2623503
0,0.2615519
0,0.25623232
0,0.25885987
0,0.25835085
0,0.26159912
0,0.25317714
0,0.24805146
0,0.25549728
0,0.2585393
0,0.2618987
0,0.26166216
0,0.26124775
0,0.25638172
0,0.25733012
0,0.2649689
0,0.2872941
0,0.27712834
0,0.2710947
0,0.27162024
0,0.25965676
0,0.267157
0,0.25907463
0,0.2647901
0,0.26732033
0,0.2625943
0,0.2610073
0,0.25921166
0,0.2633835
0,0.25544834
0,0.2557879
0,0.2593933
0,0.2597577
0,0.2675447
0,0.26593027
0,0.2656232
0,0.2662424
0,0.2640749
0,0.25677517
0,0.25822452
0,0.2647661
0,0.27155533
0,0.26803058
0,0.27093157
0,0.2682212
0,0.26942608
0,0.26850516
0,0.26622286
0,0.2651449
0,0.26494774
0,0.2672691
0,0.2637279
0,0.26386967
0,0.26924428
0,0.2708538
0,0.27304542
0,0.2707095
0,0.27622345
0,0.27139115
0,0.2698817
0,0.27073124
0,0.2771292
0,0.27395076
0,0.26939628
0,0.25701308
0,0.2617842
0,0.2559054
0,0.26175612
0,0.2606066
0,0.26106048
0,0.26252136
0,0.26271713
0,0.2607664
0,0.2616908
0,0.2672139
0,0.267836
0,0.26086804
0,0.26100472
0,0.263922
0,0.26001173
0,0.2626076
0,0.26383558
0,0.26989907
0,0.26224634
0,0.27192655
0,0.26873067
0,0.2611267
0,0.26437238
0,0.27727965
0,0.27439168
0,0.27741215
0,0.27227458
0,0.25983754
0,0.2713922
0,0.26673177
0,0.27551144
0,0.27261677
0,0.2685354
0,0.26724166
0,0.26502514
0,0.2742716
0,0.26871002
0,0.26767108
0,0.264772
0,0.26320085
0,0.26516706
0,0.2636533
0,0.26039904
0,0.25825793
0,0.25845495
0,0.2610945
0,0.25796595
0,0.26331773
0,0.25406384
0,0.26369712
0,0.2663606
0,0.26702896
0,0.27283788
0,0.2774076
0,0.26567164
0,0.26887047
0,0.2699055
0,0.27441365
0,0.2642394
0,0.2880472
0,0.26900998
0,0.2744036
0,0.2596826
0,0.26440638
0,0.26408157
0,0.25115672
0,0.26126066
0,0.24869499
0,0.25219014
0,0.25768468
0,0.25059557
0,0.24926977
0,0.24910942
0,0.24615486
0,0.24579702
0,0.24600211
0,0.24803716
0,0.2590926
0,0.25775707
0,0.2591758
0,0.2548733
0,0.25852874
0,0.2554583
0,0.25550804
0,0.25792038
0,0.26294625
0,0.2629967
0,0.26992592
0,0.2607353
0,0.26013413
0,0.2569599
0,0.2537292
0,0.2517652
0,0.26615533
0,0.2629931
0,0.25970817
0,0.25614673
0,0.25693724
0,0.26767293
0,0.26240104
0,0.25905973
0,0.26486427
0,0.2739922
0,0.269941
0,0.26646683
0,0.26575944
0,0.2655905
0,0.2690845
0,0.26536772
0,0.2700524
0,0.26450852
0,0.2727516
0,0.2576763
0,0.27629706
0,0.26589015
0,0.26214194
0,0.27351832
0,0.27101266
0,0.27291763
0,0.26734123
0,0.2667895
0,0.26645994
0,0.25526607
0,0.2581876
0,0.26014096
0,0.25978473
0,0.2554908
0,0.25685722
0,0.2638732
0,0.25908527
0,0.26513824
0,0.26734185
0,0.27812114
0,0.2712158
0,0.30926302
0,0.28912532
0,0.2762576
0,0.28015733
0,0.27477005
0,0.27877268
0,0.27439815
0,0.26950675
0,0.2669586
0,0.26465693
0,0.2584071
0,0.26570508
0,0.25812817
0,0.25944188
0,0.26621485
0,0.25960922
0,0.26609805
0,0.28095198
0,0.27268
0,0.26803163
0,0.2570085
0,0.263088
0,0.27472198
0,0.27288595
0,0.27549592
0,0.26948422
0,0.26672634
0,0.26424405
0,0.26853347
0,0.26415125
0,0.274726
0,0.27017757
0,0.2919525
0,0.27902067
0,0.2801992
0,0.27597877
0,0.2753127
0,0.26910967
0,0.27693644
0,0.27817625
0,0.2712343
0,0.27448103
0,0.2809635
0,0.26531303
0,0.27245697
0,0.27275366
0,0.27441794
0,0.27240026
0,0.331733
0,0.29576835
0,0.29677838
0,0.29241875
0,0.28395626
0,0.27864063
0,0.27620798
0,0.27448717
0,0.26706406
0,0.26983282
0,0.2814871
0,0.2667273
0,0.28068975
0,0.25943562
0,0.26978528
0,0.2707694
0,0.27179387
0,0.26463023
0,0.26331195
0,0.25736633
0,0.26386708
0,0.26622462
0,0.26834562
0,0.26731747
0,0.2667328
0,0.27219033
0,0.26969022
0,0.27620018
0,0.27122658
0,0.27072453
0,0.27290192
0,0.27001292
0,0.2723179
0,0.41348824
0,0.32608497
0,0.30378643
0,0.2931376
0,0.28627756
0,0.28286943
0,0.27447575
0,0.28030768
0,0.27547154
0,0.26895258
0,0.27137294
0,0.26301473
0,0.2782479
0,0.26822925
0,0.2625658
0,0.25852594
0,0.25660318
0,0.25602382
0,0.25918493
0,0.2592893
0,0.26403788
0,0.26129308
0,0.26155096
0,0.26307064
0,0.26842257
0,0.25900042
0,0.2698652
0,0.26994285
0,0.2703697
0,0.27001357
0,0.27087757
0,0.26992106
0,0.2658896
0,0.26737446
0,0.25686812
0,0.25998312
0,0.25537714
0,0.256749
0,0.25736216
0,0.26064485
0,0.2582399
0,0.26027027
0,0.26644546
0,0.26977807
0,0.26828718
0,0.26516175
0,0.26558128
0,0.2620297
0,0.2656101
0,0.26180166
0,0.2645206
0,0.27447334
0,0.26104927
0,0.25837204
0,0.25476363
0,0.2525661
0,0.2510476
0,0.2512417
0,0.2509095
0,0.25463328
0,0.25438607
0,0.25929895
0,0.24922056
0,0.25615686
0,0.25897023
0,0.2577705
0,0.25863028
0,0.2595753
0,0.26207146
0,0.25670353
0,0.26180974
0,0.25969297
0,0.2588146
0,0.25817776
0,0.2576676
0,0.25857574
0,0.26619378
0,0.2600637
0,0.25903428
0,0.25853223
0,0.26000956
0,0.25785154
0,0.27307668
0,0.26766315
0,0.26800495
0,0.26759908
0,0.2669342
0,0.27251104
0,0.26989183
0,0.26724958
0,0.26746222
0,0.26547363
0,0.26294547
0,0.25195092
0,0.2665353
0,0.25998902
0,0.2592472
0,0.25758508
0,0.25032696
0,0.25833768
0,0.2611742
0,0.262987
0,0.26451325
0,0.26678297
0,0.2719339
0,0.2673474
0,0.27683103
0,0.26820904
0,0.2678189
0,0.26999742
0,0.2668497
0,0.26995724
0,0.26929015
0,0.26933604
0,0.27075338
0,0.27043638
1,0.27475235
1,0.27085894
1,0.27512586
1,0.27957258
1,0.2677244
1,0.26209214
1,0.28260782
1,0.2726347
1,0.25782847
1,0.28918183
1,0.2658288
1,0.26487428
1,0.2574388
1,0.2603342
1,0.25816175
0,0.9251299
0,0.70851845
0,0.59566236
0,0.51822
0,0.4583887
0,0.41892406
0,0.37180412
0,0.33728144
0,0.30006552
0,0.26443878
0,0.23979369
0,0.219299
0,0.19810033
0,0.18242529
0,0.16142885
0,0.15219405
0,0.14620115
0,0.14747885
0,0.14783327
0,0.15594712
0,0.16257033
0,0.17399344
0,0.18700223
0,0.19906925
0,0.2175088
0,0.22586767
0,0.23663552
0,0.2452276
0,0.24484986
0,0.24970438
0,0.2674619
0,0.2740044
0,0.26938206
0,0.2553416
0,0.2605591
0,0.25766098
0,0.253717
0,0.2598799
0,0.2580144
0,0.2675713
0,0.269002
0,0.26445368
0,0.2639358
0,0.2663135
0,0.27171126
0,0.45590287
0,0.3408084
0,0.31389123
0,0.3028926
0,0.27966663
0,0.28874162
0,0.2844137
0,0.28083712
0,0.2754551
0,0.2724514
0,0.26756823
0,0.27100167
0,0.27025673
0,0.27878544
0,0.2714798
0,0.27209604
0,0.2718496
0,0.26527622
0,0.27319643
0,0.26584488
0,0.26680946
0,0.26649058
0,0.27103826
0,0.26791263
0,0.27195063
0,0.26066992
0,0.26057982
0,0.25611538
0,0.26990843
0,0.2685087
0,0.26707402
0,0.2723739
0,0.26991343
0,0.27185965
0,0.27782196
0,0.27302095
0,0.2656608
0,0.26362532
0,0.26732513
0,0.2617739
0,0.26357535
0,0.26251325
0,0.27163997
0,0.26599616
0,0.26988238
0,0.26470515
0,0.26215065
0,0.26035538
0,0.25938717
0,0.28249842
0,0.27140534
0,0.27654827
0,0.2677043
0,0.26877478
0,0.26689455
0,0.27133816
0,0.26919118
0,0.26498136
0,0.26650456
0,0.26423976
0,0.25785065
0,0.2615541
0,0.2563269
0,0.26518944
0,0.2569888
0,0.25924593
0,0.26536396
0,0.27238685
0,0.27078962
0,0.2708194
0,0.27224627
0,0.27819335
0,0.2696572
0,0.26858687
0,0.2685519
0,0.26754504
0,0.26826236
0,0.26800495
0,0.26928508
0,0.2728671
0,0.27580908
0,0.26862898
0,0.26777318
0,0.2632495
0,0.261806
0,0.26134527
0,0.2626939
0,0.26731107
0,0.27024773
0,0.28064406
0,0.2695553
0,0.2620381
0,0.2671908
0,0.27306432
0,0.26678306
0,0.2708558
0,0.264914
0,0.2670347
0,0.26779258
0,0.26852858
0,0.27967754
0,0.26351485
0,0.26844794
0,0.26854572
0,0.2723499
0,0.26876897
0,0.2646577
0,0.2671942
0,0.26758587
0,0.26534426
0,0.2725536
0,0.26813126
0,0.2628179
0,0.26612356
0,0.265241
0,0.26622564
0,0.27069858
0,0.28124025
0,0.27682555
0,0.27781
0,0.2689338
0,0.27704716
0,0.2755235
0,0.27580783
0,0.2760459
0,0.2817133
0,0.2769854
0,0.2735311
0,0.27217206
0,0.27126583
0,0.2761043
0,0.27663848
0,0.27608162
0,0.26796314
0,0.26443034
0,0.27386704
0,0.28107566
0,0.2680319
0,0.27089718
0,0.2785931
0,0.28648505
0,0.27520183
0,0.2734015
0,0.27458754
0,0.27399504
0,0.27213913
0,0.2744288
0,0.2735457
0,0.27116066
0,0.2660583
0,0.27706537
0,0.27239385
0,0.2697139
0,0.26924068
0,0.29233253
0,0.2762083
0,0.27730793
0,0.27088606
0,0.27365294
0,0.2758277
0,0.277061
0,0.2754865
0,0.2739605
0,0.27516595
0,0.27759388
0,0.27085695
0,0.2770845
0,0.27346402
0,0.27136698
0,0.2769695
0,0.27119344
0,0.2701016
0,0.27255452
0,0.26338083
0,0.26854467
0,0.28004706
0,0.28128695
0,0.27167326
0,0.26174837
0,0.27039933
0,0.27073866
0,0.27309602
0,0.27443978
0,0.26742715
0,0.27095264
0,0.2688476
0,0.2675045
0,0.26588142
0,0.2725634
0,0.26805714
0,0.29677248
0,0.27754632
0,0.27301747
0,0.2677068
0,0.27352646
0,0.26282206
0,0.26517963
0,0.26775172
0,0.25968695
0,0.26582965
0,0.26678967
0,0.26662552
0,0.26893064
0,0.2686642
0,0.26527867
0,0.2707975
0,0.27107707
0,0.28174517
0,0.2719676
0,0.27478665
0,0.2775625
0,0.28289494
0,0.27542064
0,0.27815095
0,0.28236702
0,0.29999352
0,0.2845891
0,0.28155336
0,0.28399608
0,0.28285345
0,0.2773872
0,0.27510226
0,0.2692635
0,0.25703064
0,0.26438522
0,0.2657484
0,0.28436044
0,0.27816692
0,0.27124327
0,0.27424082
0,0.2785219
0,0.2805205
0,0.2813244
0,0.33764338
0,0.29019877
0,0.2945869
0,0.28028467
0,0.28312525
0,0.28982532
0,0.28001302
0,0.278276
0,0.26826787
0,0.27446237
0,0.27426773
0,0.27332845
0,0.28175595
0,0.28702113
0,0.2886908
0,0.2901567
0,0.28574625
0,0.2887833
0,0.2832963
0,0.28683743
0,0.2879432
0,0.2861299
0,0.28154814
0,0.27390322
0,0.27664992
0,0.2711162
0,0.27776408
0,0.28776956
0,0.28250566
0,0.28919223
0,0.29154113
0,0.309045
0,0.29212412
0,0.29070324
0,0.282875
0,0.29037872
0,0.29077846
0,0.2861516
0,0.27916867
0,0.29224172
0,0.29121783
0,0.28082398
0,0.2671108
0,0.27987888
0,0.2823842
0,0.285122
0,0.2881159
0,0.2735946
0,0.28235754
0,0.28465676
0,0.2731831
0,0.2857091
0,0.2694744
0,0.27373543
0,0.27856395
0,0.2818737
0,0.2848822
0,0.28921422
0,0.2794366
0,0.26942605
0,0.2772852
0,0.26373282
0,0.28348413
0,0.28697714
0,0.29551822
0,0.3008985
0,0.29005268
0,0.29820412
0,0.27759776
0,0.31526455
0,0.2993883
0,0.278364
0,0.2874639
0,0.26684025
0,0.29111028
0,0.29216826
0,0.28337356
0,0.29284248
0,0.2829618
0,0.29117474
0,0.2946968
0,0.2970401
0,0.29487285
0,0.27531233
0,0.2937617
0,0.29987192
0,0.3049906
0,0.30843732
0,0.27991304
0,0.2866728
0,0.2958275
0,0.3020262
0,0.30288017
0,0.27708352
0,0.30491024
0,0.29563376
0,0.2995593
0,0.28919265
0,0.29429367
0,0.29957142
0,0.3033257
0,0.29909238
0,0.3013597
0,0.3014228
0,0.31198457
0,0.28399202
0,0.29475686
0,0.27799055
0,0.289481
0,0.30020437
0,0.28240338
0,0.2841275
0,0.29116496
0,0.29270762
0,0.29835147
0,0.29985064
0,0.30164376
0,0.30690837
0,0.30907598
0,0.28872153
0,0.3010841
0,0.28157234
0,0.29672
0,0.29791757
0,0.2759591
0,0.29448175
0,0.29770252
0,0.27879596
0,0.28627765
0,0.273941
0,0.28774625
0,0.28988037
0,0.30226928
0,0.3036211
0,0.27587554
0,0.27516598
0,0.2836506
0,0.28901982
0,0.2905759
0,0.27694702
0,0.26943186
0,0.28434196
0,0.2872677
0,0.2855437
0,0.27706537
0,0.28643963
0,0.30767602
0,0.29734024
0,0.27833274
0,0.28184396
0,0.2851093
0,0.30469164
0,0.3049935
0,0.29889578
0,0.29322585
0,0.28915393
0,0.31245756
0,0.31401268
0,0.29753858
0,0.2983744
0,0.29234573
0,0.28395563
0,0.27624974
0,0.28825104
0,0.2869897
0,0.27511352
0,0.27024534
0,0.28820574
0,0.28224167
0,0.28806207
0,0.27310106
0,0.2803952
0,0.26852095
0,0.27906355
0,0.29283977
0,0.2718418
0,0.28185287
0,0.28849816
0,0.28115267
0,0.29266536
0,0.2750743
0,0.2823892
0,0.28535235
0,0.2841406
0,0.28074595
0,0.2809534
0,0.29096928
0,0.2896345
0,0.29726186
0,0.3046896
0,0.30300286
0,0.28662747
0,0.2896893
0,0.29572076
0,0.46691775
0,0.35918915
0,0.34130785
0,0.31268832
0,0.32402274
0,0.31074485
0,0.28875676
0,0.29494384
0,0.29587153
0,0.2962898
0,0.29492044
0,0.30077913
0,0.27777937
0,0.27001166
0,0.2692216
0,0.28123325
0,0.28889185
0,0.26910806
0,0.2661935
0,0.27550125
0,0.27684933
0,0.27212313
0,0.25694814
0,0.2662975
0,0.27540332
0,0.2645601
0,0.2838078
0,0.27536526
0,0.28167307
0,0.31342784
0,0.30725247
0,0.32099655
0,0.30581403
0,0.30030712
0,0.29770705
0,0.2907781
0,0.29166955
0,0.2950186
0,0.29842097
0,0.3070081
0,0.30003592
0,0.30390522
0,0.28105947
0,0.29002255
0,0.2953733
0,0.2958173
0,0.29652542
0,0.30206993
1,0.30379498
1,0.28083253
1,0.294611
1,0.2990244
1,0.2974631
1,0.29540896
1,0.29460105
1,0.27714217
1,0.28896475
1,0.29560676
1,0.30183268
1,0.27637485
1,0.26859537
1,0.28597108
1,0.84621686
1,0.98508984
1,0.99019206
1,0.99243027
1,0.9881692
1,0.99727833
0,0.9978705
0,0.9976711
0,0.9905788
0,0.986406
0,0.97702026
0,0.9590445
0,0.9294773
0,0.895929
0,0.86014175
0,0.8276249
0,0.7908863
0,0.7822751
0,0.73881364
0,0.72291493
0,0.7139329
0,0.67457104
0,0.64023745
0,0.6360513
0,0.5348746
0,0.47156686
0,0.39806306
0,0.3317407
0,0.28942093
0,0.2542477
0,0.16545556
0,0.14006588
0,0.12808846
0,0.12937538
0,0.12190575
0,0.12545718
0,0.2188252
0,0.27543816
0,0.2674074
0,0.26401743
0,0.2639048
0,0.26806372
0,0.27056992
0,0.27002338
0,0.26460874
0,0.28823608
0,0.29820803
0,0.30446717
0,0.29085737
0,0.28189912
0,0.3010562
0,0.3039308
0,0.3068595
0,0.31055948
0,0.28862047
0,0.30568966
0,0.3151992
0,0.31041494
0,0.28341672
0,0.28428397
0,0.279131
0,0.30691072
0,0.3082929
0,0.2836487
0,0.30616778
0,0.27563167
0,0.3004164
0,0.29165238
0,0.31874934
0,0.313944
0,0.31612065
0,0.3135665
0,0.31637812
0,0.30430305
0,0.3108291
0,0.31450373
0,0.30963412
0,0.31861806
0,0.30741605
0,0.30522183
0,0.28709716
0,0.28469688
0,0.2759956
0,0.2947849
0,0.29683554
0,0.27801955
0,0.29240945
0,0.3025298
0,0.26968393
0,0.2580904
0,0.25351444
0,0.27380854
0,0.2799856
0,0.26019135
0,0.2824701
0,0.25819552
0,0.27849358
0,0.26837242
0,0.27327302
0,0.2793813
0,0.26650035
0,0.2955086
0,0.2998371
0,0.30360243
0,0.30745953
0,0.29353526
0,0.3042659
0,0.30640885
0,0.30777758
0,0.30808628
0,0.3077508
0,0.30800107
0,0.30722037
0,0.29089686
0,0.30243403
0,0.30308074
0,0.2892558
0,0.30232373
0,0.3067454
0,0.31921908
0,0.32791275
0,0.33217612
0,0.32074815
0,0.31288022
0,0.31004897
0,0.287759
0,0.28078434
0,0.29036528
0,0.2897628
0,0.26418087
0,0.27545577
0,0.26247624
0,0.27845722
0,0.2634774
0,0.29774863
0,0.29351896
0,0.28862637
0,0.2946073
0,0.29958254
0,0.30811688
0,0.3066206
0,0.28380325
0,0.29279327
0,0.28616095
0,0.28511313
0,0.286706
0,0.27387318
0,0.29010785
0,0.2886477
0,0.30024642
0,0.28001773
0,0.27793247
0,0.2810786
0,0.29399985
0,0.30050507
0,0.3019318
0,0.3023108
0,0.29856467
0,0.29681623
0,0.29221135
0,0.2802771
0,0.26541173
0,0.27632853
0,0.27635992
0,0.28479788
0,0.29933625
0,0.2998261
0,0.2753001
0,0.26264283
0,0.2928375
0,0.30068535
0,0.3074705
0,0.28253528
0,0.30169404
0,0.2681017
0,0.29357493
0,0.2772443
0,0.27942824
0,0.2959516
0,0.3033609
0,0.3034215
0,0.30970043
0,0.29003718
0,0.30306715
0,0.28260416
0,0.3056112
0,0.30958784
0,0.5446379
0,0.43339354
0,0.39214596
0,0.36232334
0,0.3401968
0,0.29651305
0,0.29326618
0,0.28693888
0,0.27755234
0,0.25488335
0,0.23111762
0,0.21338756
0,0.19747461
0,0.1736526
0,0.16089934
0,0.16360557
0,0.16095248
0,0.16153751
0,0.15929773
0,0.15984076
0,0.15722744
0,0.14647825
0,0.15580103
0,0.15718728
0,0.15904948
0,0.16208377
0,0.16031316
0,0.16967247
0,0.17424369
0,0.19974484
0,0.2627333
0,0.24819411
0,0.25855517
0,0.26049182
0,0.26254287
0,0.253168
0,0.24314614
0,0.26043272
0,0.26651356
0,0.26577485
0,0.26643044
0,0.25367558
0,0.25881633
0,0.24850559
0,0.22942384
0,0.23865952
0,0.23646869
0,0.25107047
0,0.22963318
0,0.23601611
0,0.23389095
0,0.22696736
0,0.21698524
0,0.22291794
0,0.22296207
0,0.22142696
0,0.21809931
0,0.21782278
0,0.21467859
0,0.22044079
0,0.2065666
0,0.21058238
0,0.21466866
0,0.21735722
0,0.21273862
0,0.1982542
0,0.20951366
0,0.19681
0,0.1969611
0,0.21306488
0,0.21170896
0,0.2085904
0,0.19286671
0,0.20543852
0,0.20712535
0,0.20670554
0,0.19372529
0,0.19747381
0,0.2039999
0,0.21009234
0,0.21394373
0,0.2159881
0,0.2062133
0,0.22268683
0,0.22121303
0,0.23454471
0,0.24366555
0,0.23563369
0,0.23455738
0,0.25631478
0,0.26069885
0,0.26910394
0,0.25504613
0,0.2742299
0,0.27510583
0,0.2632541
0,0.27404642
0,0.2599909
0,0.2373319
0,0.25059745
0,0.24973743
0,0.2735648
0,0.27075884
0,0.2795776
0,0.2837569
0,0.28579673
0,0.26739013
0,0.24552664
0,0.22970816
0,0.24791983
0,0.24965104
0,0.24199793
0,0.23331982
0,0.21679641
0,0.21779041
0,0.21344014
0,0.20600575
0,0.21208295
0,0.3542401
0,0.2918988
0,0.26441061
0,0.25375578
0,0.22945316
0,0.20014745
0,0.20178024
0,0.1961655
0,0.19115937
0,0.18360463
1,0.15880507
1,0.16764195
1,0.1664291
1,0.15513451
1,0.16049214
1,0.14721987
1,0.15626988
1,0.15739256
1,0.14591923
1,0.15775461
1,0.16192688
1,0.15133053
1,0.15908849
1,0.16210826
1,0.29814234
0,0.95778143
0,0.979441
0,0.9315374
0,0.8897492
0,0.7919539
0,0.77668715
0,0.7125031
0,0.5777508
0,0.5563385
0,0.5064726
0,0.4473201
0,0.34556827
0,0.2852962
0,0.28765017
0,0.27236125
0,0.24305427
0,0.19568512
0,0.20955876
0,0.19525377
0,0.18996526
0,0.1788768
0,0.15025294
0,0.16068402
0,0.15509836
0,0.14548051
0,0.14903684
0,0.13389719
0,0.13572104
0,0.13905798
0,0.1293018
0,0.16854492
0,0.25371176
0,0.26528674
0,0.270971
0,0.2706936
0,0.25607863
0,0.24857254
0,0.2655301
0,0.25415677
0,0.27803496
0,0.28697938
0,0.2703903
0,0.29356277
0,0.28762767
0,0.3076422
0,0.31860578
0,0.31388867
0,0.3212598
0,0.32031325
0,0.32192114
0,0.32639083
0,0.29478252
0,0.3047189
0,0.30895996
0,0.29600856
0,0.28983366
0,0.27417418
0,0.247922
0,0.23775133
0,0.24059473
0,0.2323721
0,0.24243766
0,0.23150218
0,0.23960093
0,0.24191904
0,0.2384926
0,0.23318252
0,0.21316187
0,0.22800285
0,0.2267593
0,0.2286893
0,0.22309765
0,0.20681213
0,0.2043099
0,0.22512124
0,0.22540295
0,0.2530808
0,0.24816303
0,0.2792023
0,0.29500613
0,0.30578
0,0.31321576
0,0.30269924
0,0.30895865
0,0.2950683
0,0.2757586
0,0.2322975
0,0.22904167
0,0.21696512
0,0.21505816
0,0.20400628
0,0.19608043
0,0.19173548
0,0.2005752
0,0.22874053
0,0.24742307
0,0.25660053
0,0.23442975
0,0.25050223
0,0.2632665
0,0.26792395
0,0.26152712
0,0.24662341
0,0.22016019
0,0.23322906
0,0.23284411
0,0.2308858
0,0.236268
0,0.2323467
0,0.23773788
0,0.27285594
0,0.29363367
0,0.30296856
0,0.2840467
0,0.28998196
0,0.30454275
0,0.29974672
0,0.3006459
0,0.27453807
0,0.30101377
0,0.28208494
0,0.26501602
0,0.23073485
0,0.22266015
0,0.23167938
0,0.24200599
0,0.224772
0,0.23072694
0,0.23207924
0,0.23770674
0,0.23330727
0,0.24496056
0,0.24087384
0,0.30500752
0,0.2575942
0,0.23558283
0,0.22208668
0,0.21077763
0,0.18297729
0,0.18670271
0,0.18622379
0,0.1841261
0,0.18785828
0,0.1620588
0,0.15753356
0,0.16503127
0,0.15744543
0,0.16958424
0,0.17238039
0,0.16007791
0,0.15365873
0,0.16366191
0,0.16876893
0,0.1690091
0,0.1675548
0,0.16040392
0,0.17425662
0,0.17795612
0,0.18333225
0,0.17071527
0,0.17579928
0,0.18253876
0,0.19894812
0,0.2351342
0,0.23938963
0,0.2534732
0,0.29088292
0,0.30398345
0,0.31474218
0,0.30316415
0,0.2839615
0,0.30854067
0,0.31673393
0,0.3172522
0,0.32200468
0,0.34094566
0,0.3401385
0,0.30610678
0,0.31451374
0,0.28057635
0,0.29679957
0,0.3136709
0,0.31539115
0,0.2784661
0,0.30166486
0,0.27404583
0,0.26213834
0,0.27076986
0,0.25734112
0,0.23460765
0,0.2076356
0,0.1961868
0,0.20648631
0,0.20043309
0,0.19536388
0,0.19885674
0,0.21031825
0,0.23703772
0,0.24682751
0,0.2545488
0,0.23897068
0,0.24463356
0,0.26871252
0,0.25764695
0,0.26050112
0,0.26994592
0,0.26681936
0,0.29605395
0,0.3057027
0,0.285207
0,0.29785702
0,0.28425157
0,0.31498262
0,0.32563043
0,0.28609362
0,0.3181087
0,0.31846228
0,0.29467696
0,0.3153803
0,0.3259138
0,0.29935405
0,0.32029226
0,0.3292175
0,0.3358249
0,0.31882027
0,0.28703615
0,0.31149143
0,0.32419157
0,0.2874242
0,0.2707189
0,0.26187238
0,0.25249106
0,0.26612645
0,0.24036585
0,0.23900817
0,0.2584467
0,0.23862506
0,0.26804787
0,0.27154362
0,0.2484374
0,0.24929827
0,0.24238095
0,0.2795721
0,0.2677659
0,0.3017575
0,0.27086553
0,0.26961303
0,0.2697013
0,0.2808356
0,0.27131933
0,0.26341492
0,0.26079243
0,0.26294369
0,0.29965198
0,0.33005422
0,0.34299773
0,0.29844382
0,0.33972183
0,0.3528805
0,0.35581583
0,0.35736522
0,0.35251305
0,0.3017914
0,0.32741246
0,0.29072183
0,0.27833456
0,0.2696024
0,0.30272895
0,0.31091112
0,0.31158066
0,0.30714092
0,0.28832126
0,0.25681007
0,0.24069794
0,0.22463033
0,0.21401566
0,0.20809434
0,0.17928477
0,0.18501464
0,0.16710508
0,0.16505097
0,0.18400782
0,0.1791521
0,0.19207726
0,0.19383353
0,0.19657236
0,0.2043398
0,0.18274775
0,0.17991133
0,0.19403733
0,0.19689898
0,0.19873033
0,0.17382728
0,0.18601483
0,0.19098963
0,0.18534999
0,0.17832354
0,0.18159623
0,0.19022037
0,0.1944867
0,0.1766361
0,0.19214652
0,0.19448732
0,0.18526156
0,0.17465353
0,0.19155106
0,0.19540074
0,0.19648549
0,0.19869244
0,0.21684614
0,0.21182229
0,0.19446796
0,0.18116906
0,0.18472126
0,0.19472894
0,0.19371396
0,0.19284281
0,0.18983506
0,0.19161616
0,0.17429969
0,0.15862395
0,0.1709085
0,0.1731302
0,0.15729842
0,0.16906598
0,0.17052333
0,0.17412429
0,0.16067974
0,0.15002944
0,0.1599275
0,0.1510974
0,0.14787008
0,0.16074435
0,0.15418974
0,0.16923344
0,0.16760997
0,0.18147507
0,0.19191341
0,0.18168145
0,0.20048666
0,0.20908847
0,0.21308765
0,0.21863277
0,0.20162243
0,0.19360068
0,0.2182395
0,0.22215874
0,0.20867832
0,0.23034067
0,0.22889484
0,0.21721943
0,0.20935193
0,0.20992303
0,0.22006245
0,0.23457979
0,0.2402217
0,0.23316476
0,0.22030433
0,0.20552307
0,0.19052288
0,0.1991665
0,0.20025463
0,0.20273352
0,0.1803586
0,0.17312922
0,0.17359096
0,0.17380619
0,0.17744645
0,0.18429996
0,0.19570582
0,0.22700302
0,0.23373504
0,0.23860823
0,0.23344795
0,0.20968215
0,0.2098879
0,0.23603697
0,0.23437566
0,0.23782572
0,0.20937689
0,0.23806857
0,0.23493195
0,0.21792266
0,0.22657976
0,0.21512891
0,0.2249256
0,0.22617975
0,0.22382194
0,0.22149108
0,0.21471933
0,0.19928533
0,0.20392044
0,0.20225419
0,0.18890993
0,0.18441345
0,0.19111846
0,0.18361664
0,0.1763539
0,0.15588327
0,0.16611676
0,0.15035243
0,0.15586275
0,0.1568362
0,0.15465379
0,0.1608682
0,0.1623722
0,0.15157314
0,0.16112202
0,0.16460305
0,0.17018418
0,0.15080698
0,0.16261213
0,0.17392416
0,0.16259369
0,0.15721999
0,0.15097927
0,0.1632607
0,0.16790336
0,0.17320545
0,0.17646798
0,0.16222963
0,0.16620445
0,0.16281894
0,0.18329361
0,0.19206911
0,0.1681369
0,0.18130326
0,0.18644123
0,0.19895233
0,0.18247285
0,0.16609952
0,0.17862892
0,0.19035292
0,0.18865928
0,0.19163841
0,0.1898145
0,0.18871103
0,0.17701261
0,0.1616338
0,0.17171071
0,0.17447174
0,0.17645872
0,0.18429288
0,0.1796469
0,0.18143849
0,0.1770833
0,0.1570764
0,0.17966537
0,0.2714196
0,0.23692583
0,0.22858866
0,0.19050005
0,0.2113065
0,0.18773974
0,0.18328549
0,0.17807361
0,0.15385513
0,0.16355258
0,0.16456345
0,0.16405526
0,0.16157904
0,0.14556932
0,0.15561494
0,0.15508988
0,0.1663057
0,0.16184323
0,0.14186257
0,0.15462111
0,0.1551803
0,0.14314374
0,0.17497097
0,0.14992997
0,0.15770495
0,0.15741697
0,0.13995673
0,0.15398116
0,0.15589547
0,0.14951752
0,0.16841498
0,0.16923419
0,0.17944229
0,0.156265
0,0.14993423
0,0.14694996
0,0.16084322
0,0.15333565
0,0.16683608
0,0.15835522
0,0.17108887
0,0.18120107
0,0.18563734
0,0.1878108
0,0.17250301
0,0.19567695
0,0.19861276
0,0.17410725
0,0.18838663
0,0.17502005
0,0.1900479
0,0.19532938
0,0.1926
0,0.1777776
0,0.17311981
0,0.19245648
0,0.19773297
0,0.20333466
0,0.20533992
0,0.17893633
0,0.18819456
0,0.17870729
0,0.19271497
0,0.19327
0,0.1754939
0,0.17498158
0,0.19535099
0,0.20289557
0,0.19770765
0,0.18339187
0,0.20151383
0,0.20907389
0,0.2120149
0,0.21386707
0,0.21083802
0,0.20945254
0,0.2038738
0,0.20879157
0,0.21229182
0,0.210457
0,0.21149305
0,0.21079382
0,0.2082709
0,0.2021337
0,0.18046696
0,0.16203386
0,0.17598931
0,0.17964739
0,0.17617379
0,0.17511494
0,0.15292223
0,0.16143982
0,0.15041094
0,0.137159
0,0.16034494
0,0.14432298
0,0.16015923
0,0.16752127
0,0.17458941
0,0.17440985
0,0.15593363
0,0.17186078
0,0.15419714
0,0.14900911
0,0.1659041
0,0.15697993
0,0.17236552
0,0.17579354
0,0.17167509
0,0.18665493
0,0.17278995
0,0.1896817
0,0.20576224
0,0.20762877
0,0.21355458
0,0.19911486
0,0.18329537
0,0.1987151
0,0.20731454
0,0.21200244
0,0.21009395
0,0.20633541
0,0.20554058
0,0.1893069
0,0.17047887
0,0.18143204
0,0.15997145
0,0.17950536
0,0.18040809
0,0.18274628
0,0.18227415
0,0.16701119
0,0.15271246
0,0.1683163
0,0.1702091
0,0.17894922
0,0.15115073
0,0.16326162
0,0.16810782
0,0.15867513
0,0.14896141
0,0.15121175
0,0.16286126
0,0.16714372
0,0.1716029
0,0.17814662
0,0.1533001
0,0.15738827
0,0.14977221
0,0.16908292
0,0.15576948
0,0.14988446
0,0.16995147
0,0.1781799
0,0.19296698
0,0.17554525
0,0.1628065
0,0.18535954
0,0.19338343
0,0.19681194
0,0.19909981
0,0.19975242
0,0.20011976
0,0.18169889
0,0.16778079
0,0.18508457
0,0.18809944
0,0.19442329
0,0.20064534
0,0.20047466
0,0.19394016
0,0.17266232
0,0.19053568
0,0.19256252
0,0.19178377
0,0.18649048
0,0.17964126
0,0.1531616
0,0.15854011
0,0.14859714
0,0.15940422
0,0.16523796
0,0.14768147
0,0.16400327
0,0.16931152
0,0.17327034
0,0.16748135
0,0.15257688
0,0.17019434
0,0.1753869
0,0.17958182
0,0.17710988
0,0.15418674
0,0.16462772
0,0.16190773
0,0.15150708
0,0.16658266
0,0.15126674
0,0.1752329
0,0.17999427
0,0.18465254
0,0.18546934
0,0.17559004
0,0.16080642
0,0.1762824
0,0.1811316
0,0.17878397
0,0.18658736
0,0.19027217
0,0.16245133
0,0.16420282
0,0.15341963
0,0.17480597
0,0.15857488
0,0.15389046
0,0.17238848
0,0.18499134
0,0.18908218
0,0.18227096
0,0.17087927
0,0.1859653
0,0.1908857
0,0.19527379
0,0.1684926
0,0.19102608
0,0.19366229
0,0.17743255
0,0.19364154
0,0.17712434
0,0.19403733
0,0.20108959
0,0.2046245
0,0.20853017
0,0.17540361
0,0.16558945
0,0.18836644
0,0.17698528
0,0.19363227
0,0.1693303
0,0.186175
0,0.16421591
0,0.17141782
0,0.1628358
0,0.1605885
0,0.16137274
0,0.16831487
0,0.18969885
0,0.17828591
0,0.19903238
0,0.20119323
0,0.19276766
0,0.19982713
0,0.2178461
0,0.22258848
0,0.23289624
0,0.23474397
0,0.1997703
0,0.2099495
0,0.19652261
0,0.22621572
0,0.2186841
0,0.22351885
0,0.26188722
0,0.2537357
0,0.21312332
0,0.23520182
0,0.21868622
0,0.24787426
0,0.24036998
0,0.21435933
0,0.22122504
0,0.21968405
0,0.21619952
0,0.19876195
0,0.18098934
0,0.1996388
0,0.20602165
0,0.20839725
0,0.2108742
0,0.18156525
0,0.19542031
0,0.18591651
0,0.17502274
0,0.20014568
0,0.18141624
0,0.19905129
0,0.20116258
0,0.20062114
0,0.20288385
0,0.18258964
0,0.1648114
0,0.18653694
0,0.19255477
0,0.19456732
0,0.20045303
0,0.19861725
0,0.19461352
0,0.17474028
0,0.1848221
0,0.18976966
0,0.1877098
0,0.18600704
0,0.18433101
0,0.18815672
0,0.17784585
0,0.16055432
0,0.17106831
0,0.17497407
0,0.17408568
0,0.17474565
0,0.14744942
0,0.16262141
0,0.15835413
0,0.14466906
0,0.15611114
0,0.1389239
0,0.1494585
0,0.15658398
0,0.16018018
0,0.16449322
0,0.14928086
0,0.14452536
0,0.16193588
0,0.17307352
0,0.18568286
0,0.15886073
0,0.17174599
0,0.17938074
0,0.1735173
0,0.16110018
0,0.16296153
0,0.17680174
0,0.18400729
0,0.18819645
0,0.1976748
0,0.19453661
0,0.18594047
0,0.1697451
0,0.16338213
0,0.16078092
0,0.1781372
0,0.16456619
0,0.16368715
0,0.1616204
0,0.17314427
0,0.1752665
0,0.1985734
0,0.20831522
0,0.21438678
0,0.21533683
0,0.21759951
0,0.18973629
0,0.19392148
0,0.18986139
0,0.21232603
0,0.21732153
0,0.19424553
0,0.2147058
0,0.21648897
0,0.2153061
0,0.20236143
0,0.19744302
0,0.23137356
0,0.2512796
0,0.26524097
0,0.24789737
0,0.20191957
0,0.20328833
0,0.18515791
0,0.19122648
0,0.19008872
0,0.1696342
0,0.18276478
0,0.18690777
0,0.1670242
0,0.17648771
0,0.1715178
0,0.18749627
0,0.19082163
0,0.17125356
0,0.18381263
0,0.1845934
0,0.18826719
0,0.18471085
0,0.17246275
0,0.186055
0,0.1869541
0,0.20307678
0,0.1771552
0,0.18772382
0,0.19369476
0,0.18456481
0,0.17276452
0,0.18584919
0,0.19247346
0,0.17336226
0,0.18312082
0,0.16698475
0,0.18283339
0,0.17940675
0,0.1676139
0,0.18565741
0,0.167899
0,0.18191884
0,0.18752591
0,0.18966861
0,0.19170961
0,0.16868931
0,0.16411804
0,0.18272176
0,0.19039209
0,0.19961388
0,0.17583494
0,0.1904573
0,0.19529952
0,0.18563586
0,0.1734533
0,0.17710906
0,0.19295566
0,0.20268121
0,0.20505609
0,0.20586118
0,0.20875332
0,0.18948852
0,0.16990303
0,0.18528855
0,0.19069289
0,0.19717436
0,0.19563287
0,0.19706836
0,0.1991856
0,0.18062527
0,0.15813464
0,0.17912781
0,0.18411192
0,0.18661295
0,0.18864782
0,0.19369943
0,0.16091284
0,0.1565513
0,0.1692826
0,0.1722653
0,0.17673892
0,0.14987397
0,0.13963893
0,0.15448174
0,0.15680565
0,0.14894798
0,0.13889416
0,0.15752952
0,0.16391973
0,0.17066282
0,0.17704627
0,0.15566777
0,0.1651373
0,0.15758769
0,0.17517616
0,0.18715023
0,0.1641442
0,0.18066737
0,0.18823923
0,0.19166629
0,0.1821199
0,0.16780943
0,0.18227936
0,0.16392368
0,0.18147318
0,0.18961555
0,0.17089123
0,0.18495609
0,0.16695978
0,0.16259475
0,0.17917472
0,0.18476672
0,0.18893044
0,0.1989528
0,0.17482206
0,0.1852699
0,0.17878121
0,0.15975322
0,0.1551547
0,0.15119147
0,0.15679845
0,0.159945
0,0.1645103
0,0.18461391
0,0.18393686
0,0.20435232
0,0.19312018
0,0.20059536
0,0.20874593
0,0.21769592
0,0.22085285
0,0.22836329
0,0.23789002
0,0.24602945
0,0.2575347
0,0.2632153
0,0.26279452
0,0.35379437
0,0.36836228
0,0.30249438
0,0.2980272
0,0.2815022
0,0.28977674
0,0.32627708
0,0.29372564
0,0.41041565
0,0.380772
0,0.3697931
0,0.3296451
0,0.34610155
0,0.33943486
0,0.34352827
0,0.46696615
0,0.60188556
0,0.603542
0,0.51996446
0,0.38663146
0,0.356118
0,0.23284261
0,0.16331461
0,0.1824847
0,0.17797041
0,0.14569277
0,0.16301753
0,0.14628962
0,0.1570841
0,0.15728754
0,0.1622322
0,0.14000459
0,0.14995763
0,0.17184983
0,0.162061
0,0.14492352
0,0.13373531
0,0.23357496
0,0.21948645
0,0.16615847
0,0.14837468
0,0.18531068
0,0.16896954
0,0.14825544
0,0.1613045
0,0.16749467
0,0.14796218
0,0.1368445
0,0.13160567
0,0.14806303
0,0.1449586
0,0.15071641
0,0.1395023
0,0.13711874
0,0.1599439
0,0.14648966
0,0.16769764
0,0.17707375
0,0.16604134
0,0.178809
0,0.3598053
0,0.32761368
0,0.31254792
0,0.30021763
0,0.29035488
0,0.28085068
0,0.21418673
0,0.1805979
0,0.27588212
0,0.24484451
0,0.22367883
0,0.22629417
0,0.27375838
0,0.22958776
0,0.1877135
0,0.2001263
0,0.18961062
0,0.14808606
0,0.15599664
0,0.15831788
0,0.16342068
0,0.13960874
0,0.14652811
0,0.15004864
0,0.15290828
0,0.23165528
0,0.32370228
0,0.19616869
0,0.26571187
0,0.21685764
0,0.1829114
0,0.18693441
0,0.15162915
0,0.15991895
0,0.25150737
0,0.22654584
0,0.22656062
0,0.1877705
0,0.15987708
0,0.16939399
0,0.17424089
0,0.34265637
0,0.2727933
0,0.246482
0,0.2694092
0,0.2240406
0,0.17277503
0,0.18019402
0,0.3394377
0,0.28031504
0,0.2670233
0,0.28106904
0,0.256969
0,0.23773213
0,0.22197714
0,0.21448503
0,0.3767118
0,0.28816196
0,0.20313023
0,0.21562111
0,0.20967998
0,0.17768228
0,0.15266162
0,0.14048877
0,0.15345532
0,0.28101408
0,0.32521522
0,0.2893021
0,0.19107261
0,0.17314355
0,0.14686438
0,0.15872331
0,0.16359206
0,0.23771246
0,0.22361785
0,0.21517089
0,0.19899185
0,0.1661161
0,0.1435579
0,0.30421317
0,0.19525422
0,0.19961119
0,0.31177145
0,0.26903126
0,0.24333197
0,0.23517911
0,0.22955865
0,0.22215721
0,0.2117061
0,0.36052686
0,0.4177445
0,0.33515722
0,0.2790826
0,0.21308075
0,0.20998935
0,0.37681514
0,0.3148047
0,0.28889292
0,0.26480678
0,0.19986117
0,0.19438103
0,0.16292752
0,0.17012341
0,0.32832792
0,0.41707936
0,0.33973846
0,0.22414607
0,0.22900243
0,0.22249721
0,0.17278314
0,0.14911222
0,0.16254166
0,0.176009
0,0.2479705
0,0.16719408
0,0.18882443
0,0.17111698
0,0.1487068
0,0.15851568
0,0.13844265
0,0.2614341
0,0.22271176
0,0.2937043
0,0.26682755
0,0.21050635
0,0.16675906
0,0.17671646
0,0.18637487
0,0.32994342
0,0.27708498
0,0.25839388
0,0.2560825
0,0.20718065
0,0.20439544
0,0.20469998
0,0.20993538
0,0.19893998
0,0.19515625
0,0.14790902
0,0.15963076
0,0.14719039
0,0.15480313
0,0.15919161
0,0.16231212
0,0.16437377
0,0.14267284
0,0.17742369
0,0.18240204
0,0.1577149
0,0.16481254
0,0.40210494
0,0.3276472
0,0.48330867
0,0.39391774
0,0.3478964
0,0.23742081
0,0.19739224
0,0.20863652
0,0.20914897
0,0.19801904
0,0.15362695
0,0.1673555
0,0.1445819
0,0.14759898
0,0.13802849
0,0.12616698
0,0.14333718
0,0.15106645
0,0.15880753
0,0.16146299
0,0.16558072
0,0.15761766
0,0.15143102
0,0.15845986
0,0.16123497
0,0.13922502
0,0.15171441
0,0.13818541
0,0.1492469
0,0.16372874
0,0.14977834
0,0.1423263
0,0.31809676
0,0.291576
0,0.43599734
0,0.38338414
0,0.3493903
0,0.31868422
0,0.21423553
0,0.19015612
0,0.37215403
0,0.45613295
0,0.53959006
0,0.41853526
0,0.41223595
0,0.30323014
0,0.22246528
0,0.22695264
0,0.42728552
0,0.47605702
0,0.3898056
0,0.25344858
0,0.25941533
0,0.21636179
0,0.17341417
0,0.18525735
0,0.15598752
0,0.16669676
0,0.1701865
0,0.17233801
0,0.16880031
0,0.1518578
0,0.1346928
0,0.14720282
0,0.15575166
0,0.16054857
0,0.16453439
0,0.16768773
0,0.16384003
0,0.15084569
0,0.15847185
0,0.16186386
0,0.16259581
0,0.14681794
0,0.15809724
0,0.16057137
0,0.1581148
0,0.144497
0,0.13845748
0,0.13668925
0,0.14817081
0,0.13470875
0,0.12769096
0,0.14832413
0,0.15237035
0,0.14654231
0,0.16393332
0,0.1510048
0,0.17131935
0,0.1522794
0,0.15068828
0,0.16854173
0,0.15593551
0,0.15703857
0,0.17832479
0,0.19229817
0,0.20801826
0,0.18070559
0,0.20235197
0,0.21490782
0,0.20434521
0,0.19399358
0,0.19766043
0,0.2092516
0,0.21936934
0,0.22369626
0,0.21760035
0,0.18519081
0,0.18344212
0,0.16927527
0,0.18563297
0,0.19341764
0,0.2022922
0,0.20443583
0,0.20592172
0,0.20387092
0,0.18783255
0,0.19773544
0,0.19464312
0,0.19285633
0,0.20248973
0,0.19795498
0,0.19975054
0,0.16130115
0,0.14856876
0,0.14262784
0,0.15462282
0,0.15997988
0,0.142715
0,0.15439363
0,0.15756401
0,0.16144131
0,0.15155298
0,0.14114319
0,0.15573904
0,0.16282278
0,0.16718127
0,0.17551276
0,0.1514564
0,0.14257541
0,0.1478595
0,0.14141528
0,0.17155856
0,0.14942305
0,0.16834217
0,0.18319236
0,0.1882933
0,0.18630265
0,0.17248404
0,0.15871541
0,0.18375842
0,0.1610671
0,0.1811882
0,0.19081305
0,0.19805683
0,0.19023684
0,0.17457217
0,0.19635692
0,0.1668657
0,0.1860726
0,0.20054881
0,0.19995995
0,0.20069954
0,0.17175399
0,0.16335185
0,0.19459909
0,0.18892191
0,0.19047369
0,0.1923632
0,0.15809222
0,0.17318971
0,0.16508365
0,0.15116501
0,0.17259845
0,0.15025184
0,0.14159822
0,0.13908845
0,0.15481962
0,0.1621543
0,0.14665012
0,0.14268592
0,0.16183677
0,0.17144002
0,0.17842941
0,0.1554926
0,0.17703192
0,0.18505052
0,0.17690605
0,0.16124478
0,0.16255322
0,0.18200068
0,0.18981196
0,0.16500245
0,0.18444161
0,0.16194402
0,0.1692213
0,0.16419353
0,0.18575437
0,0.20155963
0,0.17501293
0,0.19703192
0,0.2037019
0,0.20096162
0,0.18080981
0,0.20138685
0,0.16936803
0,0.18696144
0,0.19142176
0,0.19992429
0,0.16647813
0,0.15715861
0,0.15466507
0,0.17271478
0,0.18021123
0,0.15661389
0,0.14951481
0,0.16726263
0,0.17890069
0,0.17780727
0,0.16298787
0,0.1503429
0,0.16890791
0,0.18031488
0,0.18476786
0,0.1906675
0,0.15803777
0,0.15223885
0,0.15237589
0,0.17061323
0,0.1566504
0,0.1579427
0,0.17708588
0,0.18744099
0,0.19514628
0,0.18757147
0,0.17204301
0,0.19351344
0,0.16720732
0,0.1880104
0,0.19637762
0,0.20844528
0,0.20792975
0,0.19180502
0,0.1661954
0,0.18602689
0,0.19653983
0,0.16310623
0,0.18159969
0,0.15584917
0,0.17344472
0,0.16651663
0,0.15692037
0,0.14692788
0,0.16405278
0,0.17235021
0,0.18316711
0,0.16297714
0,0.18132615
0,0.15327264
0,0.14967403
0,0.14640607
0,0.15008774
0,0.16843134
0,0.1805904
0,0.16339394
0,0.18333098
0,0.16775924
0,0.16490158
0,0.18840352
0,0.20289233
0,0.21606031
0,0.19807106
0,0.2094276
0,0.2143093
0,0.1978491
0,0.17962873
0,0.17704402
0,0.1702644
0,0.18969382
0,0.19823794
0,0.20724297
0,0.20948246
0,0.23903063
0,0.2351019
0,0.2409693
0,0.19606261
0,0.20609502
0,0.16632491
0,0.18521093
0,0.17820899
0,0.16142805
0,0.14896703
0,0.16574866
0,0.17799403
0,0.15357459
0,0.16617115
0,0.17577696
0,0.16775534
0,0.15602471
0,0.14396913
0,0.16621822
0,0.1739736
0,0.1533343
0,0.17244378
0,0.17866866
0,0.16925952
0,0.15405978
0,0.15116063
0,0.16743831
0,0.17740133
0,0.15532446
0,0.14924943
0,0.1469044
0,0.15501246
0,0.14460208
0,0.1658782
0,0.17552508
0,0.15628166
0,0.17619714
0,0.15516695
0,0.17648609
0,0.17097701
0,0.15918307
0,0.18250953
0,0.19376625
0,0.21138759
0,0.20883152
0,0.20778157
0,0.17083019
0,0.17392112
0,0.15932243
0,0.18113558
0,0.1894058
0,0.19752353
0,0.20635937
0,0.20514949
0,0.20206831
0,0.18028776
0,0.19357885
0,0.18742374
0,0.18478195
0,0.19170496
0,0.19107701
0,0.15851492
0,0.16595645
0,0.1434233
0,0.15794237
0,0.1632224
0,0.14197107
0,0.22467989
0,0.20484985
0,0.1986672
0,0.1954956
0,0.15663582
0,0.14179268
0,0.15713851
0,0.16059674
0,0.16373147
0,0.13965939
0,0.15647955
0,0.15524608
0,0.14516346
0,0.13520682
0,0.1320808
0,0.15155536
0,0.16107345
0,0.16811489
0,0.17653424
0,0.17618847
0,0.15803383
0,0.17084958
0,0.17739107
0,0.18108931
0,0.1852968
0,0.15565711
0,0.17766832
0,0.1664422
0,0.15138434
0,0.14563529
0,0.14764583
0,0.16500269
0,0.2043422
0,0.19972031
0,0.20262018
0,0.18553878
0,0.16723473
0,0.1723951
0,0.17246723
0,0.17663789
0,0.15275064
0,0.16552223
0,0.16806181
0,0.15715164
0,0.14270121
0,0.13432951
0,0.15230016
0,0.1387477
0,0.1525363
0,0.16125885
0,0.14259076
0,0.14712073
0,0.1400754
0,0.15796159
0,0.16649044
0,0.16002965
0,0.17069064
0,0.17586756
0,0.1810517
0,0.16855916
0,0.15526088
0,0.17730261
0,0.19120559
0,0.1980472
0,0.16807342
0,0.16164877
0,0.17652716
0,0.16645576
0,0.15559727
0,0.17662995
0,0.19310719
0,0.19629006
0,0.19711138
0,0.19610673
0,0.18716814
0,0.17096661
0,0.18962753
0,0.19273946
0,0.16241097
0,0.17697167
0,0.18905212
0,0.15996875
0,0.16341133
0,0.1530285
0,0.14207537
0,0.16116482
0,0.15000686
0,0.16814059
0,0.1739364
0,0.17965673
0,0.15760168
0,0.15786625
0,0.1517287
0,0.16527133
0,0.15026096
0,0.17179166
0,0.15232614
0,0.1718365
0,0.15880959
0,0.1548218
0,0.15406674
0,0.15587285
0,0.17647944
0,0.1906895
0,0.20619807
0,0.21124086
0,0.19949701
0,0.1836734
0,0.20236734
0,0.21075429
0,0.21234748
0,0.21208513
0,0.21123879
0,0.21381931
0,0.19166899
0,0.17070885
0,0.18604709
0,0.19344093
0,0.200972
0,0.20392582
0,0.205973
0,0.17014648
0,0.16392548
0,0.17616726
0,0.17997357
0,0.17963466
0,0.18142857
0,0.15006907
0,0.16020389
0,0.16214073
0,0.15127173
0,0.1659305
0,0.1442713
0,0.16072428
0,0.16611609
0,0.16766363
0,0.17230779
0,0.14881186
0,0.14638755
0,0.16423889
0,0.17203829
0,0.17863047
0,0.15010983
0,0.16308223
0,0.16832764
0,0.16575612
0,0.15506645
0,0.14203879
0,0.16060469
0,0.1409161
0,0.13704509
0,0.13375352
0,0.15649472
0,0.15845455
0,0.15080212
0,0.16978152
0,0.17797069
0,0.1638323
0,0.17982799
0,0.19050309
0,0.16399035
0,0.17022614
0,0.16064824
0,0.18144803
0,0.18849266
0,0.19597797
0,0.1703983
0,0.18881735
0,0.16905516
0,0.1748813
0,0.1680967
0,0.18720667
0,0.19192488
0,0.17812757
0,0.17371266
0,0.16139464
0,0.1562919
0,0.15655223
0,0.15615834
0,0.16500264
0,0.1730396
0,0.20620903
0,0.2234232
0,0.20761019
0,0.23331572
0,0.23364086
0,0.23031613
0,0.25881752
0,0.23970821
0,0.27107945
0,0.27289844
0,0.2782587
0,0.27129078
0,0.2702934
0,0.30063888
0,0.3148129
0,0.2992314
0,0.3055331
0,0.29184052
0,0.28082386
0,0.2170444
0,0.20256262
0,0.20920196
0,0.20670038
0,0.19961378
0,0.19303943
0,0.18722543
0,0.18244202
0,0.17100446
0,0.153605
0,0.14095916
0,0.15564728
0,0.1602742
0,0.16531932
0,0.14575043
0,0.15910688
0,0.15692662
0,0.14273044
0,0.158003
0,0.14422566
0,0.14034483
0,0.15607607
0,0.16266993
0,0.16785777
0,0.15269278
0,0.14824012
0,0.14806662
0,0.16798861
0,0.17319381
0,0.15867406
0,0.18187933
0,0.16515005
0,0.17508662
0,0.16644771
0,0.16952634
0,0.1961401
0,0.20729078
0,0.2122132
0,0.21702564
0,0.18703783
0,0.1908217
0,0.18442321
0,0.18489093
0,0.1912122
0,0.21309401
0,0.2298462
0,0.23421292
0,0.23086219
0,0.21681538
0,0.19453605
0,0.18431307
0,0.188438
0,0.19456425
0,0.22447486
0,0.20783322
0,0.20858327
0,0.21604252
0,0.22133003
0,0.2485694
0,0.25298935
0,0.23235317
0,0.24748546
0,0.25255793
0,0.2483036
0,0.22517288
0,0.2204006
0,0.2528822
0,0.26323014
0,0.23395358
0,0.24078968
0,0.20743433
0,0.19293198
0,0.19322881
0,0.20949282
0,0.19573058
0,0.20691763
0,0.2345188
0,0.23367278
0,0.19612122
0,0.20055026
0,0.18683311
0,0.1990057
0,0.20272289
0,0.20345889
0,0.20448034
0,0.17940976
0,0.19290985
0,0.18700312
0,0.17725615
0,0.19124104
0,0.19831803
0,0.20404369
0,0.21114627
0,0.21420322
0,0.2108123
0,0.1962334
0,0.1773598
0,0.19117299
0,0.1910438
0,0.161641
0,0.17229743
0,0.1525834
0,0.14766015
0,0.15119533
0,0.14448413
0,0.15992327
0,0.14816053
0,0.16151504
0,0.17006469
0,0.18362921
0,0.18928923
0,0.16557685
0,0.16221939
0,0.17779215
0,0.17181145
0,0.18462196
0,0.17042384
0,0.18569282
0,0.19340953
0,0.17863216
0,0.19694005
0,0.19069989
0,0.20753261
0,0.22337526
0,0.22752655
0,0.22749747
0,0.21795148
0,0.20160414
0,0.18343058
0,0.1937536
0,0.19429906
0,0.19482796
0,0.19556168
0,0.19622558
0,0.19237272
0,0.17426558
0,0.1593749
0,0.17537951
0,0.18129408
0,0.18389162
0,0.18697338
0,0.18850857
0,0.15991221
0,0.15830404
0,0.14803316
0,0.16389708
0,0.16884226
0,0.15036736
0,0.16577834
0,0.17489533
0,0.17907146
0,0.16388333
0,0.15934978
0,0.15845978
0,0.17438129
0,0.180895
0,0.18488295
0,0.16888626
0,0.17632556
0,0.17006165
0,0.1955816
0,0.19928682
0,0.18012497
0,0.17513432
0,0.18989974
0,0.19533314
0,0.18817723
0,0.17869648
0,0.19544546
0,0.20160238
0,0.17991595
0,0.19708112
0,0.20437028
0,0.20452683
0,0.19079514
0,0.17403501
0,0.18948631
0,0.19147322
0,0.19561285
0,0.20407085
0,0.17794518
0,0.16390514
0,0.1539719
0,0.17009555
0,0.18128283
0,0.18351677
0,0.19093071
0,0.16735789
0,0.15728223
0,0.1731504
0,0.16519941
0,0.17736122
0,0.18414465
0,0.16230214
0,0.1786723
0,0.18450046
0,0.19006753
0,0.19073723
0,0.16344237
0,0.17821254
0,0.18820646
0,0.19478269
0,0.1944516
0,0.16512224
0,0.15675251
0,0.17313188
0,0.16178885
0,0.17233834
0,0.15762143
0,0.14713392
0,0.16532977
0,0.17615953
0,0.18274093
0,0.18277657
0,0.16278137
0,0.17853908
0,0.18055855
0,0.18404835
0,0.191431
0,0.19346288
0,0.20234813
0,0.17570572
0,0.16516034
0,0.18036382
0,0.18598473
0,0.19318168
0,0.19561449
0,0.16605066
0,0.17936249
0,0.17745386
0,0.1595477
0,0.17056297
0,0.17282301
0,0.17445078
0,0.15130503
0,0.16359356
0,0.16564932
0,0.15869452
0,0.14441296
0,0.14030232
0,0.15796325
0,0.16679634
0,0.17205878
0,0.17687297
0,0.1594832
0,0.1622895
0,0.17968287
0,0.18476112
0,0.18811662
0,0.16599192
0,0.18240346
0,0.1857049
0,0.18796235
0,0.17722236
0,0.1864897
0,0.16805314
0,0.18276243
0,0.19264671
0,0.16779621
0,0.18108569
0,0.18398166
0,0.17459214
0,0.15964212
0,0.17509277
0,0.15817761
0,0.17188342
0,0.15365934
0,0.14668092
0,0.1617748
0,0.159779
0,0.15406989
0,0.17389318
0,0.15759148
0,0.15463614
0,0.17698039
0,0.16975841
0,0.18377917
0,0.17322536
0,0.17522623
0,0.18432109
0,0.19797164
0,0.22603717
0,0.23988019
0,0.25110573
0,0.2647444
0,0.22882989
0,0.24426265
0,0.2536518
0,0.2406112
0,0.22271663
0,0.21419159
0,0.2245808
0,0.2123278
0,0.20115231
0,0.2115419
0,0.19751033
0,0.20713991
0,0.20634735
0,0.20785119
0,0.20648396
0,0.19145864
0,0.16976136
0,0.18469156
0,0.20082219
0,0.188341
0,0.15812656
0,0.14610326
0,0.16309445
0,0.16145945
0,0.14796115
0,0.16761538
0,0.17443942
0,0.19685805
0,0.19632235
0,0.20092805
0,0.19915858
0,0.1867835
0,0.19051293
0,0.19082609
0,0.1921962
0,0.20469005
0,0.17266226
0,0.17750387
0,0.15281571
0,0.1538536
0,0.16406108
0,0.15176435
0,0.1586115
0,0.16377386
0,0.16533218
0,0.18226638
0,0.15814319
0,0.15396701
0,0.1445779
0,0.15534985
0,0.16519505
0,0.15067413
0,0.16179362
0,0.16871867
0,0.17389451
0,0.15418106
0,0.16359252
0,0.17284586
0,0.17785046
0,0.18034054
0,0.18559395
0,0.1862176
0,0.18533109
0,0.17306487
0,0.18428288
0,0.18699642
0,0.18754219
0,0.16469999
0,0.1759668
0,0.17967156
0,0.1757166
0,0.15897857
0,0.15158707
0,0.16973992
0,0.17430085
0,0.17338385
0,0.15426002
0,0.14799248
0,0.1564677
0,0.15181352
0,0.16296276
0,0.17044164
0,0.16281004
0,0.1746844
0,0.1855751
0,0.16503417
0,0.17244661
0,0.16658512
0,0.18386349
0,0.1752715
0,0.17184135
0,0.19235542
0,0.18482289
0,0.20013629
0,0.20010471
0,0.19409172
0,0.21800864
0,0.20593831
0,0.22378024
0,0.23141167
0,0.23101284
0,0.23276429
0,0.21818492
0,0.22146037
0,0.22374083
0,0.19528645
0,0.17984155
0,0.19050144
0,0.19481318
0,0.19413699
0,0.18579532
0,0.173057
0,0.18466382
0,0.18896739
0,0.18800744
0,0.18564934
0,0.18392745
0,0.18368188
0,0.16707483
0,0.18126285
0,0.18184257
0,0.18153553
0,0.18208645
0,0.15900977
0,0.16884089
0,0.15170048
0,0.15254495
0,0.16393448
0,0.15600939
0,0.17008191
0,0.18273166
0,0.18308899
0,0.18101473
0,0.16671269
0,0.16261321
0,0.1728403
0,0.18033002
0,0.16408592
0,0.16434775
0,0.17822365
0,0.16955006
0,0.18012658
0,0.17736013
0,0.18496467
0,0.19694106
0,0.2035841
0,0.20834874
0,0.20938665
0,0.21007487
0,0.21030635
0,0.1961975
0,0.20856047
0,0.21169074
0,0.20943858
0,0.20928171
0,0.20663853
0,0.20399688
0,0.18384239
0,0.17553516
0,0.1957799
0,0.20448466
0,0.1852408
0,0.1977837
0,0.17830634
0,0.17073384
0,0.17691025
0,0.16686669
0,0.16581988
0,0.18049876
0,0.17103799
0,0.18799557
0,0.19449784
0,0.20156872
0,0.19051524
0,0.18138465
0,0.20153199
0,0.20568444
0,0.20857216
0,0.20751904
0,0.18645924
0,0.19807962
0,0.19206403
0,0.1825039
0,0.20696338
0,0.1966394
0,0.22207598
0,0.22951818
0,0.2308387
0,0.22106226
0,0.19470885
0,0.18720222
0,0.1829958
0,0.19513437
0,0.19905448
0,0.20193473
0,0.2010914
0,0.19900417
0,0.17586613
0,0.1712665
0,0.19249135
0,0.20205368
0,0.20567542
0,0.20853035
0,0.21779703
0,0.20839982
0,0.18957412
0,0.21434286
0,0.20593598
0,0.17902784
0,0.1910186
0,0.17540994
0,0.18402776
0,0.16003643
0,0.1592397
0,0.1722099
0,0.16258691
0,0.17584068
0,0.17771028
0,0.17889598
0,0.15934522
0,0.15864302
0,0.15680292
0,0.15793914
0,0.1745872
0,0.18141071
0,0.16711198
0,0.18172476
0,0.19039232
0,0.19728962
0,0.18161929
0,0.18530148
0,0.20092659
0,0.20823103
0,0.21545826
0,0.21697904
0,0.21685492
0,0.21393755
0,0.2174661
0,0.21900174
0,0.21999215
0,0.21434182
0,0.21456984
0,0.21159868
0,0.20712887
0,0.19369625
0,0.17157188
0,0.18288098
0,0.18148252
0,0.17754193
0,0.17504305
0,0.17600283
0,0.15360887
0,0.1584305
0,0.16325985
0,0.16419949
0,0.16606238
0,0.14952233
0,0.15806147
0,0.16359647
0,0.14825767
0,0.14980355
0,0.14688751
0,0.16029602
0,0.1664721
0,0.17351504
0,0.1892029
0,0.17665175
0,0.18923026
0,0.17319699
0,0.18424758
0,0.18760873
0,0.17370857
0,0.1834634
0,0.18567778
0,0.19227283
0,0.1879034
0,0.17412853
0,0.19257894
0,0.19351523
0,0.20003319
0,0.19991574
0,0.19591013
0,0.1942386
0,0.1911997
0,0.16922344
0,0.1753746
0,0.17491959
0,0.17215252
0,0.16935343
0,0.16880172
0,0.16827585
0,0.16355623
0,0.15067787
0,0.16324702
0,0.16973577
0,0.17334093
0,0.17595562
0,0.15251914
0,0.16401744
0,0.15919302
0,0.17010537
0,0.17685248
0,0.15470673
0,0.16461787
0,0.17152742
0,0.17305054
0,0.15908903
0,0.1477315
0,0.16207066
0,0.17102364
0,0.17650062
0,0.18148652
0,0.1598856
0,0.17272595
0,0.1774446
0,0.15919319
0,0.15501326
0,0.15788333
0,0.17039512
0,0.1754405
0,0.16149698
0,0.17404838
0,0.1812624
0,0.17361927
0,0.1840487
0,0.18713115
0,0.18904667
0,0.18772154
0,0.19377941
0,0.19281831
0,0.19585733
0,0.18272056
0,0.1728196
0,0.18660355
0,0.18833032
0,0.19040607
0,0.19220376
0,0.19869015
0,0.19508415
0,0.17402235
0,0.16274427
0,0.17513712
0,0.17914927
0,0.16997032
0,0.16056113
0,0.17524147
0,0.1743366
0,0.15994342
0,0.15446211
0,0.16709635
0,0.17731805
0,0.18443346
0,0.18673213
0,0.16593413
0,0.18095176
0,0.19148134
0,0.20437817
0,0.19806848
0,0.17121175
0,0.15897578
0,0.17413627
0,0.15813373
0,0.15188187
0,0.1563467
0,0.17337401
0,0.16792674
0,0.18583688
0,0.19438133
0,0.19631818
0,0.1979017
0,0.18934688
0,0.17655633
0,0.19013049
0,0.19517058
0,0.19653508
0,0.1725989
0,0.18635847
0,0.19155364
0,0.18475637
0,0.17393093
0,0.19307725
0,0.20347218
0,0.21226445
0,0.2068453
0,0.18923788
0,0.20384833
0,0.1948492
0,0.19480206
0,0.19822864
0,0.16982025
0,0.15773574
0,0.16877358
0,0.17694262
0,0.1790205
0,0.16445133
0,0.17586623
0,0.18300225
0,0.18426532
0,0.18810509
0,0.16417119
0,0.18036726
0,0.18851568
0,0.16357042
0,0.15769981
0,0.15439557
0,0.15455519
0,0.1712018
0,0.17967813
0,0.19157805
0,0.19187187
0,0.18068314
0,0.19318305
0,0.1979425
0,0.1988203
0,0.2008453
0,0.20470423
0,0.20258524
0,0.194115
0,0.17677037
0,0.19008791
0,0.19203478
0,0.19643386
0,0.16912165
0,0.18436907
0,0.18690641
0,0.18469842
0,0.16857393
0,0.15909305
0,0.15197882
0,0.16739745
0,0.15417251
0,0.16080762
0,0.1488487
0,0.16078138
0,0.15438941
0,0.1540177
0,0.17228006
0,0.1854336
0,0.19099464
0,0.19917396
0,0.17498763
0,0.18072462
0,0.17258395
0,0.19248123
0,0.20082107
0,0.18313365
0,0.19860573
0,0.20310494
0,0.20796081
0,0.19961523
0,0.20780715
0,0.21570764
0,0.21324646
0,0.21269
0,0.21402475
0,0.2116159
0,0.2078379
0,0.18595715
0,0.19196522
0,0.19276501
0,0.18855853
0,0.18696757
0,0.18668433
0,0.15956718
0,0.16683316
0,0.15558934
0,0.16448668
0,0.16712618
0,0.14632529
0,0.1388931
0,0.15146565
0,0.1389726
0,0.15505658
0,0.14139219
0,0.15480702
0,0.1639015
0,0.15035945
0,0.16822976
0,0.17171519
0,0.17587674
0,0.17767006
0,0.16389368
0,0.17441383
0,0.16577701
0,0.18637425
0,0.19433925
0,0.17824438
0,0.17381379
0,0.18824375
0,0.18465512
0,0.20284492
0,0.19384983
0,0.21347737
0,0.21504737
0,0.21946073
0,0.19664234
0,0.20436926
0,0.19327538
0,0.20505989
0,0.20899715
0,0.21400467
0,0.2137057
0,0.22090271
0,0.21638273
0,0.20679422
0,0.18949896
0,0.20064053
0,0.20665747
0,0.20782268
0,0.20822164
0,0.20630503
0,0.20283382
0,0.19063213
0,0.1941043
0,0.19403076
0,0.19151111
0,0.19105755
0,0.16882737
0,0.17831975
0,0.18014993
0,0.17547852
0,0.17820431
0,0.1563025
0,0.1651154
0,0.16519114
0,0.17564721
0,0.17502837
0,0.15694706
0,0.1548937
0,0.1498861
0,0.16484556
0,0.17135318
0,0.15534906
0,0.16767472
0,0.17333512
0,0.17668663
0,0.16478077
0,0.16789876
0,0.17663074
0,0.18064158
0,0.18287262
0,0.18448661
0,0.18439509
0,0.1870371
0,0.17168006
0,0.18223514
0,0.19923414
0,0.19014804
0,0.17140897
0,0.17881453
0,0.18360116
0,0.18108518
0,0.1676673
0,0.17979169
0,0.18304831
0,0.18620342
0,0.16351926
0,0.15735279
0,0.15539458
0,0.17188346
0,0.16512598
0,0.1755558
0,0.18315451
0,0.1709946
0,0.18906835
0,0.19545364
0,0.19943027
0,0.1914456
0,0.17830603
0,0.19792114
0,0.18661723
0,0.20852569
0,0.21138193
0,0.19536892
0,0.20684397
0,0.21276672
0,0.22341937
0,0.22393559
0,0.20368564
0,0.21467347
0,0.22013411
0,0.21904811
0,0.21576557
0,0.20366183
0,0.18935174
0,0.20133872
0,0.20031512
0,0.19672838
0,0.19445859
0,0.19296056
0,0.19709179
0,0.18164557
0,0.18593149
0,0.18520956
0,0.18738604
0,0.19238713
0,0.19106726
0,0.18831329
0,0.18407546
0,0.1672179
0,0.1777123
0,0.1809491
0,0.17765734
0,0.18119943
0,0.16214743
0,0.17916545
0,0.17616232
0,0.15980956
0,0.16592102
0,0.15192673
0,0.1613114
0,0.16285683
0,0.16351114
0,0.1676418
0,0.15237707
0,0.15751201
0,0.16800065
0,0.17079858
0,0.17585388
0,0.16123372
0,0.17012893
0,0.17432137
0,0.17312895
0,0.16690361
0,0.17174119
0,0.16867198
0,0.18235864
0,0.18690576
0,0.1930564
0,0.1928348
0,0.19402905
0,0.18017334
0,0.1741875
0,0.1933226
0,0.19588268
0,0.20285764
0,0.20389508
0,0.20233351
0,0.19158207
0,0.1791226
0,0.19224389
0,0.19814886
0,0.20249093
0,0.20184994
0,0.20002952
0,0.18819354
0,0.1878191
0,0.17902035
0,0.19160338
0,0.19399631
0,0.18943211
0,0.19806553
0,0.19955063
0,0.20160024
0,0.19201913
0,0.24282528
0,0.21786483
0,0.21218053
0,0.2052749
0,0.20301166
0,0.17979988
0,0.18602858
0,0.17601588
0,0.18465929
0,0.18663836
0,0.18754596
0,0.18771859
0,0.1893729
0,0.17193148
0,0.17683169
0,0.16912594
0,0.3225194
0,0.27752492
0,0.24504921
0,0.22417594
0,0.21502751
0,0.19484283
0,0.18090412
0,0.15766722
0,0.15727487
0,0.1581004
0,0.15796033
0,0.15890598
0,0.16445339
0,0.16270506
0,0.15739071
0,0.14615662
0,0.14590517
0,0.14892104
0,0.1493425
0,0.15626472
0,0.14053345
0,0.14566584
0,0.14408113
0,0.13804819
0,0.14515787
0,0.13601366
0,0.14890803
0,0.15672204
0,0.16312404
0,0.17323136
0,0.17431588
0,0.1744226
0,0.1883535
0,0.19630869
0,0.19832546
0,0.1821952
0,0.19499518
0,0.19942221
0,0.19483462
0,0.19523501
0,0.20399457
0,0.22289018
0,0.2381706
0,0.23485465
0,0.23430063
0,0.23103732
0,0.24215327
0,0.2653251
0,0.28422993
0,0.29244256
0,0.29143122
0,0.29372597
0,0.29323703
0,0.28880084
0,0.27492315
0,0.27921808
0,0.27100444
0,0.26728398
0,0.29248515
0,0.30117926
0,0.3017225
0,0.27648312
0,0.2804693
0,0.30002636
0,0.27545896
0,0.29979333
0,0.2719904
0,0.29643163
0,0.3015266
0,0.2951916
0,0.27290317
0,0.2646242
0,0.2824154
0,0.28389454
0,0.28099328
0,0.28011754
0,0.26766562
0,0.28212255
0,0.2737566
0,0.29572365
0,0.30341068
0,0.29123756
0,0.3029324
0,0.3079515
0,0.310544
0,0.3120593
0,0.3041909
0,0.30768996
0,0.31643593
0,0.41887972
0,0.3603078
0,0.32634687
0,0.27990836
0,0.2814194
0,0.247642
0,0.25856405
0,0.24281503
0,0.24239717
0,0.22403729
0,0.22908874
0,0.21832065
0,0.20976986
0,0.2222663
0,0.21515629
0,0.20902981
0,0.20671329
0,0.20073338
0,0.18774143
0,0.19437636
0,0.18984424
0,0.19062406
0,0.183773
0,0.1892817
0,0.20020238
0,0.20917213
0,0.21740192
0,0.22445899
0,0.22654697
0,0.24027976
0,0.28698704
0,0.288443
0,0.28937823
0,0.27029917
0,0.28301302
0,0.2828914
0,0.2758806
0,0.28514418
0,0.266392
0,0.2844662
0,0.2908138
0,0.27638727
0,0.28438216
0,0.2929917
0,0.28585336
0,0.3633886
0,0.32467958
0,0.29866076
0,0.30221495
0,0.30737942
0,0.30595905
0,0.3033846
0,0.29150745
0,0.2990743
0,0.30010688
0,0.3039455
0,0.30056217
0,0.30343357
0,0.30456135
0,0.28490973
0,0.2767627
0,0.2913665
0,0.29973724
0,0.3075553
0,0.28572363
0,0.2953145
0,0.2997084
0,0.29745293
0,0.2798065
0,0.27014524
0,0.2912256
0,0.29837185
0,0.29895866
0,0.3049558
0,0.28291982
0,0.29431328
0,0.27406403
0,0.2871201
0,0.29658598
0,0.27374598
0,0.26722923
0,0.28838956
0,0.29271996
0,0.2758345
0,0.27573162
0,0.2955068
0,0.3065897
0,0.30745623
0,0.29258925
0,0.2819648
0,0.30766293
0,0.29404774
0,0.28070715
0,0.3595517
0,0.3213916
0,0.3166031
0,0.31132442
0,0.309762
0,0.29375672
0,0.27613378
0,0.26945373
0,0.28635654
0,0.29079673
0,0.29324582
0,0.29490736
0,0.27440578
0,0.2877123
0,0.2796421
0,0.28739402
0,0.28984454
0,0.26946086
0,0.28330508
0,0.28896296
0,0.29320157
0,0.30210346
0,0.2843605
0,0.29334387
0,0.30276844
0,0.3059425
0,0.31241384
0,0.2905898
0,0.30471084
0,0.2991301
0,0.28352967
0,0.30040282
0,0.27530158
0,0.29227778
0,0.290208
0,0.2902709
0,0.29107207
0,0.2710307
0,0.26821598
0,0.29422426
0,0.29349467
0,0.2943031
0,0.29710448
0,0.2980732
0,0.2966705
0,0.29421005
0,0.27817726
0,0.29370612
0,0.29198286
0,0.28707042
0,0.29054946
0,0.29077548
0,0.29682642
0,0.28133968
0,0.28697145
0,0.29457834
0,0.3005051
0,0.30073953
0,0.2950134
0,0.2926721
0,0.2893861
0,0.28929824
0,0.27665716
0,0.27281076
0,0.28870502
0,0.29622817
0,0.29530185
0,0.30336645
0,0.28511825
0,0.28635794
0,0.2745488
0,0.28642514
0,0.2740185
0,0.26867518
0,0.29236534
0,0.2984856
0,0.29698884
0,0.28684306
0,0.29244104
0,0.2875128
0,0.2919593
0,0.2893879
0,0.272158
0,0.29507133
0,0.29981846
0,0.28429845
0,0.2755801
0,0.29850715
0,0.29923764
0,0.3010294
0,0.29984337
0,0.29769337
0,0.2956712
0,0.28797308
0,0.28691396
0,0.27004227
0,0.28042817
0,0.28697672
0,0.28392383
0,0.27295592
0,0.27813807
0,0.27935183
0,0.3051643
0,0.29603487
0,0.28158903
0,0.27093363
0,0.28515175
0,0.28564498
0,0.29503408
0,0.2860069
0,0.29510778
0,0.30199713
0,0.29557696
0,0.2965679
0,0.28650022
0,0.2862119
0,0.27634794
0,0.2701148
0,0.26033399
0,0.25570232
0,0.26632252
0,0.27005753
0,0.27231607
0,0.27590895
0,0.27893096
0,0.2726589
0,0.2848009
0,0.2842275
0,0.2858478
0,0.28640756
0,0.28600582
0,0.28789923
0,0.2876726
0,0.2841142
0,0.29091427
0,0.36229298
0,0.32151908
0,0.30561638
0,0.2962141
0,0.30777133
0,0.2846836
0,0.28011543
0,0.28104734
0,0.27848592
0,0.28168547
0,0.2658913
0,0.28437862
0,0.28308716
0,0.2789006
0,0.27864575
0,0.26681292
0,0.2882119
0,0.29054257
0,0.28399098
0,0.28236923
0,0.26616338
0,0.27259094
0,0.2613796
0,0.27040064
0,0.27579683
0,0.2708096
0,0.28148642
0,0.28532255
0,0.2854584
0,0.27560812
0,0.2857101
0,0.2843512
0,0.29008162
0,0.288074
0,0.28106532
0,0.290096
0,0.28539371
0,0.28486395
0,0.2841213
0,0.2894237
0,0.29065764
0,0.29445222
0,0.29262662
0,0.2925099
0,0.30200282
0,0.28696337
0,0.2921825
0,0.296802
0,0.29588962
0,0.29675394
0,0.29806617
0,0.28126726
0,0.29083565
0,0.2866543
0,0.29258433
0,0.29211712
0,0.27436745
0,0.2704907
0,0.28975207
0,0.29323828
0,0.2931954
0,0.29090786
0,0.29513264
0,0.29660723
0,0.29089904
0,0.29540414
0,0.28407717
0,0.30403426
0,0.29209056
0,0.29997838
0,0.30465668
0,0.28843963
0,0.29183474
0,0.28739414
0,0.29259834
0,0.29746336
0,0.28632775
0,0.2953265
0,0.29618058
0,0.29808745
0,0.3048843
0,0.30074096
0,0.30067256
0,0.30048326
0,0.28803357
0,0.29275313
0,0.280009
0,0.28879482
0,0.2894118
0,0.28953528
0,0.2890353
0,0.29484847
0,0.27987558
0,0.2810329
0,0.28394562
0,0.2911801
0,0.29427463
0,0.28467724
0,0.30215526
0,0.29883128
0,0.28317565
0,0.29036832
0,0.28490406
0,0.27777573
0,0.28772104
0,0.2884738
0,0.29307497
0,0.27816343
0,0.27054244
0,0.2851232
0,0.29121238
0,0.29212397
0,0.27450207
0,0.2835001
0,0.2827784
0,0.28423247
0,0.2691551
0,0.2754561
0,0.2884775
0,0.29029197
0,0.28303787
0,0.29518288
0,0.29918674
0,0.29499865
0,0.2922222
0,0.29881287
0,0.3020168
0,0.31033796
0,0.3074959
0,0.31165108
0,0.3055094
0,0.2968894
0,0.2858775
0,0.2987088
0,0.29571813
0,0.29673046
0,0.28011996
0,0.276133
0,0.26614484
0,0.27739024
0,0.2758104
0,0.28053805
0,0.30094057
0,0.27761286
0,0.29113173
0,0.29219493
0,0.29502913
0,0.28381562
0,0.27668655
0,0.28848854
0,0.287391
0,0.29479116
0,0.2955307
0,0.28307965
0,0.2748958
0,0.27442932
0,0.28843817
0,0.29323754
0,0.28639382
0,0.28861833
0,0.29550928
0,0.30682436
0,0.30660483
0,0.29296505
0,0.28183973
0,0.28352854
0,0.28326455
0,0.28117803
0,0.28479138
0,0.28215304
0,0.2845329
0,0.27550045
0,0.29212436
0,0.28943396
0,0.2784023
0,0.2894405
0,0.28563818
0,0.2949213
0,0.30102703
0,0.29690433
0,0.29667917
0,0.29076722
0,0.29728827
0,0.27498764
0,0.27172458
0,0.28076395
0,0.2820577
0,0.2649768
0,0.26209462
0,0.2753214
0,0.28064325
0,0.28318697
0,0.284875
0,0.2861433
0,0.27300212
0,0.27939802
0,0.2828488
0,0.39092696
0,0.32660314
0,0.30031994
0,0.29586726
0,0.29212156
0,0.28880602
0,0.27329287
0,0.26779392
0,0.26271898
0,0.27226117
0,0.27996755
0,0.27277127
0,0.2769408
0,0.27772287
0,0.26777098
0,0.27804598
0,0.27926996
0,0.28444418
0,0.28266189
0,0.28085268
0,0.28803587
0,0.27850404
0,0.2806056
0,0.29079166
0,0.29072642
0,0.27200347
0,0.27919647
0,0.28225225
0,0.28200972
0,0.28287697
0,0.28655416
0,0.2890743
0,0.2855194
0,0.27643806
0,0.28848076
0,0.2893374
0,0.28609693
0,0.27680415
0,0.26649952
0,0.27892965
0,0.29153058
0,0.27484292
0,0.27484706
0,0.27529347
0,0.2829143
0,0.27577487
0,0.28602394
0,0.2883441
0,0.2779717
0,0.28625077
0,0.29119506
0,0.29694346
0,0.30420268
0,0.28238064
0,0.2717504
0,0.2860466
0,0.27706507
0,0.28651077
0,0.29443553
0,0.29282212
0,0.29471347
0,0.29220054
0,0.2973033
0,0.298949
0,0.3022294
0,0.30398777
0,0.3023626
0,0.3016897
0,0.2938685
0,0.28911203
0,0.3126228
0,0.30270177
0,0.29954234
0,0.2991907
0,0.28588703
0,0.289736
0,0.28079075
0,0.29233092
0,0.28502733
0,0.28305456
0,0.29079318
0,0.28181675
0,0.28638437
0,0.29056242
0,0.27717495
0,0.27938795
0,0.28624
0,0.28663915
0,0.29703572
0,0.28191042
0,0.2927077
0,0.29145047
0,0.28720903
0,0.28230265
0,0.28338942
0,0.28953832
0,0.2879407
0,0.29630512
0,0.29813862
0,0.3017334
0,0.28454697
0,0.2946539
0,0.29567248
0,0.29129553
0,0.29207462
0,0.2788632
0,0.28546166
0,0.29703325
0,0.27722928
0,0.28802544
0,0.2803769
0,0.2875628
0,0.28933635
0,0.2977471
0,0.2989626
0,0.28594792
0,0.29139808
0,0.28065422
0,0.2922463
0,0.29588443
0,0.28586188
0,0.28870904
0,0.29208538
0,0.2954279
0,0.2729795
0,0.2689945
0,0.25939894
0,0.2585577
0,0.2776451
0,0.2793835
0,0.27864933
0,0.28542235
0,0.2755696
0,0.29217115
0,0.2941597
0,0.2884064
0,0.28899783
0,0.29410437
0,0.2944107
0,0.29084238
0,0.28409782
0,0.29215097
0,0.29471534
0,0.28575343
0,0.269553
0,0.28594378
0,0.28600323
0,0.2774868
0,0.2741139
0,0.28526986
0,0.28938907
0,0.29353526
0,0.30130106
0,0.30713505
0,0.3024832
0,0.28919256
0,0.27738133
0,0.2894992
0,0.29192546
0,0.29422724
0,0.28782654
0,0.278828
0,0.28321725
0,0.2783945
0,0.2791781
0,0.27912772
0,0.2727687
0,0.27800933
0,0.27975336
0,0.28475845
0,0.29477164
0,0.27685308
0,0.2829025
0,0.28779438
0,0.2843863
0,0.2836599
0,0.27126184
0,0.27755097
0,0.26747853
0,0.2657414
0,0.28258222
0,0.2780143
0,0.27466962
0,0.28414515
0,0.2964698
0,0.28589433
0,0.28201568
0,0.2801108
0,0.2792856
0,0.2799891
0,0.2738619
0,0.2773598
0,0.3433241
0,0.302602
0,0.29671502
0,0.27848575
0,0.2798257
0,0.27877337
0,0.36691782
0,0.31280264
0,0.29272303
0,0.2870586
0,0.2833308
0,0.28061464
0,0.28300297
0,0.28281042
0,0.28207952
0,0.2695264
0,0.27689797
0,0.28384283
0,0.28551278
0,0.27570555
0,0.26690266
0,0.27943742
0,0.2823921
0,0.28829095
0,0.2825045
0,0.27080247
0,0.2756643
0,0.2693284
0,0.27871197
0,0.28628358
0,0.2690611
0,0.28424963
0,0.2892059
0,0.28834572
0,0.2780377
0,0.28776297
0,0.29003802
0,0.28134635
0,0.28488287
0,0.2882392
0,0.28232405
0,0.28511345
0,0.28183857
0,0.28541395
0,0.28477427
0,0.28183898
0,0.28309464
0,0.2748091
0,0.2766934
0,0.28321886
0,0.27759948
0,0.28551316
0,0.2811363
0,0.2799178
0,0.27511528
0,0.2793332
0,0.26852024
0,0.27426633
0,0.2685386
0,0.27266708
0,0.27700877
0,0.26841497
0,0.2777583
0,0.28046465
0,0.28093153
0,0.2795684
0,0.28425953
0,0.27983353
0,0.2802558
0,0.28116328
0,0.28247127
0,0.2794102
0,0.28517362
0,0.28316358
0,0.28602874
0,0.28678402
0,0.28219754
0,0.27771056
0,0.274836
0,0.27711222
0,0.2736146
0,0.27439946
0,0.27573878
0,0.27738562
0,0.27401876
0,0.27736804
0,0.27165294
0,0.27274075
0,0.2656097
0,0.27113146
0,0.27093276
0,0.2794489
0,0.28329685
0,0.28180787
0,0.27558407
0,0.2672184
0,0.28893602
0,0.2787979
0,0.27452618
0,0.29218197
0,0.28405404
0,0.28312686
0,0.27515256
0,0.27768287
0,0.27829567
0,0.26989466
0,0.27969941
0,0.27193722
0,0.27190354
0,0.2727955
0,0.2644288
0,0.26779142
0,0.26342106
0,0.26137933
0,0.26886982
0,0.26874503
0,0.27372047
0,0.26828364
0,0.27601656
0,0.2759471
0,0.2759026
0,0.26863912
0,0.26941243
0,0.27164277
0,0.2565908
0,0.2715256
0,0.26306057
0,0.26075676
0,0.25983214
0,0.2633082
0,0.27062282
0,0.27380857
0,0.2757022
0,0.27222043
0,0.2734593
0,0.26439267
0,0.26779315
0,0.2663828
0,0.26123747
0,0.25659502
0,0.25392458
0,0.25774136
0,0.25818482
0,0.25950113
0,0.26152804
0,0.25533032
0,0.26180294
0,0.25276098
0,0.25942728
0,0.26330993
0,0.26331747
0,0.25599894
0,0.25352183
0,0.25294942
0,0.2613625
0,0.25808653
0,0.2495511
0,0.2535362
0,0.24985744
0,0.2559244
0,0.25673828
0,0.26276892
0,0.26312017
0,0.2711765
0,0.25923675
0,0.2610831
0,0.25844908
0,0.25557432
0,0.25340858
0,0.25436035
0,0.25480425
0,0.24797732
0,0.25316012
0,0.24965115
0,0.2527002
0,0.25292042
0,0.25433633
0,0.24809097
0,0.27151734
0,0.2642306
0,0.25831255
0,0.25364107
0,0.26061302
0,0.26220778
0,0.2626397
0,0.25569218
0,0.25281176
0,0.25458834
0,0.25196448
0,0.25206366
0,0.2592606
0,0.30307862
0,0.28604135
0,0.28056479
0,0.28351456
0,0.27715105
0,0.2709235
0,0.27264765
0,0.2777085
0,0.28558517
0,0.2703366
0,0.26637715
0,0.2623064
0,0.26341772
0,0.2610427
0,0.26169348
0,0.2580328
0,0.2523145
0,0.25919092
0,0.2525485
0,0.25824842
0,0.25148073
0,0.25886384
0,0.25515705
0,0.25551978
0,0.25306502
0,0.2661786
0,0.2621815
0,0.26024306
0,0.2561122
0,0.2557629
0,0.25765735
0,0.27224833
0,0.26008385
0,0.25429234
0,0.2554322
0,0.26160982
0,0.26354107
0,0.2657242
0,0.26101366
0,0.26608503
0,0.27226597
0,0.2600834
0,0.26253068
0,0.2624113
0,0.26288506
0,0.26259357
0,0.25758868
0,0.26268777
0,0.2589106
0,0.25631237
0,0.25519994
0,0.26616168
0,0.2594184
0,0.26159683
0,0.26572424
0,0.2619047
0,0.26097268
0,0.26060346
0,0.26145345
0,0.26747712
0,0.26448515
0,0.26234844
0,0.2621223
0,0.26168102
0,0.26901713
0,0.27548277
0,0.27127108
0,0.2658482
0,0.25866443
0,0.25995478
0,0.2635423
0,0.26560763
0,0.25652885
0,0.26807448
0,0.26228133
0,0.28214163
0,0.28456253
0,0.28022617
0,0.26885223
0,0.27396452
0,0.26425636
0,0.26038954
0,0.25876
0,0.25957957
0,0.25756338
0,0.2566855
0,0.25323778
0,0.24925078
0,0.25083408
0,0.2542914
0,0.25541475
0,0.26143485
0,0.26907486
0,0.25891384
0,0.2512428
0,0.2471201
0,0.24734387
0,0.25308505
0,0.25928918
0,0.25851297
0,0.33621985
0,0.2950578
0,0.29328585
0,0.29239377
0,0.27844098
0,0.27965018
0,0.27522114
0,0.27776235
0,0.2717156
0,0.27563986
0,0.2719135
0,0.267746
0,0.2724066
0,0.27144855
0,0.26759538
0,0.26964533
0,0.26741225
0,0.26792723
0,0.26556522
0,0.2687358
0,0.2637163
0,0.26889765
0,0.2652632
0,0.26596165
0,0.26182956
0,0.27576286
0,0.27101472
0,0.2628329
0,0.27103055
0,0.26699919
0,0.26337028
0,0.2617433
0,0.2646838
0,0.2615879
0,0.26126984
0,0.26275375
0,0.2592226
0,0.26794544
0,0.26126748
0,0.25877923
0,0.27049464
0,0.26940116
0,0.27018008
0,0.2664396
0,0.26531395
0,0.272313
0,0.2772958
0,0.27048504
0,0.26731652
0,0.26620495
0,0.27174535
0,0.26764452
0,0.26585367
0,0.27359593
0,0.26667544
0,0.26398307
0,0.25991973
0,0.2600011
0,0.26955962
0,0.26143685
0,0.264582
0,0.26435024
0,0.26488423
0,0.26151142
0,0.25669977
0,0.26542473
0,0.2627704
0,0.2637828
0,0.26187995
0,0.2672437
0,0.26128858
0,0.26555488
0,0.25780323
0,0.25579154
0,0.2622179
0,0.2680636
0,0.2634289
0,0.27653942
0,0.2686481
0,0.26191494
0,0.2606021
0,0.26714143
0,0.270853
0,0.2697166
0,0.26501948
0,0.27426767
0,0.27830514
0,0.27037486
0,0.25892246
0,0.25639766
0,0.26002577
0,0.26117763
0,0.2530471
0,0.25088447
0,0.2530696
0,0.2566462
0,0.2515409
0,0.2485891
0,0.25589374
0,0.25392145
0,0.25592905
0,0.25558475
0,0.2505882
0,0.2488221
0,0.2520043
0,0.24962032
0,0.25078797
0,0.25496763
0,0.2627196
0,0.2740619
0,0.26888874
0,0.27249688
0,0.26228568
0,0.2661584
0,0.2599969
0,0.24947922
0,0.25772384
0,0.26089862
0,0.25828066
0,0.25343513
0,0.24670471
0,0.25293553
0,0.24901278
0,0.2533797
0,0.25960708
0,0.26107064
0,0.26315373
0,0.26489183
0,0.26552954
0,0.26719856
0,0.26791948
0,0.268283
0,0.26001614
0,0.2553828
0,0.2552949
0,0.2596773
0,0.2653924
0,0.2551631
0,0.26056358
0,0.25922528
0,0.2610278
0,0.25809047
0,0.25706217
0,0.26156673
0,0.26228306
0,0.26669183
0,0.26842284
0,0.25995094
0,0.2567499
0,0.25442928
0,0.26349926
0,0.26903033
0,0.25889793
0,0.26751122
0,0.26749498
0,0.2684969
0,0.2728741
0,0.27728677
0,0.2696861
0,0.26944754
0,0.27311614
0,0.26707596
0,0.26570007
0,0.26319215
0,0.26179934
0,0.25683337
0,0.26152882
0,0.25869873
0,0.2661951
0,0.2756143
0,0.2653135
0,0.26332054
0,0.2647146
0,0.28218943
0,0.2649039
0,0.26245314
0,0.25939912
0,0.2612721
0,0.25450653
0,0.25007832
0,0.24841666
0,0.2443478
0,0.2586085
0,0.25973678
0,0.2660002
0,0.26453894
0,0.2731622
0,0.26960194
0,0.2652805
0,0.26244715
0,0.27825728
0,0.2702829
0,0.28735292
0,0.27962857
0,0.27163494
0,0.26934734
0,0.26688722
0,0.26272395
0,0.2636068
0,0.25169814
0,0.2558934
0,0.26074868
0,0.26237664
0,0.25700596
0,0.25469267
0,0.25055945
0,0.26067987
0,0.25909248
0,0.2564282
0,0.2585579
0,0.25631568
0,0.2564554
0,0.25235364
0,0.25568858
0,0.25014588
0,0.25069597
0,0.26231822
0,0.26903108
0,0.26911613
0,0.27854216
0,0.2717658
0,0.26870438
0,0.2744566
0,0.27407172
0,0.26877242
0,0.2655315
0,0.264838
0,0.25956738
0,0.2587976
0,0.26062566
0,0.26336515
0,0.2576143
0,0.2532035
0,0.2552785
0,0.25743732
0,0.25993547
0,0.25715002
0,0.25616243
0,0.2591781
0,0.25608832
0,0.25390428
0,0.26102102
0,0.27195838
0,0.26840252
0,0.2639923
0,0.2601732
0,0.26589873
0,0.26320446
0,0.26748347
0,0.26966205
0,0.2658362
0,0.2563282
0,0.26339337
0,0.26132262
0,0.26195833
0,0.2627631
0,0.2712229
0,0.26360154
0,0.26466626
0,0.26784983
0,0.25993672
0,0.26150814
0,0.27750427
0,0.26807952
0,0.26381782
0,0.2714547
0,0.2618868
0,0.26450208
0,0.25932333
0,0.25678644
0,0.2527624
0,0.2574595
0,0.25298476
0,0.2475965
0,0.2549489
0,0.2529648
0,0.25963476
0,0.24983245
0,0.24932328
0,0.24812129
0,0.24703008
0,0.2520663
0,0.25494766
0,0.25524735
0,0.2526761
0,0.25300565
0,0.2592398
0,0.25426835
0,0.26707944
0,0.25723654
0,0.2623636
0,0.26195097
0,0.27641
0,0.263975
0,0.2600906
0,0.25730854
0,0.25745904
0,0.25965023
0,0.25589004
0,0.2541479
0,0.25214857
0,0.25575238
0,0.25275332
0,0.2516528
0,0.25255018
0,0.25289375
0,0.25359365
0,0.2544756
0,0.2548323
0,0.2537144
0,0.25935546
0,0.2597332
0,0.25378993
0,0.25580138
0,0.25453585
0,0.26513192
0,0.2591067
0,0.25312078
0,0.24968578
0,0.25736943
0,0.25562832
0,0.25606927
0,0.25384003
0,0.25358567
0,0.24637689
0,0.26059982
0,0.2675976
0,0.26584783
0,0.26529396
0,0.26800048
0,0.2723339
0,0.26087803
0,0.26196727
0,0.2567553
0,0.26255184
0,0.25806937
0,0.25829017
0,0.26260382
0,0.26517895
0,0.2633365
0,0.2577811
0,0.26045996
0,0.25584537
0,0.2525869
0,0.25181615
0,0.25375348
0,0.25538635
0,0.25278252
0,0.25478575
0,0.25086522
0,0.24968444
0,0.24566394
0,0.2464792
0,0.2515049
0,0.24650022
0,0.25648677
0,0.24798647
0,0.25163642
0,0.24556962
0,0.24394828
0,0.24491516
0,0.2569782
0,0.25413257
0,0.2546142
0,0.26715398
0,0.253983
0,0.2590812
0,0.25671777
0,0.25606078
0,0.25419834
0,0.25432816
0,0.266192
0,0.26972273
0,0.26437673
0,0.25885686
0,0.26155612
0,0.30342174
0,0.27171788
0,0.2652742
0,0.27217683
0,0.2646488
0,0.25821763
0,0.25690207
0,0.2555642
0,0.24957897
0,0.2505765
0,0.25679693
0,0.25187021
0,0.2535545
0,0.24690117
0,0.25011697
0,0.25249618
0,0.24965444
0,0.24901603
0,0.24734806
0,0.24782865
0,0.2581487
0,0.25387555
0,0.25818637
0,0.25497916
0,0.26485538
0,0.25903448
0,0.26238152
0,0.26514855
0,0.2659508
0,0.27210674
0,0.27719063
0,0.27240336
0,0.26862842
0,0.2682666
0,0.27075663
0,0.26361457
0,0.26493886
0,0.2631153
0,0.2608199
0,0.25531128
0,0.25164366
0,0.25402322
0,0.25280395
0,0.2529477
0,0.24597356
0,0.25006932
0,0.2564624
0,0.25890708
0,0.2593499
0,0.26198334
0,0.25645003
0,0.25548676
0,0.25286004
0,0.26017612
0,0.2589788
0,0.269995
0,0.26189458
0,0.2612643
0,0.26218122
0,0.2681238
0,0.2689756
0,0.27412456
0,0.27489242
0,0.26888978
0,0.26585498
0,0.2689421
0,0.26774797
0,0.26326093
0,0.27276722
0,0.26785016
0,0.27741194
0,0.27375123
0,0.26533598
0,0.26192322
0,0.25849003
0,0.27714196
0,0.27103695
0,0.2649977
0,0.27170455
0,0.27009678
0,0.28361586
0,0.27580145
0,0.27585983
0,0.2770005
0,0.27578345
0,0.2774598
0,0.26945552
0,0.2621674
0,0.26498425
0,0.26311442
0,0.26776496
0,0.2616457
0,0.25627717
0,0.26639512
0,0.26339248
0,0.27332562
0,0.26580027
0,0.26120833
0,0.264397
0,0.2612029
0,0.26867387
0,0.261747
0,0.2718253
0,0.26273733
0,0.26751786
0,0.25698066
0,0.2605586
0,0.25297672
0,0.25233126
0,0.2546664
0,0.25426683
0,0.25933033
0,0.2596902
0,0.2631753
0,0.2753698
0,0.2673071
0,0.26015955
0,0.26020116
0,0.25691548
0,0.25801674
0,0.25900045
0,0.26630712
0,0.26859242
0,0.26336187
0,0.26371372
0,0.2654467
0,0.26887938
0,0.26548985
0,0.26023993
0,0.26152223
0,0.26692826
0,0.26485005
0,0.26371095
0,0.2683709
0,0.2693291
0,0.2601003
0,0.25438488
0,0.25686342
0,0.25068766
0,0.25572562
0,0.25494945
0,0.2700077
0,0.26724932
0,0.27671337
0,0.26981655
0,0.2638451
0,0.27448148
0,0.26635304
0,0.26092666
0,0.48382536
0,0.35174513
0,0.31709462
0,0.29762197
0,0.28513882
0,0.2773365
0,0.2778103
0,0.26877862
0,0.26825762
0,0.27097818
0,0.2639446
0,0.27337024
0,0.29219848
0,0.28183603
0,0.28066835
0,0.27004436
0,0.2691355
0,0.2691124
0,0.26170492
0,0.26230273
0,0.2560814
0,0.25821328
0,0.27278253
0,0.25880063
0,0.27625513
0,0.26142532
0,0.25696522
0,0.27210474
1,0.2679918
1,0.28059518
1,0.27220932
1,0.26620862
1,0.26357043
1,0.26695862
1,0.26949975
1,0.2624405
1,0.26257372
1,0.25820816
1,0.26491457
1,0.26844573
1,0.26669642
1,0.26710498
1,0.26518023
0,0.9276655
0,0.70492506
0,0.599193
0,0.5198272
0,0.45270118
0,0.39403516
0,0.34547642
0,0.31054378
0,0.29015538
0,0.25884268
0,0.24447352
0,0.22746271
0,0.20981613
0,0.20369013
0,0.18103246
0,0.16936944
0,0.16005816
0,0.16180229
0,0.16938125
0,0.17886996
0,0.18879469
0,0.20484631
0,0.21849754
0,0.228564
0,0.23342007
0,0.24850538
0,0.252244
0,0.2587853
0,0.26149434
0,0.2620648
0,0.26681766
0,0.26711366
0,0.267818
0,0.26544055
0,0.26463178
0,0.27436876
0,0.27254736
0,0.26875934
0,0.2876096
0,0.2780236
0,0.27013165
0,0.26723102
0,0.2703748
0,0.26535803
0,0.26682857
0,0.26570937
0,0.2626283
0,0.27091816
0,0.27922636
0,0.27032223
0,0.26831463
0,0.26233587
0,0.26336145
0,0.2673329
0,0.26318493
0,0.26716152
0,0.26889277
0,0.2765287
0,0.2819649
0,0.28652188
0,0.27232438
0,0.27314222
0,0.28251776
0,0.2873168
0,0.2772543
0,0.27214092
0,0.26684192
0,0.2729583
0,0.26535422
0,0.27020204
0,0.2713816
0,0.28715795
0,0.29253405
0,0.27393934
0,0.2677993
0,0.26565936
0,0.27445742
0,0.26497188
0,0.25939086
0,0.2700386
0,0.2587266
0,0.26400816
0,0.25196078
0,0.26029217
0,0.25973085
0,0.26535255
0,0.26375943
0,0.26430792
0,0.26396602
0,0.26028007
0,0.25898972
0,0.2645893
0,0.26602244
0,0.2713961
0,0.26667807
0,0.26751333
0,0.26840588
0,0.27468756
0,0.2684573
0,0.26485747
0,0.26446295
0,0.2605417
0,0.2632357
0,0.2767228
0,0.26606926
0,0.2637403
0,0.26146826
0,0.25992727
0,0.2709342
0,0.26373047
0,0.27160993
0,0.2748126
0,0.26185468
0,0.26266152
0,0.2555315
0,0.2586337
0,0.2699487
0,0.27290192
0,0.2744983
0,0.3122853
0,0.30724525
0,0.2910622
0,0.28962427
0,0.2703568
0,0.28612882
0,0.28247175
0,0.27707896
0,0.27397534
0,0.27653798
0,0.27188534
0,0.27072212
0,0.27411518
0,0.27058175
0,0.27345648
0,0.27510712
0,0.26740202
0,0.26810896
0,0.26381847
0,0.2677793
0,0.2686641
0,0.27177328
0,0.26814902
0,0.26216856
0,0.2646579
0,0.26206076
0,0.26883888
0,0.27138558
0,0.29557434
0,0.28337383
0,0.27975667
0,0.28735483
0,0.27797762
0,0.27679008
0,0.27328995
0,0.2765481
0,0.2742188
0,0.26715946
0,0.26191893
0,0.25928596
0,0.26002648
0,0.26010332
0,0.2654482
0,0.2653821
0,0.26582035
0,0.2564711
0,0.25580415
0,0.26154935
0,0.25984478
0,0.25736952
0,0.25584376
0,0.26071715
0,0.2670394
0,0.2596574
0,0.2613055
0,0.26769197
0,0.2685559
0,0.2642651
0,0.27214015
0,0.2725839
0,0.27266368
0,0.27102783
0,0.2822218
0,0.27602598
0,0.27451336
0,0.27017182
0,0.2665121
0,0.27291557
0,0.26889166
0,0.268003
0,0.266376
0,0.2655596
0,0.26204103
0,0.26419488
0,0.26925418
0,0.25803685
0,0.24782616
0,0.25412554
0,0.2615322
0,0.2589123
0,0.25477502
0,0.2636729
0,0.28023717
0,0.26651847
0,0.26896164
0,0.26036525
0,0.25912386
0,0.2567291
0,0.27481055
0,0.26875603
0,0.2679244
0,0.27103433
0,0.26960853
0,0.28078315
0,0.2691166
0,0.2711391
0,0.27073488
0,0.26405385
0,0.2602294
0,0.28145817
0,0.272977
0,0.2645676
0,0.27376536
0,0.26386413
0,0.25489628
0,0.2539964
0,0.25084728
0,0.25723776
0,0.26461297
0,0.25868672
0,0.2591385
0,0.25626355
0,0.24965176
0,0.2703191
0,0.25903913
0,0.25405174
0,0.2562176
0,0.25433004
0,0.25306582
0,0.2579956
0,0.26384735
0,0.255449
0,0.26728326
0,0.27239904
0,0.26533505
0,0.2705128
0,0.2636204
0,0.2570802
0,0.2704808
0,0.25690126
0,0.2680071
0,0.27188993
0,0.25703228
0,0.2673373
0,0.25952497
0,0.2638597
0,0.26552072
0,0.28178856
0,0.28910458
0,0.26983115
0,0.26889506
0,0.2741091
0,0.2721498
0,0.271769
0,0.26986244
0,0.26612607
0,0.2618994
0,0.25554037
0,0.26659536
0,0.26459387
0,0.26364234
0,0.2622348
0,0.26796284
0,0.26272303
0,0.27809718
0,0.26485825
0,0.2870423
0,0.27798858
0,0.2766993
0,0.27567697
0,0.2711553
0,0.27824354
0,0.28635418
0,0.27903187
0,0.2811797
0,0.27203652
0,0.26472446
0,0.27405027
0,0.27580374
0,0.27735505
0,0.28085467
0,0.28121734
0,0.28524807
0,0.27590698
0,0.2733317
0,0.28203037
0,0.27853805
0,0.27243784
0,0.27653435
0,0.27527535
0,0.28289998
0,0.27066347
0,0.27420595
0,0.2833685
0,0.27373716
0,0.26593795
0,0.26331475
0,0.26889968
0,0.26894003
0,0.2695625
0,0.25982568
0,0.2530097
0,0.26455343
0,0.2535834
0,0.25089332
0,0.24963544
0,0.24724431
0,0.26478386
0,0.2591952
0,0.26734102
0,0.2685173
0,0.26849446
0,0.266886
0,0.26184782
0,0.25951976
0,0.2638521
0,0.2593655
0,0.26109222
0,0.2595892
0,0.260085
0,0.2570563
0,0.25701854
0,0.25216046
0,0.25408676
0,0.25526434
0,0.26131916
0,0.2642347
0,0.26578802
0,0.2633168
0,0.25978705
0,0.25955474
0,0.25303382
0,0.25952002
0,0.24785563
0,0.25033486
0,0.26092544
0,0.26160815
0,0.26122028
0,0.2658224
0,0.26219365
0,0.25941232
0,0.25678933
0,0.2624794
0,0.2588226
0,0.25822484
0,0.2613006
0,0.25593194
0,0.25913635
0,0.26659152
0,0.251212
0,0.25871712
0,0.25985676
0,0.25618127
0,0.2596626
0,0.26558015
0,0.26103517
0,0.26356927
0,0.26616293
0,0.25979322
0,0.2643776
0,0.25818488
0,0.26122186
0,0.2501219
0,0.26866448
0,0.26801535
0,0.2701106
0,0.2548703
0,0.25243545
0,0.2581834
0,0.2560494
0,0.24919048
0,0.26059043
0,0.25279185
0,0.26329637
0,0.26928106
0,0.26785633
0,0.26349437
0,0.25285646
0,0.25459313
0,0.24963543
0,0.2555176
0,0.26220557
0,0.2538166
0,0.27263692
0,0.25801334
0,0.25998956
0,0.2629899
0,0.27040878
0,0.26262847
0,0.26228124
0,0.27235627
0,0.2614724
0,0.2705768
0,0.26909685
0,0.26086184
0,0.2569277
0,0.2519874
0,0.2550975
0,0.2566391
0,0.26988798
0,0.26575646
0,0.28083926
0,0.29300672
0,0.2701451
0,0.271382
0,0.2709128
0,0.2690657
0,0.26736718
0,0.27078107
0,0.3333807
0,0.29432577
0,0.27063584
0,0.28002745
0,0.26469234
0,0.2731561
0,0.2623182
0,0.2698691
0,0.26064032
0,0.259838
0,0.25670442
0,0.2643501
0,0.2724991
0,0.2561794
0,0.25594962
0,0.25887653
0,0.26200038
0,0.25917998
0,0.26012483
0,0.2566231
0,0.2609711
0,0.25115767
0,0.24712355
0,0.25504065
0,0.27362424
0,0.27580714
0,0.27123106
0,0.272577
0,0.27379337
0,0.27315128
0,0.26807815
0,0.26957607
0,0.27549076
0,0.2727794
0,0.2768518
0,0.27292135
0,0.27525282
0,0.26586962
0,0.2621315
0,0.27036548
0,0.2636456
0,0.26483542
0,0.26879573
0,0.27289185
0,0.26362818
0,0.26215872
0,0.25883463
0,0.25454524
0,0.2843816
0,0.27245107
0,0.25664037
0,0.25928926
0,0.27014706
0,0.26199868
0,0.26374105
0,0.27032766
0,0.2668367
0,0.26073462
0,0.25786036
0,0.26640132
0,0.26269552
0,0.26197827
0,0.27038231
0,0.28163275
0,0.27442488
0,0.2945952
0,0.2808522
0,0.28255507
0,0.28159827
0,0.27344337
0,0.278393
0,0.28025427
0,0.27093816
0,0.26227865
0,0.2711583
0,0.26569763
0,0.26210472
0,0.26073712
0,0.2603079
0,0.25791773
0,0.25906697
0,0.25231108
0,0.2581521
0,0.25108546
0,0.25293094
0,0.27022877
0,0.25399408
0,0.26549026
0,0.25848097
0,0.25424686
0,0.26525176
0,0.2516366
0,0.24774306
0,0.26326594
0,0.2662944
0,0.25923285
0,0.25242642
0,0.26145732
0,0.26512492
0,0.26382226
0,0.26290563
0,0.26811677
0,0.2636386
0,0.27016017
0,0.26024508
0,0.2597049
0,0.26131305
0,0.25696853
0,0.27030602
0,0.25857088
0,0.2546229
0,0.2643231
0,0.25626522
0,0.25541222
0,0.25085577
0,0.26392743
0,0.2556822
0,0.25992826
0,0.26542264
0,0.27222306
0,0.26804638
0,0.261175
0,0.25969058
0,0.2631564
0,0.25815856
0,0.2581834
0,0.2538909
0,0.25279292
0,0.2544575
0,0.26291066
0,0.26464084
0,0.26558265
0,0.26095685
0,0.26363313
0,0.27643287
0,0.2723458
0,0.26430157
0,0.27269512
0,0.26193446
0,0.2661883
0,0.2595343
0,0.25285712
0,0.25731927
0,0.26083314
0,0.2640028
0,0.26717955
0,0.26494047
0,0.26274872
0,0.26949146
0,0.25956774
0,0.25124454
0,0.24888209
0,0.2541663
0,0.25371492
0,0.27020898
0,0.2706217
0,0.264676
0,0.27398217
0,0.2707177
0,0.27773884
0,0.2773541
0,0.27616432
0,0.26553628
0,0.2705877
0,0.27073756
0,0.26402494
0,0.2673696
0,0.25815678
0,0.26103735
0,0.2591672
0,0.25491259
0,0.25916243
0,0.25564018
0,0.2535721
0,0.25280213
0,0.25249735
0,0.2523288
0,0.25296375
0,0.24819088
0,0.26788625
0,0.2605433
0,0.27312055
0,0.26176184
0,0.2620719
0,0.25560126
0,0.2540549
0,0.24909684
0,0.25291744
0,0.25095743
0,0.25333455
0,0.25720552
0,0.27074832
0,0.27179432
0,0.26348686
0,0.28009826
0,0.26916116
0,0.28118792
0,0.27739325
0,0.27626318
0,0.26393887
0,0.27095622
0,0.2648777
0,0.2661474
0,0.25752974
0,0.2642026
0,0.266835
0,0.2728354
0,0.2708206
0,0.2725462
0,0.27221346
0,0.2757125
0,0.2637767
0,0.25618133
0,0.25446957
0,0.255426
0,0.24829686
0,0.26689857
0,0.2503247
0,0.25111458
0,0.25189358
0,0.24835116
0,0.24288808
0,0.23942007
0,0.24791797
0,0.24353455
0,0.25922564
0,0.26434076
0,0.27282017
0,0.25796977
0,0.26325235
0,0.26930177
0,0.259865
0,0.26324093
0,0.25704306
0,0.25960287
0,0.2632577
0,0.2643679
0,0.2577866
0,0.26343754
0,0.26417524
0,0.25741714
0,0.26019895
0,0.2598956
0,0.26357096
0,0.26363078
0,0.2727855
0,0.2602018
0,0.27601808
0,0.2620295
0,0.26301855
0,0.2580037
0,0.2581898
0,0.26784307
0,0.268416
0,0.26053494
0,0.2609248
0,0.26105198
0,0.25573564
0,0.25866908
0,0.25574338
0,0.2495761
0,0.25938767
0,0.25987855
0,0.27539882
0,0.2673491
0,0.27433065
0,0.26880506
0,0.27255416
0,0.2727241
0,0.27596128
0,0.25574043
0,0.26004642
0,0.2692242
0,0.26621646
0,0.26786792
0,0.2633953
0,0.25607038
0,0.25387278
0,0.26009795
0,0.25669587
0,0.26080063
0,0.25838986
0,0.25335813
0,0.25352103
0,0.2531223
0,0.24922888
0,0.24936691
0,0.26087683
0,0.2545805
0,0.2538208
0,0.25731206
0,0.25398248
0,0.25527433
0,0.25692222
0,0.24911709
0,0.2715577
0,0.26807708
0,0.2540126
0,0.25738576
0,0.25265324
0,0.2587504
0,0.2581255
0,0.2663029
0,0.25891083
0,0.25887012
0,0.25746068
0,0.25506842
0,0.2558356
0,0.26234046
0,0.2709109
0,0.26877326
0,0.2703039
0,0.26983345
0,0.262563
0,0.26751631
0,0.2678353
0,0.25700045
0,0.260504
0,0.25623313
0,0.26243484
0,0.25781736
0,0.26363412
0,0.26311088
0,0.27025118
0,0.26327455
0,0.26202232
0,0.25825465
0,0.26033986
0,0.25957417
0,0.2524988
0,0.25762808
0,0.25216088
0,0.25848022
0,0.25500536
0,0.24715142
0,0.25727144
0,0.24927919
0,0.25245515
0,0.2566825
0,0.2666331
0,0.2701681
0,0.2718506
0,0.27110645
0,0.29025683
0,0.2727961
0,0.28935263
0,0.27411476
0,0.27541226
0,0.26235893
0,0.2695603
0,0.26397535
0,0.27605495
0,0.26586482
0,0.26440313
0,0.26361337
0,0.26159608
0,0.26156664
0,0.2585871
0,0.26786253
0,0.26000673
0,0.25708455
0,0.2518116
0,0.25419173
0,0.24949454
0,0.25057957
0,0.25533107
0,0.26727265
0,0.25554085
0,0.25103396
0,0.2556125
0,0.24590033
0,0.25748342
0,0.24849615
0,0.25486028
0,0.2604564
0,0.27996275
0,0.27029994
0,0.27017143
0,0.26935378
0,0.26226786
0,0.2692202
0,0.26176918
0,0.26778388
0,0.26007366
0,0.2603508
0,0.2601278
0,0.26091385
0,0.26373446
0,0.2612134
0,0.26015168
0,0.26462516
0,0.26934072
0,0.26615855
0,0.2582191
0,0.25783318
0,0.25633246
0,0.25797778
0,0.25883988
0,0.26156622
0,0.2537838
0,0.25235865
0,0.25775066
0,0.25345686
0,0.25664628
0,0.259908
0,0.25487462
0,0.24904378
0,0.24920455
0,0.2441421
0,0.2542032
0,0.24514873
0,0.25129655
0,0.24292928
0,0.24352604
0,0.24242112
0,0.257554
0,0.25772288
0,0.2623178
0,0.26929218
0,0.2593117
0,0.2631017
0,0.26297063
0,0.26655683
0,0.25959158
0,0.25986084
0,0.26514807
0,0.26122952
0,0.25788516
0,0.2609858
0,0.26155153
0,0.26494396
0,0.26112282
0,0.25336286
0,0.24966015
0,0.25472617
0,0.2588941
0,0.25741935
0,0.26332772
0,0.26279548
0,0.25382906
0,0.25320956
0,0.25376445
0,0.24770476
0,0.25618726
0,0.24457394
0,0.25861046
0,0.2627782
0,0.25145245
0,0.24767928
0,0.25316042
0,0.24939547
0,0.2500769
0,0.2465598
0,0.25874677
0,0.2508463
0,0.24607342
0,0.264129
0,0.26723576
0,0.25978154
0,0.25737426
0,0.25798282
0,0.2582608
0,0.2565176
0,0.25780317
0,0.26357847
0,0.256331
0,0.2610795
0,0.26272875
0,0.26344678
0,0.25965455
0,0.25872862
0,0.25892988
0,0.2601558
0,0.2644012
0,0.27144375
0,0.2684469
0,0.2673486
0,0.26468143
0,0.2700841
0,0.26396078
0,0.26082125
0,0.26055625
0,0.25229043
0,0.25678736
0,0.25429317
0,0.2561995
0,0.2623282
0,0.25484243
0,0.28658912
0,0.26750666
0,0.26310647
0,0.26065153
0,0.26126096
0,0.25357878
0,0.26152712
0,0.252639
0,0.2632417
0,0.26305827
0,0.27117038
0,0.27284446
0,0.26873294
0,0.27467072
0,0.26734704
0,0.2714194
0,0.26317948
0,0.26617312
0,0.26342756
0,0.26764444
0,0.27498722
0,0.26626357
0,0.26178855
0,0.26644918
0,0.27077514
0,0.26420137
0,0.26657763
0,0.2668912
0,0.28159308
0,0.26714933
0,0.26834437
0,0.26686683
0,0.2589051
0,0.26443195
0,0.26107574
0,0.25776136
0,0.2643894
0,0.26159158
0,0.25999725
0,0.26000398
0,0.2600078
0,0.25283483
0,0.2506416
0,0.25735712
0,0.25301808
0,0.25770545
0,0.25510466
0,0.2472752
0,0.25117925
0,0.25645295
0,0.26083577
0,0.26546204
0,0.2631137
0,0.27160245
0,0.2660863
0,0.26739892
0,0.2702092
0,0.2728689
0,0.27129537
0,0.2690476
0,0.26691952
0,0.272126
0,0.26496214
0,0.2659345
0,0.2656355
0,0.26673588
0,0.27038303
0,0.26662406
0,0.27847478
0,0.26929072
0,0.2670342
0,0.26985633
0,0.26574224
0,0.26409906
0,0.26224744
0,0.26149836
0,0.27124652
0,0.26737353
0,0.26832667
0,0.26375318
0,0.2675815
0,0.2693394
0,0.26818252
0,0.262595
0,0.26125994
0,0.263368
0,0.26547998
0,0.26636744
0,0.26167864
0,0.2579338
0,0.25958893
0,0.25886858
0,0.26637462
0,0.26587972
0,0.26170617
0,0.264848
0,0.2725033
0,0.26502973
0,0.2651063
0,0.26591384
0,0.2600611
0,0.26432583
0,0.26794294
0,0.25940377
0,0.25953248
0,0.25994918
0,0.2593842
0,0.2622348
0,0.262551
0,0.26717266
0,0.27099457
0,0.26968965
0,0.26916763
0,0.26566923
0,0.26385438
0,0.25882366
0,0.26850826
0,0.26459926
0,0.27863666
0,0.2756545
0,0.28212318
0,0.2797215
0,0.28224528
0,0.26511806
0,0.27259794
0,0.2599481
0,0.2674409
0,0.2643427
0,0.2731992
0,0.27004126
0,0.26252958
0,0.27009568
0,0.26483697
0,0.2639737
0,0.26285902
0,0.26873767
0,0.27189732
0,0.2811542
0,0.26949757
0,0.2650026
0,0.2718002
0,0.26224893
0,0.2615101
0,0.257528
0,0.25577685
0,0.25350314
0,0.2586566
0,0.25854513
0,0.25779766
0,0.26256365
0,0.27055743
0,0.2676607
0,0.27459094
0,0.2660311
0,0.26488554
0,0.28765222
0,0.2811328
0,0.2807522
0,0.27591875
0,0.2748393
0,0.27694303
0,0.27484944
0,0.29164392
0,0.28005356
0,0.27731696
0,0.2774673
0,0.2784688
0,0.2904444
0,0.29213044
0,0.28154513
0,0.27805373
0,0.27174866
0,0.27205572
0,0.2719984
0,0.27575257
0,0.2921481
0,0.2756883
0,0.2778913
0,0.28249097
0,0.2848281
0,0.2811514
0,0.27675614
0,0.30941135
0,0.28917786
0,0.32794148
0,0.29825357
0,0.28265262
0,0.28753403
0,0.27783978
0,0.27310833
0,0.270789
0,0.26461485
0,0.2734965
0,0.2741131
0,0.28233454
0,0.28530875
0,0.27793917
0,0.27520365
0,0.27293998
0,0.28286874
0,0.27783105
0,0.2730098
0,0.27513745
0,0.27397874
0,0.27463606
0,0.275317
0,0.27983272
0,0.27517495
0,0.28018254
0,0.2812307
0,0.2763474
0,0.28251225
0,0.28946602
0,0.27327743
0,0.27573726
0,0.27595156
0,0.26785675
0,0.26316866
0,0.3271388
0,0.2893465
0,0.28651643
0,0.28734726
0,0.27094615
0,0.2752658
0,0.2728103
0,0.27138454
0,0.2645024
0,0.2670652
0,0.2837889
0,0.28351116
0,0.28087163
0,0.28149182
0,0.26779667
0,0.2650574
0,0.26739347
0,0.27174452
0,0.2790515
0,0.28089774
0,0.2808721
0,0.27398363
0,0.27342328
0,0.27170175
0,0.2702161
0,0.2716172
0,0.29453486
0,0.27628392
0,0.2770288
0,0.27759537
0,0.2726181
0,0.27284142
0,0.26761317
0,0.27050996
0,0.2734842
0,0.27011865
0,0.270349
0,0.266698
0,0.273273
0,0.26721224
0,0.25659218
0,0.2622805
0,0.25989193
0,0.2555654
0,0.2563452
0,0.25927627
0,0.24980855
0,0.26277688
0,0.26058474
0,0.25785378
0,0.26387653
0,0.26672354
0,0.26593196
0,0.2734527
0,0.25964484
0,0.2538688
0,0.25964934
0,0.26058325
0,0.2615926
0,0.26134557
0,0.2558016
0,0.25947365
0,0.27893886
0,0.2715228
0,0.27278292
0,0.26693445
0,0.2653905
0,0.2723722
0,0.284516
0,0.2788435
0,0.2801514
0,0.2774027
0,0.27852577
0,0.27822742
0,0.2715676
0,0.28898385
0,0.28286013
0,0.28053644
0,0.27852494
0,0.2780884
0,0.28138804
0,0.27474934
0,0.27532083
0,0.27466348
0,0.26982564
0,0.27158377
0,0.2612397
0,0.27316818
0,0.2825656
0,0.27561146
0,0.2689081
0,0.26029193
0,0.26756638
0,0.26809967
0,0.26398224
0,0.3336495
0,0.29065916
0,0.2847617
0,0.2890101
0,0.28011227
0,0.27833962
0,0.27370036
0,0.26946893
0,0.2733424
0,0.27271616
0,0.27716193
0,0.27552798
0,0.27857572
0,0.27655405
0,0.27797878
0,0.27598852
0,0.26907998
0,0.2665078
0,0.26671228
0,0.26075575
0,0.26086095
0,0.25876704
0,0.255619
0,0.2581917
0,0.27435327
0,0.2593867
0,0.25942767
0,0.26138815
0,0.2675091
0,0.27457237
0,0.2714442
0,0.27038264
0,0.26900774
0,0.27342996
0,0.26932082
0,0.27369392
0,0.2915274
0,0.28665975
0,0.2832178
0,0.27440512
0,0.27147412
0,0.27231687
0,0.26799664
0,0.27435178
0,0.2705686
0,0.267897
0,0.27060053
0,0.26865906
0,0.2753607
0,0.27104628
0,0.2684441
0,0.2664242
0,0.26239556
0,0.272764
0,0.27261096
0,0.27010098
0,0.26115415
0,0.26428622
0,0.27039218
0,0.2724703
0,0.2737594
0,0.27378002
0,0.27394786
0,0.27170825
0,0.27342367
0,0.2676302
0,0.26829553
0,0.26391137
0,0.27886087
0,0.2830542
0,0.27890205
0,0.27534422
0,0.2778485
0,0.26749223
0,0.280967
0,0.27898097
0,0.28712565
0,0.2855696
0,0.27516073
0,0.29121545
0,0.27730182
0,0.27491626
0,0.27549154
0,0.2677872
0,0.26887915
0,0.26643836
0,0.26545703
0,0.27389872
0,0.26854804
0,0.27429774
0,0.26574668
0,0.29262203
0,0.28149495
0,0.27364984
0,0.2787029
0,0.32380122
0,0.29432487
0,0.28380638
0,0.2755278
0,0.2810931
0,0.27406013
0,0.2710819
0,0.26933604
0,0.274611
0,0.2759329
0,0.26768947
0,0.2667963
0,0.27214462
0,0.2729328
0,0.2703253
0,0.2726547
0,0.27228272
0,0.28509504
0,0.28226516
0,0.28136107
0,0.2866192
0,0.2798237
0,0.27402106
0,0.2757543
0,0.26786062
0,0.2755439
0,0.27128774
0,0.27211475
0,0.2713771
0,0.26803872
0,0.28578666
0,0.2763385
0,0.2771754
0,0.27824426
0,0.26965278
0,0.2762715
0,0.27513212
0,0.2697418
0,0.2662386
0,0.2695446
0,0.27547526
0,0.27598286
0,0.27632892
0,0.27618545
0,0.27395067
0,0.2744185
0,0.26725537
0,0.27150244
0,0.2705266
0,0.27140585
0,0.26792073
0,0.2707435
0,0.2704296
0,0.2705415
0,0.26955992
0,0.28408885
0,0.27974656
0,0.27718547
0,0.2800138
0,0.2773168
0,0.27431655
0,0.273431
0,0.26961046
0,0.2803301
0,0.28231698
0,0.28273973
0,0.2866376
0,0.27460966
0,0.27468035
0,0.272089
0,0.26705354
0,0.2650629
0,0.26557726
0,0.26585707
0,0.2661704
0,0.26243943
0,0.26128197
0,0.26605344
0,0.26346904
0,0.26789585
0,0.26291695
0,0.26423255
0,0.2679478
0,0.27922356
0,0.27712792
0,0.28004977
0,0.28694847
0,0.28101087
0,0.288061
0,0.27776015
0,0.28579855
0,0.2870545
0,0.28077802
0,0.2848717
0,0.27731472
0,0.27785563
0,0.28104588
0,0.28651354
0,0.2821481
0,0.2794945
0,0.28140947
0,0.30658466
0,0.28867367
0,0.28910005
0,0.279816
0,0.27140597
0,0.270177
0,0.27280086
0,0.27183774
0,0.27690083
0,0.27899304
0,0.27661562
0,0.273335
0,0.27736843
0,0.27193695
0,0.27061275
0,0.26808512
0,0.27331388
0,0.27098233
0,0.27623272
0,0.2742624
0,0.2691987
0,0.27502885
0,0.27407455
0,0.27212086
0,0.2788984
0,0.27461073
0,0.2731871
0,0.27753973
0,0.28003505
0,0.28729185
0,0.27586487
0,0.27617517
0,0.2676474
0,0.27337867
0,0.27520257
0,0.2726759
0,0.27631763
0,0.2872299
0,0.27730635
0,0.28263405
0,0.2749009
0,0.28031826
0,0.29626596
0,0.28627142
0,0.2914211
0,0.286329
0,0.2895825
0,0.2780794
0,0.27860945
0,0.27925572
0,0.2872589
0,0.28023738
0,0.28318542
0,0.28642678
0,0.28368768
0,0.28653318
0,0.2895756
0,0.28421056
0,0.28389317
0,0.30327693
0,0.29983065
0,0.29046562
0,0.27938843
0,0.28017566
0,0.28740272
0,0.28515974
0,0.27672118
0,0.2773246
0,0.28369105
0,0.2827701
0,0.2835426
0,0.2830033
0,0.29183438
0,0.29201788
0,0.28895587
0,0.2970925
0,0.29442507
0,0.2949383
0,0.28883836
0,0.28789663
0,0.2844627
0,0.27982134
0,0.29366478
0,0.2899367
0,0.2949979
0,0.28466612
0,0.28305492
0,0.2895789
0,0.2927609
0,0.29406425
0,0.29200414
0,0.2942519
0,0.291643
0,0.2986979
0,0.29067641
0,0.28966203
0,0.28635085
0,0.29166034
0,0.28987184
0,0.30046192
0,0.30316803
0,0.29824668
0,0.29497346
0,0.29444796
0,0.30266184
0,0.29811868
0,0.31006944
0,0.30417764
0,0.28991756
0,0.2986818
0,0.41863936
0,0.3479365
0,0.31438982
0,0.3737948
0,0.32403597
0,0.30855057
0,0.30016696
0,0.27388126
0,0.28819367
0,0.28116858
0,0.28453863
0,0.28132036
0,0.26701748
0,0.2669639
0,0.2798182
0,0.27147612
0,0.2739063
0,0.27786723
0,0.26747525
0,0.26493433
0,0.25176185
0,0.2604704
0,0.25581628
0,0.26649672
0,0.2673974
0,0.2668993
0,0.2631619
0,0.2705894
0,0.27506822
0,0.28213155
0,0.28546342
0,0.2858887
0,0.3026666
0,0.2905805
0,0.28543526
0,0.28390664
0,0.2813058
0,0.2794439
0,0.2793794
0,0.27016345
0,0.2829261
0,0.33576208
0,0.3192305
0,0.29710963
0,0.29203084
0,0.29067853
0,0.29233313
0,0.2895682
0,0.28206378
0,0.28562558
0,0.28526545
0,0.28462443
0,0.2677335
0,0.26557404
0,0.2733586
0,0.27614182
0,0.27238873
0,0.27184552
0,0.28103173
0,0.27744144
0,0.27969292
0,0.27749693
0,0.2836347
0,0.28768504
0,0.28514922
0,0.28597254
0,0.2842218
0,0.2793861
0,0.27876595
0,0.2801101
0,0.27806613
0,0.2781076
0,0.2819571
0,0.27814537
0,0.28011638
0,0.2796472
0,0.28262272
0,0.28295562
0,0.28784844
0,0.27313143
0,0.27921462
0,0.27824438
0,0.2806881
0,0.27467245
0,0.27483514
0,0.27955827
0,0.28508484
0,0.2838919
0,0.29899782
0,0.27252826
0,0.27420616
0,0.2756744
0,0.27233908
0,0.27319488
0,0.2723222
0,0.27204016
0,0.27359897
0,0.27373204
0,0.27133024
0,0.27052048
0,0.27178487
0,0.27132553
0,0.27312806
0,0.27599987
0,0.27999514
0,0.2816267
0,0.28754708
0,0.28036296
0,0.27883035
0,0.27834353
0,0.27630392
0,0.27903295
0,0.27771664
0,0.29125062
0,0.28548706
0,0.27343655
0,0.27561998
0,0.27064213
0,0.28047886
0,0.27110204
0,0.26506874
0,0.29927057
0,0.28171843
0,0.28161612
0,0.26866618
0,0.27000058
0,0.27391237
0,0.27431786
0,0.28039762
0,0.27850586
0,0.2637966
0,0.26100978
0,0.27553943
0,0.27820444
0,0.2838978
0,0.28275326
0,0.279076
0,0.2812301
0,0.2776099
0,0.28270438
0,0.27077937
0,0.27164343
0,0.27079514
0,0.27574724
0,0.27952838
0,0.28238147
0,0.27502456
0,0.27607524
0,0.27558976
0,0.27621928
0,0.27524322
0,0.27371985
0,0.28056556
0,0.2806682
0,0.27707174
0,0.28529984
0,0.28208405
0,0.29790494
0,0.27384174
0,0.28230768
0,0.28448
0,0.28457385
0,0.27777892
0,0.28353703
0,0.29134604
0,0.28599706
0,0.28501743
0,0.2832619
0,0.27198812
0,0.2923425
0,0.2895342
0,0.28271326
0,0.29445973
0,0.2895582
0,0.29534006
0,0.29007632
0,0.28182688
0,0.26896504
0,0.26818058
0,0.26541695
0,0.26751557
0,0.26787803
0,0.27619582
0,0.2753296
0,0.27520555
0,0.27883014
0,0.28177097
0,0.26829728
0,0.27627292
0,0.27842632
0,0.28197747
0,0.28297776
0,0.2811561
0,0.2841813
0,0.2888362
0,0.28613037
0,0.2808014
0,0.27891052
0,0.28246024
0,0.28492966
0,0.27900878
0,0.2726331
0,0.27222157
0,0.2720043
0,0.27772304
0,0.2892263
0,0.28559464
0,0.2790093
0,0.2835887
0,0.27316356
0,0.27568716
0,0.2766283
0,0.26709762
0,0.27219504
0,0.27779138
0,0.2742672
0,0.2726636
0,0.2682885
0,0.26262894
0,0.27583033
0,0.28829348
0,0.27804106
0,0.27100703
0,0.2744789
0,0.26843238
0,0.2707938
0,0.2645601
0,0.25553203
0,0.27042276
0,0.2741321
0,0.28153926
0,0.28331298
0,0.2952907
0,0.29322597
0,0.29108533
0,0.29190212
0,0.2862411
0,0.2784138
0,0.28095514
0,0.28004077
0,0.27825806
0,0.2831319
0,0.28717914
0,0.29017586
0,0.28696474
0,0.29906553
0,0.35832486
0,0.3160518
0,0.30461547
0,0.28513342
0,0.2959536
0,0.29308096
0,0.288789
0,0.2757956
0,0.28789955
0,0.28881758
0,0.28353798
0,0.27386177
0,0.28804788
0,0.2862043
0,0.2875159
0,0.28800344
0,0.2863573
0,0.28311923
0,0.28558546
0,0.26777107
0,0.2772016
0,0.28368136
0,0.27848488
0,0.28479964
0,0.2802525
0,0.28100812
0,0.2735255
0,0.27536225
0,0.27449617
0,0.2867844
0,0.28311217
0,0.28953302
0,0.28616515
0,0.28525722
0,0.28136155
0,0.28183335
0,0.2822437
0,0.28454593
0,0.28264844
0,0.28113753
0,0.2812607
0,0.27260497
0,0.2680601
0,0.27689213
0,0.27277923
0,0.2811466
0,0.2806569
0,0.28078324
0,0.28390542
0,0.28361046
0,0.30288076
0,0.29115644
0,0.29189137
0,0.29294991
0,0.2869542
0,0.28453645
0,0.28603598
0,0.2858332
0,0.2791739
0,0.2849054
0,0.2859736
0,0.27860022
0,0.28119275
0,0.27530771
0,0.2761333
0,0.2723265
0,0.27806646
0,0.27645585
0,0.2747867
0,0.2694538
0,0.2810319
0,0.27140963
0,0.2790202
0,0.2728083
0,0.27318782
0,0.27619672
0,0.28067756
0,0.28048444
0,0.28316057
0,0.27617648
0,0.27806476
0,0.2641063
0,0.28399518
0,0.28680953
0,0.27883092
0,0.27969465
0,0.2781864
0,0.28310597
0,0.2795558
0,0.27717406
0,0.2730208
0,0.27087498
0,0.27639574
0,0.27092445
0,0.26558602
0,0.26494253
0,0.2688374
0,0.28127062
0,0.27950487
0,0.27335447
0,0.28009656
0,0.27482677
0,0.27422693
0,0.26931953
0,0.28922844
0,0.28011793
0,0.27621877
0,0.27692813
0,0.2801414
0,0.27053872
0,0.2770557
0,0.27583238
0,0.28132877
0,0.27226096
0,0.2776487
0,0.27810094
0,0.2759691
0,0.28719732
0,0.27494308
0,0.27561224
0,0.27850214
0,0.28167817
0,0.28347397
0,0.28101546
0,0.27104834
0,0.27532992
0,0.28014266
0,0.2831602
0,0.27713957
0,0.27498505
0,0.28188843
0,0.2726972
0,0.29653093
0,0.30316868
0,0.28826585
0,0.28927806
0,0.2874649
0,0.29095823
0,0.2784013
0,0.2804125
0,0.27377278
0,0.28308994
0,0.278847
0,0.28162175
0,0.27891976
0,0.26598102
0,0.26509288
0,0.27198574
0,0.27064306
0,0.27000386
0,0.27654466
0,0.2772765
0,0.2779213
0,0.27778274
0,0.28122473
0,0.27968207
0,0.27848879
0,0.27960554
0,0.28223878
0,0.2790762
0,0.27672115
0,0.2749009
0,0.28024766
0,0.2793239
0,0.27899453
0,0.27569366
0,0.28017044
0,0.28020906
0,0.27647918
0,0.27976388
0,0.28488463
0,0.28510696
0,0.2876479
0,0.2820184
0,0.2825865
0,0.2797127
0,0.27966607
0,0.2790291
0,0.27766645
0,0.28165585
0,0.2820029
0,0.2745012
0,0.27783096
0,0.27559337
0,0.2701368
0,0.2784067
0,0.27039325
0,0.27418947
0,0.27621326
0,0.27318984
0,0.26625788
0,0.26895523
0,0.26681665
0,0.2645496
0,0.26595762
0,0.27299717
0,0.2670154
0,0.2741483
0,0.27318206
0,0.2807188
0,0.27982676
0,0.28440818
0,0.28677076
0,0.28443545
0,0.27358532
0,0.27831924
0,0.2744878
0,0.27327204
0,0.2715956
0,0.27178812
0,0.27477518
0,0.27527946
0,0.28213418
0,0.26562163
0,0.27902633
0,0.27875564
0,0.27947953
0,0.28486285
0,0.28710777
0,0.2849443
0,0.28160506
0,0.2797737
0,0.27855033
0,0.27564865
0,0.2777129
0,0.27349228
0,0.27291438
0,0.27891707
0,0.27374554
0,0.28051868
0,0.27320474
0,0.2716041
0,0.27099988
0,0.27350098
0,0.27978927
0,0.2762819
0,0.27656534
0,0.2727905
0,0.27372205
0,0.27206528
0,0.2718637
0,0.27510202
0,0.2618927
0,0.28247753
0,0.291104
0,0.28849712
0,0.28694683
0,0.28030008
0,0.27464798
0,0.27461746
0,0.27075613
0,0.2678393
0,0.2709614
0,0.27211097
0,0.27553257
0,0.27594224
0,0.27290106
0,0.27484566
0,0.2761032
0,0.29142895
0,0.28073165
0,0.2914364
0,0.28693902
0,0.28135505
0,0.27755257
0,0.2761695
0,0.2803651
0,0.27487573
0,0.27107596
0,0.27400535
0,0.2677893
0,0.27746984
0,0.2734432
0,0.29203194
0,0.27968875
0,0.2773883
0,0.26845935
0,0.27874705
0,0.278458
0,0.27371696
0,0.27480814
0,0.27506462
0,0.28413332
0,0.27942288
0,0.27883413
0,0.27734616
0,0.27568468
0,0.26925355
0,0.2726482
0,0.2667202
0,0.26987576
0,0.27108896
0,0.27095875
0,0.27435708
0,0.27136955
0,0.28010088
0,0.2727902
0,0.270427
0,0.2727772
0,0.26914033
0,0.26712543
0,0.266
0,0.26532215
0,0.26890016
0,0.2654744
0,0.26152933
0,0.26734704
0,0.26971042
0,0.26961285
0,0.2671442
0,0.267839
0,0.2778218
0,0.27779728
0,0.27262893
0,0.2704078
0,0.26854485
0,0.26885605
0,0.27330303
0,0.2746793
0,0.27405655
0,0.2780577
0,0.2714337
0,0.29019848
0,0.28141832
0,0.28416893
0,0.28204176
0,0.2777726
0,0.27617
0,0.27438816
0,0.2795659
0,0.27464187
0,0.2796375
0,0.2759568
0,0.27043384
0,0.27597988
0,0.27874842
0,0.29319718
0,0.28579065
0,0.30040574
0,0.28168485
0,0.28665754
0,0.28212908
0,0.27955672
0,0.27777925
0,0.27638498
0,0.27214026
0,0.27696675
0,0.2827602
0,0.2820858
0,0.28537312
0,0.29237613
0,0.28388363
0,0.27958015
0,0.27646768
0,0.28857085
0,0.28433684
0,0.2811116
0,0.27863467
0,0.2801875
0,0.2768054
0,0.2706649
0,0.2668648
0,0.27443236
0,0.2723879
0,0.2711376
0,0.2799182
0,0.29572025
0,0.28117722
0,0.27617094
0,0.27908707
0,0.2717008
0,0.27509168
0,0.28096753
0,0.27461898
0,0.27726397
0,0.26947176
0,0.27557796
0,0.27381593
0,0.27411187
0,0.27205244
0,0.27239677
0,0.27466643
0,0.27219552
0,0.27292776
0,0.26441586
0,0.27007046
0,0.27264813
0,0.28167015
0,0.27930084
0,0.27973515
0,0.2838565
0,0.2834952
0,0.28235716
0,0.28413028
0,0.28457236
0,0.28922904
0,0.28178558
0,0.2851019
0,0.2832141
0,0.28418916
0,0.2779073
0,0.26931357
0,0.2714299
0,0.27217105
0,0.27005282
0,0.26900932
0,0.26718068
0,0.2755695
0,0.27619353
0,0.2699951
0,0.28721046
0,0.2971859
0,0.2889233
0,0.28366888
0,0.28029576
0,0.2818507
0,0.27148405
0,0.27552438
0,0.27356267
0,0.2785298
0,0.29721415
0,0.85844296
0,0.6400306
0,0.54781413
0,0.48291525
0,0.4322751
0,0.3757561
0,0.34376946
0,0.3130074
0,0.28471494
0,0.2594251
0,0.24616992
0,0.22699106
0,0.19415887
0,0.17377344
0,0.8336946
0,0.68170285
0,0.5856406
0,0.5040188
0,0.42369777
0,0.34255195
0,0.26979366
0,0.22055738
0,0.18752983
0,0.16173369
0,0.1465847
0,0.13833079
0,0.13298123
0,0.13367958
0,0.13281934
0,0.13180447
0,0.13833953
0,0.12955324
0,0.13646884
0,0.1353177
0,0.13506112
0,0.13679132
0,0.13395701
0,0.14193124
0,0.1515852
0,0.16224124
0,0.17767802
0,0.1863491
0,0.20697129
0,0.22257596
0,0.28039986
0,0.28333762
0,0.27441707
0,0.27290437
0,0.2762284
0,0.2824999
0,0.2848718
0,0.2850838
0,0.29582384
0,0.28612345
0,0.28745925
0,0.27605048
0,0.2867949
0,0.28591236
0,0.2860473
0,0.28605753
0,0.28557795
0,0.28342202
0,0.28603125
0,0.28189683
0,0.28069532
0,0.2832358
0,0.2856479
0,0.27114344
0,0.29061154
0,0.29037872
0,0.28578812
0,0.2888979
0,0.2904187
0,0.2902963
0,0.28864446
0,0.28857192
0,0.28786877
0,0.27012232
0,0.2799029
0,0.28100428
0,0.28402293
0,0.27172956
0,0.2758539
0,0.26607403
0,0.27660075
0,0.27994373
0,0.28301483
0,0.28283945
0,0.2829892
0,0.2787072
0,0.2820579
0,0.28848112
0,0.28128943
0,0.2932977
0,0.2792139
0,0.2809266
0,0.2703256
0,0.26612023
0,0.28056586
1,0.28076056
1,0.28555888
1,0.29246593
1,0.2795161
1,0.28651246
1,0.46954295
1,0.3602714
1,0.34371716
1,0.31726903
1,0.29973596
1,0.29532877
1,0.28500625
1,0.26991504
1,0.27954292
1,0.27010745
0,0.9075804
0,0.67599344
0,0.5843702
0,0.51825035
0,0.43653512
0,0.38343218
0,0.33798012
0,0.28472516
0,0.2308963
0,0.17970948
0,0.16199885
0,0.15150201
0,0.13744573
0,0.1364667
0,0.13059407
0,0.13305458
0,0.13539651
0,0.1397927
0,0.14524804
0,0.15383607
0,0.15417333
0,0.1658815
0,0.18062837
0,0.1961385
0,0.21238202
0,0.22642903
0,0.2365214
0,0.24021953
0,0.25207388
0,0.2611382
0,0.28548366
0,0.28641135
0,0.29037774
0,0.28541476
0,0.28909504
0,0.28823066
0,0.2880068
0,0.2855458
0,0.29177913
0,0.28651243
0,0.26997736
0,0.287769
0,0.28938892
0,0.2843341
0,0.2886301
0,0.28147098
0,0.29237157
0,0.2863373
0,0.292489
0,0.2869123
0,0.27130178
0,0.28510395
0,0.2838323
0,0.28362805
0,0.2868742
0,0.27546152
0,0.28337982
0,0.28133097
0,0.2793598
0,0.27675566
0,0.28130448
0,0.27794263
0,0.28218907
0,0.28307137
0,0.27854457
0,0.28163642
0,0.2822751
0,0.27585182
0,0.28517804
0,0.27536312
0,0.27862066
0,0.2760704
0,0.2765789
0,0.27942657
0,0.277049
0,0.27481627
0,0.2783647
0,0.26915252
0,0.27556184
0,0.27387795
0,0.2791753
0,0.26499718
0,0.27892074
0,0.27960485
0,0.28681996
0,0.28129986
0,0.27998015
0,0.28266284
0,0.2840659
0,0.2841081
0,0.29413188
0,0.28174996
0,0.28204176
0,0.28237298
0,0.27605885
0,0.27167675
0,0.2653832
0,0.2787859
0,0.28455964
0,0.291064
0,0.2891466
0,0.2845852
0,0.288916
0,0.29695573
0,0.2892381
0,0.28692883
0,0.2861942
0,0.28404278
0,0.2797696
0,0.2907039
0,0.2768259
0,0.27817354
0,0.2782494
0,0.2837559
0,0.28292006
0,0.27656636
0,0.27528146
0,0.27973774
0,0.2796056
0,0.28320184
0,0.2881578
0,0.28593707
0,0.28683782
0,0.29067647
0,0.28194678
0,0.28373447
0,0.28627133
0,0.27661878
0,0.27807212
0,0.2738729
0,0.2876946
0,0.2752257
0,0.27372965
0,0.28444389
0,0.2751032
0,0.28134027
0,0.2879629
0,0.2700192
0,0.27779105
0,0.28094387
0,0.2807339
0,0.28052282
0,0.2794968
0,0.2945449
0,0.29058248
0,0.2854131
0,0.27280045
0,0.28311965
0,0.27919376
0,0.2835959
0,0.2853179
0,0.2836684
0,0.28575733
0,0.29079905
0,0.2845082
0,0.3005649
0,0.29120815
0,0.28976887
0,0.2879816
0,0.28657362
0,0.2880427
0,0.28632775
0,0.28443104
0,0.28349978
0,0.2775212
0,0.2804764
0,0.29376215
0,0.29485103
0,0.28539035
0,0.2875831
0,0.2866248
0,0.28947544
0,0.2905886
0,0.27657875
0,0.28418416
0,0.2871559
0,0.27550066
0,0.28243425
0,0.27276376
0,0.284055
0,0.28332892
0,0.2806491
0,0.28194717
0,0.27035242
0,0.2737519
0,0.27641454
0,0.28189978
0,0.28530252
0,0.2699017
0,0.27847567
0,0.2799999
0,0.28771368
0,0.27972704
0,0.28190506
0,0.27873197
0,0.28154448
0,0.28452376
0,0.28603426
0,0.28926706
0,0.28455168
0,0.28316364
0,0.28100073
0,0.27984107
0,0.2794203
0,0.27751973
0,0.28349274
0,0.2874249
0,0.2919818
0,0.29047272
0,0.28256443
0,0.27172306
0,0.28131208
0,0.28936434
0,0.2858044
0,0.2698971
0,0.28003985
0,0.2822612
0,0.27685902
0,0.28161973
0,0.26558256
0,0.27279207
0,0.27309233
0,0.27611765
0,0.27548146
0,0.27309725
0,0.2662295
0,0.27126327
0,0.2787229
0,0.2797179
0,0.26734185
0,0.27831915
0,0.28262156
0,0.28807142
0,0.2858665
0,0.28675258
0,0.37974796
0,0.32485002
0,0.29697636
0,0.29437345
0,0.29076496
0,0.27806225
0,0.26766944
0,0.27492762
0,0.27545443
0,0.2684855
0,0.2735869
0,0.27305788
0,0.28873572
0,0.2704324
0,0.27471903
0,0.26544696
0,0.27633482
0,0.2815088
0,0.27693433
0,0.27725178
0,0.2634544
0,0.26982903
0,0.27089602
0,0.2756171
0,0.271741
0,0.26957825
0,0.2691588
0,0.26912716
0,0.27103794
0,0.26842734
0,0.2690535
0,0.26777148
0,0.26740098
0,0.26536345
0,0.2746193
0,0.26169667
0,0.27036452
0,0.2728213
0,0.27134427
0,0.27119035
0,0.27083954
0,0.2730086
0,0.26970184
0,0.27590993
0,0.27417883
0,0.27428532
0,0.27426416
0,0.2712372
0,0.27244613
0,0.26904646
0,0.2732793
0,0.26712042
0,0.27175328
0,0.2684469
0,0.27661234
0,0.27507085
0,0.26580968
0,0.27052528
0,0.2802775
0,0.26768768
0,0.27157313
0,0.27044863
0,0.27154845
0,0.29901582
0,0.27930576
0,0.27899316
0,0.2762701
0,0.2740701
0,0.27137336
0,0.26271167
0,0.2655983
0,0.25879255
0,0.25618306
0,0.26659793
0,0.26919904
0,0.27655542
0,0.26071036
0,0.25752175
0,0.27089128
0,0.26876777
0,0.27188653
0,0.27377015
0,0.2647129
0,0.26432708
0,0.2667928
0,0.2706689
0,0.26310402
0,0.2655484
0,0.2653787
0,0.26877928
0,0.27163202
0,0.2681256
0,0.27172807
0,0.26162317
0,0.26945165
0,0.270097
0,0.26524144
0,0.26965567
0,0.26940942
0,0.2686954
0,0.26944536
0,0.27293208
0,0.27064878
0,0.26878107
0,0.28567764
0,0.2744453
0,0.27927864
0,0.28119987
0,0.27630216
0,0.2772402
0,0.26833585
0,0.27557036
0,0.27266246
0,0.279475
0,0.28222942
0,0.27869964
0,0.27804446
0,0.27381462
0,0.27674535
0,0.27892813
0,0.28505465
0,0.2828953
0,0.27797696
0,0.27803186
0,0.2786795
0,0.2791405
0,0.28011096
0,0.2720105
0,0.27980632
0,0.2793064
0,0.27684698
0,0.2635521
0,0.2682666
0,0.2730628
0,0.2725011
0,0.2734425
0,0.2740513
0,0.27330178
0,0.2735548
0,0.27808052
0,0.27454448
0,0.2784764
0,0.27399242
0,0.27836367
0,0.26629096
0,0.28003487
0,0.27665657
0,0.27534318
0,0.2839295
0,0.28013948
0,0.27965176
0,0.27745187
0,0.2768444
0,0.2728107
0,0.27394232
0,0.27904388
0,0.269739
0,0.27402326
0,0.27308086
0,0.27187982
0,0.27004793
0,0.27801284
0,0.284589
0,0.27830607
0,0.2824215
0,0.28389722
0,0.28338033
0,0.28358808
0,0.27346605
0,0.2760712
0,0.2769293
0,0.2767855
0,0.27983713
0,0.27661622
0,0.27602318
0,0.2755806
0,0.27503875
0,0.27410358
0,0.26724964
0,0.27056926
0,0.27396813
0,0.27492478
0,0.28638232
0,0.2832442
0,0.28357553
0,0.28684595
0,0.33430362
0,0.30486107
0,0.2981485
0,0.30370542
0,0.29967612
0,0.293937
0,0.29131287
0,0.28379893
0,0.27970132
0,0.27781278
0,0.28519082
0,0.28297526
0,0.28398854
0,0.28051788
0,0.28265783
0,0.28836718
0,0.2849061
0,0.28005427
0,0.28042015
0,0.28170973
0,0.29476765
0,0.28632638
0,0.2836155
0,0.27904332
0,0.28254268
0,0.2751701
0,0.27042928
0,0.27526784
0,0.26327074
0,0.2814465
0,0.28172493
0,0.2828886
0,0.2893759
0,0.2733068
0,0.2860729
0,0.2837861
0,0.28333133
0,0.28801924
0,0.28924903
0,0.28487033
0,0.2835553
0,0.2819012
0,0.28570095
0,0.2798899
0,0.28634635
0,0.28853783
0,0.29592288
0,0.2943764
0,0.29821473
0,0.28929588
0,0.2998271
0,0.45386705
0,0.35883886
0,0.33006448
0,0.3078257
0,0.2814278
0,0.2853041
0,0.28414187
0,0.2820302
0,0.2728196
0,0.26121095
0,0.2643253
0,0.27545556
0,0.2821462
0,0.2703178
0,0.27888227
0,0.281341
0,0.2818704
0,0.28338352
0,0.2648661
0,0.27544332
0,0.28423506
0,0.2827448
0,0.28646514
0,0.2726194
0,0.2787664
0,0.28151342
0,0.268686
0,0.2773279
0,0.27936816
0,0.281604
0,0.28053176
0,0.28771913
0,0.28869474
0,0.28825545
0,0.28825983
0,0.28910065
0,0.28809527
0,0.283756
0,0.28441817
0,0.28562889
0,0.2852259
0,0.28573218
0,0.2841602
0,0.2711349
0,0.27093953
0,0.27301246
0,0.27912885
0,0.29096314
0,0.29022977
0,0.27552646
0,0.28579172
0,0.2871553
0,0.28806067
0,0.2750163
0,0.2708061
0,0.28056946
0,0.2813472
0,0.28805283
0,0.28584653
0,0.2821461
0,0.27669916
0,0.28037983
0,0.28124616
0,0.28233448
0,0.27853805
0,0.2791677
0,0.28607377
0,0.29041138
0,0.28809744
0,0.2899231
0,0.28916547
0,0.28952655
0,0.29509404
0,0.29304495
0,0.29095873
0,0.29063007
0,0.28876516
0,0.27515513
0,0.28442866
0,0.28935295
0,0.28595573
0,0.28579924
0,0.2849807
0,0.2838655
0,0.28610125
0,0.28408554
0,0.2834456
0,0.28931692
0,0.29189342
0,0.29079497
0,0.2784094
0,0.28537613
0,0.28448856
0,0.2874162
0,0.28351173
0,0.27162218
0,0.2799023
0,0.28794408
0,0.28498775
0,0.28445855
0,0.28122595
0,0.3165577
0,0.27643302
0,0.28516942
0,0.2850834
0,0.27957392
0,0.28570184
0,0.28722906
0,0.28468436
0,0.28777054
0,0.27718258
0,0.28110757
0,0.28405535
0,0.29268405
0,0.29246905
0,0.28861833
0,0.28330052
0,0.28477544
0,0.28320742
0,0.28330517
0,0.28106502
0,0.28061467
0,0.28302172
0,0.29061207
0,0.27662167
0,0.28566012
0,0.28080255
0,0.2735185
0,0.26398787
0,0.27684876
0,0.28078583
0,0.28755158
0,0.27190486
0,0.2684117
0,0.27720234
0,0.2800307
0,0.26736614
0,0.27602884
0,0.27932063
0,0.28007415
0,0.26727435
0,0.27434862
0,0.28841257
0,0.28207943
0,0.27484939
0,0.27006146
0,0.26695192
0,0.2763065
0,0.28649074
0,0.287052
0,0.2821073
0,0.27133778
0,0.28008288
0,0.2817185
0,0.2844078
0,0.28994092
0,0.2896679
0,0.28720438
0,0.28649193
0,0.2826398
0,0.28371796
0,0.28439358
0,0.26879138
0,0.2753137
0,0.2788911
0,0.28337088
0,0.27711016
0,0.2858063
0,0.29261354
0,0.2859176
0,0.28736013
0,0.28922567
0,0.30893424
0,0.29086939
0,0.30320483
0,0.2927552
0,0.29654634
0,0.28298146
0,0.28583008
0,0.28106543
0,0.27469316
0,0.27990326
0,0.27681968
0,0.2799772
0,0.2790571
0,0.27868074
0,0.27968705
0,0.2709832
0,0.2678902
0,0.2817504
0,0.28683713
0,0.2861697
0,0.2731674
0,0.281483
0,0.2766787
0,0.2777575
0,0.26870483
0,0.26202363
0,0.2725929
0,0.2754213
0,0.27783355
0,0.27911806
0,0.28411558
0,0.27406004
0,0.27747986
0,0.28114918
0,0.2696312
0,0.27509356
0,0.2806644
0,0.27954832
0,0.28477272
0,0.28155905
0,0.28502908
0,0.28299704
0,0.28069186
0,0.283946
0,0.28394586
0,0.3029155
0,0.2963633
0,0.28324002
0,0.2853807
0,0.28456548
0,0.28777543
0,0.2771266
0,0.2863136
0,0.28789252
0,0.28841943
0,0.29256013
0,0.2764526
0,0.2799692
0,0.27159098
0,0.2798774
0,0.2817909
0,0.2700522
0,0.27899688
0,0.28137025
0,0.29616994
0,0.29604173
0,0.27593786
0,0.28561172
0,0.28250256
0,0.2826906
0,0.2887651
0,0.28909
0,0.29126412
0,0.29021254
0,0.29081118
0,0.28768587
0,0.29268718
0,0.2909778
0,0.29300317
0,0.28975904
0,0.2896724
0,0.29087967
0,0.28608772
0,0.28931275
0,0.290159
0,0.28885004
0,0.28880477
0,0.28049985
0,0.29019955
0,0.29612195
0,0.29443616
0,0.29272243
0,0.27906892
0,0.2913869
0,0.28562552
0,0.30115438
0,0.30496466
0,0.287611
0,0.31540436
0,0.31337819
0,0.30803114
0,0.30274013
0,0.2836624
0,0.2888748
0,0.29404813
0,0.2740225
0,0.28450805
0,0.28339076
0,0.2889711
0,0.28455657
0,0.28234544
0,0.2887657
0,0.282875
0,0.28769803
0,0.28787336
0,0.29244727
0,0.29143122
0,0.2874031
0,0.28732195
0,0.28780594
0,0.28677115
0,0.28639448
0,0.27522707
0,0.28451657
0,0.28311428
0,0.2900913
0,0.2843184
0,0.29020864
0,0.2913248
0,0.29163045
0,0.29315674
0,0.29191414
0,0.28661898
0,0.288323
0,0.28752267
0,0.28484014
0,0.28230864
0,0.28645647
0,0.27942997
0,0.28081405
0,0.27835009
0,0.2814713
0,0.28655905
0,0.27845517
0,0.2833969
0,0.28807238
0,0.30002066
0,0.29344776
0,0.2962361
0,0.2901481
0,0.29278624
0,0.2925102
0,0.2959284
0,0.28508303
0,0.2877248
0,0.2885301
0,0.28821364
0,0.28621143
0,0.29027712
0,0.29343522
0,0.29189828
0,0.28786653
0,0.28643066
0,0.28434283
0,0.28829256
0,0.2834373
0,0.282721
0,0.27087376
0,0.283147
0,0.28696102
0,0.2889819
0,0.29675016
0,0.29227984
0,0.28338975
0,0.26973152
0,0.26419115
0,0.27565208
0,0.27297062
0,0.282988
0,0.28696394
0,0.2955246
0,0.29321337
0,0.29798937
0,0.29801732
0,0.29174727
0,0.29259902
0,0.29288217
0,0.2989275
0,0.2936099
0,0.28121454
0,0.29987705
0,0.29848742
0,0.29447433
0,0.29920524
0,0.28574455
0,0.29597142
0,0.29596663
0,0.2800369
0,0.29041758
0,0.27536508
0,0.28451356
0,0.28687927
0,0.29289797
0,0.2904214
0,0.2889906
0,0.29645216
0,0.29666758
0,0.29496995
0,0.30076557
0,0.31741902
0,0.3233586
0,0.3017831
0,0.30465886
0,0.2978542
0,0.29622552
0,0.29878104
0,0.29824233
0,0.3038175
0,0.2979442
0,0.293456
0,0.28632075
0,0.3003338
0,0.2975939
0,0.29849756
0,0.302889
0,0.2820503
0,0.29180026
0,0.29295754
0,0.28102258
0,0.2909241
0,0.27475396
0,0.2880753
0,0.28890982
0,0.29316112
0,0.29622883
0,0.28631526
0,0.27901015
0,0.29725114
0,0.29594257
0,0.29881975
0,0.28159288
0,0.29403445
0,0.29608223
0,0.29694906
0,0.28164122
0,0.27567497
0,0.2945394
0,0.2971355
0,0.30147308
0,0.29774016
0,0.2976578
0,0.29740217
0,0.29104963
0,0.29465815
0,0.29908952
0,0.2843354
0,0.29647624
0,0.30350354
0,0.3008177
0,0.30144656
0,0.308164
0,0.30360335
0,0.28626987
0,0.29597384
0,0.28067374
0,0.2910678
0,0.27626082
0,0.27188993
0,0.26851717
0,0.28183517
0,0.26328698
0,0.26356387
0,0.27461272
0,0.2598714
0,0.28127536
0,0.28537837
0,0.27034932
0,0.29145682
0,0.29544574
0,0.2745678
0,0.30063832
0,0.28001168
0,0.2934804
0,0.27306756
0,0.2661893
0,0.28325406
0,0.28027064
0,0.27950493
0,0.2995062
0,0.30204695
0,0.303146
0,0.2967411
0,0.30066136
0,0.30182096
0,0.30779368
0,0.3107401
0,0.2882568
0,0.2979836
0,0.29834783
0,0.28666335
0,0.29302746
0,0.2942433
0,0.29439506
0,0.3113846
0,0.30670276
0,0.30556473
0,0.3047753
0,0.28939196
0,0.29841217
0,0.304405
0,0.28671834
0,0.27344468
0,0.27199516
0,0.26337886
0,0.28610232
0,0.28925544
0,0.2881704
0,0.28583223
0,0.29641116
0,0.28204575
0,0.29043287
0,0.296452
0,0.28134
0,0.27728122
0,0.29830188
0,0.28063673
0,0.29382974
0,0.27885717
0,0.27473176
0,0.28894365
0,0.2746794
0,0.27765295
0,0.28420597
0,0.27290824
0,0.28802806
0,0.29270777
0,0.29972783
0,0.30540258
0,0.2868548
0,0.3025601
0,0.31098673
0,0.3075238
0,0.31579596
0,0.30972618
0,0.31130734
0,0.30800635
0,0.3043829
0,0.28728086
0,0.2965313
0,0.29783115
0,0.29425982
0,0.27972683
0,0.2916419
0,0.2922039
0,0.28866658
0,0.27099946
0,0.28519896
0,0.2880475
0,0.2786047
0,0.29191217
0,0.30509302
0,0.317343
0,0.29894096
0,0.28302604
0,0.27733615
0,0.296527
0,0.2973444
0,0.29798606
0,0.2803763
0,0.29013917
0,0.32006744
0,0.3066611
0,0.30582598
0,0.288475
0,0.2772016
0,0.2876902
0,0.28827906
0,0.27351236
0,0.27322385
0,0.29298648
0,0.29437387
0,0.27474543
0,0.30432117
0,0.28710115
0,0.2772435
0,0.28924927
0,0.2764235
0,0.29996738
0,0.29570436
0,0.30052
0,0.2944955
0,0.29339063
0,0.2960646
0,0.29640457
0,0.2879188
0,0.2929104
0,0.29295468
0,0.29877195
0,0.2839984
0,0.27891105
0,0.27604613
0,0.2952294
0,0.29467022
0,0.297274
0,0.28185922
0,0.2926784
0,0.29483685
0,0.294855
0,0.2784586
0,0.2752617
0,0.2857788
0,0.2883878
0,0.28476027
0,0.28865162
0,0.27249438
0,0.26840734
0,0.28074065
0,0.28742424
0,0.27162236
0,0.2781906
0,0.2824161
0,0.29160544
0,0.30476585
0,0.29944295
0,0.30540225
0,0.29694954
0,0.29784665
0,0.29763368
0,0.29648623
0,0.29504687
0,0.29598334
0,0.296455
0,0.28077003
0,0.28686854
0,0.28841445
0,0.28922462
0,0.28815332
0,0.2886613
0,0.28640896
0,0.28589028
0,0.2782745
0,0.28276488
0,0.28740388
0,0.28840882
0,0.28892353
0,0.27691925
0,0.28559306
0,0.28817713
0,0.28785455
0,0.27444285
0,0.27498338
0,0.28632268
0,0.28558862
0,0.2836138
0,0.28467476
0,0.26995966
0,0.28045344
0,0.2722485
0,0.2799493
0,0.28070685
0,0.2686846
0,0.28396282
0,0.2859767
0,0.2900538
0,0.2922625
0,0.29402548
0,0.2867491
0,0.28738987
0,0.29117185
0,0.2995814
0,0.29437903
0,0.2994574
0,0.29211393
0,0.28284732
0,0.28894684
0,0.28936806
0,0.28891435
0,0.2889358
0,0.3069528
0,0.30071115
0,0.2965304
0,0.297453
0,0.30184978
0,0.28201357
0,0.2923187
0,0.29691243
0,0.28741455
0,0.28889665
0,0.28972158
0,0.2767432
0,0.2879903
0,0.27758542
0,0.27998757
0,0.28535172
0,0.2895702
0,0.28644225
0,0.27198514
0,0.28391874
0,0.28696835
0,0.29709628
0,0.27503827
0,0.27222216
0,0.28254724
0,0.3040918
0,0.2974661
0,0.2931272
0,0.305747
0,0.29577738
0,0.29302484
0,0.29135698
0,0.28819796
0,0.2866107
0,0.2936221
0,0.28778276
0,0.2901419
0,0.2802496
0,0.28795382
0,0.27727705
0,0.28574795
0,0.28727904
0,0.27554592
0,0.28658
0,0.29029515
0,0.43568146
0,0.3588706
0,0.33384883
0,0.32050976
0,0.29481524
0,0.29048714
0,0.30061826
0,0.2976231
0,0.29089025
0,0.2771159
0,0.27603024
0,0.2621418
0,0.28308508
0,0.27069226
0,0.2624628
0,0.26576483
0,0.2801667
0,0.28517622
0,0.2896759
0,0.28117722
0,0.29159895
0,0.2905296
0,0.29136246
0,0.28185433
0,0.28574893
0,0.2863062
0,0.28346717
0,0.2831205
0,0.2791098
0,0.26885238
0,0.28151125
0,0.2830983
0,0.28600892
0,0.37635854
0,0.3257947
0,0.29797825
0,0.28850192
0,0.295254
0,0.29395726
0,0.30671224
0,0.2979327
0,0.2997199
0,0.29136014
0,0.28847075
0,0.28526527
0,0.27128074
0,0.2794865
0,0.278698
0,0.2807289
0,0.28289354
0,0.26799056
0,0.26995838
0,0.27293146
0,0.2744093
0,0.2746596
0,0.27296624
0,0.27919492
0,0.2821794
0,0.29235604
0,0.30114764
0,0.29620996
0,0.29681444
0,0.28717855
0,0.29482952
0,0.28712532
0,0.28561816
0,0.28606054
0,0.2858992
0,0.2858764
0,0.2799014
0,0.26828185
0,0.2684248
0,0.27320352
0,0.27134126
0,0.26821184
0,0.27814335
0,0.27735478
0,0.26754972
0,0.27676338
0,0.2665184
0,0.27859703
0,0.28259712
0,0.28245997
0,0.28362545
0,0.28102982
0,0.2685902
0,0.27678055
0,0.28258598
0,0.2747955
0,0.26574674
0,0.2615131
0,0.26690543
0,0.2582858
0,0.26927844
0,0.27221328
0,0.27739042
0,0.27613428
0,0.28119805
0,0.28213286
0,0.2837099
0,0.28374264
0,0.27967554
0,0.281333
0,0.2813357
0,0.2759926
0,0.27777806
0,0.27687123
0,0.2810482
0,0.27109486
0,0.27115765
0,0.28283858
0,0.27394485
0,0.28309464
0,0.2702399
0,0.26585838
0,0.26278642
0,0.27361843
0,0.27291763
0,0.281129
0,0.27406442
0,0.28738055
0,0.28911534
0,0.28922287
0,0.29050034
0,0.28870472
0,0.29510403
0,0.2865973
0,0.28877008
0,0.2966238
0,0.28865474
0,0.28770262
0,0.2875673
0,0.29433963
0,0.28623888
0,0.2820997
0,0.28478244
0,0.2839992
0,0.28030598
0,0.28116822
0,0.28427768
0,0.28349656
0,0.29260224
0,0.28173268
0,0.2799247
0,0.27899268
0,0.28107166
0,0.27916354
0,0.27028248
0,0.27909887
0,0.26857755
0,0.28083774
0,0.28550422
0,0.2707279
0,0.28390488
0,0.27925536
0,0.27338737
0,0.28005016
0,0.2653387
0,0.27659005
0,0.2777198
0,0.29056674
0,0.28367326
0,0.28210512
0,0.2840242
0,0.28975484
0,0.2884747
0,0.29279497
0,0.2859303
0,0.28520036
0,0.29585594
0,0.29015997
0,0.2969314
0,0.29541996
0,0.29203066
0,0.29546636
0,0.2828204
0,0.2825222
0,0.28359163
0,0.28492653
0,0.28216422
0,0.2784476
0,0.26927528
0,0.28308216
0,0.26871514
0,0.27775598
0,0.28581646
0,0.28488442
0,0.27154922
0,0.2795066
0,0.27993116
0,0.27231172
0,0.27857217
0,0.28378335
0,0.26793507
0,0.2733121
0,0.2635921
0,0.2757881
0,0.27739853
0,0.27808866
0,0.28512618
0,0.28114042
0,0.29076013
0,0.29551372
0,0.2941792
0,0.31449
0,0.31205416
0,0.29659984
0,0.2932946
0,0.28874552
0,0.2942497
0,0.28777847
0,0.28759027
0,0.2854719
0,0.4343404
0,0.37192678
0,0.33742744
0,0.3146206
0,0.30779782
0,0.2945587
0,0.29279962
0,0.29837123
0,0.27645564
0,0.28364542
0,0.26760608
0,0.26785293
0,0.27201033
0,0.26863733
0,0.27312782
0,0.27237883
0,0.26697224
0,0.2729308
0,0.2717258
0,0.27255538
0,0.27456015
0,0.27439487
0,0.27831584
0,0.27565753
0,0.27893808
0,0.27849734
0,0.27660242
0,0.28559434
0,0.2872655
0,0.28376287
0,0.28681415
0,0.27655467
0,0.2837446
0,0.28478146
0,0.2891616
0,0.29185864
0,0.28908667
0,0.2881352
0,0.28820086
0,0.28698614
0,0.29458016
0,0.28915572
0,0.29178926
0,0.2864403
0,0.28373632
0,0.28815237
0,0.2889707
0,0.29338318
0,0.29165795
0,0.27654728
0,0.27959743
0,0.2811704
0,0.28609136
0,0.2938797
0,0.29191598
0,0.29299566
0,0.29441977
0,0.28558046
0,0.2894908
0,0.30820557
0,0.29559287
0,0.29461324
0,0.28859082
0,0.28581655
0,0.28011638
0,0.28227395
0,0.2754513
0,0.27026004
0,0.2762179
0,0.28087288
0,0.4620839
0,0.3588965
0,0.31630445
0,0.29676643
0,0.29471534
0,0.29170522
0,0.28652433
0,0.28480643
0,0.28898698
0,0.2865594
0,0.28213844
0,0.28468794
0,0.28543088
0,0.29007435
0,0.289794
0,0.29469892
0,0.30219153
0,0.3049517
0,0.3075882
0,0.29811776
0,0.294408
0,0.29143316
0,0.2821489
0,0.2778041
0,0.282367
0,0.28530556
0,0.28356707
0,0.2817356
0,0.27607524
0,0.28159627
0,0.2810118
0,0.28486776
0,0.2747687
0,0.27960432
0,0.2824842
0,0.2881833
0,0.28358677
0,0.28733757
0,0.27142972
0,0.28183195
0,0.285349
0,0.28139973
0,0.28068295
0,0.26804104
0,0.2757418
0,0.27593985
0,0.2885735
0,0.28140116
0,0.28107902
0,0.27925384
0,0.2874586
0,0.28742188
0,0.28567243
0,0.28338942
0,0.28569433
0,0.2897095
0,0.28611946
0,0.28595918
0,0.27741927
0,0.28076118
0,0.2830775
0,0.28377286
0,0.2885051
0,0.28989705
0,0.2843091
0,0.28737888
0,0.2860064
0,0.2857787
0,0.28487578
0,0.2815863
0,0.29144827
0,0.2879513
0,0.28986487
0,0.29070252
0,0.27377638
0,0.28047594
0,0.2813764
0,0.28023863
0,0.28047615
0,0.26717302
0,0.27526462
0,0.27206764
0,0.27905056
0,0.2650539
0,0.27514124
0,0.27833173
0,0.2865126
0,0.28280276
0,0.28198564
0,0.2810433
0,0.28830582
0,0.2935151
0,0.30337054
0,0.279211
0,0.29001096
0,0.29731402
0,0.2946749
0,0.29323208
0,0.28144002
0,0.2903908
0,0.29292494
0,0.2961788
0,0.2959826
0,0.30473518
0,0.29703176
0,0.2954394
0,0.29278663
0,0.29264385
0,0.28996348
0,0.27561688
0,0.26980135
0,0.2793212
0,0.27976248
0,0.28663808
0,0.28571072
0,0.27717817
0,0.30150998
0,0.27594423
0,0.28725752
0,0.2898826
0,0.29006568
0,0.29157543
0,0.29163772
0,0.2932815
0,0.29373258
0,0.28375202
0,0.29235107
0,0.29159933
0,0.29937524
0,0.29703903
0,0.28833407
0,0.29134125
0,0.29514956
0,0.29292732
0,0.29360974
0,0.28504086
0,0.28806117
0,0.28788772
0,0.2855729
0,0.29069954
0,0.28641534
0,0.28883287
0,0.2906113
0,0.2942559
0,0.29081103
0,0.29536793
0,0.28926
0,0.28819957
0,0.2827321
0,0.29828614
0,0.28877428
0,0.2746404
0,0.28067273
0,0.2863449
0,0.28495392
0,0.28738818
0,0.27561542
0,0.2884525
0,0.29940215
0,0.29941267
0,0.29823652
0,0.28945774
0,0.297364
0,0.29382458
0,0.29308304
0,0.29831076
0,0.28790027
0,0.29147387
0,0.2883752
0,0.2895388
0,0.28936633
0,0.27949977
0,0.27414894
0,0.28546143
0,0.29439706
0,0.29050425
0,0.28267655
0,0.27254063
0,0.2764608
0,0.28014994
0,0.2685693
0,0.2708959
0,0.26712757
0,0.27484122
0,0.27636915
0,0.26429698
0,0.2780716
0,0.28181297
0,0.28254133
0,0.2852047
0,0.29153186
0,0.291091
0,0.29147863
0,0.29115453
0,0.2905172
0,0.29079142
0,0.28085777
0,0.29655188
0,0.28900313
0,0.29004833
0,0.29509398
0,0.28528622
0,0.2815279
0,0.2927151
0,0.2941458
0,0.29107323
0,0.2916445
0,0.27923283
0,0.28101236
0,0.28416747
0,0.2854652
0,0.28442758
0,0.27179244
0,0.28137448
0,0.28857604
0,0.29136488
0,0.27527535
0,0.26942623
0,0.27718973
0,0.27499482
0,0.27863178
0,0.28101948
0,0.26722682
0,0.28079036
0,0.2780862
0,0.2778774
0,0.27755138
0,0.27951804
0,0.28530145
0,0.2814506
0,0.28540778
0,0.29033956
0,0.2907726
0,0.2913049
0,0.28846234
0,0.2869401
0,0.2819653
0,0.45111218
0,0.35460228
0,0.31828427
0,0.30827758
0,0.30036288
0,0.29899192
0,0.30783176
0,0.30134216
0,0.29790968
0,0.29649872
0,0.29196206
0,0.27806702
0,0.27078906
0,0.27970994
0,0.266837
0,0.27495745
0,0.26364747
0,0.27087718
0,0.27242446
0,0.2737242
0,0.27472463
0,0.28112355
0,0.2831936
0,0.27984482
0,0.27654907
0,0.28125712
0,0.27306402
0,0.27579895
0,0.2736589
0,0.28370884
0,0.27645695
0,0.27383974
0,0.2786607
0,0.2799509
0,0.28162542
0,0.28100854
0,0.27893925
0,0.28540975
0,0.2865113
0,0.28727683
0,0.2831781
0,0.28210592
0,0.28928512
0,0.27454793
0,0.2799932
0,0.28416213
0,0.2879756
0,0.28514978
0,0.3092827
0,0.29635045
0,0.29714563
0,0.29914376
0,0.29815197
0,0.2965707
0,0.28569236
0,0.28719613
0,0.2884192
0,0.28385893
0,0.28509465
0,0.28042236
0,0.2871284
0,0.27643973
0,0.2769626
0,0.28308645
0,0.27152863
0,0.27375534
0,0.28062868
0,0.27733937
0,0.2801028
0,0.27944657
0,0.29275167
0,0.28769746
0,0.2790527
0,0.28864473
0,0.28575963
0,0.28921014
0,0.28745034
0,0.28528133
0,0.28331137
0,0.28276095
0,0.28950605
0,0.28905228
0,0.2834201
0,0.28089735
0,0.27877417
0,0.2675045
0,0.28992632
0,0.2853662
0,0.28465095
0,0.2840409
0,0.2840524
0,0.28406125
0,0.2844386
0,0.28335622
0,0.28891647
0,0.28949678
0,0.2974679
0,0.29428357
0,0.2857977
0,0.29022196
0,0.2896494
0,0.2901995
0,0.2926931
0,0.290281
0,0.29042524
0,0.30971426
0,0.30285302
0,0.29700038
0,0.28878924
0,0.290984
0,0.28754357
0,0.30077815
0,0.2911052
0,0.2813857
0,0.27964962
0,0.2813691
0,0.27319428
0,0.27495718
0,0.26396823
0,0.26910365
0,0.27031875
0,0.271349
0,0.28096527
0,0.28324798
0,0.27521077
0,0.28505367
0,0.29326746
0,0.2884924
0,0.28408375
0,0.27019718
0,0.28069925
0,0.27789152
0,0.2809285
0,0.2825725
0,0.28336018
0,0.28306544
0,0.28510702
0,0.28199977
0,0.28063953
0,0.28529295
0,0.28213745
0,0.28151765
0,0.27507925
0,0.4070392
0,0.45821977
0,0.36546743
0,0.33131757
0,0.31012473
0,0.30139163
0,0.30437878
0,0.28912565
0,0.28435987
0,0.2931937
0,0.2854285
0,0.27545217
0,0.27762187
0,0.2649794
0,0.27212122
0,0.2726387
0,0.26900747
0,0.26997378
0,0.2674801
0,0.27278596
0,0.26682365
0,0.26354858
0,0.263919
0,0.6190262
0,0.46183014
0,0.39238325
0,0.3534624
0,0.3228157
0,0.29580876
0,0.2701209
0,0.29593197
0,0.29375023
0,0.28671667
0,0.29017934
0,0.28447825
0,0.29649785
0,0.2802995
0,0.26997226
0,0.27221438
0,0.23701394
0,0.21164706
0,0.1919063
0,0.17437339
0,0.17843628
0,0.17472193
0,0.17956054
0,0.18829642
0,0.1989085
0,0.21981052
0,0.23666885
0,0.24912083
0,0.26181412
0,0.2569425
0,0.29056773
0,0.2942998
0,0.29474977
0,0.29623994
0,0.27438435
0,0.28888088
0,0.29252025
0,0.2951167
0,0.28671774
0,0.2805596
0,0.28868568
0,0.279106
0,0.286345
0,0.28298184
0,0.28655708
0,0.27672413
0,0.28405178
0,0.29018563
0,0.29890478
0,0.28883445
0,0.29132888
0,0.29025182
0,0.29076034
0,0.29664013
0,0.28950533
0,0.27666923
0,0.27154723
0,0.27221835
0,0.28317082
0,0.28803116
0,0.27235064
0,0.26651487
0,0.2880672
0,0.27120885
0,0.27752128
0,0.26629376
0,0.2745941
0,0.2595577
0,0.25341058
0,0.26852393
0,0.27365443
0,0.26138708
0,0.2787812
0,0.28594
0,0.28966397
0,0.28474057
0,0.2944921
0,0.298456
0,0.29453304
0,0.30358842
0,0.28668147
0,0.29250482
0,0.298243
0,0.30346373
0,0.28828126
0,0.28195655
0,0.29157245
0,0.30377465
0,0.2851341
0,0.36385906
0,0.3061334
0,0.30818883
0,0.30171594
0,0.2985264
0,0.295392
0,0.2966951
0,0.30271712
0,0.28105578
0,0.28438908
0,0.2908621
0,0.2907848
0,0.27489445
0,0.28658283
0,0.2851875
0,0.289368
0,0.2925465
0,0.28865907
0,0.29465285
0,0.29026136
0,0.29892018
0,0.29109478
0,0.27254006
0,0.28770545
0,0.304699
0,0.30442256
0,0.30071506
0,0.30102652
0,0.3066955
0,0.30677897
0,0.30202404
0,0.2998919
0,0.28943014
0,0.2922721
0,0.29739717
0,0.30537385
0,0.31453687
0,0.3245835
0,0.31110293
0,0.30924815
0,0.30074728
0,0.30061764
0,0.2992599
0,0.2818656
0,0.28839675
0,0.29110432
0,0.28899252
0,0.28987318
0,0.2877801
0,0.30738634
0,0.293358
0,0.27986676
0,0.28296807
0,0.28562564
0,0.28864798
0,0.29425862
0,0.29525164
0,0.3004301
0,0.29544187
0,0.29714817
0,0.29999852
0,0.2975053
0,0.27543074
0,0.28861353
0,0.30745852
0,0.3108307
0,0.3015858
0,0.3084314
0,0.2902528
0,0.29531422
0,0.30233052
0,0.3038025
0,0.29720923
0,0.28640258
0,0.28336337
0,0.32071534
0,0.28794268
0,0.2949352
0,0.2794331
0,0.2877377
0,0.29612252
0,0.3097328
0,0.3107694
0,0.2868858
0,0.28848568
0,0.29285765
0,0.27605933
0,0.285873
0,0.28368592
0,0.2890008
0,0.27723727
0,0.28401372
0,0.28425208
0,0.28582016
0,0.28690696
0,0.28563327
0,0.29392016
0,0.29456207
0,0.29564252
0,0.29781422
0,0.29710802
0,0.31943157
0,0.30409443
0,0.30905482
0,0.2998801
0,0.3098686
0,0.3000734
0,0.30148798
0,0.3022043
0,0.28689554
0,0.28140774
0,0.2898424
0,0.28918386
0,0.30251998
0,0.29443765
0,0.3033709
0,0.47233367
0,0.37342998
0,0.34511423
0,0.30732188
0,0.3130286
0,0.29973122
0,0.27791327
0,0.2672143
0,0.26325068
0,0.27578035
0,0.2830961
0,0.28248286
0,0.28403455
0,0.28000295
0,0.26707137
0,0.27706727
0,0.2770398
0,0.2751307
0,0.27261746
0,0.26597455
0,0.25768307
0,0.24120775
0,0.23650452
0,0.24619973
0,0.251478
0,0.25941318
0,0.2649961
0,0.2720426
0,0.27580437
0,0.2822295
0,0.3007662
0,0.3025136
0,0.31454405
0,0.30932587
0,0.29012042
0,0.29905698
0,0.29975715
0,0.2909848
0,0.29754946
0,0.29129556
0,0.29567283
0,0.29782033
0,0.29614642
0,0.288147
0,0.27653834
0,0.27648246
0,0.29047945
0,0.29804185
0,0.29623038
0,0.2982424
0,0.29894873
0,0.30277416
0,0.30157432
0,0.30105552
0,0.29880998
0,0.30083433
0,0.28176197
0,0.28806713
0,0.29053062
0,0.29140267
0,0.29138437
0,0.28344172
0,0.2838916
0,0.2777021
0,0.2925599
0,0.29832253
0,0.30141595
0,0.28409895
0,0.29438058
0,0.29683027
0,0.29832077
0,0.30865243
0,0.30167857
0,0.29953992
0,0.31026632
0,0.28614792
0,0.29415882
0,0.2950956
0,0.2943822
0,0.28136954
0,0.27312002
0,0.2842987
0,0.2855731
0,0.28781807
0,0.29201972
0,0.2739891
0,0.28409654
0,0.29205862
0,0.29255176
0,0.29600942
0,0.27471673
0,0.28918278
0,0.29856896
0,0.30197227
0,0.30057693
0,0.29238993
0,0.40410048
0,0.34968072
0,0.3320914
0,0.30951214
0,0.30516773
0,0.30979633
0,0.31407458
0,0.30906373
0,0.28845662
0,0.30300388
0,0.31017807
0,0.29640192
0,0.29145855
0,0.2921311
0,0.29009733
0,0.27324322
0,0.2726446
0,0.28442264
0,0.26285884
0,0.26967192
0,0.25780532
0,0.273066
0,0.27099678
0,0.2735314
0,0.27156845
0,0.25809807
0,0.27350855
0,0.28213093
0,0.27039453
0,0.28286898
0,0.2741357
0,0.28896198
0,0.29281774
0,0.2941694
0,0.2967227
0,0.28441152
0,0.28151312
0,0.28963423
0,0.2918573
0,0.30388197
0,0.28616992
0,0.29855075
0,0.30093694
0,0.30211955
0,0.28557652
0,0.2904684
0,0.29715425
0,0.30001703
0,0.29988405
0,0.30109966
0,0.3012171
0,0.3003919
0,0.2835905
0,0.29318446
0,0.30365786
0,0.30718598
0,0.2891615
0,0.27764386
0,0.27116936
0,0.26679835
0,0.2799647
0,0.28926766
0,0.29377425
0,0.30281788
0,0.30017364
0,0.30037215
0,0.27857772
0,0.29103783
0,0.30341706
0,0.2767063
0,0.29603356
0,0.27939636
0,0.27873778
0,0.29497766
0,0.30218923
0,0.2967718
0,0.27992007
0,0.2871606
0,0.29477757
0,0.3040364
0,0.3047164
0,0.28557107
0,0.29531324
0,0.28413653
0,0.29853353
0,0.311308
0,0.30337238
0,0.31833357
0,0.31160194
0,0.3092171
0,0.30753326
0,0.28901657
0,0.3031879
0,0.31091905
0,0.3036737
0,0.31143993
0,0.3084108
0,0.2882457
0,0.30078858
0,0.2911284
0,0.293815
0,0.29340327
0,0.3017514
0,0.3060575
0,0.3024472
0,0.30690083
0,0.3041221
0,0.28448793
0,0.29197624
0,0.2960305
0,0.2928496
0,0.27506846
0,0.2705323
0,0.27951476
0,0.2851336
0,0.27556348
0,0.28544235
0,0.27480426
0,0.286253
0,0.27161896
0,0.29201666
0,0.29314238
0,0.27795133
0,0.27180028
0,0.28935546
0,0.29579177
0,0.27578524
0,0.26894733
0,0.2624812
0,0.2805643
0,0.28756666
0,0.29218978
0,0.28823587
0,0.2930094
0,0.2965828
0,0.30936724
0,0.3039493
0,0.2800663
0,0.29119083
0,0.27267095
0,0.2971712
0,0.29140747
0,0.30495682
0,0.30696496
0,0.30553925
0,0.2939262
0,0.29472393
0,0.29926425
0,0.36618504
0,0.33547437
0,0.31967023
0,0.31884584
0,0.3095647
0,0.2887329
0,0.2845012
0,0.2985706
0,0.4752301
0,0.34988526
0,0.31126684
0,0.31152892
0,0.31040448
0,0.28012195
0,0.2626631
0,0.25708818
0,0.27251345
0,0.27091563
0,0.26317602
0,0.26930168
0,0.24447574
0,0.2495164
0,0.2571261
0,0.25608978
0,0.2521752
0,0.23592523
0,0.24696632
0,0.24097605
0,0.24143133
0,0.25768209
0,0.27573887
0,0.26138836
0,0.27767035
0,0.28445607
0,0.28570288
0,0.27370638
0,0.28906536
0,0.3002151
0,0.31733182
0,0.30805758
0,0.3040568
0,0.28667426
0,0.28421637
0,0.2934987
0,0.2974747
0,0.2991769
0,0.27714178
0,0.2903767
0,0.27305266
0,0.27959168
0,0.28883702
0,0.272305
0,0.27221924
0,0.27979454
0,0.2883943
0,0.29385877
0,0.29088283
0,0.31119263
0,0.30861104
0,0.30788887
0,0.3121277
0,0.29088408
0,0.30045366
0,0.2799176
0,0.27902538
0,0.28559324
0,0.27816287
0,0.29164484
0,0.29505208
0,0.2899386
0,0.29805824
0,0.28323442
0,0.29436043
0,0.2958175
0,0.29614154
0,0.29664993
0,0.3200467
0,0.29375097
0,0.30774358
0,0.30448687
0,0.3046476
0,0.30869877
0,0.28282103
0,0.29609013
0,0.29853168
0,0.2823691
0,0.3008245
0,0.27695066
0,0.29723778
0,0.29623452
0,0.30142584
0,0.31050548
0,0.3090576
0,0.28467783
0,0.30066895
0,0.30166522
0,0.31094554
0,0.2839073
0,0.28011987
0,0.26612377
0,0.32454327
0,0.31667444
0,0.2912138
0,0.28248274
0,0.29977405
0,0.29761562
0,0.312797
0,0.2872006
0,0.2989909
0,0.28053552
0,0.2967144
0,0.30118215
0,0.28007263
0,0.29922694
0,0.3048915
0,0.30149728
0,0.28142303
0,0.29832953
0,0.30027857
0,0.30122206
0,0.31426284
0,0.31310698
0,0.30847588
0,0.30468386
0,0.30182305
0,0.27973714
0,0.30379215
0,0.30277142
0,0.30273706
0,0.30148014
0,0.30515522
0,0.30480742
0,0.29635152
0,0.2846391
0,0.2863857
0,0.2925916
0,0.30278572
0,0.28386185
0,0.2772188
0,0.29494306
0,0.282176
0,0.2954053
0,0.29543954
0,0.28219378
0,0.30093062
0,0.3018162
0,0.30145338
0,0.3009542
0,0.28074658
0,0.28756076
0,0.28022876
0,0.28970358
0,0.29933062
0,0.27268153
0,0.29240596
0,0.29388902
0,0.2840332
0,0.29019943
0,0.27967125
0,0.29832214
0,0.3000336
0,0.30289105
0,0.27789965
0,0.2954071
0,0.29433182
0,0.301161
0,0.30363134
0,0.28850183
0,0.30015066
0,0.30295038
0,0.29870737
0,0.30651096
0,0.3048238
0,0.30006653
0,0.30369547
0,0.3052824
0,0.31148648
0,0.31340498
0,0.3185306
0,0.2913154
0,0.30705446
0,0.3177587
0,0.28366724
0,0.29924214
0,0.48887983
0,0.3885317
0,0.3494005
0,0.3244791
0,0.30662385
0,0.2638177
0,0.2622599
0,0.2531304
0,0.22668825
0,0.22055523
0,0.1960196
0,0.19806524
0,0.18931031
0,0.19437288
0,0.19573037
0,0.18740918
0,0.1937425
0,0.18898334
0,0.19453482
0,0.19513021
0,0.19648035
0,0.19777392
0,0.19985363
0,0.1960588
0,0.19587418
0,0.19545086
0,0.20463553
0,0.20723297
0,0.21568023
0,0.22859336
0,0.3201059
0,0.3046297
0,0.3143988
0,0.30644017
0,0.2852897
0,0.27915767
0,0.29193643
0,0.29556838
0,0.27465925
0,0.28919032
0,0.2802338
0,0.25837377
0,0.27233958
0,0.26066542
0,0.2793227
0,0.2765349
0,0.2636284
0,0.27357697
0,0.2608844
0,0.28267583
0,0.29692036
0,0.27005103
0,0.28862157
0,0.29315835
0,0.30837655
0,0.30119678
0,0.29548058
0,0.29925984
0,0.3025126
0,0.28455183
0,0.30338395
0,0.28687733
0,0.30228865
0,0.28402373
0,0.2827282
0,0.27137342
0,0.30470893
0,0.2763725
0,0.27376673
0,0.2870245
0,0.291913
0,0.2930012
0,0.29618946
0,0.3073194
0,0.27852812
0,0.29556784
0,0.2956559
0,0.29848197
0,0.30418542
0,0.28742325
0,0.30745494
0,0.31206936
0,0.306135
0,0.28966644
0,0.31062758
0,0.28395766
0,0.30111662
0,0.27246773
0,0.29532212
0,0.30618507
0,0.29221377
0,0.3021121
0,0.29488814
0,0.30454648
0,0.31337437
0,0.310213
0,0.3119249
0,0.28642023
0,0.3055874
0,0.30906793
0,0.3074117
0,0.30614394
0,0.28750888
0,0.29988334
0,0.29815143
0,0.30231866
0,0.28809047
0,0.3035124
0,0.30147818
0,0.30757293
0,0.3206659
0,0.3107537
0,0.3077215
0,0.3144545
0,0.28374186
0,0.28038022
0,0.27345598
0,0.2504721
0,0.24628045
0,0.23728672
0,0.2288059
0,0.22861038
0,0.21563245
0,0.22938697
0,0.23005006
0,0.22572413
0,0.226764
0,0.21959998
0,0.20415801
0,0.2135774
0,0.20345144
0,0.2098385
0,0.21834382
0,0.20352645
0,0.20202261
0,0.21048358
0,0.2079647
0,0.22178096
0,0.21858309
0,0.24003585
0,0.25278816
0,0.26083574
0,0.2647125
0,0.26643342
0,0.27886015
0,0.28429812
0,0.27153432
0,0.28641683
0,0.27444226
0,0.29038945
0,0.295689
0,0.30617613
0,0.30320364
0,0.28484514
0,0.29932827
0,0.30769143
0,0.32115707
0,0.32355207
0,0.30529758
0,0.29673916
0,0.28586265
0,0.2754286
0,0.28800336
0,0.27241236
0,0.2621233
0,0.24561185
0,0.22858608
0,0.22330014
0,0.21032108
0,0.20099701
0,0.19618763
0,0.20493609
0,0.20366089
0,0.20071407
0,0.19265147
0,0.19981845
0,0.20352505
0,0.20012581
0,0.20469317
0,0.20556208
0,0.2172615
0,0.22507353
0,0.21877518
0,0.22166468
0,0.22062813
0,0.22202334
0,0.24051704
0,0.23616458
0,0.25330046
0,0.2471219
0,0.2671089
0,0.2719685
0,0.28453818
0,0.29114497
0,0.29508814
0,0.29900682
0,0.29148498
0,0.30827293
0,0.31145337
0,0.3045884
0,0.29799914
0,0.28099436
0,0.30752203
0,0.29868677
0,0.27654612
0,0.287981
0,0.29194584
0,0.29323316
0,0.28945395
0,0.2895502
0,0.2693433
0,0.284708
0,0.2803184
0,0.27734718
0,0.2702513
0,0.24820921
0,0.25686586
0,0.25349584
0,0.25624904
0,0.2534079
0,0.24292734
0,0.24312156
0,0.26621523
0,0.27032107
0,0.25257745
0,0.2483589
0,0.28367484
0,0.3053345
0,0.30355224
0,0.30539462
0,0.28302228
0,0.294276
0,0.29794917
0,0.30087695
0,0.30003622
0,0.2848356
0,0.2765719
0,0.30408186
0,0.288423
0,0.30252436
0,0.28442523
0,0.2998891
0,0.3036687
0,0.31298196
0,0.30985096
0,0.3212753
0,0.2914655
0,0.30212006
0,0.2870174
0,0.29812545
0,0.2957007
0,0.29593056
0,0.30878076
0,0.30766678
0,0.3075447
0,0.2787494
0,0.27982652
0,0.29820028
0,0.3025321
0,0.3051643
0,0.38630122
0,0.30920058
0,0.31961787
0,0.3043768
0,0.281433
0,0.2829678
0,0.26122972
0,0.3674956
0,0.28555024
0,0.283412
0,0.26888427
0,0.24046625
0,0.231177
0,0.24191439
0,0.24027109
0,0.23749492
0,0.21402016
0,0.22188407
0,0.20818783
0,0.21361889
0,0.20475313
0,0.21161132
0,0.21900916
0,0.22158135
0,0.22302625
0,0.22255324
0,0.22285493
0,0.22090212
0,0.21330707
0,0.21932909
0,0.25953078
0,0.25431705
0,0.26287982
0,0.24680404
0,0.2629557
0,0.26621372
0,0.26828438
0,0.30386102
0,0.30394027
0,0.27964488
0,0.30849835
0,0.30903813
0,0.31036183
0,0.29487473
0,0.30772763
0,0.286195
0,0.27459812
0,0.27358213
0,0.2976533
0,0.30706298
0,0.3081567
0,0.290385
0,0.28352743
0,0.2998781
0,0.27109742
0,0.2901684
0,0.30126056
0,0.2803965
0,0.31247008
0,0.28762004
0,0.27778715
0,0.30484116
0,0.27907965
0,0.2813483
0,0.29593793
0,0.30032757
0,0.3014216
0,0.28517225
0,0.30575126
0,0.30640817
0,0.30904606
0,0.30905324
0,0.31397608
0,0.28392816
0,0.3058793
0,0.28353256
0,0.27259514
0,0.2975043
0,0.303332
0,0.3086482
0,0.29830295
0,0.31098455
0,0.3106215
0,0.28452754
0,0.3007916
0,0.30661744
0,0.30606127
0,0.30593246
0,0.27849042
0,0.29661933
0,0.29845762
0,0.29726678
0,0.3007041
0,0.27825087
0,0.29787177
0,0.30558622
0,0.31378636
0,0.28289163
0,0.27722618
0,0.29694912
0,0.27994543
0,0.2967517
0,0.29977438
0,0.27397278
0,0.29191473
0,0.29254377
0,0.29700735
0,0.27000043
0,0.27788275
0,0.26697
0,0.29383597
0,0.31680328
0,0.2870115
0,0.30875444
0,0.29406634
0,0.30698547
0,0.29008752
0,0.30760354
0,0.31171533
0,0.31375867
0,0.31218493
0,0.30823484
0,0.29526085
0,0.30421272
0,0.30802006
0,0.3089846
0,0.28149414
0,0.2955053
0,0.2972932
0,0.2777398
0,0.27827594
0,0.26786757
0,0.29378873
0,0.30062348
0,0.27775636
0,0.30513838
0,0.30585423
0,0.30437624
0,0.2864605
0,0.27042496
0,0.28968942
0,0.30385035
0,0.30178598
0,0.30893058
0,0.2748569
0,0.29448667
0,0.29741013
0,0.3018993
0,0.2808352
0,0.2736309
0,0.292647
0,0.29483813
0,0.29872924
0,0.30280337
0,0.2846363
0,0.30085245
0,0.3194007
0,0.31219316
0,0.31142908
0,0.31025898
0,0.31004775
0,0.3074571
0,0.28322753
0,0.29588076
0,0.2963179
0,0.28009987
0,0.30596894
0,0.3091627
0,0.31088823
0,0.30406588
0,0.31292424
0,0.310584
0,0.3199746
0,0.31352383
0,0.3187395
0,0.27898303
0,0.29308745
0,0.28920022
0,0.28246728
0,0.27886522
0,0.25296602
0,0.26612234
0,0.2547067
0,0.2737628
0,0.27299947
0,0.26079068
0,0.28216943
0,0.28777954
0,0.28935778
0,0.2885826
0,0.27304927
0,0.2822753
0,0.2830819
0,0.27819604
0,0.28755593
0,0.26544446
0,0.2830691
0,0.2954361
0,0.3020138
0,0.27967343
0,0.29959103
0,0.28654033
0,0.30561396
0,0.30802235
0,0.31190005
0,0.31010437
0,0.3165975
0,0.3120804
0,0.30708206
0,0.2826851
0,0.28394723
0,0.25886938
0,0.27770275
0,0.2772719
0,0.278754
0,0.26523656
0,0.25699386
0,0.26513013
0,0.27039507
0,0.26594272
0,0.26520115
0,0.25273883
0,0.26422033
0,0.26445377
0,0.26516291
0,0.2651142
0,0.25149515
0,0.265376
0,0.2766208
0,0.26804474
0,0.2718674
0,0.2597276
0,0.2769372
0,0.26489732
0,0.28554723
0,0.2887885
0,0.27699643
0,0.29622346
0,0.30105352
0,0.30128092
0,0.2985959
0,0.27883816
0,0.31224197
0,0.3056145
0,0.31834146
0,0.3013026
0,0.29732192
0,0.3139781
0,0.2926645
0,0.28791746
0,0.27661625
0,0.2734052
0,0.27787152
0,0.2744948
0,0.27037403
0,0.27573583
0,0.25581163
0,0.2658327
0,0.26584184
0,0.26156
0,0.2522916
0,0.24348764
0,0.22691008
0,0.23349138
0,0.22951901
0,0.23809706
0,0.22629042
0,0.23236212
0,0.30930045
0,0.2835785
0,0.27008554
0,0.26439172
0,0.25441265
0,0.26769468
0,0.28034928
0,0.2830536
0,0.29361895
0,0.28311294
0,0.28973323
0,0.28176907
0,0.28383556
0,0.29028818
0,0.28612643
0,0.29464963
0,0.2788627
0,0.294845
0,0.28310055
0,0.28786993
0,0.2919444
0,0.29586688
0,0.28903008
0,0.28986454
0,0.2668543
0,0.2835902
0,0.2902801
0,0.2925175
0,0.27502266
0,0.2942771
0,0.31041345
0,0.31569847
0,0.30257437
0,0.28406462
0,0.2964163
0,0.277361
0,0.27170232
0,0.2821593
0,0.28906497
0,0.29531443
0,0.27567127
0,0.29433653
0,0.298078
0,0.29919922
0,0.30250362
0,0.29424298
0,0.30279317
0,0.3039759
0,0.30530432
0,0.30766547
0,0.28573278
0,0.2921239
0,0.29681093
0,0.29881814
0,0.29976216
0,0.29060102
0,0.29604635
0,0.2832583
0,0.27778798
0,0.29913312
0,0.31099182
0,0.31445566
0,0.3055134
0,0.31293964
0,0.31827348
0,0.30989614
0,0.30681023
0,0.28094417
0,0.2936129
0,0.30513307
0,0.32205215
0,0.3062032
0,0.29944375
0,0.2991532
0,0.3072623
0,0.2863681
0,0.2968295
0,0.29340142
0,0.29244784
0,0.30607408
0,0.30083245
0,0.27512452
0,0.2971388
0,0.27567628
0,0.26034567
0,0.27948114
0,0.26573876
0,0.28059828
0,0.32290524
0,0.30268598
0,0.28708544
0,0.28058007
0,0.27646053
0,0.2903979
0,0.29714274
0,0.27863804
0,0.27638632
0,0.26938578
0,0.28718892
0,0.2707094
0,0.29491857
0,0.27439725
0,0.28970656
0,0.30022526
0,0.30317354
0,0.30357674
0,0.29876
0,0.2837628
0,0.31952322
0,0.30925608
0,0.30766678
0,0.30446893
0,0.30940154
0,0.316288
0,0.30947244
0,0.31113434
0,0.28107065
0,0.27600026
0,0.2712879
0,0.29117045
0,0.2958084
0,0.3048053
0,0.29302168
0,0.32181928
0,0.30993563
0,0.3087032
0,0.31013218
0,0.280234
0,0.2990168
0,0.30757
0,0.29187918
0,0.307175
0,0.29237443
0,0.30075788
0,0.39244962
0,0.3192398
0,0.31903824
0,0.2865331
0,0.29075515
0,0.2933937
0,0.29328534
0,0.29084378
0,0.2735115
0,0.2651368
0,0.27651754
0,0.27339193
0,0.25207937
0,0.24912412
0,0.24727282
0,0.25052553
0,0.25289184
0,0.25257725
0,0.23841868
0,0.24755853
0,0.23582609
0,0.24293585
0,0.2459793
0,0.23293065
0,0.22923243
0,0.25149554
0,0.24358656
0,0.27203223
0,0.26150694
0,0.28446913
0,0.30431426
0,0.30741474
0,0.31489748
0,0.3050845
0,0.28952545
0,0.27886757
0,0.26493526
0,0.27638975
0,0.2930511
0,0.28416687
0,0.2979066
0,0.31240594
0,0.30699515
0,0.31948537
0,0.2977529
0,0.3108113
0,0.31384957
0,0.3176741
0,0.30824474
0,0.28847092
0,0.30410838
0,0.27963892
0,0.28070632
0,0.26803893
0,0.26254722
0,0.2891231
0,0.29978287
0,0.307476
0,0.29757318
0,0.28870586
0,0.30417165
0,0.3094035
0,0.28181744
0,0.29756594
0,0.3055193
0,0.30718526
0,0.30697018
0,0.29375234
0,0.3045708
0,0.2965375
0,0.3036178
0,0.3085929
0,0.313957
0,0.30994642
0,0.30764538
0,0.3000977
0,0.30953056
0,0.31011385
0,0.3044327
0,0.30655956
0,0.2777339
0,0.2723156
0,0.28525993
0,0.27319705
0,0.27658805
0,0.25844944
0,0.25462136
0,0.2783863
0,0.29215476
0,0.28794637
0,0.26900902
0,0.27185717
0,0.28734326
0,0.29662046
0,0.30575332
0,0.29910967
0,0.30711463
0,0.30691394
0,0.30532885
0,0.2862129
0,0.29277456
0,0.30331948
0,0.30709332
0,0.2898001
0,0.30355802
0,0.30531925
0,0.30741367
0,0.3112761
0,0.30657762
0,0.3027223
0,0.27740628
0,0.2892153
0,0.29401815
0,0.284579
0,0.2656605
0,0.24304487
0,0.25088662
0,0.25796524
0,0.25951213
0,0.26026797
0,0.23612244
0,0.23142155
0,0.25127125
0,0.26187095
0,0.2711031
0,0.27362463
0,0.26624194
0,0.2814191
0,0.2877425
0,0.28051445
0,0.26679462
0,0.2579532
0,0.27823028
0,0.27821743
0,0.28694442
0,0.29343045
0,0.27993032
0,0.28852952
0,0.28250375
0,0.2874382
0,0.28607222
0,0.27211568
0,0.28523242
0,0.28979313
0,0.28419244
0,0.28362545
0,0.27255666
0,0.29015344
0,0.2845975
0,0.2817076
0,0.24973398
0,0.2525672
0,0.25541198
0,0.25469762
0,0.24510162
0,0.25956488
0,0.24945799
0,0.25240132
0,0.25534612
0,0.25393364
0,0.24789396
0,0.23577748
0,0.23110373
0,0.24222296
0,0.25263715
0,0.2541015
0,0.24649373
0,0.23328851
0,0.23996589
0,0.24276707
0,0.2511485
0,0.23478499
0,0.23639718
0,0.24872501
0,0.259795
0,0.27061293
0,0.27195725
0,0.2555099
0,0.24724078
0,0.26482967
0,0.26355258
0,0.27896038
0,0.2653194
0,0.30351734
0,0.28650165
0,0.28487626
0,0.29693234
0,0.28560933
0,0.28583223
0,0.28752834
0,0.28953782
0,0.2855645
0,0.2709322
0,0.32742685
0,0.29368362
0,0.27046835
0,0.2514836
0,0.22625895
0,0.22293508
0,0.21061966
0,0.20640083
0,0.19390053
0,0.20283498
0,0.1929622
0,0.19275188
0,0.18541496
0,0.17093106
0,0.17342794
0,0.16625486
0,0.16700594
0,0.17287621
0,0.17603633
0,0.18020763
0,0.17581406
0,0.18258053
0,0.1895462
0,0.18835776
0,0.18631878
0,0.18884525
0,0.20359202
0,0.21817143
0,0.22372232
0,0.23089436
0,0.24953137
0,0.26413888
0,0.2586566
0,0.27136645
0,0.28619155
0,0.2741357
0,0.28577864
0,0.2966019
0,0.2830167
0,0.29584163
0,0.2767977
0,0.29244187
0,0.30099723
0,0.30287346
0,0.31003535
0,0.30117962
0,0.30121487
0,0.3003101
0,0.2805575
0,0.27132306
0,0.2816203
0,0.290497
0,0.2953798
0,0.29745397
0,0.2950325
0,0.2961307
0,0.28411776
0,0.293813
0,0.29692122
0,0.2965641
0,0.29995963
0,0.28156242
0,0.2981748
0,0.29812315
0,0.3034006
0,0.30641678
0,0.28518814
0,0.29582146
0,0.2953086
0,0.2955215
0,0.2971167
0,0.27451003
0,0.29040086
0,0.2936201
0,0.2964179
0,0.29087374
0,0.27595222
0,0.29236054
0,0.29399508
0,0.28102982
0,0.28600046
0,0.27466515
0,0.2902379
0,0.29501346
0,0.30286542
0,0.27387756
0,0.2895176
0,0.28149915
0,0.29136294
0,0.30099806
0,0.30066934
0,0.30369574
0,0.30630693
0,0.30315536
0,0.30665445
0,0.29077068
0,0.30429354
0,0.30974606
0,0.30874658
0,0.3151544
0,0.309566
0,0.3080629
0,0.32963428
0,0.29636642
0,0.30736795
0,0.30400392
0,0.29600397
0,0.27882594
0,0.28733307
0,0.29357237
0,0.28810057
0,0.26195762
0,0.25095367
0,0.26274493
0,0.2718885
0,0.26637536
0,0.26804653
0,0.25070095
0,0.26323804
0,0.25372365
0,0.27763504
0,0.27934694
0,0.26641014
0,0.27911815
0,0.28853863
0,0.2857371
0,0.29691488
0,0.2775969
0,0.2891563
0,0.29247656
0,0.2942634
0,0.29752514
0,0.2982293
0,0.29680464
0,0.28916126
0,0.2967093
0,0.3014954
0,0.3041333
0,0.3041757
0,0.30405363
0,0.30032438
0,0.30635855
0,0.2991853
0,0.3003051
0,0.30531275
0,0.30026117
0,0.29892617
0,0.29666847
0,0.2780032
0,0.29155445
0,0.2854086
0,0.30382276
0,0.3000583
0,0.2835117
0,0.29649347
0,0.29821947
0,0.28152382
0,0.2736265
0,0.27056488
0,0.28493106
0,0.29353517
0,0.28207934
0,0.27516118
0,0.27229193
0,0.291044
0,0.27957112
0,0.28267717
0,0.29359093
0,0.27126917
0,0.2925151
0,0.29168248
0,0.30529466
0,0.33526364
0,0.31735644
0,0.29594025
0,0.3059271
0,0.3279151
0,0.31534448
0,0.31659558
0,0.32150784
0,0.3150613
0,0.30735028
0,0.2851463
0,0.29355267
0,0.30091792
0,0.2905367
0,0.29260853
0,0.29344964
0,0.2963839
0,0.29465756
0,0.29517254
0,0.29499543
0,0.29170397
0,0.28758287
0,0.27038208
0,0.27839932
0,0.27908266
0,0.28150165
0,0.27988607
0,0.27150095
0,0.27982402
0,0.28000027
0,0.28716463
0,0.3062788
0,0.29919598
0,0.30603358
0,0.32512084
0,0.32607326
0,0.31866142
0,0.29642475
0,0.3102791
0,0.3065182
0,0.3172546
0,0.30353662
0,0.31334835
0,0.3069302
0,0.30412674
0,0.30445096
0,0.31395584
0,0.31218678
0,0.29742727
0,0.30123866
0,0.42763188
0,0.3360683
0,0.27774638
0,0.24031545
0,0.21911147
0,0.20330863
0,0.19358946
0,0.18003738
0,0.17983027
0,0.17897294
0,0.17959805
0,0.17689963
0,0.17636329
0,0.1754334
0,0.1763718
0,0.17143297
0,0.17874403
0,0.18062618
0,0.17501041
0,0.18402433
0,0.19151063
0,0.19254477
0,0.18884341
0,0.19153671
0,0.2054383
0,0.22040153
0,0.23011872
0,0.23880251
0,0.24545354
0,0.263396
0,0.29285803
0,0.2956753
0,0.30210835
0,0.2889427
0,0.2976963
0,0.28132123
0,0.29449823
0,0.3018404
0,0.30477288
0,0.3074947
0,0.30162242
0,0.30732405
0,0.30512723
0,0.30595034
0,0.3059355
0,0.30014244
0,0.30094716
0,0.27978602
0,0.29482648
0,0.2994388
0,0.29721358
0,0.29935813
0,0.30012304
0,0.3026273
0,0.2961558
0,0.30489132
0,0.29984453
0,0.29883164
0,0.2983956
0,0.27818412
0,0.29368323
0,0.27013272
0,0.27887258
0,0.5072478
0,0.3792834
0,0.33926153
0,0.31936958
0,0.3097332
0,0.29295695
0,0.2833685
0,0.28377372
0,0.2738295
0,0.27998468
0,0.28072804
0,0.2639468
0,0.2721023
0,0.27050197
0,0.2634317
0,0.2575668
0,0.26171207
0,0.26269948
0,0.25687632
0,0.24392684
0,0.24043481
0,0.24405684
0,0.23260213
0,0.23607418
0,0.24805138
0,0.24872398
0,0.26123443
0,0.2782453
0,0.2800689
0,0.28545856
0,0.28184026
0,0.2743007
0,0.29360902
0,0.29366463
0,0.2948322
0,0.29464814
0,0.2955433
0,0.28241166
0,0.28941324
0,0.27837738
0,0.2792636
0,0.2930753
0,0.28391752
0,0.29921594
0,0.3021662
0,0.30140972
0,0.28843412
0,0.27962276
0,0.29121444
0,0.29583806
0,0.29409245
0,0.2955597
0,0.28043103
0,0.29034704
0,0.29522425
0,0.30030063
0,0.29954627
0,0.28339577
0,0.29826432
0,0.30348507
0,0.30620292
0,0.31093258
0,0.3026099
0,0.27780035
0,0.3162313
0,0.3027863
0,0.30114803
0,0.29748103
0,0.29727605
0,0.29533228
0,0.2906366
0,0.2922434
0,0.2934619
0,0.2916807
0,0.29291582
0,0.29857165
0,0.29754108
0,0.30390614
0,0.28738123
0,0.2962553
0,0.29838184
0,0.29909906
0,0.3151743
0,0.2938324
0,0.30886367
0,0.30266187
0,0.2954126
0,0.29116988
0,0.27784213
0,0.28825045
0,0.28892535
0,0.29044163
0,0.2910948
0,0.2719463
0,0.26647162
0,0.26736027
0,0.27687004
0,0.28056854
0,0.27828145
0,0.28863257
0,0.28988594
0,0.2969357
0,0.2958601
0,0.29099542
0,0.29284245
0,0.30247265
0,0.3021467
0,0.2982111
0,0.29724735
0,0.29441056
0,0.28038225
0,0.28914502
0,0.28884953
0,0.28289953
0,0.28802985
0,0.28186503
0,0.2857345
0,0.2902531
0,0.28819346
0,0.29250032
0,0.29555756
0,0.3015618
0,0.2996908
0,0.3017068
0,0.28002465
0,0.29193285
0,0.2988606
0,0.29683694
0,0.29459086
0,0.28090775
0,0.28924972
0,0.2907822
0,0.29133505
0,0.2942046
0,0.27907595
0,0.28665876
0,0.28910908
0,0.28796113
0,0.29271394
0,0.27654082
0,0.29001215
0,0.29344165
0,0.27086994
0,0.28685164
0,0.2743602
0,0.28853306
0,0.29024604
0,0.29282284
0,0.29641312
0,0.29082546
0,0.28770652
0,0.2905585
0,0.28629345
0,0.28839496
0,0.2885773
0,0.28219107
0,0.2946747
0,0.28928584
0,0.29374188
0,0.29829276
0,0.29583412
0,0.27862006
0,0.28765923
0,0.28918436
0,0.28947428
0,0.27178892
0,0.28373304
0,0.29014003
0,0.29229292
0,0.29243562
0,0.2797792
0,0.28523427
0,0.28601095
0,0.28627816
0,0.28507933
0,0.27288982
0,0.29233065
0,0.2869008
0,0.28547168
0,0.2900597
0,0.27149546
0,0.2837046
0,0.28825846
0,0.29287535
0,0.30540258
0,0.28928602
0,0.29863206
0,0.2932384
0,0.2982933
0,0.2990024
0,0.30324474
0,0.31240174
0,0.30109885
0,0.30721945
0,0.30008844
0,0.29540554
0,0.29021016
0,0.2987836
0,0.29642606
0,0.306469
0,0.29972994
0,0.2979977
0,0.29927555
0,0.29363853
0,0.29770148
0,0.28681383
0,0.2898993
0,0.2920379
0,0.28923818
0,0.28705382
0,0.2842372
0,0.27816918
0,0.28785586
0,0.2907551
0,0.29246357
0,0.2886194
0,0.2782496
0,0.2878106
0,0.28809944
0,0.33830112
0,0.31782937
0,0.29952127
0,0.29854748
0,0.29805067
0,0.29353884
0,0.2916291
0,0.27948156
0,0.29460776
0,0.27791247
0,0.28757516
0,0.27998587
0,0.2758032
0,0.28563073
0,0.29036972
0,0.2916911
0,0.29201445
0,0.2801801
0,0.5063534
0,0.38844478
0,0.3280724
0,0.32097614
0,0.30849603
0,0.30335417
0,0.29794878
0,0.28014624
0,0.28549206
0,0.28397524
0,0.2779278
0,0.28167307
0,0.28206378
0,0.28747135
0,0.28395945
0,0.2930254
0,0.29075623
0,0.29363865
0,0.29040334
0,0.28377286
0,0.262281
0,0.26928714
0,0.271073
0,0.25664765
0,0.26778767
0,0.2644488
0,0.27412507
0,0.27930903
0,0.28658816
0,0.28354338
0,0.2784124
0,0.30021018
0,0.30228484
0,0.30075377
0,0.31502825
0,0.3319625
0,0.33490217
0,0.3747095
0,0.4130596
0,0.3681146
0,0.3585827
0,0.32151574
0,0.30496758
0,0.28337014
0,0.2816015
0,0.28847513
0,0.2780127
0,0.275826
0,0.26438376
0,0.25182414
0,0.23566028
0,0.21854873
0,0.20469005
0,0.19940953
0,0.18994594
0,0.1876387
0,0.18442859
0,0.18321362
0,0.1808652
0,0.18635973
0,0.19328125
0,0.19981478
0,0.2037948
0,0.21574071
0,0.230438
0,0.24538565
0,0.24874543
0,0.2762396
0,0.27066296
0,0.28410584
0,0.28004918
0,0.26794425
0,0.28253582
0,0.29350856
0,0.29296976
0,0.2921902
0,0.27752826
0,0.29037818
0,0.2756234
0,0.28362417
0,0.28662422
0,0.28800875
0,0.29775342
0,0.299455
0,0.3050794
0,0.30536613
0,0.2997289
0,0.29784444
0,0.29113114
0,0.2934115
0,0.2995032
0,0.2960687
0,0.29436192
0,0.28704777
0,0.2872382
0,0.2952689
0,0.2937851
0,0.42456824
0,0.3485743
0,0.33179197
0,0.32251108
0,0.30051726
0,0.3016658
0,0.29474455
0,0.29423714
0,0.29442373
0,0.29338855
0,0.27847958
0,0.28685752
0,0.26432714
0,0.26473874
0,0.2788846
0,0.26777902
0,0.26566908
0,0.26365545
0,0.27270517
0,0.2755014
0,0.25951347
0,0.25845262
0,0.27328542
0,0.27854934
0,0.2820128
0,0.2761269
0,0.2878129
0,0.28353405
0,0.28415748
0,0.29148814
0,0.2755158
0,0.27852958
0,0.28313693
0,0.28917772
0,0.2925186
0,0.2748606
0,0.2870782
0,0.28761527
0,0.28800604
0,0.28545925
0,0.2849636
0,0.29265264
0,0.29333022
0,0.29290026
0,0.28035048
0,0.29276842
0,0.29479164
0,0.29363388
0,0.29362753
0,0.2929729
0,0.29791296
0,0.28475952
0,0.2759975
0,0.28537914
0,0.2856176
0,0.2852381
0,0.27377263
0,0.28201902
0,0.28394598
0,0.2862539
0,0.29075697
0,0.42989117
0,0.35344344
0,0.33498403
0,0.32279193
0,0.3158579
0,0.29526284
0,0.29786533
0,0.29679275
0,0.29961544
0,0.29243955
0,0.2774983
0,0.2854346
0,0.28962532
0,0.28636494
0,0.28952393
0,0.29883814
0,0.2953178
0,0.2968435
0,0.29254347
0,0.28964698
0,0.28987622
0,0.3031509
0,0.28348714
0,0.26420417
0,0.27400744
0,0.26768026
0,0.27440795
0,0.29976225
0,0.28496477
0,0.28400487
0,0.28780562
0,0.2885633
0,0.29239684
0,0.29135436
0,0.29353648
0,0.28112528
0,0.27779397
0,0.286607
0,0.28550464
0,0.29151925
0,0.28815857
0,0.2844799
0,0.29119712
0,0.28859237
0,0.28764263
0,0.28678614
0,0.29251665
0,0.2884759
0,0.29172587
0,0.28792498
0,0.29339734
0,0.2791979
0,0.26949662
0,0.2830908
0,0.27215555
0,0.28104657
0,0.26082048
0,0.27814543
0,0.28677374
0,0.2848753
0,0.2892249
0,0.28646654
0,0.28586105
0,0.28436908
0,0.28704557
0,0.27851135
0,0.28147176
0,0.2807245
0,0.28673956
0,0.28934738
0,0.28319418
0,0.2966275
0,0.28899354
0,0.28590474
0,0.2772265
0,0.28562692
0,0.28979418
0,0.28758997
0,0.27911335
0,0.29987478
0,0.2910662
0,0.29216397
0,0.28157234
0,0.28630233
0,0.28524038
0,0.28416562
0,0.2713333
0,0.27718735
0,0.27162382
0,0.270188
0,0.2704079
0,0.2724425
0,0.26128966
0,0.26864445
0,0.27637136
0,0.2749502
0,0.27369153
0,0.26716945
0,0.2759674
0,0.27773792
0,0.2857963
0,0.28904507
0,0.28514126
0,0.31470016
0,0.2953953
0,0.29017934
0,0.287878
0,0.2842786
0,0.2754746
0,0.28223482
0,0.28076378
0,0.28419235
0,0.28917396
0,0.26986167
0,0.28192836
0,0.28362218
0,0.28380832
0,0.2819741
0,0.27110076
0,0.27935216
0,0.28105205
0,0.28104237
0,0.28070942
0,0.27240187
0,0.27861905
0,0.27453363
0,0.27641752
0,0.26917392
0,0.26589054
0,0.27254593
0,0.2596134
0,0.26989076
0,0.2751244
0,0.2790647
0,0.28012842
0,0.28058442
0,0.27731615
0,0.28172266
0,0.27756554
0,0.27474487
0,0.27885175
0,0.2671456
0,0.26729554
0,0.2754145
0,0.26847517
0,0.2735957
0,0.2801436
0,0.27237305
0,0.28323814
0,0.2709534
0,0.27973837
0,0.2741149
0,0.27734473
0,0.2901765
0,0.3008262
0,0.2916605
0,0.29283154
0,0.2958115
0,0.2957669
0,0.29467684
0,0.28910047
0,0.28587973
0,0.29041418
0,0.29033306
0,0.26758292
0,0.28149065
0,0.29795903
0,0.28959104
0,0.28793162
0,0.28414857
0,0.27929914
0,0.2825188
0,0.29577845
0,0.28947708
0,0.27849945
0,0.27359998
0,0.27639893
0,0.2787446
0,0.27863744
0,0.2707641
0,0.27158284
0,0.26904413
0,0.2760438
0,0.28472775
0,0.31046382
0,0.3016697
0,0.30040312
0,0.30584392
0,0.29447126
0,0.29264852
0,0.28797504
0,0.29714403
0,0.29730567
0,0.2907803
0,0.28685164
0,0.28497332
0,0.28321707
0,0.28447688
0,0.27000284
0,0.27126068
0,0.27526212
0,0.275413
0,0.28072912
0,0.29399064
0,0.2873877
0,0.28515932
0,0.28526986
0,0.28826278
0,0.28785443
0,0.2828961
0,0.2818049
0,0.28087327
0,0.28162068
0,0.28012505
0,0.28961363
0,0.27614844
0,0.2782986
0,0.26889905
0,0.26940322
0,0.27853942
0,0.26989692
0,0.27961886
0,0.2713623
0,0.28092507
0,0.2831499
0,0.2746964
0,0.29177207
0,0.28415582
0,0.28561485
0,0.2848923
0,0.2764355
0,0.28559664
0,0.28541666
0,0.28507915
0,0.28817773
0,0.27954662
0,0.28514418
0,0.28523982
0,0.28511217
0,0.28423217
0,0.28104126
0,0.3545142
0,0.3108201
0,0.2960347
0,0.29175296
0,0.28868118
0,0.285541
0,0.28316948
0,0.27704072
0,0.27385357
0,0.28404593
0,0.2756195
0,0.27541587
0,0.44155142
0,0.35562572
0,0.32234764
0,0.30990225
0,0.30133286
0,0.29464567
0,0.28882632
0,0.2864259
0,0.2815628
0,0.28409365
0,0.28112808
0,0.2880252
0,0.2796386
0,0.27659923
0,0.27158862
0,0.2844122
0,0.27600452
0,0.2798775
0,0.2764487
0,0.2780434
0,0.27961683
0,0.2798474
0,0.27803543
0,0.27883428
0,0.27932113
0,0.27861494
0,0.27794296
0,0.27838677
0,0.27714884
0,0.27661154
0,0.2689031
0,0.27495942
0,0.2621226
0,0.29942146
0,0.27885506
0,0.28153205
0,0.2826406
0,0.2763257
0,0.28294265
0,0.28338236
0,0.28079584
0,0.28196168
0,0.27595776
0,0.27683103
0,0.27478963
0,0.27477345
0,0.27931198
0,0.26987323
0,0.27248216
0,0.26862407
0,0.28683344
0,0.2810169
0,0.2763046
0,0.27507752
0,0.27631813
0,0.2764659
0,0.29369757
0,0.287329
0,0.28329462
0,0.27251506
0,0.2712987
0,0.27572578
0,0.2790093
0,0.27470398
0,0.26259577
0,0.27517
0,0.2807551
0,0.27449542
0,0.2764714
0,0.2942926
0,0.29660958
0,0.2993461
0,0.28698787
0,0.28746742
0,0.28460783
0,0.45611012
0,0.35923603
0,0.33922386
0,0.31277943
0,0.3007639
0,0.2899696
0,0.28211027
0,0.28190207
0,0.28492612
0,0.29179326
0,0.28331938
0,0.28601304
0,0.29136407
0,0.28700435
0,0.28242654
0,0.2824695
0,0.2805628
0,0.28182262
0,0.28057548
0,0.27594432
0,0.26159152
0,0.26135042
0,0.26179883
0,0.2537245
0,0.2631986
0,0.26775908
0,0.27469882
0,0.27773792
0,0.27747872
0,0.27776667
0,0.28620484
0,0.3009363
0,0.30157942
0,0.2966381
0,0.30793968
0,0.2917604
0,0.3011897
0,0.28939503
0,0.28916532
0,0.28670684
0,0.28312477
0,0.279947
0,0.28738168
0,0.30203047
0,0.286385
0,0.27431685
0,0.28545094
0,0.28013265
0,0.28213733
0,0.28404227
0,0.27100623
0,0.28269857
0,0.27961656
0,0.27608773
0,0.27874565
0,0.27857015
0,0.28474456
0,0.28014013
0,0.27629277
0,0.27718937
0,0.2760582
0,0.27587223
0,0.28140366
0,0.27408832
0,0.2712209
0,0.2729902
0,0.27174667
0,0.2784022
0,0.270772
0,0.27378532
0,0.27801344
0,0.42716256
0,0.34448016
0,0.31267437
0,0.30974033
0,0.29791385
0,0.29895884
0,0.29481876
0,0.28191873
0,0.2879449
0,0.28391257
0,0.2837433
0,0.27238137
0,0.2678844
0,0.2780677
0,0.28522563
0,0.2782106
0,0.2768865
0,0.2762675
0,0.27870885
0,0.28319952
0,0.284173
0,0.28064957
0,0.2800068
0,0.27944165
0,0.29593357
0,0.28439516
0,0.28249505
0,0.27796778
0,0.27756643
0,0.2773598
0,0.2775339
0,0.28256628
0,0.27769268
0,0.26854038
0,0.27754545
0,0.27945945
0,0.28067607
0,0.28091285
0,0.27757806
0,0.29136437
0,0.28974918
0,0.30117166
0,0.2902431
0,0.2827155
0,0.2693486
0,0.27528134
0,0.2698205
0,0.274159
0,0.26128486
0,0.26898286
0,0.2790318
0,0.2906134
0,0.28534833
0,0.26779333
0,0.2787035
0,0.28037834
0,0.4114457
0,0.34432748
0,0.327666
0,0.31809136
0,0.29890126
0,0.2902287
0,0.28289747
0,0.28280467
0,0.28386357
0,0.28007224
0,0.27765188
0,0.27158204
0,0.28315184
0,0.28291032
0,0.2844909
0,0.28449428
0,0.27860484
0,0.28277788
0,0.27797478
0,0.28114566
0,0.28890732
0,0.28363916
0,0.27892625
0,0.27706188
0,0.2824365
0,0.27605996
0,0.27760598
0,0.27744806
0,0.2695637
0,0.28017658
0,0.2844747
0,0.28502452
0,0.28600526
0,0.27265596
0,0.26781192
0,0.27690366
0,0.27418122
0,0.2791096
0,0.266453
0,0.28263596
0,0.29376048
0,0.28907093
0,0.2816506
0,0.29403636
0,0.28279924
0,0.28496125
0,0.27640653
0,0.27762115
0,0.2869205
0,0.30266544
0,0.29269204
0,0.291905
0,0.2943489
0,0.28893182
0,0.29041532
0,0.28725684
0,0.2822553
0,0.2873554
0,0.28503525
0,0.28333005
0,0.27448326
0,0.27854177
0,0.28299358
0,0.28164113
0,0.27653596
0,0.27906126
0,0.27369922
0,0.27467284
0,0.2721891
0,0.26634914
0,0.27031162
0,0.27549773
0,0.27873814
0,0.26615885
0,0.2617936
0,0.27053913
0,0.2615207
0,0.27575907
0,0.27611074
0,0.2783927
0,0.27683374
0,0.27996367
0,0.27924123
0,0.2852972
0,0.2800753
0,0.28162128
0,0.2784271
0,0.27799535
0,0.284926
0,0.2811723
0,0.28311116
0,0.28040764
0,0.28185043
0,0.2832043
0,0.28163612
0,0.28209352
0,0.28392494
0,0.2861649
0,0.28410524
0,0.28326288
0,0.2822148
0,0.27452713
0,0.28860492
0,0.2825012
0,0.27938503
0,0.26899356
0,0.28891468
0,0.27325433
0,0.28389868
0,0.31009743
0,0.2795349
0,0.2719844
0,0.2791772
0,0.26763234
0,0.27796933
0,0.26648113
0,0.27565268
0,0.2759996
0,0.27543464
0,0.27631357
0,0.27303782
0,0.2801435
0,0.2845551
0,0.27419293
0,0.2713537
0,0.26733753
0,0.2707257
0,0.27435547
0,0.2757242
0,0.27631778
0,0.27640432
0,0.28172946
0,0.2802889
0,0.2778539
0,0.2785666
0,0.2771005
0,0.2762416
0,0.27490193
0,0.2735128
0,0.26975954
0,0.27192402
0,0.26358017
0,0.27285585
0,0.2754467
0,0.27627647
0,0.28298458
0,0.27957448
0,0.28577787
0,0.28182548
0,0.28587964
0,0.287066
0,0.2899067
0,0.28247848
0,0.29445502
0,0.28307477
0,0.28142142
0,0.27359754
0,0.28534597
0,0.29755247
0,0.2953703
0,0.30448598
0,0.28586167
0,0.28398398
0,0.28294188
0,0.28261006
0,0.2834204
0,0.26458442
0,0.27468842
0,0.2785298
0,0.2791404
0,0.2835224
0,0.2781249
0,0.278453
0,0.27801573
0,0.28024122
0,0.2733621
0,0.27407342
0,0.2743864
0,0.2770719
0,0.26661706
0,0.27437586
0,0.27606225
0,0.2767375
0,0.27883175
0,0.2786689
0,0.3286867
0,0.29371542
0,0.29383355
0,0.28800797
0,0.2890248
0,0.2805376
0,0.27573964
0,0.27771884
0,0.27566236
0,0.2830853
0,0.5040755
0,0.3807136
0,0.34041217
0,0.32221985
0,0.28742313
0,0.29054436
0,0.28743938
0,0.28056505
0,0.28560495
0,0.30993453
0,0.29618102
0,0.28321207
0,0.28671786
0,0.2759047
0,0.27848333
0,0.27747586
0,0.27233335
0,0.2646944
0,0.26810747
0,0.26561034
0,0.27266565
0,0.26617375
0,0.28225285
0,0.2686818
0,0.2726648
0,0.27308002
0,0.27093953
0,0.2880664
0,0.27841705
0,0.27834225
0,0.27929467
0,0.2703022
0,0.27333143
0,0.27807927
0,0.27991998
0,0.27698174
0,0.27058473
0,0.3351754
0,0.30378792
0,0.30192715
0,0.29161224
0,0.29240113
0,0.2908462
0,0.28103423
0,0.28108552
0,0.30090508
0,0.291688
0,0.2832684
0,0.27321425
0,0.27474123
0,0.2728103
0,0.2706009
0,0.27604896
0,0.26795107
0,0.2694237
0,0.2728639
0,0.2733676
0,0.27408323
0,0.27138656
0,0.28154442
0,0.2764165
0,0.2797525
0,0.27506384
0,0.2799647
0,0.2734651
0,0.2694587
0,0.2707933
0,0.2742145
0,0.27504474
0,0.2716658
0,0.26830164
0,0.26640525
0,0.27256623
0,0.27417296
0,0.27336463
0,0.2750542
0,0.30062732
0,0.28966677
0,0.2827403
0,0.27894813
0,0.2751577
0,0.2693836
0,0.26732075
0,0.26820332
0,0.26430735
0,0.2655012
0,0.259639
0,0.26583907
0,0.2690684
0,0.26703283
0,0.2667232
0,0.26539528
0,0.27023214
0,0.27436012
0,0.27056843
0,0.27233648
0,0.27261978
0,0.27417713
0,0.2697883
0,0.272913
0,0.272024
0,0.27180862
0,0.26991156
0,0.28211325
0,0.27118406
0,0.27077505
0,0.26950872
0,0.27071255
0,0.27797666
0,0.26769194
0,0.26539356
0,0.26656637
0,0.2710412
0,0.2648171
0,0.27012148
0,0.2717026
0,0.2685416
0,0.27515
0,0.27230248
0,0.27217245
0,0.27199772
0,0.26731646
0,0.270135
0,0.27219397
0,0.2753137
0,0.26828527
0,0.26982683
0,0.2725226
0,0.27470106
0,0.2778606
0,0.26608017
0,0.27576172
0,0.2770145
0,0.27146178
0,0.2876297
0,0.27666506
0,0.27964973
0,0.2774474
0,0.2749187
0,0.27521768
0,0.27611354
0,0.27082044
0,0.27746
0,0.27208838
0,0.27717692
0,0.27482846
0,0.28656012
0,0.28105658
0,0.28562155
0,0.2821937
0,0.27996123
0,0.27421007
0,0.27627456
0,0.28085095
0,0.2728179
0,0.27543348
0,0.2735085
0,0.27283466
0,0.28439277
0,0.26866364
0,0.27884927
0,0.2759825
0,0.2779627
0,0.27820852
0,0.2773818
0,0.27811447
0,0.2770136
0,0.2771438
0,0.29730442
0,0.28456995
0,0.28308535
0,0.27888966
0,0.2764131
0,0.2759183
0,0.27433833
0,0.2792946
0,0.2730631
0,0.2799945
0,0.27656716
0,0.2855361
0,0.28010517
0,0.26739565
0,0.27149013
0,0.2801054
0,0.270248
0,0.28185052
0,0.27440158
0,0.27637473
0,0.27460027
0,0.28156027
0,0.2771607
0,0.26957643
0,0.2785796
0,0.28745663
0,0.27422103
0,0.27271637
0,0.27397054
0,0.27792245
0,0.27960727
0,0.2785035
0,0.279899
0,0.2660271
0,0.2732689
0,0.27574596
0,0.2898569
0,0.28926226
0,0.27402514
0,0.4203707
0,0.33609182
0,0.31871796
0,0.3144143
0,0.28790823
0,0.28596026
0,0.2823295
0,0.27585515
0,0.28088674
0,0.27251512
0,0.27362028
0,0.27336732
0,0.27262112
0,0.2710297
0,0.27530235
0,0.27123332
0,0.27339432
0,0.2701256
0,0.27069202
0,0.26486206
0,0.26768875
0,0.52429587
0,0.39677045
0,0.3425828
0,0.32486483
0,0.294435
0,0.2936855
0,0.2770816
0,0.27322495
0,0.2661244
0,0.26988515
0,0.27423343
0,0.28045008
0,0.2779425
0,0.35636458
0,0.31317016
0,0.30742383
0,0.29938066
0,0.2874993
0,0.28077948
0,0.28531364
0,0.28548452
0,0.27735776
0,0.27606392
0,0.28397918
0,0.27538452
0,0.27664065
0,0.28112578
0,0.27912402
0,0.28358394
0,0.27528155
0,0.27383447
0,0.27489755
0,0.27812496
0,0.27744043
0,0.26932994
0,0.27036956
0,0.2759221
0,0.2644681
0,0.26776937
0,0.27256942
0,0.2653293
0,0.2624045
0,0.27339032
0,0.27627513
0,0.27775612
0,0.26624408
0,0.2844028
0,0.27649048
0,0.27876043
0,0.28055516
0,0.26715153
0,0.27442443
0,0.26379457
0,0.26148522
0,0.26588947
0,0.27289864
0,0.27137768
0,0.27119723
0,0.28018314
0,0.2848358
0,0.28411365
0,0.29149053
0,0.28554392
0,0.27720293
0,0.27755588
0,0.28431502
0,0.2743961
0,0.27234685
0,0.27252048
0,0.279424
0,0.28343475
0,0.28700477
0,0.28252906
0,0.28389755
0,0.26784605
0,0.28387752
0,0.2764093
0,0.27213722
0,0.28205296
0,0.2689919
0,0.28049174
0,0.26844636
0,0.28102595
0,0.28398153
0,0.2885538
0,0.2841366
0,0.2714714
0,0.28330103
0,0.28420502
0,0.2807991
0,0.2853879
0,0.28376412
0,0.27632454
0,0.2719309
0,0.28097412
0,0.28671113
0,0.27841985
0,0.288657
0,0.28602314
0,0.28481787
0,0.28431216
0,0.29004747
0,0.2863026
0,0.28404716
0,0.286791
0,0.28400707
0,0.2869942
0,0.2837093
0,0.28543746
0,0.27740026
0,0.2839455
0,0.2804262
0,0.27935192
0,0.27738142
0,0.27039135
0,0.28300405
0,0.28379145
0,0.2719224
0,0.27657157
0,0.28879017
0,0.27532104
0,0.3293933
0,0.28828847
0,0.28843018
0,0.3241581
0,0.29738882
0,0.287328
0,0.28291982
0,0.28086084
0,0.28018776
0,0.28393948
0,0.316703
0,0.3093703
0,0.3103767
0,0.29855502
0,0.2926849
0,0.2900446
0,0.2826407
0,0.28422496
0,0.2825767
0,0.2848449
0,0.2812526
0,0.2813198
0,0.2795729
0,0.27945998
0,0.2787905
0,0.27905884
0,0.279657
0,0.27011555
0,0.27930623
0,0.28604108
0,0.2850731
0,0.28377014
0,0.2797669
0,0.2923609
0,0.28663743
0,0.28973824
0,0.28443277
0,0.27189165
0,0.26534218
0,0.2695788
0,0.27521837
0,0.26402038
0,0.26977298
0,0.27387586
0,0.26307946
0,0.27543092
0,0.27470243
0,0.2759607
0,0.27514094
0,0.26194903
0,0.275245
0,0.2806095
0,0.28401965
0,0.28903615
0,0.28713033
0,0.28526187
0,0.27666897
0,0.27372172
0,0.28649884
0,0.28108233
0,0.27658334
0,0.28440496
0,0.27115098
0,0.2763354
0,0.27342632
0,0.28339785
0,0.27903834
0,0.28851166
0,0.28342196
0,0.29076692
0,0.29098782
0,0.2879408
0,0.2829852
0,0.2727934
0,0.2795114
0,0.27924034
0,0.2784247
0,0.27317035
0,0.2777855
0,0.2771453
0,0.27685046
0,0.27673483
0,0.2761796
0,0.27520412
0,0.2819041
0,0.2839055
0,0.28676593
0,0.28571913
0,0.29489237
0,0.28973335
0,0.28733876
0,0.28675842
0,0.27636552
0,0.28728592
0,0.28176028
0,0.28057018
0,0.27896196
0,0.27883884
0,0.27411878
0,0.2956879
0,0.28685576
0,0.28902507
0,0.31941888
0,0.32127935
0,0.30926046
0,0.30849782
0,0.2990517
0,0.28105655
0,0.28952962
0,0.28760412
0,0.2828552
0,0.28085226
0,0.2884641
0,0.28461516
0,0.2869539
0,0.29087457
0,0.2877728
0,0.29344076
0,0.29347762
0,0.29787835
0,0.2916785
0,0.28988585
0,0.28943634
0,0.28452465
0,0.27670228
0,0.28353772
0,0.31001863
0,0.30156893
0,0.2913512
0,0.2842969
0,0.28365394
0,0.28391698
0,0.277009
0,0.2873661
0,0.28130555
0,0.28544405
0,0.2872864
0,0.27349284
0,0.2693256
0,0.26669192
0,0.26400253
0,0.27379698
0,0.2648648
0,0.27648118
0,0.27419764
0,0.28123045
0,0.28054717
0,0.27666086
0,0.28228474
0,0.2689873
0,0.2854832
0,0.28004625
0,0.27868092
0,0.27531818
0,0.2812824
0,0.27616426
0,0.28214952
0,0.28394818
0,0.28443474
0,0.2860802
0,0.28551415
0,0.2844455
0,0.28377542
0,0.27963376
0,0.28020495
0,0.27816173
0,0.28542203
0,0.2827417
0,0.2830605
0,0.29088426
0,0.28886607
0,0.27866402
0,0.28609577
0,0.28822786
0,0.27932897
0,0.2736505
0,0.28167912
0,0.2818686
0,0.28496215
0,0.28342593
0,0.27523312
0,0.28054267
0,0.27261814
0,0.26447642
0,0.28743935
0,0.2670654
0,0.27391654
0,0.26741487
0,0.2772198
0,0.27314857
0,0.28171003
0,0.28257254
0,0.28471622
0,0.2853491
0,0.28407854
0,0.2909758
0,0.29462308
0,0.28022048
0,0.27488956
0,0.29266787
0,0.29021657
0,0.28448942
0,0.28425875
0,0.289114
0,0.28990865
0,0.28926983
0,0.29365572
0,0.29041237
0,0.2904564
0,0.27415663
0,0.28333676
0,0.2934001
0,0.29374242
0,0.2939837
0,0.2910838
0,0.3077714
0,0.28065276
0,0.27850834
0,0.27391237
0,0.27750656
0,0.29428506
0,0.29821157
0,0.33673894
0,0.35659945
0,0.46625257
0,0.49515393
0,0.5362891
0,0.48165357
0,0.5454904
0,0.55675304
0,0.538041
0,0.5095788
0,0.4419906
0,0.34974763
0,0.30968723
0,0.2919381
0,0.284824
0,0.26242352
0,0.20602852
0,0.1895427
0,0.2031329
0,0.20343964
0,0.18207374
0,0.1598532
0,0.14383821
0,0.14407763
0,0.14099081
0,0.13640742
0,0.13367006
0,0.13311435
0,0.13996534
0,0.1391017
0,0.13648704
0,0.13882425
0,0.13774489
0,0.14026017
0,0.1421408
0,0.14269532
0,0.14136419
0,0.1500621
0,0.15363015
0,0.15739483
0,0.15910447
0,0.17035778
0,0.18320672
0,0.19620565
0,0.21060026
0,0.2239616
0,0.2410143
0,0.25188524
0,0.27279964
0,0.27711102
0,0.2852369
0,0.2736308
0,0.27671704
0,0.27912745
0,0.2788281
0,0.2699422
0,0.2841937
0,0.2807294
0,0.27597558
0,0.27979505
0,0.2768604
0,0.281807
0,0.27801678
0,0.2846098
0,0.271036
0,0.26972476
0,0.26535052
0,0.2692528
0,0.277045
0,0.271691
0,0.2777745
0,0.27821773
0,0.28427744
0,0.28672585
0,0.2809177
0,0.292022
0,0.272896
0,0.28407872
0,0.29165924
0,0.2884428
0,0.28900838
0,0.28038883
0,0.2893006
0,0.2870667
0,0.28286946
0,0.28408176
0,0.2808618
0,0.28387776
0,0.2832104
0,0.28234795
0,0.28216925
0,0.26984465
0,0.5123775
0,0.38910225
0,0.37571296
0,0.34332377
0,0.30977398
0,0.30377495
0,0.3031865
0,0.28445262
0,0.29347822
0,0.2855798
0,0.2851626
0,0.28336996
0,0.29030955
0,0.283817
0,0.28072178
0,0.2849267
0,0.28001904
0,0.2768571
0,0.27337545
0,0.27881554
0,0.2727973
0,0.26850423
0,0.2680435
0,0.2629203
0,0.26983526
0,0.27497134
0,0.27770582
0,0.2814491
0,0.2746907
0,0.29513258
0,0.29604402
0,0.2948692
0,0.29801393
0,0.29084802
0,0.3035495
0,0.2889126
0,0.28631082
0,0.2841653
0,0.28743213
0,0.28939644
0,0.28321603
0,0.28759673
0,0.27562216
0,0.28870928
0,0.28859782
0,0.2807043
0,0.2790895
0,0.29283962
0,0.28475016
0,0.29774687
0,0.28170413
0,0.28621075
0,0.28804293
0,0.27742568
0,0.26992995
0,0.28442934
0,0.29010028
0,0.2838616
0,0.27588832
0,0.27308705
0,0.2887142
0,0.26959673
0,0.26875052
0,0.2950332
0,0.27099127
0,0.28662705
0,0.29620403
0,0.29217318
0,0.29248735
0,0.28646976
0,0.28534973
0,0.29261947
0,0.3058296
0,0.29938304
0,0.3092791
0,0.30263665
0,0.28725928
0,0.2931344
0,0.29416367
0,0.32576936
0,0.3056787
0,0.28713068
0,0.29458907
0,0.28668398
0,0.28962207
0,0.28763703
0,0.27542865
0,0.2703117
0,0.2764796
0,0.2681538
0,0.2728682
0,0.28801268
0,0.27153844
0,0.27695963
0,0.2686086
0,0.27020702
0,0.29560354
0,0.30685958
0,0.29178247
0,0.31444228
0,0.30034733
0,0.30410048
0,0.28549224
0,0.2981883
0,0.29487345
0,0.30975482
0,0.30472478
0,0.30769438
0,0.30539396
0,0.30270913
0,0.30611283
0,0.30052668
0,0.3009593
0,0.29992965
0,0.29718828
0,0.3248783
0,0.30347928
0,0.30432224
0,0.2969275
0,0.28024977
0,0.2861644
0,0.3822309
0,0.309699
0,0.2991785
0,0.28890195
0,0.28098208
0,0.29123572
0,0.27996773
0,0.28895414
0,0.29433596
0,0.28917482
0,0.28856862
0,0.26948094
0,0.26781738
0,0.27795908
0,0.28085753
0,0.29208073
0,0.2798726
0,0.28610227
0,0.28439522
0,0.28447044
0,0.28298184
0,0.2835688
0,0.28132024
0,0.29346547
0,0.2928015
0,0.30072105
0,0.30232385
0,0.2924162
0,0.2972645
0,0.29600343
0,0.2960797
0,0.4253163
0,0.3405697
0,0.3160348
0,0.3138545
0,0.29165795
0,0.29365999
0,0.28493235
0,0.27361137
0,0.29839274
0,0.2961112
0,0.29561698
0,0.27788788
0,0.29963517
0,0.32576394
0,0.3041558
0,0.300929
0,0.29547918
0,0.2899683
0,0.28543124
0,0.28748816
0,0.28465396
0,0.26919428
0,0.27973905
0,0.28595987
0,0.28539908
0,0.29279295
0,0.27846542
0,0.28582084
0,0.2804272
0,0.2786081
0,0.2896048
0,0.2732529
0,0.2876342
0,0.2990728
0,0.29453605
0,0.2946065
0,0.2797056
0,0.28639716
0,0.27528816
0,0.28890145
0,0.29310247
0,0.29913378
0,0.3026438
0,0.28224072
0,0.28069222
0,0.29087374
0,0.2944509
0,0.30415025
0,0.31337196
0,0.30300218
0,0.28859952
0,0.2907555
0,0.28028542
0,0.29917634
0,0.30095387
0,0.30275685
0,0.29790038
0,0.2777307
0,0.30162272
0,0.2985902
0,0.28062364
0,0.27504447
0,0.28069726
0,0.28917593
0,0.29519835
0,0.29989412
0,0.30235094
0,0.29050466
0,0.2981133
0,0.2955098
0,0.29001677
0,0.29284543
0,0.2808205
0,0.29540536
0,0.31397158
0,0.30335847
0,0.31931794
0,0.31889892
0,0.31747073
0,0.30916643
0,0.28740394
0,0.2865959
0,0.29230762
0,0.2981286
0,0.27685547
0,0.28730085
0,0.29605713
0,0.2945899
0,0.2981845
0,0.2974156
0,0.297841
0,0.29243493
0,0.2833653
0,0.29828146
0,0.29732314
0,0.28420737
0,0.28747144
0,0.29785582
0,0.3072835
0,0.2859895
0,0.29186773
0,0.29014328
0,0.2897309
0,0.2780851
0,0.28259248
0,0.2687865
0,0.26884648
0,0.2717778
0,0.28759617
0,0.27243987
0,0.26889166
0,0.28093913
0,0.35084084
0,0.3001198
0,0.28953546
0,0.278648
0,0.3650426
0,0.30330136
0,0.29154238
0,0.28396183
0,0.29467574
0,0.27973372
0,0.27741238
0,0.2673518
0,0.26337668
0,0.25950846
0,0.26438552
0,0.27320373
0,0.2898986
0,0.29619813
0,0.2822044
0,0.29740387
0,0.2990125
0,0.31530046
0,0.2911681
0,0.30042937
0,0.3041028
0,0.30136034
0,0.3007909
0,0.29046053
0,0.31101513
0,0.28836364
0,0.2795975
0,0.29746604
0,0.28316677
0,0.29711083
0,0.3036867
0,0.29932073
0,0.30336428
0,0.28219607
0,0.29628587
0,0.29924515
0,0.29976004
0,0.30973747
0,0.28851104
0,0.30285034
0,0.29332888
0,0.302828
0,0.30512753
0,0.28496224
0,0.29996178
0,0.302642
0,0.29859948
0,0.54513896
0,0.396788
0,0.36357063
0,0.33892953
0,0.32013988
0,0.3464182
0,0.29763478
0,0.28931952
0,0.28029615
0,0.2493252
0,0.24945678
0,0.23801506
0,0.22713558
0,0.21607096
0,0.20174581
0,0.1829598
0,0.18225446
0,0.17690483
0,0.17142275
0,0.16849163
0,0.16362368
0,0.16337901
0,0.16745496
0,0.16010933
0,0.16760436
0,0.16756323
0,0.1771413
0,0.1750204
0,0.1923198
0,0.2037453
0,0.28665477
0,0.2643254
0,0.26403487
0,0.2743066
0,0.2798292
0,0.2861584
0,0.28461832
0,0.27344096
0,0.2863524
0,0.29651085
0,0.49234962
0,0.3768128
0,0.35245356
0,0.32765108
0,0.2990464
0,0.30960885
0,0.3000634
0,0.2724393
0,0.276626
0,0.27418026
0,0.27271196
0,0.24838789
0,0.25357166
0,0.23734905
0,0.24030797
0,0.22424886
0,0.21169074
0,0.2021388
0,0.19116335
0,0.18687765
0,0.1736516
0,0.18487996
0,0.20387241
0,0.19262017
0,0.20080909
0,0.18403973
0,0.18257971
0,0.19877394
0,0.21945634
0,0.25181746
0,0.26956227
0,0.23405682
0,0.20711626
0,0.17874575
0,0.17624451
0,0.16490743
0,0.16918612
0,0.17809908
0,0.17411762
0,0.17888267
0,0.16710342
0,0.1885541
0,0.22267607
0,0.28243133
0,0.3073774
0,0.2869552
0,0.23967104
0,0.25646505
0,0.2159931
0,0.20031208
0,0.16450499
0,0.17096752
0,0.16554344
0,0.1588324
0,0.15420459
0,0.15131369
0,0.14725433
0,0.14258896
0,0.14086168
0,0.14570294
0,0.13880396
0,0.1362632
0,0.13706611
0,0.13884984
0,0.14579807
0,0.14301968
0,0.14317076
0,0.13874286
0,0.14526604
0,0.14546172
0,0.14644717
0,0.14852357
0,0.15647095
0,0.1588616
0,0.1484632
0,0.15983915
0,0.16281195
0,0.16285463
0,0.171636
0,0.16280116
0,0.17256024
0,0.17666005
0,0.17123902
0,0.18042499
0,0.17614762
0,0.18554568
0,0.19628808
0,0.20476809
0,0.20998283
0,0.20763446
0,0.2170435
0,0.22443643
0,0.2271427
0,0.22566704
0,0.24010053
0,0.24571832
0,0.25159076
0,0.25367627
0,0.26066154
0,0.2697288
0,0.2757638
0,0.27975252
0,0.2903757
0,0.28240812
0,0.2648265
0,0.28494084
0,0.29394135
0,0.29618168
0,0.30617645
0,0.2776038
0,0.26708966
0,0.28622565
0,0.2597783
0,0.26971933
0,0.2729191
0,0.26059255
0,0.2794176
0,0.2679934
0,0.2864945
0,0.28811488
0,0.28274602
0,0.2978588
0,0.28883892
0,0.30130756
0,0.30194074
0,0.28100508
0,0.31212115
0,0.3102844
0,0.30557448
0,0.30875984
0,0.27855158
0,0.30593356
0,0.2962934
0,0.29792622
0,0.28674468
0,0.27862912
0,0.30269846
0,0.3019713
0,0.301224
0,0.30047485
0,0.2964712
0,0.2809193
0,0.28535134
0,0.32252938
0,0.3022562
0,0.28806216
0,0.2640181
0,0.27538666
0,0.26465657
0,0.24984655
0,0.24175607
0,0.27256176
0,0.26372495
0,0.28290057
0,0.2715275
0,0.25561085
0,0.24413344
0,0.25458828
0,0.24940695
0,0.2489629
0,0.23381679
0,0.22171646
0,0.22501978
0,0.21988498
0,0.20894915
0,0.21371181
0,0.20760196
0,0.21179853
0,0.2627683
0,0.22992122
0,0.22017357
0,0.21926393
0,0.20305063
0,0.2054527
0,0.19949804
0,0.19668728
0,0.18483157
0,0.18929099
0,0.19279978
0,0.19125532
0,0.17797673
0,0.18428375
0,0.18671596
0,0.18772055
0,0.18634035
0,0.20261256
0,0.19191548
0,0.17490135
0,0.17009601
0,0.1753924
0,0.17639805
0,0.17777711
0,0.17838463
0,0.17938311
0,0.18474244
0,0.18858294
0,0.17888705
0,0.19308169
0,0.20090088
0,0.21525912
0,0.2272034
0,0.23365939
0,0.21581195
0,0.21956383
0,0.22313449
0,0.21999545
0,0.20580554
0,0.2025145
0,0.22078769
0,0.22932903
0,0.23037851
0,0.24031919
0,0.2341637
0,0.23789997
0,0.2971869
0,0.28049174
0,0.2581023
0,0.21547943
0,0.20973787
0,0.20652544
0,0.1914736
0,0.20197226
0,0.19169994
0,0.1949376
0,0.19713409
0,0.18912816
0,0.19099575
0,0.19014488
0,0.18203482
0,0.19330321
0,0.20112047
0,0.19976722
0,0.19498101
0,0.1972603
0,0.19754384
0,0.19410071
0,0.20234059
0,0.20655319
0,0.20273145
0,0.21149766
0,0.22203563
0,0.23378539
0,0.24255589
0,0.24633926
0,0.3085825
0,0.3052716
0,0.308708
0,0.30921322
0,0.28828597
0,0.29742235
0,0.27196753
0,0.2688992
0,0.28697369
0,0.27529004
0,0.28894174
0,0.2910422
0,0.30026922
0,0.30334842
0,0.28079662
0,0.27560472
0,0.2982346
0,0.30015862
0,0.3027223
0,0.2766413
0,0.29508448
0,0.3025127
0,0.30251527
0,0.28739226
0,0.27223086
0,0.26447558
0,0.28698444
0,0.29520768
0,0.29841167
0,0.2854051
0,0.2804596
0,0.27759117
0,0.29092136
0,0.3041467
0,0.2829887
0,0.27765343
0,0.27357605
0,0.26992735
0,0.26773226
0,0.26101437
0,0.28410104
0,0.2938085
0,0.29939735
0,0.30184776
0,0.29430914
0,0.27792272
0,0.29198197
0,0.27570316
0,0.28876793
0,0.29620165
0,0.28650463
0,0.29628894
0,0.30008432
0,0.30444288
0,0.2996528
0,0.2779555
0,0.29478976
0,0.27324525
0,0.27706087
0,0.28909516
0,0.27981436
0,0.296976
0,0.28931463
0,0.28262746
0,0.29731488
0,0.28292543
0,0.3034889
0,0.31143737
0,0.29521808
0,0.3026243
0,0.2913854
0,0.31491283
0,0.31465748
0,0.3109397
0,0.31268403
0,0.28869456
0,0.30680016
0,0.29793152
0,0.28192195
0,0.29824325
0,0.29788762
0,0.2982013
0,0.28713316
0,0.3141743
0,0.28930598
0,0.301409
0,0.2889561
0,0.2796107
0,0.29204002
0,0.29798785
0,0.27372217
0,0.27580458
0,0.291589
0,0.29814312
0,0.2790197
0,0.28739685
0,0.2793784
0,0.29112628
0,0.30036268
0,0.30123973
0,0.29367164
0,0.30123338
0,0.30688423
0,0.28927562
0,0.2848889
0,0.29648122
0,0.28140223
0,0.29926315
0,0.30250543
0,0.3092225
0,0.30497012
0,0.28684327
0,0.29492396
0,0.29831287
0,0.3058336
0,0.30070144
0,0.28807694
0,0.27589154
0,0.27085048
0,0.2659396
0,0.29272988
0,0.28812924
0,0.27171165
0,0.26539335
0,0.26265267
0,0.25835788
0,0.26902878
0,0.2638579
0,0.28610885
0,0.29057074
0,0.28617388
0,0.29830837
0,0.28249928
0,0.28428653
0,0.28231972
0,0.29339677
0,0.28005534
0,0.27533597
0,0.2717311
0,0.2707418
0,0.29369068
0,0.3364293
0,0.2942689
0,0.309633
0,0.3168932
0,0.29221332
0,0.31647003
0,0.2911082
0,0.3093977
0,0.28898984
0,0.2845226
0,0.28809696
0,0.27428418
0,0.292702
0,0.29931748
0,0.31078875
0,0.3086732
0,0.28710312
0,0.3033606
0,0.31122565
0,0.3073894
0,0.31459355
0,0.3002763
0,0.30280346
0,0.29455712
0,0.30261567
0,0.29955727
0,0.28420326
0,0.29097545
0,0.30612397
0,0.30745858
0,0.3124054
0,0.3081148
0,0.2872657
0,0.30912003
0,0.3049218
0,0.30551594
0,0.28312626
0,0.27872205
0,0.28153047
0,0.29552504
0,0.27409893
0,0.29162633
0,0.27935326
0,0.3761674
0,0.3397155
0,0.30698892
0,0.3067726
0,0.30086902
0,0.28054515
0,0.29512578
0,0.2981006
0,0.29761022
0,0.27771118
0,0.28846738
0,0.29187492
0,0.27125674
0,0.287606
0,0.27836484
0,0.29405844
0,0.29739788
0,0.3023521
0,0.32393175
0,0.29066005
0,0.26902997
0,0.26282558
0,0.24948189
0,0.22970842
0,0.23109497
0,0.22941272
0,0.22883317
0,0.23917161
0,0.24316041
0,0.24522197
0,0.30019686
0,0.29969668
0,0.2980652
0,0.28623858
0,0.28405264
0,0.2711635
0,0.2740645
0,0.28601882
0,0.27198273
0,0.25968447
0,0.2519591
0,0.25398275
0,0.27513382
0,0.2606645
0,0.26304463
0,0.26736763
0,0.26116168
0,0.28950784
0,0.29181275
0,0.27736372
0,0.2713241
0,0.2906042
0,0.28197458
0,0.29910073
0,0.31590474
0,0.29238617
0,0.30782223
0,0.3150002
0,0.29290548
0,0.27910632
0,0.27743366
0,0.29442847
0,0.2791222
0,0.27726242
0,0.27716392
0,0.27290496
0,0.2745559
0,0.290333
0,0.2707076
0,0.26927695
0,0.26802212
0,0.29367244
0,0.27833116
0,0.30034396
0,0.27788445
0,0.2714201
0,0.2653273
0,0.2626661
0,0.26771393
0,0.2880217
0,0.2689481
0,0.26927885
0,0.29080838
0,0.29712665
0,0.285193
0,0.28064427
0,0.30037427
0,0.2840832
0,0.30057892
0,0.30819103
0,0.30815333
0,0.2888981
0,0.28235874
0,0.28227472
0,0.2973481
0,0.2830747
0,0.27873644
0,0.28139576
0,0.2827085
0,0.27573887
0,0.29136065
0,0.27794382
0,0.29606166
0,0.3006433
0,0.30434734
0,0.30803692
0,0.313524
0,0.2907602
0,0.3021252
0,0.3050351
0,0.28118593
0,0.30017605
0,0.30381203
0,0.30397364
0,0.2808939
0,0.27881947
0,0.29143605
0,0.2962785
0,0.29922605
0,0.29910138
0,0.30111444
0,0.30832133
0,0.31324664
0,0.32005328
0,0.3141754
0,0.31760305
0,0.31073654
0,0.29408094
0,0.30511972
0,0.30374798
0,0.30464527
0,0.28989622
0,0.2812661
0,0.2998577
0,0.3032335
0,0.30203128
0,0.3169825
0,0.29372704
0,0.29891118
0,0.30144897
0,0.30309114
0,0.2985869
0,0.28063196
0,0.28820696
0,0.286611
0,0.28254732
0,0.27403626
0,0.25911903
0,0.25522336
0,0.27927715
0,0.29080614
0,0.29783636
0,0.27414504
0,0.3064574
0,0.29033554
0,0.27231765
0,0.29345927
0,0.29612118
0,0.2990305
0,0.3026776
0,0.30670395
0,0.36836234
0,0.31209338
0,0.3140483
0,0.3098412
0,0.27932572
0,0.29709396
0,0.29486856
0,0.27490398
0,0.2912779
0,0.28079835
0,0.29050806
0,0.29177064
0,0.2662063
0,0.2748582
0,0.27169865
0,0.261795
0,0.2536704
0,0.22340268
0,0.23376569
0,0.23649074
0,0.23269841
0,0.21584731
0,0.21717234
0,0.23113933
0,0.23238538
0,0.22844337
0,0.24701597
0,0.23868951
0,0.2631755
0,0.27679947
0,0.30014613
0,0.3062551
0,0.30670527
0,0.2835444
0,0.30007103
0,0.28097844
0,0.2981855
0,0.3015022
0,0.29143557
0,0.31139562
0,0.30976766
0,0.33111635
0,0.31945482
0,0.3108223
0,0.3071168
0,0.305093
0,0.311186
0,0.2934177
0,0.281226
0,0.2687822
0,0.2565148
0,0.23341587
0,0.22024882
0,0.21029663
0,0.20770799
0,0.19049557
0,0.19485159
0,0.19809319
0,0.19002508
0,0.2025213
0,0.20968762
0,0.20609553
0,0.20316324
0,0.18583494
0,0.19145334
0,0.18773644
0,0.20358528
0,0.21206225
0,0.20945698
0,0.23411915
0,0.24132693
0,0.2540904
0,0.25065067
0,0.2629528
0,0.27867565
0,0.2854445
0,0.2972301
0,0.3021158
0,0.30062565
0,0.30743566
0,0.2856334
0,0.30173433
0,0.31713963
0,0.32928547
0,0.31963018
0,0.3040023
0,0.80333537
0,0.67249584
0,0.56999934
0,0.48430994
0,0.4496318
0,0.37384158
0,0.31852022
0,0.25181514
0,0.17597234
0,0.16458207
0,0.1462256
0,0.15231656
0,0.1468551
0,0.13411224
0,0.13651878
0,0.13670346
0,0.13927121
0,0.13885045
0,0.13117549
0,0.13729821
0,0.12928732
0,0.13870147
0,0.13173252
0,0.13504982
0,0.14385319
0,0.13963129
0,0.14890477
0,0.16556227
0,0.16786869
0,0.19459555
0,0.31076473
0,0.3224091
0,0.34971094
0,0.31551397
0,0.31892213
0,0.3157302
0,0.30513218
0,0.29251158
0,0.29837084
0,0.30063108
0,0.28762773
0,0.30342332
0,0.30240762
0,0.3014586
0,0.2974744
0,0.2996827
0,0.3035772
0,0.29176027
0,0.28029498
0,0.27753687
0,0.2624176
0,0.252507
0,0.24014816
0,0.23731066
0,0.2305855
0,0.2383732
0,0.23838374
0,0.23912713
0,0.24732153
0,0.25129542
0,0.26413918
0,0.28086933
0,0.2963799
0,0.291979
0,0.27192155
0,0.29118353
0,0.28700894
0,0.28700066
0,0.2813265
0,0.26515406
0,0.29076642
0,0.27180418
0,0.28377557
0,0.28025997
0,0.26899308
0,0.2812046
0,0.2783432
0,0.27687225
0,0.3016331
0,0.30194092
0,0.29962078
0,0.30406427
0,0.30392644
0,0.30453488
0,0.30220854
0,0.290213
0,0.30196485
0,0.30249202
0,0.28836295
0,0.30508757
0,0.2990408
0,0.31287974
0,0.3027667
0,0.304798
0,0.29776916
0,0.28357217
0,0.2916898
0,0.2970196
0,0.2796805
0,0.29443434
0,0.27713165
0,0.28948873
0,0.29596406
0,0.2915024
0,0.29148254
0,0.26990932
0,0.28724086
0,0.2885858
0,0.29022795
0,0.2921981
0,0.283628
0,0.293657
0,0.2995581
0,0.29686525
0,0.31539336
0,0.2969313
0,0.3013595
0,0.30195132
0,0.30356047
0,0.30132928
0,0.28791168
0,0.30164132
0,0.28437644
0,0.2972356
0,0.295756
0,0.30127755
0,0.29715753
0,0.2949552
0,0.28220636
0,0.29003027
0,0.2957054
0,0.27451298
0,0.29097554
0,0.28623226
0,0.29426834
0,0.29287496
0,0.2783051
0,0.29450792
0,0.29379708
0,0.27825806
0,0.30758107
0,0.2997957
0,0.30508986
0,0.31059635
0,0.57838345
0,0.4474096
0,0.38867298
0,0.36190966
0,0.3497076
0,0.34143195
0,0.3300251
0,0.2853591
0,0.28240508
0,0.2706971
0,0.2550564
0,0.23508455
0,0.19879994
0,0.18531187
0,0.17980658
0,0.16721508
0,0.1643158
0,0.15183176
0,0.14868325
0,0.15416706
0,0.1529858
0,0.14483899
0,0.14050294
0,0.1454635
0,0.15213133
0,0.1601226
0,0.16804294
0,0.17410213
0,0.17862144
0,0.18126404
0,0.26219654
0,0.25890487
0,0.2652351
0,0.2695064
0,0.27121532
0,0.27871633
0,0.2834302
0,0.28667468
0,0.2912428
0,0.29028258
0,0.29326296
0,0.30121276
0,0.29486006
0,0.28568196
0,0.2968466
0,0.29724288
0,0.28160766
0,0.2846223
0,0.271369
0,0.2796039
0,0.28685215
0,0.37664473
0,0.32629234
0,0.2982848
0,0.30677205
0,0.29453117
0,0.30285802
0,0.3043625
0,0.287421
0,0.29037356
0,0.29607314
0,0.29513445
0,0.30121025
0,0.27711427
0,0.28765777
0,0.29309267
0,0.2961292
0,0.29395673
0,0.29449087
0,0.2946759
0,0.29906914
0,0.2824522
0,0.28719378
0,0.27783573
0,0.2727429
0,0.27191278
0,0.27419117
0,0.2737584
0,0.25486052
0,0.2653132
0,0.26269126
0,0.3036662
0,0.30535704
0,0.28637075
0,0.28114495
0,0.28835472
0,0.29317063
0,0.3043096
0,0.29544598
0,0.2755959
0,0.2887653
0,0.28757003
0,0.29243314
0,0.28916684
0,0.282696
0,0.28819844
0,0.29574686
0,0.27932557
0,0.29983178
0,0.28085035
0,0.2934791
0,0.30314773
0,0.2985101
0,0.29787835
0,0.2998052
0,0.2986016
0,0.30347005
0,0.3010796
0,0.3008469
0,0.29622012
0,0.28862286
0,0.29241246
0,0.299869
0,0.3015279
0,0.28858575
0,0.29608005
0,0.30049458
0,0.3048068
0,0.29912975
0,0.30277506
0,0.28166783
0,0.2970943
0,0.30112314
0,0.2988395
0,0.30024803
0,0.27699086
0,0.2801862
0,0.29311085
0,0.2924947
0,0.28994814
0,0.2758119
0,0.26875472
0,0.2871436
0,0.29033524
0,0.27795947
0,0.27019656
0,0.28695947
0,0.2949734
0,0.3027658
0,0.30252242
0,0.2914281
0,0.2868371
0,0.29965296
0,0.3105862
0,0.30554277
0,0.29177442
0,0.28729203
0,0.28308758
0,0.2825305
0,0.29846254
0,0.31969362
0,0.30975208
0,0.30928388
0,0.31524086
0,0.3124219
0,0.306396
0,0.30288568
0,0.3023036
0,0.30473185
0,0.304192
0,0.30401582
0,0.30342188
0,0.3038575
0,0.3150102
0,0.3079633
0,0.28906104
0,0.29548267
0,0.29521918
0,0.29569256
0,0.2932561
0,0.28987515
0,0.26753235
0,0.29219502
0,0.28274626
0,0.2977394
0,0.28804085
0,0.2684964
0,0.2818353
0,0.28287995
0,0.29249385
0,0.29934135
0,0.285053
0,0.28112772
0,0.29937935
0,0.28000447
0,0.3042685
0,0.281939
0,0.29984874
0,0.3006056
0,0.28024948
0,0.2943524
0,0.28865325
0,0.30359092
0,0.30927953
0,0.3129359
0,0.3137983
0,0.36701068
0,0.33860415
0,0.34618387
0,0.3200027
0,0.2927009
0,0.30529234
0,0.29835248
0,0.30453432
0,0.29735574
0,0.27460828
0,0.28227752
0,0.2828878
0,0.29425812
0,0.29211885
0,0.2806256
0,0.27158505
0,0.24811284
0,0.23226939
0,0.21791615
0,0.20985779
0,0.19606344
0,0.18976241
0,0.19263177
0,0.1934733
0,0.19504276
0,0.1888416
0,0.19412191
0,0.20405892
0,0.21761113
0,0.22644024
0,0.25305966
0,0.25369692
0,0.25528365
0,0.24707788
0,0.24782589
0,0.23653606
0,0.21713488
0,0.21867011
0,0.22239116
0,0.22577173
0,0.22648655
0,0.23578537
0,0.25305223
0,0.26769066
0,0.27032852
0,0.28191003
0,0.29167283
0,0.2929121
0,0.27842033
0,0.28106043
0,0.2754357
0,0.2695937
0,0.2689066
0,0.25608858
0,0.24485344
0,0.24817033
0,0.24438821
0,0.25894073
0,0.26285902
0,0.25842223
0,0.26617596
0,0.2651529
0,0.2498027
0,0.25489134
0,0.25831854
0,0.25722027
0,0.24559422
0,0.23444712
0,0.23903939
0,0.24293806
0,0.23651469
0,0.22134496
0,0.22622514
0,0.2389741
0,0.24316202
0,0.2434447
0,0.24307331
0,0.22854204
0,0.23371916
0,0.23839925
0,0.22847217
0,0.24091166
0,0.23162796
0,0.25270584
0,0.24918988
0,0.25303566
0,0.25514814
0,0.27023634
0,0.25410083
0,0.26670784
0,0.2706567
0,0.2710412
0,0.26364475
0,0.26206717
0,0.26239336
0,0.2646231
0,0.25090015
0,0.26120195
0,0.26969728
0,0.2844106
0,0.28506097
0,0.27894002
0,0.27580422
0,0.27574807
0,0.28065687
0,0.2650313
0,0.2825368
0,0.26593727
0,0.25427783
0,0.26514038
0,0.2577857
0,0.25893494
0,0.23653828
0,0.24275333
0,0.2659318
0,0.27638698
0,0.28257072
0,0.28828746
0,0.26103657
0,0.27020472
0,0.25815463
0,0.28162426
0,0.26622075
0,0.2581475
0,0.28713366
0,0.31735632
0,0.3035877
0,0.29054317
0,0.3032675
0,0.30375588
0,0.3092629
0,0.30848643
0,0.30860916
0,0.32452878
0,0.33347774
0,0.30638298
0,0.31240785
0,0.31395534
0,0.31127456
0,0.28105003
0,0.2808966
0,0.2942656
0,0.29987797
0,0.27695677
0,0.2899638
0,0.29313228
0,0.29271314
0,0.29295477
0,0.28281388
0,0.26916716
0,0.28377023
0,0.2655675
0,0.27191496
0,0.27129534
0,0.25751114
0,0.27685833
0,0.26493832
0,0.28309196
0,0.28779414
0,0.27055612
0,0.29060963
0,0.29552624
0,0.30285266
0,0.3104913
0,0.2827956
0,0.30365002
0,0.30765015
0,0.28192824
0,0.3016574
0,0.28257322
0,0.2749567
0,0.29089025
0,0.27983811
0,0.27485043
0,0.26544914
0,0.2666263
0,0.2876271
0,0.29033554
0,0.2698485
0,0.29227158
0,0.29603627
0,0.29918915
0,0.30011368
0,0.30206034
0,0.30962163
0,0.30623013
0,0.30372736
0,0.30460215
0,0.30263144
0,0.30230054
0,0.28915653
0,0.30716655
0,0.3019194
0,0.30602282
0,0.31504306
0,0.29417208
0,0.31519303
0,0.32639304
0,0.335617
0,0.33669794
0,0.32065424
0,0.31611356
0,0.30795372
0,0.29491082
0,0.2841857
0,0.2747843
0,0.26916108
0,0.2697858
0,0.2665727
0,0.28056937
0,0.26331535
0,0.2816174
0,0.30215874
0,0.29761833
0,0.27464217
0,0.27584517
0,0.41873628
0,0.33130896
0,0.29245836
0,0.2708658
0,0.24501583
0,0.23216033
0,0.21249412
0,0.26173913
0,0.22371954
0,0.2166905
0,0.21390124
0,0.21820429
0,0.22472009
0,0.21924599
0,0.23633881
0,0.20559628
0,0.17816393
0,0.17276439
0,0.16617727
0,0.16449785
0,0.15511784
0,0.16344193
0,0.16754268
0,0.16966519
0,0.17402945
0,0.17218173
0,0.17982756
0,0.19541535
0,0.19702184
0,0.20934114
0,0.24246322
0,0.26924738
0,0.287477
0,0.29057837
0,0.29379243
0,0.27216324
0,0.2886053
0,0.27176803
0,0.2704097
0,0.2856011
0,0.2681837
0,0.2807774
0,0.27106673
0,0.2867367
0,0.28999084
0,0.28736576
0,0.2898104
0,0.3163082
0,0.31101343
0,0.3301384
0,0.32772598
0,0.29683426
0,0.3073229
0,0.28946456
0,0.29920885
0,0.31471372
0,0.30613086
0,0.30371082
0,0.3019169
0,0.28122678
0,0.29260248
0,0.27949592
0,0.28645143
0,0.27131996
0,0.2946402
0,0.2987641
0,0.28479788
0,0.30029306
0,0.29913706
0,0.27969867
0,0.2742729
0,0.26399678
0,0.29653004
0,0.27496615
0,0.267099
0,0.26492298
0,0.2649218
0,0.2715077
0,0.29105246
0,0.2931152
0,0.29935095
0,0.28340414
0,0.30278096
0,0.28081778
0,0.27119222
0,0.29811445
0,0.28760633
0,0.29902232
0,0.30341575
0,0.30554038
0,0.3188841
0,0.290414
0,0.30078
0,0.27466446
0,0.29424578
0,0.2982424
0,0.30631503
0,0.30398723
0,0.28187728
0,0.30727655
0,0.30100223
0,0.27500156
0,0.30495593
0,0.27882186
0,0.2967593
0,0.30233434
0,0.2828549
0,0.27026972
0,0.2826843
0,0.27086383
0,0.28979135
0,0.2904454
0,0.28063414
0,0.29362822
0,0.3024624
0,0.30198464
0,0.28556877
0,0.26878542
0,0.3179557
0,0.30998322
0,0.3116893
0,0.3126765
0,0.29139382
0,0.31747606
0,0.29491603
0,0.30856997
0,0.30525592
0,0.29162148
0,0.303986
0,0.30418396
0,0.30519506
0,0.31052878
0,0.2887021
0,0.3119309
0,0.31015024
0,0.31772408
0,0.28885534
0,0.30720443
0,0.30608946
0,0.30603808
0,0.2831346
0,0.3122747
0,0.29993698
0,0.27809787
0,0.26583505
0,0.26502568
0,0.2761677
0,0.27661604
0,0.2738892
0,0.2945774
0,0.30920437
0,0.3076409
0,0.30730146
0,0.27765906
0,0.29268858
0,0.29531926
0,0.27547032
0,0.29347903
0,0.2808312
0,0.29222175
0,0.29966506
0,0.30318418
0,0.30218327
0,0.2878505
0,0.277943
0,0.30446592
0,0.3117998
0,0.31604105
0,0.28415155
0,0.35410196
0,0.3123939
0,0.30856273
0,0.31400812
0,0.29500607
0,0.3084185
0,0.27517822
0,0.29712912
0,0.299652
0,0.27134344
0,0.27520022
0,0.29342237
0,0.29868189
0,0.30167845
0,0.30298236
0,0.30938914
0,0.3102781
0,0.27582696
0,0.28031403
0,0.29402867
0,0.2980651
0,0.30176362
0,0.30543995
0,0.30258253
0,0.29873094
0,0.27585328
0,0.27656373
0,0.2914137
0,0.29632458
0,0.29379576
0,0.2735685
0,0.29931974
0,0.30193904
0,0.3026209
0,0.28100157
0,0.26749235
0,0.27741742
0,0.27832854
0,0.2793972
0,0.27161658
0,0.25960734
0,0.26814333
0,0.25871277
0,0.26979825
0,0.26881227
0,0.24975011
0,0.2680116
0,0.26649138
0,0.2705673
0,0.2805133
0,0.2674222
0,0.28906333
0,0.29651168
0,0.30431756
0,0.3042334
0,0.2995342
0,0.29543003
0,0.29581937
0,0.28718275
0,0.28772813
0,0.2742838
0,0.2725573
0,0.27279553
0,0.27078623
0,0.25664178
0,0.2298693
0,0.21241656
0,0.2223433
0,0.2288771
0,0.2254221
0,0.21873437
0,0.19808204
0,0.200634
0,0.18717591
0,0.1960156
0,0.19916733
0,0.18437459
0,0.19543213
0,0.19844252
0,0.1968773
0,0.19659436
0,0.18590301
0,0.19570962
0,0.20217316
0,0.20718715
0,0.21899435
0,0.2031004
0,0.21041724
0,0.2115336
0,0.2066671
0,0.21805483
0,0.20971732
0,0.2215715
0,0.22947282
0,0.24449576
0,0.24218962
0,0.23555037
0,0.22804078
0,0.2505505
0,0.256015
0,0.25773525
0,0.24370669
0,0.23922978
0,0.22827013
0,0.22901313
0,0.21652324
0,0.21850175
0,0.22418563
0,0.22751744
0,0.22406961
0,0.22717927
0,0.2239108
0,0.21590236
0,0.20156229
0,0.2120358
0,0.21983738
0,0.20191127
0,0.19559255
0,0.20741683
0,0.21029997
0,0.21109204
0,0.20040177
0,0.20272511
0,0.21789771
0,0.23260306
0,0.2264092
0,0.23391443
0,0.23205826
0,0.22895586
0,0.23227553
0,0.2424841
0,0.23191707
0,0.21844582
0,0.22954775
0,0.22304375
0,0.21591932
0,0.21095966
0,0.21494153
0,0.21437442
0,0.22539079
0,0.22311981
0,0.22798651
0,0.21820672
0,0.20447512
0,0.19289537
0,0.19576284
0,0.19105901
0,0.18717177
0,0.18648557
0,0.18411922
0,0.17997453
0,0.17856085
0,0.17397134
0,0.18208766
0,0.18160151
0,0.1826104
0,0.18582994
0,0.18665439
0,0.17423154
0,0.18075955
0,0.17215267
0,0.17636521
0,0.17774558
0,0.16961092
0,0.17850651
0,0.18249458
0,0.17961699
0,0.18045454
0,0.17292066
0,0.17850855
0,0.1840575
0,0.18223974
0,0.18217453
0,0.16924238
0,0.17732528
0,0.18134983
0,0.17399465
0,0.18481578
0,0.18050815
0,0.19212407
0,0.19534296
0,0.19771524
0,0.19957638
0,0.20122595
0,0.20712015
0,0.20759346
0,0.2119908
0,0.21590745
0,0.20575857
0,0.20472856
0,0.20253669
0,0.20334609
0,0.18812376
0,0.20224977
0,0.20323175
0,0.20668718
0,0.20654921
0,0.1904258
0,0.19902295
0,0.1848596
0,0.18741775
0,0.19934198
0,0.20265993
0,0.20506641
0,0.2071901
0,0.19325797
0,0.20088609
0,0.19769928
0,0.2056059
0,0.19145991
0,0.20467073
0,0.20964612
0,0.21910465
0,0.21667501
0,0.20214334
0,0.20469946
0,0.20820726
0,0.22638729
0,0.22806746
0,0.21992895
0,0.2373472
0,0.23733525
0,0.23870265
0,0.24325775
0,0.25044158
0,0.25046468
0,0.34417194
0,0.2716139
0,0.24859406
0,0.23114517
0,0.21928503
0,0.20511025
0,0.20488311
0,0.18116796
0,0.18817875
0,0.1876987
0,0.19062212
0,0.19686738
0,0.19066964
0,0.17389457
0,0.17617343
0,0.17527445
0,0.17175582
0,0.16390966
0,0.15270852
0,0.1470305
0,0.15460287
0,0.14539015
0,0.15208241
0,0.16136
0,0.14902908
0,0.1506041
0,0.15110137
0,0.16920358
0,0.18161549
0,0.18753877
0,0.24336182
0,0.24658544
0,0.24380425
0,0.23786668
0,0.2189195
0,0.22441408
0,0.22722104
0,0.20934968
0,0.22883804
0,0.23143774
0,0.25208044
0,0.27463195
0,0.28128886
0,0.2725134
0,0.2710506
0,0.24597232
0,0.26300383
0,0.24566415
0,0.21624413
0,0.21475534
0,0.21053949
0,0.20602083
0,0.19266954
0,0.19453332
0,0.200246
0,0.1805078
0,0.19041426
0,0.19156283
0,0.19346422
0,0.19749437
0,0.19602184
0,0.205652
0,0.20538902
0,0.20350564
0,0.20137773
0,0.1855666
0,0.1949268
0,0.20065351
0,0.19729489
0,0.18512912
0,0.18780716
0,0.19383985
0,0.21115515
0,0.2199449
0,0.2253266
0,0.21268784
0,0.22741556
0,0.23998198
0,0.2473124
0,0.3339251
0,0.2731567
0,0.27075872
0,0.26358902
0,0.25632372
0,0.24060354
0,0.23544095
0,0.24621856
0,0.25596935
0,0.25934583
0,0.25289643
0,0.23577915
0,0.22520578
0,0.20633318
0,0.20810765
0,0.20216517
0,0.18939663
0,0.18327877
0,0.17493817
0,0.16823635
0,0.16457859
0,0.15945671
0,0.1618654
0,0.16189712
0,0.16154365
0,0.15261883
0,0.16270429
0,0.16540042
0,0.16936038
0,0.16460748
0,0.1775351
0,0.18160228
0,0.17392465
0,0.18573576
0,0.20021915
0,0.20166118
0,0.20006113
0,0.20527343
0,0.226642
0,0.24913146
0,0.25944084
0,0.25858316
0,0.24130568
0,0.24765235
0,0.2474027
0,0.261197
0,0.2528462
0,0.23667118
0,0.24822672
0,0.2527016
0,0.25847402
0,0.2628134
0,0.25714073
0,0.27073944
0,0.2678946
0,0.25343943
0,0.25319865
0,0.24209447
0,0.2170993
0,0.20986193
0,0.20471571
0,0.22020182
0,0.22504184
0,0.22385947
0,0.22712864
0,0.2356646
0,0.23550646
0,0.22432114
0,0.21767114
0,0.21549053
0,0.21188703
0,0.20509571
0,0.20400386
0,0.18874009
0,0.18956697
0,0.1911506
0,0.1784151
0,0.17939088
0,0.1716389
0,0.17777354
0,0.17835784
0,0.1786094
0,0.17812485
0,0.16849631
0,0.16345717
0,0.17070787
0,0.17165829
0,0.17150824
0,0.16544768
0,0.17285593
0,0.17880851
0,0.18291791
0,0.17766958
0,0.18769804
0,0.19761612
0,0.20911929
0,0.2217871
0,0.23256655
0,0.23369612
0,0.238157
0,0.23167753
0,0.25243926
0,0.26557466
0,0.2655984
0,0.2723854
0,0.2670735
0,0.25109106
0,0.24246965
0,0.23003878
0,0.22947755
0,0.22879761
0,0.22367464
0,0.2187166
0,0.20936996
0,0.19526894
0,0.1983153
0,0.20897093
0,0.20467779
0,0.20009118
0,0.18913305
0,0.20368896
0,0.19925326
0,0.19852431
0,0.18964903
0,0.18950433
0,0.1932399
0,0.20688607
0,0.21559533
0,0.21794759
0,0.20949432
0,0.22414078
0,0.2240376
0,0.24137448
0,0.25287518
0,0.24784306
0,0.27165624
0,0.2731527
0,0.27992883
0,0.28836775
0,0.27023348
0,0.28273943
0,0.28457618
0,0.26999328
0,0.28177834
0,0.25680894
0,0.27080706
0,0.2814595
0,0.27649993
0,0.25925538
0,0.2704588
0,0.2755555
0,0.27202004
0,0.27510226
0,0.2544538
0,0.24365339
0,0.2267921
0,0.23545584
0,0.22981508
0,0.24238832
0,0.24268891
0,0.23556195
0,0.25026053
0,0.259878
0,0.26514134
0,0.26956895
0,0.26059595
0,0.29776707
0,0.27392545
0,0.29987016
0,0.30242017
0,0.27400228
0,0.28733197
0,0.28102687
0,0.28015628
0,0.26335225
0,0.2549165
0,0.26436022
0,0.25658125
0,0.23863932
0,0.23989055
0,0.23819207
0,0.2386078
0,0.23071411
0,0.21441707
0,0.20623818
0,0.19488026
0,0.18177675
0,0.16752715
0,0.17253704
0,0.17319393
0,0.1628821
0,0.15940505
0,0.16037416
0,0.16149606
0,0.17043124
0,0.1770948
0,0.18366423
0,0.2038625
0,0.2155735
0,0.22734642
0,0.2316266
0,0.22970566
0,0.23530112
0,0.24279365
0,0.27232158
0,0.27316996
0,0.26868817
0,0.29123974
0,0.3025793
0,0.3081088
0,0.29611647
0,0.27595797
0,0.3009855
0,0.3028419
0,0.310046
0,0.31203875
0,0.2899152
0,0.30019763
0,0.30839157
0,0.30847606
0,0.28256473
0,0.2769042
0,0.30678207
0,0.29742828
0,0.29952058
0,0.29924333
0,0.2774951
0,0.29481995
0,0.278316
0,0.30524915
0,0.31038022
0,0.3078507
0,0.28068995
0,0.29655212
0,0.31311366
0,0.3131716
0,0.294594
0,0.30888093
0,0.30758438
0,0.35323098
0,0.3185927
0,0.30945405
0,0.3020376
0,0.29865187
0,0.30013022
0,0.29466507
0,0.28449288
0,0.26542208
0,0.27136362
0,0.26332787
0,0.2513422
0,0.23759821
0,0.22960983
0,0.22926581
0,0.22600144
0,0.22294602
0,0.21746431
0,0.21052106
0,0.2145313
0,0.2221132
0,0.22586285
0,0.21923131
0,0.21995656
0,0.24011132
0,0.2582118
0,0.25649136
0,0.27180925
0,0.2887374
0,0.29677075
0,0.31256887
0,0.28386378
0,0.27434975
0,0.29966632
0,0.27832222
0,0.30657277
0,0.2817766
0,0.29654202
0,0.30379087
0,0.27768654
0,0.30109835
0,0.30596143
0,0.28858045
0,0.30439305
0,0.30405807
0,0.31621695
0,0.30976322
0,0.31068507
0,0.2888726
0,0.28149462
0,0.27573565
0,0.2905914
0,0.29722902
0,0.2776592
0,0.27238742
0,0.2886851
0,0.2932242
0,0.2963366
0,0.2820711
0,0.27328238
0,0.2915064
0,0.29657418
0,0.3016382
0,0.2791637
0,0.26622418
0,0.2888212
0,0.3134251
0,0.32149488
0,0.31471828
0,0.29574215
0,0.29281497
0,0.30165657
0,0.30754188
0,0.3074101
0,0.3047205
0,0.30969468
0,0.3032384
0,0.30077034
0,0.30737525
0,0.28671145
0,0.3045564
0,0.29987398
0,0.31719872
0,0.31253973
0,0.30700853
0,0.30533662
0,0.31158155
0,0.3097038
0,0.2996402
0,0.29221943
0,0.2904549
0,0.28880975
0,0.29066634
0,0.2856409
0,0.2811619
0,0.26363605
0,0.2638814
0,0.26183993
0,0.28135365
0,0.28776145
0,0.27202198
0,0.2868733
0,0.29242238
0,0.294989
0,0.29547444
0,0.2897462
0,0.2990476
0,0.3051638
0,0.29742727
0,0.2824614
0,0.27842537
0,0.29852813
0,0.29978576
0,0.28455853
0,0.29807857
0,0.28970233
0,0.31029558
0,0.31218708
0,0.31619158
0,0.31141627
0,0.31464842
0,0.28972462
0,0.31234106
0,0.2804341
0,0.34343338
0,0.30039662
0,0.29984197
0,0.2927154
0,0.27473158
0,0.26724958
0,0.2806958
0,0.28670672
0,0.28499606
0,0.28450602
0,0.28126037
0,0.274782
0,0.2695527
0,0.25759086
0,0.2529744
0,0.24028666
0,0.230382
0,0.22259109
0,0.23255481
0,0.22503522
0,0.22606963
0,0.22801301
0,0.22176467
0,0.23439339
0,0.23745519
0,0.23786566
0,0.24311584
0,0.22343728
0,0.23337395
0,0.22998093
0,0.25294414
0,0.2474029
0,0.24112894
0,0.25804764
0,0.25240397
0,0.24524526
0,0.24675666
0,0.2614696
0,0.26996607
0,0.25540662
0,0.26554817
0,0.2793071
0,0.28088954
0,0.26906043
0,0.2502092
0,0.24013254
0,0.2323872
0,0.21346727
0,0.21824403
0,0.2160369
0,0.21233776
0,0.21323195
0,0.19488315
0,0.20579635
0,0.204126
0,0.19943511
0,0.19903241
0,0.1953032
0,0.18389134
0,0.18992315
0,0.19336346
0,0.18595786
0,0.19099961
0,0.17981687
0,0.20275109
0,0.19840255
0,0.19588025
0,0.19336006
0,0.18216226
0,0.19382621
0,0.19912809
0,0.20024264
0,0.20467815
0,0.19729349
0,0.20805866
0,0.21107975
0,0.20420074
0,0.21456353
0,0.21350718
0,0.23458132
0,0.2366607
0,0.24611664
0,0.23684478
0,0.24712476
0,0.26442304
0,0.25479552
0,0.2523282
0,0.24858257
0,0.23388956
0,0.22958437
0,0.21797554
0,0.22255114
0,0.2309444
0,0.22531195
0,0.24837247
0,0.25656497
0,0.26061937
0,0.26059735
0,0.24515843
0,0.24491934
0,0.23580222
0,0.2468343
0,0.246105
0,0.23611237
0,0.22115707
0,0.21436004
0,0.22004083
0,0.24121152
0,0.24895799
0,0.23795116
0,0.2390774
0,0.237238
0,0.22722316
0,0.24138229
0,0.23855232
0,0.24506593
0,0.26417053
0,0.27091625
0,0.27163023
0,0.25011557
0,0.25369933
0,0.25371003
0,0.24193905
0,0.23575775
0,0.24500088
0,0.25166228
0,0.24826884
0,0.24120268
0,0.23350376
0,0.21133311
0,0.2148039
0,0.20798554
0,0.2198988
0,0.21069144
0,0.22189431
0,0.22551063
0,0.23258118
0,0.25009486
0,0.24574067
0,0.24196947
0,0.26229155
0,0.26610065
0,0.26395088
0,0.2675357
0,0.25798813
0,0.25018746
0,0.2588805
0,0.24557199
0,0.26204616
0,0.25540146
0,0.249836
0,0.2500213
0,0.2664889
0,0.27233413
0,0.27528012
0,0.27231514
0,0.27705246
0,0.28998896
0,0.29812753
0,0.2838671
0,0.26611173
0,0.27374706
0,0.27250415
0,0.26328823
0,0.26703238
0,0.2592056
0,0.271696
0,0.26336196
0,0.26401603
0,0.26639575
0,0.26988107
0,0.28634223
0,0.29205802
0,0.27809265
0,0.29094228
0,0.3006518
0,0.288056
0,0.2619627
0,0.24016345
0,0.23368019
0,0.22265132
0,0.21439941
0,0.21502225
0,0.21653688
0,0.21832438
0,0.21626157
0,0.2025068
0,0.208237
0,0.21304521
0,0.21173501
0,0.19857928
0,0.1974879
0,0.20551062
0,0.2074205
0,0.19992681
0,0.20525458
0,0.20166562
0,0.21041462
0,0.21446341
0,0.21383522
0,0.22061975
0,0.22539839
0,0.25152922
0,0.251052
0,0.2590395
0,0.27271348
0,0.25561056
0,0.25859037
0,0.26149765
0,0.27636334
0,0.26899028
0,0.27532408
0,0.29431322
0,0.29630274
0,0.300308
0,0.30845156
0,0.30571494
0,0.30770832
0,0.29403627
0,0.30140862
0,0.30851692
0,0.30928105
0,0.31221128
0,0.31936982
0,0.3279666
0,0.3147448
0,0.31384894
0,0.3148005
0,0.31381005
0,0.30812466
0,0.3095325
0,0.30434
0,0.2849364
0,0.28418902
0,0.29076722
0,0.28128153
0,0.2785826
0,0.27635643
0,0.2626691
0,0.25657272
0,0.24476641
0,0.23753145
0,0.23501724
0,0.2465439
0,0.25440484
0,0.2546108
0,0.2572268
0,0.25106192
0,0.25562143
0,0.25041032
0,0.26411462
0,0.27517188
0,0.26672325
0,0.27942953
0,0.2921829
0,0.30315086
0,0.29477134
0,0.2843197
0,0.27613884
0,0.75892055
0,0.547953
0,0.51672065
0,0.47879916
0,0.43429998
0,0.39283386
0,0.34787285
0,0.29895365
0,0.26186278
0,0.20074742
0,0.18118665
0,0.16699004
0,0.16206765
0,0.15308149
0,0.13913493
0,0.14266223
0,0.13169552
0,0.13874999
0,0.14083305
0,0.1310867
0,0.1388784
0,0.1398508
0,0.1402759
0,0.14361109
0,0.13715576
0,0.14351918
0,0.14940657
0,0.15413156
0,0.15860052
0,0.16272554
0,0.29517803
0,0.28429377
0,0.28955242
0,0.2765848
0,0.2743931
0,0.2949591
0,0.2936211
0,0.29665035
0,0.30144027
0,0.28907222
0,0.2981677
0,0.2960969
0,0.29758608
0,0.2977438
0,0.2954127
0,0.29827774
0,0.29504022
0,0.3013304
0,0.29721457
0,0.29393294
0,0.27542427
0,0.28938904
0,0.2948957
0,0.280549
0,0.29993582
0,0.29276547
0,0.28522995
0,0.2976246
0,0.3068897
0,0.29880595
0,0.2843745
0,0.2803863
0,0.2890148
0,0.2946356
0,0.27962223
0,0.28954852
0,0.2934889
0,0.2752596
0,0.2874453
0,0.27892137
0,0.27065518
0,0.29121783
0,0.30042705
0,0.30931118
0,0.3068641
0,0.28699717
0,0.29660368
0,0.28005543
0,0.2929353
0,0.29800612
0,0.28439176
0,0.30129224
0,0.30020946
0,0.3069425
0,0.29500762
0,0.29402557
0,0.2848956
0,0.28700745
0,0.2709531
0,0.2673336
0,0.2751438
0,0.29183543
0,0.29929256
0,0.30391473
0,0.3052334
0,0.30490553
0,0.29945987
0,0.31182182
0,0.31228948
0,0.30790085
0,0.30561858
0,0.2858975
0,0.29897532
0,0.30262345
0,0.3094414
0,0.31209102
0,0.28933227
0,0.32248285
0,0.30705476
0,0.3100615
0,0.31180295
0,0.28690606
0,0.3018343
0,0.30289546
0,0.28501314
0,0.3117167
0,0.30820724
0,0.30410877
0,0.2989987
0,0.2973118
0,0.28443894
0,0.27704558
0,0.285426
0,0.2914824
0,0.27949494
0,0.29557073
0,0.30811316
0,0.30210096
0,0.29898506
0,0.2913323
0,0.27231282
0,0.27537486
0,0.2609437
0,0.27356404
0,0.27440694
0,0.26328674
0,0.26261216
0,0.27614117
0,0.28131407
0,0.27758208
0,0.26317814
0,0.27340576
0,0.27982745
0,0.2784725
0,0.27416047
0,0.2803195
0,0.28741902
0,0.27701455
0,0.2872494
0,0.2836876
0,0.2813512
0,0.2830853
0,0.28119594
0,0.29212132
0,0.3058771
0,0.29840693
0,0.29861188
0,0.29716364
0,0.29916877
0,0.3002198
0,0.40541095
0,0.3430747
0,0.30918244
0,0.31700137
0,0.30697045
0,0.2822756
0,0.26115745
0,0.24063124
0,0.23941983
0,0.23564456
0,0.22909448
0,0.22314373
0,0.21936075
0,0.2166895
0,0.20798653
0,0.20222144
0,0.19477169
0,0.18744309
0,0.18327649
0,0.17765383
0,0.18546523
0,0.1775275
0,0.17247379
0,0.173117
0,0.16613692
0,0.16829267
0,0.1606849
0,0.16641237
0,0.17766407
0,0.1797373
0,0.19521339
0,0.19403084
0,0.19465156
0,0.19241825
0,0.19933099
0,0.19761974
0,0.20476088
0,0.210782
0,0.2148379
0,0.2243327
0,0.23456089
0,0.24838886
0,0.24792324
0,0.25583032
0,0.27019855
0,0.2743675
0,0.2878629
0,0.2944883
0,0.27297506
0,0.28986162
0,0.29347795
0,0.27843443
0,0.29110336
0,0.26713055
0,0.28496274
0,0.28986764
0,0.29700646
0,0.30174914
0,0.29941863
0,0.27948427
0,0.29647824
0,0.27633253
0,0.28878674
0,0.2987225
0,0.30195367
0,0.30198905
0,0.30477396
0,0.30194774
0,0.3114691
0,0.31023487
0,0.31856486
0,0.3117431
0,0.31504646
0,0.3200546
0,0.3063039
0,0.30445832
0,0.3149804
0,0.29412484
0,0.28653362
0,0.2784924
0,0.2911547
0,0.31408882
0,0.3214864
0,0.31565022
0,0.31093472
0,0.3049295
0,0.3042078
0,0.3040971
0,0.29213327
0,0.26256853
0,0.26043907
0,0.24681239
0,0.24970108
0,0.25690466
0,0.25211692
0,0.2459464
0,0.25467566
0,0.263038
0,0.26365018
0,0.2708548
0,0.27437466
0,0.27138558
0,0.27205068
0,0.27538162
0,0.27892035
0,0.27649933
0,0.27260804
0,0.2742431
0,0.27419314
0,0.27793294
0,0.28125483
0,0.29587093
0,0.29301643
0,0.29508585
0,0.28002235
0,0.27061436
0,0.28131923
0,0.28378633
0,0.28585783
0,0.28624755
0,0.28397807
0,0.28573054
0,0.27125022
0,0.27413177
0,0.2952277
0,0.27473435
0,0.29096246
0,0.29340762
0,0.28131604
0,0.2960513
0,0.28902176
0,0.29617968
0,0.2974558
0,0.2950917
0,0.2977802
0,0.2886984
0,0.30377504
0,0.31421798
0,0.3084505
0,0.31072572
0,0.29112804
0,0.3023482
0,0.2959909
0,0.3042289
0,0.29875752
0,0.29994085
0,0.29918817
0,0.3016324
0,0.29776266
0,0.29939756
0,0.29651585
0,0.2933646
0,0.29503113
0,0.2959654
0,0.29136005
0,0.30233705
0,0.30000246
0,0.3073097
0,0.30477035
0,0.2986575
0,0.2993391
0,0.29336625
0,0.28732532
0,0.29100168
0,0.28893623
0,0.29120412
0,0.2766058
0,0.28494224
0,0.28511542
0,0.28244546
0,0.28467783
0,0.27803478
0,0.28352377
0,0.2861143
0,0.28726855
0,0.28628334
0,0.27876094
0,0.27493936
0,0.2918019
0,0.28119698
0,0.2892827
0,0.2827305
0,0.28847125
0,0.29067597
0,0.29077196
0,0.2960143
0,0.29215613
0,0.29322487
0,0.29312882
0,0.29101893
0,0.28924397
0,0.29394448
0,0.30107883
0,0.29013938
0,0.29904565
0,0.3133197
0,0.3175924
0,0.32303715
0,0.3672124
0,0.3263136
0,0.3248756
0,0.3183624
0,0.30710763
0,0.29928622
0,0.2954914
0,0.2911907
0,0.2871392
0,0.28262854
0,0.30363095
0,0.29349533
0,0.29298815
0,0.30439433
0,0.28245983
0,0.26818272
0,0.26678082
0,0.2814672
0,0.2758525
0,0.27156714
0,0.27465603
0,0.25776914
0,0.27049977
0,0.27238467
0,0.2719786
0,0.2830636
0,0.2789238
0,0.2905684
0,0.29402632
0,0.2847516
0,0.30134428
0,0.3057944
0,0.2831294
0,0.29255038
0,0.29123437
0,0.29416242
0,0.2997104
0,0.29646733
0,0.30064058
0,0.29508606
0,0.30246338
0,0.29721478
0,0.2874367
0,0.2845724
0,0.2901866
0,0.28815225
0,0.30631322
0,0.30456346
0,0.30058372
0,0.28538665
0,0.28062993
0,0.2906381
0,0.29647776
0,0.2977529
0,0.29492202
0,0.28241855
0,0.30815363
0,0.30048138
0,0.30119488
0,0.32023272
0,0.30222726
0,0.29985544
0,0.3009353
0,0.29905275
0,0.29967454
0,0.27532578
0,0.2666911
0,0.28361928
0,0.2920868
0,0.2916459
0,0.28771746
0,0.31411403
0,0.30860677
0,0.29767138
0,0.27256653
0,0.28019834
0,0.28483197
0,0.28480068
0,0.28966114
0,0.30342805
0,0.29695112
0,0.28477195
0,0.28066748
0,0.27633435
0,0.37521487
0,0.3388969
0,0.32425144
0,0.37302423
0,0.3553268
0,0.32187796
0,0.29708523
0,0.27510557
0,0.28753066
0,0.28689444
0,0.27699047
0,0.28249672
0,0.27316433
0,0.2827147
0,0.27643386
0,0.2884615
0,0.26644564
0,0.2597425
0,0.2769983
0,0.28759044
0,0.3036824
0,0.30482298
0,0.2902872
0,0.29864463
0,0.29593965
0,0.29195252
0,0.29351348
0,0.27951443
0,0.29733098
0,0.290009
0,0.2954623
0,0.31436306
0,0.3203475
0,0.29978812
0,0.3232404
0,0.3380912
0,0.31566295
0,0.29177016
0,0.29641497
0,0.29471415
0,0.29683033
0,0.29088902
0,0.28233752
0,0.273611
0,0.25357622
0,0.25208053
0,0.26311514
0,0.25987476
0,0.26652038
0,0.27519792
0,0.2643938
0,0.29031685
0,0.29794097
0,0.2919196
0,0.2904563
0,0.29310438
0,0.28407058
0,0.27811486
0,0.27767494
0,0.27907777
0,0.29264438
0,0.29061857
0,0.28755227
0,0.2822228
0,0.30062884
0,0.348692
0,0.3363303
0,0.34050927
0,0.3259805
0,0.3225367
0,0.33593258
0,0.3133878
0,0.30012995
0,0.2889558
0,0.28073046
0,0.27627376
0,0.26213473
0,0.25704795
0,0.23639275
0,0.23750113
0,0.21514232
0,0.23672342
0,0.2321221
0,0.22553161
0,0.21523376
0,0.21267985
0,0.20722638
0,0.2074417
0,0.20424214
0,0.20419727
0,0.20625153
0,0.21195774
0,0.21859449
0,0.2180392
0,0.23182113
0,0.25634074
0,0.26854107
0,0.27637115
0,0.2773108
0,0.27480006
0,0.2779015
0,0.27343166
0,0.29305777
0,0.29140553
0,0.2894063
0,0.29606155
0,0.29516333
0,0.29195663
0,0.27488464
0,0.2702691
0,0.27916452
0,0.28463522
0,0.29540673
0,0.3051693
0,0.3144769
0,0.3157879
0,0.2966075
0,0.29290032
0,0.28962907
0,0.27871248
0,0.28361818
0,0.28057885
0,0.2829474
0,0.27912644
0,0.285254
0,0.28718674
0,0.28912565
0,0.28700355
0,0.2863776
0,0.28652006
0,0.29450783
0,0.3000463
0,0.29134268
0,0.28661293
0,0.2681153
0,0.27615634
0,0.2780298
0,0.27952224
0,0.2752256
0,0.27589077
0,0.28316617
0,0.29115424
0,0.28706974
0,0.2890033
0,0.28527078
0,0.27600944
0,0.28683254
0,0.2832584
0,0.29081964
0,0.29443395
0,0.30072612
0,0.2974479
0,0.28765982
0,0.2929305
0,0.30332994
0,0.31030482
0,0.3662012
0,0.38749284
0,0.37725294
0,0.38060164
0,0.36034137
0,0.36441052
0,0.31602436
0,0.28386217
0,0.26075098
0,0.24407214
0,0.23071328
0,0.21720572
0,0.2046213
0,0.19927421
0,0.20042463
0,0.19591129
0,0.18495871
0,0.17213683
0,0.16869514
0,0.16654682
0,0.21494415
0,0.18397436
0,0.17310868
0,0.16168411
0,0.15712209
0,0.16411829
0,0.16864166
0,0.16502517
0,0.16417037
0,0.16952875
0,0.1666419
0,0.17537884
0,0.17692508
0,0.18074888
0,0.18832463
0,0.18140757
0,0.18457228
0,0.18000035
0,0.17962253
0,0.19059739
0,0.18172003
0,0.18007454
0,0.17896722
0,0.18443695
0,0.17800893
0,0.1758236
0,0.18334396
0,0.18773603
0,0.1900165
0,0.21077375
0,0.22405212
0,0.21382451
0,0.21146403
0,0.20365888
0,0.20763756
0,0.21501997
0,0.2122628
0,0.20926541
0,0.2026281
0,0.2077551
0,0.201686
0,0.19402874
0,0.19423169
0,0.19195554
0,0.18075721
0,0.18454286
0,0.18346465
0,0.17962497
0,0.18151385
0,0.17860153
0,0.18054739
0,0.18068342
0,0.17717022
0,0.1827439
0,0.19304886
0,0.20272486
0,0.22456717
0,0.22474466
0,0.21420015
0,0.20365803
0,0.19578202
0,0.21727596
0,0.23673965
0,0.23375818
0,0.25916776
0,0.24523266
0,0.24538851
0,0.26439148
0,0.24954218
0,0.23546161
0,0.19532654
0,0.1660211
0,0.16068052
0,0.15186755
0,0.13541727
0,0.13328461
0,0.12384595
0,0.13107127
0,0.13201472
0,0.13709831
0,0.13771272
0,0.1393516
0,0.14022498
0,0.1410211
0,0.14219286
0,0.15634151
0,0.1739673
0,0.16749267
0,0.16986522
0,0.16230503
0,0.16823329
0,0.17487524
0,0.18803853
0,0.18310215
0,0.1830743
0,0.17737931
0,0.18550427
0,0.20732832
0,0.21109287
0,0.40320137
0,0.34435844
0,0.32268828
0,0.28206378
0,0.24279575
0,0.19261046
0,0.16698307
0,0.16013312
0,0.14651597
0,0.14508465
0,0.13404284
0,0.13505307
0,0.13686806
0,0.13361181
0,0.13465537
0,0.1363015
0,0.13895267
0,0.13943626
0,0.14622273
0,0.15612344
0,0.16357575
0,0.15920019
0,0.15847619
0,0.1591926
0,0.16149211
0,0.17259845
0,0.16590922
0,0.16503344
0,0.16723958
0,0.17212753
0,0.19664466
0,0.19937551
0,0.19833958
0,0.19775192
0,0.20091717
0,0.19847739
0,0.2144427
0,0.22385828
0,0.19526625
0,0.19323188
0,0.19063385
0,0.1896334
0,0.18653053
0,0.18830109
0,0.19486849
0,0.17680348
0,0.17169473
0,0.16137628
0,0.16133395
0,0.14882413
0,0.15225169
0,0.15425605
0,0.15606901
0,0.15809567
0,0.16048063
0,0.16349621
0,0.16192792
0,0.1710273
0,0.17921188
0,0.18505359
0,0.1872057
0,0.19628124
0,0.2135247
0,0.22812286
0,0.21089515
0,0.20750509
0,0.223487
0,0.25555503
0,0.23322241
0,0.22576155
0,0.20250824
0,0.19550134
0,0.19012584
0,0.19059688
0,0.19349879
0,0.17767671
0,0.16958094
0,0.16146047
0,0.14971372
0,0.15113786
0,0.14963248
0,0.14369361
0,0.14805672
0,0.15484732
0,0.16048557
0,0.16384308
0,0.17238861
0,0.18190423
0,0.18393171
0,0.1882584
0,0.18810876
0,0.20447792
0,0.22210705
0,0.2348413
0,0.25483978
0,0.2526585
0,0.2826671
0,0.29378372
0,0.29120943
0,0.29714546
0,0.28599116
0,0.28057802
0,0.30000922
0,0.29571977
0,0.2974282
0,0.28013158
0,0.29171786
0,0.2961354
0,0.2930634
0,0.2804933
0,0.27525005
0,0.2858173
0,0.26778713
0,0.28336164
0,0.29423445
0,0.2946115
0,0.29971546
0,0.27992007
0,0.29531226
0,0.30286375
0,0.30394068
0,0.30567843
0,0.3037945
0,0.30652612
0,0.31701282
0,0.3365307
0,0.31429434
0,0.31341627
0,0.3120686
0,0.2950684
0,0.28928107
0,0.29491708
0,0.30063725
0,0.3113646
0,0.32920447
0,0.30056554
0,0.28541312
0,0.27477622
0,0.28819638
0,0.29105693
0,0.28718188
0,0.27799162
0,0.26200593
0,0.26119727
0,0.28245947
0,0.29125914
0,0.26900885
0,0.28936595
0,0.28551802
0,0.29339933
0,0.31021348
0,0.2999019
0,0.3044252
0,0.30766314
0,0.3092524
0,0.31199533
0,0.32090393
0,0.31525558
0,0.31228295
0,0.31458765
0,0.30481893
0,0.307977
0,0.30066654
0,0.30612305
0,0.2957531
0,0.29969385
0,0.29900247
0,0.30164462
0,0.29892665
0,0.29874822
0,0.31211665
0,0.3150059
0,0.30044112
0,0.28578869
0,0.26415977
0,0.24861638
0,0.24357809
0,0.22827959
0,0.21811083
0,0.2107701
0,0.21326685
0,0.20176464
0,0.2021504
0,0.19353804
0,0.19833003
0,0.1955416
0,0.19294144
0,0.1874768
0,0.1968146
0,0.18748778
0,0.18547776
0,0.18307544
1,0.18204854
1,0.18108483
1,0.18464442
1,0.18844894
1,0.19636045
1,0.19694814
1,0.20141833
1,0.20662963
1,0.21227096
1,0.2343634
1,0.23988159
1,0.2530794
1,0.2629405
1,0.26419815
1,0.2857491
1,0.89685965
0,0.98604786
0,0.9637061
0,0.95303184
0,0.9307669
0,0.89104223
0,0.84169686
0,0.7709095
0,0.72537184
0,0.6884536
0,0.67234254
0,0.64387256
0,0.6164535
0,0.6049094
0,0.6055914
0,0.5854877
0,0.55870163
0,0.5174622
0,0.4314049
0,0.3831637
0,0.3227645
0,0.26589003
0,0.27404183
0,0.25885475
0,0.2551216
0,0.2534128
0,0.23849425
0,0.2633385
0,0.23538779
0,0.2190716
0,0.16655953
0,0.17026736
0,0.16861323
0,0.1963943
0,0.17094931
0,0.16054764
0,0.15450908
0,0.14819352
0,0.15385722
0,0.15741715
0,0.15384828
0,0.14526623
0,0.1442727
0,0.14238133
0,0.14533173
0,0.14603652
0,0.14733772
0,0.14361662
0,0.14271714
0,0.14789069
0,0.14824425
0,0.15408161
0,0.15820651
0,0.17025483
0,0.17808379
0,0.17961134
0,0.18082422
0,0.18178824
0,0.19097766
0,0.20163013
0,0.22190131
0,0.23946592
0,0.24578203
0,0.27894768
0,0.28874305
0,0.29217362
0,0.29933354
0,0.31940708
0,0.32377148
0,0.3366566
0,0.3312227
0,0.34327185
0,0.34038824
0,0.33433345
0,0.30734137
0,0.2916581
0,0.27305534
0,0.27722642
0,0.2544036
0,0.27382597
0,0.22882533
0,0.23303704
0,0.20664549
0,0.20050173
0,0.18860446
0,0.17691386
0,0.16820733
0,0.16052444
0,0.15738977
0,0.1553427
0,0.1569447
0,0.15720059
0,0.16885327
0,0.17422749
0,0.1659027
0,0.16005464
0,0.16066673
0,0.15462767
0,0.15661371
0,0.15229025
0,0.16023019
0,0.16576834
0,0.17588252
0,0.22706889
0,0.24219425
0,0.2554306
0,0.2934053
0,0.26064196
0,0.24455333
0,0.3725296
0,0.51838833
0,0.5724015
0,0.5191485
0,0.4625259
0,0.42726663
0,0.36624295
0,0.40693486
0,0.47350731
0,0.49838617
0,0.54052067
0,0.43904647
0,0.40130204
0,0.36974347
0,0.3717708
0,0.2788935
0,0.22745185
0,0.21213467
0,0.20359416
0,0.1808373
0,0.18230636
0,0.19048753
0,0.19310254
0,0.206624
0,0.18103722
0,0.15925238
0,0.15066859
0,0.14558873
0,0.14243338
0,0.13987724
0,0.13576521
0,0.13588674
0,0.14913692
0,0.14124654
0,0.13782413
0,0.1368661
0,0.13979249
0,0.14229769
0,0.14867541
0,0.14544067
0,0.14889833
0,0.1600826
0,0.15098011
0,0.14995702
0,0.15267986
0,0.15372242
0,0.1560146
0,0.16017526
0,0.15449499
0,0.1548532
0,0.15915334
0,0.17418051
0,0.17805602
0,0.19020253
0,0.1933206
0,0.20245175
0,0.20869187
0,0.21869221
0,0.23617788
0,0.22846414
0,0.23756345
0,0.24648012
0,0.26299763
0,0.2670621
0,0.26854765
0,0.27700582
0,0.282423
0,0.2900828
0,0.28951102
0,0.28972068
0,0.28957617
0,0.28922883
0,0.28616008
0,0.29552993
0,0.2913973
0,0.2921826
0,0.29246753
0,0.29639575
0,0.29087427
0,0.29714823
0,0.29359204
0,0.27792874
0,0.2917572
0,0.29054046
0,0.32203907
0,0.3379527
0,0.3298177
0,0.31612772
0,0.30171877
0,0.29778603
0,0.29796693
0,0.2873327
0,0.28487432
0,0.2895565
0,0.3037457
0,0.29369637
0,0.28358966
0,0.28633067
0,0.2850017
0,0.2856218
0,0.30750445
0,0.3065986
0,0.2980077
0,0.28992838
0,0.28546435
0,0.28493088
0,0.28678942
0,0.28957793
0,0.283266
0,0.29471797
0,0.2932154
0,0.28888145
0,0.28769475
0,0.35480192
0,0.31672192
0,0.30671936
0,0.29517895
0,0.29901922
0,0.3023304
0,0.29773116
0,0.32136723
0,0.33431908
0,0.31887817
0,0.32459456
0,0.32721916
0,0.31232652
0,0.31241748
0,0.30504036
0,0.28574133
0,0.2911146
0,0.27382454
0,0.24636227
0,0.22101083
0,0.20779257
0,0.20518513
0,0.19728911
0,0.18692723
0,0.18737665
0,0.18607783
0,0.19124705
0,0.1952528
0,0.19172461
0,0.18739198
0,0.19661266
0,0.20041399
0,0.20274746
0,0.20970677
0,0.21661532
0,0.22782941
0,0.22756714
0,0.23795997
0,0.2538715
0,0.2592159
0,0.26282817
0,0.38374618
0,0.3219789
0,0.30255133
0,0.3066444
0,0.31564698
0,0.30903983
0,0.3137462
0,0.29696783
0,0.2932297
0,0.30349213
0,0.2831685
0,0.27818963
0,0.2786819
0,0.2570269
0,0.24542186
0,0.24321231
0,0.224458
0,0.21106842
0,0.21310885
0,0.22310358
0,0.2009929
0,0.18869044
0,0.17739663
0,0.17000164
0,0.16194285
0,0.16039224
0,0.16738307
0,0.17504415
0,0.1813184
0,0.18315397
0,0.21493737
0,0.22499315
0,0.22684382
0,0.23568048
0,0.24929571
0,0.25661632
0,0.28357267
0,0.26995695
0,0.26857924
0,0.27425644
0,0.27932203
0,0.26999706
0,0.28189662
0,0.2723809
0,0.28136823
0,0.2813068
0,0.28822002
0,0.2945426
0,0.28260773
0,0.2797058
0,0.2871642
0,0.2725714
0,0.28230932
0,0.28859842
0,0.28439376
0,0.28092062
0,0.26987556
0,0.2784046
0,0.29578388
0,0.29454985
0,0.2855497
0,0.32888836
0,0.3057215
0,0.30597368
0,0.30224776
0,0.28781453
0,0.3013765
0,0.29168087
0,0.29043695
0,0.30045867
0,0.28994307
0,0.28822267
0,0.2866107
0,0.292889
0,0.29463497
0,0.31070724
0,0.3139793
0,0.31645447
0,0.31660518
0,0.34425327
0,0.33118576
0,0.3265778
0,0.32870266
0,0.3435147
0,0.35596478
0,0.3567609
0,0.311876
0,0.31312177
0,0.28233936
0,0.25265148
0,0.22897314
0,0.23903249
0,0.21913743
0,0.2094955
0,0.20831564
0,0.21350117
0,0.19341043
0,0.18017426
0,0.17465319
0,0.16638273
0,0.16789047
0,0.16047163
0,0.16450581
0,0.16946915
0,0.17053567
0,0.1751388
0,0.1922692
0,0.1970185
0,0.20335728
0,0.20464621
0,0.20645814
0,0.19679172
0,0.19623633
0,0.19771934
0,0.20301406
0,0.21645932
0,0.22023289
0,0.22450118
0,0.22084852
0,0.22208892
0,0.21650448
0,0.22423406
0,0.22373322
0,0.23032072
0,0.24048185
0,0.25630367
0,0.2638368
0,0.25306442
0,0.2457376
0,0.24287885
0,0.24197492
0,0.2569497
0,0.24739425
0,0.2336732
0,0.22109641
0,0.22213085
0,0.24295306
0,0.23543069
0,0.24338152
0,0.24109587
0,0.24021631
0,0.2297093
0,0.22832291
0,0.21574193
0,0.21361786
0,0.20576286
0,0.19874981
0,0.19253549
0,0.20154299
0,0.19895606
0,0.19549552
0,0.21644638
0,0.19062999
0,0.1855297
0,0.18364993
0,0.18409638
0,0.17970121
0,0.17453073
0,0.18013151
0,0.18669026
0,0.19943678
0,0.21486562
0,0.22530806
0,0.22625574
0,0.23810467
0,0.24781246
0,0.26666805
0,0.26462817
0,0.2629955
0,0.2646153
0,0.2590752
0,0.2804011
0,0.2713149
0,0.26499522
0,0.26175612
0,0.25577796
0,0.28405163
0,0.27620092
0,0.265374
0,0.26555625
0,0.26721692
0,0.29221693
0,0.29622492
0,0.2961823
0,0.2842
0,0.27785525
0,0.2793744
0,0.2564184
0,0.23888607
0,0.23619881
0,0.23983775
0,0.23731709
0,0.27024138
0,0.29301947
0,0.27919817
0,0.27497685
0,0.2583746
0,0.23815174
0,0.37435788
0,0.45893735
0,0.4434594
0,0.36300337
0,0.28757456
0,0.23200406
0,0.20163336
0,0.1808946
0,0.19176789
0,0.18233927
0,0.15566449
0,0.15133063
0,0.14340882
0,0.15705542
0,0.1696671
0,0.18179746
0,0.17817232
0,0.24069615
0,0.3160133
0,0.3694509
0,0.39991418
0,0.36409453
0,0.42171672
0,0.47260085
0,0.47342077
0,0.40559945
0,0.38731948
0,0.411218
0,0.43909872
0,0.4144162
0,0.3888636
0,0.42902496
0,0.41692194
0,0.46873572
0,0.5029938
0,0.49477297
0,0.5279316
0,0.44454047
0,0.4599753
0,0.41794473
0,0.36673856
0,0.3197356
0,0.29287386
0,0.25467148
0,0.24086562
0,0.20663993
0,0.18738547
0,0.16738328
0,0.15510601
0,0.15962318
0,0.15486062
0,0.15229018
0,0.14281932
0,0.13933171
0,0.1338108
0,0.13283269
0,0.13429275
0,0.13454136
0,0.14063792
0,0.1506346
0,0.1441313
0,0.13544463
0,0.13897784
0,0.15570581
0,0.14987993
0,0.1499248
0,0.15402834
0,0.15726943
0,0.1572849
0,0.16229418
0,0.16721706
0,0.16657136
0,0.16900939
0,0.18970685
0,0.20467575
0,0.18982677
0,0.18306124
0,0.17940289
0,0.18869177
0,0.18623456
0,0.1828938
0,0.181596
0,0.18160246
0,0.17982882
0,0.18025246
0,0.18667653
0,0.19719674
0,0.19398035
0,0.19213247
0,0.1909106
0,0.18498048
0,0.18217048
0,0.17971238
0,0.17832398
0,0.16909947
0,0.17031622
0,0.18620186
0,0.17968374
0,0.1784482
0,0.17139614
0,0.16712633
0,0.16375917
0,0.19125627
0,0.1951425
0,0.19878176
0,0.23943374
0,0.25477642
0,0.22153187
0,0.22101288
0,0.18756625
0,0.16912106
0,0.16469981
0,0.16173291
0,0.15216519
0,0.15554634
0,0.1597445
0,0.15539491
0,0.15509742
0,0.15529542
0,0.15666915
0,0.16701981
0,0.20441118
0,0.21478572
1,0.21176538
1,0.26261273
1,0.2629565
1,0.26754385
1,0.24811107
1,0.33212107
1,0.33509955
1,0.3562645
1,0.3714138
1,0.3687397
1,0.4428399
1,0.4619411
1,0.4527691
1,0.49854016
1,0.4901287
0,0.92121094
0,0.8052355
0,0.7805711
0,0.749019
0,0.67189
0,0.63472456
0,0.5688922
0,0.45016
0,0.41462892
0,0.35168087
0,0.3069468
0,0.27366006
0,0.25570926
0,0.2394465
0,0.21072434
0,0.19505268
0,0.17447096
0,0.16362795
0,0.15875429
0,0.14927863
0,0.14285547
0,0.14230882
0,0.13988698
0,0.14526257
0,0.14623341
0,0.14851
0,0.1400523
0,0.14228222
0,0.14062074
0,0.13503318
0,0.14698105
0,0.14937234
0,0.18389708
0,0.18378538
0,0.18583818
0,0.20224956
0,0.19591907
0,0.17686062
0,0.17814656
0,0.18009885
0,0.18422301
0,0.17534016
0,0.1829588
0,0.18390809
0,0.18067001
0,0.18485846
0,0.18445025
0,0.18632957
0,0.18882728
0,0.18886818
0,0.19315399
0,0.18902098
0,0.18987261
0,0.19036299
0,0.19318818
0,0.19710264
0,0.19936453
0,0.20289218
0,0.20615357
0,0.2144753
0,0.22560264
0,0.23299141
0,0.27559045
0,0.2910777
0,0.30244157
0,0.31783998
0,0.32663143
0,0.30742136
0,0.28762093
0,0.265425
0,0.23665656
0,0.20996514
0,0.20295465
0,0.20162565
0,0.22602488
0,0.25730518
0,0.22545499
0,0.24897921
0,0.22977571
0,0.21934754
0,0.27708885
0,0.30149376
0,0.25671887
0,0.22319701
0,0.20949897
0,0.213341
0,0.23283423
0,0.20627521
0,0.19284794
0,0.167782
0,0.17326964
0,0.15144636
0,0.1472344
0,0.14703175
0,0.13641809
0,0.13801695
0,0.14333731
0,0.14140908
0,0.13775106
0,0.13756701
0,0.14316238
0,0.14763567
0,0.1420329
0,0.13760288
0,0.13998985
0,0.1451356
0,0.15028535
0,0.16862896
0,0.16744336
0,0.16504261
0,0.17180522
0,0.17579821
0,0.19686487
0,0.23925912
0,0.28540152
0,0.29338005
0,0.32360384
0,0.34428093
0,0.36359662
0,0.29806128
0,0.29147872
0,0.29150105
0,0.28353372
0,0.27438253
0,0.29047176
0,0.24884622
0,0.21542165
0,0.19972026
0,0.18157598
0,0.15790658
0,0.17681055
0,0.18893218
0,0.17856617
0,0.14943092
0,0.14673473
0,0.14928582
0,0.14973535
0,0.14741829
0,0.14234284
0,0.14296433
0,0.1453736
0,0.13958658
0,0.14481331
0,0.13970993
0,0.13421923
0,0.13689408
0,0.13954245
0,0.13900392
0,0.14541951
0,0.14664276
0,0.14672893
0,0.15120767
0,0.16364603
0,0.1630998
0,0.15727419
0,0.16045162
0,0.161078
0,0.16244783
0,0.15729249
0,0.16312337
0,0.17900251
0,0.19268794
0,0.18988237
0,0.19589029
0,0.1967017
0,0.19751692
0,0.19686262
0,0.19087683
0,0.19181894
0,0.18135387
0,0.19634315
1,0.21595815
1,0.22659071
1,0.2864969
1,0.42158568
1,0.49784255
1,0.49391565
1,0.45327306
1,0.4503922
1,0.4311491
1,0.3946537
1,0.43027744
1,0.44082198
1,0.6582278
1,0.70572674
1,0.7041769
0,0.952975
0,0.92307013
0,0.92715627
0,0.9103615
0,0.88885754
0,0.81613857
0,0.8346705
0,0.8025216
0,0.7538359
0,0.7069684
0,0.719149
0,0.6331943
0,0.62518585
0,0.54739976
0,0.46160367
0,0.36889073
0,0.33435607
0,0.28883845
0,0.28342667
0,0.24213545
0,0.23126595
0,0.2094759
0,0.22614227
0,0.19153276
0,0.21697736
0,0.21248364
0,0.23790465
0,0.2233567
0,0.20076372
0,0.19383316
0,0.16326626
0,0.15279867
0,0.14683352
0,0.14511658
0,0.13864227
0,0.13958505
0,0.13774258
0,0.13924852
0,0.14191456
0,0.14153577
0,0.13770476
0,0.14699253
0,0.15997241
0,0.18253379
0,0.19381982
0,0.19052815
0,0.18564881
0,0.17443553
0,0.17447798
0,0.18016547
0,0.16822809
0,0.16878957
0,0.17010346
0,0.17112868
0,0.17514421
0,0.1690899
0,0.16286066
0,0.1533842
0,0.15750882
0,0.15393327
0,0.15162027
0,0.15275307
0,0.15869813
0,0.15477903
0,0.1775592
0,0.15845223
0,0.16191246
0,0.16721803
0,0.16699408
0,0.17020313
0,0.15961553
0,0.17022476
0,0.16927123
0,0.1829246
0,0.1769792
0,0.18619847
0,0.19771472
0,0.19795938
0,0.18943745
0,0.18114327
0,0.17798123
0,0.1771577
0,0.18054844
0,0.17995918
0,0.18113033
0,0.18921256
0,0.1825722
0,0.17965947
0,0.17254943
0,0.169861
0,0.16849527
0,0.16345614
0,0.16991475
0,0.17074516
0,0.17230022
0,0.17309052
0,0.17990607
0,0.18614122
0,0.18792094
0,0.18962204
0,0.18095712
0,0.18379071
0,0.18269806
0,0.17834534
0,0.1927281
0,0.19791551
0,0.1985985
0,0.21013212
0,0.20911987
0,0.21109542
0,0.20636015
0,0.22263719
0,0.22167161
0,0.24349687
0,0.2731086
0,0.24925911
0,0.23661493
0,0.24413645
0,0.2332196
0,0.22924305
0,0.23895305
0,0.26395914
1,0.25557685
1,0.2869743
1,0.35980615
1,0.36146665
1,0.39205864
1,0.46345514
1,0.47965375
1,0.48099634
1,0.50422764
1,0.62005913
1,0.67427117
1,0.59166527
1,0.58079106
1,0.5995271
1,0.6148362
0,0.93659717
0,0.8515025
0,0.7866658
1,0.7759302
1,0.7378266
1,0.714236
1,0.7414323
1,0.74736977
1,0.78815144
1,0.7702918
1,0.81232643
1,0.8337546
1,0.8581626
1,0.8698182
1,0.83236945
1,0.80791163
1,0.81907797
1,0.78429437
1,0.96166974
1,0.91887647
1,0.9798627
1,0.98820424
1,0.97073925
1,0.9668403
0,0.99042916
0,0.98017174
0,0.9773305
0,0.97570825
0,0.9663894
0,0.94695336
0,0.91063195
1,0.90257907
1,0.88718224
1,0.88794625
1,0.88850796
1,0.8719276
1,0.89665926
1,0.8885132
1,0.88611937
1,0.8733256
1,0.85057926
1,0.84109503
1,0.8152342
1,0.84884465
1,0.87753594
1,0.91562974
1,0.9834616
1,0.970808
1,0.96612936
1,0.95994115
1,0.92921984
1,0.9332048
1,0.9346243
1,0.92104226
1,0.925194
1,0.9439731
1,0.95129436
1,0.97965115
1,0.9639047
1,0.9637253
1,0.95610774
1,0.9680537
1,0.9614506
1,0.9565068
1,0.96014446
1,0.96093315
1,0.96416897
1,0.9649442
1,0.9597493
1,0.9830076
1,0.9725341
1,0.9698769
1,0.9734345
1,0.97244525
1,0.96817213
1,0.96572363
1,0.9636585
1,0.96311885
1,0.96799254
1,0.9843507
1,0.969999
1,0.9713852
1,0.97196335
1,0.9726718
1,0.9880237
1,0.9762353
1,0.9741007
1,0.98695236
1,0.9729473
1,0.97663003
1,0.9737176
0,0.9877113
0,0.97889453
0,0.9763452
0,0.97847646
0,0.97388357
0,0.9754946
0,0.9723692
0,0.9611758
0,0.9589118
0,0.96115625
0,0.9637084
0,0.96517235
0,0.96859175
0,0.96783763
0,0.97387105
0,0.9796352
0,0.9771364
0,0.9704149
0,0.9729796
0,0.9696318
0,0.970915
0,0.96904755
0,0.9666735
0,0.9688968
0,0.9700761
0,0.96581864
0,0.9681888
0,0.9615942
0,0.95913476
0,0.9499066
0,0.95546055
0,0.9455983
0,0.94306177
0,0.9467759
0,0.9378211
0,0.92433095
0,0.9076587
0,0.90411013
0,0.9090016
0,0.9258407
0,0.92705333
0,0.9190692
0,0.914847
0,0.9171275
0,0.92603284
0,0.92533684
0,0.9180355
0,0.9108038
0,0.92250085
0,0.92117083
0,0.90245366
0,0.88367534
0,0.89583373
0,0.88143235
0,0.8732871
0,0.89375806
0,0.89474916
0,0.90315133
0,0.8929
0,0.86996573
0,0.8701597
0,0.8314334
0,0.84091055
0,0.7846675
0,0.7791075
1,0.75645727
1,0.6910325
1,0.6448982
1,0.7212571
1,0.6963004
1,0.6631539
1,0.59867847
1,0.56719893
1,0.55541444
1,0.57538986
1,0.5721365
1,0.60358965
1,0.6020844
1,0.61312795
1,0.5972265
1,0.93001956
1,0.841438
1,0.841869
1,0.8507236
1,0.83492076
1,0.84001726
1,0.8337126
1,0.92698276
1,0.9002323
1,0.92285573
1,0.86552787
1,0.77265644
1,0.83314526
1,0.8259568
1,0.857805
1,0.79706246
1,0.6000731
1,0.7204471
1,0.7961315
1,0.87698144
0,0.9837173
0,0.94329053
0,0.9190178
1,0.8935586
1,0.8753215
1,0.81724805
1,0.7934617
1,0.7734781
1,0.7664517
1,0.75167406
1,0.69631046
1,0.67116493
1,0.67745054
1,0.5904244
1,0.7646366
1,0.802817
1,0.8393505
1,0.8129695
1,0.9814261
0,0.9944597
0,0.98309237
0,0.9761995
0,0.96905065
0,0.96905756
0,0.9698237
0,0.96669596
0,0.9655782
0,0.96837157
0,0.9605411
0,0.89643484
0,0.8171089
0,0.8181049
0,0.81083155
0,0.82880926
0,0.8153101
0,0.83018994
0,0.8383574
1,0.840406
1,0.80810547
1,0.8211703
1,0.8094757
1,0.8683792
1,0.9000814
1,0.90686625
1,0.9144845
1,0.91849554
1,0.9149605
1,0.89693403
1,0.8487574
1,0.8265625
1,0.86638945
1,0.888255
1,0.98073864
1,0.95590615
1,0.98842305
1,0.9926625
1,0.99550724
1,0.9891008
1,0.9877537
1,0.9871542
0,0.99705434
1,0.99432784
1,0.9915724
1,0.99070084
1,0.9889195
1,0.98805004
1,0.9867942
1,0.98057604
1,0.9835462
1,0.97997874
1,0.98003334
1,0.9751178
1,0.9765315
1,0.97579545
1,0.9676909
1,0.97144383
0,0.99500173
0,0.98930705
0,0.98860496
0,0.9885136
0,0.9856805
0,0.982069
0,0.98175365
0,0.98574436
0,0.97778
0,0.93092394
0,0.9482795
0,0.9560011
0,0.948181
0,0.87813437
0,0.8488185
0,0.8267764
0,0.8143599
0,0.7761578
0,0.7382524
0,0.7501761
0,0.7361101
0,0.7655217
1,0.73080534
1,0.6770363
1,0.65153646
1,0.6330167
1,0.5506145
1,0.49397558
1,0.49187553
1,0.42936748
1,0.46280292
1,0.44217998
1,0.45294717
1,0.39039767
1,0.3474844
1,0.37819663
1,0.42415097
1,0.943447
1,0.9112582
0,0.99026394
0,0.97760487
0,0.9618169
0,0.93596303
0,0.9060006
0,0.90321773
0,0.83404136
0,0.7922121
0,0.7518048
0,0.7479919
0,0.7315092
0,0.6638434
0,0.57283884
0,0.5377684
0,0.5087742
0,0.45294824
0,0.46512634
0,0.42188883
0,0.4356461
0,0.43339953
0,0.5360365
0,0.6599262
0,0.7735417
0,0.75648826
0,0.7482766
0,0.68228513
0,0.61831725
0,0.47765848
1,0.29938012
1,0.22083908
1,0.18507664
1,0.18637045
1,0.17786565
1,0.16544354
1,0.17193824
1,0.27005747
1,0.38729817
1,0.44745058
1,0.48338845
1,0.4532792
1,0.43159252
1,0.6774086
1,0.8279796
1,0.9800974
1,0.9506145
1,0.931531
1,0.9921586
1,0.9813004
0,0.99645036
0,0.99189764
0,0.9891563
0,0.98431295
0,0.9835646
0,0.9836977
0,0.9818345
0,0.97158736
0,0.9614252
0,0.9514805
0,0.9421363
0,0.929289
0,0.90346736
0,0.87698776
0,0.8576205
0,0.8737811
0,0.8126633
0,0.78038657
0,0.75780296
0,0.7580897
0,0.7829112
0,0.74846315
0,0.74509776
0,0.7129061
0,0.5420344
0,0.51057637
0,0.5838934
0,0.5234069
0,0.3750759
0,0.25706914
0,0.18827647
0,0.15869284
0,0.14608973
0,0.13651285
0,0.162033
0,0.19961233
0,0.41588566
0,0.706362
0,0.7632232
0,0.71385324
0,0.77218854
0,0.73398817
0,0.6420133
0,0.53887
0,0.48200017
0,0.47682574
0,0.40476653
0,0.36552638
0,0.35074127
1,0.31325698
1,0.36611
1,0.33586344
1,0.2765226
1,0.25233877
1,0.21062459
1,0.25068775
1,0.24791665
1,0.22792488
1,0.39123616
1,0.606321
1,0.79494447
1,0.65392756
1,0.5240655
1,0.5019026
1,0.9653615
1,0.95310503
1,0.914278
1,0.9580194
1,0.91168123
1,0.89269465
1,0.9899242
1,0.9844847
0,0.996037
0,0.9925287
0,0.99028856
0,0.98768413
0,0.98325735
0,0.98093146
0,0.9704451
0,0.96673775
0,0.962437
1,0.9619199
1,0.9618969
1,0.9784243
1,0.9600158
1,0.9688749
1,0.9695439
1,0.9699763
1,0.9715296
1,0.9666371
1,0.95671785
1,0.9563671
1,0.94635016
1,0.9450907
1,0.94338953
1,0.9496244
0,0.9928716
0,0.9776795
0,0.9731382
0,0.9567235
0,0.9163484
0,0.86237216
0,0.76997584
0,0.7026135
0,0.6890331
1,0.61688685
1,0.5550786
1,0.556177
1,0.46831435
1,0.5095545
1,0.502391
1,0.727932
1,0.8134513
1,0.831968
1,0.86164653
1,0.8679663
1,0.878702
1,0.8761383
1,0.8997861
1,0.91788787
0,0.98785573
0,0.9662601
0,0.9557952
0,0.9590173
0,0.91282356
0,0.83477664
0,0.75277054
0,0.6496673
0,0.64258957
0,0.6207546
0,0.61655724
0,0.5263959
0,0.49076077
0,0.42678592
0,0.42452395
0,0.39202657
0,0.34949124
0,0.34628898
0,0.33680582
0,0.3419103
0,0.3556973
0,0.3169788
0,0.28935796
0,0.25621465
0,0.25460264
0,0.30024132
0,0.32949868
0,0.33112428
0,0.25206935
0,0.15349007
0,0.14158322
0,0.13650239
0,0.13831158
0,0.13777988
0,0.14235958
0,0.14621888
0,0.14864856
0,0.14523704
0,0.14184193
0,0.14452907
0,0.14892417
0,0.15770106
0,0.19799237
0,0.197833
0,0.23832612
0,0.26897
0,0.33320493
0,0.32460314
0,0.31464314
0,0.28419623
0,0.25837544
0,0.25490743
0,0.22987336
0,0.20889828
0,0.1824236
0,0.17189631
0,0.15542957
0,0.14890835
0,0.14470632
0,0.14365624
0,0.13161048
0,0.1379557
0,0.1413857
0,0.14496517
0,0.14804691
0,0.15200242
0,0.14506942
0,0.1476088
0,0.14824958
0,0.15273122
0,0.13678159
0,0.14414959
0,0.14360562
0,0.14731622
0,0.14836913
0,0.14364688
0,0.1540606
0,0.16182476
0,0.15332384
0,0.16613144
0,0.15853171
0,0.16998918
0,0.16801947
0,0.17215182
0,0.18000937
0,0.17922746
0,0.1882947
0,0.18624114
0,0.18297566
0,0.19368145
0,0.18921724
0,0.1909816
0,0.21040879
0,0.20678993
0,0.21400732
0,0.21599853
0,0.21217494
0,0.21977986
0,0.22182286
0,0.2029835
0,0.19824132
0,0.20401408
0,0.21771288
0,0.24662055
0,0.21156488
0,0.18222648
0,0.1665283
0,0.15741178
0,0.1587939
0,0.15482621
0,0.14308918
0,0.13932985
0,0.14756645
0,0.15111837
0,0.14967489
0,0.14943376
0,0.14924617
0,0.14805424
0,0.15714875
0,0.15597712
0,0.15593481
0,0.15534645
0,0.16040516
0,0.16517128
0,0.17403282
0,0.2061103
0,0.22584337
0,0.22278957
0,0.20437098
0,0.2134485
0,0.20698078
0,0.19072711
0,0.18113253
0,0.1613618
0,0.1600526
0,0.155691
0,0.16375719
0,0.15832445
0,0.1501307
0,0.14968534
0,0.14966449
0,0.14286706
0,0.14988963
0,0.1553858
0,0.15040164
0,0.15364546
0,0.14529611
0,0.1402677
0,0.14817631
0,0.1448017
0,0.14433728
0,0.15474254
0,0.15416358
0,0.15550001
0,0.17434457
0,0.19923653
0,0.20900743
0,0.21639727
0,0.2409382
0,0.24114627
0,0.24852397
0,0.27139086
0,0.2559883
0,0.25776756
0,0.2846372
0,0.27016374
0,0.27152222
0,0.26410803
0,0.26351675
0,0.26004687
0,0.26425436
0,0.2766167
0,0.27538073
0,0.27866533
0,0.29003975
0,0.279169
0,0.2744377
0,0.28496137
0,0.2752149
0,0.30654877
0,0.3083223
0,0.31935766
0,0.31730652
0,0.33584467
0,0.30341068
0,0.31312954
0,0.31491753
0,0.31393832
0,0.30889228
0,0.2902296
0,0.30815017
0,0.31519446
0,0.32025427
0,0.29689586
0,0.31026384
0,0.3100933
0,0.29479802
0,0.2844867
0,0.28623685
0,0.30020434
0,0.3013281
0,0.28834525
0,0.3012012
0,0.35638955
0,0.2940227
0,0.2668799
0,0.25983056
0,0.2575897
0,0.23558585
0,0.25133795
0,0.26063642
0,0.26651162
0,0.26229858
0,0.27767876
0,0.28396904
0,0.26973888
0,0.2581208
0,0.24539147
0,0.23497549
0,0.22033446
0,0.21076877
0,0.2105172
0,0.20735136
0,0.19976428
0,0.19907495
0,0.19641146
0,0.18614952
0,0.18116102
0,0.16229638
0,0.1677071
0,0.16972001
0,0.16985044
0,0.1684554
0,0.16707078
0,0.15438879
0,0.15323052
0,0.16183858
0,0.16185789
0,0.16339818
0,0.15626025
0,0.16739215
0,0.17585622
0,0.17910789
0,0.17938429
0,0.17476882
0,0.18801484
0,0.19487445
0,0.19986263
0,0.20249201
0,0.19433936
0,0.21351966
0,0.21106516
0,0.21924394
0,0.22916162
0,0.23132488
0,0.26249322
0,0.27738547
0,0.27070996
0,0.26581264
0,0.2745373
0,0.26436782
0,0.2584569
0,0.24286102
0,0.21692182
0,0.20424911
0,0.21919863
0,0.21207614
0,0.21153203
0,0.21830012
0,0.21050557
0,0.22701918
0,0.23624931
0,0.24433282
0,0.23760237
0,0.24585024
0,0.24107763
0,0.2614262
0,0.2640191
0,0.2639074
0,0.2595804
0,0.25416344
0,0.25986302
0,0.24968676
0,0.2489138
0,0.26382595
0,0.25556278
0,0.25949198
0,0.2878844
0,0.2934013
0,0.32916912
0,0.3031995
0,0.2854863
0,0.30479836
0,0.30730352
0,0.31147885
0,0.28972843
0,0.3139535
0,0.31131098
0,0.31522602
0,0.3191104
0,0.30381998
0,0.30497393
0,0.30470902
0,0.27678546
0,0.29861793
0,0.29646173
0,0.276609
0,0.2966617
0,0.31337592
0,0.30179334
0,0.29426384
0,0.28045902
0,0.25848004
0,0.22785804
0,0.22361922
0,0.22182319
0,0.22080174
0,0.2135076
0,0.20887202
0,0.19759797
0,0.18641514
0,0.18664466
0,0.1972791
0,0.20890203
0,0.21819083
0,0.21415712
0,0.20511547
0,0.21666916
0,0.22542796
0,0.22534603
0,0.20569083
0,0.19384816
0,0.19515604
0,0.20102239
0,0.19800027
0,0.20419365
0,0.2036195
0,0.2149018
0,0.23240454
0,0.24862105
0,0.26549938
0,0.25735053
0,0.25153658
0,0.27325603
0,0.300486
0,0.29928723
0,0.28644645
0,0.3086559
0,0.28520533
0,0.29302207
0,0.29289785
0,0.29100552
0,0.29472297
0,0.30885014
0,0.28983542
0,0.31588537
0,0.3130255
0,0.31665695
0,0.31447548
0,0.32112917
0,0.30931193
0,0.2975373
0,0.27841952
0,0.27192393
0,0.26195723
0,0.24069124
0,0.22024833
0,0.19894724
0,0.1922681
0,0.19889861
0,0.19229984
0,0.19836713
0,0.19347724
0,0.20799261
0,0.21674095
0,0.22165409
0,0.22617306
0,0.21775621
0,0.22925408
0,0.23303112
0,0.2349953
0,0.23989826
0,0.23439607
0,0.2469836
0,0.2416083
0,0.2500636
0,0.2426673
0,0.25074068
0,0.26786372
0,0.27580455
0,0.29010883
0,0.30536315
0,0.30170187
0,0.29158255
0,0.29744187
0,0.3030771
0,0.30306086
0,0.2941866
0,0.2793576
0,0.27335688
0,0.25893545
0,0.2483284
0,0.25047544
0,0.25371048
0,0.25199383
0,0.25617862
0,0.2613587
0,0.25607336
0,0.2884624
0,0.26171392
0,0.26732653
0,0.2732999
0,0.26266116
0,0.24761961
0,0.25148433
0,0.24433336
0,0.23462467
0,0.22379242
0,0.2236022
0,0.2444125
0,0.25730434
0,0.2658354
0,0.27025524
0,0.25780442
0,0.2721752
0,0.29314983
0,0.29178593
0,0.29348683
0,0.30326265
0,0.29414043
0,0.29109558
0,0.27501822
0,0.28621945
0,0.2681423
0,0.29177693
0,0.27155003
0,0.28926864
0,0.29486233
0,0.2992531
0,0.30774206
0,0.30546346
0,0.30382416
0,0.30469698
0,0.3066908
0,0.31115875
0,0.3056281
0,0.30456677
0,0.32100698
0,0.30226162
0,0.30082238
0,0.29585126
0,0.28397116
0,0.2781814
0,0.2568835
0,0.2326991
0,0.25281218
0,0.24993832
0,0.24557059
1,0.24730742
1,0.23072515
1,0.22025864
1,0.20928624
1,0.20596221
1,0.20048879
1,0.19268973
1,0.20533791
1,0.20119222
1,0.21899152
1,0.22426601
1,0.22653878
1,0.21002169
1,0.2057689
1,0.19647352
1,0.9371712
0,0.99410677
0,0.97876763
0,0.96301687
0,0.93772644
0,0.90472114
0,0.87412083
0,0.8144412
0,0.7912666
0,0.7583637
0,0.7136662
0,0.6934266
0,0.6325848
0,0.7027128
0,0.61539245
0,0.606812
0,0.5863364
0,0.5328462
0,0.4694688
0,0.4605497
0,0.3694906
0,0.37539345
0,0.3538867
0,0.35982588
0,0.34153885
0,0.34569725
0,0.33446983
0,0.3241065
0,0.30446145
0,0.26822492
0,0.1489819
0,0.15583995
0,0.15531605
0,0.15779409
0,0.15473177
0,0.15689218
0,0.15022968
0,0.14357595
0,0.14820316
0,0.15414074
0,0.15406817
0,0.15446094
0,0.14519115
0,0.15605661
0,0.1611991
0,0.1578799
0,0.16424572
0,0.15768437
0,0.17088903
0,0.18236902
0,0.21515109
0,0.22868952
0,0.2702932
0,0.26965252
0,0.29230672
0,0.3343494
0,0.32620677
0,0.38284212
0,0.38832065
0,0.40611437
0,0.36052424
0,0.3690914
0,0.3141152
0,0.28795862
0,0.30336192
0,0.2458701
0,0.22712173
0,0.21109082
0,0.19985065
0,0.20228495
0,0.20104833
0,0.20455953
0,0.23267174
0,0.2404646
0,0.24033302
0,0.24750951
0,0.26534292
0,0.27481574
0,0.32139426
0,0.3353399
0,0.38703135
0,0.38478386
0,0.3164427
0,0.31413895
0,0.32711405
0,0.35237443
0,0.4056358
0,0.3569928
0,0.3232241
0,0.29849023
0,0.27415022
0,0.24262431
0,0.22268811
0,0.2156051
0,0.21333964
0,0.21797793
0,0.19937776
0,0.19919525
0,0.19962913
0,0.1936727
0,0.19392997
0,0.20892371
0,0.21645772
0,0.2198928
0,0.20013477
0,0.2108517
0,0.24882223
0,0.27234086
0,0.298024
0,0.38888478
0,0.31908545
0,0.29845858
0,0.3359948
0,0.44297072
0,0.5156822
0,0.56610227
0,0.5141871
0,0.5371653
0,0.46607977
0,0.41635823
0,0.35398418
0,0.31464025
0,0.32138938
0,0.3035177
0,0.32574037
0,0.24753422
0,0.22243585
0,0.20007998
0,0.1805859
0,0.15388769
0,0.1485429
0,0.15014152
0,0.14544038
0,0.1346695
0,0.13696316
0,0.14469843
0,0.1498398
0,0.15254912
0,0.14941141
0,0.15022646
0,0.1564704
0,0.14747436
0,0.14501962
0,0.14502211
0,0.14561287
0,0.15018953
0,0.15903239
0,0.15991431
0,0.1595707
0,0.14677086
0,0.1552585
0,0.15594175
0,0.16219221
0,0.16618699
0,0.17240362
0,0.15872817
0,0.15882225
0,0.1605594
0,0.16041896
0,0.16162214
0,0.15467265
0,0.15768757
0,0.1596339
0,0.16192022
0,0.16074158
0,0.1596052
0,0.16120332
0,0.17211805
0,0.1802105
0,0.18043998
0,0.16899772
0,0.16919892
0,0.17853044
0,0.18469238
0,0.18733636
0,0.18185315
0,0.1880184
0,0.19529578
0,0.19555594
0,0.19657236
0,0.18833403
0,0.19294192
0,0.19298357
0,0.19882835
0,0.19243026
0,0.19262408
0,0.19168907
0,0.18821737
0,0.1816482
0,0.17491357
0,0.17675473
0,0.18534446
0,0.1819091
0,0.18777715
0,0.18951863
0,0.18875067
0,0.19688801
0,0.20163646
0,0.21961708
0,0.22580847
0,0.23741947
0,0.29505214
0,0.35256293
0,0.34268367
0,0.40149257
0,0.43817037
0,0.34861124
0,0.291838
0,0.24606112
0,0.21657732
0,0.23098022
0,0.21685362
0,0.21067384
0,0.2050805
0,0.22811036
0,0.29062068
0,0.26721835
0,0.23381823
0,0.1918196
0,0.17586657
0,0.16435015
0,0.15152676
0,0.14823711
0,0.13849206
0,0.13900626
0,0.13783774
0,0.1305671
0,0.13298874
0,0.12776257
0,0.20610389
0,0.15707985
0,0.15589868
0,0.15424018
0,0.1530135
0,0.1521046
0,0.14936954
0,0.13975687
0,0.1337576
0,0.14746012
0,0.14787173
0,0.14875172
0,0.1520366
0,0.14144586
0,0.14947522
0,0.15889186
0,0.17074205
0,0.17293163
0,0.169274
0,0.18566874
0,0.19760643
0,0.19033733
0,0.19100183
0,0.1890645
0,0.19674195
0,0.1959214
0,0.19232972
0,0.18797123
0,0.17791033
0,0.19086777
0,0.20130011
0,0.19792163
0,0.20097905
0,0.18551216
0,0.19177203
0,0.18299659
0,0.16182043
0,0.16777362
0,0.16718858
0,0.16571428
0,0.16546461
0,0.15426326
0,0.1574252
0,0.15229462
0,0.16770025
0,0.16196209
0,0.15668817
0,0.1681448
0,0.16927116
0,0.17333329
0,0.15768133
0,0.1651135
0,0.16951546
0,0.17337114
0,0.16333245
0,0.17420541
0,0.16761386
0,0.17035677
0,0.20040593
0,0.19952497
0,0.19958277
0,0.18625635
0,0.19581014
0,0.19582225
0,0.19141357
0,0.19123626
0,0.19308475
0,0.18334816
0,0.19384424
0,0.19693477
0,0.20004249
0,0.20078285
0,0.22575864
0,0.20979919
0,0.21388519
0,0.26094148
0,0.24216239
0,0.23422989
0,0.22815749
0,0.22068283
0,0.20579703
0,0.20460834
0,0.20201118
0,0.19064161
0,0.17762028
0,0.17296992
0,0.15943304
0,0.15588409
0,0.15598032
0,0.1552749
0,0.15974122
0,0.15641333
0,0.15883416
0,0.15120819
0,0.13571773
0,0.14508355
0,0.14434534
0,0.14678282
0,0.14774002
0,0.15541035
0,0.14295796
0,0.15853712
0,0.1629313
0,0.16270308
0,0.16503923
0,0.15162127
0,0.16082583
0,0.17174624
0,0.173167
0,0.16505007
0,0.16112146
0,0.16897713
0,0.17659551
0,0.19043076
0,0.19092466
0,0.1691118
0,0.17422874
0,0.16794237
0,0.16494475
0,0.17544584
0,0.1729325
0,0.18914834
0,0.18637171
0,0.1868212
0,0.18998042
0,0.176951
0,0.18054962
0,0.18770085
0,0.19043483
0,0.221564
0,0.2159008
0,0.20598371
0,0.19792621
0,0.19522336
0,0.19758148
0,0.18542849
0,0.18302985
0,0.18026115
0,0.17607373
0,0.17458433
0,0.17001438
0,0.16910245
0,0.17031884
0,0.16818088
0,0.16169807
0,0.16721438
0,0.1691841
0,0.16905746
0,0.17372829
0,0.19444078
0,0.17039244
0,0.17755587
0,0.17644082
0,0.18406802
0,0.17372665
0,0.17334965
0,0.16132855
0,0.14995632
0,0.15972963
0,0.1605186
0,0.15645964
0,0.14958136
0,0.15490113
0,0.15628977
0,0.15619873
0,0.15585627
0,0.15180801
0,0.15759085
0,0.16364825
0,0.16873144
0,0.16891913
0,0.16971326
0,0.16835856
0,0.1749488
0,0.18184981
0,0.1843494
0,0.18288119
0,0.18459289
0,0.17632039
0,0.19091535
0,0.18660326
0,0.19629844
0,0.20577092
0,0.21523288
0,0.22867905
0,0.22309427
0,0.21496905
0,0.21120518
0,0.19530798
0,0.19907908
0,0.20171261
0,0.19581866
0,0.20167759
0,0.20327622
0,0.19755745
0,0.22470936
0,0.25530002
0,0.308057
0,0.28393286
0,0.24846233
0,0.21693903
0,0.20559308
0,0.17349644
0,0.1674062
0,0.14694913
0,0.1469288
0,0.15232527
0,0.14245236
0,0.14559145
0,0.1340481
0,0.14209168
0,0.13909605
0,0.13504967
0,0.14733095
0,0.15760438
0,0.1614675
0,0.16621312
0,0.14969791
0,0.15972906
0,0.15774406
0,0.15162623
0,0.15727484
0,0.16068357
0,0.16816778
0,0.16368225
0,0.17191136
0,0.17869848
0,0.18430625
0,0.17302345
0,0.19065732
0,0.18863979
0,0.19048968
0,0.1726103
0,0.17284258
0,0.18161052
0,0.17772429
0,0.18601613
0,0.18595377
0,0.16902357
0,0.1821923
0,0.17843331
0,0.17913894
0,0.17569296
0,0.1691633
0,0.18054877
0,0.19091502
0,0.1917953
0,0.1933629
0,0.18657619
0,0.18697993
0,0.19277349
0,0.19969462
0,0.20042141
0,0.18492486
0,0.18785793
0,0.18147099
0,0.19589508
0,0.19090779
0,0.16132341
0,0.155584
0,0.16115555
0,0.16461994
0,0.17739198
0,0.19190054
0,0.18937142
0,0.22975555
0,0.23205239
0,0.26137897
0,0.35246396
0,0.3838859
0,0.3664874
0,0.32960367
0,0.33985007
0,0.32956618
0,0.40501538
0,0.58863723
0,0.5462109
0,0.5176934
0,0.44862214
0,0.42096445
0,0.4503333
0,0.4692218
0,0.44230255
0,0.44133496
0,0.45981827
0,0.46426082
0,0.44266376
0,0.5122224
0,0.48079923
0,0.51063293
0,0.5403646
0,0.46129367
0,0.4836159
0,0.46512538
0,0.46413404
0,0.4199115
0,0.35879678
0,0.34795117
0,0.34940678
0,0.3542448
0,0.37633324
0,0.3545173
0,0.35586905
1,0.41524822
1,0.3956157
1,0.40495032
1,0.49856648
1,0.7284087
1,0.65837944
1,0.62736475
1,0.5951841
1,0.57322645
1,0.5458145
1,0.5225388
1,0.51739776
1,0.5174781
1,0.52854
1,0.50621843
1,0.95182866
1,0.85970956
0,0.9863255
0,0.953355
0,0.9396412
0,0.9358267
0,0.9179349
0,0.8866243
0,0.8570193
0,0.8336295
0,0.8074973
0,0.79390454
0,0.7677884
0,0.7427161
0,0.7342961
0,0.73753893
0,0.7819369
0,0.80773085
0,0.7114558
0,0.6122565
0,0.62395066
0,0.6189306
0,0.6001659
0,0.6270758
0,0.6426869
0,0.6472024
0,0.72596043
0,0.6782702
0,0.62479293
0,0.49644583
0,0.31295288
0,0.26933268
0,0.21679364
0,0.1945899
0,0.18102148
0,0.16518804
0,0.15636681
0,0.17492202
0,0.1641077
0,0.15319204
0,0.148488
0,0.1361408
0,0.14093797
0,0.13574156
0,0.13481744
0,0.13669167
0,0.13624087
0,0.13668355
0,0.16307361
0,0.17438878
0,0.17819013
0,0.18703318
0,0.1840265
0,0.20960754
0,0.21354148
0,0.21132214
0,0.2215706
0,0.2137151
0,0.20048407
0,0.22448777
0,0.2076693
0,0.19296071
0,0.24305542
0,0.31418192
0,0.38512424
0,0.4041936
0,0.410966
0,0.36250252
0,0.29383895
0,0.25834298
0,0.2456192
0,0.22360703
0,0.22533335
0,0.22663549
0,0.23136528
0,0.2588104
0,0.28010413
0,0.2947645
0,0.23784505
0,0.20889795
0,0.1908907
0,0.17281482
0,0.16788794
0,0.15358296
0,0.15956894
0,0.1507904
0,0.14421706
0,0.134795
0,0.13636775
0,0.12939559
0,0.13255037
0,0.12399659
0,0.13208711
0,0.14094384
0,0.14492184
0,0.15294018
0,0.16070698
0,0.16336736
0,0.15854803
0,0.14994887
0,0.20832177
0,0.18226953
0,0.17195018
0,0.16595204
0,0.15958339
0,0.18170632
0,0.17178372
0,0.1755968
0,0.16798721
0,0.15954861
0,0.16254367
0,0.17326723
0,0.16540825
0,0.166631
0,0.15918782
0,0.15442462
0,0.15606283
0,0.15509008
0,0.15621129
0,0.1589097
0,0.166325
0,0.1720416
0,0.15763022
0,0.16172984
0,0.16454478
0,0.16684112
0,0.18208426
0,0.17603937
0,0.18109438
0,0.16504942
0,0.17384851
0,0.1858524
0,0.17988633
0,0.1843862
0,0.18723492
0,0.17851016
0,0.19165908
0,0.19671176
0,0.18645573
0,0.19413742
0,0.17955245
0,0.1890959
0,0.19390343
0,0.19530432
0,0.19572315
0,0.19223514
0,0.19115214
0,0.20273344
0,0.20616186
0,0.20608172
0,0.20159563
0,0.24987075
0,0.2386194
0,0.22167595
0,0.22685045
0,0.21646385
0,0.22933853
0,0.22789608
0,0.26822132
0,0.25086522
0,0.28155875
0,0.36421642
0,0.35595238
0,0.3441471
0,0.36468235
0,0.33074495
0,0.2870958
0,0.25389826
0,0.24376944
0,0.24621123
0,0.20689763
0,0.22601058
0,0.21313411
0,0.21831474
0,0.2278248
0,0.2417052
0,0.24750735
0,0.3161138
0,0.3159928
0,0.30902237
0,0.29812494
0,0.3015959
0,0.28558493
0,0.27567357
0,0.2454267
0,0.19325797
0,0.17847288
0,0.16776067
0,0.15793714
0,0.15367553
0,0.1532549
0,0.14685684
0,0.14063874
0,0.13561423
0,0.14570187
0,0.14836822
0,0.13741207
0,0.14491709
0,0.14215778
0,0.14376156
0,0.1385361
0,0.13560003
0,0.1379426
0,0.13998571
0,0.14428908
0,0.15151653
0,0.15129776
0,0.15790357
0,0.16762592
0,0.1777031
0,0.20188737
0,0.21194413
0,0.20316146
0,0.20030113
0,0.20342486
0,0.2043719
0,0.2295053
0,0.26408374
0,0.2550475
0,0.26223698
0,0.25035778
0,0.3143819
0,0.39387107
0,0.44447455
0,0.43998668
0,0.43872836
0,0.48348537
0,0.43127507
0,0.39868706
0,0.37518454
0,0.3904506
0,0.41980648
0,0.42794096
0,0.4853753
0,0.48181227
0,0.4963891
0,0.49580023
0,0.44464138
0,0.46846515
0,0.5203376
0,0.45995557
0,0.42265707
0,0.39457467
0,0.42651185
0,0.43575978
0,0.4144743
0,0.34535524
0,0.33195564
0,0.32786998
0,0.2906685
0,0.3760087
0,0.3882439
0,0.33062378
0,0.2928329
0,0.2693818
0,0.26300296
0,0.24414103
0,0.19508095
0,0.17682886
0,0.17126994
0,0.16637662
0,0.16353126
0,0.15463252
0,0.14777075
0,0.13699314
0,0.13904405
0,0.13782862
0,0.1424195
0,0.14368288
0,0.15882097
0,0.16153781
0,0.16119078
0,0.16430615
0,0.15112485
0,0.15556113
0,0.1534355
0,0.14631557
0,0.1400389
0,0.13067721
0,0.13812183
0,0.13863237
0,0.14589344
0,0.15011585
0,0.14862077
0,0.15543932
0,0.1474164
0,0.15603472
0,0.15754956
0,0.16471304
0,0.17150323
0,0.17570512
0,0.21034011
0,0.19177057
0,0.18651989
0,0.18591937
0,0.1804074
0,0.1681529
0,0.17653908
0,0.18335474
0,0.19252568
0,0.21484001
0,0.21929842
0,0.2879694
0,0.2856452
0,0.28565744
0,0.35249308
0,0.42100808
0,0.49360335
0,0.543067
0,0.5736797
0,0.60668266
0,0.59761703
0,0.62702954
0,0.5741173
0,0.49325866
0,0.45207593
0,0.49112022
0,0.49183002
0,0.5553069
0,0.53662586
0,0.43023372
0,0.38494128
0,0.36221054
0,0.32911634
0,0.323423
0,0.27176726
0,0.24351276
0,0.20272948
0,0.19147174
0,0.18302944
0,0.18173249
0,0.16914383
0,0.14605501
0,0.14142136
0,0.14118987
0,0.14262813
0,0.13365284
0,0.13863005
0,0.1366934
0,0.14935113
0,0.15314528
0,0.14776757
0,0.14630537
0,0.15255076
0,0.14481805
0,0.14426431
0,0.14238624
0,0.13631283
0,0.13841477
0,0.14858453
0,0.14094678
0,0.14306408
0,0.14805327
0,0.15486601
0,0.17408855
0,0.17931584
0,0.18672237
0,0.20449157
0,0.2188233
0,0.2141683
0,0.21531239
0,0.22611707
0,0.23118348
0,0.23263337
0,0.23606437
0,0.23091103
0,0.24093162
0,0.24346332
0,0.2718575
0,0.30350354
0,0.3096199
0,0.31380582
0,0.30785283
0,0.32258397
0,0.31980786
0,0.3234391
0,0.32509938
0,0.3130573
0,0.28784218
0,0.2727633
0,0.24375626
0,0.21433467
0,0.20734769
0,0.1894773
0,0.19912094
0,0.20550644
0,0.20258506
0,0.2010688
0,0.20164336
0,0.19583258
0,0.19282946
0,0.18283266
0,0.19413245
0,0.19239047
0,0.19184339
0,0.19725168
0,0.18051308
0,0.18751287
0,0.19091715
0,0.1875104
0,0.19922195
0,0.19472773
0,0.20298135
0,0.21354537
0,0.212462
0,0.22893643
0,0.23291925
0,0.24906571
0,0.24950887
0,0.25947347
0,0.25581282
0,0.23872104
0,0.2481521
0,0.2488431
0,0.23961101
0,0.25509134
0,0.24908143
0,0.26203376
0,0.2700654
0,0.27108893
0,0.27903852
0,0.24703752
0,0.2547363
0,0.27207282
0,0.26877555
0,0.2690072
0,0.24507128
0,0.23839457
0,0.22622974
0,0.21425334
0,0.19924195
0,0.20461199
0,0.18778355
0,0.19431888
0,0.1952277
0,0.19874705
0,0.19716631
0,0.18359154
0,0.18637596
0,0.21036287
0,0.22124636
0,0.19991
0,0.20689636
0,0.18839522
0,0.20246044
0,0.19200638
0,0.18673179
0,0.18858367
0,0.19892865
0,0.20543212
0,0.20809563
0,0.20629635
0,0.2096167
0,0.20769586
0,0.20970404
0,0.19827536
0,0.20816603
0,0.20100531
0,0.21440454
0,0.22187603
0,0.21585071
0,0.20110859
0,0.2065689
0,0.21866031
0,0.21610181
0,0.20289928
0,0.21349901
0,0.20864062
0,0.2137154
0,0.22093722
0,0.21365562
0,0.22012587
0,0.20965067
0,0.21592869
0,0.21884294
0,0.2059833
0,0.21462692
0,0.21016425
0,0.2200088
0,0.23392789
0,0.24342932
0,0.22781655
0,0.23408486
0,0.21461396
0,0.22367665
0,0.21298353
0,0.21174203
0,0.20868541
0,0.20180401
0,0.2025718
0,0.21585828
0,0.21529667
0,0.22639243
0,0.21462774
0,0.22565414
0,0.22412434
0,0.22960857
0,0.22599827
0,0.2196289
0,0.23135439
0,0.22828904
0,0.22444631
0,0.22951998
0,0.22404715
0,0.23796283
0,0.24396518
0,0.2599913
0,0.26212206
0,0.2653887
0,0.2711076
0,0.27394187
0,0.2575079
0,0.24297008
0,0.2239432
0,0.22316156
0,0.21439724
0,0.2046349
0,0.18691199
0,0.18845598
0,0.18664922
0,0.19154616
0,0.17497206
0,0.18250759
0,0.17056228
0,0.17717168
0,0.16859268
0,0.16443868
0,0.17193739
0,0.17766145
0,0.17024675
0,0.18622886
0,0.18921696
0,0.1806813
0,0.18266213
0,0.1916867
0,0.20683506
0,0.21968968
0,0.23065183
0,0.23132497
0,0.23718143
0,0.24640052
0,0.2592637
0,0.29118955
0,0.3054394
0,0.28729248
0,0.30414045
0,0.30939913
0,0.31824312
0,0.31648412
0,0.3234407
0,0.3274676
0,0.3141585
0,0.32703975
0,0.31465086
0,0.31567374
0,0.30893803
0,0.27824396
0,0.26663646
0,0.29812256
0,0.27812868
0,0.28272313
0,0.27437544
0,0.24560225
0,0.22728713
0,0.20996043
0,0.20744418
0,0.20048244
0,0.2034036
0,0.19434425
0,0.19354206
0,0.17229788
0,0.17969443
0,0.17271195
0,0.17948087
0,0.17133513
0,0.17518976
0,0.17321697
0,0.18888275
0,0.19666222
0,0.2080634
0,0.19494349
0,0.21302292
0,0.22278729
0,0.22790332
0,0.22860046
0,0.21753228
0,0.23116495
0,0.2266603
0,0.23205137
0,0.23573169
0,0.22205639
0,0.22181174
0,0.23265536
0,0.24119747
0,0.23273815
0,0.24700461
0,0.24307849
0,0.27351323
0,0.2802622
0,0.27707243
0,0.25579926
0,0.24939746
0,0.23389974
0,0.21263349
0,0.20328946
0,0.21553221
0,0.21906286
0,0.21685731
0,0.20347536
0,0.2153861
0,0.21452868
0,0.2147205
0,0.21531041
0,0.23514345
0,0.24754193
0,0.24816348
0,0.24632935
0,0.26405784
0,0.26610425
0,0.25962824
0,0.24155386
0,0.2507008
0,0.25766274
0,0.26568624
0,0.26470625
0,0.25373116
0,0.24744673
0,0.25994927
0,0.2780543
0,0.28442702
0,0.2952153
0,0.27627656
0,0.29795095
0,0.2907402
0,0.29063696
0,0.28827882
0,0.30597055
0,0.304124
0,0.29651266
0,0.29752514
0,0.2765719
0,0.2844271
0,0.2592262
0,0.26842713
0,0.28927132
0,0.29441106
0,0.28352037
0,0.28053352
0,0.28329512
0,0.27897838
0,0.2505961
0,0.25207335
0,0.259521
0,0.26040828
0,0.2629978
0,0.2504252
0,0.22198899
0,0.21969531
0,0.23516163
0,0.22390682
0,0.24771862
0,0.25526452
0,0.24906369
0,0.26329204
0,0.2773138
0,0.2623669
0,0.27852023
0,0.26428512
0,0.28228176
0,0.28421742
0,0.2622971
0,0.28424013
0,0.25620288
0,0.27865946
0,0.28903782
0,0.27337858
0,0.26861954
0,0.27854523
0,0.26940158
0,0.2989599
0,0.32918552
0,0.307647
0,0.31006107
0,0.28570482
0,0.31913394
0,0.32513756
0,0.32942858
0,0.33222598
0,0.3406532
0,0.31861356
0,0.29815426
0,0.29262975
0,0.7544823
0,0.6451751
0,0.6569412
0,0.61085486
0,0.5554867
0,0.46157497
0,0.41818193
0,0.39502183
0,0.46705317
0,0.3947888
0,0.34365577
0,0.2704151
0,0.27931613
0,0.19712897
0,0.18736221
0,0.16225633
0,0.14281143
0,0.14573075
0,0.13801509
0,0.1474571
0,0.15115446
0,0.143782
0,0.14262003
0,0.15008093
0,0.14598177
0,0.16593963
0,0.16564088
0,0.16740547
0,0.16452184
0,0.16568533
0,0.15655708
0,0.15020859
0,0.13973163
0,0.14449582
0,0.14715973
0,0.13685621
0,0.14383228
0,0.15045045
0,0.14823826
0,0.16132374
0,0.16185297
0,0.16311847
0,0.16719565
0,0.17154327
0,0.16989276
0,0.16519155
0,0.15456566
0,0.15980132
0,0.16445835
0,0.15565404
0,0.16187584
0,0.1649284
0,0.16044211
0,0.17238715
0,0.17084712
0,0.19088846
0,0.20176207
0,0.21035533
0,0.22396955
0,0.22474086
0,0.22163574
0,0.22426863
0,0.20838131
0,0.22293389
0,0.23003319
0,0.22362027
0,0.22324067
0,0.20879461
0,0.21227778
0,0.23521008
0,0.22963059
0,0.23461531
0,0.22753423
0,0.24790697
0,0.25263733
0,0.2421848
0,0.22500482
0,0.21421435
0,0.2100871
0,0.20470317
0,0.20096372
0,0.20890702
0,0.19617775
0,0.19281076
0,0.19028609
0,0.1822387
0,0.17321223
0,0.179892
0,0.18182877
0,0.17328328
0,0.1829186
0,0.18769285
0,0.1904642
0,0.18043557
0,0.1723699
0,0.18580839
0,0.19032682
0,0.1940169
0,0.18845521
0,0.19949983
0,0.19355974
0,0.19510755
0,0.20730937
0,0.20517254
0,0.22101536
0,0.22422898
0,0.22958934
0,0.23499088
0,0.23678282
0,0.23527521
0,0.2510874
0,0.27186778
0,0.27255628
0,0.25581187
0,0.27237412
0,0.25606444
0,0.26633787
0,0.27953476
0,0.27534324
0,0.2826859
0,0.2717262
0,0.2905242
0,0.29288018
0,0.28808814
0,0.2643608
0,0.25034967
0,0.26344588
0,0.26919112
0,0.25828683
0,0.24853332
0,0.23561065
0,0.22694044
0,0.22097339
0,0.20480672
0,0.22325546
0,0.22859932
0,0.22917631
0,0.21347684
0,0.21945019
0,0.20351638
0,0.20897298
0,0.2142532
0,0.20259844
0,0.20449615
0,0.20477596
0,0.21409371
0,0.20664309
0,0.22739317
0,0.23371889
0,0.22541751
0,0.24967739
0,0.25874105
0,0.26063934
0,0.2591659
0,0.24294113
0,0.24763288
0,0.24568221
0,0.2690451
0,0.28293917
0,0.2794802
0,0.2797134
0,0.2854748
0,0.2922835
0,0.27231437
0,0.26474053
0,0.28492567
0,0.28528658
0,0.27265286
0,0.25730002
0,0.23119648
0,0.21819769
0,0.19592443
0,0.18344828
0,0.17467003
0,0.17143002
0,0.18471964
0,0.19059648
0,0.17900795
0,0.19335717
0,0.20023356
0,0.18441696
0,0.19147749
0,0.19224292
0,0.19337149
0,0.19617122
0,0.1881785
0,0.19499227
0,0.19533774
0,0.17970167
0,0.1950911
0,0.18133704
0,0.19527438
0,0.19726832
0,0.1973611
0,0.19572075
0,0.18544872
0,0.18763304
0,0.1941698
0,0.2065102
0,0.20899709
0,0.1970947
0,0.20458488
0,0.216437
0,0.20881389
0,0.19486408
0,0.1991068
0,0.21384208
0,0.22357073
0,0.22516721
0,0.22607419
0,0.2173533
0,0.20313126
0,0.21099898
0,0.20835972
0,0.21119231
0,0.20710154
0,0.20856753
0,0.21253823
0,0.20455419
0,0.19304849
0,0.19410856
0,0.1779701
0,0.171136
0,0.17843443
0,0.17836456
0,0.17637457
0,0.15994108
0,0.15940592
0,0.16540529
0,0.1673945
0,0.17363918
0,0.15981416
0,0.17034663
0,0.17821386
0,0.1813805
0,0.1735254
0,0.16875912
0,0.17099282
0,0.1894945
0,0.1849935
0,0.19079572
0,0.19866072
0,0.22780894
0,0.23141202
0,0.260118
0,0.27705276
0,0.26916066
0,0.30613938
0,0.3184311
0,0.32422474
0,0.3130896
0,0.27692974
0,0.29091966
0,0.2962951
0,0.29956743
0,0.3019749
0,0.26488423
0,0.27570984
0,0.27044445
0,0.24868567
0,0.2609452
0,0.23910435
0,0.22140804
0,0.22334044
0,0.21222408
0,0.20983087
0,0.19090994
0,0.1736047
0,0.18492712
0,0.18408635
0,0.18429278
0,0.1842378
0,0.16929299
0,0.16550487
0,0.17404996
0,0.16912761
0,0.18400657
0,0.183195
0,0.19780841
0,0.20784031
0,0.21254648
0,0.21344623
0,0.20907396
0,0.22160879
0,0.20950735
0,0.22730514
0,0.22608045
0,0.22086798
0,0.23766957
0,0.22488679
0,0.20513265
0,0.21904378
0,0.20292942
0,0.21976554
0,0.22679608
0,0.24237143
0,0.23578356
0,0.20529756
0,0.23755261
0,0.23443119
0,0.22949916
0,0.22064666
0,0.21148133
0,0.24218175
0,0.21909332
0,0.21184988
0,0.18721154
0,0.17062071
0,0.18174917
0,0.18488468
0,0.18320312
0,0.18577847
0,0.17877582
0,0.1725595
0,0.15621644
0,0.16686152
0,0.17229678
0,0.17356023
0,0.15232109
0,0.15674256
0,0.165605
0,0.17175657
0,0.18353838
0,0.1631026
0,0.16328977
0,0.17155297
0,0.1683935
0,0.1770477
0,0.15425076
0,0.15576619
0,0.14784865
0,0.16029704
0,0.16931096
0,0.15755638
0,0.16957527
0,0.16754034
0,0.17160362
0,0.1643513
0,0.1530832
0,0.17082232
0,0.18031208
0,0.15431108
0,0.16578887
0,0.1789572
0,0.17648473
0,0.16635023
0,0.15579648
0,0.16785836
0,0.1773623
0,0.17679079
0,0.1795181
0,0.1800749
0,0.18421426
0,0.17060898
0,0.1807773
0,0.18406774
0,0.18447508
0,0.18943875
0,0.17039818
0,0.16847248
0,0.17734142
0,0.1736155
0,0.18022145
0,0.18308257
0,0.17379369
0,0.18494432
0,0.1888486
0,0.19488735
0,0.19630389
0,0.18060438
0,0.19542286
0,0.20151839
0,0.20216393
0,0.20214805
0,0.18341269
0,0.17804451
0,0.20364736
0,0.19473779
0,0.2049277
0,0.20112625
0,0.20888077
0,0.19362547
0,0.19935465
0,0.21098545
0,0.2181539
0,0.20430522
0,0.21671417
0,0.2210896
0,0.21633746
0,0.21235394
0,0.21092185
0,0.20676138
0,0.19196525
0,0.18521759
0,0.19758217
0,0.2097849
0,0.20720398
0,0.20814496
0,0.20760313
0,0.2049433
0,0.20084623
0,0.19035733
0,0.18812944
0,0.2193525
0,0.20977016
0,0.1895186
0,0.20105852
0,0.19939506
0,0.19251153
0,0.17726946
0,0.173426
0,0.19214942
0,0.19415842
0,0.19766429
0,0.20326619
0,0.19142959
0,0.18733178
0,0.20298915
0,0.20887858
0,0.19757083
0,0.19849107
0,0.20935798
0,0.18497942
0,0.19555578
0,0.18747921
0,0.19459468
0,0.1829511
0,0.191783
0,0.19671768
0,0.19797994
0,0.19575423
0,0.19531456
0,0.18532057
0,0.19769762
0,0.20429027
0,0.199575
0,0.1949245
0,0.19027995
0,0.18909116
0,0.18659799
0,0.1727075
0,0.18137571
0,0.18475838
0,0.17041858
0,0.17997326
0,0.1783212
0,0.1704851
0,0.17856902
0,0.18435974
0,0.17612113
0,0.16964991
0,0.17411463
0,0.16994217
0,0.16866544
0,0.18328498
0,0.18895608
0,0.18458147
0,0.20175132
0,0.20488092
0,0.20951015
0,0.20346253
0,0.19781421
0,0.21206535
0,0.21812838
0,0.23743847
0,0.27154198
0,0.25224978
0,0.25672147
0,0.25956237
0,0.25791055
0,0.24266343
0,0.23501067
0,0.23974207
0,0.2132459
0,0.22105199
0,0.21485706
0,0.19466014
0,0.1901089
0,0.19576618
0,0.18539667
0,0.18840548
0,0.18754655
0,0.19016016
0,0.1901239
0,0.19083628
0,0.1885041
0,0.19096555
0,0.22925422
0,0.2233744
0,0.20219354
0,0.19588542
0,0.17492686
0,0.27485606
0,0.22545823
0,0.20830336
0,0.22558299
0,0.21567267
0,0.18327856
0,0.1795182
0,0.17630906
0,0.16194138
0,0.25185907
0,0.17459321
0,0.20546679
0,0.25412914
0,0.20007764
0,0.17376827
0,0.1545377
0,0.2429528
0,0.31446093
0,0.35745263
0,0.34030682
0,0.25861898
0,0.21358092
0,0.1874001
0,0.3562573
0,0.43621814
0,0.44966698
0,0.32301906
0,0.22732832
0,0.20789774
0,0.18300839
0,0.1817376
0,0.16768894
0,0.15757021
0,0.15187614
0,0.14750096
0,0.14808992
0,0.14303806
0,0.14057422
0,0.13920875
0,0.13902338
0,0.1415493
0,0.1969947
0,0.24137077
0,0.19395605
0,0.18017447
0,0.15177579
0,0.38596892
0,0.52916586
0,0.6190814
0,0.44556168
0,0.4218194
0,0.27292272
0,0.20641245
0,0.20217344
0,0.5092951
0,0.5831698
0,0.39488432
0,0.43271902
0,0.27126995
0,0.26092032
0,0.25477776
0,0.18515839
0,0.38509682
0,0.5679281
0,0.41865224
0,0.35209024
0,0.38915542
0,0.31792423
0,0.26149672
0,0.23112805
0,0.4685802
0,0.36186317
0,0.4360216
0,0.34786496
0,0.2623193
0,0.24122755
0,0.2142755
0,0.19568352
0,0.195954
0,0.18619497
0,0.18344165
0,0.16986799
0,0.20450433
0,0.1989018
0,0.16807778
0,0.16609074
0,0.16051047
0,0.14426574
0,0.15054171
0,0.14762466
0,0.19317377
0,0.17219295
0,0.14332168
0,0.14895545
0,0.25332788
0,0.20557821
0,0.28485927
0,0.3755914
0,0.3963893
0,0.3110248
0,0.27639243
0,0.26728228
0,0.42395034
0,0.3070572
0,0.260705
0,0.21393979
0,0.23899022
0,0.20467788
0,0.18088448
0,0.16809562
0,0.29598072
0,0.36640942
0,0.2815498
0,0.34866238
0,0.31695542
0,0.25721455
0,0.22447231
0,0.4667589
0,0.3204972
0,0.29236335
0,0.24614933
0,0.2084475
0,0.16407892
0,0.1721355
0,0.16188005
0,0.15364489
0,0.25677457
0,0.19835137
0,0.29534578
0,0.20663793
0,0.19102293
0,0.1800478
0,0.17200851
0,0.14903028
0,0.15828183
0,0.15403329
0,0.18601598
0,0.18609239
0,0.15502797
0,0.15263641
0,0.1502175
0,0.37798136
0,0.55391204
0,0.6234424
0,0.6010431
0,0.48935756
0,0.38637006
0,0.34271243
0,0.24245891
0,0.23089606
0,0.21710622
0,0.19565637
0,0.1759309
0,0.20407301
0,0.17900492
0,0.16793625
0,0.15769988
0,0.29343382
0,0.24165417
0,0.20964982
0,0.2456678
0,0.17594452
0,0.18949918
0,0.17003292
0,0.1604498
0,0.15432404
0,0.15953936
0,0.15691298
0,0.16428137
0,0.18217506
0,0.16357814
0,0.15926644
0,0.31397617
0,0.2424154
0,0.17782307
0,0.16928488
0,0.15959594
0,0.17741542
0,0.1744845
0,0.14774835
0,0.15067713
0,0.30372798
0,0.4027941
0,0.47993535
0,0.47487754
0,0.42876253
0,0.33644876
0,0.274999
0,0.23027521
0,0.36944002
0,0.23853685
0,0.21215835
0,0.22800335
0,0.19366607
0,0.18080233
0,0.16725428
0,0.36582318
0,0.26096603
0,0.35640794
0,0.37900278
0,0.33941066
0,0.30436695
0,0.2521253
0,0.21761577
0,0.39268044
0,0.46204025
0,0.5334387
0,0.3785044
0,0.3979534
0,0.34328753
0,0.2776038
0,0.23743126
0,0.20148923
0,0.31043074
0,0.23351197
0,0.20535986
0,0.23156592
0,0.21222284
0,0.17858307
0,0.16901417
0,0.3555169
0,0.262661
0,0.22669652
0,0.198524
0,0.23014677
0,0.18328834
0,0.16602194
0,0.34857354
0,0.4755217
0,0.66330445
0,0.67444503
0,0.48503977
0,0.4784961
0,0.3744443
0,0.30321422
0,0.49241456
0,0.6783451
0,0.6355436
0,0.4701355
0,0.50625664
0,0.4069758
0,0.28295627
0,0.24581909
0,0.4541007
0,0.58508205
0,0.57032275
0,0.41794747
0,0.39025542
0,0.29987717
0,0.2535003
0,0.2304763
0,0.41739914
0,0.29283556
0,0.24490254
0,0.3409616
0,0.37599427
0,0.27991432
0,0.23362195
0,0.19955717
0,0.3735255
0,0.4734834
0,0.4795119
0,0.49445426
0,0.4149942
0,0.34077343
0,0.26961058
0,0.22157326
0,0.39311147
0,0.5445809
0,0.5762408
0,0.49555445
0,0.41568077
0,0.3372259
0,0.26461756
0,0.2196367
0,0.21188948
0,0.16650142
0,0.28440168
0,0.32908738
0,0.3292625
0,0.24191555
0,0.18628255
0,0.17009237
0,0.1572217
0,0.29442507
0,0.40146863
0,0.28663743
0,0.20954067
0,0.18642633
0,0.1715759
0,0.15701205
0,0.35692188
0,0.28435403
0,0.3693719
0,0.27327135
0,0.23134826
0,0.20050576
0,0.21278559
0,0.39188176
0,0.28330714
0,0.24759284
0,0.24460109
0,0.21214084
0,0.18732242
0,0.16914959
0,0.16191807
0,0.39340568
0,0.3751207
0,0.44859034
0,0.54783154
0,0.38757488
0,0.39016366
0,0.29520172
0,0.2533265
0,0.19324146
0,0.4175696
0,0.30217412
0,0.21613066
0,0.27163345
0,0.23775205
0,0.18554392
0,0.1678849
0,0.4284373
0,0.30796936
0,0.4066763
0,0.52427375
0,0.36578962
0,0.703398
0,0.5062881
0,0.4079364
0,0.38393676
0,0.58336157
0,0.43372744
0,0.34659308
0,0.27170014
0,0.24615055
0,0.21337779
0,0.18872409
0,0.15600343
0,0.27815104
0,0.20921443
0,0.26057053
0,0.24104825
0,0.19646655
0,0.17284009
0,0.16686428
0,0.38289133
0,0.26062208
0,0.34415773
0,0.25809795
0,0.19358857
0,0.18517685
0,0.17338644
0,0.15011984
0,0.14970401
0,0.1467437
0,0.14286952
0,0.18748143
0,0.17509739
0,0.16137464
0,0.15156883
0,0.15040918
0,0.14475502
0,0.13406876
0,0.17804332
0,0.15541978
0,0.14355636
0,0.144745
0,0.1423996
0,0.36539596
0,0.54018825
0,0.3810799
0,0.31303528
0,0.24965775
0,0.21695393
0,0.18903947
0,0.18800735
0,0.17337018
0,0.32507926
0,0.2348244
0,0.30686957
0,0.2327907
0,0.20360267
0,0.17425816
0,0.16241965
0,0.15338266
0,0.15100338
0,0.29503587
0,0.33485937
0,0.3153922
0,0.26995462
0,0.21490252
0,0.1691141
0,0.4238766
0,0.5685879
0,0.55845374
0,0.5225509
0,0.5066826
0,0.38929605
0,0.28460705
0,0.24685192
0,0.20960397
0,0.18495683
0,0.16817658
0,0.155631
0,0.1439529
0,0.18213305
0,0.15732215
0,0.14768249
0,0.15102147
0,0.28793284
0,0.21904598
0,0.29206038
0,0.26131177
0,0.20944528
0,0.17919281
0,0.1647934
0,0.15244578
0,0.1533017
0,0.25326362
0,0.26231125
0,0.26875266
0,0.20170265
0,0.16564392
0,0.15898338
0,0.30520096
0,0.45930845
0,0.3128125
0,0.32669646
0,0.32794634
0,0.30595258
0,0.2428118
0,0.20720828
0,0.4636816
0,0.3315309
0,0.31697804
0,0.46104303
0,0.38173872
0,0.30403823
0,0.2504122
0,0.45675334
0,0.6100863
0,0.6531383
0,0.5897241
0,0.5213406
0,0.3532103
0,0.29444027
0,0.25074536
0,0.49847817
0,0.3460405
0,0.4956982
0,0.35583487
0,0.29809803
0,0.2771879
0,0.24501331
0,0.23618476
0,0.5266553
0,0.6772648
0,0.6709368
0,0.49883974
0,0.5473479
0,0.40223312
0,0.37965208
0,0.3236966
0,0.30982366
0,0.26539028
0,0.3639077
0,0.46211338
0,0.33939695
0,0.2712046
0,0.22921987
0,0.18557258
0,0.42519033
0,0.30331108
0,0.43603763
0,0.31344965
0,0.25654933
0,0.21965194
0,0.1911181
0,0.1750407
0,0.35911655
0,0.5039489
0,0.50373846
0,0.47416332
0,0.40133822
0,0.31234747
0,0.22115391
0,0.18668622
0,0.17770423
0,0.2792689
0,0.21425982
0,0.16446666
0,0.14812343
0,0.14963315
0,0.1430686
0,0.3634785
0,0.49806798
0,0.6547724
0,0.6872881
0,0.4949345
0,0.40730187
0,0.31875768
0,0.26991448
0,0.20366697
0,0.28393736
0,0.42852193
0,0.2957464
0,0.31032717
0,0.23527984
0,0.20929049
0,0.1774316
0,0.42713642
0,0.5430845
0,0.37347618
0,0.3066034
0,0.374729
0,0.30962715
0,0.2588874
0,0.2309323
0,0.22079264
0,0.20746534
0,0.35153893
0,0.34610268
0,0.37629905
0,0.3916644
0,0.27677652
0,0.2709918
0,0.5941762
0,0.76123
0,0.7864376
0,0.77848715
0,0.5871859
0,0.49690643
0,0.40936747
0,0.3488126
0,0.659548
0,0.655926
0,0.48355624
0,0.49864495
0,0.39199886
0,0.32606182
0,0.31550273
0,0.26511696
0,0.24631049
0,0.20146534
0,0.28923836
0,0.34148517
0,0.2456072
0,0.2224137
0,0.19151005
0,0.17544933
0,0.168082
0,0.15335436
0,0.1653995
0,0.15843569
0,0.14279327
0,0.15593155
0,0.15498279
0,0.14189836
0,0.13668285
0,0.13467959
0,0.17696048
0,0.15473995
0,0.15269975
0,0.1455129
0,0.15014155
0,0.1493003
0,0.25388044
0,0.1962789
0,0.18069331
0,0.17050037
0,0.1627781
0,0.16106458
0,0.1505167
0,0.15080446
0,0.320404
0,0.5010804
0,0.5877304
0,0.5183833
0,0.47810847
0,0.36675104
0,0.3211954
0,0.54079425
0,0.6560794
0,0.6286763
0,0.611887
0,0.6119218
0,0.58138037
0,0.43652928
0,0.36207786
0,0.29161412
0,0.4395832
0,0.4747415
0,0.44663423
0,0.4474907
0,0.33339623
0,0.2673896
0,0.28832665
0,0.2655955
0,0.47476175
0,0.33393335
0,0.26912576
0,0.28227615
0,0.25066954
0,0.24389812
0,0.368037
0,0.2572465
0,0.21861264
0,0.19952337
0,0.2546965
0,0.34580863
0,0.2612714
0,0.22675335
0,0.18728107
0,0.16465011
0,0.26948637
0,0.32245243
0,0.33360937
0,0.29302445
0,0.23777671
0,0.5011759
0,0.3794352
0,0.5361671
0,0.36966255
0,0.26862663
0,0.30859232
0,0.27664575
0,0.23127477
0,0.19837508
0,0.17555763
0,0.17146596
0,0.2673127
0,0.4912201
0,0.42534918
0,0.34702197
0,0.28557864
0,0.23872866
0,0.18678397
0,0.4601715
0,0.29741293
0,0.4305004
0,0.28820527
0,0.23554394
0,0.18406774
0,0.17664765
0,0.36494264
0,0.57214963
0,0.38811603
0,0.50998783
0,0.5018312
0,0.40320835
0,0.3585803
0,0.2865569
0,0.53402287
0,0.6474383
0,0.44466117
0,0.33264425
0,0.28426743
0,0.24989453
0,0.23951517
0,0.20410445
0,0.17833394
0,0.38271877
0,0.45039737
0,0.44372165
0,0.38741848
0,0.3664842
0,0.2898099
0,0.24469882
0,0.21805106
0,0.18176533
0,0.2741414
0,0.2686451
0,0.20908748
0,0.18700542
0,0.15812424
0,0.1487071
0,0.28643143
0,0.52021474
0,0.6835164
0,0.70597744
0,0.57559395
0,0.40217325
0,0.3220695
0,0.29623315
0,0.34383184
0,0.25178042
0,0.22266126
0,0.19538365
0,0.20383316
0,0.2334525
0,0.18881395
0,0.16436197
0,0.15652575
0,0.3051739
0,0.22740322
0,0.265344
0,0.25218284
0,0.2437036
0,0.2830517
0,0.279319
0,0.42646822
0,0.5547917
0,0.39741552
0,0.32383287
0,0.27809542
0,0.29618973
0,0.25005618
0,0.4275355
0,0.26674584
0,0.22166917
0,0.33328187
0,0.31472468
0,0.27144727
0,0.21653639
0,0.20135713
0,0.17661868
0,0.17178732
0,0.26248455
0,0.23079553
0,0.24206433
0,0.50038385
0,0.37658292
0,0.33147463
0,0.52418315
0,0.3943137
0,0.3459507
0,0.39455816
0,0.3136006
0,0.27909553
0,0.2522465
0,0.238468
0,0.42276865
0,0.35994574
0,0.32855278
0,0.2622542
0,0.23900175
0,0.225944
0,0.29116088
0,0.26250485
0,0.42523038
0,0.49122435
0,0.62331754
0,0.44875932
0,0.5612018
0,0.57237804
0,0.5288565
0,0.44629094
0,0.41198412
0,0.35995942
0,0.5298965
0,0.49166578
0,0.46124414
0,0.3610563
0,0.30822948
0,0.2540453
0,0.22986826
0,0.4368537
0,0.29797688
0,0.49791518
0,0.38431618
0,0.4503786
0,0.3151893
0,0.289467
0,0.45188197
0,0.35149276
0,0.40355173
0,0.55003965
0,0.56276643
0,0.4159759
0,0.36585394
0,0.29220164
0,0.5439498
0,0.36967546
0,0.51989937
0,0.3780075
0,0.35440934
0,0.2905247
0,0.2962927
0,0.24234894
0,0.20613797
0,0.20070992
0,0.26942188
0,0.22278446
0,0.3395932
0,0.28440592
0,0.5083421
0,0.34375945
0,0.49687022
0,0.37381363
0,0.3913645
0,0.44412997
0,0.42042148
0,0.3635469
0,0.40170524
0,0.4103614
0,0.4447674
0,0.44136626
0,0.37319705
0,0.34399363
0,0.29212072
0,0.2687913
0,0.28299397
0,0.24133532
0,0.3627195
0,0.39517134
0,0.37501955
0,0.40096822
0,0.32347593
0,0.31061062
0,0.24777505
0,0.48675764
0,0.52869844
0,0.38361222
0,0.30399248
0,0.33987164
0,0.25603417
0,0.2428857
0,0.1958076
0,0.3571907
0,0.6063415
0,0.41066673
0,0.32611653
0,0.3198307
0,0.33784327
0,0.283385
0,0.22675602
0,0.38220042
0,0.2831332
0,0.48520648
0,0.5759139
0,0.44658732
0,0.43548536
0,0.3746775
0,0.32322988
0,0.6387119
0,0.49119398
0,0.63538384
0,0.49097744
0,0.43751168
0,0.38590088
0,0.35774556
0,0.31547394
0,0.6172476
0,0.45123544
0,0.5066358
0,0.46668786
0,0.38301492
0,0.39073157
0,0.41667625
0,0.55957246
0,0.48923552
0,0.7098453
0,0.611704
0,0.53746176
0,0.5977638
0,0.5009738
0,0.4808597
0,0.44977906
0,0.53413594
0,0.40746132
0,0.37682074
0,0.3195836
0,0.29345018
0,0.3485338
0,0.32179347
0,0.2810439
0,0.28939942
0,0.278359
0,0.4543083
0,0.35056725
0,0.4756868
0,0.41889042
0,0.42287165
0,0.4203787
0,0.50081074
0,0.70945895
0,0.6336515
0,0.7229848
0,0.7598829
0,0.72485334
0,0.68956006
0,0.693679
0,0.67220604
0,0.6778474
0,0.66589004
0,0.70414877
0,0.676687
0,0.709187
0,0.68654096
0,0.7141438
0,0.6366114
0,0.6334624
0,0.5798391
0,0.7320545
0,0.68057466
0,0.6480738
0,0.7333199
0,0.62839997
0,0.78594166
0,0.6926601
0,0.6025522
0,0.61659276
0,0.51124215
0,0.47530875
0,0.4375516
0,0.5466013
0,0.40450045
0,0.37220797
0,0.3263193
0,0.37412664
0,0.35377315
0,0.36728567
0,0.3436775
0,0.4610626
0,0.4183822
0,0.6439749
0,0.65003663
0,0.56053555
0,0.55950403
0,0.44231606
0,0.40942314
0,0.40964568
0,0.42207715
0,0.4481695
0,0.36948577
0,0.3569863
0,0.31312796
0,0.35187274
0,0.5025852
0,0.70427394
0,0.5243535
0,0.6222749
0,0.60598016
0,0.47581556
0,0.37005204
0,0.29223564
0,0.46275565
0,0.52558583
0,0.51036745
0,0.38920152
0,0.36664757
0,0.39070812
0,0.29935345
0,0.26978981
0,0.43036094
0,0.4692586
0,0.4638134
0,0.3215313
0,0.24827114
0,0.21450785
0,0.21175274
0,0.19780618
0,0.41719252
0,0.26325786
0,0.41633713
0,0.29538858
0,0.23809028
0,0.23400876
0,0.18529963
0,0.16765821
0,0.30665922
0,0.45461696
0,0.5327475
0,0.5658816
0,0.5017735
0,0.35403922
0,0.2897311
0,0.24385746
0,0.40939906
0,0.600587
0,0.5434804
0,0.391012
0,0.34774008
0,0.27411196
0,0.23416853
0,0.44168913
0,0.28981206
0,0.31714985
0,0.23942627
0,0.3123744
0,0.23906264
0,0.19556071
0,0.19004126
0,0.3649015
0,0.3119237
0,0.39927343
0,0.40944365
0,0.3193785
0,0.34682828
0,0.27165303
0,0.30339524
0,0.45294693
0,0.35951987
0,0.31775156
0,0.26950717
0,0.3237118
0,0.25029042
0,0.22351547
0,0.18619524
0,0.18607953
0,0.19411668
0,0.37038288
0,0.27819625
0,0.31468228
0,0.22595333
0,0.18413575
0,0.31595573
0,0.5291545
0,0.6540134
0,0.43255922
0,0.47065166
0,0.4473688
0,0.32299316
0,0.2940018
0,0.23655346
0,0.22761847
0,0.39007992
0,0.53990597
0,0.46012032
0,0.3252394
0,0.2692927
0,0.22756425
0,0.17961779
0,0.17838356
0,0.16021785
0,0.1559087
0,0.15978803
0,0.19615933
0,0.20667373
0,0.1730803
0,0.35839722
0,0.25015613
0,0.23318319
0,0.31627002
0,0.32206386
0,0.23110954
0,0.19912452
0,0.1653573
0,0.5798559
0,0.38075462
0,0.31761214
0,0.29733667
0,0.31605342
0,0.3760122
0,0.30288252
0,0.2957445
0,0.48694882
0,0.4470405
0,0.5218704
0,0.6432377
0,0.57486665
0,0.45678255
0,0.42805517
0,0.3666048
0,0.5375165
0,0.7552124
0,0.67728865
0,0.622277
0,0.585097
0,0.460846
0,0.37876856
0,0.31362295
0,0.4891852
0,0.53523934
0,0.5441161
0,0.5230845
0,0.35867426
0,0.32409516
0,0.23408936
0,0.20231634
0,0.18519063
0,0.3976162
0,0.4187083
0,0.34661904
0,0.27979785
0,0.21864493
0,0.19666894
0,0.17608419
0,0.32639796
0,0.2327253
0,0.3340152
0,0.2569642
0,0.30952176
0,0.28719145
0,0.22908366
0,0.17494695
0,0.15646979
0,0.14721106
0,0.14095387
0,0.17205144
0,0.15152648
0,0.15182589
0,0.14280705
0,0.34649998
0,0.22263351
0,0.19093992
0,0.17749646
0,0.22110353
0,0.27958503
0,0.21234381
0,0.1882895
0,0.40043828
0,0.30725977
0,0.28329685
0,0.24152528
0,0.17727917
0,0.22087412
0,0.20955361
0,0.17820965
0,0.15412109
0,0.33256003
0,0.23326094
0,0.19959861
0,0.19085948
0,0.25494987
0,0.24297515
0,0.221683
0,0.47472653
0,0.34208107
0,0.2981677
0,0.24660511
0,0.252011
0,0.23377356
0,0.24171273
0,0.53432745
0,0.3773946
0,0.28501666
0,0.23529048
0,0.20370589
0,0.228116
0,0.19645955
0,0.18411236
0,0.24433792
0,0.1845608
0,0.16106868
0,0.1439443
0,0.13986158
0,0.14061303
0,0.14343002
0,0.135526
0,0.13406692
0,0.23250493
0,0.4194323
0,0.2831194
0,0.2321766
0,0.17554717
0,0.17181243
0,0.16170874
0,0.14473945
0,0.37189725
0,0.47931123
0,0.50784415
0,0.34817964
0,0.38364568
0,0.32193667
0,0.23988897
0,0.1936151
0,0.16939433
0,0.16202779
0,0.14639692
0,0.14317292
0,0.17665565
0,0.15797141
0,0.16661525
0,0.3588995
0,0.29748094
0,0.27351338
0,0.24089552
0,0.21608417
0,0.18607382
0,0.16892159
0,0.15812065
0,0.37011743
0,0.2815206
0,0.3912515
0,0.4459682
0,0.3137524
0,0.22267959
0,0.19282478
0,0.17569391
0,0.3590794
0,0.23439415
0,0.20516531
0,0.28188694
0,0.28262916
0,0.2285839
0,0.18294306
0,0.16662857
0,0.15663263
0,0.347433
0,0.24225071
0,0.18591161
0,0.16233242
0,0.1544492
0,0.1487976
0,0.14759712
0,0.1476924
0,0.13822523
0,0.13728027
0,0.13490394
0,0.14059798
0,0.13731626
0,0.14607084
0,0.14466578
0,0.14332424
0,0.13513765
0,0.13363042
0,0.16968174
0,0.15851441
0,0.1583487
0,0.15583849
0,0.15379763
0,0.3947788
0,0.33247226
0,0.29698327
0,0.35684457
0,0.33817777
0,0.24801314
0,0.22523947
0,0.33818778
0,0.26204896
0,0.52054834
0,0.4306421
0,0.331326
0,0.2725535
0,0.31703413
0,0.30477834
0,0.232163
0,0.39785948
0,0.3098204
0,0.2794389
0,0.24774459
0,0.2423083
0,0.20319062
0,0.19042914
0,0.43564817
0,0.283993
0,0.45721006
0,0.50317055
0,0.35375375
0,0.3605639
0,0.24502663
0,0.21345678
0,0.17806889
0,0.1684178
0,0.14554116
0,0.20070627
0,0.16109112
0,0.16426618
0,0.1647823
0,0.15499751
0,0.14262035
0,0.13693239
0,0.1334242
0,0.12698072
0,0.13086438
0,0.14009337
0,0.13354824
0,0.14020377
0,0.1347186
0,0.13822709
0,0.14039077
0,0.14262597
0,0.13840356
0,0.1405168
0,0.14692642
0,0.14952467
0,0.28570873
0,0.41534212
0,0.30729762
0,0.41470808
0,0.404049
0,0.44562623
0,0.33694297
0,0.27027208
0,0.18782018
0,0.18904473
0,0.16171342
0,0.20396812
0,0.21000265
0,0.1738737
0,0.16299807
0,0.1554096
0,0.14698407
0,0.15295559
0,0.1564217
0,0.30358878
0,0.2622755
0,0.2178337
0,0.16317257
0,0.17324744
0,0.4704457
0,0.37139362
0,0.3473218
0,0.3109345
0,0.25951886
0,0.24725193
0,0.20129791
0,0.18078771
0,0.18190543
0,0.18951112
0,0.24316315
0,0.4363964
0,0.7064849
0,0.52245927
0,0.4792108
0,0.52148485
0,0.514065
0,0.5535641
0,0.44842637
0,0.39751732
0,0.37347096
0,0.4296112
0,0.38333428
0,0.72453
0,0.5958442
0,0.5271985
0,0.4516922
0,0.4222829
0,0.5400372
0,0.44307712
0,0.45581993
0,0.44167593
0,0.52657115
0,0.420299
0,0.46646425
0,0.42771816
0,0.44676918
0,0.34448066
0,0.2789824
0,0.23932645
0,0.20948836
0,0.17519121
0,0.19272746
0,0.16816324
0,0.16120777
0,0.19018905
0,0.22582848
0,0.38281143
0,0.30678588
0,0.2959434
0,0.2761718
0,0.29854557
0,0.28669265
0,0.24405664
0,0.21981813
0,0.36998847
0,0.32617617
0,0.37230977
0,0.3983885
0,0.47896686
0,0.3818579
0,0.378486
0,0.37086633
0,0.49748933
0,0.43941525
0,0.41190106
0,0.6140945
0,0.6466205
0,0.5624523
0,0.4898518
0,0.4399448
0,0.46314272
0,0.507684
0,0.45848587
0,0.4591937
0,0.47308272
0,0.48135847
0,0.45852473
0,0.47641182
0,0.50104356
0,0.529627
0,0.5211212
0,0.5375165
0,0.53954995
0,0.5391849
0,0.46083203
0,0.38233536
0,0.31750154
0,0.55995715
0,0.41810396
0,0.33144543
0,0.3024578
0,0.2648635
0,0.23790646
0,0.21856946
0,0.3533732
0,0.5182594
0,0.39874375
0,0.3678058
0,0.31315777
0,0.32356498
0,0.27200535
0,0.24614649
0,0.37961045
0,0.46433163
0,0.4354655
0,0.42517036
0,0.44840997
0,0.32411993
0,0.26523232
0,0.21426305
0,0.16635351
0,0.15796748
0,0.19121858
0,0.21171491
0,0.1844225
0,0.16712198
0,0.1491375
0,0.26728624
0,0.42939165
0,0.43226036
0,0.30911973
0,0.23291272
0,0.23557338
0,0.18550146
0,0.14766559
0,0.14053653
0,0.31785378
0,0.22610939
0,0.26241466
0,0.21706909
0,0.21407951
0,0.1958309
0,0.16093697
0,0.34613475
0,0.43405443
0,0.29849577
0,0.34708798
0,0.25130323
0,0.25008345
0,0.20519917
0,0.44597208
0,0.2976388
0,0.22620556
0,0.37381598
0,0.26979187
0,0.20424755
0,0.18373023
0,0.16460596
0,0.1552764
0,0.14998929
0,0.13761708
0,0.20432957
0,0.2544412
0,0.17718485
0,0.16296543
0,0.15895227
0,0.14935626
0,0.29557794
0,0.44846907
0,0.5034041
0,0.5371605
0,0.3813347
0,0.32318142
0,0.25722784
0,0.5440773
0,0.5858438
0,0.5844015
0,0.56916326
0,0.47425985
0,0.433797
0,0.33616737
0,0.27469355
0,0.5105181
0,0.56996566
0,0.6529015
0,0.4579294
0,0.4919314
0,0.3622765
0,0.2973597
0,0.2578974
0,0.2224784
0,0.36598328
0,0.283175
0,0.23616886
0,0.19583149
0,0.18213761
0,0.16999564
0,0.18570249
0,0.15505937
0,0.29925016
0,0.3857246
0,0.24927737
0,0.2554874
0,0.20979784
0,0.18471918
0,0.15063575
0,0.1389497
0,0.14172444
0,0.22539105
0,0.1844222
0,0.22883962
0,0.17306356
0,0.17094481
0,0.16457552
0,0.15656629
0,0.14392729
0,0.1327736
0,0.12770434
0,0.12512265
0,0.123143844
0,0.13453144
0,0.1257649
0,0.13447246
0,0.2027015
0,0.2917252
0,0.37146166
0,0.25104803
0,0.21622793
0,0.19118387
0,0.18628226
0,0.17836553
0,0.15958303
0,0.16054526
0,0.15678479
0,0.15619886
0,0.14871591
0,0.14661504
0,0.14929846
0,0.15179142
0,0.14851259
0,0.23083094
0,0.29172155
0,0.25211754
0,0.2049482
0,0.17398825
0,0.16051152
0,0.2921782
0,0.35891247
0,0.3663124
0,0.25701812
0,0.23864186
0,0.19451174
0,0.16098292
0,0.15732788
0,0.15626988
0,0.15528208
0,0.22213522
0,0.1574283
0,0.15230243
0,0.15120299
0,0.14780015
0,0.14522348
0,0.13582006
0,0.13828926
0,0.13895343
0,0.12928148
0,0.14070997
0,0.13186575
0,0.13835189
0,0.36245638
0,0.2941422
0,0.27557474
0,0.3343941
0,0.24440268
0,0.20355913
0,0.17659132
0,0.15572868
0,0.15622611
0,0.15385589
0,0.15748124
0,0.15296349
0,0.14660484
0,0.13772976
0,0.14269777
0,0.14659886
0,0.14871053
0,0.14611948
0,0.28144273
0,0.2287469
0,0.17485812
0,0.17454293
0,0.17087638
0,0.15963206
0,0.14551513
0,0.16172652
0,0.14063475
0,0.1390705
0,0.148544
0,0.14794445
0,0.14470208
0,0.36815134
0,0.29275748
0,0.25455776
0,0.20181137
0,0.16010627
0,0.15735975
0,0.17134155
0,0.14529216
0,0.16271955
0,0.35391748
0,0.5251113
0,0.39284557
0,0.3046708
0,0.2892197
0,0.2772658
0,0.20220855
0,0.16280231
0,0.3358986
0,0.2681752
0,0.20857774
0,0.18070528
0,0.15847851
0,0.15331066
0,0.13752191
0,0.13976128
0,0.22336754
0,0.16968174
0,0.2466643
0,0.17042947
0,0.14919452
0,0.14962836
0,0.13770048
0,0.14710605
0,0.14007622
0,0.12904823
0,0.1263236
0,0.12955612
0,0.18534978
0,0.44718593
0,0.30883297
0,0.23639381
0,0.17938554
0,0.16829525
0,0.15427293
0,0.15121266
0,0.14412881
0,0.14166331
0,0.13966441
0,0.13568988
0,0.13316953
0,0.1330769
0,0.13394344
0,0.16109625
0,0.16239294
0,0.16428895
0,0.16243465
0,0.1566188
0,0.23026389
0,0.17863557
0,0.21857886
0,0.1974771
0,0.17804432
0,0.20232715
0,0.17032012
0,0.34253684
0,0.23954943
0,0.18491375
0,0.19802907
0,0.2314481
0,0.21984781
0,0.2037213
0,0.1674862
0,0.16093697
0,0.15147236
0,0.15951875
0,0.14363049
0,0.13859601
0,0.21977022
0,0.1665316
0,0.44408196
0,0.54555047
0,0.67438567
0,0.76625913
0,0.92443913
0,0.8645255
0,0.79323685
0,0.75664216
0,0.63826644
0,0.5601186
0,0.57932913
0,0.48871553
0,0.48696014
0,0.44057646
0,0.33411887
0,0.41171023
0,0.32769716
0,0.4234478
0,0.3584388
0,0.27982062
0,0.28478554
0,0.25079003
0,0.30568534
0,0.2512068
0,0.20107579
0,0.17233287
0,0.24085385
0,0.31510162
0,0.26419297
0,0.19151108
0,0.3256475
0,0.40899983
0,0.33328855
0,0.41003665
0,0.32424656
0,0.43767127
0,0.3286266
0,0.338089
0,0.33844262
0,0.2649521
0,0.20839779
0,0.26612097
0,0.2700498
0,0.24983644
0,0.2310975
0,0.31201652
0,0.23495106
0,0.19051473
0,0.16361085
0,0.21758005
0,0.20122756
0,0.21540633
0,0.18097192
0,0.30259547
0,0.28945994
0,0.20591816
0,0.17428629
0,0.1806178
0,0.17333423
0,0.19028029
0,0.15628546
0,0.30766848
0,0.4901664
0,0.53556126
0,0.33181432
0,0.5853487
0,0.4184429
0,0.47216758
0,0.29608077
0,0.82581615
0,0.65477586
0,0.7290039
0,0.6697771
0,0.88893956
0,0.82430995
0,0.71070606
0,0.57401943
0,0.4741053
0,0.42698848
0,0.38947058
0,0.42611465
0,0.573525
0,0.47109836
0,0.3573924
0,0.34262854
0,0.7707835
0,0.6280431
0,0.535527
0,0.54451984
0,0.5346366
0,0.46916717
0,0.36408815
0,0.72292876
0,0.55068755
0,0.5030478
0,0.54698694
0,0.4917617
0,0.58703166
0,0.38544434
0,0.31785622
0,0.34873554
0,0.32770643
0,0.26981258
0,0.21527772
0,0.2072372
0,0.20960164
0,0.41413376
0,0.2648066
0,0.32016152
0,0.21274532
0,0.33782288
0,0.29063234
0,0.34281266
0,0.37009975
0,0.38950476
0,0.28093264
0,0.27014372
0,0.26511306
0,0.30474365
0,0.2314341
0,0.25431046
0,0.31622094
0,0.28535998
0,0.31098798
0,0.2269371
0,0.5160574
0,0.7493928
0,0.76228005
0,0.8258404
0,0.79821646
0,0.9718481
0,0.9353315
0,0.8735482
0,0.86449957
0,0.83710974
0,0.81217384
0,0.7686527
0,0.6266329
0,0.61608434
0,0.6324774
0,0.6296302
0,0.46734968
0,0.4465533
0,0.39848477
0,0.28444588
0,0.27293998
0,0.29434055
0,0.32478505
0,0.3236798
0,0.30128428
0,0.411322
0,0.5547066
0,0.52134144
0,0.51752055
0,0.4183336
0,0.39500642
0,0.40558797
0,0.44460374
0,0.32589453
0,0.28968263
0,0.30688608
0,0.2871379
0,0.25264814
0,0.24459708
0,0.17866579
0,0.1958648
0,0.18248804
0,0.19847678
0,0.16470902
0,0.26841316
0,0.21690238
0,0.32707298
0,0.391661
0,0.39016038
0,0.3289975
0,0.3225899
0,0.3790875
0,0.30666876
0,0.37016967
0,0.25455013
0,0.24553148
0,0.20871787
0,0.2767766
0,0.33803555
0,0.38534707
0,0.39800432
0,0.28383103
0,0.41254622
0,0.33095568
0,0.30082607
0,0.24194843
0,0.27601856
0,0.28926864
0,0.33710492
0,0.31500065
0,0.2604529
0,0.42817342
0,0.42804673
0,0.37168717
0,0.40683657
0,0.41049868
0,0.38136277
0,0.29285303
0,0.3516226
0,0.31101546
0,0.28991523
0,0.23095159
0,0.25218254
0,0.2631775
0,0.1867415
0,0.20646381
0,0.24831323
0,0.34998754
0,0.5453857
0,0.5354539
0,0.5461864
0,0.34723586
0,0.361009
0,0.4304881
0,0.4018145
0,0.34078446
0,0.29026085
0,0.3497428
0,0.40709963
0,0.3140719
0,0.21849766
0,0.18740317
0,0.19728908
0,0.32809943
0,0.28427893
0,0.23453379
0,0.18630806
0,0.17964105
0,0.16702425
0,0.14835659
0,0.15165788
0,0.15093239
0,0.16371751
0,0.16940446
0,0.16531198
0,0.16645882
0,0.15869457
0,0.16198383
0,0.16055898
0,0.15872186
0,0.15624008
0,0.15789022
0,0.14180747
0,0.14247164
0,0.1358808
0,0.14634578
0,0.13023591
0,0.12525173
0,0.13834405
0,0.1425731
0,0.15166265
0,0.15560122
0,0.15223405
0,0.15533382
0,0.16695331
0,0.1848454
0,0.21000078
0,0.19366895
0,0.21624433
0,0.246111
0,0.31610784
0,0.20833138
0,0.17781487
0,0.19095409
0,0.17553982
0,0.20567565
0,0.21761048
0,0.16713044
0,0.15101896
0,0.16546619
0,0.17057881
0,0.16245939
0,0.1441926
0,0.15146592
0,0.15371954
0,0.15071149
0,0.14098053
0,0.14101578
0,0.14756976
0,0.15325345
0,0.13487782
0,0.1471313
0,0.15508509
0,0.15138759
0,0.14376438
0,0.15610598
0,0.17459401
0,0.18154013
0,0.18366137
0,0.1913977
0,0.20247588
0,0.19064091
0,0.22397338
0,0.3228335
0,0.21589728
0,0.17663993
0,0.18448418
0,0.17870747
0,0.15125786
0,0.1378489
0,0.1335226
0,0.14715585
0,0.1329958
0,0.13152854
0,0.14553611
0,0.16393688
0,0.18279438
0,0.17755182
0,0.17641406
0,0.18630998
0,0.19780551
0,0.20662506
0,0.22825597
0,0.2112639
0,0.22854543
0,0.18722612
0,0.19876325
0,0.19626017
0,0.16055049
0,0.1449283
0,0.15547
0,0.16101304
0,0.16822287
0,0.15535772
0,0.15919517
0,0.15871869
0,0.1550429
0,0.15480642
0,0.15521425
0,0.16272452
0,0.1697115
0,0.15028666
0,0.16330858
0,0.16848359
0,0.17718858
0,0.18690293
0,0.17765224
0,0.18103549
0,0.174601
0,0.15532917
0,0.16419104
0,0.16368191
0,0.14212081
0,0.15534368
0,0.14538053
0,0.15358104
0,0.15177172
0,0.1392835
0,0.14885747
0,0.14132732
0,0.15202127
0,0.15809612
0,0.1660808
0,0.17050873
0,0.15012823
0,0.14621726
0,0.15880695
0,0.16296957
0,0.23510507
0,0.19979477
0,0.20523697
0,0.21859148
0,0.19447587
0,0.17377798
0,0.16324425
0,0.17251039
0,0.17393078
0,0.17479979
0,0.14827612
0,0.15924968
0,0.1530889
0,0.13847111
0,0.1489741
0,0.15313303
0,0.15640846
0,0.21389833
0,0.1793499
0,0.24221851
0,0.24271668
0,0.24225098
0,0.46855906
0,0.6230868
0,0.73745024
0,0.5963869
0,0.61759174
0,0.43632743
0,0.35919607
0,0.3493936
0,0.4843154
0,0.38059604
0,0.41678426
0,0.419211
0,0.3827261
0,0.3439325
0,0.30371842
0,0.25506356
0,0.30663472
0,0.44519347
0,0.38663405
0,0.37869316
0,0.2751108
0,0.31144848
0,0.30195805
0,0.32840592
0,0.31071502
0,0.25464433
0,0.3059301
0,0.34934747
0,0.30920938
0,0.36756426
0,0.30410644
0,0.37952316
0,0.253501
0,0.26343477
0,0.2296693
0,0.23390886
0,0.26332858
0,0.21441099
0,0.16568214
0,0.2079903
0,0.5103226
0,0.4967615
0,0.6795764
0,0.6019267
0,0.5793975
0,0.5811061
0,0.5048876
0,0.4404125
0,0.3621343
0,0.336039
0,0.61837995
0,0.50121295
0,0.5860284
0,0.45738497
0,0.42917532
0,0.5649124
0,0.67557514
0,0.7880024
0,0.72187984
0,0.58551866
0,0.6377308
0,0.5008372
0,0.63059306
0,0.46842548
0,0.4310254
0,0.43554196
0,0.4508692
0,0.45019436
0,0.42439032
0,0.40076277
0,0.5399337
0,0.5542284
0,0.5666377
0,0.51880515
0,0.57917285
0,0.5892125
0,0.71139127
0,0.66237295
0,0.60402614
0,0.65320224
0,0.55709517
0,0.5052351
0,0.7144103
0,0.6101589
0,0.75824046
0,0.81149757
0,0.7000834
0,0.61385375
0,0.6855298
0,0.6456647
0,0.5867771
0,0.64694774
0,0.62382334
0,0.8118597
0,0.78381675
0,0.834097
0,0.68815446
0,0.70004624
0,0.7154932
0,0.6980957
0,0.46625647
0,0.46285912
0,0.46531877
0,0.4635762
0,0.3475375
0,0.35333902
0,0.6925335
0,0.6955424
0,0.8857653
0,0.8873876
0,0.9274186
0,0.85910857
0,0.82925683
0,0.6660134
0,0.66883135
0,0.6900846
0,0.740777
0,0.8008119
0,0.6571528
0,0.60003674
0,0.7542994
0,0.7560518
0,0.81346655
0,0.8350736
0,0.75756645
0,0.6445417
0,0.48585886
0,0.61352074
0,0.5297637
0,0.663231
0,0.7593255
0,0.68202627
0,0.6112945
0,0.6197344
0,0.7033831
0,0.54343235
0,0.46494663
0,0.58064675
0,0.5685458
0,0.76686925
0,0.509121
0,0.59735274
0,0.73049664
0,0.6477882
0,0.726224
0,0.6610694
0,0.71321905
0,0.6934674
0,0.599393
0,0.6115253
0,0.658771
0,0.7940811
0,0.69064784
0,0.5568495
0,0.7892538
0,0.8237168
0,0.80628717
0,0.72444093
0,0.7628217
0,0.72879946
0,0.8631709
0,0.8656597
0,0.86758685
0,0.7697507
0,0.8133899
0,0.71515656
0,0.7310585
0,0.76635915
0,0.7379
0,0.7250476
0,0.73687875
0,0.65132487
0,0.636669
0,0.5492147
0,0.54803693
0,0.6203135
0,0.6285465
0,0.6382783
0,0.7013074
0,0.641832
0,0.6818856
0,0.7065567
0,0.7301823
0,0.6841611
0,0.6987195
0,0.7173497
0,0.76405424
0,0.7718367
0,0.6758067
0,0.59358937
0,0.6450934
0,0.55487555
0,0.6943114
0,0.51769626
0,0.47630596
0,0.65395856
0,0.55126333
0,0.65259904
0,0.6907994
0,0.5578461
0,0.7122024
0,0.74927276
0,0.68993056
0,0.83676034
0,0.82909685
0,0.78780967
0,0.907462
0,0.86934936
0,0.87065846
0,0.9200005
0,0.81345713
0,0.79644275
0,0.6982034
0,0.8967966
0,0.951738
0,0.9272121
0,0.9124746
0,0.8904679
0,0.8169565
0,0.8682537
0,0.8638171
0,0.8215029
0,0.8881552
0,0.8499863
0,0.7283242
0,0.8203324
0,0.8767869
0,0.815292
0,0.77114385
0,0.6878937
0,0.6061375
0,0.76672256
0,0.8159168
0,0.71953213
0,0.6614038
0,0.6778058
0,0.7583886
0,0.66520023
0,0.51990044
0,0.75013155
0,0.55200815
0,0.6867061
0,0.7404491
0,0.7315723
0,0.59818184
0,0.45923418
0,0.5901458
0,0.4260815
0,0.6831135
0,0.76816976
0,0.79601455
0,0.6037154
0,0.75214803
0,0.7556827
0,0.857536
0,0.81133485
0,0.5992211
0,0.60291
0,0.67487645
0,0.6758103
0,0.60157645
0,0.70989597
0,0.80564046
0,0.56843626
0,0.7776545
0,0.5672753
0,0.6524978
0,0.59492004
0,0.5460181
0,0.5947801
0,0.54122096
0,0.48508516
0,0.47069395
0,0.41135272
0,0.35966226
0,0.41581836
0,0.4357586
0,0.51386166
0,0.58936995
0,0.49842432
0,0.67691684
0,0.48574692
0,0.41967618
0,0.8211458
0,0.63368964
0,0.6218519
0,0.49365342
0,0.46694717
0,0.45808125
0,0.35646966
0,0.34731168
0,0.26579088
0,0.2931724
0,0.31203392
0,0.23827867
0,0.35451925
0,0.337351
0,0.3024455
0,0.25838575
0,0.2956552
0,0.32505766
0,0.32843414
0,0.3637262
0,0.26814598
0,0.30043903
0,0.28091854
0,0.23958296
0,0.26971376
0,0.20368896
0,0.17662303
0,0.16973488
0,0.21712025
0,0.18603086
0,0.17334989
0,0.17259997
0,0.20455891
0,0.20754407
0,0.17412743
0,0.21303025
0,0.25437573
0,0.28835544
0,0.24755205
0,0.29271913
0,0.30179104
0,0.3061057
0,0.20892553
0,0.35703227
0,0.29991353
0,0.30411366
0,0.7839596
0,0.9096949
0,0.74910593
0,0.5762682
0,0.67275965
0,0.8206415
0,0.8733197
0,0.7726573
0,0.6367959
0,0.65843153
0,0.5199789
0,0.5198735
0,0.5435194
0,0.4329221
0,0.3532825
0,0.6006609
0,0.5385024
0,0.42455122
0,0.43436652
0,0.4231399
0,0.35263738
0,0.2900971
0,0.32553875
0,0.31268853
0,0.25643894
0,0.22716573
0,0.2847431
0,0.33927038
0,0.3576124
0,0.25254956
0,0.23239067
0,0.23857658
0,0.19469708
0,0.1704452
0,0.14474037
0,0.15722346
0,0.17007154
0,0.19029298
0,0.15705046
0,0.14103037
0,0.14624001
0,0.17272037
0,0.18756296
0,0.20657523
0,0.15502644
0,0.14478803
0,0.16552866
0,0.1665867
0,0.15696523
0,0.21776275
0,0.57119524
0,0.48783055
0,0.33212554
0,0.4601909
0,0.70676625
0,0.47142097
0,0.38350737
0,0.2884002
0,0.3533169
0,0.26088625
0,0.29688713
0,0.3020168
0,0.29627493
0,0.24766682
0,0.19323812
0,0.21810679
0,0.22941269
0,0.23071188
0,0.2799355
0,0.28281465
0,0.2018106
0,0.19464804
0,0.17227536
0,0.22333673
0,0.22810917
0,0.18110576
0,0.21307614
0,0.363302
0,0.33175442
0,0.25898352
0,0.18436289
0,0.23684587
0,0.24835643
0,0.2541217
0,0.25751793
0,0.17570154
0,0.19694926
0,0.17246999
0,0.14825355
0,0.1700778
0,0.15042418
0,0.13353014
0,0.16947405
0,0.18607354
0,0.1992087
0,0.16266277
0,0.14643817
0,0.16539611
0,0.19223222
0,0.2039714
0,0.16056493
0,0.1396193
0,0.15327644
0,0.14891164
0,0.13628443
0,0.16347742
0,0.1829627
0,0.20827052
0,0.1670167
0,0.19578375
0,0.19305748
0,0.1559564
0,0.1432368
0,0.13597837
0,0.16420801
0,0.18536226
0,0.14853525
0,0.17283556
0,0.14579083
0,0.14250818
0,0.14641751
0,0.13334846
0,0.1383775
0,0.13805638
0,0.1571349
0,0.1441806
0,0.13906442
0,0.14257811
0,0.13783252
0,0.16631335
0,0.19723648
0,0.16480604
0,0.18983528
0,0.16390702
0,0.17636965
0,0.177581
0,0.1582691
0,0.1582038
0,0.1997281
0,0.22621436
0,0.27418834
0,0.1969349
0,0.22778437
0,0.21636045
0,0.271082
0,0.2195284
0,0.27120873
0,0.3428837
0,0.27470315
0,0.2726117
0,0.22296214
0,0.18269542
0,0.22512633
0,0.25024265
0,0.27001855
0,0.27494842
0,0.29994118
0,0.22549208
0,0.20023695
0,0.2716406
0,0.3184746
0,0.3644412
0,0.2744781
0,0.32946593
0,0.26259458
0,0.29109144
0,0.2266453
0,0.17759061
0,0.23362522
0,0.19868895
0,0.291817
0,0.328791
0,0.27472806
0,0.25493687
0,0.33129328
0,0.4228557
0,0.47053474
0,0.48503
0,0.52343714
0,0.43452388
0,0.42578003
0,0.42394942
0,0.37091705
0,0.31441972
0,0.39579758
0,0.43802172
0,0.327445
0,0.33641067
0,0.52211595
0,0.43622646
0,0.34742185
0,0.31139326
0,0.3638029
0,0.4331711
0,0.36638752
0,0.44195512
0,0.4948216
0,0.42441982
0,0.3424185
0,0.4869431
0,0.49952674
0,0.4956093
0,0.5047399
0,0.46613768
0,0.4388884
0,0.3999015
0,0.28656262
0,0.25915736
0,0.2411641
0,0.21577962
0,0.25541475
0,0.22757505
0,0.19008365
0,0.18455
0,0.16511372
0,0.20435143
0,0.24181245
0,0.18087319
0,0.15146069
0,0.19576512
0,0.17401849
0,0.27923197
0,0.1957423
0,0.1828809
0,0.22101611
0,0.1698689
0,0.20830935
0,0.16486786
0,0.176145
0,0.16273543
0,0.1470607
0,0.18482666
0,0.14829631
0,0.18905541
0,0.2953722
0,0.32325757
0,0.31054112
0,0.24708892
0,0.2547974
0,0.27783573
0,0.29451025
0,0.30684936
0,0.23233646
0,0.38187024
0,0.24262354
0,0.21954913
0,0.17584081
0,0.14851485
0,0.14085782
0,0.14195652
0,0.16788982
0,0.1923828
0,0.15540375
0,0.1430256
0,0.14087349
0,0.16692047
0,0.19617082
0,0.17367569
0,0.16713475
0,0.20593615
0,0.20565157
0,0.27448612
0,0.21061425
0,0.20504713
0,0.18052077
0,0.22933641
0,0.28084022
0,0.29550153
0,0.2551485
0,0.22637443
0,0.35864985
0,0.4195453
0,0.35444188
0,0.3866937
0,0.3842556
0,0.36611673
0,0.27011034
0,0.24113995
0,0.2931881
0,0.29960778
0,0.32736304
0,0.35734725
0,0.33972585
0,0.31098437
0,0.21489938
0,0.18434972
0,0.15322548
0,0.18805596
0,0.21874233
0,0.24498597
0,0.30233294
0,0.3034527
0,0.23773436
0,0.20494735
0,0.256961
0,0.18298715
0,0.15866658
0,0.20796639
0,0.2500239
0,0.24996153
0,0.17352405
0,0.15608089
0,0.18817201
0,0.20878157
0,0.23977351
0,0.17568934
0,0.2404046
0,0.23117651
0,0.18933028
0,0.24463765
0,0.22411537
0,0.3185943
0,0.375856
0,0.38633582
0,0.3896352
0,0.33883357
0,0.26912293
0,0.37052444
0,0.38840744
0,0.27312258
0,0.22140804
0,0.31749743
0,0.22757202
0,0.23503746
0,0.1978519
0,0.15797178
0,0.2703927
0,0.21444559
0,0.17484559
0,0.23324537
0,0.2036392
0,0.1612214
0,0.14224303
0,0.19846089
0,0.22570872
0,0.24184114
0,0.18015222
0,0.15297641
0,0.15247372
0,0.16615023
0,0.16582282
0,0.17750226
0,0.15994805
0,0.14900291
0,0.17650789
0,0.2058191
0,0.23693417
0,0.17132558
0,0.15118554
0,0.13979024
0,0.18302552
0,0.1621739
0,0.19108583
0,0.15238495
0,0.16858941
0,0.16300532
0,0.15594341
0,0.13511288
0,0.16765302
0,0.19172321
0,0.22498928
0,0.3952036
0,0.34433296
0,0.23612174
0,0.1940832
0,0.26978922
0,0.37703776
0,0.60211277
0,0.39802355
0,0.41407362
0,0.35755163
0,0.2696851
0,0.21687578
0,0.26592585
0,0.2990046
0,0.32112688
0,0.349769
0,0.23349302
0,0.20145571
0,0.15960056
0,0.15359361
0,0.14483903
0,0.14681335
0,0.18117498
0,0.22066963
0,0.17295441
0,0.1786506
0,0.1716996
0,0.22210667
0,0.25629103
0,0.29738668
0,0.2806517
0,0.29080638
0,0.28675538
0,0.30855522
0,0.2569174
0,0.2340938
0,0.18821645
0,0.18030713
0,0.17724629
0,0.17419289
0,0.22435567
0,0.25146303
0,0.3223764
0,0.3158998
0,0.39719105
0,0.44760484
0,0.3423965
0,0.33914614
0,0.34996054
0,0.33381474
0,0.44335267
0,0.33701548
0,0.42714456
0,0.38775456
0,0.49642116
0,0.5013908
0,0.40638635
0,0.38713232
0,0.40929344
0,0.48369902
0,0.45764333
0,0.36328104
0,0.32240433
0,0.40136206
0,0.753559
0,0.5973135
0,0.4658879
0,0.37437868
0,0.3297492
0,0.34088784
0,0.35010073
0,0.4792886
0,0.43581077
0,0.36574942
0,0.4298046
0,0.425822
0,0.34398305
0,0.43662766
0,0.5320048
0,0.4479608
0,0.42878354
0,0.3928623
0,0.3402229
0,0.27969393
0,0.34732622
0,0.2835534
0,0.37514433
0,0.40869924
0,0.29826224
0,0.27069005
0,0.38216922
0,0.46506822
0,0.35041475
0,0.43648693
0,0.34863716
0,0.33688235
0,0.30312833
0,0.28815287
0,0.21793264
0,0.1901808
0,0.26640156
0,0.24093921
0,0.2328971
0,0.19164807
0,0.2078153
0,0.20275077
0,0.2748709
0,0.23246673
0,0.17935094
0,0.25697798
0,0.3134962
0,0.2480063
0,0.25081933
0,0.20880724
0,0.2858389
0,0.22444016
0,0.21399544
0,0.3187398
0,0.26947382
0,0.34152716
0,0.32683504
0,0.34003648
0,0.3170438
0,0.32123786
0,0.29425478
0,0.32352704
0,0.31582236
0,0.2714067
0,0.26664925
0,0.26364747
0,0.21000487
0,0.35343584
0,0.3120434
0,0.28393131
0,0.2847633
0,0.2947762
0,0.3205808
0,0.30805853
0,0.25961655
0,0.35278985
0,0.29340178
0,0.38270643
0,0.29437158
0,0.2813938
0,0.30999944
0,0.33663785
0,0.41211963
0,0.39500225
0,0.39676106
0,0.4623853
0,0.45844054
0,0.52234316
0,0.51204014
0,0.45202985
0,0.48113513
0,0.4506024
0,0.5263733
0,0.42990133
0,0.401441
0,0.34865853
0,0.32335886
0,0.28097817
0,0.37755477
0,0.27386644
0,0.251178
0,0.2392661
0,0.24806
0,0.27490556
0,0.2594984
0,0.25790626
0,0.2806962
0,0.2723746
0,0.35223398
0,0.30538356
0,0.33630234
0,0.35508272
0,0.30861202
0,0.32309848
0,0.29786628
0,0.4480012
0,0.4133415
0,0.44351345
0,0.4485601
0,0.45162645
0,0.3768749
0,0.32219827
0,0.31607938
0,0.29096442
0,0.25621027
0,0.23751453
0,0.2125946
0,0.19283211
0,0.18743499
0,0.28916013
0,0.3696735
0,0.2930018
0,0.23737371
0,0.30888087
0,0.24004264
0,0.26401234
0,0.30782616
0,0.24361047
0,0.24923538
0,0.22544217
0,0.20853837
0,0.18178491
0,0.16381274
0,0.1488445
0,0.14330545
0,0.19174537
0,0.15351751
0,0.14809075
0,0.148116
0,0.18345268
0,0.19736052
0,0.19121942
0,0.16765212
0,0.14810927
0,0.21063158
0,0.2837567
0,0.34205008
0,0.24246822
0,0.18826072
0,0.16362235
0,0.14717865
0,0.13966128
0,0.13249421
0,0.12929924
0,0.18246967
0,0.20351508
0,0.19960284
0,0.16099323
0,0.27246952
0,0.2672864
0,0.40513867
0,0.45249537
0,0.57468057
0,0.36662504
0,0.26169908
0,0.23659855
0,0.31865337
0,0.25213563
0,0.35829327
0,0.2649349
0,0.32378215
0,0.22894484
0,0.1879001
0,0.17380777
0,0.23398481
0,0.29320672
0,0.2498813
0,0.19789594
0,0.2536381
0,0.2609791
0,0.19440477
0,0.17323089
0,0.16921817
0,0.22853358
0,0.3020908
0,0.22196908
0,0.34321016
0,0.23554161
0,0.24725929
0,0.35104996
0,0.42684162
0,0.49355313
0,0.60834384
0,0.47902635
0,0.5117426
0,0.44879344
0,0.3803072
0,0.2871394
0,0.23995714
0,0.18779334
0,0.3397134
0,0.31117263
0,0.29032618
0,0.26865825
0,0.27192825
0,0.24249758
0,0.21570154
0,0.188005
0,0.17507046
0,0.23780508
0,0.25965428
0,0.20386738
0,0.20829552
0,0.17814718
0,0.24540092
0,0.18856043
0,0.17024587
0,0.2317698
0,0.19726712
0,0.20859496
0,0.16750139
0,0.14793608
0,0.14427333
0,0.14581664
0,0.13562731
0,0.17872381
0,0.19515617
0,0.18506247
0,0.22740005
0,0.16786069
0,0.2446259
0,0.18715487
0,0.18244018
0,0.20543626
0,0.19536921
0,0.21729378
0,0.20058891
0,0.20499063
0,0.1758167
0,0.15479136
0,0.13812667
0,0.18688546
0,0.28578755
0,0.23350546
0,0.18681397
0,0.24377489
0,0.34992316
0,0.26518402
0,0.20396943
0,0.17277339
0,0.190512
0,0.22875467
0,0.20183788
0,0.20452306
0,0.19406563
0,0.1832322
0,0.16463368
0,0.15198264
0,0.18957025
0,0.170222
0,0.1697477
0,0.1485864
0,0.13525438
0,0.13401484
0,0.1263565
0,0.17402267
0,0.14718914
0,0.13997802
0,0.13819733
0,0.1291667
0,0.13697213
0,0.13253865
0,0.13397416
0,0.13252376
0,0.15920363
0,0.1650167
0,0.15244107
0,0.14876477
0,0.20405102
0,0.1838445
0,0.2416567
0,0.19154564
0,0.17608474
0,0.16907246
0,0.16978632
0,0.24885593
0,0.35119882
0,0.30389255
0,0.29303598
0,0.25049287
0,0.21479449
0,0.20044819
0,0.1776595
0,0.28462547
0,0.2092249
0,0.22790816
0,0.25693485
0,0.22446813
0,0.20842116
0,0.17012893
0,0.15319319
0,0.2134934
0,0.16096534
0,0.22262964
0,0.27835035
0,0.21703672
0,0.19442195
0,0.16499807
0,0.26004615
0,0.32868713
0,0.23474346
0,0.3138413
1,0.33673498
1,0.23604615
1,0.22815135
1,0.19313043
1,0.166401
1,0.14441887
1,0.3929987
1,0.4179911
1,0.2700692
1,0.23944762
1,0.1966167
1,0.16755307
1,0.15800154
1,0.26235282
1,0.32200047
0,0.9560242
0,0.89079875
0,0.78345656
0,0.14379421
0,0.1437453
0,0.17822874
0,0.17959514
0,0.17154253
0,0.24027944
0,0.20298122
0,0.16874547
0,0.1697524
0,0.25264794
0,0.20082985
0,0.21943921
0,0.20579551
0,0.20368445
0,0.34833935
0,0.32647955
0,0.28233266
0,0.29248875
0,0.30766192
0,0.269738
0,0.22451761
0,0.23600101
0,0.27107236
0,0.2781489
0,0.36960587
0,0.4601255
0,0.40192795
0,0.508106
0,0.47283167
0,0.4416336
0,0.35857883
0,0.25571984
0,0.20420234
0,0.1800846
0,0.16546355
0,0.16055425
0,0.15081237
0,0.15283862
0,0.1487445
0,0.26515314
0,0.19821756
0,0.24201453
0,0.17857145
0,0.15927021
0,0.15386868
0,0.15098947
0,0.13879156
0,0.1363921
0,0.18557276
0,0.15734749
0,0.1475931
0,0.15633917
0,0.15591376
0,0.13643193
0,0.13033687
0,0.13202687
0,0.18192784
0,0.2112771
0,0.2229555
0,0.18134466
0,0.15992811
0,0.22975786
0,0.16462956
0,0.2475321
0,0.17287286
0,0.23090188
0,0.24943046
0,0.20021237
0,0.17322671
0,0.17269935
0,0.1524472
0,0.2277703
0,0.17179815
0,0.14622298
0,0.15959929
0,0.15554234
0,0.20385543
0,0.2937478
0,0.22437476
0,0.19378667
0,0.16684324
0,0.21765035
0,0.2202692
0,0.17226441
0,0.14480336
0,0.13782866
0,0.13105567
0,0.13064557
0,0.1291938
0,0.1273086
0,0.121718675
0,0.12089265
0,0.123140074
0,0.12576891
0,0.13297012
0,0.14660618
0,0.14724135
0,0.15032952
0,0.16062208
0,0.16801614
0,0.17652039
0,0.24188319
0,0.21134208
0,0.27866867
0,0.3416034
0,0.2857368
0,0.30323315
0,0.30958
0,0.31078216
0,0.43008423
0,0.3344748
0,0.50123966
0,0.58924496
0,0.4688558
0,0.43945414
0,0.3544625
0,0.45282608
0,0.29979372
0,0.36834997
0,0.41665095
0,0.32474786
0,0.2946739
0,0.27431467
0,0.3788675
0,0.2636755
0,0.37388107
0,0.41738313
0,0.27789724
0,0.22849338
0,0.19174045
0,0.17152327
0,0.15691967
0,0.15310906
0,0.21331906
0,0.17257169
0,0.24027924
0,0.17768647
0,0.15503007
0,0.1386721
0,0.13202298
0,0.12636325
0,0.12701313
0,0.12574689
0,0.17390266
0,0.20274085
0,0.16939864
0,0.1480832
0,0.15094054
0,0.19820902
0,0.25757232
0,0.33104914
0,0.4273322
0,0.28232732
0,0.20402755
0,0.17683963
0,0.15781035
0,0.14917414
0,0.14121549
0,0.23176326
0,0.17608786
0,0.19714805
0,0.18841794
0,0.16745768
0,0.24548136
0,0.18792848
0,0.2011157
0,0.20301089
0,0.16533478
0,0.14981358
0,0.14640693
0,0.1399505
0,0.1382519
0,0.14911143
0,0.14335974
0,0.15218274
0,0.15428357
0,0.15278998
0,0.15731087
0,0.22661953
0,0.19541235
0,0.21080177
0,0.2158296
0,0.17701268
0,0.21797937
0,0.15909171
0,0.15611127
0,0.14130998
0,0.1343257
0,0.17612584
0,0.1410131
0,0.18472807
0,0.15627755
0,0.1429287
0,0.14041647
0,0.1364583
0,0.17587632
0,0.20585324
0,0.15852875
0,0.14397477
0,0.1358772
0,0.13150409
0,0.13680114
0,0.14566074
0,0.14091554
0,0.18637608
0,0.22185601
0,0.27441594
0,0.20646363
0,0.215411
0,0.17568165
0,0.16302703
0,0.21491192
0,0.27237135
0,0.23113577
0,0.17521071
0,0.15568538
0,0.16286391
0,0.142979
0,0.13368663
0,0.13337745
0,0.1761278
0,0.14846164
0,0.139377
0,0.13575543
0,0.15070425
0,0.14452872
0,0.18484487
0,0.1533041
0,0.14900926
0,0.14180195
0,0.19239514
0,0.16155612
0,0.15561338
0,0.14715241
0,0.21126072
0,0.26023898
0,0.20138042
0,0.26253393
0,0.2044747
0,0.17629413
0,0.18816854
0,0.18325941
0,0.25388438
0,0.19890417
0,0.277795
0,0.21027564
0,0.2746686
0,0.18493365
0,0.17546149
0,0.15822469
0,0.1993266
0,0.24081652
0,0.17525984
0,0.23287763
0,0.2623222
0,0.1797248
0,0.16156077
0,0.14857665
0,0.19211657
0,0.23421463
0,0.2872549
0,0.35429624
0,0.3623486
0,0.22570089
0,0.21447872
0,0.16930972
0,0.14860019
0,0.22172804
0,0.1714042
0,0.14431518
0,0.19228624
0,0.18128937
0,0.15301539
0,0.13689548
0,0.129315
0,0.12279258
0,0.16336885
0,0.1360337
0,0.16128916
0,0.1442064
0,0.13591208
0,0.13572462
0,0.1300128
0,0.12906235
0,0.12541716
0,0.12654996
0,0.13125521
0,0.1382896
0,0.15224795
0,0.16955796
0,0.19514571
0,0.2150743
0,0.24046285
0,0.23836263
0,0.31428033
0,0.26863772
0,0.26597002
0,0.27523282
0,0.27612576
0,0.3818684
0,0.31411946
0,0.41434425
0,0.32055163
0,0.30371374
0,0.29890788
0,0.29120737
0,0.41184226
0,0.32595098
0,0.30832443
0,0.39624783
0,0.33038306
0,0.34490475
0,0.29573128
0,0.27328852
0,0.26367438
0,0.2498153
0,0.24068989
0,0.23310655
0,0.21806286
0,0.23174879
0,0.21421428
0,0.2830958
0,0.23124443
0,0.21361774
0,0.2145819
0,0.21521531
0,0.21833047
0,0.24853027
0,0.24402094
0,0.2486384
0,0.2550323
0,0.25244308
0,0.35240862
0,0.3716283
0,0.30903924
0,0.31549972
0,0.3079228
0,0.29003936
0,0.4084808
0,0.33842
0,0.29651874
0,0.3703552
0,0.30911535
0,0.28230485
0,0.26892066
0,0.3583934
0,0.38990775
0,0.2779113
0,0.22384416
0,0.26710528
0,0.20684327
0,0.18885861
0,0.16709293
0,0.15552391
0,0.21328402
0,0.1691764
0,0.15771754
0,0.18829584
0,0.16099057
0,0.15233587
0,0.14776683
0,0.15116681
0,0.16379514
0,0.16913049
0,0.21759239
0,0.19638424
0,0.18701896
0,0.19060166
0,0.2021997
0,0.2661801
0,0.23325875
0,0.2280579
0,0.24971448
0,0.23126706
0,0.22292803
0,0.2589858
0,0.2643289
0,0.25687242
0,0.35543528
0,0.296445
0,0.38938773
0,0.38761595
0,0.32079273
0,0.30457023
0,0.28422922
0,0.26869166
0,0.36670944
0,0.41357705
0,0.31669554
0,0.33776647
0,0.30134597
0,0.22804725
0,0.19880982
0,0.1780756
0,0.26138645
0,0.32598814
0,0.21474029
0,0.17853653
0,0.15783781
0,0.14491206
0,0.13727859
0,0.13647993
0,0.1325265
0,0.13699026
0,0.1444363
0,0.15204415
0,0.16230476
0,0.17912365
0,0.1962765
0,0.21392114
0,0.22345425
0,0.23181939
0,0.23969749
0,0.285423
0,0.27903673
0,0.26622358
0,0.2790007
0,0.26969165
0,0.26754946
0,0.2660863
0,0.2641258
0,0.2617389
0,0.2651281
0,0.26732156
0,0.26678118
0,0.26627213
0,0.38196656
0,0.44574112
0,0.3576759
0,0.32711506
0,0.29493102
0,0.28487724
0,0.28717387
0,0.28167015
0,0.39524874
0,0.3086525
0,0.29303592
0,0.2942816
0,0.2749867
0,0.2683772
0,0.3980561
0,0.33221588
0,0.43549284
0,0.33049557
0,0.29607305
0,0.2646075
0,0.25558853
0,0.22836535
0,0.24351229
0,0.20243071
0,0.1912679
0,0.19067556
0,0.19852643
0,0.20841247
0,0.22215757
0,0.22220734
0,0.33755583
0,0.2812946
0,0.28237423
0,0.3480168
0,0.28093472
0,0.2555526
0,0.24882187
0,0.2687881
0,0.2592339
0,0.34491202
0,0.28252682
0,0.36303908
0,0.34230307
0,0.30578956
0,0.30692095
0,0.3969341
0,0.47350603
0,0.33799335
0,0.28124973
0,0.33681294
0,0.2547073
0,0.19463697
0,0.16809249
0,0.15822268
0,0.15144597
0,0.14378147
0,0.1434984
0,0.17723438
0,0.15611754
0,0.1661365
0,0.15038672
0,0.15181433
0,0.21169856
0,0.16722241
0,0.23240454
0,0.18004085
0,0.17299183
0,0.168971
0,0.16437519
0,0.17701809
0,0.23130682
0,0.282864
0,0.3484342
0,0.24900062
0,0.20759426
0,0.22995457
0,0.23849727
0,0.2130166
0,0.19946629
0,0.19299208
0,0.18157768
0,0.18667181
0,0.18541466
0,0.1809122
0,0.19191466
0,0.196378
0,0.20140578
0,0.22287643
0,0.23400322
0,0.2920051
0,0.27644172
0,0.27206275
0,0.35729462
0,0.28693143
0,0.27681655
0,0.26561466
0,0.34921527
0,0.35554454
0,0.30196866
0,0.2818457
0,0.2869584
0,0.3929958
0,0.4388303
0,0.48130858
0,0.37130162
0,0.45518878
0,0.39616248
0,0.48252842
0,0.32889643
0,0.23469333
0,0.1659143
0,0.14720885
0,0.13724063
0,0.15420444
0,0.14232966
0,0.1300269
0,0.17704026
0,0.22000515
0,0.16830018
0,0.1507201
0,0.18880472
0,0.15708314
0,0.1458938
0,0.13578601
0,0.1366541
0,0.14164297
0,0.17921491
0,0.2024877
0,0.23108585
0,0.17324196
0,0.1751452
0,0.15910773
0,0.21337356
0,0.1685619
0,0.1551525
0,0.1478325
0,0.17873627
0,0.14550385
0,0.13664342
0,0.13341843
0,0.13423
0,0.1366292
0,0.142239
0,0.15395382
0,0.16046919
0,0.17089103
0,0.1879148
0,0.19254707
0,0.20143302
0,0.2177937
0,0.21359807
0,0.22340162
0,0.22911856
0,0.23109585
0,0.24778278
0,0.25291193
0,0.26495394
0,0.26044494
0,0.2681317
0,0.26843777
0,0.26501656
0,0.25307134
0,0.28080368
0,0.25993496
0,0.26553327
0,0.26692602
0,0.26657462
0,0.36699873
0,0.3006056
0,0.33404946
0,0.29079643
0,0.2838683
0,0.27623546
0,0.26743883
0,0.2613161
0,0.26302183
0,0.26088205
0,0.30314422
0,0.27897784
0,0.27747577
0,0.27361968
0,0.38360968
0,0.45637107
0,0.47644714
0,0.44761744
0,0.3516457
0,0.32066905
0,0.2840238
0,0.3853061
0,0.31479412
0,0.2790576
0,0.2596633
0,0.23624696
0,0.22132619
0,0.21315892
0,0.20548812
0,0.1972563
0,0.18708804
0,0.18287317
0,0.17200658
0,0.1953044
0,0.17781524
0,0.17988664
0,0.18444057
0,0.24293749
0,0.21676646
0,0.21419963
0,0.21516545
0,0.2496984
0,0.25110725
0,0.24614303
0,0.26108652
0,0.26351944
0,0.25984952
0,0.26684555
0,0.3341607
0,0.34424517
0,0.32445702
0,0.41600448
0,0.4629266
0,0.37582862
0,0.45462856
0,0.35041183
0,0.30449066
0,0.31320837
0,0.25909144
0,0.22489172
0,0.20551342
0,0.26117694
0,0.20466849
0,0.18579206
0,0.16974275
0,0.18133765
0,0.16758922
0,0.15179554
0,0.22020708
0,0.17136559
0,0.15111002
0,0.14353855
0,0.16421184
0,0.14610553
0,0.1461984
0,0.14648229
0,0.15399212
0,0.16549578
0,0.227604
0,0.25457567
0,0.21427758
0,0.23730937
0,0.24696483
0,0.23485748
0,0.3398965
0,0.26944968
0,0.31913662
0,0.26372516
0,0.2661116
0,0.22199978
0,0.19660857
0,0.2082149
0,0.19874981
0,0.19144571
0,0.19102833
0,0.20097414
0,0.20142251
0,0.2013259
0,0.21260485
0,0.26521313
0,0.22416058
0,0.21756157
0,0.20978624
0,0.25420126
0,0.26080438
0,0.24235183
0,0.22178599
0,0.28809413
0,0.26408482
0,0.3597173
0,0.27407828
0,0.24265267
0,0.22852331
0,0.21359897
0,0.2537549
0,0.32681125
0,0.28304744
0,0.27507105
0,0.26335925
0,0.2459915
0,0.22528146
0,0.20949093
0,0.20560698
0,0.2708149
0,0.30629754
0,0.35926244
0,0.24632199
0,0.29291445
0,0.21448734
0,0.18297303
0,0.1708961
0,0.1667521
0,0.15926021
0,0.2253473
0,0.18847808
0,0.17035516
0,0.1624454
0,0.18723455
0,0.17908837
0,0.18102378
0,0.178461
0,0.17189051
0,0.20887724
0,0.18045765
0,0.17160542
0,0.16247585
0,0.16537252
0,0.16601989
0,0.17613661
0,0.24740095
0,0.273661
0,0.26594144
0,0.209179
0,0.21528134
0,0.33728904
0,0.4361784
0,0.49995935
0,0.3959483
0,0.30122223
0,0.21949618
0,0.20815644
0,0.17890881
0,0.1583573
0,0.20729533
0,0.16258834
0,0.18349896
0,0.20575762
0,0.16447376
0,0.14705831
0,0.1366075
0,0.13430148
0,0.1287278
0,0.12255637
0,0.1250706
0,0.12451001
0,0.12686849
0,0.1347069
0,0.14508854
0,0.1599138
0,0.18056832
0,0.2055795
0,0.26330054
0,0.23542744
0,0.23270896
0,0.25322533
0,0.26486367
0,0.25924718
0,0.26344877
0,0.2797983
0,0.26498592
0,0.3343859
0,0.29253075
0,0.30498567
0,0.3048351
0,0.39739442
0,0.3392508
0,0.4247754
0,0.4723954
0,0.36877644
0,0.3122596
0,0.28502214
0,0.2688537
0,0.2628801
0,0.2685534
0,0.2563439
0,0.24590953
0,0.25167412
0,0.24724907
0,0.23664907
0,0.31636092
0,0.3536746
0,0.39334998
0,0.43973854
0,0.293206
0,0.21629249
0,0.1840644
0,0.1736503
0,0.15931351
0,0.15470946
0,0.15549824
0,0.1576191
0,0.16689806
0,0.1747198
0,0.1887384
0,0.22484621
0,0.29562846
0,0.36308298
0,0.4061921
0,0.46622455
0,0.4755978
0,0.42430925
0,0.33427563
0,0.2217317
0,0.1848508
0,0.15508407
0,0.13908187
0,0.13522522
0,0.13019057
0,0.1280577
0,0.13122724
0,0.13475384
0,0.1359585
0,0.18233013
0,0.15405567
0,0.14373761
0,0.17418016
0,0.15087257
0,0.15679777
0,0.14601015
0,0.14491284
0,0.14596304
0,0.1507814
0,0.14986818
0,0.15547964
0,0.16853927
0,0.19334976
0,0.2230866
0,0.34129125
0,0.31209472
0,0.29816675
0,0.41723636
0,0.4196633
0,0.39420164
0,0.31275368
0,0.28243226
0,0.26051772
0,0.33033812
0,0.2572943
0,0.22685733
0,0.25496802
0,0.23678893
0,0.21457253
0,0.33404258
0,0.24917382
0,0.21032238
0,0.29314843
0,0.21532518
0,0.17848955
0,0.15830627
0,0.14418593
0,0.13569821
0,0.18326892
0,0.22595002
0,0.28374964
0,0.19766238
0,0.16847725
0,0.15792184
0,0.14972728
0,0.14453869
0,0.20869109
0,0.1655408
0,0.23645145
0,0.30998832
0,0.18923087
0,0.163604
0,0.15022743
0,0.14028071
0,0.1907171
0,0.1527828
0,0.14132261
0,0.14175159
0,0.13845164
0,0.13119286
0,0.1342143
0,0.13175116
0,0.13151498
0,0.13668878
0,0.15174343
0,0.16014048
0,0.17748934
0,0.20014821
0,0.21409203
0,0.22829685
0,0.22853291
0,0.31236547
0,0.27093843
0,0.2605868
0,0.26835385
0,0.26351947
0,0.27351707
0,0.2649468
0,0.38809845
0,0.32448232
0,0.30174437
0,0.2780049
0,0.2715191
0,0.26601714
0,0.2663623
0,0.2607776
0,0.26085964
0,0.27882433
0,0.26237586
0,0.26235527
0,0.26109222
0,0.26002723
0,0.25446278
0,0.25048214
0,0.25374764
0,0.26168278
0,0.2498802
0,0.26775596
0,0.27011684
0,0.26880684
0,0.26759094
0,0.26787886
0,0.28445834
0,0.26272115
0,0.36789122
0,0.3063825
0,0.33075416
0,0.31583077
0,0.2931857
0,0.4088531
0,0.3217231
0,0.43501428
0,0.32791463
0,0.29438907
0,0.32195643
0,0.2905249
0,0.28197688
0,0.27741405
0,0.26463795
0,0.2664803
0,0.268743
0,0.31643966
0,0.3099376
0,0.2925892
0,0.38046455
0,0.4130397
0,0.458019
0,0.3297042
0,0.38388693
0,0.27490488
0,0.24332769
0,0.1914707
0,0.1708072
0,0.15750141
0,0.15847027
0,0.14716905
0,0.18242487
0,0.16122387
0,0.15186505
0,0.15159778
0,0.20278409
0,0.2406712
0,0.17640223
0,0.16107918
0,0.14836232
0,0.16036567
0,0.14349389
0,0.13701528
0,0.13625833
0,0.13431656
0,0.19370778
0,0.16569275
0,0.1610096
0,0.16046534
0,0.17250578
0,0.2042236
0,0.23636058
0,0.31492648
0,0.2762749
0,0.25467232
0,0.28297815
0,0.24949382
0,0.2276202
0,0.22228439
0,0.22059825
0,0.28077403
0,0.3495085
0,0.38596976
0,0.27971488
0,0.22909251
0,0.24909675
0,0.25081432
0,0.24208108
0,0.2234039
0,0.21660346
0,0.21383372
0,0.20540392
0,0.20059659
0,0.20240293
0,0.23063038
0,0.2243985
0,0.22310194
0,0.28565267
0,0.23898505
0,0.23698789
0,0.24009562
0,0.2414642
0,0.23878804
0,0.32401863
0,0.3855886
0,0.28910452
0,0.2742934
0,0.25709423
0,0.2527027
0,0.2490295
0,0.27538937
0,0.2770756
0,0.38159835
0,0.31540453
0,0.2953577
0,0.29045868
0,0.30047056
0,0.28415447
0,0.27244616
0,0.259999
0,0.24999951
0,0.24041599
0,0.3073903
0,0.26485595
0,0.2783493
0,0.24755765
0,0.24324943
0,0.2514291
0,0.25130174
0,0.25228286
0,0.25079408
0,0.24659944
0,0.26871556
0,0.26690996
0,0.25754303
0,0.25377807
0,0.25568298
0,0.25063983
0,0.25177857
0,0.30365083
0,0.27335334
0,0.26048207
0,0.3821584
0,0.30418184
0,0.43005618
0,0.47994187
0,0.3808818
0,0.38503155
0,0.34417528
0,0.45118195
0,0.3530152
0,0.31064472
0,0.2792216
0,0.2637604
0,0.29244784
0,0.24619623
0,0.21170916
0,0.18889338
0,0.16786203
0,0.15765391
0,0.14987297
0,0.14681374
0,0.14950243
0,0.15344429
0,0.1610389
0,0.17425086
0,0.18500307
0,0.20090453
0,0.21098673
0,0.2206387
0,0.24423528
0,0.2765963
0,0.263413
0,0.37348574
0,0.32170814
0,0.43390688
0,0.3335485
0,0.3179321
0,0.35535714
0,0.3538899
0,0.31707653
0,0.28329578
0,0.27841535
0,0.27734786
0,0.26321596
0,0.3382401
0,0.29238266
0,0.2775725
0,0.26768
0,0.37477183
0,0.29529053
0,0.2768739
0,0.25532338
0,0.2402788
0,0.2273956
0,0.2208912
0,0.21481726
0,0.21937096
0,0.22638401
0,0.22602579
0,0.322618
0,0.28458628
0,0.26993704
0,0.28563964
0,0.26892886
0,0.2773898
0,0.2580245
0,0.27356035
0,0.25944972
0,0.26010144
0,0.3050368
0,0.29040352
0,0.28436795
0,0.40678018
0,0.4601805
0,0.5089413
0,0.39553759
0,0.34691915
0,0.32249352
0,0.3147098
0,0.4055121
0,0.506531
0,0.6030339
0,0.4786314
0,0.5422305
0,0.51324296
0,0.41845798
0,0.279032
0,0.19559735
0,0.15562797
0,0.14427216
0,0.20272598
0,0.15496717
0,0.1374942
0,0.1469876
0,0.13268852
0,0.12722424
0,0.12363925
0,0.1238979
0,0.18147029
0,0.20289546
0,0.20290644
0,0.19985078
0,0.16618687
0,0.14878237
0,0.20141818
0,0.15673298
0,0.22285546
0,0.25864047
0,0.17764314
0,0.15692143
0,0.15205002
0,0.14695944
0,0.14385028
0,0.14552674
0,0.14371884
0,0.13948393
0,0.16000631
0,0.1593897
0,0.15165211
0,0.15285577
0,0.14722331
0,0.14585857
0,0.21091077
0,0.17309369
0,0.19505055
0,0.18138243
0,0.17724805
0,0.2568482
0,0.22137302
0,0.2163508
0,0.2937194
0,0.23159732
0,0.21003102
0,0.1985485
0,0.24927835
0,0.3122389
0,0.29802758
0,0.58983094
0,0.6929707
0,0.5289142
0,0.37838864
0,0.2578594
0,0.18862322
0,0.15611497
0,0.14951882
0,0.13791148
0,0.13235885
0,0.12914535
0,0.14752659
0,0.13678896
0,0.21840401
0,0.17045945
0,0.15458666
0,0.15030847
0,0.14218065
0,0.14695741
0,0.1515373
0,0.23753439
0,0.17984816
0,0.16367638
0,0.15568697
0,0.22453836
0,0.27265853
0,0.20003662
0,0.1893692
0,0.20275466
0,0.17386658
0,0.40275532
0,0.30627602
0,0.27239308
0,0.32092163
0,0.23660244
0,0.19263649
0,0.17018004
0,0.16191556
0,0.16117218
0,0.16054976
0,0.16090256
0,0.18291086
0,0.17877452
0,0.30173975
0,0.23557691
0,0.19197975
0,0.17430902
0,0.1822717
0,0.19988544
0,0.2505042
0,0.20173697
0,0.18157814
0,0.17363939
0,0.17278835
0,0.20333281
0,0.2281585
0,0.22410882
0,0.2342134
0,0.2539004
0,0.24202399
0,0.2636749
0,0.25759867
0,0.24868856
0,0.25523952
0,0.2463944
0,0.24883378
0,0.25057796
0,0.2462858
0,0.26540875
0,0.25863785
0,0.25821176
0,0.26656047
0,0.26185682
0,0.2715394
0,0.25815383
0,0.25527415
0,0.2580845
0,0.25649872
0,0.26043355
0,0.25067958
0,0.38043925
0,0.3210509
0,0.30382195
0,0.2979661
0,0.30904686
0,0.29350778
0,0.3688647
0,0.3217813
0,0.29669753
0,0.36672693
0,0.36398238
0,0.30655196
0,0.28701854
0,0.2977122
0,0.2804668
0,0.27310085
0,0.26355997
0,0.2677962
0,0.30638853
0,0.29726195
0,0.4191084
0,0.33342564
0,0.30582353
0,0.28423047
0,0.25595027
0,0.2527266
0,0.24557208
0,0.2441445
0,0.3421962
0,0.2748108
0,0.41918594
0,0.3184863
0,0.27194768
0,0.24853012
0,0.23493719
0,0.2352566
0,0.2574152
0,0.2526006
0,0.3435315
0,0.27790892
0,0.24635553
0,0.21713415
0,0.20457125
0,0.20507558
0,0.20585959
0,0.2793983
0,0.2214556
0,0.21165684
0,0.26353854
0,0.21827978
0,0.21446547
0,0.19660747
0,0.19083633
0,0.19343549
0,0.19623116
0,0.2690319
0,0.22810964
0,0.2248537
0,0.26673222
0,0.2630599
0,0.26992825
0,0.4028308
0,0.3231728
0,0.29362026
0,0.27722117
0,0.31463787
0,0.2775122
0,0.270027
0,0.27700815
0,0.26741964
0,0.26246357
0,0.37357447
0,0.37941805
0,0.32260013
0,0.2951053
0,0.29605252
0,0.42118385
0,0.32176867
0,0.44913283
0,0.33898804
0,0.27465153
0,0.22039485
0,0.18210392
0,0.1671775
0,0.15465273
0,0.17682235
0,0.25564373
0,0.20198096
0,0.23196939
0,0.1841069
0,0.16511382
0,0.15291113
0,0.23357801
0,0.1799756
0,0.15692541
0,0.14825508
0,0.1819933
0,0.17956905
0,0.15377231
0,0.154157
0,0.14989148
0,0.15004079
0,0.14916308
0,0.14705323
0,0.14755596
0,0.1514101
0,0.1639898
0,0.18290627
0,0.17266342
0,0.17833045
0,0.25088072
0,0.19998428
0,0.23216845
0,0.20094064
0,0.1925771
0,0.18816294
0,0.211339
0,0.2107884
0,0.22508898
0,0.22727664
0,0.23698096
0,0.24193119
0,0.2620824
0,0.2606475
0,0.25890774
0,0.2621769
0,0.26516154
0,0.2626581
0,0.30640745
0,0.27816522
0,0.27254036
0,0.27196038
0,0.2699425
0,0.26328546
0,0.38152805
0,0.30912432
0,0.30015966
0,0.32050955
0,0.29303658
0,0.44051674
0,0.3587816
0,0.31360322
0,0.33667833
0,0.38896087
0,0.3272221
0,0.29916865
0,0.28751963
0,0.27085492
0,0.2627609
0,0.39397496
0,0.32325897
0,0.37059304
0,0.28933904
0,0.24643107
0,0.21116021
0,0.18708913
0,0.17337975
0,0.16701789
0,0.22439152
0,0.18830152
0,0.17202154
0,0.173588
0,0.16380759
0,0.24894078
0,0.33819997
0,0.45768523
0,0.31074524
0,0.23994508
0,0.1995708
0,0.18285343
0,0.16036509
0,0.14869124
0,0.13950872
0,0.2154148
0,0.1713249
0,0.1561829
0,0.149503
0,0.14548111
0,0.14426574
0,0.22852114
0,0.3235407
0,0.22892329
0,0.18104145
0,0.16265184
0,0.1585204
0,0.15085939
0,0.14468324
0,0.13976966
0,0.12923071
0,0.13261817
0,0.13357903
0,0.13637452
0,0.14532048
0,0.17333439
0,0.20879336
0,0.2150375
0,0.32704568
0,0.255153
0,0.22790949
0,0.21697363
0,0.21993402
0,0.21801607
0,0.22391663
0,0.23552188
0,0.23665062
0,0.2441529
0,0.24854496
0,0.25192255
0,0.2537161
0,0.26350167
0,0.2673624
0,0.27270198
0,0.2812956
0,0.28753835
0,0.3646394
0,0.29863745
0,0.27664912
0,0.27968067
0,0.29659128
0,0.28250057
0,0.26833394
0,0.28379184
0,0.35744634
0,0.29821235
0,0.29025635
0,0.2894378
0,0.28010955
0,0.26578254
0,0.26991016
0,0.27329704
0,0.3455672
0,0.36061484
0,0.30825943
0,0.29894695
0,0.29057345
0,0.54699564
0,0.61152756
0,0.45118845
0,0.37490836
0,0.3281692
0,0.30677795
0,0.27770683
0,0.24498625
0,0.39135927
0,0.30101058
0,0.24431829
0,0.19809897
0,0.16906601
0,0.15419617
0,0.24979603
0,0.18669608
0,0.16335334
0,0.15518337
0,0.14552034
0,0.13385867
0,0.13276619
0,0.12752947
0,0.13065654
0,0.13229993
0,0.13660192
0,0.14446464
0,0.14756493
0,0.1642669
0,0.18275145
0,0.19339561
0,0.25151098
0,0.26457596
0,0.26530066
0,0.3004455
0,0.2965644
0,0.3087187
0,0.31227884
0,0.31431544
0,0.31297922
0,0.28642645
0,0.27299267
0,0.27350459
0,0.26967672
0,0.2901545
0,0.3183722
0,0.32302818
0,0.30433857
0,0.28846082
0,0.27550182
0,0.28267625
0,0.27740598
0,0.2670927
0,0.267503
0,0.27261883
0,0.28834563
0,0.28567728
0,0.26713228
0,0.38029045
0,0.30682608
0,0.28993437
0,0.2840221
0,0.27892584
0,0.26742995
0,0.2749891
0,0.28821173
0,0.27501163
0,0.28158903
0,0.2717948
0,0.26661894
0,0.26396677
0,0.25804317
0,0.41535962
0,0.316183
0,0.29735062
0,0.27828476
0,0.27235183
0,0.28225943
0,0.26608354
0,0.41925257
0,0.34938705
0,0.32382363
0,0.31612584
0,0.29297206
0,0.29926842
0,0.29399058
0,0.28604507
0,0.28902978
0,0.28503522
0,0.29172528
0,0.2930652
0,0.2811654
0,0.31110007
0,0.28033444
0,0.28440303
0,0.28225365
0,0.4168079
0,0.33100522
0,0.3060349
0,0.2732012
0,0.27736813
0,0.27800646
0,0.2705988
0,0.27642614
0,0.2689835
0,0.26246107
0,0.25066727
0,0.26469707
0,0.29558134
0,0.29638085
0,0.27776316
0,0.42192736
0,0.33169147
0,0.43925837
0,0.3345547
0,0.35653874
0,0.31631336
0,0.29746136
0,0.2789451
0,0.3992207
0,0.30843166
0,0.38076815
0,0.2981439
0,0.26265746
0,0.22699338
0,0.20054147
0,0.34523824
0,0.22888246
0,0.19345996
0,0.16260152
0,0.19076625
0,0.18167023
0,0.15225655
0,0.13907145
0,0.13234198
0,0.13519214
0,0.20684367
0,0.1617778
0,0.19110991
0,0.15893975
0,0.15956545
0,0.2487358
0,0.1887593
0,0.30601832
0,0.42585602
0,0.28919795
0,0.20830213
0,0.1736463
0,0.16722205
0,0.15716189
0,0.14531982
0,0.13936666
0,0.13588512
0,0.13964695
0,0.13342166
0,0.13425072
0,0.13329491
0,0.2045111
0,0.16713421
0,0.2529715
0,0.34873882
0,0.24107511
0,0.25898027
0,0.18728559
0,0.1681974
0,0.15863536
0,0.14213607
0,0.13884597
0,0.14201413
0,0.1376156
0,0.16297
0,0.15338539
0,0.15003756
0,0.17179632
0,0.1754838
0,0.16938703
0,0.16712148
0,0.19674356
0,0.17152481
0,0.1618624
0,0.1597128
0,0.16514215
0,0.17323948
0,0.17709681
0,0.18984687
0,0.20216478
0,0.21448646
0,0.24857588
0,0.25632438
0,0.4222437
0,0.32447705
0,0.30091202
0,0.40744725
0,0.41743708
0,0.33734915
0,0.30420858
0,0.28876188
0,0.27869317
0,0.2762133
0,0.2779053
0,0.2790387
0,0.26775572
0,0.27117574
0,0.26114795
0,0.2596198
0,0.25834033
0,0.25299546
0,0.25621632
0,0.25348538
0,0.25265318
0,0.2485654
0,0.24674809
0,0.2563552
0,0.26082128
0,0.26326266
0,0.2665631
0,0.26846007
0,0.26951215
0,0.26918414
0,0.28734297
0,0.26368576
0,0.41826546
0,0.32863978
0,0.4752815
0,0.5116998
0,0.49394387
0,0.45243138
0,0.36846736
0,0.5198971
0,0.38564485
0,0.6129288
0,0.4705096
0,0.54232204
0,0.39159054
0,0.3486874
0,0.23438765
0,0.19058047
0,0.1523483
0,0.1394603
0,0.13099392
0,0.1266682
0,0.12117423
0,0.12258878
0,0.12352391
0,0.2545068
0,0.17889096
0,0.16554692
0,0.14798857
0,0.14735734
0,0.16711682
0,0.15369374
0,0.15410797
0,0.23755805
0,0.1930961
0,0.17466192
0,0.16535741
0,0.1612918
0,0.1839148
0,0.20660852
0,0.20341429
0,0.27998188
0,0.27263385
0,0.26281768
0,0.25537738
0,0.29769877
0,0.25314274
0,0.22817102
0,0.29816967
0,0.23112361
0,0.21170051
0,0.3060546
0,0.23636776
0,0.20456184
0,0.19009408
0,0.25360194
0,0.24674344
0,0.23777422
0,0.23088406
0,0.3192422
0,0.2750858
0,0.25683117
0,0.24912691
0,0.25767076
0,0.25244695
0,0.26171792
0,0.3843309
0,0.29727006
0,0.2718181
0,0.24367346
0,0.23445636
0,0.23954594
0,0.2500074
0,0.23842682
0,0.34839493
0,0.45419845
0,0.4854497
0,0.35878614
0,0.39922905
0,0.3328408
0,0.26789635
0,0.24583004
0,0.20744392
0,0.1735038
0,0.21462533
0,0.2185842
0,0.19137399
0,0.1649397
0,0.2633001
0,0.18124364
0,0.1637809
0,0.14451869
0,0.13562433
0,0.13061254
0,0.13135146
0,0.12735097
0,0.12539911
0,0.12356911
0,0.12831537
0,0.17904885
0,0.20835577
0,0.17400615
0,0.17753816
0,0.1658565
0,0.18854617
0,0.20037463
0,0.20110022
0,0.2540545
0,0.20768142
0,0.2206235
0,0.20935433
0,0.1863502
0,0.27203843
0,0.20809378
0,0.19776079
0,0.28949544
0,0.3197488
0,0.31172055
0,0.28035876
0,0.20736124
0,0.1809415
0,0.1536927
0,0.22868755
0,0.1698809
0,0.20224632
0,0.16287419
0,0.1593608
0,0.14651391
0,0.14573705
0,0.1411756
0,0.13509496
0,0.13536449
0,0.16036932
0,0.14420803
0,0.14569741
0,0.14552402
0,0.22628774
0,0.31668317
0,0.21402764
0,0.17885093
0,0.20688364
0,0.19669823
0,0.1747178
0,0.27543402
0,0.19228247
0,0.17486899
0,0.26954976
0,0.19347797
0,0.16621582
0,0.14895234
0,0.14074112
0,0.13570817
0,0.21288821
0,0.16909276
0,0.15300107
0,0.14250773
0,0.16394672
0,0.15951492
0,0.14352416
0,0.13379247
0,0.1350001
0,0.1355498
0,0.13641869
0,0.13670178
0,0.14169472
0,0.15148367
0,0.17669551
0,0.18993226
0,0.20453678
0,0.2142457
0,0.30198365
0,0.3349408
0,0.2775569
0,0.2848177
0,0.27970555
0,0.26898775
0,0.27510607
0,0.2667133
0,0.2557636
0,0.26570687
0,0.25633484
0,0.28058693
0,0.27998424
0,0.27527496
0,0.41845497
0,0.3459716
0,0.30306372
0,0.37775302
0,0.37459356
0,0.3029474
0,0.27736947
0,0.41407362
0,0.48466533
0,0.36965176
0,0.29883325
0,0.2466059
0,0.22208853
0,0.19585116
0,0.29719508
0,0.22456302
0,0.22329459
0,0.33357742
0,0.38636974
0,0.3798824
0,0.24391574
0,0.18667354
0,0.16105421
0,0.14429393
0,0.24619065
0,0.34489545
0,0.21571401
0,0.16629103
0,0.14966308
0,0.14471965
0,0.13427153
0,0.13246253
0,0.1269134
0,0.12491643
0,0.12337807
0,0.1539486
0,0.13854271
0,0.13765515
0,0.13363437
0,0.13446078
0,0.1417216
0,0.15851825
0,0.16447857
0,0.17656167
0,0.19415413
0,0.20714791
0,0.22384502
0,0.3430324
0,0.2950904
0,0.26863408
0,0.26800323
0,0.297523
0,0.2652413
0,0.25775635
0,0.2924829
0,0.28249735
0,0.27463123
0,0.27883208
0,0.28129652
0,0.27058166
0,0.2777027
0,0.2704952
0,0.26638198
0,0.25721207
0,0.26707008
0,0.26667356
0,0.26625824
0,0.26652887
0,0.28661674
0,0.2716894
0,0.40441203
0,0.32594332
0,0.30737028
0,0.409156
0,0.33768052
0,0.35040405
0,0.33457446
0,0.32316458
0,0.31106794
0,0.45528713
0,0.54609084
0,0.59890985
0,0.59817135
0,0.49130335
0,0.36235145
0,0.29923943
0,0.23255207
0,0.16679575
0,0.27467698
0,0.17545515
0,0.15238944
0,0.13833244
0,0.13053827
0,0.1256194
0,0.1966141
0,0.15507352
0,0.14350754
0,0.13718843
0,0.13819036
0,0.13831311
0,0.13565578
0,0.13999683
0,0.1411653
0,0.13826662
0,0.1449445
0,0.18800785
0,0.16410543
0,0.16537535
0,0.17506127
0,0.29041764
0,0.2805861
0,0.29074973
0,0.39180243
0,0.30157703
0,0.32061797
0,0.30028102
0,0.27523884
0,0.247344
0,0.2686037
0,0.2598018
0,0.34297362
0,0.33833632
0,0.31992456
0,0.26218677
0,0.24680778
0,0.21764147
0,0.38016638
0,0.26737255
0,0.18681996
0,0.23736233
0,0.19758926
0,0.17967086
0,0.15815069
0,0.14444208
0,0.13881199
0,0.13794696
0,0.13038881
0,0.12997702
0,0.12851779
0,0.13919984
0,0.13540615
0,0.2148652
0,0.3176909
0,0.2231951
0,0.1904145
0,0.22406559
0,0.21052241
0,0.17045036
0,0.15333092
0,0.14613259
0,0.23850611
0,0.17448516
0,0.23996384
0,0.1749323
0,0.16037124
0,0.1500549
0,0.25541106
0,0.385409
0,0.49394387
0,0.3150585
0,0.3758861
0,0.35970077
0,0.23561049
0,0.18232156
0,0.15094912
0,0.13762486
0,0.23682342
0,0.28746933
0,0.1800975
0,0.15563822
0,0.16433415
0,0.14893028
0,0.13795952
0,0.13240491
0,0.19848259
0,0.1596677
0,0.19487025
0,0.15298809
0,0.15489577
0,0.14054374
0,0.13096403
0,0.20960623
0,0.31362912
0,0.3721551
0,0.2407465
0,0.17641073
0,0.18364912
0,0.15711577
0,0.14605194
0,0.22564115
0,0.16469324
0,0.14622183
0,0.17698628
0,0.14473896
0,0.13649097
0,0.13011785
0,0.12738545
0,0.12290099
0,0.18710917
0,0.15142998
0,0.14108568
0,0.13842487
0,0.13565542
0,0.13917316
0,0.20981225
0,0.16651823
0,0.266661
0,0.18949318
0,0.22467889
0,0.22563964
0,0.20621629
0,0.1766867
0,0.17524955
0,0.30087304
0,0.21884373
0,0.18894738
0,0.17552716
0,0.18927602
0,0.15790965
0,0.15978028
0,0.24544358
0,0.3581332
0,0.52639735
0,0.33735514
0,0.22742617
0,0.17591438
0,0.1566751
0,0.13846345
0,0.13347507
0,0.13037999
0,0.12443705
0,0.12470121
0,0.1263547
0,0.13239302
0,0.14035639
0,0.14741285
0,0.15716061
0,0.16880196
0,0.18072437
0,0.23766655
0,0.20682637
0,0.20846458
0,0.22625469
0,0.29678342
0,0.23382652
0,0.35343945
0,0.26397407
0,0.21753807
0,0.19585778
0,0.2069756
0,0.2555532
0,0.28753263
0,0.28624123
0,0.28158337
0,0.272693
0,0.34205356
0,0.34344447
0,0.27424395
0,0.24467511
0,0.21814175
0,0.29539335
0,0.21719892
0,0.18868218
0,0.22513668
0,0.17864697
0,0.17916553
0,0.16396178
0,0.25256383
0,0.18911207
0,0.29918745
0,0.20756528
0,0.3457871
0,0.25130504
0,0.25043574
0,0.33238196
0,0.25971556
0,0.1780741
0,0.15315463
0,0.13954364
0,0.1344099
0,0.12877074
0,0.1281095
0,0.12813288
0,0.19465216
0,0.1599913
0,0.25030124
0,0.19341126
0,0.16869439
0,0.18362094
0,0.1617111
0,0.14525592
0,0.22266306
0,0.17262691
0,0.15529494
0,0.1437598
0,0.1693345
0,0.16729155
0,0.16251615
0,0.15023719
0,0.15379408
0,0.23462768
0,0.19120026
0,0.2434609
0,0.18441755
0,0.15306628
0,0.14236668
0,0.13557197
0,0.14397489
0,0.14219922
0,0.13739306
0,0.14655963
0,0.15420547
0,0.1660921
0,0.1899366
0,0.20279823
0,0.31808087
0,0.25918898
0,0.24901775
0,0.24539086
0,0.24974988
0,0.26940894
0,0.26831892
0,0.26412964
0,0.25757125
0,0.37796807
0,0.45239922
0,0.3408513
0,0.30258533
0,0.275339
0,0.25845867
0,0.27249473
0,0.26938432
0,0.39609748
0,0.30844113
0,0.3605539
0,0.29035103
0,0.2616381
0,0.24417134
0,0.22312091
0,0.29908857
0,0.3841925
0,0.26661912
0,0.30228576
0,0.28192186
0,0.23003253
0,0.1916542
0,0.17288803
0,0.15649924
0,0.24023624
0,0.17838961
0,0.20218629
0,0.16435248
0,0.14499818
0,0.2199135
0,0.16965964
0,0.15187736
0,0.23060697
0,0.16196992
0,0.14240158
0,0.13671526
0,0.13057265
0,0.13243084
0,0.12577635
0,0.12926024
0,0.12677622
0,0.17476663
0,0.19789654
0,0.18996227
0,0.1656456
0,0.17029902
0,0.17892359
0,0.18528312
0,0.18788922
0,0.23799436
0,0.21796261
0,0.21683683
0,0.2216526
0,0.31581
0,0.3006062
0,0.27045307
0,0.38590142
0,0.3060376
0,0.26193774
0,0.28187937
0,0.271556
0,0.3922407
0,0.31803522
0,0.27375984
0,0.2435886
0,0.22536315
0,0.21229646
0,0.20660932
0,0.20157099
0,0.20597456
0,0.27926782
0,0.38963377
0,0.44939107
0,0.4579816
0,0.4110394
0,0.32689917
0,0.23186456
0,0.1739499
0,0.2970532
0,0.47204825
0,0.32302803
0,0.23361671
0,0.1726438
0,0.15755971
0,0.14100406
0,0.13086209
0,0.13265933
0,0.12815292
0,0.16458306
0,0.14449397
0,0.15627572
0,0.13723013
0,0.1317679
0,0.1964292
0,0.15221538
0,0.22503874
0,0.17876725
0,0.2015208
0,0.16244316
0,0.15714969
0,0.25238594
0,0.18455163
0,0.16768646
0,0.15268843
0,0.140154
0,0.16514453
0,0.14697485
0,0.14232059
0,0.23558116
0,0.20646457
0,0.16848847
0,0.15118077
0,0.14451274
0,0.13782199
0,0.13852136
0,0.14535545
0,0.1518722
0,0.15494925
0,0.15804577
0,0.17040463
0,0.183193
0,0.19559078
0,0.22324128
0,0.24477871
0,0.2479452
0,0.41348523
0,0.33385652
0,0.3082117
0,0.36520705
0,0.30131313
0,0.2999656
0,0.2877159
0,0.2744769
0,0.27363223
0,0.38608873
0,0.4489681
0,0.44300836
0,0.33632487
0,0.30387345
0,0.27221754
0,0.23764221
0,0.32143638
0,0.22917737
0,0.2985815
0,0.3110896
0,0.2737228
0,0.17935431
0,0.15588954
0,0.24766774
0,0.34282506
0,0.22140633
0,0.29156724
0,0.30432183
0,0.25714073
0,0.18541138
0,0.156066
0,0.24051294
0,0.31581932
0,0.21416578
0,0.26806524
0,0.1800977
0,0.15111569
0,0.13853182
0,0.13035935
0,0.12772782
0,0.18116839
0,0.15000513
0,0.1388285
0,0.12861452
0,0.12971169
0,0.12637308
0,0.12682185
0,0.12871669
0,0.12753159
0,0.13099445
0,0.17061038
0,0.15050158
0,0.16778831
0,0.16656321
0,0.24835092
0,0.19295974
0,0.2896084
0,0.3813438
0,0.27548337
0,0.2126264
0,0.21385543
0,0.2138455
0,0.21393025
0,0.19840045
0,0.32241043
0,0.40892294
0,0.26591238
0,0.28420404
0,0.24317852
0,0.18109328
0,0.31173128
0,0.21594271
0,0.15936553
0,0.14514916
0,0.1799555
0,0.1789305
0,0.14824909
0,0.13918532
0,0.19897003
0,0.27482733
0,0.17918849
0,0.25733814
0,0.17124099
0,0.15456349
0,0.14138435
0,0.1996502
0,0.28800163
0,0.36516082
0,0.4811932
0,0.3676191
0,0.29431823
0,0.19686624
0,0.16683365
0,0.14305934
0,0.13594902
0,0.1866343
0,0.23990826
0,0.27542812
0,0.18720792
0,0.1561754
0,0.15032381
0,0.23144089
0,0.16395143
0,0.14291881
0,0.13413069
0,0.16866978
0,0.14222185
0,0.13228361
0,0.12760448
0,0.13852084
0,0.13075161
0,0.12758142
0,0.1838384
0,0.14930199
0,0.14764817
0,0.14144725
0,0.1389804
0,0.14252256
0,0.13954341
0,0.14073864
0,0.14259362
0,0.18855003
0,0.17481388
0,0.20256732
0,0.19654593
0,0.30311006
0,0.27765855
0,0.2709998
0,0.2642802
0,0.25802287
0,0.25837168
0,0.30442986
0,0.28731778
0,0.2708875
0,0.2740444
0,0.27145225
0,0.3781024
0,0.39118057
0,0.31900334
0,0.29111692
0,0.26145086
0,0.2499681
0,0.34182632
0,0.25883317
0,0.20980933
0,0.18585673
0,0.20041935
0,0.17539363
0,0.16679929
0,0.17444584
0,0.1753474
0,0.25974944
0,0.21195902
0,0.25714505
0,0.2045876
0,0.19641025
0,0.17758144
0,0.26558086
0,0.34251112
0,0.4307387
0,0.483046
0,0.46651623
0,0.33923906
0,0.2783518
0,0.3940215
0,0.27125448
0,0.2141291
0,0.338562
0,0.22008666
0,0.16630319
0,0.14511588
0,0.14493404
0,0.13539825
0,0.12666242
0,0.17978565
0,0.23186427
0,0.16681324
0,0.18297833
0,0.17009631
0,0.15307684
0,0.13800655
0,0.13026638
0,0.12728037
0,0.12410292
0,0.12517478
0,0.12615453
0,0.13373867
0,0.13757892
0,0.14144516
0,0.21827632
0,0.17919351
0,0.1771151
0,0.17916732
0,0.20804745
0,0.20916985
0,0.19163093
0,0.18630062
0,0.1794202
0,0.18310939
0,0.18978292
0,0.2323397
0,0.24242245
0,0.22553822
0,0.2051766
0,0.2574811
0,0.40916803
0,0.45605353
0,0.51638246
0,0.53643215
0,0.5186722
0,0.37788507
0,0.27660733
0,0.19449449
0,0.1646961
0,0.23763475
0,0.29290608
0,0.30365652
0,0.1919001
0,0.15529072
0,0.14409353
0,0.13431191
0,0.12836747
0,0.13067092
0,0.12721051
0,0.12561308
0,0.12570511
0,0.12945114
0,0.12749924
0,0.20057978
0,0.16032527
0,0.23665774
0,0.28983644
0,0.20354639
0,0.1763999
0,0.16280168
0,0.15395096
0,0.24666567
0,0.20261331
0,0.18007652
0,0.2351173
0,0.18444674
0,0.19066486
0,0.18174264
0,0.16184685
0,0.16681898
0,0.2590424
0,0.34494781
0,0.36757314
0,0.3326283
0,0.26468137
0,0.19361515
0,0.15551202
0,0.1368403
0,0.19272053
0,0.15955733
0,0.18803719
0,0.19526748
0,0.15255024
0,0.14203396
0,0.135571
0,0.19850534
0,0.1581637
0,0.14320509
0,0.13327558
0,0.15162046
0,0.15228859
0,0.13759662
0,0.13266279
0,0.1314837
0,0.13035767
0,0.13223594
0,0.13292944
0,0.13454399
0,0.14697692
0,0.1521543
0,0.18324341
0,0.20730834
0,0.21889606
0,0.22352664
0,0.2292316
0,0.23274632
0,0.24062844
0,0.35964224
0,0.32672337
0,0.30955815
0,0.3071757
0,0.295836
0,0.28682464
0,0.2683096
0,0.2815362
0,0.2765573
0,0.28778714
0,0.27554113
0,0.26073727
0,0.26387247
0,0.3303181
0,0.28173965
0,0.27746198
0,0.27118632
0,0.38694966
0,0.36343396
0,0.3361928
0,0.40949875
0,0.4073342
0,0.32757735
0,0.29707855
0,0.41175056
0,0.31464666
0,0.40208408
0,0.31858617
0,0.26677462
0,0.2178135
0,0.241335
0,0.214496
0,0.1950985
0,0.17432597
0,0.16373514
0,0.2138698
0,0.16740593
0,0.1592268
0,0.14930037
0,0.14777046
0,0.14596756
0,0.15020703
0,0.15632682
0,0.15700738
0,0.19637191
0,0.18001482
0,0.187969
0,0.23998962
0,0.3023136
0,0.36932606
0,0.46057308
0,0.33209544
0,0.27768633
0,0.283612
0,0.31545514
0,0.23324041
0,0.37451792
0,0.47535357
0,0.54301465
0,0.35356978
0,0.37714714
0,0.32608336
0,0.23732261
0,0.17355525
0,0.25092238
0,0.32110074
0,0.3681503
0,0.3963225
0,0.26069525
0,0.2623962
0,0.20230849
0,0.16281885
0,0.2368343
0,0.16811839
0,0.14683302
0,0.18632427
0,0.14812827
0,0.14009729
0,0.12867028
0,0.12860419
0,0.13001469
0,0.12677199
0,0.12293238
0,0.12542243
0,0.1496725
0,0.15112633
0,0.14675611
0,0.13929762
0,0.14121346
0,0.20958193
0,0.2595285
0,0.19268225
0,0.21122529
0,0.17760102
0,0.16745345
0,0.24600673
0,0.47225335
0,0.5727415
0,0.42433408
0,0.4754401
0,0.30710685
0,0.27582508
0,0.23481694
0,0.33845294
0,0.3956247
0,0.2660607
0,0.19397923
0,0.1563483
0,0.14019784
0,0.1313818
0,0.1263078
0,0.12302655
0,0.12130782
0,0.16927312
0,0.14015296
0,0.1348471
0,0.13250814
0,0.13285615
0,0.13295372
0,0.13440135
0,0.18778181
0,0.24153557
0,0.18116698
0,0.16113447
0,0.15698265
0,0.15287726
0,0.16693372
0,0.18363374
0,0.18612936
0,0.19980825
0,0.2099105
0,0.24271014
0,0.26890534
0,0.300439
0,0.28607553
0,0.39472753
0,0.3214338
0,0.4072709
0,0.4241766
0,0.4317909
0,0.34817144
0,0.28555703
0,0.39272344
0,0.30262017
0,0.40697905
0,0.27824235
0,0.2095823
0,0.16617396
0,0.15031476
0,0.14899753
0,0.14428042
0,0.19211967
0,0.27156612
0,0.17788577
0,0.26350385
0,0.1684481
0,0.16802022
0,0.14475413
0,0.19991681
0,0.15819874
0,0.14611247
0,0.20558193
0,0.16403449
0,0.18089904
0,0.16052206
0,0.14833231
0,0.20113032
0,0.2654353
0,0.331973
0,0.21898596
0,0.16678578
0,0.18006746
0,0.16607557
0,0.14200689
0,0.20896833
0,0.16107759
0,0.14095351
0,0.19241187
0,0.20299307
0,0.19120228
0,0.15539959
0,0.1411592
0,0.19178535
0,0.24731438
0,0.1775106
0,0.15195014
0,0.14052367
0,0.15923771
0,0.13900626
0,0.18332785
0,0.14777961
0,0.13851118
0,0.14056434
0,0.17929481
0,0.18804242
0,0.15796326
0,0.15137072
0,0.1484617
0,0.13876417
0,0.13382381
0,0.13253637
0,0.12842505
0,0.13699934
0,0.13118526
0,0.13351259
0,0.14112496
0,0.14967234
0,0.16461264
0,0.18066028
0,0.1875488
0,0.20275596
0,0.2178645
0,0.2363316
0,0.24117047
0,0.24412727
0,0.25056162
0,0.24905261
0,0.25924549
0,0.31494576
0,0.3210173
0,0.30029088
0,0.28848106
0,0.41415402
0,0.49696162
0,0.5368383
0,0.53231347
0,0.51389956
0,0.4656358
0,0.39078066
0,0.5155436
0,0.5913411
0,0.62581146
0,0.63729393
0,0.58586067
0,0.4913446
0,0.3755307
0,0.27005723
0,0.3759238
0,0.25139943
0,0.19552897
0,0.27189466
0,0.19357815
0,0.15800549
0,0.13992935
0,0.13012902
0,0.12638731
0,0.121998034
0,0.123790026
0,0.16481215
0,0.1388275
0,0.15282275
0,0.13978001
0,0.13397038
0,0.18993643
0,0.31758362
0,0.39625904
0,0.73698044
0,0.5225133
0,0.4018273
0,0.3180225
0,0.25231564
0,0.20191732
0,0.16756003
0,0.2624696
0,0.32804766
0,0.31898713
0,0.26499406
0,0.23110618
0,0.1869679
0,0.25530207
0,0.32046562
0,0.23084599
0,0.17814858
0,0.22735813
0,0.20125762
0,0.16675559
0,0.14200258
0,0.1891551
0,0.15531859
0,0.20867987
0,0.255285
0,0.2386493
0,0.1643593
0,0.15229616
0,0.13631183
0,0.18779741
0,0.15160589
0,0.1356007
0,0.12770303
0,0.14713044
0,0.13037324
0,0.13143936
0,0.1906475
0,0.1579582
0,0.22030853
0,0.29466316
0,0.32122055
0,0.20768885
0,0.16580597
0,0.15623757
0,0.15443702
0,0.14326099
0,0.18870366
0,0.1530586
0,0.18203731
0,0.18008503
0,0.16578272
0,0.14834534
0,0.14702894
0,0.19956453
0,0.2737325
0,0.3304195
0,0.3233119
0,0.2869295
0,0.2210341
0,0.17116803
0,0.24110694
0,0.2949443
0,0.19012102
0,0.3001241
0,0.28533506
0,0.24482968
0,0.17771994
0,0.15538588
0,0.23635662
0,0.17837842
0,0.25332707
0,0.1757802
0,0.19718859
0,0.15087855
0,0.14555848
0,0.13399923
0,0.17667949
0,0.21096304
0,0.16974804
0,0.15130155
0,0.16849354
0,0.16942917
0,0.15101396
0,0.13833079
0,0.58481526
0,0.37157983
0,0.53466237
0,0.5657997
0,0.4595904
0,0.38715065
0,0.29316148
0,0.23401341
0,0.21214266
0,0.17422536
0,0.2871636
0,0.19183761
0,0.15879361
0,0.15904324
0,0.14832868
0,0.13670434
0,0.2020219
0,0.29597798
0,0.28943312
0,0.33796462
0,0.33525944
0,0.27223793
0,0.3788987
0,0.46397677
0,0.31264642
0,0.39695466
0,0.28701195
0,0.33818582
0,0.3087548
0,0.22434025
0,0.1815414
0,0.23766619
0,0.28109443
0,0.3368792
0,0.39276016
0,0.2640328
0,0.19128637
0,0.1819166
0,0.16034435
0,0.14876221
0,0.14723633
0,0.1323828
0,0.17939109
0,0.18826841
0,0.15394874
0,0.14627804
0,0.13446993
0,0.18898708
0,0.2115652
0,0.17102285
0,0.1735774
0,0.19375877
0,0.19262508
0,0.16565008
0,0.2318684
0,0.17439447
0,0.26370928
0,0.3265257
0,0.3539567
0,0.34717524
0,0.22338092
0,0.1944761
0,0.27909654
0,0.3306088
0,0.38829365
0,0.3678444
0,0.3705444
0,0.2462717
0,0.23314479
0,0.18662888
0,0.15534678
0,0.13846964
0,0.1990779
0,0.24751437
0,0.26878142
0,0.25544834
0,0.18111067
0,0.14861904
0,0.14018454
0,0.18228915
0,0.16008736
0,0.15301952
0,0.14524296
0,0.14128749
0,0.14368278
0,0.2014475
0,0.16789061
0,0.22229855
0,0.32266983
0,0.19772646
0,0.24789746
0,0.18067464
0,0.16273098
0,0.15746681
0,0.21738982
0,0.2698566
0,0.2002034
0,0.16724038
0,0.19975223
0,0.19366217
0,0.16785829
0,0.14844806
0,0.19805646
0,0.15587334
0,0.22312468
0,0.30286193
0,0.30743924
0,0.20601477
0,0.17682944
0,0.15154693
0,0.22869411
0,0.29850724
0,0.21917033
0,0.2974652
0,0.2832079
0,0.24377805
0,0.18898742
0,0.15673181
0,0.22067921
0,0.2632261
0,0.17161125
0,0.24965468
0,0.17444879
0,0.18232405
0,0.16633883
0,0.23296745
0,0.2874573
0,0.19267942
0,0.27686283
0,0.31477723
0,0.29444525
0,0.24880067
0,0.19795994
0,0.18038848
0,0.26723832
0,0.32176062
0,0.37206903
0,0.2718655
0,0.29897305
0,0.25994802
0,0.22139324
0,0.30097976
0,0.20651956
0,0.2761307
0,0.3428601
0,0.34384578
0,0.30897108
0,0.26419717
0,0.36383778
0,0.41333765
0,0.33253616
0,0.4131727
0,0.45928416
0,0.30924013
0,0.26011544
0,0.24174593
0,0.18826672
0,0.24993068
0,0.30773574
0,0.33063695
0,0.35617805
0,0.35123214
0,0.31024012
0,0.20531674
0,0.16350242
0,0.22199608
0,0.25866213
0,0.17753266
0,0.15725708
0,0.19214757
0,0.14628968
0,0.147541
0,0.1323047
0,0.12731507
0,0.12351287
0,0.16472365
0,0.19665936
0,0.20655234
0,0.16018766
0,0.1455813
0,0.19501588
0,0.23898497
0,0.29692692
0,0.1984467
0,0.20817542
0,0.15644646
0,0.17140037
0,0.15849592
0,0.16104127
0,0.14219072
0,0.18726383
0,0.24394564
0,0.17230481
0,0.19285597
0,0.17522642
0,0.15811634
0,0.13700764
0,0.1819106
0,0.1485618
0,0.20500162
0,0.23996122
0,0.17245734
0,0.16970429
0,0.14711377
0,0.19994393
0,0.26374972
0,0.1984021
0,0.2733089
0,0.17993882
0,0.15059099
0,0.15577403
0,0.14132436
0,0.13500412
0,0.1260866
0,0.12323567
0,0.122446485
0,0.15382142
0,0.16060664
0,0.16445193
0,0.16370133
0,0.22168498
0,0.18525562
0,0.26964602
0,0.38001752
0,0.30975634
0,0.30626553
0,0.21345401
0,0.21133542
0,0.30375975
0,0.2553835
0,0.22391221
0,0.19348958
0,0.24019839
0,0.25114065
0,0.28508458
0,0.23886959
0,0.30558363
0,0.369362
0,0.39896774
0,0.40499973
0,0.25886983
0,0.24871653
0,0.21331298
0,0.26537177
0,0.31534275
0,0.32730624
0,0.3467176
0,0.367788
0,0.33846483
0,0.28447953
0,0.24223363
0,0.30065835
0,0.22504486
0,0.30766267
0,0.2269863
0,0.19694556
0,0.21486205
0,0.19338016
0,0.1553939
0,0.13854772
0,0.1299012
0,0.17031965
0,0.20530751
0,0.15438926
0,0.1689554
0,0.14308989
0,0.17646496
0,0.14342019
0,0.18478066
0,0.1549272
0,0.13925654
0,0.17130487
0,0.17411806
0,0.1662538
0,0.15732506
0,0.15753192
0,0.21539162
0,0.29095075
0,0.36420864
0,0.3808721
0,0.34561476
0,0.29483697
0,0.3860026
0,0.4801748
0,0.5742004
0,0.6009023
0,0.51668906
0,0.47101387
0,0.41746965
0,0.3670166
0,0.44767037
0,0.48813245
0,0.5214814
0,0.55427647
0,0.4328692
0,0.46225113
0,0.34169897
0,0.3005121
0,0.2318604
0,0.19154592
0,0.2729835
0,0.19446851
0,0.24874854
0,0.17802799
0,0.18313022
0,0.16181678
0,0.13912506
0,0.1879267
0,0.1513652
0,0.13560538
0,0.17482677
0,0.14325523
0,0.15131673
0,0.14234161
0,0.12996265
0,0.12885605
0,0.12192732
0,0.16656299
0,0.1989094
0,0.20664683
0,0.17025788
0,0.16337758
0,0.15126774
0,0.23017326
0,0.34745932
0,0.44815525
0,0.45308292
0,0.27949527
0,0.2623216
0,0.21100673
0,0.3041786
0,0.32824454
0,0.2134961
0,0.16233782
0,0.21867792
0,0.21841371
0,0.19605717
0,0.16288908
0,0.21055682
0,0.15155494
0,0.20687014
0,0.16208725
0,0.14878358
0,0.16224334
0,0.16215841
0,0.1436618
0,0.19202828
0,0.16484548
0,0.20734385
0,0.15614866
0,0.19292809
0,0.15773074
0,0.14579998
0,0.14044343
0,0.13760738
0,0.1770504
0,0.22701183
0,0.16889584
0,0.20443898
0,0.1951803
0,0.20556216
0,0.16314869
0,0.153002
0,0.19374695
0,0.25275058
0,0.16850048
0,0.20037925
0,0.1890923
0,0.15041497
0,0.13695256
0,0.17425756
0,0.14531432
0,0.18112274
0,0.21155804
0,0.15909526
0,0.16926737
0,0.15600751
0,0.14129815
0,0.1858615
0,0.15118605
0,0.13635065
0,0.12770052
0,0.13782129
0,0.13951531
0,0.14019376
0,0.18618098
0,0.21130623
0,0.25610188
0,0.18181534
0,0.25137538
0,0.26213557
0,0.24585983
0,0.20726177
0,0.16781735
0,0.15981416
0,0.14298156
0,0.18179795
0,0.15177946
0,0.1394932
0,0.1465216
0,0.13403039
0,0.12802732
0,0.17901698
0,0.15163407
0,0.19728862
0,0.16398004
0,0.14438064
0,0.15708447
0,0.1387952
0,0.17996478
0,0.16020027
0,0.19912416
0,0.16098881
0,0.1963102
0,0.19560182
0,0.17999414
0,0.15745507
0,0.21144353
0,0.27245298
0,0.32480752
0,0.23602003
0,0.262592
0,0.18706259
0,0.16765651
0,0.14902242
0,0.18487944
0,0.21848238
0,0.15548973
0,0.19576932
0,0.15301308
0,0.16430469
0,0.14308691
0,0.1332098
0,0.16872859
0,0.14343427
0,0.13291618
0,0.17178866
0,0.19834667
0,0.1879521
0,0.15676978
0,0.1438504
0,0.18041328
0,0.20634256
0,0.25677493
0,0.18264715
0,0.20247172
0,0.18505484
0,0.16186863
0,0.22330104
0,0.16560814
0,0.22137327
0,0.25792
0,0.296721
0,0.27077636
0,0.22795989
0,0.32643262
0,0.21791834
0,0.26911575
0,0.3154203
0,0.34266052
0,0.20968185
0,0.2286697
0,0.19513573
0,0.16414917
0,0.21331312
0,0.24153529
0,0.16686894
0,0.22511977
0,0.25117326
0,0.22354937
0,0.16612299
0,0.14865609
0,0.18849328
0,0.15045844
0,0.18984705
0,0.15292427
0,0.13824622
0,0.15365006
0,0.14837204
0,0.14546956
0,0.16320454
0,0.18715568
0,0.22231333
0,0.25676346
0,0.27436554
0,0.17790122
0,0.16320875
0,0.14462844
0,0.18472727
0,0.23030685
0,0.15981272
0,0.2088834
0,0.22707929
0,0.19837257
0,0.17188475
0,0.15079801
0,0.1894521
0,0.24103019
0,0.2788016
0,0.3060528
0,0.2950323
0,0.25095195
0,0.19533029
0,0.2338144
0,0.2796732
0,0.31159657
0,0.19723831
0,0.1570195
0,0.18754047
0,0.147521
0,0.14327198
0,0.13095187
0,0.16690859
0,0.1933916
0,0.15597077
0,0.13857126
0,0.13056317
0,0.12607591
0,0.12773663
0,0.1621722
0,0.14094555
0,0.13149406
0,0.16808629
0,0.1958102
0,0.15998372
0,0.1485606
0,0.1431153
0,0.14338955
0,0.14128152
0,0.14057533
0,0.1867545
0,0.15494554
0,0.18384777
0,0.16629598
0,0.17178853
0,0.21876796
0,0.17667492
0,0.17055926
0,0.22155777
0,0.2557739
0,0.22330439
0,0.19304407
0,0.17963487
0,0.22458361
0,0.27593017
0,0.32476532
0,0.3527904
0,0.38216975
0,0.34090233
0,0.29314265
0,0.23890246
0,0.1771829
0,0.24726573
0,0.2807207
0,0.3079434
0,0.3022293
0,0.26556063
0,0.17482248
0,0.1535759
0,0.14051013
0,0.17472303
0,0.1511027
0,0.14418828
0,0.1437886
0,0.1288622
0,0.1337706
0,0.16965567
0,0.14425597
0,0.18006705
0,0.2030026
0,0.24075463
0,0.2334237
0,0.16684476
0,0.1629125
0,0.14942814
0,0.15106222
0,0.15029766
0,0.14496404
0,0.187577
0,0.20060752
0,0.17123969
0,0.1517852
0,0.15998977
0,0.21274064
0,0.1796472
0,0.22622731
0,0.26470265
0,0.17446698
0,0.14875373
0,0.13591076
0,0.12839279
0,0.1611685
0,0.1396386
0,0.1714928
0,0.1907217
0,0.19580904
0,0.18213809
0,0.15374283
0,0.14793134
0,0.13844919
0,0.17420232
0,0.20326383
0,0.2415525
0,0.19039246
0,0.17126349
0,0.14852773
0,0.13811794
0,0.17848721
0,0.14829414
0,0.13831022
0,0.13895483
0,0.15065913
0,0.14731848
0,0.13564782
0,0.18185954
0,0.15683484
0,0.13918601
0,0.14591295
0,0.13482246
0,0.15475395
0,0.15408461
0,0.14311758
0,0.14093903
0,0.13873774
0,0.1409407
0,0.18027994
0,0.15559402
0,0.17667714
0,0.1670373
0,0.17039432
0,0.18167575
0,0.23686711
0,0.2791269
0,0.32694063
0,0.24646577
0,0.24980193
0,0.21694429
0,0.29451504
0,0.21563739
0,0.18584315
0,0.16664964
0,0.17305565
0,0.15619332
0,0.16024102
0,0.15563111
0,0.19513543
0,0.15939955
0,0.1970704
0,0.21993406
0,0.16789524
0,0.15486206
0,0.16671169
0,0.16337983
0,0.20185943
0,0.16996631
0,0.2133377
0,0.2744806
0,0.18756348
0,0.21061048
0,0.17413415
0,0.15464793
0,0.14716277
0,0.20013553
0,0.286731
0,0.2302212
0,0.19495372
0,0.20134676
0,0.18921827
0,0.24845058
0,0.21070859
0,0.17743929
0,0.23312941
0,0.26791173
0,0.21307063
0,0.2193855
0,0.19074236
0,0.28191313
0,0.24994181
0,0.31113786
0,0.32307
0,0.3415275
0,0.34026027
0,0.32912943
0,0.28837678
0,0.2834206
0,0.2429976
0,0.29243866
0,0.31948262
0,0.32068416
0,0.30990276
0,0.21951197
0,0.20668
0,0.16525139
0,0.22570571
0,0.21214615
0,0.1834892
0,0.16352415
0,0.19215755
0,0.16304646
0,0.15315466
0,0.14750557
0,0.14701913
0,0.19176891
0,0.16482322
0,0.20901161
0,0.16516879
0,0.17122544
0,0.16576286
0,0.2407243
0,0.19864644
0,0.18567638
0,0.17910133
0,0.26214975
0,0.23291361
0,0.28144675
0,0.3089194
0,0.40977415
0,0.4095804
0,0.44155577
0,0.40833265
0,0.4456941
0,0.38544974
0,0.32286218
0,0.2407186
0,0.20844331
0,0.31021267
0,0.30941054
0,0.37133673
0,0.28704247
0,0.2792335
0,0.2313191
0,0.18740386
0,0.23435423
0,0.24764718
0,0.26454666
0,0.27208284
0,0.19733752
0,0.19789658
0,0.17291035
0,0.14500822
0,0.1791593
0,0.1491905
0,0.19010226
0,0.22453879
0,0.23531528
0,0.1629857
0,0.14502719
0,0.1351567
0,0.16262257
0,0.17824987
0,0.19754235
0,0.1521436
0,0.19058055
0,0.174585
0,0.157306
0,0.18216299
0,0.15115075
0,0.1754832
0,0.19847746
0,0.16040216
0,0.1791696
0,0.16920556
0,0.16045333
0,0.18634848
0,0.2379011
0,0.25927642
0,0.2828199
0,0.2910576
0,0.2688021
0,0.23616849
0,0.18680976
0,0.15525025
0,0.13873877
0,0.1349884
0,0.13094981
0,0.1291166
0,0.12729964
0,0.1263352
0,0.13858065
0,0.13278052
0,0.12601963
0,0.16043527
0,0.14146794
0,0.18568431
0,0.16873245
0,0.15879218
0,0.16036573
0,0.15323839
0,0.20815499
0,0.17113404
0,0.15494879
0,0.19318566
0,0.16759454
0,0.17622487
0,0.23506492
0,0.30151722
0,0.21768357
0,0.21002822
0,0.2861216
0,0.33239606
0,0.30699542
0,0.24697256
0,0.18346846
0,0.22230566
0,0.16374934
0,0.19906832
0,0.23194958
0,0.24823341
0,0.21937431
0,0.15988205
0,0.15328999
0,0.18692046
0,0.21086083
0,0.15536898
0,0.21288055
0,0.2260561
0,0.1944927
0,0.15092127
0,0.13983208
0,0.13645773
0,0.1644481
0,0.18213674
0,0.20505469
0,0.16380292
0,0.16401215
0,0.15087475
0,0.17090924
0,0.18840408
0,0.15452653
0,0.1978107
0,0.16269532
0,0.18465433
0,0.16942298
0,0.14944202
0,0.18124473
0,0.22335926
0,0.25168696
0,0.28738993
0,0.18309271
0,0.2080572
0,0.18251629
0,0.15530846
0,0.14241603
0,0.13592647
0,0.18106005
0,0.21109407
0,0.22908083
0,0.16205394
0,0.16342576
0,0.15583102
0,0.14221679
0,0.18699816
0,0.21214123
0,0.26390404
0,0.2875633
0,0.26172358
0,0.21850622
0,0.17051716
0,0.22335638
0,0.16659607
0,0.22128184
0,0.26324084
0,0.3087228
0,0.27386042
0,0.18399645
0,0.15677886
0,0.19819207
0,0.24613264
0,0.26025474
0,0.17999084
0,0.2205627
0,0.20638527
0,0.17885946
0,0.15052274
0,0.3383134
0,0.3347297
0,0.35411814
0,0.35704595
0,0.33954036
0,0.22414468
0,0.19504206
0,0.16026676
0,0.20354012
0,0.23253176
0,0.1814346
0,0.2255466
0,0.22846825
0,0.19816208
0,0.17126235
0,0.14272286
0,0.17143229
0,0.25449
0,0.2577017
0,0.28229782
0,0.26800606
0,0.22871505
0,0.18911035
0,0.25377333
0,0.22262183
0,0.2689451
0,0.30954942
0,0.33479828
0,0.31251934
0,0.27135825
0,0.22134714
0,0.25211635
0,0.2672739
0,0.32705885
0,0.32253048
0,0.1983278
0,0.16062927
0,0.16139476
0,0.14519744
0,0.18713808
0,0.20336278
0,0.15120365
0,0.19197568
0,0.21212101
0,0.19964516
0,0.17288077
0,0.151673
0,0.17503151
0,0.20123562
0,0.22994392
0,0.25331047
0,0.1808244
0,0.18890657
0,0.16590548
0,0.15072492
0,0.1792854
0,0.15709846
0,0.19343647
0,0.16094519
0,0.19660111
0,0.15460305
0,0.14186226
0,0.13329093
0,0.12866518
0,0.21506862
0,0.17166613
0,0.22010602
0,0.2585188
0,0.23689514
0,0.19032481
0,0.15711054
0,0.21252854
0,0.22923967
0,0.2528777
0,0.3016966
0,0.29050145
0,0.26221
0,0.21068533
0,0.27113217
0,0.32281807
0,0.3472407
0,0.35813564
0,0.24919918
0,0.2707805
0,0.23116009
0,0.18500096
0,0.22329324
0,0.17187043
0,0.14429295
0,0.18324202
0,0.14846559
0,0.13391621
0,0.14532319
0,0.12946355
0,0.15943569
0,0.17551261
0,0.18978709
0,0.14836232
0,0.182206
0,0.18346483
0,0.17168029
0,0.15227114
0,0.15208255
0,0.1878951
0,0.14815573
0,0.18439667
0,0.15405606
0,0.16627152
0,0.14197348
0,0.1421297
0,0.17332467
0,0.19235964
0,0.21476828
0,0.2489514
0,0.276345
0,0.28058505
0,0.22145654
0,0.17719468
0,0.21579729
0,0.2410024
0,0.25766456
0,0.17330064
0,0.21296151
0,0.15295343
0,0.15262286
0,0.1401251
0,0.13423242
0,0.13845341
0,0.14047565
0,0.16134529
0,0.18788847
0,0.15207897
0,0.14875293
0,0.13283345
0,0.1635053
0,0.13998124
0,0.17096366
0,0.1931469
0,0.15372224
0,0.14284343
0,0.14699504
0,0.13604566
0,0.1712162
0,0.14607301
0,0.17719482
0,0.20403755
0,0.214496
0,0.21100324
0,0.19418234
0,0.25243655
0,0.27580497
0,0.3184034
0,0.22730817
0,0.26376012
0,0.26703483
0,0.23431432
0,0.18276523
0,0.23899673
0,0.25856385
0,0.2979896
0,0.20792452
0,0.252974
0,0.24745996
0,0.21046746
0,0.17388739
0,0.1434411
0,0.19075038
0,0.20748305
0,0.2335057
0,0.16199224
0,0.17757744
0,0.16239543
0,0.14802483
0,0.17488164
0,0.14306216
0,0.17280829
0,0.1942311
0,0.14972395
0,0.13724883
0,0.1293423
0,0.12403597
0,0.12678963
0,0.12936056
0,0.16251239
0,0.14601564
0,0.14186315
0,0.16250357
0,0.1467339
0,0.14376755
0,0.14931242
0,0.19148327
0,0.21882941
0,0.79887253
0,0.62632704
0,0.4578767
0,0.3903134
0,0.28706014
0,0.37849277
0,0.41774648
0,0.46072483
0,0.46283635
0,0.44821572
0,0.38822892
0,0.29502025
0,0.22165339
0,0.28553283
0,0.3332474
0,0.37489876
0,0.41081306
0,0.39217934
0,0.27961358
0,0.23094791
0,0.29930216
0,0.37683818
0,0.39231467
0,0.29355535
0,0.3003504
0,0.26839027
0,0.19860126
0,0.19456486
0,0.18080644
0,0.14275834
0,0.18893993
0,0.1684307
0,0.14312741
0,0.13591793
0,0.13254508
0,0.1300617
0,0.1292371
0,0.1534894
0,0.13829358
0,0.16494115
0,0.14597432
0,0.16896184
0,0.16467991
0,0.15061812
0,0.14499252
0,0.13933596
0,0.13887176
0,0.16391666
0,0.18683504
0,0.16012934
0,0.17104971
0,0.1652596
0,0.15723303
0,0.14996535
0,0.18599138
0,0.20679289
0,0.21987297
0,0.2186009
0,0.19938406
0,0.17391351
0,0.1586045
0,0.14654182
0,0.1387988
0,0.18380073
0,0.16527215
0,0.1832616
0,0.1572364
0,0.15166107
0,0.1964002
0,0.17802095
0,0.17047983
0,0.16576402
0,0.15246321
0,0.14906499
0,0.15664074
0,0.16218589
0,0.1646263
0,0.19552116
0,0.22260886
0,0.18563345
0,0.21361442
0,0.22049285
0,0.19468966
0,0.17558937
0,0.17149357
0,0.21214148
0,0.24989158
0,0.17469181
0,0.22794308
0,0.20352933
0,0.17111477
0,0.15237154
0,0.17876083
0,0.20178986
0,0.22126196
0,0.23050514
0,0.23660088
0,0.20259945
0,0.15093715
0,0.1374537
0,0.16733451
0,0.18039143
0,0.1918658
0,0.21748897
0,0.16207695
0,0.15015484
0,0.14529242
0,0.17310414
0,0.1987708
0,0.20731705
0,0.15776119
0,0.18590973
0,0.18718864
0,0.14987408
0,0.1420509
0,0.13627768
0,0.16200204
0,0.18427056
0,0.21140929
0,0.22108082
0,0.1633332
0,0.14452918
0,0.13884443
0,0.16475871
0,0.18553932
0,0.16155486
0,0.18566397
0,0.21605177
0,0.21115474
0,0.18499401
0,0.19090356
0,0.18245347
0,0.25273114
0,0.29604194
0,0.33830723
0,0.324361
0,0.23711476
0,0.23803838
0,0.22439228
0,0.29423982
0,0.23221491
0,0.22626764
0,0.20819055
0,0.25444683
0,0.3022855
0,0.28129077
0,0.27475798
0,0.257435
0,0.3036157
0,0.3557553
0,0.39998162
0,0.35466355
0,0.35847965
0,0.35705
0,0.31179756
0,0.33200702
0,0.27118978
0,0.26682913
0,0.3090339
0,0.27974027
0,0.2982799
0,0.27509236
0,0.5804316
0,0.51000726
0,0.46646488
0,0.46956643
0,0.36464828
0,0.39640436
0,0.3171038
0,0.23953076
0,0.28333947
0,0.21631907
0,0.26731953
0,0.3229097
0,0.25033313
0,0.30340266
0,0.28008842
0,0.32754526
0,0.34317133
0,0.27790678
0,0.22577523
0,0.27695143
0,0.29633945
0,0.26019958
0,0.2203766
0,0.18025729
0,0.20829555
0,0.21818079
0,0.23121817
0,0.24253364
0,0.2420406
0,0.21999207
0,0.15599373
0,0.1390866
0,0.15854202
0,0.14325568
0,0.12862322
0,0.124081716
0,0.14497578
0,0.15028389
0,0.1435525
0,0.13447942
0,0.1393793
0,0.16206005
0,0.1434691
0,0.14536265
0,0.13902251
0,0.15665106
0,0.16166666
0,0.17056954
0,0.21133485
0,0.24651273
0,0.19937824
0,0.24036439
0,0.2616219
0,0.23576543
0,0.19721249
0,0.19190769
0,0.2206078
0,0.16649424
0,0.20481804
0,0.24326375
0,0.16819733
0,0.14664231
0,0.14402981
0,0.13445282
0,0.15558042
0,0.17027754
0,0.18367514
0,0.20177193
0,0.21797101
0,0.1927048
0,0.15783213
0,0.14473206
0,0.17206441
0,0.18877399
0,0.19628508
0,0.20503229
0,0.15508635
0,0.1592469
0,0.15056448
0,0.16754235
0,0.14119744
0,0.1312981
0,0.15668605
0,0.18201876
0,0.18554996
0,0.17288949
0,0.14852202
0,0.17446454
0,0.18870118
0,0.15480708
0,0.14030617
0,0.13758948
0,0.1293135
0,0.13661315
0,0.13161847
0,0.15553987
0,0.14333057
0,0.1618543
0,0.17858045
0,0.196769
0,0.20069632
0,0.16562012
0,0.15606007
0,0.18509749
0,0.20568958
0,0.22015385
0,0.2399607
0,0.24807353
0,0.22931325
0,0.18599837
0,0.15886135
0,0.14799413
0,0.14235753
0,0.16313119
0,0.18593921
0,0.20061924
0,0.1824577
0,0.1608031
0,0.19328073
0,0.20468064
0,0.222162
0,0.23048349
0,0.17427415
0,0.20803614
0,0.15224555
0,0.14993553
0,0.16637756
0,0.13778378
0,0.16282187
0,0.17187327
0,0.18646513
0,0.1930072
0,0.15689218
0,0.14812297
0,0.14772168
0,0.16746563
0,0.17938337
0,0.14687273
0,0.16719142
0,0.17644282
0,0.16441466
0,0.14824605
0,0.15215325
0,0.1674747
0,0.23629922
0,0.2334367
0,0.2418437
0,0.22916576
0,0.19897954
0,0.16185914
0,0.19898312
0,0.2055701
0,0.22274898
0,0.23644374
0,0.1597091
0,0.17566653
0,0.15917885
0,0.14221236
0,0.1618751
0,0.17503493
0,0.19132864
0,0.20241621
0,0.2111596
0,0.15907085
0,0.18597263
0,0.15172131
0,0.17504428
0,0.19008072
0,0.15453549
0,0.18212715
0,0.19420777
0,0.15286425
0,0.149569
0,0.13762271
0,0.15754548
0,0.16921085
0,0.18304147
0,0.18876536
0,0.15399495
0,0.16139962
0,0.15080087
0,0.13439877
0,0.15549973
0,0.1339235
0,0.16017398
0,0.17509952
0,0.18937187
0,0.18412884
0,0.16500486
0,0.19052052
0,0.20321295
0,0.2137153
0,0.23803967
0,0.25558954
0,0.2772543
0,0.22270772
0,0.17998701
0,0.20418467
0,0.21637787
0,0.21650141
0,0.22414623
0,0.22825086
0,0.23455308
0,0.19431779
0,0.16065872
0,0.1826591
0,0.20623682
0,0.2262923
0,0.22375771
0,0.16701089
0,0.18706836
0,0.16902076
0,0.149165
0,0.1330741
0,0.12568608
0,0.1474522
0,0.12959516
0,0.12511656
0,0.14404637
0,0.15221387
0,0.14172094
0,0.16359852
0,0.18195781
0,0.19530262
0,0.15712877
0,0.1859148
0,0.18747859
0,0.17480417
0,0.16313459
0,0.15842724
0,0.18415992
0,0.1963689
0,0.16146414
0,0.18045998
0,0.18035789
0,0.16556558
0,0.15162094
0,0.17824648
0,0.1885937
0,0.2012334
0,0.21181601
0,0.22059222
0,0.20532195
0,0.16998792
0,0.14667808
0,0.17146604
0,0.18001717
0,0.1885322
0,0.2250059
0,0.16208743
0,0.15124215
0,0.14737134
0,0.13584928
0,0.15972356
0,0.17194429
0,0.1539233
0,0.18075381
0,0.19501223
0,0.18348515
0,0.16056415
0,0.15126888
0,0.16840991
0,0.18537067
0,0.2094084
0,0.22887903
0,0.1701738
0,0.17284097
0,0.15623228
0,0.17093116
0,0.1886475
0,0.15773961
0,0.18036768
0,0.20409192
0,0.2020801
0,0.17923623
0,0.1555714
0,0.18508235
0,0.2039293
0,0.22736184
0,0.23576325
0,0.24911548
0,0.2332121
0,0.1957203
0,0.16008413
0,0.19559716
0,0.20893672
0,0.23072839
0,0.23941606
0,0.1735112
0,0.18323852
0,0.17575839
0,0.14841758
0,0.16826184
0,0.13912441
0,0.16091129
0,0.17352821
0,0.15134922
0,0.15857396
0,0.14817022
0,0.13679966
0,0.16566296
0,0.14670786
0,0.16638444
0,0.19013517
0,0.21533002
0,0.21436831
0,0.16798994
0,0.15326653
0,0.17466731
0,0.19957222
0,0.23659314
0,0.16677012
0,0.19486172
0,0.18231353
0,0.16160265
0,0.19315274
0,0.16173583
0,0.19518904
0,0.20782956
0,0.23968713
0,0.25198314
0,0.22848977
0,0.18658096
0,0.2163237
0,0.22640789
0,0.1591123
0,0.18971494
0,0.20174256
0,0.21946044
0,0.19839294
0,0.1655719
0,0.20074207
0,0.21208647
0,0.2216837
0,0.16000994
0,0.18979268
0,0.20413591
0,0.1548971
0,0.14523183
0,0.13661571
0,0.12964508
0,0.15082029
0,0.13369398
0,0.15850319
0,0.16622677
0,0.15781887
0,0.14423777
0,0.1325784
0,0.16211042
0,0.17777283
0,0.18966301
0,0.20184034
0,0.15895246
0,0.16134618
0,0.1464798
0,0.17063187
0,0.18493463
0,0.15283547
0,0.17552806
0,0.19018137
0,0.15461236
0,0.15869685
0,0.14511225
0,0.1398158
0,0.16388601
0,0.17983651
0,0.19061366
0,0.21210791
0,0.19668482
0,0.16958617
0,0.15177773
0,0.17380078
0,0.18613595
0,0.20257853
0,0.2116567
0,0.21510199
0,0.19404094
0,0.17613971
0,0.15006816
0,0.17278709
0,0.20151414
0,0.22015826
0,0.24847212
0,0.16798705
0,0.17310008
0,0.15485527
0,0.13705283
0,0.15737848
0,0.13536295
0,0.1836537
0,0.18293272
0,0.19610795
0,0.22795711
0,0.39782956
0,0.34894273
0,0.7195373
0,0.8000811
0,0.8929012
0,0.83695257
0,0.67947364
0,0.59279054
0,0.4651737
0,0.45816743
0,0.36547527
0,0.44936606
0,0.40119204
0,0.375808
0,0.3393822
0,0.2741757
0,0.22338308
0,0.17657846
0,0.21680872
0,0.24033542
0,0.24560274
0,0.2123921
0,0.22472516
0,0.2751769
0,0.20512852
0,0.20366423
0,0.39309436
0,0.47747254
0,0.4506176
0,0.5543608
0,0.5508522
0,0.5493578
0,0.45313397
0,0.35031822
0,0.5178381
0,0.4729401
0,0.3519097
0,0.38662824
0,0.3027674
0,0.32377994
0,0.30797452
0,0.37273845
0,0.2691463
0,0.38718528
0,0.45715088
0,0.43376514
0,0.44500434
0,0.4656213
0,0.4348065
0,0.47122112
0,0.4550557
0,0.44002086
0,0.4482544
0,0.41264027
0,0.4526844
0,0.56858087
0,0.72323966
0,0.5973658
0,0.7762029
0,0.6545331
0,0.771225
0,0.59061766
0,0.55590993
0,0.40503925
0,0.33618218
0,0.37013426
0,0.37121817
0,0.3784064
0,0.35093147
0,0.33211228
0,0.33574748
0,0.26338112
0,0.2932965
0,0.4206166
0,0.30301538
0,0.30411854
0,0.29402566
0,0.2330959
0,0.22957264
0,0.18747644
0,0.20903958
0,0.21830505
0,0.17158312
0,0.21387272
0,0.23460078
0,0.16324772
0,0.14109924
0,0.13901247
0,0.13606259
0,0.1575713
0,0.16671422
0,0.1894978
0,0.15373248
0,0.14900705
0,0.13280557
0,0.15779789
0,0.17107563
0,0.15595584
0,0.14161375
0,0.21055672
0,0.2469679
0,0.17124331
0,0.17199038
0,0.15671217
0,0.25842148
0,0.60135216
0,0.628775
0,0.5605373
0,0.5217193
0,0.47698778
0,0.3433366
0,0.38863572
0,0.26242647
0,0.295762
0,0.30032554
0,0.28709385
0,0.27707425
0,0.24268337
0,0.20262052
0,0.16575687
0,0.2020167
0,0.2274495
0,0.2359433
0,0.16403753
0,0.19099274
0,0.18256266
0,0.16034037
0,0.1875008
0,0.15096998
0,0.18154034
0,0.21150419
0,0.2187924
0,0.23058331
0,0.16543107
0,0.14914055
0,0.16832064
0,0.17562732
0,0.1916243
0,0.15120399
0,0.17273605
0,0.1820169
0,0.17078514
0,0.15120183
0,0.14820202
0,0.17021391
0,0.14216937
0,0.16176285
0,0.17356886
0,0.14759389
0,0.14911357
0,0.13877217
0,0.16540265
0,0.18271165
0,0.1871807
0,0.19314381
0,0.20268802
0,0.19701944
0,0.17128058
0,0.14999197
0,0.17349038
0,0.181664
0,0.19260834
0,0.20537673
0,0.21523117
0,0.15485114
0,0.15272795
0,0.13884467
0,0.16288832
0,0.14198786
0,0.1331069
0,0.15276065
0,0.16436912
0,0.16523692
0,0.15305917
0,0.14040303
0,0.16031799
0,0.13962181
0,0.16089027
0,0.17454115
0,0.14676315
0,0.15748031
0,0.15233849
0,0.14145756
0,0.27615893
0,0.18802369
0,0.23803833
0,0.18493298
0,0.25871006
0,0.25591582
0,0.2033229
0,0.24281977
0,0.25258952
0,0.24961343
0,0.24608977
0,0.23415758
0,0.23041499
0,0.19601223
0,0.16737868
0,0.1993808
0,0.20206313
0,0.20749193
0,0.21610932
0,0.21738479
0,0.21065426
0,0.1884483
0,0.158077
0,0.17362885
0,0.19170834
0,0.20091519
0,0.19625117
0,0.15632342
0,0.17693874
0,0.16239269
0,0.14505129
0,0.15731548
0,0.15608715
0,0.16476196
0,0.17234609
0,0.17650054
0,0.18289351
0,0.15250653
0,0.14086254
0,0.15825556
0,0.17106527
0,0.14737698
0,0.13144317
0,0.15085904
0,0.1589908
0,0.15096784
0,0.13852392
0,0.13823135
0,0.16020413
0,0.16918464
0,0.14646459
0,0.16850464
0,0.17548138
0,0.16211301
0,0.14755969
0,0.16832979
0,0.18235858
0,0.19278322
0,0.19566245
0,0.21021137
0,0.20536801
0,0.17355196
0,0.152316
0,0.14334492
0,0.16446042
0,0.18216334
0,0.19655986
0,0.20638429
0,0.16284227
0,0.15340286
0,0.1671445
0,0.17589565
0,0.20064676
0,0.1590301
0,0.1717812
0,0.18643041
0,0.17139277
0,0.1576152
0,0.14145298
0,0.13169575
0,0.15249954
0,0.16481265
0,0.1711728
0,0.14441243
0,0.15067035
0,0.14220625
0,0.16257213
0,0.1753017
0,0.14397325
0,0.16376105
0,0.18449868
0,0.19079873
0,0.178261
0,0.15891737
0,0.17620426
0,0.18722227
0,0.18383016
0,0.19522636
0,0.20607494
0,0.21142317
0,0.1826401
0,0.16062364
0,0.18488514
0,0.18941699
0,0.20433933
0,0.20924531
0,0.208596
0,0.19894193
0,0.16900483
0,0.14651483
0,0.16504192
0,0.17278989
0,0.17723773
0,0.14536728
0,0.13897939
0,0.14935076
0,0.15340006
0,0.13880934
0,0.15822037
0,0.13715175
0,0.16027963
0,0.17110315
0,0.1773691
0,0.1731185
0,0.15332069
0,0.14243726
0,0.16355471
0,0.16760992
0,0.17910014
0,0.14450105
0,0.1507699
0,0.1593411
0,0.14919235
0,0.13725293
0,0.1386523
0,0.15955289
0,0.17098768
0,0.18156317
0,0.1891619
0,0.19015737
0,0.16764311
0,0.18634012
0,0.19638048
0,0.2015513
0,0.16294402
0,0.18004175
0,0.19436097
0,0.16065311
0,0.15187982
0,0.16896464
0,0.19862504
0,0.20454867
0,0.20680057
0,0.20917514
0,0.21950696
0,0.16467562
0,0.15168536
0,0.16618231
0,0.17401795
0,0.20553735
0,0.15181714
0,0.16563287
0,0.17375901
0,0.15988696
0,0.14596021
0,0.13474481
0,0.15290654
0,0.16247845
0,0.16953355
0,0.1512727
0,0.14151067
0,0.14307955
0,0.13426085
0,0.1555602
0,0.16711836
0,0.14490491
0,0.16882077
0,0.18108024
0,0.18164809
0,0.1655437
0,0.1495802
0,0.14817342
0,0.16625665
0,0.18494718
0,0.19871931
0,0.21383348
0,0.20773578
0,0.17943181
0,0.14994203
0,0.19610186
0,0.20708236
0,0.17396875
0,0.20220286
0,0.22229412
0,0.19784199
0,0.16525622
0,0.15373963
0,0.17525
0,0.15213345
0,0.1713092
0,0.17801838
0,0.14821869
0,0.14797047
0,0.14169475
0,0.15716173
0,0.290164
0,0.18792291
0,0.20704862
0,0.21185574
0,0.2157598
0,0.19990832
0,0.15583238
0,0.37573683
0,0.3325517
0,0.2989442
0,0.22159952
0,0.17996538
0,0.195277
0,0.17780375
0,0.1571265
0,0.1375158
0,0.13195488
0,0.1510584
0,0.16144644
0,0.17082816
0,0.14422059
0,0.14872096
0,0.13276932
0,0.124344505
0,0.14784566
0,0.16369355
0,0.1819104
0,0.15306582
0,0.17231081
0,0.16360018
0,0.14832307
0,0.17606181
0,0.18449523
0,0.19152857
0,0.19967885
0,0.20869738
0,0.21228042
0,0.17576197
0,0.15845615
0,0.1794349
0,0.18746166
0,0.15397494
0,0.14349872
0,0.16210045
0,0.14617734
0,0.14452094
0,0.13507518
0,0.13154608
0,0.15426922
0,0.16747972
0,0.1767726
0,0.18601331
0,0.15503688
0,0.15416144
0,0.14282802
0,0.1625497
0,0.17249912
0,0.14966922
0,0.16761321
0,0.18140809
0,0.17793383
0,0.15329187
0,0.14559236
0,0.18198211
0,0.19396347
0,0.2055298
0,0.21456756
0,0.22183475
0,0.21279836
0,0.17760684
0,0.19403344
0,0.20198324
0,0.20543973
0,0.15574975
0,0.17144196
0,0.18312413
0,0.16854726
0,0.15406808
0,0.13853891
0,0.15818885
0,0.1683559
0,0.17913064
0,0.18840776
0,0.16430238
0,0.1614446
0,0.15070105
0,0.16640258
0,0.17506854
0,0.14380823
0,0.16191939
0,0.17028211
0,0.14397006
0,0.14696342
0,0.1358211
0,0.16048314
0,0.14174414
0,0.16064696
0,0.17778008
0,0.15299511
0,0.16789407
0,0.15980215
0,0.14608444
0,0.16368799
0,0.14353618
0,0.16256177
0,0.1710935
0,0.18665288
0,0.18455824
0,0.16996928
0,0.15248434
0,0.17765261
0,0.19261083
0,0.1638745
0,0.1461316
0,0.13553062
0,0.15261045
0,0.14873475
0,0.13763663
0,0.16076294
0,0.17282963
0,0.18561766
0,0.19250314
0,0.20040664
0,0.19286585
0,0.15801123
0,0.14764337
0,0.16864598
0,0.17632896
0,0.18246342
0,0.23300317
0,0.2346633
0,0.22278717
0,0.19543898
0,0.20774756
0,0.16306978
0,0.18558447
0,0.19565606
0,0.19322026
0,0.19552493
0,0.15462598
0,0.14138897
0,0.13323496
0,0.14895251
0,0.15651748
0,0.13862787
0,0.15686393
0,0.13919756
0,0.1481247
0,0.14034125
0,0.13125019
0,0.15445642
0,0.17110932
0,0.1756568
0,0.18548895
0,0.20607243
0,0.18929058
0,0.16439001
0,0.18508661
0,0.19694941
0,0.21197554
0,0.21565393
0,0.2207806
0,0.1610063
0,0.14311425
0,0.13901566
0,0.15867187
0,0.16866677
0,0.17567937
0,0.22203496
0,0.16178754
0,0.14504915
0,0.14824079
0,0.14079526
0,0.15773156
0,0.17519604
0,0.16078871
0,0.17924497
0,0.18978332
0,0.1838423
0,0.17222016
0,0.14854617
0,0.1675815
0,0.17613192
0,0.18253133
0,0.19717741
0,0.15904038
0,0.16487929
0,0.15862294
0,0.14247443
0,0.16064228
0,0.13642627
0,0.1538839
0,0.16247495
0,0.16780016
0,0.165173
0,0.15263958
0,0.1423699
0,0.13064826
0,0.14845593
0,0.1609998
0,0.1708477
0,0.17860374
0,0.17264414
0,0.15890834
0,0.14295188
0,0.16438045
0,0.17680848
0,0.19011258
0,0.19173038
0,0.19973059
0,0.18452671
0,0.16707574
0,0.1820343
0,0.18646802
0,0.15363722
0,0.17141363
0,0.14371867
0,0.16380903
0,0.15892209
0,0.14823584
0,0.16818058
0,0.14294855
0,0.1608369
0,0.17029811
0,0.18330291
0,0.1861067
0,0.16037703
0,0.14883739
0,0.16659783
0,0.14800192
0,0.16535218
0,0.14425944
0,0.1642244
0,0.17112292
0,0.16152802
0,0.14768061
0,0.14813386
0,0.17240667
0,0.19554946
0,0.21089679
0,0.23247524
0,0.22022112
0,0.18456663
0,0.15474352
0,0.1777668
0,0.18882604
0,0.19606145
0,0.19895835
0,0.15520723
0,0.16539273
0,0.15388906
0,0.13958727
0,0.15659645
0,0.13686368
0,0.15681396
0,0.16446236
0,0.16929962
0,0.14382586
0,0.141547
0,0.1570514
0,0.16646655
0,0.17791426
0,0.15124118
0,0.16716485
0,0.17522366
0,0.1482202
0,0.14014281
0,0.13390192
0,0.15526724
0,0.17325827
0,0.1785468
0,0.18290949
0,0.15918264
0,0.16337413
0,0.15177329
0,0.14175588
0,0.16222587
0,0.14363994
0,0.16465628
0,0.17807381
0,0.1521508
0,0.1596368
0,0.14374812
0,0.17324366
0,0.15163948
0,0.17554662
0,0.18555708
0,0.19677804
0,0.19937071
0,0.1878984
0,0.1664401
0,0.1893453
0,0.195263
0,0.19519714
0,0.20338532
0,0.2211995
0,0.22547874
0,0.19644926
0,0.23315018
0,0.17129944
0,0.2021168
0,0.20922415
0,0.15515816
0,0.1396683
0,0.15364663
0,0.1490227
0,0.13483545
0,0.15060402
0,0.13322306
0,0.15069519
0,0.15823011
0,0.16465671
0,0.16604215
0,0.14297025
0,0.13745518
0,0.16326022
0,0.1420448
0,0.16267042
0,0.14476624
0,0.14307448
0,0.15700792
0,0.15227836
0,0.14515154
0,0.1386214
0,0.14560238
0,0.15255174
0,0.17871045
0,0.18072172
0,0.17850092
0,0.18254061
0,0.21158473
0,0.22509813
0,0.19629404
0,0.1909077
0,0.22009633
0,0.19858441
0,0.19569167
0,0.20984206
0,0.23370191
0,0.26633134
0,0.29221603
0,0.3118061
0,0.32946673
0,0.3112509
0,0.22976272
0,0.21675958
0,0.22992982
0,0.24374317
0,0.25128916
0,0.19514316
0,0.16728774
0,0.19227712
0,0.17664959
0,0.15980674
0,0.16397901
0,0.15946716
0,0.18567587
0,0.19268247
0,0.19947638
0,0.1621741
0,0.16136783
0,0.14302002
0,0.15849203
0,0.16659766
0,0.1483662
0,0.16227296
0,0.14707924
0,0.13835277
0,0.1467367
0,0.14428475
0,0.17173705
0,0.1893964
0,0.19652145
0,0.19941527
0,0.20424078
0,0.16536635
0,0.16652782
0,0.1512776
0,0.1495141
0,0.17381753
0,0.18945764
0,0.19070408
0,0.19049965
0,0.18209998
0,0.16110785
0,0.14664806
0,0.16870762
0,0.17864309
0,0.18282768
0,0.18649808
0,0.15752628
0,0.17019233
0,0.15507318
0,0.1400851
0,0.15495375
0,0.13313073
0,0.15198503
0,0.16259752
0,0.17124203
0,0.16701351
0,0.14894636
0,0.1433623
0,0.16346134
0,0.1733687
0,0.18496943
0,0.15458815
0,0.17128581
0,0.17480913
0,0.16083732
0,0.17848694
0,0.15641128
0,0.17347366
0,0.18076263
0,0.1911769
0,0.19272362
0,0.17857955
0,0.16073546
0,0.18900277
0,0.15244168
0,0.1678589
0,0.17738163
0,0.18017517
0,0.18013237
0,0.16527867
0,0.1474795
0,0.16368766
0,0.16974336
0,0.17739508
0,0.1755255
0,0.18181987
0,0.15023273
0,0.13898297
0,0.13565575
0,0.14994109
0,0.13427153
0,0.12929183
0,0.1274278
0,0.15259983
0,0.15869476
0,0.14640345
0,0.13978422
0,0.13834654
0,0.16321054
0,0.17652465
0,0.18829085
0,0.16080143
0,0.15433711
0,0.16225669
0,0.16285512
0,0.1677713
0,0.19308482
0,0.18492956
0,0.18824118
0,0.21603055
0,0.2217468
0,0.220052
0,0.22513972
0,0.2804489
0,0.30915588
0,0.31565464
0,0.25018346
0,0.22000544
0,0.20186165
0,0.1981261
0,0.1919778
0,0.18885008
0,0.19460192
0,0.24461435
0,0.2647128
0,0.23014145
0,0.23664819
0,0.21833523
0,0.21746796
0,0.25244987
0,0.25978282
0,0.2622779
0,0.252555
0,0.19946541
0,0.20335905
0,0.1910494
0,0.20802192
0,0.21514018
0,0.17606278
0,0.20089093
0,0.21229438
0,0.2140871
0,0.18044475
0,0.17030995
0,0.1995159
0,0.2007877
0,0.1990844
0,0.21462189
0,0.16480492
0,0.18042402
0,0.1656475
0,0.15445578
0,0.17136134
0,0.14475945
0,0.1614641
0,0.17534016
0,0.1786151
0,0.18758556
0,0.17319712
0,0.15164715
0,0.16812979
0,0.1790692
0,0.18325172
0,0.18950494
0,0.19688009
0,0.19032304
0,0.15238969
0,0.16905746
0,0.1744183
0,0.17502491
0,0.15134306
0,0.16041318
0,0.16636887
0,0.19635591
0,0.15918727
0,0.17135659
0,0.14509538
0,0.15888783
0,0.16793644
0,0.14341068
0,0.15712276
0,0.15601516
0,0.14536665
0,0.15551716
0,0.14368346
0,0.13629818
0,0.15165272
0,0.13657704
0,0.15498191
0,0.14024962
0,0.14137378
0,0.16039917
0,0.17489102
0,0.15132634
0,0.144805
0,0.16830504
0,0.18014686
0,0.17823447
0,0.15577565
0,0.14651929
0,0.17170598
0,0.18676153
0,0.19735114
0,0.20584871
0,0.20900589
0,0.20253406
0,0.16970244
0,0.15615636
0,0.17857288
0,0.19662946
0,0.16390188
0,0.19069767
0,0.20070413
0,0.18697588
0,0.16629046
0,0.18962988
0,0.19789682
0,0.20123309
0,0.20296423
0,0.20935746
0,0.16524415
0,0.1653968
0,0.15096025
0,0.1677913
0,0.17655031
0,0.14899097
0,0.16093765
0,0.13873297
0,0.15750751
0,0.15251976
0,0.1395887
0,0.16009574
0,0.1690284
0,0.17205691
0,0.17773543
0,0.1493361
0,0.16482274
0,0.16167407
0,0.14390515
1,0.16215311
1,0.1435164
1,0.21136887
1,0.20049646
1,0.19844241
1,0.16504547
1,0.16531606
1,0.15580702
1,0.17228577
1,0.17392585
1,0.15259863
1,0.16736022
1,0.17796451
1,0.17600657
1,0.161666
1,0.82750547
0,0.97963655
0,0.91587114
0,0.8890306
0,0.84171695
0,0.7930311
0,0.7164848
0,0.5673771
0,0.4579946
0,0.48510468
0,0.4740953
0,0.44316557
0,0.33968356
0,0.3547435
0,0.30545896
0,0.2361116
0,0.24906464
0,0.19875118
0,0.25710362
0,0.27095914
0,0.2589784
0,0.26627204
0,0.19302316
0,0.18467651
0,0.1715958
0,0.19261183
0,0.2125269
0,0.1657623
0,0.1855091
0,0.18637733
0,0.15182255
0,0.16494907
0,0.15633431
0,0.17688775
0,0.19451588
0,0.19498095
0,0.1953631
0,0.19700442
0,0.1849903
0,0.16677381
0,0.18277055
0,0.16135551
0,0.1870669
0,0.19505179
0,0.19932288
0,0.20062444
0,0.18320978
0,0.1896748
0,0.16016336
0,0.14912243
0,0.15251186
0,0.17211339
0,0.18301268
0,0.1957733
0,0.1955394
0,0.165813
0,0.18509081
0,0.17938569
0,0.15663296
0,0.18030354
0,0.15750149
0,0.17485191
0,0.18176681
0,0.1845638
0,0.15906781
0,0.1548774
0,0.15554366
0,0.17961329
0,0.189556
0,0.19858724
0,0.16866206
0,0.19024701
0,0.19902667
0,0.1866752
0,0.16420294
0,0.16200681
0,0.17614652
0,0.18210861
0,0.1921532
0,0.19493553
0,0.16558667
0,0.17067005
0,0.16142434
0,0.18099946
0,0.1887904
0,0.19276246
0,0.19657223
0,0.19956098
0,0.1966412
0,0.17860763
0,0.152356
0,0.17230655
0,0.17594361
0,0.17878485
0,0.18051697
0,0.17851757
0,0.15253016
0,0.15350538
0,0.14859958
0,0.14559513
0,0.1630642
0,0.147703
0,0.16310064
0,0.16874573
0,0.16821514
0,0.1577137
0,0.14654173
0,0.1641858
0,0.17709883
0,0.18025456
0,0.18899891
0,0.15791377
0,0.16629922
0,0.14778289
0,0.14371054
0,0.16639727
0,0.15322347
0,0.17069489
0,0.18171395
0,0.18796086
0,0.18064573
0,0.16659439
0,0.18582863
0,0.19354743
0,0.20135961
0,0.19888002
0,0.16440186
0,0.15200391
0,0.16535936
0,0.15763019
0,0.1975483
0,0.19678949
0,0.2077909
0,0.16546646
0,0.18462656
0,0.19223867
0,0.17781518
0,0.15941405
0,0.18188801
0,0.18622538
0,0.18163763
0,0.18551284
0,0.15421614
0,0.17123894
0,0.16020767
0,0.14684151
0,0.16333197
0,0.14757213
0,0.16219881
0,0.17492363
0,0.14901297
0,0.16285859
0,0.14192042
0,0.13638532
0,0.1535054
0,0.16169235
0,0.16904825
0,0.14992447
0,0.16741666
0,0.15173794
0,0.15575635
0,0.14687969
0,0.14498486
0,0.16741146
0,0.18237211
0,0.16021487
0,0.18125471
0,0.15574192
0,0.16228774
0,0.1569581
0,0.18222636
0,0.19843867
0,0.20766695
0,0.2194894
0,0.22082132
0,0.20846395
0,0.19082882
0,0.16705582
0,0.19104719
0,0.19657125
0,0.20546885
0,0.21496664
0,0.21997845
0,0.1756097
0,0.15551782
0,0.17794502
0,0.18304779
0,0.18624125
0,0.15183382
0,0.16707866
0,0.17261948
0,0.16781487
0,0.15262787
0,0.14066824
0,0.1559789
0,0.16272725
0,0.16898066
0,0.17544253
0,0.14907563
0,0.16090311
0,0.1488188
0,0.13975377
0,0.16080272
0,0.14038794
0,0.16231215
0,0.17135103
0,0.14651121
0,0.15531652
0,0.14853784
0,0.16855194
0,0.18814725
0,0.1948877
0,0.20075317
0,0.20516048
0,0.2087455
0,0.19536176
0,0.16875912
0,0.1891257
0,0.15905438
0,0.17562279
0,0.18108042
0,0.18880275
0,0.18590902
0,0.16998464
0,0.15362017
0,0.1695191
0,0.1848258
0,0.18292822
0,0.18754989
0,0.15066193
0,0.16272263
0,0.1449771
0,0.13572405
0,0.15405087
0,0.13719106
0,0.13130918
0,0.129253
0,0.14804678
0,0.16380703
0,0.15053609
0,0.14782085
0,0.17003097
0,0.18764855
0,0.1943567
0,0.1659139
0,0.19045348
0,0.19360131
0,0.18316439
0,0.16632798
0,0.16952674
0,0.194115
0,0.22111014
0,0.18604061
0,0.17672278
0,0.19172429
0,0.18693367
0,0.21220714
0,0.19494587
0,0.21911599
0,0.21733613
0,0.21536417
0,0.21252179
0,0.19902566
0,0.18034527
0,0.15836011
0,0.17695591
0,0.18789461
0,0.15854788
0,0.1831639
0,0.15713233
0,0.15420987
0,0.1585787
0,0.18384726
0,0.19002622
0,0.1986785
0,0.16851301
0,0.18673639
0,0.19963995
0,0.18555596
0,0.16858542
0,0.16248213
0,0.18125361
0,0.18997616
0,0.19318357
0,0.20303941
0,0.17458177
0,0.16285034
0,0.16179396
0,0.187069
0,0.20425917
0,0.1761831
0,0.19633587
0,0.20020932
0,0.19848388
0,0.18107323
0,0.16580893
0,0.1780464
0,0.18157867
0,0.18286262
0,0.18470094
0,0.21396466
0,0.20551038
0,0.17801975
0,0.16109906
0,0.17374378
0,0.17585307
0,0.18569295
0,0.18175286
0,0.1813315
0,0.17731269
0,0.16050503
0,0.14266342
0,0.15515572
0,0.1609026
0,0.16126464
0,0.16305593
0,0.15152518
0,0.16028818
0,0.15158023
0,0.13948753
0,0.13481046
0,0.1320872
0,0.14983647
0,0.15829091
0,0.16431348
0,0.16358313
0,0.14510597
0,0.16261826
0,0.17756318
0,0.15548222
0,0.17317899
0,0.15271555
0,0.17120762
0,0.1726919
0,0.16048795
0,0.17877807
0,0.15995505
0,0.15490624
0,0.17493325
0,0.18791643
0,0.19549616
0,0.18464336
0,0.16946109
0,0.19544521
0,0.16749103
0,0.1844405
0,0.19648246
0,0.19429114
0,0.20091912
0,0.1842715
0,0.16395396
0,0.18349415
0,0.19175924
0,0.20244151
0,0.16964711
0,0.1850057
0,0.1901974
0,0.15947
0,0.1804711
0,0.18636063
0,0.18879265
0,0.19106156
0,0.15542793
0,0.1707518
0,0.17939496
0,0.16105033
0,0.1456849
0,0.13919131
0,0.15982163
0,0.16520478
0,0.16836457
0,0.17714123
0,0.15047331
0,0.14947253
0,0.16469973
0,0.17155777
0,0.17580952
0,0.14826643
0,0.17115702
0,0.17446023
0,0.17297384
0,0.1600924
0,0.16180223
0,0.17191584
0,0.17491741
0,0.1815351
0,0.15630962
0,0.17517155
0,0.15543695
0,0.15715793
0,0.14453092
0,0.1630791
0,0.17085329
0,0.17840292
0,0.1792959
0,0.1814741
0,0.1748466
0,0.16414604
0,0.14957796
0,0.16821307
0,0.17291662
0,0.17829524
0,0.17954636
0,0.15504478
0,0.16131644
0,0.14733537
0,0.14123376
0,0.16323395
0,0.14663216
0,0.16724353
0,0.18164691
0,0.18418474
0,0.24643798
0,0.19943412
0,0.20474572
0,0.17344736
0,0.19956301
0,0.19688915
0,0.17694028
0,0.18274473
0,0.17172791
0,0.15843615
0,0.14436185
0,0.14256424
0,0.16352892
0,0.17453231
0,0.17996259
0,0.18546373
0,0.17412558
0,0.16015038
0,0.17783406
0,0.17611726
0,0.17860995
0,0.18242578
0,0.15907454
0,0.17459902
0,0.1607137
0,0.14589639
0,0.16427529
0,0.17249882
0,0.17845817
0,0.19229159
0,0.209266
0,0.20364922
0,0.17641497
0,0.15457295
0,0.17030971
0,0.17491212
0,0.1486566
0,0.13812415
0,0.15006506
0,0.15162145
0,0.14365554
0,0.15484078
0,0.14717856
0,0.16249248
0,0.17059858
0,0.23069179
0,0.22123022
0,0.16823576
0,0.16004974
0,0.17292099
0,0.17619815
0,0.17541088
0,0.15320358
0,0.16514906
0,0.17050523
0,0.16413328
0,0.1542439
0,0.15171812
0,0.16110408
0,0.16611247
0,0.16826671
0,0.1876998
0,0.18238907
0,0.16909614
0,0.1513912
0,0.13554376
0,0.25503087
0,0.22629568
0,0.2242566
0,0.20767505
0,0.20900166
0,0.18090816
0,0.15311363
0,0.16191691
0,0.16345333
0,0.1680501
0,0.16497543
0,0.16382433
0,0.14734389
0,0.14404054
0,0.13314784
0,0.14792286
0,0.15580657
0,0.13785085
0,0.15195237
0,0.16127516
0,0.17120768
0,0.1568619
0,0.1461026
0,0.15803036
0,0.1450282
0,0.16038416
0,0.1641036
0,0.14269474
0,0.15599094
0,0.15142502
0,0.14781551
0,0.16677073
0,0.15227923
0,0.16600122
0,0.1763707
0,0.17910866
0,0.18650079
0,0.16651353
0,0.15110485
0,0.17227988
0,0.17412324
0,0.1751512
0,0.18396933
0,0.18554339
0,0.18200947
0,0.16662845
0,0.14768034
0,0.16928838
0,0.178834
0,0.18499859
0,0.18901008
0,0.1937103
0,0.18329042
0,0.16172644
0,0.14409901
0,0.1608864
0,0.16368394
0,0.16848873
0,0.14523993
0,0.15868302
0,0.16017683
0,0.1508501
0,0.13709165
0,0.13852511
0,0.15663883
0,0.16620167
0,0.17119612
0,0.17406394
0,0.15283151
0,0.15012597
0,0.17432706
0,0.18626106
0,0.18729818
0,0.15996337
0,0.17380106
0,0.18115406
0,0.1744929
0,0.15925902
0,0.16165105
0,0.18477371
0,0.19255382
0,0.2026726
0,0.19820419
0,0.2014623
0,0.18523455
0,0.16554964
0,0.18013363
0,0.1837617
0,0.18400006
0,0.18911316
0,0.1898124
0,0.18673348
0,0.16738056
0,0.14792311
0,0.14260057
0,0.16238812
0,0.14112987
0,0.15361369
0,0.1390288
0,0.13681671
0,0.14027034
0,0.13365386
0,0.13322711
0,0.15429273
0,0.13893856
0,0.1676814
0,0.15548225
0,0.16791904
0,0.16321419
0,0.15594956
0,0.17881854
0,0.19367799
0,0.20374697
0,0.17098817
0,0.16913794
0,0.1828591
0,0.17856593
0,0.17559725
0,0.20505634
0,0.1975557
0,0.2301746
0,0.24624074
0,0.23951483
0,0.22079204
0,0.19761474
0,0.2135059
0,0.21503162
0,0.20860685
0,0.21624191
0,0.2148766
0,0.23337388
0,0.20341028
0,0.17206597
0,0.1943508
0,0.19687366
0,0.20074089
0,0.19906601
0,0.19453691
0,0.19521403
0,0.17753044
0,0.15747999
0,0.17286722
0,0.16731064
0,0.17179388
0,0.17520133
0,0.14356014
0,0.15946166
0,0.15088318
0,0.14120977
0,0.15377578
0,0.13422516
0,0.1518116
0,0.1647411
0,0.16822472
0,0.17233513
0,0.15114589
0,0.14218512
0,0.15595621
0,0.16212998
0,0.21143542
0,0.16552843
0,0.17847942
0,0.18279189
0,0.17339228
0,0.15013884
0,0.1477821
0,0.16199195
0,0.1421946
0,0.1608012
0,0.16726898
0,0.16660704
0,0.15604769
0,0.1421004
0,0.15725611
0,0.16600679
0,0.17268358
0,0.17866132
0,0.19079594
0,0.15954776
0,0.15448022
0,0.1428878
0,0.1609012
0,0.17057781
0,0.17506522
0,0.18147068
0,0.18527873
0,0.16216688
0,0.15332657
0,0.17416999
0,0.17887245
0,0.18152812
0,0.21816489
0,0.21268345
0,0.208977
0,0.18473914
0,0.15838641
0,0.14282988
0,0.15972836
0,0.16422376
0,0.14143167
0,0.15556362
0,0.13701403
0,0.1514381
0,0.14293145
0,0.15598899
0,0.17547597
0,0.14627656
0,0.16020928
0,0.16761489
0,0.17114612
0,0.1628491
0,0.15100805
0,0.16463847
0,0.16987665
0,0.18154363
0,0.20676677
0,0.20837314
0,0.20319186
0,0.17712545
0,0.15532018
0,0.17105001
0,0.18463561
0,0.18805985
0,0.18681404
0,0.18677391
0,0.18055718
0,0.16050492
0,0.16661604
0,0.16340098
0,0.16510603
0,0.1699234
0,0.16861121
0,0.14329094
0,0.15364529
0,0.1446029
0,0.13202976
0,0.14829233
0,0.13445254
0,0.12950067
0,0.14714864
0,0.15656649
0,0.16003157
0,0.14120843
0,0.13578671
0,0.15663673
0,0.16919868
0,0.17779845
0,0.1529239
0,0.17313215
0,0.17568892
0,0.1643435
0,0.18405299
0,0.16292538
0,0.158331
0,0.17939565
0,0.1919697
0,0.2013213
0,0.19251317
0,0.17495714
0,0.639129
0,0.4388781
0,0.3332003
0,0.35831496
0,0.3384357
0,0.31133243
0,0.25840437
0,0.210268
0,0.21297938
0,0.21582036
0,0.21310341
0,0.23287973
0,0.23562235
0,0.22261165
0,0.16435876
0,0.15785123
0,0.17278941
0,0.14160256
0,0.15555148
0,0.13834669
0,0.15334117
0,0.16191766
0,0.15557331
0,0.13740978
0,0.1328413
0,0.14773011
0,0.15646335
0,0.16505195
0,0.14609385
0,0.13282605
0,0.14528269
0,0.13948886
0,0.16040567
0,0.17318127
0,0.15972851
0,0.14380959
0,0.1936392
0,0.19480443
0,0.17757905
0,0.16098839
0,0.18490818
0,0.19968037
0,0.20518072
0,0.20678382
0,0.21332747
0,0.2049852
0,0.18536642
0,0.16208033
0,0.14884719
0,0.17150472
0,0.18505041
0,0.1878693
0,0.19602315
0,0.19004685
0,0.16966254
0,0.14934377
0,0.17182302
0,0.17977098
0,0.2250741
0,0.22300461
0,0.16562
0,0.18408339
0,0.16168644
0,0.14470027
0,0.15952015
0,0.14142564
0,0.15781492
0,0.16657902
0,0.16905995
0,0.16178574
0,0.14365008
0,0.13527335
0,0.15271188
0,0.16533887
0,0.17022277
0,0.14769626
0,0.1596881
0,0.13961795
0,0.1400992
0,0.15870343
0,0.14399213
0,0.16362253
0,0.1702484
0,0.1729926
0,0.1818768
0,0.1543279
0,0.15447782
0,0.18291856
0,0.18936543
0,0.19852217
0,0.20119207
0,0.206822
0,0.2096383
0,0.18495615
0,0.15741459
0,0.17439371
0,0.18902573
0,0.1985284
0,0.19667646
0,0.1943154
0,0.15440105
0,0.1429054
0,0.15980637
0,0.16144463
0,0.16815071
0,0.16869599
0,0.14327988
0,0.15869316
0,0.15876262
0,0.13861537
0,0.13154973
0,0.1271067
0,0.1485369
0,0.15990111
0,0.16559094
0,0.17314465
0,0.1590349
0,0.15252623
0,0.14232762
0,0.16130716
0,0.17614332
0,0.15309457
0,0.16696207
0,0.17389563
0,0.17571776
0,0.16168553
0,0.14715433
0,0.17051657
0,0.18295321
0,0.19041845
0,0.19547258
0,0.19892308
0,0.18753122
0,0.16743386
0,0.1477941
0,0.18312214
0,0.18349092
0,0.16288012
0,0.17004503
0,0.17157567
0,0.16437003
0,0.15278436
0,0.17545858
0,0.18289687
0,0.19283688
0,0.19851373
0,0.20685747
0,0.16540527
0,0.16661908
0,0.15624602
0,0.16667148
0,0.17584471
0,0.15525356
0,0.16598065
0,0.16653822
0,0.1455806
0,0.14955181
0,0.1438181
0,0.15625843
0,0.16044664
0,0.17100388
0,0.18296404
0,0.15804733
0,0.16904269
0,0.15710321
0,0.14471737
0,0.15811938
0,0.14202869
0,0.1552102
0,0.16553725
0,0.170451
0,0.16862291
0,0.15658331
0,0.16445976
0,0.1708824
0,0.17387113
0,0.18155046
0,0.18465768
0,0.18007131
0,0.17418417
0,0.21034181
0,0.21398994
0,0.20423403
0,0.1974648
0,0.19431622
0,0.19209924
0,0.1903765
0,0.16990392
0,0.15077128
0,0.16602406
0,0.14223851
0,0.15385126
0,0.15786128
0,0.13800266
0,0.14789335
0,0.14548741
0,0.13500217
0,0.15151015
0,0.13476829
0,0.14895515
0,0.15635552
0,0.1399056
0,0.15579006
0,0.13876726
0,0.13708754
0,0.1532105
0,0.16294701
0,0.16805221
0,0.14785796
0,0.16700669
0,0.17567772
0,0.18436812
0,0.16057897
0,0.16171852
0,0.15546063
0,0.15632583
0,0.18415791
0,0.19609186
0,0.20004578
0,0.18495291
0,0.16545756
0,0.18527468
0,0.19435881
0,0.20067121
0,0.20102069
0,0.20223086
0,0.20707563
0,0.18923026
0,0.16679356
0,0.17891987
0,0.18338665
0,0.18146862
0,0.18295068
0,0.18493313
0,0.15521093
0,0.154123
0,0.1480478
0,0.15953754
0,0.14634645
0,0.14116345
0,0.17903113
0,0.176024
0,0.17417571
0,0.16008498
0,0.14535417
0,0.16222423
0,0.16939126
0,0.17240334
0,0.173863
0,0.1593276
0,0.17007537
0,0.1582152
0,0.14553154
0,0.16734254
0,0.14794348
0,0.17046884
0,0.1782995
0,0.18306705
0,0.1792043
0,0.16735862
0,0.18484649
0,0.18867551
0,0.16013068
0,0.17500587
0,0.18126288
0,0.18293057
0,0.17476179
0,0.16108426
0,0.17648147
0,0.1922254
0,0.1962674
0,0.19652689
0,0.19733818
0,0.1949803
0,0.18011844
0,0.15613809
0,0.17367305
0,0.1765713
0,0.17528218
0,0.17403981
0,0.14953762
0,0.16017334
0,0.15493138
0,0.14338237
0,0.16077392
0,0.14461143
0,0.1593837
0,0.16532433
0,0.15052254
0,0.13976319
0,0.13943261
0,0.15689334
0,0.16861331
0,0.17480597
0,0.18547647
0,0.1558626
0,0.14958577
0,0.17140889
0,0.16742887
0,0.1592386
0,0.16087952
0,0.18041089
0,0.19142751
0,0.24425025
0,0.22643757
0,0.21870518
0,0.20073226
0,0.17444007
0,0.20037235
0,0.20257373
0,0.20855309
0,0.17579223
0,0.1882417
0,0.18886665
0,0.17014688
0,0.17691892
0,0.18294765
0,0.18363497
0,0.17921153
0,0.18571445
0,0.17988144
0,0.15437321
0,0.14912029
0,0.1580662
0,0.1591235
0,0.1670108
0,0.14021762
0,0.15669286
0,0.15895471
0,0.15823132
0,0.14599483
0,0.1376388
0,0.15346928
0,0.14350006
0,0.13496555
0,0.13240188
0,0.13185143
0,0.13812375
0,0.14511703
0,0.15292959
0,0.17947538
0,0.18777537
0,0.20593607
0,0.19435488
0,0.21899922
0,0.2246243
0,0.2256289
0,0.25424802
0,0.27924633
0,0.28627357
0,0.29331967
0,0.27889553
0,0.27083284
0,0.26766935
0,0.26363057
0,0.30285653
0,0.2833174
0,0.29640654
0,0.29438975
0,0.2706206
0,0.2465943
0,0.21164817
0,0.18129317
0,0.16681005
0,0.17136313
0,0.1778269
0,0.17617317
0,0.15384026
0,0.16661888
0,0.15961224
0,0.14551213
0,0.1585903
0,0.14675647
0,0.14639297
0,0.15951152
0,0.17791873
0,0.18200402
0,0.16506177
0,0.1603692
0,0.18026449
0,0.19567418
0,0.18560165
0,0.17044565
0,0.19038518
0,0.19111834
0,0.18063663
0,0.17427288
0,0.17561868
0,0.20132202
0,0.20950237
0,0.20895822
0,0.21403477
0,0.20216815
0,0.18762022
0,0.20349059
0,0.18067287
0,0.19389477
0,0.20004578
0,0.18653476
0,0.19540964
0,0.18537325
0,0.16708815
0,0.18357612
0,0.18476136
0,0.18707009
0,0.18985729
0,0.19116034
0,0.20809479
0,0.17265072
0,0.16027726
0,0.17476992
0,0.15899694
0,0.17006189
0,0.15193969
0,0.16300096
0,0.15539636
0,0.15584376
0,0.17270571
0,0.15364529
0,0.16759597
0,0.18020694
0,0.17972364
0,0.18032303
0,0.15989393
0,0.15995151
0,0.14990129
0,0.16921778
0,0.17681468
0,0.15334223
0,0.17578761
0,0.18081419
0,0.18246214
0,0.16735065
0,0.1605118
0,0.1817832
0,0.23124908
0,0.2180236
0,0.21643414
0,0.20739195
0,0.21020746
0,0.18456553
0,0.15753515
0,0.17424369
0,0.17335221
0,0.16898428
0,0.17604579
0,0.1762192
0,0.1770463
0,0.16168573
0,0.15005359
0,0.16141155
0,0.16219991
0,0.16835867
0,0.16659461
0,0.14749977
0,0.15778972
0,0.14855552
0,0.1543485
0,0.15913942
0,0.14478637
0,0.15827435
0,0.1624237
0,0.16607662
0,0.16243407
0,0.14870472
0,0.16978125
0,0.1506811
0,0.16421597
0,0.17102446
0,0.14927801
0,0.16394894
0,0.1671969
0,0.15411498
0,0.167998
0,0.15206869
0,0.16503559
0,0.18503718
0,0.19034083
0,0.19038367
0,0.1797236
0,0.16092788
0,0.17603941
0,0.18306178
0,0.1563409
0,0.1691573
0,0.17390919
0,0.17810237
0,0.17163838
0,0.15169309
0,0.17020118
0,0.1785362
0,0.19509476
0,0.19290791
0,0.19547018
0,0.16333267
0,0.16841374
0,0.18357383
0,0.1825104
0,0.184522
0,0.18734698
0,0.15089224
0,0.1605213
0,0.16798368
0,0.15415299
0,0.14146699
0,0.13782743
0,0.15314968
0,0.16115654
0,0.14124574
0,0.15565863
0,0.14057137
0,0.14282116
0,0.1347926
0,0.15594743
0,0.17470689
0,0.14982225
0,0.16645113
0,0.14783134
0,0.1637873
0,0.15601958
0,0.17053692
0,0.18875994
0,0.17268957
0,0.16821034
0,0.19489798
0,0.20244566
0,0.18017828
0,0.17725313
0,0.19712399
0,0.51195645
0,0.45785424
0,0.33609393
0,0.34546778
0,0.3202643
0,0.22210564
0,0.17980334
0,0.1913419
0,0.19524875
0,0.19254981
0,0.1570974
0,0.16739258
0,0.14638059
0,0.1503518
0,0.13896517
0,0.15066352
0,0.15628332
0,0.13578655
0,0.14933075
0,0.16399133
0,0.1645157
0,0.15525804
0,0.14474452
0,0.15366034
0,0.13642024
0,0.14890812
0,0.15338083
0,0.13393278
0,0.13102366
0,0.13991271
0,0.15099032
0,0.16457935
0,0.15474582
0,0.17417592
0,0.18248746
0,0.19680111
0,0.19711617
0,0.1839806
0,0.16621862
0,0.1618223
0,0.1611879
0,0.18070129
0,0.18830907
0,0.20639873
0,0.20434089
0,0.1889552
0,0.21997952
0,0.2178595
0,0.22969934
0,0.22623262
0,0.22136219
0,0.21587218
0,0.2126279
0,0.16825292
0,0.15170899
0,0.1650601
0,0.14551832
0,0.1568421
0,0.14553344
0,0.15616585
0,0.16580823
0,0.15483877
0,0.16445355
0,0.14928506
0,0.16066483
0,0.16720657
0,0.16670208
0,0.16867854
0,0.14845307
0,0.1475909
0,0.16112077
0,0.1657993
0,0.17705089
0,0.1547354
0,0.17069255
0,0.17843108
0,0.1763176
0,0.16461867
0,0.16917185
0,0.15840065
0,0.17595749
0,0.18352866
0,0.18245104
0,0.19033818
0,0.17993544
0,0.16210382
0,0.17917976
0,0.18589458
0,0.17115133
0,0.15860087
0,0.15149315
0,0.15326406
0,0.15976755
0,0.15622541
0,0.15803263
0,0.17581531
0,0.18974297
0,0.19185877
0,0.196352
0,0.17359076
0,0.17951545
0,0.1706035
0,0.18636476
0,0.19338383
0,0.17804061
0,0.19563198
0,0.20415172
0,0.17775735
0,0.18018496
0,0.17064646
0,0.19705674
0,0.2085008
0,0.21882199
0,0.22497626
0,0.19286649
0,0.20563498
0,0.19779634
0,0.20331171
0,0.2018001
0,0.1763666
0,0.18603027
0,0.19880538
0,0.19713756
0,0.2007866
0,0.17877981
0,0.19019797
0,0.16930543
0,0.1570945
0,0.17789452
0,0.18158647
0,0.16015275
0,0.17250015
0,0.15839806
0,0.17070681
0,0.15814906
0,0.169509
0,0.18106267
0,0.18921965
0,0.19365096
0,0.18629925
0,0.17027673
0,0.16429338
0,0.18093073
0,0.20167394
0,0.21418859
0,0.17438005
0,0.18908897
0,0.18362421
0,0.16706806
0,0.18009482
0,0.16735081
0,0.16224577
0,0.162043
0,0.17817539
0,0.18252614
0,0.1615543
0,0.15966563
0,0.16053078
0,0.16262531
0,0.15915063
0,0.16370392
0,0.18398538
0,0.19363363
0,0.18999785
0,0.18454854
0,0.19069941
0,0.20982948
0,0.21931855
0,0.2083547
0,0.22472799
0,0.22412482
0,0.21031342
0,0.2021052
0,0.21906035
0,0.27741402
0,0.23925929
0,0.2819981
0,0.28557536
0,0.24022429
0,0.25130036
0,0.22638378
0,0.23545104
0,0.23549
0,0.23736706
0,0.22905149
0,0.21820208
0,0.19687204
0,0.18683822
0,0.19730026
0,0.17574754
0,0.19364735
0,0.17692456
0,0.17121175
0,0.18776992
0,0.19124109
0,0.18181455
0,0.17736323
0,0.1749574
0,0.19162823
0,0.20031558
0,0.2009722
0,0.17956275
0,0.2183331
0,0.18968704
0,0.20047206
0,0.2036373
0,0.17387323
0,0.18825883
0,0.19416066
0,0.16810626
0,0.17752114
0,0.16976997
0,0.18669946
0,0.19569299
0,0.19926086
0,0.20123573
0,0.1990469
0,0.2121838
0,0.19378127
0,0.1744262
0,0.18189895
0,0.18512896
0,0.18619215
0,0.1604821
0,0.17020899
0,0.17282717
0,0.1541406
0,0.16835108
0,0.17918952
0,0.17903541
0,0.17940444
0,0.18019399
0,0.15836297
0,0.16820535
0,0.16033274
0,0.19343692
0,0.19143558
0,0.15542668
0,0.16967362
0,0.17413963
0,0.17926295
0,0.19682115
0,0.16369994
0,0.15105239
0,0.16536625
0,0.17037545
0,0.17580473
0,0.1526483
0,0.17320153
0,0.17463648
0,0.16445322
0,0.14583775
0,0.14256452
0,0.13581185
0,0.15346244
0,0.16132724
0,0.16799562
0,0.17277765
0,0.15967049
0,0.17326552
0,0.15434562
0,0.17125301
0,0.17559227
0,0.18410751
0,0.19244449
0,0.1844848
0,0.1662127
0,0.18412988
0,0.18847318
0,0.19144228
0,0.19946034
0,0.20144486
0,0.199446
0,0.1675655
0,0.16209109
0,0.17410015
0,0.18606885
0,0.1540205
0,0.15029535
0,0.15608545
0,0.16150174
0,0.15808302
0,0.14544328
0,0.13703768
0,0.1541159
0,0.16111454
0,0.16939342
0,0.18162587
0,0.15442596
0,0.15648383
0,0.14736114
0,0.16546434
0,0.17045362
0,0.14778385
0,0.14401086
0,0.16253439
0,0.17425549
0,0.16823536
0,0.15887332
0,0.17828435
0,0.18809448
0,0.1919916
0,0.19465312
0,0.2015749
0,0.20136775
0,0.18752038
0,0.16387238
0,0.1776084
0,0.18132754
0,0.18177903
0,0.18088682
0,0.1525478
0,0.16583377
0,0.15667567
0,0.14458701
0,0.16389434
0,0.17153037
0,0.17842434
0,0.17895755
0,0.14912526
0,0.163472
0,0.14400959
0,0.13791588
0,0.15910293
0,0.14754686
0,0.14359131
0,0.16528676
0,0.17395829
0,0.18306966
0,0.16113989
0,0.18344736
0,0.1965534
0,0.1750255
0,0.19451943
0,0.16745399
0,0.18763366
0,0.16424197
0,0.16433306
0,0.15766454
0,0.15588492
0,0.1725318
0,0.18374573
0,0.19254151
0,0.19386253
0,0.1876161
0,0.16748475
0,0.19237301
0,0.20195259
0,0.20229003
0,0.20243222
0,0.20228267
0,0.20029868
0,0.18789402
0,0.16338556
0,0.14786603
0,0.16940004
0,0.18773326
0,0.18751203
0,0.18862392
0,0.18983348
0,0.16049963
0,0.15062606
0,0.13917696
0,0.15533131
0,0.1652983
0,0.14425541
0,0.16202968
0,0.17524393
0,0.15616912
0,0.14862582
0,0.14255267
0,0.16318834
0,0.14932065
0,0.13819307
0,0.15907812
0,0.14767987
0,0.15754592
0,0.15271853
0,0.1816589
0,0.16394223
0,0.16063178
0,0.18029305
0,0.19950664
0,0.20432752
0,0.187734
0,0.17887512
0,0.20332924
0,0.21256451
0,0.21897632
0,0.21772073
0,0.21604414
0,0.20899796
0,0.19211185
0,0.17324461
0,0.19500889
0,0.19855765
0,0.17753895
0,0.19879143
0,0.17116426
0,0.15679559
0,0.15627673
0,0.17334029
0,0.15599336
0,0.15246615
0,0.1428835
0,0.16432135
0,0.1502898
0,0.16288663
0,0.15736999
0,0.17891307
0,0.19057283
0,0.16518193
0,0.1863106
0,0.16745499
0,0.18899816
0,0.17202596
0,0.17241247
0,0.20114599
0,0.22334497
0,0.22845489
0,0.24204993
0,0.20667662
0,0.2195715
0,0.20687316
0,0.193266
0,0.18254994
0,0.17120802
0,0.16951923
0,0.18732664
0,0.20009263
0,0.1726278
0,0.1786159
0,0.17001781
0,0.1913512
0,0.20164806
0,0.21099411
0,0.21320954
0,0.22680156
0,0.24017069
0,0.19032228
0,0.16293633
0,0.18263355
0,0.18857783
0,0.19240743
0,0.19597805
0,0.20206043
0,0.20173599
0,0.18933837
0,0.16364184
0,0.18397433
0,0.18968748
0,0.18946975
0,0.15542689
0,0.16502967
0,0.20476732
0,0.17073977
0,0.14727232
0,0.13476683
0,0.4023473
0,0.42877245
0,0.8298781
0,0.95821846
0,0.8637356
0,0.87103516
0,0.80195105
0,0.94891715
0,0.8756591
0,0.97932
0,0.96998644
0,0.87465703
0,0.97635186
0,0.9313913
0,0.92494774
0,0.98471487
0,0.93681884
0,0.9707687
0,0.9234001
0,0.8352227
0,0.80807674
0,0.7295482
0,0.6349572
0,0.6096668
0,0.61744696
0,0.6329516
0,0.6607972
0,0.640334
0,0.7916892
0,0.6114614
0,0.62078965
0,0.6382688
0,0.48082006
0,0.4694092
0,0.48613358
0,0.3865289
0,0.3790728
0,0.2939412
0,0.31645852
0,0.28911167
0,0.20036772
0,0.21480703
0,0.2271643
0,0.21922402
0,0.1764919
0,0.13761093
0,0.1266305
0,0.1448342
0,0.15679172
0,0.16303757
0,0.13844217
0,0.15191568
0,0.1471521
0,0.13624473
0,0.15092024
0,0.13569112
0,0.1548047
0,0.13994715
0,0.16384578
0,0.17513245
0,0.16810884
0,0.15402424
0,0.1772031
0,0.19367859
0,0.19447245
0,0.20032768
0,0.19383404
0,0.19633168
0,0.17812799
0,0.15708648
0,0.17795852
0,0.18598674
0,0.19258295
0,0.22323859
0,0.16661905
0,0.17666729
0,0.16622737
0,0.15247293
0,0.16481352
0,0.17040327
0,0.17508532
0,0.15037759
0,0.15928522
0,0.16184899
0,0.15265264
0,0.15994738
0,0.14384134
0,0.15958826
0,0.16423489
0,0.17293069
0,0.17495948
0,0.15082471
0,0.17129682
0,0.18156421
0,0.18485084
0,0.19803269
0,0.17950013
0,0.17969236
0,0.18499944
0,0.1736667
0,0.15573813
0,0.15006647
0,0.16382584
0,0.16588539
0,0.16827859
0,0.17014337
0,0.16955158
0,0.1631899
0,0.14039323
0,0.16940662
0,0.16914771
0,0.16869392
0,0.17028716
0,0.16815144
0,0.1693995
0,0.16055073
0,0.14376312
0,0.15876198
0,0.16428562
0,0.16866396
0,0.16796236
0,0.17049551
0,0.14729168
0,0.18264538
0,0.33392012
0,0.62148774
0,0.87239695
0,0.89448726
0,0.7818165
0,0.6689923
0,0.48406863
0,0.38661164
0,0.28730902
0,0.2921863
0,0.26500052
0,0.25427207
0,0.17829584
0,0.15055162
0,0.1588892
0,0.1471061
0,0.1349072
0,0.14792933
0,0.1278716
0,0.14335991
0,0.15101282
0,0.15502016
0,0.13751297
0,0.13703533
0,0.13159102
0,0.1465489
0,0.15888187
0,0.16511366
0,0.23688553
0,0.22940578
0,0.2138624
0,0.16710488
0,0.19829088
0,0.23064852
0,0.23521577
0,0.18357314
0,0.19899672
0,0.19467555
0,0.18168871
0,0.16334128
0,0.14347577
0,0.15377931
0,0.15917708
0,0.16375677
0,0.14134774
0,0.15637295
0,0.15329085
0,0.14297011
0,0.1578957
0,0.14239405
0,0.15614192
0,0.160446
0,0.14351758
0,0.16563076
0,0.14325769
0,0.14110571
0,0.1590489
0,0.17448398
0,0.18596336
0,0.16061422
0,0.176615
0,0.18658794
0,0.17403278
0,0.16109194
0,0.16019912
0,0.18418278
0,0.19080685
0,0.19658017
0,0.20093422
0,0.16738379
0,0.16781478
0,0.15540946
0,0.17155321
0,0.17733106
0,0.189998
0,0.18935752
0,0.18909897
0,0.19493334
0,0.1737873
0,0.15623169
0,0.17071979
0,0.17505854
0,0.18405627
0,0.1836485
0,0.19230373
0,0.18220814
0,0.16134144
0,0.1452063
0,0.20713559
0,0.24439357
0,0.1936644
0,0.19310956
0,0.3049706
0,0.26308933
0,0.19540562
0,0.15939352
0,0.17907116
0,0.18239237
0,0.17441206
0,0.1410618
0,0.15544203
0,0.13620497
0,0.13678621
0,0.12948413
0,0.1461797
0,0.1304786
0,0.15457912
0,0.16173159
0,0.16823639
0,0.16222802
0,0.14997196
0,0.16465396
0,0.17037012
0,0.19242556
0,0.15388428
0,0.17574273
0,0.17651516
0,0.16665737
0,0.1566038
0,0.16881464
0,0.14901346
0,0.16557927
0,0.18422398
0,0.18368126
0,0.19004482
0,0.17336254
0,0.15424795
0,0.13888964
0,0.15910976
0,0.16552025
0,0.4217972
0,0.26336306
0,0.26290482
0,0.21342656
0,0.1676325
0,0.17973365
0,0.15113303
0,0.13857722
0,0.15353626
0,0.15809654
0,0.1662515
0,0.14348868
0,0.13791074
0,0.15243614
0,0.16364984
0,0.17122264
0,0.14583066
0,0.13586149
0,0.13863276
0,0.1295642
0,0.12915674
0,0.1250888
0,0.14650396
0,0.15652545
0,0.13879834
0,0.2412903
0,0.19375557
0,0.172899
0,0.35779908
0,0.31458864
0,0.35774004
0,0.34243548
0,0.23062083
0,0.17413203
0,0.19262266
0,0.17399655
0,0.19079399
0,0.19460209
0,0.15680343
0,0.174806
0,0.18614385
0,0.15153086
0,0.13854897
0,0.13709278
0,0.15075499
0,0.23205216
0,0.18609072
0,0.55181205
0,0.4583205
0,0.7411895
0,0.7438401
0,0.6062404
0,0.46101713
0,0.3169563
0,0.23958075
0,0.42763343
0,0.8744455
0,0.61219025
0,0.6426395
0,0.7465972
0,0.6084432
0,0.76245147
0,0.5780823
0,0.40462476
0,0.41889215
0,0.38557956
0,0.35448477
0,0.28158316
0,0.29568443
0,0.30382618
0,0.32139838
0,0.29843414
0,0.28026062
0,0.27061716
0,0.1993464
0,0.17318684
0,0.1990503
0,0.20833814
0,0.20871061
0,0.21191657
0,0.24555637
0,0.25027475
0,0.2108834
0,0.16554654
0,0.18494648
0,0.16986504
0,0.16955414
0,0.17051882
0,0.14862116
0,0.15626195
0,0.14865817
0,0.13709873
0,0.12868603
0,0.16338657
0,0.1654625
0,0.17566715
0,0.17742886
0,0.17334312
0,0.15107132
0,0.14386792
0,0.16321707
0,0.17296481
0,0.1764903
0,0.1468219
0,0.16642264
0,0.16572973
0,0.15713112
0,0.16988741
0,0.15208404
0,0.13764587
0,0.15698498
0,0.16701089
0,0.1758082
0,0.172817
0,0.1612765
0,0.14607786
0,0.16450329
0,0.17357932
0,0.18191452
0,0.18702166
0,0.19340953
0,0.17954017
0,0.16020408
0,0.18276031
0,0.18558362
0,0.20400618
0,0.15560685
0,0.17090358
0,0.17377426
0,0.1523945
0,0.14409898
0,0.15701938
0,0.16239725
0,0.1663417
0,0.14478184
0,0.1358031
0,0.15174328
0,0.15021175
0,0.13917303
0,0.13467652
0,0.15613954
0,0.16386555
0,0.17372836
0,0.14903766
0,0.14127992
0,0.15195449
0,0.14813434
0,0.16760588
0,0.24275349
0,0.18113463
0,0.19911897
0,0.200827
0,0.20288928
0,0.18122825
0,0.16098017
0,0.18071805
0,0.19136283
0,0.194495
0,0.1908298
0,0.20055087
0,0.16120932
0,0.15710083
0,0.1434476
0,0.15621747
0,0.16637523
0,0.16966192
0,0.17181695
0,0.17460446
0,0.1870731
0,0.15807532
0,0.14351271
0,0.13655043
0,0.12932514
0,0.124674544
0,0.14520878
0,0.13668518
0,0.15047361
0,0.13870327
0,0.13965529
0,0.16922908
0,0.15430725
0,0.17453499
0,0.18926062
0,0.20734267
0,0.19743294
0,0.17124614
0,0.196547
0,0.203751
0,0.20153463
0,0.212621
0,0.16984607
0,0.19391799
0,0.16983916
0,0.16526136
0,0.16413446
0,0.16585635
0,0.19481613
0,0.2063578
0,0.20572495
0,0.21144791
0,0.19090942
0,0.16841707
0,0.20301384
0,0.16882055
0,0.1840765
0,0.18466094
0,0.18913275
0,0.19412756
0,0.18152177
0,0.15849082
0,0.17137855
0,0.1513256
0,0.1707295
0,0.16161226
0,0.17159146
0,0.17503417
0,0.15647481
0,0.14805557
0,0.16070354
0,0.16581382
0,0.17107233
0,0.15166652
0,0.1687708
0,0.17667013
0,0.16244589
0,0.15105332
0,0.14615913
0,0.16420008
0,0.17183147
0,0.1806135
0,0.18174839
0,0.16044128
0,0.16374345
0,0.17690045
0,0.18670557
0,0.1911293
0,0.16456419
0,0.17438123
0,0.17865622
0,0.1784305
0,0.16165943
0,0.14906032
0,0.16226593
0,0.1681717
0,0.17143866
0,0.14466728
0,0.16089126
0,0.16384995
0,0.15505119
0,0.14403066
0,0.19425654
0,0.21983635
0,0.23101577
0,0.2227945
0,0.21760908
0,0.19651885
0,0.169759
0,0.18182051
0,0.1768624
0,0.18095651
0,0.17823975
0,0.18174727
0,0.15044111
0,0.15526007
0,0.14696358
0,0.1631846
0,0.1661113
0,0.14666513
0,0.15966552
0,0.14357279
0,0.15449946
0,0.13621406
0,0.13961712
0,0.15635622
0,0.16108355
0,0.16628745
0,0.16685091
0,0.1458129
0,0.16199341
0,0.14347899
0,0.14492033
0,0.1621178
0,0.1481139
0,0.16714443
0,0.1812669
0,0.19088799
0,0.19262247
0,0.18353845
0,0.16593851
0,0.18590042
0,0.19799806
0,0.19757052
0,0.19622213
0,0.20550321
0,0.16840456
0,0.17217644
0,0.1540252
0,0.14224279
0,0.15876448
0,0.16731018
0,0.20378964
0,0.19773984
0,0.19598691
0,0.17153399
0,0.18452156
0,0.1827806
0,0.18056038
0,0.1818462
0,0.1518522
0,0.16931035
0,0.1716976
0,0.15438734
0,0.14155099
0,0.13529383
0,0.14952606
0,0.15552367
0,0.15998094
0,0.1669982
0,0.14600441
0,0.14530803
0,0.13880794
0,0.1674413
0,0.17073627
0,0.1473545
0,0.16374351
0,0.1724325
0,0.16777408
0,0.15859964
0,0.1436314
0,0.16411856
0,0.17368332
0,0.18028289
0,0.18325298
0,0.19223331
0,0.18339404
0,0.15927224
0,0.1457849
0,0.1665353
0,0.17245342
0,0.17739362
0,0.18068336
0,0.18383595
0,0.16045189
0,0.15266499
0,0.17207505
0,0.16239236
0,0.17095809
0,0.14914986
0,0.16869308
0,0.14524603
0,0.15555042
0,0.14763527
0,0.13748707
0,0.16008689
0,0.14695714
0,0.16614538
0,0.17759159
0,0.15647113
0,0.16332391
0,0.16274351
0,0.18607071
0,0.19509546
0,0.20901673
0,0.21258846
0,0.17279166
0,0.19377641
0,0.18121111
0,0.16995282
0,0.1572743
0,0.15220621
0,0.17903785
0,0.16112365
0,0.18697152
0,0.20080924
0,0.18628357
0,0.16626064
0,0.15347967
0,0.17732418
0,0.18625754
0,0.19332875
0,0.19720203
0,0.19468728
0,0.17931712
0,0.16197924
0,0.15529935
0,0.18165568
0,0.18919119
0,0.19659455
0,0.20126136
0,0.17339042
0,0.18008244
0,0.16170602
0,0.18618953
0,0.19593005
0,0.19992082
0,0.16231634
0,0.17698844
0,0.14881602
0,0.14768785
0,0.13799898
0,0.13645689
0,0.27884343
0,0.49219206
0,0.5577297
0,0.89606524
0,0.88816893
0,0.97470146
0,0.8859462
0,0.91751826
0,0.84293926
0,0.6570234
0,0.6188791
0,0.5547217
0,0.49159917
0,0.36842242
0,0.32328373
0,0.382624
0,0.2758166
0,0.30177885
0,0.31085983
0,0.3005714
0,0.24719003
0,0.2732241
0,0.223157
0,0.26161042
0,0.25847173
0,0.27802986
0,0.26568544
0,0.26073515
0,0.19241728
0,0.16143982
0,0.20677389
0,0.23175587
0,0.23374948
0,0.2105156
0,0.18447095
0,0.14757957
0,0.14627372
0,0.13756497
0,0.15933873
0,0.16544749
0,0.14716665
0,0.15940484
0,0.16274996
0,0.14103484
0,0.13272007
0,0.12960581
0,0.1524099
0,0.16690207
0,0.17950252
0,0.18664074
0,0.15833704
0,0.16651063
0,0.15627874
0,0.17380632
0,0.1844222
0,0.16062586
0,0.17937158
0,0.18582898
0,0.19572856
0,0.19068326
0,0.16902733
0,0.18454148
0,0.19173452
0,0.19623184
0,0.2036925
0,0.2090006
0,0.21114269
0,0.1939547
0,0.16180857
0,0.14204974
0,0.1609698
0,0.16758183
0,0.17889072
0,0.18423036
0,0.18395668
0,0.1676787
0,0.15025364
0,0.16632885
0,0.1690786
0,0.17486429
0,0.18104723
0,0.15023816
0,0.16376853
0,0.16400267
0,0.14842981
0,0.16660303
0,0.14634778
0,0.16166995
0,0.16829321
0,0.14815915
0,0.13725737
0,0.12849566
0,0.13047875
0,0.13358389
0,0.1517236
0,0.16685754
0,0.1478279
0,0.17129165
0,0.19898136
0,0.1817294
0,0.16139351
0,0.15914778
0,0.17638472
0,0.1900057
0,0.15352343
0,0.1776677
0,0.19995683
0,0.17390756
0,0.15527114
0,0.14412668
0,0.13547635
0,0.13479026
0,0.1340383
0,0.15794957
0,0.16740668
0,0.15987974
0,0.15226592
0,0.17152044
0,0.18023273
0,0.18472451
0,0.19991292
0,0.20768315
0,0.16315311
0,0.14941813
0,0.15312396
0,0.17752329
0,0.18918909
0,0.16394864
0,0.18845142
0,0.15696876
0,0.17082736
0,0.16299409
0,0.21123283
0,0.21047722
0,0.20147608
0,0.20880575
0,0.21670544
0,0.16462457
0,0.16917224
0,0.15480533
0,0.14372462
0,0.16544396
0,0.14378728
0,0.1334904
0,0.15819933
0,0.16989845
0,0.22361974
0,0.1688821
0,0.2472644
0,0.18182899
0,0.25495934
0,0.31560805
0,0.19559687
0,0.92986196
0,0.77113056
0,0.61534196
0,0.59299123
0,0.42566133
0,0.43663508
0,0.42968658
0,0.39569905
0,0.36445755
0,0.32512346
0,0.26356447
0,0.20159064
0,0.25851732
0,0.29748544
0,0.2884526
0,0.22425304
0,0.25719
0,0.22056487
0,0.25749308
0,0.24946055
0,0.18101971
0,0.21276473
0,0.23069741
0,0.25266713
0,0.24107514
0,0.17907956
0,0.15513343
0,0.16562791
0,0.1650125
0,0.1697357
0,0.14663303
0,0.1635845
0,0.14488521
0,0.14347191
0,0.13563871
0,0.13711913
0,0.1302086
0,0.1283108
0,0.12829736
0,0.12770875
0,0.14886084
0,0.14197174
0,0.14788207
0,0.17014934
0,0.27506623
0,0.26743436
0,0.2769013
0,0.2865712
0,0.27115762
0,0.23014909
0,0.18389364
0,0.21605797
0,0.2453684
0,0.2557205
0,0.27179423
0,0.27537248
0,0.18068458
0,0.17200105
0,0.15491892
0,0.172535
0,0.17829907
0,0.1496419
0,0.16416657
0,0.17237125
0,0.16522786
0,0.1500755
0,0.13776635
0,0.15673423
0,0.13285713
0,0.13016331
0,0.1573789
0,0.13901561
0,0.14810856
0,0.14727855
0,0.16925845
0,0.1856569
0,0.15333834
0,0.14614591
0,0.16973606
0,0.18641031
0,0.17797603
0,0.16364433
0,0.19387716
0,0.20528121
0,0.21230735
0,0.22036971
0,0.22544491
0,0.16997279
0,0.17374922
0,0.16020364
0,0.18310611
0,0.19096005
0,0.19604097
0,0.1981171
0,0.20839371
0,0.21059412
0,0.15457149
0,0.14698799
0,0.16520128
0,0.17476746
0,0.14543262
0,0.16781527
0,0.14405794
0,0.15750624
0,0.13657175
0,0.13110606
0,0.15083992
0,0.13615966
0,0.15228519
0,0.16296582
0,0.14725052
0,0.14070052
0,0.13739324
0,0.14174876
0,0.16239502
0,0.1801911
0,0.15662222
0,0.1489072
0,0.19710843
0,0.19315708
0,0.32056424
0,0.49413294
0,0.35397342
0,0.45292497
0,0.30963698
0,0.4016639
0,0.25549105
0,0.25496286
0,0.18660328
0,0.22458868
0,0.16365771
0,0.39474759
0,0.33939922
0,0.30656317
0,0.38011995
0,0.27033415
0,0.38999656
0,0.25648302
0,0.39304963
0,0.38083085
0,0.24747467
0,0.31679207
0,0.2769017
0,0.22334252
0,0.2024368
0,0.16298053
0,0.32239068
0,0.21900667
0,0.17808467
0,0.19880825
0,0.51641697
0,0.57435036
0,0.37210178
0,0.3591885
0,0.34537795
0,0.25334257
0,0.33588216
0,0.21573903
0,0.16696224
0,0.16656363
0,0.13932078
0,0.13240564
0,0.15267737
0,0.1350873
0,0.15591618
0,0.16950792
0,0.17201565
0,0.15820377
0,0.14271352
0,0.15986504
0,0.16688685
0,0.17539774
0,0.1797013
0,0.18493627
0,0.18061095
0,0.16081445
0,0.1434568
0,0.16141711
0,0.16970716
0,0.14188083
0,0.17394497
0,0.1883947
0,0.18168156
0,0.16358666
0,0.17564471
0,0.18237318
0,0.15094908
0,0.14014857
0,0.15863973
0,0.14203529
0,0.14986742
0,0.14339827
0,0.13389593
0,0.15520437
0,0.14262053
0,0.16110234
0,0.17576519
0,0.1816221
0,0.17241473
0,0.15268563
0,0.17507459
0,0.1855338
0,0.15619867
0,0.1711588
0,0.15371776
0,0.14306282
0,0.15397537
0,0.14881454
0,0.13926893
0,0.13722639
0,0.16311857
0,0.17894639
0,0.15789075
0,0.14909762
0,0.15159325
0,0.15723187
0,0.15214442
0,0.18338104
0,0.20090875
0,0.21680446
0,0.22248274
0,0.22990772
0,0.2564749
0,0.19418158
0,0.17093801
0,0.20183907
0,0.2273501
0,0.23396456
0,0.24169263
0,0.18277767
0,0.16588357
0,0.15879296
0,0.18649617
0,0.20438322
0,0.20576459
0,0.16417341
0,0.18192028
0,0.18880145
0,0.16967522
0,0.15134792
0,0.1356344
0,0.12995915
0,0.12517169
0,0.15018375
0,0.20049308
0,0.15796615
0,0.15948841
0,0.15039334
0,0.14366926
0,0.17462562
0,0.1578259
0,0.18126762
0,0.19620416
0,0.19060968
0,0.1779824
0,0.16298743
0,0.19022633
0,0.19991069
0,0.20078856
0,0.25118732
0,0.24711452
0,0.18449494
0,0.18047896
0,0.19769688
0,0.2085271
0,0.20950888
0,0.21772012
0,0.21694283
0,0.20704643
0,0.19656317
0,0.16172437
0,0.14229573
0,0.15903628
0,0.16601092
0,0.1710753
0,0.17355415
0,0.1444795
0,0.15129186
0,0.14127569
0,0.14868319
0,0.15789747
0,0.13670938
0,0.1523424
0,0.15993331
0,0.1384644
0,0.14649715
0,0.13566075
0,0.15408456
0,0.16113538
0,0.16895637
0,0.17780706
0,0.15506521
0,0.1696029
0,0.16908178
0,0.1546127
0,0.17296028
0,0.15701413
0,0.17565371
0,0.1832915
0,0.18855712
0,0.19712481
0,0.18055148
0,0.1640784
0,0.18782775
0,0.19134603
0,0.1928639
0,0.1535612
0,0.17313725
0,0.17896281
0,0.16532329
0,0.1472183
0,0.16425182
0,0.1705745
0,0.1708989
0,0.1741143
0,0.17879836
0,0.18164231
0,0.15134753
0,0.15724963
0,0.1673518
0,0.17223504
0,0.17773977
0,0.17653574
0,0.18285753
0,0.14950153
0,0.148357
0,0.13690485
0,0.12807055
0,0.15170224
0,0.15961236
0,0.16480875
0,0.14177892
0,0.13820091
0,0.13793841
0,0.13309807
0,0.15191646
0,0.1658652
0,0.149509
0,0.14411187
0,0.16924565
0,0.17450815
0,0.15327786
0,0.15215395
0,0.17982952
0,0.15890375
0,0.15468445
0,0.15771095
0,0.166991
0,0.17879444
0,0.19405589
0,0.22018076
0,0.23414387
0,0.24523284
0,0.29262227
0,0.30829504
0,0.32598326
0,0.31368053
0,0.27267966
0,0.3301131
0,0.34025383
0,0.34918407
0,0.3367941
0,0.32993472
0,0.25696006
0,0.24211663
0,0.2382412
0,0.2681613
0,0.26425758
0,0.20701237
0,0.23092894
0,0.23664284
0,0.23079295
0,0.20455313
0,0.16057952
0,0.17227449
0,0.17610061
0,0.18237185
0,0.18781513
0,0.16130456
0,0.14731213
0,0.19877817
0,0.15462866
0,0.1409773
0,0.13761191
0,0.15424488
0,0.16362579
0,0.17011745
0,0.1777398
0,0.151929
0,0.14549176
0,0.16544761
0,0.17348044
0,0.17982693
0,0.15024376
0,0.14038661
0,0.16466601
0,0.16004609
0,0.14888012
0,0.14402543
0,0.16613086
0,0.17976168
0,0.18655159
0,0.19495027
0,0.19899535
0,0.17007364
0,0.1727074
0,0.19347633
0,0.1996849
0,0.20219879
0,0.17656608
0,0.19088934
0,0.19078952
0,0.17327522
0,0.15536566
0,0.14760973
0,0.17138544
0,0.17885816
0,0.15250617
0,0.1774481
0,0.15622926
0,0.15932417
0,0.1486628
0,0.32134455
0,0.20431988
0,0.17139383
0,0.2016902
0,0.21002635
0,0.20441751
0,0.16660659
0,0.17533685
0,0.19105713
0,0.19622163
0,0.20085886
0,0.19827889
0,0.1619851
0,0.14892995
0,0.14271866
0,0.16280672
0,0.17147666
0,0.18018654
0,0.18218346
0,0.183771
0,0.18231235
0,0.17025097
0,0.1534296
0,0.16419727
0,0.16850656
0,0.17405386
0,0.17476621
0,0.17736328
0,0.15129034
0,0.15291828
0,0.14152075
0,0.15878575
0,0.1681046
0,0.14417394
0,0.14256302
0,0.15188164
0,0.16309589
0,0.15793067
0,0.14835064
0,0.16379279
0,0.17007849
0,0.17454657
0,0.18788542
0,0.15743236
0,0.17799453
0,0.17133862
0,0.15518875
0,0.18183994
0,0.15525697
0,0.14729914
0,0.16217494
0,0.17669477
0,0.18510593
0,0.17327204
0,0.16270159
0,0.1840407
0,0.19478524
0,0.19341928
0,0.20010309
0,0.20612465
0,0.23948097
0,0.19887696
0,0.19568811
0,0.20374852
0,0.20850697
0,0.2136942
0,0.20997088
0,0.18976642
0,0.15113772
0,0.14899695
0,0.13768895
0,0.13083811
0,0.14821978
0,0.15613231
0,0.13658744
0,0.15527368
0,0.15603784
0,0.15014976
0,0.16224927
0,0.14356598
0,0.16197789
0,0.17334074
0,0.18564264
0,0.1990018
0,0.16161995
0,0.15665136
0,0.14410982
0,0.16855033
0,0.18306552
0,0.15460011
0,0.18611832
0,0.1930209
0,0.18961966
0,0.17292593
0,0.17618431
0,0.19484669
0,0.16059314
0,0.17770988
0,0.15235347
0,0.1689078
0,0.17020667
0,0.15752141
0,0.18301718
0,0.19006948
0,0.19576797
0,0.19806607
0,0.20386209
0,0.21022996
0,0.19202428
0,0.16677105
0,0.18474402
0,0.19070669
0,0.1916291
0,0.1904638
0,0.1901888
0,0.15570588
0,0.14390056
0,0.13967922
0,0.14175652
0,0.15549709
0,0.14570633
0,0.16144925
0,0.1690592
0,0.1736647
0,0.16093586
0,0.14705908
0,0.16508587
0,0.1712895
0,0.18397397
0,0.18509385
0,0.16054778
0,0.17398128
0,0.16590162
0,0.15263382
0,0.17035294
0,0.15297022
0,0.14844841
0,0.16978893
0,0.18879758
0,0.16253634
0,0.16503942
0,0.15907377
0,0.17907272
0,0.19327916
0,0.19449876
0,0.20072226
0,0.20457007
0,0.1950741
0,0.17921491
0,0.19455072
0,0.16631941
0,0.15993929
0,0.15443836
0,0.17564729
0,0.18828069
0,0.1848565
0,0.17051014
0,0.19101903
0,0.19945712
0,0.20327032
0,0.20991355
0,0.17316367
0,0.18436898
0,0.17413974
0,0.15516666
0,0.16819215
0,0.15575929
0,0.14236063
0,0.15769525
0,0.14479688
0,0.16339593
0,0.15442444
0,0.1513839
0,0.18011348
0,0.16106758
0,0.15643282
0,0.16036159
0,0.17830431
0,0.19047605
0,0.1863226
0,0.17140839
0,0.16630153
0,0.19483002
0,0.21040691
0,0.18829927
0,0.21043248
0,0.18572497
0,0.19233716
0,0.2025702
0,0.24431056
0,0.27461287
0,0.2669312
0,0.28415492
0,0.2863174
0,0.2640537
0,0.23520394
0,0.20115593
0,0.18176256
0,0.20351642
0,0.20692761
0,0.21143849
0,0.21709901
0,0.17619072
0,0.15914422
0,0.18058705
0,0.1582934
0,0.17821121
0,0.15738994
0,0.17922494
0,0.15249942
0,0.14691406
0,0.15286316
0,0.14927451
0,0.16496204
0,0.15304495
0,0.15011871
0,0.15585156
0,0.16230054
0,0.18864015
0,0.19831324
0,0.20872433
0,0.25000244
0,0.24716482
0,0.28296092
0,0.30208457
0,0.30918437
0,0.29632762
0,0.2661285
0,0.3070292
0,0.3262402
0,0.34030658
0,0.34442136
0,0.3243148
0,0.27277118
0,0.28133002
0,0.249294
0,0.26870108
0,0.22894718
0,0.23246144
0,0.22254027
0,0.21641935
0,0.21178098
0,0.19027488
0,0.1627433
0,0.1770693
0,0.17910059
0,0.18462928
0,0.1552088
0,0.14439988
0,0.1638102
0,0.14752646
0,0.14584343
0,0.1640132
0,0.15500866
0,0.15133487
0,0.15620086
0,0.17709094
0,0.1883785
0,0.17810746
0,0.18021393
0,0.20245405
0,0.21429329
0,0.2168378
0,0.19511719
0,0.20768285
0,0.21179587
0,0.19653487
0,0.203314
0,0.19261862
0,0.2094572
0,0.21845883
0,0.20001933
0,0.21559772
0,0.21177
0,0.2092284
0,0.20141184
0,0.21725185
0,0.18855537
0,0.20414686
0,0.20454292
0,0.17659329
0,0.18233961
0,0.16980062
0,0.16277546
0,0.18712384
0,0.19420016
0,0.19462116
0,0.1962436
0,0.17412263
0,0.1699045
0,0.17304426
0,0.19998252
0,0.20947401
0,0.2080938
0,0.18525948
0,0.20396957
0,0.20988049
0,0.19415936
0,0.18023069
0,0.16995938
0,0.19236986
0,0.19538766
0,0.2025584
0,0.17410293
0,0.16308782
0,0.16689357
0,0.16635099
0,0.1886104
0,0.2022794
0,0.17478739
0,0.19304593
0,0.20262276
0,0.20613095
0,0.19039415
0,0.17562774
0,0.19288503
0,0.20230962
0,0.20132266
0,0.20210165
0,0.20394126
0,0.20525903
0,0.18852785
0,0.17358856
0,0.16756484
0,0.18460216
0,0.19232179
0,0.19281512
0,0.19175749
0,0.19079079
0,0.17315087
0,0.1754229
0,0.15484913
0,0.16286576
0,0.16910912
0,0.1772816
0,0.15380985
0,0.16614711
0,0.15667206
0,0.1443444
0,0.14543505
0,0.14985365
0,0.16515793
0,0.17517322
0,0.18418726
0,0.18334785
0,0.16802946
0,0.19176492
0,0.20136088
0,0.20350483
0,0.20482035
0,0.17838746
0,0.16955876
0,0.17018613
0,0.16530558
0,0.1919441
0,0.18227379
0,0.18743962
0,0.20948717
0,0.22740385
0,0.2283969
0,0.22251272
0,0.1969645
0,0.21685715
0,0.22157408
0,0.22120848
0,0.21934679
0,0.21307893
0,0.20890118
0,0.19706625
0,0.17257689
0,0.18743932
0,0.19307166
0,0.19548124
0,0.16756059
0,0.18302345
0,0.184714
0,0.16370124
0,0.15477192
0,0.14881639
0,0.16044715
0,0.17997842
0,0.1588962
0,0.17817943
0,0.18038657
0,0.16658553
0,0.17883939
0,0.15555276
0,0.17649212
0,0.18325701
0,0.18892112
0,0.15854165
0,0.15465285
0,0.15900363
0,0.15810713
0,0.17641199
0,0.1897833
0,0.17490236
0,0.16968025
0,0.1710431
0,0.1871696
0,0.18815005
0,0.18284881
0,0.19945091
0,0.20978877
0,0.18459328
0,0.1995495
0,0.20614178
0,0.18640994
0,0.18633288
0,0.18501593
0,0.22018164
0,0.2261557
0,0.24279144
0,0.24118854
0,0.23532942
0,0.23220517
0,0.20415847
0,0.22842409
0,0.23223977
0,0.19530083
0,0.20471637
0,0.2052471
0,0.17994754
0,0.1833042
0,0.16492598
0,0.17870142
0,0.18536147
0,0.17456725
0,0.18494785
0,0.18641047
0,0.19017513
0,0.17964387
0,0.16381258
0,0.17658746
0,0.20413104
0,0.19724974
0,0.20226641
0,0.1658506
0,0.18137029
0,0.17227085
0,0.15701997
0,0.15014055
0,0.14529392
0,0.16307071
0,0.1714197
0,0.17621766
0,0.18174994
0,0.17134027
0,0.1545292
0,0.14946084
0,0.14490852
0,0.14186002
0,0.14713003
0,0.15266404
0,0.16733956
0,0.5352044
0,0.3570407
0,0.36076152
0,0.28311062
0,0.22178228
0,0.20540327
0,0.22501253
0,0.18480134
0,0.18196426
0,0.17273563
0,0.19256938
0,0.16967025
0,0.1826357
0,0.162646
0,0.18125889
0,0.15247284
0,0.15073365
0,0.16945177
0,0.14473188
0,0.15904738
0,0.14186004
0,0.1540762
0,0.1405824
0,0.1386323
0,0.14083114
0,0.13756068
0,0.15561952
0,0.16871308
0,0.15619873
0,0.18140095
0,0.30862573
0,0.28674755
0,0.26847878
0,0.24932115
0,0.24747287
0,0.24360819
0,0.30717805
0,0.23172355
0,0.23708785
0,0.21858367
0,0.18317483
0,0.16928548
0,0.19652878
0,0.1729304
0,0.17821537
0,0.19218025
0,0.17519934
0,0.17496492
0,0.16044773
0,0.17437717
0,0.18183824
0,0.18212089
0,0.19295447
0,0.19254878
0,0.1621164
0,0.16572943
0,0.14922386
0,0.16474938
0,0.18016763
0,0.15582913
0,0.18127853
0,0.18747187
0,0.1902574
0,0.17712608
0,0.15943247
0,0.18313207
0,0.19505684
0,0.19531219
0,0.21352792
0,0.1667102
0,0.1826918
0,0.15967372
0,0.14545685
0,0.13914768
0,0.1350904
0,0.15588951
0,0.14376955
0,0.16148175
0,0.16984332
0,0.16832764
0,0.19616452
0,0.19547798
0,0.19922732
0,0.20071977
0,0.20235498
0,0.21210971
0,0.18332092
0,0.17337988
0,0.17348088
0,0.18521063
0,0.19590794
0,0.19105226
0,0.19945303
0,0.19699164
0,0.19429171
0,0.18005393
0,0.15676166
0,0.17506929
0,0.17697865
0,0.17696409
0,0.14745037
0,0.16017279
0,0.15984602
0,0.1501162
0,0.16202204
0,0.14475237
0,0.13491656
0,0.15287209
0,0.16106004
0,0.16594365
0,0.14400837
0,0.14307922
0,0.13577537
0,0.13399121
0,0.1549369
0,0.13899375
0,0.16060266
0,0.17738004
0,0.1786093
0,0.16352141
0,0.16847163
0,0.17954093
0,0.16523218
0,0.18858805
0,0.19686458
0,0.2016427
0,0.18979225
0,0.1727998
0,0.19043635
0,0.16432641
0,0.18437573
0,0.19273244
0,0.20702079
0,0.20477208
0,0.17319603
0,0.1588938
0,0.1773658
0,0.19360392
0,0.19748776
0,0.15896584
0,0.17276496
0,0.1529572
0,0.15494196
0,0.14654602
0,0.16373894
0,0.17290719
0,0.15728626
0,0.14867464
0,0.14322335
0,0.1441198
0,0.15582389
0,0.15352817
0,0.18362334
0,0.17842522
0,0.20151527
0,0.18319172
0,0.18794462
0,0.21067661
0,0.20938955
0,0.20320314
0,0.21167059
0,0.21991971
0,0.2696565
0,0.28697252
0,0.2535773
0,0.24649696
0,0.27437142
0,0.2743116
0,0.32489467
0,0.34574547
0,0.358632
0,0.36447304
0,0.3638664
0,0.29711896
0,0.2839202
0,0.29300046
0,0.2750518
0,0.2644216
0,0.24744798
0,0.23760599
0,0.23956394
0,0.21452552
0,0.19294436
0,0.1712112
0,0.1942136
0,0.19955131
0,0.19663736
0,0.167057
0,0.17300898
0,0.26772544
0,0.16977471
0,0.18365763
0,0.1550232
0,0.16243699
0,0.16914523
0,0.17048883
0,0.16859394
0,0.1440688
0,0.13803716
0,0.15634102
0,0.16146107
0,0.16805278
0,0.14122652
0,0.13244747
0,0.15183575
0,0.1354709
0,0.13384107
0,0.13226976
0,0.15257603
0,0.16285443
0,0.17496093
0,0.15251797
0,0.14206618
0,0.14534102
0,0.16759843
0,0.15538673
0,0.1770805
0,0.1901049
0,0.17269823
0,0.2001747
0,0.20472094
0,0.19151832
0,0.17554778
0,0.17227904
0,0.18022491
0,0.20970568
0,0.19485672
0,0.19641404
0,0.19598539
0,0.21728183
0,0.246523
0,0.2562587
0,0.2472682
0,0.20863768
0,0.2294128
0,0.2284709
0,0.21833268
0,0.2021697
0,0.18483186
0,0.20460406
0,0.21634756
0,0.20519759
0,0.21314576
0,0.18390425
0,0.16819899
0,0.16959263
0,0.19301097
0,0.20446344
0,0.1783408
0,0.20015642
0,0.20194204
0,0.20309813
0,0.19063102
0,0.16855842
0,0.18263419
0,0.18372644
0,0.18622234
0,0.18880452
0,0.1597918
0,0.17545798
0,0.16818398
0,0.15163483
0,0.17590581
0,0.17697774
0,0.15352874
0,0.17205141
0,0.17035158
0,0.17233582
0,0.1649923
0,0.1514052
0,0.16332766
0,0.16460113
0,0.16866684
0,0.17284374
0,0.15186363
0,0.14362234
0,0.13873586
0,0.13214675
0,0.16440932
0,0.16936119
0,0.17743933
0,0.18132502
0,0.18877721
0,0.19199677
0,0.16603744
0,0.15718518
0,0.17247455
0,0.15178867
0,0.17102785
0,0.15143357
0,0.17197199
0,0.17828472
0,0.15603517
0,0.14836887
0,0.15275161
0,0.16759945
0,0.17860915
0,0.15544516
0,0.15293111
0,0.16989471
0,0.16860501
0,0.16275993
0,0.17644629
0,0.18231359
0,0.18989433
0,0.20303588
0,0.17150249
0,0.18480809
0,0.18218309
0,0.17519024
0,0.18105361
0,0.1923167
0,0.23526087
0,0.2608509
0,0.25674522
0,0.2391493
0,0.22828895
0,0.23148891
0,0.24309993
0,0.2379043
0,0.20269854
0,0.19730887
0,0.20662478
0,0.19776587
0,0.18487684
0,0.17640394
0,0.16929398
0,0.1868291
0,0.16853644
0,0.17358665
0,0.1701436
0,0.18396595
0,0.23913741
0,0.2296748
0,0.19083765
0,0.17453331
0,0.19280481
0,0.19911714
0,0.17026359
0,0.17886831
0,0.1733585
0,0.19690073
0,0.2234524
0,0.20024963
0,0.19827121
0,0.22166945
0,0.22284077
0,0.19883886
0,0.19837321
0,0.20228434
0,0.21737109
0,0.21998826
0,0.2053807
0,0.21354885
0,0.21200947
0,0.19166666
0,0.20088208
0,0.20579863
0,0.20858952
0,0.1795864
0,0.16059905
0,0.15800118
0,0.18251863
0,0.17356004
0,0.1878244
0,0.19915722
0,0.17139646
0,0.19359788
0,0.2051244
0,0.17000942
0,0.18447463
0,0.16195859
0,0.15751205
0,0.17826654
0,0.15584241
0,0.17147729
0,0.15256391
0,0.30631027
0,0.21030384
0,0.26932326
0,0.20079386
0,0.17827247
0,0.2003417
0,0.21070245
0,0.17128581
0,0.18799488
0,0.17782317
0,0.16099897
0,0.14211427
0,0.15856588
0,0.16736722
0,0.1718718
0,0.15518387
0,0.17884465
0,0.15730397
0,0.1568057
0,0.17160435
0,0.1740647
0,0.18329002
0,0.18281843
0,0.18092492
0,0.18123904
0,0.15147653
0,0.18943468
0,0.15972732
0,0.16998014
0,0.17472747
0,0.15801549
0,0.17081496
0,0.17357731
0,0.16535981
0,0.21966505
0,0.21806636
0,0.21750663
0,0.32109016
0,0.2835192
0,0.25488347
0,0.17087236
0,0.16167943
0,0.14225236
0,0.15386319
0,0.15808286
0,0.1364869
0,0.15123402
0,0.15609379
0,0.1592021
0,0.14941868
0,0.13672593
0,0.13571122
0,0.13257521
0,0.15010513
0,0.1587169
0,0.3140375
0,0.2689655
0,0.20692948
0,0.16684654
0,0.17744832
0,0.18486194
0,0.1537751
0,0.1653481
0,0.16811176
0,0.26703984
0,0.1936858
0,0.20816407
0,0.20934597
0,0.15682241
0,0.16217436
0,0.14135738
0,0.29175627
0,0.228652
0,0.16604531
0,0.17807299
0,0.19589113
0,0.15717338
0,0.14154792
0,0.160767
0,0.14032964
0,0.14572953
0,0.13198273
0,0.124513626
0,0.14260481
0,0.15203945
0,0.13859627
0,0.13290875
0,0.15137365
0,0.15442233
0,0.14809397
0,0.13900395
0,0.13813636
0,0.15978155
0,0.17614043
0,0.16054045
0,0.15761757
0,0.16588803
0,0.15745018
0,0.18258096
0,0.20187172
0,0.20971005
0,0.23325373
0,0.198967
0,0.21060275
0,0.21149267
0,0.230088
0,0.22106348
0,0.22808
0,0.23595184
0,0.18596265
0,0.20522721
0,0.20232242
0,0.16269377
0,0.15303552
0,0.17017685
0,0.17808053
0,0.17863697
0,0.14972395
0,0.16406217
0,0.14316598
0,0.14748012
0,0.1390618
0,0.13470976
0,0.15049163
0,0.17172466
0,0.18476377
0,0.15934362
0,0.14791767
0,0.15963958
0,0.14910908
0,0.14828649
0,0.16741869
0,0.15983559
0,0.15630522
0,0.16236202
0,0.17216527
0,0.17788605
0,0.20574677
0,0.22294688
0,0.20297673
0,0.21426122
0,0.41008234
0,0.61154246
0,0.45358965
0,0.39931092
0,0.43469822
0,0.44790512
0,0.41952997
0,0.40971223
0,0.38676453
0,0.35819212
0,0.44894487
0,0.30919874
0,0.22091195
0,0.25713116
0,0.25906485
0,0.24413672
0,0.23031059
0,0.17951082
0,0.17176409
0,0.13896272
0,0.15652674
0,0.16262352
0,0.14141008
0,0.15257825
0,0.16387725
0,0.16261847
0,0.15494166
0,0.13815719
0,0.12741062
0,0.12430456
0,0.15037829
0,0.15761867
0,0.1428905
0,0.18991633
0,0.17170045
0,0.15292872
0,0.14628541
0,0.14433032
0,0.138372
0,0.1689453
0,0.1922897
0,0.19600959
0,0.18479544
0,0.24102335
0,0.23036711
0,0.23012474
0,0.1835323
0,0.16715471
0,0.2925417
0,0.30030313
0,0.20721754
0,0.17516945
0,0.19281161
0,0.19372939
0,0.19281027
0,0.19880214
0,0.1953413
0,0.1882436
0,0.16370144
0,0.14404887
0,0.15755421
0,0.1622601
0,0.16389288
0,0.14205739
0,0.1354833
0,0.1459317
0,0.13884877
0,0.1609539
0,0.1591043
0,0.16276753
0,0.13902909
0,0.15460399
0,0.25132018
0,0.18008187
0,0.166388
0,0.18215387
0,0.15312727
0,0.14007768
0,0.13862951
0,0.12997954
0,0.1285493
0,0.129953
0,0.1387452
0,0.1660685
0,0.18211405
0,0.19833912
0,0.16782872
0,0.18829383
0,0.19573426
0,0.16409153
0,0.163875
0,0.18490773
0,0.19333918
0,0.2013687
0,0.20416217
0,0.21122356
0,0.2185769
0,0.18235348
0,0.17252743
0,0.19375671
0,0.20019923
0,0.20609933
0,0.22771081
0,0.44896862
0,0.29496723
0,0.24584799
0,0.16898139
0,0.17650758
0,0.17049298
0,0.14419341
0,0.13879484
0,0.15641752
0,0.13690624
0,0.14037687
0,0.13239479
0,0.12651876
0,0.14790948
0,0.13759586
0,0.15951337
0,0.1441103
0,0.14696401
0,0.22463556
0,0.17024058
0,0.1924487
0,0.16379103
0,0.17940071
0,0.18692534
0,0.19456871
0,0.20242706
0,0.18177444
0,0.19644852
0,0.16777126
0,0.16386588
0,0.21393317
0,0.17701776
0,0.20109417
0,0.19719069
0,0.1815966
0,0.19020948
0,0.1907191
0,0.19040747
0,0.19238365
0,0.20199141
0,0.19932246
0,0.18774858
0,0.16604069
0,0.14578062
0,0.16525984
0,0.14262027
0,0.13832332
0,0.13463569
0,0.13353571
0,0.13511196
0,0.13984492
0,0.14140539
0,0.14558929
0,0.1542327
0,0.18531129
0,0.19870923
0,0.20957378
0,0.19684128
0,0.1874317
0,0.2077369
0,0.21756957
0,0.22779095
0,0.2010323
0,0.3915468
0,0.5918042
0,0.7031799
0,0.55594784
0,0.48443964
0,0.49152967
0,0.48884565
0,0.43738917
0,0.4045611
0,0.3557617
0,0.273475
0,0.19833356
0,0.19998515
0,0.19940175
0,0.1507257
0,0.16466506
0,0.14567885
0,0.15873155
0,0.23538418
0,0.16766554
0,0.17076483
0,0.17331548
0,0.17663196
0,0.18184267
0,0.1458688
0,0.13377258
0,0.14164439
0,0.12753965
0,0.12320939
0,0.14131933
0,0.13289276
0,0.15386485
0,0.16481784
0,0.14647165
0,0.14984474
0,0.14622971
0,0.16523638
0,0.14970616
0,0.16761918
0,0.17552723
0,0.28019747
0,0.25059414
0,0.19860992
0,0.1636463
0,0.19018967
0,0.1587505
0,0.18010575
0,0.16186251
0,0.15599488
0,0.14703292
0,0.15532899
0,0.17776214
0,0.18810487
0,0.15593296
0,0.14682257
0,0.16837052
0,0.18174087
0,0.15900975
0,0.15979743
0,0.15388568
0,0.18197435
0,0.19246708
0,0.20451996
0,0.16507407
0,0.1657037
0,0.173548
0,0.15404247
0,0.15825495
0,0.16686305
0,0.19862273
0,0.26614666
0,0.25313035
0,0.21920231
0,0.2223265
0,0.21876128
0,0.21615902
0,0.20853502
0,0.23857094
0,0.2400951
0,0.19702724
0,0.18737571
0,0.19126113
0,0.19545586
0,0.22347005
0,0.19584087
0,0.22478785
0,0.21077964
0,0.2007648
0,0.23171555
0,0.21461737
0,0.23177896
0,0.27388918
0,0.29710245
0,0.2417523
0,0.2291717
0,0.22713225
0,0.25432384
0,0.24575727
0,0.22937898
0,0.2795612
0,0.30334702
0,0.25539735
0,0.2713589
0,0.27640277
0,0.2700933
0,0.2551052
0,0.25587866
0,0.25056782
0,0.28913757
0,0.27341917
0,0.5732573
0,0.5208099
0,0.38166654
0,0.34560314
0,0.34083176
0,0.3496001
0,0.2247598
0,0.17271854
0,0.19009396
0,0.15492535
0,0.15728356
0,0.14650495
0,0.1347524
0,0.15030399
0,0.13337949
0,0.14940964
0,0.15598676
0,0.1359415
0,0.14754398
0,0.14247607
0,0.13006517
0,0.15430087
0,0.13576657
0,0.1551897
0,0.16412039
0,0.14522861
0,0.1521039
0,0.14691544
0,0.16914889
0,0.16702639
0,0.21795674
0,0.22904208
0,0.23610987
0,0.23938894
0,0.2217752
0,0.19788472
0,0.21561444
0,0.21700004
0,0.59325576
0,0.5315443
0,0.3943752
0,0.2928757
0,0.24985467
0,0.17889437
0,0.19726197
0,0.20750344
0,0.22470963
0,0.21566546
0,0.15895529
0,0.17448851
0,0.15751293
0,0.14140671
0,0.15657812
0,0.13785575
0,0.15332568
0,0.17852622
0,0.17664897
0,0.2641963
0,0.17112762
0,0.15195137
0,0.16509444
0,0.176901
0,0.18059309
0,0.15194447
0,0.16584489
0,0.24114525
0,0.16199723
0,0.17799963
0,0.1530407
0,0.17854309
0,0.18770532
0,0.19166048
0,0.19743827
0,0.15672831
0,0.13831337
0,0.12971506
0,0.14755403
0,0.15850608
0,0.1430507
0,0.16719763
0,0.17588626
0,0.17076334
0,0.15212442
0,0.1712738
0,0.14613573
0,0.16575347
0,0.13955024
0,0.16006076
0,0.14739758
0,0.14293106
0,0.14019264
0,0.16515285
0,0.17210406
0,0.14541991
0,0.1408953
0,0.16360961
0,0.17385362
0,0.15216698
0,0.15336637
0,0.1980416
0,0.20430817
0,0.20659469
0,0.21298723
0,0.24661556
0,0.18780574
0,0.18433017
0,0.16173899
0,0.1805164
0,0.1940104
0,0.1631092
0,0.1800721
0,0.18878315
0,0.19246078
0,0.1702312
0,0.15269716
0,0.16306458
0,0.17011534
0,0.17128381
0,0.17243004
0,0.17376162
0,0.18164389
0,0.16199653
0,0.14419062
0,0.16169564
0,0.1683336
0,0.17367785
0,0.18272804
0,0.18531343
0,0.19204606
0,0.30968556
0,0.36915556
0,0.38056305
0,0.2511947
0,0.19140854
0,0.4945024
0,0.28028145
0,0.26751336
0,0.22378232
0,0.23202129
0,0.2411608
0,0.17331904
0,0.19473541
0,0.19487691
0,0.19516541
0,0.18156995
0,0.14875907
0,0.1677885
0,0.17678231
0,0.1821234
0,0.20092237
0,0.15728076
0,0.17957053
0,0.16660269
0,0.15218218
0,0.13685474
0,0.12752388
0,0.14672905
0,0.15460016
0,0.16288187
0,0.16821891
0,0.16054364
0,0.1891169
0,0.18615241
0,0.1851719
0,0.22222847
0,0.21103543
0,0.20862865
0,0.2010256
0,0.17985687
0,0.14970163
0,0.13857952
0,0.15286103
0,0.1616834
0,0.16909203
0,0.17464733
0,0.17860164
0,0.15504181
0,0.14533335
0,0.1610762
0,0.17374769
0,0.17817299
0,0.15153058
0,0.16396508
0,0.13931422
0,0.14203091
0,0.1385974
0,0.1351011
0,0.15015443
0,0.16114956
0,0.18354423
0,0.14927632
0,0.3277782
0,0.22080709
0,0.177068
0,0.18826261
0,0.19380815
0,0.15914777
0,0.17003769
0,0.15296388
0,0.13564588
0,0.14015584
0,0.13426651
0,0.12877673
0,0.14976202
0,0.16238338
0,0.1717775
0,0.18214779
0,0.1793657
0,0.16532892
0,0.14861102
0,0.16476908
0,0.17372705
0,0.1864946
0,0.18833381
0,0.15721586
0,0.16349481
0,0.20067331
0,0.18924673
0,0.20309828
0,0.16159041
0,0.14266418
0,0.3832372
0,0.24452196
0,0.2215174
0,0.17023145
0,0.14529212
0,0.16517136
0,0.14704815
0,0.16144665
0,0.16811325
0,0.17188567
0,0.16347307
0,0.14384846
0,0.16023149
0,0.16756019
0,0.17138925
0,0.17434292
0,0.1449575
0,0.16108361
0,0.15591691
0,0.14694937
0,0.16121669
0,0.14166924
0,0.15976816
0,0.16764413
0,0.14090414
0,0.16215223
0,0.15295093
0,0.18205869
0,0.1826416
0,0.1505858
0,0.14369152
0,0.13482925
0,0.13141163
0,0.15310766
0,0.15447737
0,0.14460608
0,0.16705737
0,0.18195674
0,0.19145925
0,0.19763228
0,0.20193353
0,0.19930807
0,0.16232064
0,0.16097157
0,0.17818807
0,0.20704338
0,0.2085116
0,0.1816499
0,0.19733368
0,0.19066443
0,0.16977875
0,0.18485697
0,0.15818614
0,0.17590514
0,0.17972119
0,0.18499885
0,0.19020163
0,0.1533043
0,0.19455591
0,0.18944204
0,0.19288713
0,0.2109545
0,0.16090572
0,0.17610079
0,0.18168521
0,0.16914767
0,0.155503
0,0.15199426
0,0.16189913
0,0.16729312
0,0.17069346
0,0.17101003
0,0.17324208
0,0.16345489
0,0.14818206
0,0.13467428
0,0.15098421
0,0.1610183
0,0.16548486
0,0.175989
0,0.1784452
0,0.16535513
0,0.14899601
0,0.1348098
0,0.15419744
0,0.16276194
0,0.16504659
0,0.17475648
0,0.14858401
0,0.23305014
0,0.17372912
0,0.18629028
0,0.15659043
0,0.14437152
0,0.16043265
0,0.17430517
0,0.17867075
0,0.16421153
0,0.14566068
0,0.16367482
0,0.17234279
0,0.18198584
0,0.19812341
0,0.44368973
0,0.36993244
0,0.278323
0,0.27436638
0,0.26219952
0,0.17696553
0,0.20110849
0,0.20268282
0,0.2069663
0,0.1537992
0,0.14975752
0,0.13629436
0,0.15624693
0,0.16402344
0,0.17306316
0,0.17993385
0,0.18873781
0,0.32177392
0,0.26130027
0,0.26732346
0,0.18828714
0,0.20172064
0,0.20386563
0,0.20651418
0,0.21148103
0,0.18901205
0,0.16336651
0,0.17518227
0,0.17699163
0,0.1785535
0,0.2536212
0,0.16957389
0,0.18547823
0,0.17091064
0,0.15550314
0,0.20001175
0,0.15721954
0,0.14833218
0,0.16237031
0,0.16833487
0,0.14592388
0,0.1332182
0,0.12771219
0,0.14511041
0,0.15367386
0,0.16118622
0,0.13791917
0,0.1305904
0,0.15386723
0,0.13475554
0,0.13154614
0,0.12845679
0,0.12764072
0,0.13112877
0,0.1589417
0,0.17739618
0,0.1991341
0,0.18986796
0,0.17281947
0,0.16413432
0,0.20127566
0,0.17710912
0,0.20838182
0,0.21954265
0,0.22809003
0,0.22225447
0,0.19335881
0,0.17697933
0,0.2129011
0,0.23038086
0,0.23218575
0,0.2437996
0,0.1898018
0,0.19030288
0,0.5629975
0,0.5119343
0,0.45392492
0,0.2856066
0,0.29262778
0,0.18964203
0,0.1956616
0,0.1678953
0,0.14119719
0,0.16312811
0,0.13819975
0,0.13003454
0,0.15566655
0,0.14410558
0,0.15218626
0,0.14745565
0,0.13458359
0,0.15419608
0,0.16168527
0,0.1681369
0,0.17589632
0,0.3617657
0,0.28690892
0,0.21275276
0,0.2217018
0,0.2172092
0,0.23571013
0,0.2309724
0,0.22344618
0,0.2193477
0,0.2367665
0,0.18533127
0,0.14912973
0,0.16394868
0,0.17389071
0,0.17516011
0,0.18379179
0,0.14412236
0,0.15273507
0,0.13650943
0,0.15069915
0,0.15751392
0,0.16215831
0,0.1660376
0,0.1465908
0,0.15725733
0,0.15159133
0,0.1633368
0,0.18742669
0,0.15096676
0,0.16564438
0,0.17567214
0,0.18305932
0,0.18881041
0,0.15719745
0,0.14598738
0,0.16426942
0,0.17184931
0,0.17513317
0,0.14948325
0,0.16326983
0,0.1686938
0,0.2545419
0,0.17440401
0,0.1484849
0,0.1657871
0,0.1710986
0,0.17574932
0,0.17839655
0,0.17879751
0,0.1619042
0,0.14615895
0,0.15957217
0,0.17497802
0,0.17749299
0,0.17630044
0,0.17582802
0,0.17342511
0,0.1555012
0,0.13661458
0,0.15126462
0,0.16244978
0,0.16305709
0,0.13927944
0,0.1516704
0,0.13620317
0,0.13586609
0,0.12720746
0,0.14741525
0,0.15953843
0,0.13924478
0,0.13374485
0,0.12802903
0,0.1478772
0,0.14815344
0,0.14821057
0,0.16981037
0,0.18017447
0,0.19071877
0,0.1935361
0,0.16647786
0,0.17737941
0,0.24981453
0,0.1877132
0,0.24383204
0,0.20341623
0,0.21777123
0,0.22321163
0,0.368027
0,0.29600805
0,0.23438062
0,0.25703666
0,0.25490725
0,0.2365847
0,0.22515398
0,0.20653224
0,0.19681975
0,0.17348276
0,0.14893652
0,0.13596006
0,0.12954338
0,0.122763745
0,0.12348138
0,0.12642261
0,0.12215088
0,0.1241466
0,0.12507601
0,0.1271673
0,0.13020392
0,0.13503693
0,0.1472307
0,0.1628753
0,0.17492001
0,0.208689
0,0.26204994
0,0.24296713
0,0.24330075
0,0.29296732
0,0.33073238
0,0.35348
0,0.3603842
0,0.3200494
0,0.3543737
0,0.36575624
0,0.37181106
0,0.37904656
0,0.3177946
0,0.33276117
0,0.47270235
0,0.32763153
0,0.2726519
0,0.23180233
0,0.2545742
0,0.19296381
0,0.16732858
0,0.17355214
0,0.1676184
0,0.14333212
0,0.13552019
0,0.13320027
0,0.15332854
0,0.16718349
0,0.17725882
0,0.1552187
0,0.16247377
0,0.15592207
0,0.14563672
0,0.14502454
0,0.14556137
0,0.14631894
0,0.15167321
0,0.17998093
0,0.17324595
0,0.18384683
0,0.21325459
0,0.2066924
0,0.2041942
0,0.22409439
0,0.29991886
0,0.26684934
0,0.28786594
0,0.25673646
0,0.27029204
0,0.31090003
0,0.31778705
0,0.34148476
0,0.37827048
0,0.30889595
0,0.3078335
0,0.2801363
0,0.32410574
0,0.34187832
0,0.3243728
0,0.32870534
0,0.32914972
0,0.3169796
0,0.26417422
0,0.21076477
0,0.22107781
0,0.21797901
0,0.21912922
0,0.2179871
0,0.17197543
0,0.15283722
0,0.15114671
0,0.13976708
0,0.15731423
0,0.16555138
0,0.17138849
0,0.1796347
0,0.18109946
0,0.15231127
0,0.15638849
0,0.1689572
0,0.17888315
0,0.18540639
0,0.16051467
0,0.17751937
0,0.15798822
0,0.15211223
0,0.15921295
0,0.17146823
0,0.18110739
0,0.15685502
0,0.1861897
0,0.1892769
0,0.19042046
0,0.18688424
0,0.22570755
0,0.2194532
0,0.4080228
0,0.36203754
0,0.33240828
0,0.5371902
0,0.45699695
0,0.35890198
0,0.26173177
0,0.1865903
0,0.18474941
0,0.19366753
0,0.19193842
0,0.14668128
0,0.15827195
0,0.15301646
0,0.14249937
0,0.15170746
0,0.15457352
0,0.15555
0,0.15823932
0,0.16227919
0,0.24466012
0,0.1914791
0,0.15900506
0,0.1658811
0,0.16625948
0,0.14334454
0,0.15522933
0,0.15764992
0,0.15901028
0,0.13661008
0,0.18606779
0,0.17417084
0,0.17306753
0,0.17870647
0,0.1493965
0,0.16344945
0,0.16968423
0,0.15671697
0,0.14537315
0,0.13246752
0,0.14649132
0,0.20453191
0,0.17455032
0,0.17955503
0,0.14724477
0,0.1476912
0,0.18507649
0,0.17526157
0,0.17832668
0,0.15174125
0,0.16295157
0,0.16845046
0,0.16949238
0,0.15525179
0,0.13911924
0,0.15168586
0,0.134106
0,0.15069233
0,0.15874995
0,0.15833837
0,0.16468549
0,0.20352815
0,0.2008662
0,0.19662863
0,0.2058993
0,0.20423472
0,0.19317327
0,0.18542631
0,0.1490616
0,0.14477277
0,0.13671717
0,0.14814508
0,0.15286517
0,0.15559207
0,0.16431554
0,0.14499125
0,0.14973688
0,0.14249709
0,0.13295567
0,0.12893635
0,0.13218333
0,0.15021747
0,0.15686788
0,0.16647084
0,0.16547501
0,0.15093736
0,0.16743392
0,0.17898688
0,0.18606865
0,0.20179221
0,0.18097526
0,0.20000893
0,0.17617615
0,0.17092031
0,0.16182046
0,0.15979114
0,0.17834547
0,0.18660834
0,0.19273828
0,0.19538508
0,0.17386462
0,0.17015651
0,0.18554902
0,0.18977354
0,0.18892632
0,0.18792082
0,0.19597425
0,0.19272031
0,0.17620596
0,0.15789044
0,0.15784176
0,0.1712899
0,0.18022388
0,0.18114975
0,0.19766928
0,0.32596502
0,0.25716618
0,0.3042016
0,0.28870067
0,0.27284506
0,0.24826461
0,0.17777315
0,0.14791471
0,0.15630911
0,0.13854478
0,0.12885562
0,0.12787735
0,0.134103
0,0.14484203
0,0.15114143
0,0.13487107
0,0.13051797
0,0.13633238
0,0.15164027
0,0.1598964
0,0.168924
0,0.15510286
0,0.16453041
0,0.17729641
0,0.18768646
0,0.16517319
0,0.18687513
0,0.15671723
0,0.17742136
0,0.1606874
0,0.370102
0,0.5193849
0,0.36809534
0,0.44887835
0,0.4303662
0,0.38731483
0,0.34413823
0,0.29275322
0,0.26726165
0,0.23606275
0,0.20427042
0,0.23010765
0,0.21038519
0,0.203353
0,0.20017608
0,0.19025421
0,0.39580533
0,0.22995251
0,0.20520341
0,0.16237469
0,0.18783396
0,0.17910698
0,0.1458057
0,0.1364688
0,0.30882916
0,0.46121502
0,0.47515604
0,0.4324319
0,0.3571344
0,0.24801154
0,0.18133609
0,0.20377526
0,0.40770134
0,0.40277
0,0.2863386
0,0.21040614
0,0.2244312
0,0.16384321
0,0.17629856
0,0.17832758
0,0.17509559
0,0.17428707
0,0.2359852
0,0.20682538
0,0.22718927
0,0.16691956
0,0.20273791
0,0.19311284
0,0.19361533
0,0.27483332
0,0.18616918
0,0.22773246
0,0.20678946
0,0.19745767
0,0.15149936
0,0.15998194
0,0.28058967
0,0.4103839
0,0.4463268
0,0.42629865
0,0.34005865
0,0.22182651
0,0.17253043
0,0.36190394
0,0.2269903
0,0.1747831
0,0.15467575
0,0.13819583
0,0.13040228
0,0.14488742
0,0.15099494
0,0.15565574
0,0.16165334
0,0.13830481
0,0.13540655
0,0.1475586
0,0.1529811
0,0.15985243
0,0.14048767
0,0.15434825
0,0.282312
0,0.2166023
0,0.17417906
0,0.16592193
0,0.14750208
0,0.15945858
0,0.16836044
0,0.17621553
0,0.1822648
0,0.17151475
0,0.17789948
0,0.19009191
0,0.18400207
0,0.19358575
0,0.18565568
0,0.18620194
0,0.1828212
0,0.16290696
0,0.1454223
0,0.15678218
0,0.16397437
0,0.14059412
0,0.15525526
0,0.16013652
0,0.2299234
0,0.1789795
0,0.15278596
0,0.21617144
0,0.20233569
0,0.15410505
0,0.17801632
0,0.17952895
0,0.17641856
0,0.15812045
0,0.14034328
0,0.13410683
0,0.1492795
0,0.15485652
0,0.13787256
0,0.13332237
0,0.14642508
0,0.14159025
0,0.16217662
0,0.16534615
0,0.14124915
0,0.13707907
0,0.13280457
0,0.14952889
0,0.15569314
0,0.14825198
0,0.14095575
0,0.16483045
0,0.17814544
0,0.18719172
0,0.20056169
0,0.37452435
0,0.32392803
0,0.2597048
0,0.20411077
0,0.22303072
0,0.23894617
0,0.23948081
0,0.2524626
0,0.23293397
0,0.19851497
0,0.16246691
0,0.16936459
0,0.17287455
0,0.17414556
0,0.17396422
0,0.14808723
0,0.15813628
0,0.14009924
0,0.13371702
0,0.1489127
0,0.13358279
0,0.1470954
0,0.15348789
0,0.15709916
0,0.1661574
0,0.14437753
0,0.14009115
0,0.15268019
0,0.15997075
0,0.16617772
0,0.14911175
0,0.16674149
0,0.1760102
0,0.17189452
0,0.15175699
0,0.15458621
0,0.17167532
0,0.17848226
0,0.18525821
0,0.18962584
0,0.19114216
0,0.17502198
0,0.15592241
0,0.17509574
0,0.1784144
0,0.19056135
0,0.18621004
0,0.34266263
0,0.23188636
0,0.18619858
0,0.16101138
0,0.1489602
0,0.13854632
0,0.15341549
0,0.16359216
0,0.1664721
0,0.14596109
0,0.18730907
0,0.17855856
0,0.18575527
0,0.18265676
0,0.15681422
0,0.1640758
0,0.34102744
0,0.267851
0,0.31693563
0,0.20370449
0,0.16325268
0,0.14653097
0,0.16017249
0,0.16105217
0,0.13741605
0,0.12989219
0,0.13112913
0,0.147811
0,0.15777205
0,0.13942562
0,0.16907194
0,0.17255317
0,0.17003316
0,0.16825017
0,0.15318689
0,0.13841926
0,0.15550576
0,0.1641164
0,0.14321472
0,0.3214603
0,0.2865992
0,0.23545375
0,0.18006386
0,0.22272234
0,0.21436414
0,0.21367769
0,0.23995122
0,0.22722366
0,0.36411995
0,0.40114462
0,0.3769784
0,0.33894637
0,0.2981224
0,0.26559764
0,0.2441824
0,0.17741127
0,0.14821526
0,0.14803432
0,0.13350363
0,0.14650816
0,0.13184169
0,0.14823416
0,0.1541341
0,0.15938945
0,0.13954033
0,0.13162668
0,0.12802333
0,0.14582732
0,0.15835592
0,0.1708913
0,0.14812125
0,0.16067874
0,0.14415924
0,0.14535692
0,0.13582267
0,0.1381507
0,0.15487485
0,0.14186141
0,0.16765322
0,0.18624555
0,0.1959567
0,0.17202725
0,0.16683625
0,0.18682778
0,0.1954446
0,0.19978046
0,0.20313758
0,0.20494433
0,0.20049761
0,0.17567578
0,0.19545878
0,0.20328346
0,0.20943406
0,0.2095883
0,0.17170577
0,0.18735774
0,0.16227823
0,0.15317418
0,0.15008664
0,0.14221624
0,0.13982637
0,0.1359842
0,0.15837212
0,0.14218612
0,0.15747058
0,0.15584886
0,0.15273175
0,0.17385057
0,0.18809551
0,0.20235205
0,0.20936108
0,0.17692164
0,0.18882456
0,0.17718156
0,0.19792281
0,0.20799616
0,0.17813343
0,0.20112908
0,0.21055484
0,0.18303508
0,0.19530316
0,0.19332719
0,0.22053532
0,0.2012025
0,0.21141848
0,0.2171275
0,0.21294545
0,0.20839356
0,0.18667759
0,0.16466296
0,0.18908413
0,0.19115399
0,0.19550174
0,0.165115
0,0.15333611
0,0.14758919
0,0.1564438
0,0.15060532
0,0.17198542
0,0.15344472
0,0.14800787
0,0.17006943
0,0.15369159
0,0.17370857
0,0.16903797
0,0.16040105
0,0.18236585
0,0.172569
0,0.18680005
0,0.16228113
0,0.18731107
0,0.1934436
0,0.17009482
0,0.16231565
0,0.1657114
0,0.19500716
0,0.21335836
0,0.19420433
0,0.21569966
0,0.21255863
0,0.20531972
0,0.22626114
0,0.20350294
0,0.21305233
0,0.22605331
0,0.22035103
0,0.21945898
0,0.20279172
0,0.18357918
0,0.19821186
0,0.20243703
0,0.20532365
0,0.20188312
0,0.2070532
0,0.1664784
0,0.17043754
0,0.15457398
0,0.16668506
0,0.16948172
0,0.17328386
0,0.17387664
0,0.17358617
0,0.17047365
0,0.14896259
0,0.14247695
0,0.15571027
0,0.16038993
0,0.16468273
0,0.14212702
0,0.1620664
0,0.16837296
0,0.14686747
0,0.1414855
0,0.13817117
0,0.16155662
0,0.17100744
0,0.17567508
0,0.18360734
0,0.15549937
0,0.15803441
0,0.14746141
0,0.16532072
0,0.17473003
0,0.14893988
0,0.17027235
0,0.17994116
0,0.18402411
0,0.1698528
0,0.15240875
0,0.14767362
0,0.16813183
0,0.17694268
0,0.17847121
0,0.15331258
0,0.14844923
0,0.15324476
0,0.14711855
0,0.1620107
0,0.17491055
0,0.15381798
0,0.17135388
0,0.22585429
0,0.20776051
0,0.18582451
0,0.17339827
0,0.16428313
0,0.1900762
0,0.1647753
0,0.18883868
0,0.16482054
0,0.17661025
0,0.17109652
0,0.19285817
0,0.23739322
0,0.18724622
0,0.20858684
0,0.21142992
0,0.17445353
0,0.17811531
0,0.15836592
0,0.17720258
0,0.18170094
0,0.15136535
0,0.14060374
0,0.13753231
0,0.15663758
0,0.15970711
0,0.15261161
0,0.16889359
0,0.15346503
0,0.1757159
0,0.18813547
0,0.19566716
0,0.19601035
0,0.18431069
0,0.16519746
0,0.14899589
0,0.14458771
0,0.16607463
0,0.15297519
0,0.17484264
0,0.18651643
0,0.18178739
0,0.17082834
0,0.19201282
0,0.20135923
0,0.20983209
0,0.21000656
0,0.21458852
0,0.21393017
0,0.17415047
0,0.15757611
0,0.17347781
0,0.184477
0,0.19120976
0,0.15781385
0,0.1462026
0,0.16189608
0,0.15719302
0,0.2693345
0,0.18860687
0,0.20718426
0,0.21460947
0,0.16401154
0,0.14561681
0,0.13757789
0,0.14658578
0,0.13692199
0,0.15419272
0,0.1383783
0,0.13550095
0,0.1321354
0,0.13327679
0,0.14406785
0,0.15736777
0,0.17603306
0,0.17737466
0,0.20726094
0,0.2195653
0,0.2280388
0,0.23129496
0,0.19446194
0,0.18664919
0,0.20379305
0,0.21845601
0,0.22152752
0,0.2193881
0,0.2218159
0,0.18894522
0,0.23456882
0,0.19757625
0,0.19136427
0,0.2076204
0,0.20998117
0,0.20731655
0,0.16644475
0,0.1505358
0,0.1555308
0,0.13684805
0,0.15541734
0,0.14100057
0,0.14272557
0,0.1691504
0,0.18133928
0,0.19622494
0,0.18836662
0,0.16645178
0,0.16183825
0,0.19410579
0,0.20453872
0,0.20721662
0,0.174929
0,0.19400324
0,0.18589696
0,0.17593184
0,0.1722635
0,0.17105311
0,0.19345886
0,0.19685493
0,0.17500761
0,0.18683296
0,0.17994542
0,0.16814722
0,0.18272781
0,0.1586206
0,0.17985119
0,0.19219404
0,0.2012261
0,0.20191228
0,0.19068502
0,0.1637099
0,0.18703564
0,0.19710493
0,0.20124397
0,0.17616956
0,0.18763047
0,0.18913408
0,0.17390585
0,0.18991117
0,0.19657537
0,0.19925268
0,0.16953655
0,0.15706666
0,0.17170407
0,0.17081007
0,0.16137116
0,0.17886072
0,0.15532875
0,0.16905959
0,0.18073468
0,0.18221216
0,0.15437119
0,0.15007699
0,0.15272893
0,0.14558205
0,0.16507332
0,0.17805614
0,0.15676899
0,0.1496135
0,0.17107633
0,0.15652612
0,0.15823685
0,0.1550112
0,0.17673075
0,0.16500132
0,0.1895242
0,0.20561671
0,0.2100352
0,0.20080523
0,0.17804813
0,0.19657274
0,0.18120143
0,0.199087
0,0.20750217
0,0.21086828
0,0.18485579
0,0.19031364
0,0.17778505
0,0.1995651
0,0.21477573
0,0.21404117
0,0.21025968
0,0.21175782
0,0.18015906
0,0.17787325
0,0.1624349
0,0.18099724
0,0.18728435
0,0.15704298
0,0.17291498
0,0.1483844
0,0.16921873
0,0.15268594
0,0.14650121
0,0.16588227
0,0.1770463
0,0.18422702
0,0.16523169
0,0.15789871
0,0.17662324
0,0.17178397
0,0.16111241
0,0.18044694
0,0.16087341
0,0.17958535
0,0.18986861
0,0.16734725
0,0.18072861
0,0.17642078
0,0.17175034
0,0.19090736
0,0.19891906
0,0.21071152
0,0.21630017
0,0.2212777
0,0.20845416
0,0.18855718
0,0.2073249
0,0.20766394
0,0.22961144
0,0.22783557
0,0.22113205
0,0.22429927
0,0.20227472
0,0.17457676
0,0.18632427
0,0.15383628
0,0.16392632
0,0.17045808
0,0.14574206
0,0.15874986
0,0.15534008
0,0.14819852
0,0.13643302
0,0.13005543
0,0.14640829
0,0.1560875
0,0.13566251
0,0.1564723
0,0.14451835
0,0.13724019
0,0.13634539
0,0.13746636
0,0.13775893
0,0.14359319
0,0.16724516
0,0.16124323
0,0.16747475
0,0.17987272
0,0.19683751
0,0.23415194
0,0.2579412
0,0.27249902
0,0.27380785
0,0.26759794
0,0.2539463
0,0.22399752
0,0.25973707
0,0.23658684
0,0.21367209
0,0.22448474
0,0.26130873
0,0.26385438
0,0.22834747
0,0.20126808
0,0.23183553
0,0.20510866
0,0.21544534
0,0.21098518
0,0.1758662
0,0.1622387
0,0.16387533
0,0.15492834
0,0.15388104
0,0.17483638
0,0.15718178
0,0.17940207
0,0.16532816
0,0.1851282
0,0.18495986
0,0.18088572
0,0.19100954
0,0.20840164
0,0.25082177
0,0.23948924
0,0.23707587
0,0.27359024
0,0.27567202
0,0.30118558
0,0.31106952
0,0.27093682
0,0.27456486
0,0.3199686
0,0.33424348
0,0.27959773
0,0.29247266
0,0.27287343
0,0.32300806
0,0.33316112
0,0.32981598
0,0.30685124
0,0.29062936
0,0.25561634
0,0.21500379
0,0.19489577
0,0.21084888
0,0.21998605
0,0.17989457
0,0.16273649
0,0.15102462
0,0.21165317
0,0.17483795
0,0.1581146
0,0.1548309
0,0.15561156
0,0.18097606
0,0.23300153
0,0.22863351
0,0.18881814
0,0.20767449
0,0.21029663
0,0.19927643
0,0.18121044
0,0.16198002
0,0.18026161
0,0.19689104
0,0.15762493
0,0.17797872
0,0.1547703
0,0.16264035
0,0.15600668
0,0.1901932
0,0.19334103
0,0.15621047
0,0.17851031
0,0.15332502
0,0.16830297
0,0.16502497
0,0.14698227
0,0.13460872
0,0.15159649
0,0.16190901
0,0.1705108
0,0.14943771
0,0.16541483
0,0.16584644
0,0.1572166
0,0.17795137
0,0.19341935
0,0.20367773
0,0.21096596
0,0.21258453
0,0.16944613
0,0.17115052
0,0.15585122
0,0.1776745
0,0.18705508
0,0.1920213
0,0.19387817
0,0.1624225
0,0.17911981
0,0.16749734
0,0.14995374
0,0.16710933
0,0.14421672
0,0.16208498
0,0.14381163
0,0.1594069
0,0.14108384
0,0.1374531
0,0.13506554
0,0.15544692
0,0.13860328
0,0.16075034
0,0.1466247
0,0.16749126
0,0.17525832
0,0.16185103
0,0.15675364
0,0.16232537
0,0.15877278
0,0.15818307
0,0.18550296
0,0.20907831
0,0.20686826
0,0.20193708
0,0.19545375
0,0.223268
0,0.2381911
0,0.23912536
0,0.24966699
0,0.2571129
0,0.23173004
0,0.21037728
0,0.21797435
0,0.1887762
0,0.20229504
0,0.21128328
0,0.21134147
0,0.21078748
0,0.17133476
0,0.15602064
0,0.14763123
0,0.13945584
0,0.15695359
0,0.13970684
0,0.1307865
0,0.15123343
0,0.15309519
0,0.14574526
0,0.14135002
0,0.16445561
0,0.14974003
0,0.14851642
0,0.16897999
0,0.16321279
0,0.1750708
0,0.17552248
0,0.20362844
0,0.22701018
0,0.20484993
0,0.23029494
0,0.23443924
0,0.23906563
0,0.20627046
0,0.19379616
0,0.22479121
0,0.25129053
0,0.26178932
0,0.27395076
0,0.26311427
0,0.25399137
0,0.20080735
0,0.37617034
0,0.3613327
0,0.3396875
0,0.3206283
0,0.21832111
0,0.16614573
0,0.17533955
0,0.15793546
0,0.14185765
0,0.15752777
0,0.16256444
0,0.1650877
0,0.1674875
0,0.14264935
0,0.15269078
0,0.14559287
0,0.13519087
0,0.1292394
0,0.1260198
0,0.12403135
0,0.16235541
0,0.14094172
0,0.13960265
0,0.13814619
0,0.15917453
0,0.17086093
0,0.15216218
0,0.17759104
0,0.1585286
0,0.18160221
0,0.19338328
0,0.18483335
0,0.17354424
0,0.17214741
0,0.19734988
0,0.21153195
0,0.21768118
0,0.19010802
0,0.17730463
0,0.18950497
0,0.20943154
0,0.22862126
0,0.23536888
0,0.19647819
0,0.21209429
0,0.22230446
0,0.17812446
0,0.16253537
0,0.19313712
0,0.19829951
0,0.1688864
0,0.18786396
0,0.16156115
0,0.15447159
0,0.15169954
0,0.15265085
0,0.17649437
0,0.21659198
0,0.21935582
0,0.18401761
0,0.20492263
0,0.1753248
0,0.16204926
0,0.15794332
0,0.15548313
0,0.17639564
0,0.1906583
0,0.20277853
0,0.21313708
0,0.17562261
0,0.17792384
0,0.16438532
0,0.16026624
0,0.18773988
0,0.1669548
0,0.18968368
0,0.16399364
0,0.1846926
0,0.16074856
0,0.14952555
0,0.17163858
0,0.15119074
0,0.17437096
0,0.16078359
0,0.18301134
0,0.18750226
0,0.18578717
0,0.18451051
0,0.17665502
0,0.177147
0,0.1974887
0,0.2112135
0,0.18622696
0,0.20420347
0,0.1994442
0,0.22780801
0,0.25038996
0,0.2647966
0,0.33603963
0,0.3059752
0,0.23658198
0,0.19982018
0,0.19026199
0,0.17615034
0,0.16462646
0,0.16155384
0,0.15838394
0,0.17850557
0,0.18737634
0,0.18609795
0,0.16865547
0,0.19202505
0,0.20188801
0,0.20748135
0,0.2103215
0,0.16631716
0,0.1856411
0,0.17935236
0,0.16359544
0,0.18209246
0,0.1573365
0,0.1462627
0,0.16959348
0,0.14828594
0,0.16857849
0,0.1694099
0,0.16170801
0,0.18579671
0,0.20364845
0,0.29359573
0,0.20709819
0,0.16789427
0,0.15327688
0,0.16201176
0,0.15151224
0,0.17418113
0,0.18879695
0,0.20265499
0,0.20727737
0,0.20715792
0,0.17013702
0,0.17139105
0,0.15798391
0,0.18775043
0,0.1593116
0,0.17416282
0,0.15022977
0,0.16568483
0,0.172529
0,0.15828337
0,0.14655888
0,0.13966759
0,0.13267879
0,0.1566653
0,0.16548108
0,0.14924985
0,0.14379843
0,0.1407655
0,0.14455006
0,0.13908148
0,0.14400487
0,0.15859081
0,0.18639997
0,0.17914972
0,0.20536755
0,0.20660932
0,0.22060694
0,0.26744363
0,0.29002622
0,0.3333508
0,0.31717837
0,0.31291685
0,0.29010057
0,0.27096167
0,0.28018206
0,0.300198
0,0.29359415
0,0.32061976
0,0.25127903
0,0.28748146
0,0.25559485
0,0.2098453
0,0.23132248
0,0.23352787
0,0.22750889
0,0.21839575
0,0.20366482
0,0.1538273
0,0.15835898
0,0.1446052
0,0.15740412
0,0.13867114
0,0.13045873
0,0.14844623
0,0.15594341
0,0.16595174
0,0.1604115
0,0.14333549
0,0.16068682
0,0.16858481
0,0.1472004
0,0.16422045
0,0.14302732
0,0.16103362
0,0.14509585
0,0.13979416
0,0.137128
0,0.13757527
0,0.16490169
0,0.18139839
0,0.20565788
0,0.20659609
0,0.19762439
0,0.17577635
0,0.16590257
0,0.1885901
0,0.21706177
0,0.2117084
0,0.21593632
0,0.21634924
0,0.179087
0,0.16478142
0,0.18864928
0,0.19413228
0,0.19812599
0,0.20344019
0,0.20740497
0,0.20181502
0,0.1611061
0,0.14528808
0,0.15904024
0,0.16225666
0,0.17308602
0,0.14238477
0,0.15618125
0,0.16017018
0,0.15004237
0,0.1374753
0,0.1351391
0,0.1511978
0,0.15864322
0,0.16204596
0,0.16582754
0,0.1475331
0,0.14807902
0,0.16509217
0,0.1723763
0,0.15402955
0,0.1481786
0,0.16696191
0,0.15224457
0,0.16291565
0,0.15759285
0,0.16244699
0,0.18129519
0,0.18775043
0,0.16306551
0,0.16071036
0,0.15412153
0,0.15503412
0,0.16725306
0,0.16511132
0,0.18893641
0,0.19840632
0,0.20270786
0,0.20402065
0,0.1738255
0,0.18553929
0,0.17710617
0,0.20116428
0,0.21239531
0,0.21769322
0,0.22093445
0,0.21916518
0,0.19050278
0,0.1943932
0,0.18183477
0,0.20562291
0,0.20496908
0,0.18264359
0,0.19451293
0,0.1712605
0,0.16657048
0,0.17293647
0,0.16168247
0,0.17150708
0,0.18390025
0,0.20090799
0,0.20195831
0,0.16799195
0,0.18542533
0,0.17671934
0,0.16156885
0,0.18566759
0,0.16078067
0,0.1810458
0,0.18924849
0,0.19606492
0,0.19697517
0,0.18689664
0,0.17071612
0,0.19130415
0,0.19936308
0,0.20748502
0,0.20670341
0,0.20210697
0,0.17385057
0,0.16702719
0,0.14988324
0,0.16302852
0,0.16357405
0,0.16973992
0,0.17450541
0,0.17722149
0,0.17456837
0,0.52414346
0,0.4430891
0,0.391162
0,0.3419002
0,0.22761624
0,0.17502804
0,0.188358
0,0.1516258
0,0.14017348
0,0.15308344
0,0.13960773
0,0.15357713
0,0.19091287
0,0.18226935
0,0.17859946
0,0.1508513
0,0.14364639
0,0.15365934
0,0.15741429
0,0.16239217
0,0.14069386
0,0.15101288
0,0.15505455
0,0.1523504
0,0.14174062
0,0.13681673
0,0.12788011
0,0.14455673
0,0.15264307
0,0.16061698
0,0.1848486
0,0.17356516
0,0.17475167
0,0.17585933
0,0.1785846
0,0.18033163
0,0.18038192
0,0.18871287
0,0.18604061
0,0.17134123
0,0.15353288
0,0.17407785
0,0.18237416
0,0.18311006
0,0.18227482
0,0.18398754
0,0.15360881
0,0.15353486
0,0.14068846
0,0.15391333
0,0.16249906
0,0.14100431
0,0.15662058
0,0.16089942
0,0.1667288
0,0.15490428
0,0.14787148
0,0.16027522
0,0.16648968
0,0.17341469
0,0.17758879
0,0.15223645
0,0.16639848
0,0.15751521
0,0.14477256
0,0.16207998
0,0.14400169
0,0.16188554
0,0.14368944
0,0.16312437
0,0.17146902
0,0.16334422
0,0.18287538
0,0.18954523
0,0.19116811
0,0.1915525
0,0.19337156
0,0.19392976
0,0.18918799
0,0.17170183
0,0.17839098
0,0.18720761
0,0.18697077
0,0.195748
0,0.19326986
0,0.19374253
0,0.18431109
0,0.16534711
0,0.17696676
0,0.18040857
0,0.15139687
0,0.16138877
0,0.14151096
0,0.15508536
0,0.15562782
0,0.14267199
0,0.15471157
0,0.13694872
0,0.13425277
0,0.15312186
0,0.13797992
0,0.16118957
0,0.1461826
0,0.14656436
0,0.17233351
0,0.18121006
0,0.18874025
0,0.1661389
0,0.19100629
0,0.19803521
0,0.19472626
0,0.17284809
0,0.17403384
0,0.18979529
0,0.19928502
0,0.20707466
0,0.20808102
0,0.20642462
0,0.19208185
0,0.17156592
0,0.1596059
0,0.17841099
0,0.19097233
0,0.19563287
0,0.195465
0,0.18958919
0,0.16815203
0,0.15030563
0,0.16942373
0,0.16943017
0,0.17827043
0,0.1784126
0,0.18015455
0,0.15625677
0,0.14797091
0,0.13902466
0,0.15496112
0,0.16405256
0,0.14434399
0,0.16009112
0,0.16727585
0,0.1707801
0,0.15980293
0,0.1511201
0,0.16630273
0,0.17328648
0,0.15350571
0,0.16505861
0,0.16872278
0,0.17385831
0,0.16161245
0,0.17421132
0,0.1803376
0,0.15821272
0,0.16960604
0,0.18233123
0,0.18448181
0,0.17809339
0,0.16451141
0,0.17928287
0,0.18413581
0,0.18432218
0,0.18461284
0,0.15419704
0,0.17064764
0,0.1639588
0,0.15338986
0,0.16446634
0,0.17267756
0,0.17629763
0,0.17622012
0,0.18060508
0,0.18311037
0,0.17339848
0,0.15038787
0,0.1631089
0,0.17178231
0,0.17635788
0,0.1784366
0,0.15564507
0,0.16761924
0,0.16086361
0,0.14773917
0,0.16265677
0,0.147164
0,0.16724038
0,0.17303792
0,0.19154266
0,0.18740876
0,0.16133277
0,0.15163334
0,0.1627815
0,0.16884303
0,0.17513548
0,0.15031222
0,0.16814281
0,0.17277983
0,0.1627787
0,0.15018634
0,0.15014704
0,0.18191864
0,0.18143569
0,0.18550873
0,0.15563235
0,0.16947357
0,0.16000657
0,0.17134954
0,0.17913973
0,0.1775785
0,0.17835686
0,0.17842297
0,0.18139227
0,0.18212786
0,0.16506302
0,0.17681667
0,0.18315019
0,0.18551451
0,0.18506771
0,0.18436877
0,0.1838155
0,0.1556574
0,0.15218034
0,0.16090608
0,0.16522372
0,0.16702409
0,0.14942487
0,0.15710984
0,0.16068272
0,0.16022709
0,0.14588124
0,0.1380183
0,0.15644065
0,0.1615256
0,0.14583416
0,0.16067427
0,0.14689462
0,0.15670525
0,0.15126386
0,0.14723118
0,0.16586071
0,0.1555469
0,0.17204764
0,0.18468086
0,0.19055086
0,0.16899213
0,0.17401521
0,0.19149509
0,0.17884232
0,0.1966638
0,0.20717795
0,0.21421385
0,0.18866515
0,0.19764084
0,0.18820685
0,0.21144639
0,0.21406491
0,0.21921736
0,0.2216108
0,0.22022252
0,0.21532415
0,0.18349618
0,0.17827009
0,0.17314847
0,0.18796352
0,0.19173405
0,0.18926106
0,0.16991052
0,0.18176398
0,0.16652682
0,0.16188665
0,0.16534434
0,0.16778837
0,0.18919918
0,0.19547674
0,0.17735735
0,0.19488345
0,0.18149365
0,0.18403006
0,0.20777859
0,0.22273628
0,0.2288197
0,0.2061433
0,0.22028522
0,0.2232195
0,0.21496609
0,0.23430344
0,0.22219908
0,0.24999353
0,0.26209497
0,0.26377067
0,0.23851407
0,0.2252907
0,0.200984
0,0.21448587
0,0.21530478
0,0.21144079
0,0.17880844
0,0.19031198
0,0.16551682
0,0.17177711
0,0.16092408
0,0.17080976
0,0.17267384
0,0.17293762
0,0.17471832
0,0.17204899
0,0.1797377
0,0.17455032
0,0.1610534
0,0.17860352
0,0.18213387
0,0.18167563
0,0.16045344
0,0.17491886
0,0.18174863
0,0.17331335
0,0.15997918
0,0.15600349
0,0.17040537
0,0.18018852
0,0.18289201
0,0.1843468
0,0.16474716
0,0.1704202
0,0.16149527
0,0.16892749
0,0.17873095
0,0.1668413
0,0.16224317
0,0.16399121
0,0.18272448
0,0.1808492
0,0.18776509
0,0.21274772
0,0.22627574
0,0.23157264
0,0.2409488
0,0.2444967
0,0.24071546
0,0.23625582
0,0.22616306
0,0.25573337
0,0.22251491
0,0.25196505
0,0.26913622
0,0.2701767
0,0.25588018
0,0.23017378
0,0.24949975
0,0.26506037
0,0.26826453
0,0.2639988
0,0.24255309
0,0.20226812
0,0.20266221
0,0.18789217
0,0.19132945
0,0.18957502
0,0.167366
0,0.18013808
0,0.18066417
0,0.18237624
0,0.18263677
0,0.16448763
0,0.17592448
0,0.17875984
0,0.18109109
0,0.1767155
0,0.1559438
0,0.17142153
0,0.15478344
0,0.15627705
0,0.16714951
0,0.15890476
0,0.17183882
0,0.17944357
0,0.21768658
0,0.200445
0,0.19673967
0,0.17822818
0,0.18897532
0,0.19124871
0,0.16516514
0,0.17864893
0,0.18191543
0,0.1835816
0,0.18323359
0,0.17039283
0,0.17821093
0,0.18260054
0,0.18405093
0,0.19198744
0,0.19492835
0,0.22791593
0,0.20016333
0,0.17359082
0,0.18004149
0,0.21757135
0,0.20069139
0,0.1644073
0,0.17541097
0,0.17268683
0,0.16055232
0,0.14812976
0,0.14076084
0,0.15675245
0,0.16133101
0,0.16214952
0,0.1650562
0,0.14711447
0,0.15053628
0,0.14363576
0,0.15871452
0,0.1641917
0,0.14695549
0,0.16150686
0,0.1677163
0,0.17210045
0,0.16521184
0,0.15532562
0,0.17439935
0,0.18685311
0,0.2508463
0,0.1965079
0,0.17989312
0,0.18869326
0,0.17402133
0,0.18862168
0,0.1935526
0,0.20278375
0,0.201854
0,0.20711455
0,0.19953197
0,0.19348764
0,0.16983072
0,0.18384172
0,0.18782458
0,0.17887071
0,0.15942927
0,0.1676804
0,0.15124662
0,0.16200656
0,0.14779983
0,0.15570982
0,0.16133632
0,0.14709952
0,0.15968415
0,0.14689854
0,0.1622577
0,0.17359662
0,0.16059999
0,0.18471457
0,0.18445985
0,0.16843109
0,0.18055968
0,0.1721049
0,0.18309526
0,0.18460886
0,0.1754968
0,0.19296932
0,0.18427342
0,0.20637408
0,0.21589215
0,0.22349901
0,0.22268867
0,0.20382312
0,0.2036295
0,0.21185222
0,0.21389072
0,0.21370885
0,0.208724
0,0.18930314
0,0.19826294
0,0.19307353
0,0.18085615
0,0.20103721
0,0.18316162
0,0.1787474
0,0.19844015
0,0.20741935
0,0.20779528
0,0.20211445
0,0.18998538
0,0.20105386
0,0.21345739
0,0.20841585
0,0.18245547
0,0.19262262
0,0.1993481
0,0.19044136
0,0.19803056
0,0.1857301
0,0.19518253
0,0.20228833
0,0.20408222
0,0.20209505
0,0.18611564
0,0.18485138
0,0.20281652
0,0.20272794
0,0.20121253
0,0.18380426
0,0.19255374
0,0.19563821
0,0.17570631
0,0.17674203
0,0.18575095
0,0.1994508
0,0.20106332
0,0.20192324
0,0.20244412
0,0.20489952
0,0.178678
0,0.1785697
0,0.19044067
0,0.19240953
0,0.19454737
0,0.25416118
0,0.22657421
0,0.21520521
0,0.21043704
0,0.19067755
0,0.1936223
0,0.19583593
0,0.16891839
0,0.17602195
0,0.17919317
0,0.15807463
0,0.16428153
0,0.15142266
0,0.15888424
0,0.16272044
0,0.15009497
0,0.15834403
0,0.16393319
0,0.17070541
0,0.16601752
0,0.1529496
0,0.16344973
0,0.17182542
0,0.17176105
0,0.17277515
0,0.15999778
0,0.1738164
0,0.1689866
0,0.15945189
0,0.17727654
0,0.17121774
0,0.17239854
0,0.19022006
0,0.18294391
0,0.19838215
0,0.18616888
0,0.18027204
0,0.19799234
0,0.20366609
0,0.20699446
0,0.18197528
0,0.19488376
0,0.20094171
0,0.19405
0,0.18209043
0,0.17988777
0,0.20158558
0,0.21322428
0,0.21934052
0,0.2185489
0,0.22026852
0,0.20870663
0,0.22334477
0,0.22474502
0,0.22662094
0,0.22214839
0,0.19600458
0,0.188403
0,0.19180606
0,0.18413863
0,0.26250586
0,0.19981712
0,0.20303755
0,0.19663247
0,0.19704121
0,0.20625475
0,0.17341016
0,0.16162725
0,0.16915214
0,0.15315937
0,0.14759201
0,0.14689614
0,0.15894207
0,0.14659716
0,0.14701448
0,0.152945
0,0.16145241
0,0.17314677
0,0.18158565
0,0.19559087
0,0.20695539
0,0.21673052
0,0.25310078
0,0.24597186
0,0.28003228
0,0.26328456
0,0.29398683
0,0.27787676
0,0.30906302
0,0.32500878
0,0.3298495
0,0.302599
0,0.3237398
0,0.29360062
0,0.328687
0,0.3437414
0,0.29849193
0,0.29051507
0,0.2888338
0,0.28141814
0,0.31786433
0,0.3305331
0,0.2883269
0,0.31750798
0,0.32746077
0,0.32888544
0,0.30477095
0,0.26948434
0,0.2743527
0,0.25789684
0,0.25193644
0,0.24139045
0,0.20808515
0,0.2137877
0,0.20490377
0,0.18397872
0,0.18088374
0,0.18087842
0,0.20278555
0,0.21845265
0,0.21284509
0,0.21495248
0,0.20496725
0,0.18797936
0,0.20199618
0,0.20838524
0,0.20339367
0,0.20500723
0,0.20851459
0,0.20480937
0,0.18973091
0,0.20222346
0,0.20102504
0,0.20225503
0,0.20234859
0,0.20003837
0,0.19876151
0,0.19791463
0,0.18166485
0,0.1895657
0,0.18515575
0,0.162402
0,0.1742371
0,0.15109536
0,0.14310344
0,0.15550348
0,0.15657772
0,0.14647344
0,0.14751711
0,0.16118526
0,0.1523998
0,0.16773401
0,0.15908168
0,0.16158418
0,0.16923094
0,0.18940642
0,0.19960448
0,0.19733587
0,0.19100343
0,0.21023227
0,0.22252783
0,0.22546332
0,0.21818407
0,0.23143545
0,0.26293996
0,0.28434607
0,0.26708025
0,0.30015495
0,0.29651707
0,0.28971744
0,0.26075208
0,0.25501505
0,0.2568983
0,0.23608264
0,0.20036884
0,0.21320494
0,0.21011762
0,0.18828762
0,0.17756031
0,0.19008122
0,0.1720348
0,0.16894557
0,0.1873682
0,0.19306815
0,0.17348638
0,0.17195359
0,0.17174606
0,0.17453818
0,0.1952681
0,0.19123252
0,0.21461229
0,0.20353548
0,0.23067385
0,0.23125866
0,0.22790897
0,0.2605217
0,0.24707556
0,0.28259265
0,0.30296955
0,0.27807355
0,0.29837748
0,0.28291303
0,0.2781747
0,0.27881822
0,0.26476297
0,0.26291946
0,0.31109387
0,0.2844186
0,0.2784771
0,0.29945636
0,0.2754295
0,0.27405828
0,0.3198978
0,0.33192456
0,0.35476947
0,0.30182272
0,0.30690947
0,0.2883808
0,0.27756917
0,0.3058848
0,0.32131767
0,0.31159627
0,0.32192594
0,0.31733835
0,0.29957312
0,0.27669492
0,0.26526797
0,0.2853528
0,0.28368428
0,0.23242064
0,0.21570764
0,0.21660766
0,0.20262672
0,0.18291879
0,0.19453026
0,0.17336749
0,0.16492538
0,0.16204844
0,0.1800083
0,0.18310569
0,0.16977891
0,0.17051803
0,0.17269285
0,0.18725944
0,0.19653411
0,0.1824386
0,0.2000026
0,0.2110429
0,0.20030542
0,0.1927578
0,0.20333084
0,0.20185943
0,0.2318729
0,0.25163326
0,0.2617248
0,0.24948254
0,0.23877992
0,0.22404054
0,0.2202119
0,0.21123086
0,0.22588983
0,0.24259865
0,0.24930547
0,0.2843986
0,0.2376431
0,0.2253751
0,0.18754625
0,0.20789053
0,0.20539032
0,0.2081284
0,0.2039445
0,0.17419086
0,0.17082663
0,0.1815702
0,0.16272491
0,0.17714256
0,0.15591389
0,0.16764028
0,0.17066391
0,0.17201975
0,0.16092652
0,0.15089077
0,0.1651292
0,0.16902559
0,0.17188068
0,0.17187035
0,0.15166672
0,0.16370536
0,0.1584694
0,0.14920864
0,0.14968327
0,0.15387316
0,0.17557961
0,0.17076927
0,0.1897995
0,0.18381485
0,0.19030418
0,0.19652237
0,0.20713514
0,0.21589346
0,0.25169253
0,0.26502588
0,0.25427237
0,0.26975697
0,0.26079124
0,0.29249087
0,0.30399916
0,0.3202507
0,0.33034164
0,0.3327729
0,0.2926888
0,0.2713103
0,0.27775654
0,0.3090412
0,0.2864453
0,0.3121929
0,0.28400782
0,0.2718955
0,0.30340445
0,0.269306
0,0.25899428
0,0.27584916
0,0.24724895
0,0.23299144
0,0.22686549
0,0.2496423
0,0.25436088
0,0.23053677
0,0.22610034
0,0.2251383
0,0.2586138
0,0.26774758
0,0.2518469
0,0.27776742
0,0.2556753
0,0.26887864
0,0.30013013
0,0.2904385
0,0.320076
0,0.33969873
0,0.35155386
0,0.3559484
0,0.31773803
0,0.29575372
0,0.28678602
0,0.3225112
0,0.32262397
0,0.31775245
0,0.3135075
0,0.2946328
0,0.2657983
0,0.2429235
0,0.2299907
0,0.21716551
0,0.21753216
0,0.2182936
0,0.18345079
0,0.19366817
0,0.16676764
0,0.16506867
0,0.15004918
0,0.14366223
0,0.15700075
0,0.14609703
0,0.16303608
0,0.15280047
0,0.1661726
0,0.16363741
0,0.1615864
0,0.17709994
0,0.18653883
0,0.18747245
0,0.16843776
0,0.16873923
0,0.18564942
0,0.18326114
0,0.19949175
0,0.21137094
0,0.19851361
0,0.2047909
0,0.22895803
0,0.24220525
0,0.2518671
0,0.26820844
0,0.29504183
0,0.3019774
0,0.2745957
0,0.25980905
0,0.23497967
0,0.22268844
0,0.19114009
0,0.18327229
0,0.19449149
0,0.19554284
0,0.19481696
0,0.17051545
0,0.18182954
0,0.18563874
0,0.17535748
0,0.1612135
0,0.17420143
0,0.18389507
0,0.15693268
0,0.17134751
0,0.15682828
0,0.17297974
0,0.16816631
0,0.17527252
0,0.17837754
0,0.16201466
0,0.18044086
0,0.18186548
0,0.16627623
0,0.18540822
0,0.17015575
0,0.18790573
0,0.19496241
0,0.19576395
0,0.20282179
0,0.17630878
0,0.19038738
0,0.18861067
0,0.1778081
0,0.1842105
0,0.16563082
0,0.17969662
0,0.18023449
0,0.17991602
0,0.1818835
0,0.15847328
0,0.1580089
0,0.1683043
0,0.17058496
0,0.17202127
0,0.17736691
0,0.18019588
0,0.15954733
0,0.15610278
0,0.15569948
0,0.16872902
0,0.16066124
0,0.17197205
0,0.18034111
0,0.16887213
0,0.18355073
0,0.17510979
0,0.17670651
0,0.1818664
0,0.20139557
0,0.20843655
0,0.20216317
0,0.21917714
0,0.21268575
0,0.22751375
0,0.22307558
0,0.23204795
0,0.26922715
0,0.27888831
0,0.28043795
0,0.27474153
0,0.24868189
0,0.2687271
0,0.26439187
0,0.26329204
0,0.2929611
0,0.27101642
0,0.29001778
0,0.29373604
0,0.2880654
0,0.2862479
0,0.2616426
0,0.28860864
0,0.28875893
0,0.27721438
0,0.27203977
0,0.23568031
0,0.22928578
0,0.21157634
0,0.20060517
0,0.21207562
0,0.19499612
0,0.20903628
0,0.1952494
0,0.19867016
0,0.19887255
0,0.21261403
0,0.22439207
0,0.23858993
0,0.24593775
0,0.25058243
0,0.2476579
0,0.24834591
0,0.25070694
0,0.2512223
0,0.25090837
0,0.25357103
0,0.25422606
0,0.26960647
0,0.29985917
0,0.3193929
0,0.32667196
0,0.29185215
0,0.2773299
0,0.31291023
0,0.29000893
0,0.28396916
0,0.27929595
0,0.27523503
0,0.30484006
0,0.29031047
0,0.3173599
0,0.29055998
0,0.28103456
0,0.33811298
0,0.30142394
0,0.32453662
0,0.3300794
0,0.30078796
0,0.31730467
0,0.32664442
0,0.33571476
0,0.33267838
0,0.2940822
0,0.31032053
0,0.3082918
0,0.2852156
0,0.27751747
0,0.3034572
0,0.31993452
0,0.33122912
0,0.3226161
0,0.27546564
0,0.26907825
0,0.24898706
0,0.25322512
0,0.22116312
0,0.2300789
0,0.20949943
0,0.23445478
0,0.22946236
0,0.22189263
0,0.22363172
0,0.20753613
0,0.23007484
0,0.22779712
0,0.23736565
0,0.23100086
0,0.20256874
0,0.19621025
0,0.2120915
0,0.2018724
0,0.21296223
0,0.19608401
0,0.20581885
0,0.21084252
0,0.2091108
0,0.1994301
0,0.20789938
0,0.21813273
0,0.19886447
0,0.19387035
0,0.20739052
0,0.21142367
0,0.21003962
0,0.19558418
0,0.18400824
0,0.18609644
0,0.20422511
0,0.21382459
0,0.22208288
0,0.22041659
0,0.22370745
0,0.2059068
0,0.22898304
0,0.2313292
0,0.23704886
0,0.20790781
0,0.20951787
0,0.19112553
0,0.19934201
0,0.1855553
0,0.19724031
0,0.18203548
0,0.18134303
0,0.19679703
0,0.2023694
0,0.20894824
0,0.20088969
0,0.18281531
0,0.20008966
0,0.20116748
0,0.20640607
0,0.20454463
0,0.1793412
0,0.19027923
0,0.18727627
0,0.17872444
0,0.19500177
0,0.18049271
0,0.18214072
0,0.2037974
0,0.2147887
0,0.20032607
0,0.2179601
0,0.21979344
0,0.24110493
0,0.23883174
0,0.25407055
0,0.2348289
0,0.23152491
0,0.22277652
0,0.20479767
0,0.18631284
0,0.19582343
0,0.19940923
0,0.20133741
0,0.18855703
0,0.20149173
0,0.19718556
0,0.18928915
0,0.19543749
0,0.20024112
0,0.19897582
0,0.19210543
0,0.170106
0,0.17707552
0,0.17703408
0,0.1620629
0,0.15124424
0,0.15237385
0,0.16167578
0,0.16561854
0,0.17504911
0,0.1590161
0,0.15669176
0,0.16512522
0,0.1796339
0,0.18931039
0,0.19560608
0,0.18259811
0,0.19505028
0,0.205593
0,0.20504153
0,0.19337082
0,0.19910444
0,0.20887858
0,0.21101032
0,0.21582754
0,0.21741098
0,0.21595185
0,0.19824013
0,0.19662748
0,0.21571173
0,0.21968138
0,0.2129145
0,0.21340166
0,0.22332296
0,0.2166626
0,0.20305127
0,0.1830902
0,0.19829418
0,0.19724083
0,0.19434564
0,0.19636148
0,0.19316827
0,0.16723408
0,0.17034067
0,0.16077462
0,0.17011338
0,0.1735175
0,0.15818515
0,0.17414382
0,0.17499137
0,0.17636633
0,0.1708468
0,0.16129753
0,0.17056257
0,0.17297272
0,0.16054568
0,0.16509376
0,0.16254827
0,0.17435947
0,0.17355895
0,0.18444501
0,0.17651787
0,0.1755801
0,0.19522715
0,0.20316948
0,0.20913628
0,0.21027526
0,0.20818742
0,0.22018193
0,0.2254399
0,0.23260042
0,0.2288013
0,0.21911606
0,0.2149874
0,0.21191403
0,0.2009027
0,0.19149181
0,0.18734638
0,0.195423
0,0.21883076
0,0.227535
0,0.23050591
0,0.2208157
0,0.20793003
0,0.21727644
0,0.21163142
0,0.20834643
0,0.21019989
0,0.18854652
0,0.1972961
0,0.19710119
0,0.18273224
0,0.18949315
0,0.17918432
0,0.1932327
0,0.18301451
0,0.19847947
0,0.2096676
0,0.19208317
0,0.19404553
0,0.19844595
0,0.21727116
0,0.22144647
0,0.20310977
0,0.21173263
0,0.21168353
0,0.20680623
0,0.19730137
0,0.20325874
0,0.28817502
0,0.2595804
0,0.25103346
0,0.21052974
0,0.21654533
0,0.21187836
0,0.2157317
0,0.21944405
0,0.2183982
0,0.20769252
0,0.20559716
0,0.20640764
0,0.1991058
0,0.18565163
0,0.18407941
0,0.18474656
0,0.18114525
0,0.18005073
0,0.17422304
0,0.17074396
0,0.15374717
0,0.1528905
0,0.15722808
0,0.15808524
0,0.16020508
0,0.14759201
0,0.1560835
0,0.1594393
0,0.166814
0,0.1597048
0,0.16238762
0,0.17079109
0,0.17377299
0,0.17991327
0,0.18088803
0,0.16765954
0,0.1684781
0,0.16702181
0,0.17054097
0,0.180974
0,0.18588845
0,0.21454942
0,0.22929487
0,0.24163458
0,0.24921575
0,0.24108638
0,0.2599788
0,0.26609516
0,0.2731386
0,0.25234044
0,0.26548874
0,0.26788494
0,0.2693367
0,0.25476667
0,0.2496942
0,0.25866416
0,0.27365434
0,0.28153232
0,0.2910213
0,0.27642924
0,0.24154307
0,0.22789247
0,0.23092492
0,0.21961702
0,0.22208591
0,0.20842539
0,0.17965908
0,0.1908787
0,0.18281852
0,0.16937797
0,0.18155122
0,0.16789544
0,0.18257307
0,0.17026573
0,0.1869894
0,0.19080241
0,0.17463435
0,0.17380331
0,0.18932374
0,0.1937664
0,0.20587078
0,0.18329819
0,0.19876048
0,0.20518157
0,0.19598076
0,0.18206573
0,0.18817541
0,0.20443247
0,0.19490138
0,0.20930721
0,0.21307735
0,0.21901122
0,0.20886107
0,0.21802686
0,0.22984804
0,0.23136117
0,0.21988201
0,0.21898058
0,0.2163348
0,0.20808323
0,0.19627109
0,0.1805102
0,0.20107102
0,0.19990431
0,0.19734032
0,0.17208466
0,0.18131635
0,0.16720352
0,0.16576703
0,0.17833142
0,0.1826098
0,0.18126123
0,0.16105346
0,0.16924639
0,0.17523527
0,0.18513517
0,0.16763495
0,0.15870371
0,0.17280692
0,0.17905048
0,0.18376216
0,0.19360882
0,0.16751896
0,0.17810886
0,0.16930316
0,0.18002169
0,0.18740134
0,0.17347416
0,0.18618405
0,0.17089759
0,0.19394572
0,0.18946499
0,0.17658898
0,0.18519478
0,0.18555926
0,0.18990962
0,0.19083151
0,0.19154866
0,0.19257721
0,0.16891605
0,0.16278481
0,0.1787183
0,0.18189654
0,0.2283185
0,0.21259038
0,0.17647332
0,0.18882272
0,0.16335809
0,0.16203839
0,0.17599382
0,0.15631402
0,0.16800131
0,0.17633614
0,0.1544605
0,0.16939443
0,0.16818406
0,0.15301308
0,0.15040615
0,0.15049104
0,0.17005034
0,0.18474111
0,0.18695192
0,0.19123489
0,0.17311943
0,0.17203173
0,0.19338264
0,0.17932957
0,0.19004574
0,0.17738087
0,0.19461717
0,0.20436977
0,0.19842698
0,0.19216156
0,0.21894208
0,0.24272785
0,0.2410482
0,0.24664775
0,0.21197155
0,0.21987806
0,0.2116952
0,0.19355337
0,0.21715076
0,0.21883585
0,0.21158221
0,0.21127
0,0.21037959
0,0.20577973
0,0.18503352
0,0.19356155
0,0.19971134
0,0.17731297
0,0.19122602
0,0.19376439
0,0.19305933
0,0.16457735
0,0.16202216
0,0.15406036
0,0.16773486
0,0.17431349
0,0.1578955
0,0.16941808
0,0.17743768
0,0.17571566
0,0.16446763
0,0.15779479
0,0.17090987
0,0.17557795
0,0.16243553
0,0.18087724
0,0.16609848
0,0.17617445
0,0.17211148
0,0.18950278
0,0.20153822
0,0.18611695
0,0.20143688
0,0.20563136
0,0.20953554
0,0.18823788
0,0.18434799
0,0.19660918
0,0.2056456
0,0.18648878
0,0.19668105
0,0.17672566
0,0.18946251
0,0.17372093
0,0.17488948
0,0.1928479
0,0.2004439
0,0.20649406
0,0.21158968
0,0.20831004
0,0.20757914
0,0.19273122
0,0.17557728
0,0.18816578
0,0.19150768
0,0.1964236
0,0.19667836
0,0.16874254
0,0.1626282
0,0.16982462
0,0.16477211
0,0.18033047
0,0.17208017
0,0.1860045
0,0.2006574
0,0.20019919
0,0.17226173
0,0.17160834
0,0.1671001
0,0.18385126
0,0.18992858
0,0.19540632
0,0.17123719
0,0.18824694
0,0.19428577
0,0.1779909
0,0.19535922
0,0.18027826
0,0.19848527
0,0.20168205
0,0.20434469
0,0.20683222
0,0.20651104
0,0.1920316
0,0.17785235
0,0.17071877
0,0.18474273
0,0.18894225
0,0.16779923
0,0.18745174
0,0.16800429
0,0.16937019
0,0.1662104
0,0.18445836
0,0.19520213
0,0.17643231
0,0.17482482
0,0.19491091
0,0.19176193
0,0.1988168
0,0.2030989
0,0.23130308
0,0.2476337
0,0.23134191
0,0.25686204
0,0.26035646
0,0.2569679
0,0.23025808
0,0.24032661
0,0.24921072
0,0.292217
0,0.31305936
0,0.32529497
0,0.28184357
0,0.2821576
0,0.2548681
0,0.2892015
0,0.26063675
0,0.2469342
0,0.27740264
0,0.26815915
0,0.26380715
0,0.22254354
0,0.22207956
0,0.23828222
0,0.23471065
0,0.20551252
0,0.22398692
0,0.22482671
0,0.20003042
0,0.204917
0,0.20282371
0,0.21425499
0,0.23504981
0,0.25364795
0,0.26583397
0,0.2650279
0,0.2538625
0,0.22693284
0,0.2086518
0,0.2406484
0,0.25281352
0,0.22818914
0,0.20553108
0,0.2015004
0,0.2153841
0,0.20874228
0,0.2168123
0,0.22047344
0,0.19761758
0,0.19371338
0,0.21108279
0,0.21364531
0,0.21125397
0,0.19254723
0,0.20202269
0,0.1996423
0,0.2012877
0,0.20045006
0,0.17417084
0,0.16559073
0,0.18017034
0,0.1685898
0,0.18647423
0,0.17707105
0,0.19303669
0,0.19940229
0,0.20121144
0,0.19735342
0,0.1953252
0,0.18151718
0,0.1882723
0,0.21089365
0,0.1731332
0,0.18520637
0,0.18979685
0,0.16613759
0,0.16382428
0,0.16316883
0,0.17950264
0,0.18682209
0,0.19588654
0,0.2013526
0,0.17342895
0,0.19095412
0,0.17343204
0,0.16998929
0,0.1824817
0,0.16788106
0,0.18321826
0,0.17129025
0,0.1898127
0,0.197099
0,0.18920466
0,0.17350787
0,0.1718806
0,0.1958574
0,0.20310326
0,0.20762564
0,0.2109392
0,0.18536584
0,0.19224104
0,0.18085723
0,0.1955046
0,0.20103088
0,0.1783806
0,0.17297834
0,0.17389303
0,0.19617411
0,0.20014654
0,0.1977917
0,0.20425877
0,0.20671625
0,0.2348631
0,0.24741974
0,0.24634019
0,0.2456015
0,0.22856887
0,0.23231052
0,0.24186517
0,0.24130009
0,0.24747701
0,0.24471864
0,0.24012084
0,0.22895965
0,0.20704903
0,0.21844915
0,0.22362085
0,0.18777828
0,0.20586795
0,0.20599392
0,0.17008764
0,0.17402555
0,0.15717906
0,0.14012897
0,0.15162727
0,0.13697465
0,0.15392572
0,0.15700808
0,0.16073892
0,0.16259256
0,0.15541166
0,0.17368352
0,0.17782961
0,0.18177487
0,0.15657529
0,0.15741903
0,0.1722276
0,0.17600423
0,0.16106918
0,0.17619663
0,0.15987714
0,0.17926337
0,0.18858212
0,0.1940431
0,0.19290859
0,0.1848156
0,0.16761078
0,0.18286505
0,0.18892941
0,0.18814383
0,0.18951043
0,0.16004743
0,0.17327818
0,0.16671024
0,0.1533392
0,0.16840668
0,0.17512597
0,0.1796826
0,0.18359405
0,0.18458435
0,0.15811272
0,0.15023829
0,0.1488562
0,0.16588256
0,0.15083033
0,0.17115939
0,0.15389359
0,0.17033379
0,0.16187537
0,0.16640109
0,0.16326961
0,0.16655907
0,0.18502161
0,0.19720928
0,0.20111057
0,0.21045224
0,0.185333
0,0.18834956
0,0.20315018
0,0.20759605
0,0.1901504
0,0.18590511
0,0.20451817
0,0.21191196
0,0.21314423
0,0.19549367
0,0.20425017
0,0.2178739
0,0.22045596
0,0.21730302
0,0.21047023
0,0.20736852
0,0.20424981
0,0.18289694
0,0.18918937
0,0.16565397
0,0.15579717
0,0.17527814
0,0.18782526
0,0.19183598
0,0.18254082
0,0.16035476
0,0.15468958
0,0.17553402
0,0.1879534
0,0.15789208
0,0.17780197
0,0.15640433
0,0.16628735
0,0.15639311
0,0.17097808
0,0.18332118
0,0.16317394
0,0.18066323
0,0.15977047
0,0.17923865
0,0.17861493
0,0.16773805
0,0.18821561
0,0.17378648
0,0.1928958
0,0.198724
0,0.17550811
0,0.19059691
0,0.18556134
0,0.17195229
0,0.19202377
0,0.1783203
0,0.20032674
0,0.18402952
0,0.1841539
0,0.20130108
0,0.19717458
0,0.19219126
0,0.19411892
0,0.19787943
0,0.2055071
0,0.21571667
0,0.22885981
0,0.26028502
0,0.2648223
0,0.2594347
0,0.2948784
0,0.31275594
0,0.38776717
0,0.31235188
0,0.3258837
0,0.31064752
0,0.28226203
0,0.25488603
0,0.29912782
0,0.30637503
0,0.29084414
0,0.27139944
0,0.24917552
0,0.2558283
0,0.23660691
0,0.23747554
0,0.20651624
0,0.21174534
0,0.20419747
0,0.20017791
0,0.19551912
0,0.16025935
0,0.15571684
0,0.14590605
0,0.16360012
0,0.17034829
0,0.15884262
0,0.1729008
0,0.163586
0,0.1750237
0,0.17198902
0,0.17658672
0,0.21166503
0,0.21558207
0,0.21891607
0,0.21931896
0,0.21460555
0,0.2028534
0,0.18917343
0,0.20535906
0,0.2032212
0,0.2034646
0,0.20319037
0,0.20740071
0,0.19985637
0,0.17961013
0,0.16910899
0,0.18564895
0,0.16869901
0,0.18227075
0,0.16285427
0,0.15777074
0,0.1557522
0,0.16684735
0,0.16422664
0,0.16542108
0,0.18588772
0,0.176785
0,0.19819494
0,0.2072016
0,0.21368492
0,0.21140814
0,0.20415467
0,0.22711645
0,0.23259965
0,0.23496288
0,0.23925883
0,0.21741976
0,0.22899468
0,0.21931559
0,0.25034836
0,0.25356528
0,0.26687574
0,0.3033755
0,0.2730586
0,0.30519813
0,0.28182524
0,0.24353087
0,0.20833829
0,0.21173677
0,0.2068024
0,0.2060137
0,0.20392194
0,0.17873442
0,0.19137469
0,0.17887487
0,0.16788608
0,0.19104283
0,0.19498463
0,0.17643763
0,0.19144723
0,0.19497214
0,0.19197604
0,0.18342528
0,0.19508113
0,0.19809295
0,0.19744813
0,0.19508979
0,0.17365403
0,0.18196811
0,0.17631634
0,0.16538844
0,0.1606763
0,0.16026594
0,0.17644551
0,0.16726296
0,0.18272676
0,0.19278063
0,0.17859869
0,0.18009926
0,0.19916941
0,0.20378402
0,0.20678155
0,0.1840799
0,0.20027764
0,0.20143472
0,0.19438857
0,0.18376772
0,0.18435974
0,0.17979802
0,0.18975763
0,0.19944791
0,0.21528833
0,0.21947072
0,0.23149297
0,0.24693385
0,0.28708088
0,0.30393595
0,0.31004333
0,0.3277305
0,0.31476963
0,0.3110138
0,0.29545805
0,0.26786178
0,0.2926535
0,0.35466462
0,0.33413532
0,0.3275585
0,0.30156565
0,0.24612808
0,0.2559035
0,0.26274732
0,0.26127946
0,0.2137817
0,0.19535528
0,0.19486603
0,0.16163804
0,0.17434041
0,0.15966463
0,0.14521325
0,0.15641439
0,0.16745968
0,0.16774698
0,0.17455187
0,0.15760317
0,0.1768025
0,0.16470353
0,0.17626598
0,0.18218355
0,0.16218233
0,0.17493434
0,0.18125506
0,0.1664907
0,0.1826367
0,0.17515329
0,0.20383243
0,0.21061033
0,0.1963896
0,0.20990382
0,0.20785071
0,0.20759685
0,0.20131204
0,0.18454905
0,0.19033565
0,0.19547446
0,0.19486699
0,0.19741173
0,0.19561718
0,0.17529906
0,0.16767788
0,0.16849521
0,0.18715437
0,0.19430432
0,0.1945819
0,0.19598602
0,0.17653652
0,0.1882879
0,0.18620355
0,0.17596015
0,0.18760526
0,0.18120179
0,0.19557676
0,0.20020299
0,0.20328091
0,0.20327325
0,0.18611723
0,0.18724069
0,0.19802146
0,0.20259352
0,0.20474914
0,0.19044693
0,0.20131274
0,0.20215654
0,0.19871359
0,0.18967304
0,0.19388695
0,0.25603878
0,0.23687012
0,0.22818033
0,0.22261755
0,0.18715596
0,0.18784912
0,0.1773351
0,0.16947253
0,0.16628793
0,0.18301332
0,0.17001863
0,0.18244347
0,0.18994793
0,0.18097158
0,0.19115953
0,0.17982644
0,0.1783245
0,0.18288952
0,0.19179568
0,0.21164891
0,0.20917302
0,0.21604867
0,0.21691035
0,0.22114784
0,0.24635741
0,0.24229415
0,0.26709053
0,0.2782319
0,0.27938455
0,0.26629692
0,0.2833237
0,0.31397668
0,0.32306775
0,0.29205054
0,0.31592938
0,0.2882846
0,0.27766788
0,0.27713004
0,0.3085563
0,0.32811627
0,0.29043123
0,0.3250709
0,0.2880068
0,0.31678915
0,0.28843173
0,0.27809063
0,0.30710733
0,0.27648866
0,0.300562
0,0.3141528
0,0.3041584
0,0.29458144
0,0.2710954
0,0.24287842
0,0.27325016
0,0.2785012
0,0.2626256
0,0.28201193
0,0.2755813
0,0.23975503
0,0.22994165
0,0.23880526
0,0.23857556
0,0.22442356
0,0.21904314
0,0.19259927
0,0.18451072
0,0.19411376
0,0.18973534
0,0.17984198
0,0.19235213
0,0.17859636
0,0.19704589
0,0.19824794
0,0.19947869
0,0.19929667
0,0.18192083
0,0.19470456
0,0.1810696
0,0.18203019
0,0.20003365
0,0.18764421
0,0.20339604
0,0.21084657
0,0.20058046
0,0.2005773
0,0.20324267
0,0.22439614
0,0.23070167
0,0.22933419
0,0.23568605
0,0.23942636
0,0.2202758
0,0.21524338
0,0.23289028
0,0.2332321
0,0.2280773
0,0.22687821
0,0.22997278
0,0.21685392
0,0.20051235
0,0.20642859
0,0.21489184
0,0.19922803
0,0.21114409
0,0.23674986
0,0.21564175
0,0.1918384
0,0.17960718
0,0.18705197
0,0.19109435
0,0.19575304
0,0.17143819
0,0.18159409
0,0.18797903
0,0.17808059
0,0.1639517
0,0.16386333
0,0.17335987
0,0.17682903
0,0.18073124
0,0.18362321
0,0.1625867
0,0.16720943
0,0.1587612
0,0.17255117
0,0.18133642
0,0.1669185
0,0.18035175
0,0.18598765
0,0.18833663
0,0.18061835
0,0.16820961
0,0.18360028
0,0.1878431
0,0.19580424
0,0.17273338
0,0.16706546
0,0.18391126
0,0.18144803
0,0.17595094
0,0.19539206
0,0.20464888
0,0.21082738
0,0.20750017
0,0.20837414
0,0.20614845
0,0.19069651
0,0.20641968
0,0.20548555
0,0.20316477
0,0.21000262
0,0.20734607
0,0.18167493
0,0.19161879
0,0.18116948
0,0.16998132
0,0.18547246
0,0.17149326
0,0.1864869
0,0.17436467
0,0.17015617
0,0.1848624
0,0.1727664
0,0.16978765
0,0.17808522
0,0.17373985
0,0.18889952
0,0.17560045
0,0.17941378
0,0.19816925
0,0.19726393
0,0.19820629
0,0.21116805
0,0.21586137
0,0.25284505
0,0.243564
0,0.24381366
0,0.25408503
0,0.2559529
0,0.2546426
0,0.2594144
0,0.26852724
0,0.30996025
0,0.3353598
0,0.35852027
0,0.34225324
0,0.31727147
0,0.34708345
0,0.30933452
0,0.33577263
0,0.34210226
0,0.3602594
0,0.34886035
0,0.30218235
0,0.29136556
0,0.31514
0,0.32658717
0,0.3313162
0,0.27932236
0,0.28670353
0,0.25965148
0,0.22326201
0,0.19108059
0,0.17814544
0,0.18321554
0,0.18542758
0,0.18490948
0,0.18265837
0,0.1581044
0,0.15409492
0,0.15391873
0,0.16963747
0,0.17928512
0,0.17141788
0,0.16723931
0,0.18825474
0,0.19409668
0,0.18674353
0,0.17821799
0,0.20033713
0,0.20599167
0,0.21176785
0,0.212414
0,0.20861089
0,0.19047369
0,0.18724419
0,0.18075085
0,0.19609234
0,0.20315312
0,0.20402105
0,0.18346065
0,0.19808789
0,0.19917881
0,0.18203954
0,0.19790274
0,0.20090508
0,0.20080732
0,0.19818692
0,0.20474592
0,0.17128061
0,0.18025239
0,0.16475393
0,0.15125683
0,0.1718195
0,0.15605667
0,0.16797104
0,0.17697836
0,0.17876217
0,0.17754012
0,0.16131276
0,0.18342929
0,0.19602294
0,0.19572394
0,0.19433212
0,0.16798702
0,0.18438335
0,0.17773551
0,0.16248958
0,0.17579775
0,0.1575612
0,0.2404058
0,0.18798696
0,0.19740026
0,0.19501369
0,0.18452594
0,0.17041454
0,0.18504713
0,0.18821393
0,0.18752329
0,0.1866186
0,0.19168064
0,0.18707173
0,0.17175046
0,0.15251446
0,0.14283904
0,0.13937677
0,0.13627769
0,0.15108643
0,0.1391188
0,0.14166404
0,0.14564939
0,0.14995658
0,0.1673888
0,0.19250019
0,0.19663213
0,0.20761828
0,0.21209353
0,0.2147794
0,0.20435686
0,0.2122869
0,0.1915481
0,0.20299517
0,0.2070097
0,0.20235205
0,0.20692918
0,0.18004912
0,0.17181444
0,0.18818437
0,0.19596219
0,0.2001705
0,0.17413613
0,0.15935299
0,0.1732155
0,0.16943942
0,0.15670499
0,0.15754066
0,0.16805805
0,0.16799662
0,0.17139289
0,0.17534646
0,0.17848559
0,0.15537573
0,0.15455781
0,0.16792725
0,0.17498343
0,0.1577991
0,0.17756896
0,0.15772922
0,0.16874164
0,0.1726984
0,0.16682453
0,0.15968974
0,0.1756163
0,0.18119027
0,0.18968865
0,0.19629267
0,0.17165506
0,0.17990705
0,0.16725752
0,0.16312662
0,0.1789151
0,0.16954689
0,0.18737654
0,0.17123868
0,0.1896379
0,0.190412
0,0.18402141
0,0.20533729
0,0.21468292
0,0.21855222
0,0.22000644
0,0.19157074
0,0.20201594
0,0.19513498
0,0.17935045
0,0.16971071
0,0.16785416
0,0.18574607
0,0.19282931
0,0.19625589
0,0.19747844
0,0.18770927
0,0.17619531
0,0.19689432
0,0.20288117
0,0.18007474
0,0.19630125
0,0.17156412
0,0.18015465
0,0.17093518
0,0.18881954
0,0.19330065
0,0.1963111
0,0.19797914
0,0.17926759
0,0.1983241
0,0.19646029
0,0.18569311
0,0.17770648
0,0.17465992
0,0.19017997
0,0.19423752
0,0.17148347
0,0.18456756
0,0.18712507
0,0.17475769
0,0.18632029
0,0.17107376
0,0.16754842
0,0.18676093
0,0.18803245
0,0.17255072
0,0.16604349
0,0.17057031
0,0.1680686
0,0.18542834
0,0.1789778
0,0.1797922
0,0.19766939
0,0.20951343
0,0.2037661
0,0.21718188
0,0.2334111
0,0.24586515
0,0.25173214
0,0.2655451
0,0.26989043
0,0.26694304
0,0.24581023
0,0.22129644
0,0.24448346
0,0.26393327
0,0.25018746
0,0.26292306
0,0.2671021
0,0.24968086
0,0.2336242
0,0.19708821
0,0.20525871
0,0.20583034
0,0.20582183
0,0.20154421
0,0.19376379
0,0.16664279
0,0.16583891
0,0.15304896
0,0.16354012
0,0.14697239
0,0.14426385
0,0.15639162
0,0.14231057
0,0.15936173
0,0.15846236
0,0.15216947
0,0.15150721
0,0.15447907
0,0.17511778
0,0.18425293
0,0.17513803
0,0.1773335
0,0.19632885
0,0.22075139
0,0.23721953
0,0.2304763
0,0.25176078
0,0.26274437
0,0.30026934
0,0.2727385
0,0.25367585
0,0.24057584
0,0.2475001
0,0.27862164
0,0.3027509
0,0.27796462
0,0.28046364
0,0.25407043
0,0.22737248
0,0.21800597
0,0.21050307
0,0.20966984
0,0.20376296
0,0.17137942
0,0.15309693
0,0.14414968
0,0.14340143
0,0.1362711
0,0.13391933
0,0.13097537
0,0.13545607
0,0.14463162
0,0.15303369
0,0.17325978
0,0.17465092
0,0.2003776
0,0.2014201
0,0.2330044
0,0.22221382
0,0.24249549
0,0.25457293
0,0.22770604
0,0.2328764
0,0.26512212
0,0.29505193
0,0.28372887
0,0.2828529
0,0.28411904
0,0.31725436
0,0.32255256
0,0.29338548
0,0.30280983
0,0.33219752
0,0.33549306
0,0.29844376
0,0.32123065
0,0.32133114
0,0.29614463
0,0.24794477
0,0.24291052
0,0.20726022
0,0.21554981
0,0.21452773
0,0.21849886
0,0.18805382
0,0.19092013
0,0.17822461
0,0.19062245
0,0.20092182
0,0.18573779
0,0.23613922
0,0.2185436
0,0.18651634
0,0.19199787
0,0.176254
0,0.1888668
0,0.19236246
0,0.17932476
0,0.19156314
0,0.17305435
0,0.1730291
0,0.18841088
0,0.1872489
0,0.2075159
0,0.21924266
0,0.22776943
0,0.22804809
0,0.20639692
0,0.1943821
0,0.20560226
0,0.19764605
0,0.22103652
0,0.21287641
0,0.21367353
0,0.5012671
0,0.41478968
0,0.3044948
0,0.26530495
0,0.28464895
0,0.21386081
0,0.25154483
0,0.2512994
0,0.23865987
0,0.18624613
0,0.16217764
0,0.15522099
0,0.16280821
0,0.14453956
0,0.13632117
0,0.15073933
0,0.15521152
0,0.16532217
0,0.14751518
0,0.1414235
0,0.13342573
0,0.13172367
0,0.13151602
0,0.15032765
0,0.1469849
0,0.16657686
0,0.16946274
0,0.16635834
0,0.18290898
0,0.17803872
0,0.3549804
0,0.3280485
0,0.3049951
0,0.28344506
0,0.2569597
0,0.22900659
0,0.2581781
0,0.2672239
0,0.26303664
0,0.21713933
0,0.19369848
0,0.20885903
0,0.20160986
0,0.17944853
0,0.18035747
0,0.17242561
0,0.17932989
0,0.17949316
0,0.16074692
0,0.1544011
0,0.16700566
0,0.16383594
0,0.16815807
0,0.17229113
0,0.19990903
0,0.2093249
0,0.19873212
0,0.21589236
0,0.21494983
0,0.2105164
0,0.24917302
0,0.25759962
0,0.29444155
0,0.30470648
0,0.31361547
0,0.27683687
0,0.29359525
0,0.27992842
0,0.2782567
0,0.27041614
0,0.27016926
0,0.26602086
0,0.25362033
0,0.29997855
0,0.28891167
0,0.2783183
0,0.2723888
0,0.31308392
0,0.28288665
0,0.27020702
0,0.2706745
0,0.29610762
0,0.2870702
0,0.26957372
0,0.2713867
0,0.2695983
0,0.32172745
0,0.400007
0,0.38923147
0,0.31919283
0,0.3099812
0,0.3424078
0,0.3586642
0,0.3011689
0,0.33699062
0,0.34350914
0,0.3393277
0,0.2877073
0,0.28252703
0,0.3113668
0,0.3108224
0,0.29542038
0,0.2642177
0,0.25219208
0,0.20161942
0,0.19511591
0,0.17404598
0,0.18369055
0,0.18723762
0,0.15823968
0,0.17185731
0,0.15345226
0,0.14507332
0,0.15345404
0,0.14939141
0,0.1514974
0,0.15650158
0,0.1662376
0,0.16982327
0,0.19704121
0,0.19203885
0,0.1979495
0,0.20523335
0,0.2335849
0,0.22344902
0,0.22949454
0,0.23501194
0,0.26910076
0,0.25127992
0,0.2771968
0,0.26814464
0,0.28025314
0,0.2661826
0,0.2671279
0,0.31869936
0,0.28294632
0,0.27006993
0,0.29102778
0,0.28443378
0,0.32853442
0,0.3476618
0,0.30906138
0,0.2988821
0,0.34301886
0,0.35115033
0,0.3307878
0,0.29897147
0,0.29685566
0,0.2954675
0,0.28493088
0,0.3265316
0,0.29397088
0,0.280131
0,0.28857514
0,0.2731117
0,0.3309252
0,0.34005892
0,0.29633
0,0.2817435
0,0.26194134
0,0.29917607
0,0.27118668
0,0.25678968
0,0.25453764
0,0.24942987
0,0.25567257
0,0.24994677
0,0.25975254
0,0.2848531
0,0.28339887
0,0.32009393
0,0.33659336
0,0.30273476
0,0.34014875
0,0.3553823
0,0.35785696
0,0.3343379
0,0.30139557
0,0.33092588
0,0.33462828
0,0.29932854
0,0.32229793
0,0.2821124
0,0.31578597
0,0.2903361
0,0.2744993
0,0.26090392
0,0.24378861
0,0.2505138
0,0.20659734
0,0.21494853
0,0.20668052
0,0.17854169
0,0.1720301
0,0.19185807
0,0.19393629
0,0.20269914
0,0.20799617
0,0.18502308
0,0.17586209
0,0.1812438
0,0.1976237
0,0.20295772
0,0.18806046
0,0.20702378
0,0.19617587
0,0.19315091
0,0.19273868
0,0.20373105
0,0.2149564
0,0.21655151
0,0.2482958
0,0.23523627
0,0.23586315
0,0.2572537
0,0.25689316
0,0.23042299
0,0.25130478
0,0.23999901
0,0.25752348
0,0.271633
0,0.2787908
0,0.2714304
0,0.25585964
0,0.25547305
0,0.25230303
0,0.30350494
0,0.3145827
0,0.31291515
0,0.26073745
0,0.25161523
0,0.28565988
0,0.27045155
0,0.23641981
0,0.2559143
0,0.2432369
0,0.23495388
0,0.22273158
0,0.22344548
0,0.190557
0,0.17581406
0,0.1942303
0,0.19951384
0,0.17870098
0,0.1691705
0,0.18565418
0,0.19000247
0,0.18611099
0,0.17300901
0,0.17076266
0,0.17296799
0,0.17780145
0,0.18363388
0,0.19154485
0,0.1957605
0,0.20063598
0,0.21526778
0,0.2188705
0,0.2613078
0,0.24419004
0,0.2414631
0,0.24296151
0,0.2444494
0,0.26921865
0,0.26851568
0,0.26621732
0,0.26207563
0,0.25882903
0,0.25634465
0,0.2586468
0,0.29935136
0,0.29745626
0,0.2732131
0,0.32616195
0,0.34072754
0,0.35634634
0,0.368034
0,0.36701536
0,0.36936435
0,0.3363012
0,0.30340788
0,0.3368487
0,0.30037385
0,0.3309961
0,0.29577512
0,0.28348646
0,0.3162772
0,0.28341404
0,0.30485106
0,0.26848146
0,0.2474049
0,0.22859003
0,0.21578586
0,0.22063212
0,0.22018306
0,0.19304723
0,0.2020958
0,0.20652491
0,0.2092284
0,0.21122836
0,0.18852043
0,0.18280517
0,0.19704768
0,0.19397739
0,0.21891896
0,0.21967416
0,0.235003
0,0.27904245
0,0.2675726
0,0.26204953
0,0.27723798
0,0.27486795
0,0.3022401
0,0.31796235
0,0.309826
0,0.30186644
0,0.29829618
0,0.26998344
0,0.23404938
0,0.21472028
0,0.21818428
0,0.21504414
0,0.21651055
0,0.21827817
0,0.22558396
0,0.21965694
0,0.19753228
0,0.19046065
0,0.20472728
0,0.20359154
0,0.20034437
0,0.17114633
0,0.15823698
0,0.15454659
0,0.14893173
0,0.1495893
0,0.15229411
0,0.15560941
0,0.18009426
0,0.19161166
0,0.19980213
0,0.18740392
0,0.1989382
0,0.20264329
0,0.22528665
0,0.24108832
0,0.22664367
0,0.22703104
0,0.24850918
0,0.25730428
0,0.2563545
0,0.25618663
0,0.26674464
0,0.27120394
0,0.34008396
0,0.33801055
0,0.30074927
0,0.28247085
0,0.27489063
0,0.2692667
0,0.26815614
0,0.30564967
0,0.31466538
0,0.31704876
0,0.27527565
0,0.260108
0,0.25774318
0,0.2454004
0,0.28922442
0,0.27226552
0,0.30584633
0,0.3089512
0,0.27659428
0,0.29379472
0,0.28454152
0,0.2703524
0,0.2970817
0,0.26937875
0,0.30579033
0,0.2788215
0,0.3079097
0,0.3039214
0,0.27107397
0,0.25970277
0,0.31441376
0,0.32612136
0,0.28307834
0,0.2697146
0,0.28303126
0,0.2691634
0,0.24789
0,0.2873211
0,0.27193412
0,0.29806828
0,0.28774092
0,0.26599047
0,0.25577375
0,0.22849222
0,0.21653832
0,0.22257698
0,0.20783336
0,0.21930589
0,0.2186806
0,0.1945331
0,0.18449745
0,0.1937988
0,0.18209071
0,0.19869947
0,0.20207317
0,0.1810621
0,0.19536765
0,0.1761993
0,0.21091616
0,0.18267341
0,0.17685245
0,0.1929827
0,0.1768504
0,0.175774
0,0.18056269
0,0.18955442
0,0.1997235
0,0.21536672
0,0.2475344
0,0.24921718
0,0.287009
0,0.3058653
0,0.32072634
0,0.33388352
0,0.2852544
0,0.29034957
0,0.30389306
0,0.31760913
0,0.32148117
0,0.27941278
0,0.28729504
0,0.29563946
0,0.28332493
0,0.2700046
0,0.26501775
0,0.27942997
0,0.25225642
0,0.25404695
0,0.24308471
0,0.20324916
0,0.20444967
0,0.1828102
0,0.18866321
0,0.16797358
0,0.18003865
0,0.18416058
0,0.18723382
0,0.16869034
0,0.16354261
0,0.16541313
0,0.17135003
0,0.17939396
0,0.20454471
0,0.20610273
0,0.2118897
0,0.21820162
0,0.22767618
0,0.2407068
0,0.2722488
0,0.28249323
0,0.27122697
0,0.30052865
0,0.26646623
0,0.2990225
0,0.2948383
0,0.28194827
0,0.3151405
0,0.28994906
0,0.31744725
0,0.3290616
0,0.29192242
0,0.31890634
0,0.3143223
0,0.28809863
0,0.27581716
0,0.26876637
0,0.2690926
0,0.26569653
0,0.30254218
0,0.31306145
0,0.29891843
0,0.27282578
0,0.30333585
0,0.2669173
0,0.26013413
0,0.25084645
0,0.28463578
0,0.25951257
0,0.2793177
0,0.3039493
0,0.28324366
0,0.3228675
0,0.28120556
0,0.32602018
0,0.3347149
0,0.3423689
0,0.32012683
0,0.33470324
0,0.34628576
0,0.34763193
0,0.33574128
0,0.2904276
0,0.30947998
0,0.29724658
0,0.2564079
0,0.22054993
0,0.20446111
0,0.21183819
0,0.2192337
0,0.21555218
0,0.18827018
0,0.17484635
0,0.17371248
0,0.18464988
0,0.1890717
0,0.17252716
0,0.16817622
0,0.16925402
0,0.17541401
0,0.18131529
0,0.20024478
0,0.20616321
0,0.23769444
0,0.23054425
0,0.26775742
0,0.2898309
0,0.30698344
0,0.30647898
0,0.2915951
0,0.32768562
0,0.33575064
0,0.33604223
0,0.34419304
0,0.30793875
0,0.31891668
0,0.2767704
0,0.2636905
0,0.2971652
0,0.30985963
0,0.30367225
0,0.25224343
0,0.25352407
0,0.20817555
0,0.19040568
0,0.17597084
0,0.16814835
0,0.17977436
0,0.16729169
0,0.18369254
0,0.19137755
0,0.19657725
0,0.18374346
0,0.17164502
0,0.1857455
0,0.17265162
0,0.16853122
0,0.1696982
0,0.17468329
0,0.19266386
0,0.19200785
0,0.19614927
0,0.2302423
0,0.21488917
0,0.21503265
0,0.22174327
0,0.26022363
0,0.2450262
0,0.2547097
0,0.25895777
0,0.26408067
0,0.300725
0,0.31410262
0,0.32229644
0,0.32648158
0,0.32158265
0,0.29157186
0,0.27802253
0,0.2715926
0,0.2732538
0,0.27612594
0,0.31656897
0,0.33161217
0,0.3355254
0,0.30949256
0,0.2852041
0,0.314697
0,0.27583373
0,0.29790926
0,0.266148
0,0.27648875
0,0.23145187
0,0.21510556
0,0.20555839
0,0.20362268
0,0.20881459
0,0.23612584
0,0.22249459
0,0.22672567
0,0.23123892
0,0.23654327
0,0.24985164
0,0.25412017
0,0.25242788
0,0.25632674
0,0.25691628
0,0.31280562
0,0.3119059
0,0.29340708
0,0.28721377
0,0.32399544
0,0.34935904
0,0.36096895
0,0.35463196
0,0.36114818
0,0.34338984
0,0.31092408
0,0.36947638
0,0.29688033
0,0.2903098
0,0.32163903
0,0.28376645
0,0.27200127
0,0.26436967
0,0.2628253
0,0.3070432
0,0.26923412
0,0.2443034
0,0.2349299
0,0.23048687
0,0.22325596
0,0.22569251
0,0.22475214
0,0.2309684
0,0.2324627
0,0.23702377
0,0.23910478
0,0.23527178
0,0.24437623
0,0.24780741
0,0.26114374
0,0.2663131
0,0.30964467
0,0.33594874
0,0.29646298
0,0.28668624
0,0.32667443
0,0.3166839
0,0.3290375
0,0.745955
0,0.5607034
0,0.54349786
0,0.5191636
0,0.52033484
0,0.5218508
0,0.4425039
0,0.35765025
0,0.27045944
0,0.27546135
0,0.20149434
0,0.20725982
0,0.20811306
0,0.1913971
0,0.15317732
0,0.13832977
0,0.12950231
0,0.12294692
0,0.12157968
0,0.12167541
0,0.13783778
0,0.14392729
0,0.13965474
0,0.13392445
0,0.15117645
0,0.16249675
0,0.1738733
0,0.15878715
0,0.18003519
0,0.17947383
0,0.27652237
0,0.26849803
0,0.26771277
0,0.30412522
0,0.28365818
0,0.31340888
0,0.32066447
0,0.3008745
0,0.28372943
0,0.31442848
0,0.28495613
0,0.31293103
0,0.28434452
0,0.26966268
0,0.30076784
0,0.29210222
0,0.26296338
0,0.261894
0,0.24574752
0,0.23798946
0,0.24242704
0,0.28317687
0,0.26130134
0,0.2565414
0,0.25986406
0,0.30062723
0,0.3166851
0,0.28826135
0,0.31788826
0,0.3263193
0,0.3317037
0,0.29634407
0,0.28416508
0,0.32514733
0,0.28896648
0,0.32316768
0,0.33588746
0,0.3484085
0,0.29009962
0,0.30179843
0,0.2813512
0,0.27714783
0,0.31542563
0,0.28512666
0,0.27329707
0,0.30504107
0,0.3145851
0,0.2900942
0,0.26973373
0,0.2919404
0,0.28457314
0,0.2854438
0,0.26957417
0,0.2292414
0,0.23391393
0,0.22680624
0,0.24407892
0,0.21656369
0,0.22652493
0,0.24911647
0,0.2656515
0,0.23182008
0,0.23291405
0,0.23205435
0,0.24172363
0,0.23283912
0,0.24939512
0,0.2247483
0,0.2288346
0,0.22624163
0,0.21027742
0,0.19158052
0,0.20380275
0,0.20884436
0,0.20526642
0,0.2077189
0,0.20884225
0,0.20450613
0,0.18198614
0,0.1777021
0,0.19247681
0,0.17766653
0,0.19370525
0,0.17687365
0,0.1731671
0,0.18820134
0,0.1760036
0,0.1729511
0,0.17727354
0,0.1862306
0,0.20526214
0,0.19623317
0,0.22174002
0,0.2112156
0,0.21221809
0,0.21414475
0,0.22366683
0,0.25725818
0,0.2787204
0,0.26840484
0,0.2677947
0,0.30047536
0,0.29520652
0,0.28916973
0,0.28567797
0,0.32342365
0,0.29758334
0,0.2905963
0,0.32137772
0,0.3347312
0,0.31337553
0,0.34058562
0,0.30147427
0,0.32627475
0,0.2944894
0,0.3117274
0,0.28691643
0,0.31363735
0,0.2925319
0,0.27500468
0,0.30676377
0,0.27177492
0,0.30050287
0,0.29505736
0,0.28164047
0,0.23395537
0,0.21632566
0,0.22290394
0,0.22814575
0,0.22254506
0,0.22572677
0,0.2681117
0,0.2709259
0,0.2654919
0,0.24344127
0,0.24304163
0,0.24736886
0,0.24399771
0,0.24953467
0,0.2953442
0,0.27072936
0,0.2975227
0,0.28136507
0,0.32587954
0,0.33462706
0,0.30125093
0,0.28403595
0,0.32418805
0,0.33111203
0,0.3139071
0,0.29462078
0,0.32532626
0,0.33938703
0,0.34499002
0,0.3453003
0,0.29350376
0,0.31152564
0,0.29137135
0,0.25279123
0,0.24868108
0,0.23513187
0,0.24097405
0,0.23539513
0,0.19507454
0,0.19845346
0,0.17194805
0,0.16325371
0,0.18243699
0,0.16499142
0,0.17832333
0,0.18562332
0,0.16947043
0,0.18846881
0,0.16372655
0,0.16030511
0,0.17759639
0,0.17126735
0,0.18755153
0,0.19505487
0,0.1984775
0,0.1795696
0,0.17820866
0,0.17785008
0,0.19999
0,0.20870525
0,0.18944997
0,0.18752712
0,0.21470504
0,0.21508823
0,0.20837039
0,0.19689481
0,0.19800752
0,0.22438107
0,0.20084496
0,0.22231784
0,0.19818315
0,0.19316202
0,0.20014575
0,0.20051049
0,0.23328723
0,0.222352
0,0.2192362
0,0.22285385
0,0.22606373
0,0.25174272
0,0.24637856
0,0.24614596
0,0.29564914
0,0.26957953
0,0.3112052
0,0.32544732
0,0.33266145
0,0.28841865
0,0.28712645
0,0.28460404
0,0.31829712
0,0.32641998
0,0.29915184
0,0.27693623
0,0.32048574
0,0.3119286
0,0.28865963
0,0.28182748
0,0.3166305
0,0.29149428
0,0.31837213
0,0.27925432
0,0.26506898
0,0.2731756
0,0.25939178
0,0.28297666
0,0.2557439
0,0.24126917
0,0.2733247
0,0.287547
0,0.2870594
0,0.26650754
0,0.26059797
0,0.28189194
0,0.3035493
0,0.32496497
0,0.33061343
0,0.32309926
0,0.30417234
0,0.2553561
0,0.25468746
0,0.2732175
0,0.23854017
0,0.20935994
0,0.23364212
0,0.22938704
0,0.22047119
0,0.19296794
0,0.20428492
0,0.1988753
0,0.17220558
0,0.18391792
0,0.18772025
0,0.16592623
0,0.16099173
0,0.16313222
0,0.1766828
0,0.19021259
0,0.16988355
0,0.18527369
0,0.17075188
0,0.23386651
0,0.18829204
0,0.17842238
0,0.17713602
0,0.2018809
0,0.18838707
0,0.21004876
0,0.1872222
0,0.21167466
0,0.2056606
0,0.1884038
0,0.20864038
0,0.18666393
0,0.20780393
0,0.21915442
0,0.19528525
0,0.18593186
0,0.20735565
0,0.1939972
0,0.21056071
0,0.22078477
0,0.22008637
0,0.21909884
0,0.21858288
0,0.21738586
0,0.20125842
0,0.18300071
0,0.19614317
0,0.17374766
0,0.1921415
0,0.17348123
0,0.18992418
0,0.19051468
0,0.16404757
0,0.160178
0,0.17532748
0,0.18450412
0,0.16077591
0,0.15849616
0,0.17523351
0,0.18596184
0,0.1568105
0,0.15536737
0,0.15275244
0,0.14933495
0,0.17374541
0,0.16813003
0,0.18533775
0,0.17982312
0,0.19400747
0,0.2019015
0,0.3483695
0,0.31961995
0,0.25967824
0,0.27679917
0,0.2755238
0,0.26251444
0,0.23077987
0,0.19579501
0,0.21783529
0,0.21635969
0,0.22135496
0,0.22364162
0,0.18301675
0,0.18636572
0,0.17212862
0,0.1531555
0,0.14401095
0,0.1358016
0,0.14847152
0,0.1554011
0,0.1402109
0,0.13435216
0,0.13916062
0,0.1389
0,0.15750924
0,0.15024565
0,0.17208757
0,0.18766998
0,0.16949137
0,0.1818715
0,0.20307988
0,0.22702771
0,0.23012546
0,0.21484001
0,0.24030422
0,0.24739647
0,0.25029078
0,0.22914274
0,0.22430481
0,0.25815848
0,0.2730965
0,0.2695446
0,0.24659565
0,0.20853502
0,0.21234736
0,0.19550517
0,0.17244366
0,0.1855835
0,0.16281913
0,0.1750876
0,0.155231
0,0.16987309
0,0.15377082
0,0.15293112
0,0.1528514
0,0.17446029
0,0.18270352
0,0.18438068
0,0.19167341
0,0.20157598
0,0.20502864
0,0.17613995
0,0.16549417
0,0.16295874
0,0.16260977
0,0.1875321
0,0.19809742
0,0.18411945
0,0.20066161
0,0.19697762
0,0.19147807
0,0.21792354
0,0.22863178
0,0.23234415
0,0.2012851
0,0.21199717
0,0.20855135
0,0.18950066
0,0.17521834
0,0.16630153
0,0.16247192
0,0.17753984
0,0.18649407
0,0.19213128
0,0.17265484
0,0.17871912
0,0.1753804
0,0.19447422
0,0.18547386
0,0.18612921
0,0.20030826
0,0.20566154
0,0.18612307
0,0.18987544
0,0.18946627
0,0.21929789
0,0.232873
0,0.23738536
0,0.24145135
0,0.23579681
0,0.20053025
0,0.19921428
0,0.23021616
0,0.25538424
0,0.24307151
0,0.24814038
0,0.22014263
0,0.227058
0,0.21072426
0,0.19058967
0,0.2022749
0,0.21327043
0,0.21435016
0,0.21229653
0,0.20737371
0,0.17500566
0,0.17296436
0,0.15580162
0,0.14879026
0,0.1623719
0,0.14606397
0,0.1597034
0,0.16814823
0,0.17668176
0,0.16983005
0,0.15915449
0,0.15732022
0,0.17513035
0,0.18325101
0,0.19180813
0,0.16484605
0,0.16058293
0,0.17049144
0,0.16762663
0,0.19020186
0,0.17365247
0,0.1967684
0,0.20930743
0,0.2218908
0,0.22032598
0,0.20425712
0,0.21986152
0,0.22605799
0,0.22837959
0,0.23070443
0,0.22313452
0,0.21853553
0,0.20645225
0,0.18502764
0,0.16527638
0,0.17961167
0,0.1848545
0,0.1639039
0,0.17825472
0,0.18099207
0,0.17419326
0,0.15075493
0,0.1408525
0,0.15558764
0,0.16253439
0,0.16617529
0,0.14783773
0,0.14105053
0,0.152369
0,0.1458877
0,0.1619032
0,0.14872292
0,0.16687843
0,0.18443717
0,0.15738073
0,0.15495674
0,0.1549144
0,0.16407485
0,0.16845642
0,0.1806041
0,0.21247177
0,0.20688903
0,0.23050332
0,0.2411431
0,0.23278421
0,0.22277686
0,0.23352656
0,0.24751195
0,0.26139015
0,0.2689838
0,0.26707762
0,0.22133571
0,0.2176671
0,0.21965842
0,0.26433387
0,0.27969044
0,0.25846177
0,0.25019386
0,0.25414824
0,0.24522422
0,0.22331484
0,0.31775367
0,0.23482235
0,0.25580215
0,0.24507146
0,0.22977385
0,0.2172233
0,0.16077083
0,0.14313243
0,0.13773975
0,0.14907436
0,0.13499893
0,0.1276841
0,0.1246396
0,0.1445722
0,0.13381514
0,0.14048748
0,0.13994645
0,0.15878212
0,0.17588827
0,0.18019855
0,0.18976305
0,0.16665016
0,0.1580419
0,0.16109644
0,0.15607539
0,0.17530748
0,0.16220623
0,0.18343957
0,0.19683298
0,0.2040603
0,0.22034457
0,0.20568241
0,0.20212717
0,0.24258648
0,0.24975993
0,0.20959613
0,0.21708412
0,0.21864015
0,0.20363277
0,0.18030125
0,0.16216652
0,0.17660064
0,0.18892969
0,0.19488578
0,0.19995835
0,0.20278956
0,0.16986088
0,0.15889451
0,0.1525078
0,0.15183121
0,0.14208665
0,0.16231021
0,0.14990333
0,0.16833442
0,0.16929439
0,0.16176996
0,0.18235718
0,0.1686157
0,0.16638856
0,0.18516244
0,0.19381945
0,0.1992327
0,0.1807265
0,0.17787682
0,0.2014051
0,0.20946714
0,0.22077088
0,0.18999638
0,0.20284529
0,0.18131171
0,0.18663003
0,0.18259405
0,0.19977023
0,0.22909759
0,0.20894657
0,0.2235192
0,0.21686597
0,0.21453111
0,0.19501644
0,0.17584333
0,0.19423476
0,0.20416757
0,0.2076876
0,0.20670684
0,0.2088833
0,0.17076468
0,0.16978946
0,0.1845267
0,0.19194785
0,0.19559671
0,0.19754355
0,0.19977522
0,0.20486186
0,0.17011113
0,0.16603793
0,0.1526187
0,0.17031875
0,0.17300421
0,0.14857706
0,0.1648174
0,0.17605963
0,0.1713354
0,0.15775329
0,0.14439258
0,0.16270699
0,0.14770351
0,0.14173086
0,0.16129301
0,0.14660655
0,0.14194587
0,0.14771606
0,0.16561359
0,0.17966853
0,0.15517631
0,0.17794736
0,0.1625762
0,0.16082798
0,0.17621116
0,0.17655142
0,0.1767752
0,0.18589045
0,0.2142804
0,0.20529969
0,0.22739497
0,0.24112825
0,0.23049314
0,0.22426748
0,0.25749466
0,0.2616211
0,0.2830717
0,0.30702403
0,0.31247944
0,0.2982772
0,0.26332033
0,0.22017251
0,0.22975993
0,0.23016024
0,0.24268621
0,0.24792156
0,0.18187946
0,0.1967441
0,0.17979705
0,0.15749964
0,0.16977972
0,0.14258327
0,0.15750667
0,0.1657557
0,0.168872
0,0.17036597
0,0.14703484
0,0.13882677
0,0.15473385
0,0.13833824
0,0.15536284
0,0.13708583
0,0.13199933
0,0.15377817
0,0.15113844
0,0.14293805
0,0.14849842
0,0.14615841
0,0.17067483
0,0.19451524
0,0.17008238
0,0.18454067
0,0.17135878
0,0.19967717
0,0.17875814
0,0.2000351
0,0.20882241
0,0.21819152
0,0.21863401
0,0.20896669
0,0.18366018
0,0.20578323
0,0.21882412
0,0.22364786
0,0.23954013
0,0.25237003
0,0.26236504
0,0.18601006
0,0.16906264
0,0.14857338
0,0.16271937
0,0.16783862
0,0.14555924
0,0.13497077
0,0.15208082
0,0.15154715
0,0.14269395
0,0.13479744
0,0.15788065
0,0.1712146
0,0.18683289
0,0.19619393
0,0.16083111
0,0.15182173
0,0.14868969
0,0.17376676
0,0.18285422
0,0.15996017
0,0.18164083
0,0.19378369
0,0.19915275
0,0.18378717
0,0.16432282
0,0.18902783
0,0.20332903
0,0.20803414
0,0.27165732
0,0.18452318
0,0.2021658
0,0.17734489
0,0.15119489
0,0.16549553
0,0.17200519
0,0.14572324
0,0.13288794
0,0.12849925
0,0.14507852
0,0.14342616
0,0.13650583
0,0.13382065
0,0.16003829
0,0.1384077
0,0.1665568
0,0.14827143
0,0.14190945
0,0.1424632
0,0.16944318
0,0.19046317
0,0.17117548
0,0.23519464
0,0.23855059
0,0.197384
0,0.2076641
0,0.26596275
0,0.20468459
0,0.23880564
0,0.2763598
0,0.28459692
0,0.21900839
0,0.24846777
0,0.2271252
0,0.19476321
0,0.21599537
0,0.17255147
0,0.18384221
0,0.1486329
0,0.13636106
0,0.15363768
0,0.15258661
0,0.1425654
0,0.15665893
0,0.16526777
0,0.1766982
0,0.18336295
0,0.19541073
0,0.15444434
0,0.14235945
0,0.13622259
0,0.1349456
0,0.15534574
0,0.13783072
0,0.1416051
0,0.13948269
0,0.13949975
0,0.14167185
0,0.18443038
0,0.1963131
0,0.16979752
0,0.19468595
0,0.17074919
0,0.1951825
0,0.20757677
0,0.192164
0,0.1688906
0,0.15791187
0,0.15608369
0,0.1838916
0,0.199456
0,0.20964478
0,0.1788523
0,0.18514447
0,0.1753813
0,0.2078031
0,0.22264895
0,0.18288104
0,0.2101879
0,0.16877498
0,0.18829224
0,0.15880366
0,0.15064946
0,0.17718326
0,0.19181338
0,0.20242326
0,0.21026655
0,0.16780722
0,0.18860589
0,0.17758852
0,0.19536056
0,0.20433284
0,0.20816422
0,0.21044452
0,0.22419046
0,0.22508565
0,0.20698395
0,0.17578764
0,0.20647368
0,0.21617372
0,0.22197805
0,0.22286071
0,0.2206123
0,0.4376971
0,0.32575306
0,0.21920875
0,0.16454624
0,0.18258286
0,0.17071699
0,0.17581876
0,0.1802763
0,0.1471021
0,0.13192585
0,0.12478831
0,0.120442145
0,0.1452628
0,0.15635477
0,0.16772962
0,0.30207983
0,0.18302527
0,0.18061934
0,0.16054253
0,0.17589071
0,0.15248518
0,0.17050067
0,0.17958541
0,0.18598299
0,0.18940754
0,0.15440017
0,0.14294925
0,0.13229665
0,0.15298611
0,0.16381647
0,0.14542992
0,0.27351248
0,0.24408595
0,0.17292318
0,0.15296388
0,0.1737182
0,0.18774691
0,0.19876812
0,0.20358907
0,0.21375221
0,0.19570567
0,0.15018947
0,0.14197078
0,0.1616843
0,0.16940278
0,0.15508786
0,0.13855062
0,0.1613667
0,0.1575164
0,0.14798273
0,0.13535213
0,0.12950501
0,0.1542672
0,0.1387248
0,0.15986514
0,0.17003028
0,0.14701745
0,0.14865796
0,0.13704497
0,0.16095594
0,0.17491421
0,0.14978375
0,0.17140445
0,0.18284342
0,0.18053736
0,0.15926406
0,0.1631585
0,0.18377662
0,0.19427478
0,0.19903807
0,0.20355232
0,0.21027522
0,0.2953647
0,0.2170659
0,0.16683865
0,0.1899473
0,0.15532121
0,0.17864831
0,0.18437976
0,0.18724455
0,0.17241947
0,0.15427016
0,0.1387771
0,0.12979552
0,0.15357816
0,0.16601118
0,0.13924262
0,0.13574159
0,0.14501008
0,0.13535412
0,0.15963219
0,0.17270008
0,0.15156858
0,0.1722719
0,0.1859492
0,0.19428352
0,0.1652403
0,0.1466914
0,0.17541414
0,0.19056466
0,0.20621635
0,0.2131917
0,0.16942334
0,0.18908663
0,0.17613718
0,0.15866779
0,0.1798194
0,0.1525384
0,0.17995095
0,0.19265318
0,0.15588583
0,0.16739824
0,0.15956146
0,0.14686352
0,0.13716088
0,0.15814193
0,0.1764271
0,0.19096239
0,0.15596253
0,0.17008904
0,0.16158736
0,0.14988051
0,0.17353596
0,0.14725107
0,0.1395111
0,0.1646382
0,0.18177585
0,0.18239266
0,0.16404596
0,0.15621272
0,0.18536708
0,0.15786721
0,0.1879435
0,0.16142084
0,0.19191249
0,0.18885322
0,0.17288151
0,0.1947674
0,0.16271052
0,0.18549861
0,0.2020656
0,0.16185804
0,0.18592331
0,0.15864058
0,0.15667096
0,0.14882147
0,0.14294907
0,0.13772115
0,0.13921292
0,0.16568318
0,0.18505077
0,0.18076475
0,0.16033876
0,0.15211731
0,0.18895689
0,0.20621154
0,0.22139794
0,0.22202294
0,0.233277
0,0.2124417
0,0.18733266
0,0.20734356
0,0.22752635
0,0.24675617
0,0.26805678
0,0.1851861
0,0.21479782
0,0.19948818
0,0.16523567
0,0.18898527
0,0.20331824
0,0.2069777
0,0.21176757
0,0.21857244
0,0.15893465
0,0.14353682
0,0.13648799
0,0.12953767
0,0.1498987
0,0.1325265
0,0.15756842
0,0.17328136
0,0.17238703
0,0.23187044
0,0.16953692
0,0.1983769
0,0.16244233
0,0.14434405
0,0.16971059
0,0.14411007
0,0.13754006
0,0.14261892
0,0.13596855
0,0.1612928
0,0.14085895
0,0.17260492
0,0.18913583
0,0.20176905
0,0.20164917
0,0.18109037
0,0.15935023
0,0.18613902
0,0.319655
0,0.30298927
0,0.29516065
0,0.5215329
0,0.4070644
0,0.29975015
0,0.21009295
0,0.23612778
0,0.2525772
0,0.27163056
0,0.27529874
0,0.28209826
0,0.23973614
0,0.20198198
0,0.22748289
0,0.16784997
0,0.19629125
0,0.14838594
0,0.13620475
0,0.15806934
0,0.15316303
0,0.14194296
0,0.15811898
0,0.13548402
0,0.1563759
0,0.16768374
0,0.17606543
0,0.18443985
0,0.1477234
0,0.14284822
0,0.16445749
0,0.17703807
0,0.149991
0,0.1357384
0,0.12944114
0,0.15290977
0,0.13612087
0,0.13673256
0,0.1448072
0,0.1676082
0,0.14481398
0,0.17463373
0,0.20039994
0,0.20166326
0,0.16708997
0,0.15817471
0,0.1552066
0,0.18743297
0,0.15830551
0,0.18808277
0,0.20746855
0,0.20553057
0,0.18355714
0,0.1630049
0,0.15303673
0,0.18698366
0,0.15915358
0,0.149053
0,0.14114836
0,0.13908114
0,0.14793678
0,0.13897668
0,0.13640209
0,0.16935785
0,0.15234028
0,0.18240353
0,0.3499613
0,0.23462826
0,0.3706234
0,0.25596514
0,0.29684454
0,0.32633182
0,0.3422319
0,0.35434154
0,0.2264373
0,0.2230849
0,0.1737869
0,0.15534715
0,0.17495123
0,0.15333933
0,0.18777923
0,0.22086026
0,0.22860672
0,0.16414739
0,0.15297988
0,0.13871297
0,0.16370285
0,0.13907339
0,0.16315664
0,0.17770486
0,0.14963128
0,0.24148503
0,0.18387495
0,0.15270895
0,0.17860629
0,0.19381341
0,0.15951431
0,0.14236774
0,0.25025535
0,0.21796232
0,0.3141541
0,0.19630352
0,0.23282285
0,0.16164586
0,0.1464274
0,0.13531193
0,0.26771712
0,0.20602374
0,0.25734973
0,0.17508106
0,0.15631251
0,0.18890887
0,0.21390933
0,0.15873149
0,0.17169397
0,0.14796561
0,0.13984871
0,0.16145125
0,0.17454413
0,0.18563832
0,0.15298957
0,0.18312669
0,0.17830592
0,0.16312756
0,0.1455457
0,0.14153469
0,0.19065817
0,0.19161846
0,0.21173617
0,0.23088224
0,0.21569675
0,0.17826736
0,0.15107349
0,0.17201664
0,0.1849963
0,0.19530825
0,0.15134853
0,0.13802081
0,0.1500402
0,0.14314683
0,0.13231297
0,0.14532909
0,0.16046461
0,0.13936754
0,0.16017558
0,0.17155656
0,0.14661333
0,0.1492216
0,0.13746202
0,0.16250636
0,0.18391402
0,0.15298216
0,0.17197984
0,0.18457247
0,0.18736462
0,0.1652992
0,0.15108551
0,0.18239348
0,0.18730761
0,0.1996255
0,0.22021124
0,0.16281156
0,0.16881111
0,0.15648577
0,0.1789046
0,0.19040121
0,0.15016311
0,0.18328385
0,0.19339347
0,0.20247202
0,0.1540029
0,0.14777796
0,0.13329479
0,0.1296934
0,0.15387769
0,0.16740784
0,0.14454734
0,0.13270855
0,0.12852463
0,0.13804062
0,0.12992954
0,0.16723995
0,0.18676111
0,0.21060969
0,0.22360551
0,0.22420017
0,0.31276792
0,0.22151458
0,0.25838217
0,0.2779492
0,0.2968481
0,0.19424659
0,0.4050288
0,0.24684505
0,0.2135682
0,0.163284
0,0.18899898
0,0.15623824
0,0.18992807
0,0.21378139
0,0.22258043
0,0.20587577
0,0.15432256
0,0.1388893
0,0.12957655
0,0.15217932
0,0.16585253
0,0.13964038
0,0.16102618
0,0.13846734
0,0.14190048
0,0.16565333
0,0.15117349
0,0.17099425
0,0.14308694
0,0.13529858
0,0.12827374
0,0.1471124
0,0.13488144
0,0.16955388
0,0.19174713
0,0.21502651
0,0.2170905
0,0.24025366
0,0.26532042
0,0.18620375
0,0.30083758
0,0.2011458
0,0.20898424
0,0.24891749
0,0.2606636
0,0.27296737
0,0.28181762
0,0.18421373
0,0.16102931
0,0.14239073
0,0.17344028
0,0.18668781
0,0.15234572
0,0.13772082
0,0.1595209
0,0.13823059
0,0.13536257
0,0.12754624
0,0.12388934
0,0.122513786
0,0.15220647
0,0.13584849
0,0.13647793
0,0.1493341
0,0.1379633
0,0.13799807
0,0.17832845
0,0.15924671
0,0.23323052
0,0.25766665
0,0.19673434
0,0.20086919
0,0.18385692
0,0.22930162
0,0.25662708
0,0.2055687
0,0.2504192
0,0.19665454
0,0.21542056
0,0.19884779
0,0.18576865
0,0.17107688
0,0.20918237
0,0.22169602
0,0.17197305
0,0.19964673
0,0.19335733
0,0.1539592
0,0.14156924
0,0.16845086
0,0.18186314
0,0.2059524
0,0.22334056
0,0.16003005
0,0.14288868
0,0.14400917
0,0.13574083
0,0.16018412
0,0.14491595
0,0.16619553
0,0.18211767
0,0.2012752
0,0.1617494
0,0.24659988
0,0.17886537
0,0.21527903
0,0.23355284
0,0.16709805
0,0.14788285
0,0.17397094
0,0.14647898
0,0.14600006
0,0.13481957
0,0.13164398
0,0.16001195
0,0.17693691
0,0.14880887
0,0.30522949
0,0.2534362
0,0.20009126
0,0.1670948
0,0.16856597
0,0.1946879
0,0.21574919
0,0.23098929
0,0.2273584
0,0.19618829
0,0.16298759
0,0.18666796
0,0.14741513
0,0.13597775
0,0.163216
0,0.13677901
0,0.1570595
0,0.13686587
0,0.13510765
0,0.12491373
0,0.15589346
0,0.1513053
0,0.13587503
0,0.16319901
0,0.14670986
0,0.13977478
0,0.13756242
0,0.13688166
0,0.14048061
0,0.1415278
0,0.1473249
0,0.15158434
0,0.15818447
0,0.16957663
0,0.18371415
0,0.20922163
0,0.2305503
0,0.24113509
0,0.24730755
0,0.3245777
0,0.33815822
0,0.30188993
0,0.29238737
0,0.35524827
0,0.29926583
0,0.2921611
0,0.35886082
0,0.38457507
0,0.31773666
0,0.28838068
0,0.28857398
0,0.35945487
0,0.29488206
0,0.37245157
0,0.39742458
0,0.3124871
0,0.32786635
0,0.2854115
0,0.23710175
0,0.20116387
0,0.18289185
0,0.17360818
0,0.1671376
0,0.16375941
0,0.1677433
0,0.17047276
0,0.1754652
0,0.19023731
0,0.20685947
0,0.2113205
0,0.22479619
0,0.37498602
0,0.2938883
0,0.2514287
0,0.2378406
0,0.23016801
0,0.23988609
0,0.29918614
0,0.25636265
0,0.30267283
0,0.25993842
0,0.28796938
0,0.32718045
0,0.3083762
0,0.36509162
0,0.3828796
0,0.4024146
0,0.29810748
0,0.28310627
0,0.3328948
0,0.2214697
0,0.17755589
0,0.15351705
0,0.18975359
0,0.20521426
0,0.1628846
0,0.14494161
0,0.20715532
0,0.16975099
0,0.15453002
0,0.14778806
0,0.14123775
0,0.13692619
0,0.13250814
0,0.13536903
0,0.1402393
0,0.1477115
0,0.15048653
0,0.18976298
0,0.17380002
0,0.17821726
0,0.18814059
0,0.19642428
0,0.20857072
0,0.2272204
0,0.30383697
0,0.34351614
0,0.35444418
0,0.36771756
0,0.3208651
0,0.294478
0,0.26433256
0,0.28971484
0,0.27724576
0,0.26723298
0,0.3264986
0,0.2624478
0,0.2456868
0,0.23663817
0,0.2069773
0,0.23923957
0,0.19331594
0,0.17709453
0,0.21661268
0,0.17272855
0,0.15768713
0,0.15297931
0,0.1525036
0,0.14264368
0,0.14645764
0,0.15196544
0,0.16244599
0,0.17882843
0,0.19308726
0,0.20171528
0,0.26562753
0,0.31273127
0,0.28276584
0,0.3473066
0,0.3663378
0,0.30449408
0,0.29915297
0,0.28535342
0,0.32522282
0,0.25480655
0,0.24824685
0,0.22494853
0,0.21123451
0,0.2128053
0,0.27405795
0,0.24578527
0,0.21341993
0,0.2451519
0,0.25688288
0,0.19593267
0,0.16412535
0,0.15797697
0,0.2459094
0,0.19309478
0,0.22813448
0,0.17786516
0,0.21669024
0,0.17456782
0,0.23861231
0,0.379092
0,0.24877846
0,0.18761274
0,0.1641949
0,0.15364012
0,0.18778302
0,0.15556313
0,0.18082762
0,0.17963958
0,0.16485018
0,0.14642803
0,0.1334288
0,0.16099623
0,0.14094739
0,0.17488936
0,0.19130732
0,0.15496273
0,0.1404791
0,0.13607487
0,0.12979269
0,0.12850155
0,0.12956157
0,0.13181578
0,0.13586874
0,0.1463388
0,0.15437402
0,0.16817622
0,0.19353706
0,0.2481132
0,0.25791162
0,0.25335383
0,0.26004258
0,0.24805965
0,0.24910085
0,0.2548187
0,0.261741
0,0.26251766
0,0.2645171
0,0.26575983
0,0.2601189
0,0.30795544
0,0.29615077
0,0.28646934
0,0.35836598
0,0.38305163
0,0.31198585
0,0.30040452
0,0.29362845
0,0.27880758
0,0.28071138
0,0.2694765
0,0.26075354
0,0.2603482
0,0.25287983
0,0.33593583
0,0.35796764
0,0.30545068
0,0.30756524
0,0.38414013
0,0.31503716
0,0.29962304
0,0.2892708
0,0.3519494
0,0.29971382
0,0.28557163
0,0.2768255
0,0.33421442
0,0.2920911
0,0.27757052
0,0.33368167
0,0.28281283
0,0.27168325
0,0.37087703
0,0.3013774
0,0.35769588
0,0.35862017
0,0.3601174
0,0.25430748
0,0.20232573
0,0.2112821
0,0.17717724
0,0.16108374
0,0.20045435
0,0.16855168
0,0.1660646
0,0.16911343
0,0.16903673
0,0.17346205
0,0.25669205
0,0.20457372
0,0.23664787
0,0.19017984
0,0.23220772
0,0.18643229
0,0.16945565
0,0.1642913
0,0.15464786
0,0.1603458
0,0.17032275
0,0.17505103
0,0.18980731
0,0.20042798
0,0.22698393
0,0.26096436
0,0.25488135
0,0.26127556
0,0.2588644
0,0.33249468
0,0.3717408
0,0.30695453
0,0.2790079
0,0.30395156
0,0.2825045
0,0.2684085
0,0.26278096
0,0.32412896
0,0.28385127
0,0.3367582
0,0.37715212
0,0.30713442
0,0.30701715
0,0.37818742
0,0.40689433
0,0.4106105
0,0.32265237
0,0.2677244
0,0.23293808
0,0.21061437
0,0.19232549
0,0.18069783
0,0.17614399
0,0.17417563
0,0.17443879
0,0.17593886
0,0.17824061
0,0.18448268
0,0.1930854
0,0.20559062
0,0.20805138
0,0.22218136
0,0.22335646
0,0.28027508
0,0.25516513
0,0.25331295
0,0.2584956
0,0.32534918
0,0.35566285
0,0.3816947
0,0.40320802
0,0.40328008
0,0.31325886
0,0.32690722
0,0.30200928
0,0.35052773
0,0.28849506
0,0.26017803
0,0.299721
0,0.29937816
0,0.22804993
0,0.20215693
0,0.17999648
0,0.16443095
0,0.15411028
0,0.14483249
0,0.17325151
0,0.1512218
0,0.14642109
0,0.19762182
0,0.16399522
0,0.15927738
0,0.1560968
0,0.15297082
0,0.16146533
0,0.1946893
0,0.20591202
0,0.20344055
0,0.2076487
0,0.22335547
0,0.24331139
0,0.25700998
0,0.30989137
0,0.27710256
0,0.29675794
0,0.29573074
0,0.27318123
0,0.25760305
0,0.26324013
0,0.26387274
0,0.25333357
0,0.32040718
0,0.3167256
0,0.29087666
0,0.27805775
0,0.27581808
0,0.27728328
0,0.26957372
0,0.27075893
0,0.2560276
0,0.26567268
0,0.26609796
0,0.26509577
0,0.26613614
0,0.266632
0,0.26698944
0,0.26036385
0,0.26311356
0,0.2630753
0,0.25756907
0,0.2550848
0,0.2588201
0,0.2587264
0,0.25766703
0,0.25290164
0,0.31052315
0,0.2834827
0,0.26793128
0,0.26556927
0,0.34307256
0,0.38022694
0,0.30772424
0,0.37582642
0,0.3112831
0,0.29019547
0,0.2829394
0,0.34821093
0,0.38459492
0,0.41663623
0,0.43017977
0,0.42853817
0,0.38833165
0,0.3316516
0,0.2723517
0,0.32149473
0,0.24034739
0,0.19957218
0,0.17645927
0,0.16071542
0,0.14906922
0,0.14049824
0,0.13580948
0,0.13662459
0,0.16905032
0,0.15087421
0,0.18450022
0,0.17103542
0,0.16293688
0,0.16685334
0,0.16496196
0,0.16667722
0,0.17785402
0,0.17993231
0,0.19214016
0,0.20330906
0,0.21339783
0,0.23456866
0,0.2439247
0,0.32320905
0,0.27557397
0,0.27999943
0,0.2694027
0,0.26901162
0,0.2621355
0,0.26353619
0,0.267663
0,0.2645562
0,0.26273948
0,0.26677486
0,0.2625507
0,0.32177898
0,0.28977686
0,0.28295365
0,0.27837563
0,0.26960984
0,0.2651714
0,0.34732804
0,0.29882604
0,0.28214
0,0.27222207
0,0.2716896
0,0.26389292
0,0.25940695
0,0.25692958
0,0.25930387
0,0.25916454
0,0.2587073
0,0.28737527
0,0.27403957
0,0.3477375
0,0.2889299
0,0.28996447
0,0.358356
0,0.30069762
0,0.34248808
0,0.29509902
0,0.27656525
0,0.26558226
0,0.27260736
0,0.27234328
0,0.2723925
0,0.27671188
0,0.26690686
0,0.274828
0,0.2718468
0,0.26519322
0,0.26668188
0,0.26164132
0,0.26398426
0,0.2585798
0,0.26022777
0,0.26084948
0,0.25604326
0,0.25328135
0,0.28051484
0,0.26394522
0,0.2635724
0,0.26070732
0,0.25453696
0,0.26041523
0,0.25793704
0,0.3360189
0,0.3770568
0,0.40380022
0,0.33531108
0,0.2979322
0,0.27922994
0,0.2774188
0,0.26368067
0,0.26571408
0,0.25560474
0,0.2508828
0,0.2624633
0,0.26041424
0,0.2545383
0,0.26262757
0,0.2750111
0,0.26466712
0,0.268743
0,0.2722791
0,0.26321426
0,0.27452943
0,0.26859662
0,0.27253515
0,0.34688342
0,0.29563722
0,0.28443757
0,0.35756996
0,0.38639703
0,0.32549283
0,0.33527008
0,0.3043821
0,0.3739422
0,0.30259448
0,0.2858403
0,0.35257116
0,0.3761054
0,0.30923215
0,0.31449884
0,0.28134742
0,0.26899874
0,0.3237159
0,0.33583876
0,0.27410856
0,0.23487017
0,0.21443489
0,0.19870615
0,0.1873302
0,0.1895545
0,0.18570183
0,0.18716757
0,0.22516435
0,0.20857228
0,0.20608602
0,0.21873085
0,0.21867988
0,0.22295888
0,0.23984246
0,0.3044437
0,0.27270147
0,0.3268485
0,0.28538924
0,0.28278634
0,0.26919794
0,0.3296878
0,0.2897896
0,0.2745225
0,0.26891512
0,0.25891536
0,0.25803348
0,0.2712568
0,0.270801
0,0.26460278
0,0.27277476
0,0.2717612
0,0.2706472
0,0.26026076
0,0.26592228
0,0.27549702
0,0.2648298
0,0.26667488
0,0.2606563
0,0.2637489
0,0.5823401
0,0.40657884
0,0.34049317
0,0.31513444
0,0.29120293
0,0.27916005
0,0.26943776
0,0.2722767
0,0.2670912
0,0.31908897
0,0.28358218
0,0.27476096
0,0.34073734
0,0.36957514
0,0.3973146
0,0.32258216
0,0.29490626
0,0.3315218
0,0.2863085
0,0.27630436
0,0.26689354
0,0.25071308
0,0.32240233
0,0.3270744
0,0.27462733
0,0.2578588
0,0.24517977
0,0.22657835
0,0.25577322
0,0.21733418
0,0.2770318
0,0.25186488
0,0.23944885
0,0.22318104
0,0.21648674
0,0.21004272
0,0.21151884
0,0.21604933
0,0.22206964
0,0.23500481
0,0.23632337
0,0.24285515
0,0.24919184
0,0.25651407
0,0.26127356
0,0.25843772
0,0.26308692
0,0.26047093
0,0.32472718
0,0.27913937
0,0.26855808
0,0.2661446
0,0.25949556
0,0.26690373
0,0.26641777
0,0.2562886
0,0.25244436
0,0.24947904
0,0.2566092
0,0.26411334
0,0.25094023
0,0.25756836
0,0.27008262
0,0.25775135
0,0.2675286
0,0.26006725
0,0.27044147
0,0.2689797
0,0.26939318
0,0.2635383
0,0.26194367
0,0.2649273
0,0.259994
0,0.2634308
0,0.26363158
0,0.2643466
0,0.2591309
0,0.26075825
0,0.26037252
0,0.25564718
0,0.31442097
0,0.3180273
0,0.29527593
0,0.27593738
0,0.27851453
0,0.26625317
0,0.3470709
0,0.38202247
0,0.37605202
0,0.31353047
0,0.2933275
0,0.2770621
0,0.27259377
0,0.26200807
0,0.3424566
0,0.28402966
0,0.2758103
0,0.2635413
0,0.28486282
0,0.27197096
0,0.27350828
0,0.26360607
0,0.25890326
0,0.33717898
0,0.30180848
0,0.36859253
0,0.29653555
0,0.2813974
0,0.2756556
0,0.2699026
0,0.26563382
0,0.33928883
0,0.37556458
0,0.30952203
0,0.28391188
0,0.28566435
0,0.2666711
0,0.28223464
0,0.34286454
0,0.29346097
0,0.29349047
0,0.27927023
0,0.28237596
0,0.27153352
0,0.2675025
0,0.27035427
0,0.26391485
0,0.26513216
0,0.26126477
0,0.25900006
0,0.32871068
0,0.29327685
0,0.286768
0,0.27738813
0,0.31553793
0,0.27908984
0,0.27909023
0,0.27185628
0,0.262959
0,0.2628297
0,0.25619468
0,0.25334826
0,0.3307158
0,0.28406495
0,0.34500808
0,0.29458624
0,0.28076485
0,0.27216095
0,0.28263685
0,0.3460777
0,0.29687795
0,0.2858777
0,0.27856612
0,0.27881706
0,0.2753722
0,0.26954186
0,0.28105283
0,0.27014935
0,0.30335987
0,0.27256486
0,0.27515996
0,0.27944505
0,0.27905363
0,0.27458844
0,0.2778231
0,0.2917
0,0.27792954
0,0.2694554
0,0.2690986
0,0.33778268
0,0.29709828
0,0.43982655
0,0.3408081
0,0.3119917
0,0.306093
0,0.36388415
0,0.3934805
0,0.413437
0,0.3961218
0,0.31630445
0,0.37345117
0,0.35480928
0,0.30871278
0,0.2482063
0,0.21616548
0,0.1919202
0,0.17968294
0,0.16888666
0,0.16125722
0,0.15712263
0,0.17800342
0,0.15750527
0,0.15493701
0,0.15452577
0,0.17726982
0,0.1733725
0,0.17738965
0,0.18489468
0,0.21350157
0,0.24612392
0,0.2628866
0,0.22830757
0,0.22100694
0,0.22934155
0,0.22435302
0,0.2405746
0,0.25818825
0,0.2660034
0,0.25813264
0,0.262786
0,0.2551585
0,0.2723257
0,0.3544321
0,0.38011518
0,0.31751516
0,0.2959035
0,0.30550313
0,0.28835592
0,0.2777266
0,0.270963
0,0.27379754
0,0.27134553
0,0.27127698
0,0.26615015
0,0.2711045
0,0.27054626
0,0.25511625
0,0.26576218
0,0.27033713
0,0.27905414
0,0.3518628
0,0.38278317
0,0.33902523
0,0.36783624
0,0.31544682
0,0.2958175
0,0.35489425
0,0.29637313
0,0.35409898
0,0.301792
0,0.28508332
0,0.2765187
0,0.2787741
0,0.26530412
0,0.26384318
0,0.26186547
0,0.25879785
0,0.2566726
0,0.25428885
0,0.25693384
0,0.25071022
0,0.24714601
0,0.24580096
0,0.24493119
0,0.24452285
0,0.24558859
0,0.24634126
0,0.25110635
0,0.24931319
0,0.250277
0,0.24575906
0,0.24863791
0,0.24856474
0,0.24812806
0,0.24704532
0,0.24652791
0,0.26168168
0,0.2650059
0,0.26756242
0,0.2602689
0,0.2681182
0,0.26597837
0,0.27051556
0,0.269091
0,0.27085665
0,0.26704186
0,0.26651525
0,0.25352964
0,0.26045915
0,0.26007983
0,0.25358197
0,0.2574944
0,0.26142228
0,0.2639422
0,0.25526989
0,0.256842
0,0.26334035
0,0.26000237
0,0.25816455
0,0.25727385
0,0.2602171
0,0.25576732
0,0.2581709
0,0.2559548
0,0.2485856
0,0.25101715
0,0.2542223
0,0.25098574
0,0.25528902
0,0.33584598
0,0.35661763
0,0.2985359
0,0.28469542
0,0.28012717
0,0.33450803
0,0.29535216
0,0.28548184
0,0.278807
0,0.3697928
0,0.30889994
0,0.29267818
0,0.3706544
0,0.31045607
0,0.32112685
0,0.28757864
0,0.27994522
0,0.27275416
0,0.26834014
0,0.26460117
0,0.2621839
0,0.2585339
0,0.26116773
0,0.25668
0,0.25495204
0,0.25276965
0,0.25674164
0,0.2580721
0,0.25230157
0,0.25061446
0,0.25867102
0,0.26249903
0,0.3478544
0,0.29926035
0,0.36647424
0,0.312247
0,0.2994714
0,0.2880334
0,0.2854405
0,0.27795276
0,0.2775434
0,0.35086304
0,0.3867957
0,0.32033223
0,0.29325804
0,0.2840067
0,0.28026834
0,0.2720073
0,0.26864854
0,0.26475444
0,0.2693947
0,0.26337957
0,0.26559925
0,0.2611986
0,0.26359153
0,0.26006284
0,0.2621777
0,0.25595853
0,0.2595462
0,0.25514516
0,0.2584208
0,0.25840402
0,0.25412688
0,0.25222233
0,0.25091916
0,0.26399612
0,0.2635856
0,0.2650786
0,0.3211874
0,0.28819343
0,0.28699997
0,0.27796507
0,0.2737116
0,0.27490917
0,0.27526805
0,0.2735743
0,0.26777816
0,0.26896235
0,0.27506518
0,0.26614153
0,0.26278377
0,0.26487064
0,0.26060927
0,0.25848663
0,0.25686422
0,0.25686342
0,0.25971377
0,0.25801203
0,0.25554666
0,0.2593117
0,0.25536743
0,0.25457206
0,0.25318277
0,0.25177336
0,0.25040016
0,0.2495887
0,0.24897088
0,0.24793115
0,0.25604758
0,0.26360607
0,0.26344848
0,0.27935338
0,0.2772223
0,0.27676347
0,0.2717351
0,0.27350533
0,0.2691062
0,0.26705647
0,0.30874786
0,0.2863788
0,0.27709097
0,0.27775586
0,0.27674508
0,0.27670488
0,0.35059136
0,0.30328566
0,0.28764498
0,0.2843779
0,0.27362454
0,0.2719779
0,0.27171364
0,0.26393202
0,0.26025456
0,0.2574842
0,0.25634062
0,0.25821593
0,0.25866354
0,0.261089
0,0.2554079
0,0.25864074
0,0.26427224
0,0.26528522
0,0.26660517
0,0.26751357
0,0.26845983
0,0.2679493
0,0.26796278
0,0.26795408
0,0.27147526
0,0.26841947
0,0.26723614
0,0.26656312
0,0.26457745
0,0.3460549
0,0.29545686
0,0.3710551
0,0.31143737
0,0.37201717
0,0.31202802
0,0.29374856
0,0.28246313
0,0.35562962
0,0.30543247
0,0.28863096
0,0.2824824
0,0.26813668
0,0.26610655
0,0.26279548
0,0.26536304
0,0.26552084
0,0.26359946
0,0.25925013
0,0.3348839
0,0.28378603
0,0.27169424
0,0.2733829
0,0.26184887
0,0.25638792
0,0.25295484
0,0.25078708
0,0.26323533
0,0.30486786
0,0.29344887
0,0.2868
0,0.28301308
0,0.35267767
0,0.30752268
0,0.37916866
0,0.40285838
0,0.3795788
0,0.3409645
0,0.30644575
0,0.29403314
0,0.28085777
0,0.346693
0,0.2938721
0,0.3460237
0,0.29356387
0,0.29267812
0,0.27199897
0,0.26487902
0,0.2552404
0,0.24782847
0,0.23779693
0,0.23174594
0,0.22621149
0,0.22528625
0,0.22618641
0,0.23220432
0,0.23329534
0,0.23923624
0,0.24490668
0,0.24326295
0,0.24434611
0,0.24948189
0,0.24869114
0,0.2563321
0,0.25151485
0,0.2534566
0,0.25910476
0,0.26283544
0,0.29145414
0,0.27505177
0,0.35628915
0,0.2994868
0,0.28817356
0,0.2799637
0,0.27390113
0,0.3268622
0,0.28873172
0,0.28005996
0,0.27335575
0,0.26858658
0,0.26530996
0,0.3483446
0,0.30391553
0,0.2849043
0,0.27464083
0,0.27347794
0,0.26655254
0,0.26320177
0,0.262016
0,0.26986697
0,0.2610246
0,0.25768936
0,0.2560468
0,0.25450304
0,0.25752315
0,0.34454626
0,0.28840864
0,0.2746979
0,0.2666821
0,0.26100856
0,0.25701734
0,0.26148963
0,0.2547843
0,0.26262134
0,0.2691225
0,0.2722717
0,0.27432024
0,0.27007785
0,0.2812952
0,0.35650468
0,0.39609385
0,0.32712916
0,0.30244267
0,0.29038367
0,0.28686756
0,0.27764088
0,0.2783751
0,0.27129036
0,0.27228716
0,0.26718378
0,0.26915374
0,0.26449835
0,0.26651818
0,0.2618411
0,0.26369354
0,0.2584772
0,0.26156816
0,0.2738972
0,0.26562414
0,0.26026246
0,0.2622338
0,0.25717777
0,0.25871155
0,0.25422513
0,0.25759703
0,0.25279915
0,0.3339364
0,0.2812642
0,0.2809676
0,0.30738187
0,0.29638255
0,0.3697496
0,0.30537185
0,0.29221332
0,0.28409627
0,0.26700687
0,0.26997605
0,0.26854706
0,0.2764338
0,0.2684554
0,0.2664366
0,0.26438868
0,0.2631651
0,0.26099646
0,0.26023144
0,0.2591269
0,0.25914297
0,0.25826767
0,0.26740333
0,0.25995302
0,0.35143158
0,0.2932166
0,0.2892979
0,0.28486568
0,0.2707093
0,0.27046028
0,0.26243332
0,0.2585479
0,0.2554787
0,0.33796972
0,0.29451397
0,0.29962045
0,0.37279114
0,0.30280465
0,0.29460308
0,0.29026634
0,0.28250432
0,0.28225908
0,0.27556348
0,0.27229735
0,0.2759257
0,0.27537897
0,0.2708377
0,0.27386212
0,0.26399
0,0.26990193
0,0.26656857
0,0.26641294
0,0.26984036
0,0.26922736
0,0.26926464
0,0.26856983
0,0.2632605
0,0.26251107
0,0.25990945
0,0.2742288
0,0.2634987
0,0.2609532
0,0.25846872
0,0.36985123
0,0.304729
0,0.28903967
0,0.27986726
0,0.27379772
0,0.2696887
0,0.2623829
0,0.35588807
0,0.29742378
0,0.27964783
0,0.27364984
0,0.26393434
0,0.26279527
0,0.26684892
0,0.26718715
0,0.26715735
0,0.26715484
0,0.2670809
0,0.27243656
0,0.26716715
0,0.26695773
0,0.36117417
0,0.3027373
0,0.28887588
0,0.27987704
0,0.27347285
0,0.27308315
0,0.27141115
0,0.26955202
0,0.2647044
0,0.2616772
0,0.26023033
0,0.25830233
0,0.25566468
0,0.31398875
0,0.27680638
0,0.26738307
0,0.26185656
0,0.36254406
0,0.2962058
0,0.27951697
0,0.26912618
0,0.2729531
0,0.2765096
0,0.27301717
0,0.2702257
0,0.2747284
0,0.2748373
0,0.35924602
0,0.30685017
0,0.28787288
0,0.28410345
0,0.27537355
0,0.27508417
0,0.26912937
0,0.2661301
0,0.26430985
0,0.26679075
0,0.26350573
0,0.26700604
0,0.2628475
0,0.26337022
0,0.26599175
0,0.26641423
0,0.26189363
0,0.26101503
0,0.25848842
0,0.26102397
0,0.25700378
0,0.25942743
0,0.25550398
0,0.25770113
0,0.25957224
0,0.25912344
0,0.2541328
0,0.25678167
0,0.2523547
0,0.2543366
0,0.2598337
0,0.34486094
0,0.39144456
0,0.31702265
0,0.301276
0,0.29533875
0,0.2856842
0,0.28347
0,0.27583823
0,0.2719186
0,0.2702464
0,0.2675628
0,0.26535445
0,0.26294827
0,0.2622898
0,0.26052162
0,0.25965783
0,0.25931734
0,0.25863895
0,0.2581193
0,0.25676328
0,0.25619283
0,0.25582865
0,0.2550714
0,0.2545004
0,0.2544434
0,0.3415181
0,0.2871172
0,0.27564567
0,0.2672893
0,0.26885444
0,0.2660949
0,0.26330775
0,0.25623825
0,0.2624549
0,0.26455027
0,0.27048165
0,0.26858273
0,0.272137
0,0.26882595
0,0.2715806
0,0.2687101
0,0.25642145
0,0.26102746
0,0.27769575
0,0.27181113
0,0.2668068
0,0.26438266
0,0.26669744
0,0.26358956
0,0.26581627
0,0.26176763
0,0.277571
0,0.3699548
0,0.30896336
0,0.28213176
0,0.28849223
0,0.27384195
0,0.33715916
0,0.28922698
0,0.28228253
0,0.27146187
0,0.27053747
0,0.26362005
0,0.26400492
0,0.26278862
0,0.26150876
0,0.26092142
0,0.2602219
0,0.25475514
0,0.25695214
0,0.2653924
0,0.26569924
0,0.26698038
0,0.2671092
0,0.267516
0,0.26682764
0,0.2729161
0,0.2684715
0,0.2678482
0,0.27132177
0,0.27162716
0,0.33114508
0,0.29033023
0,0.2808972
0,0.2746661
0,0.26990563
0,0.2670465
0,0.26416996
0,0.26273432
0,0.25687388
0,0.259131
0,0.25843644
0,0.27035812
0,0.26139945
0,0.25878835
0,0.25705692
0,0.25495037
0,0.25469023
0,0.25286183
0,0.25178036
0,0.25604898
0,0.25193396
0,0.24995111
0,0.2492808
0,0.32897863
0,0.33987355
0,0.2911992
0,0.28062782
0,0.3631713
0,0.3046401
0,0.28273398
0,0.2814454
0,0.2817694
0,0.2761571
0,0.27719873
0,0.27182898
0,0.27410358
0,0.26981056
0,0.2724256
0,0.2676678
0,0.2706366
0,0.26651448
0,0.26969007
0,0.26546103
0,0.26792678
0,0.26412487
0,0.26295093
0,0.26151782
0,0.24946356
0,0.2589969
0,0.26096335
0,0.25747812
0,0.26109967
0,0.34222943
0,0.29379997
0,0.27895325
0,0.2729652
0,0.26549625
0,0.26499146
0,0.25836134
0,0.25896838
0,0.24904087
0,0.25863633
0,0.3423419
0,0.3607553
0,0.3129088
0,0.3029592
0,0.2896488
0,0.2819708
0,0.27839032
0,0.27553764
0,0.27289036
0,0.2702291
0,0.2692274
0,0.26793528
0,0.26743865
0,0.26688728
0,0.2661551
0,0.2703998
0,0.26834399
0,0.2653045
0,0.26405323
0,0.2614887
0,0.2602239
0,0.2596485
0,0.25868812
0,0.25781024
0,0.25734922
0,0.2567873
0,0.2662127
0,0.25909433
0,0.2629069
0,0.2585602
0,0.2555127
0,0.25309333
0,0.25695536
0,0.2525747
0,0.25024998
0,0.25392652
0,0.26008523
0,0.25226876
0,0.26473475
0,0.2638744
0,0.2688325
0,0.26705587
0,0.26620656
0,0.2635597
0,0.27625912
0,0.28033385
0,0.27518108
0,0.26840776
0,0.26651192
0,0.26392478
0,0.26608318
0,0.26133513
0,0.2639989
0,0.26281047
0,0.2701177
0,0.2617047
0,0.26449227
0,0.25878897
0,0.26005256
0,0.25646794
0,0.25368592
0,0.25598767
0,0.26136854
0,0.25457224
0,0.26731578
0,0.25630912
0,0.26965663
0,0.35092902
0,0.30095136
0,0.2892848
0,0.2815167
0,0.2768134
0,0.2730556
0,0.27104393
0,0.2689887
0,0.26271403
0,0.26300097
0,0.2639388
0,0.2611108
0,0.26128727
0,0.25975445
0,0.25973466
0,0.26094294
0,0.25921085
0,0.25820413
0,0.257682
0,0.2619256
0,0.2587205
0,0.25787577
0,0.2568961
0,0.25674713
0,0.26543453
0,0.25810426
0,0.2561929
0,0.25427952
0,0.2533856
0,0.252161
0,0.24967119
0,0.2529422
0,0.25419796
0,0.2598498
0,0.26542225
0,0.34935892
0,0.30524176
0,0.28643143
0,0.2861895
0,0.27917197
0,0.27503663
0,0.2721258
0,0.26877764
0,0.26723298
0,0.26980606
0,0.26624689
0,0.26434892
0,0.263057
0,0.2663367
0,0.2697619
0,0.26462942
0,0.33951616
0,0.28681055
0,0.2861138
0,0.27627417
0,0.27194008
0,0.26945755
0,0.2627796
0,0.26294175
0,0.25659972
0,0.26378557
0,0.26037195
0,0.25949287
0,0.34256175
0,0.29018286
0,0.28471124
0,0.2781386
0,0.28428137
0,0.27704203
0,0.2743344
0,0.27241057
0,0.35131404
0,0.39097178
0,0.41923448
0,0.3410296
0,0.31161463
0,0.2977484
0,0.2911615
0,0.28057462
0,0.36524528
0,0.29907936
0,0.28711772
0,0.36237854
0,0.30303663
0,0.33902454
0,0.29128885
0,0.27584672
0,0.26364204
0,0.25447494
0,0.24391882
0,0.23757645
0,0.23259081
0,0.23153599
0,0.23711945
0,0.23285086
0,0.23301977
0,0.23514727
0,0.23802622
0,0.24395628
0,0.31363225
0,0.27186483
0,0.2805868
0,0.26704255
0,0.27577507
0,0.2718941
0,0.27424565
0,0.27071875
0,0.27266246
0,0.26310375
0,0.26445916
0,0.26430002
0,0.2671498
0,0.35553306
0,0.3110933
0,0.2901058
0,0.35377508
0,0.34964
0,0.3237178
0,0.3143075
0,0.2985719
0,0.3706374
0,0.31229076
0,0.29483986
0,0.2818735
0,0.30084014
0,0.28146464
0,0.27045006
0,0.2653818
0,0.2596159
0,0.2617059
0,0.2561763
0,0.26234567
0,0.26403162
0,0.25877312
0,0.2615495
0,0.2561023
0,0.25966096
0,0.2598581
0,0.25050154
0,0.3112379
0,0.27961504
0,0.27414563
0,0.27155846
0,0.3473023
0,0.4261012
0,0.3371224
0,0.3179103
0,0.3584619
0,0.30592817
0,0.29549924
0,0.279153
0,0.267586
0,0.273619
0,0.35604617
0,0.2973887
0,0.28257644
0,0.28807458
0,0.3447758
0,0.3083334
0,0.28209305
0,0.2759529
0,0.26782566
0,0.33611947
0,0.28334028
0,0.26561764
0,0.25492457
0,0.25408506
0,0.24452734
0,0.24190265
0,0.25416562
0,0.26098993
0,0.2591724
0,0.26531893
0,0.26859978
0,0.2743895
0,0.35747114
0,0.3902056
0,0.3254011
0,0.36828902
0,0.36220005
0,0.31657776
0,0.29456505
0,0.2837157
0,0.27491215
0,0.27959064
0,0.29673383
0,0.27620536
0,0.2756759
0,0.27283743
0,0.26982465
0,0.26756272
0,0.2629263
0,0.2635372
0,0.25988525
0,0.26412743
0,0.29584053
0,0.27005705
0,0.26125306
0,0.26507306
0,0.2574277
0,0.2631914
0,0.25599775
0,0.26290712
0,0.25527543
0,0.26199484
0,0.2655966
0,0.2620669
0,0.3467129
0,0.30690593
0,0.38868272
0,0.3903617
0,0.3272727
0,0.30621892
0,0.29281405
0,0.5064359
0,0.49548104
0,0.39202097
0,0.33698243
0,0.30375317
0,0.28778133
0,0.281015
0,0.2652754
0,0.30527854
0,0.25573033
0,0.28040418
0,0.20497331
0,0.17630234
0,0.16085988
0,0.1546861
0,0.14885122
0,0.14974213
0,0.15551753
0,0.1896628
0,0.17921716
0,0.18298212
0,0.19330968
0,0.2018849
0,0.22073793
0,0.22043215
0,0.24052674
0,0.24654731
0,0.25551888
0,0.28398386
0,0.26904005
0,0.36236268
0,0.31733808
0,0.29433364
0,0.36723936
0,0.40663728
0,0.33387804
0,0.30379882
0,0.29406583
0,0.28634116
0,0.37120727
0,0.30606624
0,0.4252958
0,0.3386066
0,0.30704758
0,0.28327274
0,0.2812346
0,0.2637927
0,0.2590536
0,0.24598306
0,0.24029517
0,0.23375982
0,0.22738142
0,0.2215091
0,0.22382613
0,0.22441368
0,0.23008421
0,0.23150142
0,0.33951345
0,0.28876275
0,0.27867356
0,0.27716812
0,0.27696764
0,0.35674825
0,0.30621076
0,0.29573148
0,0.28369814
0,0.2783579
0,0.2741058
0,0.27125737
0,0.26906642
0,0.2676516
0,0.2755685
0,0.26797095
0,0.2656126
0,0.2642344
0,0.2571473
0,0.25831944
0,0.25777707
0,0.2668925
0,0.25945762
0,0.2683574
0,0.2582722
0,0.25696373
0,0.254974
0,0.2585711
0,0.33385938
0,0.28337452
0,0.36858574
0,0.30141553
0,0.2820131
0,0.36104676
0,0.30830574
0,0.29888654
0,0.28477642
0,0.28524923
0,0.3581611
0,0.30003026
0,0.2883018
0,0.27479315
0,0.27224416
0,0.28497612
0,0.27168703
0,0.27256924
0,0.26495
0,0.26813406
0,0.26681015
0,0.26615772
0,0.31768563
0,0.27993882
0,0.27057862
0,0.27034065
0,0.2615122
0,0.2615988
0,0.2559111
0,0.33370775
0,0.32503235
0,0.29741
0,0.28874916
0,0.27330375
0,0.36136386
0,0.3060004
0,0.2920982
0,0.28449887
0,0.27784464
0,0.27327165
0,0.3466994
0,0.29605663
0,0.3086846
0,0.2823897
0,0.27486032
0,0.32716593
0,0.28571132
0,0.2762781
0,0.26698655
0,0.26414233
0,0.3400985
0,0.288742
0,0.27502775
0,0.267564
0,0.27197397
0,0.26755965
0,0.25923863
0,0.26127946
0,0.25522763
0,0.27695763
0,0.33951417
0,0.296083
0,0.29141194
0,0.2826137
0,0.34920728
0,0.37624782
0,0.32519895
0,0.30798694
0,0.29317042
0,0.28390506
0,0.29514804
0,0.3615199
0,0.32316187
0,0.29536742
0,0.37791288
0,0.31472427
0,0.306296
0,0.32441172
0,0.29181284
0,0.2760575
0,0.2717563
0,0.26033354
0,0.2588016
0,0.2500997
0,0.24903397
0,0.26870516
0,0.25157622
0,0.24509826
0,0.30187953
0,0.2679802
0,0.26826978
0,0.25865084
0,0.29942995
0,0.26960707
0,0.26508167
0,0.25579762
0,0.25869957
0,0.25335827
0,0.2653451
0,0.3415023
0,0.28447407
0,0.28870216
0,0.2900655
0,0.28285596
0,0.27735525
0,0.27261788
0,0.27055845
0,0.2705896
0,0.2603576
0,0.26289985
0,0.25645453
0,0.3302096
0,0.3791424
0,0.3136274
0,0.29469365
0,0.29420546
0,0.27757716
0,0.272153
0,0.26795268
0,0.26443598
0,0.26253372
0,0.26030594
0,0.25855002
0,0.2565045
0,0.25900334
0,0.2557105
0,0.25436887
0,0.25150102
0,0.25101832
0,0.32412237
0,0.27723214
0,0.2805354
0,0.2757508
0,0.2784529
0,0.27309886
0,0.28004277
0,0.27973443
0,0.34878725
0,0.30134866
0,0.29489005
0,0.28478283
0,0.28460026
0,0.2766408
0,0.33539304
0,0.29029077
0,0.28808838
0,0.35357496
0,0.31087568
0,0.30241612
0,0.28716177
0,0.27718338
0,0.33981255
0,0.29261714
0,0.28136617
0,0.27872586
0,0.27347946
0,0.27008176
0,0.2637098
0,0.2635596
0,0.2633664
0,0.25649425
0,0.25026396
0,0.32116193
0,0.2803343
0,0.30275884
0,0.27859813
0,0.26747194
0,0.34120154
0,0.36732045
0,0.38732153
0,0.322032
0,0.30563912
0,0.2904667
0,0.28774226
0,0.2876392
0,0.2800887
0,0.34707963
0,0.3730332
0,0.32348788
0,0.30360425
0,0.28361574
0,0.27332297
0,0.26517943
0,0.26069766
0,0.25656295
0,0.25342655
0,0.24993086
0,0.24257036
0,0.24324346
0,0.3108959
0,0.2668965
0,0.25850746
0,0.32550487
0,0.28237307
0,0.26937193
0,0.28407833
0,0.28256342
0,0.3422016
0,0.36742482
0,0.32518673
0,0.3036731
0,0.2886482
0,0.3442685
0,0.29828045
0,0.30392456
0,0.28606692
0,0.2831663
0,0.34425604
0,0.2992929
0,0.36176276
0,0.30206928
0,0.3002125
0,0.27930865
0,0.26992518
0,0.26528817
0,0.25759095
0,0.25602257
0,0.25434464
0,0.24813001
0,0.2517602
0,0.25321952
0,0.32021618
0,0.27865747
0,0.26776192
0,0.27105132
0,0.26191533
0,0.2594165
0,0.2664838
0,0.2644196
0,0.2536158
0,0.25692186
0,0.25357056
0,0.2610879
0,0.26021343
0,0.26438072
0,0.2556723
0,0.26371855
0,0.28568226
0,0.26468286
0,0.33686578
0,0.29574934
0,0.28722265
0,0.28127712
0,0.27699986
0,0.27418283
0,0.33600003
0,0.2926385
0,0.28736785
0,0.2793377
0,0.3525713
0,0.29316282
0,0.28516233
0,0.27749336
0,0.27200794
0,0.26862842
0,0.3294664
0,0.28760892
0,0.27854082
0,0.3256442
0,0.28771347
0,0.2784215
0,0.27131346
0,0.26679912
0,0.2636118
0,0.259729
0,0.32989043
0,0.28398487
0,0.28668398
0,0.27033827
0,0.26336852
0,0.2677407
0,0.25968078
0,0.25681207
0,0.2539352
0,0.30302384
0,0.29868838
0,0.35276467
0,0.320141
0,0.36593166
0,0.32404974
0,0.30001655
0,0.2891396
0,0.279383
0,0.27906883
0,0.27383196
0,0.2747655
0,0.2691415
0,0.27098006
0,0.26563418
0,0.2691785
0,0.27033216
0,0.2811123
0,0.2751343
0,0.3321991
0,0.2885122
0,0.337639
0,0.29164258
0,0.28444076
0,0.2722077
0,0.26902884
0,0.26870048
0,0.26431933
0,0.26395348
0,0.25867695
0,0.2561527
0,0.2637874
0,0.2564933
0,0.26273572
0,0.26681206
0,0.26643133
0,0.33005732
0,0.29216844
0,0.29412177
0,0.28259304
0,0.27760673
0,0.27879056
0,0.27895918
0,0.2694926
0,0.26939076
0,0.26655033
0,0.26032427
0,0.26206776
0,0.26669195
0,0.2626593
0,0.26828972
0,0.26386222
0,0.26032177
0,0.26407924
0,0.25818205
0,0.2588477
0,0.25538948
0,0.25484455
0,0.33043727
0,0.27720326
0,0.28541076
0,0.26993966
0,0.26385096
0,0.2590142
0,0.256294
0,0.25874153
0,0.25327456
0,0.25108582
0,0.25412458
0,0.2599554
0,0.25482494
0,0.30896598
0,0.28647736
0,0.2784865
0,0.27454868
0,0.2710037
0,0.27296284
0,0.26911482
0,0.2711423
0,0.26692533
0,0.26365963
0,0.26238826
0,0.26539204
0,0.26147085
0,0.26515746
0,0.25973523
0,0.26292887
0,0.25924218
0,0.26175877
0,0.2560655
0,0.32190305
0,0.27856982
0,0.27620506
0,0.26236466
0,0.26530918
0,0.25983498
0,0.26151994
0,0.256975
0,0.2575004
0,0.2549982
0,0.25800478
0,0.2526691
0,0.2605332
0,0.2528831
0,0.25921103
0,0.2527581
0,0.25007838
0,0.25905305
0,0.26165918
0,0.2589568
0,0.26276526
0,0.2691149
0,0.27235246
0,0.26792485
0,0.267246
0,0.2653979
0,0.25925866
0,0.2609649
0,0.2605524
0,0.26532772
0,0.26094967
0,0.26490825
0,0.26071385
0,0.25888893
0,0.25801703
0,0.25633734
0,0.2552348
0,0.2550666
0,0.2602348
0,0.26350877
0,0.2573791
0,0.2658828
0,0.25764084
0,0.25391656
0,0.2571222
0,0.25181398
0,0.2599168
0,0.2714252
0,0.2583111
0,0.25462446
0,0.25210202
0,0.26886138
0,0.2554836
0,0.26700115
0,0.26382735
0,0.26886243
0,0.26125938
0,0.26853588
0,0.2658853
0,0.26955783
0,0.2654072
0,0.26926818
0,0.26487234
0,0.26857033
0,0.26528162
0,0.26755208
0,0.26351973
0,0.397914
0,0.3154256
0,0.3000435
0,0.28413826
0,0.2810764
0,0.26994795
0,0.27032098
0,0.26403022
0,0.2714031
0,0.26694566
0,0.26147977
0,0.25843257
0,0.2600825
0,0.25619274
0,0.2542119
0,0.25220433
0,0.25454426
0,0.25114053
0,0.25335157
0,0.2594583
0,0.2667932
0,0.2597687
0,0.26803303
0,0.2701173
0,0.2682004
0,0.26723447
0,0.25859258
0,0.26346844
0,0.26204878
0,0.2622459
0,0.25977132
0,0.25970218
0,0.2596922
0,0.25489086
0,0.26048148
0,0.26406762
0,0.25818732
0,0.2575151
0,0.25562957
0,0.25621095
0,0.25418296
0,0.25368133
0,0.2525537
0,0.26790786
0,0.25719428
0,0.25494376
0,0.253426
0,0.25740105
0,0.2578838
0,0.26848772
0,0.25766715
0,0.25390646
0,0.25961295
0,0.26863033
0,0.26983246
0,0.26723203
0,0.26720077
0,0.27570426
0,0.27320588
0,0.27240282
0,0.26941815
0,0.2712964
0,0.27338928
0,0.26081735
0,0.26428697
0,0.27407348
0,0.27224115
0,0.27148733
0,0.2704517
0,0.26429614
0,0.26349375
0,0.26417792
0,0.2611017
0,0.26477242
0,0.26067445
0,0.26438364
0,0.2596472
0,0.26439032
0,0.25823265
0,0.26304576
0,0.25863257
0,0.2573595
0,0.26170406
0,0.26133496
0,0.2567007
0,0.2585656
0,0.2547718
0,0.27614796
0,0.2600396
0,0.25527436
0,0.2525041
0,0.25100234
0,0.2569359
0,0.2603699
0,0.25791004
0,0.26192334
0,0.2628451
0,0.2609197
0,0.26310468
0,0.25863224
0,0.26045522
0,0.26105523
0,0.2577783
0,0.2594567
0,0.26477715
0,0.26138476
0,0.26116744
0,0.2599655
0,0.26815438
0,0.26029107
0,0.27004933
0,0.26286316
0,0.2636518
0,0.2605279
0,0.25903866
0,0.2574302
0,0.25643438
0,0.25492775
0,0.25405723
0,0.25643066
0,0.25224707
0,0.25182754
0,0.25602698
0,0.25820178
0,0.26146325
0,0.25418472
0,0.26671368
0,0.2556488
0,0.26718828
0,0.28475022
0,0.264242
0,0.27260688
0,0.27427137
0,0.2729128
0,0.2871842
0,0.2802496
0,0.2800802
0,0.27313304
0,0.27664268
0,0.2702107
0,0.27466157
0,0.27019748
0,0.2723691
0,0.2728296
0,0.26927686
0,0.26537216
0,0.2685341
0,0.26329273
0,0.2666015
0,0.26214728
0,0.2556882
0,0.27417377
0,0.26767293
0,0.26229808
0,0.26486778
0,0.2597361
0,0.26129776
0,0.25720328
0,0.2527205
0,0.25554678
0,0.25198814
0,0.25988382
0,0.25408933
0,0.2711698
0,0.26337317
0,0.25656033
0,0.25710112
0,0.2523072
0,0.2656288
0,0.30488235
0,0.31441417
0,0.28116682
0,0.27477697
0,0.2730061
0,0.26917663
0,0.26807052
0,0.26650313
0,0.265531
0,0.2642715
0,0.26338372
0,0.2621241
0,0.26119378
0,0.26115668
0,0.265353
0,0.26228473
0,0.2645767
0,0.26216692
0,0.25945258
0,0.25845584
0,0.25975293
0,0.2596573
0,0.2635474
0,0.2602112
0,0.25519046
0,0.26245362
0,0.27119735
0,0.26187095
0,0.2598314
0,0.25720546
0,0.25675634
0,0.2610737
0,0.2848955
0,0.28663963
0,0.26766366
0,0.2613228
0,0.2579219
0,0.25423294
0,0.2565063
0,0.25215557
0,0.25831178
0,0.25533533
0,0.2652963
0,0.26434222
0,0.26244053
0,0.2600281
0,0.27167535
0,0.27487287
0,0.2726655
0,0.27865168
0,0.27043262
0,0.26838952
0,0.2698677
0,0.26237285
0,0.26679444
0,0.26648912
0,0.26606244
0,0.26739565
0,0.2729147
0,0.26257566
0,0.2695489
0,0.26737627
0,0.26480362
0,0.25967783
0,0.2631035
0,0.25703
0,0.25829574
0,0.2549151
0,0.2569721
0,0.25386986
0,0.31587845
0,0.27583376
0,0.27022392
0,0.26166612
0,0.26408324
0,0.25644293
0,0.25411367
0,0.26070622
0,0.26363477
0,0.26208642
0,0.2638893
0,0.26624507
0,0.26531264
0,0.2649711
0,0.26540646
0,0.25969324
0,0.26174644
0,0.26357302
0,0.26198295
0,0.26141626
0,0.26039147
0,0.25990587
0,0.25893655
0,0.25972414
0,0.26349398
0,0.26405534
0,0.26005918
0,0.2580413
0,0.2618721
0,0.2612213
0,0.25665274
0,0.25237805
0,0.25277966
0,0.26423562
0,0.25536543
0,0.25322145
0,0.25159225
0,0.26785916
0,0.27914625
0,0.27769205
0,0.26840255
0,0.27462232
0,0.2801137
0,0.27709708
0,0.27187768
0,0.2705492
0,0.26734388
0,0.2671661
0,0.27052766
0,0.271124
0,0.26610982
0,0.26991722
0,0.26633877
0,0.26379198
0,0.2622209
0,0.2706534
0,0.26417452
0,0.27106464
0,0.26781538
0,0.26217473
0,0.26008138
0,0.26250744
0,0.2570432
0,0.25619358
0,0.25767782
0,0.25925028
0,0.25317475
0,0.26130468
0,0.26729998
0,0.26990005
0,0.26838818
0,0.25965255
0,0.2643514
0,0.26587462
0,0.2663259
0,0.26622972
0,0.2666993
0,0.26650956
0,0.27176726
0,0.26765513
0,0.26302624
0,0.26284704
0,0.26427463
0,0.26268488
0,0.2629303
0,0.25836182
0,0.26506272
0,0.26203072
0,0.26070604
0,0.25950372
0,0.26088363
0,0.25970036
0,0.25752348
0,0.26839688
0,0.26877946
0,0.27532274
0,0.2650354
0,0.26154166
0,0.25827482
0,0.26151282
0,0.25684607
0,0.25485542
0,0.2532476
0,0.25112274
0,0.25933006
0,0.26627213
0,0.25544295
0,0.2600979
0,0.26599303
0,0.26423624
0,0.264066
0,0.26337546
0,0.2643057
0,0.27087888
0,0.2706438
0,0.27762625
0,0.26755822
0,0.26109082
0,0.26998946
0,0.26398528
0,0.26604864
0,0.26217988
0,0.26476002
0,0.25718576
0,0.2610118
0,0.25800624
0,0.2620521
0,0.25846463
0,0.26829946
0,0.26717547
0,0.26455867
0,0.26402476
0,0.2579578
0,0.25572684
0,0.25803986
0,0.26498535
0,0.25943863
0,0.26079175
0,0.26027697
0,0.25439203
0,0.2577932
0,0.25782248
0,0.25751156
0,0.251902
0,0.24434558
0,0.24532084
0,0.25556028
0,0.24820103
0,0.2567834
0,0.25843674
0,0.26573962
0,0.2694101
0,0.27138266
0,0.2704745
0,0.27331966
0,0.26840758
0,0.2721071
0,0.26709554
0,0.2735504
0,0.27236393
0,0.2708352
0,0.2713796
0,0.27197
0,0.2718048
0,0.2709661
0,0.2598976
0,0.2654973
0,0.26645765
0,0.26694202
0,0.2613816
0,0.2635496
0,0.25849614
0,0.25186157
0,0.2532818
0,0.2572987
0,0.25319666
0,0.25740775
0,0.2515821
0,0.26229393
0,0.25926068
0,0.25965795
0,0.26221952
0,0.27074012
0,0.25733232
0,0.26942378
0,0.26227582
0,0.26477316
0,0.27120546
0,0.27253023
0,0.27962247
0,0.27168435
0,0.28696793
0,0.28028998
0,0.282635
0,0.27916142
0,0.2769348
0,0.27075583
0,0.27007726
0,0.2719892
0,0.2711895
0,0.2657757
0,0.2688014
0,0.38329843
0,0.31522506
0,0.30356702
0,0.2904793
0,0.28173077
0,0.27342972
0,0.2668589
0,0.26958427
0,0.26603785
0,0.26628628
0,0.26137495
0,0.26363805
0,0.2586884
0,0.26136276
0,0.26948366
0,0.2621756
0,0.26214275
0,0.25982782
0,0.260029
0,0.26184908
0,0.2546289
0,0.2600512
0,0.26247638
0,0.26463562
0,0.25997368
0,0.25777042
0,0.26235586
0,0.26681867
0,0.25975293
0,0.2593552
0,0.2648197
0,0.2693136
0,0.2704313
0,0.26664153
0,0.2698267
0,0.2666639
0,0.26828796
0,0.26624328
0,0.26924816
0,0.2799667
0,0.26651692
0,0.269381
0,0.27044278
0,0.2642937
0,0.262409
0,0.2550832
0,0.2632139
0,0.25828445
0,0.26231003
0,0.25413814
0,0.26396796
0,0.26315907
0,0.2573745
0,0.25997505
0,0.25577036
0,0.25942948
0,0.25966695
0,0.25454226
0,0.2584152
0,0.25809583
0,0.25768125
0,0.2572488
0,0.25081208
0,0.25886798
0,0.26498887
0,0.2686022
0,0.27093294
0,0.25755566
0,0.26851514
0,0.27059674
0,0.27188522
0,0.27230436
0,0.27323887
0,0.26615626
0,0.27037743
0,0.26364693
0,0.26758444
0,0.26328444
0,0.26600948
0,0.25109568
0,0.26050913
0,0.25753552
0,0.26169547
0,0.25891215
0,0.2597825
0,0.25734913
0,0.25912374
0,0.2618805
0,0.26216313
0,0.26166624
0,0.26146182
0,0.26366234
0,0.26199242
0,0.26392207
0,0.2612907
0,0.2544138
0,0.26171696
0,0.26250172
0,0.2596363
0,0.26275814
0,0.26315767
0,0.26864982
0,0.26847863
0,0.259939
0,0.26453245
0,0.2626424
0,0.26760763
0,0.26871416
0,0.2616219
0,0.26610807
0,0.26420194
0,0.2603608
0,0.2687941
0,0.2652439
0,0.25979266
0,0.2582561
0,0.25217628
0,0.25856546
0,0.25893268
0,0.2585232
0,0.2600135
0,0.2549007
0,0.26922065
0,0.26264113
0,0.25631145
0,0.25827786
0,0.26937306
0,0.26235485
0,0.2601694
0,0.25341693
0,0.25515917
0,0.2604134
0,0.2664575
0,0.2641645
0,0.26425624
0,0.27058637
0,0.27148998
0,0.2704564
0,0.27103215
0,0.2643924
0,0.2642859
0,0.26840082
0,0.26484796
0,0.2622285
0,0.25176194
0,0.25761867
0,0.2570127
0,0.2622433
0,0.26332465
0,0.26195085
0,0.2622092
0,0.26345548
0,0.26160926
0,0.25897858
0,0.27018106
0,0.26208678
0,0.26347834
0,0.2624909
0,0.26169145
0,0.26022476
0,0.2569344
0,0.26472637
0,0.26005623
0,0.2599369
0,0.26401576
0,0.25969636
0,0.26298982
0,0.26316312
0,0.2544756
0,0.25889793
0,0.26648876
0,0.26380318
0,0.26911736
0,0.26449627
0,0.26432306
0,0.26285863
0,0.26725584
0,0.2680956
0,0.26795444
0,0.26745358
0,0.25983658
0,0.26327795
0,0.25938717
0,0.2615506
0,0.2698535
0,0.26625928
0,0.26390347
0,0.25893676
0,0.2609689
0,0.2632098
0,0.26763964
0,0.26273283
0,0.27775404
0,0.28298372
0,0.27094012
0,0.2724434
0,0.26556957
0,0.25720835
0,0.25370318
0,0.25807026
0,0.2699429
0,0.26591825
0,0.26343903
0,0.27038512
0,0.271249
0,0.26706335
0,0.26979
0,0.25539777
0,0.26591715
0,0.26165995
0,0.26771694
0,0.26889166
0,0.2692252
0,0.26957652
0,0.27293116
0,0.2706026
0,0.25862622
0,0.26561823
0,0.26489136
0,0.2579704
0,0.26134178
0,0.2634258
0,0.26244122
0,0.2630357
0,0.25857666
0,0.25601992
0,0.2659761
0,0.256511
0,0.2628264
0,0.25860575
0,0.2577705
0,0.25177386
0,0.25925097
0,0.2671434
0,0.2567577
0,0.26205617
0,0.26439077
0,0.26208606
0,0.25902897
0,0.2615078
0,0.26751208
0,0.26345065
0,0.26298776
0,0.26874956
0,0.27595577
0,0.27241662
0,0.27002445
0,0.26469985
0,0.26267973
0,0.2663244
0,0.26639748
0,0.2663901
0,0.26067454
0,0.25759238
0,0.2614724
0,0.26436153
0,0.25694123
0,0.2665241
0,0.2618429
0,0.2616752
0,0.25577822
0,0.25166988
0,0.25552374
0,0.2645398
0,0.2540557
0,0.26630753
0,0.2704021
0,0.2785054
0,0.26673913
0,0.27409905
0,0.27487403
0,0.27496684
0,0.268361
0,0.26801836
0,0.27649477
0,0.27470714
0,0.26860324
0,0.26117527
0,0.267958
0,0.26794145
0,0.26371306
0,0.26688007
0,0.26155064
0,0.26102403
0,0.26394457
0,0.26135162
0,0.25811175
0,0.25970143
0,0.25425223
0,0.25859505
0,0.24885057
0,0.25965446
0,0.2567046
0,0.26022372
0,0.25783706
0,0.25653931
0,0.26664984
0,0.25963622
0,0.25904858
0,0.26186994
0,0.2687732
0,0.26583055
0,0.26507142
0,0.26424438
0,0.26395118
0,0.2629006
0,0.26126885
0,0.27066374
0,0.26450545
0,0.26254973
0,0.26662588
0,0.26726183
0,0.2628124
0,0.27014092
0,0.26853052
0,0.2627306
0,0.2600743
0,0.26330736
0,0.26892093
0,0.26142877
0,0.26328245
0,0.26307002
0,0.25805455
0,0.2560143
0,0.25946215
0,0.2530998
0,0.25715336
0,0.2656181
0,0.26064333
0,0.2531831
0,0.25094536
0,0.2581947
0,0.25070226
0,0.25810242
0,0.2650055
0,0.26931804
0,0.268873
0,0.27162614
0,0.27121222
0,0.26724538
0,0.27021205
0,0.27044514
0,0.26887354
0,0.27030575
0,0.27134597
0,0.2705182
0,0.2696263
0,0.264367
0,0.26771694
0,0.26124272
0,0.26476425
0,0.26518923
0,0.2592768
0,0.26289254
0,0.2630577
0,0.25767368
0,0.26020664
0,0.25640664
0,0.2637747
0,0.25619125
0,0.25681758
0,0.25658932
0,0.2699829
0,0.2613621
0,0.2605169
0,0.25860122
0,0.26712656
0,0.26575342
0,0.26502046
0,0.26991674
0,0.2766467
0,0.26876208
0,0.26682514
0,0.26479855
0,0.26429245
0,0.2681437
0,0.26454052
0,0.28240964
0,0.27611247
0,0.26859188
0,0.26989955
0,0.26792395
0,0.26906577
0,0.2640373
0,0.2609529
0,0.27585077
0,0.27070683
0,0.26315874
0,0.26044977
0,0.26315296
0,0.262619
0,0.26298913
0,0.26250076
0,0.2674804
0,0.2594645
0,0.255788
0,0.25818905
0,0.25796628
0,0.2584921
0,0.2649311
0,0.26328
0,0.26760903
0,0.26595655
0,0.27023324
0,0.27117318
0,0.2763147
0,0.27411878
0,0.27285632
0,0.27269533
0,0.27683535
0,0.2738756
0,0.27335745
0,0.27256766
0,0.2692742
0,0.27025053
0,0.27015275
0,0.26928097
0,0.26925683
0,0.26352924
0,0.26983622
0,0.26730245
0,0.26557884
0,0.25991082
0,0.26124498
0,0.26380578
0,0.2579109
0,0.2543829
0,0.25691402
0,0.2523675
0,0.25897872
0,0.26700315
0,0.26524055
0,0.2708436
0,0.2672123
0,0.26600122
0,0.2655955
0,0.26455426
0,0.26395693
0,0.2688547
0,0.26981047
0,0.26832473
0,0.2702865
0,0.26574695
0,0.26913166
0,0.26993695
0,0.26307315
0,0.26772237
0,0.26212972
0,0.26129556
0,0.26468667
0,0.26386747
0,0.2553503
0,0.2566695
0,0.25204712
0,0.25466216
0,0.25396672
0,0.25856295
0,0.25610012
0,0.2652349
0,0.2576692
0,0.25579518
0,0.26020083
0,0.2604105
0,0.26699015
0,0.25701982
0,0.2542813
0,0.25316998
0,0.2576506
0,0.25786844
0,0.25250643
0,0.25200412
0,0.2499226
0,0.25337613
0,0.24849673
0,0.24786007
0,0.24617304
0,0.24969321
0,0.25103426
0,0.25982574
0,0.2550146
0,0.26280776
0,0.26861432
0,0.27091843
0,0.2610195
0,0.2620111
0,0.26715744
0,0.268255
0,0.2643821
0,0.26723093
0,0.2604027
0,0.26080823
0,0.25614128
0,0.26203966
0,0.25890276
0,0.26303083
0,0.26511103
0,0.2645117
0,0.26469707
0,0.2622141
0,0.2568969
0,0.26124758
0,0.2613081
0,0.25816038
0,0.26062772
0,0.25901276
0,0.2545515
0,0.2561392
0,0.2561895
0,0.25560603
0,0.2565971
0,0.2614253
0,0.26273856
0,0.6375309
0,0.44626975
0,0.3892587
0,0.34883052
0,0.31970423
0,0.30742157
0,0.29648373
0,0.2892996
0,0.28399852
0,0.27853978
0,0.2868971
0,0.2750815
0,0.2667312
0,0.26871103
0,0.2669368
0,0.2652681
0,0.27459767
0,0.26670793
0,0.25813502
0,0.2574311
0,0.25581342
0,0.25415748
0,0.24674264
0,0.24400316
0,0.2495501
0,0.25151214
0,0.24957329
0,0.24722268
0,0.2521991
0,0.26232952
0,0.2591195
0,0.26784447
0,0.2712769
0,0.28311157
0,0.27880755
0,0.27740115
0,0.27136794
0,0.27248982
0,0.26821408
0,0.27143067
0,0.26657912
0,0.2702384
0,0.27315
0,0.2712061
0,0.27120885
0,0.27086672
0,0.27082527
0,0.26717183
0,0.265529
0,0.2679467
0,0.2626519
0,0.26569837
0,0.26005462
0,0.26333168
0,0.25777882
0,0.25798008
0,0.26522171
0,0.2607554
0,0.25716698
0,0.25440124
0,0.25161287
0,0.25069034
0,0.2570095
0,0.26604843
0,0.26830497
0,0.27161506
0,0.26679796
0,0.266749
0,0.2658817
0,0.27024287
0,0.27195555
0,0.27268228
0,0.26161656
0,0.26818362
0,0.26078817
0,0.27849534
0,0.26580524
0,0.2622154
0,0.2651456
0,0.2631263
0,0.26252365
0,0.2609971
0,0.26224202
0,0.25569183
0,0.2522038
0,0.25226942
0,0.25493425
0,0.25520417
0,0.25100872
0,0.25822806
0,0.26500395
0,0.25445583
0,0.25085393
0,0.24836183
0,0.26097825
0,0.2664216
0,0.26396787
0,0.2689204
0,0.27171415
0,0.26684794
0,0.27013224
0,0.26509795
0,0.26948938
0,0.26549315
0,0.26829487
0,0.26929793
0,0.26197064
0,0.2664121
0,0.26732293
0,0.26247752
0,0.265185
0,0.2650384
0,0.26868013
0,0.2562894
0,0.25778753
0,0.2558422
0,0.25643766
0,0.26044124
0,0.2614494
0,0.25682107
0,0.26043683
0,0.25841686
0,0.25958708
0,0.25329277
0,0.25633863
0,0.25611255
0,0.2568553
0,0.25526246
0,0.2594885
0,0.2518469
0,0.25359616
0,0.2528158
0,0.2571248
0,0.26018628
0,0.26051024
0,0.26514488
0,0.26692867
0,0.26395586
0,0.2690789
0,0.26454407
0,0.26323792
0,0.2673739
0,0.26845843
0,0.27080497
0,0.27121815
0,0.27376795
0,0.2706104
0,0.2653547
0,0.2680208
0,0.2623115
0,0.2640575
0,0.26365104
0,0.26535097
0,0.2653995
0,0.26028442
0,0.2577035
0,0.25824544
0,0.26077533
0,0.26125696
0,0.2622071
0,0.26865312
0,0.26290715
0,0.26379752
0,0.25736588
0,0.25442287
0,0.25703982
0,0.25741464
0,0.2568593
0,0.256609
0,0.25120828
0,0.2576659
0,0.260422
0,0.27184844
0,0.27048722
0,0.26667973
0,0.2784176
0,0.26681542
0,0.2721905
0,0.2760185
0,0.27279103
0,0.27081195
0,0.2718655
0,0.26484066
0,0.26650313
0,0.26729947
0,0.27171665
0,0.26313898
0,0.26166445
0,0.25878698
0,0.2660178
0,0.26351047
0,0.26311865
0,0.26136294
0,0.25880593
0,0.25517732
0,0.26195958
0,0.25866434
0,0.25893945
0,0.25821972
0,0.26700106
0,0.26589668
0,0.26414552
0,0.27105317
0,0.26800212
0,0.26402828
0,0.2652904
0,0.2688206
0,0.2760007
0,0.26683232
0,0.25977784
0,0.26613533
0,0.2614434
0,0.2651292
0,0.26731572
0,0.2683226
0,0.26938328
0,0.27348703
0,0.26440924
0,0.26268002
0,0.26023665
0,0.26945093
0,0.26209167
0,0.26504216
0,0.25949547
0,0.26228252
0,0.25879237
0,0.26763794
0,0.25859585
0,0.27728558
0,0.26803452
0,0.2602356
0,0.26271024
0,0.25685453
0,0.2593618
0,0.25372157
0,0.2568614
0,0.25688744
0,0.26047
0,0.26761833
0,0.25752383
0,0.25302017
0,0.26546752
0,0.25379753
0,0.2709742
0,0.2557789
0,0.26751983
0,0.2601253
0,0.26217556
0,0.26817107
0,0.26969567
0,0.27145356
0,0.27012682
0,0.2713766
0,0.27219278
0,0.2707882
0,0.26573494
0,0.2622995
0,0.26142094
0,0.26436958
0,0.25586593
0,0.26145905
0,0.26134518
0,0.26377228
0,0.26446542
0,0.2639694
0,0.26483685
0,0.27659178
0,0.2635681
0,0.26547417
0,0.25918055
0,0.26228568
0,0.26234558
0,0.26117763
0,0.26099724
0,0.25859767
0,0.26004985
0,0.25861678
0,0.2630834
0,0.26319057
0,0.27767944
0,0.27590823
0,0.26697993
0,0.27892315
0,0.27786043
0,0.27248013
0,0.2713555
0,0.2752164
0,0.27006754
0,0.2730909
0,0.27189776
0,0.267825
0,0.27085742
0,0.26563153
0,0.26407748
0,0.26772702
0,0.26262695
0,0.26103657
0,0.27590823
0,0.26920134
0,0.26900083
0,0.26821083
0,0.2665138
0,0.26553985
0,0.25912786
0,0.26176718
0,0.26047614
0,0.26371044
0,0.26210168
0,0.25547174
0,0.2518579
0,0.25060746
0,0.2544771
0,0.25453264
0,0.26321945
0,0.25273263
0,0.25904775
0,0.2575383
0,0.265871
0,0.26404652
0,0.26627874
0,0.26879707
0,0.26982138
0,0.26565608
0,0.26901186
0,0.2677318
0,0.26982227
0,0.27533737
0,0.27231044
0,0.27221033
0,0.2710461
0,0.27038342
0,0.2696308
0,0.26411214
0,0.26553783
0,0.26458022
0,0.2651549
0,0.26597312
0,0.2649273
0,0.2596905
0,0.26015928
0,0.26216614
0,0.26207712
0,0.25459433
0,0.25899932
0,0.259177
0,0.2578028
0,0.24920107
0,0.2534067
0,0.25511035
0,0.25508893
0,0.24961327
0,0.25423476
0,0.2588062
0,0.26398027
0,0.2616949
0,0.28999302
0,0.27420995
0,0.27464697
0,0.27575707
0,0.28035012
0,0.28877363
0,0.26944342
0,0.2692815
0,0.27027708
0,0.26573634
0,0.26718497
0,0.264118
0,0.26100087
0,0.263546
0,0.26060712
0,0.25892153
0,0.2619935
0,0.26310858
0,0.2578769
0,0.2600107
0,0.26053625
0,0.26014727
0,0.2545334
0,0.25268316
0,0.25577158
0,0.25604603
0,0.2502192
0,0.24825792
0,0.25696307
0,0.26445344
0,0.25217503
0,0.26450926
0,0.2597255
0,0.26593223
0,0.27887046
0,0.2742688
0,0.26729414
0,0.2692561
0,0.26381615
0,0.2777417
0,0.27302808
0,0.26651457
0,0.26290712
0,0.26643082
0,0.26652217
0,0.26610282
0,0.26130384
0,0.2610956
0,0.26257768
0,0.26272938
0,0.2580603
0,0.26112148
0,0.26049477
0,0.26062354
0,0.2608315
0,0.25964966
0,0.2549733
0,0.25739467
0,0.25124547
0,0.25468662
0,0.25377855
0,0.26511624
0,0.26382872
0,0.26975325
0,0.2644898
0,0.25959757
0,0.26731414
0,0.25740963
0,0.2654599
0,0.26087958
0,0.25891382
0,0.26346076
0,0.25976208
0,0.25720787
0,0.26967558
0,0.25979754
0,0.2627544
0,0.25724623
0,0.26097038
0,0.26032197
0,0.2536993
0,0.25001568
0,0.26197138
0,0.25300583
0,0.25012723
0,0.26229006
0,0.26727772
0,0.26537
0,0.27086392
0,0.2709562
0,0.2674348
0,0.27081504
0,0.2699993
0,0.26915064
0,0.269124
0,0.2703629
0,0.2756064
0,0.2713334
0,0.27071118
0,0.27497226
0,0.27051082
0,0.26419017
0,0.27281666
0,0.271496
0,0.2603699
0,0.258884
0,0.26418564
0,0.2555041
0,0.25923392
0,0.25546438
0,0.25768453
0,0.25894657
0,0.25449976
0,0.26063684
0,0.25861406
0,0.25789142
0,0.2564333
0,0.2636829
0,0.2674812
0,0.27250037
0,0.27290636
0,0.2745139
0,0.27013674
0,0.26865765
0,0.2651286
0,0.27003175
0,0.26544434
0,0.2631643
0,0.2665146
0,0.27096114
0,0.26415634
0,0.2672784
0,0.26225147
0,0.257828
0,0.26349154
0,0.2646262
0,0.2653998
0,0.26616845
0,0.2659866
0,0.25781974
0,0.25701946
0,0.26023448
0,0.26102716
0,0.25812063
0,0.2580458
0,0.25392354
0,0.251841
0,0.25512886
0,0.25638303
0,0.2563138
0,0.2559908
0,0.26631492
0,0.25549692
0,0.2630618
0,0.2603655
0,0.26550668
0,0.26898518
0,0.2537465
0,0.26004592
0,0.26359907
0,0.26803303
0,0.26334128
0,0.26095167
0,0.26556957
0,0.26601985
0,0.26537535
0,0.25530514
0,0.26167688
0,0.257177
0,0.2613074
0,0.2621159
0,0.27176222
0,0.26531163
0,0.2617644
0,0.26253268
0,0.2685914
0,0.25817335
0,0.26963183
0,0.2619294
0,0.25447258
0,0.25177383
0,0.25362554
0,0.2549107
0,0.26381308
0,0.26336122
0,0.26392385
0,0.26930797
0,0.2718057
0,0.26880974
0,0.27270156
0,0.264745
0,0.27020293
0,0.2717291
0,0.27311543
0,0.2721172
0,0.27254766
0,0.27212983
0,0.2655913
0,0.25837642
0,0.26036674
0,0.25876337
0,0.25839433
0,0.26348382
0,0.25916323
0,0.2579846
0,0.25680506
0,0.2559319
0,0.25198847
0,0.25232935
0,0.25725877
0,0.2586565
0,0.2499098
0,0.25635475
0,0.2571905
0,0.2579513
0,0.25781617
0,0.25278014
0,0.25478783
0,0.26210725
0,0.25751886
0,0.25118545
0,0.26242822
0,0.26812515
0,0.26519287
0,0.27050123
0,0.26422587
0,0.26863268
0,0.26936513
0,0.27104083
0,0.2828516
0,0.27566507
0,0.2746151
0,0.27354267
0,0.27297947
0,0.2707481
0,0.26875162
0,0.26755834
0,0.26835692
0,0.26169285
0,0.2500203
0,0.2595474
0,0.25570977
0,0.2589398
0,0.2548187
0,0.2542373
0,0.25107944
0,0.25111616
0,0.2503227
0,0.2537348
0,0.25533333
0,0.25478068
0,0.2500559
0,0.2573686
0,0.26454535
0,0.2589285
0,0.2610168
0,0.26388898
0,0.2644708
0,0.2645409
0,0.2701718
0,0.261083
0,0.26779225
0,0.26486906
0,0.26869777
0,0.27566218
0,0.27511373
0,0.26732945
0,0.26376513
0,0.26185012
0,0.26481578
0,0.25694108
0,0.26165938
0,0.25740933
0,0.26561671
0,0.2589731
0,0.2562227
0,0.25987744
0,0.25509325
0,0.25927407
0,0.25378954
0,0.25248298
0,0.26017463
0,0.25714022
0,0.25228834
0,0.25832954
0,0.26091498
0,0.2585511
0,0.26551905
0,0.26653552
0,0.27488256
0,0.27332032
0,0.26605794
0,0.2547908
0,0.26504472
0,0.26194674
0,0.2632272
0,0.2661378
0,0.26765946
0,0.26858
0,0.26045915
0,0.25965887
0,0.26383826
0,0.26347318
0,0.26320451
0,0.26557544
0,0.2656864
0,0.25813556
0,0.2629941
0,0.25315908
0,0.25920865
0,0.2604239
0,0.26004493
0,0.26030365
0,0.2609762
0,0.25951475
0,0.25459847
0,0.2632957
0,0.25973147
0,0.25305578
0,0.26010963
0,0.25232697
0,0.26129273
0,0.2639196
0,0.26964378
0,0.2643529
0,0.27100757
0,0.26832378
0,0.2724565
0,0.26805317
0,0.27148584
0,0.26953745
0,0.26478097
0,0.26247168
0,0.2668023
0,0.26702693
0,0.26739419
0,0.2668917
0,0.2607804
0,0.26383883
0,0.26388505
0,0.2575539
0,0.26023996
0,0.26545146
0,0.2574285
0,0.2555806
0,0.25920865
0,0.25886118
0,0.2539826
0,0.2529168
0,0.26264873
0,0.25269675
0,0.251169
0,0.24931382
0,0.24733743
0,0.2455826
0,0.24970728
0,0.25817227
0,0.2592058
0,0.2508935
0,0.25292563
0,0.26368687
0,0.26792106
0,0.26827416
0,0.27076834
0,0.26785606
0,0.2715743
0,0.27051768
0,0.26922625
0,0.27136388
0,0.26534277
0,0.26386532
0,0.26765355
0,0.25687864
0,0.2582497
0,0.2624766
0,0.2570542
0,0.25574347
0,0.2547719
0,0.2575664
0,0.2593196
0,0.2596575
0,0.2555192
0,0.25650972
0,0.26327744
0,0.26177886
0,0.26765412
0,0.26210752
0,0.25549528
0,0.2580481
0,0.25810105
0,0.25772542
0,0.2512005
0,0.2547786
0,0.24973483
0,0.2513095
0,0.2608563
0,0.25524396
0,0.25460896
0,0.2650434
0,0.26325265
0,0.2679061
0,0.2702682
0,0.28123683
0,0.27577192
0,0.26945063
0,0.2832319
0,0.26730666
0,0.26028413
0,0.27834585
0,0.2732394
0,0.26742056
0,0.2592438
0,0.2607412
0,0.2644181
0,0.26501116
0,0.25962028
0,0.2588226
0,0.2626017
0,0.25854847
0,0.26158974
0,0.26661706
0,0.25636524
0,0.2577149
0,0.2600255
0,0.25416702
0,0.25735047
0,0.25220057
0,0.2551543
0,0.2595619
0,0.26187125
0,0.25798455
0,0.25215566
0,0.26176435
0,0.2677127
0,0.27051517
0,0.2716141
0,0.26797044
0,0.27100953
0,0.26899865
0,0.270236
0,0.26631212
0,0.26535857
0,0.27030396
0,0.27203888
0,0.2657272
0,0.26802438
0,0.26759028
0,0.2669003
0,0.26181757
0,0.2637923
0,0.26766056
0,0.2670627
0,0.26627538
0,0.26523763
0,0.26080337
0,0.26407838
0,0.2582784
0,0.2616671
0,0.26217422
0,0.25191495
0,0.25651312
0,0.2576527
0,0.25697947
0,0.2572763
0,0.25296536
0,0.25686154
0,0.25592718
0,0.25587916
0,0.2516673
0,0.25259203
0,0.24985369
0,0.26037237
0,0.2660635
0,0.26917887
0,0.27096894
0,0.27241492
0,0.26643044
0,0.27092424
0,0.27155003
0,0.2659504
0,0.26874584
0,0.26340806
0,0.25898248
0,0.26147667
0,0.26435873
0,0.26181766
0,0.25834224
0,0.2618796
0,0.2572026
0,0.25665882
0,0.25498626
0,0.2531875
0,0.25291348
0,0.2524789
0,0.25212577
0,0.24826224
0,0.2625247
0,0.25947154
0,0.2666029
0,0.26242194
0,0.26102963
0,0.2594294
0,0.2582792
0,0.26765916
0,0.27015698
0,0.26757416
0,0.27171713
0,0.2738941
0,0.27427667
0,0.26964456
0,0.26971996
0,0.26498756
0,0.2673728
0,0.26912364
0,0.26917794
0,0.26911566
0,0.26801118
0,0.268888
0,0.2656755
0,0.26164454
0,0.25913286
0,0.26078
0,0.26067436
0,0.25721836
0,0.26046494
0,0.261182
0,0.2568411
0,0.2585856
0,0.259113
0,0.26000214
0,0.25908005
0,0.2594646
0,0.26188046
0,0.25871858
0,0.25907934
0,0.25262222
0,0.25392634
0,0.25944698
0,0.26643512
0,0.28087935
0,0.27669197
0,0.27600512
0,0.27653724
0,0.27383706
0,0.26998422
0,0.27324465
0,0.26643452
0,0.26591408
0,0.26441377
0,0.26922175
0,0.2708294
0,0.2712574
0,0.27074948
0,0.2660885
0,0.27270365
0,0.27106315
0,0.27056286
0,0.270177
0,0.26934513
0,0.28071296
0,0.2678497
0,0.25906155
0,0.2548412
0,0.25126985
0,0.25521874
0,0.2540101
0,0.2588857
0,0.2500129
0,0.25720415
0,0.2682692
0,0.26316196
0,0.25683838
0,0.26365724
0,0.26979157
0,0.2605568
0,0.25955516
0,0.2585037
0,0.25707072
0,0.2538837
0,0.2538295
0,0.25380746
0,0.25154766
0,0.2506859
0,0.2595111
0,0.25931525
0,0.26416007
0,0.26191542
0,0.25528303
0,0.26448432
0,0.26469642
0,0.25983766
0,0.2520877
0,0.2553502
0,0.25994766
0,0.2656667
0,0.25421515
0,0.25056323
0,0.2477052
0,0.25001204
0,0.25395444
0,0.26172858
0,0.25985932
0,0.26547375
0,0.2665445
0,0.26240462
0,0.2681568
0,0.28077638
0,0.27295512
0,0.27183735
0,0.26695687
0,0.26330385
0,0.26592126
0,0.26295695
0,0.26265612
0,0.25781107
0,0.25630602
0,0.2656134
0,0.26331508
0,0.256451
0,0.2712014
0,0.26507357
0,0.2688707
0,0.2638119
0,0.26300114
0,0.26144913
0,0.25687087
0,0.25888732
0,0.25321206
0,0.2583674
0,0.25051147
0,0.24865533
0,0.24666022
0,0.25607333
0,0.25389895
0,0.24775702
0,0.25026047
0,0.2648256
0,0.26057342
0,0.26064026
0,0.26482174
0,0.26657456
0,0.26585516
0,0.26100406
0,0.26087397
0,0.25926253
0,0.2641281
0,0.26816034
0,0.26318282
0,0.25963613
0,0.25601575
0,0.25432837
0,0.25292337
0,0.25859714
0,0.25606692
0,0.25261995
0,0.2556713
0,0.25114736
0,0.25417015
0,0.25906536
0,0.25630802
0,0.25004098
0,0.25895074
0,0.2542638
0,0.25380218
0,0.26165676
0,0.25109008
0,0.2583319
0,0.25384045
0,0.24771486
0,0.25981644
0,0.25838348
0,0.25836822
0,0.26129225
0,0.26434097
0,0.2609045
0,0.26364133
0,0.25817436
0,0.2568655
0,0.26074886
0,0.2510932
0,0.25340867
0,0.24741773
0,0.25027645
0,0.25517905
0,0.25618872
0,0.2509862
0,0.25653014
0,0.2601515
0,0.25722468
0,0.25708318
0,0.25070906
0,0.25302544
0,0.24942417
0,0.24601007
0,0.25195926
0,0.2503321
0,0.24612255
0,0.24327661
0,0.25117585
0,0.25235686
0,0.25521514
0,0.2625354
0,0.2598112
0,0.26918158
0,0.26830328
0,0.27362105
0,0.26561686
0,0.26114374
0,0.2647887
0,0.26115343
0,0.26025704
0,0.2616448
0,0.25617126
0,0.2656354
0,0.26438656
0,0.25989863
0,0.25154716
0,0.2620046
0,0.26173759
0,0.2664933
0,0.25136775
0,0.2488041
0,0.2579296
0,0.2524699
0,0.25003436
0,0.2579587
0,0.26289353
0,0.2592765
0,0.25282124
0,0.25935987
0,0.25632566
0,0.24921566
0,0.2503146
0,0.2553401
0,0.26585424
0,0.26811624
0,0.2689525
0,0.27023548
0,0.2712438
0,0.2664815
0,0.2644353
0,0.26857919
0,0.26950586
0,0.263686
0,0.26677123
0,0.26766083
0,0.26243073
0,0.26408717
0,0.26562226
0,0.26575235
0,0.26587203
0,0.26692328
0,0.27138275
0,0.26237127
0,0.26314873
0,0.2604811
0,0.26108414
0,0.26476994
0,0.2550301
0,0.2643464
0,0.26038688
0,0.25192493
0,0.25616866
0,0.25656188
0,0.25519496
0,0.24996255
0,0.2530573
0,0.24662125
0,0.249152
0,0.24490967
0,0.24271646
0,0.24105023
0,0.2497029
0,0.25912946
0,0.25794506
0,0.26299468
0,0.2686465
0,0.26302248
0,0.26911637
0,0.26504165
0,0.2618514
0,0.26025862
0,0.27464798
0,0.2683907
0,0.26706952
0,0.27329415
0,0.25935858
0,0.2646142
0,0.26902655
0,0.26698717
0,0.27060738
0,0.2614208
0,0.2584738
0,0.26528105
0,0.25815943
0,0.25328422
0,0.2622639
0,0.25504488
0,0.2668481
0,0.2560656
0,0.26307583
0,0.2549942
0,0.25217503
0,0.25476804
0,0.2592151
0,0.25115484
0,0.24742888
0,0.24370712
0,0.2525963
0,0.24976513
0,0.26141146
0,0.25980088
0,0.25947452
0,0.26480687
0,0.26189286
0,0.26137382
0,0.25890332
0,0.27509978
0,0.2646283
0,0.2617388
0,0.2590862
0,0.26339933
0,0.2636692
0,0.25793672
0,0.26128742
0,0.26168206
0,0.26065794
0,0.256587
0,0.254188
0,0.2574339
0,0.2625546
0,0.25909287
0,0.2538926
0,0.2557267
0,0.2559179
0,0.2560594
0,0.26111266
0,0.25727648
0,0.25620726
0,0.250082
0,0.24651928
0,0.25414526
0,0.2532642
0,0.2660435
0,0.26758575
0,0.26376587
0,0.26760143
0,0.27304283
0,0.27176327
0,0.28055346
0,0.2728353
0,0.2668633
0,0.26807827
0,0.2578065
0,0.2624454
0,0.26723745
0,0.26083297
0,0.267839
0,0.26468834
0,0.26838726
0,0.25924268
0,0.26462522
0,0.2621912
0,0.26244935
0,0.26083142
0,0.25688052
0,0.26319033
0,0.25389725
0,0.25137395
0,0.24915518
0,0.2531289
0,0.2482264
0,0.25123227
0,0.25615937
0,0.24818456
0,0.25493127
0,0.25177842
0,0.26019537
0,0.2636785
0,0.2661434
0,0.2646257
0,0.26637894
0,0.28297234
0,0.27319905
0,0.27080092
0,0.2688148
0,0.27340084
0,0.26617014
0,0.26565316
0,0.26009277
0,0.26273292
0,0.25709802
0,0.26036006
0,0.26034638
0,0.25456798
0,0.2530116
0,0.25974512
0,0.2509693
0,0.2547861
0,0.24991396
0,0.26894793
0,0.26013112
0,0.257041
0,0.26575243
0,0.26292917
0,0.26723957
0,0.27227458
0,0.2658299
0,0.27291474
0,0.26582995
0,0.27356094
0,0.2701314
0,0.2702402
0,0.271153
0,0.26363197
0,0.2606148
0,0.2698584
0,0.2612789
0,0.2569894
0,0.2560377
0,0.26164895
0,0.2603069
0,0.25157392
0,0.25151286
0,0.24973723
0,0.25467703
0,0.2544959
0,0.24996018
0,0.25827822
0,0.2560776
0,0.26158592
0,0.26307935
0,0.25318277
0,0.25713137
0,0.26394007
0,0.26119453
0,0.25820687
0,0.2504818
0,0.26200438
0,0.26551697
0,0.26126286
0,0.26101145
0,0.2588587
0,0.25786656
0,0.25395307
0,0.26141998
0,0.2638042
0,0.25916135
0,0.26288667
0,0.26340857
0,0.25736788
0,0.26152685
0,0.25712398
0,0.25567022
0,0.254432
0,0.2516218
0,0.25719032
0,0.25425124
0,0.25762635
0,0.25817752
0,0.25370833
0,0.25177816
0,0.2556287
0,0.25087819
0,0.24959195
0,0.2537316
0,0.25330976
0,0.25523302
0,0.2496427
0,0.24667625
0,0.25673
0,0.24787429
0,0.24536599
0,0.24301095
0,0.25569043
0,0.25655413
0,0.25731203
0,0.25502592
0,0.25927028
0,0.2682516
0,0.26839924
0,0.2732886
0,0.26746988
0,0.26286826
0,0.26025894
0,0.26628006
0,0.25982627
0,0.2574223
0,0.2606645
0,0.2554476
0,0.25767285
0,0.26423153
0,0.25824824
0,0.26365873
0,0.25533134
0,0.25220641
0,0.27737287
0,0.26814708
0,0.262642
0,0.26443413
0,0.2601111
0,0.262098
0,0.26496276
0,0.25463912
0,0.2661869
0,0.26792654
0,0.26926768
0,0.2647679
0,0.26323238
0,0.26682746
0,0.26842043
0,0.26351687
0,0.25974235
0,0.26393348
0,0.2698077
0,0.26688096
0,0.25987574
0,0.25806636
0,0.2613482
0,0.26134628
0,0.2559472
0,0.26015368
0,0.26008302
0,0.25304288
0,0.25825953
0,0.26039395
0,0.25387302
0,0.2543923
0,0.25035396
0,0.24838595
0,0.24735124
0,0.2563482
0,0.24932057
0,0.24743994
0,0.2504768
0,0.25079328
0,0.2553918
0,0.25290814
0,0.25646457
0,0.25527114
0,0.26767159
0,0.26257703
0,0.27140716
0,0.27576235
0,0.27173415
0,0.2711012
0,0.27507955
0,0.2560587
0,0.26077345
0,0.26386413
0,0.27336043
0,0.2627079
0,0.2591596
0,0.25729895
0,0.269442
0,0.2597261
0,0.2520424
0,0.25284764
0,0.26068866
0,0.25861034
0,0.26262543
0,0.25501183
0,0.24989752
0,0.2534132
0,0.24687453
0,0.25120544
0,0.25591856
0,0.24868563
0,0.25581333
0,0.24748935
0,0.2540268
0,0.25605983
0,0.2569668
0,0.2514365
0,0.2583256
0,0.25869
0,0.2573118
0,0.25608313
0,0.25589556
0,0.25483972
0,0.2587502
0,0.2694101
0,0.264157
0,0.26300687
0,0.25780624
0,0.25788426
0,0.261159
0,0.2552328
0,0.25282744
0,0.25113046
0,0.25168893
0,0.25378498
0,0.24968632
0,0.25163504
0,0.247819
0,0.26551488
0,0.25199908
0,0.2525757
0,0.24755032
0,0.24983363
0,0.25487176
0,0.26651227
0,0.26759288
0,0.27390486
0,0.27133307
0,0.2704794
0,0.2706681
0,0.26504853
0,0.27151006
0,0.270174
0,0.2685678
0,0.261573
0,0.2585186
0,0.2659983
0,0.252487
0,0.25229123
0,0.2562149
0,0.25197217
0,0.25096256
0,0.2566715
0,0.256931
0,0.26085502
0,0.2632661
0,0.26242194
0,0.25969067
0,0.261517
0,0.26911432
0,0.2550936
0,0.25624987
0,0.25429553
0,0.25529927
0,0.26170754
0,0.2537543
0,0.2626499
0,0.26089084
0,0.27023578
0,0.2739798
0,0.27109018
0,0.26897866
0,0.26672342
0,0.26151034
0,0.26493645
0,0.26629618
0,0.2647343
0,0.26920858
0,0.27291724
0,0.2690747
0,0.26735803
0,0.26188424
0,0.2638537
0,0.25872847
0,0.2614123
0,0.26043275
0,0.26008886
0,0.25166076
0,0.25435388
0,0.25213987
0,0.2572083
0,0.2577787
0,0.258486
0,0.25853005
0,0.26401937
0,0.26477447
0,0.26087332
0,0.2591309
0,0.25611883
0,0.25499383
0,0.25014272
0,0.25196853
0,0.25168106
0,0.2511811
0,0.24648578
0,0.24396852
0,0.24221675
0,0.26002288
0,0.26255506
0,0.27321672
0,0.26530224
0,0.26299983
0,0.26105046
0,0.25823206
0,0.2633035
0,0.2687587
0,0.26170412
0,0.26930475
0,0.26696593
0,0.2690919
0,0.26680374
0,0.26971424
0,0.266535
0,0.26982492
0,0.26600587
0,0.25829598
0,0.25470823
0,0.26083526
0,0.25753653
0,0.26103592
0,0.26091915
0,0.26179904
0,0.26189002
0,0.2587577
0,0.25141117
0,0.2602516
0,0.2607767
0,0.26075888
0,0.26553974
0,0.2561878
0,0.25870642
0,0.2574366
0,0.26845375
0,0.2662039
0,0.26567307
0,0.2760036
0,0.26584604
0,0.26108357
0,0.263546
0,0.2633878
0,0.26022384
0,0.26075646
0,0.26111656
0,0.25336486
0,0.26683947
0,0.26053903
0,0.25901213
0,0.2612205
0,0.2535644
0,0.25583857
0,0.26062897
0,0.2518339
0,0.25396147
0,0.248384
0,0.24558692
0,0.24344343
0,0.26123628
0,0.26365653
0,0.2675291
0,0.2677045
0,0.27291644
0,0.28259432
0,0.26915702
0,0.26458848
0,0.27142134
0,0.263526
0,0.25881246
0,0.26112282
0,0.25753853
0,0.26756924
0,0.25342748
0,0.2575102
0,0.26203296
0,0.26094353
0,0.26100555
0,0.25445345
0,0.26230606
0,0.25957528
0,0.2634297
0,0.2599073
0,0.26673618
0,0.255258
0,0.26466528
0,0.2549051
0,0.25992256
0,0.25160903
0,0.2683656
0,0.25829977
0,0.2602012
0,0.26031297
0,0.26543802
0,0.26218012
0,0.26211527
0,0.26139966
0,0.26231918
0,0.26428363
0,0.26605716
0,0.26227587
0,0.26674512
0,0.26206774
0,0.26559666
0,0.2604293
0,0.26492155
0,0.26097542
0,0.26375642
0,0.26204878
0,0.26014128
0,0.26262677
0,0.2570998
0,0.25608158
0,0.2544261
0,0.25320402
0,0.2511298
0,0.25189772
0,0.25139672
0,0.2510123
0,0.2502034
0,0.24879889
0,0.2525753
0,0.25499237
0,0.25031263
0,0.25016
0,0.24763379
0,0.24585633
0,0.24984762
0,0.24801926
0,0.2448886
0,0.24797954
0,0.24376936
0,0.24188986
0,0.25010166
0,0.24844418
0,0.2516153
0,0.25478923
0,0.25577495
0,0.26035547
0,0.26253805
0,0.26860866
0,0.26171863
0,0.26030058
0,0.26361242
0,0.2683135
0,0.26546213
0,0.2582298
0,0.2562537
0,0.2615236
0,0.26093006
0,0.26420426
0,0.26210976
0,0.25595525
0,0.25291005
0,0.2613494
0,0.25797278
0,0.26248494
0,0.25887662
0,0.25145918
0,0.25622427
0,0.2594699
0,0.25195137
0,0.24815369
0,0.25092426
0,0.24684092
0,0.24997883
0,0.25530443
0,0.24699588
0,0.25379652
0,0.2558672
0,0.26237312
0,0.26596752
0,0.25843287
0,0.26055193
0,0.26599097
0,0.26189417
0,0.2610143
0,0.26514557
0,0.2657855
0,0.25974154
0,0.26326036
0,0.26137114
0,0.26330942
0,0.2619906
0,0.25653005
0,0.25767213
0,0.25999522
0,0.26024777
0,0.272647
0,0.26038086
0,0.26210138
0,0.25607276
0,0.2583311
0,0.2532811
0,0.254741
0,0.2549926
0,0.25523108
0,0.2551352
0,0.25497973
0,0.25546265
0,0.26532167
0,0.25303724
0,0.26373905
0,0.25672236
0,0.25495654
0,0.2685786
0,0.26320517
0,0.27002397
0,0.26952803
0,0.27224118
0,0.26407883
0,0.266391
0,0.26183277
0,0.26953587
0,0.2620439
0,0.25842473
0,0.25470793
0,0.2534934
0,0.2513952
0,0.2587075
0,0.25176588
0,0.25043246
0,0.2557204
0,0.2609123
0,0.25597906
0,0.26128277
0,0.25774032
0,0.25249186
0,0.25289375
0,0.25696227
0,0.24976656
0,0.25613278
0,0.25293013
0,0.24688406
0,0.2443639
0,0.2515212
0,0.25444016
0,0.25941235
0,0.26216507
0,0.26288155
0,0.26342607
0,0.26436105
0,0.27111915
0,0.26197076
0,0.25842312
0,0.25644857
0,0.2544772
0,0.25203934
0,0.25422546
0,0.2563627
0,0.2512283
0,0.25413173
0,0.255814
0,0.25598866
0,0.25541675
0,0.2551013
0,0.25477263
0,0.2673399
0,0.25866872
0,0.25167993
0,0.24865383
0,0.24552651
0,0.25059563
0,0.25460404
0,0.2658581
0,0.2620045
0,0.26018995
0,0.2875904
0,0.28028554
0,0.26962808
0,0.26602218
0,0.26753896
0,0.26305223
0,0.26139718
0,0.26952037
0,0.2611338
0,0.25951836
0,0.26129824
0,0.26667622
0,0.26372892
0,0.25784126
0,0.25425076
0,0.2582343
0,0.25906646
0,0.255106
0,0.25146633
0,0.25347292
0,0.24951716
0,0.2571483
0,0.2497872
0,0.24780253
0,0.2504848
0,0.2555197
0,0.2497833
0,0.2549886
0,0.25959542
0,0.26105973
0,0.25727823
0,0.25862786
0,0.25843707
0,0.2636141
0,0.26472875
0,0.26619583
0,0.26680413
0,0.2620664
0,0.38021865
0,0.44537273
0,0.34357736
0,0.30920282
0,0.2890345
0,0.2813557
0,0.27081364
0,0.2654939
0,0.26110262
0,0.2635504
0,0.26300594
0,0.2580637
0,0.26013985
0,0.2546221
0,0.2529082
0,0.25676426
0,0.26896697
0,0.26102573
0,0.25974935
0,0.257938
0,0.26996264
0,0.26068535
0,0.25835615
0,0.2514179
0,0.2482865
0,0.25539663
0,0.2524752
0,0.26244935
0,0.26095626
0,0.250608
0,0.25555286
0,0.25113362
0,0.25940806
0,0.25679284
0,0.26417747
0,0.26904008
0,0.26914987
0,0.25954375
0,0.2705176
0,0.26723614
0,0.26152858
0,0.25833982
0,0.25626636
0,0.25902528
0,0.26412836
0,0.2562682
0,0.2515779
0,0.24948014
0,0.26275048
0,0.2582023
0,0.262217
0,0.25190452
0,0.266774
0,0.25475648
0,0.25987086
0,0.26113078
0,0.26598677
0,0.25287107
0,0.24887009
0,0.26128858
0,0.25964168
0,0.2627179
0,0.26633704
0,0.26288128
0,0.2610094
0,0.2655935
0,0.26661325
0,0.26469815
0,0.2667387
0,0.2617412
0,0.2694021
0,0.26513425
0,0.26038054
0,0.2635446
0,0.25732955
0,0.24939574
0,0.25164613
0,0.25080025
0,0.25460497
0,0.25046587
0,0.24923164
0,0.24829842
0,0.252682
0,0.2527931
0,0.24820422
0,0.24447696
0,0.2568806
0,0.24757637
0,0.24851052
0,0.2531609
0,0.26061
0,0.26406813
0,0.26735234
0,0.26405105
0,0.26101604
0,0.27118036
0,0.2640646
0,0.27301008
0,0.2640581
0,0.2714367
0,0.26309246
0,0.25963485
0,0.2584069
0,0.26622498
0,0.25961986
0,0.25646996
0,0.2591119
0,0.2554016
0,0.25865743
0,0.26331076
0,0.25561222
0,0.25248477
0,0.24984884
0,0.25905177
0,0.26334596
0,0.27154478
0,0.26083443
0,0.25964698
0,0.2564373
0,0.27201238
0,0.27005404
0,0.26937836
0,0.27015606
0,0.27000624
0,0.26500833
0,0.26883176
0,0.26388967
0,0.26716176
0,0.26119632
0,0.26102445
0,0.26070556
0,0.25850132
0,0.2564361
0,0.26066452
0,0.256234
0,0.26012015
0,0.25562704
0,0.2589524
0,0.25943938
0,0.25832945
0,0.26310322
0,0.26088694
0,0.26150924
0,0.25387278
0,0.251027
0,0.24881662
0,0.24824062
0,0.25244278
0,0.26899502
0,0.26300094
0,0.25413448
0,0.25468725
0,0.2532779
0,0.24843577
0,0.2495881
0,0.2596524
0,0.25468254
0,0.26309586
0,0.27260038
0,0.2700126
0,0.26631227
0,0.26432684
0,0.25722864
0,0.26738474
0,0.26879278
0,0.26842687
0,0.27078068
0,0.2686168
0,0.27305958
0,0.26720685
0,0.27155575
0,0.262082
0,0.26856828
0,0.26540682
0,0.2737204
0,0.26144874
0,0.2561184
0,0.25921533
0,0.26078957
0,0.25422323
0,0.2607531
0,0.25332358
0,0.25075698
0,0.25355938
0,0.24837099
0,0.24662465
0,0.25254592
0,0.25078914
0,0.25484252
0,0.27878597
0,0.26628527
0,0.26406103
0,0.2627294
0,0.26514584
0,0.26135263
0,0.25950903
0,0.26319575
0,0.2952315
0,0.27539325
0,0.27196017
0,0.2669244
0,0.26142645
0,0.26259384
0,0.25167727
0,0.25531366
0,0.2513129
0,0.25524867
0,0.24945948
0,0.24801475
0,0.24714878
0,0.2454509
0,0.24993059
0,0.244958
0,0.2526611
0,0.25296882
0,0.25640875
0,0.24798673
0,0.25617406
0,0.24786448
0,0.2467803
0,0.25036785
0,0.26380664
0,0.25990534
0,0.25965318
0,0.26243028
0,0.2604239
0,0.26523432
0,0.26035017
0,0.25893554
0,0.25815246
0,0.25786126
0,0.26644674
0,0.26507732
0,0.26068586
0,0.26269996
0,0.25930506
0,0.26210022
0,0.2677182
0,0.26523674
0,0.26802778
0,0.26183704
0,0.25789684
0,0.26042295
0,0.26965925
0,0.2558159
0,0.26380938
0,0.26153496
0,0.26437172
0,0.26643762
0,0.26582548
0,0.26275417
0,0.25429174
0,0.25371918
0,0.25809374
0,0.26048496
0,0.26095605
0,0.2566731
0,0.25935695
0,0.2609145
0,0.26561067
0,0.2634433
0,0.26605177
0,0.2675114
0,0.26899967
0,0.27198976
0,0.2650988
0,0.2629037
0,0.26633787
0,0.26200548
0,0.26206622
0,0.25904354
0,0.26306197
0,0.26346308
0,0.25801843
0,0.2636205
0,0.26320767
0,0.257765
0,0.25505024
0,0.2585854
0,0.25901634
0,0.25765827
0,0.2644784
0,0.26648793
0,0.25685093
0,0.25976822
0,0.25573412
0,0.25642565
0,0.2559171
0,0.25016773
0,0.25672027
0,0.24922124
0,0.26715252
0,0.25655812
0,0.25443974
0,0.2616049
0,0.26577848
0,0.26025045
0,0.2557912
0,0.25796914
0,0.26186833
0,0.257869
0,0.26218104
0,0.27287373
0,0.26299864
0,0.25963888
0,0.2629263
0,0.25918898
0,0.26883292
0,0.2677246
0,0.26181996
0,0.2687967
0,0.26001108
0,0.25368178
0,0.26599634
0,0.25811338
0,0.2557603
0,0.26297593
0,0.26115882
0,0.25447693
0,0.2568484
0,0.26179463
0,0.25300488
0,0.2599268
0,0.25257975
0,0.24942872
0,0.2507073
0,0.25634474
0,0.24929135
0,0.2558398
0,0.25726217
0,0.24908748
0,0.25133947
0,0.25507098
0,0.25168884
0,0.25573027
0,0.25650382
0,0.26798138
0,0.26532963
0,0.2674987
0,0.2676285
0,0.27299732
0,0.26427022
0,0.27598134
0,0.27268046
0,0.2584468
0,0.2592042
0,0.26125383
0,0.26263753
0,0.25782767
0,0.26582605
0,0.25817025
0,0.2606461
0,0.25442013
0,0.25143316
0,0.24861073
0,0.25384536
0,0.25556105
0,0.25528657
0,0.2608124
0,0.27408975
0,0.2627511
0,0.2602315
0,0.2639721
0,0.25394765
0,0.2505589
0,0.25427294
0,0.2521717
0,0.2665983
0,0.25698182
0,0.25895292
0,0.25957713
0,0.26972762
0,0.27373487
0,0.27390885
0,0.26619947
0,0.27429444
0,0.27105665
0,0.27605018
0,0.2721602
0,0.27345854
0,0.26576254
0,0.27064267
0,0.26326433
0,0.26037237
0,0.2579422
0,0.25456604
0,0.2536731
0,0.26227108
0,0.2598277
0,0.26029545
0,0.2540849
0,0.25217476
0,0.24905895
0,0.25752637
0,0.24955386
0,0.25680047
0,0.26133633
0,0.26106608
0,0.25237975
0,0.2524583
0,0.257409
0,0.2641489
0,0.26150736
0,0.26105303
0,0.2709067
0,0.26428372
0,0.26862514
0,0.26141727
0,0.27381587
0,0.26977706
0,0.26512522
0,0.26228905
0,0.26529166
0,0.27094454
0,0.26362476
0,0.2609431
0,0.25942186
0,0.25721717
0,0.2610948
0,0.2628618
0,0.25817493
0,0.25551552
0,0.25543416
0,0.25267625
0,0.25296006
0,0.25179037
0,0.25513038
0,0.26369882
0,0.25314894
0,0.25761184
0,0.2519857
0,0.25479612
0,0.2595366
0,0.26074743
0,0.25282127
0,0.24975245
0,0.24693315
0,0.24479268
0,0.26283816
0,0.24927795
0,0.2650127
0,0.26136893
0,0.2698612
0,0.2635483
0,0.2719089
0,0.26520827
0,0.2787505
0,0.273477
0,0.2663967
0,0.268891
0,0.26412326
0,0.26726708
0,0.26179639
0,0.2581493
0,0.26869017
0,0.25695816
0,0.25811464
0,0.25484768
0,0.26136783
0,0.262415
0,0.25817135
0,0.25565252
0,0.25349656
0,0.25115016
0,0.25101998
0,0.25020573
0,0.24880628
0,0.25976026
0,0.25203368
0,0.25558522
0,0.25027528
0,0.24854611
0,0.25832283
0,0.2574756
0,0.26092896
0,0.25190008
0,0.24898116
0,0.24560958
0,0.25862205
0,0.24737811
0,0.25474727
0,0.24609067
0,0.25194436
0,0.24978559
0,0.26482353
0,0.26051337
0,0.26038605
0,0.2562081
0,0.2630201
0,0.26148152
0,0.26346844
0,0.26480907
0,0.26578152
0,0.26535577
0,0.25935033
0,0.26232842
0,0.25817913
0,0.26455256
0,0.26733395
0,0.26906317
0,0.2559222
0,0.26019463
0,0.26047653
0,0.25119856
0,0.25675437
0,0.25656834
0,0.25699168
0,0.2517488
0,0.24957006
0,0.25260314
0,0.24658132
0,0.24423133
0,0.24423069
0,0.24322525
0,0.25164092
0,0.24983408
0,0.2494874
0,0.24865864
0,0.2587689
0,0.25793472
0,0.25821507
1,0.25837234
1,0.26012093
1,0.26918676
1,0.2675416
1,0.2703451
1,0.26446334
1,0.2719947
1,0.2693636
1,0.2729624
1,0.2635843
1,0.2602004
1,0.263768
1,0.25605845
1,0.25412375
1,0.25321767
0,0.7646764
0,0.49059778
0,0.4125944
0,0.37059358
0,0.33366776
0,0.3198931
0,0.2892663
0,0.28823227
0,0.27315104
0,0.26533335
0,0.2657181
0,0.25613883
0,0.25193414
0,0.25569633
0,0.250692
0,0.26145267
0,0.2511713
0,0.2505817
0,0.2504576
0,0.24944565
0,0.25319234
0,0.25768617
0,0.25689209
0,0.27374196
0,0.2645089
0,0.267764
0,0.26860455
0,0.26345152
0,0.27174827
0,0.26478404
0,0.26250252
0,0.2504134
0,0.2552889
0,0.25306782
0,0.2586105
0,0.25971156
0,0.26044276
0,0.25430864
0,0.2572993
0,0.25868326
0,0.2546713
0,0.25623032
0,0.27406743
0,0.2581783
0,0.25978106
0,0.258017
0,0.25105834
0,0.2534054
0,0.24932979
0,0.26282594
0,0.25049767
0,0.25293535
0,0.24681716
0,0.25795168
0,0.25258872
0,0.24725115
0,0.2551389
0,0.25163254
0,0.25581697
0,0.24707568
0,0.26473707
0,0.25543812
0,0.25846303
0,0.2568314
0,0.26457414
0,0.26458368
0,0.27099138
0,0.26361597
0,0.26546818
0,0.26123977
0,0.26196975
0,0.2587149
0,0.2658496
0,0.2633088
0,0.25805175
0,0.257698
0,0.25458694
0,0.25798157
0,0.2514829
0,0.25016305
0,0.25838172
0,0.25601736
0,0.25114125
0,0.25939524
0,0.26075
0,0.25990823
0,0.25664917
0,0.26527736
0,0.2622065
0,0.26788533
0,0.269494
0,0.26669315
0,0.26930478
0,0.26396787
0,0.26188794
0,0.26641542
0,0.26118895
0,0.25900373
0,0.261476
0,0.25639802
0,0.26086745
0,0.25083807
0,0.25685766
0,0.2541357
0,0.2566876
0,0.25241795
0,0.24992448
0,0.25253618
0,0.2482722
0,0.24628119
0,0.2448274
0,0.24361978
0,0.25645384
0,0.27765548
0,0.26190192
0,0.27371198
0,0.26677343
0,0.25497183
0,0.26498708
0,0.262829
0,0.26347592
0,0.2717815
0,0.26428902
0,0.2608973
0,0.2599252
0,0.2588775
0,0.2632947
0,0.2586125
0,0.25934604
0,0.25805134
0,0.25731486
0,0.2510091
0,0.25387424
0,0.26460677
0,0.2552504
0,0.2591995
0,0.2523884
0,0.26264897
0,0.26205036
0,0.26712093
0,0.2539301
0,0.26438546
0,0.26202518
0,0.26652077
0,0.25752157
0,0.2495736
0,0.25578022
0,0.26184925
0,0.24916522
0,0.24986671
0,0.25827408
0,0.25021523
0,0.24811022
0,0.24562475
0,0.25025564
0,0.25876775
0,0.25393945
0,0.2485545
0,0.24633794
0,0.2504276
0,0.24411076
0,0.2430655
0,0.25136694
0,0.25894874
0,0.2582361
0,0.26470715
0,0.25556448
0,0.25913045
0,0.26443338
0,0.2675046
0,0.27439183
0,0.2713763
0,0.2754865
0,0.26509556
0,0.26809818
0,0.27383402
0,0.2723261
0,0.2673172
0,0.2728178
0,0.26609632
0,0.26570222
0,0.26377964
0,0.26293173
0,0.25678676
0,0.25492048
0,0.2526482
0,0.2499003
0,0.25470272
0,0.25014824
0,0.24893323
0,0.2522197
0,0.24840172
0,0.2556937
0,0.2540119
0,0.258851
0,0.26022893
0,0.31779853
0,0.27860883
0,0.27418068
0,0.2701657
0,0.26736137
0,0.2592649
0,0.26007074
0,0.26744613
0,0.27093238
0,0.27119368
0,0.25830242
0,0.2593885
0,0.26629916
0,0.2699039
0,0.27095255
0,0.2662061
0,0.26900032
0,0.26951662
0,0.26918858
0,0.27039397
0,0.27057022
0,0.26503322
0,0.26840448
0,0.26668194
0,0.26731446
0,0.2624055
0,0.26553464
0,0.2597046
0,0.2598553
0,0.26245454
0,0.26317245
0,0.26307768
0,0.2623703
0,0.25704727
0,0.25954682
0,0.2617303
0,0.26079097
0,0.25414294
0,0.25506735
0,0.24597569
0,0.252128
0,0.25373575
0,0.2539954
0,0.25459567
0,0.25455067
0,0.25451976
0,0.25419834
0,0.26397073
0,0.2685862
0,0.2655672
0,0.26499927
0,0.2618115
0,0.26797202
0,0.2609273
0,0.26702932
0,0.26248765
0,0.26680973
0,0.2640637
0,0.26120052
0,0.264731
0,0.25504753
0,0.26238725
0,0.2583057
0,0.25710413
0,0.25515795
0,0.25556824
0,0.2632812
0,0.26176113
0,0.25708064
0,0.25513723
0,0.2595862
0,0.25763777
0,0.25989395
0,0.25466472
0,0.2575769
0,0.25160533
0,0.25014505
0,0.24832553
0,0.25212643
0,0.24748784
0,0.24688718
0,0.25029695
0,0.25245363
0,0.24713467
0,0.24506049
0,0.24767719
0,0.25841388
0,0.2630253
0,0.26590422
0,0.26322404
0,0.26504657
0,0.26720256
0,0.2665104
0,0.26738933
0,0.2729286
0,0.2692105
0,0.27086216
0,0.2635762
0,0.26574332
0,0.2666539
0,0.26559195
0,0.26572514
0,0.26594228
0,0.26450425
0,0.2581299
0,0.26031062
0,0.2609607
0,0.25680587
0,0.2584678
0,0.25816217
0,0.2582369
0,0.25860885
0,0.2573091
0,0.2574091
0,0.26174015
0,0.2594841
0,0.26257998
0,0.26368862
0,0.26848772
0,0.27210483
0,0.27374074
0,0.26905245
0,0.27362758
0,0.26669258
0,0.27157533
0,0.27229583
0,0.25756487
0,0.2659367
0,0.26194996
0,0.26248166
0,0.2666549
0,0.2688539
0,0.26493517
0,0.27448162
0,0.2655012
0,0.26908055
0,0.26774478
0,0.26418287
0,0.26141384
0,0.26183176
0,0.26345655
0,0.25966132
0,0.2620533
0,0.26263452
0,0.26256454
0,0.262737
0,0.26119277
0,0.25912127
0,0.25816253
0,0.25356343
0,0.26429188
0,0.25882915
0,0.2680264
0,0.26080546
0,0.2684435
0,0.26750124
0,0.27276275
0,0.2679453
0,0.2731026
0,0.26896054
0,0.27118894
0,0.26470765
0,0.26919493
0,0.27049294
0,0.2697026
0,0.27088445
0,0.27068263
0,0.27138558
0,0.2706135
0,0.26461112
0,0.26713976
0,0.26138955
0,0.25496197
0,0.25665137
0,0.2610587
0,0.25249186
0,0.25892237
0,0.26014113
0,0.26101694
0,0.26207343
0,0.26892322
0,0.25935256
0,0.2609685
0,0.26121044
0,0.260314
0,0.26115668
0,0.26476753
0,0.2688865
0,0.26499712
0,0.26123485
0,0.25968775
0,0.26320213
0,0.26359764
0,0.26975197
0,0.27134007
0,0.26572612
0,0.27042115
0,0.26955917
0,0.2655872
0,0.2688938
0,0.2647121
0,0.26807147
0,0.26339296
0,0.2616405
0,0.26025122
0,0.26351222
0,0.25853133
0,0.26730543
0,0.2647806
0,0.26864988
0,0.2595302
0,0.2561651
0,0.25892174
0,0.252655
0,0.25697666
0,0.26220995
0,0.26394007
0,0.25596052
0,0.25772914
0,0.2572721
0,0.26357445
0,0.26778916
0,0.26628518
0,0.27100876
0,0.2674051
0,0.2712637
0,0.2715959
0,0.2722217
0,0.26706782
0,0.2698652
0,0.2651507
0,0.26753384
0,0.26106626
0,0.2643996
0,0.26669386
0,0.26693222
0,0.2674549
0,0.31598565
0,0.28565755
0,0.27809778
0,0.2803538
0,0.2725145
0,0.26540375
0,0.26636136
0,0.26421958
0,0.25939155
0,0.25610495
0,0.25896272
0,0.2541722
0,0.2632932
0,0.26214036
0,0.26047394
0,0.25972825
0,0.25833148
0,0.25312498
0,0.24951689
0,0.25804353
0,0.26045918
0,0.26568708
0,0.25863
0,0.267449
0,0.2705821
0,0.2716606
0,0.27192593
0,0.27232203
0,0.26479158
0,0.26953033
0,0.26254398
0,0.26549414
0,0.26140642
0,0.25982204
0,0.25864998
0,0.2580788
0,0.25853568
0,0.2560398
0,0.26064405
0,0.25446573
0,0.2535962
0,0.25284544
0,0.2507878
0,0.25901467
0,0.25738975
0,0.2614818
0,0.25868875
0,0.25238344
0,0.25552014
0,0.24986236
0,0.2566168
0,0.2618279
0,0.26822737
0,0.27093196
0,0.2733659
0,0.27142513
0,0.2682738
0,0.27169845
0,0.26189452
0,0.26832837
0,0.26888996
0,0.26979047
0,0.26500905
0,0.26736456
0,0.26868263
0,0.2672989
0,0.26855165
0,0.26762015
0,0.2671272
0,0.2657885
0,0.2662521
0,0.2600367
0,0.26095968
0,0.2681019
0,0.26172107
0,0.26178128
0,0.26193026
0,0.26112255
0,0.25484595
0,0.2581355
0,0.25991237
0,0.26114145
0,0.25869176
0,0.26080722
0,0.27299306
0,0.26762253
0,0.26794958
0,0.26533583
0,0.27083176
0,0.2645429
0,0.27527452
0,0.27321854
0,0.27269655
0,0.26728955
0,0.26456958
0,0.2671692
0,0.2628515
0,0.26639324
0,0.26129538
0,0.26009
0,0.25901204
0,0.26028764
0,0.26252735
0,0.2630406
0,0.26402596
0,0.2591512
0,0.25715113
0,0.25881746
0,0.2610762
0,0.26159722
0,0.2586744
0,0.2582841
0,0.26006567
0,0.2539321
0,0.2574358
0,0.25796008
0,0.25223222
0,0.25070915
0,0.2618251
0,0.25337955
0,0.25873053
0,0.2506619
0,0.24910666
0,0.24723089
0,0.25290105
0,0.24760087
0,0.25595707
0,0.2643282
0,0.26187617
0,0.26773244
0,0.26932833
0,0.2724007
0,0.27238107
0,0.26702914
0,0.27026877
0,0.26493984
0,0.27364767
0,0.27151147
0,0.2710778
0,0.26588532
0,0.26931313
0,0.2723804
0,0.26417118
0,0.26767027
0,0.26760143
0,0.2664021
0,0.26338407
0,0.26398835
0,0.26428646
0,0.2749486
0,0.26867354
0,0.2640268
0,0.26398093
0,0.25838566
0,0.26024798
0,0.2608376
0,0.2590112
0,0.26660958
0,0.26174
0,0.26429728
0,0.25981814
0,0.2618961
0,0.2638302
0,0.26391572
0,0.26441103
0,0.27595672
0,0.2738274
0,0.26653647
0,0.2615517
0,0.26222393
0,0.26865253
0,0.26177242
0,0.26201954
0,0.2606168
0,0.25956857
0,0.25870824
0,0.25446585
0,0.27132118
0,0.2578567
0,0.2576731
0,0.26211232
0,0.25678402
0,0.2606057
0,0.26539734
0,0.25796822
0,0.26016676
0,0.26009956
0,0.25931576
0,0.2596164
0,0.25348032
0,0.2568274
0,0.2601063
0,0.25317645
0,0.25445795
0,0.26407358
0,0.25797126
0,0.26031435
0,0.2727938
0,0.27948815
0,0.2812397
0,0.27964422
0,0.27475408
0,0.27255037
0,0.27394527
0,0.2682172
0,0.26923782
0,0.26712525
0,0.26817206
0,0.26388296
0,0.2642473
0,0.2609742
0,0.26411122
0,0.26494792
0,0.26169348
0,0.25930348
0,0.26239714
0,0.26359034
0,0.26885787
0,0.25945657
0,0.2617215
0,0.25671005
0,0.26091152
0,0.25620052
0,0.26231948
0,0.26959562
0,0.26955888
0,0.26300806
0,0.27016583
0,0.2632733
0,0.25481787
0,0.26676396
0,0.27409017
0,0.25836766
0,0.26322967
0,0.26923957
0,0.27133754
0,0.2796127
0,0.2768739
0,0.27656478
0,0.27477458
0,0.2690818
0,0.26667935
0,0.25750786
0,0.26143134
0,0.26021084
0,0.26941296
0,0.2679449
0,0.26643422
0,0.26166221
0,0.26005894
0,0.25802386
0,0.26789758
0,0.26418304
0,0.26898062
0,0.26576817
0,0.25839743
0,0.26273197
0,0.25651303
0,0.25907555
0,0.25397184
0,0.25133237
0,0.2536808
0,0.26463675
0,0.2589945
0,0.26803982
0,0.26559827
0,0.26952112
0,0.26692235
0,0.26968667
0,0.2708462
0,0.27172962
0,0.272793
0,0.27250323
0,0.27058357
0,0.2690525
0,0.2699792
0,0.2663795
0,0.2678671
0,0.26607868
0,0.2658195
0,0.26592934
0,0.2631421
0,0.26467028
0,0.25451642
0,0.2602919
0,0.2565717
0,0.25969058
0,0.26131526
0,0.26032472
0,0.26119912
0,0.25992203
0,0.26315206
0,0.26044637
0,0.2602785
0,0.25796032
0,0.25819373
0,0.2652215
0,0.26599076
0,0.2711376
0,0.2674342
0,0.2661517
0,0.2693268
0,0.26549944
0,0.26870957
0,0.26170617
0,0.2669948
0,0.26305023
0,0.26167306
0,0.2733778
0,0.26447678
0,0.26202315
0,0.25893998
0,0.26303944
0,0.26491746
0,0.25651622
0,0.26139995
0,0.25644553
0,0.25477952
0,0.25364596
0,0.25560158
0,0.25223655
0,0.2558559
0,0.25685996
0,0.25165492
0,0.25049073
0,0.26139098
0,0.25559735
0,0.2541443
0,0.26092502
0,0.25664628
0,0.26503327
0,0.26243988
0,0.25909492
0,0.2613739
0,0.26041573
0,0.25514743
0,0.25816455
0,0.25827056
0,0.25821537
0,0.252449
0,0.24980927
0,0.2525006
0,0.2635756
0,0.25971752
0,0.26613754
0,0.39653355
0,0.32647052
0,0.3032678
0,0.2946669
0,0.28785276
0,0.28190255
0,0.27270818
0,0.27305144
0,0.27316353
0,0.271402
0,0.2709828
0,0.26876268
0,0.2637419
0,0.26500112
0,0.2661411
0,0.26585498
0,0.26578715
0,0.26439396
0,0.25924218
0,0.26109248
0,0.26738593
0,0.26405784
0,0.264343
0,0.26334155
0,0.2622721
0,0.26160088
0,0.25498834
0,0.25843477
0,0.25999504
0,0.25776905
0,0.26152012
0,0.2630189
0,0.26376614
0,0.26436356
0,0.26919875
0,0.27015203
0,0.2666783
0,0.2736701
0,0.26743117
0,0.26860565
0,0.27000627
0,0.26478654
0,0.26167172
0,0.26516306
0,0.26429835
0,0.25998643
0,0.26282945
0,0.25794262
0,0.2606111
0,0.2730684
0,0.26392576
0,0.2644321
0,0.257015
0,0.25979665
0,0.2542136
0,0.25646284
0,0.25114998
0,0.25792724
0,0.25564718
0,0.26523516
0,0.26869288
0,0.26296926
0,0.25201246
0,0.2589101
0,0.27009347
0,0.27043846
0,0.2745684
0,0.26852533
0,0.27196422
0,0.26689482
0,0.27310488
0,0.27106616
0,0.26934645
0,0.2692032
0,0.26658675
0,0.26767665
0,0.26542023
0,0.2651558
0,0.2624158
0,0.253121
0,0.2589236
0,0.256439
0,0.25729403
0,0.26066133
0,0.26259595
0,0.25503793
0,0.25088346
0,0.24970034
0,0.25265932
0,0.24789211
0,0.25133446
0,0.25191414
0,0.26334578
0,0.262563
0,0.2628659
0,0.26848269
0,0.2595682
0,0.26853204
0,0.26253226
0,0.26331896
0,0.2674745
0,0.25887096
0,0.2746736
0,0.27064323
0,0.27550706
0,0.26445195
0,0.26165408
0,0.26482868
0,0.26624447
0,0.27005845
0,0.2622888
0,0.26007175
0,0.26240018
0,0.25330803
0,0.24813855
0,0.25146395
0,0.25289068
0,0.25672188
0,0.25684252
0,0.2636677
0,0.25930566
0,0.2531257
0,0.25506583
0,0.24972537
0,0.26183915
0,0.2640808
0,0.26856446
0,0.2676214
0,0.2653284
0,0.26916096
0,0.2703271
0,0.2685726
0,0.26864904
0,0.26810524
0,0.26317236
0,0.26467553
0,0.26576453
0,0.26525086
0,0.2595637
0,0.26178506
0,0.2561886
0,0.25918725
0,0.26123667
0,0.2593718
0,0.42606172
0,0.33024362
0,0.3030411
0,0.28725547
0,0.27258137
0,0.27397576
0,0.27736154
0,0.2775399
0,0.2769919
0,0.2678121
0,0.26745424
0,0.26490548
0,0.26383716
0,0.2622138
0,0.26156658
0,0.25988346
0,0.25244075
0,0.2607944
0,0.26915902
0,0.26634508
0,0.27586034
0,0.26454422
0,0.26207033
0,0.26408064
0,0.26112345
0,0.2577047
0,0.26128572
0,0.25702262
0,0.25529653
0,0.2532919
0,0.25320017
0,0.25977096
0,0.25762305
0,0.2519477
0,0.25531423
0,0.2559037
0,0.25533286
0,0.25483972
0,0.254243
0,0.26497418
0,0.26161537
0,0.25835666
0,0.26698413
0,0.269268
0,0.26854172
0,0.26549077
0,0.26776302
0,0.2751904
0,0.27229598
0,0.26661298
0,0.2686868
0,0.2635807
0,0.2674906
0,0.26119715
0,0.2649751
0,0.26097673
0,0.26387542
0,0.25283337
0,0.25948778
0,0.2611784
0,0.26172054
0,0.26178437
0,0.26174313
0,0.25690117
0,0.2597397
0,0.26815516
0,0.25687042
0,0.26068884
0,0.26026618
0,0.25546068
0,0.26289693
0,0.26043612
0,0.25977287
0,0.25929576
0,0.25778696
0,0.25683963
0,0.26014644
0,0.2609954
0,0.27351576
0,0.27230248
0,0.26779574
0,0.26637432
0,0.26463708
0,0.2693912
0,0.2706734
0,0.27157372
0,0.26209408
0,0.26261342
0,0.2588484
0,0.2623843
0,0.26513326
0,0.26593676
0,0.26764813
0,0.2614469
0,0.25837824
0,0.2663852
0,0.2643693
0,0.2590981
0,0.26186916
0,0.25432485
0,0.3094893
0,0.27282238
0,0.32576743
0,0.28786737
0,0.28091252
0,0.2789402
0,0.2710964
0,0.26160753
0,0.26137805
0,0.26538217
0,0.26604664
0,0.2716591
0,0.2661618
0,0.26937747
0,0.27279502
0,0.27372453
0,0.27596158
0,0.27517575
0,0.264033
0,0.25972027
0,0.26157418
0,0.26626635
0,0.26216185
0,0.26504332
0,0.25931284
0,0.2636977
0,0.25906056
0,0.26091257
0,0.25682884
0,0.25903544
0,0.2547063
0,0.26868907
0,0.2577492
0,0.259532
0,0.2520333
0,0.25536808
0,0.25059414
0,0.25464
0,0.25949183
0,0.25665992
0,0.25628206
0,0.25592965
0,0.25579688
0,0.25860134
0,0.25563464
0,0.25980362
0,0.26104778
0,0.26556322
0,0.27177358
0,0.26614252
0,0.27481478
0,0.2715796
0,0.2681191
0,0.26499522
0,0.26824614
0,0.26340774
0,0.39856386
0,0.32335776
0,0.29381943
0,0.2825761
0,0.27627257
0,0.27432463
0,0.26413012
0,0.26630488
0,0.25923726
0,0.26174286
0,0.26183158
0,0.26132318
0,0.26922575
0,0.26687407
0,0.26889965
0,0.25797367
0,0.26008773
0,0.25884175
0,0.258157
0,0.30232528
0,0.28456503
0,0.32875994
0,0.3023475
0,0.29068592
0,0.28745714
0,0.2840217
0,0.28029343
0,0.2794438
0,0.27783412
0,0.27234894
0,0.27435297
0,0.27341563
0,0.27314466
0,0.2673018
0,0.25380498
0,0.26275325
0,0.2642942
0,0.26256713
0,0.25674793
0,0.25615653
0,0.26383975
0,0.2605637
0,0.2620509
0,0.2564753
0,0.26086262
0,0.25936484
0,0.26078048
0,0.25114638
0,0.25584152
0,0.25169125
0,0.2527666
0,0.24903838
0,0.25164253
0,0.25580144
0,0.2640181
0,0.26858413
0,0.2654391
0,0.26525706
0,0.26988587
0,0.2714578
0,0.26734728
0,0.27100107
0,0.26661164
0,0.26247236
0,0.26000193
0,0.2663934
0,0.26288155
0,0.26624036
0,0.27654445
0,0.26684538
0,0.2640213
0,0.26690713
0,0.26685655
0,0.26720428
0,0.25856107
0,0.25259355
0,0.25411424
0,0.25840747
0,0.25236177
0,0.25205326
0,0.25113308
0,0.25541568
0,0.2563094
0,0.25146058
0,0.25493243
0,0.2638212
0,0.25374037
0,0.25464445
0,0.26395157
0,0.2669625
0,0.32455096
0,0.28918496
0,0.2708367
0,0.27682427
0,0.28109232
0,0.26673368
0,0.2725208
0,0.2737173
0,0.27208614
0,0.27800658
0,0.2745488
0,0.26936823
0,0.27514306
0,0.27324456
0,0.27040237
0,0.2749504
0,0.2729146
0,0.27157155
0,0.2709329
0,0.26788336
0,0.26304182
0,0.2647334
0,0.26528585
0,0.26342976
0,0.26254842
0,0.26192272
0,0.2630728
0,0.2664057
0,0.263119
0,0.2667478
0,0.25723627
0,0.2598261
0,0.2538447
0,0.2566778
0,0.25789565
0,0.26487306
0,0.26088896
0,0.25893602
0,0.25260097
0,0.26311266
0,0.26319736
0,0.27404574
0,0.26817262
0,0.26925337
0,0.2619057
0,0.2634764
0,0.26017034
0,0.25868887
0,0.26854166
0,0.2574887
0,0.2648015
0,0.26488042
0,0.26160467
0,0.2600934
0,0.25867113
0,0.25679627
0,0.25495687
0,0.2531531
0,0.253287
0,0.2521244
0,0.25626597
0,0.2583322
0,0.2574212
0,0.2535445
0,0.25182295
0,0.25525993
0,0.25612393
0,0.2550495
0,0.25655097
0,0.3073393
0,0.2719118
0,0.26326594
0,0.25261286
0,0.26506558
0,0.2693284
0,0.26111785
0,0.2694078
0,0.2714661
0,0.27334893
0,0.26252443
0,0.2692198
0,0.26798737
0,0.2710346
0,0.27105814
0,0.2707555
0,0.27151203
0,0.27210194
0,0.2661921
0,0.26913804
0,0.26411703
0,0.26767644
0,0.26021326
0,0.2655621
0,0.26408368
0,0.2657173
0,0.25833046
0,0.26515877
0,0.25750354
0,0.26147276
0,0.26637462
0,0.2801961
0,0.2712158
0,0.2759505
0,0.26753664
0,0.26795155
0,0.2659522
0,0.26671395
0,0.25771463
0,0.2682425
0,0.26157093
0,0.2592821
0,0.26828846
0,0.27138478
0,0.2620012
0,0.27392602
0,0.2717167
0,0.26674008
0,0.26626262
0,0.25954825
0,0.26754516
0,0.26984346
0,0.26930177
0,0.2657366
0,0.25382847
0,0.25976482
0,0.26006743
0,0.265666
0,0.27036923
0,0.26252893
0,0.2611774
0,0.26519853
0,0.25984535
0,0.26443616
0,0.25995225
0,0.25358674
0,0.26074165
0,0.26717186
0,0.26000303
0,0.258806
0,0.26838708
0,0.266253
0,0.2568653
0,0.25635403
0,0.258134
0,0.25477457
0,0.25205347
0,0.2503585
0,0.24882606
0,0.25705087
0,0.25054216
0,0.24828283
0,0.24705623
0,0.25838098
0,0.2567527
0,0.2554335
0,0.25469866
0,0.24901631
0,0.26211676
0,0.26419446
0,0.24871156
0,0.25763118
0,0.26421627
0,0.25781038
0,0.2653514
0,0.26504058
0,0.26711315
0,0.2633881
0,0.26784632
0,0.25272208
0,0.26047143
0,0.26866856
0,0.2659491
0,0.27000743
0,0.27386746
0,0.26532418
0,0.26786327
0,0.26669434
0,0.26368657
0,0.25802255
0,0.26135114
0,0.2617762
0,0.26161245
0,0.26004148
0,0.26106665
0,0.2641329
0,0.26049405
0,0.25542185
0,0.25520322
0,0.2744139
0,0.26405534
0,0.2570385
0,0.2574604
0,0.25769073
0,0.2576076
0,0.2626486
0,0.2640975
0,0.26990893
0,0.27236748
0,0.26654035
0,0.2723741
0,0.27305457
0,0.26839757
0,0.2708136
0,0.27206174
0,0.26158604
0,0.25757492
0,0.26106107
0,0.26018476
0,0.26238558
0,0.26545998
0,0.26598558
0,0.2595486
0,0.2644885
0,0.25268516
0,0.2605129
0,0.25644672
0,0.25480402
0,0.25493526
0,0.25783625
0,0.25271478
0,0.25744674
0,0.2532638
0,0.25126895
0,0.25424206
0,0.2549131
0,0.25477263
0,0.26450214
0,0.2591642
0,0.2574598
0,0.2631004
0,0.26736844
0,0.26659325
0,0.26951483
0,0.26723588
0,0.26675293
0,0.27150893
0,0.2727706
0,0.26755074
0,0.2750609
0,0.26624158
0,0.270405
0,0.27395695
0,0.26896262
0,0.27035296
0,0.2693136
0,0.26376623
0,0.25093037
0,0.26063976
0,0.25889862
0,0.2619634
0,0.2667965
0,0.26495618
0,0.26418638
0,0.2709001
0,0.26572815
0,0.26457226
0,0.2633961
0,0.26683676
0,0.2626592
0,0.27279857
0,0.25993535
0,0.26429614
0,0.26066265
0,0.26224244
0,0.26328042
0,0.27720258
0,0.2749043
0,0.27360663
0,0.2732127
0,0.27409017
0,0.27334997
0,0.2674707
0,0.263261
0,0.2677678
0,0.2592527
0,0.26581514
0,0.26395127
0,0.26019418
0,0.25838172
0,0.26190448
0,0.26295617
0,0.26249072
0,0.26302895
0,0.26037592
0,0.255742
0,0.25800633
0,0.257065
0,0.2513988
0,0.25566664
0,0.25557947
0,0.2514416
0,0.24888498
0,0.252542
0,0.2610396
0,0.25177297
0,0.257448
0,0.2645344
0,0.26867476
0,0.27143985
0,0.27206644
0,0.2776601
0,0.27570277
0,0.26964742
0,0.2617644
0,0.273628
0,0.26222154
0,0.27071264
0,0.2746013
0,0.27654248
0,0.27032852
0,0.2660435
0,0.26833457
0,0.26625678
0,0.26698804
0,0.26134324
0,0.2622888
0,0.26324856
0,0.26364243
0,0.26319844
0,0.26305327
0,0.25727895
0,0.25512913
0,0.2593282
0,0.25955364
0,0.25942963
0,0.26279905
0,0.25545067
0,0.2582869
0,0.25316042
0,0.2556979
0,0.25623223
0,0.2556274
0,0.25539768
0,0.26939797
0,0.25543362
0,0.26432404
0,0.2641417
0,0.267036
0,0.25981122
0,0.2632071
0,0.26280016
0,0.27321574
0,0.27587754
0,0.27278948
0,0.26846075
0,0.26980498
0,0.26951194
0,0.26439857
0,0.2552241
0,0.25733414
0,0.2561276
0,0.2537869
0,0.25320464
0,0.25679928
0,0.264216
0,0.2619358
0,0.25629392
0,0.26049253
0,0.26034197
0,0.26508495
0,0.27044362
0,0.27241227
0,0.26619864
0,0.2579148
0,0.25408942
0,0.2512574
0,0.25355053
0,0.24855301
0,0.26021647
0,0.26552483
0,0.26172715
0,0.26856416
0,0.27692083
0,0.27456787
0,0.2750514
0,0.27481982
0,0.27526554
0,0.27471873
0,0.27116558
0,0.25867176
0,0.26640347
0,0.26839334
0,0.2837371
0,0.27634424
0,0.27387056
0,0.26627347
0,0.26970544
0,0.27593794
0,0.27159232
0,0.2701006
0,0.2689644
0,0.26854655
0,0.26530567
0,0.2665591
0,0.26428992
0,0.2647679
0,0.26230285
0,0.26317546
0,0.26246256
0,0.2626897
0,0.25636783
0,0.25411636
0,0.25687087
0,0.25156403
0,0.25758058
0,0.25585592
0,0.27130336
0,0.25685903
0,0.25667328
0,0.26604447
0,0.25502884
0,0.27061677
0,0.2720014
0,0.27725795
0,0.27089038
0,0.26974604
0,0.2728337
0,0.27567017
0,0.2740701
0,0.2685989
0,0.26810116
0,0.26480833
0,0.26723862
0,0.26341107
0,0.2597409
0,0.24850303
0,0.253881
0,0.25459513
0,0.25920328
0,0.25538874
0,0.25970525
0,0.25276223
0,0.25720423
0,0.25872913
0,0.2523607
0,0.25610602
0,0.25754836
0,0.25720188
0,0.24793747
0,0.2526359
0,0.25378498
0,0.2492833
0,0.25192592
0,0.25249863
0,0.26318827
0,0.2597498
0,0.26704076
0,0.26916537
0,0.26588774
0,0.26886916
0,0.26421177
0,0.26103187
0,0.2660959
0,0.26738063
0,0.26263046
0,0.26579207
0,0.26102054
0,0.26779294
0,0.2662166
0,0.26592654
0,0.27081797
0,0.25686622
0,0.25437504
0,0.25918433
0,0.2594077
0,0.26010376
0,0.25783738
0,0.24811073
0,0.2493619
0,0.25693512
0,0.25011545
0,0.25677338
0,0.26545846
0,0.26239315
0,0.26288167
0,0.25892437
0,0.2667492
0,0.26681376
0,0.26432535
0,0.26311147
0,0.26720133
0,0.2678288
0,0.2632848
0,0.2585366
0,0.26409668
0,0.2647239
0,0.26574016
0,0.26569495
0,0.25929108
0,0.26291493
0,0.25691912
0,0.2608499
0,0.2603248
0,0.26051226
0,0.26033425
0,0.25977942
0,0.2545204
0,0.25145987
0,0.24990387
0,0.25218388
0,0.24876253
0,0.25084782
0,0.25917268
0,0.26597962
0,0.26548848
0,0.25998956
0,0.26714793
0,0.26463246
0,0.26684836
0,0.26920158
0,0.2650723
0,0.2635844
0,0.25641966
0,0.25635383
0,0.2566957
0,0.25724044
0,0.26610777
0,0.26512662
0,0.26549923
0,0.2578085
0,0.257443
0,0.26142457
0,0.26235002
0,0.2637726
0,0.26385558
0,0.2659666
0,0.264452
0,0.26912946
0,0.26479974
0,0.2590362
0,0.261164
0,0.2552454
0,0.2554072
0,0.25171524
0,0.25374055
0,0.2575121
0,0.26087892
0,0.2526429
0,0.26437145
0,0.26283512
0,0.2690034
0,0.2657633
0,0.27091298
0,0.26975203
0,0.2718899
0,0.26737922
0,0.26706633
0,0.2598183
0,0.2678195
0,0.26829514
0,0.26782903
0,0.26879856
0,0.26266536
0,0.25529444
0,0.25907373
0,0.26221895
0,0.25714752
0,0.26121503
0,0.25402045
0,0.2596015
0,0.25322703
0,0.25849488
0,0.25262308
0,0.25720719
0,0.2510037
0,0.26104537
0,0.25306568
0,0.2654147
0,0.25394738
0,0.25031796
0,0.25779146
0,0.26360428
0,0.2618179
0,0.26743087
0,0.27051145
0,0.2667257
0,0.2655915
0,0.26929858
0,0.2745145
0,0.27778158
0,0.26973823
0,0.27147102
0,0.27017847
0,0.27085665
0,0.27035302
0,0.26444265
0,0.27681997
0,0.2692212
0,0.27268407
0,0.26967084
0,0.26351732
0,0.26498535
0,0.2601783
0,0.26240698
0,0.2636626
0,0.2600544
0,0.26187718
0,0.25994286
0,0.25331485
0,0.25884095
0,0.25293186
0,0.25679252
0,0.260542
0,0.25995445
0,0.25814718
0,0.25716698
0,0.26055902
0,0.25663412
0,0.26559177
0,0.26952523
0,0.2717494
0,0.26820216
0,0.2675113
0,0.261462
0,0.26305005
0,0.2668406
0,0.2635074
0,0.26370594
0,0.26187444
0,0.26022625
0,0.2652187
0,0.265634
0,0.26664037
0,0.2724155
0,0.25986946
0,0.25911418
0,0.27014098
0,0.27394718
0,0.26373327
0,0.2643961
0,0.26077354
0,0.25659317
0,0.25354233
0,0.25705212
0,0.2572672
0,0.25654522
0,0.25575432
0,0.26475176
0,0.2695157
0,0.2661017
0,0.25152507
0,0.25827625
0,0.26513493
0,0.26370853
0,0.26808906
0,0.26598677
0,0.2733008
0,0.26696527
0,0.27047864
0,0.2713245
0,0.26952338
0,0.2709645
0,0.26978153
0,0.264319
0,0.26628113
0,0.2616989
0,0.264623
0,0.25995246
0,0.26126257
0,0.25720575
0,0.26230216
0,0.26025334
0,0.26094636
0,0.25595933
0,0.2582152
0,0.25342676
0,0.2511884
0,0.25037616
0,0.25333357
0,0.24930847
0,0.2577768
0,0.26028624
0,0.26149902
0,0.26405162
0,0.26421326
0,0.2584121
0,0.2622491
0,0.26288787
0,0.26941177
0,0.2660704
0,0.264501
0,0.26533362
0,0.26465026
0,0.26319584
0,0.26245072
0,0.26036173
0,0.24818625
0,0.2549413
0,0.25690636
0,0.26054963
0,0.26000652
0,0.2587399
0,0.25793022
0,0.25749266
0,0.25726983
0,0.2562015
0,0.2541561
0,0.24917248
0,0.25026387
0,0.2524728
0,0.2514901
0,0.2506408
0,0.24947557
0,0.25411916
0,0.24920729
0,0.2585824
0,0.26112407
0,0.25278825
0,0.24996075
0,0.26148018
0,0.2621171
0,0.2765276
0,0.2692077
0,0.26808858
0,0.2667304
0,0.27078643
0,0.2670028
0,0.2669904
0,0.26388505
0,0.26894283
0,0.2641342
0,0.26754972
0,0.26210746
0,0.26604724
0,0.2608969
0,0.26529977
0,0.2607573
0,0.25287518
0,0.25314975
0,0.25880682
0,0.2547868
0,0.257863
0,0.25406656
0,0.25628614
0,0.25232208
0,0.25585058
0,0.25078145
0,0.25691965
0,0.2614642
0,0.2593649
0,0.2618728
0,0.2685959
0,0.26377442
0,0.26918375
0,0.25862193
0,0.2560143
0,0.25755474
0,0.2632366
0,0.26062003
0,0.2646495
0,0.26146236
0,0.26009277
0,0.25934342
0,0.26400337
0,0.25979334
0,0.26349
0,0.2598124
0,0.2579335
0,0.25731575
0,0.2546884
0,0.2556464
0,0.25443348
0,0.25479075
0,0.25453305
0,0.2532596
0,0.251766
0,0.25112832
0,0.25046653
0,0.24895261
0,0.25406238
0,0.25926435
0,0.2532778
0,0.26036245
0,0.2526993
0,0.2559952
0,0.25073138
0,0.26061448
0,0.26225513
0,0.26556093
0,0.266973
0,0.2696417
0,0.26695004
0,0.27127028
0,0.26808888
0,0.27078652
0,0.2603751
0,0.26728183
0,0.2657189
0,0.268293
0,0.26467404
0,0.2681348
0,0.26820424
0,0.26568922
0,0.2633328
0,0.2636256
0,0.2615623
0,0.25653666
0,0.25709102
0,0.2600355
0,0.25703028
0,0.25941768
0,0.25380927
0,0.24906531
0,0.24977045
0,0.25504804
0,0.25543073
0,0.26264125
0,0.26380622
0,0.2603765
0,0.2587312
0,0.2579422
0,0.26151195
0,0.25864112
0,0.26706287
0,0.26625088
0,0.2613681
0,0.27022636
0,0.2663311
0,0.2674533
0,0.2576104
0,0.26118505
0,0.261437
0,0.26612458
0,0.26328832
0,0.26751935
0,0.26386273
0,0.26291078
0,0.25858086
0,0.25931224
0,0.29923683
0,0.26905996
0,0.26710853
0,0.26248062
0,0.25835586
0,0.25934675
0,0.2635298
0,0.25472444
0,0.2575882
0,0.26244956
0,0.26081368
0,0.25624412
0,0.25486282
0,0.2537257
0,0.25267452
0,0.2600329
0,0.264697
0,0.25601187
0,0.25285923
0,0.2640467
0,0.26837102
0,0.2567117
0,0.26606053
0,0.27170882
0,0.27428964
0,0.27125323
0,0.26955548
0,0.26851115
0,0.26813555
0,0.26566547
0,0.26922995
0,0.25528193
0,0.2693376
0,0.26396045
0,0.26326644
0,0.26156974
0,0.26707855
0,0.26237673
0,0.2655576
0,0.2587172
0,0.26267076
0,0.2642859
0,0.26381218
0,0.2593236
0,0.25855574
0,0.25732523
0,0.2555127
0,0.2544292
0,0.26814482
0,0.25895604
0,0.26130816
0,0.25688607
0,0.25866288
0,0.2544272
0,0.25766847
0,0.26961747
0,0.26249683
0,0.2607261
0,0.26762336
0,0.25748953
0,0.26152265
0,0.26046413
0,0.25914386
0,0.25324336
0,0.2610507
0,0.2598768
0,0.258458
0,0.2627951
0,0.26329985
0,0.26352322
0,0.26384827
0,0.27035767
0,0.26433858
0,0.26370013
0,0.27030197
0,0.26954347
0,0.26240996
0,0.25619414
0,0.25768143
0,0.25687918
0,0.25557643
0,0.2499436
0,0.25281873
0,0.2561797
0,0.25337332
0,0.25205392
0,0.25200307
0,0.2493482
0,0.24954851
0,0.24911237
0,0.24631763
0,0.24658081
0,0.25105584
0,0.24730952
0,0.24699198
0,0.25792623
0,0.25946334
0,0.26714408
0,0.2644948
0,0.2847553
0,0.27220327
0,0.2724853
0,0.26786867
0,0.2675731
0,0.26347396
0,0.26505983
0,0.25894296
0,0.2624935
0,0.2635103
0,0.26112205
0,0.25858527
0,0.2611584
0,0.25729302
0,0.25964934
0,0.25551417
0,0.25867504
0,0.26313296
0,0.26063502
0,0.25583333
0,0.25853497
0,0.2537405
0,0.2560041
0,0.26218563
0,0.25930455
0,0.25358304
0,0.2515944
0,0.24966274
0,0.25214952
0,0.24857457
0,0.25751713
0,0.26048893
0,0.26216674
0,0.26273984
0,0.26289746
0,0.2655461
0,0.26413116
0,0.2613112
0,0.2625897
0,0.26237983
0,0.2620306
0,0.26234028
0,0.2615823
0,0.25982162
0,0.25941157
0,0.25764245
0,0.25271487
0,0.2530388
0,0.25434455
0,0.25393626
0,0.25329125
0,0.2633306
0,0.2553895
0,0.25429535
0,0.25202543
0,0.2512398
0,0.24940504
0,0.24983984
0,0.24848032
0,0.24929732
0,0.24794093
0,0.24751027
0,0.25605506
0,0.24930489
0,0.25786495
0,0.24886875
0,0.25681606
0,0.26340258
0,0.26123562
0,0.27027085
0,0.26516685
0,0.26815343
0,0.26202738
0,0.26654255
0,0.2682129
0,0.26818314
0,0.26012543
0,0.26491448
0,0.25526324
0,0.26140603
0,0.2580342
0,0.2622993
0,0.25622973
0,0.26027277
0,0.25572848
0,0.25944012
0,0.2558985
0,0.2572471
0,0.26193604
0,0.25838095
0,0.25407442
0,0.25523734
0,0.25160182
0,0.25901797
0,0.25198066
0,0.2649576
0,0.26407322
0,0.27058166
0,0.26783055
0,0.26534498
0,0.26614234
0,0.26526764
0,0.26491874
0,0.26523218
0,0.26408
0,0.2640742
0,0.25765726
0,0.26091883
0,0.26037857
0,0.25711274
0,0.2597217
0,0.25990772
0,0.26917785
0,0.27688432
0,0.26700586
0,0.2627569
0,0.26569265
0,0.2612851
0,0.2551469
0,0.25381926
0,0.26262236
0,0.25689715
0,0.2530399
0,0.25339553
0,0.25016725
0,0.250181
0,0.24912629
0,0.24766244
0,0.24672686
0,0.25604558
0,0.2625622
0,0.26321024
0,0.26942074
0,0.2677124
0,0.27218407
0,0.26822194
0,0.27296484
0,0.2721081
0,0.2741046
0,0.27333367
0,0.27456605
0,0.28070214
0,0.26076576
0,0.26457244
0,0.26832637
0,0.26271915
0,0.26650223
0,0.26776055
0,0.26869097
0,0.26311335
0,0.26687673
0,0.26182568
0,0.2638264
0,0.25501207
0,0.25917712
0,0.2563062
0,0.2565015
0,0.25445467
0,0.2584605
0,0.26226762
0,0.25939688
0,0.25588927
0,0.28010628
0,0.26073226
0,0.26116124
0,0.26449043
0,0.27178127
0,0.26854056
0,0.27383453
0,0.26963776
0,0.2675048
0,0.26694745
0,0.2610396
0,0.26367855
0,0.26205558
0,0.2674717
0,0.2632899
0,0.26192147
0,0.25804183
0,0.25872597
0,0.2576236
0,0.2543062
0,0.25553054
0,0.25377727
0,0.25431478
0,0.2614435
0,0.25353244
0,0.25238073
0,0.2510539
0,0.2515274
0,0.25095707
0,0.2503645
0,0.25152045
0,0.24321328
0,0.2550191
0,0.24856065
0,0.24703819
0,0.2547499
0,0.26130605
0,0.26675415
0,0.269469
0,0.27228996
0,0.26557606
0,0.2716242
0,0.26818433
0,0.271336
0,0.26781374
0,0.26695934
0,0.25986782
0,0.26522222
0,0.26770374
0,0.26717386
0,0.26531294
0,0.26628658
0,0.26126233
0,0.26340136
0,0.25779358
0,0.26219958
0,0.25643665
0,0.26050535
0,0.25688177
0,0.26056913
0,0.27807108
0,0.2680176
0,0.2614456
0,0.26275858
0,0.25732377
0,0.25879264
0,0.25396526
0,0.25587842
0,0.25165737
0,0.24980175
0,0.25596714
0,0.2501989
0,0.24853207
0,0.25518802
0,0.25918368
0,0.26048067
0,0.2513055
0,0.25236326
0,0.25687584
0,0.25826064
0,0.25841445
0,0.25952482
0,0.25970617
0,0.2585411
0,0.2580145
0,0.25900143
0,0.25343823
0,0.2562388
0,0.25673646
0,0.2567988
0,0.25667083
0,0.2567117
0,0.25645885
0,0.25449333
0,0.25487718
0,0.25431976
0,0.25382796
0,0.25266752
0,0.25000453
0,0.2499309
0,0.24886438
0,0.24869074
0,0.2615844
0,0.2522646
0,0.2629506
0,0.26299372
0,0.26680022
0,0.26638436
0,0.26705572
0,0.267526
0,0.26137638
0,0.263839
0,0.2682616
0,0.26529408
0,0.26850373
0,0.26862702
0,0.26932472
0,0.27021205
0,0.25522003
0,0.25714386
0,0.26284313
0,0.25927576
0,0.26278815
0,0.25962064
0,0.26316845
0,0.25922874
0,0.26116875
0,0.2571563
0,0.26012638
0,0.2556882
0,0.2595024
0,0.26526508
0,0.26207295
0,0.25739604
0,0.26006785
0,0.2546684
0,0.2567396
0,0.25288197
0,0.25468305
0,0.2500915
0,0.2590329
0,0.26170197
0,0.26369095
0,0.27157137
0,0.26119336
0,0.2649636
0,0.26584837
0,0.26533765
0,0.26551184
0,0.26156825
0,0.2625404
0,0.26308444
0,0.25653124
0,0.25964034
0,0.25435156
0,0.25799358
0,0.26136175
0,0.25997618
0,0.2590841
0,0.25471354
0,0.39386696
0,0.31397235
0,0.2922064
0,0.28065008
0,0.26301178
0,0.2659068
0,0.2621814
0,0.25775135
0,0.2576481
0,0.26652113
0,0.26136273
0,0.2550061
0,0.2556521
0,0.2716511
0,0.2592951
0,0.25626317
0,0.25279158
0,0.2681755
0,0.25633344
0,0.2533771
0,0.2608775
0,0.27243745
0,0.26851648
0,0.27315018
0,0.26502472
0,0.27208808
0,0.26831928
0,0.271208
0,0.2637878
0,0.26624092
0,0.26907262
0,0.26642495
0,0.26524788
0,0.26549742
0,0.2636169
0,0.26654175
0,0.25795916
0,0.26266772
0,0.2589309
0,0.25741586
0,0.2618302
0,0.2627417
0,0.2579531
0,0.26579773
0,0.25785294
0,0.2516523
0,0.25317746
0,0.25670704
0,0.24966265
0,0.25594825
0,0.25104144
0,0.25477257
0,0.25093907
0,0.25342798
0,0.2507662
0,0.25046587
0,0.25359133
0,0.25300592
0,0.2537736
0,0.26505715
0,0.2640203
0,0.26507208
0,0.26517048
0,0.26442403
0,0.26355702
0,0.2637039
0,0.26262274
0,0.26353055
0,0.26184928
0,0.26234886
0,0.26110566
0,0.2611884
0,0.26032907
0,0.26000625
0,0.25937283
0,0.259031
0,0.25639287
0,0.25656116
0,0.2566333
0,0.25228482
0,0.2546122
0,0.26143503
0,0.2566742
0,0.25551513
0,0.25435984
0,0.2528769
0,0.25740206
0,0.25368142
0,0.2509318
0,0.25022677
0,0.24839911
0,0.24652068
0,0.2593356
0,0.25054374
0,0.26150244
0,0.25743276
0,0.2663903
0,0.2650941
0,0.26987123
0,0.2672656
0,0.26410973
0,0.26440474
0,0.26906267
0,0.26600784
0,0.26338923
0,0.26813832
0,0.2697948
0,0.2657982
0,0.2693957
0,0.26549786
0,0.26888913
0,0.26469606
0,0.26768738
0,0.26387277
0,0.26620403
0,0.2630092
0,0.26420864
0,0.2583207
0,0.26456034
0,0.25976112
0,0.26258907
0,0.2587769
0,0.26099002
0,0.26206377
0,0.26150382
0,0.26096714
0,0.26092526
0,0.2555401
0,0.26702216
0,0.25684986
0,0.2580539
0,0.26332292
0,0.258699
0,0.262247
0,0.26295087
0,0.26341912
0,0.26272187
0,0.2564848
0,0.26289606
0,0.2619154
0,0.26106474
0,0.260775
0,0.26459748
0,0.26639083
0,0.26274562
0,0.2616468
0,0.2599181
0,0.2595516
0,0.26406705
0,0.25907212
0,0.25802162
0,0.25757444
0,0.2570901
0,0.26010352
0,0.26199374
0,0.25819784
0,0.25695503
0,0.25590757
0,0.25438225
0,0.25785568
0,0.26120138
0,0.25555074
0,0.2641795
0,0.26092473
0,0.26307347
0,0.25574082
0,0.25262347
0,0.2647478
0,0.26479238
0,0.26809552
0,0.26675645
0,0.2718292
0,0.26837546
0,0.27195257
0,0.27085263
0,0.2736748
0,0.26664516
0,0.27054292
0,0.26115367
0,0.26764485
0,0.2640302
0,0.2682971
0,0.26774386
0,0.2688984
0,0.264077
0,0.26297942
0,0.26077044
0,0.2643855
0,0.2592538
0,0.25944123
0,0.2617163
0,0.2631607
0,0.259053
0,0.2613742
0,0.25724083
0,0.26171
0,0.25573745
0,0.257914
0,0.26179966
0,0.2553998
0,0.25902304
0,0.26317152
0,0.26619473
0,0.26129326
0,0.25451097
0,0.26225844
0,0.26398343
0,0.26503304
0,0.26455054
0,0.26604962
0,0.26654148
0,0.2671567
0,0.26705784
0,0.2647966
0,0.26567864
0,0.25955093
0,0.262664
0,0.26476073
0,0.26355025
0,0.26798913
0,0.2643742
0,0.2622859
0,0.26126352
0,0.2589038
0,0.251566
0,0.25506338
0,0.2548522
0,0.2544386
0,0.25376233
0,0.252621
0,0.2512627
0,0.25021383
0,0.24893229
0,0.24831548
0,0.2557813
0,0.2501852
0,0.2626474
0,0.2476089
0,0.24802426
0,0.2571002
0,0.26385552
0,0.2631325
0,0.2677683
0,0.26344523
0,0.26857123
0,0.26664284
0,0.26946172
0,0.26491952
0,0.26843297
0,0.26337063
0,0.26193187
0,0.2609342
0,0.26292282
0,0.26384243
0,0.2613302
0,0.26923564
0,0.26541802
0,0.26106554
0,0.2630284
0,0.2636108
0,0.26416567
0,0.2593675
0,0.26176983
0,0.25732878
0,0.2593246
0,0.2508715
0,0.25569907
0,0.25891578
0,0.26248872
0,0.26392192
0,0.25967553
0,0.26294503
0,0.2653603
0,0.26647455
0,0.2673755
0,0.26742882
0,0.26732787
0,0.26766193
0,0.2671794
0,0.25969893
0,0.26778314
0,0.2662149
0,0.2628057
0,0.26375577
0,0.2574327
0,0.25969398
0,0.25990945
0,0.2592781
0,0.2592168
0,0.25855142
0,0.2562384
0,0.25657707
0,0.25682518
0,0.26129186
0,0.25802183
0,0.2566696
0,0.25539985
0,0.2541088
0,0.26217413
0,0.2560517
0,0.2548764
0,0.25286287
0,0.25208467
0,0.2635882
0,0.2600898
0,0.25343618
0,0.26707724
0,0.2550516
0,0.2537731
0,0.26540327
0,0.26215774
0,0.2527623
0,0.25932935
0,0.26511258
0,0.25819796
0,0.26539382
0,0.2632556
0,0.2658864
0,0.26893327
0,0.26316056
0,0.2626426
0,0.263738
0,0.26584595
0,0.2848312
0,0.27093747
0,0.26057354
0,0.2602049
0,0.26316476
0,0.25886044
0,0.2619206
0,0.25743327
0,0.26474848
0,0.2582451
0,0.26033592
0,0.26219183
0,0.2593368
0,0.25557047
0,0.25792158
0,0.25339377
0,0.25616154
0,0.24618596
0,0.257871
0,0.249751
0,0.2578448
0,0.25477603
0,0.25805536
0,0.26093823
0,0.2622029
0,0.26250622
0,0.25740188
0,0.25919208
0,0.264502
0,0.25445813
0,0.25793096
0,0.25669894
0,0.2558668
0,0.25597242
0,0.2563601
0,0.25546235
0,0.24890807
0,0.25221577
0,0.25177187
0,0.25118506
0,0.25034153
0,0.26023448
0,0.25351515
0,0.25067964
0,0.2505989
0,0.25032192
0,0.26261342
0,0.2540493
0,0.25664473
0,0.25705197
0,0.25222746
0,0.26532418
0,0.25500798
0,0.25119743
0,0.26365998
0,0.2530897
0,0.2552854
0,0.2634565
0,0.26286012
0,0.2673389
0,0.2646045
0,0.2686225
0,0.25672412
0,0.2652478
0,0.2618081
0,0.2662357
0,0.2612392
0,0.2650921
0,0.26224184
0,0.26796556
0,0.27497047
0,0.26960722
0,0.26472166
0,0.2709908
0,0.26840323
0,0.26688847
0,0.2682752
0,0.2627916
0,0.26019922
0,0.2630518
0,0.2585669
0,0.26162213
0,0.25683075
0,0.25913325
0,0.25438675
0,0.256636
0,0.2569351
0,0.2606307
0,0.24773777
0,0.2527131
0,0.25947744
0,0.26154622
0,0.2642371
0,0.26497972
0,0.2652582
0,0.26395682
0,0.26992735
0,0.26845965
0,0.26669553
0,0.26507014
0,0.26469567
0,0.25976706
0,0.2609123
0,0.26410973
0,0.26118425
0,0.26409325
0,0.2552377
0,0.26129577
0,0.2628023
0,0.26207867
0,0.25677878
0,0.26789007
0,0.26002723
0,0.26238883
0,0.27243316
0,0.26128414
0,0.25426173
0,0.2538957
0,0.2516197
0,0.25089353
0,0.2496806
0,0.25433278
0,0.25563392
0,0.25023076
0,0.24912138
0,0.25721163
0,0.26215616
0,0.26302636
0,0.25405833
0,0.2614646
0,0.26761496
0,0.2657487
0,0.26980972
0,0.26701248
0,0.2737882
0,0.26889738
0,0.26690292
0,0.26488644
0,0.26781166
0,0.26429883
0,0.2677645
0,0.2599965
0,0.26625162
0,0.26281127
0,0.26565966
0,0.26234043
0,0.25986844
0,0.25787193
0,0.2559856
0,0.25625148
0,0.26002616
0,0.2548012
0,0.2593145
0,0.26277527
0,0.2612524
0,0.2562856
0,0.26511022
0,0.25721335
0,0.25720486
0,0.2673317
0,0.26081958
0,0.2544779
0,0.25435004
0,0.26101255
0,0.2631507
0,0.2687358
0,0.260799
0,0.26423332
0,0.26444387
0,0.26455325
0,0.26407838
0,0.2606229
0,0.26220623
0,0.2655358
0,0.2631046
0,0.259438
0,0.25530723
0,0.25777024
0,0.25788617
0,0.25737235
0,0.2615965
0,0.2678077
0,0.25948116
0,0.25882602
0,0.25908214
0,0.26266125
0,0.2549821
0,0.26086053
0,0.25601602
0,0.25435746
0,0.25927275
0,0.25794703
0,0.2530582
0,0.26507425
0,0.2548167
0,0.2676229
0,0.2604458
0,0.26679453
0,0.2659739
0,0.26982155
0,0.26745656
0,0.26697028
0,0.2663799
0,0.25578243
0,0.26117486
0,0.2657675
0,0.26165316
0,0.26662126
0,0.26229873
0,0.26581958
0,0.2607143
0,0.26386774
0,0.25688624
0,0.26073903
0,0.25661922
0,0.2544169
0,0.25409994
0,0.25386393
0,0.2522082
0,0.25996172
0,0.2531991
0,0.25057507
0,0.24945709
0,0.2517341
0,0.26192284
0,0.2608165
0,0.25821927
0,0.26077807
0,0.26086423
0,0.2610791
0,0.26140004
0,0.26134577
0,0.26134026
0,0.26115882
0,0.26882848
0,0.2619965
0,0.25745794
0,0.26494354
0,0.2607543
0,0.2586787
0,0.2577941
0,0.25388777
0,0.25469106
0,0.2538901
0,0.25486642
0,0.25462765
0,0.25403622
0,0.25168985
0,0.24902977
0,0.25010955
0,0.2513835
0,0.24972188
0,0.2542411
0,0.25005513
0,0.2628718
0,0.2528798
0,0.25761002
0,0.2662749
0,0.2549265
0,0.24568836
0,0.26102138
0,0.2590967
0,0.26597792
0,0.2630848
0,0.2672918
0,0.26397204
0,0.2619599
0,0.2591776
0,0.2646243
0,0.25931653
0,0.26288167
0,0.25508645
0,0.26101062
0,0.25801277
0,0.261281
0,0.25761577
0,0.26070327
0,0.25688478
0,0.26427913
0,0.2623197
0,0.26198342
0,0.25661218
0,0.25773522
0,0.2546428
0,0.25664574
0,0.26090017
0,0.25819552
0,0.26038402
0,0.26742172
0,0.27030706
0,0.25672916
0,0.2634925
0,0.26210636
0,0.26382262
0,0.2630956
0,0.2525536
0,0.25356227
0,0.25764102
0,0.2586693
0,0.2591181
0,0.27060416
0,0.26364014
0,0.26173872
0,0.25816002
0,0.25123185
0,0.2540216
0,0.25515312
0,0.25455505
0,0.2514855
0,0.25138766
0,0.25243697
0,0.2521761
0,0.2520249
0,0.25135764
0,0.24934174
0,0.25040582
0,0.2575216
0,0.25243643
0,0.2504276
0,0.24956368
0,0.24907999
0,0.2582334
0,0.25094318
0,0.24891886
0,0.25532356
0,0.25324136
0,0.2567832
0,0.26545656
0,0.2640434
0,0.26860228
0,0.2640829
0,0.2594817
0,0.26056913
0,0.26448178
0,0.2618115
0,0.26492262
0,0.25675547
0,0.26292917
0,0.2602746
0,0.2637967
0,0.25559485
0,0.26108107
0,0.26235193
0,0.2629866
0,0.26427832
0,0.26339433
0,0.2579547
0,0.26138827
0,0.2568399
0,0.25946158
0,0.25700244
0,0.25952277
0,0.253269
0,0.2557884
0,0.25141782
0,0.258052
0,0.25775203
0,0.26187012
0,0.26341513
0,0.26195514
0,0.26312953
0,0.25803998
0,0.2615539
0,0.26127586
0,0.25664002
0,0.25857657
0,0.26024905
0,0.2596143
0,0.25830683
0,0.26835766
0,0.25950003
0,0.25863427
0,0.25723943
0,0.2563744
0,0.25491744
0,0.25085115
0,0.25251284
0,0.2470903
0,0.24966283
0,0.24960728
0,0.24867913
0,0.24898724
0,0.24850518
0,0.24778824
0,0.24702501
0,0.2460943
0,0.25480103
0,0.25679547
0,0.2503836
0,0.2585283
0,0.26544696
0,0.25908518
0,0.2669705
0,0.2644762
0,0.266585
0,0.2580493
0,0.26086485
0,0.2615481
0,0.26582956
0,0.26170507
0,0.26625755
0,0.26020256
0,0.26950592
0,0.2625637
0,0.26608366
0,0.26140356
0,0.26455683
0,0.2600825
0,0.26342207
0,0.2594001
0,0.25700825
0,0.26059002
0,0.27058092
0,0.26006013
0,0.26204133
0,0.255747
0,0.2586455
0,0.25417674
0,0.26462469
0,0.255319
0,0.26104933
0,0.2595672
0,0.25736645
0,0.25184134
0,0.25976756
0,0.2599689
0,0.25653005
0,0.26133117
0,0.2667894
0,0.26505342
0,0.2641265
0,0.26362315
0,0.26244152
0,0.26135376
0,0.26052988
0,0.25953063
0,0.2575332
0,0.2573482
0,0.25666475
0,0.2533372
0,0.2532524
0,0.2533496
0,0.2526619
0,0.25168574
0,0.2505563
0,0.25022957
0,0.24955225
0,0.24948055
0,0.24791569
0,0.247745
0,0.2501975
0,0.25451565
0,0.24887276
0,0.24716482
0,0.256339
0,0.26343518
0,0.26247382
0,0.26763618
0,0.26563883
0,0.26963502
0,0.26490554
0,0.26774794
0,0.26941442
0,0.2686167
0,0.263892
0,0.26728794
0,0.26380107
0,0.26264286
0,0.26008102
0,0.2534245
0,0.25663832
0,0.25994256
0,0.257079
0,0.26042572
0,0.2572721
0,0.26738006
0,0.26402697
0,0.26299375
0,0.26539606
0,0.26269644
0,0.25687605
0,0.25913626
0,0.24917659
0,0.2587427
0,0.25275978
0,0.25940838
0,0.2520256
0,0.2540938
0,0.26013452
0,0.2618706
0,0.2679527
0,0.26564926
0,0.26563877
0,0.26533023
0,0.2648442
0,0.26190245
0,0.2634572
0,0.26233366
0,0.2607644
0,0.25846183
0,0.25943768
0,0.25635976
0,0.2580792
0,0.25586137
0,0.26094466
0,0.26751697
0,0.25968283
0,0.25863317
0,0.25638056
0,0.25575155
0,0.25267893
0,0.24405912
0,0.24908136
0,0.24890941
0,0.24802461
0,0.24692914
0,0.25121507
0,0.24814373
0,0.24737227
0,0.25005206
0,0.24709536
0,0.2547279
0,0.26395372
0,0.2528287
0,0.2653173
0,0.26317605
0,0.26786453
0,0.2646696
0,0.26860282
0,0.26561588
0,0.2664504
0,0.26151854
0,0.26591983
0,0.26253852
0,0.26377115
0,0.26141006
0,0.27653876
0,0.26527807
0,0.26591223
0,0.2667726
0,0.26619875
0,0.2582483
0,0.26329446
0,0.25734213
0,0.2632664
0,0.25831962
0,0.2601568
0,0.25443432
0,0.2588565
0,0.25915906
0,0.2589409
0,0.2624477
0,0.2595372
0,0.25461963
0,0.26182777
0,0.25771767
0,0.25671077
0,0.26229763
0,0.26297435
0,0.26403663
0,0.26479992
0,0.259899
0,0.26584986
0,0.2640179
0,0.26417413
0,0.26390618
0,0.26391128
0,0.2635819
0,0.27633724
0,0.26757675
0,0.26566684
0,0.26054278
0,0.2617423
0,0.26085654
0,0.26030195
0,0.25919488
0,0.25321397
0,0.25573918
0,0.25254288
0,0.2539761
0,0.25445732
0,0.2644753
0,0.25783926
0,0.26499957
0,0.25805
0,0.25618523
0,0.26489818
0,0.25733334
0,0.25462517
0,0.2573298
0,0.25270575
0,0.26345494
0,0.25414893
0,0.25123113
0,0.25980276
0,0.26522574
0,0.25743216
0,0.25263903
0,0.26129115
0,0.26667255
0,0.254291
0,0.26452285
0,0.2610315
0,0.26630065
0,0.26260963
0,0.26608613
0,0.25895667
0,0.26446092
0,0.2608921
0,0.26324216
0,0.25954434
0,0.26096317
0,0.25751162
0,0.25822514
0,0.25544912
0,0.25849476
0,0.25366127
0,0.25501522
0,0.2534823
0,0.2671284
0,0.25690266
0,0.25866294
0,0.25334474
0,0.25613564
0,0.25137082
0,0.2536787
0,0.25824487
0,0.26161894
0,0.25901487
0,0.262405
0,0.26243728
0,0.25858745
0,0.2604866
0,0.26100856
0,0.26137695
0,0.26031137
0,0.26090497
0,0.26009947
0,0.26046735
0,0.25977322
0,0.25969285
0,0.25603938
0,0.25691885
0,0.2483122
0,0.25254047
0,0.25204548
0,0.25262815
0,0.25182325
0,0.25106925
0,0.250306
0,0.24957915
0,0.2483169
0,0.2474034
0,0.25378707
0,0.25014037
0,0.24958593
0,0.24825819
0,0.24685486
0,0.24564637
0,0.25329316
0,0.2625511
0,0.26032293
0,0.26694044
0,0.2616403
0,0.26831752
0,0.2635726
0,0.26949334
0,0.26549396
0,0.26989928
0,0.26638824
0,0.26933578
0,0.26522884
0,0.26743108
0,0.26403743
0,0.26921037
0,0.26345965
0,0.265674
0,0.26211667
0,0.261842
0,0.26040202
0,0.26304513
0,0.25928932
0,0.262064
0,0.25842836
0,0.25178477
0,0.25837004
0,0.2583838
0,0.2614287
0,0.26050755
0,0.25934687
0,0.2590678
0,0.25387603
0,0.25099555
0,0.24904066
0,0.2530993
0,0.25439233
0,0.2534274
0,0.25443563
0,0.25424725
0,0.2622598
0,0.2663842
0,0.2699683
0,0.2655633
0,0.27037087
0,0.26564062
0,0.26817074
0,0.27009737
0,0.2632982
0,0.26288113
0,0.26628274
0,0.25975308
0,0.26397407
0,0.26486322
0,0.2650337
0,0.2599749
0,0.2629826
0,0.26360312
0,0.26299417
0,0.26148108
0,0.26145753
0,0.25729778
0,0.25701457
0,0.25118685
0,0.26007855
0,0.25358322
0,0.25723687
0,0.25686267
0,0.2521708
0,0.25039557
0,0.24824226
0,0.251524
0,0.26158097
0,0.26067874
0,0.27259094
0,0.2725154
0,0.27100506
0,0.26782188
0,0.26744008
0,0.26374215
0,0.26720694
0,0.26418164
0,0.26822606
0,0.2661388
0,0.27291402
0,0.2668533
0,0.26774293
0,0.26690227
0,0.2667662
0,0.25837168
0,0.2621578
0,0.26198986
0,0.26246667
0,0.26376927
0,0.26498213
0,0.25899875
0,0.25844496
0,0.2554351
0,0.2578525
0,0.26396108
0,0.2646451
0,0.2559694
0,0.25822988
0,0.2585924
0,0.26374456
0,0.25463495
0,0.25725594
0,0.26419094
0,0.25770515
0,0.26196018
0,0.26549563
0,0.26265672
0,0.2573236
0,0.26113665
0,0.26651183
0,0.26300904
0,0.2679375
0,0.2587809
0,0.2661511
0,0.26207533
0,0.26043445
0,0.26467127
0,0.26628718
0,0.26669613
0,0.26726708
0,0.2678989
0,0.27126852
0,0.2689199
0,0.2677585
0,0.26092312
0,0.25206536
0,0.25266173
0,0.25274482
0,0.25595656
0,0.26368257
0,0.2600329
0,0.25465965
0,0.25158846
0,0.25664356
0,0.25036207
0,0.2535804
0,0.25490415
0,0.2504056
0,0.24768011
0,0.2520174
0,0.24690913
0,0.25554878
0,0.2533442
0,0.2633154
0,0.2682094
0,0.27054918
0,0.27244014
0,0.27331635
0,0.2735612
0,0.27376407
0,0.32091793
0,0.28678396
0,0.28317198
0,0.26905954
0,0.27425152
0,0.2739925
0,0.2721651
0,0.27285424
0,0.27180964
0,0.26637432
0,0.26710725
0,0.2622651
0,0.26154622
0,0.2656787
0,0.26521507
0,0.26104942
0,0.26444238
0,0.26529723
0,0.26419526
0,0.2598484
0,0.26279417
0,0.26219466
0,0.26462728
0,0.26417205
0,0.26397637
0,0.25829828
0,0.26159748
0,0.2612304
0,0.26018536
0,0.26058602
0,0.2674832
0,0.2735782
0,0.2641592
0,0.2612661
0,0.25913328
0,0.25847763
0,0.25612238
0,0.251152
0,0.25357136
0,0.25890362
0,0.26651013
0,0.26372582
0,0.26470882
0,0.26407582
0,0.25195488
0,0.25953555
0,0.259982
0,0.26477268
0,0.2678369
0,0.25832978
0,0.26592058
0,0.26256752
0,0.26542175
0,0.26151842
0,0.2656963
0,0.25878483
0,0.26119214
0,0.2552837
0,0.26229236
0,0.25941747
0,0.26504424
0,0.25949362
0,0.26856023
0,0.26029524
0,0.25989348
0,0.25754383
0,0.2588028
0,0.26042917
0,0.25402138
0,0.267725
0,0.25828633
0,0.25417647
0,0.2520095
0,0.25202453
0,0.2549809
0,0.25815666
0,0.25377864
0,0.25534344
0,0.25176278
0,0.25550243
0,0.25495386
0,0.2505563
0,0.26310477
0,0.26651615
0,0.2703916
0,0.27570257
0,0.27485442
0,0.27465308
0,0.27512717
0,0.27367023
0,0.26102683
0,0.26945287
0,0.2705278
0,0.26954004
0,0.26426184
0,0.26862276
0,0.2632245
0,0.26674142
0,0.2620915
0,0.26393008
0,0.2660328
0,0.26700512
0,0.26124552
0,0.26517048
0,0.25685066
0,0.26105615
0,0.26054367
0,0.26230115
0,0.25692436
0,0.26076558
0,0.25631794
0,0.2598595
0,0.25542882
0,0.2579661
0,0.26919788
0,0.25986853
0,0.24980402
0,0.25506034
0,0.27727452
0,0.26410446
0,0.25678682
0,0.25640655
0,0.26113012
0,0.26661515
0,0.2617081
0,0.2635415
0,0.26267013
0,0.26874438
0,0.27052566
0,0.2711722
0,0.26130587
0,0.25518402
0,0.26351297
0,0.25887984
0,0.2626199
0,0.26347792
0,0.25412115
0,0.25475225
0,0.25967425
0,0.25732565
0,0.25506318
0,0.25825757
0,0.25939348
0,0.2605495
0,0.2603998
0,0.2573639
0,0.253561
0,0.2566894
0,0.25676718
0,0.24702449
0,0.24718797
0,0.24595313
0,0.25791124
0,0.26534027
0,0.2689049
0,0.26638794
0,0.26954085
0,0.2665815
0,0.27151635
0,0.26663703
0,0.270461
0,0.26597878
0,0.2699599
0,0.27072683
0,0.2705414
0,0.2605471
0,0.26569784
0,0.2615991
0,0.2636194
0,0.25957316
0,0.2624247
0,0.2583402
0,0.26092544
0,0.26281768
0,0.2613293
0,0.26322165
0,0.26235107
0,0.25770223
0,0.26088712
0,0.2615263
0,0.26018587
0,0.26103678
0,0.26086396
0,0.26857293
0,0.26299837
0,0.26151836
0,0.25938058
0,0.25795597
0,0.26110414
0,0.25284186
0,0.26009193
0,0.26197982
0,0.26844916
0,0.2651955
0,0.27776274
0,0.26786658
0,0.26810244
0,0.26589343
0,0.2650547
0,0.26408392
0,0.26330784
0,0.26789328
0,0.26435474
0,0.263405
0,0.26696607
0,0.26319554
0,0.26222244
0,0.26123306
0,0.26588666
0,0.2617871
0,0.26178613
0,0.2649051
0,0.2555673
0,0.25457883
0,0.25493714
0,0.25435466
0,0.25841528
0,0.2545315
0,0.2522851
0,0.25759843
0,0.2588163
0,0.25944465
0,0.25859386
0,0.26407978
0,0.2666168
0,0.25705954
0,0.2572605
0,0.2521788
0,0.25853285
0,0.2651177
0,0.26434857
0,0.2693832
0,0.2720376
0,0.27130046
0,0.26825914
0,0.27128196
0,0.2627952
0,0.26295742
0,0.26840416
0,0.27043423
0,0.27116358
0,0.2702827
0,0.27927032
0,0.2753682
0,0.26887608
0,0.27108172
0,0.27043718
0,0.2700046
0,0.26845407
0,0.26932937
0,0.26280653
0,0.2659025
0,0.2649781
0,0.26539084
0,0.26046333
0,0.2636161
0,0.2584958
0,0.2628456
0,0.26258764
0,0.26206946
0,0.262091
0,0.25796482
0,0.25881216
0,0.25753117
0,0.28004503
0,0.26629075
0,0.27329892
0,0.26978812
0,0.25871944
0,0.27561238
0,0.2685041
0,0.2683939
0,0.26700026
0,0.2723721
0,0.2719813
0,0.26808408
0,0.2635041
0,0.2630994
0,0.2675601
0,0.26864114
0,0.2692425
0,0.26896074
0,0.26856115
0,0.26637247
0,0.26205993
0,0.26440442
0,0.25995257
0,0.25471702
0,0.25516433
0,0.25936675
0,0.2601792
0,0.26164362
0,0.261432
0,0.26086083
0,0.25930417
0,0.2537365
0,0.25621787
0,0.25154537
0,0.26197368
0,0.2522723
0,0.24910933
0,0.25222635
0,0.25259674
0,0.25263435
0,0.2631202
0,0.26630187
0,0.2737056
0,0.27322307
0,0.27401024
0,0.27326697
0,0.2629872
0,0.26383746
0,0.26589373
0,0.2677953
0,0.26616594
0,0.2684266
0,0.2663464
0,0.26162434
0,0.2549491
0,0.2614762
0,0.26195177
0,0.26358616
0,0.26398167
0,0.26508486
0,0.26439896
0,0.2686966
0,0.2649708
0,0.2712222
0,0.2669926
0,0.26343104
0,0.26297566
0,0.2572682
0,0.26109195
0,0.2589046
0,0.25922963
0,0.2526769
0,0.25455597
0,0.2492846
0,0.25597
0,0.26419434
0,0.26532295
0,0.26356748
0,0.2634749
0,0.26430708
0,0.266636
0,0.26984236
0,0.26598343
0,0.26970288
0,0.25958416
0,0.26441994
0,0.25926667
0,0.254247
0,0.2620073
0,0.2629945
0,0.25940838
0,0.26173106
0,0.26332963
0,0.25773853
0,0.2629664
0,0.25782835
0,0.26007718
0,0.26172027
0,0.26874748
0,0.26023662
0,0.25708327
0,0.25501326
0,0.25605464
0,0.2580718
0,0.2531259
0,0.24514344
0,0.25155127
0,0.2531267
0,0.2529168
0,0.2536518
0,0.25428712
0,0.24915674
0,0.24677907
0,0.25977042
0,0.26012847
0,0.27453563
0,0.2728164
0,0.27204666
0,0.26790768
0,0.27048212
0,0.26637793
0,0.2719097
0,0.2654797
0,0.26842615
0,0.2618866
0,0.26492664
0,0.2708565
0,0.26764566
0,0.2629135
0,0.26093888
0,0.27854705
0,0.27035663
0,0.26632652
0,0.2650051
0,0.26770645
0,0.26581153
0,0.2587725
0,0.26077616
0,0.2611618
0,0.2646822
0,0.26114482
0,0.26028103
0,0.2613481
0,0.25931197
0,0.25771436
0,0.25705415
0,0.25681388
0,0.26160815
0,0.261831
0,0.2627936
0,0.2693517
0,0.27229095
0,0.26161793
0,0.26673976
0,0.27109066
0,0.27343836
0,0.26774988
0,0.26573545
0,0.264816
0,0.26754802
0,0.26465902
0,0.26766637
0,0.2640203
0,0.26296768
0,0.2608681
0,0.25912586
0,0.26422292
0,0.26004204
0,0.26375455
0,0.2547266
0,0.26572835
0,0.25878987
0,0.262966
0,0.25882626
0,0.25542292
0,0.25468996
0,0.25885677
0,0.25448397
0,0.25270918
0,0.25723073
0,0.25821465
0,0.2522288
0,0.251724
0,0.25504884
0,0.25439715
0,0.25846073
0,0.26272044
0,0.2535202
0,0.25597006
0,0.2504428
0,0.24812347
0,0.2615786
0,0.2559543
0,0.2641085
0,0.26224035
0,0.2689046
0,0.2715358
0,0.26389173
0,0.2670822
0,0.26577872
0,0.26998523
0,0.26618028
0,0.26950765
0,0.2653818
0,0.26857242
0,0.26726958
0,0.26822773
0,0.26937333
0,0.26973155
0,0.26465744
0,0.2663546
0,0.2608908
0,0.26344553
0,0.26432168
0,0.2639424
0,0.2641368
0,0.26353672
0,0.2570771
0,0.25986946
0,0.25535372
0,0.25880674
0,0.25857088
0,0.26216444
0,0.26466617
0,0.26000136
0,0.27019206
0,0.2692228
0,0.25910673
0,0.2597365
0,0.259341
0,0.26233995
0,0.26323497
0,0.27484053
0,0.2688595
0,0.2664764
0,0.26989013
0,0.26606303
0,0.26042727
0,0.26650602
0,0.26264963
0,0.26125804
0,0.26385912
0,0.2589907
0,0.25830355
0,0.25773373
0,0.2659115
0,0.25778225
0,0.25629666
0,0.25379524
0,0.25573292
0,0.25744286
0,0.25859755
0,0.2707148
0,0.26311246
0,0.26096308
0,0.2592106
0,0.25347483
0,0.2618949
0,0.25225025
0,0.25944543
0,0.26737306
0,0.26670504
0,0.25904408
0,0.2669265
0,0.26343453
0,0.26789573
0,0.269315
0,0.26931754
0,0.26332703
0,0.2664008
0,0.26301575
0,0.2635325
0,0.2647224
0,0.26592442
0,0.26617646
0,0.26394165
0,0.26529396
0,0.26416525
0,0.25909093
0,0.2589793
0,0.2662711
0,0.25728825
0,0.2602607
0,0.25909522
0,0.25459692
0,0.25783324
0,0.2532872
0,0.25603274
0,0.25160694
0,0.26131436
0,0.25739726
0,0.25615785
0,0.2622994
0,0.26299134
0,0.26414257
0,0.2701152
0,0.2678119
0,0.27114615
0,0.2665778
0,0.26370195
0,0.2687105
0,0.26427445
0,0.26801375
0,0.26501977
0,0.2672774
0,0.26253244
0,0.26353082
0,0.25485092
0,0.26265535
0,0.2642485
0,0.26459128
0,0.2653824
0,0.26550743
0,0.2604654
0,0.26320148
0,0.26310703
0,0.26208842
0,0.25729015
0,0.26443043
0,0.2625899
0,0.26065025
0,0.253561
0,0.25137907
0,0.2543659
0,0.26137087
0,0.2520527
0,0.24924448
0,0.2613436
0,0.2670348
0,0.26599714
0,0.26536387
0,0.26589093
0,0.26789895
0,0.26500484
0,0.26816908
0,0.2796574
0,0.27278045
0,0.2675102
0,0.26878494
0,0.26995704
0,0.26876658
0,0.26379144
0,0.26284987
0,0.25950754
0,0.26161394
0,0.2583743
0,0.26172885
0,0.26044813
0,0.25121093
0,0.24970116
0,0.25398242
0,0.25495863
0,0.25383198
0,0.25322077
0,0.26442373
0,0.25327843
0,0.25117612
0,0.2584457
0,0.2664227
0,0.26427925
0,0.26424786
0,0.26404014
0,0.26873824
0,0.2648661
0,0.2640505
0,0.26792738
0,0.26313168
0,0.2678059
0,0.26349616
0,0.26552194
0,0.26750153
0,0.2630223
0,0.2607171
0,0.259097
0,0.257496
0,0.2544487
0,0.2526297
0,0.2510201
0,0.2507158
0,0.2544347
0,0.25100455
0,0.2549214
0,0.2509562
0,0.25451043
0,0.25792906
0,0.25172314
0,0.27036443
0,0.26033503
0,0.268645
0,0.26234987
0,0.26470274
0,0.26951715
0,0.26668903
0,0.27165848
0,0.2537513
0,0.2663519
0,0.26958275
0,0.26880983
0,0.2831938
0,0.27288347
0,0.26882303
0,0.26979685
0,0.27065575
0,0.26569316
0,0.26348004
0,0.26689905
0,0.26787382
0,0.26676682
0,0.262532
0,0.25982022
0,0.2578878
0,0.26220095
0,0.25776303
0,0.25827327
0,0.26740873
0,0.2613648
0,0.2600311
0,0.2595615
0,0.25948867
0,0.2626793
0,0.26013947
0,0.25752398
0,0.25671306
0,0.25722563
0,0.2640342
0,0.2692327
0,0.2658615
0,0.27094218
0,0.27205658
0,0.2652236
0,0.27066097
0,0.27158645
0,0.26641104
0,0.27600574
0,0.26384938
0,0.25355422
0,0.26256457
0,0.259229
0,0.25811532
0,0.25728485
0,0.2509553
0,0.2584879
0,0.26026767
0,0.25478584
0,0.25854388
0,0.2544132
0,0.25294524
0,0.25560486
0,0.2521259
0,0.25848344
0,0.2569656
0,0.2564702
0,0.25162348
0,0.25228843
0,0.25829923
0,0.2561321
0,0.25019848
0,0.2535843
0,0.2629966
0,0.26151758
0,0.26797605
0,0.26080105
0,0.25322184
0,0.25907585
0,0.26566485
0,0.26897568
0,0.2715997
0,0.2699942
0,0.26654398
0,0.269649
0,0.27580544
0,0.2732098
0,0.27021322
0,0.27135956
0,0.27746573
0,0.267959
0,0.26980624
0,0.26959333
0,0.26810637
0,0.26203647
0,0.264708
0,0.25433433
0,0.26082173
0,0.26151285
0,0.26485375
0,0.25770414
0,0.2743802
0,0.26416528
0,0.26266447
0,0.2564201
0,0.25265282
0,0.25600675
0,0.2510079
0,0.24910986
0,0.25539166
0,0.26333088
0,0.26736698
0,0.26836658
0,0.26070225
0,0.2607613
0,0.26174057
0,0.26660267
0,0.26730156
0,0.26429316
0,0.26351482
0,0.26719525
0,0.26315922
0,0.26700914
0,0.27954367
0,0.27264512
0,0.26056904
0,0.26071742
0,0.2579671
0,0.252732
0,0.25431654
0,0.2532622
0,0.2586787
0,0.25443617
0,0.2534549
0,0.26014763
0,0.25423205
0,0.257304
0,0.25235537
0,0.25639597
0,0.26580882
0,0.2680902
0,0.26290366
0,0.26102254
0,0.26051852
0,0.2543961
0,0.2509068
0,0.25364757
0,0.24828376
0,0.26103833
0,0.26126167
0,0.26565322
0,0.26844728
0,0.26739922
0,0.27044725
0,0.2700533
0,0.26090032
0,0.26614788
0,0.26194814
0,0.2724286
0,0.26352784
0,0.26545703
0,0.26582417
0,0.26496732
0,0.2697817
0,0.26103896
0,0.26208088
0,0.25569195
0,0.25494394
0,0.25919697
0,0.26109004
0,0.25961202
0,0.26497298
0,0.26186007
0,0.26781332
0,0.28123215
0,0.2682264
0,0.2687908
0,0.2647754
0,0.26080796
0,0.25899538
0,0.25837585
0,0.2577754
0,0.2667241
0,0.26040047
0,0.25325114
0,0.2654048
0,0.27923444
0,0.27538553
0,0.2648434
0,0.26985642
0,0.26683235
0,0.2642279
0,0.26385877
0,0.2622065
0,0.2619165
0,0.25722227
0,0.25956067
0,0.25902376
0,0.25701454
0,0.25483075
0,0.26579013
0,0.26463038
0,0.2582789
0,0.27350268
0,0.26608416
0,0.26020882
0,0.26030293
0,0.25995407
0,0.25514236
0,0.2583915
0,0.25959235
0,0.25282857
0,0.2616675
0,0.2570353
0,0.25833198
0,0.2572919
0,0.25675473
0,0.26551515
0,0.2550158
0,0.25560895
0,0.2657173
0,0.2681428
0,0.26593253
0,0.2708644
0,0.25681016
0,0.26648557
0,0.26266408
0,0.26826936
0,0.27020153
0,0.26444364
0,0.26795134
0,0.268194
0,0.26881582
0,0.26634184
0,0.2625969
0,0.26539874
0,0.25971097
0,0.2617163
0,0.26921177
0,0.265824
0,0.264744
0,0.26052207
0,0.26174915
0,0.25968027
0,0.26006898
0,0.25962266
0,0.26384237
0,0.2612343
0,0.26290512
0,0.26012042
0,0.26765552
0,0.26631826
0,0.25616997
0,0.25673917
0,0.26545197
0,0.26276657
0,0.26724404
0,0.2741468
0,0.27367005
0,0.2685677
0,0.26662788
0,0.26930353
0,0.27142143
0,0.2661776
0,0.25774
0,0.2586954
0,0.2587279
0,0.2636405
0,0.25895524
0,0.26137647
0,0.25699678
0,0.25631893
0,0.2646704
0,0.2583192
0,0.26603174
0,0.268119
0,0.264608
0,0.26320255
0,0.25282383
0,0.25758085
0,0.25252196
0,0.2561421
0,0.26125857
0,0.26685005
0,0.26159286
0,0.27000064
0,0.2564663
0,0.2680285
0,0.26887798
0,0.2617732
0,0.28559822
0,0.2773243
0,0.2759074
0,0.2685247
0,0.2699639
0,0.27163464
0,0.2767149
0,0.27387837
0,0.27248648
0,0.27114874
0,0.27684033
0,0.2680975
0,0.26895928
0,0.2690491
0,0.26725236
0,0.26776657
0,0.27181777
0,0.2683898
0,0.27145433
0,0.26237634
0,0.26433316
0,0.2586936
0,0.26106825
0,0.2602193
0,0.25882545
0,0.2641887
0,0.2596871
0,0.25941712
0,0.26876792
0,0.25600532
0,0.26717088
0,0.26546085
0,0.26555067
0,0.2627845
0,0.26839474
0,0.27096882
0,0.2716216
0,0.2733872
0,0.26550484
0,0.26990783
0,0.26572126
0,0.26452962
0,0.26256928
0,0.2663134
0,0.26752803
0,0.2671719
0,0.26167393
0,0.26311257
0,0.2604813
0,0.26397306
0,0.26478264
0,0.26989755
0,0.2677139
0,0.2709534
0,0.26846817
0,0.26174778
0,0.263912
0,0.27348703
0,0.27033162
0,0.26205838
0,0.26324654
0,0.27049857
0,0.26079243
0,0.26237127
0,0.25536534
0,0.25833622
0,0.25303602
0,0.25579458
0,0.25067797
0,0.24890397
0,0.24753669
0,0.26127717
0,0.26797444
0,0.2637577
0,0.26476687
0,0.26496863
0,0.26519656
0,0.2698206
0,0.26649624
0,0.26978973
0,0.27127355
0,0.26768926
0,0.27075753
0,0.27080667
0,0.26613614
0,0.2654404
0,0.26300928
0,0.26588663
0,0.2616071
0,0.26485786
0,0.26040626
0,0.26139224
0,0.26907754
0,0.2650148
0,0.26397547
0,0.26251453
0,0.25530067
0,0.259709
0,0.2596325
0,0.25868812
0,0.25814125
0,0.25802663
0,0.25738984
0,0.25710997
0,0.2563075
0,0.25461793
0,0.25919557
0,0.25885978
0,0.26343057
0,0.2693868
0,0.26444542
0,0.27069804
0,0.2718772
0,0.25614
0,0.26708597
0,0.2646517
0,0.26850197
0,0.26966423
0,0.25917917
0,0.26500094
0,0.26028627
0,0.26444423
0,0.26393944
0,0.26587883
0,0.26621774
0,0.27125823
0,0.27351794
0,0.26425985
0,0.26008698
0,0.2585871
0,0.26203635
0,0.26239917
0,0.25757518
0,0.2604884
0,0.26110503
0,0.2594941
0,0.2533819
0,0.25689742
0,0.25771204
0,0.2574896
0,0.2520307
0,0.24949619
0,0.25244382
0,0.25230235
0,0.26261875
0,0.26740763
0,0.27074617
0,0.26546073
0,0.26599905
0,0.27121454
0,0.2705445
0,0.2722377
0,0.26198357
0,0.26655608
0,0.2569774
0,0.26475304
0,0.26711032
0,0.26843113
0,0.26852763
0,0.27129894
0,0.26907945
0,0.26365298
0,0.26163986
0,0.25886497
0,0.26208335
0,0.26675835
0,0.26569635
0,0.2613963
0,0.2657609
0,0.25972953
0,0.26417407
0,0.259717
0,0.26509118
0,0.25545275
0,0.26315114
0,0.25792468
0,0.25851187
0,0.25620252
0,0.2582298
0,0.25937974
0,0.2587461
0,0.25806287
0,0.2565805
0,0.25777376
0,0.25615647
0,0.26128858
0,0.25604698
0,0.251028
0,0.25856724
0,0.266001
0,0.26923412
0,0.26540625
0,0.27000442
0,0.2644783
0,0.2688194
0,0.27063006
0,0.2655148
0,0.26367244
0,0.26154894
0,0.2592658
0,0.26221877
0,0.2644206
0,0.26467776
0,0.2545742
0,0.25303823
0,0.2586504
0,0.2651109
0,0.2588417
0,0.26738662
0,0.26274723
0,0.25812724
0,0.25404125
0,0.25801834
0,0.26803654
0,0.262845
0,0.25194025
0,0.25837725
0,0.25711647
0,0.25382888
0,0.2650012
0,0.2621803
0,0.26942885
0,0.2610581
0,0.25917414
0,0.2678523
0,0.26049566
0,0.26765916
0,0.2700153
0,0.26673102
0,0.26905066
0,0.27102688
0,0.2688405
0,0.27042666
0,0.26984316
0,0.2651977
0,0.2649547
0,0.26693323
0,0.26602176
0,0.2665377
0,0.26405966
0,0.26448137
0,0.2644191
0,0.2596435
0,0.26209036
0,0.26209238
0,0.26146835
0,0.25507638
0,0.25886977
0,0.2701386
0,0.26286152
0,0.25723493
0,0.2598442
0,0.25357056
0,0.25687855
0,0.24625933
0,0.2518395
0,0.25217682
0,0.2525506
0,0.25769883
0,0.25477982
0,0.24478069
0,0.26000828
0,0.2629218
0,0.2635699
0,0.26366705
0,0.2676696
0,0.27102876
0,0.27720454
0,0.26917112
0,0.26697105
0,0.26603615
0,0.26534212
0,0.2619535
0,0.2603629
0,0.2603299
0,0.261089
0,0.25800663
0,0.26241824
0,0.25923714
0,0.2634812
0,0.25527894
0,0.25626284
0,0.25422457
0,0.2554992
0,0.2541654
0,0.25313967
0,0.25834563
0,0.25560462
0,0.25895622
0,0.25910228
0,0.25322875
0,0.25689948
0,0.25864652
0,0.25958976
0,0.25408083
0,0.2562864
0,0.25109515
0,0.24787469
0,0.2584789
0,0.25531384
0,0.2627563
0,0.26216933
0,0.2579162
0,0.25535288
0,0.26446825
0,0.26171213
0,0.2669506
0,0.2682111
0,0.26619944
0,0.2628947
0,0.2656689
0,0.26823637
0,0.2692027
0,0.268267
0,0.26789418
0,0.26288682
0,0.2648389
0,0.2607584
0,0.2636903
0,0.26470637
0,0.26323912
0,0.26467857
0,0.26431775
0,0.25475597
0,0.26692095
0,0.25761172
0,0.25978097
0,0.2595497
0,0.25945896
0,0.262115
0,0.26352784
0,0.25454667
0,0.25518325
0,0.25442865
0,0.25896418
0,0.26611316
0,0.26416844
0,0.27339193
0,0.27290988
0,0.26236427
0,0.2695446
0,0.26533794
0,0.26929334
0,0.27053082
0,0.26249084
0,0.267929
0,0.2717076
0,0.2701019
0,0.2641064
0,0.26286817
0,0.25961623
0,0.26387003
0,0.25932094
0,0.25845572
0,0.26219738
0,0.26483437
0,0.2643314
0,0.26395786
0,0.27039406
0,0.26163045
0,0.2548834
0,0.2590838
0,0.25446162
0,0.26338202
0,0.26065034
0,0.2535394
0,0.25710952
0,0.25700215
0,0.2586861
0,0.26779023
0,0.2564887
0,0.27120355
0,0.27223682
0,0.27353764
0,0.27445337
0,0.26898935
0,0.26730898
0,0.2736752
0,0.27317956
0,0.2781468
0,0.27494976
0,0.27655542
0,0.26653188
0,0.26608202
0,0.26306087
0,0.2652594
0,0.26079813
0,0.26514605
0,0.25389427
0,0.262409
0,0.26322013
0,0.26432505
0,0.2639727
0,0.26312545
0,0.2586729
0,0.262895
0,0.26347947
0,0.26262322
0,0.2672325
0,0.2642076
0,0.2589347
0,0.25907886
0,0.26018316
0,0.25907585
0,0.259183
0,0.2682538
0,0.26285636
0,0.26031342
0,0.2581191
0,0.2600887
0,0.25275484
0,0.25379366
0,0.26037633
0,0.26064536
0,0.2679521
0,0.2711261
0,0.27298632
0,0.26841012
0,0.261457
0,0.2786519
0,0.26337555
0,0.26506484
0,0.2686874
0,0.2601003
0,0.26688623
0,0.27251166
0,0.26016986
0,0.2645254
0,0.25991002
0,0.25643042
0,0.25607213
0,0.26403964
0,0.262487
0,0.25569388
0,0.25368294
0,0.2568633
0,0.2524036
0,0.25042564
0,0.25406358
0,0.25859112
0,0.25598803
0,0.2564093
0,0.25614923
0,0.26002696
0,0.26478785
0,0.25904223
0,0.26205334
0,0.2689995
0,0.2655634
0,0.2628579
0,0.2689594
0,0.2656171
0,0.2753641
0,0.26292482
0,0.2732784
0,0.2663846
0,0.27504396
0,0.26426423
0,0.26409984
0,0.26103458
0,0.26634258
0,0.26798007
0,0.26716408
0,0.2641979
0,0.26665294
0,0.2665836
0,0.26577094
0,0.26590386
0,0.26464725
0,0.25969926
0,0.2604068
0,0.26153025
0,0.26117676
0,0.2611739
0,0.25905347
0,0.25947016
0,0.25282198
0,0.24983828
0,0.2535162
0,0.2569306
0,0.25427684
0,0.25920844
0,0.26109
0,0.2620637
0,0.26296517
0,0.25286573
0,0.26413077
0,0.26796043
0,0.2644728
0,0.2640014
0,0.2625209
0,0.26747665
0,0.2603521
0,0.2661239
0,0.26161006
0,0.26620862
0,0.26601583
0,0.266871
0,0.25934675
0,0.2641138
0,0.265002
0,0.26507157
0,0.2658432
0,0.2655325
0,0.2597196
0,0.25723913
0,0.26107767
0,0.25097057
0,0.263264
0,0.25453082
0,0.2527567
0,0.250348
0,0.24827915
0,0.2582616
0,0.26802948
0,0.2601453
0,0.26845336
0,0.26982147
0,0.26641366
0,0.2699687
0,0.27684712
0,0.26952797
0,0.2663427
0,0.2637531
0,0.26234517
0,0.25902706
0,0.2644145
0,0.2621982
0,0.2707126
0,0.26711842
0,0.26128143
0,0.2634138
0,0.2699034
0,0.26658478
0,0.26662764
0,0.26441318
0,0.26070347
0,0.26191017
0,0.26099256
0,0.25864768
0,0.25873512
0,0.2588862
0,0.25768292
0,0.25706893
0,0.26696107
0,0.2663833
0,0.2713245
0,0.27826864
0,0.2716345
0,0.26744294
0,0.2663588
0,0.2649099
0,0.26895714
0,0.2699988
0,0.27051336
0,0.26524344
0,0.26421377
0,0.2665945
0,0.26130435
0,0.25865135
0,0.26293138
0,0.25759298
0,0.26016325
0,0.2539975
0,0.25888547
0,0.25754246
0,0.2544106
0,0.2552281
0,0.25763866
0,0.25148144
0,0.26072237
0,0.26113036
0,0.2632809
0,0.2588241
0,0.267706
0,0.26518622
0,0.2698052
0,0.26378646
0,0.2696417
0,0.27105755
0,0.2711648
0,0.26781726
0,0.27066442
0,0.27081797
0,0.27024987
0,0.26627848
0,0.26947317
0,0.26960889
0,0.26929092
0,0.26743442
0,0.26506457
0,0.2641924
0,0.26544753
0,0.26006508
0,0.2485994
0,0.26713994
0,0.26269898
0,0.2615005
0,0.26197705
0,0.25702536
0,0.25904694
0,0.25299013
0,0.25596386
0,0.26119435
0,0.2610886
0,0.25395018
0,0.25614724
0,0.24756503
0,0.2578616
0,0.26523635
0,0.2687964
0,0.25658393
0,0.25648
0,0.26424083
0,0.26310384
0,0.26158154
0,0.26247954
0,0.26720673
0,0.26946047
0,0.2663532
0,0.26877365
0,0.26897407
0,0.2690381
0,0.2693592
0,0.26900983
0,0.2695153
0,0.26925674
0,0.2639811
0,0.26107427
0,0.2644576
0,0.25507256
0,0.26104844
0,0.26249218
0,0.25335792
0,0.2534823
0,0.25352645
0,0.2563671
0,0.2584934
0,0.25378656
0,0.25547224
0,0.25679928
0,0.26519778
0,0.25971347
0,0.26847017
0,0.27550498
0,0.2736022
0,0.26026022
0,0.25468147
0,0.25989094
0,0.26498672
0,0.26036042
0,0.26737624
0,0.26464686
0,0.26760244
0,0.26948988
0,0.27473745
0,0.26719815
0,0.26887235
0,0.27266383
0,0.2692567
0,0.26365235
0,0.2662037
0,0.2580258
0,0.2722394
0,0.2631754
0,0.26392257
0,0.25856012
0,0.2606989
0,0.2679319
0,0.26275703
0,0.25525403
0,0.25893465
0,0.25910756
0,0.26283702
0,0.2634254
0,0.2673667
0,0.26124138
0,0.25882468
0,0.25770554
0,0.26675552
0,0.26015893
0,0.24849243
0,0.2607199
0,0.2664905
0,0.26962826
0,0.27149647
0,0.2727871
0,0.27211684
0,0.2731996
0,0.273335
0,0.26822492
0,0.26857686
0,0.26920375
0,0.26551688
0,0.263795
0,0.26082096
0,0.2651581
0,0.26036793
0,0.25993073
0,0.263452
0,0.26368248
0,0.26025894
0,0.26046944
0,0.2629918
0,0.2578491
0,0.25658315
0,0.2590533
0,0.26084143
0,0.2682598
0,0.26421523
0,0.2576152
0,0.26179254
0,0.2572562
0,0.25877652
0,0.25487578
0,0.25726286
0,0.25312418
0,0.26408434
0,0.25432056
0,0.25594953
0,0.24987356
0,0.24859148
0,0.26235932
0,0.26189744
0,0.26642632
0,0.27047765
0,0.27113277
0,0.26847887
0,0.26630008
0,0.2711487
0,0.27197108
0,0.2799083
0,0.27645326
0,0.27267867
0,0.27316654
0,0.27249458
0,0.27211636
0,0.26613978
0,0.2627052
0,0.27424
0,0.2668343
0,0.26862076
0,0.2669048
0,0.26760045
0,0.26766244
0,0.26266757
0,0.26579222
0,0.2606475
0,0.26008606
0,0.25734082
0,0.26793242
0,0.2640024
0,0.26043198
0,0.25677094
0,0.25916892
0,0.25478676
0,0.26461717
0,0.25633067
0,0.2585247
0,0.25280538
0,0.25925538
0,0.26609182
0,0.27047053
0,0.26838034
0,0.2576619
0,0.2668155
0,0.27045506
0,0.2671031
0,0.25535572
0,0.26163533
0,0.26421827
0,0.26304662
0,0.2627394
0,0.2658753
0,0.2670794
0,0.26416773
0,0.2626098
0,0.26640138
0,0.26728404
0,0.2668652
0,0.26641068
0,0.2618666
0,0.25956553
0,0.26345244
0,0.2561656
0,0.25989607
0,0.25577098
0,0.25972596
0,0.26133063
0,0.26626775
0,0.25840184
0,0.25581425
0,0.2536111
0,0.25629336
0,0.25849044
0,0.25262463
0,0.24991004
0,0.2531102
0,0.25401238
0,0.26274487
0,0.2659241
0,0.25977272
0,0.26830816
0,0.2651241
0,0.269171
0,0.26953146
0,0.26561174
0,0.26937163
0,0.2651601
0,0.26644024
0,0.26445606
0,0.26763532
0,0.26339275
0,0.2655544
0,0.26488474
0,0.266323
0,0.2655086
0,0.26673448
0,0.26146865
0,0.27281547
0,0.26541585
0,0.2605489
0,0.26330858
0,0.25881493
0,0.26735088
0,0.26337677
0,0.2582831
0,0.25960195
0,0.2605852
0,0.25865674
0,0.25886893
0,0.25795227
0,0.2573557
0,0.26260516
0,0.25834993
0,0.26947495
0,0.25625712
0,0.2678222
0,0.26598704
0,0.26552773
0,0.2658178
0,0.2683447
0,0.2679712
0,0.2664422
0,0.26516128
0,0.2643703
0,0.2592406
0,0.26103684
0,0.2638706
0,0.2672413
0,0.26243606
0,0.26644823
0,0.27207538
0,0.26569596
0,0.26238242
0,0.2553981
0,0.25796735
0,0.25731784
0,0.2571373
0,0.25633097
0,0.26469713
0,0.25955424
0,0.2553695
0,0.25933594
0,0.26073048
0,0.2610032
0,0.2552
0,0.26303235
0,0.26116568
0,0.26009285
0,0.26782492
0,0.26964745
0,0.27050886
0,0.25975025
0,0.26917663
0,0.26291174
0,0.2598684
0,0.25936115
0,0.25226694
0,0.2656425
0,0.26364014
0,0.26971343
0,0.2670035
0,0.26460135
0,0.26952046
0,0.27199766
0,0.27263442
0,0.26767802
0,0.27087978
0,0.2672948
0,0.2702578
0,0.2714953
0,0.2658562
0,0.2650731
0,0.2662818
0,0.262251
0,0.25033718
0,0.26514238
0,0.25765836
0,0.25778875
0,0.26124954
0,0.2629105
0,0.2624225
0,0.26294264
0,0.26655167
0,0.25911388
0,0.27461004
0,0.27696216
0,0.26752827
0,0.2606027
0,0.26082927
0,0.26456767
0,0.2599326
0,0.25317097
0,0.25906888
0,0.2515204
0,0.26379225
0,0.26879653
0,0.26401797
0,0.27442488
0,0.2693193
0,0.2726016
0,0.27104855
0,0.26658985
0,0.26232448
0,0.2725119
0,0.26698598
0,0.26950663
0,0.26605523
0,0.27439752
0,0.26731095
0,0.27132523
0,0.2710943
0,0.26566568
0,0.26339388
0,0.26475164
0,0.26043767
0,0.2684588
0,0.26597413
0,0.25877085
0,0.25794998
0,0.26183307
0,0.25214884
0,0.25431126
0,0.26066834
0,0.2608929
0,0.26116928
0,0.26046544
0,0.2652999
0,0.26027972
0,0.26075208
0,0.25986698
0,0.25477314
0,0.26257768
0,0.2626631
0,0.2677477
0,0.25661463
0,0.26133737
0,0.25925392
0,0.2665613
0,0.2546142
0,0.26579773
0,0.26971236
0,0.27466407
0,0.26769724
0,0.27103394
0,0.27209312
0,0.2710444
0,0.2713788
0,0.27142483
0,0.26624578
0,0.26911536
0,0.26486295
0,0.27187994
0,0.2697586
0,0.2694377
0,0.2686529
0,0.26293674
0,0.26078722
0,0.26378983
0,0.2672423
0,0.26548082
0,0.26712093
0,0.26675358
0,0.2648443
0,0.26205626
0,0.2641859
0,0.2625381
0,0.2571599
0,0.26799503
0,0.26259422
0,0.26118127
0,0.27350247
0,0.26385486
0,0.2617497
0,0.2592959
0,0.2674503
0,0.26534784
0,0.27133334
0,0.2730364
0,0.26567173
0,0.2649833
0,0.26563716
0,0.26444775
0,0.26972425
0,0.26482806
0,0.26874137
0,0.26244798
0,0.2616538
0,0.26564172
0,0.27615252
0,0.26918128
0,0.2694668
0,0.2538583
0,0.25732017
0,0.26119062
0,0.25645816
0,0.2590784
0,0.2655023
0,0.258096
0,0.26671946
0,0.25743073
0,0.25987756
0,0.25491115
0,0.25803095
0,0.25348654
0,0.2630408
0,0.2611678
0,0.26227012
0,0.24927849
0,0.26898944
0,0.26947916
0,0.2705735
0,0.2680521
0,0.27717063
0,0.27292305
0,0.27389407
0,0.27463293
0,0.2684344
0,0.2707844
0,0.27021837
0,0.26572227
0,0.26781893
0,0.26762798
0,0.26680815
0,0.2674253
0,0.26721308
0,0.27169645
0,0.26887843
0,0.26213852
0,0.2654772
0,0.3398461
0,0.29462266
0,0.2783594
0,0.27517444
0,0.26496145
0,0.26497954
0,0.26874393
0,0.26746714
0,0.2645114
0,0.2629152
0,0.2602452
0,0.2594126
0,0.25822198
0,0.26840076
0,0.2578025
0,0.26906595
0,0.2695937
0,0.2670447
0,0.26770315
0,0.26702014
0,0.2660916
0,0.2703174
0,0.27211878
0,0.2738438
0,0.26098308
0,0.264138
0,0.2689947
0,0.26452616
0,0.26569822
0,0.26731554
0,0.25894606
0,0.26012912
0,0.2585996
0,0.25591856
0,0.25549635
0,0.26251924
0,0.25636938
0,0.25412384
0,0.26283085
0,0.2543479
0,0.2657406
0,0.25420657
0,0.2580646
0,0.25832748
0,0.258052
0,0.25278285
0,0.25059628
0,0.24906054
0,0.2465206
0,0.24615394
0,0.25481236
0,0.26476017
0,0.26178303
0,0.25567955
0,0.26481444
0,0.26334104
0,0.26730278
0,0.26411268
0,0.26924366
0,0.2648741
0,0.26595786
0,0.26297635
0,0.27012873
0,0.2694368
0,0.26968077
0,0.26848885
0,0.2632734
0,0.2618288
0,0.2682692
0,0.26252007
0,0.26511604
0,0.26079473
0,0.2604955
0,0.26009294
0,0.26136294
0,0.25946072
0,0.2586311
0,0.2550878
0,0.25782233
0,0.25720423
0,0.25755924
0,0.25138393
0,0.25449273
0,0.26210758
0,0.26088417
0,0.25774857
0,0.2613881
0,0.2662518
0,0.26381123
0,0.27376994
0,0.26825428
0,0.26586387
0,0.27143377
0,0.2670154
0,0.26680267
0,0.27531025
0,0.27259713
0,0.27619925
0,0.27860484
0,0.2733374
0,0.2666955
0,0.2648013
0,0.2607745
0,0.2651891
0,0.2657545
0,0.26566508
0,0.26455444
0,0.2574016
0,0.26165092
0,0.26291537
0,0.25808096
0,0.25606126
0,0.25283968
0,0.25280967
0,0.25132763
0,0.25580028
0,0.25100663
0,0.2547796
0,0.25118178
0,0.25448784
0,0.26257914
0,0.26115975
0,0.2578752
0,0.265396
0,0.26080418
0,0.2650301
0,0.27029943
0,0.26982775
0,0.2715567
0,0.27334073
0,0.2674325
0,0.26939443
0,0.27037987
0,0.28196317
0,0.2750681
0,0.2767212
0,0.27408263
0,0.27319437
0,0.27122325
0,0.26726216
0,0.2666306
0,0.26307425
0,0.26127964
0,0.26205504
0,0.26378304
0,0.26070836
0,0.25802624
0,0.2658641
0,0.26088983
0,0.2625451
0,0.25342444
0,0.258628
0,0.25432956
0,0.25717074
0,0.25158855
0,0.2626423
0,0.25761294
0,0.26215443
0,0.2579942
0,0.2606
0,0.26279038
0,0.27262792
0,0.2717864
0,0.2733072
0,0.26803023
0,0.26822034
0,0.2681276
0,0.2700583
0,0.2699482
0,0.26592907
0,0.26336452
0,0.26777768
0,0.27175704
0,0.2613313
0,0.2704239
0,0.26306853
0,0.2611809
0,0.25920427
0,0.25773033
0,0.2546416
0,0.25229463
0,0.25273207
0,0.256637
0,0.26200047
0,0.25571778
0,0.25933725
0,0.25414437
0,0.2565782
0,0.25076324
0,0.2545178
0,0.2506597
0,0.2479507
0,0.24677517
0,0.24563104
0,0.2446463
0,0.2436947
0,0.253026
0,0.2615738
0,0.2555919
0,0.25997275
0,0.26477242
0,0.26265764
0,0.26253033
0,0.25751674
0,0.26412115
0,0.2607453
0,0.26378733
0,0.25360903
0,0.26119834
0,0.25713232
0,0.2602967
0,0.2624663
0,0.26219144
0,0.26236996
0,0.26105514
0,0.25663507
0,0.25398618
0,0.2517775
0,0.26297206
0,0.25500867
0,0.26034638
0,0.25978655
0,0.2578683
0,0.2526844
0,0.2543318
0,0.25507072
0,0.26521546
0,0.26366845
0,0.26961446
0,0.262965
0,0.2592768
0,0.26265183
0,0.26243445
0,0.26776356
0,0.26398978
0,0.26343015
0,0.26915702
0,0.27239895
0,0.2671888
0,0.26941553
0,0.27143914
0,0.26631033
0,0.26276827
0,0.2610202
0,0.263778
0,0.26596418
0,0.26696706
0,0.2664304
0,0.2620664
0,0.26483706
0,0.26063827
0,0.2616203
0,0.2585426
0,0.26615366
0,0.25962707
0,0.26963896
0,0.26483375
0,0.26354322
0,0.26726058
0,0.2641978
0,0.26175132
0,0.2614936
0,0.26926473
0,0.2578836
0,0.25894144
0,0.2526118
0,0.26450536
0,0.25804755
0,0.26691765
0,0.2603027
0,0.2688206
0,0.27078456
0,0.27132574
0,0.27248284
0,0.2792369
0,0.27534816
0,0.26592225
0,0.26923907
0,0.26204222
0,0.26675937
0,0.26798868
0,0.26720974
0,0.257597
0,0.26232293
0,0.2717021
0,0.2559927
0,0.26041886
0,0.26475054
0,0.25796768
0,0.26060832
0,0.2545859
0,0.25724095
0,0.2515597
0,0.25407243
0,0.2504413
0,0.24924989
0,0.25315535
0,0.2578775
0,0.25507873
0,0.26556116
0,0.2689524
0,0.27370706
0,0.26947117
0,0.27221867
0,0.27244988
0,0.26824692
0,0.27118385
0,0.2713145
0,0.26704407
0,0.270262
0,0.26340708
0,0.26838034
0,0.26414466
0,0.26784945
0,0.26702368
0,0.26782343
0,0.2651121
0,0.26037502
0,0.273791
0,0.26311335
0,0.26470515
0,0.27143723
0,0.26701087
0,0.26600742
0,0.26455316
0,0.2588571
0,0.25593626
0,0.26650012
0,0.26215488
0,0.2557245
0,0.25277933
0,0.25039694
0,0.24810475
0,0.24277024
0,0.25341654
0,0.25190544
0,0.24761182
0,0.25207224
0,0.26093337
0,0.2620855
0,0.2667609
0,0.26811716
0,0.27028722
0,0.27560404
0,0.27202758
0,0.2704763
0,0.27565548
0,0.27100548
0,0.26589528
0,0.2712486
0,0.2697914
0,0.2697373
0,0.2689433
0,0.26819786
0,0.26657307
0,0.2658635
0,0.26321813
0,0.26207325
0,0.26155856
0,0.257478
0,0.2631927
0,0.25543052
0,0.25793415
0,0.25314537
0,0.2554453
0,0.25614798
0,0.25582802
0,0.26066095
0,0.2571178
0,0.26082787
0,0.26792127
0,0.26057547
0,0.25720835
0,0.26794234
0,0.26443925
0,0.2655517
0,0.27155524
0,0.27261257
0,0.27428806
0,0.26895264
0,0.2719938
0,0.26751208
0,0.26428446
0,0.26931146
0,0.2644022
0,0.26800114
0,0.25927526
0,0.26570454
0,0.2658918
0,0.2627321
0,0.26217744
0,0.2622554
0,0.261286
0,0.2650644
0,0.2653944
0,0.2596145
0,0.2638831
0,0.25967664
0,0.26302868
0,0.26309857
0,0.2587505
0,0.26147452
0,0.2621916
0,0.2664872
0,0.25879696
0,0.255862
0,0.25894672
0,0.25941324
0,0.27009755
0,0.2587048
0,0.25806215
0,0.25835037
0,0.26185963
0,0.25358784
0,0.26592737
0,0.26631996
0,0.26536414
0,0.26939282
0,0.2722132
0,0.2718587
0,0.26711276
0,0.27024913
0,0.2650957
0,0.2689513
0,0.2692032
0,0.26946017
0,0.26383197
0,0.26648283
0,0.26277217
0,0.26333088
0,0.25773525
0,0.26089558
0,0.25857255
0,0.26204008
0,0.25571197
0,0.2601146
0,0.26209185
0,0.26251304
0,0.264914
0,0.2623923
0,0.25671571
0,0.2597683
0,0.25493217
0,0.25719032
0,0.2653221
0,0.26088852
0,0.25883567
0,0.25757235
0,0.25735676
0,0.26360413
0,0.28089502
0,0.2657899
0,0.26194483
0,0.2650066
0,0.27021575
0,0.26188174
0,0.2638767
0,0.26466957
0,0.26389563
0,0.2576174
0,0.26288193
0,0.2620772
0,0.26639545
0,0.26904532
0,0.2642052
0,0.26267478
0,0.26684794
0,0.2565033
0,0.26815814
0,0.27001694
0,0.2635977
0,0.26355755
0,0.26013902
0,0.2640432
0,0.25975472
0,0.26264042
0,0.26332536
0,0.26237
0,0.25871745
0,0.25627384
0,0.25888562
0,0.25997803
0,0.255648
0,0.2554957
0,0.25075287
0,0.25039467
0,0.24901694
0,0.24859574
0,0.24740642
0,0.24715401
0,0.25113928
0,0.25252554
0,0.248063
0,0.25059173
0,0.25809392
0,0.254275
0,0.26325753
0,0.26784483
0,0.26959145
0,0.26669267
0,0.27152675
0,0.2758279
0,0.27002499
0,0.27263945
0,0.28243202
0,0.27013856
0,0.2725049
0,0.27332288
0,0.27168044
0,0.2660747
0,0.2684586
0,0.2683842
0,0.26854214
0,0.26308578
0,0.26471597
0,0.2609455
0,0.261739
0,0.25759014
0,0.26004812
0,0.26511273
0,0.26414496
0,0.25792274
0,0.26057127
0,0.25704837
0,0.2574705
0,0.2538863
0,0.25729463
0,0.25787875
0,0.2580727
0,0.25321996
0,0.2557239
0,0.2512658
0,0.27586553
0,0.26301575
0,0.26582494
0,0.27080664
0,0.27113608
0,0.2738587
0,0.26897463
0,0.2720729
0,0.2774401
0,0.26497325
0,0.2644888
0,0.26568088
0,0.27168348
0,0.2688814
0,0.2576042
0,0.2640994
0,0.25976813
0,0.26195133
0,0.25803658
0,0.2611134
0,0.25941023
0,0.26475424
0,0.2633502
0,0.26762253
0,0.2578546
0,0.26681435
0,0.2592376
0,0.26196635
0,0.2620113
0,0.2566049
0,0.25908545
0,0.25913876
0,0.2539456
0,0.2504177
0,0.25298953
0,0.2602707
0,0.25181937
0,0.26438522
0,0.25264615
0,0.26518914
0,0.26814044
0,0.27011007
0,0.2716121
0,0.2731879
0,0.2665162
0,0.27072522
0,0.26991153
0,0.27170193
0,0.26586542
0,0.2733534
0,0.28765616
0,0.27731693
0,0.27333328
0,0.26614025
0,0.2684872
0,0.2678827
0,0.25871226
0,0.26272914
0,0.2638055
0,0.26403522
0,0.2648788
0,0.26410732
0,0.26435113
0,0.2686156
0,0.25829017
0,0.26148772
0,0.2618256
0,0.2603025
0,0.25324
0,0.25707257
0,0.2518514
0,0.25508264
0,0.2590926
0,0.25499412
0,0.25501588
0,0.2545439
0,0.24966864
0,0.2619235
0,0.26208308
0,0.26301557
0,0.26677355
0,0.26798445
0,0.2662611
0,0.2700214
0,0.26666686
0,0.268231
0,0.27512726
0,0.26761985
0,0.2651955
0,0.26318878
0,0.2560611
0,0.26256567
0,0.26191923
0,0.25828624
0,0.26259503
0,0.30121657
0,0.27392256
0,0.28143337
0,0.26802114
0,0.26368448
0,0.26641107
0,0.27188614
0,0.2671034
0,0.2633949
0,0.25882196
0,0.25448465
0,0.25243157
0,0.25166312
0,0.25597665
0,0.2605568
0,0.2538269
0,0.25617045
0,0.26437423
0,0.25465205
0,0.256466
0,0.2521746
0,0.24947011
0,0.24758571
0,0.25868216
0,0.25986013
0,0.25140175
0,0.26357573
0,0.25893095
0,0.26117972
0,0.2607115
0,0.26597428
0,0.26758805
0,0.26418722
0,0.26863173
0,0.27510244
0,0.27246907
0,0.26572064
0,0.2633527
0,0.2596143
0,0.26494586
0,0.2653939
0,0.26652047
0,0.26681057
0,0.26234427
0,0.26455826
0,0.26508936
0,0.2660501
0,0.26157928
0,0.26319048
0,0.26043907
0,0.26395234
0,0.2660501
0,0.26374057
0,0.26140362
0,0.26223335
0,0.26890814
0,0.25799605
0,0.25913247
0,0.2542344
0,0.25596792
0,0.2600472
0,0.25813237
0,0.258026
0,0.2562813
0,0.25520813
0,0.25166693
0,0.2536018
0,0.2590118
0,0.2656262
0,0.2634739
0,0.26083648
0,0.26271805
0,0.27703986
0,0.27728617
0,0.26806277
0,0.26621902
0,0.25693667
0,0.26389185
0,0.26592988
0,0.26163206
0,0.2646411
0,0.26053905
0,0.25897893
0,0.26131096
0,0.2666555
0,0.2594374
0,0.26212206
0,0.26224795
0,0.25996956
0,0.26171225
0,0.25568393
0,0.25757408
0,0.2578397
0,0.24858917
0,0.24972273
0,0.26194644
0,0.25318217
0,0.25457492
0,0.61154044
0,0.43373075
0,0.3786782
0,0.34466854
0,0.31129128
0,0.29797632
0,0.29184762
0,0.28220034
0,0.28177923
0,0.27944428
0,0.2750342
0,0.27510074
0,0.27342007
0,0.26527926
0,0.26788932
0,0.26746085
0,0.2640242
0,0.26618725
0,0.26556116
0,0.26481977
0,0.2657673
0,0.26418972
0,0.2586894
0,0.25588202
0,0.25806552
0,0.26424772
0,0.26266825
0,0.25633156
0,0.2598582
0,0.26027235
0,0.26380688
0,0.26666155
0,0.2638353
0,0.25703612
0,0.26298645
0,0.25616
0,0.25757667
0,0.25659788
0,0.256763
0,0.25717708
0,0.25610116
0,0.2555594
0,0.26522514
0,0.26414034
0,0.2647541
0,0.27027604
0,0.27224058
0,0.26706764
0,0.26346377
0,0.26857457
0,0.26392943
0,0.26833662
0,0.2639033
0,0.2624194
0,0.2561053
0,0.26275307
0,0.25911555
0,0.2589488
0,0.25771692
0,0.25257018
0,0.25855586
0,0.254339
0,0.25794685
0,0.25464723
0,0.25286508
0,0.26741248
0,0.2566306
0,0.25850803
0,0.25863746
0,0.2578415
0,0.2534393
0,0.2506295
0,0.2567546
0,0.2668325
0,0.25403607
0,0.2651805
0,0.2738214
0,0.26863033
0,0.2675565
0,0.27032474
0,0.27038324
0,0.27304488
0,0.27632147
0,0.27276644
0,0.27402893
0,0.27358723
0,0.27114806
0,0.27137768
0,0.26621273
0,0.2671259
0,0.27307013
0,0.26983353
0,0.26445037
0,0.26542923
0,0.25990248
0,0.26284212
0,0.26402077
0,0.2562209
0,0.25561142
0,0.2584469
0,0.2605683
0,0.26031503
0,0.2599687
0,0.25954273
0,0.2546008
0,0.2614211
0,0.2592038
0,0.26010698
0,0.2532423
0,0.2554697
0,0.26366347
0,0.26309627
0,0.2603114
0,0.25838998
0,0.26763877
0,0.28296432
0,0.2722197
0,0.2685104
0,0.27260107
0,0.26740843
0,0.26887712
0,0.26300853
0,0.26268008
0,0.2671833
0,0.26989537
0,0.26526526
0,0.26276052
0,0.26150492
0,0.2547717
0,0.262228
0,0.2563545
0,0.261447
0,0.25824112
0,0.25536853
0,0.2610862
